SampleTimeFine,Acc_X,Acc_Y,Acc_Z,Gyr_X,Gyr_Y,Gyr_Z
3317332127.0,0.0,0.0,0.0,0.0,0.0,0.0
3317340460.0,-0.4703288078308105,0.1580666452646255,10.072124481201172,2.6579763889312744,0.9080373644828796,0.1357682645320892
3317348793.0,-0.4592103660106659,-0.0471973791718483,9.96110725402832,2.5009610652923584,0.497774213552475,0.0266003794968128
3317357126.0,-0.4382160902023315,-0.0213851165026426,9.820674896240234,2.6535964012146,0.674666166305542,0.0853338241577148
3317365459.0,-0.5322028398513794,0.1823305189609527,9.851567268371582,2.843910455703736,0.9059370756149292,0.112945981323719
3317373792.0,-0.4751506447792053,0.1792671084403991,9.984923362731934,2.6844868659973145,0.7859342694282532,0.113816849887371
3317382125.0,-0.3794950246810913,-0.0392788052558898,9.953432083129885,2.64660382270813,0.5811229348182678,0.062485933303833
3317390458.0,-0.348728209733963,-0.0330643318593502,9.808282852172852,2.7843828201293945,0.3619931936264038,0.1082073450088501
3317398791.0,-0.4515703618526459,0.1155661642551422,9.76733112335205,2.7791574001312256,0.8992774486541748,0.1192983165383338
3317407124.0,-0.5604919195175171,0.1757826954126358,9.940345764160156,2.735408306121826,1.072685718536377,0.0637922435998916
3317415457.0,-0.5251321792602539,-0.0461590103805065,9.996719360351562,2.595734119415283,0.7503306269645691,0.0386646911501884
3317423790.0,-0.4680565297603607,-0.1458959728479385,9.875551223754885,2.623781442642212,0.5373995304107666,0.0446071922779083
3317432123.0,-0.4727925062179565,0.105648785829544,9.862603187561035,2.8594326972961426,0.8383667469024658,0.0733975917100906
3317440456.0,-0.5010014176368713,0.289472758769989,9.895025253295898,2.874493360519409,0.979373037815094,0.0356678217649459
3317448789.0,-0.4471977353096008,0.1257136911153793,9.967692375183104,2.6548001766204834,0.7993049621582031,0.0713228359818458
3317457122.0,-0.390045166015625,-0.1331271827220916,9.863363265991213,2.5292646884918213,0.5459290146827698,0.1588722914457321
3317465455.0,-0.3745820820331573,-0.0726341754198074,9.7825288772583,2.8351755142211914,0.5401657819747925,0.1934771239757537
3317473788.0,-0.4763153195381164,0.2488802969455719,9.868441581726074,2.956458806991577,0.9353421330451964,-0.0163162667304277
3317482121.0,-0.4978001415729522,0.2485009282827377,10.017977714538574,2.724138021469116,1.0433062314987185,0.008593576028943
3317490454.0,-0.4694367051124573,-0.0068115969188511,10.016547203063965,2.50818395614624,0.6213629245758057,0.0564665831625461
3317498787.0,-0.4483873248100281,-0.1029262393712997,9.852585792541504,2.501063823699951,0.4897313416004181,0.0966040790081024
3317507120.0,-0.4871210753917694,0.0984130650758743,9.826042175292969,2.7446038722991943,0.7613703608512878,0.0782899111509323
3317515453.0,-0.4761080741882324,0.2180441170930862,9.936722755432127,2.822854995727539,1.0121848583221436,0.0289825070649385
3317523786.0,-0.3762150704860687,0.084474541246891,10.003141403198242,2.6343343257904053,0.5379629135131836,0.0677880644798278
3317532119.0,-0.2783871591091156,-0.0522186420857906,9.8438081741333,2.560309410095215,0.4151171445846557,-0.0172383803874254
3317540452.0,-0.3864051103591919,0.102395012974739,9.805060386657717,2.8227272033691406,0.7899814248085022,0.0573374703526496
3317548785.0,-0.5299021601676941,0.1519067734479904,9.875551223754885,2.737175703048706,1.076809644699097,0.0439668335020542
3317557118.0,-0.4996964931488037,0.0549312867224216,10.01515769958496,2.6923248767852783,0.949865460395813,0.0393050424754619
3317565451.0,-0.4377452731132507,-0.1310988366603851,9.947029113769531,2.637459516525269,0.5179070234298706,-0.0551986806094646
3317573784.0,-0.4094169735908508,0.015617461875081,9.841717720031738,2.7901716232299805,0.6291752457618713,0.0362057201564312
3317582117.0,-0.4250199496746063,0.2403018474578857,9.858609199523926,2.938375473022461,1.032573938369751,0.1230892166495323
3317590450.0,-0.4358452260494232,0.2207888811826706,9.978629112243652,2.750417947769165,1.0660003423690796,-0.0225917566567659
3317598783.0,-0.3774001896381378,-0.1032853201031684,9.952662467956545,2.637869119644165,0.6072238087654114,0.1212705969810485
3317607116.0,-0.3503827154636383,-0.1482532173395156,9.80062198638916,2.7167611122131348,0.5488746762275696,-0.0196205042302608
3317615449.0,-0.4154165387153625,0.1276588886976242,9.776519775390623,2.948134660720825,0.9224071502685548,0.0731670707464218
3317623782.0,-0.51450115442276,0.2872347831726074,9.973352432250977,2.878028154373169,1.2095425128936768,0.0571581721305847
3317632115.0,-0.4844255745410919,0.0967302247881889,10.049159049987791,2.6086690425872803,0.8532741665840149,0.1538775265216827
3317640448.0,-0.4610939621925354,-0.118287980556488,9.899168014526367,2.551933526992798,0.4752593040466308,0.1235246509313583
3317648781.0,-0.4774459302425384,0.0043426984921097,9.79045581817627,2.7772104740142822,0.7561963200569153,0.1109480559825897
3317657114.0,-0.5211712121963501,0.1957818865776062,9.899109840393066,2.850339412689209,0.9781180024147034,0.0281372349709272
3317665447.0,-0.4113855361938476,0.1278912127017974,10.050905227661133,2.667940378189087,0.6799683570861816,0.0634848847985267
3317673780.0,-0.341835469007492,-0.0307439379394054,9.911406517028809,2.569299936294556,0.357228934764862,0.0090802460908889
3317682113.0,-0.4053846001625061,-0.0055734030902385,9.752354621887209,2.5878446102142334,0.4785891771316528,0.0109500847756862
3317690446.0,-0.5126274228096008,0.1949492245912552,9.814404487609863,2.72710919380188,1.0857235193252563,0.1885591745376587
3317698779.0,-0.5770708918571472,0.0795941427350044,9.999629020690918,2.63046669960022,1.176244020462036,0.0352323800325393
3317707112.0,-0.5188824534416199,-0.1235242113471031,10.064550399780272,2.6195297241210938,0.4163722395896911,0.010232888162136
3317715445.0,-0.4514111280441284,-0.0697071328759193,9.85378360748291,2.6925811767578125,0.1977803260087967,0.0256270430982112
3317723778.0,-0.4654124677181244,0.1975467205047607,9.857747077941896,2.910763025283813,0.6291752457618713,0.1042883470654487
3317732111.0,-0.4667508006095886,0.2632372379302978,9.937962532043455,2.7650182247161865,0.8876741528511047,0.0255501996725797
3317740444.0,-0.416116714477539,0.0142204705625772,10.000694274902344,2.542404890060425,0.6099646091461182,0.1181712821125984
3317748777.0,-0.3499141633510589,-0.1817297786474228,9.805051803588867,2.669605255126953,0.3289764523506164,0.0333881564438343
3317757110.0,-0.4130401909351349,0.0417435020208358,9.737211227416992,2.828925848007202,0.631736695766449,0.0739867240190506
3317765443.0,-0.522066593170166,0.2795434296131134,9.965184211730955,2.9399633407592773,1.0132863521575928,0.0873061120510101
3317773776.0,-0.498835414648056,0.1927701234817505,10.059374809265137,2.577701568603516,0.7298392057418823,0.070247046649456
3317782109.0,-0.4632837176322937,-0.0407710000872612,9.99557113647461,2.5056228637695312,0.3951892256736755,0.0022412457037717
3317790442.0,-0.456467866897583,-0.0648595914244651,9.820289611816406,2.6264452934265137,0.6111171841621399,0.0814404562115669
3317798775.0,-0.4871366620063782,0.1464346796274185,9.854033470153809,2.831820011138916,0.7283791899681091,0.0938633605837822
3317807108.0,-0.4271778166294098,0.1837372779846191,9.977611541748049,2.7793877124786377,0.7641111016273499,0.0934535339474678
3317815441.0,-0.3013974130153656,-0.0104569066315889,9.991579055786133,2.428677558898926,0.4109419584274292,0.0964760109782219
3317823774.0,-0.2936881184577942,-0.0230067949742078,9.846894264221191,2.655107259750366,0.4493120908737182,0.0924801975488662
3317832107.0,-0.4020086228847503,0.1525969803333282,9.77000904083252,2.807640314102173,0.838674008846283,0.1717818677425384
3317840440.0,-0.5420553684234619,0.1491397470235824,9.910903930664062,2.7740602493286133,1.0144646167755127,0.0792376399040222
3317848773.0,-0.4909692704677582,-0.0461236611008644,9.983473777770996,2.63164496421814,0.5390900373458862,0.0331064015626907
3317857106.0,-0.4512498378753662,-0.1104261130094528,9.865922927856444,2.723087787628174,0.4130423665046692,0.0032145865261554
3317865439.0,-0.4374185502529144,0.1015256345272064,9.783775329589844,2.842578411102295,0.6054052710533142,0.0716814398765564
3317873772.0,-0.4833734035491943,0.3229610323905945,9.924020767211914,2.822035789489746,0.9688199758529664,-0.0107323648408055
3317882105.0,-0.4247156381607055,0.1060272678732872,10.017717361450195,2.6258559226989746,0.7276619672775269,0.0592329166829586
3317890438.0,-0.3508647382259369,-0.1234141141176223,9.8453369140625,2.5776758193969727,0.340861439704895,0.0460159704089164
3317898771.0,-0.3868848085403442,-0.0621939115226268,9.759210586547852,2.8101251125335693,0.4382211863994598,-0.0595274865627288
3317907104.0,-0.4790104329586029,0.2451134473085403,9.839486122131348,2.971699476242065,1.0153865814208984,0.0693761557340622
3317915437.0,-0.512546181678772,0.2830433249473572,10.008408546447754,2.707693338394165,0.9943830370903016,0.0890478864312172
3317923770.0,-0.5178942680358887,0.0028280313126742,10.035922050476074,2.481596708297729,0.5389363169670105,0.1083610206842422
3317932103.0,-0.5012131333351135,-0.064938835799694,9.85317325592041,2.5147159099578857,0.7001779675483704,0.1565670073032379
3317940436.0,-0.5356987714767456,0.1107575595378875,9.810805320739746,2.7226524353027344,0.7382919192314148,0.0282396934926509
3317948769.0,-0.5007425546646118,0.2337318509817123,9.953621864318848,2.735689878463745,0.7835522890090942,0.0467587895691394
3317957102.0,-0.3952058255672455,0.0770671591162681,10.020514488220217,2.466894149780273,0.4797674417495727,0.0405857563018798
3317965435.0,-0.3260577023029327,-0.0506456047296524,9.846197128295898,2.496478796005249,0.3532586991786957,0.0925570428371429
3317973768.0,-0.4034987092018127,0.0693368017673492,9.710365295410156,2.6562604904174805,0.775534987449646,0.1998038291931152
3317982101.0,-0.5667214393615723,0.1767248511314392,9.875999450683594,2.695885419845581,1.0386956930160522,0.0895345658063888
3317990434.0,-0.5803276896476746,0.0170873999595642,10.018482208251951,2.568710803985596,0.9458953142166138,0.0318769179284572
3317998767.0,-0.5027294754981995,-0.1395711600780487,9.957071304321287,2.653237819671631,0.2463705241680145,0.0783667564392089
3318007100.0,-0.4540605843067169,-0.0036619859747588,9.863211631774902,2.7537219524383545,0.3510814905166626,0.0457342118024826
3318015433.0,-0.4911312758922577,0.2695489525794983,9.873868942260742,2.8674237728118896,0.8320143222808838,0.0538539290428161
3318023766.0,-0.4714612364768982,0.1880806535482406,9.941794395446776,2.7624824047088623,0.6774324774742126,0.129723310470581
3318032099.0,-0.4114293456077575,-0.1003933101892471,9.960978507995604,2.5598740577697754,0.3226241171360016,0.0555188581347465
3318040432.0,-0.3800341188907623,-0.1526706665754318,9.764519691467283,2.679517984390259,0.2511860132217407,0.1141498461365699
3318048765.0,-0.4635768830776214,0.1405404955148697,9.81003475189209,2.904718399047852,0.7472313046455383,0.0834127590060234
3318057098.0,-0.5077054500579834,0.283960610628128,9.93199634552002,2.790530204772949,0.9342920780181884,0.0572093985974788
3318065431.0,-0.5030457377433777,0.0915651693940162,10.093238830566406,2.59540057182312,0.6061736345291138,0.151034340262413
3318073764.0,-0.4522929191589355,-0.1315553188323974,9.879730224609377,2.5930700302124023,0.4471349120140075,0.1294415444135666
3318082097.0,-0.4594587683677673,0.0033743653912097,9.805655479431152,2.831794500350952,0.6046368479728699,0.137433186173439
3318090430.0,-0.4896133542060852,0.2124527543783188,9.91383171081543,2.862121820449829,0.848638117313385,0.0023949309252202
3318098763.0,-0.3940131366252899,0.1369442641735077,10.024192810058594,2.7389943599700928,0.5554062128067017,0.0083630485460162
3318107096.0,-0.2971027493476867,-0.0563011579215526,9.892210960388184,2.484875440597534,0.0905079022049903,0.0355397537350654
3318115429.0,-0.3050846457481384,-0.0029313182458281,9.649253845214844,2.6154565811157227,0.5594020485877991,0.0422250628471374
3318123762.0,-0.4610984623432159,0.1798701286315918,9.832234382629396,2.8679358959198,0.90004563331604,0.1426840871572494
3318132095.0,-0.5462793111801147,0.1066297888755798,10.011862754821776,2.798367977142334,1.0064218044281006,0.0868706777691841
3318140428.0,-0.4796351790428161,-0.0863284021615982,10.077455520629885,2.621834754943848,0.4170125722885132,0.0374095886945724
3318148761.0,-0.3996458053588867,-0.084771804511547,9.81279754638672,2.708615779876709,0.3349957764148712,0.0329783298075199
3318157094.0,-0.3747624158859253,0.1934150159358978,9.852547645568848,3.0640900135040283,0.7334508895874023,-0.0361416898667812
3318165427.0,-0.4372524917125702,0.286142498254776,9.966742515563965,2.9085352420806885,0.8639297485351562,0.0677624642848968
3318173760.0,-0.3821150362491607,0.0095607191324234,9.968896865844728,2.684666395187378,0.63222336769104,0.0833102986216545
3318182093.0,-0.3518306016921997,-0.182133138179779,9.78445816040039,2.700521469116211,0.3635812401771545,0.0595659017562866
3318190426.0,-0.3966926336288452,0.0260531902313232,9.71456813812256,2.949824810028076,0.6601940989494324,-0.0048667043447494
3318198759.0,-0.5507702231407166,0.2671371102333069,9.971593856811523,3.000080108642578,1.1250156164169312,0.0103865712881088
3318207092.0,-0.5582666993141174,0.2185388803482055,10.111425399780272,2.900850534439087,1.0746581554412842,-0.0565306209027767
3318215425.0,-0.5051349997520447,-0.0399138629436492,9.993045806884766,2.5543923377990723,0.617136538028717,0.0211957786232233
3318223758.0,-0.4591817259788513,-0.0063222046010196,9.760855674743652,2.7945773601531982,0.6763567328453064,0.1067985594272613
3318232091.0,-0.5109437704086304,0.1782934218645095,9.88013744354248,2.824238538742065,0.9648754596710204,0.1012914851307869
3318240424.0,-0.459115594625473,0.2206496149301529,10.03792667388916,2.779055118560791,0.9481237530708312,0.013870108872652
3318248757.0,-0.3545631170272827,0.0787771642208099,9.99677562713623,2.5230917930603027,0.528178334236145,-0.0203120876103639
3318257090.0,-0.3219003081321716,-0.0069724898785352,9.78338623046875,2.5893561840057373,0.4844036400318146,0.0306218191981315
3318265423.0,-0.4511346220970154,0.1888309866189956,9.784379959106444,2.819397211074829,0.8919005393981934,0.1542105078697204
3318273756.0,-0.6160426735877991,0.1622847467660904,9.969597816467283,2.63038969039917,1.0750678777694702,0.1716537922620773
3318282089.0,-0.5942828059196472,-0.0287731457501649,10.03933811187744,2.496427297592163,0.68260657787323,0.159230887889862
3318290422.0,-0.4901585876941681,-0.1319688409566879,9.910871505737305,2.6302618980407715,0.2119706124067306,0.1899423748254776
3318298755.0,-0.4110778272151947,0.0811174213886261,9.791732788085938,2.808844327926636,0.614626407623291,0.1319517344236374
3318307088.0,-0.4417710900306701,0.2906441688537597,9.870027542114258,2.7803101539611816,0.9259930849075316,0.072116881608963
3318315421.0,-0.4291926920413971,0.1215624958276748,10.018486976623535,2.621373176574707,0.8313227295875549,0.0068518077023327
3318323754.0,-0.340078055858612,-0.1725324243307113,9.898029327392578,2.381855010986328,0.4605055451393127,0.1445795446634292
3318332087.0,-0.354552149772644,-0.1481610685586929,9.704522132873535,2.639636516571045,0.5341464281082153,0.0789558738470077
3318340420.0,-0.4608692824840545,0.1682083457708358,9.79164695739746,2.8824594020843506,1.208210587501526,0.0571325533092021
3318348753.0,-0.5361460447311401,0.236792653799057,10.006047248840332,2.7866880893707275,1.070482850074768,0.0248842295259237
3318357086.0,-0.4914819598197937,-0.0101894177496433,10.02489185333252,2.534515857696533,0.7046091556549072,0.0978591814637184
3318365419.0,-0.4421636760234833,-0.1458045691251754,9.788911819458008,2.602649688720703,0.534453809261322,0.0305449757725
3318373752.0,-0.4649343490600586,0.0377723090350627,9.77802276611328,2.857460021972656,0.7501000761985779,0.1606653034687042
3318382085.0,-0.5022562146186829,0.2102352678775787,9.889150619506836,2.844038248062134,0.969127357006073,-0.0210805144160985
3318390418.0,-0.3816975057125091,0.0867526456713676,9.987306594848633,2.732001543045044,0.4721344411373138,0.0937609151005745
3318398751.0,-0.2884076237678528,-0.0735298469662666,9.83275318145752,2.63325834274292,0.3988776803016662,0.0439668335020542
3318407084.0,-0.3542163968086242,0.0600128695368766,9.706521034240724,2.835278034210205,0.8895696401596069,-0.0140366004779934
3318415417.0,-0.5191465616226196,0.1901726871728897,9.836783409118652,2.8926026821136475,1.2920972108840942,0.0278554819524288
3318423750.0,-0.5324073433876038,0.0734919086098671,10.025556564331056,2.743553638458252,1.1915102005004885,-0.0796858891844749
3318432083.0,-0.4781991839408874,-0.1173422411084175,10.033985137939451,2.554495096206665,0.4243638813495636,0.1229611486196518
3318440416.0,-0.4055069386959076,-0.0400354750454425,9.817621231079102,2.7538249492645264,0.603586733341217,-0.0131913321092724
3318448749.0,-0.4342305660247803,0.2210696786642074,9.843273162841797,2.947288751602173,0.96858948469162,0.034899391233921
3318457082.0,-0.4477599263191223,0.2736194729804992,9.964729309082031,2.836430549621582,1.0497353076934814,0.0430191084742546
3318465415.0,-0.4182086884975433,-0.0392977595329284,9.969819068908691,2.5820045471191406,0.5419331192970276,0.047706514596939
3318473748.0,-0.3658593893051147,-0.1876602470874786,9.76679801940918,2.556288242340088,0.3783350884914398,0.0896626338362693
3318482081.0,-0.4183772504329681,0.0331486873328685,9.73454475402832,3.0187015533447266,0.8366761207580566,0.068146675825119
3318490414.0,-0.5540990829467773,0.2726184427738189,9.93455982208252,3.0143730640411377,1.2906373739242554,0.0271382816135883
3318498747.0,-0.5042980909347534,0.1563949435949325,10.094542503356934,2.741478681564331,0.8454874753952026,0.122192695736885
3318507080.0,-0.4502486884593963,-0.088285245001316,9.938783645629885,2.589945077896118,0.4206497967243194,0.0417383946478366
3318515413.0,-0.4531407356262207,-0.0302854590117931,9.798457145690918,2.8417584896087646,0.678252100944519,0.1111273542046547
3318523746.0,-0.4964432120323181,0.1594817191362381,9.884063720703123,2.97438907623291,0.8947180509567261,0.0133322086185216
3318532079.0,-0.4531800448894501,0.2335529178380966,10.056314468383787,2.7603564262390137,0.9415152072906494,-0.0270742457360029
3318540412.0,-0.3834123313426971,0.0334633514285087,10.065109252929688,2.503932237625122,0.3294374942779541,-0.0163162667304277
3318548745.0,-0.3425615727901459,0.0254041850566864,9.80950927734375,2.745013475418091,0.5236958265304565,0.0569276325404644
3318557078.0,-0.5032600164413452,0.1660497337579727,9.83030605316162,2.829976320266724,1.0323946475982666,0.0461440496146678
3318565411.0,-0.581379234790802,0.1955385357141494,10.036551475524902,2.761483192443848,1.1567771434783936,-0.0161369666457176
3318573744.0,-0.522451639175415,-0.0268205814063549,10.1297607421875,2.537231206893921,0.7075036764144897,0.1059020608663559
3318582077.0,-0.4184620082378387,-0.1042340397834777,9.876500129699709,2.6252927780151367,0.2564369142055511,0.058951161801815
3318590410.0,-0.4051482379436493,0.1365800648927688,9.81435489654541,2.8839452266693115,0.6610649824142456,0.1225769072771072
3318598743.0,-0.4749425053596496,0.2530514001846313,9.93066692352295,2.918217420578003,1.019843578338623,0.0809281840920448
3318607076.0,-0.4246063232421875,0.1175916939973831,9.997225761413574,2.55938720703125,0.8652873039245605,0.0034195005428045
3318615409.0,-0.3780394792556762,-0.1382573693990707,9.845205307006836,2.4992191791534424,0.5021030306816101,0.0849496126174926
3318623742.0,-0.3746975362300873,-0.0615661554038524,9.729785919189451,2.7393782138824463,0.7098857164382935,0.0676600039005279
3318632075.0,-0.500886082649231,0.2180011719465255,9.833535194396973,2.868756055831909,1.061748504638672,0.1516490876674652
3318640408.0,-0.5397366285324097,0.2251407951116562,10.034090995788574,2.7497520446777344,0.8791958093643188,0.0055710957385599
3318648741.0,-0.4664730131626129,0.0137125281617045,9.989824295043944,2.515842914581299,0.7048397064208984,0.0683259814977645
3318657074.0,-0.4226632416248321,-0.1029942631721496,9.80394172668457,2.670373678207397,0.4742859303951263,0.1147901862859726
3318665407.0,-0.4734727144241333,0.0878141373395919,9.762551307678224,2.9027204513549805,0.7448235154151917,0.0747551396489143
3318673740.0,-0.4686660170555115,0.2338734269142151,9.935297012329102,2.818039655685425,0.9157984852790833,0.0328246429562568
3318682073.0,-0.3629606366157532,0.1076378747820854,9.97908878326416,2.581953287124634,0.6240524053573608,0.0169950444251298
3318690406.0,-0.3072830140590668,-0.0226362086832523,9.829583168029783,2.537743091583252,0.4056910574436188,0.0948110893368721
3318698739.0,-0.394422709941864,0.0958091616630554,9.696292877197266,2.6186330318450928,0.784986674785614,0.1446564048528671
3318707072.0,-0.5323398113250732,0.2187686711549759,9.90579605102539,2.711177349090576,1.0880544185638428,0.0504472367465496
3318715405.0,-0.5572142004966736,0.1096546798944473,10.053016662597656,2.5823891162872314,0.7411351203918457,0.049473900347948
3318723738.0,-0.462047815322876,-0.1132657080888748,9.97003173828125,2.459747791290283,0.2396595776081085,-0.0216184146702289
3318732071.0,-0.4051600098609924,-0.0214918684214353,9.785475730895996,2.733128547668457,0.4262848794460296,0.0815429240465164
3318740404.0,-0.4669823944568634,0.255740612745285,9.853700637817385,2.8456265926361084,0.9163108468055724,0.1084122583270073
3318748737.0,-0.4583764970302582,0.229918748140335,9.984469413757324,2.6524438858032227,1.0246846675872805,0.1321822702884674
3318757070.0,-0.4074522852897644,-0.0628167539834976,9.94626808166504,2.456392288208008,0.4922928214073181,-0.0237700100988149
3318765403.0,-0.4070228338241577,-0.1995867639780044,9.80617332458496,2.501371145248413,0.5045620203018188,0.1000876352190971
3318773736.0,-0.454949289560318,0.1176316514611244,9.782341003417969,2.968036413192749,0.9552188515663148,0.0738586410880088
3318782069.0,-0.5687901973724365,0.2618674635887146,10.052961349487305,2.762303113937378,0.8846004009246826,0.0504984632134437
3318790402.0,-0.5334950089454651,0.090894766151905,10.162089347839355,2.538357973098755,0.5972086787223816,0.0757540985941886
3318798735.0,-0.4801861643791199,-0.1086218580603599,10.016294479370115,2.3282954692840576,0.0402015410363674,-0.0359111540019512
3318807068.0,-0.4439678788185119,-0.0292683932930231,9.729601860046388,2.690660238265991,0.2720616161823272,0.1046469658613205
3318815401.0,-0.4789781868457794,0.2069710344076156,9.88472843170166,2.9142980575561523,0.5053560733795166,0.0353860668838024
3318823734.0,-0.4549729526042938,0.1757194548845291,10.024413108825684,2.668247699737549,0.4511563181877136,0.0556469298899173
3318832067.0,-0.3994033336639404,-0.0474342890083789,10.09373378753662,2.355600118637085,0.0227070190012455,0.0976542681455612
3318840400.0,-0.350841760635376,-0.0087898410856723,9.726301193237305,2.62869930267334,0.0157655607908964,0.2209612131118774
3318848733.0,-0.4743938148021698,0.1462904065847396,9.81029987335205,2.787431001663208,0.5287163257598877,0.240889087319374
3318857066.0,-0.5182276964187622,0.1968319565057754,9.804285049438477,2.668298959732056,0.9706643223762512,0.0269589833915233
3318865399.0,-0.5363866090774536,-0.0606478787958622,10.160259246826172,2.577317476272583,0.6329917907714844,0.1024953573942184
3318873732.0,-0.437144786119461,-0.054143339395523,9.992511749267578,2.4737329483032227,-0.0783283337950706,0.2008284032344818
3318882065.0,-0.400824636220932,0.1557334065437317,9.918242454528809,2.650343418121338,-0.1578861474990844,0.1835388243198394
3318890398.0,-0.4220300614833832,0.2936011552810669,9.716872215270996,2.7629690170288086,0.4229550361633301,0.1534164547920227
3318898731.0,-0.3395865559577942,0.1068372502923011,9.927268981933594,2.490459442138672,0.8527874946594238,0.1199386566877365
3318907064.0,-0.3840721547603607,-0.1875408589839935,9.895463943481444,2.3745036125183105,0.408867210149765,0.0833359137177467
3318915397.0,-0.3669857978820801,-0.0385416001081466,9.75119686126709,2.7658379077911377,0.4988244771957397,0.0572093985974788
3318923730.0,-0.4835708737373352,0.1881462484598159,10.18061065673828,2.732846975326538,0.7901095151901245,0.1979339867830276
3318932063.0,-0.4665609002113342,0.1966694295406341,9.868885040283203,2.7088463306427,0.6231815218925476,0.1241137683391571
3318940396.0,-0.4369769394397735,-0.0727235898375511,10.101390838623049,2.569658041000366,0.3167071640491485,0.0974237322807312
3318948729.0,-0.4010444581508636,-0.1081535518169403,9.616745948791504,2.6796205043792725,0.4673700928688049,0.069171242415905
3318957062.0,-0.4958396553993225,0.0895443633198738,9.806705474853516,2.9654242992401123,0.9934352040290833,0.168247103691101
3318965395.0,-0.4859418869018554,0.1389900892972946,10.028813362121582,3.0828397274017334,1.1044986248016355,0.1529810279607772
3318973728.0,-0.3802124261856079,-0.0054504182189702,10.187206268310549,2.7558484077453613,0.5334804654121399,0.1444770842790603
3318982061.0,-0.3096878826618194,-0.0476442351937294,9.79284954071045,2.6401233673095703,0.4050507247447967,0.1829752773046493
3318990394.0,-0.3898627758026123,0.080956682562828,9.740466117858888,2.828310966491699,1.2863596677780151,0.2443725913763046
3318998727.0,-0.5208060145378113,0.1621647179126739,9.92005443572998,2.7752127647399902,1.612096071243286,0.1762643754482269
3319007060.0,-0.5437663793563843,-0.0129833864048123,10.245745658874512,2.5838489532470703,1.1273976564407349,0.1622277498245239
3319015393.0,-0.4443941414356231,-0.1329496949911117,9.873112678527832,2.5191473960876465,0.4937528371810913,-0.0420329608023166
3319023726.0,-0.4122326076030731,0.0658431947231292,9.78822135925293,2.782820224761963,0.8447446227073669,0.028572678565979
3319032059.0,-0.4750561118125915,0.277932345867157,9.81661605834961,2.837147951126098,1.262026071548462,0.0565178133547306
3319040392.0,-0.4296900033950805,0.1817021071910858,10.039719581604004,2.625472068786621,0.967180609703064,0.161741092801094
3319048725.0,-0.4020414054393768,-0.0893553420901298,9.941244125366213,2.4085447788238525,0.5015907287597656,0.0820551961660385
3319057058.0,-0.3969995975494385,-0.0898495241999626,9.649434089660645,2.747370481491089,0.770770788192749,0.0819527506828308
3319065391.0,-0.4907285571098327,0.1620832234621048,9.74883270263672,3.003179788589477,1.2272934913635254,0.0691456273198127
3319073724.0,-0.526131808757782,0.2291761189699173,10.032045364379885,2.8235979080200195,1.1445337533950806,0.0356934368610382
3319082057.0,-0.5221361517906189,0.0503567196428775,10.074914932250977,2.6267783641815186,0.4693168699741363,0.0552883259952068
3319090390.0,-0.4493923485279083,-0.0910753831267356,9.76669216156006,2.6649692058563232,0.2443470060825348,0.0053917965851724
3319098723.0,-0.517230212688446,0.0069238292053341,9.657365798950195,3.049438238143921,0.8856249451637268,-0.0811715126037597
3319107056.0,-0.5413179397583008,0.1585284322500229,9.809805870056152,3.0746428966522217,1.0843145847320557,-0.0266900323331356
3319115389.0,-0.427995353937149,0.103707306087017,10.073811531066896,2.7794394493103027,0.4793832302093506,0.0771116539835929
3319123722.0,-0.3125448822975158,-0.0054438640363514,9.81739616394043,2.708026647567749,0.2524410784244537,-0.000665970146656
3319132055.0,-0.3635903298854828,0.0810530856251716,9.676541328430176,2.945880651473999,0.8343196511268616,0.0654315650463104
3319140388.0,-0.5066182017326355,0.1834297925233841,9.781411170959473,3.082634687423706,1.2948637008666992,0.098960593342781
3319148721.0,-0.5344738960266113,0.081837460398674,10.11717700958252,2.897161960601806,1.1069319248199463,0.1654551476240158
3319157054.0,-0.4270408451557159,-0.068417876958847,9.96412754058838,2.730823516845703,0.6523306369781494,0.0646375194191932
3319165387.0,-0.4328446388244629,-0.0171250533312559,9.910517692565918,2.8262107372283936,0.581788957118988,0.0779569298028945
3319173720.0,-0.4505790472030639,0.2542707622051239,9.844123840332031,2.992396116256714,0.9388002157211304,0.1473971307277679
3319182053.0,-0.423566609621048,0.2750037312507629,9.982250213623049,2.872342109680176,1.0057557821273804,0.1316187530755996
3319190386.0,-0.3713414967060089,0.0309713315218687,9.970494270324709,2.490971565246582,0.9522731900215148,0.1453992128372192
3319198719.0,-0.4043339490890503,-0.1128844320774078,9.904412269592283,2.633028268814087,0.7974608540534973,0.1590515971183776
3319207052.0,-0.4641697406768799,0.1276023536920547,9.802057266235352,2.8081271648406982,1.0553191900253296,0.1675811409950256
3319215385.0,-0.5494124293327332,0.3049758672714233,10.042842864990234,2.8990318775177,1.1880779266357422,0.1616386324167251
3319223718.0,-0.4698628783226013,0.1938324570655822,10.16198444366455,2.576728105545044,1.0354169607162476,0.0890222713351249
3319232051.0,-0.4709029197692871,-0.002201612573117,10.091694831848145,2.410107374191284,0.4968777596950531,0.0968858450651168
3319240384.0,-0.495044082403183,0.0724094584584236,9.944540977478027,2.551702976226806,0.3545906543731689,0.0335162244737148
3319248717.0,-0.5399743914604187,0.2416982352733612,9.932779312133787,2.699983835220337,0.5447763800621033,-0.0040726638399064
3319257050.0,-0.412666916847229,0.2541925311088562,10.122259140014648,2.483825206756592,0.3791034817695617,0.046118427067995
3319265383.0,-0.3211064636707306,0.0957276076078414,10.04668140411377,2.301041841506958,0.2063354700803756,0.076932355761528
3319273716.0,-0.3560962975025177,0.0980842038989067,9.845239639282228,2.3485050201416016,0.4242101311683655,0.0832078382372856
3319282049.0,-0.501684844493866,0.2626121640205383,9.82965087890625,2.5332353115081787,1.015130639076233,-0.0388824082911014
3319290382.0,-0.6153402924537659,0.2074837982654571,10.002264022827148,2.311748743057251,1.0671530961990356,-0.0276633761823177
3319298715.0,-0.5453391671180725,-0.0312955752015113,10.02821445465088,1.95875895023346,0.6711057424545288,0.0587462447583675
3319307048.0,-0.4584114551544189,-0.0679418221116066,9.894291877746582,2.136880159378052,0.3473418354988098,-0.0068133864551782
3319315381.0,-0.4788969457149505,0.1745144426822662,9.765355110168455,2.454573631286621,0.782604455947876,-0.0002049138711299
3319323714.0,-0.4904564023017883,0.3075597882270813,9.916691780090332,2.4284985065460205,1.0659234523773191,0.0243463329970836
3319332047.0,-0.459322988986969,0.104636862874031,10.043073654174805,2.052763223648072,0.5002844333648682,0.0240133441984653
3319340380.0,-0.3808549642562866,-0.1497367322444915,9.881288528442385,1.8914958238601685,0.0973469018936157,-0.0416743606328964
3319348713.0,-0.4115831255912781,-0.0358463674783706,9.64597511291504,2.268127918243408,0.3950867652893066,0.0050331973470747
3319357046.0,-0.5460177659988403,0.1771367490291595,9.881710052490234,2.348531007766724,0.7357560992240906,-0.0005635131383314
3319365379.0,-0.5291451215744019,0.1847737729549408,10.056008338928224,1.9995880126953125,0.4367867410182953,0.0516510978341102
3319373712.0,-0.4572883546352386,-0.0151998018845915,10.14179515838623,1.5339211225509644,-0.1499969661235809,-0.0825802832841873
3319382045.0,-0.440822571516037,-0.0277458783239126,9.619150161743164,1.5950111150741575,-0.2733038663864136,0.0594378262758255
3319390378.0,-0.5080423355102539,0.0645946785807609,9.750692367553713,1.9711817502975464,0.3033878207206726,-0.0257935337722301
3319398711.0,-0.3913988769054413,0.1237348541617393,9.771966934204102,1.8278188705444336,0.3106109797954559,0.0792376324534416
3319407044.0,-0.3145704567432403,-0.0348194204270839,9.811067581176758,1.7700332403182983,0.0353348366916179,0.0952721387147903
3319415377.0,-0.257122665643692,-0.0444504655897617,9.612337112426758,2.213338851928711,0.2242910414934158,0.150675743818283
3319423710.0,-0.3401923477649688,0.0383368469774723,9.633131980895996,2.450091361999512,0.8339354991912842,0.1462444812059402
3319432043.0,-0.4861310720443725,0.0742146596312522,9.90511703491211,2.486668348312378,1.1604658365249634,0.0795706212520599
3319440376.0,-0.4592067301273346,-0.1028481274843216,9.946295738220217,2.3159751892089844,0.6411883234977722,0.1467055231332779
3319448709.0,-0.3917886018753052,-0.1865363419055938,9.8890962600708,2.3038594722747803,0.2829732596874237,0.0381524004042148
3319457042.0,-0.3360052704811096,0.0108936633914709,9.669408798217772,2.632438898086548,0.5361700057983398,0.1219109520316124
3319465375.0,-0.4038281738758087,0.2003069967031479,9.90361499786377,2.679851055145264,0.9581133127212524,0.0557237714529037
3319473708.0,-0.3825847506523132,0.0627129971981048,10.055822372436523,2.385671615600586,0.8466145396232605,0.0286239050328731
3319482041.0,-0.3266638219356537,-0.148778423666954,9.950861930847168,2.3046278953552246,0.2261096537113189,0.03666677698493
3319490374.0,-0.3147177398204803,-0.184043675661087,9.750584602355955,2.529725790023804,0.3854045867919922,0.0735000446438789
3319498707.0,-0.4101596176624298,0.0794572308659553,9.914143562316896,2.687150955200196,1.0878238677978516,0.1685800850391388
3319507040.0,-0.491647332906723,0.1434726119041443,10.10124683380127,2.534541368484497,1.028244972229004,0.013229751959443
3319515373.0,-0.4448202848434448,-0.0076832179911434,10.228487014770508,2.388002395629883,0.5075076818466187,0.0111293857917189
3319523706.0,-0.4224568009376526,-0.1111858189105987,9.97673797607422,2.4025254249572754,0.5470560193061829,-0.0722833573818206
3319532039.0,-0.478402316570282,0.0076673631556332,9.887629508972168,2.558208703994751,0.9253782629966736,0.0384085439145565
3319540372.0,-0.5510404109954834,0.0906439051032066,10.054685592651367,2.544172525405884,1.0711745023727417,0.0259856414049863
3319548705.0,-0.4941464960575104,-0.0040418766438961,10.1641206741333,2.3419740200042725,0.5793299674987793,-0.0558134205639362
3319557038.0,-0.3696017265319824,-0.0527339912950992,9.989882469177246,2.384186029434204,0.3659633994102478,0.0004226349119562
3319565371.0,-0.4039361476898193,0.0896060392260551,9.792733192443848,2.4993984699249268,0.6978726387023926,0.0334393866360187
3319573704.0,-0.5347651243209839,0.1956928223371505,9.99795913696289,2.436976671218872,1.354570388793945,0.084949605166912
3319582037.0,-0.598886251449585,0.0609577298164367,10.196209907531738,2.278501510620117,0.8642627000808716,0.0044440696947276
3319590370.0,-0.5098331570625305,-0.0808604210615158,10.153026580810549,2.076225996017456,0.2951144278049469,-0.033170435577631
3319598703.0,-0.4493736028671264,0.0571853704750537,9.910475730895996,2.340334177017212,0.5103508234024048,-0.0992551669478416
3319607036.0,-0.4720405340194702,0.3375918567180633,9.991044044494627,2.444942712783813,1.0993244647979736,0.0489616058766841
3319615369.0,-0.4838884770870209,0.3746621608734131,10.22115993499756,2.0954623222351074,0.8706663250923157,0.0431215688586235
3319623702.0,-0.4303791224956512,0.1216575503349304,10.1841402053833,1.7858628034591677,0.2927322685718536,0.0626396089792251
3319632035.0,-0.3998894989490509,0.0155489593744277,9.89987564086914,1.858120560646057,0.2704222798347473,0.0919679030776023
3319640368.0,-0.4476495087146759,0.1907106041908264,9.836790084838867,2.0491771697998047,0.9002506136894226,0.1577964872121811
3319648701.0,-0.5589532256126404,0.2999162971973419,10.157325744628906,2.0960259437561035,1.1609524488449097,0.0969882979989051
3319657034.0,-0.5246168375015259,0.2096223831176757,10.183151245117188,1.7253363132476809,0.5104020833969116,0.0351299196481704
3319665367.0,-0.4523457884788513,0.0244555696845054,9.976205825805664,1.6309735774993896,0.2918613851070404,-0.0016649252502247
3319673700.0,-0.4389371275901794,0.0653622895479202,9.780638694763184,1.865343689918518,0.4983377158641815,0.1354096531867981
3319682033.0,-0.5202304124832153,0.1435978859663009,9.900238037109377,2.0318877696990967,0.8780943751335144,0.1922220289707183
3319690366.0,-0.473778635263443,0.0279474649578332,10.098153114318848,1.8617833852767944,0.4921134710311889,0.1235758662223815
3319698699.0,-0.3383912742137909,-0.0057601360604166,9.92940616607666,1.950306057929993,0.0109500847756862,0.1984718888998031
3319707032.0,-0.3569367825984955,0.0865326523780822,9.648374557495115,2.1162350177764893,0.4464688897132873,0.139968991279602
3319715365.0,-0.4782349765300751,0.162758395075798,9.746034622192385,2.290950059890747,1.154369592666626,0.1467823833227157
3319723698.0,-0.5651537775993347,0.0140372030436992,9.988605499267578,2.1124184131622314,0.832834005355835,0.1400714367628097
3319732031.0,-0.529147744178772,-0.1124830171465873,9.943681716918944,2.1320903301239014,0.3126345574855804,0.2173239588737487
3319740364.0,-0.4851920306682586,0.0323934815824031,9.694129943847656,2.268383741378784,0.1792868375778198,0.1825910657644271
3319748697.0,-0.4797097146511078,0.2533572018146515,9.737651824951172,2.542020797729492,0.6194674372673035,0.2313093692064285
3319757030.0,-0.470100075006485,0.2135914266109466,9.950813293457031,2.33774733543396,0.7167760133743286,0.0762151703238487
3319765363.0,-0.4121291041374206,-0.0207862202078104,9.959609985351562,2.049459218978882,0.3073579967021942,0.1946553736925125
3319773696.0,-0.3444972336292267,-0.108963131904602,9.69342803955078,2.0382912158966064,0.2061049491167068,0.2287991493940353
3319782029.0,-0.386039674282074,0.0455398634076118,9.561445236206056,2.25332260131836,0.6355531811714172,0.1726527512073516
3319790362.0,-0.4679855406284332,0.1706937700510025,9.928848266601562,2.27189302444458,0.9818577170372008,0.1666077971458435
3319798695.0,-0.4720118045806885,0.0759555399417877,9.9906005859375,1.926997184753418,0.4760277569293976,0.1789026111364364
3319807028.0,-0.4672224521636963,-0.0498696453869342,9.836563110351562,1.8883198499679563,0.2771587967872619,0.1111273542046547
3319815361.0,-0.4630931913852691,-0.0097982659935951,9.590169906616213,2.0681827068328857,0.4809456467628479,0.0817734375596046
3319823694.0,-0.5109401345252991,-0.0164814125746488,9.77366065979004,2.079991102218628,0.7162123918533325,0.0923777371644973
3319832027.0,-0.4021745026111603,-0.0758133679628372,9.898773193359377,1.9475656747817995,0.4419352412223816,0.0844629406929016
3319840360.0,-0.3036050796508789,-0.1191970333456993,9.82752799987793,1.9964118003845213,0.0664561241865158,-0.0040982770733535
3319848693.0,-0.2679500579833984,-0.0747021585702896,9.62926959991455,1.931915163993836,0.3316659331321716,0.0750881284475326
3319857026.0,-0.3781539499759674,0.0225295927375555,9.62846565246582,2.1693077087402344,0.8140331506729126,-0.0329655222594738
3319865359.0,-0.4579014182090759,-0.1810939610004425,9.883563041687012,1.912832498550415,0.9334211349487304,0.0769323483109474
3319873692.0,-0.4043510556221008,-0.3409007489681244,9.913270950317385,2.008143186569214,0.3715985119342804,-0.0853978618979454
3319882025.0,-0.3790991604328155,-0.3155552744865417,9.700353622436523,2.2622876167297363,0.317219465970993,0.0001152640543296
3319890358.0,-0.372528612613678,-0.1072079688310623,9.663426399230955,2.516329526901245,0.7343473434448242,0.0683003589510917
3319898691.0,-0.3736898303031921,-0.0490898191928863,9.86589241027832,2.428011894226074,0.7212072014808655,0.0554932430386543
3319907024.0,-0.3015119135379791,-0.2622135281562805,9.94418239593506,2.28375244140625,0.4442404806613922,-0.0082477834075689
3319915357.0,-0.2635575830936432,-0.4180586338043213,9.71962547302246,2.4867451190948486,0.3476235866546631,-0.0381652116775512
3319923690.0,-0.2858690917491913,-0.3038257658481598,9.56888198852539,2.8078198432922363,0.8293761610984802,-0.062678039073944
3319932023.0,-0.4292420148849487,-0.0764080137014389,9.82880687713623,2.932048797607422,1.1690465211868286,-0.0825034603476524
3319940356.0,-0.4257753789424896,-0.0943518579006195,10.019908905029297,2.750494956970215,0.7234101295471191,-0.0118337776511907
3319948689.0,-0.3518899381160736,-0.2305786311626434,9.913293838500977,2.747831344604492,0.4173967838287353,0.0928131714463234
3319957022.0,-0.3823097646236419,-0.1871211975812912,9.654229164123535,3.027589797973633,0.7830656170845032,0.0346688702702522
3319965355.0,-0.447024405002594,-0.0874209851026535,9.77222728729248,3.162320375442505,1.0640281438827517,0.0115392124280333
3319973688.0,-0.4199987351894378,-0.0258181281387805,9.99805736541748,2.960813283920288,0.8035825490951538,0.1084122434258461
3319982021.0,-0.3092601299285888,-0.1327537298202514,9.914769172668455,2.850032091140747,0.3477004766464233,0.0139213381335139
3319990354.0,-0.2437550574541092,-0.1117074936628341,9.791966438293455,3.004178524017334,0.548823356628418,0.1746250391006469
3319998687.0,-0.3547615110874176,0.1279718577861786,9.774121284484863,3.107019424438477,1.1582884788513184,0.2046449184417724
3320007020.0,-0.5281447768211365,0.0861517116427421,10.02482795715332,2.892884492874145,1.2520110607147217,0.1891995519399643
3320015353.0,-0.5542816519737244,-0.1082548350095748,10.00985050201416,2.713098287582397,0.6375255584716797,0.098269023001194
3320023686.0,-0.459040492773056,-0.2029329985380172,9.882284164428713,2.921316385269165,0.4285902082920074,0.1907108128070831
3320032019.0,-0.4374547004699707,0.0454430244863033,9.83213233947754,3.13045620918274,0.7911084294319153,0.1764948815107345
3320040352.0,-0.5089523792266846,0.2821936309337616,9.925366401672363,3.0502328872680664,1.1173571348190308,0.1282120645046234
3320048685.0,-0.4711195230484009,0.1674137115478515,10.06803035736084,2.807973146438598,0.7097320556640625,0.0936328396201133
3320057018.0,-0.3536545634269714,-0.0682991072535514,9.85915470123291,2.707616806030273,0.3359691202640533,0.0952465385198593
3320065351.0,-0.3535318374633789,-0.0561124049127101,9.68874454498291,3.004409074783325,0.603663444519043,0.1062350496649742
3320073684.0,-0.5044011473655701,0.2011129856109619,9.813081741333008,3.094853162765503,1.1644104719161987,0.0647912099957466
3320082017.0,-0.6057612895965576,0.2243169248104095,10.12276554107666,3.0056893825531006,0.9439743161201476,0.0451963208615779
3320090350.0,-0.5191369652748108,0.0528081879019737,10.113980293273926,2.684691905975342,0.324570745229721,0.0262161698192358
3320098683.0,-0.4691358208656311,-0.020555205643177,9.805816650390623,2.784228801727295,0.5034093260765076,-0.0281500443816185
3320107016.0,-0.5167294144630432,0.1427583843469619,9.78018569946289,3.0435986518859863,0.9889016151428224,0.0491921417415142
3320115349.0,-0.5307576060295105,0.1947495341300964,10.007087707519531,2.955383539199829,0.9016338586807252,-0.0153941558673977
3320123682.0,-0.4392165243625641,0.0399339757859706,10.071839332580566,2.696781873703003,0.3389659821987152,-0.1087836474180221
3320132015.0,-0.273338109254837,0.0088156349956989,9.841177940368652,2.7878406047821045,0.1788257956504821,0.043403323739767
3320140348.0,-0.3340549767017364,0.1570729911327362,9.6857271194458,2.92613172531128,0.8827561736106873,0.1386114358901977
3320148681.0,-0.57004314661026,0.2573132812976837,9.98825740814209,2.844780921936035,1.3404568433761597,0.1095905005931854
3320157014.0,-0.609500527381897,0.0519827269017696,10.124812126159668,2.478907585144043,0.8536072969436646,0.0767274424433708
3320165347.0,-0.4810986518859863,-0.0869874879717826,10.024456024169922,2.4850292205810547,0.1052873060107231,0.0099255163222551
3320173680.0,-0.3959673047065735,0.0683408677577972,9.755522727966309,2.6963210105896,0.3731866180896759,0.1232172846794128
3320182013.0,-0.4507268965244293,0.2915149331092834,9.889315605163574,2.8970086574554443,1.034571886062622,0.053111121058464
3320190346.0,-0.4481375813484192,0.2019394040107727,10.091947555541992,2.600626230239868,0.7777890563011169,0.1357682645320892
3320198679.0,-0.3612672090530395,-0.0252930931746959,9.956833839416504,2.3260416984558105,0.218271717429161,-0.037960298359394
3320207012.0,-0.3030398786067962,-0.125369057059288,9.71611499786377,2.455905675888061,0.2775174379348755,0.0710154697299003
3320215345.0,-0.3765967488288879,0.1161874234676361,9.712669372558594,2.738917350769043,1.093791961669922,0.0144592374563217
3320223678.0,-0.5013468265533447,0.1902257055044174,10.06434154510498,2.6175568103790283,1.1919199228286743,0.170680433511734
3320232011.0,-0.4966449737548828,0.000997606664896,10.117923736572266,2.396634101867676,0.4762070477008819,-0.0370125696063041
3320240344.0,-0.3990556895732879,-0.127800166606903,9.82912254333496,2.4034221172332764,0.2263402044773101,-0.0507930293679237
3320248677.0,-0.4014009237289428,-0.0605066008865833,9.657081604003906,2.6977298259735107,0.7624717950820923,-0.0090162111446261
3320257010.0,-0.4878483712673187,0.0852905958890914,9.91713809967041,2.765043973922729,1.0980437994003296,0.1568743884563446
3320265343.0,-0.4451189339160919,-0.0080613531172275,10.07512664794922,2.5248336791992188,0.439834862947464,0.0301607623696327
3320273676.0,-0.2773310542106628,-0.1365425437688827,9.845932960510254,2.454906940460205,0.0433777086436748,0.0668403506278991
3320282009.0,-0.2605089247226715,-0.0268322471529245,9.66446018218994,2.6773922443389893,0.5731825232505798,-0.0109628932550549
3320290342.0,-0.420036107301712,0.0820039361715316,9.79257869720459,2.8405544757843018,1.2329283952713013,0.1193495392799377
3320298675.0,-0.5605611205101013,-0.0305911898612976,10.070853233337402,2.645476818084717,1.1773710250854492,0.0653803348541259
3320307008.0,-0.4935055375099182,-0.2126940637826919,9.977704048156738,2.5257046222686768,0.2963182926177978,0.0787253528833389
3320315341.0,-0.4094933867454529,-0.1766858547925949,9.759122848510742,2.659871816635132,0.3077678382396698,0.0294179525226354
3320323674.0,-0.3903796374797821,0.0747289881110191,9.774883270263672,2.757641315460205,0.9767603874206544,-0.0590664222836494
3320332007.0,-0.4464681446552276,0.1900508403778076,10.02279567718506,2.72887659072876,0.9682821035385132,0.0262930132448673
3320340340.0,-0.425668329000473,-0.0983908399939537,9.99233055114746,2.49647855758667,0.5022566914558411,0.0509851276874542
3320348673.0,-0.3180222511291504,-0.2712706923484802,9.71772575378418,2.592890739440918,0.2293370515108108,0.0517535619437694
3320357006.0,-0.4017542898654938,-0.1077608689665794,9.662715911865234,2.9097900390625,1.067639708518982,0.0800316855311393
3320365339.0,-0.5186839699745178,0.0938516333699226,9.951912879943848,2.802364110946656,1.3886373043060305,0.1483704596757888
3320373672.0,-0.5592976212501526,0.0337394587695598,10.149713516235352,2.6930935382843018,0.7909292578697205,0.0497812665998935
3320382005.0,-0.4502053558826446,-0.1338609308004379,9.974170684814451,2.690890550613404,0.3989032804965973,-0.0380627512931823
3320390338.0,-0.4079413414001465,-0.1134939938783645,9.72925090789795,2.7454493045806885,0.5949802994728088,0.0616662763059139
3320398671.0,-0.4527277946472168,0.0652597695589065,9.836798667907717,3.012759208679199,1.1227104663848877,0.0195564683526754
3320407004.0,-0.4765205383300781,0.0715797990560531,10.049455642700195,2.768476247787476,0.875200092792511,0.0442998185753822
3320415337.0,-0.3496074378490448,-0.0963805168867111,9.99524211883545,2.6625356674194336,0.2846125662326813,-0.026613188907504
3320423670.0,-0.3026523888111114,-0.0705797299742698,9.752840995788574,2.798111915588379,0.4027966856956482,0.0959381163120269
3320432003.0,-0.4124711155891418,0.1291026175022125,9.787619590759276,2.954461097717285,0.9803975820541382,0.0616662763059139
3320440336.0,-0.5969379544258118,0.1462143659591674,10.030211448669434,2.8682689666748047,1.3040592670440674,0.1058508232235908
3320448669.0,-0.59473717212677,-0.0971507877111435,10.114933967590332,2.715506076812744,0.4853000938892364,0.0156118748709559
3320457002.0,-0.474982887506485,-0.1260505318641662,9.876710891723633,2.7792856693267822,-0.0718735456466674,0.0351043120026588
3320465335.0,-0.3711192011833191,0.1097271665930748,9.753253936767578,2.950721502304077,0.5668814778327942,0.0176866296678781
3320473668.0,-0.3997887670993805,0.2950584590435028,9.944255828857422,2.982508659362793,1.085211157798767,0.103776067495346
3320482001.0,-0.4034403860569,0.142925351858139,10.08148956298828,2.624396324157715,0.6725401878356934,0.0772141143679618
3320490334.0,-0.3296263515949249,-0.1187234297394752,9.86220359802246,2.6783909797668457,0.1943480223417282,0.0426605083048343
3320498667.0,-0.3464834690093994,-0.0341193526983261,9.725847244262695,2.9086625576019287,0.5929054021835327,0.085538737475872
3320507000.0,-0.4780215322971344,0.2178234159946441,9.866499900817873,2.7808992862701416,1.0731724500656128,0.1774426251649856
3320515333.0,-0.5425186157226562,0.2296383380889892,10.13393783569336,2.7572317123413086,0.8735094666481018,0.0344127267599105
3320523666.0,-0.499654471874237,0.0059994175098836,10.043720245361328,2.5371792316436768,0.4253883957862854,0.0536490119993686
3320531999.0,-0.4024974703788757,-0.0509589202702045,9.814433097839355,2.685793161392212,0.4900899827480316,0.0509082935750484
3320540332.0,-0.4276472926139831,0.1088161468505859,9.750329971313477,2.770704746246338,0.860318124294281,0.0554676242172718
3320548665.0,-0.4470566213130951,0.1762721538543701,9.97174835205078,2.735485076904297,0.969281017780304,0.1001388505101203
3320556998.0,-0.3713416755199432,0.0204523056745529,10.036623001098633,2.536718368530273,0.3566910624504089,0.0090034045279026
3320565331.0,-0.2669044435024261,-0.0209269244223833,9.808801651000977,2.6297495365142822,0.1166088059544563,0.0532648079097271
3320573664.0,-0.3107613325119018,0.0963763520121574,9.67702579498291,2.660153865814209,0.7570159435272217,0.0238852761685848
3320581997.0,-0.4989234209060669,0.1523658335208892,9.913592338562012,2.643786191940308,1.2782655954360962,0.1352815777063369
3320590330.0,-0.5801516175270081,-0.0243445895612239,10.116132736206056,2.4633593559265137,0.801302969455719,0.1984975337982177
3320598663.0,-0.4784807860851288,-0.1802293509244918,9.962538719177246,2.5565953254699707,0.1927343308925628,0.0369997657835483
3320606996.0,-0.3807596862316131,-0.0012731151655316,9.754083633422852,2.8350989818573,0.2903501689434051,0.1325664818286895
3320615329.0,-0.4210288822650909,0.2275373935699463,9.793370246887209,2.8236751556396484,0.9688457250595092,0.0657645538449287
3320623662.0,-0.4459137618541717,0.1614857763051986,10.047197341918944,2.613970994949341,0.8683609366416931,0.0644325986504554
3320631995.0,-0.368541806936264,-0.1433286070823669,9.934521675109863,2.48638653755188,0.2831781506538391,0.0903798267245292
3320640328.0,-0.320695549249649,-0.2171097546815872,9.737099647521973,2.604391574859619,0.2656580507755279,0.0450426340103149
3320648661.0,-0.3889558613300323,0.0528869815170764,9.695578575134276,2.8143768310546875,1.0588029623031616,0.1253176629543304
3320656994.0,-0.51956707239151,0.1571195125579834,10.071026802062988,2.755105495452881,1.2566215991973877,0.0903029888868331
3320665327.0,-0.4919139146804809,0.0017734274733811,10.13446044921875,2.591174364089966,0.6212092638015747,0.0052124969661235
3320673660.0,-0.4404979944229126,-0.1841404885053634,9.88774871826172,2.495351552963257,0.2156078070402145,0.1187860071659088
3320681993.0,-0.4492044746875763,-0.0605130605399608,9.681035995483398,2.7117919921875,0.6589646339416504,0.1676579862833023
3320690326.0,-0.4917119741439819,0.0847666338086128,9.876773834228516,2.88489294052124,1.0479680299758911,0.1237807869911193
3320698659.0,-0.4516465663909912,-0.0361394099891185,10.098443031311035,2.6666085720062256,0.7146755456924438,0.0664817467331886
3320706992.0,-0.3254207670688629,-0.145733430981636,9.886034965515137,2.600318670272827,0.1832314282655716,0.0259087979793548
3320715325.0,-0.3091646432876587,-0.065305970609188,9.697839736938477,2.7578463554382324,0.5806874632835388,0.0900468379259109
3320723658.0,-0.4756599962711334,0.0893831774592399,9.820298194885254,2.762559413909912,1.3465275764465332,0.004059855826199
3320731991.0,-0.5966582298278809,-0.0014476352371275,10.099185943603516,2.584540367126465,1.1206356287002563,0.1298513710498809
3320740324.0,-0.5248236656188965,-0.2346566915512085,10.035965919494627,2.611896276473999,0.3216507732868194,0.0165339894592762
3320748657.0,-0.3943600654602051,-0.1616234928369522,9.769522666931152,2.880666732788086,0.2122523486614227,0.1014707908034324
3320756990.0,-0.3848241865634918,0.139615774154663,9.76637840270996,3.019469976425171,0.9098303914070128,0.08789524435997
3320765323.0,-0.4316596686840057,0.2077540010213852,9.990455627441406,2.813096284866333,0.9473809599876404,0.2018017470836639
3320773656.0,-0.3992863595485687,-0.0508044138550758,10.014270782470703,2.5929930210113525,0.4992085993289947,0.1226025372743606
3320781989.0,-0.3397059738636017,-0.2300360947847366,9.804676055908203,2.5491416454315186,0.3224192261695862,0.0017545752925798
3320790322.0,-0.34877610206604,-0.0424445793032646,9.691998481750488,2.824084520339966,0.6892150044441223,0.1268032640218734
3320798655.0,-0.4880385994911194,0.2038225829601287,9.964054107666016,2.863044023513794,1.2133336067199707,0.0746526941657066
3320806988.0,-0.5456623435020447,0.0875391662120819,10.113506317138672,2.6801071166992188,0.7817080616950989,0.0389464423060417
3320815321.0,-0.4340617656707763,-0.1476865857839584,9.939919471740724,2.565535068511963,0.1010353565216064,0.0705031901597976
3320823654.0,-0.3924233913421631,-0.1178388074040412,9.690415382385254,2.713763952255249,0.429332971572876,0.0001921067741932
3320831987.0,-0.4543485045433044,0.1052776202559471,9.825644493103027,2.967524528503418,1.1004258394241333,0.1963459253311157
3320840320.0,-0.4633671045303345,0.1081698164343833,10.111974716186523,2.730259895324707,0.895460844039917,0.0126662394031882
3320848653.0,-0.3838942945003509,-0.0436139926314353,9.988423347473145,2.646757364273072,0.2995456755161285,0.0393306612968444
3320856986.0,-0.2936374843120575,-0.0397036299109458,9.751594543457031,2.793885469436645,0.2516982555389404,-0.038472581654787
3320865319.0,-0.3794106543064117,0.1336553245782852,9.717047691345217,2.868499994277954,1.0210219621658323,0.1010865792632103
3320873652.0,-0.5542484521865845,0.1821329593658447,9.99534797668457,2.790069103240967,1.3265740871429443,0.1558241993188858
3320881985.0,-0.5898042321205139,-0.0488460287451744,10.10335636138916,2.6355128288269043,0.5971318483352661,0.0933510810136795
3320890318.0,-0.4295531511306762,-0.1513817012310028,9.853264808654783,2.599294185638428,0.0645862892270088,0.0735256597399711
3320898651.0,-0.3767838180065155,0.1308058500289917,9.732173919677734,2.887582540512085,0.5611438751220703,0.092864416539669
3320906984.0,-0.432946115732193,0.3141208589076996,9.905256271362305,2.8086392879486084,1.1583398580551147,0.1094112172722816
3320915317.0,-0.4686033427715301,0.1047519445419311,10.053163528442385,2.648038148880005,0.8138794898986816,0.1182993426918983
3320923650.0,-0.378300279378891,-0.1563726514577865,9.845306396484377,2.430598735809326,0.2649664580821991,0.0833615288138389
3320931983.0,-0.3340535163879394,-0.0808194875717163,9.68923568725586,2.6528024673461914,0.5015139579772949,0.0072360220365226
3320940316.0,-0.4164731204509735,0.1659327149391174,9.804763793945312,2.8582029342651367,1.0891813039779663,-0.0179811920970678
3320948649.0,-0.5039273500442505,0.2083401083946228,10.115989685058594,2.7359204292297363,1.0664358139038086,0.0124613251537084
3320956982.0,-0.4948257505893707,-0.0355500914156436,10.095890045166016,2.5254998207092285,0.3822540640830993,0.0048026693984866
3320965315.0,-0.4075407385826111,-0.1327891647815704,9.794879913330078,2.525397062301636,0.3353287875652313,0.0568507984280586
3320973648.0,-0.4490297138690948,0.0469942279160022,9.727542877197266,2.83589243888855,0.9707666635513306,0.0403039939701557
3320981981.0,-0.4985736012458801,0.1355603039264679,9.953518867492676,2.7291839122772217,1.018409252166748,0.0172255747020244
3320990314.0,-0.4287743270397186,-0.0066061932593584,10.061123847961426,2.57529354095459,0.56375652551651,0.1537494510412216
3320998647.0,-0.292482852935791,-0.1152524575591087,9.839346885681152,2.578187942504883,0.123166024684906,0.0084655033424496
3321006980.0,-0.2975874841213226,0.0550668537616729,9.672577857971191,2.709537982940674,0.6455683708190918,0.0408931225538253
3321015313.0,-0.4702356159687042,0.1507693976163864,9.925941467285156,2.674523115158081,1.3076963424682615,0.1536726057529449
3321023646.0,-0.5707089900970459,-0.0319211259484291,10.140851974487305,2.49294376373291,0.9204859137535096,0.063587337732315
3321031979.0,-0.4824479222297668,-0.2442287653684616,9.941235542297363,2.578649044036865,0.0749088302254676,0.0011654476402327
3321040312.0,-0.374171108007431,-0.0954543873667717,9.754681587219238,2.7612528800964355,0.3582791090011596,-0.0051228464581072
3321048645.0,-0.3961440622806549,0.2087574005126953,9.817078590393066,2.8114569187164307,1.0261958837509155,0.0420969948172569
3321056978.0,-0.4405680894851684,0.1452756226062774,10.061424255371094,2.708128929138184,1.2488603591918943,0.119400754570961
3321065311.0,-0.4181103110313415,-0.1687483787536621,9.992557525634766,2.4908695220947266,0.431305319070816,0.0938377529382705
3321073644.0,-0.313844233751297,-0.2173866033554077,9.704986572265623,2.519838809967041,0.2498540580272674,0.1207583174109458
3321081977.0,-0.3777986168861389,0.02595055103302,9.739686012268066,2.8207032680511475,0.9435644149780272,0.0628189146518707
3321090310.0,-0.5256556272506714,0.1896673142910003,10.022679328918455,2.8717527389526367,1.251601219177246,0.1119213998317718
3321098643.0,-0.502625584602356,0.0103103537112474,10.139347076416016,2.610769510269165,0.7545056939125061,0.0207347236573696
3321106976.0,-0.4012573063373565,-0.1725370436906814,9.825691223144531,2.5789566040039062,0.1601530164480209,0.0712459981441497
3321115309.0,-0.4272603094577789,-0.0698753222823143,9.690760612487791,2.79355263710022,0.6675453782081604,0.0809281766414642
3321123642.0,-0.5169724225997925,0.112167440354824,9.904205322265623,2.797804832458496,1.112848877906799,0.0814916938543319
3321131975.0,-0.4428243935108185,0.0259613655507564,10.121651649475098,2.691095352172852,0.7864978313446045,0.1347180604934692
3321140308.0,-0.3189676702022552,-0.1089807897806167,9.96547031402588,2.603238821029663,0.108386643230915,0.016021704301238
3321148641.0,-0.3125970959663391,-0.0303266383707523,9.696662902832031,2.7774412631988525,0.4338923096656799,-0.0241542235016822
3321156974.0,-0.4356063604354858,0.12538643181324,9.78119945526123,2.8469583988189697,1.267533302307129,0.1463725566864013
3321165307.0,-0.5703458786010742,0.0583202242851257,10.062074661254885,2.8209340572357178,1.1656142473220823,0.1205277740955352
3321173640.0,-0.5566449761390686,-0.1559276729822158,10.06142234802246,2.596886396408081,0.3754406273365021,0.0555700808763504
3321181973.0,-0.4027919769287109,-0.1600760817527771,9.814335823059082,2.7502901554107666,0.1644561886787414,-0.0252044051885604
3321190306.0,-0.3853295445442199,0.1573344767093658,9.783668518066406,2.9252352714538574,0.7942845821380615,0.0414054095745086
3321198639.0,-0.4823456108570099,0.2794308364391327,9.982110977172852,2.8328449726104736,1.1743229627609253,0.1351022720336914
3321206972.0,-0.4442664384841919,-0.0310025122016668,10.050492286682127,2.551037073135376,0.6023059487342834,-0.0237443968653678
3321215305.0,-0.3365362286567688,-0.2009938657283783,9.79204273223877,2.6134846210479736,0.1367672085762024,0.0560311377048492
3321223638.0,-0.3258846700191498,-0.0300423428416252,9.667052268981934,2.8758256435394287,0.778506338596344,0.0126406261697411
3321231971.0,-0.4691873788833618,0.2129606455564499,9.887307167053224,2.938657283782959,1.210054874420166,0.064842440187931
3321240304.0,-0.5499209761619568,0.161368578672409,10.156776428222656,2.67951774597168,0.8309642672538757,-0.0147537989541888
3321248637.0,-0.4564233124256134,-0.0976140424609184,10.01053524017334,2.5772147178649902,0.2353307753801345,-0.0878568142652511
3321256970.0,-0.4164043068885803,-0.0865178853273391,9.728199005126951,2.733794450759888,0.4141181409358978,0.0654571801424026
3321265303.0,-0.4692699611186981,0.1132892742753028,9.78341007232666,2.954281806945801,1.1019116640090942,0.0793913230299949
3321273636.0,-0.4946739077568054,0.1233647465705871,10.06330108642578,2.801826000213623,0.9674881100654602,0.102674663066864
3321281969.0,-0.3857191503047943,-0.0193315297365188,10.049042701721191,2.6245758533477783,0.1837949454784393,0.0245256312191486
3321290302.0,-0.2790254652500152,-0.0775001719594001,9.729686737060549,2.67401123046875,0.1158147677779197,0.0237572062760591
3321298635.0,-0.3441843688488006,0.1019466146826744,9.700311660766602,2.743784189224243,0.9649266600608826,0.0926338732242584
3321306968.0,-0.5195690393447876,0.1488347053527832,9.993416786193848,2.686100959777832,1.2970153093338013,0.1651734113693237
3321315301.0,-0.5658990740776062,-0.0928492322564125,10.146162033081056,2.596630334854126,0.5485928654670715,-0.0117057049646973
3321323634.0,-0.421207994222641,-0.1779496520757675,9.912456512451172,2.628135681152344,0.1065167933702468,0.0354629047214984
3321331967.0,-0.3737708330154419,0.0610843338072299,9.71404266357422,2.904436111450196,0.4569963216781616,-0.0220538545399904
3321340300.0,-0.4426844418048858,0.2781606018543243,9.8923978805542,2.8565635681152344,1.1794461011886597,0.1318748891353607
3321348633.0,-0.4724443554878235,0.1120316684246063,10.069567680358888,2.554161787033081,0.888826847076416,0.1176846176385879
3321356966.0,-0.393424779176712,-0.1851827055215835,9.89560317993164,2.456366777420044,0.2737265229225158,0.1608446091413498
3321365299.0,-0.3417502641677856,-0.1010634377598762,9.651518821716309,2.8198583126068115,0.3687041401863098,0.0503960065543651
3321373632.0,-0.4070698022842407,0.1869146823883056,9.812363624572754,2.8556158542633057,1.0815995931625366,0.0683515891432762
3321381965.0,-0.4850178360939026,0.2324523329734802,10.095088005065918,2.7243943214416504,1.2423545122146606,0.2280819714069366
3321390298.0,-0.4646947085857391,0.0043337848037481,10.080696105957031,2.549269676208496,0.4465201795101166,0.1035455539822578
3321398631.0,-0.3836845755577087,-0.1410919576883316,9.794414520263672,2.580211639404297,0.1516234576702118,0.1134070381522178
3321406964.0,-0.4011234045028686,0.049745425581932,9.684375762939451,2.7779793739318848,0.7968460917472839,0.0727316215634346
3321415297.0,-0.4816474616527557,0.1430598199367523,9.965628623962402,2.866502046585083,1.2201467752456665,0.0286751389503479
3321423630.0,-0.4454608857631683,-0.0009033000096678,10.147909164428713,2.579648017883301,0.5174460411071777,0.0124357109889388
3321431963.0,-0.2926312386989593,-0.1068690419197082,9.855605125427246,2.587665319442749,0.0372046791017055,0.0428141951560974
3321440296.0,-0.3061672747135162,-0.0082019278779625,9.667062759399414,2.674267053604126,0.7953860759735107,0.0547248162329196
3321448629.0,-0.5119386911392212,0.1002464294433593,9.794400215148926,2.743963718414306,1.2185076475143433,0.1126642227172851
3321456962.0,-0.5897894501686096,-0.0664627477526664,10.114651679992676,2.6989076137542725,0.950608253479004,0.1031100898981094
3321465295.0,-0.4791911542415619,-0.2031704187393188,10.051934242248535,2.618914604187012,0.0719888135790824,0.0378194190561771
3321473628.0,-0.3790379762649536,-0.0892954990267753,9.747896194458008,2.8438844680786133,0.2360223680734634,0.0958100333809852
3321481961.0,-0.4051467776298523,0.1877784729003906,9.78115463256836,3.032533407211304,1.058854103088379,0.1693485230207443
3321490294.0,-0.4684305787086487,0.1683935970067978,10.03501319885254,2.7754178047180176,1.0777573585510254,0.0325428880751132
3321498627.0,-0.4652497172355652,-0.1202309429645538,10.022799491882324,2.6197597980499268,0.379974365234375,-0.0825546756386756
3321506960.0,-0.3650566339492798,-0.2238567769527435,9.74192237854004,2.6562604904174805,0.1952701210975647,0.1470129191875457
3321515293.0,-0.3907166421413421,0.0735359117388725,9.73415756225586,2.8900156021118164,0.7516881227493286,0.0448889434337616
3321523626.0,-0.519919753074646,0.22665736079216,9.960338592529297,2.811405897140503,1.2070066928863523,0.1836412400007248
3321531959.0,-0.5442332625389099,0.0674710646271705,10.16474437713623,2.6045708656311035,0.7935162782669067,0.0535721741616725
3321540292.0,-0.4559448957443237,-0.1496402025222778,9.910584449768066,2.6141505241394043,0.1456809639930725,0.0961686447262764
3321548625.0,-0.4062831401824951,-0.0769058987498283,9.69431209564209,2.733205556869507,0.5493613481521606,0.1515722423791885
3321556958.0,-0.4590018093585968,0.0865535140037536,9.84201431274414,2.8008267879486084,1.1409989595413208,0.0718095079064369
3321565291.0,-0.442986786365509,0.0614561438560485,10.076382637023926,2.769039869308472,0.8703333139419556,0.0746014639735221
3321573624.0,-0.2923066318035126,-0.104265958070755,9.96999454498291,2.57670259475708,0.2796690464019775,0.0165083762258291
3321581957.0,-0.2818443775177002,-0.0482120849192142,9.69960594177246,2.7122530937194824,0.479434460401535,0.0555956996977329
3321590290.0,-0.4333750307559967,0.0963309779763221,9.699257850646973,2.787148952484131,1.1319059133529663,0.0874598026275634
3321598623.0,-0.55637526512146,0.0734419897198677,10.012937545776367,2.801518440246582,1.175577998161316,0.1207839176058769
3321606956.0,-0.5534552335739136,-0.1243173405528068,10.106749534606934,2.5626912117004395,0.4630413651466369,0.011820969171822
3321615289.0,-0.370710164308548,-0.1178414523601532,9.804281234741213,2.726186990737915,0.1462444812059402,-0.0541997179388999
3321623622.0,-0.3570893406867981,0.1545496433973312,9.724164009094238,3.0810465812683105,0.8402877449989319,0.0452475473284721
3321631955.0,-0.4402649402618408,0.2873570919036865,9.971975326538086,2.921265125274658,1.1378483772277832,0.0609234608709812
3321640288.0,-0.4312749207019806,-0.0146087845787405,10.051048278808594,2.5288548469543457,0.5749755501747131,0.0751137286424636
3321648621.0,-0.3273715376853943,-0.1999461948871612,9.818135261535645,2.554238796234131,0.2209099531173706,0.0797499269247055
3321656954.0,-0.3507592678070068,-0.024387527257204,9.678038597106934,2.8039262294769287,0.7221805453300476,0.0770604312419891
3321665287.0,-0.4505063593387604,0.2088292390108108,9.894070625305176,2.9359166622161865,1.06733238697052,0.0530086606740951
3321673620.0,-0.530083417892456,0.1770081371068954,10.14054012298584,2.590687990188598,1.015668511390686,0.0677880719304084
3321681953.0,-0.4951056540012359,-0.0910086631774902,10.025537490844728,2.5280356407165527,0.2814876437187195,0.0579009801149368
3321690286.0,-0.430185854434967,-0.1119343414902687,9.721887588500977,2.685742378234864,0.3955222368240356,0.0925058126449585
3321698619.0,-0.4792757928371429,0.0925891622900962,9.783890724182127,2.823828935623169,1.0451761484146118,0.1129972115159034
3321706952.0,-0.4914962947368622,0.1479773819446563,10.055811882019045,2.729670524597168,0.914184868335724,0.0851545259356498
3321715285.0,-0.3906126916408539,-0.0308965854346752,10.023426055908203,2.560591220855713,0.3785143196582794,0.0922752767801284
3321723618.0,-0.2760891914367676,-0.0626259818673133,9.734441757202148,2.6185050010681152,0.1172235533595085,0.0168157462030649
3321731951.0,-0.3477451801300049,0.088753305375576,9.666675567626951,2.792578935623169,1.0069339275360107,0.0880233272910118
3321740284.0,-0.5547226071357727,0.1055934876203537,9.961343765258787,2.685614109039306,1.260284423828125,0.1637390255928039
3321748617.0,-0.5734526515007019,-0.0990388765931129,10.13826847076416,2.561257123947144,0.6538417935371399,0.1552094668149948
3321756950.0,-0.4777887761592865,-0.186407670378685,9.9089994430542,2.691812753677368,-0.0877543613314628,-0.0602959021925926
3321765283.0,-0.3862662315368652,0.0337388142943382,9.739346504211426,2.841604709625244,0.5200842022895813,-0.0462336912751197
3321773616.0,-0.4466716647148132,0.2706486582756042,9.896193504333496,2.911172866821289,1.1274232864379885,0.1002925336360931
3321781949.0,-0.4775708317756653,0.1253710687160492,10.06534194946289,2.5857441425323486,0.8271477818489075,0.0855643525719642
3321790282.0,-0.3930370807647705,-0.2083685398101806,9.918109893798828,2.46525502204895,0.1964483708143234,0.0720656514167785
3321798615.0,-0.3376597762107849,-0.1458064317703247,9.682740211486816,2.80407977104187,0.3648363649845123,0.0762151628732681
3321806948.0,-0.4218131899833679,0.1469703763723373,9.80393409729004,2.927924871444702,1.1164603233337402,0.1082329452037811
3321815281.0,-0.5158036947250366,0.2113565653562545,10.089658737182615,2.657822608947754,1.1799068450927734,0.1213986799120903
3321823614.0,-0.4938532710075378,-0.0441315472126007,10.076332092285156,2.569632768630981,0.4470067918300628,0.0712716057896614
3321831947.0,-0.4184183776378631,-0.1672043353319168,9.796745300292969,2.5438907146453857,0.266323983669281,-0.0379090681672096
3321840280.0,-0.4263778924942016,0.0058735618367791,9.70225715637207,2.790632486343384,0.8827818036079407,-0.0019466818775981
3321848613.0,-0.4803177416324615,0.1414591819047927,9.974154472351074,2.7701408863067627,1.1638723611831665,0.1654551476240158
3321856946.0,-0.4268916547298431,-0.0146338054910302,10.091320991516112,2.612741708755493,0.4811762571334839,0.0735512822866439
3321865279.0,-0.275100439786911,-0.0886441469192504,9.843782424926758,2.6565165519714355,0.1925806254148483,-0.0191338341683149
3321873612.0,-0.3096820116043091,0.0434535816311836,9.647424697875977,2.7958321571350098,0.788367748260498,0.1425303965806961
3321881945.0,-0.4766165018081665,0.108369655907154,9.835755348205566,2.7411458492279053,1.4285441637039185,0.1117677092552185
3321890278.0,-0.5706430673599243,-0.0491343401372432,10.106215476989746,2.6671974658966064,0.9691018462181092,0.1667102575302124
3321898611.0,-0.4721969664096832,-0.20154370367527,9.987491607666016,2.623140811920166,0.1721916794776916,0.0169694293290376
3321906944.0,-0.363223671913147,-0.0811901912093162,9.74777889251709,2.75282621383667,0.3204468786716461,0.0558006092905998
3321915277.0,-0.3858793079853058,0.2327685505151748,9.815927505493164,2.941167116165161,1.038951754570007,0.1069010198116302
3321923610.0,-0.4452854692935943,0.1751954853534698,10.041539192199709,2.716888904571533,1.1206868886947632,0.0923521220684051
3321931943.0,-0.3898453712463379,-0.1405315697193145,9.97117805480957,2.497657060623169,0.3229314684867859,0.0704775676131248
3321940276.0,-0.3521910309791565,-0.1931405663490295,9.697168350219728,2.6809780597686768,0.273496001958847,-0.0119106192141771
3321948609.0,-0.3982382118701935,0.0342551544308662,9.726359367370604,2.9462387561798096,0.9617760181427002,0.0706312507390976
3321956942.0,-0.4869499802589416,0.225315660238266,10.04074478149414,2.9180121421813965,1.1786261796951294,0.0345151796936988
3321965275.0,-0.5308166146278381,0.0298819784075021,10.148279190063477,2.600344657897949,0.6224387288093567,0.0603343360126018
3321973608.0,-0.4479967355728149,-0.1341040283441543,9.888854026794434,2.561948537826538,0.280386209487915,0.0700677335262298
3321981941.0,-0.4073317050933838,-0.0359497480094432,9.672445297241213,2.729286432266236,0.7158025503158569,0.0375888906419277
3321990274.0,-0.489138126373291,0.13849638402462,9.893107414245604,2.871803998947144,1.2338249683380127,0.1271106451749801
3321998607.0,-0.4532631039619446,0.0462613068521022,10.099154472351074,2.75510573387146,0.7502281665802002,0.0049051265232264
3322006940.0,-0.3203968107700348,-0.0746350064873695,9.924384117126465,2.6945278644561768,0.217221513390541,0.0786997303366661
3322015273.0,-0.2985044121742248,-0.0068752970546483,9.714838981628418,2.647474527359009,0.5414465665817261,-0.0008964982116594
3322023606.0,-0.4367070198059082,0.2080031484365463,9.77235984802246,2.8235983848571777,1.3380749225616455,0.1687337756156921
3322031939.0,-0.5486882328987122,0.1228847801685333,10.06279182434082,2.711612701416016,1.2109514474868774,0.0767018347978591
3322040272.0,-0.5222371816635132,-0.1465055346488952,10.006372451782228,2.624370574951172,0.3821772634983063,-0.0144976582378149
3322048605.0,-0.4008134603500366,-0.1062394678592681,9.814427375793455,2.6738061904907227,0.1980877071619033,0.0736793503165245
3322056938.0,-0.4001478552818298,0.1791503280401229,9.78090763092041,2.94352388381958,0.8736119866371155,0.1102820932865142
3322065271.0,-0.4421685636043548,0.228467658162117,10.013531684875488,2.8686020374298096,1.0766814947128296,0.2356125265359878
3322073604.0,-0.4503568112850189,-0.0396670326590538,10.073091506958008,2.52380895614624,0.4809968769550323,0.1695534139871597
3322081937.0,-0.3434260189533233,-0.2429558336734771,9.749344825744627,2.611281156539917,0.2025957703590393,0.0128199234604835
3322090270.0,-0.378682404756546,-0.0081513002514839,9.70021915435791,2.860252141952514,0.6897273659706116,0.0697347521781921
3322098603.0,-0.4932387471199035,0.2416379898786544,9.969408988952637,2.885148763656616,1.326625108718872,0.071348451077938
3322106936.0,-0.5518321394920349,0.1064343750476837,10.184767723083496,2.6578736305236816,0.7112944722175598,0.1104101538658142
3322115269.0,-0.4645779728889465,-0.0933594331145286,9.924470901489258,2.583285093307495,0.238763079047203,-0.0565818399190902
3322123602.0,-0.4404316246509552,-0.059624757617712,9.717321395874023,2.724547863006592,0.4424475133419037,0.0380243323743343
3322131935.0,-0.5085349082946777,0.1280665099620819,9.782586097717283,2.7797975540161133,1.1876935958862305,0.0737817957997322
3322140268.0,-0.4914083182811737,0.1384392827749252,10.096117973327637,2.8657338619232178,0.925736963748932,-0.0176482088863849
3322148601.0,-0.3779951333999634,-0.0560991875827312,10.019350051879885,2.6119472980499268,0.2328205555677414,0.0092083178460598
3322156934.0,-0.2634801566600799,-0.0759121626615524,9.72339153289795,2.679722785949707,0.2428613901138305,0.0980128720402717
3322165267.0,-0.3718964159488678,0.1104947850108146,9.690983772277832,2.775033473968506,1.2169451713562012,0.1170442476868629
3322173600.0,-0.5405086874961853,0.0932391881942749,10.042265892028809,2.663841724395752,1.347398281097412,0.1203997060656547
3322181933.0,-0.5606294870376587,-0.1319031715393066,10.11160659790039,2.484567880630493,0.4689838588237762,0.0756260305643081
3322190266.0,-0.4253111481666565,-0.2294887900352478,9.853665351867676,2.562511920928955,0.0037780993152409,0.0539051555097103
3322198599.0,-0.3627632558345794,0.028494881466031,9.741277694702148,2.77329158782959,0.5766404867172241,0.1596919596195221
3322206932.0,-0.424542099237442,0.2396290898323059,9.85581874847412,2.894728660583496,1.085415959358215,0.0860254094004631
3322215265.0,-0.431958258152008,0.0493402630090713,10.070985794067385,2.634718894958496,0.6915459036827087,0.0590023882687091
3322223598.0,-0.3712666630744934,-0.2432762831449508,9.872581481933594,2.560514450073242,0.1822580993175506,0.0654315650463104
3322231931.0,-0.3361629247665405,-0.1407498717308044,9.654814720153809,2.861711978912353,0.5363236665725708,0.0941963493824005
3322240264.0,-0.4244320392608642,0.1346111446619033,9.773838996887209,2.986863374710083,1.1148980855941772,0.1119213998317718
3322248597.0,-0.5185760259628296,0.2014297544956207,10.10342502593994,2.7838447093963623,1.0555754899978638,0.1286731213331222
3322256930.0,-0.4936693906784057,-0.0307697299867868,10.099998474121094,2.4600298404693604,0.4337386786937713,0.0321586765348911
3322265263.0,-0.3958316147327423,-0.1401825994253158,9.75127410888672,2.667633056640625,0.1534164547920227,0.0537002496421337
3322273596.0,-0.4177735149860382,0.0308211781084537,9.728413581848145,2.882177829742432,0.8492270708084106,0.1243699118494987
3322281929.0,-0.4830175340175628,0.1336182951927185,9.961060523986816,2.784331798553467,1.0677934885025024,0.008824105374515
3322290262.0,-0.4161678552627563,-0.0080291330814361,10.092687606811523,2.613945722579956,0.4655771851539612,0.0844373255968093
3322298595.0,-0.28199502825737,-0.0865649208426475,9.838790893554688,2.5598483085632324,0.1070034727454185,-0.0007684270967729
3322306928.0,-0.2859722673892975,0.036774642765522,9.662373542785645,2.747626543045044,0.7860881090164185,0.0771372690796852
3322315261.0,-0.4716584086418152,0.1351191252470016,9.877588272094728,2.770550489425659,1.3831045627593994,0.0883050709962844
3322323594.0,-0.5728719234466553,-0.035467367619276,10.103938102722168,2.5500380992889404,0.9309365749359132,0.0676600113511085
3322331927.0,-0.4723731279373169,-0.2304872274398803,9.996234893798828,2.666941404342652,0.2607401311397552,0.0676600113511085
3322340260.0,-0.3690223097801208,-0.086857371032238,9.75717830657959,2.879129409790039,0.3146324455738067,0.0687870234251022
3322348593.0,-0.4018779993057251,0.219175323843956,9.792165756225586,2.9238522052764893,1.0551142692565918,0.050344780087471
3322356926.0,-0.471416175365448,0.1900099813938141,10.023695945739746,2.798726320266724,1.1955572366714478,0.0452475473284721
3322365259.0,-0.4441418647766113,-0.1112062036991119,10.034603118896484,2.457160472869873,0.5764611959457397,0.0295204054564237
3322373592.0,-0.3380163013935089,-0.2205960750579834,9.746378898620604,2.6521873474121094,0.1789794564247131,0.0413285680115222
3322381925.0,-0.3925588726997375,0.0493829436600208,9.717463493347168,2.8637354373931885,0.9080117344856262,0.1789026111364364
3322390258.0,-0.520121693611145,0.2436551600694656,9.99035930633545,2.922058820724488,1.2164840698242188,0.1364854574203491
3322398591.0,-0.5440738201141357,0.1046451702713966,10.17334270477295,2.613689422607422,0.7782756686210632,0.004751440603286
3322406924.0,-0.4396167695522308,-0.1163127720355987,9.918898582458496,2.5901756286621094,0.1222951784729957,0.1083354130387306
3322415257.0,-0.4068015813827514,-0.012025075033307,9.681044578552246,2.860098123550415,0.6154972314834595,0.0933766886591911
3322423590.0,-0.4562508463859558,0.1656937897205352,9.793109893798828,2.887735843658448,1.093458890914917,0.1754959225654602
3322431923.0,-0.4763477444648742,0.1307097822427749,10.107964515686035,2.5819790363311768,0.8179265856742859,-0.0059168888255953
3322440256.0,-0.3428249061107635,-0.0581875666975975,9.936504364013672,2.470787763595581,0.2432456165552139,0.1095905154943466
3322448589.0,-0.3083517253398895,-0.0507679842412471,9.749292373657228,2.6709113121032715,0.3100987374782562,0.0563128963112831
3322456922.0,-0.4186578094959259,0.1446182876825332,9.703672409057615,2.7361509799957275,1.1419721841812134,0.0641508549451828
3322465255.0,-0.5640379786491394,0.0824061706662178,10.063291549682615,2.701213359832764,1.2194808721542358,0.019991910085082
3322473588.0,-0.5241667032241821,-0.1544655859470367,10.060242652893066,2.6097445487976074,0.4354035854339599,0.0399966277182102
3322481921.0,-0.3826794922351837,-0.1549540311098098,9.828110694885254,2.7661452293396,0.181797057390213,0.00956691801548
3322490254.0,-0.3712880313396454,0.1582343578338623,9.786346435546877,2.8429880142211914,0.6506912708282471,0.0145360780879855
3322498587.0,-0.4401814937591553,0.2970559000968933,9.874466896057127,2.9255683422088623,1.0217902660369873,0.0077483062632381
3322506920.0,-0.4445497989654541,0.0247643012553453,10.0696439743042,2.5644843578338623,0.6570435762405396,0.0137164238840341
3322515253.0,-0.3666052222251892,-0.1963444799184799,9.82061004638672,2.42201828956604,0.1780317574739456,0.0513437390327453
3322523586.0,-0.3699485957622528,-0.0475208237767219,9.710284233093262,2.813173055648804,0.7505868077278137,0.0803646743297576
3322531919.0,-0.4859113693237304,0.2302234023809433,9.852458000183104,2.8810505867004395,1.1865665912628174,0.0925826504826545
3322540252.0,-0.5464890599250793,0.2202604413032531,10.14960765838623,2.64048171043396,0.8090896606445312,0.0225277189165353
3322548585.0,-0.4864370822906494,-0.0406041927635669,10.034483909606934,2.431264877319336,0.3256722092628479,0.0099511295557022
3322556918.0,-0.3635981380939483,-0.1100583672523498,9.755330085754396,2.591404914855957,0.2748535573482513,0.0774446502327919
3322565251.0,-0.4194663763046264,0.0596582926809787,9.761136054992676,2.7757763862609863,1.0519639253616333,0.1014451757073402
3322573584.0,-0.4423118829727173,0.146914854645729,10.00936794281006,2.6853578090667725,1.0264006853103638,0.0081325192004442
3322581917.0,-0.3465214967727661,-0.0259201098233461,10.077767372131348,2.4958384037017822,0.2426308691501617,0.0352067686617374
3322590250.0,-0.2601562142372131,-0.0806322321295738,9.823159217834473,2.590073347091675,0.2158383727073669,0.1711415201425552
3322598583.0,-0.331551194190979,0.0316777750849723,9.711527824401855,2.796549797058105,0.7787368297576904,0.0757028758525848
3322606916.0,-0.5421329736709595,0.1255636811256408,9.903557777404783,2.6709628105163574,1.3478851318359375,0.216990977525711
3322615249.0,-0.6044744849205017,-0.0664620473980903,10.124730110168455,2.4975032806396484,0.7694132328033447,0.1187347993254661
3322623582.0,-0.4691696465015411,-0.2703695297241211,9.920276641845703,2.5350282192230225,0.0787765830755233,0.0404064543545246
3322631915.0,-0.3460659682750702,-0.0938420891761779,9.745676040649414,2.827260971069336,0.448876678943634,0.1562084108591079
3322640248.0,-0.3973662853240967,0.1872759312391281,9.79554271697998,2.9332525730133057,1.1549330949783323,0.1842047870159149
3322648581.0,-0.4626528322696686,0.1632777452468872,10.060707092285156,2.7373034954071045,1.0334959030151367,0.2146088778972625
3322656914.0,-0.3938982784748077,-0.1716456711292266,9.945977210998535,2.537153720855713,0.2705503702163696,0.0726035460829734
3322665247.0,-0.3381005823612213,-0.2505071759223938,9.729772567749023,2.684077501296997,0.3126857578754425,0.0730133801698684
3322673580.0,-0.4080369770526886,0.0292113982141017,9.72443675994873,2.918729305267334,0.9079605340957642,0.2604327201843261
3322681913.0,-0.5295926332473755,0.2229217290878296,10.039185523986816,2.8658103942871094,1.2921228408813477,-0.0202608592808246
3322690246.0,-0.5560742020606995,0.0359576642513275,10.115705490112305,2.591379404067993,0.6214909553527832,-0.069132812321186
3322698579.0,-0.4422945976257324,-0.1245375052094459,9.785411834716797,2.519556760787964,0.1917353421449661,-0.0304809361696243
3322706912.0,-0.3966650068759918,-0.0325385890901088,9.69662857055664,2.8651700019836426,0.6490775346755981,0.0162010043859481
3322715245.0,-0.4677429497241974,0.1566096991300583,9.850008964538574,2.8184497356414795,1.1218138933181765,0.0070823365822434
3322723578.0,-0.4464668333530426,0.1039447784423828,10.07407283782959,2.6650967597961426,0.8398010730743408,-0.0165980234742164
3322731911.0,-0.3349341154098511,-0.1107532978057861,9.939348220825195,2.511744976043701,0.1255225539207458,0.0077739199623465
3322740244.0,-0.2690514624118805,-0.0662142261862754,9.702056884765623,2.711791753768921,0.3860193192958832,0.0541869141161441
3322748577.0,-0.4258422255516052,0.0988911837339401,9.754218101501465,2.7497012615203857,1.2237842082977295,0.1076182126998901
3322756910.0,-0.5636105537414551,0.0609927922487258,10.063048362731934,2.687893867492676,1.1786006689071655,0.1373819559812545
3322765243.0,-0.5002845525741577,-0.1778235286474228,10.07716178894043,2.4847984313964844,0.4060496687889099,0.0624346919357776
3322773576.0,-0.3724978566169739,-0.1853198707103729,9.861242294311523,2.6989595890045166,0.129492774605751,-0.0807104632258415
3322781909.0,-0.3621561229228973,0.0929146856069564,9.76515293121338,2.910378932952881,0.7919792532920837,0.1319004744291305
3322790242.0,-0.4323715567588806,0.2121265679597854,9.934402465820312,2.8438847064971924,1.089386224746704,0.060206264257431
3322798575.0,-0.4609565138816833,0.0103597417473793,10.071179389953612,2.6184022426605225,0.5702112317085266,-0.0146513413637876
3322806908.0,-0.380441278219223,-0.1785084307193756,9.858352661132812,2.590662240982056,0.1113834977149963,0.0429934933781623
3322815241.0,-0.349668800830841,-0.0526138879358768,9.695115089416504,2.895343780517578,0.5920090675354004,0.1030076444149017
3322823574.0,-0.493369311094284,0.2484651207923889,9.889204978942873,2.896470546722412,1.2384610176086426,0.2027238607406616
3322831907.0,-0.5728427171707153,0.1937794387340545,10.16810417175293,2.82375168800354,0.9086008667945862,0.0844885557889938
3322840240.0,-0.4472703635692596,-0.0663262009620666,10.052115440368652,2.5681729316711426,0.2360992282629013,-0.01949243247509
3322848573.0,-0.3918989300727844,-0.1195225864648819,9.75029182434082,2.6360762119293213,0.4371965527534485,0.1239344775676727
3322856906.0,-0.4546029567718506,0.087776318192482,9.777612686157228,2.858433246612549,1.0499659776687622,0.1141498461365699
3322865239.0,-0.4961541295051574,0.1963751018047332,10.04025936126709,2.8723678588867188,0.9653365612030028,0.0961430445313453
3322873572.0,-0.4027162194252014,0.0298000015318393,10.06985092163086,2.543762683868408,0.4094564020633697,0.0504984632134437
3322881905.0,-0.3018023073673248,-0.0421057380735874,9.766130447387695,2.6726789474487305,0.183743730187416,0.0348737798631191
3322890238.0,-0.3605008721351623,0.1090530827641487,9.663402557373049,2.723677158355713,1.001042723655701,0.1034174859523773
3322898571.0,-0.5217229723930359,0.1678165942430496,9.915775299072266,2.6815414428710938,1.226652979850769,0.0195564702153205
3322906904.0,-0.567595362663269,-0.0127321612089872,10.106239318847656,2.486745357513428,0.630071759223938,0.0642789229750633
3322915237.0,-0.4364673495292663,-0.1630564332008361,9.942240715026855,2.531057834625244,0.0575167685747146,0.0059040812775492
3322923570.0,-0.3559534549713135,0.0040063019841909,9.71384334564209,2.791810750961304,0.5052024126052856,0.0609234608709812
3322931903.0,-0.4261860847473144,0.2644583582878113,9.8541259765625,2.7969846725463867,1.115384578704834,0.0403552278876304
3322940236.0,-0.4517786502838135,0.1764112263917923,10.057694435119627,2.569376468658448,0.9157474040985109,0.0973981320858001
3322948569.0,-0.390243262052536,-0.1889054775238037,9.95297145843506,2.462437391281128,0.2553611099720001,0.0121283400803804
3322956902.0,-0.3103270530700683,-0.1938366144895553,9.67055320739746,2.6403279304504395,0.3736476302146911,0.0136908087879419
3322965235.0,-0.3787345290184021,0.0829175859689712,9.758611679077148,2.8801286220550537,1.083648681640625,0.0782130733132362
3322973568.0,-0.5076556205749512,0.1813313663005828,10.047801971435549,2.715941429138184,1.2557506561279297,-0.0400094389915466
3322981901.0,-0.4690434336662292,-0.0134377405047416,10.11814308166504,2.428575277328491,0.4347888827323913,0.0114367557689547
3322990234.0,-0.4097326695919037,-0.1656568497419357,9.889378547668455,2.586205244064331,0.2314886599779129,0.0261905584484338
3322998567.0,-0.3981786668300628,-0.0257438700646162,9.697118759155272,2.7130725383758545,0.7609092593193054,0.1059789061546325
3323006900.0,-0.4542757272720337,0.1499058604240417,9.92503547668457,2.804694414138794,1.2271651029586792,0.0421226061880588
3323015233.0,-0.409952163696289,0.0225300583988428,10.031705856323242,2.5196595191955566,0.6779191493988037,0.0712459981441497
3323023566.0,-0.3133617341518402,-0.1117249578237533,9.888827323913574,2.52970027923584,0.1292110085487365,-0.014881869778037
3323031899.0,-0.2905152440071106,-0.0337118804454803,9.65779972076416,2.673780679702759,0.694363534450531,0.0433520972728729
3323040232.0,-0.5014574527740479,0.1190057918429374,9.89536190032959,2.7178876399993896,1.394067406654358,0.1135350912809372
3323048565.0,-0.583223819732666,-0.0245988983660936,10.110628128051758,2.64593768119812,1.137489676475525,0.1073620617389679
3323056898.0,-0.4764610826969147,-0.2019504010677337,10.04202365875244,2.477088689804077,0.2175801396369934,0.1350766718387603
3323065231.0,-0.4076505005359649,-0.138878732919693,9.731237411499023,2.712996006011963,0.2307202517986297,0.0417127832770347
3323073564.0,-0.4230706691741943,0.1114673465490341,9.799359321594238,2.906331777572632,1.093458890914917,0.0648424327373504
3323081897.0,-0.5143404603004456,0.1916047632694244,10.02988052368164,2.800980806350708,1.1406147480010986,0.0594378262758255
3323090230.0,-0.4517298936843872,-0.1025256067514419,10.0444917678833,2.529060125350952,0.4575598835945129,0.0466307140886783
3323098563.0,-0.3529689311981201,-0.2037634700536728,9.790549278259276,2.721346139907837,0.087818406522274,0.0105658723041415
3323106896.0,-0.3908672630786896,0.0301953814923763,9.697928428649902,2.838864326477051,0.886649489402771,0.1593077331781387
3323115229.0,-0.5287504196166992,0.2324063926935196,9.972463607788086,2.937094688415528,1.456950545310974,0.0531367287039756
3323123562.0,-0.525134801864624,0.0646320804953575,10.161273956298828,2.57780385017395,0.8047865033149719,0.0193515550345182
3323131895.0,-0.4636847078800201,-0.1280284970998764,9.938348770141602,2.548065423965454,0.1278022229671478,0.0519328564405441
3323140228.0,-0.4227699339389801,-0.0946038514375686,9.695015907287598,2.727083683013916,0.5756670832633972,0.1384065300226211
3323148561.0,-0.5058232545852661,0.1084408909082412,9.820462226867676,2.8513636589050293,1.0785001516342163,0.0819783508777618
3323156894.0,-0.4797662794589996,0.0948503464460372,10.127724647521973,2.6796202659606934,0.9246609807014464,0.1421718150377273
3323165227.0,-0.3897625207901001,-0.0422274433076381,9.99213981628418,2.62744402885437,0.0554676242172718,-0.0708233565092086
3323173560.0,-0.2616117298603058,-0.0258749052882194,9.719362258911133,2.665071487426758,0.1990866512060165,0.1310808360576629
3323181893.0,-0.3940782248973846,0.1146715581417083,9.728556632995604,2.8022103309631348,1.112490177154541,0.1426072567701339
3323190226.0,-0.5425557494163513,0.1073124781250953,10.030564308166504,2.720833778381348,1.284387469291687,0.1005230695009231
3323198559.0,-0.5313724279403687,-0.1109514757990837,10.086260795593262,2.475013732910156,0.4991573691368103,0.1059020534157753
3323206892.0,-0.4369448125362396,-0.1497986763715744,9.800698280334473,2.669400453567505,0.0101816589012742,0.060718547552824
3323215225.0,-0.3792239129543304,0.1508791297674179,9.71003532409668,2.8460617065429688,0.596593976020813,0.0948110893368721
3323223558.0,-0.4252055287361145,0.2855966985225677,9.933023452758787,2.8092029094696045,1.2687883377075195,0.0719119682908058
3323231891.0,-0.4476955235004425,0.0594003833830356,10.100178718566896,2.5693254470825195,0.7997404932975769,0.0482444129884243
3323240224.0,-0.3367725312709808,-0.1819158643484115,9.806082725524902,2.489306688308716,0.0789302662014961,0.1187091842293739
3323248557.0,-0.3089140653610229,-0.0998257622122764,9.685264587402344,2.720654249191284,0.4315102100372314,0.1090013608336448
3323256890.0,-0.4202562272548675,0.1976870447397232,9.82958984375,2.7431435585021973,1.244070529937744,0.1452711224555969
3323265223.0,-0.5092011094093323,0.1528915762901306,10.16305160522461,2.6669156551361084,0.8593703508377075,0.0640484020113945
3323273556.0,-0.4474202394485473,-0.0680340006947517,10.01169490814209,2.452319383621216,0.3018253445625305,0.0556469298899173
3323281889.0,-0.3901160359382629,-0.0969794020056724,9.757930755615234,2.656081199645996,0.3215483129024505,-0.1014323756098747
3323290222.0,-0.4396760463714599,0.0702283605933189,9.770207405090332,2.8178606033325195,1.057522177696228,-0.0032273936085402
3323298555.0,-0.4562616050243377,0.1469778418540954,10.00987720489502,2.7595369815826416,1.0273998975753784,0.1221414878964424
3323306888.0,-0.3690043687820434,-0.0403505116701126,10.057172775268556,2.410927057266236,0.4213925898075104,0.115635447204113
3323315221.0,-0.2414238601922989,-0.0779163092374801,9.769372940063477,2.5407655239105225,0.1053641512989997,0.0515742599964141
3323323554.0,-0.3379538059234619,0.0616036318242549,9.707074165344238,2.742170810699463,1.0312931537628174,0.0834639891982078
3323331887.0,-0.542421281337738,0.1066778302192688,9.946073532104492,2.6181461811065674,1.4630210399627686,0.1121007055044174
3323340220.0,-0.5637667179107666,-0.1266719549894333,10.09013557434082,2.5358989238739014,0.7961288690567017,0.0998827069997787
3323348553.0,-0.4421494901180267,-0.2360206395387649,9.891271591186523,2.6126902103424072,0.1508294194936752,0.0167389027774333
3323356886.0,-0.3996818363666534,-0.0428151078522205,9.7354154586792,2.8536181449890137,0.6050466299057007,0.0334649980068206
3323365219.0,-0.4533367753028869,0.1879220008850097,9.896612167358398,2.8994925022125244,1.1969146728515625,0.110051542520523
3323373552.0,-0.4799404144287109,0.0865648910403251,10.109382629394531,2.744987726211548,0.9525549411773682,0.2017249166965484
3323381885.0,-0.4315021336078644,-0.1845083683729171,9.917269706726074,2.611281633377075,0.2295163422822952,-0.0097846379503607
3323390218.0,-0.3709746599197387,-0.1428817808628082,9.721619606018066,2.7497520446777344,0.4441636800765991,0.0754467248916626
3323398551.0,-0.4640098810195923,0.1003195270895958,9.745563507080078,2.8554110527038574,1.1081359386444092,0.0893808826804161
3323406884.0,-0.5870004296302795,0.1818200945854187,10.098064422607422,2.735997438430786,1.2693006992340088,0.0426861196756362
3323415217.0,-0.5148018002510071,-0.0178682878613472,10.118325233459473,2.545478820800781,0.3369424641132355,0.0292642656713724
3323423550.0,-0.4204566180706024,-0.1298196464776992,9.838525772094728,2.5497307777404785,0.324929416179657,0.0258319564163684
3323431883.0,-0.4393962025642395,0.0276448298245668,9.657354354858398,2.807819604873657,0.7979474663734436,0.054391823709011
3323440216.0,-0.5023252367973328,0.152958482503891,9.989551544189451,2.7624824047088623,1.038080811500549,0.035821508616209
3323448549.0,-0.4270603954792022,-0.0393902175128459,10.103349685668944,2.6313633918762207,0.5089932680130005,0.1119982525706291
3323456882.0,-0.3178969323635101,-0.1039895415306091,9.8749361038208,2.6121268272399902,0.1372282654047012,0.1352303624153137
3323465215.0,-0.335129052400589,0.0111983306705951,9.67539405822754,2.789710283279419,0.7121397852897644,0.0939914360642433
3323473548.0,-0.5195976495742798,0.1224993914365768,9.836763381958008,2.7222936153411865,1.335052251815796,0.1429402232170105
3323481881.0,-0.5876045227050781,-0.033254038542509,10.141313552856444,2.667043685913086,0.9314488172531128,-0.0460543930530548
3323490214.0,-0.5231978297233582,-0.1926035583019256,9.96049690246582,2.5538034439086914,0.107720673084259,0.018634358420968
3323498547.0,-0.3716294467449188,-0.0636063888669014,9.74831485748291,2.751314401626587,0.2386606335639953,0.0212726201862096
3323506880.0,-0.399134874343872,0.2098441421985626,9.72607135772705,2.939143657684326,0.939927101135254,0.0486286245286464
3323515213.0,-0.4430991113185882,0.2102762758731842,10.038652420043944,2.7724719047546387,1.0871578454971311,0.1477813422679901
3323523546.0,-0.3763999044895172,-0.0823146849870681,9.966423988342283,2.452550172805786,0.4276424944400787,0.0667891204357147
3323531879.0,-0.3191454112529754,-0.1654664427042007,9.706971168518066,2.6781094074249268,0.2986748218536377,0.1149438843131065
3323540212.0,-0.396035760641098,0.073430597782135,9.734308242797852,2.799751043319702,0.916874349117279,0.1011121943593025
3323548545.0,-0.5051259398460388,0.2219512909650802,9.987910270690918,2.756744861602783,1.2368730306625366,0.0437875352799892
3323556878.0,-0.4829978048801422,0.0592530444264411,10.158679008483888,2.552420139312744,0.6064810752868652,-0.0019210675964131
3323565211.0,-0.418872594833374,-0.1292007267475128,9.889973640441896,2.464435338973999,0.2086663693189621,-0.0288672447204589
3323573544.0,-0.3884862065315246,-0.017989058047533,9.703030586242676,2.753901720046997,0.5557392835617065,0.0392025895416736
3323581877.0,-0.4336310625076294,0.1167777404189109,9.863911628723145,2.831000328063965,1.1180485486984253,0.1909669190645218
3323590210.0,-0.4076469540596008,0.0952897742390632,10.12393283843994,2.6960136890411377,0.8216663002967834,0.0825931057333946
3323598543.0,-0.3105461597442627,-0.0889523029327392,9.97129726409912,2.5113348960876465,0.1080536618828773,-0.0035859930794686
3323606876.0,-0.2512949705123901,-0.0102210324257612,9.700732231140137,2.708667039871216,0.4358133673667907,0.0320562161505222
3323615209.0,-0.4374640583992004,0.114619106054306,9.779712677001951,2.7384822368621826,1.153780460357666,-0.0373199395835399
3323623542.0,-0.5959052443504333,0.0844453200697898,10.06614589691162,2.6553380489349365,1.1142576932907104,0.1324640214443206
3323631875.0,-0.5556705594062805,-0.1203382685780525,10.062932014465332,2.515509843826294,0.4199581742286682,0.0708617866039276
3323640208.0,-0.3817663788795471,-0.1392906904220581,9.810836791992188,2.625651359558105,0.1072852313518524,-0.0447993017733097
3323648541.0,-0.3646000921726227,0.1358300745487213,9.740629196166992,2.9030022621154785,0.812829315662384,0.0379731059074401
3323656874.0,-0.4713472425937652,0.2641819715499878,9.966471672058104,2.68932843208313,1.2561862468719482,0.0735512822866439
3323665207.0,-0.4521122574806213,0.0360330231487751,10.115525245666504,2.49125337600708,0.7241784334182739,0.0193003267049789
3323673540.0,-0.3746182024478912,-0.2122023403644561,9.86663818359375,2.5038812160491943,0.272881269454956,0.006826193537563
3323681873.0,-0.3371995389461517,-0.0608805529773235,9.668415069580078,2.7661194801330566,0.6571203470230103,0.0691200047731399
3323690206.0,-0.4944648742675781,0.1539772897958755,9.896180152893066,2.8483927249908447,1.0874652862548828,0.0755492001771926
3323698539.0,-0.571928858757019,0.0946065038442611,10.126108169555664,2.6666853427886963,1.072813868522644,0.062485933303833
3323706872.0,-0.517620861530304,-0.1113329455256462,10.091981887817385,2.5306224822998047,0.35822793841362,0.0523170791566371
3323715205.0,-0.4587213099002838,-0.1350902915000915,9.731447219848633,2.6519315242767334,0.349877655506134,0.0799804478883743
3323723538.0,-0.5015871524810791,0.0571194775402545,9.824463844299316,2.811713218688965,0.9501728415489196,0.1170698702335357
3323731871.0,-0.5144692659378052,0.1248949542641639,9.993926048278809,2.7480876445770264,0.9328320026397704,0.143939197063446
3323740204.0,-0.4226788878440857,-0.0696214288473129,10.088561058044434,2.5462470054626465,0.2078467160463333,0.0443766601383686
3323748537.0,-0.3128639161586761,-0.0805920585989952,9.747431755065918,2.681541681289673,0.2171190828084945,0.1034943237900734
3323756870.0,-0.3855922818183899,0.0628093555569648,9.671178817749023,2.749316692352295,0.7607555985450745,0.1653014719486236
3323765203.0,-0.5531692504882812,0.1117022708058357,9.897449493408203,2.7609455585479736,1.3218097686767578,0.1224488615989685
3323773536.0,-0.5871180891990662,-0.0537828728556633,10.135690689086914,2.583387851715088,0.7158026099205017,0.1201948001980781
3323781869.0,-0.4734053611755371,-0.2193417847156524,9.921799659729004,2.5268571376800537,0.0464514195919036,0.0469893142580986
3323790202.0,-0.3952975273132324,-0.0327142141759395,9.656937599182127,2.8880176544189453,0.4670627415180206,-2.56142320722e-05
3323798535.0,-0.4443902373313904,0.1914268583059311,9.85879611968994,2.851184606552124,1.0344182252883911,0.0756260305643081
3323806868.0,-0.4365280866622925,0.0560020022094249,10.101325035095217,2.704773664474488,0.8600107431411743,0.1277766078710556
3323815201.0,-0.3446962535381317,-0.1990329027175903,9.930659294128418,2.632413148880005,0.2352539747953415,-0.0360136143863201
3323823534.0,-0.3222508430480957,-0.1684036999940872,9.668379783630373,2.747062921524048,0.4052300155162811,0.0199150685220956
3323831867.0,-0.425046443939209,0.0688529312610626,9.771688461303713,2.8369174003601074,1.2121295928955078,0.0873573496937751
3323840200.0,-0.5133766531944275,0.1378824561834335,10.091333389282228,2.840196371078491,1.0723016262054443,0.0591560825705528
3323848533.0,-0.4595389366149902,-0.0551983229815959,10.10467529296875,2.5742435455322266,0.4188055694103241,-0.0181604921817779
3323856866.0,-0.3791223764419555,-0.1458269208669662,9.794073104858398,2.663713932037353,0.3201907575130462,0.0768811330199241
3323865199.0,-0.3951582014560699,0.044513214379549,9.745747566223145,2.8513894081115723,0.916131556034088,0.0890991166234016
3323873532.0,-0.4678187370300293,0.1452831327915191,9.96226406097412,2.890758752822876,1.1972222328186035,0.1237551867961883
3323881865.0,-0.3913947641849518,0.0172734092921018,10.099610328674316,2.706310510635376,0.370958149433136,0.008670418523252
3323890198.0,-0.2609855532646179,-0.0983394384384155,9.860793113708496,2.5209147930145264,0.2032617777585983,0.0167645178735256
3323898531.0,-0.2608959972858429,0.0508286021649837,9.70343780517578,2.727416515350342,0.7061203718185425,0.0243207160383462
3323906864.0,-0.4637176394462585,0.1531640738248825,9.844935417175291,2.8054888248443604,1.288844347000122,0.1617667227983474
3323915197.0,-0.5271143913269043,0.0113710053265094,10.1152925491333,2.638458251953125,0.9882867336273192,0.1296208202838897
3323923530.0,-0.4542438983917236,-0.2062522321939468,9.960102081298828,2.59363341331482,0.2524411082267761,0.1088989302515983
3323931863.0,-0.3751726448535919,-0.0951264649629592,9.774352073669434,2.79222059249878,0.3807172179222107,-0.0068390010856091
3323940196.0,-0.3923264145851135,0.193194568157196,9.801899909973145,2.8383772373199463,0.9546553492546082,0.1319517344236374
3323948529.0,-0.4452961683273315,0.2116194516420364,10.038260459899902,2.75075101852417,0.9669501185417176,0.094375655055046
3323956862.0,-0.4069246053695678,-0.0922073200345039,10.014534950256348,2.567045927047729,0.4483131766319275,0.0609234608709812
3323965195.0,-0.317462295293808,-0.1935713291168213,9.740907669067385,2.7283132076263428,0.3630433678627014,-0.044030874967575
3323973528.0,-0.3947803974151611,0.0264646559953689,9.707737922668455,2.97615647315979,0.8954352736473083,0.0376913473010063
3323981861.0,-0.5345532298088074,0.2387192249298095,9.962651252746582,2.826056957244873,1.262615442276001,0.1067473366856575
3323990194.0,-0.5357673764228821,0.149267315864563,10.144848823547363,2.627546787261963,0.7114481925964355,0.054622359573841
3323998527.0,-0.4317898452281952,-0.0576709359884262,9.90715503692627,2.627239227294922,0.2349209487438202,0.1164551153779029
3324006860.0,-0.4290342926979065,-0.0256203263998031,9.68767547607422,2.58538556098938,0.6689029335975647,0.1380735486745834
3324015193.0,-0.5488749742507935,0.1563664376735687,9.860448837280272,2.7899153232574463,1.1470693349838257,0.0722449496388435
3324023526.0,-0.5168799161911011,0.0943706333637237,10.124156951904297,2.662766456604004,0.8350625038146973,0.0352067649364471
3324031859.0,-0.3779913783073425,-0.0914681553840637,9.982535362243652,2.4562129974365234,0.1256250143051147,0.0492945946753025
3324040192.0,-0.2850100398063659,-0.073349118232727,9.69087028503418,2.6169679164886475,0.3473930954933166,0.0921728312969207
3324048525.0,-0.4114632308483124,0.0945856943726539,9.726284980773926,2.8228299617767334,1.0916147232055664,0.1286987364292144
3324056858.0,-0.5744902491569519,0.0878215134143829,10.072166442871094,2.6710140705108643,1.2004495859146118,0.0836945176124572
3324065191.0,-0.5593480467796326,-0.132534459233284,10.14106273651123,2.60925841331482,0.4253371953964233,0.0558518432080745
3324073524.0,-0.4492031335830688,-0.1881314814090728,9.847415924072266,2.7514939308166504,0.1174284666776657,-0.0630366280674934
3324081857.0,-0.4178559780120849,0.1003703027963638,9.728678703308104,2.9892966747283936,0.7819643020629883,0.0756516531109809
3324090190.0,-0.4948458671569824,0.25621497631073,9.943937301635742,2.9084837436676025,1.1754244565963743,0.094913549721241
3324098523.0,-0.4750341176986694,0.0354780368506908,10.12306022644043,2.613638401031494,0.5955181121826172,0.121142528951168
3324106856.0,-0.3689101934432983,-0.2026041597127914,9.89576816558838,2.5266778469085693,0.0832078456878662,-0.0315823554992675
3324115189.0,-0.3103284835815429,-0.0679021850228309,9.674903869628906,2.838941097259521,0.3745441436767578,0.0608978457748889
3324123522.0,-0.4156878888607025,0.184738278388977,9.855023384094238,2.938093423843384,1.1764233112335205,0.1450406014919281
3324131855.0,-0.4810656905174255,0.1655177175998687,10.158490180969238,2.588203430175781,1.0130559206008911,0.0780593827366828
3324140188.0,-0.4492046236991882,-0.0923335552215576,10.069412231445312,2.5063915252685547,0.3302827477455139,0.0825418680906295
3324148521.0,-0.3815120458602905,-0.146681547164917,9.762462615966797,2.623704433441162,0.1604859828948974,0.1372538655996322
3324156854.0,-0.4298450052738189,0.0368014760315418,9.726333618164062,2.7938599586486816,0.8798362016677856,0.0151764350011944
3324165187.0,-0.4650997817516327,0.1247812062501907,10.03048610687256,2.708667039871216,1.1368238925933838,0.1047494187951088
3324173520.0,-0.399861991405487,-0.0493330620229244,10.070965766906738,2.548987865447998,0.350517988204956,-0.0344255305826664
3324181853.0,-0.2798187434673309,-0.148453027009964,9.791618347167969,2.5766000747680664,0.1886360496282577,0.0667635053396225
3324190186.0,-0.3328899443149566,0.016091875731945,9.606803894042969,2.686612844467163,0.8299139738082886,0.1770840138196945
3324198519.0,-0.5005030035972595,0.1152170374989509,9.928407669067385,2.8857123851776123,1.4745731353759766,0.0692224651575088
3324206852.0,-0.5532718896865845,-0.04854366928339,10.14090061187744,2.5385115146636963,0.8823463320732117,0.0971163660287857
3324215185.0,-0.445433646440506,-0.1970155537128448,9.907546043395996,2.619145154953003,0.1167112588882446,0.0084911184385418
3324223518.0,-0.362168401479721,-0.0333091132342815,9.712425231933594,2.8902974128723145,0.4199069738388061,0.0686333402991294
3324231851.0,-0.4112741947174072,0.2030656188726425,9.798954010009766,2.8545913696289062,1.1868996620178225,0.1103589460253715
3324240184.0,-0.4623691439628601,0.1186237931251525,10.050663948059082,2.632797718048096,0.95857435464859,0.0065188226290047
3324248517.0,-0.3899728059768677,-0.1653646677732467,9.956954002380373,2.5359761714935303,0.3314354419708252,0.0550834164023399
3324256850.0,-0.3191649317741394,-0.1867818832397461,9.709356307983398,2.6798253059387207,0.3490836024284363,0.1145084425806999
3324265183.0,-0.3984731435775757,0.1037828251719474,9.737815856933594,2.872828483581543,1.120276927947998,0.0582339651882648
3324273516.0,-0.520244300365448,0.2399330735206604,10.050803184509276,2.794295310974121,1.2373340129852295,0.0230656191706657
3324281849.0,-0.5273264050483704,0.0215661097317934,10.099671363830566,2.5332608222961426,0.6228742003440857,0.1987024396657943
3324290182.0,-0.4626051485538482,-0.1978382021188736,9.857895851135254,2.505955934524536,0.1815152913331985,0.0363594070076942
3324298515.0,-0.4322558045387268,-0.0593040958046913,9.704912185668944,2.779439210891724,0.7330666780471802,-0.0090930545702576
3324306848.0,-0.5158836841583252,0.1445993483066558,9.884998321533203,2.833715438842773,1.148017168045044,0.0771628841757774
3324315181.0,-0.488065242767334,0.0712639987468719,10.128250122070312,2.62119460105896,0.5536901950836182,0.0331576317548751
3324323514.0,-0.3278404474258423,-0.0829503908753395,9.943635940551758,2.437822103500366,0.1100259572267532,0.0989862084388732
3324331847.0,-0.3120647966861725,-0.0293186865746974,9.683528900146484,2.6858959197998047,0.4843780398368835,0.0550065711140632
3324340180.0,-0.4817019701004028,0.1269798278808593,9.785746574401855,2.906870126724243,1.2788289785385132,0.0336955264210701
3324348513.0,-0.5863345265388489,0.0763317495584487,10.050586700439451,2.7174267768859863,1.0992989540100098,0.0563129037618637
3324356846.0,-0.550489068031311,-0.1169899329543113,10.093151092529297,2.542584180831909,0.2578456997871399,0.0451963208615779
3324365179.0,-0.4135057628154754,-0.1327471882104873,9.822918891906738,2.782435655593872,-0.0005891274195164,0.0302888303995132
3324373512.0,-0.3951055109500885,0.1551560163497924,9.757041931152344,2.8868141174316406,0.8789141178131104,0.1114603355526924
3324381845.0,-0.4697551429271698,0.2604709267616272,9.953067779541016,2.7962677478790283,1.1274490356445312,0.1112554371356964
3324390178.0,-0.4354329407215118,0.0382814556360244,10.08066177368164,2.615431308746338,0.4719807505607605,0.0992935821413993
3324398511.0,-0.3215159475803375,-0.1897303760051727,9.828383445739746,2.5347208976745605,0.1993427872657776,0.0137932663783431
3324406844.0,-0.2873091697692871,-0.0222019497305154,9.637012481689451,2.829463720321656,0.5774345397949219,0.1638158410787582
3324415177.0,-0.4947317242622375,0.2437083572149276,9.885299682617188,2.932560920715332,1.3429415225982666,0.113125279545784
3324423510.0,-0.5263198614120483,0.1591593921184539,10.124731063842772,2.6290578842163086,0.9090620875358582,0.1102308556437492
3324431843.0,-0.4506598114967346,-0.1258117258548736,9.993389129638672,2.416229248046875,0.1665565520524978,0.031262170523405
3324440176.0,-0.3660819232463836,-0.162161186337471,9.71201229095459,2.6411736011505127,0.3434484601020813,-0.0163674969226121
3324448509.0,-0.441345065832138,0.0472528003156185,9.740598678588867,2.795627355575561,0.8974586725234985,0.085308201611042
3324456842.0,-0.4628244638442993,0.1486477851867675,10.064446449279783,2.758358955383301,1.0006585121154783,0.0310316476970911
3324465175.0,-0.3738932311534881,-0.0459438189864158,10.073814392089844,2.498784065246582,0.2958316504955292,0.0187880415469408
3324473508.0,-0.2760188579559326,-0.1270383149385452,9.759403228759766,2.60674786567688,0.3047710061073303,-0.0426477007567882
3324481841.0,-0.3495807349681854,0.0513193942606449,9.663209915161133,2.807896375656128,0.9537586569786072,0.0732695162296295
3324490174.0,-0.5255056619644165,0.1284042298793792,9.937532424926758,2.768322706222534,1.382771611213684,0.1076182052493095
3324498507.0,-0.5744255781173706,-0.0275270491838455,10.145397186279297,2.633642673492432,0.6352201700210571,0.0024717734195291
3324506840.0,-0.4703163206577301,-0.1982673108577728,9.91631317138672,2.607362508773804,0.1468848139047622,0.0809537842869758
3324515173.0,-0.3716016709804535,-0.0274411756545305,9.732794761657717,2.7580766677856445,0.547389030456543,0.0538026988506317
3324523506.0,-0.4369935989379883,0.2396352589130401,9.839415550231934,2.93461012840271,1.1742206811904907,0.1677348315715789
3324531839.0,-0.4904458820819855,0.1556631922721862,10.061884880065918,2.57352614402771,0.9669501185417176,0.0897138565778732
3324540172.0,-0.4364063143730163,-0.1578898280858993,9.986639976501465,2.484824180603028,0.290017157793045,0.0640483945608139
3324548505.0,-0.344994843006134,-0.1856611371040344,9.693365097045898,2.72188401222229,0.1175309047102928,0.0410724245011806
3324556838.0,-0.4046350419521332,0.0791717320680618,9.72820281982422,2.90971302986145,1.1494003534317017,0.0562872774899005
3324565171.0,-0.5305378437042236,0.2212273925542831,10.05002212524414,2.734332323074341,1.198041915893555,0.0547248162329196
3324573504.0,-0.5346700549125671,0.0231511052697896,10.118938446044922,2.5499355792999268,0.6233096122741699,0.1209119856357574
3324581837.0,-0.4437589049339294,-0.1963214874267578,9.841054916381836,2.477677583694458,0.0817478373646736,0.0100535871461033
3324590170.0,-0.4375895857810974,-0.078672356903553,9.671060562133787,2.747830867767334,0.6822222471237183,-0.1181584596633911
3324598503.0,-0.5009540915489197,0.1356214731931686,9.866081237792969,2.9506702423095703,1.1286271810531616,0.076343223452568
3324606836.0,-0.4773535430431366,0.0513942278921604,10.11083698272705,2.7491886615753174,0.6352971196174622,0.0489360019564628
3324615169.0,-0.3257800638675689,-0.1037539914250373,9.948087692260742,2.525602102279663,0.2309763729572296,0.1072852313518524
3324623502.0,-0.280113011598587,-0.0536065772175788,9.691192626953123,2.6711676120758057,0.6095547676086426,0.0925314277410507
3324631835.0,-0.4240181148052215,0.1025632917881012,9.791533470153809,2.8152732849121094,1.3193507194519043,0.1418644338846206
3324640168.0,-0.5382204651832581,0.0697443932294845,10.085749626159668,2.7213971614837646,1.031651735305786,0.052624437958002
3324648501.0,-0.4959090948104858,-0.1411747932434082,10.06516456604004,2.584412097930908,0.3089973032474518,0.0453500002622604
3324656834.0,-0.3676250874996185,-0.1416084915399551,9.77114486694336,2.726648330688477,0.1816177368164062,0.045682992786169
3324665167.0,-0.3710098266601562,0.1515874713659286,9.74720573425293,2.9766430854797363,0.9029913544654846,0.1227306053042411
3324673500.0,-0.4563732743263244,0.2932844161987304,9.950008392333984,2.845933437347412,1.2072372436523438,-0.0080684833228588
3324681833.0,-0.4443997144699096,0.020134063437581,10.08504581451416,2.4587748050689697,0.5749243497848511,0.0023180886637419
3324690166.0,-0.3029343485832214,-0.2002283185720443,9.780376434326172,2.6138687133789062,0.0919935256242752,0.0385366156697273
3324698499.0,-0.3432648479938507,-0.0405555628240108,9.727060317993164,2.867193460464477,0.7301977872848511,0.0189929530024528
3324706832.0,-0.4761697351932525,0.2431620806455612,9.922454833984377,2.7820003032684326,1.282799243927002,0.13827845454216
3324715165.0,-0.5438751578330994,0.1753351688385009,10.111852645874023,2.6882266998291016,0.9487897157669068,0.1609214395284652
3324723498.0,-0.4656757414340973,-0.0662671998143196,10.03189468383789,2.4498608112335205,0.2377897500991821,0.075728490948677
3324731831.0,-0.3858645558357239,-0.1124321818351745,9.704550743103027,2.615892171859741,0.3593549132347107,-0.035859927535057
3324740164.0,-0.4322316646575928,0.0711741223931312,9.77686882019043,2.935993432998657,1.1696869134902954,0.1103589460253715
3324748497.0,-0.486816257238388,0.1648105084896087,10.07097339630127,2.879334688186645,1.0965838432312012,0.0633568167686462
3324756830.0,-0.3885832726955414,-0.0444920137524604,10.052935600280762,2.579289197921753,0.2769283056259155,0.0164059177041053
3324765163.0,-0.3072740435600281,-0.0659459978342056,9.783823013305664,2.6991384029388428,0.1995989084243774,0.1174796819686889
3324773496.0,-0.3754478693008423,0.0972535908222198,9.67617130279541,2.782819986343384,0.967923641204834,0.1107175275683403
3324781829.0,-0.5703607201576233,0.153041660785675,9.973401069641112,2.806411027908325,1.39452862739563,0.0837201401591301
3324790162.0,-0.5886470079421997,-0.0480761043727397,10.139405250549316,2.547476530075073,0.6351946592330933,0.0093620037660002
3324798495.0,-0.4528295993804931,-0.1837184578180313,9.955697059631348,2.6210148334503174,0.0923008993268013,-0.0096565661951899
3324806828.0,-0.3631656765937805,-0.0064675863832235,9.723159790039062,2.800365686416626,0.4976973235607147,0.122807428240776
3324815161.0,-0.4250679016113281,0.2323699742555618,9.850653648376465,2.867090940475464,1.1727862358093262,0.1199642717838287
3324823494.0,-0.4498246014118194,0.1396798342466354,10.09917163848877,2.598628044128418,0.8341403603553772,0.1250102669000625
3324831827.0,-0.4012054800987243,-0.1941229254007339,9.931964874267578,2.466791868209839,0.1729089021682739,0.2071807384490966
3324840160.0,-0.3442001342773437,-0.1748147904872894,9.693252563476562,2.7017765045166016,0.3566398024559021,0.0642533078789711
3324848493.0,-0.4586829543113708,0.1106995716691017,9.769253730773926,2.8527727127075195,1.0810871124267578,0.0386903025209903
3324856826.0,-0.546004593372345,0.212292805314064,10.07646369934082,2.7721900939941406,1.1180741786956787,0.1218084841966629
3324865159.0,-0.4944173693656921,-0.0197512432932853,10.092974662780762,2.472426652908325,0.3767469525337219,0.0949647724628448
3324873492.0,-0.4043854773044586,-0.1858274489641189,9.864280700683594,2.503343343734741,0.2565649747848511,0.0171487312763929
3324881825.0,-0.4058976173400879,-0.0562821365892887,9.655903816223145,2.785407304763794,0.8915163278579712,0.054289374500513
3324890158.0,-0.4874209761619568,0.1085632145404815,9.940815925598145,2.810816764831543,1.1586214303970337,0.0566458813846111
3324898491.0,-0.4328891038894653,0.0039717275649309,10.102627754211426,2.688892841339112,0.5599912405014038,0.1352815777063369
3324906824.0,-0.2976806461811065,-0.1208590194582939,9.86262321472168,2.502011299133301,0.1228330582380294,0.0398429445922374
3324915157.0,-0.3206104338169098,-0.0322456136345863,9.656715393066406,2.70618224143982,0.8039923906326294,0.0706568658351898
3324923490.0,-0.498883306980133,0.0920870751142501,9.839766502380373,2.865528106689453,1.4297224283218384,0.0277274046093225
3324931823.0,-0.5934382081031799,0.0095373997464776,10.106928825378418,2.627828359603882,1.005269169807434,0.1346156150102615
3324940156.0,-0.4829171895980835,-0.1855117231607437,10.039623260498049,2.547604560852051,0.2508530020713806,-0.0012294831685721
3324948489.0,-0.3659520745277405,-0.1261203438043594,9.758638381958008,2.8261594772338867,0.2113558650016784,0.0674807056784629
3324956822.0,-0.3752847015857696,0.1588021665811538,9.787357330322266,2.9368128776550293,0.9585487842559814,0.0552627183496952
3324965155.0,-0.4379370510578155,0.2139776796102523,10.020095825195312,2.7598695755004883,1.0786795616149902,0.1044676527380943
3324973488.0,-0.4117510616779327,-0.0688749030232429,10.028651237487791,2.572143316268921,0.4091233909130096,0.0547504313290119
3324981821.0,-0.3016795814037323,-0.2462880760431289,9.78256893157959,2.5595922470092773,0.3588170409202575,0.0361288785934448
3324990154.0,-0.3379296660423279,0.0204726886004209,9.641881942749023,2.972135305404663,0.8089872598648071,0.0903029963374137
3324998487.0,-0.540433943271637,0.2555053532123565,10.003091812133787,2.871112585067749,1.1920738220214844,0.0664817467331886
3325006820.0,-0.5486689805984497,0.1318704038858413,10.187432289123535,2.592480659484864,0.6971298456192017,0.0326453410089015
3325015153.0,-0.4513752460479736,-0.1248292401432991,9.939152717590332,2.519838809967041,0.2744693458080292,-0.0093748103827238
3325023486.0,-0.3952658474445343,-0.0743046253919601,9.753337860107422,2.828336715698242,0.5329682230949402,0.0814148485660553
3325031819.0,-0.469732403755188,0.1189326345920562,9.789006233215332,2.8802311420440674,1.1347745656967163,0.0487823113799095
3325040152.0,-0.4988653659820556,0.1183752864599227,10.105730056762695,2.683334827423096,0.7460530996322632,0.0371022224426269
3325048485.0,-0.3702352046966553,-0.018761571496725,10.03439998626709,2.457545042037964,0.2179387360811233,0.1087196320295333
3325056818.0,-0.2786912620067596,-0.0720923021435737,9.723600387573242,2.597577810287476,0.323290079832077,0.089688241481781
3325065151.0,-0.385853499174118,0.1010555997490882,9.726558685302734,2.879744529724121,1.2354130744934082,0.072962149977684
3325073484.0,-0.5974191427230835,0.0808476060628891,9.974580764770508,2.639559745788574,1.3048020601272583,0.2119705826044082
3325081817.0,-0.5490260124206543,-0.1119386181235313,10.152804374694824,2.6154823303222656,0.5039728879928589,0.1408654749393463
3325090150.0,-0.432786762714386,-0.2024411708116531,9.884147644042969,2.6683502197265625,0.1323359608650207,0.0373327545821666
3325098483.0,-0.3656932413578033,0.0691137015819549,9.761849403381348,2.8499293327331543,0.7230769991874695,-0.0515102259814739
3325106816.0,-0.4532844722270965,0.2585416436195373,9.887746810913086,2.871983289718628,1.081932544708252,-0.0296869035810232
3325115149.0,-0.4709776043891907,0.0924993678927421,10.070843696594238,2.487513780593872,0.8497907519340515,0.0895857885479927
3325123482.0,-0.3777883052825928,-0.2109151780605316,9.88412857055664,2.5481936931610107,0.1893020123243332,0.0616918914020061
3325131815.0,-0.3443767428398132,-0.1605153679847717,9.667817115783691,2.743502378463745,0.5431370735168457,-0.0221307016909122
3325140148.0,-0.4367304444313049,0.1596037298440933,9.800244331359863,2.919011354446411,1.186720371246338,0.101829394698143
3325148481.0,-0.5407382845878601,0.2119164913892746,10.092245101928713,2.7467808723449707,1.0361084938049316,0.0857436507940292
3325156814.0,-0.4819890856742859,-0.0299086272716522,10.084752082824709,2.576344013214112,0.391705721616745,-0.0844501405954361
3325165147.0,-0.3898954093456268,-0.1423596739768982,9.76663875579834,2.497938632965088,0.2145064026117324,0.050780214369297
3325173480.0,-0.4192364811897278,0.0561935603618621,9.700103759765623,2.8083064556121826,0.9523757696151732,0.1034174859523773
3325181813.0,-0.4814642369747162,0.1362545639276504,9.974775314331056,2.695347547531128,1.0761181116104126,0.0766762197017669
3325190146.0,-0.4090922176837921,0.0167170278728008,10.091681480407717,2.584924697875977,0.5170873999595642,0.0965016260743141
3325198479.0,-0.2967496216297149,-0.1159060895442962,9.850319862365724,2.474809169769287,0.0649448856711387,-0.0249482654035091
3325206812.0,-0.3270812928676605,0.0389279313385486,9.67717170715332,2.742144823074341,0.685065507888794,0.1061838120222091
3325215145.0,-0.5363683700561523,0.1366790831089019,9.85396957397461,2.7708325386047363,1.3087977170944214,0.152263805270195
3325223478.0,-0.5849462747573853,-0.0069039743393659,10.126254081726074,2.632106065750122,0.8448727130889893,-0.0098614804446697
3325231811.0,-0.4598336517810821,-0.1966580599546432,9.962711334228516,2.5442492961883545,0.0209908671677112,-0.0076074283570051
3325240144.0,-0.3457299470901489,-0.1046037375926971,9.765107154846191,2.759178400039673,0.2691928148269653,0.031518317759037
3325248477.0,-0.3792611956596374,0.179096445441246,9.802841186523438,2.864427328109741,1.1172289848327637,0.0928388014435768
3325256810.0,-0.4634710252285003,0.1527470499277115,10.075876235961914,2.647397756576538,1.1264500617980957,0.0989093706011772
3325265143.0,-0.3995423316955566,-0.1263672709465026,9.969717025756836,2.5254738330841064,0.3385305106639862,0.0564665757119655
3325273476.0,-0.3434640765190124,-0.2225672900676727,9.73712158203125,2.656414270401001,0.3169633746147156,0.0916861668229103
3325281809.0,-0.4070729911327362,0.054288700222969,9.737093925476074,2.851901769638061,0.9559617042541504,0.1138680875301361
3325290142.0,-0.5261021852493286,0.206814706325531,10.010519981384276,2.8498783111572266,1.3090282678604126,0.0603343360126018
3325298475.0,-0.5110034942626953,0.0495887771248817,10.12774658203125,2.564868688583374,0.6747942566871643,0.0609746873378753
3325306808.0,-0.3959086239337921,-0.120403453707695,9.879331588745115,2.5678656101226807,0.1017525568604469,0.1127410680055618
3325315141.0,-0.3185561895370483,0.0096382219344377,9.647427558898926,2.808741569519043,0.624436616897583,0.1203740984201431
3325323474.0,-0.4564287662506103,0.1291177421808242,9.799023628234863,2.7609198093414307,1.0295257568359375,0.1009328886866569
3325331807.0,-0.4509086310863495,0.0544821992516517,10.137221336364746,2.383647918701172,0.7677738666534424,0.031339019536972
3325340140.0,-0.3456645011901855,-0.1482769548892974,10.010648727416992,2.568864583969116,0.0502935498952865,0.082567498087883
3325348473.0,-0.2855779230594635,-0.0649262592196464,9.715502738952637,2.843090534210205,0.4010548889636993,0.0343102663755416
3325356806.0,-0.4208757877349853,0.0666387006640434,9.726469993591309,2.8556158542633057,1.2410224676132202,0.1257274746894836
3325365139.0,-0.5334004759788513,0.013915104791522,10.044830322265623,2.689225912094116,1.240715265274048,0.2289272397756576
3325373472.0,-0.5112438797950745,-0.1964372545480728,10.063887596130373,2.612767219543457,0.6428020596504211,0.0233986042439937
3325381805.0,-0.4054262936115265,-0.157594159245491,9.926159858703612,2.757641315460205,0.3165278732776642,0.0858717188239097
3325390138.0,-0.4053097367286682,0.1091356724500656,9.73464298248291,3.012272357940674,0.823254406452179,0.0187880415469408
3325398471.0,-0.5237432718276978,0.2252988666296005,9.96320915222168,2.83376693725586,1.11712646484375,0.1536469906568527
3325406804.0,-0.4549220204353332,0.0041953790932893,10.055877685546877,2.633053779602051,0.6698250770568848,0.1223464086651802
3325415137.0,-0.4080873727798462,-0.1872687935829162,9.827741622924805,2.5462212562561035,0.3091253638267517,0.010924469679594
3325423470.0,-0.4216876626014709,-0.0377626344561576,9.71423053741455,2.936915397644043,0.703302800655365,0.0370766073465347
3325431803.0,-0.5010748505592346,0.2129994481801986,9.85483741760254,2.8675777912139893,1.0120569467544556,0.0182501431554555
3325440136.0,-0.5634109973907471,0.1854394823312759,10.14842414855957,2.666941404342652,0.8386484980583191,-0.0257935356348752
3325448469.0,-0.4899410009384155,-0.0430044271051883,10.037288665771484,2.4989633560180664,0.3083825707435608,0.0315951630473136
3325456802.0,-0.4077571332454681,-0.1100183203816413,9.773987770080566,2.665839672088623,0.3655278980731964,0.1670944392681121
3325465135.0,-0.49062380194664,0.0454826578497886,9.73387050628662,2.9043338298797607,1.024172306060791,0.0198894534260034
3325473468.0,-0.4875473082065582,0.1237858235836029,10.049993515014648,2.7461917400360107,0.8904404044151306,0.1140217632055282
3325481801.0,-0.381413996219635,-0.034323114901781,10.04150104522705,2.476704359054565,0.3639142513275146,0.0524195320904254
3325490134.0,-0.2553456127643585,-0.1082119271159172,9.764015197753906,2.64739727973938,0.1690155118703842,0.0577216707170009
3325498467.0,-0.3635665476322174,0.0443969368934631,9.681896209716797,2.8449089527130127,0.8650568127632141,0.1320029646158218
3325506800.0,-0.533050537109375,0.0771674141287803,9.911825180053713,2.8193204402923584,1.3012160062789917,0.1327457875013351
3325515133.0,-0.529553234577179,-0.0822001621127128,10.117335319519045,2.7032620906829834,0.5504883527755737,0.0628189146518707
3325523466.0,-0.4028283655643463,-0.2106629312038421,9.915971755981444,2.703160047531128,0.0953233838081359,-0.0947982892394065
3325531799.0,-0.3438471555709839,0.0036165460478514,9.73887062072754,2.902618169784546,0.5422661304473877,0.0301607623696327
3325540132.0,-0.415111780166626,0.2584796547889709,9.867015838623049,2.9177303314208984,1.198169827461243,0.1370233446359634
3325548465.0,-0.4486682713031769,0.1212174817919731,10.10344696044922,2.619503974914551,0.7881116271018982,0.0673270225524902
3325556798.0,-0.3695875406265259,-0.1500688791275024,9.895084381103516,2.45979905128479,0.2029287815093994,0.1385858058929443
3325565131.0,-0.2898880541324615,-0.1326091885566711,9.727986335754396,2.798086166381836,0.4722112119197845,-0.0194412041455507
3325573464.0,-0.3853420615196228,0.1493444144725799,9.800103187561035,2.948800563812256,1.1720178127288818,0.0589255504310131
3325581797.0,-0.4896214306354522,0.2473611533641815,10.054049491882324,2.695552349090576,1.079038143157959,0.1450662165880203
3325590130.0,-0.4950624704360962,0.0048852139152586,10.11447048187256,2.444789171218872,0.4248761534690857,-0.0216184165328741
3325598463.0,-0.3961575031280517,-0.1510150879621505,9.82090663909912,2.555698871612549,0.2781834304332733,-0.0399582125246524
3325606796.0,-0.4307461678981781,0.0477362088859081,9.721443176269531,2.774726152420044,0.8690013885498047,0.1089501455426216
3325615129.0,-0.485049694776535,0.1583385020494461,9.93690299987793,2.745910167694092,1.1346977949142456,0.0671733394265174
3325623462.0,-0.4470719695091247,0.0233702454715967,10.133722305297852,2.5546998977661133,0.5502321720123291,0.0958868861198425
3325631795.0,-0.3035176992416382,-0.1179331392049789,9.838433265686035,2.5230917930603027,-0.0329142920672893,0.0629469752311706
3325640128.0,-0.3059864044189453,-0.0160491745918989,9.665478706359863,2.7477288246154785,0.669184684753418,0.0956051275134086
3325648461.0,-0.4986449778079986,0.128494918346405,9.830955505371094,2.7708325386047363,1.4841783046722412,0.1137143969535827
3325656794.0,-0.6107438802719116,-0.0001828570384532,10.120532035827637,2.510643243789673,0.9785535335540771,0.1874833852052688
3325665127.0,-0.5384083390235901,-0.1927177757024765,10.035357475280762,2.6259331703186035,0.1440160423517227,-0.0241798385977745
3325673460.0,-0.4364503622055053,-0.1066053360700607,9.752893447875977,2.76460862159729,0.3874537050724029,-0.0350658893585205
3325681793.0,-0.4335413873195648,0.1688782572746276,9.75416374206543,2.910583734512329,1.128806471824646,0.1164295002818107
3325690126.0,-0.49461430311203,0.1724344491958618,10.008251190185549,2.7814881801605225,1.0477375984191897,0.1511624157428741
3325698459.0,-0.4389447271823883,-0.0633703619241714,10.04157257080078,2.4538822174072266,0.4491072595119476,-0.0542765706777572
3325706792.0,-0.3520416617393493,-0.2434643805027008,9.77473258972168,2.4957871437072754,0.1548764705657959,0.0769579708576202
3325715125.0,-0.3974690735340118,0.0247531812638044,9.69342041015625,2.984199285507202,0.8289406895637512,0.0111806141212582
3325723458.0,-0.5390573143959045,0.2094606161117553,9.99059009552002,2.813096284866333,1.1665619611740112,0.0869987532496452
3325731791.0,-0.5652956366539001,0.095138594508171,10.166393280029297,2.6339757442474365,0.6426995992660522,0.024935457855463
3325740124.0,-0.4601435959339142,-0.1680416911840438,9.941651344299316,2.4986557960510254,3.84213526558e-05,0.1044420376420021
3325748457.0,-0.4049907326698303,-0.1133308485150337,9.72259521484375,2.649523496627808,0.4335593283176422,0.0875110402703285
3325756790.0,-0.4506422877311706,0.0821727737784385,9.825623512268066,2.802389621734619,1.114232063293457,0.0548272654414176
3325765123.0,-0.4556975960731506,0.074440486729145,10.083362579345703,2.6526999473571777,0.7625998258590698,0.142274260520935
3325773456.0,-0.3159460723400116,-0.0878297165036201,9.953038215637209,2.612767457962036,0.0328246466815471,-0.0511260144412517
3325781789.0,-0.2689684331417084,-0.0574682466685771,9.680282592773438,2.5799553394317627,0.3167584538459778,0.105876438319683
3325790122.0,-0.3771812319755554,0.0834900960326194,9.720403671264648,2.831051826477051,1.2043429613113403,0.0470149293541908
3325798455.0,-0.5540938973426819,0.0530339330434799,10.05897617340088,2.7365095615386963,1.212821125984192,0.0858717188239097
3325806788.0,-0.528841495513916,-0.1665910184383392,10.077966690063477,2.5379223823547363,0.6461063027381897,0.0530855022370815
3325815121.0,-0.4037917256355285,-0.189013198018074,9.815563201904297,2.6599230766296387,0.202057883143425,-0.0299686528742313
3325823454.0,-0.3677975535392761,0.0906174331903457,9.731813430786133,2.965705633163452,0.6339395046234131,0.0614869706332683
3325831787.0,-0.3989179730415344,0.246742233633995,9.988861083984377,2.912454128265381,1.1684573888778689,0.0705287978053093
3325840120.0,-0.4107073247432709,0.0037195344921201,10.081061363220217,2.5622305870056152,0.5055866241455078,0.1000107824802398
3325848453.0,-0.3173338174819946,-0.2136337757110595,9.828553199768066,2.556569814682007,0.0668915808200836,-0.026228979229927
3325856786.0,-0.3297057449817657,-0.0691622495651245,9.65774631500244,2.795499324798584,0.7127546072006226,0.1219109520316124
3325865119.0,-0.4532745480537414,0.1775369048118591,9.88857078552246,2.8473169803619385,1.3235516548156738,0.0842580273747444
3325873452.0,-0.5395206809043884,0.1462101340293884,10.10751724243164,2.799853563308716,0.9272993803024292,0.0087728751823306
3325881785.0,-0.4930787086486816,-0.0683638975024223,10.025662422180176,2.4385390281677246,0.2900427579879761,0.0695298388600349
3325890118.0,-0.4134966135025024,-0.1069107800722122,9.760174751281738,2.7185025215148926,0.4432415068149566,0.115865983068943
3325898451.0,-0.4272457957267761,0.0722938403487205,9.810147285461426,2.829975843429565,0.9638509154319764,0.1247029155492782
3325906784.0,-0.4817161560058594,0.1004497110843658,9.99855613708496,2.779567241668701,1.092024564743042,0.0750369057059288
3325915117.0,-0.399460107088089,-0.0509409978985786,10.038735389709473,2.4160757064819336,0.3453695476055145,-0.0173664521425962
3325923450.0,-0.2844786643981933,-0.0761783793568611,9.792092323303224,2.683565139770508,0.1984975188970565,0.0841555669903755
3325931783.0,-0.3724401593208313,0.072092667222023,9.660253524780272,2.749342441558838,0.9259674549102784,0.0696066841483116
3325940116.0,-0.5401501059532166,0.1304682195186615,9.921359062194824,2.8285160064697266,1.4206807613372805,0.1788514107465744
3325948449.0,-0.6035764813423157,-0.0694529712200164,10.099985122680664,2.630748748779297,0.761267900466919,0.0643813833594322
3325956782.0,-0.4723698496818542,-0.1916742324829101,9.88685131072998,2.736842632293701,0.0313134044408798,0.0583364181220531
3325965115.0,-0.4351256787776947,0.027533458545804,9.771726608276367,2.940732002258301,0.3827407360076904,0.1530834734439849
3325973448.0,-0.4535205364227295,0.2503676414489746,9.893725395202637,2.825211524963379,1.1592618227005005,0.1369465142488479
3325981781.0,-0.4659352600574493,0.1408993303775787,10.0517578125,2.7462174892425537,0.9010191559791564,0.1298257410526275
3325990114.0,-0.396132618188858,-0.1575909554958343,9.955682754516602,2.602086067199707,0.1914023607969284,0.0939658135175705
3325998447.0,-0.3178540468215942,-0.1064667776226997,9.682254791259766,2.709153890609741,0.3978531062602997,0.0055710957385599
3326006780.0,-0.4128260612487793,0.1109364032745361,9.779534339904783,2.8066415786743164,1.0623120069503784,0.0872804969549179
3326015113.0,-0.5599271059036255,0.2381985634565353,10.132134437561035,2.7846899032592773,1.1622331142425537,0.1549277007579803
3326023446.0,-0.525295615196228,-0.0263702720403671,10.067590713500977,2.4724268913269043,0.5536901354789734,0.0812355428934097
3326031779.0,-0.4511195719242096,-0.1445794105529785,9.876348495483398,2.4868733882904053,0.1918121874332428,0.1266495883464813
3326040112.0,-0.4469844102859497,-0.0016833544941619,9.67153263092041,2.713917732238769,0.8237410187721252,0.2015712261199951
3326048445.0,-0.5024619102478027,0.1534047424793243,9.98373317718506,2.7927839756011963,1.169763684272766,0.1296976953744888
3326056778.0,-0.4263682067394256,-0.0170626807957887,10.053067207336426,2.630415439605713,0.5279990434646606,0.0919679030776023
3326065111.0,-0.2772720754146576,-0.1055300533771514,9.859138488769531,2.528829336166382,-0.001383168506436,0.0238340459764003
3326073444.0,-0.3008901178836822,0.025978710502386,9.651753425598145,2.6570544242858887,0.6324539184570312,0.0975262075662612
3326081777.0,-0.4398341476917267,0.1119314134120941,9.802831649780272,2.816528558731079,1.3165076971054075,0.0749856755137443
3326090110.0,-0.54009610414505,-0.041079644113779,10.157622337341309,2.603546142578125,0.9539124369621276,0.1972936242818832
3326098443.0,-0.4840497076511383,-0.2503724098205566,9.937116622924805,2.552343368530273,0.1774682402610778,-0.0359111614525318
3326106776.0,-0.3797431886196136,-0.1049891859292984,9.757363319396973,2.762636423110962,0.2307970821857452,0.0475528314709663
3326115109.0,-0.3875915706157684,0.1971935480833053,9.788045883178713,2.932560920715332,1.0971986055374146,0.1210913062095642
3326123442.0,-0.4413595497608185,0.167695939540863,10.08371353149414,2.768117427825928,1.0092135667800903,0.0774702504277229
3326131775.0,-0.3686070144176483,-0.1362978368997573,9.97471809387207,2.4637436866760254,0.3683454990386963,0.0173280294984579
3326140108.0,-0.3218326270580292,-0.1974459141492843,9.741613388061523,2.664251804351806,0.1088477000594139,0.0835920572280883
3326148441.0,-0.3734210431575775,0.0174655858427286,9.728265762329102,2.921393394470215,1.0676909685134888,0.0658670142292976
3326156774.0,-0.4738500714302063,0.1966551542282104,9.990571022033691,2.8246991634368896,1.2672001123428345,-0.0174689069390296
3326165107.0,-0.5225897431373596,0.0166460610926151,10.181056022644045,2.544326066970825,0.5771271586418152,0.0582851879298687
3326173440.0,-0.4543078541755676,-0.1322728991508484,9.882901191711426,2.558336973190308,0.1534420847892761,0.0751905888319015
3326181773.0,-0.3913606703281402,-0.0273748487234115,9.721224784851074,2.838864326477051,0.665060818195343,0.139149323105812
3326190106.0,-0.4974247217178345,0.1254183650016784,9.857572555541992,2.7734453678131104,1.1345696449279783,0.133001908659935
3326198439.0,-0.4616765975952148,0.0239372830837965,10.093454360961914,2.6747283935546875,0.7235125303268433,0.0253196712583303
3326206772.0,-0.3252278864383697,-0.1084421202540397,9.921658515930176,2.523732185363769,0.160434752702713,0.0960405692458152
3326215105.0,-0.2858186364173889,0.0117574203759431,9.69542121887207,2.745628118515014,0.5020261406898499,0.098909355700016
3326223438.0,-0.4212144315242767,0.1716937869787216,9.779544830322266,2.806743860244751,1.2654329538345337,0.1843840777873993
3326231771.0,-0.5814621448516846,0.0740008056163787,10.085463523864746,2.745833158493042,1.124375343322754,0.1535445302724838
3326240104.0,-0.5484087467193604,-0.1484703123569488,10.054824829101562,2.5639209747314453,0.4098149538040161,0.019479626789689
3326248437.0,-0.4227481186389923,-0.146754041314125,9.839518547058104,2.809638261795044,0.1555936783552169,0.0362569503486156
3326256770.0,-0.4132623076438904,0.1421273350715637,9.73863697052002,2.93924617767334,0.8095762729644775,0.0936072245240211
3326265103.0,-0.4807162880897522,0.2542260587215423,9.97942352294922,2.87708044052124,1.137028694152832,0.1164551302790641
3326273436.0,-0.4477413892745971,-0.0008571761427447,10.072240829467772,2.552778720855713,0.5102227926254272,0.1607165336608886
3326281769.0,-0.3724254965782165,-0.2013410776853561,9.81122875213623,2.586897134780884,0.2846638262271881,0.1257530897855758
3326290102.0,-0.3743712604045868,-0.06366878002882,9.684335708618164,2.7647109031677246,0.7716416716575623,0.199624553322792
3326298435.0,-0.503061830997467,0.2453754544258117,9.847004890441896,2.97298002243042,1.2906372547149658,0.0818246752023696
3326306768.0,-0.534184455871582,0.1607976108789444,10.196647644042969,2.71010160446167,0.8524034023284912,0.1343338638544082
3326315101.0,-0.4619309306144714,-0.1040989533066749,10.019492149353027,2.3731205463409424,0.1877907812595367,0.0252172145992517
3326323434.0,-0.3767319917678833,-0.1017688885331153,9.74094009399414,2.720808267593384,0.4616325795650482,0.1454504281282425
3326331767.0,-0.4872490465641022,0.100113533437252,9.838021278381348,2.833638906478882,0.9700493812561036,0.1042371317744255
3326340100.0,-0.4813348948955536,0.1227124780416488,10.029135704040527,2.682412385940552,0.7930808067321777,0.1899167597293853
3326348433.0,-0.3879696726799011,-0.0747802704572677,10.015131950378418,2.487360000610352,0.1940918713808059,0.063587337732315
3326356766.0,-0.2980647087097168,-0.0615316666662693,9.793643951416016,2.5933773517608643,0.239121675491333,0.0501398667693138
3326365099.0,-0.3482097089290619,0.1012007221579551,9.665583610534668,2.7543630599975586,1.0364928245544434,0.0921984538435936
3326373432.0,-0.5564728379249573,0.1109733507037162,9.997982025146484,2.705414056777954,1.1923811435699463,0.1822324842214584
3326381765.0,-0.5264990329742432,-0.1250401437282562,10.093969345092772,2.513256311416626,0.6256149411201477,0.0404576882719993
3326390098.0,-0.4348485171794891,-0.2287710309028625,9.937240600585938,2.734947204589844,0.1287243515253067,0.0167132895439863
3326398431.0,-0.371010422706604,0.0121848778799176,9.726760864257812,2.85359263420105,0.5444434285163879,0.0365899391472339
3326406764.0,-0.4246732592582702,0.2569363713264465,9.863693237304688,2.8230600357055664,1.0331116914749146,0.1704499274492263
3326415097.0,-0.4468104243278503,0.0900755077600479,10.065016746520996,2.619452714920044,0.9437950253486632,0.0615125894546508
3326423430.0,-0.3718849122524261,-0.2247815579175949,9.899785041809082,2.467329740524292,0.3392989635467529,0.1195800602436065
3326431763.0,-0.3282123506069183,-0.1628493517637252,9.713319778442385,2.808997869491577,0.412811815738678,0.1038529127836227
3326440096.0,-0.4450246393680572,0.1096532642841339,9.791762351989746,2.878438234329224,1.2380512952804563,0.0138188796117901
3326448429.0,-0.5164486169815063,0.1857180148363113,10.16161823272705,2.806103706359864,1.0728394985198977,0.1282889097929
3326456762.0,-0.490652322769165,-0.0371259078383445,10.087263107299805,2.4296767711639404,0.4033857882022857,0.0717326626181602
3326465095.0,-0.4159174561500549,-0.1586295068264007,9.813812255859377,2.6614089012146,0.2160176634788513,0.1191702336072921
3326473428.0,-0.4139150977134704,0.0396058112382888,9.698158264160156,2.7964212894439697,0.8758658766746521,0.0848471596837043
3326481761.0,-0.4894149005413055,0.1055952012538909,9.97045612335205,2.8724701404571533,1.0423072576522827,0.0538539290428161
3326490094.0,-0.404826283454895,-0.023750340566039,10.065988540649414,2.560027599334717,0.4148353338241577,0.0765993669629097
3326498427.0,-0.3048290908336639,-0.1119511798024177,9.83001708984375,2.5525481700897217,0.1682983487844467,0.0088241044431924
3326506760.0,-0.3152903318405151,0.0033941490110009,9.696931838989258,2.807870864868164,0.6928266286849976,0.0018058036221191
3326515093.0,-0.518036961555481,0.1656861007213592,9.89285659790039,2.8504929542541504,1.455644130706787,0.0573630779981613
3326523426.0,-0.6050323247909546,-0.0101890573278069,10.100112915039062,2.637945890426636,1.0304991006851196,0.0987812951207161
3326531759.0,-0.5076165199279785,-0.2376444041728973,9.999526977539062,2.578111410140991,0.1757777035236358,0.0068005798384547
3326540092.0,-0.3675253093242645,-0.1169967427849769,9.726893424987791,2.7687575817108154,0.2603302299976349,-0.0490512549877166
3326548425.0,-0.4012418985366821,0.1970854103565216,9.7632417678833,2.937299489974976,0.9122636914253236,0.1199642717838287
3326556758.0,-0.4716799259185791,0.1873902231454849,10.041770935058594,2.728851318359375,0.9996340274810792,0.0558262281119823
3326565091.0,-0.4147110283374786,-0.0854973867535591,10.031972885131836,2.540279150009156,0.348776251077652,-0.0022540527861565
3326573424.0,-0.3289594948291778,-0.2125123888254165,9.78895092010498,2.6747794151306152,0.2574871182441711,0.0195564702153205
3326581757.0,-0.4087623655796051,0.0522430799901485,9.704952239990234,2.9310498237609863,0.988824725151062,0.063587337732315
3326590090.0,-0.5570970177650452,0.225914180278778,9.961832046508787,2.843577146530152,1.1912285089492798,0.0909433513879776
3326598423.0,-0.5456948280334473,0.1022253856062889,10.127020835876465,2.555980682373047,0.7409301996231079,0.0619480274617672
3326606756.0,-0.4311549961566925,-0.1173831149935722,9.907060623168944,2.4611823558807373,0.1532883942127227,0.1740615367889404
3326615089.0,-0.3882927894592285,-0.0252363234758377,9.672632217407228,2.7653770446777344,0.5469536185264587,0.1205277889966964
3326623422.0,-0.4703186452388763,0.1665592193603515,9.888538360595703,2.8554108142852783,1.1830317974090576,0.1528529375791549
3326631755.0,-0.416527658700943,0.1986779570579528,10.003979682922363,2.660383939743042,0.681786835193634,0.142018124461174
3326640088.0,-0.2960426807403564,-0.0151047343388199,9.913820266723633,2.560488700866699,0.1169674023985862,0.1024185195565223
3326648421.0,-0.253001719713211,-0.0555300898849964,9.678635597229004,2.509132146835327,0.3448572754859924,0.1294415444135666
3326656754.0,-0.4256252348423004,0.1298415064811706,9.747479438781738,2.733461618423462,1.2145885229110718,0.0917629897594451
3326665087.0,-0.5740684270858765,0.083168625831604,10.099703788757324,2.788532257080078,1.2449158430099487,0.059617131948471
3326673420.0,-0.5760837197303772,-0.179837554693222,10.112926483154297,2.4978106021881104,0.3649900555610657,-0.0360136218369007
3326681753.0,-0.3758407533168793,-0.2034268826246261,9.82457447052002,2.6539549827575684,0.0638434886932373,0.0953489914536476
3326690086.0,-0.3825829327106476,0.0586677305400371,9.74152374267578,2.914631128311157,0.7371393442153931,0.1120494827628135
3326698419.0,-0.4281810820102691,0.2180311679840088,10.000995635986328,2.878182172775269,1.231391668319702,0.0873829647898674
3326706752.0,-0.4178945422172546,0.01783930324018,10.105453491210938,2.5353097915649414,0.6589902639389038,0.0666354298591613
3326715085.0,-0.3961049020290375,-0.270021378993988,9.821255683898926,2.5754730701446533,0.2288760095834732,0.001524047111161
3326723418.0,-0.3206568956375122,-0.0876479819416999,9.62695026397705,2.797112941741944,0.5978747010231018,0.1471153646707534
3326731751.0,-0.5163864493370056,0.1695749312639236,9.938203811645508,2.971520185470581,1.3942211866378784,0.070861779153347
3326740084.0,-0.5853435397148132,0.1823491156101226,10.15782642364502,2.710383176803589,1.1554454565048218,0.2051828205585479
3326748417.0,-0.5136232972145081,-0.0585950203239917,10.044526100158691,2.493558645248413,0.2161200940608978,0.1105126142501831
3326756750.0,-0.4533092081546783,-0.1197188943624496,9.71941089630127,2.6351542472839355,0.2345111668109893,0.0327990315854549
3326765083.0,-0.4585411548614502,0.0682685375213623,9.708329200744627,2.797778844833374,1.0051155090332031,0.1361524760723114
3326773416.0,-0.5068100690841675,0.1179748401045799,10.035981178283691,2.7710890769958496,1.0815227031707764,0.0787253603339195
3326781749.0,-0.42109015583992,-0.0524585284292697,10.064645767211914,2.466407299041748,0.2596130967140198,-0.0352964140474796
3326790082.0,-0.3189831674098968,-0.1067616790533065,9.801770210266112,2.4740917682647705,0.1224488466978073,0.1252408027648925
3326798415.0,-0.3318923413753509,0.0121701592579483,9.65741729736328,2.711791753768921,0.83139967918396,0.1261372864246368
3326806748.0,-0.526606023311615,0.105369783937931,9.912198066711426,2.879078388214112,1.4131245613098145,0.062562771141529
3326815081.0,-0.5632601380348206,-0.0990206450223922,10.122037887573242,2.600446939468384,0.6907519102096558,0.1088733002543449
3326823414.0,-0.4587991833686828,-0.2794033288955688,9.926201820373535,2.536949157714844,0.047373529523611,0.0114623699337244
3326831747.0,-0.3776995837688446,-0.0755084306001663,9.649395942687988,2.8646066188812256,0.4904229640960693,0.0538283176720142
3326840080.0,-0.4512610137462616,0.1666827946901321,9.820597648620604,3.016549587249756,0.984367847442627,0.1778268218040466
3326848413.0,-0.464647501707077,0.1043273955583572,10.082962989807127,2.7123806476593018,0.9572936296463012,0.0148690622299909
3326856746.0,-0.4079746305942535,-0.1614032685756683,9.965734481811523,2.528445243835449,0.1531091034412384,0.0671477243304252
3326865079.0,-0.3052021861076355,-0.1652675122022628,9.686991691589355,2.726341009140014,0.3202419877052307,0.0655340254306793
3326873412.0,-0.3812408447265625,0.1091818213462829,9.742023468017578,2.9519762992858887,1.190459966659546,-0.0296612847596406
3326881745.0,-0.4983796179294586,0.2219141125679016,10.067381858825684,2.947109699249268,1.2425081729888916,0.1013427227735519
3326890078.0,-0.4880160391330719,0.0179059095680713,10.11013412475586,2.5280611515045166,0.4431391060352325,0.1201435774564743
3326898411.0,-0.3860282599925995,-0.0756730064749717,9.837072372436523,2.518378734588623,0.3496727049350738,0.1008304357528686
3326906744.0,-0.3816110789775848,0.0520962141454219,9.721061706542969,2.838813066482544,0.9195382595062256,0.054724808782339
3326915077.0,-0.4613331854343414,0.1836529672145843,9.913653373718262,2.804182291030884,1.2006032466888428,0.037332747131586
3326923410.0,-0.4280189573764801,0.0561162233352661,10.085693359375,2.5396642684936523,0.5509750247001648,0.1144316047430038
3326931743.0,-0.3071421086788177,-0.0934803783893585,9.902260780334473,2.6140990257263184,-0.0024333521723747,0.0879976972937583
3326940076.0,-0.3110872507095337,-0.0122409537434577,9.672380447387695,2.6305179595947266,0.5995652079582214,0.200597882270813
3326948409.0,-0.4636951088905334,0.1571217477321624,9.805480003356934,2.850697755813598,1.312793493270874,0.0331576280295848
3326956742.0,-0.587607741355896,0.0919932276010513,10.071640014648438,2.6526741981506348,0.9905408024787904,0.0506777614355087
3326965075.0,-0.5212790369987488,-0.137602612376213,10.063136100769045,2.567660331726074,0.1854342520236969,0.0493202023208141
3326973408.0,-0.3701599538326263,-0.1193917989730835,9.81240463256836,2.6229617595672607,0.2466779202222824,0.0923265069723129
3326981741.0,-0.3827152252197265,0.1719196289777755,9.775506019592283,2.8112776279449463,0.8630332946777344,0.1199386566877365
3326990074.0,-0.4626020193099975,0.2570882439613342,9.936296463012695,2.8225224018096924,1.1843125820159912,0.0178147014230489
3326998407.0,-0.4476819634437561,-0.0247754529118537,10.05852508544922,2.5396385192871094,0.5376043319702148,0.029904618859291
3327006740.0,-0.3631391525268554,-0.238371267914772,9.790519714355469,2.6400978565216064,0.3086643517017364,0.0005250918329693
3327015073.0,-0.4026133120059967,-0.0241491720080375,9.748719215393066,2.7817697525024414,0.8420551419258118,0.1326689273118972
3327023406.0,-0.5583707094192505,0.2248933613300323,9.942793846130373,2.953948736190796,1.3365380764007568,0.20756496489048
3327031739.0,-0.6047811508178711,0.1445177644491195,10.199515342712402,2.648473262786865,0.8036594390869141,0.0887405201792717
3327040072.0,-0.492910772562027,-0.1335716843605041,10.006142616271973,2.4896395206451416,0.1743433028459549,0.1396872401237487
3327048405.0,-0.4020171761512756,-0.1343099921941757,9.738592147827148,2.6582581996917725,0.4532055258750915,0.1435549855232238
3327056738.0,-0.4665112793445587,0.0728259906172752,9.733991622924805,2.8612253665924072,1.1032435894012451,0.1540824323892593
3327065071.0,-0.5097559094429016,0.1072370782494545,10.0349702835083,2.701366901397705,0.9102147221565248,0.1197849661111831
3327073404.0,-0.4053412973880768,-0.0921935439109802,10.002625465393066,2.5186607837677,0.1392005681991577,0.0269333701580762
3327081737.0,-0.294876217842102,-0.1350941956043243,9.757490158081056,2.708052396774292,0.0923521369695663,0.0048538977280259
3327090070.0,-0.3896473050117492,0.0604469291865825,9.679750442504885,2.7820515632629395,1.10180926322937,0.0284189935773611
3327098403.0,-0.5385191440582275,0.1140820458531379,9.939943313598633,2.768937587738037,1.436792254447937,0.174496978521347
3327106736.0,-0.549869954586029,-0.1170432940125465,10.082656860351562,2.5575430393218994,0.4968520998954773,0.094145119190216
3327115069.0,-0.4141266047954559,-0.2513840198516845,9.84858226776123,2.6331307888031006,0.0208884105086326,0.0407394394278526
3327123402.0,-0.3658336699008941,-0.0258564334362745,9.71154499053955,2.8551037311553955,0.4538713991641998,0.0656364783644676
3327131735.0,-0.4342366755008697,0.2341590374708175,9.868246078491213,2.8571271896362305,1.199834942817688,0.0095156887546181
3327140068.0,-0.4350605010986328,0.0940876081585884,10.10297966003418,2.5785717964172363,0.8000733852386475,0.0731414407491684
3327148401.0,-0.3355604410171509,-0.1826533079147339,9.90471076965332,2.552778720855713,0.1608701944351196,-0.0431343726813793
3327156734.0,-0.2772789299488067,-0.1550031751394271,9.688642501831056,2.7860476970672607,0.4130423665046692,-0.0383445098996162
3327165067.0,-0.3854164779186249,0.1091477647423744,9.768805503845217,3.020007848739624,1.2229644060134888,-0.0202352441847324
3327173400.0,-0.5017310976982117,0.2051943689584732,10.094745635986328,2.75671935081482,1.0982487201690674,-0.0043031917884945
3327181733.0,-0.4616175889968872,0.0086973812431097,10.1146879196167,2.5482707023620605,0.4050507545471191,0.0521377809345722
3327190066.0,-0.3818691670894623,-0.1294291168451309,9.831058502197266,2.569197654724121,0.3457281589508056,0.1305941790342331
3327198399.0,-0.4219898581504822,0.0321411043405532,9.73501205444336,2.859842300415039,0.8947180509567261,0.0534953251481056
3327206732.0,-0.4778342545032501,0.1748225539922714,9.975546836853027,2.772292375564575,1.1831854581832886,0.1140473783016204
3327215065.0,-0.4310009181499481,0.0541111417114734,10.099501609802246,2.627239227294922,0.4146304130554199,0.0342590399086475
3327223398.0,-0.2670307457447052,-0.1009529456496238,9.85145378112793,2.5941457748413086,0.0732182934880256,-0.0288416277617216
3327231731.0,-0.3021292388439178,0.0013100013602524,9.639697074890137,2.738046646118164,0.6454916000366211,0.0342846550047397
3327240064.0,-0.4780355095863342,0.1661153882741928,9.886042594909668,2.7820003032684326,1.4997260570526123,0.1341545283794403
3327248397.0,-0.6032203435897827,0.0106413383036851,10.146224975585938,2.6404049396514893,1.021124243736267,0.1122031584382057
3327256730.0,-0.5218365788459778,-0.1732873022556305,10.015446662902832,2.567481279373169,0.2437066286802292,0.0849239975214004
3327265063.0,-0.4189252853393554,-0.0760949254035949,9.773955345153809,2.7945773601531982,0.3931400775909424,0.0413797944784164
3327273396.0,-0.4459278583526611,0.2217400074005127,9.811829566955566,3.0472617149353027,1.0584698915481567,0.1521357595920562
3327281729.0,-0.5136088132858276,0.211990624666214,10.052167892456056,2.736893892288208,1.1460449695587158,0.0306474287062883
3327290062.0,-0.4535661041736603,-0.093668483197689,10.030381202697754,2.5072624683380127,0.4953664541244507,0.0614869780838489
3327298395.0,-0.368770569562912,-0.2053512185811996,9.764223098754885,2.5309042930603027,0.2513396739959717,0.0390489026904106
3327306728.0,-0.4068658947944641,0.0397556200623512,9.70239543914795,2.9503629207611084,1.0021953582763672,0.0557493790984153
3327315061.0,-0.5326793789863586,0.221784695982933,9.98133945465088,2.7822823524475098,1.0907182693481443,0.1386882811784744
3327323394.0,-0.5825561285018921,0.0913989096879959,10.210411071777344,2.593812704086304,0.7331434488296509,0.0344383381307125
3327331727.0,-0.4628674685955047,-0.1554345786571502,9.880854606628418,2.4238879680633545,0.06138451769948,0.0470661595463752
3327340060.0,-0.4191596806049347,-0.1024321168661117,9.71585178375244,2.732975006103516,0.5960816740989685,0.0415847152471542
3327348393.0,-0.4695103466510772,0.0954731255769729,9.862714767456056,2.869370937347412,1.1255022287368774,0.0907640382647514
3327356726.0,-0.4767563045024872,0.0575185380876064,10.100208282470703,2.7179644107818604,0.8177984356880188,0.0542637556791305
3327365059.0,-0.3424946665763855,-0.1396875381469726,9.956120491027832,2.6523666381835938,0.0524195283651351,0.0575167648494243
3327373392.0,-0.2643514275550842,-0.056242436170578,9.697750091552734,2.6690163612365723,0.2660166621208191,-0.0280732046812772
3327381725.0,-0.4347182810306549,0.097990833222866,9.757575988769531,2.814453601837158,1.1024750471115112,0.1139193102717399
3327390058.0,-0.5577146410942078,0.0448721945285797,10.00559139251709,2.701673984527588,1.1003234386444092,0.0941451117396354
3327398391.0,-0.5167664289474487,-0.1749358773231506,10.091532707214355,2.6160459518432617,0.4292817413806915,-0.0122179901227355
3327406724.0,-0.4030962586402893,-0.1815803498029709,9.826227188110352,2.7926559448242188,0.1205277740955352,0.0052637257613241
3327415057.0,-0.3472925424575805,0.0962055698037147,9.73951816558838,2.9872732162475586,0.5374763011932373,0.0264467000961303
3327423390.0,-0.4212580323219299,0.238882765173912,9.930739402770996,2.9432930946350098,1.1124390363693235,0.2023396492004394
3327431723.0,-0.4472282528877258,0.0114654256030917,10.070216178894045,2.5459141731262207,0.7397518754005432,0.1389444172382354
3327440056.0,-0.3423384726047516,-0.2565191388130188,9.85945987701416,2.627239227294922,0.1387907266616821,0.0730646103620529
3327448389.0,-0.3118036687374115,-0.1001976728439331,9.660015106201172,2.845088481903076,0.6087607145309448,-0.0250251069664955
3327456722.0,-0.4232341051101684,0.1824351251125335,9.86333179473877,2.871112585067749,1.3067998886108398,0.1037248447537422
3327465055.0,-0.5076537132263184,0.1453247219324112,10.111772537231444,2.7246246337890625,0.9609821438789368,0.1686313152313232
3327473388.0,-0.4557552337646484,-0.0933666005730629,10.072662353515623,2.5075438022613525,0.2487270236015319,0.1113066524267196
3327481721.0,-0.37561696767807,-0.1256173700094223,9.739872932434082,2.772292375564575,0.3493397235870361,-0.0106042921543121
3327490054.0,-0.4435208141803741,0.0379513502120971,9.768783569335938,2.855487823486328,0.9379292726516724,-0.0128583461046218
3327498387.0,-0.4758530259132385,0.1448306143283844,10.032172203063965,2.779670000076294,1.0623376369476318,0.129748910665512
3327506720.0,-0.3857977390289306,-0.0618014335632324,10.067413330078123,2.687868118286133,0.3603538870811462,0.0738586485385894
3327515053.0,-0.2672155201435089,-0.0821441262960434,9.761921882629396,2.755720376968384,0.3438583016395569,0.0139981806278228
3327523386.0,-0.3538177013397217,0.0729963555932045,9.706954956054688,2.9098923206329346,0.9078069925308228,0.141633927822113
3327531719.0,-0.5452572703361511,0.1316999793052673,9.92883586883545,2.891988039016724,1.3624595403671265,0.0881257727742195
3327540052.0,-0.5901572108268738,-0.0677089616656303,10.155357360839844,2.6541852951049805,0.7544801831245422,0.0450426340103149
3327548385.0,-0.4793540239334106,-0.1934234797954559,9.922929763793944,2.673165798187256,0.0976542681455612,0.0800316780805587
3327556718.0,-0.4044658839702606,0.0121914204210042,9.733402252197266,2.9096360206604004,0.4527187645435333,0.0851032882928848
3327565051.0,-0.4534187316894531,0.2771753072738647,9.872346878051758,2.98507046699524,1.0931004285812378,0.0889198258519172
3327573384.0,-0.4897731244564056,0.1289844810962677,10.093194961547852,2.7284412384033203,0.8915675282478333,0.0529062040150165
3327581717.0,-0.4197754263877868,-0.1215117424726486,9.929654121398926,2.6007540225982666,0.2219601422548294,-0.0167260952293872
3327590050.0,-0.3548889756202698,-0.094756007194519,9.702232360839844,2.768271446228028,0.3512608110904693,0.0270102098584175
3327598383.0,-0.4318509101867676,0.1722543388605117,9.774868965148926,2.909456729888916,1.215843677520752,0.0802365839481353
3327606716.0,-0.543805718421936,0.2379044890403747,10.086645126342772,2.8262362480163574,1.1471718549728394,0.0025998447090387
3327615049.0,-0.5197736620903015,0.034499529749155,10.09660530090332,2.5744996070861816,0.4451626241207123,0.0031889721285551
3327623382.0,-0.4442467391490936,-0.088775411248207,9.789754867553713,2.623499631881714,0.1814640611410141,0.0024717734195291
3327631715.0,-0.4467577636241913,0.0584166087210178,9.707157135009766,2.8112263679504395,0.6762542128562927,0.1671200692653656
3327640048.0,-0.5181618928909302,0.1450214236974716,9.97655200958252,2.7289278507232666,1.0656931400299072,0.1356401890516281
3327648381.0,-0.4597210586071014,0.0438469797372818,10.12631130218506,2.641199111938477,0.4339691400527954,0.0709130093455314
3327656714.0,-0.2971759438514709,-0.0515578240156173,9.8826265335083,2.5720150470733643,0.0762407705187797,0.0665585920214653
3327665047.0,-0.3146575391292572,0.0384391322731971,9.698318481445312,2.787994146347046,0.5462875366210938,0.0804158970713615
3327673380.0,-0.4670625030994415,0.1436615139245987,9.845870971679688,2.7056188583374023,1.2526769638061523,0.1275204718112945
3327681713.0,-0.5567424893379211,-0.0070127141661942,10.155354499816896,2.61719822883606,0.8646469116210938,0.1073108315467834
3327690046.0,-0.476473331451416,-0.1856268644332885,9.990644454956056,2.549064874649048,0.1394310891628265,-0.0595530942082405
3327698379.0,-0.3547552227973938,-0.0670804008841514,9.765382766723633,2.7017509937286377,0.2149930596351623,0.0415334813296794
3327706712.0,-0.3707295656204223,0.1682581007480621,9.793593406677246,2.990576982498169,0.9904896020889282,0.103776067495346
3327715045.0,-0.4340256452560425,0.1810544729232788,10.02688980102539,2.6925041675567627,1.007010817527771,0.1134326383471489
3327723378.0,-0.4035879373550415,-0.1043160706758499,9.99848747253418,2.5399718284606934,0.3606100082397461,0.0867682173848152
3327731711.0,-0.3176807463169098,-0.2052345871925354,9.753755569458008,2.4952492713928223,0.1041346713900566,-0.0601166114211082
3327740044.0,-0.3596453964710235,0.0179488062858581,9.700227737426758,2.8399910926818848,0.9741990566253662,0.0609746873378753
3327748377.0,-0.5071248412132263,0.1834262609481811,9.996726036071776,2.7835886478424072,1.3135106563568115,0.1123824641108512
3327756710.0,-0.5021778345108032,0.0776196494698524,10.165637016296388,2.5557243824005127,0.7523797750473022,-0.0293283015489578
3327765043.0,-0.4344545602798462,-0.1209835112094879,9.955033302307127,2.5842840671539307,0.160921424627304,0.0388952121138572
3327773376.0,-0.3974148333072662,-0.0805010944604873,9.687829971313477,2.6965770721435547,0.6433399319648743,0.160434752702713
3327781709.0,-0.459778219461441,0.0853803157806396,9.85916519165039,2.744987726211548,1.1581348180770874,0.1113066524267196
3327790042.0,-0.4493310153484344,0.0381334014236927,10.083647727966309,2.6715006828308105,0.7562475204467773,0.1274948418140411
3327798375.0,-0.3395113348960876,-0.1014088317751884,9.96776008605957,2.536257266998291,0.2648895978927612,-0.0383701212704181
3327806708.0,-0.327510118484497,-0.0359678864479064,9.69306468963623,2.6755990982055664,0.4570988416671753,0.1354352682828903
3327815041.0,-0.4635189473628998,0.1103598102927208,9.743976593017578,2.8812813758850098,1.3741142749786377,0.150189071893692
3327823374.0,-0.6154184937477112,0.06086091324687,10.023931503295898,2.737354755401612,1.2473748922348022,0.0229631606489419
3327831707.0,-0.5527042746543884,-0.1736066937446594,10.08515739440918,2.545222520828247,0.4211620390415191,0.003368271747604
3327840040.0,-0.415679931640625,-0.1967453360557556,9.796977996826172,2.66243314743042,0.3470600545406341,-0.0439284145832061
3327848373.0,-0.3875170052051544,0.1034271866083145,9.75059986114502,2.9046671390533447,0.8370091915130615,0.2005210518836975
3327856706.0,-0.4560760259628296,0.2289590090513229,9.961474418640137,2.932330369949341,1.123888611793518,0.1345387548208236
3327865039.0,-0.4488201141357422,-0.0214778129011392,10.076915740966797,2.5638949871063232,0.5230298638343811,0.0531879588961601
3327873372.0,-0.366390585899353,-0.226192831993103,9.788145065307615,2.619145393371582,0.1727552264928817,0.0050331973470747
3327881705.0,-0.377834677696228,-0.0476199053227901,9.69740867614746,2.871112585067749,0.7555302977561951,0.181233525276184
3327890038.0,-0.5123221278190613,0.1912653893232345,9.90081787109375,2.948723316192627,1.3447856903076172,0.0880489274859428
3327898371.0,-0.5585376620292664,0.1201883256435394,10.14077854156494,2.647013664245605,0.9229449033737184,0.0819527357816696
3327906704.0,-0.4902615845203399,-0.0841056406497955,10.004084587097168,2.611307144165039,0.2493930011987686,0.0546223558485507
3327915037.0,-0.3645662069320678,-0.044789683073759,9.70333480834961,2.734896183013916,0.2029287964105606,0.0919422954320907
3327923370.0,-0.4190458059310913,0.1056007966399192,9.743420600891112,2.912914752960205,0.9373144507408142,0.1020086854696273
3327931703.0,-0.4512573182582855,0.1051271334290504,10.031927108764648,2.772446393966675,1.056779384613037,0.0707849338650703
3327940036.0,-0.3471359014511108,-0.0698351562023162,10.064855575561523,2.496299266815185,0.2979831993579864,-0.0107579780742526
3327948369.0,-0.2648562490940094,-0.0799312442541122,9.7829008102417,2.718502759933472,0.2674766778945923,0.0357958935201168
3327956702.0,-0.3518328666687011,0.0991264283657074,9.704526901245115,2.8461642265319824,1.0070363283157349,0.0212470069527626
3327965035.0,-0.5258874893188477,0.0655451565980911,9.959129333496094,2.6630735397338867,1.308080554008484,0.0605392418801784
3327973368.0,-0.5532764792442322,-0.1176362484693527,10.145764350891112,2.5376150608062744,0.5514360666275024,0.075318656861782
3327981701.0,-0.4343324303627014,-0.2036701589822769,9.880542755126951,2.691274881362915,0.1232172697782516,0.0266772247850894
3327990034.0,-0.3565618097782135,0.0725596621632576,9.818854331970217,2.9119672775268555,0.5717737078666687,0.0636129453778266
3327998367.0,-0.435881644487381,0.2780620753765106,9.914384841918944,2.953078031539917,1.0271949768066406,0.038434162735939
3328006700.0,-0.452860951423645,0.0974982380867004,10.118694305419922,2.626086473464966,0.7627278566360474,0.0813380032777786
3328015033.0,-0.3843457400798797,-0.1832823157310485,9.863455772399902,2.581364393234253,0.2889157831668854,0.0649192780256271
3328023366.0,-0.3873482346534729,-0.0606873109936714,9.714973449707031,2.878053665161133,0.5642687678337097,0.0708873867988586
3328031699.0,-0.4749719202518463,0.179550439119339,9.858436584472656,2.926567316055298,1.4153529405593872,0.0273175835609436
3328040032.0,-0.5638751983642578,0.17853544652462,10.104358673095703,2.799187660217285,0.9881587028503418,0.1273155659437179
3328048365.0,-0.4745246171951294,-0.0541677512228488,10.076924324035645,2.544198036193848,0.3388123214244842,0.0707593262195587
3328056698.0,-0.4158452749252319,-0.0892856121063232,9.751955032348633,2.6782116889953613,0.3802304863929748,0.1276997625827789
3328065031.0,-0.4449940919876098,0.0637349635362625,9.747862815856934,2.784459590911865,0.8557330965995789,0.154978945851326
3328073364.0,-0.4606722295284271,0.0997358486056327,9.991942405700684,2.7023403644561768,0.9299887418746948,0.0819783508777618
3328081697.0,-0.408147931098938,-0.0519283264875412,10.074312210083008,2.514050006866455,0.3918593823909759,0.0104890307411551
3328090030.0,-0.3040874600410461,-0.0865194648504257,9.818768501281738,2.6039302349090576,0.1666590124368667,0.0726803988218307
3328098363.0,-0.3575735986232757,0.0602758787572383,9.707866668701172,2.75341534614563,0.8087310791015625,0.1478325575590133
3328106696.0,-0.5636109709739685,0.1108618378639221,9.939434051513672,2.771703720092773,1.4262645244598389,0.1841535419225692
3328115029.0,-0.5674164891242981,-0.0964655727148056,10.100004196166992,2.5014476776123047,0.7486656308174133,-0.0867554098367691
3328123362.0,-0.4744863510131836,-0.2321686297655105,9.932087898254396,2.5900473594665527,0.0374608188867569,0.0888685882091522
3328131695.0,-0.3472954034805298,0.0060562267899513,9.71678066253662,2.861071348190308,0.4124788045883178,0.0476808957755565
3328140028.0,-0.4116710722446441,0.2375910431146621,9.84587287902832,2.9356348514556885,1.0168211460113523,0.093888983130455
3328148361.0,-0.4570717215538025,0.1401931941509246,10.037485122680664,2.629801034927368,0.9653365612030028,0.2887877225875854
3328156694.0,-0.385628342628479,-0.1702905446290969,9.925084114074709,2.5705039501190186,0.2777223289012909,-0.0174689069390296
3328165027.0,-0.3529888391494751,-0.1630963683128357,9.65107536315918,2.6588728427886963,0.4395786821842193,-0.0156246833503246
3328173360.0,-0.4336222410202026,0.132056713104248,9.785635948181152,2.88399624824524,0.9195382595062256,0.0690943971276283
3328181693.0,-0.5227453112602234,0.2054643929004669,10.05807876586914,2.788275957107544,1.14614737033844,0.0544942878186702
3328190026.0,-0.4887847602367401,-0.0165176540613174,10.115620613098145,2.560206890106201,0.3738013803958893,0.0937865301966667
3328198359.0,-0.3848048150539398,-0.1376523673534393,9.839377403259276,2.543199062347412,0.0736537426710128,0.0464258044958114
3328206692.0,-0.3981529474258423,-0.0197160840034484,9.724400520324709,2.775059223175049,0.7334508299827576,-0.0202608611434698
3328215025.0,-0.4545953571796417,0.0978679656982421,9.964924812316896,2.7142508029937744,1.123478889465332,0.069478616118431
3328223358.0,-0.4330403804779053,-0.0527255795896053,10.095498085021973,2.600933313369751,0.4461359679698944,-0.0582467727363109
3328231691.0,-0.2822223603725433,-0.1206543296575546,9.846179008483888,2.564637899398804,0.0342846512794494,0.0316463857889175
3328240024.0,-0.3050899505615234,0.0168662331998348,9.676286697387695,2.782512664794922,0.7143425345420837,0.0534953251481056
3328248357.0,-0.4691447019577026,0.1259375363588333,9.861191749572754,2.757615804672241,1.2006800174713137,0.1188884750008583
3328256690.0,-0.5849675536155701,-0.0245083216577768,10.105010986328123,2.638150930404663,0.902607262134552,0.1153537184000015
3328265023.0,-0.4916712939739227,-0.237478956580162,9.981781005859377,2.676751613616944,0.212534099817276,0.0123076401650905
3328273356.0,-0.3841902315616607,-0.0671246424317359,9.754161834716797,2.826415538787842,0.0499861761927604,0.1117420941591262
3328281689.0,-0.397374540567398,0.2244644314050674,9.819184303283691,2.919318437576294,0.957242488861084,0.0908921062946319
3328290022.0,-0.4486806988716125,0.1707785278558731,10.054498672485352,2.7480359077453613,1.0210474729537964,0.0802109837532043
3328298355.0,-0.4151146709918976,-0.1306173950433731,9.995630264282228,2.6212713718414307,0.3779252171516418,0.0899956151843071
3328306688.0,-0.3357272446155548,-0.1913510262966156,9.734176635742188,2.679338455200196,0.2613804638385772,0.0603343285620212
3328315021.0,-0.3952839076519012,0.0633971989154815,9.728076934814451,2.91434907913208,0.8872642517089844,0.0596939660608768
3328323354.0,-0.4667399227619171,0.2230798900127411,10.011957168579102,2.9061527252197266,1.233722448348999,0.1417107582092285
3328331687.0,-0.5106492042541504,0.0507974326610565,10.136516571044922,2.5936591625213623,0.6996400356292725,0.1453223675489425
3328340020.0,-0.4484051465988159,-0.1379573345184326,9.904273986816406,2.6345906257629395,0.1352047324180603,0.052368301898241
3328348353.0,-0.4355815947055816,0.0017509742174297,9.723560333251951,2.8040032386779785,0.6440570950508118,0.1054922193288803
3328356686.0,-0.4883902072906494,0.1354731619358062,9.877370834350586,2.83274245262146,1.1782418489456177,0.1380991488695144
3328365019.0,-0.4652365744113922,0.0798604413866996,10.092330932617188,2.690788507461548,0.7923123836517334,0.0441461354494094
3328373352.0,-0.3398129642009735,-0.0640603974461555,9.928387641906738,2.64020037651062,0.2145832479000091,0.0081069050356745
3328381685.0,-0.2736118733882904,0.0162280164659023,9.676565170288086,2.77867078781128,0.4766680896282196,0.1090782284736633
3328390018.0,-0.4249232709407806,0.1258126348257064,9.750572204589844,2.819397211074829,1.3066462278366089,-0.0107067497447133
3328398351.0,-0.5821951031684875,0.0308611877262592,10.075235366821287,2.610180377960205,1.108494520187378,0.061051532626152
3328406684.0,-0.5320637822151184,-0.1748508065938949,10.082322120666504,2.51143741607666,0.3326136469841003,0.0023949309252202
3328415017.0,-0.4120974838733673,-0.0715600624680519,9.80432415008545,2.825749635696411,0.1004974469542503,0.1063631251454353
3328423350.0,-0.403386652469635,0.1954267770051956,9.80812168121338,2.978487253189087,0.8585506677627563,0.0493202097713947
3328431683.0,-0.4649223685264587,0.2439390122890472,9.976066589355469,2.757615804672241,1.1558808088302612,0.1088989302515983
3328440016.0,-0.4331836700439453,-0.0312779657542705,10.048293113708496,2.549346446990967,0.4797418117523193,0.0350530780851841
3328448349.0,-0.3573328256607055,-0.1835393458604812,9.763060569763184,2.585743904113769,0.2490087747573852,0.0885612145066261
3328456682.0,-0.3566904067993164,0.0461186356842517,9.67931079864502,2.8204987049102783,0.7614215612411499,0.0129223810508847
3328465015.0,-0.4727019667625427,0.235930785536766,9.959515571594238,2.7739319801330566,1.2876659631729126,0.2005978673696518
3328473348.0,-0.5224059224128723,0.0985470041632652,10.1910982131958,2.659461975097656,0.9389795064926147,0.1209888383746147
3328481681.0,-0.4403712451457977,-0.0716685801744461,9.958415985107422,2.496504068374634,0.1745994240045547,-0.0071719856932759
3328490014.0,-0.4106596410274505,-0.043142095208168,9.74440574645996,2.72180724143982,0.4951103925704956,0.1237295717000961
3328498347.0,-0.4772405326366424,0.1096749082207679,9.81999683380127,2.8039774894714355,1.1583398580551147,0.0842324048280716
3328506680.0,-0.4704680442810058,0.0566339455544948,10.07507038116455,2.6452972888946533,0.9208189249038696,0.1230379864573478
3328515013.0,-0.3531615138053894,-0.062322836369276,10.017539978027344,2.536385536193848,0.198087677359581,0.0583364181220531
3328523346.0,-0.3003318607807159,-0.0156888365745544,9.726396560668944,2.5060839653015137,0.3297192454338074,0.0210420936346054
3328531679.0,-0.3753138780593872,0.1327772289514541,9.725820541381836,2.7450389862060547,1.0657954216003418,0.1124592944979667
3328540012.0,-0.5247535109519958,0.0431156195700168,10.037069320678713,2.649830818176269,1.2149982452392578,0.1502146571874618
3328548345.0,-0.5366292595863342,-0.188125729560852,10.099984169006348,2.543608903884888,0.5271281003952026,0.0065444367937743
3328556678.0,-0.4193876981735229,-0.1551354527473449,9.815887451171877,2.663329839706421,0.1670432239770889,0.1082585602998733
3328565011.0,-0.3860977590084076,0.1385580003261566,9.753161430358888,2.9136829376220703,0.7123445868492126,0.0984482988715171
3328573344.0,-0.4419949650764465,0.2385655045509338,9.946133613586426,2.846036195755005,1.0637975931167605,0.0996521785855293
3328581677.0,-0.4326182901859283,-0.0196896996349096,10.052742004394531,2.624473094940185,0.690546989440918,0.0117185115814208
3328590010.0,-0.3585598766803741,-0.2185105979442596,9.810047149658203,2.578521013259888,0.2891206741333008,0.1096929758787155
3328598343.0,-0.3563038110733032,-0.0753079801797866,9.705585479736328,2.7402238845825195,0.5930336117744446,0.1670432537794113
3328606676.0,-0.4595508277416229,0.1701550185680389,9.850468635559082,2.8144538402557373,1.2569290399551392,0.0139469504356384
3328615009.0,-0.529164731502533,0.1024425774812698,10.140603065490724,2.645451068878174,0.9815247654914856,-0.0258447658270597
3328623342.0,-0.4637567698955536,-0.0976462289690971,10.005497932434082,2.5260374546051025,0.2399157583713531,-0.0513309314846992
3328631675.0,-0.4190993309020996,-0.1326678842306137,9.73908519744873,2.644247055053711,0.3969053626060486,0.0170462727546691
3328640008.0,-0.4792061150074005,0.0556769520044326,9.773168563842772,2.6814897060394287,1.078115940093994,0.076957955956459
3328648341.0,-0.5208755731582642,0.0568656288087368,10.03072738647461,2.778132677078247,0.9329344630241394,0.0589255504310131
3328656674.0,-0.376123696565628,-0.107671208679676,10.018332481384276,2.7142252922058105,0.2957035601139068,0.0565690398216247
3328665007.0,-0.2536292970180511,-0.0696478560566902,9.75815200805664,2.7039794921875,0.244756817817688,-0.051561452448368
3328673340.0,-0.3588808476924896,0.125624418258667,9.703289031982422,2.8063852787017822,1.0105713605880735,0.052931822836399
3328681673.0,-0.5489792823791504,0.0925053283572197,9.924042701721191,2.7997000217437744,1.2976043224334717,0.0746270716190338
3328690006.0,-0.5953188538551331,-0.1399590671062469,10.082941055297852,2.6312096118927,0.623155951499939,0.0686845779418945
3328698339.0,-0.4790535569190979,-0.197329580783844,9.87051486968994,2.709358692169189,0.1023160591721534,-0.0026638805866241
3328706672.0,-0.4017170369625091,0.0475559197366237,9.74680233001709,3.0003106594085693,0.6121162176132202,0.0472966842353343
3328715005.0,-0.4234845042228699,0.2573523819446563,9.95287036895752,2.889221429824829,1.083648681640625,0.1463213115930557
3328723338.0,-0.4481342136859894,0.0762267932295799,10.080739974975586,2.67126989364624,0.6886770725250244,0.0691456273198127
3328731671.0,-0.3699951469898224,-0.1966650933027267,9.872145652770996,2.5929675102233887,0.1661467403173446,0.0510363616049289
3328740004.0,-0.320692628622055,-0.1128906086087226,9.681336402893066,2.7555923461914062,0.5595813393592834,0.0593866072595119
3328748337.0,-0.4412293434143066,0.1515716761350631,9.812955856323242,2.920010089874268,1.2006545066833496,0.1523918807506561
3328756670.0,-0.5203654170036316,0.2013745754957199,10.160959243774414,2.6769821643829346,1.1226078271865845,0.0572862364351749
3328765003.0,-0.4760952889919281,-0.0097330519929528,10.069976806640623,2.5277791023254395,0.3417835235595703,0.0727828443050384
3328773336.0,-0.4061437845230102,-0.0824203416705131,9.774580955505373,2.720116376876831,0.2494442164897918,0.0594122149050235
3328781669.0,-0.4199154675006866,0.0926346480846405,9.70612621307373,2.7211410999298096,0.9834201335906982,0.1388163566589355
3328790002.0,-0.4794785678386688,0.157999575138092,9.995841026306152,2.8042590618133545,1.0055252313613892,0.1271106451749801
3328798335.0,-0.3888415098190307,-0.0229878742247819,10.093175888061523,2.592659950256348,0.4923439919948578,0.1280327439308166
3328806668.0,-0.2769566774368286,-0.068273901939392,9.84528923034668,2.5893301963806152,0.164635494351387,0.0111037706956267
3328815001.0,-0.3191635310649872,0.0571925863623619,9.682032585144045,2.6982674598693848,0.7255359888076782,0.0533416457474231
3328823334.0,-0.4892379641532898,0.1313632279634475,9.894476890563965,2.7618677616119385,1.3067487478256226,0.2029543966054916
3328831667.0,-0.5488939881324768,-0.089612491428852,10.115787506103516,2.5488085746765137,0.8916699886322021,0.0719119682908058
3328840000.0,-0.4596149027347564,-0.2405204772949218,9.929438591003418,2.652827739715576,0.3300778567790985,-0.0118081625550985
3328848333.0,-0.3969610035419464,-0.0167498365044593,9.770262718200684,2.8412206172943115,0.3962137997150421,0.0116416690871119
3328856666.0,-0.4237233996391296,0.2420505285263061,9.852377891540527,2.941090583801269,1.1807777881622314,0.0713228434324264
3328864999.0,-0.4634251892566681,0.1711736023426056,10.086989402770996,2.723036527633667,1.025325059890747,0.0140237929299473
3328873332.0,-0.4490639567375183,-0.1423358470201492,9.978208541870115,2.4420228004455566,0.2977014482021332,0.061717502772808
3328881665.0,-0.3569153845310211,-0.163350373506546,9.711453437805176,2.7047994136810303,0.3653486669063568,0.141890063881874
3328889998.0,-0.4535766839981079,0.1048679798841476,9.746365547180176,2.811943769454956,1.032829999923706,0.1387138962745666
3328898331.0,-0.5425519347190857,0.208330824971199,10.04515266418457,2.8253910541534424,1.2831323146820068,0.2053621411323547
3328906664.0,-0.5478490591049194,0.028984997421503,10.150834083557127,2.592583417892456,0.5935202240943909,0.0190441850572824
3328914997.0,-0.4379289448261261,-0.1453147679567337,9.86900806427002,2.594069004058838,0.2711138427257538,-0.0537386685609817
3328923330.0,-0.4158357381820678,0.0018489878857508,9.696062088012695,2.672473907470703,0.7795307040214539,0.1463725417852401
3328931663.0,-0.5205696821212769,0.1527759581804275,9.898674011230469,2.6988565921783447,1.1081613302230835,0.1467823833227157
3328939996.0,-0.4738976955413818,0.0437969267368316,10.100945472717283,2.6307740211486816,0.6061480045318604,0.0850008353590965
3328948329.0,-0.3318813443183899,-0.1254024356603622,9.915874481201172,2.6067991256713867,0.1491901129484176,0.1065424233675003
3328956662.0,-0.3002120852470398,-0.0227806977927684,9.668612480163574,2.764582872390747,0.6076592803001404,0.0041879275813698
3328964995.0,-0.4560658633708954,0.1275161802768707,9.799817085266112,2.883151054382324,1.293915867805481,0.126162901520729
3328973328.0,-0.5979661345481873,0.0326021313667297,10.074481010437012,2.6919665336608887,1.0530651807785034,0.1936564296483993
3328981661.0,-0.5212458968162537,-0.2043033391237259,10.04863739013672,2.6552865505218506,0.2791823446750641,0.0013703615404665
3328989994.0,-0.3802466094493866,-0.2075849622488021,9.776124954223633,2.817399501800537,0.2030312418937683,-0.0306602418422698
3328998327.0,-0.3634170591831207,0.1239426806569099,9.752562522888184,2.919677257537842,0.898432195186615,0.0936328396201133
3329006660.0,-0.4415912330150604,0.2427590936422348,9.983051300048828,2.77085828781128,1.1563162803649902,0.0660463124513626
3329014993.0,-0.4067258834838867,-0.0081143956631422,10.09261417388916,2.5433013439178467,0.5391924977302551,-0.0047642481513321
3329023326.0,-0.3365920484066009,-0.2191441804170608,9.783949851989746,2.6196835041046143,0.1100515723228454,0.0716045945882797
3329031659.0,-0.3251501321792602,-0.0427566990256309,9.705643653869627,2.8816142082214355,0.800073504447937,0.0773165673017501
3329039992.0,-0.4918468296527862,0.2135936170816421,9.921485900878906,3.03419828414917,1.1525254249572754,-0.0161881949752569
3329048325.0,-0.5407459139823914,0.1417210698127746,10.144521713256836,2.646500825881958,1.0217902660369873,0.0417896211147308
3329056658.0,-0.4691684544086456,-0.110432893037796,10.037054061889648,2.5003464221954346,0.1732674986124038,0.0226814076304435
3329064991.0,-0.3814649581909179,-0.1277278065681457,9.74993896484375,2.62383246421814,0.3056418299674988,0.0992167368531227
3329073324.0,-0.4369931221008301,0.0790914595127105,9.791102409362791,2.907459020614624,1.0789098739624023,0.1049030944705009
3329081657.0,-0.4685771465301513,0.1434045732021331,10.075813293457031,2.7636351585388184,1.0462006330490112,0.0450426340103149
3329089990.0,-0.3587117195129394,-0.037716444581747,10.083504676818848,2.5435574054718018,0.3012361824512481,0.0503960028290748
3329098323.0,-0.2707121074199676,-0.1069961339235305,9.760882377624512,2.569530487060547,0.2592288553714752,0.0734232068061828
3329106656.0,-0.3360357582569122,0.0680845528841018,9.669096946716309,2.727083921432495,1.0646686553955078,0.1149182692170143
3329114989.0,-0.5628845691680908,0.140726551413536,9.95755672454834,2.8621985912323,1.442632079124451,0.1203228682279586
3329123322.0,-0.6008527278900146,-0.0550994053483009,10.11999225616455,2.707386016845703,0.7014073729515076,0.1214755028486251
3329131655.0,-0.4734530746936798,-0.1981365233659744,9.918862342834473,2.6815669536590576,0.1106150820851326,0.1146877482533454
3329139988.0,-0.3833178281784057,-0.0022472264245152,9.69887351989746,2.9194467067718506,0.502487301826477,0.0969626903533935
3329148321.0,-0.4446097910404205,0.2582950294017792,9.85227394104004,3.005868434906006,1.2043427228927612,0.057106927037239
3329156654.0,-0.4796404242515564,0.1885517239570617,10.091912269592283,2.6513936519622803,0.8612146377563477,0.0799292251467704
3329164987.0,-0.4127206802368164,-0.1345640271902084,9.961302757263184,2.5921733379364014,0.1678116470575332,0.0316463857889175
3329173320.0,-0.3413494527339935,-0.1706710159778595,9.674339294433594,2.662407875061035,0.3128650784492492,0.0664049088954925
3329181653.0,-0.4184757173061371,0.134089782834053,9.786473274230955,2.8371737003326416,1.1775760650634766,0.0588487088680267
3329189986.0,-0.5655199885368347,0.2572691142559051,10.073410987854004,2.8329217433929443,1.371706247329712,0.1171979382634162
3329198319.0,-0.5457145571708679,0.0596861727535724,10.161498069763184,2.6576943397521973,0.4810481071472168,-0.0999979674816131
3329206652.0,-0.4472761452198028,-0.1425579786300659,9.864339828491213,2.5082356929779053,0.1363061666488647,0.0242182593792676
3329214985.0,-0.3998346924781799,-0.0137478131800889,9.67337131500244,2.7997255325317383,0.6709520816802979,0.1771608293056488
3329223318.0,-0.484703004360199,0.1539464443922042,9.891888618469238,2.856102466583252,1.1538316011428833,0.0571581721305847
3329231651.0,-0.4517322182655334,0.0366977974772453,10.075425148010254,2.581953287124634,0.4933173656463623,-0.0380115248262882
3329239984.0,-0.3312780261039734,-0.1016370430588722,9.915200233459473,2.655543088912964,0.0522658489644527,-0.0421354174613952
3329248317.0,-0.2946797907352447,-0.0365303047001361,9.682778358459473,2.709998846054077,0.5751804709434509,0.0024973878171294
3329256650.0,-0.4508536159992218,0.1314118504524231,9.770359992980955,2.839965581893921,1.3585150241851809,0.0385366156697273
3329264983.0,-0.5869531631469727,0.0673356056213378,10.119522094726562,2.7001376152038574,1.2314685583114624,0.1304661184549331
3329273316.0,-0.4994143843650818,-0.1638927906751632,10.035813331604004,2.623141050338745,0.270089328289032,0.059617131948471
3329281649.0,-0.3681276142597198,-0.1883161664009094,9.80698585510254,2.719809293746948,0.1818994879722595,0.1378686279058456
3329289982.0,-0.3742876052856445,0.1534634083509445,9.700268745422363,2.930178642272949,0.8501492142677307,0.1257530748844146
3329298315.0,-0.4512505233287811,0.2241489589214325,9.993743896484377,2.8259289264678955,1.194045901298523,0.0982946306467056
3329306648.0,-0.4005361497402191,-0.0052904281765222,10.052528381347656,2.5800323486328125,0.6494873762130737,-0.0937480926513671
3329314981.0,-0.3260954916477203,-0.1954558938741684,9.85558032989502,2.591379404067993,0.1250102669000625,0.0941707342863082
3329323314.0,-0.3500452041625976,-0.0609259083867073,9.707250595092772,2.830027341842652,0.739598274230957,0.189173936843872
3329331647.0,-0.4770171642303467,0.2110610157251358,9.925235748291016,2.9082274436950684,1.286077857017517,0.1199130415916442
3329339980.0,-0.5437085628509521,0.1267816722393036,10.197188377380373,2.7229342460632324,0.8503542542457581,0.0822088941931724
3329348313.0,-0.4621104896068573,-0.0833414196968078,10.013365745544434,2.4070849418640137,0.2151979804039001,0.0077739208936691
3329356646.0,-0.3816893994808197,-0.1548523008823394,9.726579666137695,2.666454792022705,0.3750820457935333,0.1067729368805885
3329364979.0,-0.4580462574958801,0.0774936154484748,9.76037311553955,2.9000561237335205,1.025529861450195,0.1140986084938049
3329373312.0,-0.5009323954582214,0.1314476281404495,10.051031112670898,2.829028606414795,1.0237114429473877,0.1609214395284652
3329381645.0,-0.3864519000053406,-0.0707866847515106,10.026432037353516,2.523885726928711,0.2887877225875854,0.0897906944155693
3329389978.0,-0.2953090667724609,-0.1294997185468673,9.744507789611816,2.5999858379364014,0.2134818583726883,0.0381267853081226
3329398311.0,-0.3541014194488525,0.0754841417074203,9.69004249572754,2.8296685218811035,0.9468942284584044,0.0588487051427364
3329406644.0,-0.5496184825897217,0.1257791072130203,9.932435989379885,2.743681192398072,1.337485671043396,0.0796218365430831
3329414977.0,-0.5869682431221008,-0.0537089668214321,10.12639617919922,2.6415834426879883,0.5922651886940002,0.1302099823951721
3329423310.0,-0.4596812725067138,-0.2479395270347595,9.902106285095217,2.6658143997192383,0.0054174112156033,0.0488335378468036
3329431643.0,-0.3977444469928741,-0.0388731397688388,9.724042892456056,2.8579721450805664,0.5760769248008728,-0.0425964705646038
3329439976.0,-0.4524262249469757,0.2241323441267013,9.864964485168455,2.847393751144409,1.2307257652282717,0.0874854177236557
3329448309.0,-0.4804712533950805,0.1336922943592071,10.084717750549316,2.640225887298584,0.9078069925308228,0.1148158013820648
3329456642.0,-0.3928317129611969,-0.1629575937986374,9.95270824432373,2.518199920654297,0.2200390994548797,0.0175841748714447
3329464975.0,-0.3190645277500152,-0.1893122196197509,9.659141540527344,2.7047224044799805,0.4000303447246551,0.0487054698169231
3329473308.0,-0.4131409823894501,0.1143240854144096,9.771125793457031,2.924646139144897,1.184799313545227,0.0957332029938697
3329481641.0,-0.5345945358276367,0.2297098785638809,10.070030212402344,2.7883782386779785,1.232390522956848,0.0680186077952385
3329489974.0,-0.5087220072746277,-0.0063854176551103,10.135994911193848,2.580698251724243,0.4204448461532593,0.1129459738731384
3329498307.0,-0.4181450009346008,-0.1716052293777465,9.81639003753662,2.587998390197754,0.2215247005224228,0.0881513878703117
3329506640.0,-0.443152904510498,-0.0273759588599205,9.690336227416992,2.7295169830322266,0.815518856048584,-0.0078123426064848
3329514973.0,-0.5396061539649963,0.2351384609937667,9.886388778686523,2.86875581741333,1.3259336948394775,0.0043159988708794
3329523306.0,-0.4921656548976898,0.0043588033877313,10.087531089782717,2.698523998260498,0.5946986079216003,0.0520353242754936
3329531639.0,-0.3105354309082031,-0.0820368826389312,9.9273042678833,2.349094152450561,-0.0852185636758804,0.0442998185753822
3329539972.0,-0.3040818572044372,0.0332735665142536,9.61680507659912,2.6619210243225098,0.4653466641902923,0.1069266200065612
3329548305.0,-0.475400447845459,0.1734559088945388,9.772955894470217,2.798650026321411,1.392786979675293,0.1187347993254661
3329556638.0,-0.5610843300819397,0.051765251904726,10.153000831604004,2.627649068832397,1.129370093345642,0.1131765022873878
3329564971.0,-0.4973689913749695,-0.1806862354278564,10.026143074035645,2.553265333175659,0.1514185518026352,0.1162502095103263
3329573304.0,-0.3529697358608246,-0.1349163204431533,9.781665802001951,2.753056764602661,0.1325920820236206,-0.0071719861589372
3329581637.0,-0.3524605631828308,0.1909689009189605,9.744336128234863,2.970905542373657,0.9161571860313416,0.0806976556777954
3329589970.0,-0.471478521823883,0.2245628237724304,10.013117790222168,2.8579466342926025,1.3215792179107666,0.034899391233921
3329598303.0,-0.4595047533512115,-0.0197840016335248,10.07559585571289,2.5034966468811035,0.3075628876686096,0.1285194158554077
3329606636.0,-0.3420712053775787,-0.2308485060930252,9.794218063354492,2.6039304733276367,0.0383829288184642,-0.0325556918978691
3329614969.0,-0.3320878744125366,-0.0312020201236009,9.694591522216797,2.7772109508514404,0.8633150458335876,0.0130760669708251
3329623302.0,-0.4788041710853576,0.234518751502037,9.918960571289062,2.95604944229126,1.3685814142227173,0.1371002048254013
3329631635.0,-0.5616127848625183,0.1422695070505142,10.172731399536133,2.706361532211304,0.7298392057418823,0.0755748003721237
3329639968.0,-0.466017484664917,-0.0968109220266342,10.025066375732422,2.458057165145874,0.0984483137726783,0.0262417830526828
3329648301.0,-0.3785789310932159,-0.0976423695683479,9.6991548538208,2.639611005783081,0.3843543827533722,0.1076182052493095
3329656634.0,-0.4529320001602173,0.080714002251625,9.801769256591797,2.806718349456787,1.1067783832550049,0.1720380187034607
3329664967.0,-0.5013941526412964,0.1303737014532089,10.04197883605957,2.732232093811035,1.039207935333252,0.1701681911945343
3329673300.0,-0.4022966623306274,-0.0623875111341476,10.036691665649414,2.450347661972046,0.29611337184906,-0.0601934567093849
3329681633.0,-0.2746802866458893,-0.0902565568685531,9.756908416748049,2.614227056503296,0.3681149780750274,0.0480138808488845
3329689966.0,-0.3673161268234253,0.0642827972769737,9.701117515563965,2.7525441646575928,1.1382325887680054,0.0769323483109474
3329698299.0,-0.5762539505958557,0.1332646906375885,9.955840110778809,2.7494707107543945,1.4180169105529783,0.0488591566681861
3329706632.0,-0.5558956265449524,-0.0807448104023933,10.142192840576172,2.594632387161255,0.6790205836296082,0.1719611585140228
3329714965.0,-0.4275090098381042,-0.2060092985630035,9.88657569885254,2.608848571777344,0.0915836989879608,0.0545711293816566
3329723298.0,-0.3243988752365112,-0.01330541446805,9.689950942993164,2.8420658111572266,0.4859660863876343,0.071271613240242
3329731631.0,-0.4390524923801422,0.2266540080308914,9.845704078674316,2.9059479236602783,1.2418676614761353,0.1591028273105621
3329739964.0,-0.4743804931640625,0.1042177975177764,10.080322265625,2.6656861305236816,0.8646469116210938,0.0321074426174163
3329748297.0,-0.3905944526195526,-0.1889017224311828,9.918852806091309,2.459261178970337,0.189763069152832,0.1074133068323135
3329756630.0,-0.338796466588974,-0.1589174568653106,9.670352935791016,2.7025961875915527,0.352182924747467,0.0118978107348084
3329764963.0,-0.4353835582733154,0.1482887417078018,9.790733337402344,2.922494649887085,1.1768332719802856,0.1243955418467521
3329773296.0,-0.5569219589233398,0.2064621150493621,10.077113151550291,2.787712574005127,1.301830768585205,0.1273667961359024
3329781629.0,-0.5101281404495239,-0.0342248380184173,10.09057331085205,2.499552249908448,0.3783350586891174,0.0249098427593708
3329789962.0,-0.4171682000160217,-0.168103277683258,9.798474311828612,2.64534854888916,0.1745481938123703,0.0529574304819107
3329798295.0,-0.4042960703372955,0.0086496239528059,9.70373821258545,2.832947254180908,0.6934413909912109,0.1364342272281646
3329806628.0,-0.5037105679512024,0.144720196723938,9.948667526245115,2.86337685585022,1.180649757385254,0.0927107259631156
3329814961.0,-0.4296999275684356,0.0222588367760181,10.130308151245115,2.5350534915924072,0.6489238142967224,0.0021131741814315
3329823294.0,-0.2967927157878876,-0.1138542965054512,9.886103630065918,2.611563444137573,0.0956307500600814,0.0424812138080596
3329831627.0,-0.2992659509181976,-0.0203816443681716,9.672109603881836,2.8490583896636963,0.7334251999855042,0.1423511058092117
3329839960.0,-0.5057520866394043,0.1273744106292724,9.826417922973633,2.8542070388793945,1.5087934732437134,0.1495230942964553
3329848293.0,-0.5877373814582825,0.0366437099874019,10.104394912719728,2.611691474914551,0.8850358128547668,0.0335674509406089
3329856626.0,-0.4856581687927246,-0.1562394946813583,10.058426856994627,2.58738374710083,0.1678628921508789,-0.1048646867275238
3329864959.0,-0.3639719486236572,-0.1030500382184982,9.761968612670898,2.792553424835205,0.1820019632577896,-0.0691584423184394
3329873292.0,-0.3966100513935089,0.1750376373529434,9.803933143615724,2.9751315116882324,0.9408493041992188,0.1700657159090042
3329881625.0,-0.4795494973659515,0.2272322326898574,10.031188011169434,2.7724459171295166,1.278700828552246,0.1061838120222091
3329889958.0,-0.4377059936523437,-0.0727340951561927,10.070427894592283,2.454753160476685,0.5284856557846069,0.1488827466964721
3329898291.0,-0.3221691846847534,-0.205528974533081,9.754502296447754,2.685204267501831,0.1659418195486068,-0.0560951754450798
3329906624.0,-0.3535400629043579,0.0149633288383483,9.688672065734863,2.870216131210327,0.8619831204414368,0.0589767843484878
3329914957.0,-0.4793847203254699,0.2587463855743408,9.988009452819824,2.8275680541992188,1.2714009284973145,0.0591816939413547
3329923290.0,-0.5160841941833496,0.0985694080591201,10.116069793701172,2.5851292610168457,0.8920028805732727,0.116762489080429
3329931623.0,-0.4613316059112549,-0.124025709927082,9.960570335388184,2.541252374649048,0.173036977648735,0.0385622307658195
3329939956.0,-0.3994728922843933,-0.0486343726515769,9.63838005065918,2.729952335357666,0.5661386251449585,0.1761619001626968
3329948289.0,-0.4625796377658844,0.1556754559278488,9.858180046081545,2.8582284450531006,1.140665888786316,0.098294623196125
3329956622.0,-0.4614680111408233,0.1537725925445556,10.052796363830566,2.6164815425872803,0.8964855074882507,0.0888686031103134
3329964955.0,-0.3577069044113159,-0.0423262454569339,10.019720077514648,2.491586446762085,0.141428992152214,0.1075157597661018
3329973288.0,-0.2643733620643616,-0.1083332449197769,9.685797691345217,2.6738829612731934,0.3208054900169372,0.1022392213344574
3329981621.0,-0.3831939995288849,0.1184801161289215,9.734564781188965,2.838428735733032,1.2161767482757568,0.0035219572018831
3329989954.0,-0.5475441217422485,0.0959292650222778,10.053173065185549,2.826082706451416,1.3133314847946167,0.1677092164754867
3329998287.0,-0.537575364112854,-0.137031003832817,10.089118003845217,2.514920473098755,0.4937271773815155,0.033029556274414
3330006620.0,-0.4064095020294189,-0.2150924652814865,9.856283187866213,2.6581811904907227,0.0993191972374916,-0.0160857401788234
3330014953.0,-0.4059628248214721,0.0700030326843261,9.740084648132324,2.923544883728028,0.8655946254730225,0.172806441783905
3330023286.0,-0.4946582317352295,0.2344664484262466,9.966946601867676,2.907715320587158,1.142766356468201,0.0678136870265007
3330031619.0,-0.4948607087135315,0.0507910437881946,10.098198890686035,2.649216413497925,0.7607812285423279,0.1221671029925346
3330039952.0,-0.3747526407241821,-0.2195998281240463,9.906767845153809,2.477216482162476,0.1852549463510513,0.0442742072045803
3330048285.0,-0.349958062171936,-0.0982570052146911,9.699689865112305,2.777646064758301,0.4823800921440124,0.0003970206307712
3330056618.0,-0.4476115107536316,0.1738967448472976,9.83267879486084,2.9684207439422607,1.1970171928405762,0.1415570527315139
3330064951.0,-0.5409197807312012,0.197360873222351,10.158913612365724,2.605236768722534,0.9668988585472108,0.2307202517986297
3330073284.0,-0.4788900017738342,-0.059455219656229,10.038206100463867,2.577111959457397,0.3650924563407898,0.0882282257080078
3330081617.0,-0.4325276613235473,-0.1517007946968078,9.78003978729248,2.570606470108032,0.3138896524906158,0.1621509194374084
3330089950.0,-0.459905207157135,0.0619401484727859,9.72549057006836,2.909841299057007,0.8708712458610535,0.1493950188159942
3330098283.0,-0.5253764390945435,0.1330938339233398,10.065800666809082,2.696423292160034,1.0659235715866089,0.0722449496388435
3330106616.0,-0.4246768355369568,-0.0138629861176013,10.080175399780272,2.5384092330932617,0.2796434164047241,0.0675063133239746
3330114949.0,-0.2913392186164856,-0.0992261096835136,9.85975170135498,2.56755805015564,0.0994984954595565,0.0429934933781623
3330123282.0,-0.3285390138626098,0.0372128672897815,9.610678672790527,2.759998083114624,0.9162596464157104,0.0564409680664539
3330131615.0,-0.5178908705711365,0.1427217721939087,9.937713623046877,2.742323875427246,1.456284523010254,0.1280583590269088
3330139948.0,-0.5548553466796875,-0.0800179094076156,10.108470916748049,2.5404326915740967,0.829990804195404,0.0433008633553981
3330148281.0,-0.4190006852149963,-0.213177815079689,9.95007038116455,2.594734668731689,0.1685544699430465,-0.0052253040485084
3330156614.0,-0.3246156275272369,-0.0638010650873184,9.682700157165527,2.895343542098999,0.4466226398944855,0.0016265040030702
3330164947.0,-0.3858567774295807,0.2189659178256988,9.84091091156006,3.0388343334198,1.1117218732833862,0.0659182295203208
3330173280.0,-0.4204493761062622,0.1625583171844482,10.042047500610352,2.727134704589844,1.0629266500473022,0.0178659278899431
3330181613.0,-0.3956856429576874,-0.1445609182119369,9.990020751953123,2.519915580749512,0.2649664282798767,0.0249610710889101
3330189946.0,-0.3044480979442596,-0.1857197284698486,9.701894760131836,2.642838716506958,0.3604050874710083,0.0564922019839286
3330198279.0,-0.3900081813335418,0.0851381942629814,9.758516311645508,2.8850977420806885,1.032701849937439,0.0413797982037067
3330206612.0,-0.530089795589447,0.2110759168863296,10.04880714416504,2.815093994140625,1.2646642923355105,0.1757776737213134
3330214945.0,-0.5236143469810486,0.0420647338032722,10.15851593017578,2.5773940086364746,0.5584799647331238,0.0832078382372856
3330223278.0,-0.4055070877075195,-0.1334138810634613,9.84072494506836,2.652956008911133,0.2221906930208206,0.0691456273198127
3330231611.0,-0.3800483644008636,-0.0471700988709926,9.687801361083984,2.8264923095703125,0.7601920366287231,0.0780337750911712
3330239944.0,-0.4784364402294159,0.1254531592130661,9.91216278076172,2.7666831016540527,1.198169827461243,0.0540076121687889
3330248277.0,-0.4488364458084106,0.0327639877796173,10.10651397705078,2.723855972290039,0.820769727230072,0.2018785923719406
3330256610.0,-0.3149182498455047,-0.1111230626702308,9.915307998657228,2.53080153465271,0.1477044820785522,-0.0494867004454135
3330264943.0,-0.3183377683162689,-0.030493140220642,9.670995712280272,2.799238920211792,0.5758976936340332,0.0044184564612805
3330273276.0,-0.4977053701877594,0.1371822208166122,9.808366775512695,2.752800464630127,1.367966651916504,0.079698696732521
3330281609.0,-0.6084509491920471,0.055361021310091,10.083430290222168,2.6824891567230225,1.1751171350479126,0.0576704479753971
3330289942.0,-0.5566996335983276,-0.1853644549846649,10.046319961547852,2.5352585315704346,0.3777971267700195,0.0238340441137552
3330298275.0,-0.4043537974357605,-0.1249506846070289,9.791348457336426,2.806282997131348,0.1614593416452407,0.0396892577409744
3330306608.0,-0.3752384781837463,0.1741476356983184,9.751855850219728,2.975874662399292,0.9530417323112488,0.0128967678174376
3330314941.0,-0.4703352153301239,0.237873375415802,10.007912635803224,2.779874324798584,1.08979594707489,0.0485261678695678
3330323274.0,-0.4379859566688537,-0.038791473954916,10.082372665405272,2.570401191711426,0.5561747550964355,0.084693469107151
3330331607.0,-0.3568413853645324,-0.1929425597190857,9.75502872467041,2.5327484607696533,-0.000230528137763,0.0417896248400211
3330339940.0,-0.3743176162242889,0.013856079429388,9.696102142333984,2.9364030361175537,0.7185689210891724,0.0708361640572547
3330348273.0,-0.5123625993728638,0.1886873394250869,9.959736824035645,2.796651840209961,1.3380235433578491,0.0747039169073104
3330356606.0,-0.555608332157135,0.0860617831349372,10.215147972106934,2.631593704223633,0.7976913452148438,0.1108968257904052
3330364939.0,-0.4637980163097381,-0.126551017165184,9.957608222961426,2.5881776809692383,0.2003161311149597,0.2026470303535461
3330373272.0,-0.4072514474391937,-0.0510827824473381,9.731074333190918,2.708590269088745,0.5273587107658386,0.0879720896482467
3330381605.0,-0.4911014437675476,0.1021157875657081,9.788219451904297,2.809919834136963,1.0892324447631836,0.1077462881803512
3330389938.0,-0.4604885578155517,0.0923558175563812,10.064332962036133,2.6633553504943848,0.8463840484619141,0.0767274424433708
3330398271.0,-0.3316624164581299,-0.0679108202457428,9.991186141967772,2.639021873474121,0.0839762613177299,0.0471430011093616
3330406604.0,-0.271859735250473,-0.0724136233329773,9.709734916687012,2.6744463443756104,0.3029011487960815,-0.0406497940421104
3330414937.0,-0.3783794939517975,0.1143775060772895,9.709749221801758,2.88893985748291,1.0718660354614258,0.137074589729309
3330423270.0,-0.5345256328582764,0.0907676070928573,10.04179859161377,2.733717441558838,1.277804613113403,0.1142779141664505
3330431603.0,-0.5573239922523499,-0.1421735137701034,10.098737716674805,2.5907390117645264,0.6177001595497131,0.0743453279137611
3330439936.0,-0.423196792602539,-0.183325320482254,9.84132957458496,2.690737247467041,0.1127666756510734,0.0518047958612442
3330448269.0,-0.3729517757892608,0.0946105420589447,9.683762550354004,2.8513383865356445,0.6515621542930603,0.0815173089504242
3330456602.0,-0.4485747516155243,0.2458711415529251,9.940698623657228,2.803029537200928,1.2408943176269531,0.1276997625827789
3330464935.0,-0.4424978494644165,0.0274248104542493,10.088998794555664,2.481187105178833,0.6263576745986938,0.0799548327922821
3330473268.0,-0.3329346179962158,-0.1842917054891586,9.864937782287598,2.4567763805389404,0.3232131898403168,0.0113855265080928
3330481601.0,-0.3280934393405914,-0.0650994926691055,9.677531242370604,2.7789525985717773,0.5965683460235596,0.0574655383825302
3330489934.0,-0.4489292502403259,0.1752000600099563,9.866389274597168,2.798060178756714,1.2745771408081057,0.0310828741639852
3330498267.0,-0.5264981389045715,0.1649859249591827,10.11484146118164,2.602060556411743,1.027783989906311,0.11356071382761
3330506600.0,-0.4752525985240936,-0.0791120752692222,10.05055809020996,2.472222089767456,0.2954474091529846,0.0736537426710128
3330514933.0,-0.4122196435928345,-0.0999899730086326,9.740022659301758,2.6391754150390625,0.4659869968891144,-0.0279451329261064
3330523266.0,-0.4427942037582397,0.1166556999087333,9.741722106933594,2.843167304992676,1.06792151927948,0.1623558402061462
3330531599.0,-0.4610542356967926,0.1658395677804947,9.989617347717283,2.7688350677490234,0.9858279228210448,0.0533672645688056
3330539932.0,-0.3950881958007812,-0.0261345487087965,10.049625396728516,2.594273805618286,0.383816510438919,0.0708874017000198
3330548265.0,-0.2823874056339264,-0.0913767367601394,9.794498443603516,2.5041630268096924,0.237251877784729,0.0039830137975513
3330556598.0,-0.3607896268367767,0.0602278634905815,9.74288272857666,2.7231900691986084,0.9182063341140748,0.0451194755733013
3330564931.0,-0.5504270792007446,0.1181801483035087,9.92849826812744,2.7542600631713867,1.2893052101135254,0.1184017956256866
3330573264.0,-0.5790385603904724,-0.1259326487779617,10.112900733947754,2.65610671043396,0.7524309158325195,0.0281628519296646
3330581597.0,-0.454365462064743,-0.2190668582916259,9.902573585510254,2.6666598320007324,0.2180924266576767,0.0451194755733013
3330589930.0,-0.3622658848762512,-0.0214260499924421,9.743648529052734,2.925055980682373,0.5085577964782715,0.0055454820394515
3330598263.0,-0.4337446987628937,0.2527911067008972,9.95269012451172,2.881178617477417,1.2125649452209473,0.013972564600408
3330606596.0,-0.4838037490844726,0.1220152601599693,10.087828636169434,2.665045976638794,0.8869057893753052,0.0121027268469333
3330614929.0,-0.4335747361183166,-0.1668171435594558,9.916060447692873,2.5656628608703613,0.3624798655509949,0.03892083466053
3330623262.0,-0.3548674881458282,-0.1697148233652115,9.660624504089355,2.7932703495025635,0.4042310416698456,-0.0006659700302407
3330631595.0,-0.4579256474971771,0.1398220062255859,9.841241836547852,2.9445486068725586,1.171428680419922,0.1369208991527557
3330639928.0,-0.5741312503814697,0.2286258488893509,10.08216381072998,2.8811278343200684,1.1030642986297607,0.1527248919010162
3330648261.0,-0.5177147388458252,0.0065236911177635,10.094423294067385,2.564714908599853,0.3704458177089691,0.0822601020336151
3330656594.0,-0.4065387547016144,-0.1141269654035568,9.814470291137695,2.5659189224243164,0.2833318710327148,0.1021367684006691
3330664927.0,-0.4361850917339325,0.0228072348982095,9.752881050109863,2.771472930908203,0.8529924154281616,0.2195780128240585
3330673260.0,-0.4922692477703094,0.1322140842676162,9.939804077148438,2.798316717147827,1.0489157438278198,0.0960405766963958
3330681593.0,-0.4394514560699463,-0.0398728214204311,10.072330474853516,2.67170524597168,0.6309426426887512,0.0010117621859535
3330689926.0,-0.2922266721725464,-0.1233417019248008,9.852045059204102,2.643325090408325,0.09347914904356,0.0829004719853401
3330698259.0,-0.3121556937694549,0.0256498921662569,9.647488594055176,2.8008267879486084,0.724665105342865,0.0975262075662612
3330706592.0,-0.4982416331768036,0.1378650069236755,9.83184051513672,2.8724701404571533,1.314125418663025,0.2037740498781204
3330714925.0,-0.5783272981643677,-0.0083942161872982,10.122200965881348,2.7467041015625,0.9718424677848816,0.0200687535107135
3330723258.0,-0.4880425930023193,-0.196591168642044,9.95182991027832,2.672064304351806,0.3109440207481384,0.0522146187722682
3330731591.0,-0.3687392175197601,-0.0871454551815986,9.77118682861328,2.8795650005340576,0.1845121383666992,0.0207603387534618
3330739924.0,-0.3869011700153351,0.226036936044693,9.78166389465332,3.025566577911377,0.9073459506034852,0.1064911857247352
3330748257.0,-0.4416423738002777,0.2035918831825256,10.024481773376465,2.67798113822937,0.9170024394989014,0.0606673210859298
3330756590.0,-0.3976879119873047,-0.084012970328331,9.982831954956056,2.5545976161956787,0.4292305707931518,0.1377149373292923
3330764923.0,-0.3159225285053253,-0.1716596186161041,9.737848281860352,2.6210150718688965,0.3949330747127533,0.0390489026904106
3330773256.0,-0.3657673597335815,0.0843474417924881,9.70663356781006,2.8495965003967285,0.9804232120513916,0.0711691603064537
3330781589.0,-0.5056614279747009,0.2471832334995269,10.026432037353516,2.9291799068450928,1.2913545370101929,0.1885335743427276
3330789922.0,-0.4835370481014251,0.0719505846500396,10.130711555480955,2.5035994052886963,0.6980007290840149,0.1506501287221908
3330798255.0,-0.4236433506011963,-0.1247715801000595,9.90481948852539,2.5346691608428955,0.2666057646274566,-0.0181604903191328
3330806588.0,-0.3835749328136444,-0.0570404641330242,9.717633247375488,2.803260326385498,0.6805318593978882,-0.0251019522547721
3330814921.0,-0.4681132435798645,0.1080143675208091,9.879922866821287,2.765453577041626,1.164589524269104,0.0387671403586864
3330823254.0,-0.4275249242782593,0.0491722710430622,10.090863227844238,2.714532852172852,0.7880604267120361,0.0916605368256568
3330831587.0,-0.3143640458583832,-0.0931292548775672,9.927557945251465,2.484183549880981,0.15789894759655,0.036999762058258
3330839920.0,-0.2797200679779053,-0.0525036007165908,9.693084716796877,2.636614322662353,0.4395018815994262,0.1285194307565689
3330848253.0,-0.4588392376899719,0.1418000906705856,9.75613784790039,2.713277578353882,1.3508563041687012,0.1377405524253845
3330856586.0,-0.5852050185203552,0.0409662537276744,10.001789093017578,2.726314783096313,1.4374324083328247,0.067992977797985
3330864919.0,-0.5598431825637817,-0.1530198752880096,10.089712142944336,2.6181719303131104,0.5654727816581726,0.088894210755825
3330873252.0,-0.4095535576343536,-0.1244357004761695,9.823636054992676,2.795396566390991,0.2015968263149261,0.0048026689328253
3330881585.0,-0.3738844394683838,0.1532118618488311,9.788167953491213,2.926490306854248,0.6162145137786865,0.1601017713546753
3330889918.0,-0.4065811932086944,0.2645297944545746,9.954689979553224,2.7572062015533447,1.0709950923919678,0.1328994631767273
3330898251.0,-0.433858573436737,0.008387042209506,10.07866382598877,2.571169853210449,0.4660894572734833,0.0456061474978923
3330906584.0,-0.3622684478759765,-0.2249216586351394,9.838285446166992,2.5777783393859863,0.2844076752662658,-0.0283037275075912
3330914917.0,-0.3852521777153015,-0.0220555514097213,9.729305267333984,2.8381471633911133,0.6806855797767639,0.1021111607551574
3330923250.0,-0.5241151452064514,0.1771915853023529,9.914912223815918,2.865631103515625,1.154369592666626,0.1651733964681625
3330931583.0,-0.5475844740867615,0.1174050122499466,10.158196449279783,2.6656863689422607,0.9284263253211976,0.0098742879927158
3330939916.0,-0.4728589951992035,-0.12277851998806,9.966829299926758,2.5770609378814697,0.4039748907089233,-0.0493073984980583
3330948249.0,-0.4279719591140747,-0.106804035604,9.758871078491213,2.6325669288635254,0.492625743150711,0.0545455105602741
3330956582.0,-0.4917737543582916,0.072414718568325,9.823246955871582,2.850646495819092,0.8741498589515686,0.1607421338558197
3330964915.0,-0.4791461229324341,0.1010895520448684,10.01645851135254,2.7581024169921875,0.8055805563926697,0.1234221830964088
3330973248.0,-0.3719444572925567,-0.0546108745038509,9.98060703277588,2.634103775024414,0.2512116134166717,0.0943756625056266
3330981581.0,-0.3287924230098724,-0.0749215260148048,9.753623008728027,2.617659568786621,0.3579204976558685,0.0444535017013549
3330989914.0,-0.4129021167755127,0.1161519661545753,9.737590789794922,2.811917781829834,1.042332887649536,0.1806443929672241
3330998247.0,-0.555759072303772,0.0968190059065818,9.976926803588867,2.703364610671997,1.228061556816101,0.1529297828674316
3331006580.0,-0.5225457549095154,-0.1420626789331436,10.1030855178833,2.502549409866333,0.597183108329773,0.0876134857535362
3331014913.0,-0.4243837893009186,-0.1993847489356994,9.876958847045898,2.6279308795928955,0.2055414468050003,0.0284702200442552
3331023246.0,-0.3826362192630768,0.0696248561143875,9.769132614135742,2.862992763519287,0.6153436303138733,0.034976240247488
3331031579.0,-0.3996602296829223,0.2441600710153579,9.905264854431152,2.853515386581421,0.983573853969574,0.0595146752893924
3331039912.0,-0.4189357757568359,0.0572551153600215,10.018574714660645,2.6406869888305664,0.8149552941322327,0.1006511449813842
3331048245.0,-0.3697203397750854,-0.2147498428821563,9.858381271362305,2.469122886657715,0.3943439722061157,-0.0188776925206184
3331056578.0,-0.3573814630508423,-0.1066313534975051,9.689552307128906,2.730464696884156,0.6779447793960571,0.1276485472917556
3331064911.0,-0.4727294147014618,0.155048593878746,9.85503387451172,2.7771084308624268,1.1008870601654053,0.1400714516639709
3331073244.0,-0.5540351271629333,0.1866779774427414,10.069868087768556,2.855231523513794,0.9981738924980164,0.0802878141403198
3331081577.0,-0.4711106717586517,-0.0338758565485477,10.07981300354004,2.4849777221679688,0.4822775721549988,0.1133814081549644
3331089910.0,-0.3985499441623688,-0.1338497549295425,9.77130889892578,2.557158946990967,0.4202143847942352,0.101650096476078
3331098243.0,-0.4174167513847351,0.0507042109966278,9.79570770263672,2.771191596984864,0.834627091884613,0.1312345415353775
3331106576.0,-0.4550518989562988,0.158918023109436,10.007851600646973,2.750136375427246,0.794361412525177,0.1295952200889587
3331114909.0,-0.3629817366600036,-0.0286724586039781,10.052058219909668,2.661511182785034,0.4491072595119476,0.0722705572843551
3331123242.0,-0.255832701921463,-0.1164790764451026,9.823542594909668,2.5673789978027344,0.279156744480133,0.0158424042165279
3331131575.0,-0.3425893187522888,0.0483692362904548,9.711308479309082,2.774085760116577,0.8649542331695557,0.1607933640480041
3331139908.0,-0.5282585620880127,0.1435980051755905,9.897626876831056,2.733154058456421,1.0967886447906494,0.122423231601715
3331148241.0,-0.5808287262916565,-0.0262251272797584,10.089082717895508,2.6180694103240967,0.8768905997276306,0.0216824505478143
3331156574.0,-0.4975369572639465,-0.2078675478696823,9.949335098266602,2.507621049880981,0.3042074739933014,-0.105556271970272
3331164907.0,-0.3712316155433655,-0.0369351916015148,9.746660232543944,2.822471141815185,0.4363768994808197,0.0816966071724891
3331173240.0,-0.4006406962871551,0.2455018162727356,9.835098266601562,2.894498109817505,0.9819856882095336,0.0225277189165353
3331181573.0,-0.4159249365329742,0.2129465043544769,10.02357006072998,2.767528533935547,0.9322430491447448,0.0869987532496452
3331189906.0,-0.3737089335918426,-0.1057531535625457,9.94823169708252,2.4500653743743896,0.4134265482425689,0.0867426022887229
3331198239.0,-0.3318155705928802,-0.1813959628343582,9.727478981018066,2.596579074859619,0.4251579046249389,0.0981409475207328
3331206572.0,-0.43093341588974,0.0750679969787597,9.793817520141602,2.789633512496948,1.116588473320007,0.1223976165056228
3331214905.0,-0.5454683899879456,0.2319375723600387,10.052539825439451,2.910046339035034,1.219890832901001,0.0539051592350006
3331223238.0,-0.5197179913520813,0.0664311274886131,10.130450248718262,2.5324409008026123,0.5943911075592041,0.0518816374242305
3331231571.0,-0.4601933062076568,-0.1759143620729446,9.834829330444336,2.4123613834381104,0.2840490639209747,-0.0043800338171422
3331239904.0,-0.4601365923881531,-0.0413547791540622,9.78721046447754,2.785765647888184,0.7612934708595276,0.0541100688278675
3331248237.0,-0.5128339529037476,0.1303225010633468,9.9180326461792,2.763788938522339,1.1174851655960083,0.112536147236824
3331256570.0,-0.4715184271335602,0.0974724292755127,10.136900901794434,2.742067813873291,0.6949013471603394,0.0202224384993314
3331264903.0,-0.3157452940940857,-0.0801839381456375,9.91220474243164,2.61683988571167,0.1889690160751342,0.076087087392807
3331273236.0,-0.3267197906970978,0.004644532687962,9.710753440856934,2.6321828365325928,0.5585824847221375,0.038178015500307
3331281569.0,-0.456170916557312,0.1066678836941719,9.775150299072266,2.83392071723938,1.3001915216445925,0.0279323253780603
3331289902.0,-0.5838282108306885,0.0926322042942047,10.04790496826172,2.7441680431365967,1.1474794149398804,0.1395335495471954
3331298235.0,-0.5396762490272522,-0.1931018531322479,10.08535861968994,2.6340267658233643,0.4736199975013733,-0.0056351316161453
3331306568.0,-0.3996329009532928,-0.1389618664979934,9.812708854675291,2.650292158126831,0.1427609324455261,0.1162758246064186
3331314901.0,-0.4167071580886841,0.1607106924057006,9.819650650024414,2.897674560546875,0.7828094363212585,0.0764456763863563
3331323234.0,-0.4879259467124939,0.2660218775272369,9.926908493041992,2.695680618286133,1.149425983428955,0.1563364863395691
3331331567.0,-0.4505606293678283,-0.043139211833477,10.025816917419434,2.5770864486694336,0.5891658067703247,0.055672537535429
3331339900.0,-0.3588403165340423,-0.2677546143531799,9.809428215026855,2.560002088546753,0.4099174439907074,0.1659161895513534
3331348233.0,-0.3439355194568634,-0.0775474980473518,9.714211463928224,2.8414511680603027,0.6634983420372009,0.1052360907196998
3331356566.0,-0.4738740622997284,0.2151369601488113,9.914175987243652,2.8655028343200684,1.3100528717041016,0.0525988303124904
3331364899.0,-0.5028795003890991,0.1520053148269653,10.130284309387209,2.813711166381836,1.0301405191421509,0.1027515083551406
3331373232.0,-0.4597838222980499,-0.0857581496238708,10.040290832519531,2.555596113204956,0.3690114617347717,0.065457172691822
3331381565.0,-0.3967848420143127,-0.1491840332746505,9.758378028869627,2.7064898014068604,0.550129771232605,0.0032914290204644
3331389898.0,-0.4588178098201751,0.0697198882699012,9.76284408569336,2.850928783416748,0.9612382650375366,-0.0289184749126434
3331398231.0,-0.4748295843601227,0.1252631694078445,10.002549171447754,2.725342035293579,0.932627022266388,0.0621529407799243
3331406564.0,-0.3742761015892029,-0.0634640455245971,10.023195266723633,2.599883317947388,0.2796178162097931,0.0594890601933002
3331414897.0,-0.2856545746326446,-0.0824183225631713,9.763480186462402,2.690737009048462,0.3940366208553314,0.0034707291051745
3331423230.0,-0.3347344994544983,0.0695088058710098,9.705830574035645,2.799008369445801,0.9687687754631042,0.1429146230220794
3331431563.0,-0.5170329809188843,0.1285684704780578,9.88170051574707,2.798060178756714,1.2826199531555176,0.1714744716882705
3331439896.0,-0.5189772844314575,-0.064679630100727,10.099509239196776,2.5624353885650635,0.787291944026947,0.0705800279974937
3331448229.0,-0.4261186122894287,-0.2260752618312835,9.933039665222168,2.5794174671173096,0.2509298324584961,0.0291361939162015
3331456562.0,-0.3499031364917755,-0.008643209002912,9.762649536132812,2.9144771099090576,0.5508725643157959,0.0075177778489887
3331464895.0,-0.4165807068347931,0.2350479066371917,9.8394193649292,2.916090965270996,1.0548325777053833,0.1647891700267791
3331473228.0,-0.4594751596450805,0.1240742206573486,10.048033714294434,2.756847381591797,0.8150578141212463,0.0488079264760017
3331481561.0,-0.3942995071411133,-0.174954205751419,9.92027473449707,2.499347686767578,0.4401934742927551,0.0112830717116594
3331489894.0,-0.3487619459629059,-0.1945555061101913,9.735509872436523,2.7373034954071045,0.5369639992713928,0.0125381676480174
3331498227.0,-0.4245072305202484,0.1507938653230667,9.785163879394531,2.890989303588867,1.0258371829986572,0.0716045871376991
3331506560.0,-0.4724682867527008,0.2628012001514435,9.99437141418457,2.890476703643799,1.1560344696044922,0.0917373821139335
3331514893.0,-0.4828137457370758,0.0551268719136714,10.051877975463867,2.55534029006958,0.5930848121643066,0.0758565589785575
3331523226.0,-0.4374367892742157,-0.1551775932312011,9.844443321228027,2.563306331634521,0.3763627707958221,0.0212470088154077
3331531559.0,-0.4526819884777069,-0.0153778549283742,9.77772617340088,2.756386041641236,0.8317838311195374,0.1825142204761505
3331539892.0,-0.5328842997550964,0.1533794403076172,9.948569297790527,2.8308210372924805,1.1002720594406128,0.0996521711349487
3331548225.0,-0.4577691256999969,0.0731682926416397,10.109716415405272,2.681234121322632,0.6023315787315369,-0.0727956518530845
3331556558.0,-0.3408566415309906,-0.1129830479621887,9.889368057250977,2.5232715606689453,0.2997249662876129,0.0083374343812465
3331564891.0,-0.3368568420410156,-0.0235961657017469,9.722474098205566,2.760612726211548,0.6195955276489258,0.0199406817555427
3331573224.0,-0.5112715363502502,0.1563182324171066,9.815624237060549,2.8285672664642334,1.3020868301391602,0.1967557519674301
3331581557.0,-0.6090529561042786,0.0329091511666774,10.05686378479004,2.701802492141724,1.1749122142791748,0.1749836504459381
3331589890.0,-0.5422714948654175,-0.1535516232252121,10.041325569152832,2.537563800811768,0.2949863374233246,0.0204785820096731
3331598223.0,-0.4191059172153473,-0.1541602462530136,9.840375900268556,2.75974178314209,0.2423747032880783,0.1291853934526443
3331606556.0,-0.4207513928413391,0.2013923078775406,9.831921577453612,2.999696016311645,0.9185393452644348,0.065201036632061
3331614889.0,-0.4797591865062713,0.2662219405174255,9.998077392578123,2.89506196975708,1.0467641353607178,0.0089521752670407
3331623222.0,-0.4292181432247162,-0.0272381287068128,10.024449348449709,2.5311086177825928,0.5444689393043518,0.0483724810183048
3331631555.0,-0.353116899728775,-0.2420282065868377,9.794855117797852,2.559156656265259,0.3709837794303894,0.1713720560073852
3331639888.0,-0.3907247483730316,-0.0321766249835491,9.711973190307615,2.881409406661988,0.8335257172584534,0.0488335415720939
3331648221.0,-0.4998669624328613,0.216106042265892,9.941829681396484,2.946725606918335,1.1897428035736084,0.1298513710498809
3331656554.0,-0.5286924839019775,0.1579365134239196,10.132501602172852,2.672781467437744,0.8039923906326294,0.1349485963582992
3331664887.0,-0.4559170007705688,-0.1185261905193328,10.009971618652344,2.5012686252593994,0.2782602608203888,0.1135094910860061
3331673220.0,-0.3857211172580719,-0.13413006067276,9.77351188659668,2.718143939971924,0.5128353834152222,0.0410468094050884
3331681553.0,-0.455624908208847,0.0734569355845451,9.80380916595459,2.752518653869629,1.0448687076568604,-0.0186727792024612
3331689886.0,-0.458827406167984,0.1239058375358581,10.005409240722656,2.716069459915161,0.8896464109420776,0.1424791812896728
3331698219.0,-0.3430201411247253,-0.0749200657010078,9.980396270751951,2.6129462718963623,0.3119173347949981,0.0544430539011955
3331706552.0,-0.2530103921890259,-0.095200128853321,9.734244346618652,2.6241912841796875,0.3127626180648803,0.0441973619163036
3331714885.0,-0.3667048811912536,0.1106807589530944,9.71384048461914,2.792323112487793,1.0084197521209717,0.1122543886303901
3331723218.0,-0.528592050075531,0.1430463194847107,9.95773696899414,2.7843313217163086,1.2896382808685305,0.1630218029022216
3331731551.0,-0.5372426509857178,-0.0919436290860176,10.061792373657228,2.595144748687744,0.6303023099899292,0.0259600263088941
3331739884.0,-0.411869466304779,-0.2278257757425308,9.8915433883667,2.636793375015259,0.2621232569217682,0.037845030426979
3331748217.0,-0.3596166968345642,-0.0018612379208207,9.750743865966797,2.90028715133667,0.5545098185539246,0.0401503182947635
3331756550.0,-0.423062652349472,0.2558368742465973,9.870014190673828,2.781846761703491,1.0233269929885864,0.1250871121883392
3331764883.0,-0.4331950843334198,0.1157832667231559,10.049129486083984,2.687868118286133,0.8398779034614563,0.1599224656820297
3331773216.0,-0.3801894187927246,-0.1745177954435348,9.929046630859377,2.517303228378296,0.2600485384464264,0.095144085586071
3331781549.0,-0.3402813374996185,-0.1750223934650421,9.694015502929688,2.6818997859954834,0.4106089770793915,-0.0641380473971366
3331789882.0,-0.4163036048412323,0.0973615944385528,9.80414867401123,2.9033353328704834,0.9996340274810792,-0.0514077730476856
3331798215.0,-0.5158610343933105,0.2247658669948578,10.033775329589844,2.8822803497314453,1.087670087814331,0.0173024181276559
3331806548.0,-0.4637008905410766,0.0287733934819698,10.10221004486084,2.555161237716675,0.6278945207595825,0.0069542652927339
3331814881.0,-0.4130033552646637,-0.1315463483333587,9.815104484558104,2.456750869750977,0.4278474152088165,0.0892784222960472
3331823214.0,-0.4494529068470001,0.0119756180793046,9.756103515625,2.8083834648132324,0.7719234228134155,0.1135350987315177
3331831547.0,-0.5170242786407471,0.1464229822158813,9.928777694702148,2.813890218734741,1.2313146591186523,0.058105893433094
3331839880.0,-0.4540179967880249,0.0256520397961139,10.102265357971191,2.6509833335876465,0.5827366709709167,-0.001741767860949
3331848213.0,-0.3331659734249115,-0.1039440929889679,9.886120796203612,2.6066195964813232,0.1942455470561981,0.0164827592670917
3331856546.0,-0.3249216675758362,-0.0060587874613702,9.706912994384766,2.807050943374634,0.617725670337677,0.1089501455426216
3331864879.0,-0.5029855966567993,0.1124992966651916,9.828859329223633,2.756488800048828,1.241765379905701,0.109231911599636
3331873212.0,-0.5770619511604309,0.0231771431863307,10.097980499267578,2.6611013412475586,1.2238866090774536,0.0900980681180954
3331881545.0,-0.5287355780601501,-0.205378919839859,10.03300666809082,2.5868966579437256,0.3517986834049225,-0.0179555770009756
3331889878.0,-0.4236427545547485,-0.123060256242752,9.822731018066406,2.7644035816192627,0.3768494725227356,-0.0562488622963428
3331898211.0,-0.4625536501407623,0.175497829914093,9.802732467651367,2.9278223514556885,0.905322253704071,0.0625115409493446
3331906544.0,-0.5185534954071045,0.2347263842821121,9.963666915893556,2.8420143127441406,1.084647536277771,0.1413777619600296
3331914877.0,-0.44467294216156,-0.0381583496928215,10.000802993774414,2.678852081298828,0.6109892129898071,0.134333848953247
3331923210.0,-0.3757464587688446,-0.19429612159729,9.827872276306152,2.593147039413452,0.2896585762500763,0.0817734450101852
3331931543.0,-0.4114574491977691,0.0128005435690283,9.71487808227539,2.8834073543548584,0.8605742454528809,0.1186067163944244
3331939876.0,-0.4790807366371155,0.2512612640857696,9.915729522705078,2.870753765106201,1.0727113485336304,0.0336186811327934
3331948209.0,-0.4887405633926391,0.1049334779381752,10.162217140197754,2.680901050567627,0.7334253191947937,0.0871012061834335
3331956542.0,-0.4403232932090759,-0.1054618284106254,9.90311336517334,2.634539604187012,0.2865848839282989,0.0708105564117431
3331964875.0,-0.4361576735973358,-0.103416621685028,9.7613525390625,2.6507277488708496,0.5333012342453003,0.0680186077952385
3331973208.0,-0.4669031202793121,0.1195484921336174,9.800799369812012,2.839402198791504,0.8755074143409729,0.0757541060447692
3331981541.0,-0.4618696570396423,0.0876750946044921,10.048959732055664,2.64719295501709,0.8707687854766846,0.0669940412044525
3331989874.0,-0.3328726291656494,-0.0857973098754882,9.96559238433838,2.607849359512329,0.2296188175678253,-0.0313005931675434
3331998207.0,-0.2654367387294769,-0.0696647316217422,9.762385368347168,2.775853157043457,0.2681170105934143,-0.0314286686480045
3332006540.0,-0.3812089562416076,0.1242607608437538,9.716320037841797,2.8224709033966064,0.966617226600647,0.0676343813538551
3332014873.0,-0.5254606008529663,0.1053740158677101,9.988632202148438,2.783332347869873,1.0055253505706787,0.1649684756994247
3332023206.0,-0.5288395881652832,-0.1018930822610855,10.072810173034668,2.589253187179565,0.5617585778236389,0.0021644027438014
3332031539.0,-0.412718653678894,-0.1812272667884826,9.871882438659668,2.669707775115967,0.2672973871231079,-0.0359623879194259
3332039872.0,-0.3784439265727997,0.0751971676945686,9.759688377380373,2.8072049617767334,0.6576583981513977,0.0677368491888046
3332048205.0,-0.4372252225875854,0.2946764528751373,9.92823600769043,2.821958541870117,1.0763485431671145,0.0390488989651203
3332056538.0,-0.4082306921482086,0.0682109743356704,10.091964721679688,2.6729094982147217,0.6772275567054749,-0.0206194594502449
3332064871.0,-0.3471919894218445,-0.1966949105262756,9.890339851379396,2.527036428451538,0.2974196970462799,-0.0075818141922354
3332073204.0,-0.3338247835636139,-0.149673581123352,9.72886562347412,2.7206032276153564,0.5112985968589783,0.0324916578829288
3332081537.0,-0.4175571799278259,0.170308455824852,9.829473495483398,2.8418610095977783,1.160158395767212,0.0885612219572067
3332089870.0,-0.5096661448478699,0.1858640909194946,10.06464385986328,2.7160181999206543,0.9640557169914246,0.1237039417028427
3332098203.0,-0.4551807343959808,-0.0784482285380363,10.066649436950684,2.479265689849853,0.5520251989364624,-0.0152660831809043
3332106536.0,-0.4152989089488983,-0.1543736308813095,9.797670364379885,2.62869930267334,0.4378369152545929,0.0822857320308685
3332114869.0,-0.4436967074871063,0.0208066441118717,9.72731590270996,2.7835888862609863,0.8429005146026611,0.1287499666213989
3332123202.0,-0.4613938629627228,0.1300360411405563,9.99151611328125,2.8325116634368896,1.0125178098678589,0.0640227794647216
3332131535.0,-0.3690963685512543,0.0248026214540004,10.009913444519045,2.618914842605591,0.4215462505817413,0.024602472782135
3332139868.0,-0.2678864002227783,-0.1085108444094657,9.85321807861328,2.589944839477539,0.3221374154090881,0.0495507381856441
3332148201.0,-0.3451424837112427,0.0279738027602434,9.660836219787598,2.8017492294311523,0.7021502256393433,0.1158147603273391
3332156534.0,-0.5076263546943665,0.1078500002622604,9.902701377868652,2.889068126678467,1.506744623184204,0.1607165336608886
3332164867.0,-0.5859364867210388,-0.0273797288537025,10.068269729614258,2.772087574005127,1.0501196384429932,0.1482936143875122
3332173200.0,-0.4837904870510101,-0.2364237159490585,9.958091735839844,2.7497777938842773,0.3630689680576324,0.1483192443847656
3332181533.0,-0.4206918179988861,-0.1208125427365303,9.819363594055176,2.996699094772339,0.5138087868690491,0.1104613989591598
3332189866.0,-0.4732844233512878,0.1795189976692199,9.881196975708008,3.1261019706726074,0.9337797164916992,0.0059296954423189
3332198199.0,-0.4754910767078399,0.181448295712471,10.081368446350098,2.950721263885498,0.9592658281326294,0.0925314128398895
3332206532.0,-0.4031389653682709,-0.1186598315834999,9.943890571594238,2.680593967437744,0.4080732464790344,0.0518816374242305
3332214865.0,-0.3980694711208343,-0.2040502727031707,9.777905464172363,2.762969493865967,0.5206990242004395,0.013204138725996
3332223198.0,-0.4585565030574798,0.0833557397127151,9.774797439575195,2.931690216064453,0.8516349792480469,0.0438131541013717
3332231531.0,-0.5379625558853149,0.2663828730583191,9.994728088378906,2.869908571243286,1.1324949264526367,0.128673106431961
3332239864.0,-0.5344735383987427,0.1112089529633522,10.087628364562988,2.5811336040496826,0.7922354936599731,-0.0258447639644145
3332248197.0,-0.4718822836875915,-0.1055970564484596,9.888118743896484,2.498425245285034,0.3277725279331207,0.0705544054508209
3332256530.0,-0.4697813391685486,-0.0113168749958276,9.753664016723633,2.5526251792907715,0.6969249844551086,0.0917117744684219
3332264863.0,-0.4973141551017761,0.185318261384964,9.853326797485352,2.623499631881714,0.9510181546211244,0.0803646743297576
3332273196.0,-0.3790282905101776,0.1065646857023239,10.047273635864258,2.50421404838562,0.6266138553619385,0.1261885166168213
3332281529.0,-0.2126975208520889,0.0406020805239677,9.772992134094238,2.367562294006348,0.7385992407798767,0.1050567924976348
3332289862.0,-0.2124288082122802,0.0351780913770198,9.415541648864746,2.0434396266937256,1.99390172958374,0.1593077331781387
3332298195.0,-0.5196291208267212,0.2124940901994705,9.78961181640625,1.9211829900741573,2.709230661392212,0.2438603341579437
3332306528.0,-0.4926051795482635,0.2510099112987518,10.39249324798584,1.0940992832183838,4.16230058670044,0.5211344361305237
3332314861.0,-0.7057924866676331,0.1880267858505249,11.285390853881836,-1.286346673965454,0.5245410799980164,-0.2254821062088012
3332323194.0,-1.0140888690948486,0.9962837100028992,15.45141887664795,-7.639547824859619,-3.707634687423706,-0.5398456454277039
3332331527.0,-1.8168233633041384,0.3966151773929596,16.831514358520508,-18.81456184387207,-15.883550643920898,-0.9097412824630736
3332339860.0,-0.8591296076774597,0.5590211749076843,10.4772310256958,-20.586559295654297,-21.701547622680664,-1.0451639890670776
3332348193.0,-0.0572991408407688,-0.2145051807165146,5.805027961730957,-11.649538040161133,-19.3957462310791,-0.4690480530261993
3332356526.0,0.3587543666362762,-0.6086702346801758,8.022193908691406,-6.42958402633667,-11.871944427490234,-1.0618126392364502
3332364859.0,1.1188260316848757,0.3493990898132324,5.955440521240234,-3.050014972686768,-4.964961528778076,-0.8625850081443787
3332373192.0,0.4702782332897186,0.3987259566783905,5.248635768890381,0.8371116518974304,1.5341006517410278,0.7298905253410339
3332381525.0,-0.0159421805292367,0.2219603806734085,7.093603134155273,2.577881097793579,5.461685657501221,0.978655993938446
3332389858.0,0.0864748433232307,-0.0859459713101387,8.653522491455078,4.107512474060059,6.8806891441345215,1.3789554834365845
3332398191.0,-0.4841980636119842,-0.7174093723297119,9.79708480834961,6.127220630645752,7.964324951171875,1.5789512395858765
3332406524.0,-0.910394012928009,-0.647030234336853,10.586580276489258,8.011890411376953,8.650734901428223,1.1620283126831057
3332414857.0,-0.8798548579216003,-0.644080638885498,10.921676635742188,8.859209060668945,6.327369689941406,0.8919773697853088
3332423190.0,-0.7039397954940796,-0.777778148651123,9.757604598999023,9.039122581481934,4.121778964996338,0.4301783144474029
3332431523.0,-0.3087569773197174,-0.5608630180358887,9.112464904785156,9.595900535583496,3.479630470275879,0.1524687558412552
3332439856.0,-0.0517573989927768,-0.5082910656929016,7.921115875244141,10.92417812347412,4.502944946289063,0.2094604223966598
3332448189.0,-0.2056204676628112,-0.6091606020927429,8.196197509765625,13.62576389312744,7.935202121734619,0.2183485776185989
3332456522.0,-0.1458532512187957,-0.5136269927024841,10.290593147277832,14.155340194702148,11.056170463562012,0.2874046266078949
3332464855.0,-0.4767540693283081,-0.4116038680076599,11.365169525146484,13.040095329284668,11.715479850769045,0.3699336349964142
3332473188.0,-0.616157591342926,-0.0370429530739784,11.63417148590088,11.245687484741213,9.31703758239746,0.4782818257808685
3332481521.0,-0.5588759183883667,0.0578946694731712,10.891477584838867,9.329230308532717,6.949437141418457,0.6471821665763855
3332489854.0,-0.4554472863674164,-0.049592699855566,10.625557899475098,6.946978092193604,5.252212524414063,0.6173927783966064
3332498187.0,-0.4111195504665375,-0.2113807946443557,10.13393497467041,4.671280860900879,4.866025924682617,0.6670843362808228
3332506520.0,-0.5490678548812866,-0.1181833818554878,10.881040573120115,2.725803136825561,4.1640167236328125,0.4598652124404907
3332514853.0,-0.7612671852111816,0.0997552648186683,11.600868225097656,0.6787644624710083,2.256089210510254,0.3309999704360962
3332523186.0,-0.9220194816589355,0.1941751539707183,12.170071601867676,-1.4573220014572144,-1.6396952867507937,-0.0273303911089897
3332531519.0,-0.9304552674293518,0.0847868993878364,11.921661376953123,-3.8155734539031982,-6.469182968139648,-0.3705611526966095
3332539852.0,-0.7945959568023682,0.2019090503454208,11.149022102355955,-6.005411624908447,-10.02364444732666,-0.5447635650634766
3332548185.0,-0.7162224054336548,0.2469904124736786,10.25286102294922,-7.201699256896973,-11.49613094329834,-0.621196448802948
3332556518.0,-0.4247119724750519,0.2008203566074371,9.135910034179688,-6.527686595916748,-10.8184814453125,-0.7313377857208252
3332564851.0,-0.1843042969703674,-0.0108074508607387,8.232421875,-4.264616966247559,-8.217662811279297,-0.7928375601768494
3332573184.0,0.116031140089035,-0.0306168459355831,7.896098136901855,-1.2428027391433716,-4.600496292114258,-0.804824948310852
3332581517.0,0.1583893299102783,0.1639286130666732,7.714642524719238,1.535048246383667,-0.757207989692688,-0.3146452605724334
3332589850.0,-0.0717286244034767,0.271961510181427,8.514491081237793,3.3416714668273926,2.224890947341919,0.0165596026927232
3332598183.0,-0.4262799024581909,-0.0831072703003883,9.202409744262695,4.181126594543457,3.5556013584136963,0.2099214494228363
3332606516.0,-0.5599905848503113,-0.3657316267490387,9.988971710205078,4.682653427124023,3.509572744369507,0.1255481541156768
3332614849.0,-0.5550843477249146,-0.2739669382572174,10.291007995605469,5.274214267730713,2.338131189346313,-0.0622681938111782
3332623182.0,-0.4544363915920257,-0.0211112909018993,10.13068962097168,5.843260288238525,1.840728521347046,-0.0066340873017907
3332631515.0,-0.3329524993896484,-0.0301737543195486,9.87916088104248,6.187669277191162,1.612684965133667,-0.0125509751960635
3332639848.0,-0.2460369169712066,-0.3202362358570099,9.461360931396484,6.3121538162231445,1.999152660369873,0.1113066375255584
3332648181.0,-0.219722494482994,-0.2391729056835174,9.701265335083008,6.011289596557617,2.7517244815826416,0.179056316614151
3332656514.0,-0.3476198315620422,0.0459510274231433,10.00445556640625,5.71303653717041,3.178790330886841,0.1317467987537384
3332664847.0,-0.4694914817810058,0.1507446765899658,10.47915744781494,5.269143104553223,2.8202428817749023,0.1540824323892593
3332673180.0,-0.4652110338211059,0.0881995186209678,10.584461212158203,4.648739814758301,1.6811776161193848,0.1484729200601577
3332681513.0,-0.4597492814064026,-0.0522543489933013,10.263426780700684,4.259557247161865,0.813700258731842,0.3355336785316467
3332689846.0,-0.4837718605995178,0.0495221205055713,9.740030288696287,4.399514198303223,0.5468511581420898,0.3594573736190796
3332698179.0,-0.4597228765487671,0.2055130898952484,9.557096481323242,4.284019470214844,1.2609503269195557,0.4148353636264801
3332706512.0,-0.3006255030632019,0.1480523347854614,9.987837791442873,3.987842321395874,1.8270763158798216,0.4432415664196014
3332714845.0,-0.367720752954483,0.105127103626728,10.211338996887209,3.4611616134643555,1.7661911249160769,0.3708556890487671
3332723178.0,-0.4856725633144378,0.1119791269302368,10.006125450134276,3.150153636932373,1.207058072090149,0.3134541809558868
3332731511.0,-0.5452303290367126,0.177420437335968,9.921632766723633,3.083070039749145,0.9631592631340028,0.2758012413978576
3332739844.0,-0.5464388728141785,0.0246900450438261,10.059527397155762,2.987375259399414,1.2330307960510254,0.1755983829498291
3332748177.0,-0.4939153790473938,-0.0651252567768096,10.023293495178224,2.470275402069092,0.8071430325508118,0.0782386884093284
3332756510.0,-0.5737056732177734,-0.0454396046698093,9.99935817718506,2.7546186447143555,0.5025640726089478,0.150214672088623
3332764843.0,-0.4430512487888336,0.1508698612451553,9.87762451171875,2.846804141998291,0.4333800375461578,-0.0028687939047813
3332773176.0,-0.3665970861911773,0.1165337413549423,9.88729763031006,2.8143510818481445,0.5345051288604736,-0.0760998874902725
3332781509.0,-0.3362839818000793,-0.1038547530770301,9.872377395629885,2.6166346073150635,0.7345009446144104,-0.1252792179584503
3332789842.0,-0.3764355778694153,-0.2136568874120712,9.80038356781006,2.6700150966644287,0.7026881575584412,-0.1389572322368621
3332798175.0,-0.4389724731445312,-0.0445289425551891,9.82326316833496,2.829002618789673,0.6585291624069214,-0.1927983462810516
3332806508.0,-0.4536982476711273,0.0798412933945655,9.937844276428224,2.937453269958496,0.789110541343689,-0.1315803229808807
3332814841.0,-0.4111616313457489,-0.0368266254663467,10.058225631713867,2.7359204292297363,0.6987691521644592,-0.1749196052551269
3332823174.0,-0.4064449369907379,-0.1851690709590912,9.953929901123049,2.620605230331421,0.6522281169891357,-0.0771756991744041
3332831507.0,-0.4094910323619842,-0.146571397781372,9.853063583374023,2.548731565475464,0.5656007528305054,-0.0772013068199157
3332839840.0,-0.3851805329322815,0.0045610801316797,9.886149406433104,2.8222920894622803,0.7540703415870667,-0.1027130857110023
3332848173.0,-0.2899605631828308,0.0094474386423826,9.98934841156006,2.708077907562256,0.6782777309417725,-0.027432844042778
3332856506.0,-0.2299837470054626,-0.1607523709535598,9.873809814453123,2.5525739192962646,0.5120158195495605,0.0337211415171623
3332864839.0,-0.2468437403440475,-0.1282736957073211,9.78026294708252,2.651137351989746,0.6808647513389587,0.182693526148796
3332873172.0,-0.38837730884552,0.0196507330983877,9.796575546264648,2.68689489364624,1.07271146774292,0.0475784428417682
3332881505.0,-0.505478024482727,-0.0632544085383415,9.961060523986816,2.70111083984375,1.1508604288101196,0.1477813422679901
3332889838.0,-0.5088464617729187,-0.2572284042835235,10.026942253112791,2.674804925918579,0.7995355725288391,0.0917117744684219
3332898171.0,-0.4219074845314026,-0.2887391448020935,9.921040534973145,2.8675007820129395,0.4690606892108917,0.151290476322174
3332906504.0,-0.3886526525020599,0.0456380099058151,9.799407958984377,3.031611204147339,0.5387314558029175,0.2087175995111465
3332914837.0,-0.4251327216625213,0.2174945026636123,9.899311065673828,2.9827136993408203,0.9975335597991944,0.1931697577238083
3332923170.0,-0.3922338783740997,-0.0091759646311402,9.95133113861084,2.7775180339813232,0.7112945318222046,0.2141478061676025
3332931503.0,-0.3711068332195282,-0.2041239738464355,9.791881561279297,2.842782974243164,0.5957486629486084,0.1820019632577896
3332939836.0,-0.4617577791213989,0.0009701468516141,9.779175758361816,2.9580984115600586,0.8395705223083496,0.2532863914966583
3332948169.0,-0.5674614906311035,0.2399242669343948,9.874293327331545,3.1068406105041504,1.2810832262039185,0.1551582515239715
3332956502.0,-0.5587714910507202,0.2513061165809631,10.133020401000977,2.9488770961761475,0.8481769561767578,0.16694076359272
3332964835.0,-0.5124873518943787,-0.0124836293980479,9.968809127807615,2.6388425827026367,0.5928542613983154,0.1990866512060165
3332973168.0,-0.5035718679428101,-0.0264952834695577,9.876364707946776,2.732897996902466,0.48565873503685,0.0970651432871818
3332981501.0,-0.5151659250259399,0.1469049453735351,9.830802917480469,2.8795650005340576,0.8370603322982788,0.1040322184562683
3332989834.0,-0.4612526893615722,0.1445096731185913,10.001046180725098,2.7958321571350098,0.784115731716156,0.0485005527734756
3332998167.0,-0.3489538729190826,-0.0092295464128255,9.949703216552734,2.6109743118286133,0.5001052021980286,0.0279323253780603
3333006500.0,-0.3253131210803985,-0.0164013188332319,9.816889762878418,2.7053885459899902,0.6046368479728699,0.0024973878171294
3333014833.0,-0.394543319940567,0.1237361207604408,9.80974006652832,2.7477798461914062,0.8717676401138306,0.0120514975860714
3333023166.0,-0.522702693939209,0.0707350820302963,9.925840377807615,2.755413055419922,1.1902806758880615,0.0412261113524436
3333031499.0,-0.5278945565223694,-0.1536183655261993,10.014620780944824,2.603571891784668,0.8191559910774231,-0.018314179033041
3333039832.0,-0.4702098965644836,-0.1843007951974868,9.912343978881836,2.698498010635376,0.3457793295383453,-0.0330423563718795
3333048165.0,-0.3981437683105469,0.0434775091707706,9.79885196685791,2.858356475830078,0.3748771250247955,-0.1294287294149398
3333056498.0,-0.387992262840271,0.1964608579874038,9.882590293884276,2.780514717102051,0.8005345463752747,0.0362057201564312
3333064831.0,-0.3388819992542267,0.0227532535791397,9.964216232299805,2.619760274887085,0.7589370608329773,-0.0144720440730452
3333073164.0,-0.3238922953605652,-0.213173508644104,9.870545387268066,2.599550485610962,0.4775390326976776,-0.0242054518312215
3333081497.0,-0.3065604269504547,-0.1236868947744369,9.744813919067385,2.794935703277588,0.5150894522666931,-0.0559414960443973
3333089830.0,-0.3959792852401733,0.0765251591801643,9.815729141235352,2.87649154663086,0.9424886107444764,-0.072078451514244
3333098163.0,-0.4378879368305206,0.1053750663995742,10.02353858947754,2.742349863052368,0.9526318907737732,0.1186323463916778
3333106496.0,-0.421528697013855,-0.0779290348291397,10.047317504882812,2.6567211151123047,0.600922703742981,0.0097974445670843
3333114829.0,-0.4019506275653839,-0.1027862131595611,9.860247611999512,2.736893653869629,0.5297920107841492,0.0230912305414676
3333123162.0,-0.4221497774124145,0.0380498543381691,9.772969245910645,2.848341464996338,0.8872131705284119,0.0998827219009399
3333131495.0,-0.43092742562294,0.1135044321417808,9.915116310119627,2.789121150970459,0.9618017673492432,0.2086663693189621
3333139828.0,-0.3449145257472992,-0.0110516119748353,10.044642448425291,2.6229360103607178,0.5580189228057861,0.0866913869976997
3333148161.0,-0.250175803899765,-0.0864919945597648,9.880632400512695,2.628981113433838,0.2673485875129699,0.1017781645059585
3333156494.0,-0.3106606304645538,0.0807882994413375,9.71239948272705,2.710895299911499,0.8040180206298828,0.1294159144163131
3333164827.0,-0.4785032570362091,0.1612845361232757,9.861977577209473,2.7832553386688232,1.177729606628418,0.1687849909067154
3333173160.0,-0.5489591360092163,-0.0226185508072376,10.03051471710205,2.632643938064575,0.9388257265090942,0.1013427227735519
3333181493.0,-0.4914569556713104,-0.2216093838214874,10.031232833862305,2.488384485244751,0.4421657621860504,0.0974237546324729
3333189826.0,-0.4124401211738586,-0.061989814043045,9.797223091125488,2.827901124954224,0.287711888551712,0.0830029249191284
3333198159.0,-0.4310629367828369,0.1755119264125824,9.852289199829102,2.832281351089477,0.8141613006591797,0.0846934765577316
3333206492.0,-0.4326910972595215,0.1653986126184463,10.012213706970217,2.694553852081299,0.9459208846092224,0.1482679992914199
3333214825.0,-0.4018272757530212,-0.1642794460058212,9.95627212524414,2.47570538520813,0.42249396443367,0.0674038529396057
3333223158.0,-0.3878055810928345,-0.2128700315952301,9.77105712890625,2.710664987564087,0.4160904586315155,0.0086960336193442
3333231491.0,-0.4372014105319977,0.0316763296723365,9.722870826721191,2.8556156158447266,0.9490202069282532,0.0319281443953514
3333239824.0,-0.5399847030639648,0.1783126890659332,9.995619773864746,2.807947874069214,1.1234019994735718,0.0992423593997955
3333248157.0,-0.5306757092475891,-0.0053895702585577,10.130559921264648,2.645732879638672,0.709604024887085,-0.0310188401490449
3333256490.0,-0.4393053650856018,-0.1796609312295913,9.89816665649414,2.611435413360596,0.2904782295227051,0.0230656191706657
3333264823.0,-0.4387993514537811,-0.0743487030267715,9.772554397583008,2.72652006149292,0.539935290813446,0.0506265349686145
3333273156.0,-0.4819149672985077,0.0821654722094535,9.82033920288086,2.858305215835572,0.991334855556488,-0.0423659421503543
3333281489.0,-0.418788194656372,0.0105009293183684,10.068036079406738,2.7058494091033936,0.5058683156967163,0.0471173822879791
3333289822.0,-0.3043549358844757,-0.1465708464384079,9.899970054626465,2.577829599380493,0.0848215371370315,-0.0222075413912534
3333298155.0,-0.3159220218658447,-0.0705675333738327,9.781667709350586,2.685921669006348,0.3851996660232544,0.1230379715561866
3333306488.0,-0.4520834982395172,0.0886765345931053,9.852441787719728,2.8986732959747314,1.0246334075927734,0.0375376604497432
3333314821.0,-0.5553854703903198,0.0194088350981473,9.997939109802246,2.7174015045166016,1.0578550100326538,0.0755748003721237
3333323154.0,-0.4898015856742859,-0.2024833112955093,10.022913932800291,2.514254808425904,0.3993130922317505,0.0751137286424636
3333331487.0,-0.3780290186405182,-0.1726439148187637,9.792499542236328,2.8268511295318604,0.1885335743427276,-0.001331940293312
3333339820.0,-0.355325847864151,0.118692860007286,9.801767349243164,2.9970579147338867,0.7499976754188538,0.0467587895691394
3333348153.0,-0.3718982338905334,0.2229884415864944,9.907575607299805,2.7753918170928955,0.9535027146339417,0.1315675228834152
3333356486.0,-0.3716631829738617,-0.050337329506874,9.992916107177734,2.551011085510254,0.629636287689209,0.0750112831592559
3333364819.0,-0.3132593631744385,-0.2360077947378158,9.783637046813965,2.651163101196289,0.4232880175113678,0.1274692267179489
3333373152.0,-0.3417100012302398,-0.0405529886484146,9.741307258605955,2.945291042327881,0.807783305644989,0.1061069667339325
3333381485.0,-0.4802989363670349,0.1798303127288818,9.922228813171388,2.925004720687866,1.0543971061706543,0.0158680193126201
3333389818.0,-0.5009341239929199,0.1390121281147003,10.108235359191896,2.678339719772339,0.8275063037872314,0.0739354938268661
3333398151.0,-0.4600474536418915,-0.109093852341175,9.981821060180664,2.5727579593658447,0.3506204485893249,-0.013882914558053
3333406484.0,-0.3787674605846405,-0.0846254453063011,9.766221046447754,2.7967538833618164,0.5742070078849792,-0.0019210674799978
3333414817.0,-0.4695475995540619,0.1224598512053489,9.779863357543944,2.937786340713501,0.9226376414299012,0.0711947679519653
3333423150.0,-0.419405460357666,0.1080386266112327,10.009583473205566,2.7297475337982178,0.9071922302246094,0.0683003589510917
3333431483.0,-0.3192657828330993,-0.0068636042997241,10.02141571044922,2.604749917984009,0.2482915967702865,0.0892784148454666
3333439816.0,-0.2374074459075927,-0.0260291583836078,9.796053886413574,2.554495096206665,0.3759273588657379,-0.0209524445235729
3333448149.0,-0.338115930557251,0.1422760635614395,9.725090026855469,2.858049154281616,0.9546810388565063,0.0164059177041053
3333456482.0,-0.5406712293624878,0.132102757692337,9.961580276489258,2.6720130443573,1.1255279779434204,0.0753698945045471
3333464815.0,-0.5516695976257324,-0.1045107096433639,10.128355979919434,2.582491397857666,0.6884722709655762,0.1111017540097236
3333473148.0,-0.4585254192352295,-0.1891117542982101,9.958991050720217,2.595221281051636,0.2247264832258224,0.0293411090970039
3333481481.0,-0.3757746517658233,0.0285179447382688,9.747207641601562,2.783101797103882,0.5165494680404663,-0.0145232705399394
3333489814.0,-0.428826630115509,0.2142791450023651,9.891634941101074,2.81609320640564,1.1936105489730835,0.1462444812059402
3333498147.0,-0.4505996704101562,0.0543753765523433,10.024499893188477,2.5867178440093994,0.8841649293899536,0.0668147355318069
3333506480.0,-0.3893200159072876,-0.2110536694526672,9.937418937683104,2.5147416591644287,0.4062289893627167,0.0409443601965904
3333514813.0,-0.3628109395503998,-0.1668970882892608,9.707315444946287,2.7904529571533203,0.5462362766265869,0.0431471727788448
3333523146.0,-0.4592684507369995,0.1159679144620895,9.834217071533203,2.9626576900482178,1.1223773956298828,0.0845397859811782
3333531479.0,-0.5655336976051331,0.1393019258975982,10.03937816619873,2.720987558364868,1.0965838432312012,0.1084634885191917
3333539812.0,-0.5060890316963196,-0.0473527833819389,10.0587739944458,2.4858486652374268,0.6085301637649536,0.0446328036487102
3333548145.0,-0.4230332374572754,-0.1755333691835403,9.849964141845703,2.592276096343994,0.3020558953285217,-0.0338876321911811
3333556478.0,-0.4270030260086059,-0.0169289987534284,9.779095649719238,2.8458056449890137,0.8129830956459045,0.0685308873653411
3333564811.0,-0.4855673313140869,0.148306518793106,9.925806999206545,2.821523427963257,1.0873115062713623,0.1689899265766143
3333573144.0,-0.3953489065170288,-0.0084521528333425,10.035965919494627,2.5718870162963867,0.4710586369037628,0.0950672328472137
3333581477.0,-0.2910971343517303,-0.1405037492513656,9.900254249572754,2.564919948577881,0.1944504827260971,0.0312621779739856
3333589810.0,-0.332994669675827,-0.0469530038535594,9.700325012207031,2.732846736907959,0.5951595902442932,0.1864844411611557
3333598143.0,-0.5126128196716309,0.1119521260261535,9.831690788269045,2.7630717754364014,1.2515244483947754,0.1591540575027465
3333606476.0,-0.5540656447410583,0.0118214301764965,10.111479759216309,2.592224836349488,0.9997621178627014,0.1174540668725967
3333614809.0,-0.4503381848335266,-0.1916970610618591,10.020448684692385,2.544454336166382,0.2884803414344787,0.0434801690280437
3333623142.0,-0.3514123558998108,-0.1138745173811912,9.771591186523438,2.8134803771972656,0.2140965759754181,-0.0086319977417588
3333631475.0,-0.4038080275058746,0.1522440910339355,9.771074295043944,2.9577908515930176,0.7909290790557861,0.0970907509326934
3333639808.0,-0.4457541108131408,0.1771678179502487,9.995766639709473,2.767502784729004,0.989337146282196,0.1571561396121978
3333648141.0,-0.4196707010269165,-0.127288281917572,9.998254776000977,2.5491416454315186,0.4301526844501495,0.0041879280470311
3333656474.0,-0.3090854585170746,-0.2461390495300293,9.808419227600098,2.5439932346343994,0.3105085790157318,-0.0067365444265306
3333664807.0,-0.3407498896121979,0.0032677955459803,9.716082572937012,2.8994927406311035,0.7529175877571106,0.0518304035067558
3333673140.0,-0.4487344324588775,0.2152144610881805,9.971457481384276,2.829925060272217,1.1120036840438845,0.082567498087883
3333681473.0,-0.4409479796886444,0.0391698703169822,10.13047218322754,2.497349500656128,0.8149809241294861,0.0268565248697996
3333689806.0,-0.4106527268886566,-0.1764758974313736,9.96855354309082,2.5228867530822754,0.2139172703027725,0.0423531346023082
3333698139.0,-0.3849700689315796,-0.1177586242556572,9.723106384277344,2.7062079906463623,0.6466954350471497,0.0744221657514572
3333706472.0,-0.459023654460907,0.1019335016608238,9.840317726135254,2.81829571723938,1.094483494758606,0.1323103308677673
3333714805.0,-0.473000019788742,0.1134737133979797,10.062260627746582,2.71811842918396,0.8524801135063171,0.0111806131899356
3333723138.0,-0.3578121662139892,-0.1124648228287696,10.019993782043455,2.517841100692749,0.2992639243602752,0.0535977855324745
3333731471.0,-0.2479999810457229,-0.1487418413162231,9.753024101257324,2.6732938289642334,0.4538713991641998,0.0300839189440011
3333739804.0,-0.3575772941112518,0.0634090304374694,9.729897499084473,2.881511926651001,1.1987076997756958,0.1200411096215248
3333748137.0,-0.5422369837760925,0.0566469877958297,9.974690437316896,2.8544118404388428,1.3049812316894531,0.1005742996931076
3333756470.0,-0.5214278697967529,-0.1188128143548965,10.0457763671875,2.575831413269043,0.5019749402999878,0.0775470957159996
3333764803.0,-0.4031488299369812,-0.2135825753211975,9.885951042175291,2.698549270629883,0.1671200543642044,0.0589255355298519
3333773136.0,-0.3957947790622711,0.0592471063137054,9.77078628540039,3.0167808532714844,0.7802224159240723,0.0483212582767009
3333781469.0,-0.4676967263221741,0.2328275740146637,9.946172714233398,2.953180313110352,1.082342267036438,0.1311576962471008
3333789802.0,-0.5004922151565552,0.0507048033177852,10.044891357421877,2.613023281097412,0.8589350581169128,0.1478069424629211
3333798135.0,-0.3832176029682159,-0.2150027453899383,9.869463920593262,2.6042122840881348,0.2233176976442337,0.0471942313015461
3333806468.0,-0.3393655717372894,-0.1127872690558433,9.715289115905762,2.8291821479797363,0.5818657875061035,0.0576448440551757
3333814801.0,-0.4473913013935089,0.1816229224205017,9.856161117553713,2.9595839977264404,1.105753779411316,0.1797479093074798
3333823134.0,-0.5091925859451294,0.2106102257966995,10.0980224609375,2.74662709236145,0.9650804400444032,0.0812355428934097
3333831467.0,-0.4897276759147644,-0.0488566718995571,10.09139347076416,2.4978363513946533,0.3309999704360962,0.0505753085017204
3333839800.0,-0.4338919818401336,-0.1293887645006179,9.775443077087402,2.594427585601806,0.3948562443256378,-0.0293539147824049
3333848133.0,-0.4614581763744354,0.0173118319362401,9.772170066833496,2.878079414367676,0.9671550393104552,0.1959104686975479
3333856466.0,-0.4915744960308075,0.1724452823400497,9.954999923706056,2.744629383087158,0.9710485339164734,0.0918654650449752
3333864799.0,-0.4500966668128967,-0.0391663648188114,10.094411849975586,2.560591220855713,0.3173475861549377,-0.0201327912509441
3333873132.0,-0.2848221361637115,-0.123874083161354,9.80824375152588,2.564587116241455,0.2651713788509369,0.014945906586945
3333881465.0,-0.3366677165031433,0.0443172566592693,9.701261520385742,2.807128429412842,0.8609841465950012,0.1426841169595718
3333889798.0,-0.5171527862548828,0.1548518538475036,9.87099552154541,2.814735412597656,1.248040795326233,0.145629733800888
3333898131.0,-0.5420786142349243,-0.0317174158990383,10.028118133544922,2.604084253311157,0.725740909576416,0.0054174112156033
3333906464.0,-0.4358755052089691,-0.2225463539361953,9.968364715576172,2.6080541610717773,0.233717069029808,-0.0473351068794727
3333914797.0,-0.3955414593219757,-0.1246856749057769,9.684368133544922,2.912325859069824,0.5589410662651062,-0.0231552682816982
3333923130.0,-0.3819967806339264,-0.0311632845550775,9.546575546264648,3.0273337364196777,1.0264778137207031,0.0478089712560176
3333931463.0,-0.2741477787494659,0.0144317988306283,9.739911079406738,3.0383989810943604,0.8171325325965881,0.0402527749538421
3333939796.0,-0.2516628205776214,-0.5192461609840393,9.582822799682615,2.868781566619873,0.1153024807572364,-0.019825417548418
3333948129.0,-0.2522332072257995,-0.4106495976448059,9.097265243530272,3.1763319969177246,0.5256425738334656,0.1243443191051483
3333956462.0,-0.4071479141712188,-0.0526322945952415,9.72288990020752,3.509572744369507,1.42767333984375,0.1155330017209053
3333964795.0,-0.5020384192466736,0.2238940447568893,10.101201057434082,3.443333864212036,1.404645919799805,0.1113834828138351
3333973128.0,-0.3965903222560882,0.1171058565378189,10.516852378845217,3.019418954849243,0.6415725350379944,0.0094388453289866
3333981461.0,-0.188198983669281,-0.0533324480056762,10.048404693603516,2.9047954082489014,0.1767766624689102,0.0716558322310447
3333989794.0,-0.1812575906515121,0.07045828551054,9.782720565795898,2.892218589782715,0.5168824791908264,0.1971655786037445
3333998127.0,-0.2384822219610214,0.3051455318927765,9.96186351776123,2.932048797607422,1.3242686986923218,0.1913511604070663
3334006460.0,-0.2565957903861999,0.1563294976949691,10.18918228149414,2.608438730239868,1.0381834506988523,0.2031593173742294
3334014793.0,-0.3102559745311737,-0.0149524854496121,10.174452781677246,2.295304536819458,0.5016164183616638,0.2949095070362091
3334023126.0,-0.3605551421642303,0.0278547257184982,9.9102144241333,2.5873067378997803,0.8948973417282104,0.2354076206684112
3334031459.0,-0.6000491380691528,0.0072981817647814,9.963643074035645,2.6961159706115723,1.355876922607422,0.2713188230991363
3334039792.0,-0.6251249313354492,-0.2179196923971176,10.02245807647705,2.61499571800232,1.0968143939971924,0.1687081754207611
3334048125.0,-0.539724588394165,-0.3736941218376159,10.002842903137209,2.708589792251587,0.4155269265174866,0.0993448048830032
3334056458.0,-0.4131604433059692,-0.206489697098732,9.757269859313965,2.949619770050049,0.4171150028705597,0.0674294680356979
3334064791.0,-0.3980565071105957,0.1483633369207382,9.800020217895508,3.2614216804504395,0.9575497508049012,-0.0282781142741441
3334073124.0,-0.4489785730838775,0.0798303410410881,9.938088417053224,3.126588821411133,1.1531144380569458,0.004008627962321
3334081457.0,-0.4039336740970611,-0.1580385863780975,9.933710098266602,2.888146162033081,0.6050978899002075,-0.1078103110194206
3334089790.0,-0.3838729560375213,-0.2642108201980591,9.72050952911377,3.0825321674346924,0.6668282151222229,-0.1236911490559578
3334098123.0,-0.4573829174041748,-0.0489572696387767,9.689635276794434,3.5327024459838867,1.1610548496246338,-0.0264338888227939
3334106456.0,-0.5861058831214905,0.123123362660408,9.968503952026367,3.4756081104278564,1.2905092239379885,-0.0931333526968956
3334114789.0,-0.5835995674133301,0.1090920642018318,10.156197547912598,3.149744033813477,0.7256641387939453,-0.0393434651196002
3334123122.0,-0.5063609480857849,0.0556258186697959,9.945331573486328,3.1340172290802,0.3989545702934265,-0.0153941558673977
3334131455.0,-0.5040863752365112,0.1099081486463546,9.769180297851562,3.228533744812012,0.8517630100250244,-0.0714893341064453
3334139788.0,-0.509858250617981,0.1975238472223281,9.88845920562744,3.0761544704437256,1.086082100868225,0.0504216253757476
3334148121.0,-0.4424660503864288,0.0963939949870109,10.033143043518066,2.777620792388916,0.6809673309326172,0.0829260945320129
3334156454.0,-0.3095532655715942,-0.0038312054239213,9.892583847045898,2.659590005874634,0.3554359376430511,0.0835408270359039
3334164787.0,-0.3686804473400116,0.080542042851448,9.725767135620115,2.7255213260650635,0.7496390342712402,0.0706312507390976
3334173120.0,-0.5241509079933167,0.2173785716295242,9.880708694458008,2.8743910789489746,1.333208084106445,0.2629941403865814
3334181453.0,-0.653782069683075,0.1070737913250923,10.134589195251465,2.6195552349090576,1.101501703262329,0.189301997423172
3334189786.0,-0.6173193454742432,-0.1144006699323654,10.069890975952148,2.40588116645813,0.3700616657733917,0.1517003178596496
3334198119.0,-0.4948914349079132,-0.1076702177524566,9.802197456359863,2.588331460952759,0.3911165595054626,0.0211701672524213
3334206452.0,-0.4509828686714172,0.083361692726612,9.72837257385254,2.8749547004699707,0.8999944925308228,0.0557237640023231
3334214785.0,-0.4898098409175873,0.1499186158180236,9.946279525756836,2.757718086242676,0.9141336679458618,0.0533416420221328
3334223118.0,-0.4076757431030273,-0.0981798470020294,9.997723579406738,2.6103081703186035,0.5859384536743164,0.0575423836708068
3334231451.0,-0.3425694406032562,-0.1652824729681015,9.825676918029783,2.675342798233032,0.4002608954906463,-0.0197229627519845
3334239784.0,-0.4137941002845764,0.0375738181173801,9.777461051940918,3.072875738143921,0.8802204728126526,0.1349229663610458
3334248117.0,-0.5129604339599609,0.1776706427335739,9.956100463867188,2.979844331741333,0.9141592383384703,0.0582339540123939
3334256450.0,-0.4583601057529449,0.0775972381234169,10.130518913269045,2.777927875518799,0.5373226404190063,0.1179407462477684
3334264783.0,-0.3350338637828827,-0.1294987201690673,9.940176010131836,2.6256253719329834,0.3349957168102264,0.0282653048634529
3334273116.0,-0.3452826738357544,-0.0619857460260391,9.708781242370604,3.008609771728516,0.5921370387077332,0.0638690963387489
3334281449.0,-0.4569182395935058,0.0761863514780998,9.734344482421877,3.212806701660156,1.061594843864441,0.1059020534157753
3334289782.0,-0.4077735841274261,0.1020973473787307,9.977877616882324,2.917320728302002,0.7171857953071594,0.1080792769789695
3334298115.0,-0.2711706459522247,-0.0396738871932029,9.911017417907717,2.796472549438477,0.2208075374364853,-0.0913915932178497
3334306448.0,-0.2100217491388321,-0.0265181306749582,9.647174835205078,3.027231216430664,0.4051019549369812,0.0968858525156974
3334314781.0,-0.3491391241550445,0.1271470040082931,9.57676124572754,3.170594453811645,1.1394877433776855,0.2499053180217743
3334323114.0,-0.4959492981433868,0.0518963560461998,9.839861869812012,3.071415662765503,1.0859283208847046,0.169655904173851
3334331447.0,-0.4099173545837402,-0.2002355307340622,9.86607265472412,2.874621629714966,0.3903993368148803,0.0793913230299949
3334339780.0,-0.2909285426139831,-0.2714252173900604,9.688335418701172,3.058044910430908,0.2167604565620422,0.1900704205036163
3334348113.0,-0.2801851332187652,-0.0016447624657303,9.58684539794922,3.459445714950561,1.021559715270996,0.1218084841966629
3334356446.0,-0.4136916995048523,0.1232486814260482,9.800365447998049,3.314750909805298,1.2138457298278809,0.1621765196323394
3334364779.0,-0.3531537353992462,-0.1429899632930755,9.820999145507812,3.0487728118896484,0.4680873155593872,0.1584368497133255
3334373112.0,-0.2300165295600891,-0.4049001932144165,9.545156478881836,3.098489999771118,0.1904034316539764,0.1680934131145477
3334381445.0,-0.2653091847896576,-0.4075307548046112,9.253430366516112,3.3878283500671387,0.917463481426239,0.1691692024469375
3334389778.0,-0.386097103357315,-0.24403016269207,9.42140293121338,3.667535543441773,1.4241129159927368,0.2152747958898544
3334398111.0,-0.445650190114975,-0.269307792186737,9.640324592590332,3.620328664779663,1.0319335460662842,0.1107175275683403
3334406444.0,-0.376744657754898,-0.399772584438324,9.57399559020996,3.4507627487182617,0.511221706867218,0.1685032695531845
3334414777.0,-0.3471015393733978,-0.3847422897815704,9.331181526184082,3.649170398712158,0.6434935927391052,0.0919422879815101
3334423110.0,-0.4526197612285614,-0.2344464808702469,9.362139701843262,3.887433290481568,1.2320828437805176,0.0375376567244529
3334431443.0,-0.4649476110935211,-0.2027016133069992,9.674097061157228,3.777061700820923,1.093714952468872,0.1435549706220626
3334439776.0,-0.3476752936840057,-0.2416848242282867,9.697416305541992,3.7093892097473145,0.4979022145271301,0.0510363616049289
3334448109.0,-0.2584013044834137,-0.1058576852083206,9.505437850952148,3.8735761642456055,0.4338410198688507,0.0175073277205228
3334456442.0,-0.3734857141971588,0.0908038765192031,9.537616729736328,3.8403806686401367,1.3816447257995603,-0.0362953729927539
3334464775.0,-0.5698485374450684,0.211065873503685,9.82709789276123,3.8649706840515137,1.6584832668304443,-0.0201071724295616
3334473108.0,-0.6139317154884338,0.0520991720259189,10.22610855102539,3.491898775100708,1.1461472511291504,-0.0401118882000446
3334481441.0,-0.5496312975883484,0.043886013329029,10.10843563079834,3.408883571624756,0.6455940008163452,-0.2264042347669601
3334489774.0,-0.5201812386512756,0.2716412842273712,9.98007869720459,3.611030101776123,0.8341402411460876,-0.2181563973426818
3334498107.0,-0.568867027759552,0.5026913285255432,10.194647789001465,3.5910770893096924,1.4155322313308716,-0.2208715379238128
3334506440.0,-0.5586711764335632,0.4962554574012756,10.43874168395996,3.0995402336120605,1.193047046661377,-0.3376212418079376
3334514773.0,-0.4874460399150848,0.2978808283805847,10.415661811828612,2.801826238632202,0.740033745765686,-0.3259667754173279
3334523106.0,-0.4397457838058471,0.3341135382652282,10.240118980407717,2.884303569793701,0.9473041296005248,-0.3478669226169586
3334531439.0,-0.5762547850608826,0.508243203163147,10.3911714553833,2.9869914054870605,1.3443247079849243,-0.4161545038223266
3334539772.0,-0.5986267924308777,0.5214091539382935,10.603097915649414,2.669553756713867,1.300908446311951,-0.3953044712543487
3334548105.0,-0.5592229962348938,0.3779562711715698,10.646547317504885,2.343280076980591,0.9404650926589966,-0.4233520925045013
3334556438.0,-0.5409707427024841,0.2901270985603332,10.46507167816162,2.3055756092071533,0.8114461302757263,-0.2755835652351379
3334564771.0,-0.5458645224571228,0.3456830084323883,10.400331497192385,2.480546712875366,1.06968891620636,-0.2337298691272735
3334573104.0,-0.5631030797958374,0.3134844303131103,10.545637130737305,2.415589094161988,1.0099821090698242,-0.3502747118473053
3334581437.0,-0.4570164978504181,0.2365451008081436,10.571443557739258,2.112777709960937,0.6543028950691223,-0.1735620647668838
3334589770.0,-0.4060665965080261,0.1396015584468841,10.361128807067873,2.235136747360229,0.6469003558158875,-0.0248970370739698
3334598103.0,-0.435838371515274,0.2527522444725036,10.20648193359375,2.44719672203064,0.8395193219184875,0.0566458813846111
3334606436.0,-0.5256581902503967,0.2333006560802459,10.198535919189451,2.414154291152954,1.0531420707702637,0.0966553166508674
3334614769.0,-0.5677818059921265,0.0537465699017047,10.30026149749756,2.3822391033172607,0.88211590051651,0.1069266349077224
3334623102.0,-0.5183213353157043,-0.0595785491168499,10.25575065612793,2.405215263366699,0.5508981943130493,0.2723433673381805
3334631435.0,-0.5211730003356934,0.1058587208390235,10.04382610321045,2.746140718460083,0.401977002620697,0.332280695438385
3334639768.0,-0.5436551570892334,0.2563160061836242,9.97087860107422,2.794372081756592,0.51304030418396,0.477154791355133
3334648101.0,-0.4983778893947601,0.2303023189306259,10.064896583557127,2.609642744064331,0.5339159369468689,0.4343278110027313
3334656434.0,-0.4574339389801025,0.0120603302493691,10.013258934020996,2.5539824962615967,0.4183957278728485,0.2956523299217224
3334664767.0,-0.4656976461410522,0.0129134394228458,9.836273193359377,2.584821939468384,0.2537217736244201,0.4065363109111786
3334673100.0,-0.5264929533004761,0.1541527658700943,9.7338285446167,2.808665037155152,0.4231855571269989,0.4375039339065552
3334681433.0,-0.5626097321510315,0.1998247057199478,9.897836685180664,2.580185651779175,0.4851976335048675,0.3944207429885864
3334689766.0,-0.4986238181591034,0.0605791136622428,9.921710014343262,2.403242588043213,0.3196272253990173,0.3972383439540863
3334698099.0,-0.5394309759140015,-0.0207401476800441,9.869898796081545,2.4732465744018555,0.3603282868862152,0.3911166191101074
3334706432.0,-0.5836920738220215,0.0516979210078716,9.683631896972656,2.6069016456604004,0.4366586804389953,0.3805378973484039
3334714765.0,-0.5798319578170776,0.1539278775453567,9.804121971130373,2.5226309299468994,0.2957547605037689,0.2506225109100342
3334723098.0,-0.455743670463562,-0.0459803566336631,9.801576614379885,2.0914406776428223,0.0230912324041128,0.1696302592754364
3334731431.0,-0.3437455892562866,-0.1029080003499984,9.701913833618164,2.058372974395752,0.0468100197613239,0.0478858165442943
3334739764.0,-0.3630800247192383,-0.0936521217226982,9.535971641540527,2.338541269302368,0.2970098853111267,0.0563129037618637
3334748097.0,-0.4317858815193176,-0.0323029197752475,9.61985969543457,2.259265184402466,0.5126048922538757,-0.02061946131289
3334756430.0,-0.4651647508144378,-0.1680236309766769,9.78982925415039,2.0088858604431152,0.314273864030838,-0.1329891085624694
3334764763.0,-0.3857937753200531,-0.3587127029895782,9.820154190063477,1.989291071891785,0.1951420605182647,-0.1265599280595779
3334773096.0,-0.3482502400875091,-0.3330356478691101,9.66511344909668,2.2498390674591064,0.1258555352687835,-0.1807084083557129
3334781429.0,-0.3451941013336181,-0.1159727498888969,9.673290252685549,2.5433783531188965,0.2028519213199615,-0.308958888053894
3334789762.0,-0.2515304982662201,-0.1470904350280761,9.702302932739258,2.318510770797729,0.1998294442892074,-0.1809133440256118
3334798095.0,-0.1639584600925445,-0.3468586504459381,9.787103652954102,2.2281436920166016,0.1136119440197944,-0.1514313519001007
3334806428.0,-0.1741530150175094,-0.4482771158218384,9.581873893737791,2.424733161926269,0.3692164123058319,-0.2387503087520599
3334814761.0,-0.2001018673181533,-0.2625915110111236,9.662739753723145,2.8903231620788574,0.6557115912437439,-0.1139577329158783
3334823094.0,-0.2935679852962494,-0.0989143028855323,9.807296752929688,2.817322492599488,0.486324667930603,-0.1996117383241653
3334831427.0,-0.3147251904010772,-0.1600415706634521,9.952058792114258,2.689149141311645,0.4882457852363586,-0.1339112222194671
3334839760.0,-0.269187331199646,-0.2325200289487838,9.850050926208496,2.755899906158448,0.3678588271141052,-0.1130100190639495
3334848093.0,-0.2893706858158111,-0.1053210794925689,9.790026664733888,2.9289238452911377,0.7360379099845886,-0.0894705206155777
3334856426.0,-0.3308067917823791,-0.0426728166639804,9.805788040161133,3.1840415000915527,0.7557095289230347,0.0212470069527626
3334864759.0,-0.2918530106544494,-0.0350379198789596,10.009795188903809,3.023235321044922,0.6536881923675537,0.0378450341522693
3334873092.0,-0.2239589691162109,-0.0231184139847755,9.990756034851074,2.972852230072021,0.5127585530281067,0.0802109912037849
3334881425.0,-0.2524104416370392,0.1032292619347572,9.870277404785156,3.185885667800904,0.6930571794509888,0.2300542443990707
3334889758.0,-0.3702540099620819,0.2218144983053207,9.877813339233398,3.2308645248413086,1.120891809463501,0.2764416337013244
3334898091.0,-0.4931072294712066,0.1873313635587692,9.996126174926758,3.0854525566101074,1.1558809280395508,0.1044932752847671
3334906424.0,-0.4835300743579864,0.0611109510064125,10.11277675628662,2.9462387561798096,0.792337954044342,0.2669643759727478
3334914757.0,-0.479918360710144,0.1020121127367019,9.965950012207031,3.031124353408813,0.7845255732536316,0.2037740349769592
3334923090.0,-0.507652759552002,0.3257584869861603,9.960780143737791,3.16273045539856,0.8952046632766724,0.2524667084217071
3334931423.0,-0.5068206787109375,0.4896710813045501,10.026185989379885,2.9733645915985107,0.8799130320549011,0.1709878295660019
3334939756.0,-0.4338977932929992,0.3539716601371765,10.136549949645996,2.6903531551361084,0.7075805068016052,0.2731886506080627
3334948089.0,-0.3963715732097626,0.1850998401641845,9.93948459625244,2.6648409366607666,0.6335553526878357,0.200239285826683
3334956422.0,-0.4347835183143616,0.2339646071195602,9.868833541870115,2.859483480453491,0.8235872983932495,0.108591541647911
3334964755.0,-0.5434956550598145,0.3969433009624481,10.005417823791504,2.854181289672852,1.0932539701461792,0.146475002169609
3334973088.0,-0.5687596797943115,0.3761477768421173,10.137261390686035,2.523885726928711,0.9415920376777648,0.0501910932362079
3334981421.0,-0.5381078124046326,0.2115185111761093,10.067493438720703,2.39865779876709,0.5340440273284912,0.0352836102247238
3334989754.0,-0.5530678629875183,0.1431758254766464,9.904861450195312,2.434185028076172,0.6307634115219116,0.0963735729455947
3334998087.0,-0.5594074130058289,0.2162563204765319,9.917555809020996,2.4676883220672607,0.8938471078872681,0.0126406252384185
3335006420.0,-0.5311580300331116,0.1998824477195739,9.965060234069824,2.250274658203125,0.6480017304420471,0.0567483343183994
3335014753.0,-0.3965202271938324,0.0118118170648813,9.962459564208984,2.242769479751587,0.3840982913970947,0.0295204054564237
3335023086.0,-0.3137819468975067,-0.0567419826984405,9.790372848510742,2.272891998291016,0.5039985179901123,0.0818502828478813
3335031419.0,-0.3905446827411651,0.0473013557493686,9.74212646484375,2.517789840698242,0.7418010830879211,0.1218597292900085
3335039752.0,-0.489332765340805,0.0643497183918953,9.835600852966309,2.364283561706543,0.8805534243583679,0.0161753911525011
3335048085.0,-0.4723794162273407,-0.1287558078765869,10.008569717407228,2.1436424255371094,0.6675198078155518,-0.0614229328930377
3335056418.0,-0.426843911409378,-0.2881422638893127,9.88192367553711,2.218000650405884,0.4611715078353882,-0.0431855991482734
3335064751.0,-0.3876383602619171,-0.1608215570449829,9.73830223083496,2.5678911209106445,0.4592248499393463,-0.0320177972316741
3335073084.0,-0.4296901524066925,0.0351498946547508,9.75967788696289,2.687996387481689,0.9004300236701965,0.0314414761960506
3335081417.0,-0.342477023601532,-0.0765677466988563,9.898219108581545,2.4031403064727783,0.5205965042114258,0.0326197296380996
3335089750.0,-0.2594606578350067,-0.2992773354053497,9.79396629333496,2.3187925815582275,0.349595844745636,0.0377681888639926
3335098083.0,-0.2731672823429107,-0.3460918962955475,9.62212371826172,2.58694839477539,0.6138323545455933,0.0676087737083435
3335106416.0,-0.3743159472942352,-0.1332103461027145,9.728968620300291,2.8045668601989746,1.00281023979187,0.0433008633553981
3335114749.0,-0.4236204624176025,-0.047774601727724,9.89161205291748,2.7324626445770264,0.87294602394104,-0.0688254535198211
3335123082.0,-0.3441752195358276,-0.2288477569818496,9.959858894348145,2.457493543624878,0.4986194968223572,0.0041623129509389
3335131415.0,-0.3148379623889923,-0.3070949912071228,9.739563941955566,2.72283148765564,0.4292305111885071,0.1536726057529449
3335139748.0,-0.3776182830333709,-0.2002896666526794,9.744834899902344,2.9951107501983643,0.847613513469696,0.2066940665245056
3335148081.0,-0.4526338279247284,-0.0520144738256931,9.866888999938965,3.076538562774658,0.9582412838935852,0.122115857899189
3335156414.0,-0.3469593226909637,-0.1532855331897735,9.943920135498049,2.849571228027344,0.5820707082748413,0.0491921417415142
3335164747.0,-0.2321808338165283,-0.1807700842618942,9.89606761932373,2.875671863555908,0.3221374452114105,0.1340777277946472
3335173080.0,-0.267872542142868,-0.0518277436494827,9.765439987182615,3.0108890533447266,0.9626469016075134,0.0693249180912971
3335181413.0,-0.4553556144237518,0.0308876857161521,9.906386375427246,3.1036131381988525,1.3551597595214844,0.1596663445234298
3335189746.0,-0.5139577388763428,-0.0967915579676628,10.00913429260254,2.9362494945526123,0.9849313497543336,0.1698864102363586
3335198079.0,-0.4652845859527588,-0.2273386418819427,10.03706169128418,2.9183454513549805,0.4763095378875732,0.110845610499382
3335206412.0,-0.4190641641616821,-0.1351504623889923,9.84606647491455,3.2749722003936768,0.6522281169891357,0.1497536301612854
3335214745.0,-0.487331748008728,0.157033696770668,9.88374137878418,3.4115474224090576,0.9977130889892578,0.1117933392524719
3335223078.0,-0.4879725575447082,0.1592394113540649,10.096142768859863,3.1257948875427246,0.9604186415672302,0.0581058859825134
3335231411.0,-0.3967407643795013,-0.0839337632060051,10.00113582611084,2.841937780380249,0.4960069060325622,0.11356071382761
3335239744.0,-0.3672853410243988,-0.1808383762836456,9.741857528686523,3.164318561553955,0.5655239224433899,0.0354116819798946
3335248077.0,-0.4547716379165649,0.0544952042400836,9.7523775100708,3.355452299118042,1.1220955848693848,0.0383573211729526
3335256410.0,-0.5717427730560303,0.2065327167510986,10.057723999023438,3.325457811355591,1.1517826318740845,-0.03898486495018
3335264743.0,-0.5513684153556824,0.1178890839219093,10.15529727935791,2.992677688598633,0.5904721617698669,0.0252428278326988
3335273076.0,-0.4334171414375305,0.050506804138422,9.949029922485352,3.009582996368408,0.4608897566795349,-0.0093491962179541
3335281409.0,-0.4886181056499481,0.1124041825532913,9.78773593902588,3.21342134475708,0.8257389068603516,0.062895767390728
3335289742.0,-0.5368645191192627,0.230373203754425,9.960701942443848,3.216981887817383,1.1762185096740725,0.1000620201230049
3335298075.0,-0.4963650107383728,0.165604755282402,10.14239501953125,2.954794406890869,0.6458757519721985,-0.0155734550207853
3335306408.0,-0.3557024896144867,0.0619154684245586,9.920044898986816,2.8222150802612305,0.1244467720389366,0.0626652240753173
3335314741.0,-0.3002751469612121,0.1954865753650665,9.706405639648438,3.0353763103485107,0.6798657774925232,0.1038272976875305
3335323074.0,-0.474639892578125,0.306814044713974,9.837885856628418,2.947006940841675,1.3425828218460083,0.1058508232235908
3335331407.0,-0.5760952234268188,0.2049331963062286,10.118292808532717,2.7463455200195312,1.116690993309021,0.1221927106380462
3335339740.0,-0.5205551385879517,-0.017882639542222,10.06583309173584,2.595221519470215,0.5091213583946228,-0.0141646722331643
3335348073.0,-0.4144875109195709,0.0811299160122871,9.856860160827637,2.879488229751587,0.5006430745124817,-0.052816554903984
3335356406.0,-0.4013702571392059,0.3102523982524872,9.773513793945312,2.9500558376312256,0.8941289782524109,-0.0006659702048636
3335364739.0,-0.4312374889850616,0.3868197500705719,10.089320182800291,2.8686022758483887,1.0905389785766602,0.1372794955968856
3335373072.0,-0.3808310627937317,0.1349837183952331,10.014719009399414,2.511027574539185,0.515627384185791,0.0676087662577629
3335381405.0,-0.3116283416748047,0.0157858021557331,9.817618370056152,2.5721943378448486,0.3858656585216522,0.0517279468476772
3335389738.0,-0.3499075174331665,0.1461032480001449,9.742205619812012,2.928847074508667,0.99348646402359,0.09811532497406
3335398071.0,-0.4609383642673492,0.3002742826938629,9.983376502990724,2.7156853675842285,1.0940223932266235,0.2233433276414871
3335406404.0,-0.4902794063091278,0.2110010236501693,10.096634864807127,2.5390751361846924,0.7446954250335693,0.0923777446150779
3335414737.0,-0.4462114572525024,0.080010674893856,10.002458572387695,2.5309298038482666,0.5318412184715271,0.1193751543760299
3335423070.0,-0.4052201211452484,0.0402621813118457,9.762643814086914,2.5966813564300537,0.6484115123748779,0.0268821399658918
3335431403.0,-0.4500654637813568,0.15838423371315,9.854143142700195,2.581364393234253,0.8370860815048218,-0.0195692759007215
3335439736.0,-0.4209525883197784,0.1235114559531211,9.998384475708008,2.420327425003052,0.6989485025405884,-0.0016393112018704
3335448069.0,-0.3177720308303833,0.0090790688991546,10.006187438964844,2.421121835708618,0.4905510246753692,0.1174028441309928
3335456402.0,-0.2699560821056366,0.00321955839172,9.767377853393556,2.474578619003296,0.4062289595603943,0.1008560582995414
3335464735.0,-0.336965948343277,0.0823488682508468,9.755549430847168,2.653570890426636,0.8947180509567261,0.1886872798204422
3335473068.0,-0.4541321694850921,0.04002321138978,9.888535499572754,2.579878568649292,1.2416115999221802,0.0701445862650871
3335481401.0,-0.4846819043159485,-0.1666060537099838,10.040273666381836,2.3039112091064453,0.8041461706161499,0.0517791807651519
3335489734.0,-0.4300835132598877,-0.2843446731567383,9.890055656433104,2.479214668273926,0.5896525382995605,0.1167368739843368
3335498067.0,-0.3888337612152099,-0.0577526949346065,9.794569969177246,2.759895801544189,0.5936739444732666,-0.0879080593585968
3335506400.0,-0.4107280671596527,0.0958122014999389,9.83198356628418,2.7622263431549072,0.9953820705413818,0.1343338638544082
3335514733.0,-0.3554088175296783,-0.0885436311364173,10.007613182067873,2.561026334762573,0.6277664303779602,0.09847392141819
3335523066.0,-0.3063942492008209,-0.3020344376564026,9.777886390686035,2.536667585372925,0.5281784534454346,0.1712951958179474
3335531399.0,-0.340850830078125,-0.3325085341930389,9.666540145874023,2.767502784729004,0.8535303473472595,0.077777624130249
3335539732.0,-0.4484513103961944,-0.0999729931354522,9.770929336547852,2.9049232006073,1.1721969842910769,0.1788001805543899
3335548065.0,-0.5408267974853516,0.0142095992341637,10.006144523620604,2.813121795654297,0.9945624470710754,0.0536234006285667
3335556398.0,-0.4793926775455475,-0.1498443335294723,10.03787326812744,2.7626874446868896,0.4814580082893371,0.1237551867961883
3335564731.0,-0.4459584653377533,-0.2324907034635543,9.817692756652832,2.836174249649048,0.6368082761764526,0.1137143820524215
3335573064.0,-0.4748176634311676,-0.0879173278808593,9.77322483062744,3.102639675140381,0.9359058141708374,0.1814640611410141
3335581397.0,-0.5104583501815796,0.0170243438333272,9.90856647491455,2.9970319271087646,0.9863658547401428,0.0860254168510437
3335589730.0,-0.4319407939910888,-0.0456029660999774,10.009317398071287,2.753056287765503,0.6147288084030151,0.0886380523443222
3335598063.0,-0.2946394383907318,-0.0819815620779991,9.894107818603516,2.8752365112304688,0.4956482648849487,-0.0536618195474147
3335606396.0,-0.3937599658966064,0.0172173008322715,9.77427864074707,3.070032358169556,0.847536563873291,0.1178638935089111
3335614729.0,-0.5891725420951843,0.1315023899078369,9.91156768798828,3.0310990810394287,1.1791385412216189,0.1749836504459381
3335623062.0,-0.6192635297775269,0.0324427783489227,10.112052917480469,2.89969801902771,0.8884425163269043,0.0636385679244995
3335631395.0,-0.5591543316841125,-0.1534546464681625,10.054683685302734,2.8778233528137207,0.4432415664196014,0.0474247597157955
3335639728.0,-0.4603528678417206,-0.0542246773838996,9.805986404418944,3.0228512287139893,0.4697778522968292,0.0474759824573993
3335648061.0,-0.4845117628574371,0.2325935214757919,9.818707466125488,3.1604764461517334,0.7778146266937256,0.1726271212100982
3335656394.0,-0.4872058033943176,0.257618248462677,9.98897647857666,2.964117765426636,0.7320677042007446,0.0785460546612739
3335664727.0,-0.4057665169239044,-0.0288676265627145,9.991527557373049,2.7298240661621094,0.5266671180725098,-0.0032530077733099
3335673060.0,-0.3545813858509063,-0.1259572505950927,9.75209903717041,2.894447088241577,0.4371709823608398,0.0573374703526496
3335681393.0,-0.4039855897426605,0.0882167667150497,9.75185203552246,3.275151491165161,0.9963297247886658,-0.0393690802156925
3335689726.0,-0.498387336730957,0.2384470701217651,9.962468147277832,3.1869871616363525,0.8807327151298523,0.053444106131792
3335698059.0,-0.4642174243927002,0.1303968578577041,10.08059024810791,2.8248274326324463,0.5703393816947937,-0.0757156759500503
3335706392.0,-0.4035168588161468,-0.0023212633095681,9.946474075317385,2.919395446777344,0.5207502245903015,0.0232193060219287
3335714725.0,-0.4347578287124634,0.0741876289248466,9.780190467834473,3.0181891918182373,0.5855798125267029,0.1538775116205215
3335723058.0,-0.4514177739620209,0.2129803150892257,9.914395332336426,3.105738878250122,0.8458205461502075,0.1375100314617157
3335731391.0,-0.3880741894245147,0.1327939480543136,10.046629905700684,2.844243288040161,0.6080434918403625,0.0819271281361579
3335739724.0,-0.2817223668098449,0.0549605265259742,9.953717231750488,2.714404582977295,0.4392969608306885,0.0829004719853401
3335748057.0,-0.258764237165451,0.1437207460403442,9.744946479797363,2.932586431503296,0.5045363903045654,0.0873317420482635
3335756390.0,-0.3550237715244293,0.2494475841522216,9.837172508239746,2.8501853942871094,1.093177080154419,0.0741147845983505
3335764723.0,-0.4455703496932983,0.1427080333232879,10.012085914611816,2.677161455154419,1.0571891069412231,0.1732162535190582
3335773056.0,-0.4597399830818176,-0.0385404042899608,10.049379348754885,2.630825519561768,0.5767942070960999,0.1093856021761894
3335781389.0,-0.3725420534610748,-0.0087637761607766,9.826382637023926,2.777236223220825,0.409302681684494,0.2212685793638229
3335789722.0,-0.4135478436946869,0.2258711904287338,9.847650527954102,2.9796142578125,0.6756650805473328,0.185331791639328
3335798055.0,-0.4134920835494995,0.2955791354179382,9.901586532592772,2.724727153778076,0.8363944292068481,0.1137143969535827
3335806388.0,-0.3645351529121399,0.0442398935556411,10.019856452941896,2.4543943405151367,0.8281466960906982,0.1157635301351547
3335814721.0,-0.3127168416976928,-0.0591439269483089,9.84200382232666,2.5288548469543457,0.5625013709068298,0.1042115092277526
3335823054.0,-0.3892592489719391,0.0482669919729232,9.767611503601074,2.788403987884521,0.908344864845276,0.0099767446517944
3335831387.0,-0.4553052186965942,0.2270285040140152,9.884202003479004,2.880615234375,1.032087326049805,0.0351811498403549
3335839720.0,-0.4645439386367798,0.1937127709388733,10.092461585998535,2.587639808654785,0.8685916066169739,0.0331064015626907
3335848053.0,-0.4266524314880371,0.0388140864670276,10.001615524291992,2.501652956008911,0.4994135797023773,0.0404832996428012
3335856386.0,-0.4312212169170379,0.0033967371564358,9.804264068603516,2.611973524093628,0.6689797639846802,0.0187624283134937
3335864719.0,-0.5127946138381958,0.1195702701807022,9.807659149169922,2.63761305809021,0.8644421100616455,0.0269845947623252
3335873052.0,-0.4950751960277557,0.1683970242738723,10.020105361938477,2.5168676376342773,0.7710782289505005,0.0629725977778434
3335881385.0,-0.4036335349082947,0.0038251522928476,10.04713535308838,2.4536774158477783,0.4521297216415405,-0.0279707480221986
3335889718.0,-0.3210463225841522,-0.0206820666790008,9.843263626098633,2.660435199737549,0.5036654472351074,-0.0296100545674562
3335898051.0,-0.4046480655670166,0.1062500774860382,9.778983116149902,2.5669431686401367,0.7954116463661194,0.0533672571182251
3335906384.0,-0.5464515686035156,0.1657511293888092,9.927109718322754,2.525346040725708,1.1801886558532717,-0.021131744608283
3335914717.0,-0.5634244084358215,-0.0107470341026782,10.083772659301758,2.257753849029541,0.7008950114250183,0.1153793185949325
3335923050.0,-0.4867697954177856,-0.1611938774585724,9.95490550994873,2.4353628158569336,0.3568959236145019,0.0218873638659715
3335931383.0,-0.4284398257732391,-0.0342326499521732,9.816812515258787,2.747831106185913,0.5418051481246948,0.0825931057333946
3335939716.0,-0.4999333620071411,0.2279345393180847,9.855454444885254,2.81189227104187,0.993691384792328,0.0588999316096305
3335948049.0,-0.5036131739616394,0.1292034089565277,10.012336730957031,2.526601076126098,0.7608837485313416,0.1241649985313415
3335956382.0,-0.4487119913101196,-0.1319465041160583,9.92644500732422,2.4068288803100586,0.4526163041591644,0.0996778011322021
3335964715.0,-0.3771943151950836,-0.2129804342985153,9.776248931884766,2.577598810195923,0.4709048271179199,0.0390488989651203
3335973048.0,-0.4724145531654358,0.0159727819263935,9.73260498046875,2.81998610496521,0.9409261345863342,0.0470149256289005
3335981381.0,-0.5518136024475098,0.1511165797710418,9.9741792678833,2.7699620723724365,0.9078069925308228,0.0294435657560825
3335989714.0,-0.5121930837631226,-0.0256460513919591,10.068142890930176,2.391101598739624,0.5180350542068481,0.0366411618888378
3335998047.0,-0.4322324097156524,-0.1919564008712768,9.895906448364258,2.5298025608062744,0.4046921133995056,0.0800829008221626
3336006380.0,-0.4497627913951874,-0.124939389526844,9.717389106750488,2.8034651279449463,0.7031235098838806,0.1156354621052742
3336014713.0,-0.4923481345176697,0.0702359080314636,9.884666442871094,2.783435106277466,0.9041441679000854,0.0411236546933651
3336023046.0,-0.4244485199451446,0.0043703904375433,10.036443710327148,2.5529067516326904,0.3934730887413025,0.1168393418192863
3336031379.0,-0.2876041531562805,-0.1418665796518325,9.898903846740724,2.626957416534424,0.2115095406770706,0.1074645295739173
3336039712.0,-0.302737832069397,-0.1018318906426429,9.72607707977295,2.7180418968200684,0.5690074563026428,0.0112830707803368
3336048045.0,-0.426149308681488,0.0568661019206047,9.785197257995604,2.850595235824585,1.153908371925354,0.0976542681455612
3336056378.0,-0.502822995185852,0.0157243609428405,10.03273868560791,2.6365885734558105,0.856143057346344,0.1047238036990165
3336064711.0,-0.4363439977169037,-0.1775753051042556,10.000014305114746,2.5621280670166016,0.1234478130936622,0.0939914360642433
3336073044.0,-0.3496838510036468,-0.2105773687362671,9.827908515930176,2.7604076862335205,0.3764139711856842,0.063817873597145
3336081377.0,-0.3641763031482696,0.0988062247633934,9.814468383789062,3.069417953491211,0.7926965951919556,0.1038273051381111
3336089710.0,-0.425749808549881,0.2097265571355819,9.96733856201172,2.82485294342041,0.9429495930671692,0.1452711224555969
3336098043.0,-0.3913620412349701,-0.0187217183411121,9.98334789276123,2.5796995162963867,0.5366054177284241,0.0627932995557785
3336106376.0,-0.2962684631347656,-0.2203499972820282,9.796152114868164,2.745910167694092,0.406561940908432,0.0416871719062328
3336114709.0,-0.3365340530872345,-0.0334586836397647,9.734539031982422,2.9546148777008057,0.788905680179596,0.1289804875850677
3336123042.0,-0.4649937748908996,0.194670096039772,9.904511451721191,3.030023097991944,1.2167658805847168,0.0908921137452125
3336131375.0,-0.5157245397567749,0.1841215044260025,10.095114707946776,2.7973945140838623,0.8821157813072205,-0.0137548437342047
3336139708.0,-0.431869238615036,-0.0249723196029663,9.959243774414062,2.668760061264038,0.5646017789840698,0.0627164542675018
3336148041.0,-0.3843493461608886,-0.0589179135859012,9.751046180725098,2.82198452949524,0.702099084854126,0.0363081805408
3336156374.0,-0.4673357903957367,0.1213792189955711,9.80500030517578,3.0585062503814697,1.026656985282898,0.0741916298866272
3336164707.0,-0.4977042973041534,0.1746914833784103,10.00730800628662,2.907664060592652,0.8925153017044067,0.094913549721241
3336173040.0,-0.3814339935779571,0.0209032781422138,10.021889686584473,2.7015974521636963,0.2722921669483185,-0.0106042940169572
3336181373.0,-0.261080265045166,-0.0215922649949789,9.771263122558594,2.7269301414489746,0.2710626423358917,0.0699140578508377
3336189706.0,-0.3398188650608063,0.1539101749658584,9.720640182495115,2.870548963546753,0.8403902053833008,0.1230892017483711
3336198039.0,-0.5198060274124146,0.2043612450361251,9.913708686828612,3.020059108734131,1.3129216432571411,0.0910458043217659
3336206372.0,-0.567901611328125,0.0201247781515121,10.057795524597168,2.619196653366089,0.6194418668746948,0.069478616118431
3336214705.0,-0.4428210854530334,-0.0790422111749649,9.906444549560549,2.762405633926392,0.1943480223417282,0.0324660427868366
3336223038.0,-0.4122322201728821,0.1092436760663986,9.731128692626951,3.075846910476685,0.6557884216308594,-0.0024589668028056
3336231371.0,-0.49838787317276,0.3423951864242553,9.896180152893066,2.953026533126831,1.1798555850982666,0.0850264430046081
3336239704.0,-0.4878743290901184,0.2084972858428955,10.064311981201172,2.6137149333953857,0.8214613795280457,0.0290593467652797
3336248037.0,-0.3808029890060425,-0.0359191559255123,9.945605278015137,2.5009610652923584,0.2662984132766723,0.0817222222685813
3336256370.0,-0.3139216005802154,-0.0663435310125351,9.71498680114746,2.7424778938293457,0.395266056060791,0.0209908653050661
3336264703.0,-0.4213547110557556,0.1983565241098404,9.795740127563477,2.9455220699310303,1.1056512594223022,0.0297509375959634
3336273036.0,-0.5268937945365906,0.279753029346466,10.075481414794922,2.680286407470703,0.9845472574234008,0.1668639332056045
3336281369.0,-0.4946249425411224,0.0902094990015029,10.103323936462402,2.380113124847412,0.4245431125164032,0.1232685074210167
3336289702.0,-0.4227069318294525,-0.0285466574132442,9.843917846679688,2.438795566558838,0.292706698179245,0.086793839931488
3336298035.0,-0.4715104699134826,0.0775647088885307,9.76769733428955,2.7710886001586914,0.892130970954895,0.1601786166429519
3336306368.0,-0.521451473236084,0.189240276813507,10.00155544281006,2.672781229019165,0.9673343300819396,0.1302099525928497
3336314701.0,-0.440262883901596,0.0800629928708076,10.112403869628906,2.4215571880340576,0.4927026331424713,-0.0813764333724975
3336323034.0,-0.3058207631111145,-0.0559441819787025,9.87432861328125,2.4395124912261963,0.0749600529670715,0.0304681304842233
3336331367.0,-0.2868796288967132,0.0212046988308429,9.71340560913086,2.6654300689697266,0.6060456037521362,0.0914556235074997
3336339700.0,-0.4296830892562866,0.1496476829051971,9.90479564666748,2.6570544242858887,1.255084753036499,0.0877927914261818
3336348033.0,-0.532416820526123,0.0406711846590042,10.08137035369873,2.5185582637786865,0.8496370911598206,0.1176077648997306
3336356366.0,-0.463735431432724,-0.1855029016733169,10.01703643798828,2.423145055770874,0.2298493385314941,0.0346944816410541
3336364699.0,-0.3939852714538574,-0.106771171092987,9.756962776184082,2.69793438911438,0.4399884641170501,0.0281628519296646
3336373032.0,-0.4323604702949524,0.164536640048027,9.842742919921877,2.915296792984009,0.9208444952964784,0.0595146790146827
3336381365.0,-0.4904851913452148,0.1920636147260666,10.053202629089355,2.512923002243042,0.9560384750366212,0.0553651675581932
3336389698.0,-0.3973604142665863,-0.0385887697339057,9.974899291992188,2.37355637550354,0.4035651385784149,0.04189208522439
3336398031.0,-0.3929674029350281,-0.1611571460962295,9.776041030883787,2.573218822479248,0.5109911561012268,0.0414822474122047
3336406364.0,-0.4441473484039306,0.1362832337617874,9.69312858581543,2.7962422370910645,0.9383646845817566,-0.0015112397959455
3336414697.0,-0.5158827304840088,0.348197191953659,10.028922080993652,2.7228317260742188,1.084340214729309,0.0582595728337764
3336423030.0,-0.5238406658172607,0.150527998805046,10.082098007202148,2.362542152404785,0.683477520942688,-0.0212342031300067
3336431363.0,-0.4043125808238983,-0.0612057819962501,9.87937831878662,2.3598010540008545,0.3702922165393829,0.0133065963163971
3336439696.0,-0.4064023494720459,-0.097943976521492,9.727234840393066,2.659001111984253,0.7524822354316711,-0.0205426178872585
3336448029.0,-0.4923795163631439,0.0981996953487396,9.770437240600586,2.641378402709961,1.0571891069412231,0.1209632381796836
3336456362.0,-0.390842854976654,0.0291855558753013,10.019268035888672,2.540330410003662,0.6410858631134033,-0.0392153933644294
3336464695.0,-0.3170903623104095,-0.1186770275235176,9.944838523864746,2.388412475585937,0.3548468351364136,-0.0010501836659386
3336473028.0,-0.2795494496822357,-0.0615964792668819,9.782759666442873,2.734025001525879,0.4857355654239654,0.1388419568538665
3336481361.0,-0.4161681532859802,0.0806780532002449,9.781502723693848,2.8686535358428955,1.1447386741638184,0.1173260137438774
3336489694.0,-0.5127989053726196,0.0956726446747779,10.012757301330566,2.7029805183410645,0.9393635988235474,0.1199898868799209
3336498027.0,-0.4028975069522857,-0.1963580548763275,9.972095489501951,2.435644626617432,0.3249037861824035,0.1425560265779495
3336506360.0,-0.296110451221466,-0.2014243900775909,9.74818515777588,2.5764975547790527,0.3444730341434479,0.0861534774303436
3336514693.0,-0.37326580286026,0.0588930547237396,9.772586822509766,2.852362632751465,1.053014039993286,0.123678334057331
3336523026.0,-0.4778537154197693,0.2389011681079864,9.96649169921875,2.9053328037261963,0.9994290471076964,0.1609726548194885
3336531359.0,-0.4314721524715423,0.0115295406430959,10.06883430480957,2.5047521591186523,0.5191108584403992,0.0134858964011073
3336539692.0,-0.331884354352951,-0.1726300567388534,9.849530220031738,2.429215669631958,0.2839978635311126,0.1781598180532455
3336548025.0,-0.3115957081317901,-0.0704526156187057,9.683893203735352,2.803541898727417,0.774740993976593,0.1485753655433654
3336556358.0,-0.4334858655929565,0.0950893834233284,9.848170280456545,2.8895034790039062,1.100349187850952,0.1723453849554062
3336564691.0,-0.5064719319343567,0.1061200574040412,10.077465057373049,2.642633438110352,0.9618273377418518,0.0905079022049903
3336573024.0,-0.4675730466842651,-0.048619445413351,9.974915504455566,2.539510726928711,0.6345542669296265,0.1372282654047012
3336581357.0,-0.3965700268745422,-0.0409978628158569,9.835143089294434,2.70574688911438,0.6967455744743347,-0.0005635131965391
3336589690.0,-0.4645891189575195,0.0964653491973877,9.87309741973877,2.690660238265991,0.9867755770683287,0.1494462490081787
3336598023.0,-0.5145379900932312,0.0940722897648811,10.00173282623291,2.67657208442688,0.9396454691886902,0.1039809882640838
3336606356.0,-0.505233108997345,-0.0163604374974966,9.996014595031738,2.686126232147217,0.5075332522392273,-0.0283037275075912
3336614689.0,-0.2812274992465973,0.061667326837778,9.80247402191162,2.7376365661621094,0.2549512982368469,0.0874341875314712
3336623022.0,-0.3531303107738495,0.3323462009429931,9.741464614868164,2.827260732650757,0.6940305233001709,0.0387927554547786
3336631355.0,-0.5810710787773132,0.3236286044120788,10.027897834777832,2.5344133377075195,1.2617188692092896,0.0233986042439937
3336639688.0,-0.5986214876174927,0.0409917868673801,10.091556549072266,2.3702516555786133,0.8589093089103699,0.0892527997493743
3336648021.0,-0.5047845244407654,-0.1134948208928108,10.017873764038086,2.6046221256256104,0.2770307660102844,0.0008580769062973
3336656354.0,-0.3729588389396667,-0.0088629471138119,9.692719459533691,2.621271133422852,0.2540804147720337,0.0101816579699516
3336664687.0,-0.4062337577342987,0.2405206114053726,9.726675987243652,2.826005458831787,0.8175423741340637,-0.0120899192988872
3336673020.0,-0.4207283854484558,0.0695669800043106,10.020769119262695,2.4685332775115967,1.0492743253707886,-0.0462849251925945
3336681353.0,-0.4210633039474487,-0.1600246727466583,10.05024242401123,2.433083295822144,0.5339671969413757,0.0075690071098506
3336689686.0,-0.3606270849704742,-0.1185105964541435,9.806116104125977,2.586000442504883,0.3171170055866241,0.1667614728212356
3336698019.0,-0.4023096561431885,0.1517378985881805,9.734375953674316,2.7442452907562256,0.7046604156494141,0.1273667961359024
3336706352.0,-0.4218981862068176,0.1550482213497162,9.971996307373049,2.678032159805298,0.9509412050247192,-0.0055070603266358
3336714685.0,-0.4170206189155578,-0.1288102567195892,10.01839542388916,2.427755832672119,0.667007565498352,0.1318492740392685
3336723018.0,-0.4107925295829773,-0.2087280005216598,9.846257209777832,2.576676845550537,0.3043099045753479,0.1233197376132011
3336731351.0,-0.4302004873752594,0.029598880559206,9.69705581665039,2.773573398590088,0.5975929498672485,0.2057207226753235
3336739684.0,-0.5068166255950928,0.1877791136503219,9.988627433776855,2.798957109451294,1.0466361045837402,0.2852016985416412
3336748017.0,-0.447160542011261,0.058639507740736,10.12283420562744,2.518788576126098,0.6703885197639465,0.1090526059269905
3336756350.0,-0.3184592127799988,-0.1168799251317977,9.929710388183594,2.42465615272522,0.3371473550796509,0.1647379547357559
3336764683.0,-0.285208910703659,-0.0338672734797,9.676528930664062,2.703057289123535,0.4548191428184509,0.1485497504472732
3336773016.0,-0.3761867880821228,0.068583995103836,9.69888401031494,2.725008726119995,1.0822142362594604,0.1081048771739006
3336781349.0,-0.4911074638366699,0.0040069827809929,10.012083053588867,2.6473464965820312,0.9025816321372986,0.1216292083263397
3336789682.0,-0.4977913796901703,-0.1305116415023803,10.03543186187744,2.585411310195923,0.6067628264427185,0.1071315333247184
3336798015.0,-0.4715153276920318,-0.0281278286129236,9.961130142211914,2.824674129486084,0.4289488196372986,0.0490384586155414
3336806348.0,-0.444983571767807,0.2070470750331878,9.859031677246094,2.7560019493103027,0.8534022569656372,0.0906872004270553
3336814681.0,-0.4277548193931579,0.1573457270860672,9.9424409866333,2.758819818496704,0.8504054546356201,0.037921879440546
3336823014.0,-0.3819164037704468,-0.1102518364787101,9.906424522399902,2.518840074539185,0.6514596343040466,0.0409955829381942
3336831347.0,-0.3454649448394775,-0.1982818990945816,9.819196701049805,2.619171142578125,0.6252050995826721,0.0504216253757476
3336839680.0,-0.3499572277069092,0.0629115626215934,9.758366584777832,2.729696273803711,0.7550949454307556,0.0303912907838821
3336848013.0,-0.4534237384796142,0.2033273577690124,9.968775749206545,2.7171194553375244,1.0424609184265137,-0.0474631749093532
3336856346.0,-0.4774205088615417,0.0571641139686107,10.055850982666016,2.583899974822998,0.8558611869812012,-0.0293282996863126
3336864679.0,-0.4661120176315307,-0.1001652926206588,9.962873458862305,2.5575430393218994,0.5728239417076111,-0.0213622748851776
3336873012.0,-0.4406773746013641,-0.0178543049842119,9.787016868591309,2.659487724304199,0.5627575516700745,0.0273175835609436
3336881345.0,-0.4730721712112427,0.100283570587635,9.871123313903809,2.5942482948303223,0.869718611240387,0.0509595237672328
3336889678.0,-0.4171210527420044,0.0083535779267549,9.964280128479004,2.62854552268982,0.7213352918624878,-0.0295075979083776
3336898011.0,-0.3454205393791199,-0.0985131114721298,9.92798900604248,2.5666613578796387,0.3951891660690307,0.1116652488708496
3336906344.0,-0.2992971241474151,0.0191355403512716,9.76056671142578,2.762636423110962,0.4497475922107696,0.0188392717391252
3336914677.0,-0.4029309153556824,0.2045783102512359,9.807507514953612,2.7059261798858643,1.060877561569214,-0.0052509186789393
3336923010.0,-0.5163866877555847,0.0905503407120704,10.03769302368164,2.6484477519989014,1.2109256982803345,0.0236035156995058
3336931343.0,-0.5095407962799072,-0.1588117927312851,10.047162055969238,2.51556134223938,0.5795348882675171,0.1108968257904052
3336939676.0,-0.4197621941566467,-0.1135433912277221,9.795113563537598,2.698549270629883,0.2574358582496643,0.0066468939185142
3336948009.0,-0.4030962288379669,0.1733420342206955,9.735685348510742,2.9252352714538574,0.6789181232452393,0.0986532270908355
3336956342.0,-0.4540664255619049,0.2926491498947143,9.928698539733888,2.787635803222656,1.0585724115371704,0.1490876674652099
3336964675.0,-0.4307616055011749,0.0442736335098743,10.076618194580078,2.5522918701171875,0.8441299200057983,-0.0506649576127529
3336973008.0,-0.3578062653541565,-0.1576674729585647,9.874798774719238,2.577931880950928,0.246882826089859,0.1212193593382835
3336981341.0,-0.3434409201145172,0.0619681254029274,9.683877944946287,2.723958730697632,0.6292009353637695,0.0724242553114891
3336989674.0,-0.4416980147361755,0.2661460936069488,9.83852767944336,2.8294382095336914,0.9865707755088806,0.1012658849358558
3336998007.0,-0.5247576832771301,0.1554923504590988,10.10097599029541,2.644093513488769,1.0831875801086426,0.1219621822237968
3337006340.0,-0.4869184792041778,-0.0416413433849811,10.029889106750488,2.4875905513763428,0.3909116685390472,-0.0190057642757892
3337014673.0,-0.4245766401290893,-0.0401239469647407,9.79989528656006,2.5990893840789795,0.3394783139228821,0.0835664346814155
3337023006.0,-0.4649290442466736,0.1762213706970214,9.795731544494627,2.5877933502197266,0.6655731201171875,0.0657389387488365
3337031339.0,-0.4733371138572693,0.1678072065114975,10.022395133972168,2.615968942642212,0.9819600582122804,0.1835644245147705
3337039672.0,-0.4096093475818634,-0.029858635738492,10.059823989868164,2.475756883621216,0.4074072241783142,0.1149182692170143
3337048005.0,-0.3005419075489044,-0.0660118460655212,9.778078079223633,2.507544040679932,0.2507505714893341,0.0149971358478069
3337056338.0,-0.3517802357673645,0.1084193438291549,9.66737937927246,2.6166863441467285,0.873509407043457,0.0722449496388435
3337064671.0,-0.4908395111560821,0.1314912736415863,9.889544486999512,2.55208706855774,1.3042895793914795,0.1495230942964553
3337073004.0,-0.5607972145080566,-0.071907490491867,10.085600852966309,2.467329740524292,0.7617289423942566,0.0720400437712669
3337081337.0,-0.5017004609107971,-0.1745136380195617,10.007850646972656,2.516765117645264,0.2220370024442672,0.0416103266179561
3337089670.0,-0.3864387273788452,0.0860443636775016,9.827221870422363,2.685537338256836,0.2845613360404968,0.0816966071724891
3337098003.0,-0.3620557188987732,0.2500893771648407,9.856552124023438,2.654339075088501,0.922355890274048,-0.0527909360826015
3337106336.0,-0.3933497965335846,0.0794453471899032,10.017783164978027,2.563152313232422,0.8689245581626892,-0.0089137535542249
3337114669.0,-0.3702773749828338,-0.1902434080839157,9.892227172851562,2.441920042037964,0.3249293267726898,0.0799548253417015
3337123002.0,-0.3414535820484161,-0.1282052248716354,9.783713340759276,2.587076425552368,0.4132216870784759,0.0160985477268695
3337131335.0,-0.6472542881965637,-0.0192154571413993,9.0648775100708,2.968676805496216,1.15792977809906,-0.1705651730298996
3337139668.0,0.266125738620758,1.8953378200531008,7.923080921173096,7.500706195831299,5.85968017578125,-0.973597288131714
3337148001.0,-0.7741048336029053,2.4283223152160645,11.792600631713867,3.942172288894653,6.60141658782959,-0.1301971673965454
3337156334.0,-0.5515139102935791,-1.5513451099395752,8.93061351776123,5.388172626495361,1.243122935295105,0.478768527507782
3337164667.0,-0.6939607262611389,0.7519086003303528,14.429094314575195,-0.7223725318908691,-1.8958375453948968,-0.1502274721860885
3337173000.0,-1.029721736907959,-2.166587829589844,6.934060573577881,1.7376314401626587,-4.264872550964356,0.09312055259943
3337181333.0,0.3865682482719421,0.7137035131454468,12.81516933441162,1.0502219200134275,0.8845490217208862,-0.5752700567245483
3337189666.0,0.1163098365068435,-0.0987679213285446,7.625208377838135,2.6628942489624023,2.216207504272461,0.0382036305963993
3337197999.0,-0.7149494886398315,0.2456139177083969,9.60301399230957,3.1566340923309326,1.4147894382476809,0.3268504738807678
3337206332.0,-0.6597384214401245,-0.1057264283299446,9.654354095458984,1.70574152469635,-0.286341518163681,0.4604030549526214
3337214665.0,-0.4971370697021484,-1.5102800130844116,9.339604377746582,1.3559534549713137,-0.4005297720432281,0.3474954962730407
3337222998.0,-0.2826749384403229,-0.2237210124731063,11.93770980834961,2.274428606033325,0.648257851600647,0.3624285757541656
3337231331.0,-0.5719512701034546,0.2083875834941864,9.080963134765623,2.453754186630249,1.177857756614685,0.1168393418192863
3337239664.0,-0.5745036602020264,0.2078339606523513,9.983585357666016,4.224543571472168,1.7051526308059692,0.1905571222305297
3337247997.0,-0.4768796563148498,-0.4892142117023468,9.41392993927002,2.1103694438934326,-0.4910248517990112,0.0550321824848651
3337256330.0,-0.5083311200141907,-0.6572890281677246,9.051729202270508,0.9886197447776794,-0.2259687781333923,0.0271382816135883
3337264663.0,-0.4319998621940613,-0.7611346244812012,10.261415481567385,2.7419912815093994,1.63230562210083,-0.092160016298294
3337272996.0,-0.4506817758083343,0.2397585809230804,10.57667350769043,3.9424023628234863,1.7263354063034058,-0.2681810557842254
3337281329.0,-0.2676807045936584,0.326343834400177,10.396595001220703,3.482754945755005,0.0164059177041053,-0.1207455098628997
3337289662.0,-0.4939170479774475,0.0364591516554355,9.130449295043944,2.4357728958129883,-0.7316450476646423,0.074473388493061
3337297995.0,-0.3276415467262268,-0.4121062457561493,8.742120742797852,2.55452036857605,0.6336833238601685,-0.0109116630628705
3337306328.0,-0.3835314512252807,-0.2630370855331421,10.534221649169922,3.1857573986053467,2.189542770385742,0.0845397636294364
3337314661.0,-0.7183118462562561,0.1848789006471634,10.611639976501465,3.163524389266968,1.5065908432006836,-0.0511260144412517
3337322994.0,-0.5433835983276367,0.123632475733757,10.33828067779541,3.577450752258301,-0.3341121077537536,-0.1165191605687141
3337331327.0,-0.1209380254149437,0.2944686710834503,9.721659660339355,2.669605016708374,-1.0469050407409668,-0.1702065914869308
3337339660.0,-0.1044354140758514,-0.085566222667694,9.037798881530762,2.52675461769104,0.5218260288238525,-0.0456958003342151
3337347993.0,-0.3580883145332336,0.1785381436347961,9.89156723022461,2.709512710571289,2.235520839691162,-0.0895986035466194
3337356326.0,-0.6386251449584961,0.0139691801741719,10.39896011352539,3.157428503036499,1.7252085208892822,0.0849496126174926
3337364659.0,-0.6352128386497498,0.0498310253024101,10.356094360351562,2.928129911422729,-0.0309932269155979,0.1069778576493263
3337372992.0,-0.2480217963457107,0.2038431316614151,9.612318992614746,2.8527214527130127,-0.8274934887886047,0.0605648607015609
3337381325.0,-0.1788721978664398,0.2328949719667434,9.354486465454102,2.762533903121948,0.5378093123435974,0.1134326457977294
3337389658.0,-0.3827274143695831,0.2984347343444824,9.97085952758789,2.744911432266236,2.053224802017212,0.2353564202785492
3337397991.0,-0.6210901141166687,-0.0762214660644531,10.339755058288574,2.8276965618133545,1.17281174659729,0.1017781645059585
3337406324.0,-0.4815545678138733,-0.1717418581247329,10.011576652526855,2.7535176277160645,-0.1113450825214386,-0.0538923554122448
3337414657.0,-0.3234650790691376,0.1653647720813751,9.540032386779783,2.9552812576293945,-0.0569404475390911,-0.0075305853970348
3337422990.0,-0.3296255469322204,0.4159067273139953,9.686321258544922,2.8239564895629883,1.1562905311584473,0.102930799126625
3337431323.0,-0.439715176820755,0.310111403465271,10.038249015808104,2.675906181335449,1.3381259441375732,0.1233197376132011
3337439656.0,-0.542872965335846,0.0660609826445579,10.21383285522461,2.6920177936553955,0.5870654582977295,0.1155330017209053
3337447989.0,-0.55585777759552,-0.0998620614409446,9.64350700378418,2.8063597679138184,0.2944228053092956,0.0264979284256696
3337456322.0,-0.4912411272525787,0.1801763176918029,9.640104293823242,3.0236966609954834,0.9955869317054749,0.1926318705081939
3337464655.0,-0.4591958820819855,0.1768057346343994,10.10489559173584,2.8005709648132324,1.1133867502212524,0.0791864097118377
3337472988.0,-0.3523487150669098,0.1578424274921417,10.110732078552246,2.504111766815185,0.4486973285675049,0.1060301214456558
3337481321.0,-0.3199818432331085,0.1020044460892677,9.816285133361816,2.6735758781433105,0.6167523860931396,0.1098210364580154
3337489654.0,-0.514850378036499,0.1019547060132026,9.6551513671875,2.7287230491638184,0.9056296348571776,0.1181712672114372
3337497987.0,-0.5524348020553589,0.0029687718488276,9.94521427154541,2.5326714515686035,1.1973247528076172,0.0609490722417831
3337506320.0,-0.5169072151184082,0.0120266349986195,10.152358055114746,2.3565990924835205,0.5784078240394592,-0.1372410655021667
3337514653.0,-0.4016193747520447,0.0047481642104685,9.972966194152832,2.5044705867767334,0.2693209052085876,-0.1015604510903358
3337522986.0,-0.3993946015834808,0.2369520366191864,9.84617042541504,2.686997413635254,0.6168804168701172,0.2029543817043304
3337531319.0,-0.4539638757705688,0.1926229000091552,9.903754234313965,2.4712228775024414,0.8385715484619141,0.1883542835712433
3337539652.0,-0.4229969978332519,-0.0698080509901046,9.962247848510742,2.242026805877685,0.636833906173706,-0.0128327310085296
3337547985.0,-0.3526831269264221,-0.233516588807106,9.866809844970703,2.3891546726226807,0.4559461772441864,0.0846422314643859
3337556318.0,-0.3727312088012695,-0.079613022506237,9.84062385559082,2.8287720680236816,0.6008715629577637,0.1016244813799858
3337564651.0,-0.434767335653305,0.1235603392124176,9.907347679138184,2.857562065124512,0.9347785115242004,-0.0708233565092086
3337572984.0,-0.4647752344608307,0.120285153388977,10.060893058776855,2.5358736515045166,0.6910849213600159,-0.0371662601828575
3337581317.0,-0.4127807319164276,-0.1444507092237472,9.920639038085938,2.4368999004364014,0.5016420483589172,-0.1667999029159546
3337589650.0,-0.4428742825984955,-0.1586634665727615,9.817441940307615,2.720987796783448,0.6354763507843018,0.085769273340702
3337597983.0,-0.4758687913417816,0.0130153568461537,9.861372947692873,2.901132345199585,1.009060025215149,0.1299538165330886
3337606316.0,-0.4702454209327698,0.0943239629268646,10.027202606201172,2.731284141540528,0.7974095344543457,0.099805861711502
3337614649.0,-0.3322536647319793,0.0170942991971969,9.936408042907717,2.6550562381744385,0.295626699924469,0.045862291008234
3337622982.0,-0.2343509197235107,-0.0553433969616889,9.748676300048828,2.569760799407959,0.3539759218692779,0.1696046590805053
3337631315.0,-0.3908474147319793,0.0638405084609985,9.71829605102539,2.780797004699707,1.2372572422027588,0.1526224166154861
3337639648.0,-0.5611459612846375,0.0618958324193954,10.015254974365234,2.813377857208252,1.32985258102417,0.2084358483552932
3337647981.0,-0.5839040875434875,-0.0579600408673286,10.037352561950684,2.583899974822998,0.5253095626831055,0.0857948884367942
3337656314.0,-0.4324806034564972,-0.127847209572792,9.876983642578123,2.614227533340454,0.1435037553310394,-0.0743581354618072
3337664647.0,-0.3692708015441894,0.0764051079750061,9.693265914916992,2.744142770767212,0.7378565073013306,0.0174561031162738
3337672980.0,-0.4406636655330658,0.2196270078420639,9.88645362854004,2.691941022872925,1.2125139236450195,0.1464237868785858
3337681313.0,-0.4675785005092621,0.092959389090538,10.002008438110352,2.5531115531921387,0.6661621332168579,0.1292622238397598
3337689646.0,-0.3877846896648407,-0.2243813723325729,9.81771469116211,2.5003466606140137,0.2698331773281097,0.0347457118332386
3337697979.0,-0.3483431339263916,-0.1537452340126037,9.61620044708252,2.7265970706939697,0.5922651886940002,0.164635494351387
3337706312.0,-0.4580718874931335,0.0853671357035636,9.818767547607422,2.8750317096710205,1.0335216522216797,0.0335930734872818
3337714645.0,-0.5395811200141907,0.2198647260665893,10.06253719329834,2.8331007957458496,0.937519371509552,0.1136375367641449
3337722978.0,-0.5181522369384766,0.0007630978361703,10.060973167419434,2.501038074493408,0.4727235436439514,0.0574399232864379
3337731311.0,-0.440261036157608,-0.1253314465284347,9.827847480773926,2.6420700550079346,0.5217235684394836,-0.0087088402360677
3337739644.0,-0.4777249097824096,-0.018723564222455,9.746414184570312,2.8983404636383057,0.951274275779724,-0.0620632953941822
3337747977.0,-0.5219385623931885,0.1185091882944107,10.030301094055176,2.928232431411743,0.9935121536254884,0.0225277207791805
3337756310.0,-0.3823712766170501,0.1020389348268508,10.05668830871582,2.644170045852661,0.3362252712249756,0.0250379126518964
3337764643.0,-0.2263010144233703,-0.0403833277523517,9.879573822021484,2.7033135890960693,0.2726507484912872,0.0865633189678192
3337772976.0,-0.2869439125061035,0.0746170729398727,9.696355819702148,2.788890838623047,0.9658489227294922,0.0701445862650871
3337781309.0,-0.4818800687789917,0.1371659040451049,9.924683570861816,2.7549006938934326,1.2233998775482178,0.2106130570173263
3337789642.0,-0.574765145778656,0.0126065555959939,10.195968627929688,2.600421190261841,0.9058858752250672,0.0333369299769401
3337797975.0,-0.4743479192256927,-0.1381346136331558,10.038814544677734,2.558516025543213,0.2286710739135742,0.0716045871376991
3337806308.0,-0.3983005583286285,-0.0202068109065294,9.860322952270508,2.7889676094055176,0.4709305465221405,0.0976798832416534
3337814641.0,-0.3840844929218292,0.2279739379882812,9.864184379577637,2.977283239364624,0.870281994342804,0.1208863705396652
3337822974.0,-0.4285722076892853,0.1993748098611831,10.020685195922852,2.5503199100494385,0.8335513472557068,0.0632543563842773
3337831307.0,-0.3843903243541717,-0.0558110438287258,9.990826606750488,2.489075899124145,0.3591499626636505,0.0658157765865325
3337839640.0,-0.3443702757358551,-0.1843952536582946,9.718871116638184,2.614227294921875,0.5586848855018616,0.000268949457677
3337847973.0,-0.4149594306945801,0.0249300505965948,9.803065299987791,2.946367025375366,1.037081956863403,0.1157379001379013
3337856306.0,-0.5196641683578491,0.2265528738498687,9.953639030456545,2.801826000213623,1.024198055267334,0.1633547991514206
3337864639.0,-0.4967311918735504,0.1078945696353912,10.109588623046877,2.624549627304077,0.5918040871620178,0.0601550303399562
3337872972.0,-0.4335046708583832,-0.0766101330518722,9.916459083557127,2.493788957595825,0.415603756904602,0.1379454582929611
3337881305.0,-0.4206006228923797,-0.0227206647396087,9.736397743225098,2.7767493724823,0.9017106890678406,0.1179663613438606
3337889638.0,-0.5398020148277283,0.132545068860054,9.902837753295898,2.9875290393829346,1.145967960357666,0.0898163169622421
3337897971.0,-0.4550104737281799,0.0901467651128768,9.97785758972168,2.610922813415528,0.6448511481285095,0.2032617777585983
3337906304.0,-0.3022662699222564,-0.0269229095429182,9.889663696289062,2.4992706775665283,0.2132256925106048,0.0858717262744903
3337914637.0,-0.2762501537799835,-0.0014482927508652,9.654633522033691,2.697857618331909,0.6876780986785889,0.0864096209406852
3337922970.0,-0.4485650658607483,0.1539093554019928,9.7560453414917,2.8256726264953613,1.1271671056747437,0.1674274355173111
3337931303.0,-0.5898503661155701,0.090985432267189,10.009857177734377,2.643196821212769,1.13774573802948,0.0358727313578128
3337939636.0,-0.5407261252403259,-0.0837653577327728,10.032978057861328,2.604135274887085,0.4232112169265747,0.0639715492725372
3337947969.0,-0.4151943922042846,-0.1136284619569778,9.81858730316162,2.70633602142334,0.3587401807308197,-0.015214854851365
3337956302.0,-0.4035974144935608,0.1135989725589752,9.80630588531494,2.8966758251190186,0.8888524174690247,0.026395471766591
3337964635.0,-0.4474980533123016,0.2399123013019561,9.931760787963867,2.75561785697937,1.02519690990448,0.1348717510700225
3337972968.0,-0.3944297432899475,-0.0069391364231705,10.024466514587402,2.504495859146118,0.5762307047843933,0.0719119682908058
3337981301.0,-0.3220632374286651,-0.2207596153020858,9.814244270324709,2.562256097793579,0.309253454208374,-0.0895217582583427
3337989634.0,-0.3312497138977051,-0.0691634118556976,9.69321346282959,2.8363025188446045,0.7364988327026367,-0.0399325899779796
3337997967.0,-0.4963130354881286,0.1551983505487442,9.885493278503418,2.849980592727661,1.0721222162246704,0.0617943368852138
3338006300.0,-0.5176598429679871,0.136366918683052,10.096378326416016,2.697396755218506,0.8134953379631042,0.0577216744422912
3338014633.0,-0.4296997189521789,-0.0524215884506702,10.004942893981934,2.490817785263061,0.1626631915569305,0.0177634712308645
3338022966.0,-0.4040275812149048,-0.1339274197816848,9.787835121154783,2.7401211261749268,0.6013582944869995,0.0779825448989868
3338031299.0,-0.4944310188293457,0.0358968675136566,9.843839645385742,2.8753902912139893,1.0218158960342407,0.0601038038730621
3338039632.0,-0.4960435628890991,0.0777100920677185,10.047933578491213,2.807051181793213,0.7743311524391174,0.0072360220365226
3338047965.0,-0.3889585137367248,-0.0220246221870183,10.026124000549316,2.5890486240386963,0.2374823987483978,-0.0375504679977893
3338056298.0,-0.2567407190799713,-0.031863160431385,9.785898208618164,2.7301058769226074,0.3307182192802429,-0.0081197116523981
3338064631.0,-0.3312082886695862,0.0964081659913063,9.801898956298828,2.8108935356140137,1.0052690505981443,0.1019318550825119
3338072964.0,-0.5247763991355896,0.1598870754241943,9.981786727905272,2.768322467803955,1.3502159118652344,0.1493437886238098
3338081297.0,-0.5600706934928894,-0.0281940829008817,10.174559593200684,2.62170672416687,0.6299180388450623,0.1187347993254661
3338089630.0,-0.4596016705036163,-0.1476229429244995,9.95760726928711,2.6391243934631348,0.3038488924503326,-0.1040706485509872
3338097963.0,-0.4022142291069031,0.0517723076045513,9.811212539672852,2.890169382095337,0.7210279107093811,-0.03137743845582
3338106296.0,-0.4497441351413727,0.2581092417240143,9.912014961242676,2.9693429470062256,1.0119543075561523,0.1184786334633827
3338114629.0,-0.4627459049224853,0.1722090095281601,10.05500316619873,2.6403796672821045,0.6283300518989563,0.0824650302529335
3338122962.0,-0.3841030299663543,-0.1150646805763244,9.908823013305664,2.46333384513855,0.2847406268119812,0.0969114527106285
3338131295.0,-0.3800888955593109,-0.1140239536762237,9.708866119384766,2.7396605014801025,0.5954925417900085,0.0203761272132396
3338139628.0,-0.4842000305652618,0.1010266467928886,9.819450378417969,2.969547986984253,1.0350327491760254,0.1412497013807296
3338147961.0,-0.5585996508598328,0.2059284448623657,10.020672798156738,2.718169689178467,1.0263751745224,0.2610730528831482
3338156294.0,-0.4970002174377441,0.0608116909861564,10.012211799621582,2.6593337059021,0.513475775718689,0.1786464750766754
3338164627.0,-0.4039884507656097,-0.0744098573923111,9.776578903198242,2.689481973648072,0.4157574474811554,0.1684520244598388
3338172960.0,-0.4648157656192779,0.0492297783493995,9.71510410308838,2.8068976402282715,0.8357284665107727,0.0738586485385894
3338181293.0,-0.5126908421516418,0.1717458218336105,9.920262336730955,2.7402493953704834,0.9935634136199952,0.2381995618343353
3338189626.0,-0.4162640571594238,0.0785068646073341,10.02692985534668,2.630185127258301,0.5085834860801697,0.0881513878703117
3338197959.0,-0.2805768251419067,-0.0142297446727752,9.830458641052246,2.5947604179382324,0.2156078368425369,0.020965252071619
3338206292.0,-0.3165611624717712,0.0825498476624488,9.695389747619627,2.7696542739868164,0.7517905235290527,0.0248586144298315
3338214625.0,-0.4916626214981079,0.1953825205564499,9.86070442199707,2.819397211074829,1.1760647296905518,0.2688342034816742
3338222958.0,-0.5552241802215576,0.0848530754446983,10.053234100341797,2.559105157852173,0.8294274210929871,0.0991655066609382
3338231291.0,-0.4515171945095062,-0.0942724868655204,10.003344535827637,2.5257043838500977,0.2720872163772583,-0.0102456919848918
3338239624.0,-0.3390251696109772,-0.0327685363590717,9.80434226989746,2.6909420490264893,0.3713167607784271,-0.014779414050281
3338247957.0,-0.4055913984775543,0.2042372822761535,9.834091186523438,2.843679428100586,0.8997127413749695,0.1109992787241935
3338256290.0,-0.4295368492603302,0.2424222975969314,10.035825729370115,2.585103988647461,0.9565250873565674,0.0729877650737762
3338264623.0,-0.3826320171356201,-0.0109109217301011,9.99535083770752,2.432673692703247,0.459711492061615,0.193963810801506
3338272956.0,-0.2953279912471771,-0.1815211176872253,9.754024505615234,2.4854135513305664,0.3859424889087677,0.0900212302803993
3338281289.0,-0.3754983842372894,0.0007348760263994,9.780113220214844,2.872239589691162,1.0040909051895142,0.1141242161393165
3338289622.0,-0.5038736462593079,0.17308309674263,10.004292488098145,2.775545597076416,1.179548263549805,0.1721916794776916
3338297955.0,-0.4901643395423889,0.0892819166183471,10.169337272644045,2.502856492996216,0.5812766551971436,0.0695810690522193
3338306288.0,-0.4151984453201294,-0.0980098620057106,9.900428771972656,2.555314779281616,0.3109952509403229,0.0083118202164769
3338314621.0,-0.4011678993701935,-0.0744765177369117,9.764606475830078,2.6740877628326416,0.6976678371429443,-0.0123204477131366
3338322954.0,-0.500566840171814,0.0930514484643936,9.904814720153809,2.7046713829040527,1.146249771118164,0.0895089507102966
3338331287.0,-0.4692656397819519,0.0532217174768447,10.065519332885742,2.6987287998199463,0.7719746232032776,0.0462208874523639
3338339620.0,-0.3133279979228973,-0.0949878767132759,9.946746826171877,2.463000535964966,0.2118425220251083,-0.0743837356567382
3338347953.0,-0.2821932733058929,-0.0772964879870414,9.723386764526367,2.7516989707946777,0.4742091596126556,0.0915580838918685
3338356286.0,-0.4323240220546722,0.0714927092194557,9.789937019348145,2.871727228164673,1.1567516326904297,0.1661211401224136
3338364619.0,-0.5821273922920227,0.0486416742205619,10.023015022277832,2.6766748428344727,1.1658704280853271,0.2217552661895752
3338372952.0,-0.5510587692260742,-0.1334191858768463,10.064088821411133,2.572604179382324,0.4961605966091156,-0.0945165306329727
3338381285.0,-0.4068976640701294,-0.1706146597862243,9.83110523223877,2.657823085784912,0.1513673365116119,0.0939145982265472
3338389618.0,-0.4098356664180755,0.0587516836822032,9.735014915466309,2.951899766921997,0.7022271156311035,0.1120494827628135
3338397951.0,-0.4683950543403625,0.1856449097394943,9.909025192260742,2.757103681564331,1.058136820793152,0.0056223245337605
3338406284.0,-0.420753926038742,0.0342079177498817,10.031429290771484,2.593812704086304,0.5417283177375793,0.0495763532817363
3338414617.0,-0.3477064669132232,-0.2226268053054809,9.818631172180176,2.495940923690796,0.3121478855609894,0.1254713386297226
3338422950.0,-0.3558431267738342,-0.0919989496469497,9.66830825805664,2.790863037109375,0.8392120003700256,0.0174561012536287
3338431283.0,-0.5088817477226257,0.1384157985448837,9.91078281402588,2.938913583755493,1.1776273250579834,0.132002979516983
3338439616.0,-0.5216063857078552,0.111798919737339,10.080414772033691,2.753363609313965,0.7786855101585388,-0.0481291413307189
3338447949.0,-0.4573741853237152,-0.06578279286623,10.00214385986328,2.592993259429932,0.296881765127182,0.0545199029147625
3338456282.0,-0.4004976749420166,-0.0956987515091896,9.753528594970703,2.6830527782440186,0.441499799489975,0.0592585280537605
3338464615.0,-0.4589553475379944,0.0406671650707721,9.824832916259766,3.009326934814453,1.0246590375900269,0.0803902819752693
3338472948.0,-0.4794349074363708,0.1003327891230583,10.019150733947754,2.785330295562744,0.8376495242118835,0.1500097662210464
3338481281.0,-0.3675674796104431,-0.0361785069108009,9.978033065795898,2.762943744659424,0.182411789894104,0.0334393866360187
3338489614.0,-0.2533069550991058,-0.0847992897033691,9.766209602355955,2.7144815921783447,0.231232538819313,0.0575679950416088
3338497947.0,-0.3504790663719177,0.0792152360081672,9.718222618103027,2.8975203037261963,1.103730082511902,0.1162245646119117
3338506280.0,-0.5693661570549011,0.1620125621557235,9.977950096130373,2.831077337265014,1.3189153671264648,0.1476276367902755
3338514613.0,-0.5521389842033386,-0.0231438782066106,10.082603454589844,2.5794687271118164,0.6032024621963501,0.1406349688768386
3338522946.0,-0.426053524017334,-0.1171561628580093,9.905632972717283,2.6992406845092773,0.2627636194229126,-0.0528421662747859
3338531279.0,-0.3549895286560058,0.0566092394292354,9.730520248413086,2.953897714614868,0.6676991581916809,0.0307242758572101
3338539612.0,-0.4150661826133728,0.2683396637439728,9.917977333068848,2.881255865097046,1.0977364778518677,0.1887128800153732
3338547945.0,-0.420463353395462,0.1838330328464508,10.036109924316406,2.6827967166900635,0.8533510565757751,0.104185901582241
3338556278.0,-0.3319210112094879,-0.0707329958677291,9.903738975524902,2.57383394241333,0.2599204778671264,0.0980641096830368
3338564611.0,-0.3103672862052917,-0.0635669082403183,9.710956573486328,2.7742648124694824,0.6533551216125488,0.0249354559928178
3338572944.0,-0.4494083821773529,0.185692012310028,9.830902099609377,2.931971788406372,1.076886534690857,0.0068518077023327
3338581277.0,-0.5395438075065613,0.2657617330551147,10.11586570739746,2.8166050910949707,1.1557013988494873,-0.0612948574125766
3338589610.0,-0.5032141208648682,0.1056966483592987,10.097288131713867,2.506007194519043,0.4081244468688965,-0.0045593339018523
3338597943.0,-0.4221820831298828,-0.0159557871520519,9.818521499633787,2.6186330318450928,0.4256702065467834,0.1128179058432579
3338606276.0,-0.4515220522880554,0.0898811668157577,9.795772552490234,2.792553424835205,1.044663667678833,0.0437875315546989
3338614609.0,-0.521878182888031,0.1884571760892868,10.025686264038086,2.729696035385132,1.1229920387268066,0.042481206357479
3338622942.0,-0.4200345277786255,0.0898372232913971,10.076119422912598,2.545811653137207,0.4611202776432037,0.0335930734872818
3338631275.0,-0.2882391512393951,0.0138074290007352,9.778810501098633,2.526191234588623,0.2081797122955322,0.0324404314160347
3338639608.0,-0.3255046904087066,0.0717833787202835,9.71401309967041,2.7649927139282227,0.9434875249862672,0.0115904416888952
3338647941.0,-0.529069185256958,0.1803166717290878,9.902897834777832,2.7419142723083496,1.2801098823547363,0.0931717827916145
3338656274.0,-0.6324236989021301,0.0347573161125183,10.13961124420166,2.5549049377441406,0.9242511987686156,0.0412517264485359
3338664607.0,-0.4897133409976959,-0.1076025143265724,9.969008445739746,2.4342358112335205,0.1372794955968856,-0.0362697578966617
3338672940.0,-0.4269830882549286,-0.0265021920204162,9.755433082580566,2.7159671783447266,0.4642964601516723,-0.0217977166175842
3338681273.0,-0.4425481855869293,0.199740931391716,9.889193534851074,2.8224966526031494,0.963492214679718,0.120502158999443
3338689606.0,-0.455745130777359,0.1848098188638687,10.014336585998535,2.525320291519165,0.945741593837738,0.1344363093376159
3338697939.0,-0.3766224682331085,-0.1103921458125114,9.950334548950195,2.4438672065734863,0.1730626076459884,0.1634316444396972
3338706272.0,-0.3366131782531738,-0.1852847635746002,9.70220184326172,2.5711443424224854,0.3885295391082763,0.1017525568604469
3338714605.0,-0.413847267627716,0.0160516165196895,9.772601127624512,2.820344924926758,0.9580108523368835,0.1107175424695015
3338722938.0,-0.510814368724823,0.1613478511571884,10.0126953125,2.7517757415771484,1.00442373752594,0.0474759861826896
3338731271.0,-0.4666007161140442,0.0319831371307373,10.10784149169922,2.5514721870422363,0.5394229888916016,0.0523170754313468
3338739604.0,-0.3977938592433929,-0.1367926597595214,9.86281681060791,2.527625560760498,0.3733915388584137,0.1115628108382225
3338747937.0,-0.4053011536598205,-0.0829898715019226,9.732844352722168,2.8195509910583496,0.7571951746940613,0.1687593907117843
3338756270.0,-0.5153777599334717,0.0712949261069297,9.910178184509276,2.876671075820923,1.0403863191604614,0.0624603144824504
3338764603.0,-0.4536353349685669,0.0520268157124519,10.058255195617676,2.6732170581817627,0.5612463355064392,0.0730646103620529
3338772936.0,-0.2863360941410064,-0.1363899409770965,9.878839492797852,2.6253693103790283,0.1350254416465759,0.0284189935773611
3338781269.0,-0.2326772660017013,-0.0566492862999439,9.706873893737791,2.644477367401123,0.5857079029083252,0.1441184878349304
3338789602.0,-0.3931227326393127,0.097538523375988,9.799145698547363,2.855564594268799,1.1512701511383057,0.0192490983754396
3338797935.0,-0.5180616974830627,0.0732625052332878,10.072036743164062,2.654031753540039,0.7755350470542908,0.1151744127273559
3338806268.0,-0.4654404520988464,-0.1404783874750137,9.994987487792969,2.5815179347991943,0.3643497228622436,-0.0044312630780041
3338814601.0,-0.3833277225494385,-0.1368264853954315,9.77178192138672,2.782410144805908,0.4086622893810272,0.0312109440565109
3338822934.0,-0.4071932733058929,0.1105727702379226,9.77793788909912,2.8885045051574707,0.9862377047538756,0.0657901614904403
3338831267.0,-0.4792727828025818,0.2149858921766281,9.953001022338867,2.784510850906372,1.02284038066864,0.0187111981213092
3338839600.0,-0.429941177368164,-0.027321457862854,9.996551513671877,2.4596455097198486,0.5890377759933472,0.0450682491064071
3338847933.0,-0.3314384520053863,-0.1973493993282318,9.75337028503418,2.6013433933258057,0.3639654815196991,0.1017781645059585
3338856266.0,-0.3723207414150238,-0.0408688485622406,9.711118698120115,2.897597551345825,0.8252265453338623,0.085538737475872
3338864599.0,-0.4762775599956512,0.1706620752811432,9.895992279052734,2.921802997589112,1.1612597703933716,0.1230636015534401
3338872932.0,-0.5173899531364441,0.1424372643232345,10.085190773010254,2.734895944595337,0.7275083661079407,0.0168413631618022
3338881265.0,-0.4275526404380798,-0.0577594377100467,9.91254711151123,2.5281381607055664,0.2824609875679016,0.0328246466815471
3338889598.0,-0.3964350521564483,-0.0316440798342227,9.747369766235352,2.7425546646118164,0.6459270119667053,0.0734232068061828
3338897931.0,-0.5180714726448059,0.1484636068344116,9.855701446533203,2.873084545135498,1.1008358001708984,0.1515466272830963
3338906264.0,-0.5381923913955688,0.2004723101854324,10.052135467529297,2.753056049346924,0.7178772687911987,0.1392261683940887
3338914597.0,-0.4053535163402557,0.029643353074789,10.019885063171388,2.5841305255889893,0.2377129197120666,-0.0062754875980317
3338922930.0,-0.3208514451980591,0.0056658782996237,9.774697303771973,2.644580125808716,0.3899382650852203,0.1290060877799987
3338931263.0,-0.4211309552192688,0.1536513864994049,9.826213836669922,2.7728562355041504,1.133007287979126,0.0583876445889472
3338939596.0,-0.5705640316009521,0.1817522495985031,10.045042037963867,2.6697847843170166,1.1138222217559814,0.0809794068336486
3338947929.0,-0.5665072202682495,-0.0105582000687718,10.159016609191896,2.5110528469085693,0.5256168842315674,0.1731137931346893
3338956262.0,-0.4504534304141998,-0.0985231027007103,9.882678031921388,2.5780344009399414,0.2295931875705719,0.0494738966226577
3338964595.0,-0.3985933363437652,0.0701154246926307,9.804265975952148,2.894626379013061,0.6352202296257019,0.0658926218748092
3338972928.0,-0.4737109839916229,0.2453123033046722,9.928060531616213,2.8342533111572266,1.0550119876861572,0.069478616118431
3338981261.0,-0.4564039707183838,0.0927719920873642,10.064784049987791,2.583387851715088,0.7021759152412415,0.0968089997768402
3338989594.0,-0.365514725446701,-0.1728757917881012,9.865592956542969,2.4785232543945312,0.3264150023460388,0.0934023186564445
3338997927.0,-0.3420531749725342,-0.1303109377622604,9.685023307800291,2.7497777938842773,0.5153712630271912,0.1064911782741546
3339006260.0,-0.4691353142261505,0.1042840108275413,9.815348625183104,2.873929977416992,1.0622351169586182,0.0092851603403687
3339014593.0,-0.506532609462738,0.1893298476934433,10.017210006713867,2.754465341567993,0.929630160331726,0.1472946554422378
3339022926.0,-0.4629751145839691,0.0235031768679618,10.008761405944824,2.5194036960601807,0.2804374694824219,0.0049307406879961
3339031259.0,-0.3824547529220581,-0.1113415583968162,9.759411811828612,2.633488893508911,0.4180371165275574,0.1452967524528503
3339039592.0,-0.4579209983348846,0.0079964380711317,9.733978271484377,2.8196020126342773,1.0945603847503662,0.0327734127640724
3339047925.0,-0.5221787691116333,0.1482155174016952,9.973084449768066,2.788250207901001,1.057060956954956,0.1888153403997421
3339056258.0,-0.4123663306236267,0.0364415869116783,9.983549118041992,2.5933518409729004,0.2456533312797546,0.0429166555404663
3339064591.0,-0.262027233839035,-0.079001635313034,9.791650772094728,2.4982972145080566,0.196858212351799,0.0241670310497283
3339072924.0,-0.3031810522079468,0.0603275187313556,9.670615196228027,2.705951690673828,0.80734783411026,0.0200687516480684
3339081257.0,-0.5066856145858765,0.1428599506616592,9.91185474395752,2.782154321670532,1.222067952156067,0.1061069667339325
3339089590.0,-0.530863881111145,0.0257108286023139,10.045733451843262,2.609360456466675,0.8067331314086914,0.072731614112854
3339097923.0,-0.4593675434589386,-0.1546000987291336,9.973488807678224,2.57124662399292,0.3496471047401428,0.0
3339106256.0,-0.3861104846000671,-0.0973362550139427,9.788747787475586,2.695629358291626,0.5097104907035828,0.0346944816410541
3339114589.0,-0.404571920633316,0.1556001752614975,9.83778476715088,2.795806884765625,1.0121080875396729,0.0271126702427864
3339122922.0,-0.4674996435642242,0.1782578229904174,10.071207046508787,2.6605889797210693,0.9303219318389891,-0.0008964982698671
3339131255.0,-0.3841166496276855,-0.0765364170074462,9.997654914855955,2.504623889923096,0.3499288856983185,-0.0763816535472869
3339139588.0,-0.2942030727863312,-0.2300251871347427,9.801278114318848,2.560821771621704,0.3437045812606811,0.0082093626260757
3339147921.0,-0.353074163198471,0.0063154259696602,9.79066562652588,2.9349687099456787,1.0073693990707395,-0.0111678084358572
3339156254.0,-0.4975211918354034,0.152078241109848,10.044245719909668,2.904231548309326,1.1076490879058838,0.0804414972662925
3339164587.0,-0.4874245226383209,0.0553448572754859,10.13910961151123,2.595887422561645,0.5743351578712463,0.0462465025484561
3339172920.0,-0.4055037796497345,-0.1282711327075958,9.88460922241211,2.5226821899414062,0.1148158013820648,0.0777007862925529
3339181253.0,-0.4100709855556488,-0.0673369690775871,9.75735092163086,2.7598698139190674,0.7946688532829285,0.1469873040914535
3339189586.0,-0.4861016273498535,0.0992131829261779,9.900466918945312,2.9099183082580566,1.069125413894653,-0.0090418253093957
3339197919.0,-0.4826725423336029,0.097572848200798,10.052024841308594,2.721013069152832,0.6227205395698547,0.1376637369394302
3339206252.0,-0.3029643595218658,-0.0531504489481449,9.936915397644045,2.715762138366699,0.0746270716190338,0.1272899508476257
3339214585.0,-0.2892611026763916,-0.0525454655289649,9.707996368408203,2.84319281578064,0.5753085017204285,0.1029051765799522
3339222918.0,-0.4471417665481567,0.1343544572591781,9.823074340820312,2.8612253665924072,1.12073814868927,0.2350490391254425
3339231251.0,-0.587003767490387,0.1177857890725135,10.03167724609375,2.8542072772979736,1.0833925008773804,0.1973192393779754
3339239584.0,-0.5312969088554382,-0.0455623008310794,10.056877136230469,2.621834754943848,0.3869414925575256,0.115917220711708
3339247917.0,-0.4220108389854431,-0.1238100603222847,9.822391510009766,2.7751615047454834,0.1918122172355651,0.1304917335510254
3339256250.0,-0.4285741150379181,0.1393993198871612,9.741724967956545,2.90920090675354,0.7704634070396423,0.1174540817737579
3339264583.0,-0.4936782419681549,0.2888815402984619,9.920403480529783,2.874519109725952,1.0654113292694092,0.087639108300209
3339272916.0,-0.4383606016635895,0.1053817793726921,10.025589942932127,2.5514981746673584,0.5313289165496826,0.0899956151843071
3339281249.0,-0.3428161442279815,-0.1277088969945907,9.799395561218262,2.5035994052886963,0.3202163875102997,0.0333113148808479
3339289582.0,-0.3634383976459503,-0.0326053611934185,9.694899559020996,2.802133321762085,0.8426187038421631,0.0070567219518125
3339297915.0,-0.5011256337165833,0.2103818356990814,9.849452018737791,2.778798818588257,1.2349263429641724,0.0298277772963047
3339306248.0,-0.5415554046630859,0.1962374001741409,10.097038269042969,2.725546836853028,0.9131091237068176,0.0123332552611827
3339314581.0,-0.4627263844013214,0.0178311560302972,9.99782371520996,2.47393798828125,0.3178086280822754,0.0271895099431276
3339322914.0,-0.3845110833644867,-0.0602791234850883,9.74409294128418,2.6448874473571777,0.498517096042633,-0.0345792211592197
3339331247.0,-0.4604307115077972,0.092795692384243,9.822850227355955,2.7295167446136475,1.0617483854293823,0.0121795674785971
3339339580.0,-0.4729626774787903,0.1672131419181823,9.984318733215332,2.690839529037476,0.8043254613876343,-0.0011782547226175
3339347913.0,-0.3738412857055664,0.0117226773872971,10.029867172241213,2.4953773021698,0.2597923576831817,0.0228350907564163
3339356246.0,-0.253105103969574,-0.0665715858340263,9.75788688659668,2.582491159439087,0.2679633200168609,0.1193751543760299
3339364579.0,-0.3305600583553314,0.0698054209351539,9.722860336303713,2.8082549571990967,1.0493255853652954,0.113637551665306
3339372912.0,-0.5326846837997437,0.1591104716062545,9.966421127319336,2.709461212158203,1.2635372877120972,0.151008740067482
3339381245.0,-0.5632628202438354,-0.0048571075312793,10.146591186523438,2.4639742374420166,0.7090404629707336,0.0122564118355512
3339389578.0,-0.4453485906124115,-0.1353733539581298,9.939295768737791,2.5050079822540283,0.0847959220409393,0.0606929287314415
3339397911.0,-0.3358431160449981,0.0005575287505052,9.798282623291016,2.724727153778076,0.5866556167602539,0.0166876725852489
3339406244.0,-0.3763390779495239,0.2366737276315689,9.870235443115234,2.8675010204315186,1.060570240020752,0.098269023001194
3339414577.0,-0.4087015092372894,0.1771643906831741,10.104392051696776,2.6650969982147217,0.8643139004707336,0.1609982848167419
3339422910.0,-0.3447233438491821,-0.101556584239006,9.96616554260254,2.4903059005737305,0.3071787357330322,0.03927943110466
3339431243.0,-0.2974669635295868,-0.1749955862760543,9.770063400268556,2.6648154258728027,0.5732850432395935,0.0390489026904106
3339439576.0,-0.4473796784877777,0.0454803369939327,9.781895637512209,2.8419888019561768,1.0566511154174805,0.2647359073162079
3339447909.0,-0.562383234500885,0.1839730888605117,10.076260566711426,2.7488555908203125,1.1771405935287476,0.0756260156631469
3339456242.0,-0.5108466148376465,0.0463933274149894,10.107399940490724,2.5142550468444824,0.5724909901618958,0.1289548724889755
3339464575.0,-0.4010204672813415,-0.131855770945549,9.896056175231934,2.48006010055542,0.3590475618839264,0.0924033522605896
3339472908.0,-0.4147369861602783,-0.0415643788874149,9.790321350097656,2.7612786293029785,0.8878278732299805,0.1294159293174743
3339481241.0,-0.5212510824203491,0.1081995815038681,9.887661933898926,2.8594069480896,1.1201233863830566,0.1080792769789695
3339489574.0,-0.4507230520248413,0.0294881016016006,10.097372055053713,2.563357353210449,0.5505139231681824,0.1554143726825714
3339497907.0,-0.2977363765239715,-0.1225946247577667,9.847631454467772,2.552445888519287,0.0902005285024643,0.0961942672729492
3339506240.0,-0.2931695878505707,-0.0720479264855384,9.67616844177246,2.803951978683472,0.80145663022995,-0.0370125696063041
3339514573.0,-0.4905423521995544,0.1012912616133689,9.835981369018556,2.83745551109314,1.407617449760437,0.0488335378468036
3339522906.0,-0.6055912971496582,0.0505976006388664,10.04368495941162,2.6717312335968018,0.9418482780456544,0.0983714759349823
3339531239.0,-0.5260781645774841,-0.1565445065498352,10.038278579711914,2.58413028717041,0.3190636932849884,0.0484493188560009
3339539572.0,-0.4210317134857178,-0.1227231249213218,9.733455657958984,2.753568887710572,0.3192942440509796,-0.0256654620170593
3339547905.0,-0.4239682853221893,0.1214439570903778,9.8292236328125,2.9751572608947754,0.9092668890953064,0.0602830983698368
3339556238.0,-0.4737950265407562,0.2488017082214355,9.953619003295898,2.789633512496948,0.8864189982414246,0.072373017668724
3339564571.0,-0.4352744817733764,-0.025251630693674,10.033873558044434,2.632899761199951,0.3479053080081939,0.0622553937137126
3339572904.0,-0.3297279775142669,-0.167258083820343,9.78932285308838,2.620297908782959,0.2786701023578644,-0.0281244311481714
3339581237.0,-0.3678731024265289,-0.0442552305757999,9.727219581604004,2.8399910926818848,0.8548623919487,0.0087216468527913
3339589570.0,-0.5110510587692261,0.2119854092597961,9.949419975280762,2.9154253005981445,1.1249388456344604,0.0270870551466941
3339597903.0,-0.5177612900733948,0.1769641786813736,10.10869598388672,2.7041077613830566,0.7059667706489563,-0.0263826642185449
3339606236.0,-0.4166024625301361,-0.052515909075737,9.987051010131836,2.527907371520996,0.3051039278507232,-0.0169822387397289
3339614569.0,-0.3833158612251282,-0.0600579716265201,9.732769966125488,2.6807732582092285,0.5845040678977966,0.0187880434095859
3339622902.0,-0.5021235942840576,0.1103325560688972,9.826668739318848,2.8481109142303467,1.200116515159607,0.1090269908308982
3339631235.0,-0.4746708571910858,0.1607574224472046,10.024511337280272,2.773189067840576,0.8177472949028015,0.0286495219916105
3339639568.0,-0.3519056439399719,0.0147346928715705,9.980008125305176,2.513768434524536,0.121962197124958,0.0144592374563217
3339647901.0,-0.2443500757217407,-0.0439294464886188,9.750971794128418,2.6201443672180176,0.3409639298915863,-0.0574783496558666
3339656234.0,-0.3587755858898163,0.1274815052747726,9.750582695007324,2.8747498989105225,1.1038583517074585,0.1620740741491317
3339664567.0,-0.524466872215271,0.1480699181556701,10.01848316192627,2.696705102920532,1.167074203491211,0.0903798341751098
3339672900.0,-0.5070171356201172,0.0007165935239754,10.117499351501465,2.522067308425904,0.5813791751861572,-0.0139341447502374
3339681233.0,-0.4049213528633117,-0.136295810341835,9.893437385559082,2.674574375152588,0.3567934930324554,0.1149182543158531
3339689566.0,-0.3669396042823791,0.0641996040940284,9.81462574005127,2.9421660900115967,0.7443368434906006,0.0509339049458503
3339697899.0,-0.4484570920467376,0.2931653261184692,9.90554428100586,2.918396711349488,1.1374642848968506,0.0622297935187816
3339706232.0,-0.4360686540603637,0.1493841409683227,10.043523788452148,2.6599230766296387,0.8456155061721802,0.0535977855324745
3339714565.0,-0.3636844158172607,-0.1318030655384063,9.887665748596191,2.493840456008911,0.4017976820468902,0.1163270473480224
3339722898.0,-0.3114069104194641,-0.0980399176478385,9.736328125,2.699394464492798,0.5448019504547119,0.0871780514717102
3339731231.0,-0.4376036822795868,0.1252592802047729,9.80391788482666,2.846522569656372,1.2877427339553833,0.0849752202630043
3339739564.0,-0.5206506848335266,0.2117464989423751,10.084004402160645,2.711356401443481,1.100963830947876,0.0603087171912193
3339747897.0,-0.4434315860271454,0.0389243364334106,10.066705703735352,2.435004234313965,0.4208290576934814,-0.0363722071051597
3339756230.0,-0.3942205905914306,-0.1332344859838485,9.786930084228516,2.498169422149658,0.4575343132019043,0.0930949449539184
3339764563.0,-0.4417060017585754,0.0158081855624914,9.72727108001709,2.857895374298096,1.003578543663025,0.1702706217765808
3339772896.0,-0.5609951019287109,0.1356855481863021,9.983083724975586,2.793373346328736,1.0663334131240845,0.1781854331493377
3339781229.0,-0.4348047077655792,0.0333039388060569,10.02806282043457,2.631927013397217,0.4169357419013977,0.0857948884367942
3339789562.0,-0.3020462691783905,-0.0935765653848648,9.815406799316406,2.5234246253967285,0.1874321401119232,-0.0207731425762176
3339797895.0,-0.3027369678020477,-0.007962143048644,9.688664436340332,2.6966536045074463,0.8857017755508423,0.0606929287314415
3339806228.0,-0.4988178610801697,0.1015421226620674,9.846521377563477,2.8152220249176025,1.4488818645477295,0.0417127795517444
3339814561.0,-0.563824474811554,0.0255583077669143,10.090892791748049,2.6071834564208984,0.8818085193634033,0.0791351720690727
3339822894.0,-0.4594405591487884,-0.1788445711135864,9.979570388793944,2.616737365722656,0.1664541065692901,0.0283165369182825
3339831227.0,-0.3954736292362213,-0.0958307832479476,9.754271507263184,2.734844923019409,0.5127585530281067,0.0017801893409341
3339839560.0,-0.439153790473938,0.1557729244232177,9.795646667480469,2.9203429222106934,1.1135660409927368,0.0890222787857055
3339847893.0,-0.5181648135185242,0.1964226365089416,10.039173126220703,2.7107162475585938,0.9107782244682312,0.1164039000868797
3339856226.0,-0.4066196978092193,-0.0511822029948234,9.992019653320312,2.542046070098877,0.3723157346248626,0.1019830778241157
3339864559.0,-0.3197159767150879,-0.2140522450208664,9.75062084197998,2.640738248825073,0.4877077937126159,-0.0190569907426834
3339872892.0,-0.3853814005851745,0.0088846199214458,9.742929458618164,2.9208297729492188,1.043664813041687,0.0565946474671363
3339881225.0,-0.524076521396637,0.1812499910593032,10.018011093139648,2.8434746265411377,1.1565210819244385,0.1438111215829849
3339889558.0,-0.5079007148742676,0.127307578921318,10.068872451782228,2.603828191757202,0.5518202781677246,0.0727316215634346
3339897891.0,-0.4169676005840301,-0.0940716415643692,9.928662300109863,2.580185890197754,0.2594338059425354,0.0364362560212612
3339906224.0,-0.4096120297908783,-0.0430517084896564,9.720040321350098,2.748112916946411,0.735935389995575,0.0799036026000976
3339914557.0,-0.5221222639083862,0.1029115468263626,9.889845848083496,2.901491165161133,1.1898196935653689,0.0256526563316583
3339922890.0,-0.4725399315357208,0.1020439937710762,10.063663482666016,2.6233971118927,0.5935202240943909,0.0605648569762706
3339931223.0,-0.3314497470855713,-0.0567850284278392,9.97207260131836,2.604724407196045,0.0380243323743343,-0.0299686565995216
3339939556.0,-0.2562673091888428,-0.0516437590122222,9.732373237609863,2.774905204772949,0.4436769485473633,0.0162266176193952
3339947889.0,-0.3916679918766022,0.1269964873790741,9.780864715576172,2.9050509929656982,1.162847876548767,0.0613076724112033
3339956222.0,-0.5588579773902893,0.1394837200641632,10.022867202758787,2.7269556522369385,1.186131238937378,0.0588230974972248
3339964555.0,-0.5182684063911438,-0.0695155262947082,10.081652641296388,2.646655321121216,0.400286465883255,0.0111293867230415
3339972888.0,-0.3801879584789276,-0.1086141318082809,9.804885864257812,2.6804399490356445,0.2187071442604065,0.0222715772688388
3339981221.0,-0.3941860198974609,0.1334413141012191,9.790122032165527,2.990295648574829,0.7745360732078552,0.0344383455812931
3339989554.0,-0.46487757563591,0.2774304449558258,9.956629753112791,2.964040994644165,0.9520171880722046,0.0221435073763132
3339997887.0,-0.4447939097881317,0.1123127862811088,10.06155490875244,2.5783674716949463,0.6951830983161926,-0.0941323041915893
3340006220.0,-0.3323477804660797,-0.1181372478604316,9.83017921447754,2.561718463897705,0.3036952018737793,0.0339516699314117
3340014553.0,-0.3440774083137512,-0.0572986155748367,9.720983505249023,2.8663480281829834,0.7721795439720154,0.0928900167346
3340022886.0,-0.4539184868335724,0.2083780765533447,9.895325660705566,2.9231607913970947,1.2736550569534302,0.0580290555953979
3340031219.0,-0.5026369690895081,0.2384909987449646,10.121511459350586,2.67452335357666,0.823664128780365,0.026754068210721
3340039552.0,-0.433324247598648,0.0229789279401302,9.976672172546388,2.4653573036193848,0.3324087262153625,-0.0314798913896083
3340047885.0,-0.3787022531032562,-0.0802684277296066,9.785303115844728,2.5511395931243896,0.6043294668197632,0.0064932089298963
3340056218.0,-0.4917361736297607,0.0967165380716323,9.787397384643556,2.8485207557678223,1.2022424936294556,0.0519328601658344
3340064551.0,-0.5249218940734863,0.157604232430458,10.004030227661133,2.750725269317627,1.0733773708343506,0.1490620374679565
3340072884.0,-0.4025595188140869,0.0249283872544765,10.02193832397461,2.554648399353028,0.2840746343135834,0.0736793428659439
3340081217.0,-0.2549550831317901,-0.0735682770609855,9.772231101989746,2.610846519470215,0.1450406163930893,0.0144848506897687
3340089550.0,-0.3286208510398865,0.0446413867175579,9.68440055847168,2.755079984664917,0.9245074391365052,0.0709898546338081
3340097883.0,-0.5325297117233276,0.1458650231361389,9.936769485473633,2.762328624725342,1.3225783109664917,0.1254201084375381
3340106216.0,-0.553462028503418,0.0137028684839606,10.096061706542969,2.5272669792175293,0.7233844995498657,0.0629469826817512
3340114549.0,-0.4375647604465484,-0.1641615033149719,9.89303970336914,2.607849597930908,0.2368676513433456,-0.0230784248560667
3340122882.0,-0.3620575666427612,-0.0430923625826835,9.764792442321776,2.823725938796997,0.5679316520690918,0.0745246186852455
3340131215.0,-0.4354485869407654,0.2129462212324142,9.842397689819336,2.898494005203247,1.1816232204437256,0.0892784148454666
3340139548.0,-0.4779660999774933,0.1772663593292236,10.030959129333496,2.653391599655152,0.7730761170387268,0.1404812783002853
3340147881.0,-0.3983219265937805,-0.0689770057797432,9.941364288330078,2.315770149230957,0.3692419528961181,0.125548169016838
3340156214.0,-0.3490643501281738,-0.177076444029808,9.717045783996582,2.6833856105804443,0.5207757949829102,-0.013473086990416
3340164547.0,-0.4387568831443786,0.0465603545308113,9.765066146850586,2.915860414505005,1.1089298725128174,0.1323615610599517
3340172880.0,-0.5406152606010437,0.1936157643795013,9.99494743347168,2.75443959236145,1.106163501739502,0.0833615362644195
3340181213.0,-0.4780385792255401,0.0360339693725109,10.088403701782228,2.469122886657715,0.3438070714473724,0.0170718878507614
3340189546.0,-0.4004292786121368,-0.1313750296831131,9.839271545410156,2.542840480804444,0.2757500410079956,0.0877415686845779
3340197879.0,-0.4243207573890686,-0.0513212382793426,9.742326736450195,2.7549519538879395,0.8154420256614685,0.1867662072181701
3340206212.0,-0.5000165104866028,0.1117179244756698,9.910971641540527,2.774905204772949,1.0721222162246704,0.2130464017391204
3340214545.0,-0.4686380326747894,0.0324036069214344,10.062225341796877,2.618760824203491,0.6557627320289612,0.126752033829689
3340222878.0,-0.3077002167701721,-0.0886666774749755,9.88145637512207,2.5495259761810303,0.1377661675214767,-0.0789430737495422
3340231211.0,-0.2969475984573364,-0.0742042735219001,9.681753158569336,2.698907852172852,0.631787896156311,0.0357702821493148
3340239544.0,-0.4907668530941009,0.1068251878023147,9.840337753295898,2.8088698387146,1.2343628406524658,0.1289292424917221
3340247877.0,-0.5834901332855225,0.0873535573482513,10.07638931274414,2.6995742321014404,1.029244065284729,0.2352539747953415
3340256210.0,-0.5233697295188904,-0.1139027997851371,10.05832576751709,2.671449422836304,0.4112749397754669,0.0562104359269142
3340264543.0,-0.3770851492881775,-0.1035828217864036,9.779096603393556,2.759946584701538,0.3621468842029571,0.0545711256563663
3340272876.0,-0.3887407481670379,0.1279003918170929,9.797208786010742,2.958149671554565,0.922022819519043,0.0483212545514106
3340281209.0,-0.4350894391536712,0.2116221189498901,10.02183723449707,2.7727792263031006,1.0346741676330566,0.0511900521814823
3340289542.0,-0.3781656324863434,0.0235719196498394,10.015015602111816,2.5775222778320312,0.4698547422885895,-0.0006147417007014
3340297875.0,-0.302219808101654,-0.1774104684591293,9.806733131408691,2.6507530212402344,0.2986747920513153,0.1149694919586181
3340306208.0,-0.36053267121315,-0.0364037156105041,9.72803783416748,2.81086802482605,0.9291691184043884,0.0961942672729492
3340314541.0,-0.5117576122283936,0.1818553507328033,9.94282341003418,2.942089080810547,1.2384353876113892,0.1184786334633827
3340322874.0,-0.514157235622406,0.1739372611045837,10.131691932678224,2.638740062713623,0.656633734703064,0.0171743463724851
3340331207.0,-0.4411651790142059,-0.0599384754896163,9.95615291595459,2.559335947036743,0.2066172063350677,0.1391493380069732
3340339540.0,-0.4150536656379699,-0.0438871085643768,9.75055980682373,2.7521088123321533,0.7662883400917053,0.1288011819124221
3340347873.0,-0.4866183698177337,0.1337857544422149,9.84385585784912,2.8636841773986816,1.1203794479370115,0.0728596970438957
3340356206.0,-0.4960432648658752,0.1438667178153991,10.02589988708496,2.7155063152313232,0.8137003183364868,0.0451194755733013
3340364539.0,-0.3302555978298187,0.070083349943161,9.934650421142578,2.6955528259277344,0.0538795478641986,-0.0316848121583461
3340372872.0,-0.2314258813858032,0.0034458073787391,9.709914207458496,2.584745407104492,0.3731353878974914,0.0977311208844184
3340381205.0,-0.3763376474380493,0.1385045796632766,9.71947193145752,2.767246723175049,1.3025479316711426,0.1084378734230995
3340389538.0,-0.5767117142677307,0.141038715839386,10.040168762207031,2.64762806892395,1.2957345247268677,0.1398153007030487
3340397871.0,-0.5950333476066589,-0.0720231011509895,10.122979164123535,2.5131022930145264,0.6160351634025574,0.0331063941121101
3340406204.0,-0.4278751909732818,-0.1305132806301117,9.874608039855955,2.668247938156128,0.2141478359699249,-0.0083502409979701
3340414537.0,-0.3831120133399963,0.0676578655838966,9.722698211669922,2.9159631729125977,0.5946729183197021,0.0120002701878547
3340422870.0,-0.4483124017715454,0.2537166476249695,9.958932876586914,2.8646316528320312,1.1562391519546509,0.0434545464813709
3340431203.0,-0.4390832781791687,0.1126378625631332,10.021533012390137,2.5093369483947754,0.7246907949447632,0.0904566794633865
3340439536.0,-0.3822290599346161,-0.1314181387424469,9.885154724121094,2.4873087406158447,0.3957527577877044,0.0228094775229692
3340447869.0,-0.3646788895130157,-0.0634389668703079,9.685808181762695,2.825186014175415,0.5647554397583008,0.0750625133514404
3340456202.0,-0.4881876111030578,0.1492158770561218,9.847600936889648,2.897213220596313,1.1455326080322266,0.1051848530769348
3340464535.0,-0.5376659035682678,0.2310134321451187,10.094925880432127,2.5966556072235107,1.0451760292053225,0.0108732422813773
3340472868.0,-0.4872257113456726,0.0119502590969204,10.05819320678711,2.57227110862732,0.4051787555217743,0.1018806174397468
3340481201.0,-0.4233116209506988,-0.0552764944732189,9.769017219543455,2.693913459777832,0.4097124934196472,0.0060833813622593
3340489534.0,-0.4803678393363952,0.0849174931645393,9.769165992736816,2.8248274326324463,0.9991471767425536,-0.0471558049321174
3340497867.0,-0.5270738005638123,0.1556040048599243,10.000606536865234,2.64268445968628,1.0137985944747925,0.0981409400701522
3340506200.0,-0.3670174181461334,0.0292285550385713,10.04066276550293,2.638150930404663,0.3537966609001159,0.0478602014482021
3340514533.0,-0.256511241197586,-0.0466405637562274,9.75088119506836,2.492969512939453,0.2177850604057312,0.0484237186610698
3340522866.0,-0.3192192018032074,0.0493422299623489,9.702528953552246,2.69993257522583,0.9488921761512756,0.0969626903533935
3340531199.0,-0.561257004737854,0.1000676825642585,9.93321132659912,2.633514881134033,1.237154841423035,0.2011614143848419
3340539532.0,-0.5624821782112122,-0.0639332607388496,10.111440658569336,2.5134353637695312,0.6592719554901123,0.0769067406654357
3340547865.0,-0.4747024774551391,-0.1851156204938888,9.96006965637207,2.584258556365967,0.2422466427087783,0.0305449757725
3340556198.0,-0.3655581176280975,0.0024743983522057,9.755436897277832,2.815836906433105,0.6699274778366089,0.0410211943089962
3340564531.0,-0.4021248519420624,0.2186115235090255,9.884333610534668,2.968600273132324,1.0110578536987305,0.1353328227996826
3340572864.0,-0.4120650291442871,0.1492024958133697,10.039728164672852,2.6541597843170166,0.7633682489395142,0.0052637252956628
3340581197.0,-0.3310963213443756,-0.1269436478614807,9.903698921203612,2.4681236743927,0.2464985996484756,0.0378962606191635
3340589530.0,-0.3128025233745575,-0.1493642777204513,9.687893867492676,2.681029319763184,0.6006666421890259,0.053725853562355
3340597863.0,-0.4346173703670501,0.0937576368451118,9.83628749847412,2.8938066959381104,1.221222758293152,0.0296228639781475
3340606196.0,-0.5474101305007935,0.1921657472848892,10.077287673950195,2.759306669235229,1.006703495979309,0.0842324197292327
3340614529.0,-0.4829930067062378,0.007752729114145,10.091226577758787,2.515253782272339,0.3296679854393005,-0.0238212365657091
3340622862.0,-0.3989530503749847,-0.0877604633569717,9.79746150970459,2.542609691619873,0.3941646814346313,0.0571069307625293
3340631195.0,-0.420152336359024,0.0295279864221811,9.820055961608888,2.82692813873291,1.0343412160873413,0.1192983016371727
3340639528.0,-0.4963162243366241,0.09694654494524,9.946941375732422,2.773854970932007,1.073863863945007,0.0447864830493927
3340647861.0,-0.4081130921840668,-0.0178827960044145,10.04628562927246,2.5757546424865723,0.2806679904460907,0.0187368113547563
3340656194.0,-0.2517402470111847,-0.1112221628427505,9.798224449157717,2.681720733642578,0.1595382690429687,0.0299814622849226
3340664527.0,-0.3106470704078674,0.0210923664271831,9.658817291259766,2.817962884902954,0.9215872883796692,0.1036223918199539
3340672860.0,-0.503386378288269,0.11611820012331,9.905871391296388,2.796472549438477,1.4212442636489868,0.0878440216183662
3340681193.0,-0.604741096496582,-0.0248476415872573,10.11559772491455,2.5979878902435303,0.8124963045120239,-0.0053789890371263
3340689526.0,-0.5109290480613708,-0.1709397882223129,9.93166446685791,2.7318992614746094,0.2273135483264923,-0.0051484615541994
3340697859.0,-0.3870357275009155,-0.0600264891982078,9.738930702209473,2.8250067234039307,0.4761301875114441,0.1294671446084976
3340706192.0,-0.4230602383613586,0.2112772613763809,9.86570167541504,3.011939764022827,0.9653621912002563,0.1017269343137741
3340714525.0,-0.4294676482677459,0.189880684018135,10.056937217712402,2.7737784385681152,0.9097791910171508,0.1196056753396987
3340722858.0,-0.35122811794281,-0.1017282381653785,9.916340827941896,2.5234246253967285,0.241273283958435,-0.0410596169531345
3340731191.0,-0.3238787651062011,-0.1372013986110687,9.691085815429688,2.6591033935546875,0.4270021021366119,0.0368716940283775
3340739524.0,-0.441444844007492,0.0710169970989227,9.787818908691406,2.8940882682800293,1.166177749633789,0.1328226178884506
3340747857.0,-0.5642956495285034,0.2284337729215622,10.032329559326172,2.8152220249176025,1.0442025661468506,0.0164827592670917
3340756190.0,-0.5347619652748108,0.1053221374750137,10.112908363342283,2.6070806980133057,0.5268976092338562,-0.0042775771580636
3340764523.0,-0.4268515110015869,-0.0430165827274322,9.852839469909668,2.5886900424957275,0.3103548884391784,0.0570301003754138
3340772856.0,-0.4358038306236267,0.0388614758849144,9.76173973083496,2.7006499767303467,0.8875717520713806,0.0813380107283592
3340781189.0,-0.5328986048698425,0.1439100503921508,9.911617279052734,2.7928354740142822,1.1540110111236572,0.1884567439556121
3340789522.0,-0.4593365490436554,0.0570426136255264,10.0843505859375,2.6034951210021973,0.4774109721183777,0.0452475473284721
3340797855.0,-0.2964436411857605,-0.0452673323452472,9.830694198608398,2.4865915775299072,0.0567739531397819,0.0086704194545745
3340806188.0,-0.266238272190094,0.0440110117197036,9.699153900146484,2.6859469413757324,0.7474617958068848,0.1117421090602874
3340814521.0,-0.4400626718997955,0.1802138686180114,9.866252899169922,2.7644805908203125,1.206597089767456,0.0554164014756679
3340822854.0,-0.5635303258895874,0.0750735402107238,10.123519897460938,2.683590650558472,0.9166950583457948,0.017968388274312
3340831187.0,-0.5003455281257629,-0.1375440508127212,10.027061462402344,2.5890231132507324,0.2657092809677124,0.0482700318098068
3340839520.0,-0.3879311382770538,-0.0698810741305351,9.761117935180664,2.7825124263763428,0.2587421834468841,0.0147666037082672
3340847853.0,-0.4094522893428802,0.2074487805366516,9.802375793457031,2.8311283588409424,0.8334743976593018,0.0565178096294403
3340856186.0,-0.4426803290843963,0.2590249478816986,10.012271881103516,2.681439161300659,0.9791426062583924,0.0811587125062942
3340864519.0,-0.4013709425926208,-0.0111304875463247,9.972392082214355,2.487154960632324,0.429204910993576,-0.0367564298212528
3340872852.0,-0.3262694776058197,-0.1502345949411392,9.756242752075195,2.595810413360596,0.3939341306686401,0.0086191892623901
3340881185.0,-0.3838496208190918,0.0345495678484439,9.759369850158691,2.9266953468322754,1.0137218236923218,0.128442570567131
3340889518.0,-0.515731692314148,0.2019800990819931,10.02332878112793,2.8429622650146484,1.1346977949142456,0.1113578826189041
3340897851.0,-0.4991805255413055,0.1122328117489814,10.133260726928713,2.5627169609069824,0.6068652272224426,0.0636129528284072
3340906184.0,-0.4014123380184173,-0.0711552128195762,9.911470413208008,2.58074951171875,0.3000067174434662,0.0802621990442276
3340914517.0,-0.3772604465484619,-0.0177248548716306,9.77308177947998,2.6556198596954346,0.7592700123786926,0.0296740941703319
3340922850.0,-0.5151423811912537,0.1071604415774345,9.906915664672852,2.740377187728882,1.0612361431121826,0.0928387939929962
3340931183.0,-0.4691947400569916,0.0746879205107688,10.059873580932615,2.606133222579956,0.630507230758667,-0.0447480715811252
3340939516.0,-0.3460640609264374,-0.0781333297491073,9.940321922302246,2.542456150054932,0.1172235533595085,0.040457684546709
3340947849.0,-0.2750584483146667,-0.0672500506043434,9.703842163085938,2.6564650535583496,0.5204172134399414,0.169450968503952
3340956182.0,-0.4630804359912872,0.1157460883259773,9.819931030273438,2.801774740219116,1.2290350198745728,0.0019594891928136
3340964515.0,-0.6003702878952026,0.0836123004555702,10.042003631591797,2.65182900428772,1.1184840202331543,0.1182993426918983
3340972848.0,-0.5505626797676086,-0.1337948739528656,10.062904357910156,2.4925341606140137,0.3880172371864319,0.0054174112156033
3340981181.0,-0.4226280450820923,-0.1439351290464401,9.814223289489746,2.769116401672364,0.3357898294925689,0.0630238205194473
3340989514.0,-0.4029733538627624,0.1031896024942398,9.771973609924316,2.8280038833618164,0.9315000176429749,0.0689407065510749
3340997847.0,-0.4574463963508606,0.2338549792766571,9.927206039428713,2.8469326496124268,1.0228148698806765,0.0195564702153205
3341006180.0,-0.4331660568714142,0.0394059680402278,10.063394546508787,2.519275426864624,0.4745421111583709,0.0626140013337135
3341014513.0,-0.3527652621269226,-0.1658549010753631,9.78213882446289,2.661844253540039,0.362889677286148,0.004674598108977
3341022846.0,-0.388096421957016,-0.1173997297883033,9.725882530212402,2.8786942958831787,0.9539636969566344,0.0423531383275985
3341031179.0,-0.519338071346283,0.1862266510725021,9.879687309265137,2.870523452758789,1.192201852798462,0.1836156398057937
3341039512.0,-0.5577924847602844,0.1767971515655517,10.167031288146973,2.6703221797943115,0.9001994132995605,0.0623322390019893
3341047845.0,-0.4323551654815674,-0.0225919354707002,9.943120002746582,2.4323151111602783,0.2649920582771301,0.021631222218275
3341056178.0,-0.3598517775535583,-0.0940651521086692,9.750560760498049,2.641122341156006,0.4210852086544037,0.1061582043766975
3341064511.0,-0.4667474627494812,0.049410730600357,9.85035800933838,2.823649406433105,1.0812153816223145,0.0563129037618637
3341072844.0,-0.4338774681091308,0.1026477292180061,10.007108688354492,2.704620122909546,0.9271456003189088,-0.0240261517465114
3341081177.0,-0.3288782238960266,-0.0793411210179328,10.043146133422852,2.5456323623657227,0.1778524518013,-0.0444663166999816
3341089510.0,-0.2391076385974884,-0.0744891911745071,9.745912551879885,2.6562089920043945,0.4184469282627105,0.0903285965323448
3341097843.0,-0.3135103583335876,0.0625066310167312,9.769068717956545,2.733973741531372,1.0791149139404297,0.1779548972845077
3341106176.0,-0.5324146151542664,0.1412034183740615,9.994573593139648,2.614841938018799,1.282312512397766,0.1975241601467132
3341114509.0,-0.5527740120887756,-0.0337413996458053,10.145940780639648,2.6155080795288086,0.6857826709747314,0.183641254901886
3341122842.0,-0.4262987375259399,-0.1820298731327057,9.913321495056152,2.507697820663452,0.1726015210151672,-0.0085807684808969
3341131175.0,-0.3462852835655212,0.0174310561269521,9.790952682495115,2.961377143859864,0.6226693391799927,0.0478089712560176
3341139508.0,-0.4142349362373352,0.2570439279079437,9.888266563415527,2.9105069637298584,1.160158395767212,-0.0059937313199043
3341147841.0,-0.4247787296772003,0.1834437698125839,10.07681655883789,2.6241910457611084,0.7707964181900024,0.1763412058353424
3341156174.0,-0.3400533199310303,-0.0974899604916572,9.856492042541504,2.49463438987732,0.2329230606555938,0.0727572366595268
3341164507.0,-0.3506164252758026,-0.1444234549999237,9.743117332458496,2.683744192123413,0.6676222085952759,0.0700421258807182
3341172840.0,-0.4836255013942718,0.1242311745882034,9.791985511779783,2.8937809467315674,1.1829549074172974,0.1902497261762619
3341181173.0,-0.57431960105896,0.2354921698570251,10.092474937438965,2.7682201862335205,1.0235320329666138,0.0906359702348709
3341189506.0,-0.5187195539474487,0.0654937252402305,10.106193542480469,2.596348285675049,0.4226732850074768,0.0146641498431563
3341197839.0,-0.4207695424556732,-0.0950066000223159,9.768306732177734,2.691556692123413,0.389400452375412,0.1273924112319946
3341206172.0,-0.4781956672668457,0.0325830802321434,9.730093002319336,2.7303619384765625,0.924917221069336,0.107464499771595
3341214505.0,-0.542360246181488,0.1658906787633896,9.895793914794922,2.83627724647522,1.0456116199493408,0.0960661917924881
3341222838.0,-0.4608932137489319,0.0809941366314888,10.064340591430664,2.545530080795288,0.4805871248245239,0.1851269006729126
3341231171.0,-0.3423677086830139,-0.0611168406903743,9.793776512145996,2.5408682823181152,0.2622001469135284,0.0462465025484561
3341239504.0,-0.3528230190277099,-0.0033174066338688,9.670650482177734,2.772420883178711,0.8371371626853943,0.0789558812975883
3341247837.0,-0.5262259244918823,0.1562701612710952,9.830118179321287,2.7361764907836914,1.2345166206359863,0.1312601417303085
3341256170.0,-0.6278225779533386,0.0669025480747222,10.072229385375977,2.564842939376831,0.8420038819313049,0.1312857568264007
3341264503.0,-0.5169366598129272,-0.0997216179966926,10.01102066040039,2.580211639404297,0.2352283596992492,-0.0014856257475912
3341272836.0,-0.3884868621826172,-0.0988633036613464,9.79892349243164,2.7601513862609863,0.3336638212203979,-0.0060961879789829
3341281169.0,-0.4204040467739105,0.1724761873483657,9.794670104980469,2.847444772720337,1.1024237871170044,0.0929924771189689
3341289502.0,-0.4713821411132812,0.2432878017425537,10.016910552978516,2.74301552772522,0.9301937818527222,0.1088476926088333
3341297835.0,-0.412529706954956,-0.0078058028593659,9.934475898742676,2.4902031421661377,0.3272859156131744,0.0048795123584568
3341306168.0,-0.3156612813472748,-0.1876740455627441,9.81340789794922,2.5754215717315674,0.3960089087486267,0.0666866675019264
3341314501.0,-0.357030838727951,-0.0237435474991798,9.766386985778809,2.7745471000671387,0.8166714906692505,0.1300306767225265
3341322834.0,-0.4842208921909332,0.1970497816801071,9.98178768157959,2.8348171710968018,1.091742753982544,0.0153045067563653
3341331167.0,-0.4738032519817352,0.1482131332159042,10.142908096313477,2.5881006717681885,0.5812253952026367,0.0863327831029892
3341339500.0,-0.3822029829025268,-0.082161083817482,9.934561729431152,2.515586853027344,0.2777735888957977,0.1084634736180305
3341347833.0,-0.3576551973819732,-0.0964047461748123,9.762293815612791,2.722498893737793,0.6880624890327454,0.0369741506874561
3341356166.0,-0.4417349994182586,0.0724865868687629,9.867337226867676,2.855974197387696,1.12360680103302,0.1233197376132011
3341364499.0,-0.4429157972335815,0.127728670835495,10.102896690368652,2.664149522781372,0.783475399017334,0.0997290313243866
3341372832.0,-0.2954382002353668,-0.028230994939804,9.980684280395508,2.5658421516418457,0.2158127576112747,-0.0342718474566936
3341381165.0,-0.2153134196996688,-0.088059201836586,9.76060676574707,2.676316261291504,0.4733894765377044,0.1928367763757705
3341389498.0,-0.3642843961715698,0.0851612761616706,9.803203582763672,2.8562049865722656,1.3461178541183472,0.0369485355913639
3341397831.0,-0.5294526219367981,0.1357374191284179,10.033917427062988,2.7384307384490967,1.133289098739624,0.1232941374182701
3341406164.0,-0.5240940451622009,-0.018565772101283,10.089156150817873,2.5867178440093994,0.5538694262504578,-0.0453628115355968
3341414497.0,-0.3982317447662353,-0.1779631972312927,9.893003463745115,2.604289054870605,0.2975221574306488,0.0533928759396076
3341422830.0,-0.3698512017726898,0.0067292349413037,9.744641304016112,2.906332015991211,0.7702072262763977,0.1545434892177581
3341431163.0,-0.4631146788597107,0.2215776592493057,9.894030570983888,2.93240737915039,1.133263349533081,0.1143035367131233
3341439496.0,-0.466105043888092,0.1277714967727661,10.046846389770508,2.660435199737549,0.7864210605621338,0.117172323167324
3341447829.0,-0.3741065263748169,-0.1286389529705047,9.902037620544434,2.628929853439331,0.3188076019287109,0.0034195005428045
3341456162.0,-0.3342952132225036,-0.1427881419658661,9.695557594299316,2.805591106414795,0.6908800005912781,0.1403532177209854
3341464495.0,-0.4644539058208465,0.1269576102495193,9.78901195526123,2.88496994972229,1.1428176164627075,0.1169161796569824
3341472828.0,-0.5446413159370422,0.20817631483078,10.050984382629396,2.7922203540802,0.986519455909729,0.064611904323101
3341481161.0,-0.4730420410633087,0.0352889634668827,10.024709701538086,2.5615899562835693,0.3201139271259308,0.1635084748268127
3341489494.0,-0.4105592668056488,-0.1219547912478447,9.791254997253418,2.551574945449829,0.455100953578949,0.0772397294640541
3341497827.0,-0.500734806060791,-0.0091085089370608,9.73930549621582,2.818808317184448,0.9527599811553956,0.0918142348527908
3341506160.0,-0.5705858469009399,0.1485671997070312,9.919976234436035,2.8152732849121094,0.9168487191200256,0.1121007055044174
3341514493.0,-0.4791616201400757,0.0744652822613716,10.048133850097656,2.5570051670074463,0.3245451748371124,0.1228330731391906
3341522826.0,-0.3230567872524261,-0.0746780857443809,9.83853530883789,2.632951259613037,0.2202952355146408,0.0342590436339378
3341531159.0,-0.3224010169506073,-0.0183169674128294,9.68901824951172,2.718938112258911,0.6493592858314514,0.0280091650784015
3341539492.0,-0.4833660423755646,0.1433616578578949,9.842373847961426,2.774367332458496,1.310488224029541,0.075677253305912
3341547825.0,-0.569064736366272,0.0684651136398315,10.083836555480955,2.6995997428894043,0.8775052428245544,0.077162891626358
3341556158.0,-0.4651117622852325,-0.1468859910964965,10.005781173706056,2.5448896884918213,0.1437599062919616,0.0476809032261371
3341564491.0,-0.3686335384845733,-0.1058641746640205,9.778264999389648,2.814863443374634,0.4142718017101288,-0.0320690236985683
3341572824.0,-0.4051700532436371,0.1703614890575409,9.81756591796875,2.8874287605285645,0.8545037508010864,0.116070918738842
3341581157.0,-0.4960227608680725,0.2477287948131561,10.020590782165527,2.8419125080108643,0.884421169757843,0.0922240614891052
3341589490.0,-0.4305443465709686,0.0212587062269449,10.051074028015137,2.501652956008911,0.4500804841518402,0.0822857320308685
3341597823.0,-0.3128741383552551,-0.1645700186491012,9.809243202209473,2.682950258255005,0.2738033533096313,0.0638434812426567
3341606156.0,-0.3514864444732666,0.0016338948626071,9.778268814086914,2.893934488296509,0.7905961871147156,0.0532648004591465
3341614489.0,-0.4856106340885162,0.2551184296607971,9.98327922821045,2.8709332942962646,1.059391975402832,0.1593077331781387
3341622822.0,-0.4746713936328888,0.1825857609510421,10.16342544555664,2.510003089904785,0.745156466960907,0.040303997695446
3341631155.0,-0.38651043176651,-0.0727239772677421,9.965394973754885,2.576446294784546,0.3418347835540771,0.0643813759088516
3341639488.0,-0.3569307625293731,-0.0699070543050766,9.736940383911133,2.703159809112549,0.6917764544487,0.1130228266119957
3341647821.0,-0.479191780090332,0.1089068278670311,9.869112014770508,2.8538997173309326,1.0823936462402344,0.0819527357816696
3341656154.0,-0.4897710382938385,0.181923896074295,10.07703971862793,2.75523328781128,0.705403208732605,0.0763176083564758
3341664487.0,-0.3316150307655334,0.0084087094292044,9.97630214691162,2.582721471786499,0.1557729691267013,0.0445559583604335
3341672820.0,-0.2562320232391357,-0.065067246556282,9.75034999847412,2.737739086151123,0.5803288817405701,0.0617687217891216
3341681153.0,-0.393794983625412,0.0971909686923027,9.75184154510498,2.7340762615203857,1.101399302482605,0.1095136627554893
3341689486.0,-0.5369988083839417,0.1118789911270141,9.962657928466797,2.74442458152771,1.1927140951156616,0.0739354938268661
3341697819.0,-0.5279698967933655,-0.0292406175285577,10.069478034973145,2.52734375,0.577741801738739,0.0234242174774408
3341706152.0,-0.3928373456001282,-0.1488056182861328,9.841249465942385,2.8172199726104736,0.2752121090888977,0.0948110818862915
3341714485.0,-0.3785151243209839,0.0203641913831233,9.780588150024414,2.886250257492065,0.7122166752815247,0.1224488466978073
3341722818.0,-0.4335633814334869,0.252422422170639,9.84756565093994,2.873930215835572,1.0468922853469849,0.0399197898805141
3341731151.0,-0.4693275094032287,0.1365035325288772,10.07084846496582,2.5658164024353027,0.8032751679420471,-0.0003842135192826
3341739484.0,-0.3711071312427521,-0.1278382092714309,9.852030754089355,2.458415985107422,0.3655279576778412,0.0970139279961586
3341747817.0,-0.3428395688533783,-0.1801785081624984,9.667176246643066,2.685767650604248,0.639446496963501,0.0659438446164131
3341756150.0,-0.4774889051914215,0.1176047623157501,9.824405670166016,2.930460214614868,1.2068530321121216,0.0661999881267547
3341764483.0,-0.5482454895973206,0.2001726329326629,10.040345191955566,2.814658641815185,0.964696168899536,0.0492689870297908
3341772816.0,-0.4963251650333404,0.0308034438639879,10.031700134277344,2.5183279514312744,0.2852785587310791,0.0369741506874561
3341781149.0,-0.3822254836559295,-0.1267040967941284,9.774391174316406,2.5520360469818115,0.5057402849197388,0.0146385347470641
3341789482.0,-0.452658861875534,-0.0203417632728815,9.78532886505127,2.941936016082764,0.9963809847831726,0.0657389387488365
3341797815.0,-0.5177549123764038,0.1499792039394378,10.000925064086914,2.792553663253784,1.0149767398834229,0.0826955586671829
3341806148.0,-0.4329826831817627,0.0525491349399089,10.00859546661377,2.592045783996582,0.4591223895549774,0.0613332912325859
3341814481.0,-0.2834175825119018,-0.0836948603391647,9.873099327087402,2.702442646026612,0.1959616988897323,-0.0442613996565341
3341822814.0,-0.3262434303760528,-0.0193938370794057,9.695258140563965,2.7202961444854736,0.9092926383018494,0.1130740493535995
3341831147.0,-0.5205160975456238,0.1346782594919204,9.883944511413574,2.831922769546509,1.3444015979766846,0.1232428923249244
3341839480.0,-0.5868577361106873,0.0575816221535205,10.1298828125,2.615354299545288,0.971432626247406,0.0526500642299652
3341847813.0,-0.4639345705509186,-0.1031834185123443,9.982513427734377,2.5552632808685303,0.1158403679728508,0.044940173625946
3341856146.0,-0.3585480451583862,-0.0943906977772712,9.796035766601562,2.773265838623047,0.5503602027893066,0.0144848469644784
3341864479.0,-0.3931593596935272,0.1865735054016113,9.791374206542969,2.904205799102783,0.9540148973464966,0.0318000689148902
3341872812.0,-0.4405739307403564,0.2489654868841171,10.018125534057615,2.8209853172302246,0.976529896259308,0.1162501946091651
3341881145.0,-0.407106876373291,0.0094074206426739,10.006160736083984,2.536360025405884,0.2890182435512543,0.0831566154956817
3341889478.0,-0.334502100944519,-0.1901008486747741,9.782378196716309,2.575805902481079,0.3353031277656555,0.0425068214535713
3341897811.0,-0.3815602660179138,0.0087211998179554,9.763164520263672,2.7939882278442383,0.9814223051071168,0.1518283784389495
3341906144.0,-0.5243295431137085,0.212524801492691,10.024986267089844,2.8587663173675537,1.0922549962997437,0.0854362770915031
3341914477.0,-0.5008540153503418,0.1715893894433975,10.127196311950684,2.593479871749878,0.5535620450973511,-0.0020235243719071
3341922810.0,-0.3971078097820282,-0.0629340633749961,9.929076194763184,2.6149699687957764,0.1866893619298935,0.0634336546063423
3341931143.0,-0.3863614201545715,-0.0483798906207084,9.697495460510254,2.639867067337036,0.762753427028656,0.1086427718400955
3341939476.0,-0.5036589503288269,0.1231663078069686,9.898658752441406,2.771677732467652,1.1297285556793213,0.082772396504879
3341947809.0,-0.4922385811805725,0.1168249398469924,10.055875778198242,2.725598096847534,0.7217707633972168,0.0833615362644195
3341956142.0,-0.3455086648464203,-0.0339799374341964,9.92695426940918,2.568966865539551,0.1130228117108345,-0.0882154256105423
3341964475.0,-0.2719870507717132,-0.0499923229217529,9.671351432800291,2.749880313873291,0.5395253896713257,0.1375868618488311
3341972808.0,-0.3968130946159363,0.1055971309542656,9.75172233581543,2.7508792877197266,1.2240660190582275,0.1554143726825714
3341981141.0,-0.5645601749420166,0.1337928473949432,10.042633056640623,2.7407615184783936,1.16574227809906,0.0580546595156192
3341989474.0,-0.5363014936447144,-0.062832236289978,10.06092929840088,2.4808027744293213,0.3418347537517547,-0.0416999794542789
3341997807.0,-0.4022630155086517,-0.1346631795167923,9.818188667297363,2.716172218322754,0.1597432047128677,0.0685308873653411
3342006140.0,-0.3687475323677063,0.0851131677627563,9.744535446166992,2.9518229961395264,0.7543264627456665,0.0847959294915199
3342014473.0,-0.4627478122711181,0.2493846565485,9.925216674804688,2.797625541687012,1.1480940580368042,0.1113578900694847
3342022806.0,-0.4408192634582519,0.0994631275534629,10.011094093322754,2.569504499435425,0.6869866251945496,0.1013171002268791
3342031139.0,-0.3346968293190002,-0.170984074473381,9.80950164794922,2.574627637863159,0.3146581053733825,-0.0809922143816948
3342039472.0,-0.359699547290802,-0.0830867290496826,9.707626342773438,2.833894729614258,0.8089359998703003,0.0554932430386543
3342047805.0,-0.4929659068584442,0.1373624056577682,9.871621131896973,2.874852180480957,1.1443543434143066,0.1059789061546325
3342056138.0,-0.5301733016967773,0.1732953041791916,10.091426849365234,2.7387895584106445,0.8535047769546509,0.1436062157154083
3342064471.0,-0.4327785670757293,0.000115388422273,10.010682106018066,2.434620380401612,0.2552586793899536,0.0652522668242454
3342072804.0,-0.3933327496051788,-0.0853477269411087,9.736894607543944,2.60188102722168,0.541958749294281,0.1971911638975143
3342081137.0,-0.4783823490142822,0.0503229573369026,9.791546821594238,2.876824378967285,1.1256303787231443,0.1325920820236206
3342089470.0,-0.5133388638496399,0.1284444332122802,10.0077543258667,2.7243173122406006,0.914082407951355,0.1719611585140228
3342097803.0,-0.405753344297409,-0.0149510093033313,10.017590522766112,2.588536262512207,0.177878051996231,0.0598476640880107
3342106136.0,-0.2760895490646362,-0.0867536216974258,9.767221450805664,2.6541340351104736,0.2872508466243744,0.0277274083346128
3342114469.0,-0.3348723649978637,0.0602096393704414,9.747488021850586,2.758486747741699,1.04066801071167,0.0369485318660736
3342122802.0,-0.5328235626220703,0.1289102882146835,9.968523979187012,2.7209105491638184,1.295760154724121,0.1736260801553726
3342131135.0,-0.5635983347892761,-0.0074308421462774,10.124433517456056,2.589688777923584,0.7184921503067017,0.1087196320295333
3342139468.0,-0.4569116830825805,-0.1479696780443191,9.94010066986084,2.6209895610809326,0.1859977692365646,-0.010578678920865
3342147801.0,-0.3588311076164245,-0.0208372175693511,9.752164840698242,2.806974411010742,0.54508376121521,0.0904822871088981
3342156134.0,-0.416970819234848,0.2124045491218567,9.871586799621582,2.8530287742614746,1.2226827144622805,0.0430191084742546
3342164467.0,-0.4427101612091064,0.1480967104434967,10.036462783813477,2.621731996536255,0.7999453544616699,0.1429402232170105
3342172800.0,-0.3898399472236633,-0.103357583284378,9.912358283996582,2.4899981021881104,0.2354076504707336,0.030673049390316
3342181133.0,-0.3413642942905426,-0.148811474442482,9.715139389038086,2.71407151222229,0.4960581362247467,0.0072872499004006
3342189466.0,-0.450528621673584,0.079705037176609,9.790233612060549,2.8619935512542725,1.132546067237854,0.0791608020663261
3342197799.0,-0.5171712636947632,0.1995499283075332,10.048394203186035,2.81424880027771,1.032292127609253,0.233537808060646
3342206132.0,-0.4774322807788849,0.0456753894686698,10.077863693237305,2.58126187324524,0.1882774382829666,0.0435570105910301
3342214465.0,-0.3620480000972748,-0.0957559794187545,9.827707290649414,2.5712978839874268,0.3583047389984131,0.0282140802592039
3342222798.0,-0.4085668921470642,0.0116246240213513,9.750661849975586,2.8337671756744385,0.8882633447647095,0.0439924485981464
3342231131.0,-0.5184485912322998,0.1452271044254303,9.912601470947266,2.7938599586486816,1.0730699300765991,0.1500610113143921
3342239464.0,-0.4549232125282287,0.0228530727326869,10.047850608825684,2.645963430404663,0.3893235623836517,-0.000973340938799
3342247797.0,-0.3061327636241913,-0.0850570350885391,9.85007667541504,2.598705053329468,0.1284169703722,0.082234501838684
3342256130.0,-0.3260716795921325,0.0143183106556534,9.682470321655272,2.9009530544281006,0.7111151814460754,0.1094368174672126
3342264463.0,-0.4873042702674866,0.1324653923511505,9.848801612854004,2.870574712753296,1.2891260385513306,0.1527248919010162
3342272796.0,-0.5687175989151001,0.0528671965003013,10.091479301452637,2.568275690078736,0.9527599811553956,0.0855643600225448
3342281129.0,-0.487381100654602,-0.1536729484796524,9.962206840515137,2.4974007606506348,0.153570145368576,0.0749600604176521
3342289462.0,-0.3681636452674866,-0.1052245795726776,9.74325942993164,2.8161957263946533,0.4047689735889435,0.136357381939888
3342297795.0,-0.3997944295406341,0.1974696964025497,9.812773704528809,2.927668571472168,1.0115700960159302,0.1237039566040039
3342306128.0,-0.4482184946537018,0.2263800501823425,10.015301704406738,2.682284355163574,0.9097024202346802,0.0428141951560974
3342314461.0,-0.4118984043598175,-0.0209220834076404,10.007159233093262,2.385901927947998,0.2648383677005768,0.1594357937574386
3342322794.0,-0.3311184346675873,-0.1659585684537887,9.715582847595217,2.6550304889678955,0.3452414274215698,0.0511644296348094
3342331127.0,-0.3982849419116974,0.0355639047920703,9.75233268737793,2.8258776664733887,1.0079329013824463,0.0646887496113777
3342339460.0,-0.5476765036582947,0.1824034452438354,9.977055549621582,2.8932430744171143,1.056395173072815,0.1522125899791717
3342347793.0,-0.5646660923957825,0.1085544973611831,10.14906120300293,2.469327449798584,0.5253608226776123,0.0304681304842233
3342356126.0,-0.4117540717124939,-0.0717716068029403,9.884857177734377,2.5517287254333496,0.1739334464073181,0.0767786726355552
3342364459.0,-0.3976885378360748,-0.0372302308678627,9.7598295211792,2.7251627445220947,0.7704122066497803,0.1067729443311691
3342372792.0,-0.5122956037521362,0.1151528358459472,9.86025619506836,2.795729637145996,1.113105058670044,0.1624582856893539
3342381125.0,-0.4879577755928039,0.0868856310844421,10.105586051940918,2.678288698196411,0.6553530097007751,0.1271874755620956
3342389458.0,-0.3121816515922546,-0.0637916773557663,9.894177436828612,2.6718850135803223,0.1315675228834152,-0.0086319977417588
3342397791.0,-0.2517358064651489,-0.0417830273509025,9.726539611816406,2.6865105628967285,0.5956974625587463,-0.0534569062292575
3342406124.0,-0.429755836725235,0.1438615918159485,9.823609352111816,2.749624252319336,1.3133058547973633,0.1095392704010009
3342414457.0,-0.5857232213020325,0.0745722353458404,10.061079978942873,2.7118942737579346,1.109493374824524,0.090354211628437
3342422790.0,-0.5459086894989014,-0.0951280295848846,10.085740089416504,2.485234260559082,0.3656816482543945,0.1202204152941703
3342431123.0,-0.4072774350643158,-0.1120644882321357,9.788755416870115,2.7321038246154785,0.2302335351705551,0.0999339297413826
3342439456.0,-0.4032355844974518,0.1158442571759224,9.800371170043944,2.7999563217163086,0.7690034508705139,0.0425836704671382
3342447789.0,-0.4492514133453369,0.2479521632194519,9.964970588684082,2.8039004802703857,0.993051052093506,0.1461163908243179
3342456122.0,-0.4218210577964782,0.0469203107059001,10.05198574066162,2.50464940071106,0.4817396998405456,0.1257018595933914
3342464455.0,-0.3316563963890075,-0.1557834595441818,9.784907341003418,2.5468103885650635,0.3170914053916931,0.0896882489323616
3342472788.0,-0.3415037393569946,-0.0397513099014759,9.716818809509276,2.888683557510376,0.6881392598152161,0.1376124769449234
3342481121.0,-0.502528965473175,0.2021472007036209,9.919241905212402,2.8621985912323,1.18592631816864,0.1376124769449234
3342489454.0,-0.5289542078971863,0.1648420691490173,10.169322967529297,2.6717567443847656,0.8383154273033142,0.0545967482030391
3342497787.0,-0.4492585361003876,-0.027306267991662,9.949050903320312,2.51497220993042,0.2856115400791168,-0.0533032268285751
3342506120.0,-0.3984737396240234,-0.0890616551041603,9.791409492492676,2.659538984298706,0.7395727038383484,-0.0074281282722949
3342514453.0,-0.4952522218227386,0.081894002854824,9.813304901123049,2.856230497360229,1.086389422416687,0.1179151162505149
3342522786.0,-0.5030440092086792,0.0976452007889747,10.04415225982666,2.7067716121673584,0.8348320126533508,0.0374864339828491
3342531119.0,-0.3580050468444824,-0.052956286817789,9.981729507446287,2.5370001792907715,0.019351553171873,0.0232961438596248
3342539452.0,-0.2408255040645599,-0.0769624933600425,9.720541000366213,2.707155466079712,0.354462593793869,0.0428654216229915
3342547785.0,-0.3692925274372101,0.0807977393269538,9.719389915466309,2.811328649520874,1.0613130331039429,0.0644838288426399
3342556118.0,-0.5160893797874451,0.0946285054087638,9.994138717651367,2.72659683227539,1.3395092487335205,0.1501634567975998
3342564451.0,-0.528652012348175,-0.0498337857425212,10.083209991455078,2.558542013168335,0.5970550179481506,-0.0254605486989021
3342572784.0,-0.4187449216842651,-0.1450595557689666,9.849181175231934,2.629647016525269,0.22764652967453,0.004392840899527
3342581117.0,-0.3806330561637878,0.0513895079493522,9.734124183654783,2.948928117752075,0.6942610144615173,0.0960149616003036
3342589450.0,-0.4521821737289428,0.2424784898757934,9.95016098022461,2.895932674407959,1.095943570137024,0.0576448440551757
3342597783.0,-0.4513204097747803,0.0944559201598167,10.068022727966309,2.568352222442627,0.7138559222221375,0.1524431258440017
3342606116.0,-0.3625004291534424,-0.1415872573852539,9.88091278076172,2.52498745918274,0.2287735641002655,0.0592329166829586
3342614449.0,-0.3401803374290466,-0.1053849980235099,9.71978759765625,2.7541322708129883,0.5794580578804016,0.0496531948447227
3342622782.0,-0.4481620192527771,0.1557191163301468,9.849109649658203,2.824622631072998,1.1465317010879517,0.056927639991045
3342631115.0,-0.5264042019844055,0.1829114258289337,10.127975463867188,2.6619210243225098,0.9643375873565674,0.0609490722417831
3342639448.0,-0.4543809294700622,-0.0020829904824495,10.030420303344728,2.555877923965454,0.4267459511756897,0.0090290177613496
3342647781.0,-0.4024387001991272,-0.1179260537028312,9.778464317321776,2.710946798324585,0.513475775718689,-0.0287904012948274
3342656114.0,-0.468666136264801,0.0290348287671804,9.762284278869627,2.836456298828125,1.0228404998779297,0.1063631102442741
3342664447.0,-0.5430655479431152,0.1428808867931366,10.033798217773438,2.798650026321411,0.9900798797607422,0.0551346465945243
3342672780.0,-0.4440132081508636,0.0094463415443897,10.03208351135254,2.5716052055358887,0.2209868282079696,-0.0445943810045719
3342681113.0,-0.3120063543319702,-0.0861739292740821,9.727303504943848,2.666890382766724,0.229951798915863,0.0371790640056133
3342689446.0,-0.3672114908695221,0.0634155869483947,9.696996688842772,2.864145278930664,0.959188997745514,-0.0109628923237323
3342697779.0,-0.548926591873169,0.1254725456237793,9.925087928771973,2.827466011047364,1.2580302953720093,0.2065403759479522
3342706112.0,-0.5927745699882507,-0.0447266586124897,10.09740924835205,2.667914628982544,0.7524821758270264,0.1271362453699112
3342714445.0,-0.4675924777984619,-0.1598245203495025,9.895723342895508,2.7030065059661865,0.0451707057654857,0.0421482287347316
3342722778.0,-0.3940603137016296,-0.0195555947721004,9.749945640563965,2.886967420578003,0.5606060028076172,0.0238340459764003
3342731111.0,-0.4644838571548462,0.2510069608688354,9.84430694580078,2.984506607055664,1.099273443222046,0.1405068933963775
3342739444.0,-0.4444187879562378,0.1809595376253128,10.059141159057615,2.656644344329834,0.84856116771698,0.0607697740197181
3342747777.0,-0.3844940960407257,-0.076312705874443,9.953903198242188,2.6481661796569824,0.2735472321510315,0.0191722568124532
3342756110.0,-0.3501425385475158,-0.1307035088539123,9.728142738342283,2.70566987991333,0.4233392775058746,0.109180673956871
3342764443.0,-0.4419529139995575,0.1262763440608978,9.783480644226074,2.937479019165039,1.043511152267456,0.1213218346238136
3342772776.0,-0.5345047116279602,0.2363463640213012,10.058524131774902,2.910558223724365,0.9603673219680786,0.1409423202276229
3342781109.0,-0.4762151837348938,0.0856226161122322,10.133164405822754,2.4518330097198486,0.3394270539283752,0.092685118317604
3342789442.0,-0.3649954497814178,-0.0700541511178016,9.802172660827637,2.502062559127808,0.3526439666748047,0.00603215303272
3342797775.0,-0.377273291349411,0.0556575544178485,9.77492332458496,2.721346139907837,0.927017629146576,0.1751885712146759
3342806108.0,-0.4401944875717163,0.1554380655288696,10.000484466552734,2.933713674545288,1.0563437938690186,0.1028795763850212
3342814441.0,-0.3403697609901428,0.0320478975772857,10.092369079589844,2.5217854976654053,0.4096356630325317,0.073448821902275
3342822774.0,-0.214943528175354,-0.0699401944875717,9.824040412902832,2.5044190883636475,0.1351791322231292,-0.0205682311207056
3342831107.0,-0.2615835666656494,0.0412993654608726,9.710367202758787,2.754772424697876,0.8102422952651978,0.1000620052218437
3342839440.0,-0.4624577760696411,0.1286952048540115,9.893925666809082,2.71355938911438,1.4177350997924805,0.1691692173480987
3342847773.0,-0.559281051158905,0.0270045064389705,10.152070045471191,2.6163017749786377,0.9128785729408264,0.1015476360917091
3342856106.0,-0.4623583853244781,-0.1234184727072715,9.993213653564451,2.525269031524658,0.2561807632446289,0.0405089147388935
3342864439.0,-0.3640449047088623,-0.0453403294086456,9.789870262145996,2.82147216796875,0.5627063512802124,0.0072872499004006
3342872772.0,-0.3760815560817718,0.2198525518178939,9.824238777160645,2.826313018798828,1.0561901330947876,0.1451942771673202
3342881105.0,-0.4191884398460388,0.1965005993843078,10.061857223510742,2.7572829723358154,0.9410799145698548,0.0942731872200965
3342889438.0,-0.365845650434494,-0.0497782230377197,9.9850492477417,2.428370237350464,0.4807919561862945,0.0584901049733161
3342897771.0,-0.3249724209308624,-0.1667248308658599,9.718805313110352,2.593095541000366,0.5636284351348877,0.0531879588961601
3342906104.0,-0.4504296779632568,0.0559428259730339,9.751319885253906,2.863300323486328,1.1768076419830322,0.0620248764753341
3342914437.0,-0.565291166305542,0.2118882238864898,10.020611763000488,2.7844338417053223,1.2234255075454712,0.1296464651823043
3342922770.0,-0.546681821346283,0.1068726778030395,10.095873832702637,2.5460166931152344,0.5984382033348083,-0.0035347647499293
3342931103.0,-0.4584337174892425,-0.0823291167616844,9.837047576904297,2.553342342376709,0.4548192024230957,0.0194540116935968
3342939436.0,-0.461016982793808,-0.0379271060228347,9.723443031311035,2.7082056999206543,0.9889271855354308,0.0544942803680896
3342947769.0,-0.5536881685256958,0.1215761378407478,9.911576271057127,2.7316431999206543,1.1120549440383911,0.0391257442533969
3342956102.0,-0.4648885726928711,0.0537434369325637,10.010374069213867,2.615098237991333,0.5970550179481506,0.0646887570619583
3342964435.0,-0.3186042606830597,-0.0868942886590957,9.852088928222656,2.567532539367676,0.0618199631571769,0.0488079264760017
3342972768.0,-0.2996916770935058,-0.0032720938324928,9.65124225616455,2.693657398223877,0.7207974195480347,-0.0098614813759922
3342981101.0,-0.4911776185035705,0.0673642233014106,9.833051681518556,2.7820518016815186,1.209978103637695,0.1063887327909469
3342989434.0,-0.6034387946128845,0.0504897348582744,10.061481475830078,2.615020990371704,0.9280677437782288,-0.0190057605504989
3342997767.0,-0.5390331745147705,-0.1389063596725464,10.041097640991213,2.550114870071411,0.207590565085411,0.0427373498678207
3343006100.0,-0.4309823513031006,-0.1240516752004623,9.737707138061523,2.8493916988372803,0.2688854336738586,-0.0192619059234857
3343014433.0,-0.4113318920135498,0.1643925458192825,9.78774642944336,2.888453245162964,0.8591654300689697,0.0194540116935968
3343022766.0,-0.4696216881275177,0.1752521693706512,9.988500595092772,2.732052564620972,0.8506102561950684,0.1052360832691192
3343031099.0,-0.4000343680381775,-0.0001988011645153,9.982514381408691,2.677186965942383,0.392371654510498,0.0856668129563331
3343039432.0,-0.3342860341072082,-0.1720142662525177,9.736490249633787,2.599883317947388,0.4047945737838745,0.2216271758079528
3343047765.0,-0.3489418625831604,-0.0233493726700544,9.712532043457031,2.8565635681152344,0.7987927794456482,0.1983694434165954
3343056098.0,-0.4778485000133514,0.1865583807229995,9.99268913269043,2.938375473022461,1.1429200172424316,0.0833871439099311
3343064431.0,-0.4621307253837585,0.1257485747337341,10.123006820678713,2.6273415088653564,0.4924208521842956,-0.0103737656027078
3343072764.0,-0.413835346698761,-0.0426830984652042,9.957003593444824,2.623730182647705,0.145860269665718,0.1241393983364105
3343081097.0,-0.3817557692527771,-0.0442708320915699,9.773658752441406,2.7662477493286133,0.7176724672317505,0.0791608020663261
3343089430.0,-0.4925009906291961,0.1065229699015617,9.863118171691896,2.8048739433288574,1.0115957260131836,0.182437390089035
3343097763.0,-0.4480176270008087,0.0962835177779197,10.03083038330078,2.5972962379455566,0.6623712778091431,0.0682747364044189
3343106096.0,-0.2926569283008575,-0.0423504523932933,9.979043006896973,2.5534443855285645,0.1459114849567413,0.0626140013337135
3343114429.0,-0.2151655256748199,-0.0259611494839191,9.724712371826172,2.6259841918945312,0.3938060402870178,-0.0007428128155879
3343122762.0,-0.4000034034252167,0.103734090924263,9.792040824890137,2.7577950954437256,1.3792368173599243,0.1347692906856537
3343131095.0,-0.5454831719398499,0.1047735661268234,9.992600440979004,2.723395109176636,1.1831854581832886,0.1568231433629989
3343139428.0,-0.5053533911705017,-0.1017863377928733,10.082965850830078,2.599242925643921,0.4159879684448242,0.0297765508294105
3343147761.0,-0.3942661881446838,-0.1351742893457412,9.832932472229004,2.8039517402648926,0.3426032066345215,0.0223996490240097
3343156094.0,-0.3798488080501556,0.1026745438575744,9.80060863494873,2.952079057693481,0.7506123185157776,0.113150879740715
3343164427.0,-0.4392797946929931,0.2662087380886078,9.935580253601074,2.785048484802246,1.025273680686951,0.0514974147081375
3343172760.0,-0.4121821224689483,0.062922365963459,10.036983489990234,2.653186559677124,0.5497711896896362,0.1113578826189041
3343181093.0,-0.3151040971279144,-0.170958936214447,9.840423583984377,2.568300724029541,0.2712931334972381,0.040636982768774
3343189426.0,-0.3553225696086883,-0.0824918001890182,9.698463439941406,2.8729822635650635,0.7973839044570923,0.0323123596608638
3343197759.0,-0.5203656554222107,0.1586155593395233,9.888067245483398,2.974337816238404,1.2089277505874634,0.1210913062095642
3343206092.0,-0.5319958925247192,0.1782216578722,10.109220504760742,2.650445938110352,0.8520191311836243,0.1029051914811134
3343214425.0,-0.4699340462684631,-0.0184769164770841,9.965214729309082,2.5103871822357178,0.2674510478973388,0.1296208351850509
3343222758.0,-0.4143993258476257,-0.0751005038619041,9.75875473022461,2.678877592086792,0.6664952039718628,0.0210933238267898
3343231091.0,-0.4928701817989349,0.0651779174804687,9.782611846923828,2.892935514450073,1.0429986715316772,0.0791351646184921
3343239424.0,-0.5327414870262146,0.1331345289945602,9.999837875366213,2.6743438243865967,0.9171048998832704,0.043582621961832
3343247757.0,-0.3951947689056396,0.0039722416549921,9.996922492980955,2.6770334243774414,0.2400950491428375,0.0514205768704414
3343256090.0,-0.2897131741046905,-0.060183547437191,9.705029487609863,2.650701999664306,0.4034882485866546,0.0570044852793216
3343264423.0,-0.3917558491230011,0.0712362453341484,9.745599746704102,2.8457798957824707,1.0925623178482056,0.0409187413752079
3343272756.0,-0.5708133578300476,0.1357791721820831,9.930129051208496,2.826799869537353,1.1401792764663696,0.1052360907196998
3343281089.0,-0.5913746953010559,0.0002758753253147,10.123770713806152,2.6045706272125244,0.6028693914413452,0.0847190767526626
3343289422.0,-0.4505359530448913,-0.1616951376199722,9.871628761291504,2.6345138549804688,0.221550315618515,0.0417896248400211
3343297755.0,-0.3652392327785492,0.0096323508769273,9.761918067932127,2.9052560329437256,0.3767213523387909,-0.0046617905609309
3343306088.0,-0.4182718098163605,0.2651193737983703,9.86482048034668,2.946008443832397,1.0145158767700195,0.1632267087697982
3343314421.0,-0.4286654591560364,0.1658123284578323,10.07903003692627,2.668478012084961,0.830093264579773,-0.0011014121118932
3343322754.0,-0.3527328073978424,-0.0998487100005149,9.898492813110352,2.464102506637573,0.2560015022754669,-0.0025101951323449
3343331087.0,-0.3054186105728149,-0.1555047631263733,9.728432655334473,2.677648067474365,0.5486440658569336,-0.0183141771703958
3343339420.0,-0.4316531419754028,0.1222188174724578,9.837320327758787,2.951976776123047,1.1629761457443235,0.0697347596287727
3343347753.0,-0.5154874920845032,0.224748894572258,10.11374282836914,2.711433172225952,1.0072156190872192,0.1103076934814453
3343356086.0,-0.4234994649887085,0.0585239306092262,10.071493148803713,2.6239607334136963,0.3541040122509002,-0.0179811939597129
3343364419.0,-0.3480826914310455,-0.0822608172893524,9.792624473571776,2.54583740234375,0.4215718805789947,0.0675319284200668
3343372752.0,-0.4118277430534363,0.0135044818744063,9.78164291381836,2.777313232421875,0.994588017463684,0.2146857231855392
3343381085.0,-0.467078298330307,0.1294362545013427,9.968183517456056,2.770960807800293,0.927786111831665,0.1252407878637313
3343389418.0,-0.4034286737442016,0.0239822268486022,10.042677879333496,2.592071056365967,0.3597390949726105,0.0948367044329643
3343397751.0,-0.2495371997356414,-0.0430356673896312,9.8096284866333,2.543429613113404,0.1318236589431762,0.0469124726951122
3343406084.0,-0.2830542027950287,0.0441793538630008,9.723636627197266,2.7531332969665527,0.7694388628005981,0.1511880308389663
3343414417.0,-0.4903883039951324,0.1499358117580413,9.90855312347412,2.750699758529663,1.43371844291687,0.1518539786338806
3343422750.0,-0.5804118514060974,0.0374085493385791,10.10828971862793,2.5926859378814697,0.7601152062416077,0.0857948809862136
3343431083.0,-0.4653546512126922,-0.1325181275606155,9.965356826782228,2.602393627166748,0.1752910315990448,-0.0118593908846378
3343439416.0,-0.3732330501079559,-0.0459924638271331,9.766403198242188,2.763302087783813,0.5030508041381836,0.0924289673566818
3343447749.0,-0.3848450481891632,0.2241586744785308,9.853795051574709,2.8961117267608643,1.0544739961624146,0.0705031752586364
3343456082.0,-0.4421409070491791,0.2215106785297393,10.05161952972412,2.6449902057647705,0.8537353277206421,0.1278534531593322
3343464415.0,-0.383075088262558,-0.0376226529479026,9.954227447509766,2.4880003929138184,0.4087904095649719,0.1057483777403831
3343472748.0,-0.3261234760284424,-0.1771131753921508,9.708942413330078,2.6056721210479736,0.5010527968406677,-0.0295332111418247
3343481081.0,-0.4274668097496032,0.0222291368991136,9.749675750732422,2.908919095993042,1.0106992721557615,0.1358194798231125
3343489414.0,-0.5247804522514343,0.2209164500236511,10.031988143920898,2.744680404663086,1.0984792709350586,0.1483704447746276
3343497747.0,-0.5380036234855652,0.1092277392745018,10.09521198272705,2.5370514392852783,0.4272838234901428,-0.0290209278464317
3343506080.0,-0.4282534420490265,-0.087208017706871,9.867812156677246,2.521042585372925,0.2587421834468841,-0.0012294834014028
3343514413.0,-0.4510450363159179,-0.0573976188898086,9.726210594177246,2.701751470565796,0.8014054298400879,0.1450918465852737
3343522746.0,-0.5252347588539124,0.0791943296790123,9.886117935180664,2.7356386184692383,1.10040020942688,0.0753698945045471
3343531079.0,-0.4663147032260895,0.0320474505424499,10.082763671875,2.646936655044556,0.6010764241218567,0.1653527021408081
3343539412.0,-0.3138728141784668,-0.0936719551682472,9.864174842834473,2.6194522380828857,0.1200154945254325,-0.0226685963571071
3343547745.0,-0.2940186262130737,-0.0431163646280765,9.686046600341797,2.6493442058563232,0.6009483337402344,0.1136119440197944
3343556078.0,-0.4548492133617401,0.107138343155384,9.828653335571287,2.827978134155273,1.268378496170044,0.1795942038297653
3343564411.0,-0.5801572799682617,0.0360126420855522,10.067255973815918,2.663201808929444,1.0261447429656982,0.0484237149357795
3343572744.0,-0.5284380316734314,-0.1581902652978897,10.044275283813477,2.5544183254241943,0.2515446245670318,0.0549297258257865
3343581077.0,-0.3818035721778869,-0.1563370525836944,9.796794891357422,2.7610225677490234,0.1892764121294021,0.0067493515089154
3343589410.0,-0.3987348675727844,0.1240439638495445,9.819815635681152,2.9855313301086426,0.7802224159240723,0.1041346788406372
3343597743.0,-0.4401807487010956,0.2303090691566467,10.013031005859377,2.817066431045532,0.9174379706382751,0.1357682645320892
3343606076.0,-0.4077509641647339,-0.0183509420603513,10.004790306091309,2.559822797775269,0.4040005505084991,0.1166856586933136
3343614409.0,-0.3418533205986023,-0.2055578678846359,9.772034645080566,2.610205888748169,0.2769283056259155,0.1033662483096122
3343622742.0,-0.3852376341819763,-0.0041680503636598,9.712976455688477,3.014039993286133,0.8980222940444946,0.0941707417368888
3343631075.0,-0.4866984784603119,0.15424445271492,9.98381233215332,2.887197971343994,1.0897704362869265,0.0854362845420837
3343639408.0,-0.4707233011722564,0.1597066819667816,10.105769157409668,2.60034441947937,0.4995672404766083,-0.0045337197370827
3343647741.0,-0.401178777217865,-0.0605769790709018,10.002516746520996,2.482621431350708,0.2788237333297729,0.0512668937444686
3343656074.0,-0.3765341937541961,-0.0550411604344844,9.706768035888672,2.744372844696045,0.6146007180213928,0.1041602790355682
3343664407.0,-0.4903242290019989,0.0905971378087997,9.880602836608888,2.910404682159424,1.1851321458816528,0.1209632381796836
3343672740.0,-0.5082477927207947,0.0923351794481277,10.036948204040527,2.705209255218506,0.5632186532020569,0.0562104433774948
3343681073.0,-0.3119814693927765,-0.0561023391783237,9.950507164001465,2.6027777194976807,0.1004718393087387,-0.0233089551329612
3343689406.0,-0.2560505270957947,-0.0327518954873085,9.711256980895996,2.693477869033813,0.4423706829547882,0.0804671198129654
3343697739.0,-0.389771431684494,0.156683012843132,9.79127025604248,2.8697805404663086,1.2470674514770508,0.0399454049766063
3343706072.0,-0.5396318435668945,0.1006698682904243,10.039314270019531,2.8340487480163574,1.1930726766586304,0.0753442794084549
3343714405.0,-0.5316137075424194,-0.048967145383358,10.02384090423584,2.6383044719696045,0.3452157974243164,0.0582083389163017
3343722738.0,-0.4066621959209442,-0.1298722028732299,9.844762802124023,2.682617425918579,0.3545906543731689,-0.0728468894958496
3343731071.0,-0.3894082009792328,0.1065463274717331,9.769909858703612,3.0222361087799072,0.7741774320602417,0.007569006178528
3343739404.0,-0.4668323993682861,0.2896751761436462,9.945316314697266,2.837685823440552,1.0677164793014526,0.0203248914331197
3343747737.0,-0.4509941935539245,0.1002126336097717,10.020881652832031,2.577906608581543,0.6013326644897461,0.134052112698555
3343756070.0,-0.372265487909317,-0.1354642212390899,9.843610763549805,2.5641770362854004,0.2153773009777069,0.0571325533092021
3343764403.0,-0.3481255769729614,-0.0467519238591194,9.686064720153809,2.7981116771698,0.7806578278541565,0.1356657892465591
3343772736.0,-0.4969344139099121,0.1846140176057815,9.88107967376709,2.8654260635375977,1.1639492511749268,0.2095116227865219
3343781069.0,-0.5251708626747131,0.2167894691228866,10.093822479248049,2.634436845779419,0.8229213953018188,0.0838738158345222
3343789402.0,-0.4255514740943908,-0.0047875456511974,9.958746910095217,2.4500911235809326,0.2449104934930801,0.0689663216471672
3343797735.0,-0.3757469654083252,-0.0925156772136688,9.748919486999512,2.654006242752075,0.6124748587608337,0.0733207538723945
3343806068.0,-0.4827194213867187,0.083192802965641,9.799158096313477,2.788326978683472,0.9609051942825316,0.1842816025018692
3343814401.0,-0.4910075962543487,0.133529245853424,10.050210952758787,2.658616781234741,0.9092413187026978,0.1145084276795387
3343822734.0,-0.4019623398780823,0.0200961641967296,10.032833099365234,2.581031322479248,0.2595362663269043,0.0166108310222625
3343831067.0,-0.280431717634201,-0.0649753212928772,9.77628231048584,2.632669448852539,0.2959340512752533,0.0357958935201168
3343839400.0,-0.3630586266517639,0.0593393445014953,9.75187873840332,2.7560019493103027,0.9940500259399414,0.0826187133789062
3343847733.0,-0.5615407824516296,0.1500914990901947,9.971389770507812,2.620246648788452,1.236924171447754,0.1051848530769348
3343856066.0,-0.5716674327850342,-0.0164289083331823,10.147500038146973,2.5448639392852783,0.5569431185722351,0.0404320731759071
3343864399.0,-0.4483899176120758,-0.1396554112434387,9.925253868103027,2.535130500793457,0.1246772855520248,-0.0433905124664306
3343872732.0,-0.3630792498588562,0.0135972956195473,9.787662506103516,2.8554623126983643,0.5679572820663452,0.0412004999816417
3343881065.0,-0.4347065687179565,0.228823572397232,9.895904541015623,2.856819629669189,0.9636971354484558,0.0698372200131416
3343889398.0,-0.4371054768562317,0.1601950079202652,10.063051223754885,2.659538745880127,0.7453101873397827,-0.0045593339018523
3343897731.0,-0.3330908715724945,-0.1012109294533729,9.951640129089355,2.4377195835113525,0.2493161559104919,-0.0461824685335159
3343906064.0,-0.3246691226959228,-0.1455448418855667,9.681607246398926,2.760381937026977,0.5914710760116577,0.0752930417656898
3343914397.0,-0.445797711610794,0.0723372995853424,9.829215049743652,2.942985773086548,1.1255534887313845,0.0808769464492797
3343922730.0,-0.5436541438102722,0.2256598770618438,10.04031753540039,2.6951937675476074,1.0755544900894165,0.0720656439661979
3343931063.0,-0.5082467794418335,0.032708317041397,10.067831039428713,2.5114119052886963,0.3945745229721069,-0.0590920411050319
3343939396.0,-0.407012790441513,-0.1133050993084907,9.806674003601074,2.400425434112549,0.2614573240280151,0.0491921417415142
3343947729.0,-0.438284307718277,-0.0197450295090675,9.738353729248049,2.7719852924346924,0.9589073657989502,0.1387138813734054
3343956062.0,-0.5186966061592102,0.1137916520237922,9.949414253234863,2.7271604537963867,0.9952539801597596,0.1059532910585403
3343964395.0,-0.4249464273452759,0.0098508205264806,10.040660858154297,2.576420545578003,0.4323810636997223,0.0052381111308932
3343972728.0,-0.2682871520519256,-0.1037767529487609,9.809440612792969,2.5482194423675537,0.0431215651333332,0.037588894367218
3343981061.0,-0.2811398804187774,-0.0350203439593315,9.669743537902832,2.712918758392334,0.8749438524246216,0.0776495561003685
3343989394.0,-0.5010378360748291,0.115843653678894,9.837127685546877,2.7704226970672607,1.2798537015914917,0.1430426985025406
3343997727.0,-0.5850029587745667,0.0234086345881223,10.044771194458008,2.6501896381378174,0.8832940459251404,0.0775470957159996
3344006060.0,-0.5088781118392944,-0.1517117768526077,9.950451850891112,2.570990562438965,0.2162738144397735,-0.034169390797615
3344014393.0,-0.3972735404968261,-0.1059218198060989,9.75795078277588,2.816298007965088,0.4457773268222809,-0.0065060155466198
3344022726.0,-0.4421831369400024,0.1606555730104446,9.806428909301758,2.967473268508911,1.0171796083450315,0.215735912322998
3344031059.0,-0.4690761268138885,0.2119882553815841,10.015997886657717,2.7327702045440674,0.914850890636444,0.1051336377859115
3344039392.0,-0.3962376713752746,-0.038143552839756,9.97355842590332,2.4657416343688965,0.3005958497524261,0.0998571068048477
3344047725.0,-0.3026826381683349,-0.1709828972816467,9.710994720458984,2.583644151687622,0.557327389717102,0.0177890881896018
3344056058.0,-0.3788261115550995,-0.0017354616429656,9.75766944885254,2.958149671554565,0.999505877494812,0.036999762058258
3344064391.0,-0.5350069403648376,0.2042277157306671,9.973886489868164,2.8966243267059326,1.1880009174346924,0.0427373461425304
3344072724.0,-0.5144543647766113,0.1223700940608978,10.134718894958496,2.6219115257263184,0.6989485025405884,0.0424555949866771
3344081057.0,-0.4154217839241028,-0.0837936624884605,9.901341438293455,2.678365468978882,0.3986983895301819,0.016687674447894
3344089390.0,-0.4022173881530761,-0.0531981140375137,9.741291046142578,2.7140204906463623,0.7854477763175964,0.1482167840003967
3344097723.0,-0.548861026763916,0.0927772000432014,9.900283813476562,2.9039242267608643,1.114897847175598,0.1488058716058731
3344106056.0,-0.5032262206077576,0.095271922647953,10.084978103637695,2.712432384490967,0.6228742003440857,0.1114859655499458
3344114389.0,-0.3391265571117401,-0.0257662739604711,9.93035888671875,2.5862820148468018,0.0873829647898674,0.083233468234539
3344122722.0,-0.2559269964694977,-0.0119926864281296,9.720903396606444,2.7981631755828857,0.5203916430473328,0.088048942387104
3344131055.0,-0.4273842871189117,0.1319282203912735,9.800843238830566,2.9116342067718506,1.2587730884552002,0.0859997943043708
3344139388.0,-0.60546875,0.100795529782772,10.054852485656738,2.7324883937835693,1.1494261026382446,0.2522105872631073
3344147721.0,-0.52765953540802,-0.078909732401371,10.093250274658203,2.6582326889038086,0.2868410348892212,0.0031121296342462
3344156054.0,-0.3814809620380401,-0.1119252368807792,9.836992263793944,2.728338718414306,0.2903757989406585,0.0466563291847705
3344164387.0,-0.3917409181594848,0.1172098219394683,9.790468215942385,2.960070848464966,0.7776097059249878,-0.0147538008168339
3344172720.0,-0.46438929438591,0.2813719511032104,9.961278915405272,2.848315954208374,0.9449987411499025,0.0115648275241255
3344181053.0,-0.4079498946666717,0.1069427654147148,10.070456504821776,2.547502040863037,0.6389342546463013,0.1112554222345352
3344189386.0,-0.317191332578659,-0.1526793837547302,9.811979293823242,2.432391881942749,0.37387815117836,0.0975262075662612
3344197719.0,-0.3347788751125335,-0.0742100775241851,9.698659896850586,2.787071704864502,0.7429792881011963,-0.0213366579264402
3344206052.0,-0.488400399684906,0.1857106983661651,9.871342658996582,2.9601986408233643,1.1216601133346558,0.0088753327727317
3344214385.0,-0.5382785797119141,0.207209825515747,10.086663246154783,2.6064915657043457,0.7484607696533203,0.0120258834213018
3344222718.0,-0.4552583396434784,-0.0038893762975931,9.975284576416016,2.4357476234436035,0.2538498938083648,0.0509595237672328
3344231051.0,-0.3782984614372253,-0.0812790095806121,9.740450859069824,2.673139810562134,0.4590967297554016,0.0954002067446708
3344239384.0,-0.4571504592895508,0.0803813487291336,9.807056427001951,2.8479316234588623,1.0486596822738647,0.100215695798397
3344247717.0,-0.4606561660766601,0.1476480513811111,10.023242950439451,2.7069761753082275,1.0200741291046145,0.0944781079888343
3344256050.0,-0.3589178025722503,0.0135682523250579,9.989654541015623,2.623704671859741,0.1740871518850326,0.1548764705657959
3344264383.0,-0.2423735558986663,-0.0711103752255439,9.768792152404783,2.626112461090088,0.3500313460826874,0.0341821983456611
3344272716.0,-0.3424893617630005,0.0495765879750251,9.70809268951416,2.76673436164856,1.0325483083724976,0.0796730816364288
3344281049.0,-0.5490003228187561,0.1164317801594734,9.964849472045898,2.728902101516724,1.2741671800613403,0.1587186008691787
3344289382.0,-0.5943759679794312,0.0120679410174489,10.071090698242188,2.543813467025757,0.7213096022605896,0.0829773098230362
3344297715.0,-0.4580595195293426,-0.2001333236694336,9.905280113220217,2.605620861053467,0.1169674172997474,0.0274200402200222
3344306048.0,-0.3942107260227203,-0.0290554445236921,9.731843948364258,2.788865089416504,0.5584543347358704,-0.069901242852211
3344314381.0,-0.4295479655265808,0.2349196970462799,9.868371963500977,2.888990879058838,1.0769888162612915,0.0886380448937416
3344322714.0,-0.4573345780372619,0.1777588725090026,10.0665864944458,2.6403794288635254,0.8781712055206299,-0.0424171723425388
3344331047.0,-0.3479659259319305,-0.1035963743925094,9.909989356994627,2.44079327583313,0.2671692669391632,0.1141242310404777
3344339380.0,-0.3353441953659057,-0.164015918970108,9.72164249420166,2.6662497520446777,0.5680084824562073,0.1009328961372375
3344347713.0,-0.4635955393314361,0.098871611058712,9.770000457763672,2.8602523803710938,1.0906670093536377,0.1605884432792663
3344356046.0,-0.5588051080703735,0.1799148619174957,10.068071365356444,2.754337310791016,0.9797572493553162,0.1592052727937698
3344364379.0,-0.5108857750892639,0.0753147974610328,10.08396053314209,2.5176360607147217,0.4190361201763153,0.0118209701031446
3344372712.0,-0.4210923016071319,-0.1237547919154167,9.857650756835938,2.584822177886963,0.3564093112945556,0.075062520802021
3344381045.0,-0.4309681355953216,-0.0127792079001665,9.776182174682615,2.8103299140930176,0.8217430710792542,0.0844373181462287
3344389378.0,-0.5261938571929932,0.1107032001018524,9.97084903717041,2.835457563400269,1.0843145847320557,0.0627420619130134
3344397711.0,-0.4564867317676544,0.0560547225177288,10.05872917175293,2.5933258533477783,0.5215955376625061,0.0511132106184959
3344406044.0,-0.2826001644134521,-0.0813911408185958,9.863624572753906,2.565201759338379,0.0787765756249427,0.0396124124526977
3344414377.0,-0.2985889613628387,-0.0139197492972016,9.67447280883789,2.8299503326416016,0.8422601222991943,0.0379474908113479
3344422710.0,-0.4958162605762481,0.1376215070486068,9.845664024353027,2.851133346557617,1.3994721174240112,0.063331201672554
3344431043.0,-0.6145336031913757,0.0508094057440757,10.047154426574709,2.7396605014801025,0.9748137593269348,0.0728853121399879
3344439376.0,-0.5326952934265137,-0.116838052868843,10.0380277633667,2.6056466102600098,0.3637349605560303,0.0
3344447709.0,-0.3955495655536651,-0.1076953411102294,9.7810697555542,2.8199350833892822,0.3547187447547912,0.0301607642322778
3344456042.0,-0.3962649703025818,0.1661486029624939,9.794851303100586,2.9358394145965576,0.948559045791626,0.0728340744972229
3344464375.0,-0.4486004114151001,0.2687368094921112,10.00845718383789,2.668196678161621,0.969998300075531,0.182411789894104
3344472708.0,-0.3880642652511596,0.0345648117363452,10.009309768676758,2.541738986968994,0.3580742180347442,0.0375376641750335
3344481041.0,-0.2883229553699493,-0.160110056400299,9.74039363861084,2.7399163246154785,0.4251835346221924,-0.0049179336056113
3344489374.0,-0.3815556168556213,-0.0272378325462341,9.726933479309082,2.87833571434021,0.9401065111160278,0.0946830213069915
3344497707.0,-0.5176236033439636,0.2297554463148117,9.946158409118652,2.903719425201416,1.1930983066558838,0.1699376404285431
3344506040.0,-0.5244931578636169,0.1618175953626632,10.144365310668944,2.699394464492798,0.6144214868545532,0.0449145622551441
3344514373.0,-0.4198580682277679,-0.0229570530354976,9.945560455322266,2.497119188308716,0.2777223587036133,0.0717838928103447
3344522706.0,-0.3916037678718567,-0.0459903739392757,9.741127014160156,2.706899642944336,0.7001780271530151,0.0479370467364788
3344531039.0,-0.4811575412750244,0.103141151368618,9.887158393859863,2.78625226020813,1.0547300577163696,0.1648147851228714
3344539372.0,-0.4694558680057525,0.1300300806760788,9.99579620361328,2.706361532211304,0.7456944584846497,0.0819271281361579
3344547705.0,-0.3143844604492187,-0.0161740723997354,9.977563858032228,2.516432285308838,0.2617390751838684,0.0234754495322704
3344556038.0,-0.2274331003427505,-0.048536654561758,9.649601936340332,2.6564650535583496,0.4072535037994385,0.0596683584153652
3344564371.0,-0.3818325400352478,0.0950072184205055,9.770891189575195,2.7436559200286865,1.13605535030365,0.1073364540934562
3344572704.0,-0.5825693607330322,0.141038566827774,10.008796691894531,2.659820318222046,1.2561603784561155,0.1436062008142471
3344581037.0,-0.5593444108963013,-0.0321268737316131,10.097030639648438,2.51430606842041,0.4024380445480346,0.0787509605288505
3344589370.0,-0.4248362779617309,-0.1316816806793213,9.882275581359863,2.62862229347229,0.1960641592741012,0.0720912516117096
3344597703.0,-0.3555729985237121,0.0703878551721572,9.771563529968262,2.886480569839477,0.6819661259651184,0.0554932355880737
3344606036.0,-0.4547488391399383,0.238678440451622,9.94444465637207,2.831128597259521,1.0092393159866333,0.0841555669903755
3344614369.0,-0.4377867877483368,0.1214149892330169,10.068930625915527,2.567225217819214,0.6149337887763977,0.1521101593971252
3344622702.0,-0.3499874174594879,-0.1266399174928665,9.867155075073242,2.516637086868286,0.2694489359855652,0.0529574304819107
3344631035.0,-0.3374276757240295,-0.1212161779403686,9.708145141601562,2.7743422985076904,0.6397539377212524,0.0386903025209903
3344639368.0,-0.4992316663265228,0.1481640934944152,9.878032684326172,2.863325357437134,1.217124342918396,0.1290316879749298
3344647701.0,-0.569409966468811,0.1662537008523941,10.119976997375488,2.7347676753997803,0.7857294082641602,0.0899187698960304
3344656034.0,-0.4932799637317657,-0.0343443192541599,10.016258239746094,2.509772539138794,0.252569168806076,0.0654315650463104
3344664367.0,-0.4114854037761688,-0.1321382671594619,9.79300308227539,2.662663698196411,0.3799487352371216,0.1291341632604599
3344672700.0,-0.4666421115398407,0.0217447988688945,9.779767990112305,2.737995386123657,0.9570631980895996,0.2218064814805984
3344681033.0,-0.5288309454917908,0.1162497848272323,9.981718063354492,2.755873680114746,1.020970582962036,0.0838481932878494
3344689366.0,-0.4163487255573272,0.0103641431778669,10.030218124389648,2.556492805480957,0.1650709509849548,0.0410980395972728
3344697699.0,-0.2649125754833221,-0.0859101414680481,9.753939628601074,2.681925773620605,0.3259283304214477,0.059284146875143
3344706032.0,-0.361278235912323,-0.0078423721715807,9.69578742980957,2.77925992012024,1.0759131908416748,0.1314906775951385
3344714365.0,-0.5503588914871216,0.1014888286590576,9.925010681152344,2.905742883682251,1.2858474254608154,0.0768555179238319
3344722698.0,-0.5987239480018616,-0.0177423655986785,10.126818656921388,2.6063122749328613,0.6792510747909546,0.0170975010842084
3344731031.0,-0.4404360949993133,-0.1726932674646377,9.965371131896973,2.662894487380981,0.1613056510686874,0.0209396369755268
3344739364.0,-0.3530208170413971,-0.0684283822774887,9.729372024536133,2.766196250915528,0.4494145512580871,0.0663280710577964
3344747697.0,-0.3890282809734344,0.176131010055542,9.865534782409668,2.897034168243408,1.1665619611740112,0.0886636823415756
3344756030.0,-0.4048936665058136,0.1801778674125671,10.01525592803955,2.7569239139556885,0.7548386454582214,0.0262930113822221
3344764363.0,-0.3375949263572693,-0.0697959288954734,9.972149848937988,2.4529855251312256,0.2695001661777496,0.0446584150195121
3344772696.0,-0.274865061044693,-0.1773246824741363,9.73182773590088,2.7399163246154785,0.4463921189308166,0.0957075953483581
3344781029.0,-0.4096437990665436,0.0531067959964275,9.79470443725586,2.8748011589050293,0.9934865832328796,0.1663260459899902
3344789362.0,-0.5365499258041382,0.2088270038366317,10.048060417175291,2.7913241386413574,0.9864683151245116,0.1103589460253715
3344797695.0,-0.4870133697986603,0.0720397308468818,10.113123893737791,2.568634033203125,0.4675494432449341,0.0625371560454368
3344806028.0,-0.3624620139598846,-0.0921713933348655,9.843961715698242,2.5682239532470703,0.1382272094488144,0.0799292176961898
3344814361.0,-0.3891317844390869,-0.0094836922362446,9.739534378051758,2.872239589691162,0.8310922980308533,0.1814896613359451
3344822694.0,-0.4683471322059631,0.133241668343544,9.956554412841797,2.7878406047821045,1.151628851890564,0.1065936461091041
3344831027.0,-0.41949462890625,0.1034782975912094,10.058393478393556,2.640482187271118,0.5337879061698914,0.0967833921313285
3344839360.0,-0.2696931362152099,-0.0564457774162292,9.879501342773438,2.650241136550904,0.0038293283432722,0.0436594635248184
3344847693.0,-0.2826583385467529,-0.0047243000008165,9.70254135131836,2.7889163494110107,0.7316834330558777,0.0182757563889026
3344856026.0,-0.4693752825260162,0.1441738307476043,9.861932754516602,2.877259969711304,1.4074381589889526,0.0822601169347763
3344864359.0,-0.5949168801307678,0.0866192355751991,10.096267700195312,2.6830527782440186,1.034955978393555,0.1575403362512588
3344872692.0,-0.5395170450210571,-0.0796167030930519,10.044095993041992,2.551241874694824,0.2979063689708709,-0.0492561720311641
3344881025.0,-0.3888373374938965,-0.0913983210921287,9.838748931884766,2.746166229248047,0.3428080976009369,-0.0083502400666475
3344889358.0,-0.3949162662029266,0.1675029993057251,9.798483848571776,2.9074082374572754,0.9546810388565063,0.112177550792694
3344897691.0,-0.4513441622257232,0.2623077630996704,9.992401123046877,2.825390815734864,0.8909527063369751,0.0647655948996543
3344906024.0,-0.4164178967475891,0.0607468113303184,9.998180389404297,2.5335426330566406,0.4663711786270141,0.1135863289237022
3344914357.0,-0.3505110442638397,-0.1573488116264343,9.776703834533691,2.561129093170166,0.2835880219936371,0.1284169703722
3344922690.0,-0.3973744511604309,-0.022496810182929,9.697134971618652,2.754209280014038,0.9845728278160096,0.1040322259068489
3344931023.0,-0.5771217942237854,0.188985213637352,9.940208435058594,2.8386590480804443,1.1563929319381714,-0.0207731444388628
3344939356.0,-0.5969484448432922,0.1761957854032516,10.133294105529783,2.6685807704925537,0.6382427215576172,0.0627164617180824
3344947689.0,-0.4772873818874359,-0.0417334362864494,9.922781944274902,2.495556592941284,0.1977547109127044,0.09847392141819
3344956022.0,-0.4098816812038421,-0.0711481049656868,9.748455047607422,2.653468132019043,0.6007177829742432,-0.0171359218657016
3344964355.0,-0.4785394370555877,0.110213316977024,9.807235717773438,2.871855497360229,1.0449968576431274,0.1931953877210617
3344972688.0,-0.4678879976272583,0.1345297992229461,10.053044319152832,2.683155298233032,0.9027865529060364,0.0118209701031446
3344981021.0,-0.3308611214160919,0.0041482611559331,9.91744899749756,2.461515188217163,0.1486778408288955,-0.0160857401788234
3344989354.0,-0.2717040479183197,-0.0782916769385337,9.71121311187744,2.717478036880493,0.3992106318473816,0.0419689267873764
3344997687.0,-0.4254121780395508,0.0808385238051414,9.705467224121094,2.7445783615112305,1.17516827583313,0.0392538197338581
3345006020.0,-0.6355403661727905,0.1199396178126335,10.01557731628418,2.7219603061676025,1.1388473510742188,0.1620228439569473
3345014353.0,-0.5863054990768433,-0.0325596816837787,10.068351745605469,2.51643180847168,0.4554082453250885,0.0072872499004006
3345022686.0,-0.4309691488742828,-0.1782349497079849,9.857011795043944,2.6456048488616943,0.1417876034975052,0.0309804175049066
3345031019.0,-0.3485487699508667,0.0376604311168193,9.744378089904783,2.873417615890503,0.7131386995315552,0.0989606007933616
3345039352.0,-0.4091959595680237,0.2170722931623459,9.904181480407717,2.768578290939331,1.048403263092041,0.0770860388875007
3345047685.0,-0.3805126249790191,0.1178116053342819,10.00662326812744,2.621834754943848,0.7133692502975464,-0.0023565096780657
3345056018.0,-0.2646064758300781,-0.1536960750818252,9.87549877166748,2.5634853839874268,0.3084850311279297,0.0070567219518125
3345064351.0,-0.3048414587974548,-0.1257942765951156,9.709477424621582,2.6960904598236084,0.6070957779884338,0.0024461592547595
3345072684.0,-0.4530960023403168,0.1306340992450714,9.895676612854004,2.89631724357605,1.1016299724578855,0.0822601243853569
3345081017.0,-0.5403972268104553,0.2043665796518325,10.097103118896484,2.715736627578736,0.8324498534202576,0.2242654412984848
3345089350.0,-0.4545786380767822,0.0340731181204319,10.093091011047363,2.535361051559448,0.3188588321208954,0.1055946946144104
3345097683.0,-0.3492129743099212,-0.0858752429485321,9.823670387268066,2.5309042930603027,0.3795389235019684,-0.0522786527872085
3345106016.0,-0.4154179692268371,0.0222005303949117,9.799847602844238,2.7811038494110107,1.059648036956787,0.0336186811327934
3345114349.0,-0.4700062572956085,0.1339265555143356,9.97975730895996,2.7287485599517822,1.058111310005188,0.0817478373646736
3345122682.0,-0.390909880399704,0.0007781994645483,10.057345390319824,2.544787168502808,0.403027206659317,-0.0248201955109834
3345131015.0,-0.2589016854763031,-0.0917165949940681,9.81215000152588,2.617966651916504,0.3682430386543274,0.0148178339004516
3345139348.0,-0.3195688426494598,0.0065767965279519,9.718241691589355,2.8140437602996826,0.8107033371925354,0.0852313637733459
3345147681.0,-0.4977794289588928,0.1424391120672226,9.915555000305176,2.8453190326690674,1.2650742530822754,0.1199898943305015
3345156014.0,-0.5710695385932922,0.0325179956853389,10.109297752380373,2.572783708572388,0.7612423300743103,0.1091038435697555
3345164347.0,-0.470434308052063,-0.1614463180303573,9.948680877685549,2.6098217964172363,0.202775090932846,-0.007453741505742
3345172680.0,-0.3726885914802551,-0.1056453436613082,9.742670059204102,2.8184497356414795,0.6371925473213196,-0.0368845015764236
3345181013.0,-0.4327475726604461,0.1584244072437286,9.81735134124756,2.9731338024139404,1.0649758577346802,0.0226301755756139
3345189346.0,-0.4976474046707153,0.1781831383705139,9.982065200805664,2.694067001342773,0.9299376010894777,0.0597708187997341
3345197679.0,-0.4007842242717743,-0.0678083226084709,9.992176055908203,2.496427536010742,0.3030548393726349,0.0619224160909652
3345206012.0,-0.3182719647884369,-0.1896294504404068,9.702338218688965,2.704235553741455,0.3580741584300995,0.1168393269181251
3345214345.0,-0.4277319312095642,0.0193048268556594,9.752439498901367,2.841886281967163,1.1345185041427612,0.1864076107740402
3345222678.0,-0.51511150598526,0.2134137898683548,10.00918197631836,2.920189619064331,1.0867736339569092,0.1151487976312637
3345231011.0,-0.5176262855529785,0.1035063341259956,10.101478576660156,2.5976037979125977,0.4776158034801483,0.0894064903259277
3345239344.0,-0.4264427721500397,-0.1059161946177482,9.903650283813477,2.589022397994995,0.2942435145378113,0.0929668620228767
3345247677.0,-0.4165249168872833,-0.0557512678205966,9.747069358825684,2.7362277507781982,0.8367785811424255,0.0347457081079483
3345256010.0,-0.535190224647522,0.1128723844885826,9.899685859680176,2.8753390312194824,1.0533469915390017,0.1310040056705474
3345264343.0,-0.5057881474494934,0.1063751354813575,10.07997703552246,2.701392412185669,0.5041266083717346,0.0614357441663742
3345272676.0,-0.3356111943721771,-0.0607402063906192,9.920111656188965,2.5301613807678223,0.2036459743976593,0.0207091104239225
3345281009.0,-0.2935916185379028,-0.0647223517298698,9.723523139953612,2.765786409378052,0.5954669713973999,0.0816197544336319
3345289342.0,-0.4446238875389099,0.0824208334088325,9.820807456970217,2.8724188804626465,1.3066462278366089,0.0957844331860542
3345297675.0,-0.5631877183914185,0.1056220754981041,10.08875846862793,2.753620147705078,1.0771939754486084,0.0844629481434822
3345306008.0,-0.4905170500278473,-0.0600340850651264,10.0591402053833,2.657489776611328,0.2043887972831726,-0.0939530134201049
3345314341.0,-0.3521529734134674,-0.1138249635696411,9.799098014831545,2.8039262294769287,0.2476768493652343,0.0478602014482021
3345322674.0,-0.3544075489044189,0.1306382566690445,9.7672758102417,2.956536054611206,0.92384135723114,-0.014779414050281
3345331007.0,-0.4503615498542785,0.2571516036987304,9.963040351867676,2.8735456466674805,1.0462006330490112,0.0365899391472339
3345339340.0,-0.4277909398078918,0.0755760595202446,10.039860725402832,2.6213481426239014,0.5924444794654846,0.0662256106734275
3345347673.0,-0.3292852938175201,-0.1432327777147293,9.84244155883789,2.560283899307251,0.3867877721786499,0.0506777688860893
3345356006.0,-0.3228500783443451,-0.0472352541983127,9.729350090026855,2.887633800506592,0.8055293560028076,0.0787509605288505
3345364339.0,-0.4822095930576324,0.2048486769199371,9.899261474609377,2.9728267192840576,1.1533193588256836,0.1415314525365829
3345372672.0,-0.5141417980194092,0.2539090812206268,10.09535789489746,2.6963980197906494,0.8160054683685303,0.050165481865406
3345381005.0,-0.4259213209152221,0.0068600890226662,9.959372520446776,2.526780128479004,0.3985190391540527,-0.051561452448368
3345389338.0,-0.3768593072891235,-0.0674905478954315,9.726262092590332,2.615072727203369,0.5045364499092102,0.0786997452378273
3345397671.0,-0.4708349406719208,0.0974389836192131,9.77866268157959,2.87134313583374,1.0875164270401,0.133693516254425
3345406004.0,-0.5115523934364319,0.1697274446487426,10.012115478515623,2.5910720825195312,0.895102322101593,-0.0275609195232391
3345414337.0,-0.3973924219608307,0.0331828966736793,10.022632598876951,2.604647636413574,0.2053108960390091,0.0024717736523598
3345422670.0,-0.267604261636734,-0.0579154007136821,9.770121574401855,2.749905586242676,0.2908112406730652,0.1231148317456245
3345431003.0,-0.3538553118705749,0.0722190141677856,9.705416679382324,2.7312331199646,0.9451522827148438,0.1821556240320205
3345439336.0,-0.5453460216522217,0.1715166568756103,9.925336837768556,2.704901695251465,1.2396137714385986,0.1004718467593193
3345447669.0,-0.5511445999145508,0.0101862233132123,10.0919771194458,2.582414388656616,0.5488489866256714,-0.028252501040697
3345456002.0,-0.4111281931400299,-0.1142200231552124,9.915749549865724,2.51599669456482,0.1965252310037613,0.0721937268972396
3345464335.0,-0.3542484641075134,0.0215230248868465,9.738722801208496,2.667966365814209,0.689317524433136,0.1164807379245758
3345472668.0,-0.4605953693389892,0.2428828626871109,9.874263763427734,2.802671194076538,1.1200720071792605,0.1505988836288452
3345481001.0,-0.4913548231124878,0.1738623231649398,10.047158241271973,2.606209754943848,0.8942825198173523,0.0838481932878494
3345489334.0,-0.4188277721405029,-0.0760142654180526,9.938776016235352,2.36374568939209,0.2074624896049499,0.1361524611711502
3345497667.0,-0.3388194143772125,-0.1442164480686187,9.71391487121582,2.6281867027282715,0.6085557341575623,-0.0296100545674562
3345506000.0,-0.4405645132064819,0.0813004001975059,9.810199737548828,2.9390668869018555,1.1067014932632446,0.0994472652673721
3345514333.0,-0.5171812772750854,0.2256157100200653,10.081639289855955,2.8013904094696045,1.0702778100967407,0.0519328564405441
3345522666.0,-0.4776721000671386,0.048595692962408,10.10157299041748,2.5056228637695312,0.2939873933792114,0.0108220148831605
3345530999.0,-0.3716872632503509,-0.1299841552972793,9.865066528320312,2.4394357204437256,0.2834855616092682,0.0030352869071066
3345539332.0,-0.4269802868366241,-0.0443128161132335,9.804810523986816,2.689328193664551,0.9000457525253296,0.1245492100715637
3345547665.0,-0.5126129984855652,0.119401566684246,9.9482421875,2.7670161724090576,1.0199460983276367,0.033029556274414
3345555998.0,-0.4459925889968872,0.0427989028394222,10.093916893005373,2.608515739440918,0.4456492960453033,0.0186087433248758
3345564331.0,-0.2738411426544189,-0.1017167866230011,9.853426933288574,2.5817997455596924,0.0732951313257217,0.0488591566681861
3345572664.0,-0.2633591592311859,-0.0628635287284851,9.69904899597168,2.727339506149292,0.6635496020317078,0.0144336204975843
3345580997.0,-0.4697892963886261,0.0754028409719467,9.861119270324709,2.855923175811768,1.4396864175796509,0.1298001259565353
3345589330.0,-0.5698263645172119,0.0064081577584147,10.096135139465332,2.6302621364593506,0.986750066280365,0.028393380343914
3345597663.0,-0.4971330165863037,-0.1516409665346145,9.989330291748049,2.6279821395874023,0.1513417214155197,-0.0320946387946605
3345605996.0,-0.364093154668808,-0.1473903954029083,9.767144203186035,2.739480972290039,0.3950867652893066,0.0178659297525882
3345614329.0,-0.3739670813083648,0.1071721091866493,9.792799949645996,2.9391183853149414,0.9948440790176392,0.1869710981845855
3345622662.0,-0.4430211782455444,0.2213400453329086,9.98031520843506,2.83914566040039,1.0151816606521606,0.0840787217020988
3345630995.0,-0.4038954079151153,-0.0223875883966684,10.002391815185549,2.480623483657837,0.5214417576789856,0.1344875395298004
3345639328.0,-0.2978222072124481,-0.2015206813812255,9.736783027648926,2.689866304397583,0.3568447232246399,-0.0731542631983757
3345647661.0,-0.3418970108032226,-0.0291107967495918,9.717555046081545,2.930460929870605,0.8714603781700134,0.0951696932315826
3345655994.0,-0.51273113489151,0.2194962352514267,9.935294151306152,2.9062294960021973,1.2616674900054932,0.186381995677948
3345664327.0,-0.5212100744247437,0.1443927884101867,10.12538719177246,2.6212198734283447,0.7699254155158997,0.1410703957080841
3345672660.0,-0.4219467043876648,-0.0827177464962005,9.89651870727539,2.5832343101501465,0.3858912885189056,-0.0078123426064848
3345680993.0,-0.378238320350647,-0.0608293861150741,9.74595832824707,2.713866710662842,0.7601920962333679,-0.0047642481513321
3345689326.0,-0.5069900751113892,0.0807762742042541,9.841373443603516,2.7474727630615234,1.134774684906006,0.1101027876138687
3345697659.0,-0.4695863127708435,0.160085842013359,10.039654731750488,2.789146900177002,0.7973583340644836,0.1126898378133773
3345705992.0,-0.3373174965381622,-0.0001909198472276,9.919537544250488,2.53139066696167,0.0850264504551887,0.0688894838094711
3345714325.0,-0.2589800953865051,-0.0376834124326705,9.70398998260498,2.6784422397613525,0.4175248444080353,0.0536746270954608
3345722658.0,-0.4015432298183441,0.1218566447496414,9.756950378417969,2.893038034439087,1.3187615871429443,0.1021111458539962
3345730991.0,-0.6148080229759216,0.1344173401594162,10.011316299438477,2.7690911293029785,1.3280596733093262,0.1430683135986328
3345739324.0,-0.5724021196365356,-0.0381038039922714,10.118602752685549,2.6738829612731934,0.489705741405487,0.0391513593494892
3345747657.0,-0.4357448816299438,-0.1011211425065994,9.86531925201416,2.7463200092315674,0.2023396641016006,0.0539307780563831
3345755990.0,-0.371697187423706,0.1199424713850021,9.76817226409912,2.915194511413574,0.8091664910316467,-0.0002049138711299
3345764323.0,-0.4356518387794494,0.2983293235301971,9.963787078857422,2.8726749420166016,1.2191991806030271,0.1470385193824768
3345772656.0,-0.4656232595443725,0.114183634519577,10.063408851623535,2.6039559841156006,0.653534471988678,0.028060395270586
3345780989.0,-0.3606313467025757,-0.125074490904808,9.89429759979248,2.5626912117004395,0.3034390211105346,0.1277766227722168
3345789322.0,-0.3513239622116089,-0.0922107622027397,9.700852394104004,2.772394895553589,0.6683394312858582,0.02329614572227
3345797655.0,-0.4878060519695282,0.1700297147035598,9.883641242980955,2.968395233154297,1.1902551651000977,0.0952465385198593
3345805988.0,-0.5559167265892029,0.2267364114522934,10.111913681030272,2.6124086380004883,0.9960992336273192,0.0617431178689003
3345814321.0,-0.4608186185359955,0.0442852973937988,10.03491497039795,2.4128737449646,0.2721640765666961,-0.0018186108209192
3345822654.0,-0.3955110609531402,-0.1009258329868316,9.798433303833008,2.542021036148072,0.5181375741958618,0.0795194059610366
3345830987.0,-0.4370791912078857,0.0230512600392103,9.79173755645752,2.851722717285156,1.0106481313705444,0.1185298785567283
3345839320.0,-0.501204788684845,0.1228954568505287,10.01815414428711,2.7373294830322266,0.8734070062637329,0.0091314753517508
3345847653.0,-0.4122262299060821,0.0229004099965095,10.046539306640623,2.495607614517212,0.3776690661907196,0.0398941710591316
3345855986.0,-0.2612707018852234,-0.071764163672924,9.784826278686523,2.5672762393951416,0.1987024247646331,0.0805183500051498
3345864319.0,-0.3031410574913025,0.0191467367112636,9.719653129577637,2.701418161392212,0.8949742913246155,0.0669684186577797
3345872652.0,-0.5086911916732788,0.1260484904050827,9.905120849609377,2.8117387294769287,1.2948124408721924,0.0177378579974174
3345880985.0,-0.561428427696228,-0.0130425756797194,10.110758781433104,2.667786836624145,0.7163918018341064,0.1469873040914535
3345889318.0,-0.4394127428531647,-0.1501577496528625,9.929737091064451,2.6695284843444824,0.1735492497682571,0.1065680235624313
3345897651.0,-0.3515338599681854,-0.0594681315124034,9.741348266601562,2.7907865047454834,0.4893984198570251,0.0700421333312988
3345905984.0,-0.4236381351947784,0.2100472748279571,9.84255599975586,2.9003381729125977,1.1200977563858032,0.048065111041069
3345914317.0,-0.4494290649890899,0.1786423176527023,10.002169609069824,2.729440212249756,0.86134272813797,0.0235010627657175
3345922650.0,-0.3788706660270691,-0.0881453305482864,9.944927215576172,2.3445606231689453,0.2718822956085205,0.0624346919357776
3345930983.0,-0.3153724074363708,-0.1948417872190475,9.671257019042969,2.688406229019165,0.5357601642608643,-0.0043544201180338
3345939316.0,-0.4361380338668823,0.0194604825228452,9.737820625305176,2.87236762046814,1.1167166233062744,0.0882538482546806
3345947649.0,-0.5445123910903931,0.2196505516767501,9.968783378601074,2.8503646850585938,1.0218158960342407,0.0022668598685413
3345955982.0,-0.5027325749397278,0.0798939764499664,10.106359481811523,2.5032408237457275,0.5227481722831726,-0.0220794696360826
3345964315.0,-0.4027871787548065,-0.1074288338422775,9.832816123962402,2.562563419342041,0.2893256247043609,-0.0277658328413963
3345972648.0,-0.4326643943786621,-0.0760308057069778,9.75844669342041,2.733692169189453,0.7712574601173401,0.0750112906098365
3345980981.0,-0.5134404301643372,0.1116493493318557,9.909600257873535,2.702826738357544,1.04066801071167,0.0867426097393035
3345989314.0,-0.4668571949005127,0.0664727240800857,10.042802810668944,2.689891576766968,0.5903952717781067,0.0460928156971931
3345997647.0,-0.3154334127902984,-0.0711658298969268,9.896073341369627,2.5332608222961426,0.1819763332605362,0.0735000520944595
3346005980.0,-0.275469571352005,-0.0432549118995666,9.685123443603516,2.734870195388794,0.8041717410087585,0.0791864097118377
3346014313.0,-0.4545871913433075,0.1111406087875366,9.892414093017578,2.8316664695739746,1.2865389585494995,0.125906765460968
3346022646.0,-0.6055473685264587,0.0635610446333885,10.05758571624756,2.7431180477142334,1.023711323738098,0.1248821914196014
3346030979.0,-0.5191500782966614,-0.1293604224920272,10.072425842285156,2.5987560749053955,0.266323983669281,0.0167901311069726
3346039312.0,-0.3835469186306,-0.1222429201006889,9.825313568115234,2.735459327697754,0.3311024010181427,0.0808513313531875
3346047645.0,-0.383643239736557,0.1410488486289978,9.8276948928833,2.918959617614746,0.9873390793800354,0.0167645160108804
3346055978.0,-0.4531007707118988,0.242209255695343,10.00128173828125,2.8551547527313232,0.9971237182617188,0.0931461602449417
3346064311.0,-0.4134737253189087,0.0060402010567486,9.999377250671388,2.4945576190948486,0.418908029794693,0.0288544371724128
3346072644.0,-0.3401514887809753,-0.1782536804676056,9.805474281311035,2.583643913269043,0.3587401807308197,0.0951953008770942
3346080977.0,-0.3514455258846283,-0.0377580821514129,9.751418113708496,2.8192434310913086,0.8239971399307251,0.087408572435379
3346089310.0,-0.5133639574050903,0.188968613743782,9.964387893676758,2.897546529769897,1.1129257678985596,0.0836945250630378
3346097643.0,-0.5248637795448303,0.2024243324995041,10.129055976867676,2.575806140899658,0.6207225322723389,-0.0203633178025484
3346105976.0,-0.4417140781879425,-0.0187150221318006,9.95298194885254,2.408980369567871,0.2853297889232635,0.0705800279974937
3346114309.0,-0.3886109590530395,-0.0637252852320671,9.77265167236328,2.699112892150879,0.6867560744285583,0.0452219322323799
3346122642.0,-0.4886002540588379,0.093403473496437,9.817313194274902,2.813966989517212,1.1294724941253662,0.1753422617912292
3346130975.0,-0.5018795132637024,0.1636064499616623,10.060009002685549,2.693682909011841,0.8450776934623718,0.0473223030567169
3346139308.0,-0.3331324458122253,0.009961730800569,9.942910194396973,2.407828092575073,0.2201159447431564,0.0548272728919982
3346147641.0,-0.2283925414085388,-0.0509965382516384,9.754050254821776,2.6425821781158447,0.4136314392089844,0.0201712101697921
3346155974.0,-0.3592352569103241,0.1041293293237686,9.739171981811523,2.855334043502808,1.0959434509277344,0.0239621140062809
3346164307.0,-0.5590779781341553,0.145723283290863,9.986198425292969,2.74949598312378,1.2835164070129397,0.179312452673912
3346172640.0,-0.5519104599952698,-0.0286499038338661,10.099247932434082,2.6235511302948,0.6234633326530457,-0.0297637432813644
3346180973.0,-0.4226792156696319,-0.1322193294763565,9.858159065246582,2.5864102840423584,0.1730369627475738,-0.0515102259814739
3346189306.0,-0.3602753281593323,0.0550901480019092,9.789777755737305,2.867270469665528,0.737677276134491,0.1322334855794906
3346197639.0,-0.4543878734111786,0.2815038561820984,9.880138397216797,2.869140148162842,1.1085455417633057,0.0414054095745086
3346205972.0,-0.460029125213623,0.1212139576673507,10.079087257385254,2.624396085739136,0.7071706056594849,0.0781874507665634
3346214305.0,-0.3371729552745819,-0.1154158785939216,9.849040985107422,2.6086435317993164,0.3095352351665497,0.0062626805156469
3346222638.0,-0.3277154862880707,-0.1511911451816558,9.714522361755373,2.724394083023072,0.6658293008804321,0.0007043914520181
3346230971.0,-0.4540725946426391,0.1491845101118087,9.848806381225586,2.9479293823242188,1.1724530458450315,0.0276249498128891
3346239304.0,-0.5197721719741821,0.218585580587387,10.104016304016112,2.7930655479431152,0.9407210946083068,0.1667102426290512
3346247637.0,-0.4302250146865845,0.0273225400596857,9.99582290649414,2.5038042068481445,0.23681640625,0.0613076724112033
3346255970.0,-0.4092878103256225,-0.1223578304052352,9.796636581420898,2.5000903606414795,0.4033089280128479,-0.000230528137763
3346264303.0,-0.5031294226646423,0.0290673002600669,9.732263565063477,2.8169894218444824,0.9496093392372132,0.0576448366045951
3346272636.0,-0.5355916023254395,0.1302226781845092,10.017851829528809,2.7263920307159424,0.9266589283943176,-0.0013831686228513
3346280969.0,-0.4036706387996673,0.0311951395124197,10.022960662841797,2.650650978088379,0.2850992381572723,0.0913531780242919
3346289302.0,-0.2448623180389404,-0.0939277112483978,9.864130973815918,2.5716052055358887,0.3189356625080108,0.0340285114943981
3346297635.0,-0.2859929203987121,-0.022775512188673,9.673120498657228,2.791810750961304,0.9505059123039246,0.0557493865489959
3346305968.0,-0.495279461145401,0.1109969094395637,9.903724670410156,2.8512871265411377,1.3645600080490112,0.1714488863945007
3346314301.0,-0.5920944809913635,0.0297313183546066,10.130497932434082,2.5718870162963867,0.8268404006958008,0.1591796725988388
3346322634.0,-0.4589003920555115,-0.1884986460208892,9.963173866271973,2.5676093101501465,0.085308201611042,-0.0103481514379382
3346330967.0,-0.3592051863670349,-0.0694735646247863,9.7877197265625,2.786252498626709,0.6338370442390442,-0.0279963612556457
3346339300.0,-0.4387535452842712,0.1628879904747009,9.821954727172852,2.9557418823242188,1.1422796249389648,0.0972188264131546
3346347633.0,-0.4970437586307525,0.1764196902513504,10.052701950073242,2.691274642944336,0.9309622645378112,0.0756772607564926
3346355966.0,-0.4031915068626404,-0.0865377858281135,9.954456329345703,2.476550817489624,0.2719591557979584,0.0251147579401731
3346364299.0,-0.3155955970287323,-0.198716938495636,9.769370079040527,2.6334121227264404,0.3225216269493103,0.0368716903030872
3346372632.0,-0.3765196502208709,0.0417185463011264,9.730576515197754,2.839632511138916,0.9729183316230774,0.1175309047102928
3346380965.0,-0.5144122242927551,0.2446914315223693,10.01574993133545,2.863274574279785,1.1653836965560913,0.1532883942127227
3346389298.0,-0.4919598698616028,0.1275266855955124,10.05752658843994,2.6334636211395264,0.659425675868988,0.1592564880847931
3346397631.0,-0.4115552902221679,-0.1172357574105262,9.890335083007812,2.5534443855285645,0.4291792511940002,0.0308523457497358
3346405964.0,-0.43956059217453,-0.0424772202968597,9.723884582519531,2.73594617843628,0.8300421237945557,0.0064419801346957
3346414297.0,-0.5406521558761597,0.1100319698452949,9.882009506225586,2.8122000694274902,1.0585980415344238,0.0619992613792419
3346422630.0,-0.4967977702617645,0.0998721197247505,10.04813289642334,2.6460659503936768,0.6672892570495605,0.0025998447090387
3346430963.0,-0.3177222907543182,-0.0434538684785366,9.924537658691406,2.658949613571167,0.1750348657369613,0.0075433920137584
3346439296.0,-0.2686015367507934,-0.0493479371070861,9.693252563476562,2.678391218185425,0.548311173915863,0.1064399629831314
3346447629.0,-0.4546016454696655,0.1194956228137016,9.835938453674316,2.814812183380127,1.321758508682251,0.1676579713821411
3346455962.0,-0.5922988653182983,0.121414229273796,10.056082725524902,2.737943887710572,1.1025264263153076,0.1722941398620605
3346464295.0,-0.5165005922317505,-0.0694181323051452,10.043256759643556,2.576369524002075,0.3177573680877685,0.1290061026811599
3346472628.0,-0.3993348479270935,-0.1335134804248809,9.780028343200684,2.6616649627685547,0.0848727747797966,0.1357426345348358
3346480961.0,-0.411450058221817,0.1176386773586273,9.77005386352539,2.8651444911956787,0.9186416864395142,0.2329998761415481
3346489294.0,-0.5225280523300171,0.2130888402462005,9.986713409423828,2.819141149520874,0.9182063341140748,0.2712419331073761
3346497627.0,-0.4501762390136719,0.0623119808733463,10.046531677246094,2.572962522506714,0.536912739276886,0.0616150386631488
3346505960.0,-0.344995379447937,-0.1530302613973617,9.792247772216797,2.522451639175415,0.2147625684738159,0.1245748326182365
3346514293.0,-0.3537093997001648,-0.0365322194993495,9.717473030090332,2.843397855758667,0.7490242719650269,0.1851012706756591
3346522626.0,-0.4735260605812073,0.2082263231277465,9.927491188049316,2.7560276985168457,1.2216325998306274,0.1568487584590912
3346530959.0,-0.5224369764328003,0.1923095434904098,10.126553535461426,2.720731496810913,0.7897253632545471,0.0204273536801338
3346539292.0,-0.4831511378288269,0.003141104010865,9.967000961303713,2.4662282466888428,0.1904802620410919,0.1287755668163299
3346547625.0,-0.4255977272987366,-0.0337279066443443,9.732773780822754,2.6582581996917725,0.534248948097229,0.1028283536434173
3346555958.0,-0.4863868355751037,0.1112749055027961,9.850801467895508,2.764147520065308,0.9531697630882264,0.1835644245147705
3346564291.0,-0.5411192178726196,0.1443183720111847,10.093088150024414,2.77352237701416,0.6626530885696411,0.1134326457977294
3346572624.0,-0.4281518459320068,0.0438915528357028,9.977744102478027,2.486284017562866,0.2688085734844208,-0.0092211244627833
3346580957.0,-0.2831461429595947,-0.0229054242372512,9.769935607910156,2.569709539413452,0.4001583456993103,0.0229887757450342
3346589290.0,-0.3127343952655792,0.1059785559773445,9.7346830368042,2.6761369705200195,0.8982272148132324,0.1081304848194122
3346597623.0,-0.4863294064998626,0.1626278758049011,9.980478286743164,2.6307482719421387,1.0395153760910034,0.1061325743794441
3346605956.0,-0.5219830870628357,-0.0099105779081583,10.117091178894045,2.4873597621917725,0.6449791789054871,0.0252940580248832
3346614289.0,-0.4312290549278259,-0.1680113077163696,9.90552043914795,2.5394082069396973,0.2610218822956085,0.0396892577409744
3346622622.0,-0.4047228693962097,-0.0340944938361644,9.822261810302734,2.7144815921783447,0.57594895362854,0.0167389027774333
3346630955.0,-0.4194366633892059,0.1720110476016998,9.861042976379396,2.8592276573181152,1.0431525707244873,0.037588894367218
3346639288.0,-0.4270349144935608,0.1217798292636871,10.030652046203612,2.544428586959839,0.7819642424583435,-0.0017417680937796
3346647621.0,-0.3771272301673889,-0.0696742385625839,9.913619995117188,2.473451375961304,0.4221610426902771,0.0427629686892032
3346655954.0,-0.2836871147155761,-0.1864816397428512,9.767394065856934,2.582184076309204,0.3856351673603058,0.0674294754862785
3346664287.0,-0.3705394864082336,0.0306053962558507,9.792388916015623,2.829181909561157,0.9050918817520142,-0.0055839042179286
3346672620.0,-0.4712206125259399,0.1228028237819671,9.974541664123535,2.785099983215332,1.0028868913650513,0.018992954865098
3346680953.0,-0.4635527431964874,0.05300934612751,10.102670669555664,2.539818286895752,0.6508449912071228,0.0285470653325319
3346689286.0,-0.3961748778820038,-0.1056729331612587,9.9473876953125,2.6059281826019287,0.3533611595630646,-0.0614741630852222
3346697619.0,-0.392475813627243,-0.0172529555857181,9.74485206604004,2.790555477142334,0.6127052903175354,0.048398096114397
3346705952.0,-0.4609909355640411,0.1081684604287147,9.877713203430176,2.750751256942749,0.8609585165977478,0.020657880231738
3346714285.0,-0.4588395655155182,0.041253175586462,10.02181625366211,2.6672487258911133,0.7799149751663208,0.112920343875885
3346722618.0,-0.3244755864143371,-0.089869886636734,9.987028121948242,2.5930700302124023,0.2992639243602752,0.0818502902984619
3346730951.0,-0.2704697549343109,-0.0368444733321666,9.740060806274414,2.7203469276428223,0.3911933898925781,-0.0060449591837823
3346739284.0,-0.3568450212478637,0.1659467369318008,9.7662935256958,2.7814624309539795,1.0115702152252195,0.1544666439294815
3346747617.0,-0.4740965962409973,0.1269560158252716,9.967782974243164,2.754721403121948,1.1841590404510498,0.1452711224555969
3346755950.0,-0.4716846942901611,-0.0873866975307464,10.089357376098633,2.58789587020874,0.7058130502700806,0.1218597292900085
3346764283.0,-0.3715732991695404,-0.1595790386199951,9.946843147277832,2.6763415336608887,0.4464432895183563,0.1187860071659088
3346772616.0,-0.3249973356723785,0.0857313871383667,9.775400161743164,2.951028823852539,0.5567638278007507,0.0354372970759868
3346780949.0,-0.3112786114215851,0.2904199659824371,9.84687042236328,2.763174295425415,0.9282214641571044,0.0251147579401731
3346789282.0,-0.268349677324295,0.128553032875061,10.02621078491211,2.557696580886841,0.7089380621910095,0.1403532177209854
3346797615.0,-0.284038096666336,-0.1085850819945335,9.902441024780272,2.528778076171875,0.5139623880386353,0.1156610772013664
3346805948.0,-0.3634024262428283,-0.0802294686436653,9.71585464477539,2.7381749153137207,0.7087844014167786,0.1013939529657363
3346814281.0,-0.4351086616516113,0.167838305234909,9.846502304077148,2.84122085571289,0.8869569897651672,0.1792868375778198
3346822614.0,-0.3597578704357147,0.2197042852640152,10.033243179321287,2.747113943099976,0.6667513251304626,0.0852825865149498
3346830947.0,-0.2267323732376098,0.0136060500517487,10.028399467468262,2.464409828186035,0.2808729410171509,0.0400734692811965
3346839280.0,-0.2548103630542755,-0.0802823603153228,9.765888214111328,2.541687726974488,0.5129122734069824,0.148754671216011
3346847613.0,-0.4017387330532074,0.057934682816267,9.805739402770996,2.859970092773437,0.996227204799652,0.0810818597674369
3346855946.0,-0.40250363945961,0.1375391781330108,10.014554977416992,2.7529282569885254,0.5765635967254639,-0.0196205042302608
3346864279.0,-0.1634515672922134,0.0668171867728233,10.06194305419922,2.469839811325073,0.0657133236527443,-0.1355505287647247
3346872612.0,-0.0431307591497898,-0.0174828488379716,9.76857566833496,2.4343128204345703,0.1688874512910843,0.0125637827441096
3346880945.0,-0.2069696485996246,0.0730072036385536,9.683144569396973,2.7590246200561523,0.9851619601249696,0.0416871719062328
3346889278.0,-0.4032308161258697,0.0918615311384201,9.927227973937988,2.761714220046997,1.1890257596969604,0.0535721741616725
3346897611.0,-0.3334765434265136,-0.0447044149041175,10.136016845703123,2.5155866146087646,0.2706272304058075,-0.0256910789757967
3346905944.0,-0.1779994666576385,-0.1261093467473983,9.871280670166016,2.542712450027466,-0.0557878091931343,0.0134858964011073
3346914277.0,-0.1542844921350479,0.0283601898699998,9.685197830200195,2.781923294067383,0.6911616921424866,0.0074153211899101
3346922610.0,-0.2705422937870025,0.2198780328035354,9.921431541442873,2.917576789855957,1.1609268188476562,0.1712695807218551
3346930943.0,-0.1890256851911544,0.1094943583011627,10.156021118164062,2.551549434661865,0.4822520315647125,-0.086243137717247
3346939276.0,-0.0159013196825981,-0.0697758123278617,9.917078971862791,2.407930374145508,-0.1528657525777816,-0.0042007346637547
3346947609.0,0.0588727593421936,-0.0607670731842517,9.63099193572998,2.6790568828582764,0.2533632218837738,0.1452711373567581
3346955942.0,-0.133744016289711,0.061808057129383,9.80275058746338,2.923954725265503,1.0862613916397097,0.1492413431406021
3346964275.0,-0.2158013731241226,0.061743788421154,10.080211639404297,2.725290298461914,0.7979986667633057,0.1103589311242103
3346972608.0,-0.1505547165870666,0.013225239701569,10.062567710876465,2.52506422996521,0.0027791445609182,0.123601496219635
3346980941.0,-0.0770470425486564,0.0196676515042781,9.737420082092283,2.540663242340088,0.1573354452848434,0.0723986402153968
3346989274.0,-0.1189958825707435,0.1448176205158233,9.76138973236084,2.748829841613769,0.6301997900009155,0.0954770520329475
3346997607.0,-0.148968294262886,0.1048100367188453,10.086403846740724,2.641301393508911,0.6319928169250488,0.0593097619712352
3347005940.0,-0.006156354676932,-0.0168171860277652,10.071341514587402,2.5246288776397705,-0.0369357280433177,0.1342570185661316
3347014273.0,0.1142972409725189,-0.0378647223114967,9.752813339233398,2.571195363998413,-0.0275096874684095,0.1572842001914978
3347022606.0,0.0305156894028186,0.1229344233870506,9.707100868225098,2.806231737136841,0.6884978413581848,0.0769835859537124
3347030939.0,-0.0440484620630741,0.118832804262638,9.99152374267578,2.6752405166625977,1.0233783721923828,0.1230379864573478
3347039272.0,-0.0164666771888732,-0.0219736043363809,10.144444465637209,2.560002088546753,0.2180668115615844,0.2065916210412979
3347047605.0,0.071258008480072,-0.0547304712235927,9.826777458190918,2.5427632331848145,-0.0845269635319709,0.2181179821491241
3347055938.0,0.0472804643213748,0.065300278365612,9.692645072937012,2.682335376739502,0.5449044704437256,0.2364321798086166
3347064271.0,-0.0188020374625921,0.1612962782382965,9.98315715789795,2.7558484077453613,0.7210279107093811,0.1153793334960937
3347072604.0,0.0658421888947486,0.0838211923837661,10.231694221496582,2.561513185501098,0.3423214256763458,0.0803134366869926
3347080937.0,0.1646289080381393,-0.0092373248189687,9.912588119506836,2.5182762145996094,-0.1218981444835662,0.0905335173010826
3347089270.0,0.1272817254066467,0.0096629587933421,9.686446189880373,2.748420238494873,0.4407826066017151,0.175316646695137
3347097603.0,0.0154044143855571,0.1100830137729644,9.852849006652832,2.7581794261932373,0.9798598289489746,0.1775194555521011
3347105936.0,0.0913420394062995,0.0259004775434732,10.1781005859375,2.512436389923096,0.3429361879825592,0.1449893862009048
3347114269.0,0.2148605734109878,-0.0212146677076816,10.056421279907228,2.5522916316986084,-0.1083481982350349,0.1656856685876846
3347122602.0,0.1795929074287414,0.0650126487016677,9.6990385055542,2.713251829147339,0.2039021402597427,0.2180668115615844
3347130935.0,0.0366077311336994,0.1209010556340217,9.869685173034668,2.80902361869812,0.8305543661117554,0.1253688633441925
3347139268.0,0.0985081046819686,0.0432027839124202,10.145697593688965,2.6080288887023926,0.4365562498569488,0.1552606970071792
3347147601.0,0.3120855987071991,-0.053615715354681,10.11530303955078,2.458748817443848,-0.27655690908432,0.1637646108865738
3347155934.0,0.3440073430538177,-0.0108832735568284,9.719834327697754,2.786405801773072,-0.0252812467515468,0.1879444271326065
3347164267.0,0.1775681674480438,0.1458771824836731,9.790555000305176,2.8448832035064697,0.6969505548477173,0.2261608839035034
3347172600.0,0.1534171402454376,0.1237618625164032,10.153549194335938,2.6922993659973145,0.6313012838363647,0.2045680880546569
3347180933.0,0.3441655933856964,-0.0516667179763317,10.192627906799316,2.4493484497070312,-0.1451558619737625,0.1787233054637909
3347189266.0,0.3761742413043976,-0.064593106508255,9.768868446350098,2.508363723754883,-0.0340157076716423,0.2230359464883804
3347197599.0,0.2168325185775756,0.0466851070523262,9.722774505615234,2.867910623550415,0.6922631859779358,0.2492649555206298
3347205932.0,0.1397519260644912,0.1216256320476532,10.122836112976074,2.746729612350464,0.7540702819824219,0.3061541318893432
3347214265.0,0.3807756304740906,0.0445654913783073,10.36985206604004,2.5318262577056885,-0.1645202487707138,0.2061561942100525
3347222598.0,0.5451316833496094,-0.0280562583357095,9.866107940673828,2.6270089149475098,-0.402271568775177,0.2340500950813293
3347230931.0,0.3258428871631622,-0.006789481267333,9.546289443969728,2.7770822048187256,0.7066582441329956,0.2659141719341278
3347239264.0,0.1164441034197807,0.0735762044787406,9.967886924743652,2.843449354171753,1.0687155723571775,0.1931953877210617
3347247597.0,0.2376890033483505,0.0045238235034048,10.367795944213867,2.566917657852173,0.1585649102926254,0.3168096542358398
3347255930.0,0.5267800092697144,-0.0300094112753868,10.069580078125,2.544966459274292,-0.3976354002952575,0.2281844317913055
3347264263.0,0.5228725075721741,-0.0140795707702636,9.562509536743164,2.865861654281616,0.4026942253112793,0.3355336487293243
3347272596.0,0.206582710146904,0.1088350862264633,9.750988960266112,2.927643060684204,1.3188897371292114,0.3547187149524688
3347280929.0,0.1623995900154113,0.056462962180376,10.269661903381348,2.654415845870972,0.5243874192237854,0.2117656767368316
3347289262.0,0.4939025938510895,-0.0142173748463392,10.267127990722656,2.478753566741944,-0.4578031897544861,0.2847150564193725
3347297595.0,0.5314117074012756,-0.0298076122999191,9.713696479797363,2.721320629119873,-0.1603963524103164,0.3192430138587951
3347305928.0,0.2624198794364929,0.0476066283881664,9.573322296142578,2.8857126235961914,1.128089427947998,0.3059748709201813
3347314261.0,0.1183674782514572,0.1158657371997833,10.184885025024414,2.843269824981689,0.9230985641479492,0.3233669400215149
3347322594.0,0.3791879713535309,-0.0227962397038936,10.384799003601074,2.516252517700196,-0.1103461235761642,0.2443213909864425
3347330927.0,0.6494572758674622,-0.0999916270375251,9.849787712097168,2.706592082977295,-0.1767638474702835,0.3401186466217041
3347339260.0,0.4170392453670501,-0.0299152676016092,9.445640563964844,3.112654447555542,0.792696475982666,0.4013110101222992
3347347593.0,0.1142804324626922,0.1162558794021606,9.916858673095703,3.048593759536743,1.401547074317932,0.3934218883514404
3347355926.0,0.2870360016822815,0.1362541913986206,10.433293342590332,2.698907852172852,0.3177061378955841,0.3110720515251159
3347364259.0,0.6732826232910156,0.0604548268020153,10.16732692718506,2.571784496307373,-0.6414828896522522,0.2052340656518936
3347372592.0,0.570862352848053,-0.0495736040174961,9.436619758605955,2.8164772987365723,0.376465231180191,0.3983910083770752
3347380925.0,0.0994971990585327,0.054059948772192,9.558094024658203,3.101768970489502,1.5670405626296997,0.422263503074646
3347389258.0,-0.009778986684978,0.15064337849617,10.256213188171388,2.7621493339538574,0.9816783666610718,0.3103548586368561
3347397591.0,0.4641103446483612,0.1032807528972625,10.451363563537598,2.4317259788513184,-0.5971958637237549,0.2401718944311142
3347405924.0,0.805263876914978,0.0248369816690683,9.737812042236328,2.722780227661133,-0.3486609756946563,0.3041562139987945
3347414257.0,0.4648847579956054,0.0278039909899234,9.305948257446287,2.989424228668213,1.1364139318466189,0.4562535583972931
3347422590.0,0.0231403857469558,0.1429223120212555,9.90825080871582,2.880948543548584,1.8062775135040283,0.4377601742744446
3347430923.0,0.2168776541948318,0.1444183588027954,10.564640045166016,2.56653380393982,0.4328934252262115,0.3611479103565216
3347439256.0,0.7630726099014282,0.0595985054969787,10.174516677856444,2.464819431304932,-0.7769309282302856,0.3077166080474853
3347447589.0,0.7200049757957458,-0.0613896884024143,9.409749031066896,2.868294715881348,0.1549276858568191,0.5099666118621826
3347455922.0,0.1392336934804916,0.1194234490394592,9.41595458984375,3.072875738143921,1.91611123085022,0.4767449200153351
3347464255.0,-0.058236613869667,0.2101665884256363,10.236587524414062,2.8305652141571045,1.4469865560531616,0.3769006729125976
3347472588.0,0.3461439609527588,0.1022877320647239,10.58441925048828,2.424349069595337,-0.5275508165359497,0.3056162595748901
3347480921.0,0.8093193769454956,-0.0483528450131416,9.847533226013184,2.572040557861328,-0.6413036584854126,0.3372241854667663
3347489254.0,0.5517387390136719,-0.0158844497054815,9.205613136291504,3.04142165184021,0.9993777275085448,0.5083785653114319
3347497587.0,0.0831173956394195,0.1436994820833206,9.844278335571287,3.026898145675659,2.036677598953247,0.4227245151996612
3347505920.0,0.2348368167877197,0.152989774942398,10.562896728515623,2.529982089996338,0.5990529656410217,0.2648640275001526
3347514253.0,0.7401572465896606,0.0415548980236053,10.235602378845217,2.430163145065308,-0.8783120512962341,0.4133753180503845
3347522586.0,0.7524488568305969,-0.0229693762958049,9.371206283569336,2.7205522060394287,-0.0405217222869396,0.4756947755813598
3347530919.0,0.2199554294347763,0.1116756722331047,9.413987159729004,2.9150407314300537,2.059499740600586,0.646644115447998
3347539252.0,0.0187580287456512,0.1746263802051544,10.223553657531738,2.7606635093688965,1.6765668392181396,0.5695196986198425
3347547585.0,0.3725692331790924,0.0113305589184165,10.509160995483398,2.4036781787872314,-0.3740703165531158,0.446161538362503
3347555918.0,0.7515363693237305,-0.0302719473838806,9.690293312072754,2.5586955547332764,-0.7746257185935974,0.4773340821266174
3347564251.0,0.5010772943496704,0.0958892628550529,9.330199241638184,2.883919477462769,1.1254512071609497,0.548464834690094
3347572584.0,0.2154561728239059,0.2150243818759918,9.911946296691896,2.868551015853882,1.945183515548706,0.5533315539360046
3347580917.0,0.403367668390274,0.1218437105417251,10.600154876708984,2.449015617370605,0.436043918132782,0.3863523006439209
3347589250.0,0.7189949750900269,-0.0362184308469295,9.956652641296388,2.436464309692383,-0.7062612771987915,0.5354015827178955
3347597583.0,0.6000280976295471,-0.0371559485793113,9.339027404785156,2.8479316234588623,0.400132805109024,0.5243106484413147
3347605916.0,0.2500673830509186,0.1720850765705108,9.723855018615724,2.874929189682007,1.930685997009277,0.6913411021232605
3347614249.0,0.2617534101009369,0.1558604836463928,10.427905082702637,2.688969850540161,1.2447621822357178,0.5491819977760315
3347622582.0,0.6058381199836731,0.0601041615009307,10.218825340270996,2.300965070724488,-0.5816224217414856,0.5271281003952026
3347630915.0,0.6613839864730835,-0.0389876514673233,9.521459579467772,2.6550564765930176,-0.0885996371507644,0.4770779311656952
3347639248.0,0.3726340532302856,0.1083613261580467,9.57787799835205,2.867475271224976,1.5787205696105957,0.584043025970459
3347647581.0,0.3202511668205261,0.1566975861787796,10.30848789215088,2.809279680252075,1.4512385129928589,0.4994647800922394
3347655914.0,0.5763901472091675,0.0671643614768982,10.389022827148438,2.3341612815856934,-0.3167712390422821,0.4754385948181152
3347664247.0,0.6792343854904175,0.0186512228101491,9.65733814239502,2.492405891418457,-0.4790118038654327,0.4321761727333069
3347672580.0,0.4254551827907562,0.0685138702392578,9.49227237701416,2.834458351135254,1.2500641345977783,0.5797397494316101
3347680913.0,0.2397182434797287,0.1426680833101272,10.179126739501951,2.64990782737732,1.5450634956359863,0.6480273604393005
3347689246.0,0.4644187986850738,0.0102448854595422,10.496777534484863,2.265233278274536,-0.0617303103208541,0.5954413414001465
3347697579.0,0.706828773021698,-0.0154742347076535,9.75808334350586,2.362029552459717,-0.4379009902477264,0.5959280133247375
3347705912.0,0.4913734793663025,0.0808810889720916,9.45057487487793,2.678954601287842,0.9073458313941956,0.5618098378181458
3347714245.0,0.2961477041244507,0.1499125212430954,10.04537582397461,2.755258798599243,1.767497420310974,0.7122165560722351
3347722578.0,0.4762324094772339,0.0250438004732131,10.511062622070312,2.464179277420044,0.4537433385848999,0.6626786589622498
3347730911.0,0.7237248420715332,-0.0417868942022323,9.946895599365234,2.4065983295440674,-0.6083893179893494,0.5885511040687561
3347739244.0,0.5455533266067505,0.0076106758788228,9.401867866516112,2.710613965988159,0.5828647613525391,0.7259202599525452
3347747577.0,0.2313258349895477,0.1835466176271438,9.817689895629885,2.8112263679504395,1.7557148933410645,0.7096807360649109
3347755910.0,0.3302877247333526,0.109902411699295,10.422079086303713,2.569530487060547,0.963978946208954,0.6936719417572021
3347764243.0,0.6699820756912231,-0.0793230235576629,10.14048671722412,2.3032193183898926,-0.572478175163269,0.6424434781074524
3347772576.0,0.5982213616371155,-0.0873711034655571,9.436049461364746,2.6922738552093506,0.1647891700267791,0.7059410810470581
3347780909.0,0.317742258310318,0.1364603638648986,9.715675354003906,2.9233145713806152,1.7820721864700315,0.719465434551239
3347789242.0,0.3398979008197784,0.1004201844334602,10.36768627166748,2.57957124710083,1.1650506258010864,0.8062208890914917
3347797575.0,0.6430062651634216,0.0064976275898516,10.324925422668455,2.407187223434448,-0.3868517875671386,0.6201590299606323
3347805908.0,0.7244316935539246,-0.0409441404044628,9.568330764770508,2.582235336303711,-0.1202844604849815,0.7561451196670532
3347814241.0,0.4227253496646881,0.0929185673594474,9.47640609741211,2.833613395690918,1.459435224533081,0.9610845446586608
3347822574.0,0.2224888652563095,0.1213339865207672,10.095572471618652,2.8627874851226807,1.4897366762161257,0.8364712595939636
3347830907.0,0.4811623096466064,0.0210641343146562,10.469993591308594,2.4327762126922607,0.0479626543819904,0.7328360676765442
3347839240.0,0.754859983921051,-0.0582649037241935,9.774075508117676,2.4317517280578613,-0.4611586928367615,0.6785594820976257
3347847573.0,0.4853840470314026,0.0496820248663425,9.34237289428711,2.696115732192993,1.1612852811813354,0.8693086504936218
3347855906.0,0.2426018714904785,0.1706431210041046,10.009638786315918,2.873340845108032,1.9849624633789065,0.9212544560432434
3347864239.0,0.4157162010669708,0.0639730617403984,10.563787460327148,2.4684054851531982,0.522978663444519,0.7763803601264954
3347872572.0,0.7259676456451416,-0.0371520034968853,10.05944538116455,2.346430540084839,-0.697168231010437,0.8528131246566772
3347880905.0,0.6305016279220581,-0.0574820190668106,9.335153579711914,2.8323326110839844,0.3521572947502136,0.8631868958473206
3347889238.0,0.3001406788825989,0.1564984768629074,9.756477355957031,2.9010043144226074,1.811118602752685,0.9656439423561096
3347897571.0,0.2767114639282226,0.0874402299523353,10.33159351348877,2.637126445770264,1.0668457746505735,0.9128273725509644
3347905904.0,0.553604245185852,-0.0482215620577335,10.200494766235352,2.385005712509156,-0.3042714893817901,0.7953860759735107
3347914237.0,0.6031134724617004,-0.0763955116271972,9.537057876586914,2.6626639366149902,0.1511367857456207,0.8588581085205078
3347922570.0,0.364788144826889,0.1725680828094482,9.64779281616211,3.018548011779785,1.5367389917373655,0.8957683444023132
3347930903.0,0.2969099283218384,0.1691545695066452,10.193209648132324,2.621758222579956,1.2639729976654053,0.886086106300354
3347939236.0,0.6167080998420715,0.0293244682252407,10.36142635345459,2.4005279541015625,-0.159371793270111,0.891721248626709
3347947569.0,0.7431517243385315,-0.112948440015316,9.714692115783691,2.60615873336792,-0.1757136732339859,0.9148253202438354
3347955902.0,0.4659194350242615,0.0221561901271343,9.433880805969238,2.88415002822876,1.169994235038757,0.8980734944343567
3347964235.0,0.239874854683876,0.1332741528749466,9.976120948791504,2.7869439125061035,1.6102771759033203,0.9749161601066588
3347972568.0,0.4238178431987762,0.0259814579039812,10.365732192993164,2.6105899810791016,0.3021839261054992,0.8541962504386902
3347980901.0,0.6327195167541504,-0.079833373427391,9.85554027557373,2.588664293289185,-0.2479970455169677,0.8755074143409729
3347989234.0,0.4981908202171325,-0.0008784218225628,9.507505416870115,2.9523351192474365,0.8186949491500854,0.9524269700050354
3347997567.0,0.2953978478908539,0.1354615837335586,9.958025932312012,3.044290542602539,1.5826653242111206,1.0045262575149536
3348005900.0,0.4160011410713196,0.0354356914758682,10.324533462524414,2.7113053798675537,0.5504883527755737,0.9214592576026917
3348014233.0,0.6948742270469666,-0.0807828456163406,9.9801664352417,2.6135358810424805,-0.3657456338405609,0.8674132227897644
3348022566.0,0.5930320024490356,-0.0436973460018634,9.491764068603516,2.9414491653442383,0.4833277761936188,0.9259418845176696
3348030899.0,0.3017825186252594,0.1928901821374893,9.861477851867676,3.0932133197784424,1.686479568481445,1.002349019050598
3348039232.0,0.2740844488143921,0.1456436216831207,10.311942100524902,2.8574087619781494,0.9563971161842346,1.0318822860717771
3348047565.0,0.5712472200393677,0.0122198686003685,10.114662170410156,2.51725172996521,-0.2136227041482925,0.9785277247428894
3348055898.0,0.6488824486732483,-0.0946314930915832,9.498760223388672,2.819832801818848,0.0746783018112182,0.9792450070381165
3348064231.0,0.3547897636890411,0.0853236019611358,9.574070930480955,3.062297105789185,1.6224952936172483,1.0118262767791748
3348072564.0,0.2603490352630615,0.1905983388423919,10.185585021972656,2.9471094608306885,1.3498317003250122,0.9203834533691406
3348080897.0,0.5753147602081299,0.0805871933698654,10.42984676361084,2.649139404296875,-0.0400606654584407,0.8989443778991699
3348089230.0,0.7342408299446106,-0.0191501826047897,9.69944953918457,2.6848201751708984,-0.2452306896448135,1.034443736076355
3348097563.0,0.4543125033378601,0.0475554168224334,9.38868808746338,2.938913583755493,1.1626940965652466,0.918334424495697
3348105896.0,0.2287442088127136,0.1246435940265655,9.947461128234863,2.9576632976531982,1.7650642395019531,1.0307554006576538
3348114229.0,0.403096079826355,0.1223943904042244,10.369128227233888,2.7621750831604004,0.3394013941287994,0.929092288017273
3348122562.0,0.6342843770980835,0.0077999797649681,9.866255760192873,2.647141456604004,-0.5367974638938904,0.8570650815963745
3348130895.0,0.4999493360519409,0.0363512896001338,9.469097137451172,2.865272283554077,0.6925192475318909,1.0812408924102783
3348139228.0,0.3097765445709228,0.105061762034893,9.963820457458496,2.851287364959717,1.8054324388504028,1.1246315240859983
3348147561.0,0.4117767810821533,0.0084595698863267,10.44489288330078,2.7765700817108154,0.769310712814331,1.0552424192428589
3348155894.0,0.6691417694091797,0.0231231208890676,10.009791374206545,2.654697895050049,-0.5405884385108948,1.0264521837234497
3348164227.0,0.5785606503486633,0.051112100481987,9.528010368347168,2.825467824935913,0.2716005444526672,1.0679727792739868
3348172560.0,0.3420808315277099,0.1263466775417328,9.774579048156738,3.062451124191284,1.645035982131958,1.007420539855957
3348180893.0,0.3876063227653503,0.0228887051343917,10.319742202758787,2.955690622329712,1.081599473953247,1.0548583269119265
3348189226.0,0.574255645275116,-0.0301333889365196,10.077460289001465,2.774393081665039,-0.3014795780181885,0.9643375873565674
3348197559.0,0.5671327114105225,0.0199496522545814,9.454195022583008,2.8949849605560303,0.1599480956792831,0.9928718209266664
3348205892.0,0.3586430847644806,0.1137597635388374,9.731298446655272,2.9794092178344727,1.532845377922058,1.0265288352966309
3348214225.0,0.3827034533023834,0.0652636960148811,10.243825912475586,3.0534090995788574,1.2028061151504517,1.047430157661438
3348222558.0,0.6246845126152039,0.112590417265892,10.363642692565918,2.818321704864502,-0.0780209675431251,1.0479936599731443
3348230891.0,0.6314370036125183,0.1455415785312652,9.73363971710205,2.9110703468322754,0.0011654476402327,1.1326998472213743
3348239224.0,0.3756204843521118,0.3120826780796051,9.6578950881958,3.01373291015625,1.4964221715927124,1.1947890520095823
3348247557.0,0.3784706592559814,0.1755941212177276,10.215354919433594,2.942089796066284,1.370989203453064,1.087875247001648
3348255890.0,0.5267471075057983,0.0328596010804176,10.225828170776367,2.702186346054077,-0.0666738525032997,1.110748529434204
3348264223.0,0.5422655344009399,0.0762925595045089,9.616348266601562,2.7655303478240967,0.1463469266891479,1.1490674018859863
3348272556.0,0.3562332987785339,0.2649460732936859,9.655585289001465,2.891937017440796,1.4424785375595093,1.27718985080719
3348280889.0,0.3540540933609009,0.2611362934112549,10.232089042663574,2.895010232925415,1.4029812812805176,1.2605916261672974
3348289222.0,0.4909781515598297,0.0601694993674755,10.19672679901123,2.573961973190308,0.0084142768755555,1.273936748504639
3348297555.0,0.4836582541465759,0.0375670604407787,9.692520141601562,2.629647016525269,-0.0472838766872882,1.3834120035171509
3348305888.0,0.3874254524707794,0.1951477527618408,9.70429515838623,2.9029765129089355,1.112182855606079,1.3830533027648926
3348314221.0,0.3553631901741028,0.1244099363684654,10.162569999694824,2.8779258728027344,1.0967376232147217,1.4101532697677612
3348322554.0,0.5337375402450562,0.051149409264326,10.14431858062744,2.776979684829712,-0.2446415275335312,1.4101275205612185
3348330887.0,0.5351093411445618,0.0414945408701896,9.70590591430664,2.733819961547852,-0.1393926590681076,1.4849979877471924
3348339220.0,0.3939833045005798,0.2170795500278473,9.69517707824707,2.9065370559692383,1.0053716897964478,1.572265863418579
3348347553.0,0.4111969172954559,0.152410089969635,10.167790412902832,2.909175157546997,1.1696614027023315,1.4595119953155518
3348355886.0,0.5296201705932617,0.174918994307518,10.267024040222168,2.7941160202026367,-0.0102713089436292,1.6720333099365234
3348364219.0,0.5516711473464966,0.1534335911273956,9.737415313720703,2.7604074478149414,-0.0675703510642051,1.6182688474655151
3348372552.0,0.3617947995662689,0.1960113197565078,9.695586204528809,2.929615020751953,1.0410264730453491,1.7605047225952148
3348380885.0,0.3285854160785675,0.1097588092088699,10.121870994567873,2.84790587425232,1.1563419103622437,1.7234153747558594
3348389218.0,0.4841443002223968,0.0225782636553049,10.17441749572754,2.866502046585083,0.0552627183496952,1.718907356262207
3348397551.0,0.5364700555801392,0.1437987685203552,9.695775985717772,2.945931434631348,-0.2168501019477844,1.7477232217788696
3348405884.0,0.4892415106296539,0.2931926846504211,9.678550720214844,2.915655851364136,0.8874948620796204,1.9233603477478027
3348414217.0,0.4393521845340729,0.1738237142562866,10.136999130249023,2.8089723587036133,1.0178712606430054,1.8544834852218628
3348422550.0,0.471402496099472,0.0767647922039032,10.146612167358398,2.7449874877929688,0.1345131397247314,1.846235632896424
3348430883.0,0.4302706122398376,0.2504245638847351,9.841401100158691,2.867731094360352,-0.0436210446059703,1.809171795845032
3348439216.0,0.4522057771682739,0.386961281299591,9.874955177307127,2.750904560089112,0.6712082028388977,1.8808146715164185
3348447549.0,0.5306276082992554,0.2473197430372238,10.120885848999023,2.694886922836304,0.7012280821800232,1.9368590116500848
3348455882.0,0.4964409470558166,0.1002659499645233,10.061211585998535,2.5511906147003174,0.1435293704271316,1.8891396522521973
3348464215.0,0.4420336186885834,0.1255813688039779,9.766072273254396,2.689149141311645,0.3511327505111694,1.87766432762146
3348472548.0,0.4091348350048065,0.1570182591676712,9.780953407287598,2.6539552211761475,0.7108334898948669,1.832173466682434
3348480881.0,0.5779822468757629,0.1457574367523193,10.062122344970703,2.495530843734741,0.4110700190067291,1.7273598909378052
3348489214.0,0.5825358629226685,0.1603525131940841,9.974342346191406,2.5104126930236816,0.1160196736454963,1.9204657077789309
3348497547.0,0.464312732219696,0.272157222032547,9.80471420288086,2.7043635845184326,0.4512075781822204,1.8596831560134888
3348505880.0,0.3889030516147613,0.1365398466587066,9.895751953125,2.7130727767944336,0.7783781886100769,1.9403423070907595
3348514213.0,0.511640191078186,-0.053708478808403,10.0177001953125,2.4157426357269287,0.2105618119239807,1.9437745809555047
3348522546.0,0.5578781962394714,0.0438139103353023,9.83541488647461,2.393048048019409,0.001191062037833,1.7883986234664917
3348530879.0,0.4826890528202057,0.2875330150127411,9.788753509521484,2.6360762119293213,0.6377816796302795,1.9279195070266724
3348539212.0,0.4799344837665558,0.1970233917236328,10.08319091796875,2.579314947128296,0.8100117444992065,1.8957990407943728
3348547545.0,0.5535255670547485,-0.0194163210690021,10.021862030029297,2.409389972686768,0.3163998126983642,1.7717493772506714
3348555878.0,0.5770277380943298,0.0067567927762866,9.722798347473145,2.598294973373413,0.2259559780359268,1.9225659370422363
3348564211.0,0.5569700002670288,0.1790561228990554,9.780059814453123,2.62398648262024,0.7869077324867249,1.822670578956604
3348572544.0,0.6030030250549316,0.0935462936758995,10.087209701538086,2.60446834564209,0.8308361768722534,1.948077917098999
3348580877.0,0.6126728057861328,-0.012469750829041,9.981283187866213,2.474578380584717,0.3379414081573486,1.901639103889465
3348589210.0,0.4790770709514618,0.1118506789207458,9.717218399047852,2.61625075340271,0.6296876072883606,1.969568371772766
3348597543.0,0.6075841188430786,0.2836481928825378,9.973909378051758,2.681413650512696,0.9231755137443542,1.972795844078064
3348605876.0,0.7267823815345764,0.1463977396488189,10.13808822631836,2.5264217853546143,0.6248977780342102,1.912858366966248
3348614209.0,0.6512140035629272,0.1383556723594665,9.858235359191896,2.468789577484131,0.5315849781036377,1.893365859985352
3348622542.0,0.5120376944541931,0.2112328261137008,9.848588943481444,2.577240228652954,1.154907464981079,1.9730005264282229
3348630875.0,0.590843915939331,0.2375949621200561,10.090248107910156,2.6281614303588867,0.9758896231651306,2.0680294036865234
3348639208.0,0.6991097927093506,0.0474406592547893,10.010923385620115,2.325990438461304,0.5768198370933533,1.9478474855422967
3348647541.0,0.5656260251998901,0.1325646638870239,9.728933334350586,2.3379268646240234,0.8895696401596069,2.0230252742767334
3348655874.0,0.6054772138595581,0.211789920926094,10.013031005859377,2.6258814334869385,1.5679879188537598,2.0872397422790527
3348664207.0,0.5907347798347473,0.1856377273797989,10.131982803344728,2.377756357192993,0.9537588953971864,2.055452823638916
3348672540.0,0.5150375366210938,0.0387491695582866,9.822417259216309,2.301042318344116,0.5979772210121155,2.0158276557922363
3348680873.0,0.501706063747406,0.0685163214802742,9.789459228515623,2.377833366394043,1.363202452659607,2.159318447113037
3348689206.0,0.560490071773529,0.096348226070404,10.134377479553224,2.751493692398072,1.364150047302246,2.181602716445923
3348697539.0,0.4660238027572632,-0.0549237579107284,9.87543487548828,2.436618089675904,0.906270146369934,2.136854887008667
3348705872.0,0.386818379163742,0.031034231185913,9.716753959655762,2.5704784393310547,1.1326487064361572,2.243666172027588
3348714205.0,0.5233824253082275,0.1461655050516128,9.977764129638672,2.7459864616394043,1.389405608177185,2.2748892307281494
3348722538.0,0.5363876819610596,0.0164782479405403,10.097685813903809,2.5662262439727783,0.9506852030754088,2.178683042526245
3348730871.0,0.4090740978717804,0.0181442890316247,9.694562911987305,2.651905536651612,1.0054482221603394,2.328833103179932
3348739204.0,0.2609012722969055,0.1182965114712715,9.76779842376709,2.8320505619049072,1.4364334344863892,2.323018789291382
3348747537.0,0.4536963701248169,-0.0555922500789165,10.106420516967772,2.965398073196411,0.9349066019058228,2.4173812866210938
3348755870.0,0.4252914488315582,-0.0312130637466907,9.738443374633787,2.77718472480774,0.2642492353916168,2.411516189575196
3348764203.0,0.2992804944515228,0.183048278093338,9.729585647583008,2.874570369720459,0.977042019367218,2.3972744941711426
3348772536.0,0.4984112381935119,0.2526415884494781,10.033985137939451,2.962836742401123,1.0661283731460571,2.5346434116363525
3348780869.0,0.4707860946655273,0.1009620875120163,10.062232971191406,2.8738784790039062,0.2672973573207855,2.475218772888184
3348789202.0,0.4225416481494903,0.042472381144762,9.662711143493652,2.7329747676849365,0.2994175851345062,2.420199155807495
3348797535.0,0.4338409304618835,0.0942351445555687,9.846217155456545,2.9018235206604004,0.8647492527961731,2.50885009765625
3348805868.0,0.51829993724823,0.0437690503895282,10.110238075256348,3.0114781856536865,0.497799813747406,2.618863344192505
3348814201.0,0.4917166233062744,0.0157565772533416,9.795007705688477,2.8114824295043945,-0.0227198265492916,2.4146409034729004
3348822534.0,0.5097977519035339,0.2090071737766266,9.732976913452148,2.794039011001587,0.4069973528385162,2.5355145931243896
3348830867.0,0.7265259027481079,0.2416000217199325,10.081768035888672,3.062373876571656,0.3717778027057647,2.5745503902435303
3348839200.0,0.5699265003204346,0.1115141957998275,9.91830062866211,2.802440404891968,0.0361544899642467,2.463589906692505
3348847533.0,0.4739267826080322,0.0452906340360641,9.819746017456056,2.8296685218811035,0.5047668814659119,2.6272904872894287
3348855866.0,0.6960942149162292,0.1615864187479019,10.00075912475586,2.904282569885254,0.3855838179588318,2.578341245651245
3348864199.0,0.6012768745422363,0.0800541490316391,10.001754760742188,2.9431135654449463,0.061256431043148,2.5523428916931152
3348872532.0,0.6302118301391602,0.0629529953002929,9.684576034545898,2.772855997085572,0.2133537679910659,2.5129995346069336
3348880865.0,0.777660071849823,0.1709031164646148,10.012453079223633,2.871957540512085,0.4508745670318603,2.627239227294922
3348889198.0,0.7984054088592529,0.1649362742900848,10.095403671264648,2.849954605102539,0.2100495100021362,2.503368377685547
3348897531.0,0.6797167658805847,0.2120439708232879,9.743995666503906,2.789095640182495,0.2564625144004822,2.5424304008483887
3348905864.0,0.6743531227111816,0.1006810367107391,9.964049339294434,2.7869951725006104,0.8572443723678589,2.5660979747772217
3348914197.0,0.7900394797325134,0.0283105634152889,10.036141395568848,2.7995975017547607,0.3419884443283081,2.5513954162597656
3348922530.0,0.646871030330658,0.062137845903635,9.821335792541504,2.779925584793091,0.3480077981948852,2.5167906284332275
3348930863.0,0.7777180075645447,0.1981177479028701,9.797264099121094,3.0149614810943604,0.8900305032730103,2.645988702774048
3348939196.0,0.927850902080536,0.1860991269350052,10.074219703674316,2.9661667346954346,0.5583518743515015,2.7234206199646
3348947529.0,0.672950804233551,0.2340243309736251,9.748260498046877,2.705362319946289,0.4818933308124542,2.5833873748779297
3348955862.0,0.6743134260177612,0.1455067694187164,9.834644317626951,2.820319175720215,1.173093557357788,2.684051752090454
3348964195.0,0.7743401527404785,0.0787252336740493,10.102498054504396,3.044161796569824,0.7047116160392761,2.69742202758789
3348972528.0,0.6568799018859863,0.0729266107082367,9.86398696899414,2.8712401390075684,0.3572545051574707,2.6529300212860107
3348980861.0,0.8393189311027527,0.1971682757139206,9.76750946044922,2.833254337310791,0.7989975214004517,2.736278533935547
3348989194.0,0.9392703771591188,0.2851710915565491,10.022695541381836,3.001283884048462,0.8415684700012207,2.7639167308807373
3348997527.0,0.6513089537620544,0.3312405347824096,9.82424259185791,2.9480316638946533,0.8337305188179016,2.819525241851806
3349005860.0,0.6583613157272339,0.2060321569442749,9.976935386657717,2.7072577476501465,1.1421514749526978,2.8454980850219727
3349014193.0,0.8454935550689697,0.1808142364025116,9.996674537658691,2.9004149436950684,0.4465201199054718,2.691402673721313
3349022526.0,0.7007677555084229,0.2144569456577301,9.762565612792969,2.6731653213500977,0.3406308889389038,2.84260368347168
3349030859.0,0.7777195572853088,0.3169132471084595,9.849069595336914,2.769167423248291,1.08567214012146,2.795371055603028
3349039192.0,0.8719139099121094,0.4286254644393921,10.208796501159668,2.8672189712524414,0.4280522763729095,2.810227394104004
3349047525.0,0.6426607966423035,0.4793762862682342,9.897757530212402,2.557184219360352,0.2733679115772247,2.813941240310669
3349055858.0,0.7651471495628357,0.3776353597640991,10.020679473876951,2.3994007110595703,0.6886002421379089,2.8738017082214355
3349064191.0,0.7558691501617432,0.3778574168682098,10.101900100708008,2.414026260375977,0.4770523309707641,2.957739353179932
3349072524.0,0.5957767963409424,0.4023932218551636,9.96510887145996,2.484644889831543,0.4567145705223083,2.8842267990112305
3349080857.0,0.8287199139595032,0.226416528224945,10.076665878295898,2.2073452472686768,0.4159367680549621,2.962401390075684
3349089190.0,0.8850665092468262,0.4108063876628876,10.033953666687012,2.203195810317993,0.1877907663583755,2.7895569801330566
3349097523.0,0.7236853241920471,0.3326314389705658,10.003066062927246,2.2454845905303955,0.5826597809791565,3.010171890258789
3349105856.0,0.8528004288673401,0.1493045836687088,10.167218208312988,2.272251605987549,0.5773320198059082,2.9069466590881348
3349114189.0,0.7282722592353821,0.1204566806554794,10.01062297821045,2.307445287704468,-0.022950354963541,2.959737539291382
3349122522.0,0.6995974183082581,0.086850918829441,9.817915916442873,2.4177403450012207,0.3168608844280243,2.906818389892578
3349130855.0,1.0998039245605469,0.0146706402301788,10.14799976348877,2.5331578254699707,0.1565413773059845,2.836199760437012
3349139188.0,0.8879058361053467,0.2068572640419006,9.931074142456056,2.4890246391296387,-0.0617559179663658,2.899595022201538
3349147521.0,0.7994477152824402,0.1817037165164947,9.845584869384766,2.6713979244232178,0.6970784664154053,3.032635450363159
3349155854.0,1.022195816040039,0.0805480182170867,10.288601875305176,2.718630790710449,0.2469083815813064,2.87287974357605
3349164187.0,0.7598369717597961,0.0153338378295302,9.871679306030272,2.6783392429351807,-0.1129075363278389,2.903462648391724
3349172520.0,0.943457305431366,-0.0247210543602705,9.957679748535156,2.79052996635437,0.34380704164505,3.0187528133392334
3349180853.0,1.1534991264343262,0.215871512889862,10.08407974243164,2.997032165527344,-0.0658542066812515,3.02013635635376
3349189186.0,0.8157731294631958,0.327258437871933,9.883502960205078,2.727646589279175,0.1526224017143249,2.8914499282836914
3349197519.0,1.0547627210617063,0.0741247609257698,10.149954795837402,2.5153563022613525,0.5964658856391907,3.148796319961548
3349205852.0,1.0865801572799685,0.1263849437236786,10.094236373901367,2.7135846614837646,-0.008836911059916,3.012477159500122
3349214185.0,0.9028196930885316,0.1501274406909942,9.900588989257812,2.6991384029388428,0.4869137406349182,3.1053543090820312
3349222518.0,1.2266088724136353,0.0820672437548637,10.017144203186035,2.7154035568237305,0.2906063199043274,3.133453369140625
3349230851.0,0.9971970319747924,0.2703129351139068,9.927302360534668,2.5502171516418457,0.2125853300094604,3.134272813796997
3349239184.0,1.0169649124145508,0.2708719074726105,9.947142601013184,2.447042942047119,0.9135700464248656,3.2366273403167725
3349247517.0,1.1335374116897583,0.1378933191299438,10.220986366271973,2.394994735717773,0.5851187109947205,3.2464630603790283
3349255850.0,0.7959336638450623,0.2645235955715179,9.880882263183594,2.3609535694122314,0.4563303887844085,3.341543197631836
3349264183.0,1.1205483675003052,0.0258659850805997,9.986802101135254,2.392407894134521,0.7091684937477112,3.340672492980957
3349272516.0,1.237006902694702,0.0659082308411598,10.004523277282717,2.363642930984497,0.1938869357109069,3.3252015113830566
3349280849.0,0.910454034805298,0.2855764627456665,9.79921817779541,2.398606538772583,0.8783249855041504,3.3763277530670166
3349289182.0,1.067848563194275,-0.0135093927383422,10.06174659729004,2.598116159439087,1.119124412536621,3.501786470413208
3349297515.0,0.9222844243049622,-0.026009876281023,9.906784057617188,2.512385129928589,0.3389916121959686,3.532062530517578
3349305848.0,0.9605646133422852,-0.0454145409166812,9.704835891723633,2.5805447101593018,0.6193138360977173,3.51682186126709
3349314181.0,1.1759620904922483,-0.1562432944774627,10.03724479675293,2.8450629711151123,0.7018172740936279,3.632700681686402
3349322514.0,0.7388629913330078,0.2011134028434753,9.694634437561035,3.0351717472076416,0.9404906034469604,3.528347969055176
3349330847.0,0.9126099944114684,0.0252472199499607,10.096990585327148,3.0227742195129395,1.247323751449585,3.6591603755950928
3349339180.0,1.0404831171035769,-0.0056520896032452,10.023788452148438,3.124078750610352,0.1924269497394561,3.4310142993927
3349347513.0,0.8209714293479919,0.0332971885800361,9.60324478149414,3.1521520614624023,0.6359886527061462,3.573352098464966
3349355846.0,1.1502164602279663,-0.0819351822137832,10.013718605041504,3.3151097297668457,1.142663836479187,3.699707746505737
3349364179.0,0.8526628613471985,0.2945800125598907,9.889159202575684,3.3396482467651367,0.4945981204509735,3.473764419555664
3349372512.0,0.95003080368042,0.362660676240921,10.018805503845217,3.24641227722168,0.7428000569343567,3.607829332351685
3349380845.0,1.1535159349441528,0.3182666897773742,10.177785873413086,3.1855530738830566,0.3510815501213074,3.4873909950256348
3349389178.0,0.7470025420188904,0.4671072661876678,9.734206199645996,3.0857086181640625,0.7658272385597229,3.5460221767425537
3349397511.0,1.0545421838760376,0.2748458683490753,10.056123733520508,3.24244236946106,0.9238414764404296,3.414288282394409
3349405844.0,0.986644983291626,0.4050726890563965,10.04811954498291,2.9713408946990967,0.0358983501791954,3.298357963562012
3349414177.0,0.9447615742683412,0.5070818066596985,9.953886985778809,2.758512496948242,0.8386228680610657,3.3305039405822754
3349422510.0,1.1418540477752686,0.5167465806007385,10.195717811584473,2.721858263015747,0.9051942825317384,3.336958646774292
3349430843.0,0.7994590997695923,0.5747092962265015,10.030552864074709,2.627213716506958,0.554099977016449,3.347639560699463
3349439176.0,1.1075421571731567,0.198150634765625,10.001394271850586,2.4982717037200928,0.5791506767272949,3.351020812988281
3349447509.0,1.1736118793487549,0.2854251563549042,9.919044494628906,2.512845754623413,0.087844006717205,3.179174423217773
3349455842.0,0.9864967465400696,0.455351710319519,9.803157806396484,2.8095357418060303,1.223476767539978,3.2623956203460693
3349464175.0,1.156519889831543,0.224713996052742,10.276769638061523,2.775033473968506,1.1599791049957275,3.374765396118164
3349472508.0,0.9327550530433656,0.2561139762401581,9.800183296203612,2.572988748550415,0.5077381730079651,3.269080877304077
3349480841.0,1.2296196222305298,0.1376470029354095,9.799161911010742,2.7384307384490967,0.8142125606536865,3.3967936038970947
3349489174.0,1.2922991514205933,0.2729994058609009,9.81035614013672,2.7771084308624268,0.7775585651397705,3.194159030914306
3349497507.0,1.0216045379638672,0.3953952491283417,9.88780689239502,2.821190357208252,1.494244933128357,3.369795799255371
3349505840.0,1.11492919921875,0.3403686285018921,10.27221393585205,2.8299760818481445,1.291866898536682,3.376840114593506
3349514173.0,0.917318880558014,0.4079287052154541,9.830512046813965,2.555391311645508,0.6197748184204102,3.3113954067230225
3349522506.0,1.223150372505188,0.2606319189071655,9.876606941223145,2.883919477462769,1.021995186805725,3.3693859577178955
3349530839.0,1.1680275201797483,0.3411331176757812,9.867660522460938,2.8183982372283936,1.1844406127929688,3.352967500686645
3349539172.0,0.9979270100593568,0.5031394362449646,9.856250762939451,2.700752258300781,1.5175538063049316,3.5045011043548584
3349547505.0,1.1831151247024536,0.344735711812973,10.174463272094728,2.6129722595214844,1.0686386823654177,3.5371341705322266
3349555838.0,1.0253762006759644,0.504855215549469,9.812929153442385,2.3329317569732666,0.9547322988510132,3.452222347259521
3349564171.0,1.290703296661377,0.2913309335708618,9.78681468963623,2.594555854797364,1.410204529762268,3.621891498565674
3349572504.0,1.0118303298950195,0.3986786901950836,9.892769813537598,2.4668686389923096,1.2626922130584717,3.67114782333374
3349580837.0,0.8921948075294495,0.4367003440856933,9.812997817993164,2.363438367843628,1.6783088445663452,3.772835969924927
3349589170.0,1.113105058670044,0.3540869057178497,10.217418670654297,2.206115961074829,1.0657442808151243,3.736848115921021
3349597503.0,0.9554723501205444,0.3975506126880646,9.73336410522461,2.0757648944854736,0.9876977801322936,3.837768077850342
3349605836.0,1.1423851251602173,0.1972383111715316,9.805951118469238,2.207037687301636,1.1797276735305786,3.945834875106812
3349614169.0,0.9234258532524108,0.2987098097801208,9.878515243530272,2.1567060947418213,1.1166653633117676,3.771171092987061
3349622502.0,0.968505322933197,0.1438571959733963,9.9039888381958,1.8220558166503904,1.3732175827026367,4.003978729248047
3349630835.0,1.0536093711853027,0.2372983992099762,10.022289276123049,2.117259979248047,0.8791958689689636,3.949933052062988
3349639168.0,0.904319167137146,0.2831146121025085,9.71573257446289,2.045642614364624,1.007138967514038,4.013584613800049
3349647501.0,0.997845470905304,0.0201066210865974,9.926880836486816,2.339386463165283,1.0611594915390017,4.06427526473999
3349655834.0,0.8557263612747192,0.1795755326747894,9.86762809753418,2.129606008529663,0.6855778694152832,3.945373773574829
3349664167.0,0.9957337379455566,0.1364884376525879,9.928667068481444,2.4371562004089355,0.9956637024879456,3.95487642288208
3349672500.0,0.8922324180603027,0.3292787969112396,9.976374626159668,2.587178468704224,0.9010447263717652,3.9659929275512695
3349680833.0,0.9349191188812256,0.1901271045207977,9.918974876403809,2.581492185592652,1.0734541416168213,4.125953674316406
3349689166.0,1.0251832008361816,0.0854698792099952,10.109868049621582,2.627188205718994,0.5763843655586243,4.076006412506104
3349697499.0,0.9383726119995116,0.2329049408435821,9.954179763793944,2.525986433029175,0.7002291679382324,4.013840675354004
3349705832.0,1.0656867027282717,0.1089498624205589,9.992460250854492,2.8688580989837646,0.8405951261520386,4.147905349731445
3349714165.0,0.9909584522247314,0.2715709209442138,9.95391082763672,2.786534547805786,0.8741498589515686,4.02772331237793
3349722498.0,1.1927309036254885,0.2077427059412002,9.97629165649414,2.8550779819488525,0.6469003558158875,4.1194987297058105
3349730831.0,1.1431337594985962,0.2956719398498535,9.961718559265137,2.731924772262573,0.4698547422885895,4.00961446762085
3349739164.0,1.0793936252593994,0.2526112496852875,9.90389347076416,2.8241355419158936,1.2770360708236694,4.079207420349121
3349747497.0,0.9620569348335266,0.1947032511234283,10.180268287658691,2.8132498264312744,1.1515518426895142,4.285401821136475
3349755830.0,0.9651219844818116,0.3595805466175079,10.05396556854248,2.6273677349090576,0.8896209001541138,4.190527439117432
3349764163.0,1.320478081703186,0.296908438205719,10.049996376037598,2.8247504234313965,0.3818185329437256,4.177873134613037
3349772496.0,1.1257940530776978,0.3831138610839844,9.750161170959473,2.558464765548706,1.0128765106201172,4.287579536437988
3349780829.0,1.1429497003555298,0.2118267863988876,9.945566177368164,2.60667085647583,1.6825093030929563,4.257687568664551
3349789162.0,0.893632173538208,0.2195594310760498,10.11081886291504,2.6369729042053223,1.2003471851348877,4.229588985443115
3349797495.0,1.0915369987487793,0.231435552239418,9.860194206237791,2.4709413051605225,0.9286057353019714,4.275950908660889
3349805828.0,1.1041957139968872,0.2973223030567169,9.748516082763672,2.669349193572998,0.6266138553619385,4.292343616485596
3349814161.0,0.8928230404853821,0.4897776544094085,9.62655258178711,2.5095672607421875,1.6809982061386108,4.335503578186035
3349822494.0,0.8388977646827698,0.3611077964305877,10.097084045410156,2.470787525177002,1.6686779260635376,4.29672384262085
3349830827.0,0.6546040177345276,0.4566878974437713,9.991751670837402,2.4602346420288086,1.0622352361679075,4.332353591918945
3349839160.0,0.8975387215614319,0.2310321480035781,9.876145362854004,2.408698797225952,0.7191068530082703,4.22859001159668
3349847493.0,0.7569992542266846,0.4045660197734833,9.569193840026855,2.234675645828247,1.0174102783203125,4.289270401000977
3349855826.0,0.8013651967048645,0.3063076138496399,9.87441349029541,2.4706594944000244,1.6378637552261353,4.310555458068848
3349864159.0,0.6063928604125977,0.1777551025152206,10.02186679840088,2.3811633586883545,1.056087851524353,4.345007419586182
3349872492.0,0.7987395524978638,0.0293563716113567,9.954177856445312,2.429856061935425,0.9002251625061035,4.353408336639404
3349880825.0,0.8052104711532593,0.0941810086369514,9.781756401062012,2.782410383224488,0.6905726194381714,4.399718761444092
3349889158.0,0.6426259279251099,0.1948483735322952,9.688210487365724,2.846317768096924,1.3076963424682615,4.269496440887451
3349897491.0,0.6565420031547546,0.1677474528551101,10.078203201293944,3.043445110321045,1.026400804519653,4.245444297790527
3349905824.0,0.5401861667633057,0.2019813954830169,10.10939884185791,2.869037628173828,0.7150341272354126,4.318700790405273
3349914157.0,0.7994945645332336,0.0414397791028022,10.098512649536133,2.974414587020874,0.516216516494751,4.437269687652588
3349922490.0,0.6737192869186401,0.3170938789844513,9.714153289794922,3.2836296558380127,0.7154440879821777,4.343700885772705
3349930823.0,0.669855535030365,0.2597496509552002,9.986810684204102,3.269669771194458,1.2239890098571775,4.446284770965576
3349939156.0,0.5734466314315796,0.3067128658294678,10.14816188812256,3.033865451812744,0.5896012783050537,4.424436569213867
3349947489.0,0.6863149404525757,0.2828859090805053,10.05053997039795,3.0533063411712646,0.4218280017375946,4.376921653747559
3349955822.0,0.692749559879303,0.4067496657371521,9.990829467773438,3.261601448059082,0.4209059178829193,4.445414543151856
3349964155.0,0.6442210078239441,0.3749495148658752,9.884400367736816,3.045186996459961,0.962390959262848,4.527841091156006
3349972488.0,0.5143386721611023,0.462728202342987,10.071404457092283,2.7598440647125244,0.6671611666679382,4.707576274871826
3349980821.0,0.5269388556480408,0.4268586039543152,10.099676132202148,2.758512258529663,0.7722308039665222,4.665619850158691
3349989154.0,0.6427220702171326,0.3877444863319397,10.141680717468262,2.708333730697632,0.362889677286148,4.645538330078125
3349997487.0,0.6522155404090881,0.4039739668369293,9.755271911621094,2.766606330871582,0.5191877484321594,4.623458862304688
3350005820.0,0.6926646828651428,0.2524296343326568,9.946091651916504,2.634437084197998,0.6417519450187683,4.718616008758545
3350014153.0,0.6404780149459839,0.4317216277122497,9.865564346313477,2.495274782180786,0.4347888231277466,4.58158016204834
3350022486.0,0.7828625440597534,0.3980136215686798,10.050250053405762,2.622397899627685,0.4138107597827911,4.552276611328125
3350030819.0,0.7087143659591675,0.487793892621994,9.782745361328123,2.625164747238159,0.3568703532218933,4.517518997192383
3350039152.0,0.7027841210365295,0.2959877550601959,9.790724754333496,2.499731540679932,0.7364988327026367,4.616261005401611
3350047485.0,0.5594860911369324,0.4285407364368438,9.829164505004885,2.384877443313598,0.6584523320198059,4.456966400146484
3350055818.0,0.6806789636611938,0.3113935589790344,10.029059410095217,2.5257556438446045,0.6106817722320557,4.559115886688232
3350064151.0,0.6732467412948608,0.3969383537769317,9.93216037750244,2.5681729316711426,0.2589983344078064,4.552097320556641
3350072484.0,0.8043767213821411,0.1093488037586212,9.743396759033203,2.658052921295166,0.6160094738006592,4.428816318511963
3350080817.0,0.7454519867897034,0.1936897337436676,9.872785568237305,2.646270513534546,0.8491246700286865,4.410758018493652
3350089150.0,0.788508415222168,0.1212592348456382,9.913784980773926,2.8522090911865234,0.8325010538101196,4.382890224456787
3350097483.0,0.6065368056297302,0.324410080909729,10.009034156799316,2.9512593746185303,0.6946196556091309,4.307533264160156
3350105816.0,0.6561087369918823,0.2144133150577545,9.848061561584473,3.008558750152588,1.106137990951538,4.3115553855896
3350114149.0,0.4857926070690155,0.3603215217590332,10.035706520080566,3.081815004348755,1.1274234056472778,4.196879863739014
3350122482.0,0.5317636728286743,0.2275500744581222,9.971734046936035,2.9286680221557617,1.2228877544403076,4.259096622467041
3350130815.0,0.4582083821296692,0.4001539349555969,10.095212936401367,3.1824276447296143,1.0474811792373655,4.065965175628662
3350139148.0,0.4966456890106201,0.2784386575222015,10.02176570892334,3.187397003173828,1.2616676092147827,4.177540302276611
3350147481.0,0.4899307787418365,0.4048025906085968,10.07575225830078,3.097131967544556,1.0668456554412842,4.012072563171387
3350155814.0,0.7277178764343262,0.4025393724441528,10.01066780090332,3.0903186798095703,1.1424589157104492,4.149672508239746
3350164147.0,0.6475902199745178,0.4609355032444,10.005975723266602,2.901670455932617,0.8340891599655151,4.017247200012207
3350172480.0,0.5332070589065552,0.4671272337436676,9.873897552490234,2.889477729797364,1.5584853887557983,4.181998252868652
3350180813.0,0.332364559173584,0.6024316549301147,10.13070583343506,2.772676944732666,1.399139165878296,4.054388046264648
3350189146.0,0.3971865773200989,0.5075017809867859,10.073053359985352,2.4605674743652344,0.9986862540245056,4.042707920074463
3350197479.0,0.3762014806270599,0.4960145354270935,10.036596298217772,2.3151042461395264,0.6666489243507385,4.04995584487915
3350205812.0,0.4567379951477051,0.4833757579326629,9.879033088684082,2.260878801345825,1.0076769590377808,4.091399669647217
3350214145.0,0.3922882974147796,0.4497146606445312,10.177048683166504,2.182704448699951,1.1503994464874268,4.037379741668701
3350222478.0,0.4877900779247284,0.3709886968135834,9.985736846923828,1.95337986946106,0.8229725956916809,4.017323970794678
3350230811.0,0.5156187415122986,0.3461257517337799,10.144097328186035,1.985397934913636,0.3157594799995422,3.974906444549561
3350239144.0,0.574224591255188,0.3404017686843872,9.84853172302246,1.9978207349777224,0.6263833045959473,4.094679355621338
3350247477.0,0.4027311503887176,0.3287373781204223,10.153484344482422,1.9369614124298096,1.168380618095398,4.025059700012207
3350255810.0,0.3977706730365753,0.2462256997823715,10.088409423828123,1.961089968681336,0.8684890270233154,4.047753810882568
3350264143.0,0.3622956871986389,0.1210100352764129,10.247036933898926,2.120974063873291,0.3037976622581482,3.9149441719055176
3350272476.0,0.596592128276825,-0.0319888144731521,9.70988655090332,2.1135716438293457,0.3673209249973297,3.964148759841919
3350280809.0,0.4907822906970978,-0.1138862147927284,9.914334297180176,2.53633451461792,0.858294665813446,3.9775452613830566
3350289142.0,0.6601555347442627,-0.1237082183361053,9.93893337249756,2.654057502746582,0.971663236618042,4.058537483215332
3350297475.0,0.5780355930328369,-0.0381993576884269,10.035536766052246,2.7832043170928955,0.2865592539310455,4.020936012268066
3350305808.0,0.7981469035148621,0.0414161942899227,9.629508972167969,3.112168312072754,0.4327653050422668,4.06353235244751
3350314141.0,0.4912451207637787,0.1113482266664505,9.707599639892578,3.127152442932129,1.0265800952911377,4.064659118652344
3350322474.0,0.4983927607536316,0.0791597738862037,9.8261079788208,3.091061592102051,1.2006032466888428,4.066887378692627
3350330807.0,0.3647700548171997,0.1695795506238937,10.06801700592041,3.283194065093994,0.6175463199615479,4.052056312561035
3350339140.0,0.4154306948184967,0.0838864743709564,9.759690284729004,3.2617037296295166,0.4623753726482391,4.197955131530762
3350347473.0,0.4263435006141662,0.225262701511383,9.781682968139648,3.1093759536743164,0.7283279299736023,4.124006748199463
3350355806.0,0.5640257000923157,0.2292450666427612,9.728562355041504,3.226330518722534,0.8187205791473389,4.25540828704834
3350364139.0,0.4108322858810425,0.4227747321128845,9.907699584960938,2.995520830154419,0.5559954643249512,4.08540678024292
3350372472.0,0.5497838258743286,0.3655948638916015,9.732587814331056,2.9246459007263184,0.4785123467445373,4.145932674407959
3350380805.0,0.4896052479743957,0.5514322519302368,9.885370254516602,2.8395557403564453,0.6920069456100464,4.073496341705322
3350389138.0,0.4746700525283813,0.5023548007011414,9.822368621826172,2.6493959426879883,0.7389066815376282,4.098470211029053
3350397471.0,0.3450696170330047,0.7190902233123779,10.00484848022461,2.4090828895568848,0.5592228174209595,4.027006149291992
3350405804.0,0.3527422249317169,0.5971558094024658,9.87384796142578,2.361927032470703,0.2679633200168609,3.964967966079712
3350414137.0,0.4031080603599548,0.660248875617981,10.026480674743652,2.0737669467926025,0.2495210915803909,3.967632532119751
3350422470.0,0.5175157189369202,0.4561408758163452,9.838847160339355,2.17819619178772,0.036487478762865,4.073086261749268
3350430803.0,0.5106638669967651,0.4666078686714172,9.870869636535645,2.06093430519104,-0.0131144896149635,3.917659044265747
3350439136.0,0.4619292914867401,0.1738280206918716,9.843170166015623,2.1741747856140137,0.0797499269247055,3.788819551467896
3350447469.0,0.486703097820282,0.2508795261383056,9.963497161865234,2.02881407737732,0.0051612691022455,3.760233879089356
3350455802.0,0.4353242218494415,0.1066813617944717,10.058423042297363,2.277374744415283,-0.1171339005231857,3.690563440322876
3350464135.0,0.544016420841217,0.0934904664754867,9.80329418182373,2.417125940322876,0.0231168493628501,3.628807306289673
3350472468.0,0.3745971322059631,-0.1453097760677337,9.942057609558104,2.668452739715576,-0.0793016701936721,3.828393697738648
3350480801.0,0.559773862361908,-0.084257423877716,9.82234001159668,2.7280828952789307,0.0432496406137943,3.686925888061523
3350489134.0,0.431292176246643,-0.0020316757727414,10.054486274719238,2.93719744682312,-0.0534569136798381,3.6101088523864746
3350497467.0,0.5852430462837219,0.1832282990217209,9.820306777954102,3.2176730632781982,0.039433117955923,3.629011869430542
3350505800.0,0.4237470030784607,0.1251846998929977,10.01511573791504,3.2898285388946533,0.1723710000514984,3.6213278770446777
3350514133.0,0.6097967624664307,0.0579701848328113,9.985909461975098,3.288445472717285,0.0499349534511566,3.716408014297485
3350522466.0,0.5175777673721313,0.1581785380840301,9.992317199707031,3.1867823600769043,0.0597964338958263,3.6424853801727295
3350530799.0,0.4831514358520508,0.1796160638332367,9.878652572631836,3.4486875534057617,0.4107370376586914,3.909077405929565
3350539132.0,0.4975566267967224,0.4231815338134765,10.052767753601074,3.287266731262207,0.2406841516494751,3.805340528488159
3350547465.0,0.5030507445335388,0.3718929588794708,10.145389556884766,3.3105759620666504,-0.0604752078652381,3.798962354660034
3350555798.0,0.6882717609405518,0.492960125207901,9.95332145690918,2.95604944229126,0.1413777768611908,3.776268720626831
3350564131.0,0.3395016491413116,0.6088876724243164,10.065442085266112,3.0074825286865234,0.3933450281620025,3.9735493659973145
3350572464.0,0.3615665733814239,0.5846609473228455,9.95022678375244,2.7509560585021973,0.6070190072059631,3.8430447578430176
3350580797.0,0.3343062400817871,0.4741564393043518,10.353489875793455,2.4646143913269043,-0.1056331098079681,3.903878688812256
3350589130.0,0.5738223195075989,0.3208249807357788,9.860780715942385,2.42547607421875,-0.2248929738998413,3.859616994857788
3350597463.0,0.4682509303092956,0.4027703106403351,9.96900463104248,2.487360000610352,0.3980068266391754,3.837768077850342
3350605796.0,0.636595606803894,0.37810879945755,9.937249183654783,2.594171524047852,0.313044399023056,3.804111003875733
3350614129.0,0.5189237594604492,0.4032894968986511,10.05210018157959,2.218948602676392,0.1066192612051963,3.730700254440308
3350622462.0,0.5732111930847168,0.2579745352268219,9.743413925170898,2.4097485542297363,0.2630454003810882,3.741483688354492
3350630795.0,0.5998632311820984,0.1702530682086944,9.89187240600586,2.536949157714844,0.5087115168571472,3.660543441772461
3350639128.0,0.4241508841514587,0.2291954159736633,9.965103149414062,2.901619434356689,0.5528448820114136,3.752523899078369
3350647461.0,0.5082337856292725,0.0240987539291381,9.818242073059082,2.9820990562438965,0.1044164225459098,3.6669979095458975
3350655794.0,0.4799082577228546,0.0983212739229202,10.017166137695312,3.1688265800476074,-0.1588338762521743,3.599760293960572
3350664127.0,0.663544774055481,0.1486420184373855,9.645357131958008,3.265110731124878,0.0812611654400825,3.6269371509552
3350672460.0,0.5375728011131287,0.3831875026226043,10.02100944519043,3.4782214164733887,0.3508509993553161,3.5697665214538574
3350680793.0,0.5242918133735657,0.4822860956192016,9.862180709838867,3.5405919551849365,0.3775922656059265,3.416311740875244
3350689126.0,0.5794743895530701,0.4358813464641571,10.049052238464355,3.1928529739379883,0.3412968814373016,3.561621189117432
3350697459.0,0.5844475030899048,0.522433340549469,9.990151405334473,3.1321983337402344,0.121373064815998,3.510392904281616
3350705792.0,0.5498579144477844,0.3749653100967407,9.855555534362791,3.1700565814971924,0.5578909516334534,3.629063606262207
3350714125.0,0.4410019516944885,0.4337811470031738,10.191605567932127,3.0975167751312256,0.5870142579078674,3.7937629222869873
3350722458.0,0.7018930315971375,0.5530102849006653,9.92979907989502,2.8466763496398926,0.1460395753383636,3.604217767715454
3350730791.0,0.6673181653022766,0.6268489360809326,10.214221000671388,2.735408306121826,0.08848437666893,3.6081624031066895
3350739124.0,0.6544988751411438,0.7251092195510864,9.815540313720703,2.6339244842529297,0.7389835119247437,3.638694524765015
3350747457.0,0.5778641700744629,0.4525693953037262,10.102334976196287,2.358161687850952,0.980679452419281,3.6855428218841553
3350755790.0,0.5826382637023926,0.3791335225105285,9.96684455871582,2.4882309436798096,0.3288227915763855,3.662976741790772
3350764123.0,0.5294986963272095,-0.0126774692907929,9.563925743103027,2.3478903770446777,0.3420141041278839,3.819223642349243
3350772456.0,0.5242860913276672,0.1243944019079208,9.63149070739746,2.701136350631714,0.8425673842430115,3.7154603004455566
3350780789.0,0.6455072164535522,0.1352164149284362,9.660593032836914,2.9096620082855225,0.5569431185722351,3.793276309967041
3350789122.0,0.623224139213562,0.0921820774674415,9.75088119506836,2.874314069747925,0.1867918223142624,3.8785204887390137
3350797455.0,0.5446268916130066,0.1205840408802032,9.323583602905272,3.1340172290802,0.3662963807582855,3.81020736694336
3350805788.0,0.5160623788833618,-0.1086315959692001,9.809422492980955,3.238241195678711,0.9107524752616882,3.865226268768311
3350814121.0,0.4565370082855224,0.1597073227167129,9.946039199829102,3.363725185394287,0.4691887497901916,3.923883199691773
3350822454.0,0.4756738841533661,0.1715771853923797,9.755030632019045,3.543793201446533,-0.0460543930530548,3.983487129211426
3350830787.0,0.7220326662063599,0.3129943907260895,10.026052474975586,3.622634172439575,0.2615085542201996,3.9902498722076416
3350839120.0,0.8003894686698914,0.4108697772026062,9.871099472045898,3.572839736938477,0.2685524523258209,4.021806240081787
3350847453.0,0.7194405794143677,0.4534516036510467,10.050256729125977,3.4444360733032227,0.4590199291706085,4.053440093994141
3350855786.0,0.5733104348182678,0.7336958646774292,9.961030960083008,3.3520963191986084,0.6412138938903809,4.012149810791016
3350864119.0,0.6297305226325989,0.6118550300598145,10.157118797302246,3.0511293411254883,0.4582258760929107,4.218985080718994
3350872452.0,0.7295609712600708,0.6610235571861267,10.258543014526367,2.810457944869995,0.3280031085014343,4.1063337326049805
3350880785.0,0.5638101696968079,0.6345481276512146,10.012176513671877,2.7503926753997803,0.5393204689025879,4.120113372802734
3350889118.0,0.7098839282989502,0.6698692440986633,10.112228393554688,2.5837719440460205,0.6820430159568787,4.191065788269043
3350897451.0,0.6951417326927185,0.7478790283203125,10.125927925109863,2.637894868850708,0.3863779306411743,4.108843326568604
3350905784.0,0.7184993028640747,0.5052609443664551,9.824189186096191,2.267590045928955,0.4747726321220398,3.992221593856812
3350914117.0,0.7070512771606445,0.5528326034545898,10.051457405090332,2.468456745147705,1.1089811325073242,4.081513404846191
3350922450.0,0.5131320953369141,0.5101873278617859,10.069726943969728,2.514024496078491,1.141024470329285,4.141552925109863
3350930783.0,0.5868351459503174,0.2009635120630264,10.233565330505373,2.3520658016204834,0.8067588210105896,4.009152889251709
3350939116.0,0.6186726689338684,0.327390193939209,9.977548599243164,2.55659556388855,0.6610137820243835,4.001596927642822
3350947449.0,0.725904643535614,0.1718727201223373,9.843907356262209,2.767964124679565,0.9469711780548096,3.9455530643463135
3350955782.0,0.6880969405174255,0.4373683631420135,10.062104225158691,2.7841265201568604,1.3517271280288696,4.018937587738037
3350964115.0,0.5064378976821899,0.4295578002929687,9.940593719482422,2.848751306533813,1.362433910369873,4.040965557098389
3350972448.0,0.5437232255935669,0.2740330994129181,10.038087844848633,2.6971664428710938,1.040360689163208,4.064095973968506
3350980781.0,0.521976888179779,0.4569175541400909,9.935762405395508,2.7505974769592285,0.9101121425628662,4.060919284820557
3350989114.0,0.4199464619159698,0.2462624460458755,9.748641967773438,2.7142252922058105,1.2025500535964966,3.990275621414185
3350997447.0,0.5072872638702393,0.2740867137908935,9.995401382446287,2.892705202102661,1.269992113113403,4.169267177581787
3351005780.0,0.4912863671779632,0.3951869606971741,9.878829956054688,2.8749804496765137,0.8652104735374451,4.169857025146484
3351014113.0,0.5313441753387451,0.4583234190940857,9.871953010559082,2.759434223175049,0.8521727919578552,4.128028392791748
3351022446.0,0.63643878698349,0.5392391085624695,9.955462455749512,2.673959732055664,1.2091840505599976,4.269777774810791
3351030779.0,0.4684824645519256,0.4098733961582184,9.916778564453123,2.601727247238159,1.0328811407089231,4.30763578414917
3351039112.0,0.5043416619300842,0.2220063656568527,10.049360275268556,2.540945053100586,0.9596246480941772,4.239450454711914
3351047445.0,0.6515191197395325,0.2030654698610305,9.75383472442627,2.8521063327789307,0.5160884261131287,4.278896331787109
3351055778.0,0.8195472955703735,0.1973938792943954,9.933839797973633,2.846855640411377,0.5638333559036255,4.194446563720703
3351064111.0,0.931923806667328,0.4498873651027679,9.84422779083252,2.7474467754364014,0.999505877494812,4.297876358032227
3351072444.0,0.6444696187973022,0.6294265389442444,9.820334434509276,3.078843832015991,1.4881997108459473,4.142449378967285
3351080777.0,0.6515297293663025,0.3781913816928863,10.150134086608888,3.0290238857269287,1.438328742980957,4.032384872436523
3351089110.0,0.4982865154743194,0.4790387749671936,10.05908203125,2.762636184692383,0.9993520975112916,4.01491641998291
3351097443.0,0.5046117901802063,0.3423181176185608,9.937192916870115,2.9127867221832275,0.8948973417282104,4.0436296463012695
3351105776.0,0.6625422835350037,0.4392796754837036,10.049458503723145,3.1257693767547607,0.8523522019386292,3.928442716598511
3351114109.0,0.5664098858833313,0.5472249388694763,9.959705352783203,3.179866313934326,1.1512188911437988,3.871809244155884
3351122442.0,0.5192772746086121,0.5208887457847595,9.981508255004885,3.0689313411712646,1.321297526359558,3.9630982875823975
3351130775.0,0.5468793511390686,0.5363546013832092,10.014653205871582,2.967447757720948,1.106009840965271,3.895810127258301
3351139108.0,0.4041056931018829,0.4190198481082916,9.992904663085938,2.9619150161743164,1.0449199676513672,3.8787765502929688
3351147441.0,0.5166725516319275,0.2877558171749115,9.87246799468994,2.980818033218384,0.9765297770500184,3.948190927505493
3351155774.0,0.4511103630065918,0.4233505427837372,9.955892562866213,2.994982957839966,1.21494722366333,4.000982284545898
3351164107.0,0.5135637521743774,0.4945341348648071,10.083089828491213,3.048388719558716,0.9409518241882324,3.89137864112854
3351172440.0,0.6095142364501953,0.6988505721092224,10.071322441101074,2.7936551570892334,0.8659021258354187,3.9686315059661865
3351180773.0,0.6468586325645447,0.7444965839385986,10.10595989227295,2.643325090408325,0.87143474817276,3.9282889366149902
3351189106.0,0.734011709690094,0.7204352617263794,10.05486297607422,2.410517454147339,1.216868281364441,3.955747127532959
3351197439.0,0.7066382765769958,0.7362231612205505,10.142786979675291,2.250812768936157,1.156956672668457,3.81264066696167
3351205772.0,0.4621224701404571,0.5116304159164429,9.983781814575195,2.31815242767334,1.3387922048568726,3.842763185501098
3351214105.0,0.7345113754272461,0.2367090433835983,9.976523399353027,2.221945285797119,1.024889588356018,3.968119144439697
3351222438.0,0.8660621643066406,0.3397807478904724,9.847038269042969,2.4299840927124023,0.7017917037010193,3.970245122909546
3351230771.0,0.7476954460144043,0.3333045840263366,9.587109565734863,2.3835713863372803,1.123222589492798,3.959640502929688
3351239104.0,0.5168782472610474,0.4160484075546264,10.01346206665039,2.685178756713867,1.8860143423080444,4.037789821624756
3351247437.0,0.3992578387260437,0.1959599703550338,10.061075210571287,2.588587522506714,1.2583377361297607,4.007078170776367
3351255770.0,0.3746355473995209,-0.0717593058943748,9.9514741897583,2.714916944503784,0.6519206762313843,4.047523021697998
3351264103.0,0.6352885365486145,0.3080806732177734,9.757268905639648,3.0720560550689697,0.8455899357795715,4.11824369430542
3351272436.0,0.6677168607711792,0.3862629234790802,9.876679420471191,3.0435986518859863,1.031677484512329,4.09063196182251
3351280769.0,0.5030919909477234,0.6368449330329895,9.907883644104004,2.8941650390625,1.401136875152588,4.111225605010986
3351289102.0,0.3022128343582153,0.8075730800628662,10.001665115356444,2.782512664794922,1.295094013214111,4.175670623779297
3351297435.0,0.3862018287181854,0.7692950963973999,10.232667922973633,2.57286024093628,1.112490177154541,4.185532093048096
3351305768.0,0.5356094241142273,0.8628939986228943,10.046791076660156,2.349888324737549,0.6842715740203857,4.208303928375244
3351314101.0,0.4767094552516937,0.7439740300178528,9.919191360473633,2.2740190029144287,1.1096984148025513,4.240859508514404
3351322434.0,0.5218448042869568,0.6372765302658081,9.96457576751709,2.026073455810547,1.269710659980774,4.205921649932861
3351330767.0,0.484150230884552,0.8114708662033081,10.07126235961914,1.949102520942688,0.998711884021759,4.335017204284668
3351339100.0,0.4251202940940857,0.8070193529129028,9.860684394836426,1.603079915046692,0.7839621305465698,4.220035076141357
3351347433.0,0.5137671232223511,0.5881661176681519,9.70607089996338,1.6970840692520142,0.8279929757118225,4.205845355987549
3351355766.0,0.502578854560852,0.3500467538833618,9.832446098327637,1.714834690093994,1.1334940195083618,4.302640914916992
3351364099.0,0.3711969256401062,0.0417360663414001,9.93771743774414,1.687043309211731,0.9823700189590454,4.3954925537109375
3351372432.0,0.4523465037345886,0.034841451793909,9.89364528656006,1.980710506439209,0.7513808608055115,4.329254150390625
3351380765.0,0.4801990985870361,0.2967489957809448,9.677464485168455,2.19425630569458,0.6181355714797974,4.226668834686279
3351389098.0,0.5203559398651123,0.2936774492263794,9.840649604797363,2.2596750259399414,0.787727415561676,4.283584117889404
3351397431.0,0.5581687688827515,0.1983578950166702,9.856300354003906,2.145256280899048,1.0505294799804688,4.317368984222412
3351405764.0,0.4944144189357757,0.1614527404308319,9.982339859008787,2.3817269802093506,0.8909016251564026,4.327051162719727
3351414097.0,0.4641522467136383,-0.0074090426787734,9.745753288269045,2.6340012550354004,0.6662389636039734,4.422079563140869
3351422430.0,0.5894906520843506,-0.0079032983630895,9.587461471557615,2.7936549186706543,0.8933348059654236,4.420901775360107
3351430763.0,0.6687972545623779,0.1526294350624084,9.725470542907717,2.9460599422454834,0.6575303077697754,4.324899673461914
3351439096.0,0.5546143054962158,0.4416178464889526,9.93173599243164,2.8625829219818115,0.9873647689819336,4.420901775360107
3351447429.0,0.4078892171382904,0.7262151837348938,9.992039680480955,2.8842523097991943,1.305442214012146,4.367572784423828
3351455762.0,0.2220218479633331,0.6086087822914124,10.07387351989746,2.770012855529785,1.0832644701004028,4.379611492156982
3351464095.0,0.2915739417076111,0.2652148604393005,9.957645416259766,2.507467269897461,0.7755861878395081,4.326077461242676
3351472428.0,0.4119042456150055,0.2762958109378814,9.74868106842041,2.514177799224853,0.5675216913223267,4.384836196899414
3351480761.0,0.5012637972831726,0.3497238159179687,9.73830795288086,2.637152194976806,1.2100805044174194,4.364781379699707
3351489094.0,0.5525367259979248,0.524861752986908,9.93818473815918,2.784408569335937,1.1372336149215698,4.27869176864624
3351497427.0,0.4075775146484375,0.4699755311012268,9.744014739990234,2.6060564517974854,1.0659235715866089,4.0875325202941895
3351505760.0,0.1428134888410568,0.2729057669639587,9.702559471130373,2.443406105041504,1.5638644695281982,4.093730926513672
3351514093.0,-0.02664190903306,0.3757908642292022,9.985062599182127,2.526472806930542,1.793700933456421,4.082614421844482
3351522426.0,-0.1030269041657447,0.2207953780889511,9.99506950378418,2.53515625,1.4250352382659912,3.90036940574646
3351530759.0,0.039612203836441,0.090757317841053,10.028535842895508,2.7525441646575928,0.7935931086540222,3.8054685592651367
3351539092.0,0.2183754593133926,0.2277692407369613,9.596421241760254,2.8946006298065186,0.823894739151001,3.784490585327149
3351547425.0,0.1937599182128906,0.2696704566478729,9.75837516784668,2.9779751300811768,1.41891348361969,3.73889684677124
3351555758.0,0.2513443827629089,0.5264242887496948,9.91423797607422,3.050360918045044,1.3892520666122437,3.72416877746582
3351564091.0,0.323273241519928,0.4593738615512848,9.90944480895996,2.838813304901123,0.7763291001319885,3.4935896396636963
3351572424.0,0.4185558557510376,0.4754261672496795,9.866315841674805,2.872700452804565,0.8596009612083435,3.6998870372772217
3351580757.0,0.3206571638584137,0.4989697933197021,9.76328468322754,2.8963427543640137,1.2052139043807983,3.672121047973633
3351589090.0,0.2581140398979187,0.6551123261451721,10.130928993225098,2.6507790088653564,1.2912521362304688,3.5339834690093994
3351597423.0,0.2203167080879211,0.8776386976242065,10.099038124084473,2.663073778152466,0.7320420742034912,3.3921573162078857
3351605756.0,0.3594110012054443,0.739575982093811,9.973884582519531,2.451166868209839,0.3474954962730407,3.362700700759888
3351614089.0,0.3991957008838653,0.6307989358901978,9.974814414978027,2.1742513179779053,0.5156016945838928,3.484931707382202
3351622422.0,0.2872998118400574,0.378756582736969,9.666671752929688,2.0313496589660645,0.8558355569839478,3.429297685623169
3351630755.0,-0.0067259450443089,0.1268986165523529,10.008682250976562,2.1813981533050537,0.8020201921463013,3.48595666885376
3351639088.0,-0.0473211742937564,0.1820826679468155,9.790730476379396,2.393048048019409,0.2753402292728424,3.384242296218872
3351647421.0,0.15183025598526,0.0217482298612594,9.809369087219238,2.502779960632324,-0.0735384821891784,3.402351856231689
3351655754.0,0.2058611661195755,0.3364056646823883,9.915335655212402,2.53641128540039,0.0686077252030372,3.3719735145568848
3351664087.0,0.1548154503107071,0.3717071115970611,9.79793643951416,2.6925041675567627,0.6791998744010925,3.452043056488037
3351672420.0,0.0471127144992351,0.3817509710788727,10.362412452697754,2.608515739440918,0.8129318356513977,3.402479887008667
3351680753.0,0.082681655883789,0.4322023689746856,10.161284446716309,2.46164345741272,0.0207347236573696,3.415056705474853
3351689086.0,0.2194870412349701,0.3716742992401123,10.235485076904297,2.2838804721832275,-0.0141134420409798,3.422074556350708
3351697419.0,0.2835526764392853,0.5171528458595276,10.140969276428224,2.498476505279541,0.4070486426353454,3.376225233078003
3351705752.0,0.3974711894989013,0.5088131427764893,10.193480491638184,2.396941900253296,0.3947794139385223,3.4640817642211914
3351714085.0,0.3586395680904388,0.6629685759544373,10.320713996887209,2.325862169265747,-0.0320177972316741,3.316185474395752
3351722418.0,0.5721667408943176,0.6714667677879333,9.878920555114746,2.2347521781921387,-0.4201502203941345,3.3750975131988525
3351730751.0,0.4349281191825866,0.5824685096740723,9.963479042053224,1.747467041015625,0.2795153260231018,3.440516710281372
3351739084.0,0.4122703373432159,0.5396976470947266,9.873204231262209,1.825872182846069,0.4720831513404846,3.37619948387146
3351747417.0,0.3772048652172088,0.4180011451244354,10.173225402832031,1.66824209690094,0.0769067332148552,3.25988507270813
3351755750.0,0.3132612705230713,0.2987610995769501,10.081931114196776,1.732457160949707,-0.2681297957897186,3.362700700759888
3351764083.0,0.4672468900680542,0.270061194896698,9.87231731414795,1.6113786697387695,0.1465006023645401,3.301405906677246
3351772416.0,0.3985903859138489,0.1861252933740615,10.095120429992676,1.9362437725067136,0.1945528984069824,3.3746109008789062
3351780749.0,0.5575336813926697,0.1063136383891105,9.867088317871094,1.7277696132659912,0.138662651181221,3.342260360717773
3351789082.0,0.3804379105567932,0.0771223604679107,9.855777740478516,1.9499987363815308,0.0353092215955257,3.3626749515533447
3351797415.0,0.4712478518486023,-0.0748467668890953,9.73813819885254,2.068823337554932,0.4600956439971924,3.416746139526367
3351805748.0,0.3507881462574005,0.0371485315263271,9.89228057861328,2.1017119884490967,0.6987690925598145,3.355630874633789
3351814081.0,0.413047194480896,-0.0295676700770854,9.86764430999756,2.609104633331299,0.5226457118988037,3.366850614547729
3351822414.0,0.5090711116790771,0.018202219158411,9.935746192932127,2.223072052001953,0.5167543888092041,3.1589651107788086
3351830747.0,0.5585296750068665,0.2508074343204498,9.768486976623535,2.5159709453582764,0.7940028309822083,3.2190051078796387
3351839080.0,0.5463820695877075,0.4548466503620147,9.881479263305664,2.550166130065918,1.121737003326416,3.191444158554077
3351847413.0,0.5480427145957947,0.3302054703235626,10.074027061462402,2.686818122863769,0.9914373755455016,3.173616647720337
3351855746.0,0.5183060169219971,0.5028864145278931,9.97753620147705,2.1875195503234863,0.7948993444442749,3.055867910385132
3351864079.0,0.5502980351448059,0.4192091524600982,9.888051986694336,2.197381019592285,0.9698445200920104,3.073387861251831
3351872412.0,0.5292043685913086,0.635726809501648,9.797320365905762,2.3315742015838623,1.1897426843643188,2.999439716339112
3351880745.0,0.4025661051273346,0.1710394769906997,9.92438793182373,2.2553718090057373,1.2883319854736328,2.9363772869110107
3351889078.0,0.4832571148872375,0.1989465653896331,9.8473482131958,2.12899112701416,1.1411268711090088,2.852952003479004
3351897411.0,0.5512997508049011,0.1217939555644989,9.87510585784912,2.518250226974488,0.9854434728622437,2.745192289352417
3351905744.0,0.5461768507957458,0.1898469775915146,9.717097282409668,2.508261203765869,1.1801117658615112,2.482672691345215
3351914077.0,0.3071632981300354,0.0262421686202287,9.722814559936523,2.608643054962158,1.6365317106246948,2.5904314517974854
3351922410.0,0.269522875547409,0.1162814646959304,9.695391654968262,2.752262592315674,1.4921443462371826,2.487027168273926
3351930743.0,0.2439274340867996,-0.0145753230899572,9.893004417419434,3.04715895652771,0.6301997900009155,2.49353289604187
3351939076.0,0.4013316631317138,0.1133357584476471,9.586137771606444,3.2446448802948,0.8422856330871582,2.399144411087036
3351947409.0,0.3448231518268585,0.1153189241886138,9.730546951293944,3.1644210815429688,1.2352849245071411,2.418354749679565
3351955742.0,0.3566843569278717,0.5078731775283813,9.886564254760742,3.2502546310424805,1.2671490907669067,2.4461467266082764
3351964075.0,0.3817214369773865,0.435052216053009,9.974599838256836,3.143545389175415,0.5960816144943237,2.310544490814209
3351972408.0,0.48300701379776,0.6329239010810852,9.86322784423828,2.9511823654174805,0.6268699765205383,2.2622621059417725
3351980741.0,0.4970152974128723,0.5674192905426025,9.946672439575195,2.8129422664642334,1.0049359798431396,2.2673590183258057
3351989074.0,0.440314382314682,0.8012694716453552,9.92629337310791,2.695629119873047,1.064591646194458,2.3315742015838623
3351997407.0,0.4666541814804077,0.5717375874519348,10.089174270629885,2.397735834121704,0.7451821565628052,2.4621810913085938
3352005740.0,0.3034106791019439,0.6187050938606262,9.997393608093262,1.967570424079895,0.4610434174537658,2.5089271068573
3352014073.0,0.2838521599769592,0.3210398852825165,9.902485847473145,2.06093430519104,1.0166418552398682,2.592378616333008
3352022406.0,0.3112353980541229,0.3319897949695587,10.108405113220217,2.185060739517212,0.3358666598796844,2.6068503856658936
3352030739.0,0.4956610202789306,0.2431261986494064,10.005568504333496,2.0451302528381348,0.0189161151647567,2.688098907470703
3352039072.0,0.4694291651248932,0.1965368539094925,9.786389350891112,2.069284677505493,-0.2361632585525512,2.671142339706421
3352047405.0,0.2989291548728943,0.1904210448265075,9.552334785461426,2.30385971069336,0.6416237950325012,2.7506489753723145
3352055738.0,0.3221956789493561,0.1273225247859954,10.151677131652832,2.47445011138916,0.341681033372879,2.828003406524658
3352064071.0,0.2504868805408478,0.2283538281917572,9.987814903259276,2.378115177154541,-0.1591156423091888,2.7460124492645264
3352072404.0,0.4568255543708801,0.2608926594257355,10.027073860168455,2.4310340881347656,-0.4228397309780121,2.9919087886810303
3352080737.0,0.385699987411499,0.5264559388160706,9.930081367492676,2.516508817672729,0.0013703614240512,2.877105712890625
3352089070.0,0.4020755589008331,0.3701449930667877,10.256547927856444,2.480700254440308,0.2683218717575073,3.051001071929932
3352097403.0,0.3695226013660431,0.3329952657222748,10.189057350158691,2.4688920974731445,-0.4753232896327972,2.933149814605713
3352105736.0,0.6109042167663574,0.3636396825313568,9.971534729003906,2.466765880584717,-0.4016056060791015,2.95589542388916
3352114069.0,0.7027002573013306,0.4552035629749298,9.900324821472168,2.664431095123291,-0.4162569344043731,3.06844449043274
3352122402.0,0.6415126919746399,0.4698654115200043,9.82993984222412,2.4815709590911865,0.1601017713546753,3.0567898750305176
3352130735.0,0.4741208255290985,0.4250722229480743,10.224331855773926,2.332547426223755,0.3824589252471924,3.1379613876342773
3352139068.0,0.3481816351413727,0.3473242223262787,10.182663917541504,2.23372769355774,0.1638670563697815,3.155353307723999
3352147401.0,0.6043081879615784,0.2046243697404861,10.369065284729004,2.408954620361328,-0.2339604198932647,3.274818420410156
3352155734.0,0.5738601684570312,0.4095116555690765,9.973505973815918,2.532748222351074,-0.4040645360946655,3.0975165367126465
3352164067.0,0.6686072945594788,0.1745330244302749,10.064868927001951,2.273890972137451,0.1231148168444633,3.196797609329224
3352172400.0,0.5923529863357544,0.3569752275943756,10.070960998535156,2.2488913536071777,0.1455528736114502,3.2596547603607178
3352180733.0,0.8680770397186279,0.3418156802654266,10.29526424407959,2.412130832672119,-0.0405729450285434,3.187243223190308
3352189066.0,0.8502603769302368,0.4642548859119415,10.132867813110352,2.4867706298828125,-0.4640786945819855,3.182222843170166
3352197399.0,0.7193760871887207,0.4962491691112518,9.869783401489258,2.302809238433838,0.4865808188915252,3.258066415786743
3352205732.0,0.5842065811157227,0.6078187227249146,10.18514633178711,2.2575490474700928,0.6694664359092712,3.056917905807495
3352214065.0,0.6126446723937988,0.5745730996131897,10.353747367858888,2.1381351947784424,0.4270788729190826,3.0024874210357666
3352222398.0,0.6161115169525146,0.4040663242340088,10.24587631225586,2.141746759414673,-0.1534804701805114,3.036554336547852
3352230731.0,0.5190831422805786,0.2406826019287109,9.88242244720459,2.1389551162719727,0.6043550968170166,3.0637571811676025
3352239064.0,0.6235226988792419,0.0069152279756963,10.205133438110352,2.1577813625335693,0.9942549467086792,3.045673370361328
3352247397.0,0.6272006034851074,0.2236340939998626,10.120017051696776,2.3885655403137207,0.3650412261486053,2.913657665252685
3352255730.0,0.893864095211029,0.2633990347385406,10.001903533935549,2.755361557006836,0.1756496131420135,2.756514072418213
3352264063.0,0.7440464496612549,0.5209820866584778,9.618240356445312,2.8519015312194824,0.5982844233512878,2.7216789722442627
3352272396.0,0.58835768699646,0.3546106815338135,9.738985061645508,2.666685104370117,1.6803834438323977,2.8760814666748047
3352280729.0,0.2222924083471298,0.6303244233131409,10.028903007507324,2.545939683914185,1.5934230089187622,2.8083062171936035
3352289062.0,0.313720703125,0.5422694683074951,10.20822525024414,2.5358471870422363,1.148093819618225,2.869011878967285
3352297395.0,0.3603861331939697,0.5203496217727661,9.950932502746582,2.595682382583618,0.4325347542762756,2.6859471797943115
3352305728.0,0.3727781772613525,0.5311769843101501,9.72685718536377,2.460362434387207,1.159978985786438,2.7918615341186523
3352314061.0,0.4065176546573639,0.5645711421966553,9.925494194030762,2.36779260635376,1.212590575218201,2.7519803047180176
3352322394.0,0.4276289343833923,0.6548752784729004,9.843214988708496,2.338822841644287,0.8651847839355469,2.7252907752990723
3352330727.0,0.5584365129470825,0.5004538297653198,9.898906707763672,2.13519024848938,0.5096848607063293,2.600959300994873
3352339060.0,0.4525161683559418,0.6419613361358643,9.553811073303224,1.95898962020874,0.9320380091667176,2.763840436935425
3352347393.0,0.3796168863773346,0.5510662794113159,9.757431030273438,2.012138843536377,1.4443225860595703,2.77984881401062
3352355726.0,0.1839921474456787,0.6046359539031982,9.754011154174805,1.913139820098877,1.2014484405517578,2.6614086627960205
3352364059.0,0.0398190319538116,0.1601557433605194,9.905776977539062,1.8439303636550903,0.9616993069648744,2.910994052886963
3352372392.0,0.0194971989840269,0.3412880301475525,9.6942138671875,1.8755639791488647,0.625025749206543,2.938093900680542
3352380725.0,0.0369363687932491,0.1107269898056984,9.94696044921875,2.246611356735229,0.5609900951385498,3.063551902770996
3352389058.0,0.0598204098641872,0.2792300581932068,9.730456352233888,2.113955497741699,0.0246280841529369,3.023747444152832
3352397391.0,0.1702329814434051,0.2398755699396133,9.703433990478516,2.167156219482422,-0.2200262695550918,2.9275147914886475
3352405724.0,0.3350205421447754,0.0834933370351791,9.726862907409668,2.3890268802642822,-0.2639290392398834,2.953308343887329
3352414057.0,0.2999536991119385,0.1472561359405517,9.641629219055176,2.419404983520508,0.1609470397233963,3.1142938137054443
3352422390.0,0.159103125333786,0.1804922819137573,10.00480842590332,2.5426862239837646,0.1601529866456985,3.1947479248046875
3352430723.0,-0.019792728126049,0.5284570455551147,9.829985618591309,2.5435831546783447,-0.0571197383105754,3.252584934234619
3352439056.0,0.1181588917970657,0.4627287089824676,10.113565444946287,2.467329502105713,-0.6880239844322205,3.168006896972656
3352447389.0,0.1707759946584701,0.5563169717788696,9.922903060913086,2.3926126956939697,-0.6381786465644836,3.2302238941192627
3352455722.0,0.1639096438884735,0.4697400033473968,10.07717227935791,2.3053195476531982,-0.37404465675354,3.218671560287476
3352464055.0,0.1496953219175338,0.6991057991981506,10.009905815124512,2.159062385559082,-0.2684115767478943,3.352634191513061
3352472388.0,0.4292278289794922,0.6099358201026917,10.08342456817627,2.115774154663086,-1.04508638381958,3.257631063461304
3352480721.0,0.3905695378780365,0.6693601608276367,9.838114738464355,1.6694461107254028,-0.9575625658035278,3.27315354347229
3352489054.0,0.3901425302028656,0.4110379219055176,9.861915588378906,1.7059463262557983,-0.1659802347421646,3.343336343765259
3352497387.0,0.1548099666833877,0.6078566312789917,10.258575439453123,1.5898369550704956,-0.3401826322078705,3.324842691421509
3352505720.0,0.2256982177495956,0.4461063742637634,10.36160659790039,1.509075403213501,-0.9476497769355774,3.4096004962921143
3352514053.0,0.3577978909015655,0.6234785318374634,10.051443099975586,1.294171929359436,-1.5333447456359863,3.318669319152832
3352522386.0,0.4962056279182434,0.3090751469135284,9.894075393676758,1.191689372062683,-0.7844359278678894,3.4441027641296387
3352530719.0,0.4067795276641845,0.3863745033740997,10.004358291625977,1.3801844120025637,-0.2136226743459701,3.538439512252808
3352539052.0,0.4787806570529938,0.3276379108428955,10.201560974121094,1.4474989175796509,-0.5694301128387451,3.287369966506958
3352547385.0,0.6130555272102356,0.5256776809692383,10.019095420837402,1.4123047590255735,-1.4534797668457031,3.2842700481414795
3352555718.0,0.7518048286437988,0.3388237357139587,9.72814655303955,1.3209388256072998,-0.8405823111534119,3.3595244884490967
3352564051.0,0.5431149005889893,0.3208751082420349,9.826519966125488,1.4518532752990725,0.0509851351380348,3.353044271469116
3352572384.0,0.458217591047287,0.1116754412651062,10.084144592285156,1.6224182844161987,0.4371196627616882,3.4018642902374268
3352580717.0,0.4889872372150421,0.1340215057134628,10.227705955505373,1.7221602201461792,-0.5197128057479858,3.2095274925231934
3352589050.0,0.7649452090263367,0.0695456266403198,9.725221633911133,1.905225396156311,-0.5875136852264404,3.1521005630493164
3352597383.0,0.7840227484703064,0.0477048270404338,9.744270324707031,2.145230531692505,0.0383829288184642,2.959712028503418
3352605716.0,0.7803592681884766,0.0507268831133842,9.753108024597168,2.5231430530548096,0.8022250533103943,3.171874761581421
3352614049.0,0.6773622632026672,0.0478294976055622,10.08686351776123,2.658642292022705,0.5592227578163147,3.00274395942688
3352622382.0,0.7762866020202637,0.0784650444984436,9.795985221862791,2.7453458309173584,0.3056930303573608,2.9123764038085938
3352630715.0,0.8746565580368042,0.1104072332382202,9.749728202819824,2.944113254547119,0.7639574408531189,3.0019242763519287
3352639048.0,0.8580057621002197,0.2171684503555297,9.810126304626465,3.047005414962769,1.4325401782989502,3.047005414962769
3352647381.0,0.5455703735351562,0.1171088442206382,9.945335388183594,3.111655712127685,1.7466988563537598,2.996289253234864
3352655714.0,0.531891942024231,0.2397796213626861,9.926324844360352,3.164856672286988,1.5036964416503906,2.978077888488769
3352664047.0,0.6632475852966309,0.0497768484055995,10.032925605773926,3.140061855316162,0.9778106212615968,3.084633111953736
3352672380.0,0.9050098657608032,0.3000731170177459,9.6631498336792,3.134324550628662,1.387279987335205,3.061349630355835
3352680713.0,0.9184809327125548,0.3552334010601043,9.852783203125,3.3021748065948486,2.0821685791015625,3.05548357963562
3352689046.0,0.7488722205162048,0.5478390455245972,9.707984924316406,3.237396001815796,2.2766828536987305,2.996929407119751
3352697379.0,0.5681935548782349,0.3905464708805084,9.713933944702148,2.9976725578308105,2.230705499649048,3.083301067352295
3352705712.0,0.4381117224693298,0.4614583253860473,9.614957809448242,2.759613513946533,2.1876220703125,3.102024793624878
3352714045.0,0.3589005470275879,0.0806950330734252,9.692315101623535,2.9353785514831543,2.328397989273072,3.2451062202453613
3352722378.0,0.5803117752075195,-0.1540808081626892,9.864026069641112,3.042753458023072,2.213185310363769,3.142982006072998
3352730711.0,0.5853817462921143,-0.1949132531881332,9.761289596557615,3.3071436882019043,1.7880913019180298,3.295898675918579
3352739044.0,0.4305455982685089,0.4018131792545318,9.351844787597656,3.398407459259033,2.379498243331909,3.0233378410339355
3352747377.0,0.5030556917190552,0.3782587647438049,9.733521461486816,3.560109615325928,2.790632724761963,3.028076410293579
3352755710.0,0.740069568157196,0.461004763841629,9.841979026794434,3.020366907119751,2.210982322692871,3.1072757244110107
3352764043.0,0.6904461979866028,0.4301645755767822,9.610932350158691,2.9304862022399902,1.9685437679290767,3.175537586212158
3352772376.0,0.5547376275062561,0.8133578300476074,9.28731632232666,3.0712108612060547,3.0411911010742188,3.228712797164917
3352780709.0,0.4193595647811889,0.7216172218322754,9.907160758972168,3.179430723190308,3.3502776622772217,3.1566853523254395
3352789042.0,0.5217166543006897,0.5486221313476562,9.988296508789062,2.567814350128174,2.357726573944092,3.2066335678100586
3352797375.0,0.6405624747276306,0.4266780912876129,9.725510597229004,2.516534805297852,1.895107746124268,3.2381389141082764
3352805708.0,0.6534348726272583,0.7383230924606323,9.509522438049316,2.564894437789917,2.798675298690796,3.2403929233551025
3352814041.0,0.5054132342338562,0.5817696452140808,9.783360481262209,2.6528537273406982,3.126255750656128,3.1652660369873047
3352822374.0,0.3519617617130279,0.5582743287086487,9.824560165405272,2.17348313331604,2.654902935028076,3.235731363296509
3352830707.0,0.5661256909370422,0.2695284783840179,9.867391586303713,2.3672804832458496,2.091825008392334,3.283885955810547
3352839040.0,0.6363664865493774,0.3369610607624054,9.788785934448242,2.192028045654297,2.2405924797058105,3.239906311035156
3352847373.0,0.4792087376117706,0.3161956965923309,9.69683837890625,2.5558013916015625,3.2170069217681885,3.493025779724121
3352855706.0,0.4234717488288879,0.6042783260345459,9.972728729248049,2.366332530975342,3.10217833518982,3.309858560562134
3352864039.0,0.3519865572452545,0.2167807072401046,10.229825019836426,2.507441759109497,2.41943097114563,3.3648781776428223
3352872372.0,0.4241409599781036,0.3201416730880737,9.90279769897461,2.227324247360229,2.418022394180298,3.4279661178588867
3352880705.0,0.4063428938388824,0.3915230631828308,10.082664489746094,2.729132413864136,2.66671085357666,3.4374942779541016
3352889038.0,0.4511729180812835,0.687678873538971,10.164909362792969,2.737815618515014,2.817296504974365,3.325969696044922
3352897371.0,0.4087575376033783,0.3612221777439117,10.105486869812012,2.6063125133514404,2.287415266036988,3.398432970046997
3352905704.0,0.4189084470272064,0.4613835215568542,10.013527870178224,2.2931017875671387,2.632695198059082,3.341031312942505
3352914037.0,0.2724675834178924,0.5106340050697327,10.082451820373535,2.5297772884368896,2.935096740722656,3.3578851222991943
3352922370.0,0.316247820854187,0.692990779876709,10.125142097473145,2.578136920928955,2.852029800415039,3.144006490707397
3352930703.0,0.2027352005243301,0.4606595933437347,10.23625946044922,2.6596412658691406,2.40285873413086,3.140087366104126
3352939036.0,0.4252204895019531,0.5055992603302002,10.12155532836914,2.282932996749878,2.380343675613404,3.146465301513672
3352947369.0,0.3708236217498779,0.5204103589057922,10.203240394592283,2.758742570877075,2.5424559116363525,3.1344523429870605
3352955702.0,0.4187861382961273,0.6029024720191956,10.246624946594238,2.5082099437713623,2.640277147293091,2.9881186485290527
3352964035.0,0.2338268160820007,0.4836685061454773,10.28873348236084,2.507108449935913,2.5872302055358887,2.9939324855804443
3352972368.0,0.2949084341526031,0.6886970400810242,10.283944129943848,2.190747022628784,2.617838859558105,3.085401058197021
3352980701.0,0.2211897820234298,0.5796956419944763,10.393074035644531,2.1782219409942627,2.580518960952759,2.8775930404663086
3352989034.0,0.1629548668861389,0.8205654621124268,10.30020236968994,2.2152345180511475,2.6467576026916504,3.054049730300904
3352997367.0,0.0090230274945497,0.5256898999214172,10.393255233764648,2.135983943939209,2.521580696105957,2.97674560546875
3353005700.0,0.190712109208107,0.7886195778846741,10.236748695373535,2.016493320465088,1.936935544013977,2.85085129737854
3353014033.0,0.2953788936138153,0.4899487197399139,10.198090553283691,2.0157506465911865,1.6047958135604858,2.9437286853790283
3353022366.0,0.2519110441207886,0.7152644991874695,9.811483383178713,1.7911138534545898,1.885527729988098,2.8804614543914795
3353030699.0,-0.0569908432662487,0.4586630463600158,9.983033180236816,2.022026300430298,2.5523946285247803,2.968369960784912
3353039032.0,-0.1533383131027221,0.2616198062896728,10.112565994262695,1.71583354473114,2.152991533279419,2.9541022777557373
3353047365.0,-0.0080453706905245,-0.026664275676012,10.266529083251951,1.957836866378784,1.1595691442489624,3.127664566040039
3353055698.0,-0.0533828996121883,0.2590749859809875,9.763260841369627,1.9101945161819456,0.9554494619369508,2.9447021484375
3353064031.0,-0.3235560357570648,0.2054710388183593,9.81076717376709,2.4562129974365234,1.5961893796920776,2.9537949562072754
3353072364.0,-0.1325840950012207,0.2879989147186279,10.031577110290527,2.372044563293457,1.207416534423828,3.052358388900757
3353080697.0,0.118401288986206,0.3102578818798065,10.39244270324707,2.4021413326263428,-0.1274564266204834,3.164856433868408
3353089030.0,0.2337013036012649,0.6228585839271545,9.658357620239258,2.1381866931915283,-0.3929223418235779,3.1521518230438232
3353097363.0,-0.0247035659849643,0.5375922918319702,9.51243495941162,2.492098569869995,0.8946923613548279,3.235858678817749
3353105696.0,0.0198345985263586,0.27479287981987,9.86970043182373,2.241053342819214,0.9638764262199402,3.2971794605255127
3353114029.0,0.0174152515828609,-0.0166336521506309,10.035605430603027,2.115364551544189,-0.5342872738838196,3.362086057662964
3353122362.0,0.1719284504652023,0.2543100118637085,9.561091423034668,2.21966552734375,-0.6143574118614197,3.3284802436828613
3353130695.0,-0.0538518577814102,0.1948109716176986,9.63800811767578,2.47342586517334,0.3035415112972259,3.5269391536712646
3353139028.0,0.0996278747916221,0.2188361287117004,9.725686073303224,2.3623626232147217,0.2424259334802627,3.478144645690918
3353147361.0,0.3012665510177612,-0.0927023887634277,10.049386024475098,2.24220609664917,-1.0857107639312744,3.581625699996948
3353155694.0,0.5151404738426208,0.0255242455750703,9.327866554260254,2.2562172412872314,-1.4632899761199951,3.691100835800171
3353164027.0,0.2328074872493744,-0.0027107496280223,9.207649230957031,2.70751428604126,-0.0172639954835176,3.834387063980103
3353172360.0,0.1423568874597549,0.1915230751037597,9.514707565307615,2.7523903846740723,0.4058703482151031,3.9246513843536377
3353180693.0,0.1410973668098449,0.0986801385879516,9.956465721130373,2.7628414630889893,-0.8889420628547668,3.882823944091797
3353189026.0,0.2822186946868896,0.0978393107652664,9.483358383178713,2.4697630405426025,-1.352662205696106,3.794992208480835
3353197359.0,0.1724168956279754,0.1996036171913147,9.406326293945312,3.0790743827819824,-0.6667641997337341,3.821221590042114
3353205692.0,0.2617765665054321,0.2038906514644622,9.529407501220703,3.206248998641968,-0.4059087932109833,3.938431739807129
3353214025.0,0.12960946559906,0.176437422633171,9.668304443359377,3.05356240272522,-1.4243052005767822,3.807415246963501
3353222358.0,0.2849273383617401,0.2000187188386917,9.27458953857422,2.89741849899292,-1.7847744226455688,3.770530939102173
3353230691.0,0.2262346744537353,0.428528368473053,9.413344383239746,3.3151352405548096,-1.0677038431167605,3.8735511302948
3353239024.0,0.400505781173706,0.3255875408649444,9.459236145019531,3.528194665908813,-0.9171946048736572,3.752395868301392
3353247357.0,0.2042355984449386,0.2511912882328033,9.707815170288086,3.212038040161133,-1.4153401851654053,3.663923978805542
3353255690.0,0.3647613227367401,0.1727527678012848,9.425020217895508,3.2758684158325195,-1.5301941633224487,3.6287553310394287
3353264023.0,0.2981413900852203,0.4390393495559692,9.657552719116213,3.401250123977661,-1.119623780250549,3.6334173679351807
3353272356.0,0.5301490426063538,0.3213286101818084,9.637184143066406,3.683929204940796,-1.118624925613403,3.488492488861084
3353280689.0,0.4442385733127594,0.3542154729366302,9.666386604309082,3.6378233432769775,-1.6522974967956543,3.404042482376098
3353289022.0,0.4901590049266815,0.2424035817384719,9.45655918121338,3.665410041809082,-1.291008710861206,3.478144645690918
3353297355.0,0.4208808243274688,0.5473628044128418,9.73034381866455,3.6863112449646,-0.6277536153793335,3.3561437129974365
3353305688.0,0.555965781211853,0.5662675499916077,9.887450218200684,3.869862794876098,-0.9137110114097596,3.359729290008545
3353314021.0,0.6177547574043274,0.5609304308891296,9.972566604614258,3.728548765182495,-1.3884451389312744,3.2521753311157227
3353322354.0,0.7214619517326355,0.3421482443809509,9.634842872619627,3.7182517051696777,-1.1305354833602903,3.2581942081451416
3353330687.0,0.6121739745140076,0.5466344952583313,9.561700820922852,3.627244472503662,-0.2927707135677337,3.2912628650665283
3353339020.0,0.533779501914978,0.5179554224014282,9.921026229858398,3.873141288757324,-0.0204145461320877,3.164907693862915
3353347353.0,0.6218061447143555,0.5692076683044434,10.10616683959961,3.526606321334839,-0.5510903000831604,3.157710075378418
3353355686.0,0.4595012664794922,0.4182938933372497,9.923357009887695,3.5258381366729736,-0.7601281404495239,3.3065288066864014
3353364019.0,0.5768088102340698,0.6109548211097717,9.853471755981444,3.676987171173096,0.0484493225812912,3.3324759006500244
3353372352.0,0.303264707326889,0.6332932710647583,10.18413257598877,3.8660714626312256,0.1174028441309928,3.272922992706299
3353380685.0,0.4884475469589233,0.7399011850357056,10.178303718566896,3.3411338329315186,-0.394151896238327,3.240956544876098
3353389018.0,0.5344656705856323,0.7804775834083557,10.280219078063965,3.170133352279663,-0.6237834692001343,3.154892683029175
3353397351.0,0.8621262311935425,0.90293550491333,10.03558349609375,2.8609437942504883,0.0179939996451139,3.2068638801574707
3353405684.0,0.5855085253715515,0.8310708999633789,10.351397514343262,2.95597243309021,0.5008479356765747,3.351994037628174
3353414017.0,0.5577056407928467,0.871632993221283,10.250699043273926,2.719630002975464,0.6201591491699219,3.2938756942749023
3353422350.0,0.3374835848808288,0.8574522137641907,10.693435668945312,2.368023157119751,0.4684459269046783,3.311805009841919
3353430683.0,0.6551010608673096,0.8451103568077087,10.478590965270996,2.2779381275177,0.2164787203073501,3.402172088623047
3353439016.0,0.5521129369735718,0.905115842819214,10.611547470092772,2.07822322845459,0.5239774584770203,3.467462539672852
3353447349.0,0.6067622303962708,0.6248911619186401,10.22245979309082,1.9710792303085327,0.6494104862213135,3.55350112915039
3353455682.0,0.4773412346839905,0.4917180836200714,10.485599517822266,1.7035642862319946,0.8986882567405701,3.4871857166290283
3353464015.0,0.7532464861869812,0.2748315632343292,10.307249069213867,1.9212596416473389,0.6029719114303589,3.688180923461914
3353472348.0,0.7122981548309326,0.4990196824073791,10.394608497619627,1.7997456789016724,0.6657267808914185,3.5812923908233643
3353480681.0,0.5514982342720032,0.5575446486473083,10.136869430541992,2.061805009841919,1.3709890842437744,3.697376012802124
3353489014.0,0.4250828921794891,0.6700814366340637,10.434148788452148,1.779228925704956,1.8483617305755613,3.668612003326416
3353497347.0,0.4001114666461944,0.4997906684875488,10.809779167175291,2.0177998542785645,1.154753804206848,3.727217197418213
3353505680.0,0.5780084133148193,0.6567978262901306,10.560758590698242,1.774771809577942,0.6609880924224854,3.609211921691896
3353514013.0,0.4486397504806518,0.5834257006645203,10.45877742767334,1.8421374559402464,1.3118458986282349,3.6906914710998535
3353522346.0,0.5735951066017151,0.6882415413856506,10.256474494934082,1.8394734859466555,1.5818712711334229,3.630241632461548
3353530679.0,0.4627215266227722,0.3599965870380401,10.438838005065918,1.977201223373413,1.3178396224975586,3.61530876159668
3353539012.0,0.6458316445350647,0.193684235215187,9.970455169677734,1.8431874513626096,1.0049617290496826,3.491591453552246
3353547345.0,0.2781164050102234,0.3634965717792511,10.00296688079834,2.1690263748168945,1.5932694673538208,3.5683064460754395
3353555678.0,0.2710711359977722,0.394566923379898,9.908565521240234,2.196817874908448,2.2498390674591064,3.6930222511291504
3353564011.0,0.1339063793420791,0.4493570327758789,10.385945320129396,2.454189777374268,1.638837218284607,3.461930513381958
3353572344.0,0.320621520280838,0.145040825009346,9.987466812133787,2.356138229370117,0.8076297044754028,3.528834581375122
3353580677.0,0.1829867511987686,0.2974977493286133,10.07157039642334,2.376629590988159,1.2036513090133667,3.573736429214477
3353589010.0,0.267631471157074,0.4473375678062439,9.89875602722168,2.874570369720459,1.6915514469146729,3.560314893722534
3353597343.0,0.2549081444740295,0.6395297050476074,10.286169052124023,2.6388936042785645,1.2103110551834106,3.363110542297364
3353605676.0,0.4152363240718841,0.4595966339111328,9.974011421203612,2.715916156768799,0.5549708604812622,3.431193590164185
3353614009.0,0.4671593606472015,0.4878380596637726,9.785422325134276,2.3719677925109863,1.0166418552398682,3.437443494796753
3353622342.0,0.2048515230417251,0.4796592891216278,9.802759170532228,2.8057451248168945,1.589785933494568,3.3575010299682617
3353630675.0,0.0978387296199798,0.4172186553478241,9.823720932006836,2.6063122749328613,1.6334326267242432,3.327686071395874
3353639008.0,0.0637486800551414,0.2453459501266479,10.110090255737305,2.674881935119629,0.7709757089614868,3.4155433177948
3353647341.0,0.4164813458919525,0.2105998694896698,9.781328201293944,2.542200088500977,0.5630905628204346,3.5074470043182373
3353655674.0,0.2276717275381088,0.290112167596817,9.63770866394043,2.990321159362793,1.0054484605789185,3.5027849674224854
3353664007.0,0.3101010620594024,0.4276075661182403,9.52560329437256,3.1408557891845703,1.0515283346176147,3.390261650085449
3353672340.0,0.0544392727315425,0.5472012162208557,9.803503036499023,2.96083927154541,0.7962056994438171,3.3244333267211914
3353680673.0,0.2729125618934631,0.4692637026309967,9.601032257080078,2.5681471824646,0.4038212299346924,3.476991653442383
3353689006.0,0.3388353586196899,0.640696108341217,9.68426513671875,2.5835416316986084,0.5256681442260742,3.452555894851685
3353697339.0,0.2175125032663345,0.4217352867126465,9.512900352478027,2.773701429367065,1.117152214050293,3.4017114639282227
3353705672.0,0.1031570509076118,0.5792875289916992,9.711122512817385,2.502830982208252,1.031574845314026,3.4372129440307617
3353714005.0,0.1613368093967437,0.4749802649021148,9.744840621948242,2.699292182922364,0.321650743484497,3.450045108795166
3353722338.0,0.3311457931995392,0.6106706261634827,9.648494720458984,2.3197147846221924,-0.1219237446784973,3.4332165718078613
3353730671.0,0.2863360643386841,0.5948574542999268,9.475378036499023,2.476064443588257,0.58209627866745,3.480475425720215
3353739004.0,0.3254924714565277,0.532396674156189,9.559024810791016,2.2417449951171875,0.7278668880462646,3.6074702739715576
3353747337.0,0.1479525715112686,0.3533567190170288,9.578448295593262,2.215669870376587,0.1054666191339492,3.5879781246185303
3353755670.0,0.3972255289554596,0.0005268029635772,9.44133186340332,1.9818118810653689,0.022604564204812,3.748451471328736
3353764003.0,0.2863979935646057,0.0510342828929424,9.49500846862793,2.248814344406128,0.4669603407382965,3.906337261199951
3353772336.0,0.3645761013031006,0.2725434303283691,9.604302406311035,2.683872699737549,0.6701580286026001,3.91525149345398
3353780669.0,0.0849831253290176,0.5698608756065369,9.836538314819336,2.5405097007751465,0.582967221736908,3.780238628387451
3353789002.0,0.1696110665798187,0.5413075089454651,9.812905311584473,2.45406174659729,0.2712419629096985,3.823552370071411
3353797335.0,0.3378673791885376,0.536663293838501,10.134425163269045,2.115262031555176,-0.0218233279883861,3.8286755084991455
3353805668.0,0.2633401751518249,0.5424707531929016,9.671032905578612,2.382700204849243,0.0376657359302043,3.951008796691896
3353814001.0,0.1900722533464431,0.5593332052230835,9.70144748687744,2.409108161926269,0.6599380373954773,3.81786584854126
3353822334.0,0.1362225711345672,0.5091115832328796,9.917705535888672,2.474194288253784,0.2692952752113342,3.766970634460449
3353830667.0,0.4734559953212738,0.4895482957363128,9.933847427368164,2.09510350227356,-0.0793016776442527,3.765792369842529
3353839000.0,0.4299289584159851,0.4991464912891388,9.839329719543455,2.3751440048217773,0.151879608631134,3.667741298675537
3353847333.0,0.3948304057121277,0.467212438583374,9.597073554992676,2.517738580703736,0.7219756841659546,3.826421022415161
3353855666.0,0.0148831252008676,0.4483127892017364,10.069059371948242,2.53397798538208,1.107418656349182,3.7452242374420166
3353863999.0,0.1971347033977508,0.3035333156585693,10.16961669921875,2.501678705215454,0.2145320475101471,3.615846633911133
3353872332.0,0.2987087666988373,0.3999761343002319,10.155388832092283,2.6043405532836914,-0.1762771606445312,3.660568952560425
3353880665.0,0.2685030698776245,0.4030402600765228,9.855875015258787,2.889324426651001,0.4233905076980591,3.675809383392334
3353888998.0,0.3178989589214325,0.5693628787994385,10.06967544555664,2.9113523960113525,0.835369884967804,3.551349878311157
3353897331.0,0.4349356293678283,0.5389697551727295,10.190437316894531,2.969266176223755,0.2766209542751312,3.409447193145752
3353905664.0,0.5445738434791565,0.6679279208183289,10.01818561553955,2.551241636276245,-0.0733591690659523,3.3140337467193604
3353913997.0,0.409428209066391,0.7632349729537964,9.903141975402832,2.797292470932007,0.963569164276123,3.3819117546081543
3353922330.0,0.3545334935188293,0.7532958388328552,10.121036529541016,2.6980626583099365,1.372859001159668,3.3945908546447754
3353930663.0,-0.0148078212514519,0.5438689589500427,10.46140480041504,2.466458797454834,1.0436393022537231,3.31823468208313
3353938996.0,-0.0105756586417555,0.3533830642700195,10.067130088806152,2.574269294738769,0.6165730953216553,3.3962044715881348
3353947329.0,0.1674168109893798,0.3794144093990326,10.265040397644045,2.7609200477600098,0.2319241166114807,3.476940393447876
3353955662.0,0.3259952664375305,0.4771144986152649,9.954509735107422,2.8363795280456543,0.3342017531394958,3.440567970275879
3353963995.0,0.4606814980506897,0.5698357224464417,9.96755027770996,2.525909185409546,0.6652401089668274,3.2337329387664795
3353972328.0,0.3585217595100403,0.5955211520195007,9.929670333862305,2.6083104610443115,0.9605723023414612,3.331502914428711
3353980661.0,0.3992142975330353,0.3406341075897217,10.061012268066406,2.574781656265259,1.138181447982788,3.3664920330047607
3353988994.0,0.3593402206897735,0.4561336934566498,10.235011100769045,2.681797742843628,1.1854140758514404,3.415568828582764
3353997327.0,0.3267561495304107,0.5120455622673035,10.014520645141602,2.510079860687256,1.330851674079895,3.5028109550476074
3354005660.0,0.2421618551015854,0.7251710891723633,10.289841651916504,2.467073440551758,1.566400170326233,3.502349853515625
3354013993.0,0.3259681463241577,0.5858175754547119,10.129775047302246,2.38989806175232,1.0996575355529783,3.510802745819092
3354022326.0,0.3705536723136902,0.4546005725860595,10.119773864746094,2.078838586807251,0.9490202069282532,3.6132850646972656
3354030659.0,0.2858288288116455,0.3331643044948578,9.708991050720217,2.241617202758789,1.051887035369873,3.7717089653015137
3354038992.0,0.5139809846878052,0.1455347687005996,9.66943073272705,2.2138257026672363,1.388739824295044,3.7166128158569336
3354047325.0,0.4675525426864624,0.2255938202142715,9.993700981140137,2.38106107711792,1.3020100593566897,3.839330911636353
3354055658.0,0.2044830918312072,0.1435451209545135,9.628747940063477,2.3741707801818848,1.513455510139465,3.890071868896485
3354063991.0,-0.0061645964160561,0.4592681229114532,9.982781410217283,2.4302399158477783,2.130527973175049,3.868120670318604
3354072324.0,0.1597634553909301,0.3855895400047302,10.011306762695312,2.4565205574035645,1.5404529571533203,3.854442596435547
3354080657.0,0.2765305042266845,0.2599997818470001,10.11648654937744,2.3466098308563232,0.7977425456047058,3.933565378189087
3354088990.0,0.2502267360687256,0.4189491868019104,9.581515312194824,2.667658805847168,1.252753734588623,3.9096412658691406
3354097323.0,0.0605880506336689,0.3855571448802948,9.821680068969728,2.781180620193481,2.268486261367798,3.9064395427703857
3354105656.0,0.0155658544972538,0.5662365555763245,9.957441329956056,2.8625059127807617,1.4925799369812012,3.859540224075317
3354113989.0,0.2501886487007141,0.2415873408317566,9.63243293762207,2.677161693572998,0.650409460067749,3.718175411224365
3354122322.0,0.2827085554599762,0.2655428051948547,9.57581615447998,2.6734986305236816,1.0577527284622192,3.7134108543396
3354130655.0,0.201675072312355,0.4504407346248626,9.221490859985352,3.064807415008545,1.882249474525452,3.776524782180786
3354138988.0,-0.0249121189117431,0.2835001945495605,9.853260040283203,3.1734113693237305,2.131808519363404,3.721402645111084
3354147321.0,-0.149078831076622,0.500921368598938,9.762643814086914,3.184605360031128,1.2675589323043823,3.7417402267456055
3354155654.0,-0.0926188752055168,0.4518097937107086,9.993725776672363,3.0136044025421143,0.7998685240745544,3.554935932159424
3354163987.0,0.017330128699541,0.7277412414550781,9.937233924865724,3.228405475616455,1.1163580417633057,3.4589338302612305
3354172320.0,0.1571933925151825,0.4575283229351043,9.906451225280762,3.275792121887207,1.2028318643569946,3.351405143737793
3354180653.0,0.1797132641077041,0.4930633008480072,9.99758243560791,3.2468223571777344,0.9069873690605164,3.388597011566162
3354188986.0,0.2402378767728805,0.637424647808075,9.66434383392334,3.162525653839112,0.6226949095726013,3.377044677734375
3354197319.0,0.1108552291989326,0.8894184827804565,9.810189247131348,2.94882607460022,1.4290566444396973,3.2040719985961914
3354205652.0,-0.0760876983404159,0.8808801174163818,10.033105850219728,2.961197853088379,1.7229543924331665,3.247974872589112
3354213985.0,-0.2602649927139282,0.5890207886695862,10.13701343536377,2.50016713142395,1.4944242238998413,3.321948528289795
3354222318.0,-0.2803126573562622,0.5580381155014038,10.08296012878418,2.6371777057647705,0.8293761610984802,3.210296392440796
3354230651.0,-0.1890814900398254,0.4046262204647064,9.835535049438477,2.619836807250977,0.3910909295082092,3.2010750770568848
3354238984.0,-0.0173196345567703,0.4827308058738708,9.849122047424316,2.545939683914185,0.4323810636997223,3.093648910522461
3354247317.0,0.0347212590277195,0.5154718160629272,9.686651229858398,2.614918708801269,0.5453398823738098,3.004126787185669
3354255650.0,0.0525843277573585,0.4657412767410278,9.924102783203123,2.520504713058472,0.7665443420410156,2.953615665435791
3354263983.0,-0.0023976897355169,0.6579569578170776,10.030064582824709,2.4708385467529297,0.8126755356788635,3.0380141735076904
3354272316.0,0.0041249021887779,0.5426115989685059,10.01954746246338,2.323249340057373,1.0216366052627563,3.013783693313598
3354280649.0,-0.1095277518033981,0.5183530449867249,10.346774101257324,2.17863130569458,1.001349925994873,3.08965277671814
3354288982.0,-0.1701129227876663,0.4294591844081878,9.955915451049805,2.183318614959717,0.934548020362854,3.036861658096313
3354297315.0,-0.2625854015350342,0.3834590315818786,10.258733749389648,2.198354482650757,1.1024237871170044,3.1116299629211426
3354305648.0,-0.2745952308177948,0.2925560176372528,9.870817184448242,2.1069371700286865,0.93301123380661,3.147669076919556
3354313981.0,-0.2753244042396545,0.2702692747116089,9.90672492980957,2.0328097343444824,1.1008613109588623,3.103920221328736
3354322314.0,-0.2134881317615509,0.2556374073028564,9.92324447631836,2.209701538085937,1.1005284786224363,3.2179293632507324
3354330647.0,-0.1124739795923233,0.0541767589747905,9.999661445617676,2.003148317337036,1.3918390274047852,3.227483034133911
3354338980.0,-0.2966148555278778,0.0878596976399421,10.04439926147461,2.172125577926636,1.6783599853515625,3.2920825481414795
3354347313.0,-0.2731556892395019,0.1027899384498596,9.789158821105955,2.41302752494812,1.6204462051391602,3.334089756011963
3354355646.0,-0.3453154563903808,0.1575738936662674,10.084891319274902,2.562333106994629,1.54398775100708,3.249767780303955
3354363979.0,-0.2208544015884399,0.1316693425178527,9.717491149902344,2.5739104747772217,1.1612087488174438,3.2574262619018555
3354372312.0,-0.4133539795875549,0.3379231691360473,9.994048118591309,2.5965023040771484,1.8544065952301023,3.343848943710327
3354380645.0,-0.467661052942276,0.4887706637382507,9.717609405517578,3.0574817657470703,2.1208457946777344,3.2612428665161133
3354388978.0,-0.5485262274742126,0.3244400024414062,9.85308837890625,2.956074953079224,1.5125590562820437,3.0196750164031982
3354397311.0,-0.5025872588157654,0.1389513164758682,9.70176601409912,2.705797910690308,1.0692789554595947,3.001795768737793
3354405644.0,-0.5341066718101501,0.2076810896396637,9.510412216186523,2.5496537685394287,1.76032555103302,3.071159601211548
3354413977.0,-0.7624110579490662,0.3869132101535797,9.923727989196776,3.239470958709717,2.015033483505249,3.035991668701172
3354422310.0,-0.659151554107666,0.2475441098213195,9.82789421081543,3.061246871948242,1.7497214078903198,2.9552807807922363
3354430643.0,-0.752943754196167,0.292212575674057,10.010233879089355,3.053895950317383,1.1890000104904177,2.940655469894409
3354438976.0,-0.4629682600498199,0.3892872333526611,9.678943634033203,2.9812023639678955,1.2065458297729492,2.920215129852295
3354447309.0,-0.4297876954078674,0.4777478575706482,10.017854690551758,3.1581711769104004,1.82308042049408,2.7307722568511963
3354455642.0,-0.2191464155912399,0.4569837152957916,9.942071914672852,3.4594199657440186,1.4497272968292236,2.74324631690979
3354463975.0,-0.3919095396995544,0.4221242666244507,9.792609214782717,3.153919219970703,1.164871335029602,2.6441450119018555
3354472308.0,-0.6996099948883057,0.4063915312290191,9.513585090637209,3.0949809551239014,1.7094300985336304,2.6522133350372314
3354480641.0,-0.6260782480239868,0.6052477955818176,9.804036140441896,3.0683934688568115,1.8902666568756104,2.707719326019287
3354488974.0,-0.8946724534034729,0.4422966241836548,9.958476066589355,3.1022040843963623,1.1934568881988523,2.701239109039306
3354497307.0,-0.7915090322494507,0.326820820569992,9.647683143615724,2.953359603881836,0.8258669376373291,2.608489513397217
3354505640.0,-0.8420431017875671,0.3368532359600067,9.628499984741213,3.063347101211548,0.9251221418380736,2.630620002746582
3354513973.0,-0.5920849442481995,0.4177815318107605,9.547804832458496,3.078408479690552,1.051887035369873,2.6559016704559326
3354522306.0,-0.7104611992835999,0.5802821516990662,9.806758880615234,2.9421660900115967,0.9548858404159546,2.538588285446167
3354530639.0,-0.6100959181785583,0.3375620245933532,9.677179336547852,3.0651395320892334,0.6788411736488342,2.501217126846313
3354538972.0,-0.5010906457901001,0.3009905517101288,9.918323516845703,2.8379929065704346,0.7062484622001648,2.459517002105713
3354547305.0,0.0197196789085865,0.4025653004646301,9.92246437072754,3.1026649475097656,0.4275912046432495,2.4758334159851074
3354555638.0,0.1198677271604538,0.588779866695404,9.955592155456545,2.8737246990203857,0.1703474670648574,2.610180139541626
3354563971.0,-0.304286241531372,0.580980658531189,9.67762565612793,3.069904565811157,0.7590906620025635,2.697371006011963
3354572304.0,-0.4142346680164337,0.505094587802887,9.89955711364746,2.5968096256256104,1.254905343055725,2.7402491569519043
3354580637.0,-0.6923574805259705,0.5146563053131104,10.182906150817873,2.456289768218994,0.6271772980690002,2.795191526412964
3354588970.0,-0.5225071310997009,0.5662021040916443,9.779162406921388,2.1826534271240234,0.1396103948354721,2.8514153957366943
3354597303.0,-0.6269582509994507,0.3920240700244903,9.972744941711426,2.2538604736328125,0.7178773283958435,2.887505292892456
3354605636.0,-0.4037410914897918,0.2751028835773468,9.977324485778809,2.085447072982788,1.068023920059204,3.015166759490967
3354613969.0,-0.6683372259140015,0.4535717070102691,10.197504997253418,2.191694736480713,0.9200505018234252,2.9223406314849854
3354622302.0,-0.361443281173706,0.4653101861476898,9.998661041259766,2.2985317707061768,0.4655002951622009,2.963528633117676
3354630635.0,-0.2483832836151123,0.5189225673675537,9.997705459594728,1.9519201517105105,0.3079215586185455,2.8606364727020264
3354638968.0,-0.1584551185369491,0.2879273891448974,9.803122520446776,2.0100131034851074,0.7529175877571106,3.005228281021118
3354647301.0,-0.244200125336647,0.3897944092750549,9.98830509185791,2.002815008163452,1.0543203353881836,3.0129382610321045
3354655634.0,-0.4330737292766571,0.1045555472373962,9.954854011535645,2.4689948558807373,0.91374933719635,2.8723416328430176
3354663967.0,-0.3968705534934997,0.1424674242734909,9.875154495239258,2.3707125186920166,0.5281015038490295,2.849724531173706
3354672300.0,-0.5548935532569885,0.0905408635735511,9.717721939086914,2.5969889163970947,0.39360111951828,2.7418630123138428
3354680633.0,-0.4992583096027374,0.3169218003749847,9.732121467590332,2.668042659759521,0.8799898028373718,2.7788240909576416
3354688966.0,-0.5797784924507141,0.2828847765922546,9.95269775390625,2.97128963470459,0.860471785068512,2.6986517906188965
3354697299.0,-0.523264467716217,0.1874465346336364,10.040444374084473,2.680208921432495,0.6594511866569519,2.6181204319000244
3354705632.0,-0.4751448929309845,0.2900101542472839,10.03994846343994,2.9214186668396,0.3439863324165344,2.511104106903076
3354713965.0,-0.109532356262207,0.4400051236152649,9.962635040283203,3.0677785873413086,0.18666373193264,2.406751871109009
3354722298.0,-0.0174870770424604,0.2709290087223053,10.082130432128906,3.0871171951293945,0.3751332759857178,2.4847984313964844
3354730631.0,0.1566383838653564,0.3117345869541168,9.82684326171875,2.9967501163482666,0.546646237373352,2.384723663330078
3354738964.0,-0.0844835266470909,0.3321945369243622,9.922686576843262,3.069366455078125,0.7093478441238403,2.290104866027832
3354747297.0,-0.1781927943229675,0.4101519286632538,9.710397720336914,3.1124751567840576,1.0222768783569336,2.1551945209503174
3354755630.0,-0.352305144071579,0.4193824529647827,9.979010581970217,3.1823763847351074,1.076937556266785,2.0480499267578125
3354763963.0,-0.3145532011985779,0.327786386013031,9.905675888061523,2.918088674545288,0.7739981412887573,2.01377820968628
3354772296.0,-0.4632234871387481,0.2482340335845947,9.85430908203125,2.907203197479248,0.6805062890052795,1.860451817512512
3354780629.0,-0.4497275650501251,0.3429160118103027,9.6185941696167,2.82080626487732,0.9646706581115724,1.905379056930542
3354788962.0,-0.3781164288520813,0.2893784940242767,9.967782020568848,2.9674735069274902,0.6601685881614685,1.870031356811524
3354797295.0,0.0070451647043228,0.4533734321594238,9.722038269042969,2.7618677616119385,0.0863583981990814,1.6422438621520996
3354805628.0,0.1110231801867485,0.3373790681362152,9.662153244018556,2.7263407707214355,0.3682430386543274,1.514428734779358
3354813961.0,0.1519089639186859,0.362813800573349,9.501399993896484,2.512871742248535,1.4092310667037964,1.6175516843795776
3354822294.0,-0.1047883629798889,0.3460562527179718,9.9448881149292,2.5676863193511963,1.6963412761688232,1.4993422031402588
3354830627.0,-0.1800384223461151,0.36297807097435,10.136397361755373,2.226863145828247,1.2127187252044678,1.5156327486038208
3354838960.0,-0.3161360919475555,0.2996253669261932,9.954757690429688,2.2137491703033447,0.7043530941009521,1.542169213294983
3354847293.0,-0.2603155672550201,0.4170822203159332,9.8670072555542,2.0889816284179688,1.0036041736602783,1.4818730354309082
3354855626.0,-0.1936400979757309,0.1795133799314499,9.90102767944336,2.1080129146575928,0.9609563946723938,1.457488179206848
3354863959.0,-0.2039485871791839,0.1377790570259094,9.731053352355955,1.8341715335845947,0.5080456137657166,1.5112526416778564
3354872292.0,-0.0665633529424667,-0.1244196370244026,9.79604434967041,2.052302122116089,0.7294037938117981,1.6728785037994385
3354880625.0,0.0160215683281421,0.2081255167722702,9.930063247680664,2.068413496017456,0.8682329058647156,1.614298701286316
3354888958.0,0.0739266350865364,0.089895062148571,9.785306930541992,2.2812933921813965,1.034136176109314,1.5933974981307983
3354897291.0,-0.0310357864946126,0.1128327697515487,9.879406929016112,2.328705310821533,0.8457692861557007,1.498727321624756
3354905624.0,-0.18074631690979,-0.0520738549530506,9.78982925415039,2.1568336486816406,1.2313659191131592,1.6913719177246094
3354913957.0,-0.5243943333625793,0.2269176691770553,9.873774528503418,2.473963737487793,1.188846230506897,1.7965697050094604
3354922290.0,-0.5315492749214172,0.3111132681369781,10.036624908447266,2.577035427093506,1.2402796745300293,1.6376844644546509
3354930623.0,-0.2244725376367569,0.0392689034342765,10.015734672546388,2.479983329772949,0.1371770352125167,1.5899908542633057
3354938956.0,-0.0661338567733764,-0.143004685640335,9.4841947555542,2.500705003738404,0.1057483628392219,1.6454969644546509
3354947289.0,-0.0903222560882568,-0.0847588554024696,9.530621528625488,2.7267253398895264,1.1358249187469482,1.6271828413009644
3354955622.0,-0.3573831021785736,0.3264343440532684,9.639992713928224,3.166546583175659,1.7119144201278689,1.6065373420715332
3354963955.0,-0.2483564913272857,0.1483570337295532,10.179924011230469,3.0038201808929443,1.2329283952713013,1.6138890981674194
3354972288.0,-0.2407030314207077,0.1617705821990966,10.039984703063965,2.6100010871887207,0.1899679750204086,1.6803580522537231
3354980621.0,-0.2877997756004333,0.3844086527824402,9.842424392700195,2.8658361434936523,1.208646297454834,1.7244657278060913
3354988954.0,-0.3528450429439544,0.324760228395462,10.089618682861328,3.4949986934661865,1.7784605026245115,1.7410380840301514
3354997287.0,-0.2878644466400146,0.2706703841686249,10.22378635406494,3.246540069580078,1.1211222410202026,1.668549656867981
3355005620.0,-0.1131282523274421,0.1249371021986007,10.02923583984375,2.9832262992858887,0.3532843589782715,1.5254687070846558
3355013953.0,-0.184225246310234,0.3781630098819732,9.551644325256348,3.179917573928833,1.031856656074524,1.581691861152649
3355022286.0,-0.2102519869804382,0.5082343816757202,9.929272651672363,3.473457098007202,2.18239688873291,1.5644534826278689
3355030619.0,-0.5619216561317444,0.4811941981315613,10.011733055114746,3.117674827575684,1.7763344049453735,1.5171438455581665
3355038952.0,-0.5241963863372803,0.3201422095298767,10.026750564575195,2.732769727706909,1.1011431217193604,1.5808719396591189
3355047285.0,-0.4744732975959778,0.2303555607795715,9.793469429016112,2.738097906112671,1.1016556024551392,1.6746715307235718
3355055618.0,-0.4310837686061859,0.3189859986305237,9.934961318969728,2.957381010055542,1.886731505393982,1.6283608675003052
3355063951.0,-0.4435364902019501,0.2535287737846374,10.175990104675291,3.15181827545166,1.5486234426498413,1.545831561088562
3355072284.0,-0.4319867193698883,0.4091887772083282,10.002849578857422,3.090114116668701,0.8599338531494141,1.374395728111267
3355080617.0,-0.1347174346446991,0.2600065767765045,9.847748756408691,2.8862762451171875,0.5674706101417542,1.3603336811065674
3355088950.0,-0.2470826208591461,0.3292602300643921,9.641770362854004,2.7450649738311768,1.4508545398712158,1.380543231964111
3355097283.0,-0.3816664218902588,0.5750600695610046,10.026326179504396,2.849570751190185,2.3355188369750977,1.5624297857284546
3355105616.0,-0.6229441165924072,0.6013515591621399,10.35887336730957,2.7125346660614014,1.7362992763519287,1.3730638027191162
3355113949.0,-0.5528305172920227,0.6598280072212219,9.978676795959473,2.323275327682495,1.0664358139038086,1.3724747896194458
3355122282.0,-0.364955186843872,0.4086998105049133,9.95754623413086,2.1852915287017822,0.6905213594436646,1.519526124000549
3355130615.0,-0.6626471281051636,0.4712122678756714,9.64936351776123,1.9159575700759888,1.7315094470977783,1.6140681505203247
3355138948.0,-0.7134970426559448,0.1693943589925766,9.90231227874756,2.153350353240967,1.861220121383667,1.6513115167617798
3355147281.0,-0.7010723352432251,0.1267815083265304,10.012739181518556,2.10778284072876,0.6377560496330261,1.6326642036437988
3355155614.0,-0.2984768748283386,-0.1162107959389686,9.824071884155272,2.0232558250427246,0.0329271033406257,1.5640180110931396
3355163947.0,-0.2213466465473175,-0.1071079894900322,9.430691719055176,2.054044008255005,0.6316086053848267,1.7283847332000732
3355172280.0,-0.3306487798690796,0.1665881276130676,9.696529388427734,2.574780941009521,1.920439839363098,1.7683424949645996
3355180613.0,-0.7557634115219116,0.0722453296184539,10.03342628479004,2.683155536651612,1.490044116973877,1.7209821939468384
3355188946.0,-0.7831419706344604,0.2873353064060211,10.13970947265625,2.564074277877808,0.5811229348182678,1.7563295364379885
3355197279.0,-0.6503056287765503,0.1499124467372894,9.931761741638184,2.628648042678833,0.149113267660141,1.6516185998916626
3355205612.0,-0.713901162147522,0.3314002752304077,9.663909912109377,2.8452417850494385,0.537194550037384,1.6695998907089231
3355213945.0,-0.6027573347091675,0.0919486954808235,9.98063850402832,2.850288152694702,0.8255341053009033,1.6989538669586182
3355222278.0,-0.7014009356498718,0.318126767873764,9.861227989196776,2.6957316398620605,0.1053385436534881,1.6324336528778076
3355230611.0,-0.4078340530395508,0.4333242177963257,9.833240509033203,2.686946153640747,-0.0941835418343544,1.562148094177246
3355238944.0,-0.3537146747112274,0.3994756639003753,9.875443458557127,2.653186321258545,0.0529318153858184,1.5406064987182615
3355247277.0,-0.335297554731369,0.3835152983665466,10.035235404968262,2.486924648284912,0.5907539129257202,1.6282073259353638
3355255610.0,-0.649993360042572,0.4476342797279358,10.155699729919434,2.53641128540039,0.4822520315647125,1.5958309173583984
3355263943.0,-0.4472711980342865,0.6047897934913635,10.146778106689451,2.709204912185669,0.1508550345897674,1.4933996200561523
3355272276.0,-0.2660059928894043,0.2448928654193878,10.021733283996582,2.651444673538208,-0.5236061215400696,1.4527240991592407
3355280609.0,-0.3759078681468963,0.1023105829954147,9.622966766357422,2.31925368309021,0.2686292827129364,1.5593048334121704
3355288942.0,-0.4725181758403778,0.3300935328006744,9.946085929870604,2.6851019859313965,0.808807909488678,1.6150927543640137
3355297275.0,-0.7602139115333557,0.6598789691925049,10.08133602142334,2.77925992012024,0.5202634930610657,1.419861078262329
3355305608.0,-0.4895549714565277,0.5060979127883911,10.15218448638916,2.5783674716949463,-0.1160837113857269,1.4568225145339966
3355313941.0,-0.4667728543281555,0.3503321409225464,9.82198429107666,2.2344448566436768,-0.5868221521377563,1.3443759679794312
3355322274.0,-0.5360912084579468,0.3644007444381714,9.64149284362793,2.139698028564453,0.4296916425228119,1.4608951807022097
3355330607.0,-0.5937173366546631,0.4269709289073944,9.92726993560791,2.518686294555664,0.5641407370567322,1.47577702999115
3355338940.0,-0.600642204284668,0.5003380179405212,10.082761764526367,2.405752897262573,-0.2663624286651611,1.2592343091964722
3355347273.0,-0.3264194428920746,0.2709257900714874,9.898533821105955,2.2587270736694336,-1.0437288284301758,1.2414066791534424
3355355606.0,-0.5095176100730896,0.2696022689342499,9.587573051452637,2.125815153121948,-0.1547868400812149,1.2449671030044556
3355363939.0,-0.4957748353481293,0.2687374055385589,9.999930381774902,2.416306257247925,0.9757103323936462,1.3362051248550415
3355372272.0,-0.6218304634094238,0.4460341334342956,10.495909690856934,2.395737648010254,0.1869454830884933,1.2784961462020874
3355380605.0,-0.5411138534545898,0.3817413449287414,10.134732246398926,1.973051905632019,-0.7068248391151428,1.3487814664840698
3355388938.0,-0.3585379421710968,0.327808529138565,9.903432846069336,1.9003843069076536,-0.7597182393074036,1.450598120689392
3355397271.0,-0.2497052252292633,0.3951500654220581,9.746106147766112,1.9948238134384155,0.2276208847761154,1.6833804845809937
3355405604.0,-0.508854866027832,0.3076227307319641,10.081779479980469,1.779792308807373,0.1654551476240158,1.5468820333480835
3355413937.0,-0.9062549471855164,0.3261739015579223,9.7843656539917,1.6240577697753906,0.3211896419525146,1.5412468910217283
3355422270.0,-0.7261666059494019,0.1084334403276443,10.101846694946287,1.6238528490066528,-0.2343958765268325,1.7448800802230835
3355430603.0,-0.6522204875946045,-0.0212025102227926,10.071049690246582,1.7041277885437012,-0.5179966688156128,1.6768486499786377
3355438936.0,-0.5020924806594849,-0.1214866191148758,9.839405059814451,1.718215823173523,-0.1601658314466476,1.839089274406433
3355447269.0,-0.4773129820823669,-0.1608399748802185,9.921351432800291,2.0927727222442627,-0.1434141099452972,1.8042540550231927
3355455602.0,-0.4585272371768951,-0.1113098487257957,9.844879150390623,2.15942120552063,-0.3432051241397857,1.7908320426940918
3355463935.0,-0.467420756816864,-0.1690589189529419,9.819707870483398,2.3782176971435547,-0.6446591019630432,1.7904478311538696
3355472268.0,-0.6510561108589172,0.0912545472383499,9.726604461669922,2.5462212562561035,-0.260804146528244,1.721263766288757
3355480601.0,-0.6918861865997314,0.2039619833230972,9.867862701416016,2.718528509140014,-0.1144187822937965,1.7622721195220947
3355488934.0,-0.706551194190979,0.2593583762645721,9.995587348937988,2.545811653137207,-0.877722978591919,1.6744667291641235
3355497267.0,-0.3592363595962524,0.3851646780967712,9.792376518249512,2.476499557495117,-1.262218356132507,1.6830987930297852
3355505600.0,-0.2819612622261047,0.1732193231582641,9.739866256713867,2.560872793197632,-0.780593752861023,1.7508225440979004
3355513933.0,-0.3323358297348022,0.1402083039283752,9.963619232177734,2.579545736312866,-0.0867554172873497,1.7963647842407229
3355522266.0,-0.4966795742511749,0.1021083444356918,10.201168060302734,2.6556711196899414,-0.4927666783332824,1.7309973239898682
3355530599.0,-0.674751341342926,0.3269854485988617,10.025221824645996,2.7867136001586914,-0.852288007736206,1.6970072984695437
3355538932.0,-0.4089354574680328,0.327422946691513,10.03498363494873,2.933201313018799,-0.904669225215912,1.5937050580978394
3355547265.0,-0.2302351146936416,0.0032572473865002,10.025538444519045,2.845984935760498,-0.7809268236160278,1.5814357995986938
3355555598.0,0.1021882072091102,0.2460325211286544,9.919986724853516,2.797446012496948,-0.6791614890098572,1.645881175994873
3355563931.0,0.1132299453020095,0.2417097389698028,9.942553520202637,3.0077133178710938,-0.7090532779693604,1.4953975677490234
3355572264.0,-0.2594984769821167,0.4395356774330139,9.747343063354492,3.097465753555298,-0.1948475092649459,1.3850001096725464
3355580597.0,-0.549046516418457,0.318257212638855,10.01898956298828,3.107096672058105,0.5051767230033875,1.5048235654830933
3355588930.0,-0.8696765899658203,0.2347747683525085,10.22720718383789,2.9275147914886475,0.0047770547680556,1.5640947818756104
3355597263.0,-0.6447817087173462,0.5287958383560181,10.25221824645996,2.821753740310669,-0.5133861303329468,1.5458319187164309
3355605596.0,-0.3561872541904449,0.2895140051841736,10.206515312194824,2.852413892745972,-0.7951170802116394,1.424676537513733
3355613929.0,-0.1729169636964798,0.5611486434936523,9.864948272705078,2.933457612991333,-0.4342893958091736,1.4729083776474
3355622262.0,-0.0706267207860946,0.4591382145881653,10.0546236038208,2.828439235687256,-0.2651329636573791,1.3489866256713867
3355630595.0,-0.3600342273712158,0.4733373522758484,9.86838150024414,2.4792399406433105,0.0010117621859535,1.3788270950317385
3355638928.0,-0.2909037172794342,0.6715043187141418,10.107479095458984,2.439640760421753,0.4546143114566803,1.4092825651168823
3355647261.0,-0.0793666988611221,0.4027220010757446,10.44649600982666,2.5037786960601807,-0.3426672518253326,1.4521863460540771
3355655594.0,-0.1848328411579132,0.5548997521400452,9.829167366027832,2.095231533050537,-0.0991270914673805,1.5166572332382202
3355663927.0,-0.3115962743759155,0.3794113397598266,9.85498046875,2.139979839324951,0.6894456744194031,1.5547713041305542
3355672260.0,-0.4811493754386902,0.3687497973442077,10.002324104309082,1.993107438087464,0.7297111749649048,1.656101107597351
3355680593.0,-0.5625877976417542,0.6432996392250061,10.19981575012207,1.710249662399292,0.2781065702438354,1.676669359207153
3355688926.0,-0.2923296093940735,0.4135444760322571,10.218965530395508,1.8012568950653076,-0.2947430312633514,1.6436015367507937
3355697259.0,-0.1161157190799713,0.3224419057369232,9.879013061523438,1.636122226715088,-0.0605520568788051,1.795673131942749
3355705592.0,-0.0237564146518707,-0.0222025290131568,9.87147617340088,1.7607355117797852,0.4106346070766449,2.0050950050354004
3355713925.0,-0.1737070083618164,0.0137823652476072,9.5726957321167,2.056554079055786,0.3480846285820007,1.963651180267334
3355722258.0,-0.3554663956165313,0.0813168436288833,9.717755317687988,2.0027384757995605,0.5020005702972412,2.048793077468872
3355730591.0,-0.387674331665039,0.0381253510713577,9.76254653930664,2.128786325454712,0.7548387050628662,2.029197931289673
3355738924.0,-0.3321390748023987,0.2750358283519745,9.931788444519045,2.461514949798584,0.8379057049751282,2.0965123176574707
3355747257.0,-0.4446097910404205,0.4033340513706207,10.12407112121582,2.4053688049316406,0.762113094329834,2.1193089485168457
3355755590.0,-0.5022532939910889,0.3581355512142181,9.611533164978027,2.573526382446289,0.41450235247612,2.023690938949585
3355763923.0,-0.249130830168724,0.2667674124240875,9.833589553833008,2.540688991546631,0.6130383014678955,2.0654423236846924
3355772256.0,0.0810914412140846,0.1365342438220977,9.821925163269045,2.3696625232696533,0.4042054116725921,2.0699503421783447
3355780589.0,-0.0776073187589645,0.2897110283374786,9.623788833618164,2.547912120819092,0.7203620076179504,2.16405725479126
3355788922.0,-0.302454799413681,0.4706000983715057,9.62632942199707,2.838889837265014,1.6273876428604126,2.1458964347839355
3355797255.0,-0.4604257941246032,0.181469440460205,10.040364265441896,2.615021228790283,1.7278465032577517,2.07256293296814
3355805588.0,-0.4644973874092102,0.1085818856954574,10.073931694030762,2.579904317855835,1.253650426864624,2.2215611934661865
3355813921.0,-0.2958714663982391,0.2713427245616913,10.18551254272461,2.8601748943328857,1.0966861248016355,2.2839572429656982
3355822254.0,-0.3227771818637848,0.2392453700304031,9.752930641174316,3.261549949645996,1.1348514556884766,2.1148006916046143
3355830587.0,-0.3965322077274322,0.2036365717649459,9.718695640563965,3.0170111656188965,1.746340036392212,2.161085844039917
3355838920.0,-0.2406051754951477,0.1303120851516723,9.799118041992188,3.1535861492156982,1.265048623085022,2.182447910308838
3355847253.0,-0.3401196599006653,0.3420243263244629,9.69428253173828,3.155071496963501,1.26878821849823,2.138058423995972
3355855586.0,-0.4984495937824249,0.4501399397850036,9.83076000213623,3.140472173690796,1.8852461576461792,2.3529622554779053
3355863919.0,-0.5895296335220337,0.356573611497879,10.018009185791016,3.119160890579224,1.9877030849456787,2.236468553543091
3355872252.0,-0.578252911567688,0.4841808378696441,10.15184497833252,3.035274267196656,1.1753729581832886,2.217129707336426
3355880585.0,-0.4605027139186859,0.4281241297721863,10.038448333740234,3.0446999073028564,1.0812408924102783,2.3716349601745605
3355888918.0,-0.4903323948383331,0.4241062104701996,9.599864959716797,3.1012558937072754,1.4740861654281616,2.324658393859864
3355897251.0,-0.5371302366256714,0.4982955157756805,9.913005828857422,3.110682487487793,1.6870945692062378,2.279807806015014
3355905584.0,-0.4059355854988098,0.4263950884342193,10.065587997436523,2.9713149070739746,1.255468726158142,2.372274875640869
3355913917.0,-0.4527817666530609,0.5863373875617981,9.84949779510498,2.878872871398926,1.0772961378097534,2.3020150661468506
3355922250.0,-0.5693196058273315,0.7904221415519714,9.968576431274414,2.9171667098999023,2.157858371734619,2.413693428039551
3355930583.0,-0.6421329975128174,0.6152748465538025,10.130020141601562,2.6184537410736084,2.0489468574523926,2.596835136413574
3355938916.0,-0.5595499873161316,0.4359017312526703,10.269068717956545,2.5259859561920166,1.2365398406982422,2.674804449081421
3355947249.0,-0.1962967813014984,0.3480337560176849,9.867494583129885,2.4588513374328613,0.7925171852111816,2.670962333679199
3355955582.0,-0.2890212535858154,0.5025429725646973,9.46189022064209,2.4319303035736084,1.351599097251892,2.9455723762512207
3355963915.0,-0.5652171969413757,0.459854781627655,9.681116104125977,2.654928207397461,2.6037256717681885,3.004178762435913
3355972248.0,-0.6177377700805664,0.2279248088598251,10.175713539123535,2.577906370162964,2.0440800189971924,3.041575193405152
3355980581.0,-0.4712946116924286,0.0733320191502571,10.17633819580078,2.6378180980682373,0.8130598664283752,3.175537586212158
3355988914.0,-0.2998473048210144,0.3135571181774139,9.68833065032959,2.9382472038269043,0.896972119808197,3.313035011291504
3355997247.0,-0.229621484875679,0.3446230292320251,9.63749885559082,3.2192864418029785,2.094155550003052,3.521893262863159
3356005580.0,-0.5559821724891663,0.4062768518924713,9.879801750183104,3.1474390029907227,2.1843690872192383,3.596123218536377
3356013913.0,-0.729671061038971,0.431047111749649,9.898110389709473,3.1739494800567627,1.903944492340088,3.683006763458252
3356022246.0,-0.5270684957504272,0.5388884544372559,9.964885711669922,3.4765303134918213,1.2676355838775637,3.666921138763428
3356030579.0,-0.5315145254135132,0.6541832685470581,9.566277503967283,3.6173062324523926,1.3241918087005615,3.693713426589966
3356038912.0,-0.4206527769565582,0.661050021648407,9.749550819396973,3.3629567623138428,1.901024580001831,3.783568382263184
3356047245.0,-0.4014719724655151,0.7077326774597168,9.770215034484863,3.395769119262696,1.735966444015503,4.048803806304932
3356055578.0,-0.5305415987968445,0.7230135202407837,9.826645851135254,3.490618705749512,1.667064189910889,4.059075355529785
3356063911.0,-0.4308288693428039,0.6103955507278442,9.867599487304688,3.4611616134643555,1.6216500997543335,4.099110126495361
3356072244.0,-0.415229469537735,0.5144181251525879,9.73917293548584,3.467335224151612,1.8374497890472408,4.051928520202637
3356080577.0,-0.379268079996109,0.7086526155471802,9.8283052444458,3.630394458770752,1.9264847040176392,4.1676788330078125
3356088910.0,-0.1766081154346466,0.6119101047515869,9.771223068237305,3.895169496536255,1.629846692085266,4.22556734085083
3356097243.0,-0.4758248031139374,0.5020278096199036,9.533239364624023,3.803367853164673,1.9056349992752075,4.226924896240234
3356105576.0,-0.6618462204933167,0.5701413750648499,9.638998985290527,4.020064353942871,2.6549792289733887,4.461141586303711
3356113909.0,-0.669573187828064,0.5761260390281677,9.671764373779297,4.200465202331543,2.426295518875122,4.486064434051514
3356122242.0,-0.5796611905097961,0.7571525573730469,9.924176216125488,4.273209571838379,1.6747225522994995,4.473462104797363
3356130575.0,-0.3316042125225067,0.8769732117652893,9.564298629760742,4.129309177398682,1.658611297607422,4.632065296173096
3356138908.0,-0.5279409289360046,1.0908102989196775,9.51809310913086,4.101722240447998,2.1707677841186523,4.654656410217285
3356147241.0,-0.7412109971046448,1.2986366748809814,9.662958145141602,4.239322185516357,2.56999135017395,4.727837085723877
3356155574.0,-0.7700107097625732,0.6507856249809265,9.785059928894045,3.7644600868225098,1.9763301610946653,4.759470462799072
3356163907.0,-0.7154587507247925,0.5409242510795593,9.707359313964844,3.794556379318237,1.3317480087280271,4.877628803253174
3356172240.0,-0.5737876296043396,1.0022859573364258,9.583332061767578,3.939507961273194,1.418631672859192,4.928781032562256
3356180573.0,-0.5059664845466614,1.1958461999893188,9.72153091430664,4.143832206726074,1.9824007749557493,5.045094966888428
3356188906.0,-0.4530018270015716,1.2267035245895386,10.041075706481934,3.6800615787506095,1.8072763681411743,5.115995407104492
3356197239.0,-0.53830885887146,1.0486403703689575,10.074301719665527,3.079202890396118,1.6467522382736206,5.200010776519775
3356205572.0,-0.5716968178749084,1.2865426540374756,9.937501907348633,3.194031000137329,1.8323527574539185,5.424493312835693
3356213905.0,-0.5975214242935181,1.3311936855316162,10.095378875732422,3.410496950149536,1.8820701837539675,5.589807033538818
3356222238.0,-0.4859977960586548,1.200969099998474,10.0062255859375,2.713507652282715,1.3874845504760742,5.776124954223633
3356230571.0,-0.3294162452220917,1.1052814722061155,9.761601448059082,2.4212236404418945,1.0577012300491333,5.931705474853516
3356238904.0,-0.3349730670452118,1.2037943601608276,9.37510871887207,2.4728620052337646,1.390148639678955,6.063004970550537
3356247237.0,-0.4621815979480743,0.9761488437652588,9.542882919311523,2.579366445541382,2.0559394359588623,6.263564586639404
3356255570.0,-0.6167197227478027,0.5120018124580383,9.648984909057615,2.449732780456543,2.185060739517212,6.347143650054932
3356263903.0,-0.5283987522125244,0.8084716796875,10.063262939453123,2.5545201301574707,1.2803915739059448,6.486484527587891
3356272236.0,-0.3838685154914856,0.8930952548980713,9.835662841796877,2.706925392150879,1.305442452430725,6.586791038513184
3356280569.0,-0.6707879900932312,1.174201488494873,9.68072509765625,3.04598069190979,1.8055857419967647,6.608818054199219
3356288902.0,-0.6063331961631775,1.1723346710205078,9.85179042816162,2.819397449493408,2.191361904144287,6.711071014404297
3356297235.0,-0.5614548921585083,0.9580472111701964,9.935562133789062,2.6926069259643555,1.3609484434127808,6.719420909881592
3356305568.0,-0.7067347764968872,1.0990653038024902,9.768095016479492,2.8141205310821533,1.3423523902893066,6.84541654586792
3356313901.0,-0.6578995585441589,1.1679017543792725,9.834625244140623,2.994932174682617,2.0007925033569336,7.019339084625244
3356322234.0,-0.7831978797912598,1.3165301084518433,10.043498992919922,3.0839669704437256,1.6772332191467283,6.932915687561035
3356330567.0,-0.6578847765922546,1.4037857055664062,10.02524471282959,2.837839841842652,1.2039077281951904,7.044210433959961
3356338900.0,-0.589811384677887,1.234454870223999,9.88560676574707,2.6478078365325928,0.8651336431503296,6.993109226226807
3356347233.0,-0.7530134320259094,1.1961385011672974,9.638175010681152,2.5263707637786865,1.5303099155426023,7.102047443389893
3356355566.0,-0.9340613484382628,1.316066861152649,9.951191902160645,2.61655855178833,2.016878366470337,7.213443756103516
3356363899.0,-0.8065594434738159,1.201138257980347,10.363887786865234,2.806770086288452,1.122070074081421,7.162522315979004
3356372232.0,-0.6275562644004822,1.0983322858810425,10.006815910339355,2.573245048522949,0.1482936441898346,7.21075439453125
3356380565.0,-0.5740289688110352,1.3674956560134888,9.838885307312012,2.6531357765197754,0.9712279438972472,7.366950035095215
3356388898.0,-0.7689845561981201,1.288981556892395,9.985344886779783,2.764070987701416,1.8657282590866089,7.356601238250732
3356397231.0,-1.0567939281463623,1.4826105833053589,10.26109504699707,2.5226054191589355,1.3842575550079346,7.219386100769043
3356405564.0,-0.8290488123893738,1.3699209690093994,10.22146224975586,2.3156168460845947,0.3542065024375915,7.261905193328857
3356413897.0,-0.6462066173553467,1.4707080125808716,9.988179206848145,2.0840892791748047,-0.1330403387546539,7.200891017913818
3356422230.0,-0.7973449230194092,1.736587405204773,9.651637077331545,1.9460800886154173,0.7657504677772522,7.331242561340332
3356430563.0,-1.124015212059021,1.4535348415374756,9.848349571228027,1.844340443611145,1.491811752319336,7.428987503051758
3356438896.0,-1.072395086288452,1.2088751792907717,10.00722885131836,1.8260263204574585,0.2201927900314331,7.418562412261963
3356447229.0,-0.9401207566261292,1.1188385486602783,9.917640686035156,1.6058461666107178,-0.6780087947845459,7.283318519592285
3356455562.0,-0.7594118118286133,1.125178337097168,9.61965560913086,1.6740566492080688,-0.2036587744951248,7.298865795135498
3356463895.0,-0.6980715394020081,1.3798309564590454,9.983346939086914,1.8760250806808472,0.4692656397819519,7.46751070022583
3356472228.0,-0.6503651738166809,1.3826007843017578,10.425649642944336,1.500136375427246,0.3118405640125274,7.599783420562744
3356480561.0,-0.7940641641616821,1.1233452558517456,10.059371948242188,1.2583636045455933,-0.427885890007019,7.62913703918457
3356488894.0,-0.7873179316520691,1.1644999980926514,9.73778247833252,1.2460943460464478,-0.0190057661384344,7.729416847229004
3356497227.0,-0.7078988552093506,1.095342755317688,9.902602195739746,1.374882698059082,0.0315951630473136,7.958818435668945
3356505560.0,-0.463327407836914,0.9199836254119872,9.909714698791504,1.2442500591278076,-0.6416622996330261,8.008816719055176
3356513893.0,-0.399141252040863,1.0399214029312134,9.79948616027832,1.040795922279358,-0.6860772371292114,8.128767013549805
3356522226.0,-0.566811203956604,0.877605676651001,9.286104202270508,1.196223258972168,0.0954258292913436,8.367645263671875
3356530559.0,-0.722108781337738,0.575482964515686,9.62187671661377,1.4198096990585327,0.6354507207870483,8.405016899108887
3356538892.0,-0.7504773736000061,0.521730899810791,9.97724723815918,1.4824110269546509,0.0859998017549514,8.438161849975586
3356547225.0,-0.4156704246997833,0.6826592683792114,9.922754287719728,1.5894529819488523,-0.9637100100517272,8.452378273010254
3356555558.0,-0.4201309084892273,0.9431774616241456,9.629441261291504,1.9214904308319087,-0.2965872287750244,8.61677074432373
3356563891.0,-0.3890394270420074,0.9359034895896912,9.617457389831545,2.27337908744812,0.8533768057823181,8.727117538452148
3356572224.0,-0.4912054538726806,0.658713161945343,9.955134391784668,2.076559066772461,0.3401186764240265,8.825679779052734
3356580557.0,-0.6360726356506348,0.694624662399292,9.786698341369627,2.214363574981689,-0.2810906171798706,8.812769889831543
3356588890.0,-0.558024525642395,0.886978268623352,9.570717811584473,2.464153528213501,0.146449401974678,8.82859992980957
3356597223.0,-0.4609522223472595,1.1170138120651243,9.772236824035645,2.80159592628479,0.4976974725723266,8.771147727966309
3356605556.0,-0.4966210424900055,1.3260399103164673,9.804905891418455,2.485260009765625,0.3057187497615814,8.759468078613281
3356613889.0,-0.6204138994216919,1.0829429626464844,9.627080917358398,2.299146890640259,0.4846085906028747,8.866073608398438
3356622222.0,-0.7435117959976196,1.0434454679489136,9.730563163757324,2.591814994812012,0.6278690099716187,8.945042610168457
3356630555.0,-0.9328162670135498,1.2464007139205933,9.892398834228516,2.348761558532715,0.8754305839538574,8.999856948852539
3356638888.0,-0.8576613068580627,1.0748430490493774,9.913640022277832,2.416101217269897,0.5623477697372437,8.884106636047363
3356647221.0,-0.4934975206851959,0.9804573059082032,9.61398983001709,2.477959632873535,-0.1017909869551658,8.786438941955566
3356655554.0,-0.174879640340805,0.8928576111793518,9.492233276367188,2.70656681060791,-0.0576576478779315,8.920632362365723
3356663887.0,-0.4944742023944855,0.5765222311019897,8.995282173156738,2.9292829036712646,0.9334213733673096,8.995118141174316
3356672220.0,-0.9614062905311584,0.7134503722190857,9.476404190063477,3.340416669845581,2.1121883392333984,9.071499824523926
3356680553.0,-1.0700385570526123,1.0684552192687988,10.084542274475098,3.7650747299194336,1.3091819286346436,8.832389831542969
3356688886.0,-0.8036043643951416,1.2710566520690918,10.1810302734375,3.488262414932251,-0.245717391371727,8.747941970825195
3356697219.0,-0.3464016914367676,1.6971007585525513,9.812159538269045,3.29451584815979,-0.2718694806098938,8.853293418884277
3356705552.0,-0.3782531321048736,1.4673532247543335,9.735946655273438,3.2234623432159424,0.8985859155654907,8.89609432220459
3356713885.0,-0.7971912622451782,1.274929761886597,9.766221046447754,3.0166778564453125,1.8920336961746216,9.076723098754885
3356722218.0,-0.873924970626831,1.3681827783584597,10.15354824066162,3.097465753555298,1.513532638549805,8.983284950256348
3356730551.0,-0.6612713932991028,1.2875093221664429,10.333513259887695,2.956843614578247,0.3118661344051361,8.98390007019043
3356738884.0,-0.6067212224006653,1.5913097858428955,9.861342430114746,2.78486967086792,0.5959793329238892,9.056002616882324
3356747217.0,-0.317677766084671,1.5759902000427246,10.022416114807127,2.9961607456207275,1.6870943307876587,9.136507987976074
3356755550.0,-0.5006200671195984,1.2261346578598022,10.194156646728516,2.6594882011413574,1.5097672939300537,9.114123344421388
3356763883.0,-1.0243611335754397,1.0871527194976809,10.040748596191406,2.399118661880493,1.5718815326690674,9.261837005615234
3356772216.0,-0.8198086619377136,1.3905370235443115,9.934185981750488,2.3124146461486816,1.5851240158081057,9.309096336364746
3356780549.0,-0.6408373713493347,1.4524739980697632,10.322344779968262,2.4258346557617188,1.131572961807251,9.405508995056152
3356788882.0,-0.301773339509964,1.605513095855713,10.02438259124756,2.2706634998321533,1.0800371170043943,9.53168487548828
3356797215.0,-0.2113846540451049,1.4532839059829712,9.849230766296388,1.85932457447052,1.6372493505477903,9.618824005126951
3356805548.0,-0.7252652645111084,1.241313099861145,9.553451538085938,1.922540545463562,2.431392908096313,9.734166145324709
3356813881.0,-0.7435479164123535,1.249529480934143,10.014399528503418,2.157064437866211,2.686715841293335,9.766515731811523
3356822214.0,-0.5422593355178833,1.1218763589859009,10.361963272094728,2.06313705444336,1.5044137239456177,9.92368507385254
3356830547.0,-0.6459053158760071,1.2736557722091677,9.875934600830078,2.071717977523804,1.427443027496338,9.97253131866455
3356838880.0,-0.5448923707008362,1.3295139074325562,9.723892211914062,2.274736166000366,2.934661626815796,10.141764640808104
3356847213.0,-0.6386201977729797,1.0784074068069458,9.917452812194824,2.671628952026367,3.06941819190979,10.25149631500244
3356855546.0,-0.8395993709564209,0.9465277194976808,9.969704627990724,2.6554410457611084,2.521990776062012,10.255825996398926
3356863879.0,-0.6980509757995605,1.000878095626831,9.74515438079834,2.688457727432251,2.281703233718872,10.350342750549316
3356872212.0,-0.4607115983963012,1.3750386238098145,9.70546817779541,3.248154401779175,2.383929967880249,10.405054092407228
3356880545.0,-0.5628799200057983,1.447479486465454,9.762603759765623,3.0439064502716064,3.1425721645355225,10.491988182067873
3356888878.0,-0.5963490009307861,1.208980917930603,9.755084037780762,2.9321770668029785,3.467745065689087,10.558635711669922
3356897211.0,-0.7415856122970581,0.9991580247879028,9.782880783081056,3.502016544342041,2.9418845176696777,10.776126861572266
3356905544.0,-0.847710371017456,0.9152901768684388,9.673602104187012,3.5896430015563965,2.883253574371338,10.749334335327148
3356913877.0,-0.7152990698814392,1.0334964990615845,9.46683120727539,4.020577430725098,3.072773694992065,10.87548542022705
3356922210.0,-0.7296937108039856,1.108708143234253,9.510305404663086,4.2650651931762695,3.0958521366119385,10.877739906311035
3356930543.0,-0.7077538967132568,1.1485793590545654,9.520288467407228,4.136301517486572,3.233707427978516,10.924381256103516
3356938876.0,-0.8568546175956726,1.0078500509262085,9.562393188476562,4.334505081176758,3.4042983055114746,11.133163452148438
3356947209.0,-1.2020875215530396,1.3550777435302734,9.806231498718262,4.733139991760254,3.9960646629333496,11.231831550598145
3356955542.0,-1.096755027770996,1.5296800136566162,9.986931800842283,4.724559307098389,3.593844413757324,11.317535400390623
3356963875.0,-0.8329724669456482,1.7526696920394895,9.916985511779783,4.779527187347412,2.355088233947754,11.177119255065918
3356972208.0,-0.7716295123100281,1.985614776611328,9.5270357131958,4.325898170471191,2.5302891731262207,11.338153839111328
3356980541.0,-0.871678352355957,2.020131826400757,9.627141952514648,4.037636280059815,3.6280906200408936,11.576241493225098
3356988874.0,-1.17168128490448,1.7948663234710691,9.823287963867188,3.853495836257935,3.8208377361297607,11.46635627746582
3356997207.0,-1.382175326347351,1.827676057815552,9.977399826049805,3.8221185207366943,3.143084764480591,11.552956581115724
3357005540.0,-1.2439968585968018,1.6080882549285889,9.97059726715088,3.6072142124176025,2.520350933074951,11.55971622467041
3357013873.0,-1.1400446891784668,1.968377590179444,9.765560150146484,3.603423833847046,2.411618947982788,11.714557647705078
3357022206.0,-1.1089706420898438,2.1548972129821777,10.031057357788086,3.24082899093628,2.948493480682373,11.734715461730955
3357030539.0,-1.1551169157028198,2.09013295173645,9.918429374694824,2.976258993148804,2.824750661849976,11.68120574951172
3357038872.0,-1.1329160928726196,1.8696571588516235,9.712568283081056,3.024977207183838,2.41640853881836,11.731178283691406
3357047205.0,-1.0740548372268677,1.2640243768692017,9.699543952941896,3.0579943656921387,1.9000768661499023,11.99142074584961
3357055538.0,-1.3418976068496704,1.184685468673706,9.459495544433594,3.040576457977295,2.3078300952911377,12.153788566589355
3357063871.0,-1.409873604774475,1.826143980026245,9.621469497680664,3.137347221374512,2.5844125747680664,12.310343742370604
3357072204.0,-1.305351972579956,1.9867970943450928,9.88629913330078,3.362752676010132,1.917263984680176,12.339364051818848
3357080537.0,-1.0941054821014404,1.6456574201583862,9.643390655517578,3.0488498210906982,1.136183500289917,12.3108549118042
3357088870.0,-1.0706511735916138,1.596216082572937,9.732793807983398,2.653648376464844,1.7291278839111328,12.686080932617188
3357097203.0,-1.2543646097183228,1.9066938161849976,9.769662857055664,2.975644588470459,2.189159393310547,12.813740730285645
3357105536.0,-1.4440346956253052,2.198980569839477,10.005951881408691,3.297974109649658,2.0833725929260254,12.795451164245604
3357113869.0,-1.3240596055984497,2.1561787128448486,10.110018730163574,2.945035219192505,1.2478102445602417,12.950263023376465
3357122202.0,-0.9686532020568848,1.71656596660614,9.91529369354248,2.449015617370605,0.5640127062797546,13.042987823486328
3357130535.0,-1.086233139038086,1.754581332206726,9.56916618347168,2.594735622406006,1.1414859294891355,13.347081184387209
3357138868.0,-1.2736327648162842,1.7864972352981567,9.756786346435549,3.0052294731140137,2.177966356277466,13.451767921447754
3357147201.0,-1.325690746307373,1.7576007843017578,10.02822208404541,3.292621374130249,1.3783921003341677,13.450385093688965
3357155534.0,-1.3410406112670898,2.032543182373047,9.880215644836426,2.96299147605896,0.2505457103252411,13.618260383605955
3357163867.0,-1.1503499746322632,2.063262224197388,9.765602111816406,2.74731969833374,0.5311497449874878,13.833907127380373
3357172200.0,-1.203729271888733,2.095800399780273,9.688865661621094,2.884688377380371,1.3231420516967771,13.882187843322754
3357180533.0,-1.3316439390182495,2.151759147644043,10.0429048538208,2.9102001190185547,1.304879069328308,13.891690254211426
3357188866.0,-1.223699927330017,2.103411912918091,10.088364601135254,2.673985719680786,0.3572801947593689,13.983415603637695
3357197199.0,-1.0364545583724976,2.065831422805786,9.765263557434082,2.6562092304229736,-0.1627272516489029,14.031620025634766
3357205532.0,-1.0303548574447632,2.2155728340148926,9.676359176635742,2.50075626373291,0.7585784196853638,14.221216201782228
3357213865.0,-1.1003830432891846,2.124510765075684,9.880002975463867,2.600651979446411,1.298987627029419,14.443163871765137
3357222198.0,-1.337049126625061,2.0453362464904785,9.943249702453612,2.5805444717407227,0.8284285068511963,14.528741836547852
3357230531.0,-1.3317434787750244,1.9406007528305047,9.963079452514648,2.388489007949829,0.2507249712944031,14.496569633483888
3357238864.0,-1.3190611600875854,1.827616572380066,9.63824462890625,2.5410993099212646,0.0787765979766845,14.67162036895752
3357247197.0,-1.39202082157135,2.0637083053588867,9.744391441345217,2.8859951496124268,0.5704675912857056,14.716829299926758
3357255530.0,-1.1904170513153076,2.0132803916931152,9.722667694091797,2.94736647605896,0.2399670183658599,14.83465576171875
3357263863.0,-0.9190248847007751,1.591590404510498,9.780006408691406,2.8271844387054443,-0.7661731839179993,14.919206619262695
3357272196.0,-1.142263650894165,1.8111109733581543,9.189427375793455,2.8617637157440186,-0.3750180900096893,14.932371139526367
3357280529.0,-1.3084393739700315,2.0027103424072266,9.45402717590332,3.285141468048096,1.0425124168395996,15.078346252441406
3357288862.0,-1.4673583507537842,2.255105495452881,10.074471473693848,3.690717458724976,0.6384221315383911,15.02248191833496
3357297195.0,-1.5100386142730713,2.1622800827026367,10.103723526000977,2.907228946685791,-0.7116660475730896,15.149836540222168
3357305528.0,-1.2207618951797483,1.7436399459838867,9.863357543945312,2.680108070373535,-1.1362991333007812,15.382262229919434
3357313861.0,-1.20193350315094,1.7217237949371338,9.508390426635742,3.1237716674804688,-0.4588791131973266,15.465993881225586
3357322194.0,-1.11412250995636,1.93712317943573,9.961228370666504,3.418745279312134,0.0928131937980651,15.609919548034668
3357330527.0,-1.0798933506011963,1.967351675033569,9.928559303283691,3.1879868507385254,-0.9246484041213988,15.624774932861328
3357338860.0,-1.0659418106079102,2.0187888145446777,9.72133731842041,2.665891647338867,-1.1116578578948977,15.78332805633545
3357347193.0,-1.0622658729553225,2.140221357345581,9.68744659423828,2.8045413494110107,-0.3134158253669739,15.982043266296388
3357355526.0,-1.1968107223510742,1.962528944015503,10.021573066711426,2.784229278564453,0.1261885464191436,16.13744354248047
3357363859.0,-1.2681113481521606,2.061652660369873,10.15886688232422,2.808691501617432,-0.5218902230262756,16.308368682861328
3357372192.0,-1.0601069927215576,2.098721504211426,9.898571014404297,2.811585664749145,-1.4467178583145142,16.561155319213867
3357380525.0,-0.8529694080352783,2.0462703704833984,9.872917175292969,2.743579626083374,-1.5547330379486084,16.69135093688965
3357388858.0,-0.8544304370880127,2.361222743988037,9.55271816253662,2.6943750381469727,-0.3777588605880737,17.005413055419922
3357397191.0,-1.041588544845581,2.348426580429077,9.862372398376465,2.624704122543335,-0.0193131379783153,17.049901962280273
3357405524.0,-1.153118133544922,2.115873575210572,9.883450508117676,2.59578537940979,-0.3338047862052917,17.075746536254883
3357413857.0,-0.9357553124427797,1.8864705562591555,9.796201705932615,2.582030773162842,-0.8224220275878906,17.061349868774414
3357422190.0,-0.8554865121841431,1.8318222761154173,9.971017837524414,2.835073709487915,-0.5687642693519592,17.434064865112305
3357430523.0,-0.9969093799591064,2.1666126251220703,9.649956703186035,3.098131895065308,-0.2058616578578949,17.4736385345459
3357438856.0,-1.1214724779129028,2.381232500076294,9.953587532043455,3.0993614196777344,0.116122156381607,17.656574249267578
3357447189.0,-1.109254240989685,2.0436460971832275,9.878844261169434,3.1873722076416016,-0.3139281570911407,17.77383804321289
3357455522.0,-0.993419110774994,2.141879081726074,9.802058219909668,2.929949283599853,-0.5470689535140991,17.90526580810547
3357463855.0,-0.8326144814491272,2.426938056945801,9.85989475250244,3.2520992755889893,-0.0676215961575508,18.06612014770508
3357472188.0,-0.6674635410308838,2.371539354324341,9.81284999847412,3.6180498600006095,0.0108988592401146,18.11158561706543
3357480521.0,-0.7143694162368774,2.314437866210937,9.899627685546877,3.4700767993927,-0.0361416973173618,18.30000686645508
3357488854.0,-0.6280492544174194,2.156534433364868,9.680438995361328,3.3738696575164795,0.227211132645607,18.52333641052246
3357497187.0,-0.9183439612388612,2.210252285003662,9.746256828308104,3.581754684448242,0.6860902309417725,18.63603782653809
3357505520.0,-1.1885167360305786,2.476017951965332,9.937615394592283,3.797170639038086,1.4262393712997437,18.73316764831543
3357513853.0,-0.9921454191207886,2.5920212268829346,10.236289978027344,3.807749509811402,0.5956719517707825,18.835752487182617
3357522186.0,-0.8325127959251404,2.5303049087524414,10.090328216552734,3.681343078613281,-0.1339112520217895,18.80194091796875
3357530519.0,-0.753441572189331,2.786122560501098,9.58220386505127,3.44722867012024,0.5492078065872192,19.07014846801757
3357538852.0,-0.8657352328300476,2.802530288696289,9.676016807556152,3.693664312362671,1.61191725730896,19.107755661010746
3357547185.0,-1.1475473642349243,2.677219152450561,9.959790229797363,3.619382619857788,1.3779311180114746,19.238155364990234
3357555518.0,-1.1880043745040894,2.94065809249878,9.997465133666992,3.0658202171325684,0.9886073470115662,19.236297607421875
3357563851.0,-1.0656028985977173,3.022519826889038,10.092599868774414,3.18449068069458,0.994652271270752,19.133275985717773
3357572184.0,-0.9710528254508972,3.403334140777588,9.971883773803713,3.0320990085601807,1.164923071861267,19.30318832397461
3357580517.0,-0.8156771659851074,3.216092348098755,10.272854804992676,2.61648178100586,1.3668142557144165,19.40766716003418
3357588850.0,-0.916053831577301,2.911468505859375,9.898409843444824,2.3189728260040283,0.9741482734680176,19.449935913085938
3357597183.0,-1.1988191604614258,2.9233081340789795,9.845324516296388,2.0408403873443604,1.7599034309387207,19.56582260131836
3357605516.0,-1.2164276838302612,3.027521848678589,10.018062591552734,2.073076009750366,1.8397043943405151,19.54478073120117
3357613849.0,-1.1518669128417969,2.744387626647949,10.11886978149414,1.8702110052108765,1.3630491495132446,19.72579574584961
3357622182.0,-1.0811126232147217,2.7732248306274414,9.92478084564209,1.4563103914260864,1.1309841871261597,19.75008010864257
3357630515.0,-0.9150969982147216,2.5957510471343994,9.673518180847168,1.625774621963501,1.4978569746017456,19.97208023071289
3357638848.0,-1.0805102586746216,2.714231014251709,9.88715934753418,1.6626077890396118,1.75666344165802,20.01080894470215
3357647181.0,-1.1391812562942505,2.7722082138061523,9.88119125366211,1.7356338500976562,1.9356040954589844,20.221996307373047
3357655514.0,-1.2168896198272705,2.5767319202423096,10.024697303771973,1.5193471908569336,1.3854615688323977,20.34676551818848
3357663847.0,-1.087096929550171,2.77439832687378,9.79018211364746,1.6516191959381104,1.2536762952804563,20.508594512939453
3357672180.0,-1.066313862800598,2.880699634552002,9.794697761535645,1.5313091278076172,1.6457535028457642,20.69296646118164
3357680513.0,-1.193501353263855,2.6326897144317627,9.798808097839355,1.4234474897384644,2.015981912612915,20.893627166748047
3357688846.0,-1.2277151346206665,2.7383506298065186,9.959049224853516,1.5578454732894895,1.9891892671585083,21.01301383972168
3357697179.0,-1.001674771308899,2.6108620166778564,10.089755058288574,1.5174518823623655,1.29179048538208,21.03202438354492
3357705512.0,-1.0638362169265747,2.5114169120788574,9.548450469970703,1.5934749841690063,1.2646392583847046,21.18284034729004
3357713845.0,-1.086744785308838,2.6666953563690186,9.50469207763672,1.6330488920211792,2.323557615280152,21.476274490356445
3357722178.0,-1.083189606666565,2.5740370750427246,9.951682090759276,1.5886082649230957,2.092158794403076,21.59261703491211
3357730511.0,-1.2520501613616943,2.59257435798645,9.78364372253418,1.631256103515625,1.651721715927124,21.61039352416992
3357738844.0,-1.190015196800232,2.4449284076690674,9.909594535827637,1.7021563053131104,2.13027286529541,21.76820373535156
3357747177.0,-1.0909534692764282,2.557697534561157,10.132965087890623,1.8584799766540527,2.0164942741394043,22.03535842895508
3357755510.0,-1.1829370260238647,2.83843731880188,9.95317268371582,1.8995397090911863,1.866958379745484,22.26073837280273
3357763843.0,-1.1735796928405762,2.8956990242004395,10.059466361999512,1.7777180671691897,2.022513628005981,22.331356048583984
3357772176.0,-1.0561386346817017,2.6943728923797607,9.830583572387695,1.845672965049744,2.0680811405181885,22.36001777648925
3357780509.0,-1.2682653665542605,2.589266061782837,9.992568016052246,1.7464689016342163,2.246920108795166,22.62510108947754
3357788842.0,-1.3303561210632324,2.6440629959106445,9.928593635559082,1.730408787727356,2.4140784740448,22.666467666625977
3357797175.0,-1.385427951812744,2.9474942684173584,10.14246940612793,1.9355146884918213,1.8574169874191284,22.66089630126953
3357805508.0,-1.2890251874923706,3.222405195236206,10.037949562072754,1.5070782899856567,1.566477656364441,22.907730102539062
3357813841.0,-1.2173545360565186,3.082061052322388,9.967546463012695,1.2400753498077393,1.769957184791565,22.90570640563965
3357822174.0,-1.2292678356170654,2.9367029666900635,9.759920120239258,1.368607759475708,1.9964643716812127,22.889928817749023
3357830507.0,-1.361617922782898,2.9794161319732666,9.946375846862791,1.2883198261260986,2.063791036605835,23.026412963867188
3357838840.0,-1.4033552408218384,2.886515140533448,9.906545639038086,1.1682016849517822,1.838705778121948,23.10465431213379
3357847173.0,-1.409298300743103,2.945956230163574,9.7708101272583,1.333977222442627,1.499522089958191,23.06410789489746
3357855506.0,-1.3071709871292114,2.8730125427246094,9.77523708343506,1.2845674753189087,1.8003361225128174,23.181676864624023
3357863839.0,-1.3158856630325315,2.7155981063842773,9.699140548706056,1.47564959526062,1.6690115928649902,23.14653205871582
3357872172.0,-1.4606164693832395,2.70963978767395,9.610243797302246,1.5200903415679932,1.6995950937271118,23.14099884033203
3357880505.0,-1.4663097858428955,2.84038519859314,9.889375686645508,1.600928783416748,1.6330746412277222,23.177215576171875
3357888838.0,-1.4679607152938845,2.851478338241577,9.804758071899414,1.8141676187515257,1.3181219100952148,23.045766830444336
3357897171.0,-1.4544214010238647,3.0608139038085938,9.87240219116211,1.7400143146514893,1.2464277744293213,23.199169158935547
3357905504.0,-1.2924476861953735,3.0699472427368164,9.696138381958008,1.548137903213501,1.395297646522522,23.277523040771484
3357913837.0,-1.3107315301895142,2.901742935180664,9.591773986816406,1.409411072731018,1.1828274726867676,23.40605354309082
3357922170.0,-1.3569509983062744,2.972301721572876,9.662280082702637,1.36883807182312,1.3872803449630735,23.56363296508789
3357930503.0,-1.3173280954360962,3.0155298709869385,9.710693359375,1.303342580795288,1.4060300588607788,23.6396598815918
3357938836.0,-1.474755883216858,3.0496575832366943,9.998854637145996,1.0840846300125122,1.0198441743850708,23.631000518798828
3357947169.0,-1.562608003616333,3.2966408729553223,9.818079948425291,0.7952455282211304,1.2540991306304932,23.770278930664062
3357955502.0,-1.3727275133132937,3.001131534576416,10.03359031677246,0.8889808058738708,0.9686412215232848,23.97077178955078
3357963835.0,-1.527904748916626,3.0257184505462646,9.850494384765623,0.6501023769378662,0.5867839455604553,23.952560424804688
3357972168.0,-1.390689492225647,3.0688223838806152,9.77445125579834,0.5278967618942261,0.632505476474762,23.9997673034668
3357980501.0,-1.189421534538269,2.801060199737549,9.72878360748291,0.2962672412395477,0.4405522644519806,23.885942459106445
3357988834.0,-1.1108454465866089,3.0394363403320312,9.43769645690918,0.4752338826656341,0.4837121963500976,24.107398986816406
3357997167.0,-1.110817790031433,2.602351427078247,9.512876510620115,0.5739640593528748,0.671579897403717,24.247802734375
3358005500.0,-1.35730242729187,2.304253578186035,9.324509620666504,0.5541002750396729,0.7868569493293762,24.36938667297364
3358013833.0,-1.5116136074066162,2.548584461212158,9.45795726776123,0.7716035842895508,0.7419935464859009,24.494802474975582
3358022166.0,-1.307449460029602,2.5709402561187744,9.633466720581056,1.0181150436401367,0.2827556729316711,24.508018493652344
3358030499.0,-0.9646757245063782,2.5863497257232666,9.50918197631836,1.187771201133728,-0.2091659605503082,24.63349151611328
3358038832.0,-0.7906051278114319,2.62951397895813,9.430900573730469,1.0348796844482422,0.300109326839447,24.761436462402344
3358047165.0,-0.7542256116867065,2.6531264781951904,9.51179027557373,1.1823793649673462,0.5810848474502563,24.945436477661133
3358055498.0,-0.9535312056541444,2.707695722579956,9.508444786071776,1.370643973350525,0.6480916142463684,25.08831024169922
3358063831.0,-1.018815279006958,2.7049896717071533,9.678016662597656,1.5231127738952637,0.6959519386291504,25.04121971130371
3358072164.0,-0.9432183504104614,2.510561466217041,9.79539680480957,1.5070527791976929,0.3317685723304748,25.2761287689209
3358080497.0,-0.8306151032447815,2.638638496398926,9.542520523071287,1.6327674388885498,0.1741640865802765,25.47125625610352
3358088830.0,-0.9850477576255798,2.674628734588623,9.441333770751951,1.817855954170227,1.0021445751190186,25.45109939575196
3358097163.0,-1.2093344926834106,2.439281463623047,9.62968635559082,1.94649076461792,1.2921491861343384,25.606630325317383
3358105496.0,-1.4018917083740234,2.6345348358154297,9.838109016418455,1.7945727109909058,1.008702039718628,25.69320678710937
3358113829.0,-1.0655709505081177,2.826097011566162,9.972756385803224,1.862143278121948,0.422366201877594,25.68247413635254
3358122162.0,-0.7949249148368835,2.8599672317504883,9.815917015075684,1.85927414894104,-0.071053922176361,25.657777786254883
3358130495.0,-0.8175873160362244,3.1607906818389893,9.29002285003662,1.716462254524231,0.9692944884300232,25.65835762023925
3358138828.0,-0.8820854425430298,2.862515926361084,9.765668869018556,1.7073692083358765,1.5291707515716553,25.72851753234864
3358147161.0,-1.234211564064026,2.826939582824707,9.77166748046875,1.3385493755340576,1.0938820838928225,25.711584091186523
3358155494.0,-1.308400273323059,3.080153703689575,9.841593742370604,1.5637755393981934,0.9206529259681702,25.686840057373047
3358163827.0,-1.2307380437850952,3.0176713466644287,9.955954551696776,1.5641981363296509,0.8944111466407776,25.594257354736328
3358172160.0,-1.3054306507110596,3.200871467590332,9.985469818115234,1.4575916528701782,0.6470543146133423,25.52824783325196
3358180493.0,-1.080494046211243,3.043459415435791,9.937512397766112,1.345657467842102,0.8338846564292908,25.55288887023925
3358188826.0,-1.103385090827942,2.8645718097686768,10.051558494567873,1.1745543479919434,0.4534874856472015,25.42353820800781
3358197159.0,-1.1349502801895142,2.891126871109009,9.736743927001951,1.1549593210220337,0.7873948216438293,25.45881080627441
3358205492.0,-1.0936152935028076,2.944074869155884,9.975220680236816,1.1773463487625122,0.9354708194732666,25.3991813659668
3358213825.0,-0.8146000504493713,2.811301946640014,10.070802688598633,1.361999273300171,0.4644760191440582,25.30970764160156
3358222158.0,-0.8181372880935669,3.001390218734741,9.91435432434082,1.1246705055236816,0.3533998429775238,25.26225852966309
3358230491.0,-0.8571756482124329,3.206310272216797,9.96686840057373,0.9742251038551332,1.194405198097229,25.36672592163086
3358238824.0,-0.9478570222854614,3.299522638320923,10.18895435333252,1.040028095245361,1.1276545524597168,25.366981506347656
3358247157.0,-1.063065767288208,3.31889009475708,10.270345687866213,0.6147803068161011,0.7408024072647095,25.20069122314453
3358255490.0,-0.7909863591194153,3.066432476043701,10.194271087646484,0.2496236711740493,0.3433974087238312,25.276153564453125
3358263823.0,-0.5895301103591919,3.1439101696014404,9.936929702758787,0.455895185470581,0.2623539268970489,25.25279235839844
3358272156.0,-0.7582089304924011,3.038815975189209,9.963774681091309,0.2812188267707824,0.9520816206932068,25.4492416381836
3358280489.0,-0.9018834829330444,2.836792469024658,9.922142028808594,0.203889399766922,1.3645477294921875,25.51883316040039
3358288822.0,-0.9489554166793824,2.6976237297058105,10.058863639831545,0.2218065559864044,0.9467921853065492,25.54110336303711
3358297155.0,-0.9010826945304872,2.7358853816986084,10.0436372756958,0.3011082708835602,0.7047632336616516,25.512109756469727
3358305488.0,-0.6439670920372009,2.712354898452759,9.822851181030272,0.5415235757827759,0.7166482210159302,25.52066421508789
3358313821.0,-0.5877441167831421,2.639737367630005,9.958044052124023,0.6549947261810303,0.956039011478424,25.579195022583008
3358322154.0,-0.6313220262527466,2.99267840385437,9.809274673461914,0.6644721031188965,1.0052696466445925,25.71039390563965
3358330487.0,-0.5818523168563843,2.7896511554718018,9.907833099365234,0.6282663941383362,1.018934965133667,25.88722419738769
3358338820.0,-0.5946862101554871,2.720780849456787,9.798110961914062,0.7499596476554871,0.954617440700531,25.977128982543945
3358347153.0,-0.5864789485931396,2.755185127258301,10.090008735656738,0.7363327741622925,1.242188572883606,26.18454933166504
3358355486.0,-0.7207939028739929,2.763157367706299,9.986712455749512,0.8088852167129517,1.1710196733474731,26.426443099975582
3358363819.0,-0.6560531854629517,3.0885157585144043,9.88237762451172,1.069177269935608,1.189820408821106,26.457279205322266
3358372152.0,-0.5744470953941345,3.0389561653137207,10.051267623901367,0.8024175763130188,1.245928168296814,26.64027976989746
3358380485.0,-0.6010926365852356,2.883754253387451,9.766557693481444,0.6572105288505554,1.2352217435836792,26.75682830810547
3358388818.0,-0.7643089294433594,3.065021276473999,9.82900333404541,0.7955659031867981,1.7808183431625366,26.92138862609864
3358397151.0,-0.7692620158195496,3.0218255519866943,10.216065406799316,0.8659539222717285,2.025383234024048,27.053068161010746
3358405484.0,-0.7765613794326782,2.928703546524048,9.977822303771973,0.9029663801193236,1.0275285243988037,27.20688247680664
3358413817.0,-0.6657218933105469,2.873979330062866,9.756987571716309,0.918206751346588,1.0380815267562866,27.32029914855957
3358422150.0,-0.6230806708335876,2.813420057296753,9.597393035888672,0.9268132448196412,1.480465292930603,27.432594299316406
3358430483.0,-0.7517387866973877,2.595568895339966,9.549572944641112,0.990362286567688,1.5791569948196411,27.60036849975586
3358438816.0,-1.0647852420806885,2.689112424850464,9.724709510803224,1.2512433528900146,1.6816909313201904,27.6721134185791
3358447149.0,-1.1248188018798828,2.523473262786865,9.693961143493652,1.2807766199111938,1.4572588205337524,27.764402389526367
3358455482.0,-1.098885178565979,2.649872064590454,9.830816268920898,1.6347527503967283,0.9271078109741212,27.758241653442383
3358463815.0,-0.9444311857223512,2.8085062503814697,9.585009574890137,1.7183579206466677,0.841197669506073,27.849533081054688
3358472148.0,-0.7898513674736023,2.7249276638031006,9.741199493408203,1.7617738246917725,0.8019310235977173,27.75457763671875
3358480481.0,-0.921674370765686,2.7741143703460693,9.682772636413574,1.8784854412078853,1.1205594539642334,27.82487678527832
3358488814.0,-0.8156653046607971,2.975881576538086,9.984350204467772,1.9647284746170044,0.9664129614830016,27.808868408203125
3358497147.0,-0.5185032486915588,3.020820140838623,10.019509315490724,2.018160104751587,0.4237749874591827,27.727542877197266
3358505480.0,-0.5849016904830933,2.9727935791015625,9.56159496307373,1.743126630783081,0.3393376171588897,27.74996757507324
3358513813.0,-0.6840262413024902,3.142674684524536,9.621564865112305,1.742601752281189,1.2464280128479004,27.871139526367188
3358522146.0,-0.7703166604042053,2.8215456008911133,9.842388153076172,1.7785385847091677,1.3589001893997192,27.83238410949707
3358530479.0,-0.8757398724555969,2.717900037765503,9.595358848571776,1.9714395999908447,0.6980780959129333,27.859458923339844
3358538812.0,-0.9543826580047609,2.508095979690552,10.014153480529783,1.7543201446533203,0.625935435295105,27.83610916137696
3358547145.0,-0.7352761030197144,2.80038857460022,9.412278175354004,1.7992477416992188,0.6037279367446899,28.00539207458496
3358555478.0,-0.7637405395507812,3.022989273071289,9.786151885986328,2.452500820159912,0.8196433782577515,27.90005683898925
3358563811.0,-0.3933614194393158,2.569603681564331,9.45930290222168,2.2529146671295166,0.6352462768554688,27.881488800048828
3358572144.0,-0.4876770675182342,2.562445163726806,9.559956550598145,2.081555128097534,0.3158109486103058,27.840557098388672
3358580477.0,-0.7018412947654724,2.868580818176269,9.353867530822754,2.3405919075012207,1.6279009580612185,27.954254150390625
3358588810.0,-0.6248873472213745,2.976701259613037,9.93388557434082,2.730722427368164,1.6273118257522583,27.845701217651367
3358597143.0,-0.4480501115322113,3.023267269134521,10.129045486450195,2.5385901927948,0.5931620001792908,27.707948684692383
3358605476.0,-0.3701496720314026,3.0864148139953613,9.675235748291016,2.267373561859131,0.5216854810714722,27.78595542907715
3358613809.0,-0.3435358107089996,2.901017427444458,9.573951721191406,2.2131736278533936,1.6341891288757324,27.74453353881836
3358622142.0,-0.4420041143894195,2.7352852821350098,9.815616607666016,2.639625310897827,1.903446078300476,27.86758804321289
3358630475.0,-0.7103866338729858,2.767047643661499,9.76485824584961,2.5342485904693604,1.678860783576965,27.80478477478028
3358638808.0,-0.5568228960037231,2.5263431072235107,9.728931427001951,2.668172836303711,1.3940942287445068,27.86588859558105
3358647141.0,-0.4636144340038299,3.046114206314087,9.482474327087402,2.9858789443969727,1.3645992279052734,27.964794158935547
3358655474.0,-0.3566243350505829,2.9505364894866943,9.816139221191406,2.742415428161621,2.19555139541626,27.87342834472656
3358663807.0,-0.4229323267936706,2.905290603637696,9.64382553100586,2.74167275428772,2.224495410919189,27.89140892028809
3358672140.0,-0.7150195240974426,3.053532600402832,9.716971397399902,2.8750715255737305,2.492702007293701,27.94074440002441
3358680473.0,-0.5074217319488525,2.960544347763061,10.02672004699707,2.824406623840332,2.1721653938293457,28.10231590270996
3358688806.0,-0.3336719870567322,3.178476095199585,9.8041410446167,2.806297540664673,1.495385766029358,28.13994407653809
3358697139.0,-0.3475207090377807,3.271979570388794,9.668204307556152,2.7276618480682373,2.424978494644165,28.192277908325195
3358705472.0,-0.4552565217018127,3.1669297218322754,9.735419273376465,2.766390562057495,3.1192526817321777,28.417171478271484
3358713805.0,-0.5676120519638062,3.113158941268921,9.833205223083496,2.5566866397857666,2.8219223022460938,28.420015335083008
3358722138.0,-0.629815936088562,3.281569719314575,9.90379238128662,2.497504949569702,2.533416271209717,28.51777076721192
3358730471.0,-0.7335779666900635,2.9121267795562744,9.581924438476562,2.2416441440582275,2.957972526550293,28.51946258544922
3358738804.0,-0.8777107000350952,3.182703018188477,9.778613090515137,2.6301486492156982,3.2919182777404785,28.62649154663086
3358747137.0,-0.9139219522476196,3.2669601440429688,9.90202522277832,2.508481025695801,2.7770209312438965,28.66114997863769
3358755470.0,-0.6942859292030334,3.1218855381011963,9.725947380065918,2.276197671890259,2.1022770404815674,28.666154861450195
3358763803.0,-0.7615342140197754,3.1803641319274902,9.530762672424316,2.3618650436401367,2.421827793121338,28.79218864440918
3358772136.0,-0.7113409638404846,3.2531962394714355,9.65278434753418,2.3991079330444336,3.151500701904297,28.84804916381836
3358780469.0,-0.8058845400810242,3.0896403789520264,10.141947746276855,2.469585657119751,2.8068995475769043,28.92598533630371
3358788802.0,-0.8507893085479736,3.403822660446167,9.754122734069824,2.449977397918701,2.2812561988830566,28.921947479248047
3358797135.0,-0.6750073432922363,3.1669771671295166,9.965481758117676,2.3249032497406006,2.445213556289673,28.91775131225586
3358805468.0,-0.8724103569984436,3.3131792545318604,9.862068176269531,2.258665084838867,2.657606840133667,28.916624069213867
3358813801.0,-1.0369564294815063,3.422696828842163,9.936878204345703,2.177019596099853,3.0665767192840576,28.99985694885254
3358822134.0,-0.9910514950752258,3.423931121826172,10.221450805664062,2.156912088394165,2.5415101051330566,28.88761329650879
3358830467.0,-0.968956708908081,3.3912596702575684,10.008976936340332,1.8233506679534912,1.8945326805114744,28.975482940673828
3358838800.0,-0.8535313010215759,3.788243055343628,9.856964111328123,1.6932814121246338,2.2752885818481445,28.866600036621094
3358847133.0,-0.8078359961509705,3.582426071166992,10.073823928833008,1.3459265232086182,2.511503219604492,28.94702911376953
3358855466.0,-1.020866870880127,3.630840301513672,9.898486137390137,1.3008708953857422,2.358227014541626,28.927684783935547
3358863799.0,-0.95855975151062,3.420651435852051,10.118413925170898,1.02013897895813,2.1707310676574707,28.9663143157959
3358872132.0,-0.9055802226066588,3.1339902877807617,9.888683319091797,0.9549633264541626,1.9090430736541748,29.080873489379883
3358880465.0,-0.8663190603256226,3.2440197467803955,9.71976375579834,1.0614672899246216,1.9251797199249268,29.030616760253903
3358888798.0,-0.9298116564750672,3.193104982376098,9.827292442321776,1.0497232675552368,2.2008793354034424,29.07771110534668
3358897131.0,-0.9137187600135804,2.906141519546509,9.68558406829834,1.1010159254074097,1.911092519760132,29.073240280151367
3358905464.0,-1.0699254274368286,3.252098798751831,9.808940887451172,1.4199262857437134,1.8075978755950928,29.02410125732422
3358913797.0,-1.1314027309417725,3.176058769226074,9.965548515319824,1.145136475563049,2.018813133239746,28.92755889892578
3358922130.0,-1.0775635242462158,3.331824779510498,9.780068397521973,1.5208975076675415,1.5111896991729736,29.086368560791016
3358930463.0,-0.8071851134300232,3.3468594551086426,9.811787605285645,1.530528545379639,1.278048753738403,29.049535751342773
3358938796.0,-0.7727495431900024,3.158236503601074,9.711203575134276,1.3540462255477903,1.3024334907531738,29.23444366455078
3358947129.0,-0.8050267696380615,3.18534255027771,9.584808349609377,1.373116135597229,1.6439611911773682,29.242088317871094
3358955462.0,-1.2050073146820068,3.24675726890564,9.957282066345217,1.5595625638961792,2.4593913555145264,29.237533569335938
3358963795.0,-1.0986685752868652,3.035996675491333,10.16898250579834,1.850988388061524,1.681217074394226,29.31797218322754
3358972128.0,-0.9403479099273682,2.892086744308472,9.994617462158203,1.6789504289627075,0.2853812277317047,29.32231712341309
3358980461.0,-0.8045387864112854,2.859175682067871,9.607950210571287,1.5539271831512451,0.7035083174705505,29.53145408630371
3358988794.0,-0.63239586353302,3.022264003753662,9.497097969055176,2.1686947345733643,1.407720923423767,29.67179298400879
3358997127.0,-0.784024178981781,3.11904525756836,9.856895446777344,2.1284544467926025,1.607025384902954,29.6682357788086
3359005460.0,-0.6868584752082825,3.2065250873565674,9.948820114135742,1.983644723892212,1.1687527894973757,29.792783737182617
3359013793.0,-0.6621140241622925,3.142417907714844,9.77817726135254,1.9607454538345337,0.7149706482887268,29.857765197753903
3359022126.0,-0.7508817315101624,3.540052890777588,9.619048118591309,1.9494754076004028,1.298796534538269,30.097389221191406
3359030459.0,-0.6118015050888062,3.294689416885376,9.752957344055176,2.007978200912476,1.550635576248169,30.2552490234375
3359038792.0,-0.5698201656341553,2.905644178390503,9.82378387451172,1.7209450006484983,0.9558728337287904,30.36728858947754
3359047125.0,-0.6551179885864258,3.1282436847686768,9.525066375732422,1.717179775238037,1.0099703073501587,30.603479385375977
3359055458.0,-0.6540197134017944,3.1585588455200195,9.47312355041504,1.7737873792648315,1.5296322107315063,30.69269561767578
3359063791.0,-0.6280433535575867,3.4020771980285645,9.602097511291504,2.06356143951416,1.6242512464523315,30.639310836791992
3359072124.0,-0.4618628025054931,3.2347865104675293,9.690045356750488,1.707574486732483,1.359399914741516,30.621278762817383
3359080457.0,-0.5617703199386597,3.1416220664978027,9.483567237854004,1.6911814212799072,1.237911343574524,30.86161994934082
3359088790.0,-0.906230926513672,3.609307050704956,9.490004539489746,1.7949191331863403,2.212867021560669,31.03433418273925
3359097123.0,-0.9787031412124634,3.7760956287384033,10.01491355895996,1.7330862283706665,2.688754081726074,30.949424743652344
3359105456.0,-0.583143949508667,3.910244464874268,10.213780403137209,1.5954862833023071,1.0819461345672607,30.984590530395508
3359113789.0,-0.409257173538208,3.948535442352295,9.697152137756348,0.9143390655517578,0.5677014589309692,30.97525405883789
3359122122.0,-0.5639966726303101,3.6284937858581534,9.221346855163574,0.8269563317298889,2.127981185913086,31.10654258728028
3359130455.0,-0.6728590726852417,3.5552539825439453,9.44788932800293,1.039631485939026,3.1438682079315186,31.234411239624023
3359138788.0,-0.935423731803894,3.620577335357666,9.83730125427246,0.7656228542327881,2.221895694732666,31.12712287902832
3359147121.0,-0.7283298969268799,3.4724783897399902,9.50391674041748,0.5898066759109497,1.2454549074172974,31.20563125610352
3359155454.0,-0.8096712231636047,3.5577375888824463,9.323358535766602,0.3858531415462494,1.4812467098236084,31.183433532714844
3359163787.0,-0.8861275911331177,3.7069687843322754,9.40431785583496,0.3860836923122406,2.7712833881378174,31.282257080078125
3359172120.0,-0.7934901714324951,3.519402503967285,9.704837799072266,0.4818554520606994,2.1668636798858643,31.276979446411133
3359180453.0,-0.8925621509552002,3.557162284851074,9.502656936645508,0.4443305134773254,1.5542218685150146,31.25556755065918
3359188786.0,-0.6620855331420898,3.645984411239624,9.342007637023926,0.2084744274616241,1.7903341054916382,31.15966415405273
3359197119.0,-0.6914862990379333,3.599012851715088,9.60077667236328,0.1136504560708999,2.1960384845733643,31.201086044311523
3359205452.0,-0.9571452140808104,3.944858551025391,9.749671936035156,0.0250507444143295,2.8329877853393555,31.21944999694824
3359213785.0,-1.0206823348999023,3.83846378326416,10.10307788848877,-0.2060282975435257,2.3752355575561523,31.18400001525879
3359222118.0,-0.950161337852478,3.6107702255249023,9.808451652526855,-0.2656711041927337,1.6040031909942627,31.189598083496094
3359230451.0,-0.7954488396644592,3.559556007385254,9.712172508239746,-0.3177832663059234,1.8014250993728638,31.178443908691406
3359238784.0,-0.7912876605987549,3.360677480697632,9.71560001373291,-0.3201141953468323,2.3630690574646,31.16414833068848
3359247117.0,-0.9206924438476562,3.5849554538726807,9.86856460571289,0.0175713822245597,2.48268723487854,31.169246673583984
3359255450.0,-0.9757071137428284,3.7188665866851807,9.693588256835938,-0.2887879610061645,2.336020231246948,31.17319297790528
3359263783.0,-0.7149989604949951,3.316476821899414,9.863336563110352,-0.19529590010643,1.7005815505981443,31.154285430908203
3359272116.0,-0.6065252423286438,3.083148717880249,9.618961334228516,-0.4696501493453979,1.6367508172988892,31.25879096984864
3359280449.0,-0.8223993182182312,3.168637752532959,9.35860824584961,-0.0702727138996124,2.793209314346313,31.340709686279297
3359288782.0,-0.8760218024253845,3.181338310241699,9.760490417480469,0.3286565542221069,2.844155788421631,31.24629592895508
3359297115.0,-0.7468464970588684,3.293696641921997,9.950201034545898,0.3691014647483825,2.0218615531921387,31.201393127441406
3359305448.0,-0.4448907375335693,3.208779573440552,9.80307388305664,0.1756369620561599,1.5323728322982788,31.32426643371582
3359313781.0,-0.5672827363014221,2.8105578422546387,9.51706886291504,0.4043978154659271,2.4192662239074707,31.48893547058105
3359322114.0,-0.8136041164398193,3.0800185203552246,9.631256103515623,0.7822977900505066,3.524867534637451,31.488285064697266
3359330447.0,-0.7640050649642944,2.9930450916290283,10.124326705932615,1.118216037750244,2.966105461120605,31.619367599487305
3359338780.0,-0.6707764863967896,2.903001070022583,9.913915634155272,0.8021103739738464,1.7474044561386108,31.54815673828125
3359347113.0,-0.5788015127182007,3.202655792236328,9.675148010253906,0.994204580783844,2.362159490585327,31.745067596435547
3359355446.0,-0.6555821299552917,3.09868597984314,9.92316722869873,1.0436402559280396,3.355557680130005,31.784568786621094
3359363779.0,-1.0937492847442627,3.19942045211792,9.85702419281006,1.2585309743881226,3.1902048587799072,31.79759407043457
3359372112.0,-1.1775282621383667,3.2438879013061523,10.141024589538574,1.1583791971206665,2.551231384277344,31.82873916625977
3359380445.0,-0.8770318627357483,3.1174750328063965,9.919846534729004,0.8571298718452454,1.9326212406158447,31.76915740966797
3359388778.0,-0.84217369556427,3.44402289390564,9.95725917816162,0.8021872043609619,2.1873035430908203,31.94781494140625
3359397111.0,-0.8480761647224426,3.567828893661499,10.089322090148926,0.931359887123108,3.248502492904663,31.97071647644043
3359405444.0,-0.9194369912147522,3.2466747760772705,10.2877197265625,0.8817067742347717,2.76253628730774,31.873676300048828
3359413777.0,-1.0579158067703247,3.439582586288452,9.949590682983398,0.4562923908233642,2.136101245880127,31.86288452148437
3359422110.0,-0.7761876583099365,3.0798087120056152,10.03216552734375,0.430345207452774,2.0530598163604736,31.901508331298828
3359430443.0,-0.8391116261482239,3.055708169937134,9.76353359222412,0.6831322908401489,2.25507926940918,31.83624267578125
3359438776.0,-1.0607229471206665,3.029958248138428,9.736961364746094,0.7589248418807983,2.8010215759277344,31.994461059570312
3359447109.0,-1.1925079822540283,2.7185280323028564,9.847628593444824,0.7563890814781189,2.2999298572540283,31.863113403320312
3359455442.0,-1.218023419380188,2.7923901081085205,9.790387153625488,0.7903791666030884,1.5316812992095947,31.7966423034668
3359463775.0,-1.1380795240402222,2.8059897422790527,9.738572120666504,1.020241618156433,1.831419587135315,31.85719871520996
3359472108.0,-0.9870707988739014,2.593130111694336,9.829237937927246,1.4160457849502563,1.7478785514831543,31.93658447265625
3359480441.0,-0.9762381911277772,2.6415693759918213,9.61181354522705,1.6532851457595823,1.5654027462005615,31.87923812866211
3359488774.0,-0.8468427658081055,2.543564319610596,9.804937362670898,1.7042958736419678,1.537342190742493,31.87443733215332
3359497107.0,-0.8584612011909485,2.441492080688477,9.700475692749023,1.932262659072876,1.6611357927322388,31.9011459350586
3359505440.0,-0.9421430826187134,2.8138906955718994,9.910086631774902,2.4736974239349365,1.9537019729614256,31.74395751953125
3359513773.0,-0.8192916512489319,2.9110121726989746,10.277467727661133,2.70153546333313,1.7211756706237793,31.67830467224121
3359522106.0,-0.8024246692657471,2.9074089527130127,10.003960609436035,2.647361516952514,0.9374817609786988,31.66334724426269
3359530439.0,-0.9228553771972656,3.153661727905273,9.709318161010742,2.478538274765014,1.289396047592163,31.58271598815918
3359538772.0,-0.8441143035888672,3.2315120697021484,9.957569122314451,2.7994461059570312,1.8088659048080444,31.658672332763672
3359547105.0,-0.8646619915962219,3.133267402648926,9.882406234741213,2.7872791290283203,1.130984663963318,31.593944549560547
3359555438.0,-0.9288837909698486,3.168346881866455,9.624897956848145,2.4474937915802,0.9243161678314208,31.634502410888672
3359563771.0,-0.906251847743988,3.209987163543701,9.574803352355955,2.512912034988404,1.3141392469406128,31.6241512298584
3359572104.0,-0.8324119448661804,3.4334940910339355,9.86260986328125,2.5709285736083984,1.3897271156311035,31.6193904876709
3359580437.0,-0.8984427452087402,3.3443288803100586,9.965578079223633,2.351106882095337,1.2263338565826416,31.66754722595215
3359588770.0,-0.7847061157226562,3.134805679321289,9.736848831176758,2.4723265171051025,0.8550167679786682,31.60403633117676
3359597103.0,-0.9169636368751526,3.2379310131073,9.775018692016602,2.4853384494781494,0.9814742803573608,31.56730461120605
3359605436.0,-0.7105106711387634,3.4817590713500977,9.80234146118164,2.528972625732422,1.3359627723693848,31.64912986755371
3359613769.0,-0.6925527453422546,3.580976724624634,9.995831489562988,2.4343531131744385,0.9681163430213928,31.467369079589844
3359622102.0,-0.7837917804718018,3.75492525100708,9.849480628967283,2.306666374206543,1.193752408027649,31.54605484008789
3359630435.0,-0.7884117960929871,3.830136775970459,9.941786766052246,1.9398953914642327,1.455248236656189,31.523822784423828
3359638768.0,-0.9338037371635436,3.749992847442627,9.910026550292969,1.8463013172149656,1.153051495552063,31.41607093811035
3359647101.0,-1.0387481451034546,4.2554850578308105,9.905474662780762,1.440878987312317,1.363805651664734,31.41686248779297
3359655434.0,-1.0656896829605105,4.162621974945068,10.12057876586914,0.9926548600196838,1.3725656270980835,31.22770118713379
3359663767.0,-1.0983821153640747,4.141241550445557,9.874248504638672,0.6632171273231506,1.0146958827972412,31.25580596923828
3359672100.0,-1.0579733848571775,4.092668056488037,9.905233383178713,0.4120053052902221,0.8471147418022156,31.41117286682129
3359680433.0,-1.110836386680603,3.657663345336914,9.726607322692873,-0.0939402878284454,0.6473491191864014,31.298009872436523
3359688766.0,-1.3309859037399292,3.5424060821533203,9.466283798217772,0.0507162287831306,1.2127583026885986,31.308385848999023
3359697099.0,-1.167286396026611,3.531820297241211,9.965723037719728,0.0566459335386753,0.7255622744560242,31.33716011047364
3359705432.0,-0.8366338610649109,3.536550045013428,9.792054176330566,0.0624219477176666,-0.2367653846740722,31.12723922729492
3359713765.0,-0.8160662055015564,3.644540309906006,9.3650541305542,-0.0414822921156883,-0.0718864127993583,31.10303497314453
3359722098.0,-0.9245007038116456,3.497709512710572,9.28848361968994,0.0507162287831306,1.0637089014053345,31.212379455566406
3359730431.0,-1.2186498641967771,3.114006519317627,9.542095184326172,0.0532776564359664,0.9690130352973938,31.303695678710938
3359738764.0,-1.328394055366516,3.1691668033599854,9.56872272491455,0.1590132862329483,-0.0239365193992853,31.201902389526367
3359747097.0,-1.0183024406433103,3.021885871887207,9.561118125915527,0.1005615592002868,-0.5531526207923889,31.23955345153809
3359755430.0,-0.7134397029876709,3.2195119857788086,9.162322998046877,0.3116486370563507,-0.636040449142456,31.44677925109864
3359763763.0,-0.536294162273407,3.2668888568878174,9.29901885986328,0.4006837904453277,0.1161606386303901,31.37144088745117
3359772096.0,-0.4620526134967804,2.873758554458618,9.519670486450195,0.3224067091941833,0.0894706100225448,31.4997501373291
3359780429.0,-0.6968985199928284,2.785203695297241,9.376798629760742,0.4311904013156891,0.1138553842902183,31.636323928833008
3359788762.0,-0.7134042382240295,3.0117452144622803,9.655447006225586,0.529036819934845,0.7536994814872742,31.741470336914062
3359797095.0,-0.6412693858146667,3.064696788787842,9.905670166015623,0.6763956546783447,0.1911592036485672,31.70829963684082
3359805428.0,-0.6842027902603149,3.155771255493164,9.730067253112791,0.6374620199203491,0.0204914063215255,31.786731719970703
3359813761.0,-0.5326180458068848,2.885430335998535,9.889864921569824,0.4795245230197906,0.5280892252922058,31.955942153930664
3359822094.0,-0.5309453010559082,2.925899028778076,9.737812995910645,0.6193015575408936,0.3998129367828369,31.945051193237305
3359830427.0,-0.6903021335601807,3.027770519256592,9.673003196716309,1.008740782737732,0.5818791389465332,31.88473320007324
3359838760.0,-0.6190973520278931,2.8119208812713623,9.6013765335083,0.8440923094749451,0.5820327401161194,31.81085777282715
3359847093.0,-0.5362621545791626,2.766445636749268,9.653521537780762,0.826341450214386,0.6849251389503479,32.03003692626953
3359855426.0,-0.5749985575675964,3.021392345428467,9.726729393005373,1.0269780158996582,0.9637364149093628,32.09123229980469
3359863759.0,-0.4804645478725433,2.875872611999512,9.84592056274414,1.2319945096969604,0.9510318040847778,31.978683471679688
3359872092.0,-0.6419520378112793,2.8462042808532715,9.618951797485352,1.103052258491516,0.8961659669876099,31.97345733642578
3359880425.0,-0.5931422114372253,2.773320198059082,9.72236156463623,1.0294880867004397,1.286962628364563,31.98941421508789
3359888758.0,-0.3596959710121155,2.8567707538604736,9.78016185760498,1.362499117851257,0.9672966599464417,32.00291061401367
3359897091.0,-0.5456762909889221,2.7661995887756348,9.752129554748535,1.7134143114089966,1.0808446407318115,31.971559524536133
3359905424.0,-0.5963696241378784,2.975204467773437,9.51211643218994,1.7414367198944092,1.6623399257659912,32.189208984375
3359913757.0,-0.9922356605529784,3.0756964683532715,9.972540855407717,1.6410540342330933,1.9063664674758911,31.946277618408203
3359922090.0,-0.926847517490387,3.4721155166625977,9.876604080200195,1.7703807353973389,1.7329071760177612,31.832046508789062
3359930423.0,-0.6231558918952942,3.190300703048706,10.424935340881348,1.6039390563964844,1.1011825799942017,31.741418838500977
3359938756.0,-0.4544857740402221,3.019709587097168,9.871256828308104,1.5880072116851809,1.0027470588684082,31.878456115722656
3359947089.0,-0.6506160497665405,3.0661089420318604,9.936599731445312,1.6492891311645508,2.103276014328003,32.03647994995117
3359955422.0,-0.6085695624351501,2.911013603210449,10.382613182067873,1.8806499242782595,2.3957784175872803,32.059547424316406
3359963755.0,-0.5611212849617004,2.8615503311157227,10.202385902404783,1.967097878456116,1.542131781578064,31.97370719909668
3359972088.0,-0.6208348870277405,3.098429918289185,10.125975608825684,2.0209903717041016,1.701196551322937,31.876609802246094
3359980421.0,-0.633033037185669,2.98153018951416,9.918126106262209,2.341015100479126,2.3402211666107178,31.77518081665039
3359988754.0,-0.8503463268280029,3.048767328262329,10.00546169281006,2.512476682662964,2.4224424362182617,31.89315223693848
3359997087.0,-0.8598032593727112,3.0814049243927,10.319497108459473,2.385071277618408,2.136408567428589,31.84884452819824
3360005420.0,-0.7866951823234558,3.3029141426086426,9.856926918029783,2.2793612480163574,1.5277880430221558,31.699079513549805
3360013753.0,-0.7321788668632507,3.4895687103271484,9.952157020568848,2.5243616104125977,1.9983216524124143,31.54482650756836
3360022086.0,-0.7218090295791626,3.420578718185425,10.030269622802734,2.3829455375671387,2.836394786834717,31.55735206604004
3360030419.0,-0.7387740015983582,3.321765899658203,10.462564468383787,2.181169271469116,2.4140541553497314,31.650089263916016
3360038752.0,-0.993187665939331,3.558884382247925,10.022320747375488,2.1905055046081543,2.1708083152771,31.55189514160156
3360047085.0,-0.8924419283866882,3.4469234943389893,10.12180995941162,2.177775382995605,2.275826930999756,31.50845527648925
3360055418.0,-0.8260680437088013,3.039461612701416,10.095331192016602,1.959362506866455,2.080671548843384,31.49769401550293
3360063751.0,-0.7854311466217041,3.49075984954834,10.161225318908691,1.953035831451416,2.3732123374938965,31.50868797302246
3360072084.0,-0.6103850603103638,3.697624683380127,10.169368743896484,2.073474168777466,2.1407370567321777,31.575439453125
3360080417.0,-0.7500740885734558,3.9263432025909424,9.987481117248535,1.841972708702088,2.0969879627227783,31.531869888305664
3360088750.0,-0.7967458963394165,3.7865819931030273,9.921148300170898,1.2830437421798706,2.577383518218994,31.68450355529785
3360097083.0,-0.9521334767341614,3.385843276977539,9.944491386413574,0.8907614350318909,2.6159582138061523,31.58514404296875
3360105416.0,-0.9579887986183168,3.444751024246216,9.946404457092283,1.1023352146148682,2.363607168197632,31.753103256225582
3360113749.0,-0.7660885453224182,3.6354165077209473,9.974102020263672,0.9586391448974608,2.140429735183716,31.922176361083984
3360122082.0,-0.613865077495575,3.4570648670196533,9.668869972229004,0.7013184428215027,2.012819528579712,31.81209182739257
3360130415.0,-0.6345308423042297,3.60455322265625,9.495553016662598,0.731799304485321,2.276595115661621,31.95726776123047
3360138748.0,-0.7121332287788391,3.3015711307525635,9.710351943969728,0.6217860579490662,2.8743295669555664,32.02122497558594
3360147081.0,-0.7319936752319336,3.034618377685547,9.491230964660645,0.7889702916145325,2.5907797813415527,32.0556526184082
3360155414.0,-0.9044204354286194,3.2236011028289795,9.537179946899414,0.851597249507904,2.3789496421813965,32.09824752807617
3360163747.0,-0.7699965834617615,3.246082067489624,9.413959503173828,1.2239261865615845,2.454179048538208,32.18964385986328
3360172080.0,-0.8839582800865173,3.2554945945739746,9.535938262939451,1.2672910690307615,2.814084529876709,32.36427688598633
3360180413.0,-0.9749479293823242,3.2840309143066406,9.655336380004885,1.1817907094955444,2.876173973083496,32.39535140991211
3360188746.0,-0.8372366428375244,3.232105016708374,9.499463081359863,1.5011876821517944,2.290644645690918,32.533504486083984
3360197079.0,-0.9592551589012146,3.2166666984558105,9.344701766967772,1.4302873611450195,2.194847583770752,32.523231506347656
3360205412.0,-0.8582860231399536,3.1169357299804688,9.247835159301758,1.713850021362305,2.689804792404175,32.60966873168945
3360213745.0,-0.7359246015548706,3.033703088760376,9.44340705871582,1.8259379863739007,2.457585573196411,32.69437026977539
3360222078.0,-0.9274533987045288,3.19614839553833,9.568553924560549,2.059399366378784,2.394280433654785,32.8383674621582
3360230411.0,-1.043712496757507,3.370920419692993,9.344764709472656,2.228735446929932,2.534518241882324,32.85688400268555
3360238744.0,-0.9998880624771118,3.040968418121338,9.62728214263916,2.1351020336151123,2.19923996925354,32.958045959472656
3360247077.0,-0.9548545479774476,3.154752254486084,9.618557929992676,2.25771713256836,2.205618143081665,33.11500930786133
3360255410.0,-0.7131323218345642,3.3270013332366943,9.664905548095703,2.153390884399414,2.1021111011505127,33.03878402709961
3360263743.0,-0.7962722778320312,3.455494165420532,9.700749397277832,2.602716445922852,2.1867151260375977,33.24936294555664
3360272076.0,-0.9365711212158204,3.4981839656829834,9.576366424560549,2.408688306808472,2.359226942062378,33.367313385009766
3360280409.0,-1.0478334426879885,3.43119740486145,9.850040435791016,1.916843295097351,2.29383397102356,33.346771240234375
3360288742.0,-1.2916109561920166,3.659069538116455,9.67880153656006,1.922913670539856,2.1220386028289795,33.47563171386719
3360297075.0,-1.103626728057861,3.641814947128296,9.812429428100586,1.933031439781189,2.21317458152771,33.33634567260742
3360305408.0,-0.8142572641372681,3.345589160919189,9.894698143005373,1.8013228178024292,1.1852229833602903,33.48357391357422
3360313741.0,-1.095063328742981,3.3466131687164307,9.364131927490234,1.6074739694595337,1.2701598405838013,33.5957145690918
3360322074.0,-1.2173508405685425,3.398587465286255,9.559170722961426,1.691386342048645,2.0804667472839355,33.515586853027344
3360330407.0,-1.286476492881775,3.3187615871429443,9.900164604187012,2.0351808071136475,1.8452509641647337,33.511871337890625
3360338740.0,-1.25710129737854,3.442591905593872,9.95865249633789,1.577684760093689,0.849035918712616,33.39090347290039
3360347073.0,-0.8892717957496643,3.553006649017334,10.002952575683594,1.5853687524795532,0.7010365724563599,33.2477912902832
3360355406.0,-0.7531340718269348,3.6742103099823,9.68158721923828,1.71684730052948,0.8858180642127991,33.475616455078125
3360363739.0,-0.9484652876853944,3.849131107330322,9.760876655578612,1.7725838422775269,1.7289372682571411,33.46595764160156
3360372072.0,-0.987513780593872,3.5874452590942383,10.110438346862791,1.5564249753952026,1.4656224250793457,33.347259521484375
3360380405.0,-1.2010079622268677,3.6351301670074463,9.976044654846191,1.144521951675415,0.7463996410369873,33.32933044433594
3360388738.0,-1.194618821144104,3.871580839157105,9.936643600463867,1.2286393642425537,1.0207027196884155,33.35137939453125
3360397071.0,-0.7718439102172852,3.4744656085968018,10.127907752990724,1.3382682800292969,1.0167324542999268,33.377281188964844
3360405404.0,-0.8158860206604004,3.29932188987732,9.77835750579834,1.229382038116455,0.4354680478572845,33.355709075927734
3360413737.0,-0.9664311408996582,3.180576801300049,9.641328811645508,1.1345069408416748,0.8763920664787292,33.4857063293457
3360422070.0,-0.8963491320610046,2.9849109649658203,9.633748054504396,1.4251261949539185,1.4342962503433228,33.53129577636719
3360430403.0,-1.1616501808166504,3.4073781967163086,10.058627128601074,1.6218434572219849,1.091602802276611,33.5765495300293
3360438736.0,-0.887069046497345,3.4849979877471924,10.073164939880373,1.5600879192352295,0.8367154598236084,33.548458099365234
3360447069.0,-0.638058602809906,3.602198839187622,10.106249809265137,1.485703945159912,0.2665676474571228,33.50304412841797
3360455402.0,-0.7826911807060242,3.7651689052581774,9.710647583007812,1.3134222030639648,1.1142202615737915,33.57399368286133
3360463735.0,-0.8380594849586487,3.44703221321106,9.968579292297363,1.3459268808364868,1.625148057937622,33.884132385253906
3360472068.0,-0.8367508053779602,3.6121394634246826,10.14620590209961,1.5259697437286377,1.061992883682251,33.8424072265625
3360480401.0,-0.7462289929389954,3.65716552734375,10.116570472717283,1.1838655471801758,0.5859262943267822,33.968536376953125
3360488734.0,-0.3902127742767334,3.714189767837525,9.640172958374023,1.16083824634552,0.8024691939353943,34.07231903076172
3360497067.0,-0.583372175693512,3.9431357383728014,9.720588684082031,1.166627049446106,1.602914810180664,34.159637451171875
3360505400.0,-0.6685876846313477,3.699632406234741,9.605947494506836,1.027336835861206,2.2506229877471924,34.26084518432617
3360513733.0,-0.8670453429222107,3.2328333854675293,9.887039184570312,0.9211913347244264,1.6587796211242676,34.299930572509766
3360522066.0,-0.8612326979637146,3.397423028945923,9.566804885864258,1.0616343021392822,1.4292502403259275,34.58865737915039
3360530399.0,-0.6141043305397034,3.5845329761505127,9.695192337036133,1.0973150730133057,1.5998926162719729,34.70814895629883
3360538732.0,-0.5880782008171082,3.5799522399902344,9.733278274536133,1.48775315284729,1.8598003387451167,34.779502868652344
3360547065.0,-0.7685855031013489,3.484588861465454,9.699673652648926,1.2507957220077517,2.200239419937134,34.8361930847168
3360555398.0,-0.70442134141922,3.4604811668396,9.623802185058594,1.4722824096679688,2.2220373153686523,35.01237106323242
3360563731.0,-0.8929968476295471,3.3309226036071777,9.815813064575195,1.5479724407196045,2.119913101196289,34.9675407409668
3360572064.0,-0.8759883046150208,3.6009178161621094,9.558799743652344,1.2593762874603271,2.381998300552368,35.117225646972656
3360580397.0,-0.7452498078346252,3.780306339263916,10.238934516906738,1.5130854845046997,2.3818955421447754,35.164329528808594
3360588730.0,-0.8244417905807495,3.63100814819336,9.778438568115234,1.5161082744598389,1.9005526304244995,35.350528717041016
3360597063.0,-1.0728371143341064,3.8447999954223633,9.67794132232666,1.199567198753357,2.282256841659546,35.36246490478516
3360605396.0,-1.078433394432068,3.592225313186645,9.802434921264648,1.2440592050552368,2.624796152114868,35.36858367919922
3360613729.0,-1.0910327434539795,3.5071685314178467,9.715129852294922,1.052643656730652,2.18179702758789,35.514068603515625
3360622062.0,-0.8434027433395386,3.713149547576904,9.867966651916504,1.200719714164734,1.7647968530654907,35.48812484741211
3360630395.0,-0.7911171317100525,3.462268352508545,9.72329044342041,1.2105046510696411,1.7608526945114136,35.693477630615234
3360638728.0,-1.1238099336624146,3.864679336547852,9.402414321899414,1.0705480575561523,2.2690651416778564,35.62598419189453
3360647061.0,-1.1397415399551392,3.744033336639404,9.86981201171875,1.0743646621704102,2.475388288497925,35.598628997802734
3360655394.0,-1.294521450996399,3.554362773895264,9.678912162780762,0.900392472743988,1.5486379861831665,35.516502380371094
3360663727.0,-1.1462653875350952,3.586021423339844,9.65208911895752,0.907641351222992,1.5503801107406616,35.58827590942383
3360672060.0,-1.1057666540145874,3.668138265609741,9.595907211303713,0.7566965222358704,1.560549020767212,35.662147521972656
3360680393.0,-1.0934150218963623,3.660790205001831,9.656957626342772,1.0161947011947632,1.4170578718185425,35.64729309082031
3360688726.0,-1.1689683198928833,3.772653579711914,9.624467849731444,0.9433732628822328,1.3023314476013184,35.49836349487305
3360697059.0,-1.0591537952423096,3.513889074325561,9.656999588012695,0.8813866972923279,0.9564621448516846,35.51519775390625
3360705392.0,-1.014251708984375,3.555781126022339,9.534482955932615,0.7231162190437317,0.7526239156723022,35.44552993774414
3360713725.0,-0.9968708753585817,3.7625675201416016,9.651894569396973,0.8440924286842346,1.2925469875335691,35.47419357299805
3360722058.0,-0.8709679245948792,3.709313154220581,9.857120513916016,0.7804666757583618,1.0770286321640017,35.44496536254883
3360730391.0,-1.0105854272842407,3.8846514225006095,9.75274658203125,0.6663807034492493,0.8174024224281311,35.46725082397461
3360738724.0,-0.7995997071266174,3.7536368370056152,9.932360649108888,0.5376690030097961,0.6564167141914368,35.39750289916992
3360747057.0,-0.7752772569656372,3.716249465942383,9.766942977905272,0.0648553073406219,0.7001146078109741,35.29622268676758
3360755390.0,-0.8498822450637817,3.9321093559265137,9.7173490524292,0.2095246464014053,1.2661129236221311,35.146785736083984
3360763723.0,-0.7400917410850525,3.7536869049072266,9.903624534606934,-0.1620998531579971,1.109481692314148,35.19778060913086
3360772056.0,-0.5929532051086426,3.33191442489624,9.901987075805664,-0.4415771067142486,0.8743172883987427,35.321502685546875
3360780389.0,-0.6776393055915833,3.281722068786621,9.561471939086914,-0.284664124250412,0.9317956566810608,35.385154724121094
3360788722.0,-0.667425274848938,3.1755950450897217,9.705324172973633,-0.0698116719722747,1.9087237119674685,35.46843338012695
3360797055.0,-0.5810466408729553,3.21350359916687,9.8475980758667,0.4259395897388458,1.3960797786712646,35.314849853515625
3360805388.0,-0.5124537348747253,3.185665369033813,9.683563232421877,0.3559613823890686,1.0284125804901123,35.28200149536133
3360813721.0,-0.3119954764842987,3.2529993057250977,9.515181541442873,0.3704333901405334,1.2558414936065674,35.20103454589844
3360822054.0,-0.425063818693161,3.1624233722686768,9.589783668518066,0.672092616558075,2.0776495933532715,35.243839263916016
3360830387.0,-0.5332725644111633,3.3301925659179688,9.584699630737305,1.0184743404388428,2.559146881103516,35.378448486328125
3360838720.0,-0.5440021753311157,3.071318387985229,10.050910949707031,1.1390663385391235,1.888155460357666,35.450679779052734
3360847053.0,-0.5329140424728394,3.238795518875122,9.516939163208008,1.0556663274765017,1.6572941541671753,35.30944061279297
3360855386.0,-0.5066882967948914,3.31388258934021,9.686102867126465,1.205586552619934,2.5311501026153564,35.41274642944336
3360863719.0,-0.4065248966217041,3.353376865386963,9.859064102172852,1.4203366041183472,2.813394069671631,35.519325256347656
3360872052.0,-0.5477567315101624,3.3359506130218506,9.900516510009766,1.2966450452804563,2.488527536392212,35.48671340942383
3360880385.0,-0.6352033615112305,3.520554304122925,9.784132957458496,1.0864546298980713,2.632275342941284,35.58272171020508
3360888718.0,-0.4612013399600982,3.358001708984375,9.857540130615234,1.0818694829940796,2.9979441165924072,35.52321243286133
3360897051.0,-0.5539510250091553,3.549185514450073,10.09376621246338,1.08379065990448,2.945076942443848,35.54253005981445
3360905384.0,-0.7737123370170593,3.574995756149292,10.015457153320312,0.9333837628364564,3.255829095840454,35.56209945678711
3360913717.0,-0.7324485182762146,3.5864808559417725,10.123165130615234,0.9730346202850342,3.0813956260681152,35.60387420654297
3360922050.0,-0.7234243154525757,3.602223396301269,10.094839096069336,0.7664811015129089,2.808783054351806,35.55830764770508
3360930383.0,-0.7543865442276001,3.438157558441162,9.727519035339355,0.5275514125823975,3.145354986190796,35.57634353637695
3360938716.0,-0.7889221906661987,3.300537109375,9.93781280517578,0.5260913968086243,3.344813108444214,35.619346618652344
3360947049.0,-0.9982949495315552,3.381477832794189,9.769131660461426,0.3132624626159668,3.160595178604126,35.6479606628418
3360955382.0,-1.0741949081420898,3.503415107727051,9.912761688232422,0.2836522758007049,3.0657448768615723,35.49163055419922
3360963715.0,-0.975900173187256,3.393419981002808,9.749011993408203,0.3910785615444183,2.5390396118164062,35.6605339050293
3360972048.0,-1.0109771490097046,3.3133704662323,9.711414337158203,0.3811914622783661,2.3787708282470703,35.54770278930664
3360980381.0,-1.0118900537490845,3.344637870788574,9.66351318359375,0.3268123865127563,2.7159574031829834,35.535945892333984
3360988714.0,-0.8339990377426147,3.1085875034332275,9.655579566955566,0.5623611807823181,2.4134268760681152,35.3614616394043
3360997047.0,-0.9219114184379578,3.133999347686768,9.637956619262695,0.6521136164665222,2.148601531982422,35.29591751098633
3361005380.0,-1.0146774053573608,3.2753052711486816,9.57229995727539,0.7814399003982544,2.3377115726470947,35.29402160644531
3361013713.0,-0.9945128560066224,3.1984241008758545,9.821094512939451,0.9114066958427428,2.3458054065704346,35.14622116088867
3361022046.0,-1.0873816013336182,3.446218490600586,9.886082649230955,1.0676535367965698,2.0146126747131348,35.23822784423828
3361030379.0,-0.977715790271759,3.3596134185791016,9.865816116333008,0.9436805844306946,1.9696340560913088,35.10677719116211
3361038712.0,-0.9638256430625916,3.270967483520508,9.776793479919434,0.8871244192123413,1.691412329673767,35.11689376831055
3361047045.0,-1.0376927852630615,3.377898931503296,9.700592041015623,1.047316074371338,1.7112377882003784,34.96700668334961
3361055378.0,-0.9238465428352356,3.3898072242736816,9.862138748168944,0.979694366455078,1.7349053621292114,35.00637435913086
3361063711.0,-0.8132719993591309,3.4501941204071045,9.85321044921875,1.133149266242981,1.3880624771118164,34.9415397644043
3361072044.0,-0.9417406916618348,3.3970322608947754,9.616501808166504,0.9078207015991212,1.3356813192367554,34.9633674621582
3361080377.0,-0.9266632199287416,3.280099868774414,9.774443626403809,0.6890235543251038,1.9329290390014648,34.91697692871094
3361088710.0,-0.7033441066741943,3.137498617172241,9.804882049560549,1.0180901288986206,1.4558634757995603,35.049896240234375
3361097043.0,-0.6796022057533264,3.09512710571289,9.812592506408691,1.097033143043518,0.9356122612953186,35.04325866699219
3361105376.0,-0.6103099584579468,3.2441017627716064,9.569612503051758,1.045651078224182,1.502737522125244,35.03703308105469
3361113709.0,-0.4559015929698944,3.545651197433472,9.734752655029297,1.3280483484268188,1.801092505455017,35.02783966064453
3361122042.0,-0.4750418365001678,3.420959949493408,9.898164749145508,1.0602256059646606,1.5936683416366575,34.97548294067383
3361130375.0,-0.4817372858524322,3.515943050384521,9.796714782714844,0.948777973651886,1.5753028392791748,34.99892044067383
3361138708.0,-0.4072657525539398,3.278529167175293,9.6887788772583,0.9832289814949036,1.8221728801727293,35.12163162231445
3361147041.0,-0.5320382714271545,3.330776691436768,9.672980308532717,1.2515383958816528,2.0472967624664307,35.13316345214844
3361155374.0,-0.6005659699440002,3.152070999145508,9.712027549743652,1.0976992845535278,2.152161359786988,35.21345901489258
3361163707.0,-0.444270521402359,3.092482089996338,9.855453491210938,1.4500491619110107,2.090303421020508,35.29264450073242
3361172040.0,-0.5942011475563049,3.2504184246063232,9.810562133789062,1.5184136629104614,1.789438009262085,35.30168151855469
3361180373.0,-0.6445726752281189,3.545147180557251,9.553555488586426,1.7034249305725098,2.2788748741149902,35.17744445800781
3361188706.0,-0.4850843846797943,3.276339292526245,9.924017906188965,1.744920253753662,2.2457046508789062,35.32872772216797
3361197039.0,-0.4530520439147949,3.2200725078582764,9.797525405883787,1.4359869956970217,1.8455077409744265,35.33057403564453
3361205372.0,-0.6650279760360718,3.640380382537842,9.737163543701172,1.3538163900375366,2.503307580947876,35.382469177246094
3361213705.0,-0.6366162300109863,3.941458940505981,10.099825859069824,1.714029312133789,2.7724106311798096,35.38806915283203
3361222038.0,-0.7592630982398987,3.916065454483032,10.151829719543455,1.2465437650680542,2.004700422286988,35.37501525878906
3361230371.0,-0.7374847531318665,3.7823855876922607,9.909897804260254,0.4596480429172516,1.9454549551010127,35.40245056152344
3361238704.0,-0.6358878016471863,3.627264261245728,9.748231887817385,0.6081977486610413,2.07417893409729,35.53129196166992
3361247037.0,-0.711879551410675,3.5134975910186768,9.687458992004396,0.7646114230155945,2.4462900161743164,35.40680313110352
3361255370.0,-0.8655622005462646,3.4920711517333984,9.752593994140623,0.4742480516433716,2.3047454357147217,35.59480667114258
3361263703.0,-0.7098866105079651,3.4877943992614746,9.73125171661377,0.3688454329967499,1.763746976852417,35.46991729736328
3361272036.0,-0.7586660981178284,3.472402811050415,9.620197296142578,0.3103936612606048,1.5379316806793213,35.35465240478516
3361280369.0,-0.9512943029403688,3.4211833477020264,9.480359077453612,0.336699515581131,2.184000253677368,35.416046142578125
3361288702.0,-0.8969191312789917,3.358858346939087,9.73004913330078,0.5903832316398621,1.9531899690628047,35.46305084228516
3361297035.0,-0.9286128878593444,3.04559588432312,9.680971145629885,0.4866966009140014,0.9838183522224426,35.490867614746094
3361305368.0,-0.9060221314430236,3.1440415382385254,9.375704765319824,0.6243221163749695,0.77629154920578,35.47445297241211
3361313701.0,-0.7377843260765076,3.262077569961548,9.54189682006836,0.9381736516952516,1.3829652070999146,35.420658111572266
3361322034.0,-0.8807018995285034,3.467424392700196,9.793262481689451,0.993551790714264,1.3835030794143677,35.48000717163086
3361330367.0,-0.9828839898109436,3.305243968963623,9.787399291992188,0.97672301530838,0.9472922682762146,35.35575485229492
3361338700.0,-0.8545747399330139,3.173452377319336,9.68095874786377,0.9078207015991212,0.8609721660614014,35.230369567871094
3361347033.0,-0.6626214385032654,3.200209856033325,9.856372833251951,1.1256957054138184,0.699858546257019,35.33823013305664
3361355366.0,-0.6522655487060547,3.277939796447754,9.767173767089844,1.2450326681137085,0.6613603234291077,35.35017013549805
3361363699.0,-0.6193643808364868,3.3923609256744385,9.713201522827148,1.3723095655441284,0.8051073551177979,35.20926284790039
3361372032.0,-0.600002646446228,3.236063241958618,9.83795166015625,1.262168288230896,0.5032176971435547,35.21112823486328
3361380365.0,-0.553605318069458,3.296862363815308,9.686245918273926,1.2356832027435305,0.4339824020862579,35.24601745605469
3361388698.0,-0.4788137376308441,3.247674465179444,9.713922500610352,1.1124272346496582,0.7674800753593445,35.214229583740234
3361397031.0,-0.4449825882911682,3.2091567516326904,9.76751708984375,1.2434186935424805,0.6981679201126099,35.272064208984375
3361405364.0,-0.4923839867115021,3.244361400604248,9.806702613830566,1.2565460205078125,0.8091416954994202,35.27228546142578
3361413697.0,-0.2876740097999573,3.236689805984497,9.886731147766112,1.2130913734436035,0.7681204080581665,35.25828552246094
3361422030.0,-0.2823908030986786,3.2683284282684326,9.770456314086914,1.3843997716903689,0.6845155954360962,35.313209533691406
3361430363.0,-0.5013993382453918,3.189761161804199,9.673760414123535,1.1857097148895264,1.1915498971939087,35.36881256103516
3361438696.0,-0.5130488276481628,3.04309606552124,9.82481861114502,1.188040852546692,1.5133165121078491,35.45442199707031
3361447029.0,-0.3723399937152862,2.9668869972229004,9.841460227966309,1.4779174327850342,0.9445003271102904,35.455467224121094
3361455362.0,-0.333304613828659,2.886860609054565,9.837529182434082,1.4730507135391235,0.7874593734741211,35.48810195922852
3361463695.0,-0.2957224547863006,2.957043170928955,9.497244834899902,1.6434366703033447,1.2558672428131104,35.56388854980469
3361472028.0,-0.3297761976718902,3.093393325805664,9.753303527832031,2.0259859561920166,1.6269667148590088,35.6265983581543
3361480361.0,-0.4715116620063782,3.1745755672454834,9.861493110656738,2.121347188949585,1.254483938217163,35.505794525146484
3361488694.0,-0.3410260379314422,3.219740390777588,9.674148559570312,2.116506099700928,1.1252343654632568,35.51834487915039
3361497027.0,-0.2868359386920929,3.055241823196411,9.80674171447754,2.1743946075439453,1.2448018789291382,35.54747009277344
3361505360.0,-0.4394492208957672,3.0922088623046875,9.690142631530762,2.2462942600250244,1.7323439121246338,35.68043899536133
3361513693.0,-0.4109279215335846,3.3346915245056152,10.002931594848633,2.4757978916168213,1.8551899194717407,35.60154724121094
3361522026.0,-0.3199744820594787,3.2911629676818848,10.145987510681152,2.5522563457489014,1.3702349662780762,35.53387451171875
3361530359.0,-0.2738065123558044,3.1920132637023926,9.757439613342283,2.454537868499756,1.168753147125244,35.6099967956543
3361538692.0,-0.2968459725379944,3.207735776901245,9.660321235656738,2.4659364223480225,1.929266571998596,35.596397399902344
3361547025.0,-0.392758846282959,3.15584397315979,9.89724826812744,2.762575387954712,2.2499828338623047,35.65446472167969
3361555358.0,-0.5561993718147278,3.36456036567688,10.085419654846191,2.749025344848633,2.045836925506592,35.509742736816406
3361563691.0,-0.4762123227119446,3.3725435733795166,10.164445877075195,2.628202438354492,1.684009671211243,35.434871673583984
3361572024.0,-0.2396171540021896,3.401548385620117,9.969382286071776,2.768312931060791,1.4825278520584106,35.343101501464844
3361580357.0,-0.2108461707830429,3.515965700149536,9.786603927612305,2.730685472488404,1.7312936782836914,35.31574249267578
3361588690.0,-0.3054482936859131,3.559919834136963,9.899574279785156,2.6665470600128174,2.333382129669189,35.355567932128906
3361597023.0,-0.3254252076148987,3.5237882137298584,9.867310523986816,2.4514389038085938,1.9760379791259768,35.313106536865234
3361605356.0,-0.5641357898712158,3.460001945495605,9.84957790374756,2.431971788406372,1.8968387842178345,35.258544921875
3361613689.0,-0.3133489489555359,3.4586775302886963,9.777599334716797,2.159256935119629,2.0197105407714844,35.204627990722656
3361622022.0,-0.1849298328161239,3.681440353393554,9.86270236968994,2.3272347450256348,1.738849639892578,35.19217300415039
3361630355.0,-0.3391768038272857,3.6998932361602783,9.719283103942873,2.165276288986206,1.917945146560669,35.22965621948242
3361638688.0,-0.5225515365600586,3.852993965148926,9.71528434753418,1.8404358625411987,2.41980504989624,34.9766845703125
3361647021.0,-0.4863747358322143,3.5986852645874023,9.909978866577148,1.743511438369751,2.1722941398620605,35.06630325317383
3361655354.0,-0.5408967137336731,3.5987298488616943,9.923707008361816,1.825835943222046,1.6389800310134888,35.0049934387207
3361663687.0,-0.4723895788192749,3.435782194137573,9.794212341308594,1.4677482843399048,1.9504234790802,34.81216049194336
3361672020.0,-0.2718078196048736,3.460747241973877,9.826709747314451,1.7882343530654907,1.9280112981796265,34.9372673034668
3361680353.0,-0.4236551225185394,3.485741138458252,9.700156211853027,1.8492727279663088,1.7051925659179688,34.77519989013672
3361688686.0,-0.4235647916793823,3.5858917236328125,9.733453750610352,1.6826778650283811,1.994761943817139,34.66383361816406
3361697019.0,-0.3924520313739776,3.479509353637696,9.698731422424316,1.4027137756347656,2.138150215148926,34.53253173828125
3361705352.0,-0.4524548351764679,3.3976831436157227,9.796594619750977,1.4692597389221191,2.124651908874512,34.577232360839844
3361713685.0,-0.3756850361824035,3.441805362701416,9.89503002166748,1.4468470811843872,2.1439907550811768,34.562503814697266
3361722018.0,-0.2466419637203216,3.504302740097046,9.834882736206056,1.575635552406311,1.7078052759170532,34.53227615356445
3361730351.0,-0.445707619190216,3.5042309761047363,9.671401023864746,1.3188525438308716,1.988716721534729,34.536346435546875
3361738684.0,-0.5296826958656311,3.563629150390625,9.852412223815918,1.1484922170639038,2.451591968536377,34.74846267700195
3361747017.0,-0.5049207210540771,3.779231309890747,10.129456520080566,1.172236680984497,1.7326256036758425,34.62115859985352
3361755350.0,-0.4990912079811096,3.590771436691284,9.989604949951172,0.8243950605392456,1.1054091453552246,34.63050842285156
3361763683.0,-0.3852716982364654,3.4067931175231934,9.54160499572754,0.5841588377952576,1.4630353450775146,34.58265686035156
3361772016.0,-0.1766024231910705,3.480234146118164,9.775707244873049,0.8675550222396851,1.5696674585342407,34.7456169128418
3361780349.0,-0.354991465806961,3.542233467102051,9.818657875061035,0.8349481821060181,1.6047848463058472,34.674461364746094
3361788682.0,-0.3908817172050476,3.3410348892211914,9.752121925354004,0.541536808013916,1.903319358825684,34.70243453979492
3361797015.0,-0.4191259145736694,3.23932147026062,9.844822883605955,0.5881289839744568,2.013076066970825,34.81827926635742
3361805348.0,-0.5767219066619873,3.295098066329956,10.032601356506348,0.9508782625198364,1.6737126111984253,34.73183822631836
3361813681.0,-0.3516669869422912,3.411101818084717,9.97396469116211,0.8313621282577515,1.5541197061538696,34.62828063964844
3361822014.0,-0.3745586276054382,3.341359138488769,9.786367416381836,0.9588441848754884,1.216216206550598,34.589599609375
3361830347.0,-0.4582416415214538,3.441457986831665,9.64113998413086,0.9308735728263856,1.5300167798995972,34.69385528564453
3361838680.0,-0.2184539437294006,3.499729871749878,9.843941688537598,0.8830517530441284,1.672662615776062,34.7911376953125
3361847013.0,-0.2644312977790832,3.53096604347229,9.886224746704102,1.047213435173035,1.1688556671142578,34.62356948852539
3361855346.0,-0.4950668811798095,3.2819926738739014,9.63698387145996,0.7409694790840149,1.6088577508926392,34.71629333496094
3361863679.0,-0.4059799313545227,3.281550884246826,9.864585876464844,0.7069025039672852,1.5521987676620483,34.68686294555664
3361872012.0,-0.3724249899387359,3.361325025558472,9.988266944885254,0.7705793976783752,1.1688300371170044,34.57038879394531
3361880345.0,-0.3774250745773315,3.5083186626434326,9.882280349731444,0.8038010001182556,1.1594550609588623,34.44851303100586
3361888678.0,-0.1262788027524948,3.245567321777344,9.86379051208496,0.6576716899871826,1.049262523651123,34.4262580871582
3361897011.0,-0.3336470425128937,3.0737955570220947,9.656103134155272,0.7713222503662109,1.0843030214309692,34.306026458740234
3361905344.0,-0.3254254460334778,2.993240594863892,9.768857955932615,0.9904778599739076,1.4844231605529783,34.23435592651367
3361913677.0,-0.1401439607143402,2.957352876663208,9.975067138671877,1.0826122760772705,1.1907556056976318,34.259151458740234
3361922010.0,-0.3499414324760437,3.0918900966644287,9.641494750976562,1.3500251770019531,1.0220859050750732,34.11750411987305
3361930343.0,-0.2729453444480896,2.959819793701172,9.759790420532228,1.2591458559036257,1.4136254787445068,34.187355041503906
3361938676.0,-0.1001437827944755,2.8693199157714844,9.844718933105469,1.44620680809021,1.2487976551055908,34.003082275390625
3361947009.0,-0.3258863985538482,2.9599146842956543,9.739354133605955,1.707728147506714,1.1006959676742554,33.96942901611328
3361955342.0,-0.2873100638389587,3.045185089111328,9.77983856201172,1.9021918773651123,1.4236149787902832,33.905033111572266
3361963675.0,-0.0045165573246777,3.008738279342652,10.061604499816896,1.863155722618103,0.9333068132400512,33.8773193359375
3361972008.0,-0.1604141443967819,3.260017871856689,9.740074157714844,1.7508372068405151,0.8297995924949646,33.85232162475586
3361980341.0,-0.0910602658987045,3.2445430755615234,9.634328842163086,1.9336977005004885,1.3819406032562256,33.77509307861328
3361988674.0,0.061415646225214,3.272765874862671,9.824938774108888,1.8478385210037231,1.2853236198425293,33.6373405456543
3361997007.0,-0.2374455034732818,3.280755043029785,9.697220802307127,1.594871997833252,1.329559564590454,33.6301155090332
3362005340.0,-0.1196739599108696,3.296414852142334,9.684274673461914,1.5865728855133057,1.75160551071167,33.46869659423828
3362013673.0,-0.0203801970928907,3.293113470077514,10.043033599853516,1.7190754413604736,1.4026113748550415,33.39387512207031
3362022006.0,-0.2641841769218445,3.2340190410614014,9.657033920288086,1.4479740858078003,1.5280954837799072,33.52378845214844
3362030339.0,-0.1297257095575332,2.769014358520508,9.919018745422363,1.440289855003357,1.6366231441497805,33.39863967895508
3362038672.0,-0.1076253205537796,2.781599521636963,9.727764129638672,1.6533747911453247,1.2330448627471924,33.34543991088867
3362047005.0,-0.2619308531284332,3.018770933151245,9.724541664123535,1.909517526626587,1.528761625289917,33.314212799072266
3362055338.0,-0.0854391530156135,3.010185480117798,9.86528491973877,1.7876962423324585,1.5862144231796265,33.319976806640625
3362063671.0,-0.1010504439473152,3.2377257347106934,9.745817184448242,1.8222750425338743,1.278484344482422,33.193973541259766
3362072004.0,-0.2412289083003997,3.2629122734069824,9.818018913269045,1.7087525129318235,1.7295000553131104,33.196998596191406
3362080337.0,0.0460329204797744,3.139516115188598,9.958426475524902,1.6051942110061646,1.7627989053726196,33.20923614501953
3362088670.0,-0.1912186294794082,3.257608652114868,9.89937973022461,1.721969723701477,1.2780746221542358,33.15187072753906
3362097003.0,-0.1362457424402237,3.19775128364563,9.798566818237305,1.6474578380584717,1.706498622894287,33.08422088623047
3362105336.0,0.0082669332623481,3.333268165588379,10.071630477905272,1.4805554151535034,1.4111921787261963,33.03750228881836
3362113669.0,-0.1988608241081237,3.830876111984253,9.90292263031006,1.4778403043746948,1.3786362409591677,32.83985900878906
3362122002.0,-0.1723875552415847,3.707677364349365,9.947376251220703,1.2056374549865725,1.747045874595642,32.824337005615234
3362130335.0,-0.1552360951900482,3.506462812423706,9.991288185119627,0.9873015284538268,1.4361145496368408,32.78255844116211
3362138668.0,-0.395649254322052,3.6588852405548096,9.735761642456056,0.8852031826972961,1.5530182123184204,32.67029571533203
3362147001.0,-0.2152688950300216,3.739480972290039,9.924542427062988,0.5543694496154785,1.6301426887512207,32.7451171875
3362155334.0,-0.0955817848443985,3.9126949310302734,10.04190444946289,0.3709713220596313,1.2325581312179563,32.68146514892578
3362163667.0,-0.3265466392040252,3.916061401367188,9.7858304977417,0.0014600127469748,1.6019669771194458,32.595401763916016
3362172000.0,-0.2624228298664093,3.4062492847442627,10.126350402832031,-0.1705525368452072,1.810185432434082,32.6662483215332
3362180333.0,-0.3642281889915466,3.088650941848755,9.815621376037598,-0.4085346162319183,1.1883991956710815,32.349273681640625
3362188666.0,-0.4598376154899597,3.179877519607544,9.88145923614502,-0.1962180435657501,1.3550710678100586,32.301910400390625
3362196999.0,0.0917127355933189,3.359060525894165,10.079118728637695,-0.0835409015417099,0.921498477458954,32.154266357421875
3362205332.0,0.2062421590089798,3.689618349075317,9.916511535644531,-0.2503409087657928,0.520071804523468,32.02914047241211
3362213665.0,0.1473131775856018,3.44568395614624,9.62655544281006,-0.6228746771812439,1.6431289911270142,32.1416130065918
3362221998.0,0.0576128661632537,3.051654577255249,9.83554458618164,-0.6044324040412903,2.0314154624938965,32.07906723022461
3362230331.0,-0.1033526286482811,3.1217150688171387,9.773944854736328,-0.3008778989315033,1.5570908784866333,31.890853881835938
3362238664.0,0.1771180331707,2.846342086791992,9.879924774169922,-0.2814622521400451,1.270339012145996,31.80038070678711
3362246997.0,0.4873850345611572,2.6867458820343018,9.486851692199709,-0.2604073584079742,0.9765691757202148,31.663551330566406
3362255330.0,0.0408406630158424,2.877330780029297,9.09770679473877,0.2055800259113311,2.237149238586426,31.62635803222656
3362263663.0,-0.0890518054366111,2.401097297668457,9.598154067993164,0.5108763575553894,3.160210371017456,31.668237686157227
3362271996.0,0.0545034036040306,2.392127513885498,9.76048469543457,0.8155834674835205,1.7475324869155884,31.550331115722656
3362280329.0,0.015646792948246,2.596024751663208,9.319010734558104,1.0632479190826416,1.2211596965789795,31.33192253112793
3362288662.0,0.4299226701259613,2.571936845779419,9.236289978027344,1.3292518854141235,1.88567054271698,31.18774032592773
3362296995.0,0.2540110945701599,2.862926483154297,9.391399383544922,1.4288146495819092,2.3385560512542725,31.04153251647949
3362305328.0,-0.0180086735635995,2.9714343547821045,9.49517059326172,1.571280837059021,2.9242258071899414,30.98735618591309
3362313661.0,0.1244407817721366,2.8982229232788086,10.009331703186035,1.365931510925293,2.538936376571656,30.763750076293945
3362321994.0,0.2038398683071136,2.764953374862671,9.725556373596191,1.5132389068603516,1.7758874893188477,30.681135177612305
3362330327.0,0.6494870185852051,2.57982873916626,9.63673496246338,1.4325541257858276,2.421187400817871,30.669946670532227
3362338660.0,0.5636002421379089,2.653390884399414,9.600008964538574,1.6133652925491333,2.885471820831299,30.56436538696289
3362346993.0,-0.0488798655569553,3.099549055099488,9.376864433288574,1.7404117584228516,3.6264915466308594,30.498458862304688
3362355326.0,0.0050767082720994,3.2041683197021484,9.847579956054688,1.461498141288757,3.4801831245422363,30.392234802246094
3362363659.0,0.0058543630875647,3.07593035697937,10.208806037902832,0.8179911971092224,2.3593287467956543,30.213956832885746
3362371992.0,0.0407974757254123,3.0435736179351807,9.633793830871582,0.6445826888084412,2.7611653804779053,30.218238830566406
3362380325.0,0.1657061427831649,2.7730414867401123,9.934667587280272,0.7705793380737305,3.3897647857666016,30.09864616394043
3362388658.0,-0.0912165492773056,2.6332108974456787,9.75116729736328,0.7284694314002991,3.026221752166748,30.043909072875977
3362396991.0,-0.3498764932155609,2.6513967514038086,9.690096855163574,0.4793964028358459,3.177602052688598,29.828310012817383
3362405324.0,-0.0517042130231857,2.288761615753174,10.014920234680176,0.4713791012763977,2.951504707336426,29.76401901245117
3362413657.0,-0.2172010987997055,2.56838607788086,9.590011596679688,0.7372550964355469,2.4238767623901367,29.644350051879883
3362421990.0,-0.3580586910247803,2.5404839515686035,9.899118423461914,0.7540323734283447,3.1659984588623047,29.56709671020508
3362430323.0,-0.2705159485340118,2.6506810188293457,9.95984172821045,0.8801056742668152,2.545032024383545,29.385772705078125
3362438656.0,-0.4083089828491211,3.154192447662353,9.918478965759276,0.8459874987602234,1.7648732662200928,29.0827579498291
3362446989.0,0.0783049613237381,2.886002540588379,10.141060829162598,0.9273896217346193,1.93684720993042,28.945077896118164
3362455322.0,0.1726886332035064,2.688478469848633,9.827082633972168,0.5132328271865845,1.614107966423035,28.83706855773925
3362463655.0,-0.3641600608825683,2.897763967514038,9.830161094665527,0.4831361174583435,2.576409816741944,28.749643325805664
3362471988.0,-0.1773465275764465,2.902733325958252,10.280318260192873,0.5533191561698914,2.4574315547943115,28.67298126220703
3362480321.0,-0.1671810150146484,3.021122694015503,10.390273094177246,0.4441255629062652,1.1912165880203247,28.040307998657227
3362488654.0,-0.2301608324050903,2.918574571609497,10.010215759277344,0.0232321266084909,1.5547082424163818,28.012924194335938
3362496987.0,-0.0382956117391586,2.617062330245972,10.302234649658203,-0.260509729385376,1.9260636568069456,27.691850662231445
3362505320.0,-0.3354529142379761,2.9996542930603027,10.151408195495604,-0.2490345686674118,1.6119303703308103,27.37525749206543
3362513653.0,-0.313410609960556,2.910751819610596,10.240056037902832,-0.4086881279945373,1.7908203601837158,27.32166862487793
3362521986.0,-0.0603337921202182,2.7100675106048584,10.414488792419434,-0.6315321922302246,0.9187833070755004,27.08653450012207
3362530319.0,-0.3407793045043945,2.8811984062194824,10.029618263244627,-0.7690039277076721,0.9761847257614136,26.88379669189453
3362538652.0,-0.0948201715946197,2.5752146244049072,10.34473991394043,-0.9174383878707886,1.5110613107681274,26.64949989318848
3362546985.0,-0.0102246450260281,2.667386770248413,10.217068672180176,-1.0281689167022705,0.80323725938797,26.41072654724121
3362555318.0,-0.239328846335411,2.567204713821411,9.90920352935791,-1.2208133935928345,0.8406339287757874,26.025867462158203
3362563651.0,0.0675272122025489,2.3257431983947754,10.211012840270996,-1.2505515813827517,0.8926565647125244,26.00473594665528
3362571984.0,-0.2037884294986724,2.5190062522888184,9.914495468139648,-1.359770894050598,0.6028313636779785,25.60610580444336
3362580317.0,-0.2964866161346435,2.3544702529907227,10.146791458129885,-1.211003065109253,1.122390627861023,25.52882194519043
3362588650.0,-0.0293013844639062,2.130948066711426,10.154840469360352,-1.301190972328186,0.4380291998386383,25.13510704040528
3362596983.0,-0.3118068277835846,2.23894476890564,9.93116855621338,-1.3314926624298096,0.2260713726282119,24.681251525878903
3362605316.0,0.0362456180155277,1.8357127904891968,10.127209663391112,-1.05526864528656,0.6821330189704895,24.547822952270508
3362613649.0,0.166254237294197,1.9727201461791992,10.228665351867676,-0.9946394562721252,-0.055006593465805,24.05195617675781
3362621982.0,-0.2240283638238906,2.215791940689087,9.895856857299805,-0.9677959680557252,0.4408724308013916,23.876832962036133
3362630315.0,0.0693968832492828,2.077132225036621,10.084878921508787,-0.8238693475723267,0.6411501169204712,23.48900413513184
3362638648.0,0.0896714031696319,2.1279549598693848,10.14661693572998,-1.1328798532485962,-0.3271067440509796,23.12277603149414
3362646981.0,-0.0615437515079975,2.193575859069824,9.711810111999512,-1.2695317268371582,0.1236399784684181,23.005538940429688
3362655314.0,0.0564354844391346,2.000558376312256,10.0048189163208,-1.2374881505966189,0.4589048326015472,22.786762237548828
3362663647.0,-0.4259406328201294,2.0609591007232666,9.837875366210938,-1.14402174949646,0.0877031683921814,22.49038314819336
3362671980.0,-0.1847513318061828,1.7379481792449951,9.894052505493164,-1.2440838813781738,-0.2237148135900497,22.433454513549805
3362680313.0,0.2348405718803405,1.4509042501449585,9.9320707321167,-1.2841445207595823,-1.3471041917800903,21.974628448486328
3362688646.0,0.0509526692330837,1.421785831451416,9.002999305725098,-1.0879138708114624,-0.939325749874115,21.93303108215332
3362696979.0,0.3663030564785003,0.8554020524024963,9.348831176757812,-0.6189683079719543,-0.3222016096115112,21.891870498657227
3362705312.0,0.1672670096158981,0.7131954431533813,9.259052276611328,-0.4083422720432281,-0.8676824569702148,21.588233947753903
3362713645.0,0.0443937629461288,0.7573498487472534,9.007816314697266,0.0040086288936436,-0.6448642611503601,21.359603881835938
3362721978.0,0.4342723488807678,0.5056194067001343,9.61998462677002,0.5754880309104919,-1.0137861967086792,21.19626235961914
3362730311.0,0.1582739353179931,0.7566879391670227,9.268938064575195,1.0919479131698608,-1.230610728263855,20.91652488708496
3362738644.0,0.0859030336141586,0.7424347996711731,9.440489768981934,1.474573850631714,-0.6658679246902466,20.83579444885254
3362746977.0,0.2521784007549286,0.7578253149986267,9.65593147277832,1.9205435514450075,-1.631191968917847,20.70600700378418
3362755310.0,0.2604033052921295,1.019932508468628,9.298982620239258,2.2410030364990234,-2.162200689315796,20.454805374145508
3362763643.0,0.5555047988891602,0.8052861094474792,9.378619194030762,2.2135701179504395,-1.6940234899520874,20.41646194458008
3362771976.0,0.3779857158660888,1.1891292333602903,9.357635498046877,2.257601022720337,-1.285143494606018,20.293460845947266
3362780309.0,0.3063545525074005,1.5333837270736694,9.859315872192385,2.291334867477417,-0.681159496307373,20.157855987548828
3362788642.0,0.7021245956420898,1.2807718515396118,10.205740928649902,2.355191707611084,-1.616822600364685,19.841476440429688
3362796975.0,0.3851960897445678,1.2912168502807615,9.965923309326172,2.098408460617065,-2.070911407470703,19.593524932861328
3362805308.0,0.5247495770454407,1.1395665407180786,9.73679256439209,1.811861753463745,-1.1362221240997314,19.565553665161133
3362813641.0,0.6334856152534485,1.448867678642273,10.103673934936523,1.836835980415344,-1.005948185920715,19.34522247314453
3362821974.0,0.440289705991745,1.4699195623397827,9.83236312866211,1.931710958480835,-1.154741287231445,19.00191116333008
3362830307.0,0.8728852272033691,1.001129984855652,9.89397144317627,1.8613998889923096,-1.5642104148864746,18.823841094970703
3362838640.0,0.6511500477790833,0.9940448999404908,9.512090682983398,1.700490951538086,-1.394131779670715,18.5478458404541
3362846973.0,0.5522286295890808,1.2295140027999878,9.484710693359377,1.9335548877716064,0.1034687310457229,18.47336196899414
3362855306.0,0.7416309118270874,1.3234543800354004,10.161794662475586,2.2074990272521973,-0.2983034253120422,18.1506462097168
3362863639.0,0.3809357583522796,1.2211469411849976,9.832281112670898,2.0917489528656006,-1.1004903316497805,17.877038955688477
3362871972.0,0.6826497912406921,0.9950860738754272,9.787896156311035,2.0431325435638428,-0.4188440144062042,17.611082077026367
3362880305.0,0.8793323040008545,1.057809829711914,10.097765922546388,2.417459487915039,-0.627728283405304,17.28645133972168
3362888638.0,0.5130177736282349,1.4044995307922363,9.632346153259276,2.488154888153076,-0.682414710521698,17.01909065246582
3362896971.0,0.7631155848503113,1.354686975479126,9.779498100280762,2.45531702041626,-0.295306533575058,16.656824111938477
3362905304.0,0.6108959913253784,1.4449522495269775,9.634746551513672,2.45908260345459,-0.5694558620452881,16.22292137145996
3362913637.0,0.8231172561645508,1.4810378551483154,9.764616012573242,2.2964060306549072,0.4044359922409057,16.08347511291504
3362921970.0,0.8536602258682251,1.338446021080017,10.236416816711426,2.3949954509735107,0.818490207195282,15.770034790039062
3362930303.0,0.4269080758094787,1.646955966949463,10.095178604125977,2.472350597381592,0.901429295539856,15.436973571777344
3362938636.0,0.7501799464225769,1.7022873163223269,10.34756088256836,2.480367660522461,0.8605232238769531,15.196043968200684
3362946969.0,0.8025188446044922,1.5557796955108645,10.453746795654297,2.082962989807129,0.1153281331062316,14.756454467773438
3362955302.0,0.66432124376297,1.6761599779129028,9.923562049865724,1.8806871175765991,1.2533174753189087,14.6017427444458
3362963635.0,0.8871452808380127,1.637208342552185,10.53266716003418,2.1426947116851807,2.042697191238404,14.450310707092283
3362971968.0,0.6172094345092773,1.834882497787476,10.457785606384276,1.679410457611084,1.1045244932174685,13.981341361999512
3362980301.0,0.6105069518089294,1.6982102394104004,10.172327995300291,1.208646535873413,1.390072226524353,13.93503189086914
3362988634.0,0.9258894324302672,1.5190786123275757,10.585702896118164,0.9919498562812804,1.5874041318893433,13.586830139160156
3362996967.0,0.5282213687896729,1.702622652053833,10.192256927490234,0.8163130283355713,1.903662919998169,13.45378875732422
3363005300.0,0.5446211099624634,1.4625474214553833,10.426551818847656,1.131726622581482,2.3448679447174072,13.27295207977295
3363013633.0,0.6597446799278259,1.4027090072631836,10.428939819335938,0.7966669201850891,1.4326684474945068,13.02451992034912
3363021966.0,0.3940267860889435,1.6862013339996338,10.078357696533203,0.4594809710979461,1.7825075387954712,12.846653938293455
3363030299.0,0.7479228377342224,1.540300369262695,10.387137413024902,0.3166047930717468,2.373581647872925,12.674373626708984
3363038632.0,0.389879822731018,1.6558032035827637,10.279370307922363,0.1796710789203643,2.2281954288482666,12.533982276916504
3363046965.0,0.3657330572605133,1.2753251791000366,10.149590492248535,0.0798523873090744,2.3873367309570312,12.468128204345703
3363055298.0,0.6201096773147583,0.9539271593093872,10.235076904296877,0.018864881247282,1.467477798461914,12.184728622436523
3363063631.0,0.3381669223308563,1.117588996887207,9.73341464996338,-0.0600909925997257,1.783480882644653,12.01173210144043
3363071964.0,0.5649924874305725,0.8877550959587097,10.140071868896484,0.1058508306741714,2.652059555053711,11.8742094039917
3363080297.0,0.4194616973400116,1.0191622972488403,10.187678337097168,0.1396360099315643,2.0962564945220947,11.63338565826416
3363088630.0,0.2374015599489212,1.0623120069503784,9.990130424499512,0.1444002538919448,2.2126729488372803,11.425190925598145
3363096963.0,0.5927731394767761,0.8185958862304688,10.214335441589355,0.0424043647944927,1.965572476387024,11.146867752075195
3363105296.0,0.3148938119411468,0.9463318586349488,9.986384391784668,-0.0599885508418083,1.6809473037719729,10.975406646728516
3363113629.0,0.2882091701030731,0.9039724469184875,9.970191955566406,-0.0576576478779315,2.5647661685943604,10.870976448059082
3363121962.0,0.47273650765419,0.703456699848175,10.246073722839355,0.0104634165763854,2.000971555709839,10.649721145629885
3363130295.0,0.2338731586933136,0.6296504735946655,9.791620254516602,-0.0958740934729576,1.386024832725525,10.430412292480469
3363138628.0,0.4558070600032806,0.3866052627563476,9.616753578186035,0.1206046417355537,1.784915566444397,10.439300537109377
3363146961.0,0.2527568638324737,0.4221754372119903,9.597972869873049,0.16763237118721,1.5558984279632568,10.16801929473877
3363155294.0,-0.226214125752449,0.4617854952812195,9.514849662780762,0.2827171385288238,2.292717456817627,10.051910400390623
3363163627.0,0.2787970602512359,0.2243645340204239,10.213716506958008,0.4881432652473449,1.4031860828399658,9.853373527526855
3363171960.0,0.0237612444907426,0.2293865829706192,9.735218048095703,0.5057402849197388,0.0310828797519207,9.530302047729492
3363180293.0,0.1784778982400894,0.0369778089225292,9.32865047454834,0.7092198133468628,1.068254470825195,9.448464393615724
3363188626.0,0.5921364426612854,-0.1874775886535644,10.0438814163208,1.0301661491394043,0.9762227535247804,9.257561683654783
3363196959.0,0.1464975476264953,0.0951047241687774,9.828407287597656,1.179062008857727,0.729096531867981,9.097063064575195
3363205292.0,0.5191372036933899,0.1287452727556228,9.907663345336914,1.6079208850860596,0.828300416469574,8.92111873626709
3363213625.0,0.4742945730686188,0.1626220196485519,9.991537094116213,1.7744132280349731,0.2516982853412628,8.64363956451416
3363221958.0,0.2693956792354584,0.2000097036361694,9.52552318572998,1.693933606147766,1.0507087707519531,8.511316299438477
3363230291.0,0.5930664539337158,-0.1562065035104751,10.223973274230955,2.027456283569336,0.97481369972229,8.337138175964355
3363238624.0,0.1374593079090118,-0.0031639300286769,9.803424835205078,2.2619545459747314,0.2568211555480957,8.317109107971191
3363246957.0,0.2459213882684707,0.0398576222360134,9.710455894470217,2.556569814682007,0.7492548227310181,8.242444038391113
3363255290.0,0.5917731523513794,0.0333248674869537,9.930706024169922,2.658360481262207,0.1167880967259407,8.018471717834473
3363263623.0,0.3579756021499634,0.2217509895563125,9.39298152923584,2.5011661052703857,-0.0001024569355649,7.825494766235352
3363271956.0,0.7806844711303711,-0.0816076919436454,9.647891998291016,2.7523648738861084,0.3597390949726105,7.862711429595947
3363280289.0,0.6731919050216675,0.052947599440813,9.736525535583496,2.911864995956421,0.1368440687656402,7.596658706665039
3363288622.0,0.4173322021961212,0.1766423285007476,9.599322319030762,2.9338417053222656,0.7156744599342346,7.656466484069824
3363296955.0,0.4788767099380493,0.0779266059398651,9.964797019958496,3.114422082901001,0.4526163041591644,7.5980401039123535
3363305288.0,0.2636786699295044,0.4446699321269989,9.608678817749023,3.243518352508545,0.1000620350241661,7.283985137939453
3363313621.0,0.5311543941497803,0.2852221429347992,9.853235244750977,3.335908889770508,0.2840234935283661,7.284753799438477
3363321954.0,0.6700560450553894,0.3920370042324066,9.85541534423828,3.185553550720215,-0.3505308628082275,7.172512531280518
3363330287.0,0.3554578125476837,0.7675778269767761,9.325812339782717,3.238523483276367,0.3653742969036102,6.9875006675720215
3363338620.0,0.7644098997116089,0.4111471176147461,9.900373458862305,3.3731517791748047,0.4956226050853729,6.912424087524414
3363346953.0,0.6085944771766663,0.3313843309879303,9.605749130249023,3.1735141277313232,-0.5348765254020691,6.630001068115234
3363355286.0,0.5904537439346313,0.2321773767471313,9.360584259033203,3.218825578689575,0.3617114126682281,6.581385135650635
3363363619.0,0.770355761051178,0.1864026337862014,10.006993293762209,3.4705114364624023,0.5007199048995972,6.431312084197998
3363371952.0,0.3767326474189758,0.5926588177680969,9.748645782470703,3.6679205894470215,0.4351730644702911,6.157726764678955
3363380285.0,0.6673687100410461,0.287350445985794,10.100586891174316,3.53551983833313,0.377873957157135,6.058496475219727
3363388618.0,0.5637157559394836,0.5872838497161865,9.880914688110352,3.37847900390625,-0.1555552333593368,5.973764419555664
3363396951.0,0.48199063539505,0.7174921631813049,9.79888153076172,3.3867526054382324,0.6527403593063354,5.73117208480835
3363405284.0,0.7415340542793274,0.6645851731300354,10.19815158843994,3.367541790008545,0.379385232925415,5.497877597808838
3363413617.0,0.5838907957077026,0.7171211838722229,10.075634002685549,3.139883041381836,0.1556705385446548,5.3633527755737305
3363421950.0,0.8226580619812012,0.4996668994426727,10.052369117736816,2.9826371669769287,0.4376576542854309,5.33100175857544
3363430283.0,0.8617201447486877,0.5130624771118164,10.12982177734375,2.759357690811157,0.1486265957355499,5.164866924285889
3363438616.0,0.476883590221405,0.6035875678062439,9.711819648742676,2.7130722999572754,1.0540385246276855,5.0235276222229
3363446949.0,0.7337579727172852,0.175533041357994,10.27362823486328,2.8550779819488525,1.058136820793152,4.9057793617248535
3363455282.0,0.3970028460025787,0.3111450970172882,10.014496803283691,2.7093071937561035,0.0859229490160942,4.716899871826172
3363463615.0,0.4842317104339599,0.0581572987139225,9.730289459228516,2.824341058731079,0.5104020833969116,4.642490863800049
3363471948.0,0.6728770136833191,-0.0434748008847236,10.027000427246094,3.1948764324188232,0.3035415112972259,4.465368270874023
3363480281.0,0.3639798760414123,0.0620735846459865,9.668599128723145,2.9672422409057617,0.5218259692192078,4.285811901092529
3363488614.0,0.7746003866195679,-0.167700707912445,10.057635307312012,3.3094229698181152,0.5126561522483826,4.258558750152588
3363496947.0,0.7183821797370911,0.2272635847330093,9.98288345336914,3.241058588027954,-0.0391129367053508,3.972754716873169
3363505280.0,0.6847910284996033,0.3854936957359314,9.873151779174805,3.425788640975952,0.7388041019439697,3.95951247215271
3363513613.0,0.9488533735275269,0.2409480363130569,10.26697063446045,3.3007397651672363,0.6829395294189453,3.787307977676392
3363521946.0,0.5294842720031738,0.3483688831329345,10.012384414672852,3.100385427474976,0.6606038808822632,3.638259172439575
3363530279.0,0.8022316098213196,0.0870635062456131,10.283201217651367,3.299100637435913,0.6308145523071289,3.8092081546783447
3363538612.0,0.5878506898880005,0.2552976310253143,10.122328758239746,3.1284844875335693,0.3135822713375091,3.4883387088775635
3363546945.0,0.5508924126625061,0.3021168410778045,9.995650291442873,3.1209793090820312,0.8870593309402466,3.460367679595948
3363555278.0,0.9742043614387512,0.1543771773576736,10.509551048278809,2.990039587020874,0.3861474096775055,3.368131399154663
3363563611.0,0.6697782278060913,0.4372547268867492,9.94182586669922,2.737457752227783,0.2952680885791778,3.195978164672852
3363571944.0,1.0173667669296265,0.2499735355377197,10.129467010498049,2.7866110801696777,1.0874139070510864,3.263394355773926
3363580277.0,0.7251098155975342,0.3544276654720306,10.13247013092041,2.6123058795928955,0.6704141497612,3.049131155014038
3363588610.0,0.5536378622055054,0.3562982082366943,9.957518577575684,2.43062424659729,1.2997047901153564,2.9814584255218506
3363596943.0,0.8756448030471802,0.2862120270729065,10.467413902282717,2.545734643936157,0.7326311469078064,2.880615234375
3363605276.0,0.6165931820869446,0.4606546759605407,10.1593017578125,2.35334587097168,0.3717521131038666,2.769397735595703
3363613609.0,0.8527073860168457,0.2143591940402984,10.044060707092283,2.406085729598999,1.0051666498184204,2.71171498298645
3363621942.0,0.6254787445068359,0.2451523095369339,9.98358917236328,2.374580144882202,0.7879579067230225,2.436951160430908
3363630275.0,0.5499005317687988,0.1411789953708648,9.75339126586914,2.5433268547058105,1.1911516189575195,2.4098000526428223
3363638608.0,0.9195240139961244,-0.1190956011414527,10.189515113830566,2.508133172988892,0.6242318153381348,2.263543128967285
3363646941.0,0.5779082179069519,0.1643430590629577,9.676816940307615,2.4656646251678467,0.5406268239021301,2.0186960697174072
3363655274.0,0.7008689045906067,0.0212500859051942,9.733514785766602,2.880666494369507,1.5988788604736328,1.8617833852767944
3363663607.0,0.5144860148429871,0.011059109121561,10.09670352935791,3.023389339447021,1.1498359441757202,1.6612753868103027
3363671940.0,0.380208671092987,0.134826198220253,9.803665161132812,2.807307481765747,0.6885746717453003,1.5795402526855469
3363680273.0,0.7542778253555298,0.2292084842920303,10.101895332336426,2.756744861602783,0.2588959038257599,1.483666181564331
3363688606.0,0.4042186141014099,0.6502924561500549,9.741697311401367,2.676495313644409,0.5425735116004944,1.3950152397155762
3363696939.0,0.6877188682556152,0.3848617970943451,10.15094757080078,2.5078513622283936,1.1278076171875,1.3193764686584473
3363705272.0,0.756784200668335,0.2714672088623047,10.290108680725098,1.9690814018249512,-0.0717454701662063,0.9858278036117554
3363713605.0,0.689198911190033,0.4906972646713257,9.629286766052246,1.755177021026611,0.2434761077165603,0.9378011226654052
3363721938.0,0.8643208742141724,0.2809069454669952,10.016183853149414,1.6321775913238523,0.9783484935760498,0.7941309213638306
3363730271.0,0.4761719107627868,0.4079051613807678,9.893190383911133,1.2304694652557373,0.7457200884819031,0.6021267175674438
3363738604.0,0.6582260727882385,-0.0120954578742384,10.00498867034912,0.9972518086433412,0.492190271615982,0.5998725891113281
3363746937.0,0.7391106486320496,-0.1233795285224914,9.822568893432615,0.9437437057495116,-0.528677761554718,0.3608148992061615
3363755270.0,0.5041252374649048,-0.2639399170875549,9.215529441833496,1.024454116821289,0.2731629908084869,0.3084081709384918
3363763603.0,0.8823675513267517,-0.695935845375061,9.791183471679688,1.336819767951965,0.6901371479034424,0.2297725081443786
3363771936.0,0.6734115481376648,-0.5761114358901978,9.704476356506348,1.2264224290847778,0.0009605337982065,-0.0353732593357563
3363780269.0,1.0018129348754885,-0.6225906014442444,9.459613800048828,1.56048321723938,0.1476276367902755,-0.1857032030820846
3363788602.0,0.9677882790565492,-0.4926941096782684,9.651481628417969,1.845492959022522,0.3757736384868622,-0.3568319380283355
3363796935.0,0.6287968754768372,-0.3898897469043731,9.47007942199707,1.871132731437683,1.420322299003601,-0.4341613352298736
3363805268.0,0.8444384932518005,-0.8211687803268433,10.192851066589355,2.0468716621398926,0.9559360146522522,-0.4336233735084533
3363813601.0,0.5011100769042969,-0.6998348832130432,9.910233497619627,1.960910677909851,0.1836156249046325,-0.6261911392211914
3363821934.0,0.9132709503173828,-0.8398450613021851,9.620595932006836,2.380087614059448,0.6418543457984924,-0.5953260660171509
3363830267.0,0.9617000222206116,-0.941518247127533,9.93034839630127,2.7018537521362305,0.4408338367938995,-0.765865683555603
3363838600.0,0.7075855135917664,-0.8551705479621887,9.472710609436035,2.725879669189453,1.0771938562393188,-0.6957850456237793
3363846933.0,1.0517401695251465,-1.0881333351135254,10.019760131835938,3.0823276042938232,1.0801140069961548,-0.7557224631309509
3363855266.0,0.7692546248435974,-0.6977620720863342,9.824631690979004,3.0762314796447754,0.5740534663200378,-0.8672211170196533
3363863599.0,0.8687976598739624,-0.720152735710144,9.760054588317873,3.448636293411255,1.3573623895645142,-0.9633512496948242
3363871932.0,0.8507087230682373,-0.5907350778579712,10.145237922668455,3.606855630874634,1.0405911207199097,-1.0189855098724363
3363880265.0,0.452815443277359,-0.3802588880062103,10.003870964050291,3.467898368835449,1.499547004699707,-0.9657334685325624
3363888598.0,0.6902281045913696,-0.5744494199752808,10.290040969848633,3.482498407363892,1.40454363822937,-1.0701625347137451
3363896931.0,0.53114914894104,-0.4281379580497741,10.064464569091797,3.668099403381348,0.8440786600112915,-1.3047891855239868
3363905264.0,0.7975167036056519,-0.7904459834098816,9.860363006591797,3.917249202728272,1.0383371114730835,-1.241419553756714
3363913597.0,0.832740306854248,-0.7724668383598328,9.97711944580078,3.88010835647583,0.788752019405365,-1.4002279043197632
3363921930.0,0.4956288933753967,-0.43966805934906,9.76839828491211,3.8997802734375,1.7380412817001345,-1.3623956441879272
3363930263.0,0.7888773083686829,-0.5517264008522034,10.215402603149414,4.248774528503418,1.5354069471359253,-1.572458028793335
3363938596.0,0.4901846945285797,-0.3290629386901855,9.962090492248535,4.012610912322998,0.8922079205513,-1.5921295881271362
3363946929.0,0.5795908570289612,-0.3624235391616821,9.803050994873049,3.998138904571533,1.3622291088104248,-1.633855223655701
3363955262.0,0.4560219049453735,-0.1301278471946716,10.17316436767578,3.8903541564941406,1.280494213104248,-1.8136672973632808
3363963595.0,0.227201223373413,0.1768860965967178,10.197184562683104,3.796529531478882,1.6181153059005735,-1.88922929763794
3363971928.0,0.6276900768280029,-0.2921310067176819,10.77492618560791,3.597301959991455,1.0237627029418943,-1.9062882661819456
3363980261.0,0.4532730877399444,-0.1640454083681106,10.225226402282717,3.2556843757629395,0.2040814161300659,-2.161201000213623
3363988594.0,0.6779148578643799,-0.340526819229126,9.898517608642578,3.3870086669921875,0.9560641646385192,-2.0257017612457275
3363996927.0,0.5092222094535828,-0.2421626150608062,10.18709945678711,3.263957977294922,0.9922826290130616,-2.1446287631988525
3364005260.0,0.1682929694652557,-0.17560775578022,9.983593940734863,3.311472177505493,1.237128973007202,-2.190759658813477
3364013593.0,0.4458291828632355,-0.5776529312133789,10.375495910644531,3.2199270725250244,0.5340695977210999,-2.161738872528076
3364021926.0,0.2498388588428497,-0.4865661561489105,9.933826446533203,3.0532805919647217,-0.1145724654197692,-2.2854039669036865
3364030259.0,0.5059176087379456,-0.6526069641113281,9.79288387298584,3.493359088897705,0.4556388258934021,-2.394239664077759
3364038592.0,0.3704041242599487,-0.5659697651863098,10.114720344543455,3.598454475402832,0.3971103131771087,-2.6381382942199707
3364046925.0,0.3798623085021972,-0.2879133224487304,9.958078384399414,3.627142429351807,0.1911206245422363,-2.692543029785156
3364055258.0,0.67131507396698,-0.2882185280323028,10.337818145751951,3.633443355560303,-0.4476599991321563,-2.864952325820923
3364063591.0,0.4777497351169586,-0.091510109603405,9.836515426635742,3.2652645111083984,-0.2739442586898803,-2.9149515628814697
3364071924.0,0.6385876536369324,-0.5177772045135498,10.123888969421388,3.558650016784668,0.5000539422035217,-2.820818901062012
3364080257.0,0.290971577167511,-0.4424075186252594,10.268827438354492,3.5121090412139893,0.0469380915164947,-3.0030643939971924
3364088590.0,0.4859485924243927,-0.3761063814163208,10.214250564575195,3.6346471309661865,-0.3454335927963257,-2.886570692062378
3364096923.0,0.7877726554870605,-0.1492177844047546,10.125374794006348,3.5235581398010254,-0.9859431385993958,-3.134029626846313
3364105256.0,0.7393742799758911,0.0975183621048927,9.682018280029297,3.256427526473999,-0.150355577468872,-3.1323392391204834
3364113589.0,0.9155665040016174,-0.1019632145762443,9.947724342346191,3.2893929481506348,0.3443962037563324,-3.104855537414551
3364121922.0,0.4317453503608703,-0.0345194637775421,9.862666130065918,2.953718423843384,0.1259836256504058,-3.226010322570801
3364130255.0,0.5215871930122375,-0.2186682820320129,9.8129301071167,3.1076600551605225,0.0561592169106006,-3.148886203765869
3364138588.0,0.5851600766181946,-0.2189927846193313,9.960481643676758,2.8577675819396973,-0.7908139824867249,-3.401211977005005
3364146921.0,0.7257877588272095,-0.0696554705500602,9.449502944946287,2.766913652420044,-0.3496855497360229,-3.219402313232422
3364155254.0,0.8679075837135315,-0.332552969455719,9.764511108398438,2.938298463821411,-0.2835752069950104,-3.465222120285034
3364163587.0,0.6491965651512146,-0.2149593085050583,9.56549835205078,2.634949445724488,-0.1373179256916046,-3.477619171142578
3364171920.0,0.9840770363807678,-0.435535192489624,9.839221000671388,3.0300235748291016,-0.4975309371948242,-3.474571228027344
3364180253.0,0.836410403251648,-0.388635516166687,9.69883155822754,2.796651840209961,-0.6389983296394348,-3.740651845932007
3364188586.0,1.0689239501953125,-0.3591271936893463,9.328985214233398,2.8606619834899902,-0.1155202016234397,-3.6639883518218994
3364196919.0,0.8296633958816528,-0.2747026979923248,9.73755931854248,2.9919350147247314,0.0165852177888155,-3.842724561691284
3364205252.0,0.6859602332115173,-0.2815935611724853,9.563698768615724,2.8366355895996094,0.454486221075058,-3.761450529098511
3364213585.0,0.7302420735359192,-0.3125015497207641,10.049789428710938,2.7227039337158203,-0.1934899389743805,-3.8864223957061768
3364221918.0,0.5778831243515015,-0.1372569650411605,9.86586093902588,2.41699767112732,-0.0565306134521961,-3.995436191558838
3364230251.0,1.0831729173660278,-0.2227085679769516,10.160486221313477,2.411388397216797,0.036487478762865,-3.907400608062744
3364238584.0,0.9727041721343994,-0.1573583930730819,10.090221405029297,2.1116504669189453,0.033029556274414,-4.208239555358887
3364246917.0,0.9859346747398376,-0.2026414275169372,9.770235061645508,1.9756388664245603,0.6470028758049011,-4.12732458114624
3364255250.0,0.720470130443573,-0.339790791273117,9.8037691116333,1.765499711036682,0.7331946492195129,-4.1272478103637695
3364263583.0,0.908963978290558,-0.4937354624271393,9.841659545898438,1.619063138961792,0.7574514150619507,-4.146048069000244
3364271916.0,0.9422883987426758,-0.6548452377319336,10.054133415222168,1.466402292251587,0.3759273588657379,-4.281803607940674
3364280249.0,0.6851431131362915,-0.4376921951770782,9.701319694519045,1.5863536596298218,1.015284299850464,-4.271455764770508
3364288582.0,0.7118571996688843,-0.4455544352531433,9.946249008178713,1.783301591873169,0.9984557628631592,-4.353652000427246
3364296915.0,0.6494305729866028,-0.4365164339542389,9.98354721069336,1.3378443717956543,0.6748454570770264,-4.497398853302002
3364305248.0,1.081050992012024,-0.6817994117736816,9.75629425048828,1.212949275970459,0.3497751951217651,-4.54755163192749
3364313581.0,0.8857166767120361,-0.5601068735122681,9.678018569946287,1.2640753984451294,0.8139051795005798,-4.601520538330078
3364321914.0,0.9271249175071716,-0.7318558096885681,9.755008697509766,1.5700886249542236,1.8627057075500488,-4.596704959869385
3364330247.0,0.7892062664031982,-0.9642640352249146,10.330309867858888,1.411894917488098,1.2928656339645386,-4.715555191040039
3364338580.0,1.0385329723358154,-0.98141747713089,9.989808082580566,1.5300788879394531,1.070636510848999,-4.778412342071533
3364346913.0,1.3363853693008425,-0.9889206290245056,10.125554084777832,1.934681415557861,0.941387176513672,-4.736200332641602
3364355246.0,1.022181749343872,-0.8411227464675903,9.701112747192385,1.9738459587097168,1.75443434715271,-4.728695392608643
3364363579.0,1.0936967134475708,-1.1033902168273926,10.02021312713623,2.1615214347839355,2.444763660430908,-4.749980926513672
3364371912.0,0.9911544322967528,-0.8832074403762817,10.286761283874512,2.1303486824035645,2.0227177143096924,-4.825849533081055
3364380245.0,1.230342149734497,-1.0534511804580688,10.14859676361084,2.348121166229248,1.92105495929718,-4.840859889984131
3364388578.0,1.1215180158615112,-0.7659976482391357,10.075116157531738,2.6300313472747803,2.143693685531616,-4.881125450134277
3364396911.0,1.106733798980713,-0.7920131683349609,10.044758796691896,2.7921180725097656,3.020853281021118,-4.727286815643311
3364405244.0,0.8098101019859314,-0.9435257911682128,10.431724548339844,2.715839147567749,2.522912979125977,-4.794780254364014
3364413577.0,0.786166250705719,-1.0200934410095217,9.974287033081056,2.7066433429718018,2.609334945678711,-4.835813522338867
3364421910.0,1.0111674070358276,-1.001778483390808,10.084627151489258,3.320053100585937,2.2397985458374023,-4.7846879959106445
3364430243.0,0.9139215350151062,-0.9116749167442322,9.726037979125977,3.31615948677063,2.597731590270996,-4.848287105560303
3364438576.0,0.8547866344451904,-1.1225244998931885,9.876368522644045,3.5449459552764893,3.102203845977783,-4.859532833099365
3364446909.0,0.4564695656299591,-0.888850748538971,9.841181755065918,3.4863405227661133,3.291569948196411,-4.883327960968018
3364455242.0,0.728057861328125,-0.8306620121002197,10.228205680847168,3.819505453109741,2.877182960510254,-4.878026008605957
3364463575.0,0.6932967305183411,-0.5479126572608948,9.976475715637209,3.695838928222656,1.7970819473266602,-5.115315914154053
3364471908.0,0.682026743888855,-0.5646073818206787,9.75913429260254,3.4348561763763428,2.730720996856689,-5.117954730987549
3364480241.0,0.6410581469535828,-0.529770016670227,10.190871238708496,3.3202834129333496,3.195363044738769,-5.048642158508301
3364488574.0,0.7454900741577148,-0.6176385283470154,10.290623664855955,3.3246636390686035,2.7151217460632324,-5.1229753494262695
3364496907.0,0.7679357528686523,-0.654107928276062,10.015520095825195,3.2475647926330566,1.4608949422836304,-5.234268665313721
3364505240.0,0.5613594055175781,-0.6651971340179443,9.224559783935549,2.981663703918457,2.327476024627685,-5.284575462341309
3364513573.0,0.6493004560470581,-0.7647643685340881,9.551633834838867,3.26990008354187,3.0659849643707275,-5.18742036819458
3364521906.0,0.324908971786499,-0.8367303609848022,9.752422332763672,2.8937811851501465,2.518711805343628,-5.214827537536621
3364530239.0,0.4871594309806824,-1.0330379009246826,9.555994033813477,3.1347851753234863,1.783583164215088,-5.273253440856934
3364538572.0,0.3047211468219757,-0.8204402327537537,9.313244819641112,3.251970291137696,1.5775678157806396,-5.394511222839356
3364546905.0,0.5684950351715088,-0.9030125737190248,9.347330093383787,3.1600663661956787,2.107398271560669,-5.441129207611084
3364555238.0,0.502564549446106,-0.7779756188392639,9.84030055999756,3.280607223510742,1.4584873914718628,-5.63615608215332
3364563571.0,0.5707046389579773,-0.7139125466346741,9.59508228302002,3.0518977642059326,1.5730085372924805,-5.676089286804199
3364571904.0,0.6594312787055969,-0.7909384369850159,9.816408157348633,3.2674925327301025,1.1513214111328125,-5.711103439331055
3364580237.0,0.4455245435237884,-0.7378646731376648,9.66112232208252,3.053792953491211,1.5574864149093628,-5.6612324714660645
3364588570.0,0.542400598526001,-0.8087438344955444,9.858447074890137,3.3096280097961426,1.3097710609436035,-5.77816104888916
3364596903.0,0.3655152916908264,-0.6516104936599731,9.68617343902588,3.154457092285156,0.993640124797821,-5.92329216003418
3364605236.0,0.5676087737083435,-0.7467811107635498,9.78113079071045,3.3483567237854004,0.9395685195922852,-5.902159690856934
3364613569.0,0.4428910613059997,-0.6252559423446655,9.70663356781006,3.1763315200805664,0.971381425857544,-5.828032493591309
3364621902.0,0.6362614035606384,-0.6245397329330444,9.932931900024414,3.084914445877075,1.2222472429275513,-5.752906322479248
3364630235.0,0.3989102840423584,-0.6095324754714966,10.040729522705078,3.108633279800415,0.9500192403793336,-5.823857307434082
3364638568.0,0.4633419215679168,-0.517147958278656,9.9504976272583,3.076589584350586,1.1703784465789795,-5.845962524414063
3364646901.0,0.4226594865322113,-0.3944712877273559,10.187124252319336,3.1497697830200195,0.5702624917030334,-5.896447658538818
3364655234.0,0.2792733311653137,-0.2662833034992218,9.891229629516602,2.940398931503296,0.753148078918457,-6.107995986938477
3364663567.0,0.4079724550247192,-0.3800704777240753,10.158907890319824,2.797291755676269,0.6059175133705139,-6.0332536697387695
3364671900.0,0.3975163698196411,-0.3805296421051025,9.930822372436523,2.7477798461914062,0.5686488151550293,-6.047366619110107
3364680233.0,0.6530351042747498,-0.6579858660697937,9.838085174560549,2.8818447589874268,0.3578692674636841,-6.164807796478272
3364688566.0,0.2932085692882538,-0.5835558176040649,9.602266311645508,2.6225264072418213,0.3801536560058594,-6.227998733520508
3364696899.0,0.30059614777565,-0.7872166633605957,9.831143379211426,2.6412243843078613,0.9803975820541382,-6.042294979095459
3364705232.0,0.3179450333118438,-0.5892288684844971,10.076652526855469,2.737841844558716,-0.1327585875988006,-6.157227516174316
3364713565.0,0.5215991139411926,-0.4307574927806854,10.098549842834473,2.814479112625122,-0.3799359202384949,-6.147185802459717
3364721898.0,0.4373484253883362,-0.3449733555316925,10.117324829101562,2.5750632286071777,-0.2207691371440887,-6.213937282562256
3364730231.0,0.566901445388794,-0.3924890458583832,10.18905544281006,2.196202754974365,0.3560250699520111,-6.190012454986572
3364738564.0,0.4365599453449249,-0.3800252676010132,10.422563552856444,2.088879108428955,-0.1198746114969253,-6.289831161499023
3364746897.0,0.3504281342029571,-0.3816870152950287,10.072324752807615,1.9207215309143064,-0.2148009687662124,-6.38283634185791
3364755230.0,0.504821240901947,-0.563145101070404,10.171253204345703,1.6798710823059082,-0.3098810017108917,-6.287449836730957
3364763563.0,0.4474331736564636,-0.60273277759552,10.07565689086914,1.6185762882232666,-0.1997910290956497,-6.199490547180176
3364771896.0,0.4309728145599365,-1.0728302001953125,10.135808944702148,1.609944224357605,-0.2393137961626052,-6.121442794799805
3364780229.0,0.3411817252635956,-1.0676392316818235,10.02211093902588,1.6843023300170898,-0.4806510806083679,-6.261194705963135
3364788562.0,0.554858922958374,-1.2392219305038452,10.0396089553833,1.9731029272079468,-0.8570266366004944,-6.188962459564209
3364796895.0,0.4735754728317261,-0.7630422115325928,9.839221000671388,1.8962091207504272,-1.039451241493225,-6.3392415046691895
3364805228.0,0.4834581911563873,-0.8125067949295044,9.9458589553833,1.9915194511413568,-0.1690795570611953,-6.2829413414001465
3364813561.0,0.230555921792984,-0.9999895691871644,10.253610610961914,1.7777433395385742,-0.466153472661972,-6.395285606384277
3364821894.0,0.251819759607315,-1.3472530841827393,10.28773593902588,2.038880109786988,-0.6989355683326721,-6.22717809677124
3364830227.0,0.2869273126125335,-1.2471647262573242,10.03860855102539,2.2451517581939697,-1.5081404447555542,-6.4246134757995605
3364838560.0,0.5192222595214844,-1.216806411743164,9.827200889587402,2.660153388977051,-1.1947503089904783,-6.428506851196289
3364846893.0,0.6123200058937073,-1.2437357902526855,9.947282791137695,2.663790702819824,-1.3641372919082642,-6.4549665451049805
3364855226.0,0.6984754800796509,-1.2169545888900757,9.877546310424805,2.688047409057617,-1.0560492277145386,-6.363523483276367
3364863559.0,0.6636385321617126,-1.0361573696136477,10.056994438171388,2.842347860336304,-1.3981786966323853,-6.392673492431641
3364871892.0,0.6530382037162781,-1.0232293605804443,9.636788368225098,2.969547748565674,-1.1015400886535645,-6.370028972625732
3364880225.0,0.3368698060512543,-1.1200000047683716,10.007428169250488,2.944522857666016,-0.762894332408905,-6.335014820098877
3364888558.0,0.2981575131416321,-0.964966595172882,10.064249992370604,2.8475728034973145,-0.8238049149513245,-6.59100341796875
3364896891.0,0.3827605545520782,-0.9174242615699768,10.447266578674316,2.9587130546569824,-1.71325945854187,-6.596793174743652
3364905224.0,0.6631624698638916,-0.8075700402259827,10.056965827941896,2.8623268604278564,-1.8235288858413696,-6.624506950378418
3364913557.0,0.8589291572570801,-1.0716677904129028,9.91079044342041,3.271693229675293,-1.5692304372787476,-6.633855819702148
3364921890.0,0.6965898275375366,-1.0866044759750366,9.740551948547363,3.03545355796814,-1.1769229173660278,-6.734315872192383
3364930223.0,0.7526485323905945,-1.1463083028793335,10.063653945922852,3.2101171016693115,-1.037760853767395,-6.667898178100586
3364938556.0,0.7009706497192383,-0.6926130652427673,10.073665618896484,3.082609176635742,-1.3849104642868042,-6.956417083740234
3364946889.0,0.5723775029182434,-0.6630216836929321,10.068695068359377,3.194799900054932,-1.150233030319214,-6.93953800201416
3364955222.0,0.4075700342655182,-0.6357504725456238,10.226330757141112,2.6543900966644287,-0.8195786476135254,-6.9831318855285645
3364963555.0,0.7317306995391846,-0.9576740264892578,10.478456497192385,2.510028600692749,-0.9381213784217834,-6.953163146972656
3364971888.0,0.7871307730674744,-0.761657178401947,10.351666450500488,2.3849546909332275,-1.6127238273620603,-7.203031539916992
3364980221.0,0.8711548447608948,-0.9556517601013184,9.955116271972656,2.701521158218384,-0.7677356004714966,-7.164789199829102
3364988554.0,0.812107264995575,-0.9300547242164612,10.188226699829102,2.446685075759888,-0.5449429750442505,-7.317655563354492
3364996887.0,0.9830228686332704,-1.0745644569396973,10.142956733703612,2.1869821548461914,-0.5834923386573792,-7.299161911010742
3365005220.0,0.8748034834861755,-0.9838972687721252,9.971150398254396,2.3183062076568604,-0.9431418776512146,-7.3974690437316895
3365013553.0,0.8782407641410828,-1.18235981464386,9.579683303833008,2.636665344238281,-0.3343426585197449,-7.3412699699401855
3365021886.0,0.7354897260665894,-1.280427098274231,10.003301620483398,2.576523780822754,-0.1654423773288726,-7.367859363555908
3365030219.0,0.8377123475074768,-1.2826268672943115,9.938416481018066,2.323864459991455,-0.1697711795568466,-7.411377906799316
3365038552.0,0.694792628288269,-1.0064306259155271,10.009037017822266,2.468636274337769,-0.2235354781150818,-7.63629674911499
3365046885.0,0.8084756731987,-1.1768949031829834,10.009458541870115,2.962862253189087,0.2491624504327774,-7.650331020355225
3365055218.0,0.567033588886261,-1.4423357248306274,10.267963409423828,2.4594147205352783,0.2074881047010421,-7.78350019454956
3365063551.0,0.8061545491218567,-1.22133469581604,9.913033485412598,2.685537576675415,0.0574399307370185,-7.622823238372803
3365071884.0,0.9495403170585632,-1.1147775650024414,10.113729476928713,3.0926496982574463,-0.4835198819637298,-7.765160083770752
3365080217.0,1.0768764019012451,-1.2531583309173584,9.72693920135498,3.0626556873321533,0.1301843374967575,-7.665571689605713
3365088550.0,1.1578116416931152,-1.50864839553833,10.018804550170898,3.130558967590332,0.5517177581787109,-7.609527587890625
3365096883.0,1.1482651233673096,-1.3889470100402832,9.881237030029297,3.3771727085113525,0.6237962245941162,-7.407047271728516
3365105216.0,0.904869019985199,-1.3385961055755615,9.952679634094238,3.634928941726685,0.882756233215332,-7.527384281158447
3365113549.0,0.6401792168617249,-1.2192705869674685,9.874812126159668,3.649554491043091,1.4992653131484983,-7.728864669799805
3365121882.0,0.4439472258090973,-1.086320400238037,10.46690845489502,3.916019916534424,1.628898859024048,-7.659937858581543
3365130215.0,0.6517452001571655,-0.865147590637207,10.527112007141112,3.6508867740631104,0.9096768498420716,-7.587832927703857
3365138548.0,0.9585078358650208,-0.8678341507911682,10.508386611938477,3.792200565338135,0.2446287721395492,-7.647668361663818
3365146881.0,1.1116514205932615,-0.558059811592102,9.757364273071287,3.686566829681397,0.7491011023521423,-7.639778614044189
3365155214.0,1.035626769065857,-0.7231698036193848,9.86809253692627,3.5817794799804688,1.451033592224121,-7.471083164215088
3365163547.0,0.7253239154815674,-0.7722567915916443,9.686553955078123,3.167776346206665,2.04302978515625,-7.665930271148682
3365171880.0,0.5748346447944641,-1.0044809579849243,10.115446090698242,3.25811767578125,2.120128631591797,-7.4310479164123535
3365180213.0,0.5752730369567871,-0.7234393954277039,10.293845176696776,3.0789973735809326,1.290714144706726,-7.654993534088135
3365188546.0,0.5483072996139526,-0.7053105235099792,10.374469757080078,2.9571762084960938,1.5052589178085327,-7.642544746398926
3365196879.0,0.6038646101951599,-0.4331032335758209,10.47887134552002,2.4491946697235107,1.707764983177185,-7.771512508392334
3365205212.0,0.693415105342865,-0.5528767704963684,10.293448448181152,2.35534405708313,1.3303648233413696,-7.73314094543457
3365213545.0,0.6547619700431824,-0.5460813641548157,10.07260513305664,2.034269332885742,0.9718680381774902,-7.865336894989014
3365221878.0,0.7618831992149353,-1.1432013511657717,9.57814121246338,2.065852403640747,1.42075777053833,-7.658734798431396
3365230211.0,0.7265309691429138,-0.9939584136009216,9.813342094421388,2.041621446609497,1.5782341957092283,-7.629918098449707
3365238544.0,0.7788627743721008,-1.2303003072738647,9.623255729675291,2.2166690826416016,1.5607651472091677,-7.533300876617432
3365246877.0,0.471856027841568,-1.2165911197662354,9.816659927368164,2.202504396438598,1.4618686437606812,-7.628407001495361
3365255210.0,0.5128229856491089,-1.342862248420715,9.74036979675293,2.3641042709350586,1.787143588066101,-7.642288684844971
3365263543.0,0.4642766416072845,-1.1231261491775513,10.02611255645752,2.2028372287750244,1.5795146226882937,-7.843923568725586
3365271876.0,0.6585438251495361,-1.2381460666656494,9.934776306152344,2.428626537322998,1.4553110599517822,-7.896305084228516
3365280209.0,0.6034486889839172,-1.1690504550933838,9.98312759399414,2.55915641784668,1.292609453201294,-7.919690608978271
3365288542.0,0.7789706587791443,-1.205145239830017,9.736506462097168,2.7353312969207764,1.657561182975769,-7.838724613189697
3365296875.0,0.5835365056991577,-0.9915653467178344,9.827773094177246,2.8060522079467773,1.4112035036087036,-7.780809879302978
3365305208.0,0.6807242035865784,-1.2182128429412842,9.450437545776367,2.8411178588867188,1.6569976806640625,-7.769437789916992
3365313541.0,0.5351883769035339,-1.1473450660705566,9.772449493408203,2.8310770988464355,1.5195515155792236,-7.77535343170166
3365321874.0,0.6520068645477295,-1.198128581047058,9.526857376098633,2.85807466506958,1.7367091178894043,-7.724740982055664
3365330207.0,0.5979596376419067,-1.1018246412277222,9.86886978149414,3.0464932918548584,1.4712432622909546,-7.89930248260498
3365338540.0,0.6800723671913147,-1.1710577011108398,9.533516883850098,3.116086959838867,1.6354817152023315,-7.585860252380371
3365346873.0,0.4139123558998108,-1.0743073225021362,9.786863327026367,3.0596845149993896,1.8020254373550413,-7.689981937408447
3365355206.0,0.4024711847305298,-0.9990987181663512,9.778923034667969,3.1555075645446777,1.6628891229629517,-7.797050476074219
3365363539.0,0.3792032301425934,-0.7070257663726807,10.084794998168944,3.062246084213257,1.2343883514404297,-7.852428436279297
3365371872.0,0.5813349485397339,-0.8684630393981934,9.905414581298828,2.9791533946990967,1.251908540725708,-7.673563003540039
3365380205.0,0.690082311630249,-0.8020347356796265,9.959990501403809,2.9765920639038086,0.9296557903289796,-7.811496257781982
3365388538.0,0.7346711158752441,-1.0207253694534302,9.283353805541992,3.106174230575561,1.2950172424316406,-7.754657745361328
3365396871.0,0.586563229560852,-1.120674729347229,9.54989528656006,2.8805127143859863,1.6935747861862185,-7.651662826538086
3365405204.0,0.5557663440704346,-1.1862220764160156,9.462034225463867,2.823495864868164,1.812322378158569,-7.769311428070068
3365413537.0,0.4942509531974792,-1.355441331863403,10.069987297058104,2.974414587020874,1.6530272960662842,-7.793796539306641
3365421870.0,0.5497274994850159,-1.1912075281143188,9.842823028564451,2.952079057693481,1.3440686464309692,-7.818002700805664
3365430203.0,0.2762120068073272,-1.014906883239746,10.055789947509766,3.0219287872314453,1.5626604557037354,-7.790569305419922
3365438536.0,0.254961758852005,-1.0137248039245603,9.870089530944824,2.724803686141968,1.627566933631897,-7.756169319152832
3365446869.0,0.3653095364570617,-0.99695885181427,10.198728561401367,2.57339859008789,1.0139524936676023,-7.651638984680176
3365455202.0,0.7060487866401672,-0.917191445827484,10.048614501953123,2.585078716278076,0.5715433359146118,-7.7040205001831055
3365463535.0,0.6254718899726868,-1.0283159017562866,9.801518440246582,2.615918159484864,0.8947180509567261,-7.655685901641846
3365471868.0,0.5184255838394165,-1.0461698770523071,9.66683292388916,2.545299530029297,1.9374734163284304,-7.719951152801514
3365480201.0,0.3200007975101471,-1.0864267349243164,10.112513542175291,2.5557243824005127,1.534459114074707,-7.650023460388184
3365488534.0,0.2758066058158874,-0.9034997820854188,10.0984468460083,2.105656623840332,1.141485571861267,-7.859855651855469
3365496867.0,0.1451230198144912,-0.8776289820671082,10.198019981384276,2.026432037353516,0.9925901889801024,-7.739803314208984
3365505200.0,0.3231648802757263,-0.7703553438186646,10.20523452758789,2.0169801712036133,1.35247004032135,-7.8818583488464355
3365513533.0,0.3104937374591827,-1.019307017326355,10.365918159484863,1.9833744764328003,0.779530942440033,-7.8632893562316895
3365521866.0,0.3785765171051025,-0.9596388339996338,9.939424514770508,1.870979070663452,0.3021327257156372,-7.954731941223144
3365530199.0,0.4228012859821319,-1.349049687385559,9.753851890563965,2.1052722930908203,0.3298985362052917,-7.888954162597656
3365538532.0,0.5882969498634338,-1.1582034826278689,9.705039978027344,2.1794254779815674,0.5246692299842834,-7.956626415252685
3365546865.0,0.7634350657463074,-1.106495380401611,9.913366317749023,2.4066238403320312,0.3645545840263366,-7.912672519683838
3365555198.0,0.7087162733078003,-0.9794602990150452,9.819130897521973,2.310237407684326,0.5275891423225403,-7.847228527069092
3365563531.0,0.2663858830928802,-1.2203800678253174,9.875166893005373,2.2746851444244385,1.3543909788131714,-7.752275943756103
3365571864.0,0.0264942422509193,-1.1514239311218262,10.0972318649292,2.3260157108306885,1.4719603061676023,-7.882524013519287
3365580197.0,0.1551456302404403,-1.2853487730026243,10.566628456115724,2.763789176940918,0.32710662484169,-7.965925216674805
3365588530.0,0.3049286901950836,-0.916373372077942,10.062089920043944,2.680926561355591,-0.7417370080947876,-8.054447174072266
3365596863.0,0.3977404236793518,-0.9381026029586792,9.813679695129396,2.773573875427246,-0.0174432937055826,-7.997072219848633
3365605196.0,0.5711795687675476,-0.8523086905479431,9.76728630065918,2.686382293701172,0.5354015231132507,-7.978193759918213
3365613529.0,0.5594928860664368,-1.1759716272354126,9.94944953918457,2.8728795051574707,-0.0651369914412498,-7.814723491668701
3365621862.0,0.514496922492981,-1.336045265197754,9.65116024017334,2.4506545066833496,-0.2751480937004089,-7.822791576385498
3365630195.0,0.5060958862304688,-1.3229657411575315,9.700801849365234,2.8977255821228027,0.2727787792682647,-7.720002174377441
3365638528.0,0.449830412864685,-0.9688698649406432,10.31757926940918,2.7291581630706787,0.594493567943573,-7.79371976852417
3365646861.0,0.3838515281677246,-1.0220086574554443,10.407144546508787,2.7318220138549805,0.1020599082112312,-7.884496212005615
3365655194.0,0.1755795180797577,-0.7825186252593994,10.13121509552002,2.356752872467041,-0.3092406690120697,-8.049939155578613
3365663527.0,0.4246647357940674,-1.0939308404922483,9.97180461883545,2.25724196434021,-0.1488443315029144,-7.695516109466553
3365671860.0,0.8464102149009705,-0.904751479625702,9.89231777191162,2.088315725326538,-0.8543115258216858,-7.862519264221191
3365680193.0,1.077373743057251,-1.2839275598526,9.779610633850098,1.864677786827088,-0.7916591167449951,-7.906293869018555
3365688526.0,0.8870974779129028,-1.0076651573181152,9.27605438232422,1.963113784790039,0.3253136277198791,-7.889031887054443
3365696859.0,0.529600203037262,-1.2293692827224731,9.534067153930664,2.31587290763855,1.3403035402297974,-7.68358039855957
3365705192.0,0.2824527621269226,-1.1154824495315552,9.926151275634766,1.891086459159851,0.6483604311943054,-7.819053649902344
3365713525.0,0.2730265855789184,-1.557528734207153,9.725224494934082,1.7931119203567505,0.0023693172261118,-7.8016357421875
3365721858.0,0.1685775816440582,-1.4722169637680054,9.813897132873535,1.894851326942444,0.1242674514651298,-8.051987648010254
3365730191.0,0.3645862936973572,-1.5678980350494385,9.866371154785156,2.4613099098205566,0.6601940989494324,-7.9566521644592285
3365738524.0,0.6064910292625427,-1.1592190265655518,10.107060432434082,2.4466586112976074,-0.1579117476940155,-8.042152404785156
3365746857.0,0.9274695515632628,-1.3806544542312622,9.576849937438965,2.4816224575042725,-0.8273141980171204,-8.136181831359863
3365755190.0,0.9437932968139648,-1.2164336442947388,9.325167655944824,2.3096742630004883,0.019991910085082,-8.10493278503418
3365763523.0,0.8154515624046326,-1.3556288480758667,9.630745887756348,2.858689546585083,1.5157607793807983,-7.830066680908203
3365771856.0,0.6274319291114807,-1.2386358976364136,10.201444625854492,2.7195017337799072,1.0744274854660034,-8.033622741699219
3365780189.0,0.6752216815948486,-1.4435317516326904,10.09414768218994,2.7387638092041016,0.4960836768150329,-7.976196765899658
3365788522.0,0.5526115298271179,-1.269661545753479,10.061084747314451,2.653724431991577,0.4155269563198089,-8.028552055358887
3365796855.0,0.6239359378814697,-1.3117907047271729,9.961861610412598,3.1359124183654785,1.3617935180664062,-7.954526424407959
3365805188.0,0.4223430454730987,-0.9422039985656738,10.396800994873049,3.1690831184387207,1.2852840423583984,-7.984085559844971
3365813521.0,0.5796099305152893,-1.0044549703598022,10.170036315917969,3.0892434120178223,0.4797674417495727,-8.201371192932129
3365821854.0,0.8286458253860474,-0.8378416895866394,9.92158031463623,2.81711745262146,0.1519308388233184,-8.158056259155273
3365830187.0,0.974065601825714,-1.138463258743286,9.544961929321287,3.1080310344696045,0.8513402938842773,-8.110247611999512
3365838520.0,0.7552984356880188,-1.0315489768981934,9.60801124572754,2.9766557216644287,1.7245551347732544,-8.06839370727539
3365846853.0,0.585814356803894,-1.2890435457229614,9.996929168701172,3.0211989879608154,1.7943540811538696,-8.081841468811035
3365855186.0,0.4234586656093597,-0.9323110580444336,10.158974647521973,2.565547466278076,1.209068775177002,-8.209196090698242
3365863519.0,0.410968542098999,-0.7508572936058044,10.32651424407959,2.4301505088806152,1.2517164945602417,-8.183940887451172
3365871852.0,0.3446373343467712,-0.5434533953666687,10.466748237609863,2.2402467727661133,1.6041427850723269,-8.123619079589844
3365880185.0,0.5037187933921814,-0.8059577345848083,10.366289138793944,2.0748813152313232,1.4332702159881592,-8.182352066040039
3365888518.0,0.6281419396400452,-0.8588607907295227,10.241177558898926,1.7597492933273315,0.8106393218040466,-8.215445518493652
3365896851.0,0.8622321486473083,-1.150470733642578,9.86137866973877,1.5835487842559814,0.9039007425308228,-8.177997589111328
3365905184.0,0.8953689336776733,-1.0720032453536987,9.805275917053224,1.560572862625122,1.7672284841537476,-8.1001558303833
3365913517.0,0.7502152919769287,-1.5145668983459473,9.809011459350586,1.715590238571167,2.1743922233581543,-8.058762550354004
3365921850.0,0.4031016528606415,-1.5181547403335571,9.83340072631836,1.5663104057312012,2.041198253631592,-8.0866060256958
3365930183.0,0.278027206659317,-1.8773409128189087,9.874202728271484,2.126314640045166,1.886565089225769,-8.13640022277832
3365938516.0,0.1010313406586647,-1.7003977298736572,9.998658180236816,2.272392749786377,1.659367322921753,-8.233965873718262
3365946849.0,0.3134496808052063,-1.667902946472168,9.906574249267578,2.6670567989349365,1.500405192375183,-8.248769760131836
3365955182.0,0.4709518551826477,-1.3456910848617554,9.798192024230955,2.562294244766236,1.1176003217697144,-8.286088943481445
3365963515.0,0.621089518070221,-1.6097205877304075,9.595897674560549,2.92179012298584,1.2425978183746338,-8.184196472167969
3365971848.0,0.6084749698638916,-1.514376163482666,9.52970027923584,2.96384859085083,1.6505557298660278,-8.250152587890625
3365980181.0,0.5374869704246521,-1.6794452667236328,9.493000984191896,3.407666683197021,1.755164384841919,-8.081534385681152
3365988514.0,0.2334992587566375,-1.5838487148284912,9.551136016845703,3.4466006755828857,1.529451847076416,-8.204151153564453
3365996847.0,0.331941545009613,-1.8753613233566284,9.614890098571776,3.8071210384368896,1.433731198310852,-8.040680885314941
3366005180.0,0.2859986126422882,-1.6087086200714111,9.90394115447998,3.825562953948975,1.039451241493225,-8.077872276306152
3366013513.0,0.4368490874767303,-1.5134925842285156,9.801881790161133,4.119359016418457,1.1119654178619385,-8.129793167114258
3366021846.0,0.3466676771640777,-0.8908113837242126,10.137925148010254,4.138492584228516,1.1749763488769531,-8.07469654083252
3366030179.0,0.3548961281776428,-0.8871431946754456,10.003458023071287,4.022305965423584,1.2686219215393066,-8.135812759399414
3366038512.0,0.4331511855125427,-0.6317676901817322,10.060598373413086,3.5674479007720947,1.0343284606933594,-8.087066650390625
3366046845.0,0.5321184992790222,-0.902215838432312,9.734107971191406,3.580050706863404,0.907461166381836,-8.09001350402832
3366055178.0,0.456167995929718,-0.7975578904151917,9.668182373046877,3.147502899169922,1.0814074277877808,-8.159939765930176
3366063511.0,0.5368934869766235,-1.153165578842163,9.724772453308104,3.0683035850524902,1.5037091970443726,-8.051539421081543
3366071844.0,0.4219385683536529,-1.0259312391281128,10.059871673583984,2.6860625743865967,1.3867034912109375,-8.05440902709961
3366080177.0,0.3440252542495727,-1.135886788368225,10.0115385055542,2.615495204925537,1.2699793577194214,-8.075156211853027
3366088510.0,0.1388154327869415,-0.9870676398277284,10.09393310546875,2.4774603843688965,1.297975778579712,-8.267340660095215
3366096843.0,0.2637024819850921,-1.281924605369568,9.91403102874756,2.528330087661743,0.9237005710601808,-8.116677284240723
3366105176.0,0.5228957533836365,-1.24783194065094,9.978118896484377,2.309866189956665,0.5146667957305908,-8.18406867980957
3366113509.0,0.6199624538421631,-1.2799075841903689,9.613983154296877,2.446850776672364,0.7384071350097656,-8.043855667114258
3366121842.0,0.6331388354301453,-0.8831911683082581,9.540412902832031,2.6555817127227783,1.4427218437194824,-8.245030403137207
3366130175.0,0.4001551270484924,-1.4754685163497925,9.56554126739502,2.5472586154937744,1.4546324014663696,-8.158198356628418
3366138508.0,0.190636396408081,-1.4148690700531006,9.479388236999512,2.169909715652466,1.3300701379776,-8.195082664489746
3366146841.0,0.186651200056076,-1.6341922283172607,9.799535751342772,2.696974039077759,1.2202621698379517,-8.225666046142578
3366155174.0,0.0429406501352787,-1.3151578903198242,9.909173011779783,2.774892568588257,0.9428088068962096,-8.290342330932617
3366163507.0,0.0444983355700969,-1.163422465324402,9.979758262634276,3.026193857192993,0.9792577624320984,-8.395769119262695
3366171840.0,0.4697327315807342,-1.008226752281189,10.288758277893066,2.700201749801636,0.3156954944133758,-8.463929176330566
3366180173.0,0.6510702967643738,-1.1256059408187866,9.910788536071776,2.7844467163085938,-0.1270338147878646,-8.421154022216797
3366188506.0,0.9854010343551636,-0.9972105622291564,9.41592788696289,2.828528642654419,0.5329552888870239,-8.488288879394531
3366196839.0,0.5963817238807678,-1.5800879001617432,9.52983570098877,3.094046115875244,1.318467140197754,-8.252484321594238
3366205172.0,0.4180084764957428,-1.566082000732422,9.68952751159668,2.932753086090088,1.7094428539276123,-8.210988998413086
3366213505.0,0.2819795608520508,-1.6101726293563845,10.260136604309082,3.341991662979126,1.0378376245498655,-8.308477401733398
3366221838.0,0.3400343656539917,-1.0381708145141602,10.18599796295166,3.372908353805542,0.758155882358551,-8.340188980102539
3366230171.0,0.3038179874420166,-0.9055013060569764,10.187623977661133,3.566424369812012,1.0686516761779783,-8.296797752380371
3366238504.0,0.447935551404953,-0.931790053844452,10.17930793762207,3.0690720081329346,0.9259289503097534,-8.412264823913574
3366246837.0,0.5535805225372314,-0.8657042384147644,10.042290687561035,2.7426700592041016,0.4869522452354431,-8.28042984008789
3366255170.0,0.777066171169281,-0.9410437941551208,9.635811805725098,2.7325265407562256,0.3728664219379425,-8.436905860900879
3366263503.0,0.5640686750411987,-1.3397167921066284,9.728652954101562,2.80347752571106,1.149592399597168,-8.440773963928223
3366271836.0,0.7337952256202698,-1.5241564512252808,9.871512413024902,2.586730480194092,1.5711259841918943,-8.159581184387207
3366280169.0,0.5012332201004028,-1.4884883165359497,10.069435119628906,2.6915435791015625,1.243724703788757,-8.319414138793945
3366288502.0,0.3791020512580871,-1.5028533935546875,9.57814884185791,2.6281487941741943,1.4329628944396973,-8.131841659545898
3366296835.0,0.1562787741422653,-1.660908818244934,10.0748872756958,2.9923317432403564,1.8242201805114744,-8.101590156555176
3366305168.0,0.3605912029743194,-1.8372125625610352,9.967209815979004,2.933393716812134,1.1169599294662476,-8.116113662719727
3366313501.0,0.4595546424388885,-1.3278604745864868,9.966275215148926,3.2050068378448486,0.4151555001735687,-8.208836555480957
3366321834.0,0.781816303730011,-1.1527915000915527,9.46973991394043,3.30792498588562,0.732336699962616,-8.298744201660156
3366330167.0,0.6892654895782471,-0.948444366455078,9.633814811706545,2.8026585578918457,1.6316012144088743,-8.322615623474121
3366338500.0,0.7364744544029236,-1.3584970235824585,9.519643783569336,2.5661110877990723,1.95367443561554,-8.146749496459961
3366346833.0,0.30628702044487,-1.579623818397522,9.632335662841797,2.7017383575439453,1.7923049926757812,-8.149310111999512
3366355166.0,0.2389773577451706,-1.5003830194473269,9.481343269348145,2.9640023708343506,1.9218873977661133,-8.147978782653809
3366363499.0,0.0794923603534698,-1.3057711124420166,10.059337615966797,3.019355058670044,1.8159469366073608,-8.327047348022461
3366371832.0,0.3609385192394256,-1.1846860647201538,10.038507461547852,3.0558295249938965,1.3837578296661377,-8.452813148498535
3366380165.0,0.4123222827911377,-1.260800004005432,10.235709190368652,2.844973087310791,1.1198031902313232,-8.410345077514648
3366388498.0,0.5550109148025513,-1.484926700592041,9.74932098388672,2.918204069137573,1.4078352451324463,-8.246233940124512
3366396831.0,0.2641186118125915,-1.3478366136550903,9.523314476013184,3.099656105041504,2.0314395427703857,-8.324896812438965
3366405164.0,0.3946898579597473,-1.7547672986984253,9.805153846740724,3.43064284324646,2.024728775024414,-8.296822547912598
3366413497.0,0.1573100835084915,-1.2230085134506226,9.723455429077148,2.987260580062866,1.7551645040512085,-8.37266731262207
3366421830.0,0.3089935779571533,-1.1631304025650024,9.827404975891112,3.4619688987731934,1.8115155696868896,-8.294158935546875
3366430163.0,0.171117827296257,-1.1226227283477783,9.831767082214355,3.462916851043701,1.797837734222412,-8.4191312789917
3366438496.0,0.1138684600591659,-1.4922960996627808,9.79067325592041,3.5092015266418457,2.078441619873047,-8.338420867919922
3366446829.0,-0.0055403895676136,-1.3837703466415403,10.118666648864746,3.454592227935791,1.7570085525512695,-8.327943801879883
3366455162.0,-0.0029544592835009,-1.273220181465149,10.23183250427246,3.4478816986083984,1.6359814405441284,-8.470821380615234
3366463495.0,0.3112785220146179,-0.9221532344818116,10.247605323791504,3.5835859775543213,1.6763495206832886,-8.65852165222168
3366471828.0,0.4553039073944092,-1.2373234033584597,10.33673858642578,3.5265941619873047,1.4755594730377195,-8.465338706970215
3366480161.0,0.0584194660186767,-0.9044232964515686,9.73298454284668,3.132185935974121,1.8148969411849976,-8.590489387512207
3366488494.0,-0.3895763158798218,-0.9264885783195496,9.656475067138672,3.2654824256896973,2.622744083404541,-8.374638557434082
3366496827.0,-0.3443126678466797,-1.0334064960479736,10.208470344543455,2.796050548553467,2.081028938293457,-8.426226615905762
3366505160.0,-0.1170864999294281,-1.0455633401870728,10.45008373260498,2.3429088592529297,0.8544141054153442,-8.31275463104248
3366513493.0,0.3857758045196533,-1.1512668132781982,9.989468574523926,2.171856641769409,0.7426591515541077,-8.405964851379395
3366521826.0,0.3420604169368744,-1.770227551460266,9.61182975769043,2.812417507171631,1.4900569915771484,-8.402301788330078
3366530159.0,0.0487076342105865,-1.6271480321884155,9.468119621276855,2.7504568099975586,2.412605047225952,-8.299488067626953
3366538492.0,-0.6117972731590271,-1.5261671543121338,9.913375854492188,2.842668294906616,2.505277395248413,-8.312166213989258
3366546825.0,-0.6960908770561218,-1.073625087738037,10.18276309967041,2.7687199115753174,1.934054374694824,-8.5860595703125
3366555158.0,-0.4042794108390808,-1.296179175376892,10.508024215698242,3.0065736770629883,0.850008487701416,-8.60580825805664
3366563491.0,-0.162776917219162,-1.3450230360031128,9.991600036621094,2.668926477432251,0.5488618612289429,-8.53321647644043
3366571824.0,-0.1107821837067604,-1.4341915845870972,9.45526885986328,3.067433357238769,1.0244158506393433,-8.501148223876953
3366580157.0,-0.4023741483688354,-1.4106611013412476,9.514476776123049,3.277341604232788,1.6623897552490234,-8.569743156433105
3366588490.0,-0.5432165861129761,-1.6705849170684814,9.742364883422852,3.2991139888763428,1.508012771606445,-8.538980484008789
3366596823.0,-0.4188841879367828,-1.5597976446151731,10.240184783935549,3.023914337158203,0.551705002784729,-8.595305442810059
3366605156.0,-0.5159834623336792,-1.2903960943222046,10.066243171691896,3.495063066482544,0.61325603723526,-8.6227388381958
3366613489.0,-0.5441752672195435,-0.8706566691398621,9.8707914352417,3.537275075912476,0.7781093716621399,-8.55637264251709
3366621822.0,-0.831786036491394,-1.1980007886886597,10.1196928024292,3.412251710891724,0.5507829189300537,-8.629243850708008
3366630155.0,-0.6098529696464539,-1.4546408653259275,9.989956855773926,3.02373480796814,-0.19852314889431,-8.411446571350098
3366638488.0,-0.5985499620437622,-1.4004133939743042,10.045413970947266,3.2369225025177,-0.909651219844818,-8.551376342773438
3366646821.0,-0.2845913767814636,-1.1357815265655518,9.622486114501951,3.4821274280548096,-0.4368380010128021,-8.505091667175293
3366655154.0,-0.3477295041084289,-0.9032812118530272,10.103432655334473,3.5257487297058105,-0.4861454367637634,-8.364394187927246
3366663487.0,-0.1302585750818252,-0.9040592908859252,10.093156814575195,2.7948718070983887,-0.547389030456543,-8.484087944030762
3366671820.0,-0.1895001530647277,-1.219085454940796,10.372514724731444,2.6991004943847656,-0.7051215171813965,-8.317133903503418
3366680153.0,-0.233167290687561,-0.9540798664093018,9.80677890777588,2.777402877807617,-0.4937784373760223,-8.415775299072266
3366688486.0,-0.6882922053337097,-1.0713520050048828,10.209714889526367,2.970559597015381,-0.2800276577472687,-8.343466758728027
3366696819.0,-0.6062586307525635,-1.0426607131958008,10.374845504760742,2.2624542713165283,-0.6231047511100769,-8.263575553894043
3366705152.0,-0.2858366668224334,-0.7870105504989624,10.707051277160645,2.06888747215271,-1.7066125869750977,-8.152640342712402
3366713485.0,0.041381761431694,-0.9601643681526184,10.107812881469728,2.1815900802612305,-1.8827104568481443,-8.178971290588379
3366721818.0,0.066626489162445,-1.4654827117919922,9.5811767578125,1.9827723503112795,-1.5030306577682495,-8.252765655517578
3366730151.0,0.2440072149038314,-1.816514253616333,9.314132690429688,2.247674465179444,-1.1145650148391724,-8.14352035522461
3366738484.0,-0.0964620038866996,-1.725882887840271,9.483606338500977,2.0747275352478027,-0.7605763673782349,-8.248769760131836
3366746817.0,-0.3065865635871887,-1.4040333032608032,9.71065616607666,2.4327378273010254,-0.2526972591876983,-8.277816772460938
3366755150.0,-0.6758139729499817,-1.3860716819763184,10.148036003112791,2.7793240547180176,0.1368568688631057,-8.397357940673828
3366763483.0,-0.4304305911064148,-1.6047117710113523,10.45927906036377,2.6451311111450195,-0.903298795223236,-8.2809419631958
3366771816.0,-0.0386767014861106,-1.3844704627990725,10.20563507080078,2.3241591453552246,-1.8498730659484863,-8.410626411437988
3366780149.0,0.2001943588256836,-1.049435019493103,9.66737461090088,2.821587324142456,-1.365763783454895,-8.393746376037598
3366788482.0,0.0375469662249088,-1.036157250404358,9.793275833129885,2.91310715675354,0.0790455341339111,-8.451173782348633
3366796815.0,0.1864406615495681,-1.122006893157959,10.12978744506836,2.9131076335906982,0.1017141416668891,-8.556321144104004
3366805148.0,0.0388524197041988,-1.3183984756469729,10.000638008117676,2.503637790679932,-0.6899067163467407,-8.585265159606934
3366813481.0,-0.1349808573722839,-1.9258946180343628,9.182283401489258,3.048760414123535,-0.1427865922451019,-8.495769500732422
3366821814.0,-0.580272376537323,-2.1351561546325684,9.503578186035156,3.344809293746948,0.9054887294769288,-8.42589282989502
3366830147.0,-0.658718466758728,-2.055229663848877,10.133076667785645,3.246169328689575,0.8450905084609985,-8.298282623291016
3366838480.0,-0.4150013625621795,-1.306758999824524,10.647581100463867,3.6084060668945312,-0.2867898344993591,-8.556219100952148
3366846813.0,-0.1107414588332176,-1.3265066146850586,10.374266624450684,3.913420200347901,-0.3990570306777954,-8.462419509887695
3366855146.0,-0.0702944323420524,-1.215004324913025,10.177264213562012,4.06374979019165,0.2054005712270736,-8.425125122070312
3366863479.0,-0.2689119577407837,-1.269020915031433,10.194846153259276,3.78458023071289,0.695529043674469,-8.367749214172363
3366871812.0,-0.2211234718561172,-0.9608201384544371,10.354790687561035,3.4301819801330566,0.4859277307987213,-8.446640968322754
3366880145.0,0.0451677553355693,-0.9981461763381958,10.2168607711792,3.5353026390075684,0.1489467918872833,-8.506040573120117
3366888478.0,-0.2435659617185592,-1.1257599592208862,10.267797470092772,3.045916795730591,1.1025390625,-8.314981460571289
3366896811.0,-0.4654435217380523,-1.222692370414734,10.349196434020996,2.811342000961304,2.119629383087158,-8.193187713623047
3366905144.0,-0.5275367498397827,-1.051676630973816,10.736027717590332,2.85188889503479,1.4515843391418457,-8.158991813659668
3366913477.0,-0.4568504393100738,-1.385464429855347,10.616747856140137,2.8977386951446533,-0.0233729891479015,-8.219468116760254
3366921810.0,-0.3385159969329834,-1.2137080430984497,10.145726203918455,2.40013074874878,0.4301910698413849,-8.266341209411621
3366930143.0,-0.2780117392539978,-1.0742703676223757,10.101201057434082,2.71746563911438,1.33862566947937,-8.201691627502441
3366938476.0,-0.4198742806911468,-1.1046775579452517,10.306866645812988,2.664725542068481,1.4600114822387695,-8.339035034179688
3366946809.0,-0.5751222968101501,-1.2712366580963137,10.044403076171877,2.3516175746917725,0.9319996237754822,-8.345208168029785
3366955142.0,-0.7314735651016235,-1.476836323738098,9.694153785705566,2.2462661266326904,0.9978538155555724,-8.288651466369629
3366963475.0,-0.7777088284492493,-1.7359182834625244,9.644576072692873,2.728633165359497,1.3772517442703247,-8.18306827545166
3366971808.0,-0.7198261022567749,-1.7151784896850586,9.99820327758789,2.908496379852295,1.1327126026153564,-8.3252534866333
3366980141.0,-0.5790490508079529,-1.6385557651519775,9.954570770263672,3.124475717544556,0.5924829244613647,-8.324101448059082
3366988474.0,-0.6335390210151672,-0.9767109155654908,9.875088691711426,3.22396183013916,0.825905442237854,-8.4752779006958
3366996807.0,-0.620915949344635,-1.032223105430603,9.994747161865234,3.302853584289551,1.489160656929016,-8.478710174560547
3367005140.0,-0.365816056728363,-1.2908390760421753,10.219148635864258,3.0990149974823,1.072493553161621,-8.498226165771484
3367013473.0,-0.3460263311862945,-1.6553224325180054,9.74482250213623,3.2872796058654785,0.5821090936660767,-8.37666130065918
3367021806.0,-0.5075956583023071,-1.7944775819778442,9.39698886871338,3.69649338722229,0.9751339554786682,-8.408807754516602
3367030139.0,-0.7286633253097534,-1.8177828788757324,9.426058769226074,3.926303863525391,1.0975189208984375,-8.47299861907959
3367038472.0,-0.6951472163200378,-1.2808213233947754,9.855870246887209,3.8319926261901855,0.6782650351524353,-8.511394500732422
3367046805.0,-0.5764419436454773,-1.1496264934539795,9.913496017456056,3.8128840923309326,-0.0276249572634696,-8.481963157653809
3367055138.0,-0.4271598160266876,-1.0231846570968628,9.576881408691406,3.81501030921936,0.4100583493709564,-8.384270668029785
3367063471.0,-0.3641467094421386,-1.424434781074524,9.686097145080566,3.960550546646118,0.7337198853492737,-8.276639938354492
3367071804.0,-0.7324811816215515,-1.4373126029968262,9.774388313293455,3.702128648757935,0.9701905250549316,-8.250410079956055
3367080137.0,-0.7347506284713745,-1.2591183185577393,9.970351219177246,3.630433797836304,0.8445782661437988,-8.152486801147461
3367088470.0,-0.612881600856781,-0.9060342311859132,10.035964965820312,3.83952260017395,0.476347953081131,-8.333450317382812
3367096803.0,-0.570854127407074,-1.137416958808899,9.861978530883787,3.456282615661621,0.42593914270401,-8.293978691101074
3367105136.0,-0.4570292830467224,-1.3682713508605957,9.65450382232666,3.230339527130127,0.5865403413772583,-8.19469928741455
3367113469.0,-0.2927369475364685,-1.4182515144348145,9.6876859664917,3.333564519882202,0.7107694149017334,-8.126667022705078
3367121802.0,-0.1984114199876785,-1.2551616430282593,9.86596393585205,3.1372315883636475,0.5540103316307068,-8.21875
3367130135.0,-0.259838730096817,-0.8078235387802124,9.926369667053224,3.051065444946289,0.8057982921600342,-8.341110229492188
3367138468.0,-0.5146312713623047,-0.8449254631996155,10.068102836608888,2.840695858001709,1.2507944107055664,-8.164037704467773
3367146801.0,-0.6922755837440491,-1.0092557668685913,10.159930229187012,2.6774816513061523,1.2186485528945925,-8.196003913879395
3367155134.0,-0.866085410118103,-1.3494776487350464,9.88748264312744,2.4572503566741943,0.7541343569755554,-8.168675422668457
3367163467.0,-0.886154294013977,-1.3500382900238037,9.669459342956545,2.698126792907715,0.6172006726264954,-8.114116668701172
3367171800.0,-0.721206784248352,-1.4241269826889038,9.635578155517578,2.7314765453338623,0.5431498885154724,-8.322437286376953
3367180133.0,-0.6861507892608643,-1.3853907585144043,9.838810920715332,2.806679964065552,0.5638205409049988,-8.300280570983887
3367188466.0,-0.4734506607055664,-1.4510841369628906,9.900155067443848,2.890873670578003,0.6989611983299255,-8.436393737792969
3367196799.0,-0.4178959727287292,-0.9378307461738586,9.807679176330566,3.22808575630188,0.6772404909133911,-8.556859016418457
3367205132.0,-0.2552229166030884,-1.101914644241333,9.92030143737793,3.191073179244995,0.5833131074905396,-8.606063842773438
3367213465.0,-0.4535505473613739,-1.2055847644805908,9.970065116882324,2.885085344314575,0.820500910282135,-8.579605102539062
3367221798.0,-0.6161462664604187,-1.2565444707870483,10.110631942749023,2.808114767074585,1.209376335144043,-8.508806228637695
3367230131.0,-0.7670378684997559,-1.127181887626648,10.34252643585205,3.245554685592652,0.9234189391136168,-8.517080307006836
3367238464.0,-0.7254732847213745,-1.2543749809265137,10.19651985168457,3.3278017044067383,0.2996609807014465,-8.47584056854248
3367246797.0,-0.4379385709762573,-1.4565794467926023,10.033365249633787,3.230825901031494,-0.1473202854394912,-8.305147171020508
3367255130.0,-0.4764474928379059,-1.1717976331710815,9.797810554504396,3.097554922103882,0.4981968402862549,-8.308526992797852
3367263463.0,-0.6405194401741028,-0.9951131939888,9.925671577453612,3.263279438018799,1.283990502357483,-8.281428337097168
3367271796.0,-0.7829684019088745,-0.9317319989204408,10.370274543762209,3.1713755130767822,0.9992881417274476,-8.350586891174316
3367280129.0,-0.7055976390838623,-1.210945963859558,10.36940097808838,2.5447232723236084,0.198843315243721,-8.252458572387695
3367288462.0,-0.5481613278388977,-0.9345155358314514,9.982595443725586,2.474437713623047,-0.1340520977973938,-8.191726684570312
3367296795.0,-0.4734466075897217,-1.052553415298462,9.819547653198242,2.9330859184265137,0.4167180061340332,-8.227202415466309
3367305128.0,-0.5170918107032776,-1.217056155204773,9.999296188354492,2.6040198802948,0.4094691574573517,-8.141215324401855
3367313461.0,-0.5403737425804138,-1.305493712425232,10.025485038757324,2.2240328788757324,-0.0318256877362728,-8.162884712219238
3367321794.0,-0.6642186641693115,-1.116778016090393,10.003058433532717,2.224442481994629,-0.2189632803201675,-8.051410675048828
3367330127.0,-0.4321064949035644,-1.0495487451553345,10.142126083374023,2.3171916007995605,0.2788621783256531,-8.105944633483887
3367338460.0,-0.0522960908710956,-1.328730821609497,10.22044277191162,2.29465126991272,0.0714637115597724,-8.07443904876709
3367346793.0,0.1453740745782852,-1.4684983491897583,9.659839630126951,1.8941726684570312,-0.6320184469223022,-7.987862586975098
3367355126.0,0.1353532075881958,-1.7049726247787476,9.421390533447266,2.446620464324951,-0.2466010451316833,-7.937992095947266
3367363459.0,-0.5126164555549622,-1.731311559677124,9.32539176940918,2.807141065597534,0.7177876830101013,-8.115525245666504
3367371792.0,-0.7573708891868591,-1.6144951581954956,9.829890251159668,2.8830103874206543,1.0167315006256104,-8.143802642822266
3367380125.0,-0.8641530275344849,-1.6440153121948242,9.967287063598633,2.7796566486358643,-0.4561766982078552,-8.036223411560059
3367388458.0,-0.4487485289573669,-1.443678855895996,9.525593757629396,2.829348564147949,-0.9157474040985109,-8.08145809173584
3367396791.0,0.1441759765148162,-1.649303674697876,9.289709091186523,3.1841824054718018,-0.4519759714603424,-8.045827865600586
3367405124.0,0.0289696045219898,-1.6636661291122437,9.283100128173828,3.502695322036743,0.67373126745224,-8.106406211853027
3367413457.0,-0.3618183135986328,-1.3926674127578735,9.651366233825684,3.624388694763184,1.0860434770584106,-8.186655044555664
3367421790.0,-0.5246270895004272,-1.3231383562088013,10.105398178100586,3.704613208770752,0.5755262970924377,-8.320362091064453
3367430123.0,-0.0540228746831417,-1.0759236812591553,10.102746963500977,3.591423273086548,-0.1456809788942337,-8.397998809814453
3367438456.0,0.5939897298812866,-1.315421223640442,9.973289489746094,3.7545862197875977,-0.6290727853775024,-8.295003890991211
3367446789.0,0.3374194800853729,-1.330425500869751,9.244089126586914,3.691447496414185,0.3460995852947235,-8.253381729125977
3367455122.0,-0.0299734976142644,-1.206088662147522,9.401275634765623,3.78967809677124,1.9181220531463623,-8.146570205688477
3367463455.0,-0.6778971552848816,-1.2247109413146973,9.971137046813965,3.674490213394165,1.7564963102340698,-8.140447616577148
3367471788.0,-0.8414095640182495,-1.0172715187072754,10.207235336303713,3.284052610397339,1.1518210172653198,-8.173592567443848
3367480121.0,-0.3325881958007812,-1.221763253211975,10.25588607788086,3.3185038566589355,0.5419459939002991,-8.196747779846191
3367488454.0,-0.2605044543743133,-1.249276876449585,10.053223609924316,3.4097156524658203,0.4580081701278686,-8.152280807495117
3367496787.0,-0.2716890871524811,-1.003993034362793,9.53251838684082,3.300163745880127,1.4690020084381104,-8.118778228759766
3367505120.0,-0.2259511798620224,-1.1239863634109497,9.758235931396484,3.3621246814727783,1.4454625844955444,-8.175154685974121
3367513453.0,-0.0401555448770523,-1.3100425004959106,9.90438175201416,2.776019811630249,1.04987633228302,-8.164499282836914
3367521786.0,0.0382620394229888,-1.19723641872406,9.881766319274902,2.8199222087860107,1.1922913789749146,-8.149642944335938
3367530119.0,0.1076426357030868,-1.3247710466384888,10.109060287475586,3.175473690032959,1.855725884437561,-8.074515342712402
3367538452.0,-0.3813647627830505,-0.9228413105010986,10.149349212646484,3.1597976684570312,2.2118916511535645,-8.040322303771973
3367546785.0,-0.4864446222782135,-0.9101406335830688,10.39508056640625,2.782410383224488,2.2287073135375977,-7.927016735076904
3367555118.0,-0.6613369584083557,-0.9937717318534852,10.35275173187256,2.3881685733795166,1.5257376432418823,-8.075002670288086
3367563451.0,-0.6643009185791016,-0.9937340617179872,10.063035011291504,2.569594383239746,1.828472375869751,-8.174796104431152
3367571784.0,-0.6018460392951965,-1.3519387245178225,10.243415832519531,2.806321144104004,1.823503017425537,-8.125617027282715
3367580117.0,-0.5577512979507446,-1.4722418785095217,9.836039543151855,2.8072433471679688,1.2697488069534302,-8.12049388885498
3367588450.0,-0.5445257425308228,-1.2618567943572998,9.622639656066896,2.812955141067505,1.4781463146209717,-8.010762214660645
3367596783.0,-0.5014185905456543,-1.285343050956726,9.672054290771484,2.9063193798065186,2.1249313354492188,-8.124361991882324
3367605116.0,-0.6425716280937195,-1.317992925643921,9.951616287231444,2.9429471492767334,2.1823840141296387,-8.115242004394531
3367613449.0,-0.6071352958679199,-1.3563050031661987,10.242786407470703,3.1849253177642822,1.7936625480651855,-8.227843284606934
3367621782.0,-0.5497426390647888,-1.3463927507400513,10.224464416503906,3.4946017265319824,1.3052502870559692,-8.20630168914795
3367630115.0,-0.7589178085327148,-1.168291449546814,9.770318031311035,3.842519760131836,1.3152142763137815,-8.213191986083984
3367638448.0,-0.9842892289161682,-1.3429505825042725,9.851118087768556,4.027480602264404,1.865997195243836,-8.113860130310059
3367646781.0,-1.2050316333770752,-1.4643127918243408,9.894301414489746,3.971513509750366,1.7257848978042605,-8.064733505249023
3367655114.0,-1.23923659324646,-1.4585223197937012,10.08006763458252,3.891212224960327,1.1835825443267822,-7.846216678619385
3367663447.0,-0.9728463292121888,-1.205589771270752,9.942922592163086,4.017592906951904,1.019625902175903,-7.807847023010254
3367671780.0,-0.6403305530548096,-1.136142015457153,10.15295696258545,4.444454669952393,0.6575174927711487,-7.87354850769043
3367680113.0,-0.6972295045852661,-1.06107759475708,10.0222749710083,4.170868396759033,0.5642303824424744,-7.634002685546875
3367688446.0,-0.9653852581977844,-0.8794869780540466,9.935166358947754,3.9704885482788086,1.00067138671875,-7.55009126663208
3367696779.0,-1.1567749977111816,-0.7011197805404663,10.036043167114258,4.168665409088135,0.8894031047821045,-7.44497013092041
3367705112.0,-1.2417346239089966,-0.9712000489234924,10.052936553955078,3.585865497589112,0.2887749671936035,-7.198997497558594
3367713445.0,-0.9495357275009156,-0.9559462070465088,9.898540496826172,3.385972023010254,-0.4719551801681518,-7.146718502044678
3367721778.0,-0.6237346529960632,-0.965959131717682,9.62667465209961,3.4598946571350098,-0.6050980091094971,-6.917983531951904
3367730111.0,-0.5824528336524963,-0.9943859577178956,9.594064712524414,3.69347095489502,-0.2581531107425689,-6.958274841308594
3367738444.0,-0.7391083836555481,-0.9623400568962096,9.535758972167969,3.3123817443847656,-0.2385581731796264,-6.803000450134277
3367746777.0,-0.9848799109458924,-1.0084877014160156,9.771465301513672,2.9934844970703125,-0.2172215431928634,-6.713222503662109
3367755110.0,-1.137393355369568,-0.6834656000137329,9.974039077758787,2.8234825134277344,-0.0976286455988884,-6.698339939117432
3367763443.0,-1.002472996711731,-0.7804809212684631,10.228343963623049,2.8238415718078613,-0.3277469873428345,-6.778513431549072
3367771776.0,-0.7995176315307617,-1.0391714572906494,10.085183143615724,3.0529863834381104,-0.8857787251472473,-6.696957588195801
3367780109.0,-0.5257933139801025,-1.2229089736938477,9.945272445678713,3.05895471572876,-1.139026761054993,-6.666783809661865
3367788442.0,-0.6175296902656555,-0.9876317381858826,9.331376075744627,3.083160161972046,-0.9692811369895936,-6.590069770812988
3367796775.0,-0.4682835936546325,-1.2112687826156616,9.373583793640137,3.5344316959381104,-0.2529021799564361,-6.529824733734131
3367805108.0,-0.5954107046127319,-1.2549653053283691,9.42239475250244,3.568908452987671,-0.5291260480880737,-6.687018871307373
3367813441.0,-0.5128201842308044,-1.0857508182525637,9.459501266479492,3.636427879333496,-0.6451329588890076,-6.580668926239014
3367821774.0,-0.5222844481468201,-0.9681079983711244,9.387983322143556,3.868236780166626,-0.5601193308830261,-6.635022163391113
3367830107.0,-0.5273704528808594,-0.9475888013839722,9.664897918701172,3.9915690422058105,-0.1558754444122314,-6.609946250915527
3367838440.0,-0.3771192729473114,-1.2078462839126587,10.0150728225708,3.9960005283355713,-0.1639695465564727,-6.584306716918945
3367846773.0,-0.391714334487915,-1.2966426610946655,10.039971351623535,4.099225997924805,-0.3803842663764953,-6.635329723358154
3367855106.0,-0.6380631327629089,-0.9400925636291504,9.74426555633545,4.483004093170166,0.1314010471105575,-6.5195794105529785
3367863439.0,-0.5626237988471985,-0.9076105356216432,9.812451362609863,4.716810703277588,0.3329851329326629,-6.465354442596436
3367871772.0,-0.303188681602478,-0.9778079390525818,9.925326347351074,4.570143222808838,-0.2632246911525726,-6.346938610076904
3367880105.0,-0.0938257947564125,-0.7628141641616821,9.610926628112791,4.1982502937316895,-0.6983081698417664,-6.333876132965088
3367888438.0,-0.0689082890748977,-0.8465197682380676,9.483755111694336,4.335158348083496,0.8169916868209839,-6.052554130554199
3367896771.0,-0.2522239089012146,-0.9336545467376708,9.979372024536133,4.636868476867676,1.5743279457092283,-6.099403381347656
3367905104.0,-0.3890859186649322,-0.795352041721344,10.288538932800291,4.280600070953369,1.140806794166565,-6.025479793548584
3367913437.0,-0.4575064182281494,-0.5790014863014221,10.25820541381836,4.141360759735107,0.758872926235199,-5.98285722732544
3367921770.0,-0.3860112428665161,-0.4643790125846863,9.960083961486816,4.0928473472595215,1.0018752813339231,-5.887470722198486
3367930103.0,-0.4608693122863769,-0.6146994829177856,9.991108894348145,3.959858655929565,1.3491530418395996,-5.775075435638428
3367938436.0,-0.3467366993427276,-0.8897209167480469,10.111218452453612,3.742419004440308,1.2037408351898191,-5.697668552398682
3367946769.0,-0.3449968695640564,-0.7910345792770386,9.952768325805664,3.79585075378418,0.7867156863212585,-5.6850666999816895
3367955102.0,-0.4192092716693878,-0.5912451148033142,10.00464153289795,3.664013624191284,1.60644793510437,-5.573490619659424
3367963435.0,-0.4139277338981628,-0.3925794064998626,10.108758926391602,3.5308966636657715,2.3547677993774414,-5.505023956298828
3367971768.0,-0.5264624357223511,-0.4708001315593719,10.620837211608888,3.3722169399261475,1.96760892868042,-5.531944751739502
3367980101.0,-0.7400833964347839,-0.4342581331729889,10.311633110046388,3.204673767089844,1.5798860788345337,-5.523850440979004
3367988434.0,-0.6385260224342346,-0.6554079651832581,10.216327667236328,3.292095184326172,1.8670474290847776,-5.438272953033447
3367996767.0,-0.62326979637146,-0.6276470422744751,10.02821445465088,3.307309865951538,1.5553733110427856,-5.413888454437256
3368005100.0,-0.4659749567508697,-0.5853947997093201,9.89324188232422,3.1683528423309326,1.5439236164093018,-5.5005412101745605
3368013433.0,-0.387480765581131,-0.569981038570404,9.709890365600586,3.280799150466919,1.6129026412963867,-5.602921485900879
3368021766.0,-0.4930945634841919,-0.6520487666130066,9.714472770690918,3.268196821212769,2.141324281692505,-5.551155090332031
3368030099.0,-0.7884171009063721,-0.6885660886764526,9.870597839355469,3.155545473098755,2.4297661781311035,-5.489118099212647
3368038432.0,-0.9361238479614258,-0.6728304028511047,10.061613082885742,3.5075106620788574,2.151365041732788,-5.520571708679199
3368046765.0,-1.0083383321762085,-0.5535385608673096,10.043817520141602,3.52859115600586,1.5720480680465698,-5.665932655334473
3368055098.0,-0.7736283540725708,-0.513878345489502,9.96634578704834,3.500466823577881,1.4769935607910156,-5.678560256958008
3368063431.0,-0.6355924010276794,-0.5056013464927673,9.900749206542969,3.454822540283203,1.561571717262268,-5.486094951629639
3368071764.0,-0.5467071533203125,-0.5865764617919922,9.86729335784912,3.4939608573913574,1.6635931730270386,-5.512426376342773
3368080097.0,-0.6681673526763916,-0.5319250226020813,9.72475528717041,3.3041086196899414,1.6032207012176514,-5.521955490112305
3368088430.0,-0.6071649789810181,-0.4448733031749725,9.754528999328612,3.292095184326172,1.5678728818893433,-5.466731071472168
3368096763.0,-0.6892741918563843,-0.5356693863868713,10.075325965881348,3.1922764778137207,1.6188453435897827,-5.442013263702393
3368105096.0,-0.786615252494812,-0.2980997264385223,10.005050659179688,2.836187601089477,1.6224570274353027,-5.395242214202881
3368113429.0,-0.8467544913291931,-0.0828296840190887,10.105700492858888,2.880500078201294,1.6517596244812012,-5.267144680023193
3368121762.0,-0.8727597594261169,-0.3847030699253082,10.058587074279783,2.575101613998413,1.2387300729751587,-5.299880027770996
3368130095.0,-0.9683989882469176,-0.6028323769569397,9.805209159851074,2.0081303119659424,0.8938855528831482,-5.164866924285889
3368138428.0,-0.8465317487716675,-0.8199973106384277,9.621698379516602,2.223904848098755,0.9133523106575012,-5.130698204040527
3368146761.0,-0.7420474886894226,-0.956780970096588,9.503490447998049,2.5001542568206787,0.4181011617183685,-5.060770988464356
3368155094.0,-0.7826405763626099,-0.8650555610656738,9.300496101379396,2.3376832008361816,0.636436939239502,-5.204876899719238
3368163427.0,-0.6678586006164551,-0.9227707386016846,9.580747604370115,2.374516248703003,0.9724955558776855,-5.1365885734558105
3368171760.0,-0.9163358211517334,-0.8449172377586365,9.910118103027344,2.1937825679779053,1.05348801612854,-5.100524425506592
3368180093.0,-1.1685631275177002,-0.7071323990821838,10.027254104614258,2.3920109272003174,1.1510013341903689,-5.04076623916626
3368188426.0,-1.0907297134399414,-0.8421396017074585,10.104944229125977,2.6476409435272217,0.4145407676696777,-4.9695587158203125
3368196759.0,-0.8980966806411743,-0.988930881023407,9.789299011230469,2.524231672286988,-0.5517434477806091,-5.096169948577881
3368205092.0,-0.6127480268478394,-0.8485643267631531,9.529080390930176,2.6428253650665283,-0.3258514702320099,-5.182386875152588
3368213425.0,-0.5165931582450867,-0.9410524368286132,9.624661445617676,2.8434877395629883,0.3280927836894989,-5.189764499664307
3368221758.0,-0.591620922088623,-0.9851825833320618,9.611675262451172,2.993663787841797,0.4444582462310791,-5.135359764099121
3368230091.0,-0.8030558228492737,-0.9834384918212892,9.469104766845703,2.866463184356689,0.3831633329391479,-5.135026454925537
3368238424.0,-0.9875223636627196,-0.8911106586456299,9.673453330993652,3.116228103637696,0.2059128433465957,-5.233795642852783
3368246757.0,-0.9743298888206482,-0.9948827624320984,10.041060447692873,3.2636892795562744,0.2899531722068786,-5.236228942871094
3368255090.0,-0.938899040222168,-0.8604633808135986,10.220876693725586,3.41914176940918,0.1198489964008331,-5.341989040374756
3368263423.0,-0.6823260188102722,-0.7215085625648499,10.12228012084961,3.7271010875701904,-0.4744908511638641,-5.305898666381836
3368271756.0,-0.4790638983249664,-0.681432843208313,9.856776237487791,3.750180721282959,-0.8650311827659607,-5.386302471160889
3368280089.0,-0.5344673991203308,-0.6484856009483337,9.716926574707031,3.479566097259521,-0.1814896613359451,-5.430333614349365
3368288422.0,-0.5797830820083618,-0.4950749576091766,9.859893798828123,3.333462238311768,0.6986539363861084,-5.404129505157471
3368296755.0,-0.7537305355072021,-0.4037447273731231,10.20033359527588,3.3692703247070312,0.456266313791275,-5.340221881866455
3368305088.0,-0.6832894682884216,-0.3886606991291046,10.048715591430664,3.060004711151123,-0.1828984767198562,-5.264046669006348
3368313421.0,-0.5319084525108337,-0.6629077196121216,9.837068557739258,2.925196647644043,-0.2457813769578933,-5.090534687042236
3368321754.0,-0.4475889503955841,-0.8814270496368408,9.936179161071776,2.9063191413879395,0.2912594676017761,-5.114304542541504
3368330087.0,-0.7072213888168335,-0.7272191643714905,9.973174095153809,2.901375770568848,0.6445053815841675,-4.971762180328369
3368338420.0,-0.9221153259277344,-0.6356292366981506,10.11067008972168,2.9957895278930664,0.4140284955501556,-4.912029266357422
3368346753.0,-0.8619163632392883,-0.7437524199485779,10.27199363708496,3.0864644050598145,-0.3396063446998596,-5.03251838684082
3368355086.0,-0.5027492642402649,-0.7964836359024048,9.813346862792969,2.840413808822632,-0.5946473479270935,-4.986207962036133
3368363419.0,-0.2549118399620056,-0.8755980134010315,9.760952949523926,3.05283260345459,-0.4813811779022217,-4.899913787841797
3368371752.0,-0.4003227055072784,-0.946933388710022,9.497325897216797,3.3488564491271973,0.0997418388724327,-4.908878803253174
3368380085.0,-0.6255268454551697,-0.8763296604156494,9.72535514831543,3.116611957550049,0.5187395215034485,-4.81315803527832
3368388418.0,-0.8569133877754211,-0.5651364922523499,10.15056324005127,2.9929211139678955,0.568021297454834,-4.800427913665772
3368396751.0,-0.916164755821228,-0.5538650751113892,10.370075225830078,3.0682268142700195,-0.0229631625115871,-4.741028785705566
3368405084.0,-0.7718263268470764,-0.6429028511047363,10.227602005004885,3.1737060546875,-0.5884998440742493,-4.727043151855469
3368413417.0,-0.4470386803150177,-0.5376020669937134,9.977712631225586,3.176088333129883,-0.8812448978424072,-4.742002010345459
3368421750.0,-0.1506783068180084,-0.6091219186782837,9.835383415222168,3.0410497188568115,-0.6132944226264954,-4.653632640838623
3368430083.0,-0.2641655504703522,-0.7322347164154053,9.712607383728027,3.1536247730255127,-0.0918654650449752,-4.57066822052002
3368438416.0,-0.5024405717849731,-0.7847826480865479,9.597840309143066,3.226855754852295,0.5022438764572144,-4.727094650268555
3368446749.0,-0.7474319934844971,-0.8639569282531738,9.765198707580566,3.650515079498291,0.5825446248054504,-4.557400226593018
3368455082.0,-0.8911349177360535,-0.8176001906394958,9.83333683013916,3.6056137084960938,0.1283017098903656,-4.638929843902588
3368463415.0,-0.6398066878318787,-0.8674663305282593,9.83915901184082,3.609711885452272,0.1653655022382736,-4.751991271972656
3368471748.0,-0.4620227515697479,-0.8692442178726196,10.093838691711426,3.889034986495972,-0.0398685634136199,-4.804808616638184
3368480081.0,-0.3341221511363983,-0.7509795427322388,9.870635986328123,4.121945858001709,-0.0896626338362693,-4.747227668762207
3368488414.0,-0.2571197152137756,-0.6826695203781128,9.745421409606934,4.315306663513184,0.2114455103874206,-4.7342400550842285
3368496747.0,-0.1755475401878357,-0.8148263096809387,9.894662857055664,4.361668586730957,0.4029887318611145,-4.707806587219238
3368505080.0,-0.3613240718841553,-0.693963348865509,9.791162490844728,4.244970798492432,0.6497050523757935,-4.686341762542725
3368513413.0,-0.4243682026863098,-0.2701282203197479,10.03913688659668,4.32952356338501,1.07351815700531,-4.617900848388672
3368521746.0,-0.3034475147724151,-0.3464521169662475,10.11904239654541,4.269381523132324,0.2594722509384155,-4.615237712860107
3368530079.0,-0.3457574248313904,-0.4961600303649902,9.85898208618164,3.972742080688477,0.2553483247756958,-4.596846103668213
3368538412.0,-0.4664013087749481,-0.5557140111923218,9.94239902496338,3.7905991077423096,0.9441664218902588,-4.391880512237549
3368546745.0,-0.5822977423667908,-0.2517489790916443,10.127620697021484,3.8478729724884033,1.245261788368225,-4.293829441070557
3368555078.0,-0.585593044757843,-0.0870932191610336,10.329326629638672,3.704715251922608,0.7420700192451477,-4.339704513549805
3368563411.0,-0.3018528521060943,-0.0356146581470966,10.049724578857422,3.1279335021972656,0.2922071814537048,-4.263860702514648
3368571744.0,-0.0869402140378952,-0.4026500880718231,9.899134635925291,2.8964831829071045,0.4004273116588592,-4.301308631896973
3368580077.0,-0.2452756464481353,-0.1795562356710434,9.644100189208984,2.67819881439209,1.2253849506378174,-4.219855308532715
3368588410.0,-0.5016170144081116,-0.2333181798458099,10.086892127990724,2.7282745838165283,1.777653694152832,-4.172674179077148
3368596743.0,-0.6025900840759277,-0.2753532826900482,10.147650718688965,2.322826862335205,1.2414451837539673,-4.358991622924805
3368605076.0,-0.5510004162788391,-0.2091594636440277,10.14114475250244,2.172702074050904,0.8154804110527039,-4.275899410247803
3368613409.0,-0.5815684199333191,-0.2399816662073135,10.069369316101074,2.0768022537231445,1.302202224731445,-4.20797061920166
3368621742.0,-0.5773200988769531,-0.4805311560630798,10.11064910888672,2.199878454208374,1.3426469564437866,-4.250285625457764
3368630075.0,-0.5140835046768188,-0.7136861681938171,9.846399307250977,2.2511327266693115,1.0012861490249634,-4.268804550170898
3368638408.0,-0.4153619706630707,-0.8246616721153259,9.652461051940918,2.5157790184021,0.7956550121307373,-4.286555290222168
3368646741.0,-0.5489230751991272,-0.7648869752883911,9.64304542541504,2.6323492527008057,1.275153398513794,-4.392315864562988
3368655074.0,-0.7518885135650635,-0.4441791772842407,9.773150444030762,2.757398128509521,2.0087451934814453,-4.442469120025635
3368663407.0,-0.7381974458694458,-0.4488367736339569,10.171404838562012,2.8607518672943115,1.9452732801437376,-4.330099582672119
3368671740.0,-0.6050813794136047,-0.631304144859314,10.066441535949709,2.8574469089508057,0.8819749355316162,-4.544643878936768
3368680073.0,-0.743573784828186,-0.7342565059661865,9.717564582824709,2.797074317932129,1.119828701019287,-4.567363739013672
3368688406.0,-0.7736109495162964,-0.5645432472229004,9.603833198547363,3.089563608169556,1.8153578042984009,-4.486013412475586
3368696739.0,-0.802357017993927,-0.5403341054916382,10.1077299118042,3.257720947265625,1.748069167137146,-4.526817321777344
3368705072.0,-0.6546967625617981,-0.4438233077526092,10.07005214691162,3.191149473190308,0.6290855407714844,-4.539418697357178
3368713405.0,-0.4225140213966369,-0.3490698337554931,9.844966888427734,3.034134149551392,0.6952216029167175,-4.691695213317871
3368721738.0,-0.5187227725982666,-0.3923067152500152,9.698798179626465,3.0988359451293945,1.60188889503479,-4.480327129364014
3368730071.0,-0.763118326663971,-0.3576556444168091,9.874178886413574,2.991461038589477,2.06822156906128,-4.512600898742676
3368738404.0,-0.8494359850883484,-0.5014789700508118,10.155341148376465,2.881857395172119,1.2290222644805908,-4.481325626373291
3368746737.0,-0.670337438583374,-0.9150580167770386,9.81865692138672,2.7727153301239014,0.1732546836137771,-4.491034030914307
3368755070.0,-0.6315284967422485,-0.816504180431366,9.573894500732422,2.7363431453704834,0.7172754406929016,-4.333070278167725
3368763403.0,-0.6218721866607666,-0.4492298066616058,9.759113311767578,3.062156438827514,1.4932842254638672,-4.267472267150879
3368771736.0,-0.5647481083869934,-0.6188614368438721,10.09373664855957,2.959725141525269,1.1161915063858032,-4.272877216339111
3368780069.0,-0.7152986526489258,-0.6386594772338867,10.03844165802002,2.541649341583252,0.4286285936832428,-4.137890338897705
3368788402.0,-0.7195414900779724,-0.6214977502822876,9.734999656677246,2.745538711547852,0.6805446147918701,-4.123648643493652
3368796735.0,-0.5294256210327148,-0.7423095107078552,9.56777286529541,3.015205144882202,1.001234769821167,-4.11442756652832
3368805068.0,-0.4257728159427643,-0.5890329480171204,9.722537994384766,2.939592123031616,0.8251882195472717,-4.1590728759765625
3368813401.0,-0.4346739053726196,-0.7214017510414124,9.66527271270752,2.736215114593506,0.872805118560791,-4.143576622009277
3368821734.0,-0.4065275192260742,-0.614984393119812,9.714752197265623,2.765005350112915,1.1339677572250366,-4.186736583709717
3368830067.0,-0.6297221779823303,-0.4711345732212066,9.755927085876465,2.7885959148406982,1.370412826538086,-4.0483174324035645
3368838400.0,-0.8144519925117493,-0.8282040357589722,9.809202194213867,2.852119445800781,1.439263939857483,-3.999317407608032
3368846733.0,-0.5614726543426514,-0.911685049533844,9.966530799865724,2.889260053634644,0.9019029140472412,-4.006847858428955
3368855066.0,-0.3092806041240692,-0.6741004586219788,9.671095848083496,3.1531124114990234,0.3278622031211853,-4.1515421867370605
3368863399.0,-0.4158006608486175,-0.4416258037090301,9.40406894683838,3.224832534790039,1.1124262809753418,-4.1761322021484375
3368871732.0,-0.47724050283432,-0.5566970109939575,9.421106338500977,3.2961418628692627,1.82381010055542,-4.217652320861816
3368880065.0,-0.5698674917221069,-0.7055048942565918,9.819775581359863,3.2688374519348145,1.294338583946228,-4.17018985748291
3368888398.0,-0.5919514894485474,-0.6987470388412476,9.616435050964355,3.116560459136963,0.8491886854171753,-4.150159358978272
3368896731.0,-0.6814323663711548,-0.6752561926841736,9.328327178955078,3.4665791988372803,1.4506109952926636,-4.210173606872559
3368905064.0,-0.6753098368644714,-0.6195583939552307,9.59190273284912,3.921796083450317,1.7671520709991455,-4.2630157470703125
3368913397.0,-0.550369918346405,-0.7101076245307922,9.98802089691162,3.611785650253296,1.0295641422271729,-4.369185924530029
3368921730.0,-0.3534031510353088,-0.6138622164726257,9.753369331359863,3.6811752319335938,0.575961709022522,-4.379125118255615
3368930063.0,-0.4259452521800995,-0.192094549536705,9.384310722351074,3.961805105209351,1.2884217500686646,-4.487089157104492
3368938396.0,-0.6035391688346863,-0.2815489470958709,9.751343727111816,4.088620662689209,2.2251596450805664,-4.4315056800842285
3368946729.0,-0.6254985332489014,-0.5239458680152893,10.034159660339355,3.6766417026519775,1.5198974609375,-4.21071195602417
3368955062.0,-0.7242762446403503,-0.473955363035202,9.91264820098877,3.483561515808105,0.8812322020530701,-4.250336170196533
3368963395.0,-0.5676233172416687,-0.3000681102275848,9.741045951843262,3.4892477989196777,1.4526088237762451,-4.234353542327881
3368971728.0,-0.4950323104858398,-0.3859285712242126,10.0355863571167,3.465503692626953,1.6758882999420166,-4.116041660308838
3368980061.0,-0.5138441324234009,-0.4699973464012146,10.064358711242676,3.058288812637329,1.2899328470230105,-4.024675369262695
3368988394.0,-0.6980212330818176,-0.4555556774139404,9.93010425567627,3.1149473190307617,1.3854995965957642,-3.931465148925781
3368996727.0,-0.7355456948280334,-0.550017774105072,10.010055541992188,3.26814603805542,1.7072402238845823,-3.9209375381469727
3369005060.0,-0.8096029758453369,-0.5688011646270752,10.154683113098145,3.4030561447143555,1.5460240840911863,-3.783209800720215
3369013393.0,-0.7006582021713257,-0.3329366147518158,10.14522647857666,3.072581052780152,1.090705394744873,-3.8458874225616455
3369021726.0,-0.3217425942420959,-0.3196501731872558,10.117494583129885,3.1980397701263428,0.5852084159851074,-3.798398971557617
3369030059.0,-0.4319715797901153,-0.3104600012302398,9.750129699707031,3.070147752761841,1.1083279848098757,-3.7771902084350586
3369038392.0,-0.6574415564537048,-0.2628371119499206,9.84734344482422,2.8728926181793213,1.9319026470184328,-3.654395818710327
3369046725.0,-0.8442152142524719,-0.3650070428848266,10.140007972717283,2.8714327812194824,1.6068323850631714,-3.732954978942871
3369055058.0,-0.9896417856216432,-0.4493438303470611,10.125807762145996,2.677865743637085,1.2161126136779783,-3.7443788051605225
3369063391.0,-0.8317031264305115,-0.4399313926696777,10.230392456054688,2.7458972930908203,1.0743122100830078,-3.5903091430664062
3369071724.0,-0.6226233243942261,-0.3530406951904297,10.116290092468262,3.0393338203430176,0.7180951237678528,-3.593178033828736
3369080057.0,-0.4534792602062225,-0.4480141997337341,9.81895923614502,2.937005043029785,0.4653082489967346,-3.781826734542847
3369088390.0,-0.4975936412811279,-0.420033186674118,9.694091796875,2.7426443099975586,0.7838468551635742,-3.682981491088867
3369096723.0,-0.6046422123908997,-0.478240817785263,9.626133918762209,2.888721942901612,1.1969019174575806,-3.771657466888428
3369105056.0,-0.7359098196029663,-0.6081768870353699,10.034521102905272,3.1054697036743164,1.244134545326233,-3.828803062438965
3369113389.0,-0.6573728919029236,-0.4263028502464294,9.941746711730955,3.109414577484131,0.835997462272644,-3.760797500610352
3369121722.0,-0.7317021489143372,-0.4807956516742706,9.88774585723877,3.2038798332214355,0.7970125675201416,-3.7740654945373535
3369130055.0,-0.7196023464202881,-0.3921884000301361,9.611987113952637,3.453618288040161,1.0377864837646484,-3.7246813774108887
3369138388.0,-0.6465088129043579,-0.5261583924293518,9.698369979858398,3.406385660171509,0.8115102052688599,-3.844529867172241
3369146721.0,-0.6132990121841431,-0.5757805109024048,9.651960372924805,3.485175132751465,0.4257085621356964,-3.928698301315308
3369155054.0,-0.5308033227920532,-0.611385703086853,9.450353622436523,3.7358877658844,0.6530861258506775,-3.958718776702881
3369163387.0,-0.8091962933540344,-0.223757117986679,9.803062438964844,3.6693928241729736,1.1854523420333862,-3.830903291702272
3369171720.0,-0.8398087620735168,-0.1626883149147033,10.002001762390137,3.5254154205322266,1.1136045455932615,-3.8355906009674072
3369180053.0,-0.7243202924728394,-0.1504001319408416,10.218406677246094,3.252828359603882,0.1839102059602737,-3.900138378143311
3369188386.0,-0.4195359945297241,-0.3367424607276916,9.851479530334473,3.023632287979126,-0.2190657705068588,-3.8610260486602783
3369196719.0,-0.2977499067783355,-0.4460668563842773,9.642916679382324,3.021711587905884,0.2540163993835449,-3.720839023590088
3369205052.0,-0.476457267999649,-0.3897093832492828,9.64680290222168,2.9701242446899414,0.8101014494895935,-3.581728219985962
3369213385.0,-0.7430655360221863,0.0464279055595397,9.994041442871094,2.823175430297852,1.0616075992584229,-3.627296209335327
3369221718.0,-0.6743747591972351,0.0310296919196844,10.187128067016602,2.525205135345459,0.3907451927661896,-3.629345178604126
3369230051.0,-0.5684037804603577,-0.174166202545166,10.089436531066896,2.218423366546631,-0.0776239410042762,-3.607701301574707
3369238384.0,-0.5978583693504333,-0.2371907383203506,9.70759105682373,2.061356782913208,0.5739893317222595,-3.592152833938598
3369246717.0,-0.498047262430191,-0.3602733314037323,9.759343147277832,2.0696046352386475,0.7598974704742432,-3.55342435836792
3369255050.0,-0.4416876435279846,-0.5453917980194092,9.659411430358888,2.1898889541625977,0.0433648936450481,-3.522866487503052
3369263383.0,-0.5625607371330261,-0.6019671559333801,9.486990928649902,1.814537763595581,0.1137271896004676,-3.490387201309204
3369271716.0,-0.8040266036987305,-0.6543589234352112,9.587098121643066,2.0973961353302,0.9397607445716858,-3.5391063690185547
3369280049.0,-0.9132190942764282,-0.5590853095054626,10.095139503479004,2.437681198120117,1.2214405536651611,-3.3278911113739014
3369288382.0,-0.8003454208374023,-0.4165314435958862,10.446131706237791,2.5066349506378174,0.0055839037522673,-3.487262964248657
3369296715.0,-0.3364970088005066,-0.5104840397834778,10.100850105285645,2.319727897644043,-0.6419055461883545,-3.6075732707977295
3369305048.0,-0.1225604265928268,-0.7467129230499268,9.392419815063477,2.487910747528076,-0.190352201461792,-3.565104722976685
3369313381.0,-0.3771560490131378,-0.5293530821800232,9.6334810256958,2.943178176879883,1.2773820161819458,-3.6355953216552734
3369321714.0,-0.7748782634735107,-0.3171122372150421,10.036876678466797,2.869819164276123,1.5809619426727295,-3.640589952468872
3369330047.0,-0.8144093751907349,-0.3710047900676727,10.520578384399414,2.73160457611084,0.7204004526138306,-3.643689155578613
3369338380.0,-0.5999041199684143,-0.3175429701805115,10.036545753479004,2.745487689971924,0.0663664937019348,-3.784336805343628
3369346713.0,-0.6280366778373718,-0.579833984375,9.840240478515623,2.948889970779419,0.3140049576759338,-3.726320266723633
3369355046.0,-0.6346151232719421,-0.6254873871803284,9.67696762084961,3.0177924633026123,1.0083556175231934,-3.682085037231445
3369363379.0,-0.7439700961112976,-0.4235855937004089,10.035064697265623,3.102447509765625,0.7980883717536926,-3.8438644409179688
3369371712.0,-0.6872217059135437,-0.3569731414318084,10.067713737487791,3.079036235809326,0.1797863245010376,-3.933693408966065
3369380045.0,-0.418962150812149,-0.4019377529621124,10.102117538452148,3.1880502700805664,0.0109372790902853,-3.83164644241333
3369388378.0,-0.3471431136131286,-0.2798883318901062,9.87717628479004,3.274190902709961,0.4395659267902374,-3.933129787445069
3369396711.0,-0.7101029753684998,-0.0653515234589576,9.84279441833496,2.948659420013428,1.103435516357422,-3.743610620498657
3369405044.0,-0.8460657596588135,-0.3756971955299377,10.13045883178711,2.867821216583252,1.0239291191101074,-3.721121311187744
3369413377.0,-0.7298532128334045,-0.7146967649459839,10.19036102294922,2.666083335876465,-0.0386390760540962,-3.782902479171753
3369421710.0,-0.5659948587417603,-0.5126265287399292,10.057538032531738,2.799046754837036,-0.41496342420578,-3.570842266082764
3369430043.0,-0.4431457221508026,-0.3723852336406708,9.799943923950195,3.07632064819336,0.2334993630647659,-3.5721230506896973
3369438376.0,-0.6297805309295654,-0.2587822377681732,9.90556526184082,2.8231241703033447,0.7205284833908081,-3.410599708557129
3369446709.0,-0.5988942384719849,-0.379250705242157,10.05172061920166,2.4293053150177,0.6172518730163574,-3.4068856239318848
3369455042.0,-0.7172507047653198,-0.5843011140823364,10.171009063720703,2.483940362930298,-0.2028007060289383,-3.418872833251953
3369463375.0,-0.8782146573066711,-0.4648381173610687,9.816132545471191,2.688982486724853,0.4334184527397156,-3.382219314575196
3369471708.0,-0.6763416528701782,-0.4887928068637848,10.18702507019043,2.857421875,0.4122611582279205,-3.176229476928711
3369480041.0,-0.573418915271759,-0.2827335596084595,10.17220687866211,2.486424684524536,-0.455741286277771,-3.2496395111083984
3369488374.0,-0.6333921551704407,-0.4620933532714844,9.878034591674805,2.393137693405152,-0.3437045812606811,-3.217186212539673
3369496707.0,-0.7685789465904236,-0.4201440215110779,9.89637565612793,2.5104763507843018,0.4760661721229553,-3.122900009155273
3369505040.0,-0.7943251132965088,-0.4270877242088318,10.132018089294434,2.7193350791931152,0.3138768076896667,-3.0399868488311768
3369513373.0,-0.8416824340820312,-0.5146552324295044,10.296934127807615,2.746947765350342,-0.6613211631774902,-3.1100168228149414
3369521706.0,-0.6217261552810669,-0.2507819533348083,9.922430038452148,2.4943909645080566,-0.7261763215065002,-3.2077860832214355
3369530039.0,-0.3956945836544037,0.1359653174877166,9.892412185668944,2.6280462741851807,-0.4689582288265228,-3.2343225479125977
3369538372.0,-0.4766921103000641,0.0831242650747299,9.789305686950684,2.553252458572388,-0.3288483321666717,-3.1896510124206543
3369546705.0,-0.7566107511520386,-0.1607238352298736,9.775101661682127,2.1104848384857178,-0.1662748008966446,-3.156378030776977
3369555038.0,-0.7451091408729553,-0.3602336347103119,9.950479507446287,2.277540922164917,-0.3374803364276886,-3.117982149124145
3369563371.0,-0.6868254542350769,-0.3414332866668701,9.809478759765623,2.512858629226685,-0.6438522338867188,-3.098233699798584
3369571704.0,-0.7031576037406921,-0.2890150249004364,9.774981498718262,2.8062188625335693,-0.8098325133323669,-3.144185781478882
3369580037.0,-0.7346596717834473,-0.5359587073326111,9.709589004516602,2.836622953414917,-0.5805338621139526,-3.0756165981292725
3369588370.0,-0.6420918703079224,-0.681559681892395,9.827101707458496,2.8298351764678955,-0.7153159379959106,-3.2360641956329346
3369596703.0,-0.4535239636898041,-0.4571817219257355,9.97606372833252,3.2024712562561035,-0.8298628330230713,-3.1711578369140625
3369605036.0,-0.2406024038791656,-0.4520312547683716,9.824213027954102,3.2223992347717285,-0.6987435817718506,-3.360523700714112
3369613369.0,-0.3408816158771515,-0.2848767042160034,9.7836332321167,3.4900166988372803,-0.3460867702960968,-3.161091089248657
3369621702.0,-0.5505872964859009,-0.2243670523166656,9.925949096679688,3.350342273712158,0.3522469997406006,-3.189215898513794
3369630035.0,-0.5463721752166748,-0.088734395802021,10.23391056060791,3.1954784393310547,-0.3311792314052582,-3.1432125568389893
3369638368.0,-0.4506417214870453,-0.1673043817281723,10.112202644348145,3.1306231021881104,-0.8500468730926514,-2.996647834777832
3369646701.0,-0.3639127910137176,-0.3209514021873474,9.815828323364258,2.938490629196167,-0.5589153170585632,-2.917089939117432
3369655034.0,-0.2249248474836349,-0.4230751693248749,9.9906005859375,3.087411642074585,-0.0766762048006057,-2.756462574005127
3369663367.0,-0.4342059791088104,-0.4840565621852875,9.898289680480955,2.962132453918457,0.1035839617252349,-2.6932218074798584
3369671700.0,-0.6641072630882263,-0.171963095664978,9.861793518066406,2.9712512493133545,0.2633655965328216,-2.7416582107543945
3369680033.0,-0.5065923929214478,-0.2366211116313934,10.215909957885742,2.8903355598449707,-0.1188628375530242,-2.550601005554199
3369688366.0,-0.2944600582122803,-0.208430603146553,10.27865505218506,2.677634954452514,-0.6443901062011719,-2.6604092121124268
3369696699.0,-0.1243406757712364,-0.1514826864004135,9.83559226989746,2.66744065284729,-0.14744833111763,-2.5105409622192383
3369705032.0,-0.2852469384670257,-0.1745353043079376,9.7232084274292,2.8254549503326416,0.6209914684295654,-2.38797664642334
3369713365.0,-0.7435474991798401,-0.4836783409118652,9.779581069946287,2.642261743545532,0.7540318369865417,-2.4944546222686768
3369721698.0,-0.9079318642616272,-0.5440690517425537,9.977195739746094,2.500615358352661,0.3999919295310974,-2.418099164962769
3369730031.0,-0.6390665769577026,-0.4503367245197296,10.323253631591797,2.7426440715789795,-0.2670924067497253,-2.444891452789306
3369738364.0,-0.3843962550163269,-0.3039934635162353,10.088903427124023,3.0661773681640625,-0.4443173110485077,-2.3141307830810547
3369746697.0,-0.3397555351257324,-0.2343715131282806,9.87773895263672,2.9854414463043213,0.0515102259814739,-2.4180731773376465
3369755030.0,-0.3868211507797241,-0.2768590748310089,9.928428649902344,2.8248400688171387,0.6287270188331604,-2.416562080383301
3369763363.0,-0.5031581521034241,-0.2874700725078583,10.046252250671388,2.938490390777588,0.2082693129777908,-2.388975143432617
3369771696.0,-0.6305227875709534,-0.2110077440738678,10.156661033630373,2.8113927841186523,0.1277637928724289,-2.322455406188965
3369780029.0,-0.5310723185539246,0.0713606774806976,10.092185974121094,2.9571120738983154,0.3456128537654876,-2.445454835891724
3369788362.0,-0.5652351379394531,-0.1105307191610336,10.189640045166016,3.011926651000977,0.4052428007125854,-2.4523706436157227
3369796695.0,-0.5674014687538147,-0.4166639745235443,9.976597785949709,2.896534442901612,0.0489488020539283,-2.5439162254333496
3369805028.0,-0.5918235778808594,-0.3201688230037689,9.818535804748535,2.941103219985962,0.2484324425458908,-2.5162270069122314
3369813361.0,-0.5928746461868286,-0.2787260711193084,9.92014217376709,3.231389284133911,0.3646698594093323,-2.515509843826294
3369821694.0,-0.5368427634239197,-0.2218188941478729,9.943650245666504,3.298217296600342,0.2750456631183624,-2.578803062438965
3369830027.0,-0.4108075201511383,-0.0987633615732193,10.194669723510742,3.150652885437012,0.2208715379238128,-2.693042039871216
3369838360.0,-0.3120674192905426,-0.0229697953909635,10.154797554016112,3.094352960586548,0.6281378269195557,-2.6680939197540283
3369846693.0,-0.4157485663890838,0.2434581965208053,10.099737167358398,2.9937148094177246,0.5104660987854004,-2.695142269134521
3369855026.0,-0.6464626789093018,0.2412426024675369,9.90920066833496,2.8149783611297607,0.7803375720977783,-2.721832036972046
3369863359.0,-0.5508154630661011,-0.0653397142887115,10.141667366027832,2.566956043243408,0.573912501335144,-2.689481973648072
3369871692.0,-0.4804750680923462,-0.5230215787887573,10.058648109436035,2.3908073902130127,0.181733027100563,-2.5635879039764404
3369880025.0,-0.4813791215419769,-0.1981064081192016,9.848008155822754,2.655376672744751,0.3185898661613464,-2.3655130863189697
3369888358.0,-0.4263295531272888,-0.1448510438203811,9.87448787689209,2.6737935543060303,0.5553678870201111,-2.3274502754211426
3369896691.0,-0.5136225819587708,-0.1495960056781768,9.966979026794434,2.4522042274475098,0.4892318844795227,-2.471632719039917
3369905024.0,-0.1889049708843231,-0.1770640760660171,10.107747077941896,2.2182440757751465,0.2221522480249405,-2.272866487503052
3369913357.0,-0.2836727201938629,-0.1915127784013748,10.073623657226562,2.236583709716797,0.4087775945663452,-2.3282699584960938
3369921690.0,-0.4227724075317383,-0.253659725189209,9.922945022583008,2.301003932952881,1.1539725065231323,-2.3000175952911377
3369930023.0,-0.4595498442649841,-0.2216601371765136,10.06361198425293,2.3400142192840576,1.213269591331482,-2.33259916305542
3369938356.0,-0.4932297468185425,-0.3262571096420288,10.073251724243164,2.413398742675781,0.4352114498615265,-2.0917224884033203
3369946689.0,-0.5243302583694458,-0.513989269733429,9.685935020446776,2.2594316005706787,0.4947901666164398,-2.258752822875977
3369955022.0,-0.6351914405822754,-0.4714556634426117,9.576995849609377,2.457942008972168,1.056203007698059,-2.2016584873199463
3369963355.0,-0.59959477186203,-0.4554844200611114,9.92715072631836,2.8428726196289062,0.9919881820678712,-2.193129062652588
3369971688.0,-0.428274393081665,-0.5861928462982178,9.889873504638672,2.721179723739624,-0.0123844826593995,-2.339232921600342
3369980021.0,-0.5661783814430237,-0.3138079345226288,9.710095405578612,2.7013542652130127,0.3992234766483307,-2.381035327911377
3369988354.0,-0.6334540843963623,-0.2181411683559417,9.669811248779297,2.7498672008514404,1.5843428373336792,-2.358955383300781
3369996687.0,-0.6393944025039673,-0.2708003520965576,10.160240173339844,2.938490390777588,1.1287935972213743,-2.359288454055786
3370005020.0,-0.4599282443523407,-0.2923377454280853,10.091663360595703,2.69771671295166,0.0605776607990264,-2.4646658897399902
3370013353.0,-0.4835979044437408,-0.3509691655635834,9.574444770812988,2.7412867546081543,0.3003268837928772,-2.426807880401612
3370021686.0,-0.5399568676948547,-0.3054762184619903,9.650837898254396,3.087488412857056,1.2219526767730713,-2.30916166305542
3370030019.0,-0.6312956809997559,-0.4659097492694855,9.741375923156738,3.1635117530822754,1.0092520713806152,-2.37160873413086
3370038352.0,-0.6688314080238342,-0.540681004524231,9.87144660949707,3.10152530670166,0.2837032377719879,-2.486642599105835
3370046685.0,-0.2879064977169037,-0.5465365052223206,9.517461776733398,3.2156877517700195,0.1430298835039138,-2.5473995208740234
3370055018.0,-0.2489781379699707,-0.3651623427867889,9.606449127197266,3.5499792098999023,1.0056405067443848,-2.4865915775299072
3370063351.0,-0.365202784538269,-0.2496038675308227,9.783764839172363,3.575081586837769,1.4748934507369995,-2.609898567199707
3370071684.0,-0.5087434649467468,-0.1414544731378555,9.885682106018066,3.4195263385772705,1.237526297569275,-2.5563135147094727
3370080017.0,-0.5805143713951111,-0.2359197288751602,9.977222442626951,3.3297996520996094,0.7968077063560486,-2.629390954971313
3370088350.0,-0.5756065845489502,-0.1216896250844001,9.859746932983398,3.264098882675171,0.9761073589324952,-2.5877938270568848
3370096683.0,-0.3069241344928741,-0.1915929913520813,10.081929206848145,3.272986888885498,1.19262433052063,-2.546682834625244
3370105016.0,-0.1135987788438797,-0.2761227190494537,9.95949649810791,3.081571817398072,0.5003228187561035,-2.3566505908966064
3370113349.0,-0.1350097954273224,-0.1835825592279434,9.538019180297852,2.881165742874145,1.0308446884155271,-2.3634378910064697
3370121682.0,-0.4532783627510071,-0.3150230944156647,9.697470664978027,2.8330624103546143,2.116350650787353,-2.2012486457824707
3370130015.0,-0.6719110012054443,-0.3104382753372192,10.07362174987793,2.98272705078125,2.1616365909576416,-2.23470139503479
3370138348.0,-0.6631758809089661,-0.1456531286239624,10.28735637664795,2.8467142581939697,1.1098902225494385,-2.3292429447174072
3370146681.0,-0.6477256417274475,0.1391913741827011,10.028509140014648,2.64807653427124,0.8127653002738953,-2.335775136947632
3370155014.0,-0.3793281316757202,0.1250874698162078,9.99252700805664,2.520209789276123,1.37919819355011,-2.257190227508545
3370163347.0,-0.4908914268016815,0.0750805139541626,9.884897232055664,2.3698291778564453,1.6561139822006226,-2.279193162918091
3370171680.0,-0.7034928798675537,-0.1980044841766357,9.847676277160645,2.147446393966675,1.5202049016952517,-2.2374162673950195
3370180013.0,-0.8427729606628418,-0.4497098326683044,9.82557487487793,2.1725738048553467,1.1525636911392212,-2.1638007164001465
3370188346.0,-0.7896153330802917,-0.437076598405838,9.809820175170898,2.2927558422088623,1.1963385343551636,-2.229860305786133
3370196679.0,-0.601996660232544,-0.3106639385223388,9.997833251953123,2.48130202293396,1.0040267705917358,-2.1031975746154785
3370205012.0,-0.4481327533721924,-0.2437751591205597,10.07427978515625,2.6330666542053223,0.906820833683014,-2.3465075492858887
3370213345.0,-0.5769389271736145,-0.3171572387218475,10.012236595153809,2.60880970954895,0.9767219424247742,-2.3583152294158936
3370221678.0,-0.7696391940116882,-0.1704695075750351,9.867694854736328,2.5097079277038574,1.394925594329834,-2.32903790473938
3370230011.0,-0.7649324536323547,-0.0787963047623634,10.063514709472656,2.900914669036865,1.0842760801315308,-2.3470709323883057
3370238344.0,-0.8610564470291138,-0.2492292672395706,9.854662895202637,2.734985589981079,0.5708644986152649,-2.334494113922119
3370246677.0,-0.874897837638855,-0.2077940106391906,9.71688461303711,2.6128053665161133,0.8035440444946289,-2.4654338359832764
3370255010.0,-0.6402669548988342,-0.3005715906620025,9.88813018798828,2.962618827819824,0.8859450221061707,-2.3969926834106445
3370263343.0,-0.7714896202087402,-0.6624659299850464,9.89665985107422,3.0417158603668213,0.468612402677536,-2.48866605758667
3370271676.0,-0.8881986141204834,-0.5246661901473999,9.732558250427246,3.164459228515625,0.8650695085525513,-2.483722448348999
3370280009.0,-0.8491194248199463,-0.4178111255168915,9.841596603393556,3.5510292053222656,1.135607123374939,-2.4830565452575684
3370288342.0,-0.8058444261550903,-0.1248442009091377,10.10544490814209,3.498981475830078,0.5268336534500122,-2.6616649627685547
3370296675.0,-0.758306086063385,-0.0261478628963232,9.970392227172852,3.236435651779175,0.7795180082321167,-2.6267528533935547
3370305008.0,-0.6710277199745178,0.0777527242898941,10.033236503601074,3.2654566764831543,1.089860200881958,-2.6385865211486816
3370313341.0,-0.8431228995323181,-0.0036905272863805,10.088055610656738,3.1896896362304688,1.136042594909668,-2.552676200866699
3370321674.0,-0.8564448356628418,-0.0275439210236072,9.993943214416504,2.819794178009033,0.8452184796333313,-2.5812361240386963
3370330007.0,-0.7056089639663696,-0.3301049470901489,9.927050590515137,2.675432205200196,0.7648153901100159,-2.5029077529907227
3370338340.0,-0.6011041402816772,-0.4094441533088684,9.72235870361328,2.6962311267852783,0.6670459508895874,-2.435260534286499
3370346673.0,-0.6660003662109375,-0.3531684577465057,9.672737121582031,2.7152881622314453,1.2165993452072144,-2.348761320114136
3370355006.0,-0.7490878105163574,-0.0883033350110054,9.875740051269531,2.6927473545074463,1.3946181535720823,-2.2835729122161865
3370363339.0,-0.8532671332359314,-0.0144115714356303,9.978470802307127,2.5290727615356445,1.1484397649765017,-2.2735581398010254
3370371672.0,-1.0797367095947266,-0.1019820421934127,9.955276489257812,2.16906476020813,1.2804044485092163,-2.18306303024292
3370380005.0,-0.9968478083610536,-0.1603719443082809,9.917635917663574,2.207614183425904,1.4410569667816162,-1.988240957260132
3370388338.0,-1.016230821609497,-0.207961767911911,10.079562187194824,2.269165277481079,0.9571272134780884,-2.0991506576538086
3370396671.0,-0.9892404079437256,-0.0611440129578113,9.557275772094728,2.0944247245788574,0.7449900507926941,-2.109370708465576
3370405004.0,-0.8577452301979065,-0.2739440202713012,9.603787422180176,2.160611867904663,0.9837659001350404,-2.1787338256835938
3370413337.0,-1.132544755935669,-0.4654669463634491,9.583005905151367,2.1110997200012207,1.1841460466384888,-2.0024313926696777
3370421670.0,-1.470180869102478,-0.3203122913837433,9.797038078308104,2.1171700954437256,1.6485834121704102,-1.880328059196472
3370430003.0,-1.3558554649353027,-0.3710343539714813,9.979480743408203,2.398056030273437,0.875545859336853,-1.927893877029419
3370438336.0,-1.261862874031067,-0.2690252959728241,9.925470352172852,2.3489789962768555,0.2349337488412857,-2.110190153121948
3370446669.0,-1.0427870750427246,-0.276989072561264,9.794285774230955,2.2155802249908447,0.4530133605003357,-2.1006619930267334
3370455002.0,-1.0157897472381592,-0.1551330238580703,9.81884765625,2.345956563949585,0.9860199093818665,-2.188493013381958
3370463335.0,-1.079965353012085,0.0964807793498039,9.958566665649414,2.574742794036865,1.0799473524093628,-2.123227834701538
3370471668.0,-1.1213533878326416,-0.1818230748176574,9.97820281982422,2.361273765563965,0.7107950448989868,-2.131911039352417
3370480001.0,-1.290668487548828,-0.3557387590408325,9.868343353271484,2.2958807945251465,0.7672231793403625,-2.3337514400482178
3370488334.0,-1.3109861612319946,-0.0852806195616722,9.824179649353027,2.512218952178955,1.2058926820755005,-2.2845208644866943
3370496667.0,-1.197766661643982,-0.3233090937137604,10.116826057434082,2.830756664276123,0.6412267684936523,-2.0807340145111084
3370505000.0,-1.2176698446273804,-0.2974747717380523,9.720468521118164,2.726353883743286,0.1386498659849167,-2.339694023132324
3370513333.0,-1.1463158130645752,-0.2751788794994354,9.701602935791016,2.691056966781616,0.6072622537612915,-2.332496166229248
3370521666.0,-1.1870266199111938,-0.1785516440868377,9.695713996887209,2.8737633228302,1.0170388221740725,-2.3712761402130127
3370529999.0,-1.3750524520874023,-0.0457382462918758,9.806485176086426,2.906677484512329,1.1122467517852783,-2.548577785491944
3370538332.0,-1.3916916847229004,-0.0817827209830284,9.909059524536133,2.894049644470215,0.8626617193222046,-2.5794427394866943
3370546665.0,-1.4062660932540894,-0.3148134350776672,9.891417503356934,2.602841377258301,0.4873875677585602,-2.5288548469543457
3370554998.0,-1.336424469947815,0.0062159136869013,9.895936965942385,2.7535557746887207,0.7851018905639648,-2.45139741897583
3370563331.0,-1.09894061088562,-0.2372430860996246,10.055230140686035,2.8165669441223145,0.6795968413352966,-2.404676914215088
3370571664.0,-1.1101266145706177,-0.3163353502750397,9.915268898010254,2.573359489440918,0.471942275762558,-2.4550600051879883
3370579997.0,-1.116181254386902,-0.310222178697586,9.794946670532228,2.4217748641967773,0.7578996419906616,-2.312363624572754
3370588330.0,-1.1348528861999512,-0.331635981798172,9.718196868896484,2.6350135803222656,1.0513875484466553,-2.258650541305542
3370596663.0,-1.323179841041565,-0.1549823433160781,10.047605514526367,2.579404354095459,1.2886263132095337,-2.259751558303833
3370604996.0,-1.3346647024154663,-0.2463575899600982,10.170730590820312,2.266142606735229,0.889556884765625,-2.2594187259674072
3370613329.0,-1.3618462085723877,-0.2543031573295593,10.000863075256348,2.289144277572632,0.6152283549308777,-2.19779109954834
3370621662.0,-1.1854491233825684,-0.0592982769012451,9.971535682678224,2.302028179168701,0.7990361452102661,-2.1174137592315674
3370629995.0,-1.0614224672317505,-0.1926804035902023,9.980648040771484,2.246624708175659,0.5704290270805359,-2.040570974349976
3370638328.0,-1.232693791389465,0.0343237593770027,9.567693710327148,1.986896276473999,0.7715775966644287,-2.1049139499664307
3370646661.0,-1.371103286743164,-0.0633723735809326,9.676836967468262,2.14365553855896,1.5639797449111938,-2.093874454498291
3370654994.0,-1.5568058490753174,-0.431834876537323,9.89770221710205,2.067939758300781,1.2638320922851562,-2.0601401329040527
3370663327.0,-1.64718496799469,-0.4544894695281982,9.838641166687012,2.0576939582824707,0.8652487993240356,-2.04244065284729
3370671660.0,-1.4578378200531006,-0.4812383651733398,9.822293281555176,2.259047508239746,0.6731164455413818,-2.0391366481781006
3370679993.0,-1.2766259908676147,-0.3758759498596191,9.651287078857422,2.524359941482544,0.3810885846614837,-2.175788640975952
3370688326.0,-1.323864459991455,-0.4226777553558349,9.684258460998535,2.3579697608947754,0.796116054058075,-2.233471632003784
3370696659.0,-1.4274675846099854,-0.4323389530181885,9.648415565490724,2.4345052242279053,1.235810160636902,-2.2449214458465576
3370704992.0,-1.499995470046997,-0.0641237795352935,9.81175136566162,2.614316940307617,0.8896849155426025,-2.2261972427368164
3370713325.0,-1.55146324634552,-0.1104690879583358,9.96654987335205,2.6991515159606934,0.6368979811668396,-2.2550387382507324
3370721658.0,-1.436951756477356,-0.257336288690567,9.734992980957031,2.606197118759156,0.7373313903808594,-2.153298854827881
3370729991.0,-1.3136240243911743,-0.1925441026687622,9.878626823425291,2.622154951095581,0.7766236066818237,-2.1954345703125
3370738324.0,-1.3804535865783691,-0.404208242893219,9.72728157043457,2.784344434738159,0.7025728225708008,-2.2206389904022217
3370746657.0,-1.3925951719284058,-0.5967258214950562,9.607855796813965,2.97127652168274,1.0242875814437866,-2.186751127243042
3370754990.0,-1.451827883720398,-0.4747947454452514,9.760634422302246,3.071735620498657,1.0042572021484375,-2.1782729625701904
3370763323.0,-1.4767799377441406,-0.4633349478244781,9.70093822479248,3.139101028442383,0.8955504894256592,-2.3199195861816406
3370771656.0,-1.298575520515442,-0.1775127798318863,9.738280296325684,3.234001874923706,0.9800005555152892,-2.378781080245972
3370779989.0,-1.295175075531006,-0.1433185636997223,9.753525733947754,3.311690330505371,1.2632428407669067,-2.429600238800049
3370788322.0,-1.3677116632461548,-0.2644736766815185,9.887911796569824,3.218787431716919,1.4841912984848022,-2.381240129470825
3370796655.0,-1.4671578407287598,-0.0632395148277282,9.957274436950684,3.1216838359832764,1.5612901449203491,-2.4268593788146973
3370804988.0,-1.3724995851516724,0.0616494752466678,10.010275840759276,3.077294111251831,1.3957964181900024,-2.4154863357543945
3370813321.0,-1.314478874206543,-0.2319885045289993,10.056577682495115,2.9758105278015137,1.1157305240631104,-2.30511474609375
3370821654.0,-1.305147647857666,-0.2532313764095306,9.859725952148438,2.6159558296203613,1.349716305732727,-2.1912336349487305
3370829987.0,-1.2722127437591553,-0.3815602660179138,9.902148246765137,2.7354719638824463,1.4625471830368042,-2.0892891883850098
3370838320.0,-1.414764165878296,-0.253881573677063,9.846025466918944,2.7027623653411865,1.7096986770629885,-2.167412281036377
3370846653.0,-1.6244624853134155,-0.1125748828053474,10.038811683654783,2.739647150039673,1.815306305885315,-2.0126256942749023
3370854986.0,-1.7042442560195925,-0.1136089488863945,10.09404182434082,2.5296876430511475,1.4558364152908323,-2.007246732711792
3370863319.0,-1.652069330215454,0.0283767580986022,10.096423149108888,2.339552879333496,1.2043555974960327,-2.183037042617798
3370871652.0,-1.4033948183059692,-0.0036662691272795,9.900686264038086,2.442086935043335,1.111324906349182,-2.1130592823028564
3370879985.0,-1.4232573509216309,-0.408561646938324,9.690340995788574,2.2373263835906982,1.3434152603149414,-2.0276100635528564
3370888318.0,-1.7607313394546509,-0.2543939054012298,9.502608299255373,2.237557411193848,2.0045700073242188,-1.9773807525634768
3370896651.0,-1.7280577421188354,-0.4885350167751312,9.940598487854004,2.5951313972473145,1.8954020738601685,-1.9840400218963623
3370904984.0,-1.7641401290893557,-0.5833582878112793,10.053521156311035,2.5969507694244385,1.0962125062942505,-2.0195674896240234
3370913317.0,-1.7903809547424316,-0.5413842797279358,9.807010650634766,2.7424135208129883,1.4297096729278564,-1.9714634418487549
3370921650.0,-1.6337469816207886,-0.4571671783924103,9.723731994628906,3.075603485107422,1.5240212678909302,-2.213082790374756
3370929983.0,-1.6773921251296997,-0.3034838140010834,9.865257263183594,3.3010854721069336,1.3293529748916626,-2.1433608531951904
3370938316.0,-1.5228486061096191,-0.3139142692089081,9.945679664611816,3.0744760036468506,1.0218541622161863,-2.16964054107666
3370946649.0,-1.4985657930374146,-0.0099062863737344,9.921536445617676,3.0720176696777344,0.8538761138916016,-2.249351978302002
3370954982.0,-1.7242450714111328,0.2563028633594513,9.792753219604492,3.312023162841797,1.4394688606262207,-2.248250961303711
3370963315.0,-1.905919313430786,0.1070007532835006,9.85951042175293,3.0004258155822754,1.6460731029510498,-2.3298580646514893
3370971648.0,-2.023104667663574,-0.2910286784172058,10.029732704162598,2.760087490081787,1.08302104473114,-2.1925911903381348
3370979981.0,-1.938722252845764,-0.1404129862785339,9.807363510131836,2.8295273780822754,0.5741942524909973,-2.2667956352233887
3370988314.0,-1.6305365562438965,-0.2275343984365463,9.898090362548828,3.0171260833740234,0.4665889143943786,-2.287543296813965
3370996647.0,-1.631422996520996,-0.2930016219615936,9.619793891906738,3.189560890197754,0.6241676211357117,-2.319279193878174
3371004980.0,-1.7462230920791626,-0.1588240563869476,9.703737258911133,2.869767665863037,0.915017306804657,-2.21362042427063
3371013313.0,-1.7479298114776611,-0.1076882556080818,9.988380432128906,2.815234899520874,0.8500595688819885,-2.182192087173462
3371021646.0,-1.8512136936187744,0.1212028264999389,9.98071575164795,2.8311667442321777,0.4780640602111816,-2.282061815261841
3371029979.0,-1.6679140329360962,0.0013536768965423,10.00582790374756,2.710472345352173,0.4731973111629486,-2.45257568359375
3371038312.0,-1.507685899734497,-0.1336161643266677,10.06462287902832,2.8289639949798584,0.0769707709550857,-2.499475479125977
3371046645.0,-1.601166844367981,0.0812972262501716,9.769408226013184,2.704402446746826,0.157450720667839,-2.363105535507202
3371054978.0,-1.730906367301941,0.0101395668461918,9.859039306640623,2.654505729675293,0.5241441130638123,-2.334622383117676
3371063311.0,-1.747617244720459,-0.2070818096399307,9.9759521484375,2.4974138736724854,0.3254288733005523,-2.257805347442627
3371071644.0,-1.6359292268753052,-0.2857108414173126,9.962776184082031,2.2514913082122803,-0.0775214880704879,-2.35601019859314
3371079977.0,-1.374420166015625,-0.271050214767456,9.920758247375488,2.27866792678833,-0.2221394479274749,-2.11830997467041
3371088310.0,-1.427894115447998,-0.0912471339106559,9.671915054321287,2.393470764160156,0.2953065037727356,-2.07786512374878
3371096643.0,-1.4952919483184814,-0.1993879526853561,10.005449295043944,2.3097639083862305,0.6221698522567749,-1.9696707725524905
3371104976.0,-1.4913911819458008,-0.3486997783184051,10.13034439086914,2.104901075363159,0.2692824602127075,-1.933656930923462
3371113309.0,-1.5938212871551514,-0.1877528727054596,9.872185707092283,2.259918451309204,-0.2916564643383026,-1.93688440322876
3371121642.0,-1.5034505128860474,-0.1373669058084488,9.8357515335083,2.3807408809661865,0.0639331340789794,-1.9606544971466064
3371129975.0,-1.3573848009109497,-0.3203001022338867,9.746551513671877,2.2389400005340576,-0.1268032640218734,-1.825052618980408
3371138308.0,-1.3372398614883425,-0.1520486921072006,9.813247680664062,2.1717798709869385,-0.0419945381581783,-1.8743345737457275
3371146641.0,-1.3787699937820437,-0.279026985168457,9.647839546203612,2.16965389251709,0.0431087613105773,-1.8319941759109497
3371154974.0,-1.5083872079849243,-0.3493048250675201,9.495996475219728,2.416037082672119,0.4195099174976349,-1.9042774438858032
3371163307.0,-1.5457978248596191,-0.3801421225070953,9.646716117858888,2.412937879562378,0.4432030916213989,-1.9324276447296145
3371171640.0,-1.5778197050094604,-0.5120846629142761,9.72902774810791,2.33840012550354,0.3484560549259186,-1.8332490921020508
3371179973.0,-1.4458870887756348,-0.4347951710224151,9.755655288696287,2.687445640563965,-0.0347713269293308,-1.9352197647094729
3371188306.0,-1.236878514289856,-0.3380051851272583,9.70273208618164,2.911980152130127,0.2451282292604446,-2.0377533435821533
3371196639.0,-1.1755627393722534,-0.4101752936840057,9.794393539428713,2.848226308822632,0.2379306554794311,-1.9003071784973145
3371204972.0,-1.3418647050857544,-0.2400102168321609,9.661812782287598,2.705119609832764,0.6166627407073975,-2.091159105300904
3371213305.0,-1.4751778841018677,-0.0094042997807264,9.898128509521484,2.7706403732299805,1.173593044281006,-2.0716664791107178
3371221638.0,-1.557179570198059,0.0306157022714614,10.144023895263672,2.905575752258301,0.927440106868744,-2.034730195999145
3371229971.0,-1.4645404815673828,0.0582368224859237,10.006879806518556,2.623640537261963,0.5124896168708801,-2.1937694549560547
3371238304.0,-1.3754302263259888,-0.0840676426887512,9.752894401550291,2.4350171089172363,0.4979406893253326,-2.20588493347168
3371246637.0,-1.4807870388031006,-0.4473602473735809,9.433910369873049,2.578303575515747,0.8677079081535339,-2.155374050140381
3371254970.0,-1.7033025026321411,-0.4519810974597931,9.647124290466309,2.728658676147461,1.1538443565368652,-2.2267606258392334
3371263303.0,-1.6466269493103027,-0.7132518291473389,9.8434419631958,2.716005325317383,0.8946539163589478,-2.264362335205078
3371271636.0,-1.6688417196273804,-0.6630412340164185,9.762273788452148,3.040204763412476,0.4274247288703918,-2.256447553634644
3371279969.0,-1.4911397695541382,-0.5526480078697205,9.719579696655272,3.2059803009033203,0.8518269658088684,-2.252093315124512
3371288302.0,-1.4334570169448853,-0.6678916215896606,9.841751098632812,3.2938883304595947,0.9439870119094848,-2.3129525184631348
3371296635.0,-1.4999340772628784,-0.5362457633018494,9.812470436096191,3.502542018890381,0.8971386551856995,-2.4876930713653564
3371304968.0,-1.4667524099349976,-0.2809723615646362,9.924898147583008,3.601720094680786,0.6368723511695862,-2.4663562774658203
3371313301.0,-1.3883085250854492,-0.1565393507480621,10.050127983093262,3.484842538833618,0.4065748155117035,-2.436413526535034
3371321634.0,-1.4143880605697632,0.1540836542844772,9.863205909729004,3.367426633834839,0.6498587727546692,-2.4959921836853027
3371329967.0,-1.2173748016357422,0.0193707998842,10.212312698364258,3.1755247116088867,0.6633318066596985,-2.4224789142608643
3371338300.0,-1.138382077217102,-0.2821483910083771,9.915886878967283,2.685114622116089,0.3482511341571808,-2.610922813415528
3371346633.0,-1.1548407077789309,-0.0459335334599018,9.96524143218994,2.5393950939178467,0.7006005048751831,-2.529905080795288
3371354966.0,-1.1280111074447632,0.0129343122243881,10.14263916015625,2.435452699661255,0.8494192957878113,-2.45457410812378
3371363299.0,-1.1311534643173218,0.0977149605751037,10.023604393005373,2.1519031524658203,0.4167180061340332,-2.6825406551361084
3371371632.0,-1.1154298782348633,-0.1751196533441543,10.02169132232666,1.8720675706863403,0.534902036190033,-2.567430019378662
3371379965.0,-1.1337205171585083,-0.0838234648108482,9.839658737182615,1.6455864906311035,0.6825937628746033,-2.4735023975372314
3371388298.0,-1.2297698259353638,-0.0017862892709672,9.85986328125,1.7170246839523315,0.8146863579750061,-2.5612056255340576
3371396631.0,-1.1049243211746216,-0.1119690835475921,10.131632804870604,1.439366340637207,0.6474254131317139,-2.719604253768921
3371404964.0,-0.8136371374130249,-0.2075844556093216,10.086071014404297,1.334117412567139,0.0442870073020458,-2.925363063812256
3371413297.0,-0.9523694515228271,0.0179556068032979,9.865468978881836,1.1983108520507812,0.5779339671134949,-2.825544595718384
3371421630.0,-0.9492810964584352,0.0330494903028011,9.747139930725098,1.228945255279541,1.3718727827072144,-2.979281187057495
3371429963.0,-1.088054060935974,-0.471128761768341,10.032383918762209,1.2702099084854126,0.8757506608963013,-3.259091377258301
3371438296.0,-1.2504589557647705,-0.8879354000091553,9.797454833984377,1.0575348138809204,0.5947369337081909,-3.2138304710388184
3371446629.0,-1.0972051620483398,-0.7754526734352112,9.815773963928224,1.417670965194702,0.5991425514221191,-3.372178077697754
3371454962.0,-1.0044628381729126,-0.6712918877601624,9.751546859741213,2.111816644668579,0.6872042417526245,-3.42030668258667
3371463295.0,-0.9913287162780762,-0.568252444267273,9.799790382385254,2.007617950439453,0.5130787491798401,-3.622710704803467
3371471628.0,-0.864311933517456,-0.852383553981781,9.962037086486816,1.7848769426345823,0.5404090881347656,-3.7877180576324463
3371479961.0,-0.9477664232254028,-0.6483397483825684,9.908787727355955,1.942020297050476,0.5419972538948059,-3.9796199798583984
3371488294.0,-0.9766156673431396,-0.2822607755661011,10.021357536315918,2.3186519145965576,1.0745941400527954,-4.183791637420654
3371496627.0,-0.8332908153533936,-0.354491263628006,10.202607154846191,2.345264911651612,0.7582582831382751,-4.34513521194458
3371504960.0,-0.8522987961769104,-0.3292752206325531,9.998889923095703,1.870530724525452,0.3310639858245849,-4.532375335693359
3371513293.0,-0.8682060837745667,-0.3823265731334686,9.844721794128418,1.736081600189209,0.8987266421318054,-4.421030044555664
3371521626.0,-1.026553750038147,-0.6934479475021362,9.861417770385742,1.96097469329834,1.4276608228683472,-4.631809711456299
3371529959.0,-1.2565252780914309,-0.7669792771339417,10.022550582885742,2.059282064437866,1.086965560913086,-4.7876973152160645
3371538292.0,-1.1815329790115356,-1.1304658651351929,9.834476470947266,1.973730444908142,0.6246287226676941,-5.006494045257568
3371546625.0,-0.8968003988265991,-1.0391912460327148,9.656668663024902,2.078210830688477,0.0901364833116531,-5.0145111083984375
3371554958.0,-0.7439079284667969,-0.8829693794250488,9.437481880187988,2.275440454483032,0.6223490238189697,-5.1089768409729
3371563291.0,-0.925216257572174,-0.8227440118789673,9.440140724182127,2.4053306579589844,1.3176475763320925,-5.221756458282471
3371571624.0,-1.1023995876312256,-0.7636213898658752,9.67161464691162,2.326592445373535,1.1447771787643433,-5.532508850097656
3371579957.0,-1.253003478050232,-0.8635453581809998,9.78220558166504,2.086843013763428,0.909459114074707,-5.8263044357299805
3371588290.0,-1.1283427476882937,-0.7516388297080994,9.794418334960938,2.222777843475342,0.5838508605957031,-5.842005252838135
3371596623.0,-0.9239322543144226,-0.497582197189331,9.86665153503418,2.1864821910858154,0.4288078844547272,-6.021969795227051
3371604956.0,-0.8663965463638306,-0.379876434803009,9.898640632629396,1.904008746147156,0.3764268159866333,-6.0424628257751465
3371613289.0,-0.5899767279624939,-0.7574616074562073,9.88444709777832,1.5303478240966797,0.4792679250240326,-6.193482875823975
3371621622.0,-0.552444577217102,-0.6746576428413391,9.885869026184082,1.1569437980651855,0.7848458290100098,-6.330084323883057
3371629955.0,-0.7122852802276611,-0.4682063162326813,9.907827377319336,1.049415111541748,1.315290927886963,-6.380620956420898
3371638288.0,-0.9202440977096558,-0.7001538872718811,9.920559883117676,0.915350377559662,1.397640824317932,-6.513840675354004
3371646621.0,-1.0648701190948486,-0.8822005391120911,9.984981536865234,0.6516005396842957,1.1976191997528076,-6.535586833953857
3371654954.0,-0.8864166736602783,-1.049258828163147,10.08436107635498,0.4651288986206054,0.9375577569007874,-6.648648262023926
3371663287.0,-1.0599106550216677,-0.9929623007774352,9.933940887451172,0.4908199608325958,0.7319267392158508,-6.776847839355469
3371671620.0,-1.290125846862793,-0.7455432415008545,9.860855102539062,0.6527531147003174,1.3546857833862305,-7.048665523529053
3371679953.0,-1.0851929187774658,-1.2247300148010254,10.182520866394045,0.5810332894325256,0.9508516788482666,-7.096360206604004
3371688286.0,-0.9511117339134216,-1.1752290725708008,10.073126792907717,0.4007090926170349,0.0140878288075327,-7.398018836975098
3371696619.0,-0.9408727884292604,-1.0604723691940308,9.784401893615724,0.4349041283130646,0.6122827529907227,-7.316233158111572
3371704952.0,-1.146113634109497,-1.054256796836853,9.779953002929688,0.719836950302124,1.4842426776885986,-7.474888324737549
3371713285.0,-1.2214957475662231,-1.1906434297561646,10.170791625976562,0.7018044590950012,1.183915615081787,-7.69829511642456
3371721618.0,-1.0932321548461914,-1.4809999465942385,10.15149974822998,0.6073392629623413,0.0415975265204906,-7.829107761383057
3371729951.0,-1.220038652420044,-1.6114633083343506,9.67269229888916,0.9055145978927612,0.0818118751049041,-8.0188570022583
3371738284.0,-1.2105249166488647,-1.322217345237732,9.686789512634276,1.4580134153366089,1.0120952129364014,-8.10671329498291
3371746617.0,-1.0785608291625977,-1.4448649883270264,10.261313438415527,1.4596272706985474,0.7897638082504272,-8.273538589477539
3371754950.0,-1.118792176246643,-1.5340521335601809,10.021291732788086,1.2916234731674194,-0.5209551453590393,-8.59837818145752
3371763283.0,-0.9716076254844666,-1.4103209972381592,9.81309413909912,1.5739179849624634,-0.0963479503989219,-8.816202163696289
3371771616.0,-0.8445148468017578,-1.2636713981628418,9.93941593170166,1.9603089094161987,0.6736544966697693,-8.933516502380371
3371779949.0,-1.0573030710220337,-1.211823582649231,10.13077449798584,1.8568531274795528,0.5008608102798462,-9.023832321166992
3371788282.0,-1.0517269372940063,-1.255666732788086,10.005305290222168,1.6019912958145142,0.1849347800016403,-9.224185943603516
3371796615.0,-1.0612560510635376,-1.3967430591583252,10.03726291656494,1.6831116676330566,0.1264831274747848,-9.460735321044922
3371804948.0,-1.243167519569397,-1.5016701221466064,9.874643325805664,1.826576590538025,0.4902051985263824,-9.57392120361328
3371813281.0,-1.198326826095581,-1.4915814399719238,10.068748474121094,1.915534734725952,0.1696942895650863,-9.667285919189451
3371821614.0,-0.9593652486801147,-1.6276475191116333,10.10733699798584,1.8998335599899288,-0.4745678007602691,-9.957855224609377
3371829947.0,-0.9288057088851928,-1.6009629964828491,9.732341766357422,1.878522515296936,-0.304002583026886,-10.121145248413086
3371838280.0,-0.8345177173614502,-1.8190171718597408,9.73661994934082,2.238966226577759,0.410442590713501,-10.146222114562988
3371846613.0,-0.9559738039970398,-2.0553016662597656,9.84807300567627,2.530558586120605,0.5447379946708679,-10.316198348999023
3371854946.0,-1.170220136642456,-1.9459435939788816,9.744638442993164,2.576689958572388,0.086319975554943,-10.489017486572266
3371863279.0,-0.9686323404312134,-1.8532993793487549,9.693700790405272,2.819486856460572,-0.2745974361896515,-10.828174591064451
3371871612.0,-0.9887346029281616,-1.3483691215515137,9.7918062210083,2.9286038875579834,0.0706696808338165,-10.829608917236328
3371879945.0,-0.9974693059921264,-1.2407209873199463,10.05770778656006,2.981650829315185,0.4905126690864563,-11.045512199401855
3371888278.0,-0.8669859766960144,-1.6662238836288452,10.026872634887695,2.61265230178833,-0.08871491253376,-11.167513847351074
3371896611.0,-0.5407491326332092,-1.7336167097091677,9.685205459594728,2.559809923171997,-0.7901352047920227,-11.26792049407959
3371904944.0,-0.4850459992885589,-1.7891056537628174,9.276637077331545,2.486988544464112,-0.0308267343789339,-11.261670112609863
3371913277.0,-0.6935380101203918,-1.8546569347381592,9.51857089996338,2.818769931793213,1.0373766422271729,-11.411052703857422
3371921610.0,-0.9974519610404968,-1.787797451019287,9.886170387268066,2.7770702838897705,1.1282048225402832,-11.65359592437744
3371929943.0,-0.924526035785675,-1.7362210750579834,10.323638916015623,2.682579040527344,0.5240417122840881,-11.537407875061035
3371938276.0,-0.9143655896186828,-1.7630746364593506,9.955345153808594,2.5457992553710938,-0.1316699981689453,-11.72582721710205
3371946609.0,-0.5228149890899658,-1.5359463691711426,9.525218963623049,2.7504823207855225,0.4233520925045013,-11.778976440429688
3371954942.0,-0.318828135728836,-1.7140940427780151,9.909714698791504,2.957829475402832,0.5330066084861755,-11.901897430419922
3371963275.0,-0.6145128607749939,-1.9949142932891848,9.46666431427002,2.3348143100738525,0.5950955748558044,-11.97996997833252
3371971608.0,-1.2749556303024292,-1.5040221214294434,9.399361610412598,2.5339651107788086,1.7014256715774536,-11.965088844299316
3371979941.0,-1.0796998739242554,-1.3475333452224731,9.937051773071287,2.903706789016724,1.773171305656433,-12.117827415466309
3371988274.0,-0.8374808430671692,-1.7435171604156494,10.072406768798828,2.544031858444214,-0.1154818013310432,-12.278071403503418
3371996607.0,-0.8563995957374573,-1.7538775205612185,9.39052677154541,2.048857450485229,0.1274820566177368,-12.420613288879396
3372004940.0,-1.0498865842819214,-1.7257254123687744,9.396992683410645,2.5386526584625244,1.5013017654418943,-12.474480628967283
3372013273.0,-1.310417890548706,-1.3831093311309814,9.850905418395996,2.9254021644592285,1.565029859542847,-12.523786544799805
3372021606.0,-1.1565901041030884,-1.5336518287658691,10.000788688659668,2.6344754695892334,-0.0134602831676602,-12.880669593811035
3372029939.0,-1.1259369850158691,-1.760302186012268,9.62549114227295,2.2274906635284424,-0.7931832075119019,-13.05776596069336
3372038272.0,-1.1915404796600342,-1.490350604057312,9.225372314453123,2.561602830886841,0.4269124865531921,-13.10538387298584
3372046605.0,-1.1116868257522583,-1.5306018590927124,9.837074279785156,2.95767593383789,1.192726969718933,-13.257071495056152
3372054938.0,-0.9004144668579102,-1.8320157527923584,10.290719032287598,2.737931251525879,-0.2988028824329376,-13.47781467437744
3372063271.0,-0.9635650515556335,-1.597915768623352,9.911375999450684,2.2749545574188232,-0.7288148403167725,-13.766874313354492
3372071604.0,-0.8929460644721985,-1.428850531578064,9.936568260192873,2.6812477111816406,0.4759894907474518,-13.793078422546388
3372079937.0,-0.9966970086097716,-1.2206013202667236,10.19314956665039,3.127293825149536,0.8201679587364197,-13.81728172302246
3372088270.0,-1.0718330144882202,-1.3261504173278809,10.464693069458008,2.556326389312744,-0.0336699150502681,-14.241426467895508
3372096603.0,-0.6794595718383789,-1.521973729133606,10.23388957977295,2.1940386295318604,-0.5661386847496033,-14.358739852905272
3372104936.0,-0.6862305402755737,-1.40461003780365,9.92327117919922,2.3444457054138184,0.0725395157933235,-14.541932106018066
3372113269.0,-0.7235972881317139,-1.4092013835906982,10.21157932281494,2.573206901550293,1.4415695667266846,-14.56273365020752
3372121602.0,-0.8951810598373413,-1.4996355772018433,10.330938339233398,2.297801971435547,1.0578680038452148,-14.861828804016112
3372129935.0,-1.084805965423584,-1.532402753829956,10.067395210266112,2.0450923442840576,0.2366499751806259,-14.996203422546388
3372138268.0,-0.9052451848983764,-1.768863320350647,9.90408706665039,1.9040857553482056,0.7149959206581116,-15.335617065429688
3372146601.0,-0.8082796931266785,-1.944513320922852,9.943316459655762,2.2128396034240723,0.8354083895683289,-15.381901741027832
3372154934.0,-0.9730507731437684,-1.8701484203338623,9.904298782348633,2.235969305038452,0.9729055762290956,-15.520448684692385
3372163267.0,-1.0035110712051392,-1.6779992580413818,10.034971237182615,2.06189513206482,0.9435517191886902,-15.78163719177246
3372171600.0,-0.9641718864440918,-1.892871379852295,9.947501182556152,2.039713144302368,0.4290385246276855,-16.003711700439453
3372179933.0,-0.9636768102645874,-1.7424825429916382,9.943951606750488,1.9767532348632808,0.961456060409546,-16.104429244995117
3372188266.0,-0.8367510437965393,-2.045640707015991,10.235812187194824,2.08274507522583,1.1944431066513062,-16.126251220703125
3372196599.0,-0.8496237993240356,-1.830283284187317,10.03061866760254,1.975088596343994,0.7563884854316711,-16.38920783996582
3372204932.0,-0.6241330504417419,-1.7908480167388916,10.070584297180176,1.7793699502944946,1.1236199140548706,-16.427988052368164
3372213265.0,-0.6512514352798462,-2.084494113922119,10.088300704956056,1.6848024129867554,1.2598620653152466,-16.49835205078125
3372221598.0,-0.8375005722045898,-1.992411732673645,10.04746913909912,1.5422589778900146,1.814487099647522,-16.757898330688477
3372229931.0,-1.0336867570877075,-2.0395328998565674,10.180167198181152,1.442747712135315,1.9317234754562376,-16.750368118286133
3372238264.0,-1.1259548664093018,-2.2421932220458984,10.133273124694824,1.402072191238403,1.4177993535995483,-16.890323638916016
3372246597.0,-1.0381639003753662,-2.2176618576049805,9.990022659301758,1.3036621809005735,1.032996654510498,-16.959609985351562
3372254930.0,-0.9217591285705566,-2.2214670181274414,10.03585720062256,1.2553794384002686,1.271849274635315,-16.870037078857422
3372263263.0,-0.8560537695884705,-2.351893663406372,9.878128051757812,1.4119850397109983,1.333503007888794,-17.00525665283203
3372271596.0,-1.1672720909118652,-2.3336846828460693,9.799102783203123,1.3979997634887695,1.6896179914474487,-17.223848342895508
3372279929.0,-1.0552105903625488,-2.472512006759644,9.719111442565918,1.402456760406494,1.710698485374451,-17.33158302307129
3372288262.0,-1.1852333545684814,-2.4766621589660645,9.727086067199709,1.3711557388305664,1.3004860877990725,-17.510622024536133
3372296595.0,-1.210767149925232,-2.310746908187866,9.87942886352539,1.4401607513427734,1.5115989446640017,-17.700326919555664
3372304928.0,-1.54527747631073,-2.5563783645629883,9.8724365234375,1.3243076801300049,1.7279623746871948,-17.902244567871094
3372313261.0,-1.4363408088684082,-2.639233589172364,9.889120101928713,1.910054087638855,1.4093468189239502,-18.01607131958008
3372321594.0,-1.1380890607833862,-2.6338961124420166,10.11326503753662,1.9782390594482424,0.1390341073274612,-18.292192459106445
3372329927.0,-1.278630614280701,-2.998079776763916,9.289743423461914,1.832135558128357,-0.0176097899675369,-18.428998947143555
3372338260.0,-1.6051535606384275,-2.8989503383636475,9.13595485687256,2.484504461288452,1.59195077419281,-18.52566719055176
3372346593.0,-1.412944197654724,-2.5093393325805664,9.943351745605469,2.9341368675231934,1.58951735496521,-18.74441146850586
3372354926.0,-1.1067893505096436,-2.935156345367432,10.038304328918455,2.7802982330322266,-0.5360164642333984,-19.113489151000977
3372363259.0,-1.2216876745224,-2.7354581356048584,9.162692070007324,2.639009714126587,-0.5663948655128479,-19.13764190673828
3372371592.0,-1.3505289554595947,-2.611047506332397,9.32750129699707,3.152984857559204,1.4427988529205322,-19.377286911010746
3372379925.0,-1.5694044828414917,-2.378101825714112,10.121475219726562,3.759710073471069,1.5564751625061035,-19.69503593444824
3372388258.0,-1.4959816932678225,-2.373887062072754,10.368212699890137,3.176755666732788,-0.4411925673484802,-20.025279998779297
3372396591.0,-1.1986256837844849,-2.521947860717773,10.009010314941406,2.9961748123168945,-0.977349817752838,-20.240158081054688
3372404924.0,-0.9693632125854492,-2.684267520904541,9.58913230895996,3.4045169353485107,-0.0124357156455516,-20.368303298950195
3372413257.0,-1.0870895385742188,-2.5769073963165283,9.874719619750977,3.693625450134277,0.8820521831512451,-20.49860572814941
3372421590.0,-1.0829473733901978,-2.716754913330078,10.006080627441406,3.495396614074707,0.2669516503810882,-20.7904052734375
3372429923.0,-1.302884578704834,-2.6479554176330566,9.770625114440918,3.426212787628174,-0.5419590473175049,-21.157072067260746
3372438256.0,-1.2613120079040527,-2.4957528114318848,9.607638359069824,3.5718812942504883,0.3566527664661407,-21.2525634765625
3372446589.0,-1.164242148399353,-2.783475637435913,10.043997764587402,3.6924989223480233,0.6152541637420654,-21.51144790649414
3372454922.0,-1.2769562005996704,-2.6773786544799805,9.904690742492676,3.7000539302825928,-0.0400734841823577,-21.74584007263184
3372463255.0,-1.1967777013778689,-2.6596083641052246,9.733283042907717,3.652642726898194,-0.176187589764595,-21.91120719909668
3372471588.0,-1.041816473007202,-2.718658447265625,9.790290832519531,3.808582305908203,-0.0267540756613016,-21.97813606262207
3372479921.0,-1.11485493183136,-2.7549617290496826,9.920022010803224,3.676975965499878,0.2928732931613922,-22.136022567749023
3372488254.0,-1.1180548667907717,-2.546525001525879,10.010494232177734,3.6941115856170654,0.2920535802841186,-22.15517807006836
3372496587.0,-1.1102876663208008,-2.565651655197144,9.863028526306152,3.791216611862183,-0.1172236129641532,-22.44419288635254
3372504920.0,-1.0781055688858032,-2.610739231109619,9.79042911529541,3.572187900543213,0.1735108792781829,-22.52192497253418
3372513253.0,-0.929795742034912,-2.8140809535980225,9.894580841064451,3.4672980308532715,0.5806493163108826,-22.650564193725582
3372521586.0,-1.0702096223831177,-2.912827491760254,9.949380874633787,3.666295289993286,0.3627489507198334,-22.697004318237305
3372529919.0,-1.153618335723877,-2.6336848735809326,9.771662712097168,3.778076171875,0.5144878029823303,-22.830272674560547
3372538252.0,-1.109806776046753,-2.791224718093872,10.007671356201172,3.666781902313232,0.2160049676895141,-22.926250457763672
3372546585.0,-1.0782358646392822,-2.8666229248046875,9.818818092346191,3.6712899208068848,0.1064784228801727,-23.11768913269043
3372554918.0,-0.7565908432006836,-2.670185804367065,9.889912605285645,3.749131441116333,0.238033190369606,-23.23674201965332
3372563251.0,-0.6427167654037476,-2.725541591644287,9.78271484375,3.917160987854004,0.1671585738658905,-23.22998237609864
3372571584.0,-0.8779101371765137,-2.582233190536499,9.456863403320312,3.497215986251831,0.6539830565452576,-23.407825469970703
3372579917.0,-0.930544376373291,-2.5100667476654053,9.623523712158203,3.46868109703064,1.0962384939193726,-23.325010299682617
3372588250.0,-1.1467880010604858,-2.7554945945739746,9.902551651000977,3.5294384956359863,0.7821054458618164,-23.45318603515625
3372596583.0,-1.2576754093170166,-2.5621492862701416,10.0031156539917,3.3568239212036133,0.8098199963569641,-23.372501373291016
3372604916.0,-1.0316119194030762,-2.345175504684448,9.909351348876951,3.3429155349731445,0.6700174808502197,-23.759634017944336
3372613249.0,-0.8646911978721619,-2.289754867553711,9.985976219177246,3.33735728263855,0.1742281019687652,-23.891830444335938
3372621582.0,-0.8318160772323608,-2.388435125350952,9.58023738861084,3.057291030883789,0.6924555897712708,-24.07330703735352
3372629915.0,-0.9991672039031982,-2.535717487335205,9.77197265625,2.891566753387451,1.2442889213562012,-24.08111953735352
3372638248.0,-1.1408052444458008,-2.407013416290283,9.650543212890623,2.8609066009521484,1.231251239776611,-24.361263275146484
3372646581.0,-1.0006954669952393,-2.2510673999786377,9.833767890930176,2.8011488914489746,0.9256221055984496,-24.55122184753418
3372654914.0,-0.6486072540283203,-2.299006938934326,9.708881378173828,2.6336827278137207,0.5369771718978882,-24.80203628540039
3372663247.0,-0.8148404955863953,-2.480376482009888,9.490083694458008,2.549053192138672,1.214781403541565,-25.11826705932617
3372671580.0,-1.1120790243148804,-2.4943525791168213,9.548120498657228,2.5962603092193604,2.297879934310913,-25.24447059631348
3372679913.0,-1.247503638267517,-2.880448579788208,9.87725830078125,2.622105121612549,2.110870122909546,-25.287399291992188
3372688246.0,-1.3242732286453247,-3.001260757446289,9.998950958251951,2.640265464782715,1.2033060789108276,-25.458629608154297
3372696579.0,-1.0867294073104858,-3.009613513946533,9.69958209991455,2.7396748065948486,1.113041639328003,-25.606809616088867
3372704912.0,-0.9432370662689208,-3.1055502891540527,9.681180000305176,3.44150447845459,1.619844913482666,-25.846553802490234
3372713245.0,-0.9201783537864684,-3.0349385738372803,9.932674407958984,3.388457775115967,2.0720648765563965,-26.031980514526367
3372721578.0,-0.9551568031311036,-2.963823080062866,10.074204444885254,3.161055088043213,1.805036544799805,-26.270248413085938
3372729911.0,-1.1461188793182373,-2.9729490280151367,9.866765975952148,3.380978584289551,1.98162055015564,-26.273855209350582
3372738244.0,-1.2374876737594604,-3.090992212295532,9.938591957092283,3.477416038513184,2.617136001586914,-26.34992790222168
3372746577.0,-1.360822081565857,-3.0921170711517334,10.180442810058594,3.7252602577209473,2.5047664642333984,-26.51373672485352
3372754910.0,-1.5574607849121094,-3.162433385848999,10.023698806762695,3.6534640789031982,1.893559455871582,-26.70464134216309
3372763243.0,-1.542941689491272,-3.019717216491699,9.965298652648926,3.921029329299927,1.9214529991149905,-26.75652885437012
3372771576.0,-1.237931251525879,-3.4751744270324707,10.071562767028809,3.966981649398804,1.7028098106384275,-26.87146377563477
3372779909.0,-1.154582381248474,-3.546067714691162,9.930888175964355,3.92136287689209,1.5511735677719116,-26.939266204833984
3372788242.0,-1.3656713962554932,-3.801579475402832,9.68039894104004,4.306984901428223,1.979366660118103,-26.98733901977539
3372796575.0,-1.5242613554000854,-3.7938857078552246,9.557536125183104,4.625908374786377,2.123856782913208,-27.164798736572266
3372804908.0,-1.7191728353500366,-3.5455000400543213,9.935894966125488,4.845601558685303,2.197190523147583,-27.37634658813477
3372813241.0,-1.6575134992599487,-3.5383994579315186,10.194838523864746,4.832512378692627,1.7447659969329834,-27.372529983520508
3372821574.0,-1.752345323562622,-3.5401906967163086,9.940879821777344,5.019138813018799,1.262142300605774,-27.60751724243164
3372829907.0,-1.7858203649520874,-3.3828134536743164,10.075862884521484,5.280019283294678,1.5728431940078735,-27.62360000610352
3372838240.0,-1.6278901100158691,-3.4167137145996094,10.106159210205078,5.418797492980957,0.8841783404350281,-27.69552421569824
3372846573.0,-1.647160291671753,-3.428497791290283,10.19242000579834,5.362087249755859,0.4091876447200775,-27.835119247436523
3372854906.0,-1.5699262619018557,-3.224546194076538,9.897209167480469,5.392440319061279,0.6902785301208496,-27.86094093322754
3372863239.0,-1.4349857568740845,-3.3216443061828613,10.122581481933594,5.703551292419434,0.7233208417892456,-27.923030853271484
3372871572.0,-1.7757257223129272,-3.2904977798461914,10.217653274536133,5.50685977935791,0.4236085414886474,-28.158248901367188
3372879905.0,-2.002863883972168,-3.3453824520111084,10.003113746643066,5.260500907897949,0.8537229895591736,-28.15619659423828
3372888238.0,-1.818435907363892,-3.237757682800293,10.587596893310549,5.719150543212891,0.0883947908878326,-28.277074813842773
3372896571.0,-1.69661545753479,-3.3270187377929688,10.384965896606444,5.566593170166016,-0.7351419925689697,-28.37031364440918
3372904904.0,-1.4019277095794678,-3.076047897338867,10.10942840576172,5.617308616638184,-0.7892904281616211,-28.51628494262696
3372913237.0,-1.3509126901626587,-3.10064697265625,10.039061546325684,5.856417655944824,-0.7796082496643066,-28.67081642150879
3372921570.0,-1.388299584388733,-2.817819833755493,9.75240993499756,5.540440559387207,-0.4064341783523559,-28.838769912719727
3372929903.0,-1.3522685766220093,-2.7750802040100098,9.980624198913574,5.371847152709961,-0.411505788564682,-28.94209671020508
3372938236.0,-1.6526706218719482,-2.575573444366455,10.155868530273438,5.29751443862915,-0.5192137360572815,-29.26027488708496
3372946569.0,-1.7969204187393188,-2.234814643859864,10.222404479980469,5.029077053070068,0.0051740794442594,-29.2784366607666
3372954902.0,-1.4931821823120115,-2.2815358638763428,10.554585456848145,4.849187850952148,-0.7751769423484802,-29.45681381225586
3372963235.0,-1.4071413278579712,-2.25833797454834,10.212574005126951,4.309879302978516,-1.5627639293670654,-29.789262771606445
3372971568.0,-1.25175940990448,-2.3385045528411865,10.077549934387209,3.9637043476104736,-1.0411043167114258,-29.973127365112305
3372979901.0,-1.095913648605347,-2.4780285358428955,9.753629684448242,4.005838394165039,-0.7031240463256836,-30.21796607971192
3372988234.0,-1.2393945455551147,-2.665072441101074,9.922335624694824,3.8443915843963614,-0.545263409614563,-30.37298393249512
3372996567.0,-1.1717270612716677,-2.8447535037994385,9.72215747833252,3.545525312423706,-0.8100892305374146,-30.68133354187012
3373004900.0,-0.9186913967132568,-3.1606814861297607,9.522055625915527,3.585124492645264,-1.0994278192520142,-30.968006134033203
3373013233.0,-0.9436498880386353,-3.1629459857940674,9.227925300598145,3.913295030593872,-0.5355045199394226,-31.14705276489257
3373021566.0,-0.963482677936554,-3.308198928833008,9.269767761230469,4.1706414222717285,0.0907769203186035,-31.53856658935547
3373029899.0,-0.9518573880195618,-3.221441984176636,9.491018295288086,4.25491189956665,-0.3958299160003662,-31.73597526550293
3373038232.0,-0.9168045520782472,-2.856938123703003,9.318751335144045,4.390975475311279,-0.7902894020080566,-32.09567642211914
3373046565.0,-0.6906334757804871,-2.86926817893982,9.30076789855957,4.048179626464844,-0.3514404296875,-32.198516845703125
3373054898.0,-0.8218379020690918,-2.5666158199310303,9.305713653564451,3.9389607906341553,0.1992533206939697,-32.4111213684082
3373063231.0,-0.6999516487121582,-2.3246877193450928,9.49563217163086,3.665323257446289,0.5096980929374695,-32.64287185668945
3373071564.0,-0.6670921444892883,-2.729344606399536,9.632823944091797,3.203728437423706,0.0299430657178163,-32.744075775146484
3373079897.0,-1.0340418815612793,-2.732290506362915,9.325593948364258,2.483558654785156,0.8762126564979553,-32.90665054321289
3373088230.0,-0.8496420383453369,-2.43777084350586,9.69312858581543,2.409123659133911,1.6379294395446775,-32.979679107666016
3373096563.0,-0.4348702430725097,-2.6329307556152344,9.95456600189209,2.379744052886963,0.4357753992080688,-33.30500793457031
3373104896.0,-0.5843012928962708,-2.955280065536499,9.279398918151855,1.4699512720108032,0.3222786486148834,-33.4420166015625
3373113229.0,-0.5861859321594238,-3.0143532752990723,9.070706367492676,1.640183448791504,1.712313175201416,-33.58937072753906
3373121562.0,-0.710954487323761,-3.141669988632202,9.581419944763184,1.623969554901123,2.166325807571411,-33.54890441894531
3373129895.0,-0.6076934337615967,-3.267863512039185,9.425626754760742,1.5169532299041748,1.607141137123108,-33.805355072021484
3373138228.0,-0.3055358529090881,-3.696492910385132,9.188478469848633,1.8030133247375488,0.8307472467422485,-34.04851150512695
3373146561.0,-0.3866297304630279,-4.0434112548828125,8.711640357971191,1.5174657106399536,1.845251202583313,-34.001075744628906
3373154894.0,-0.3742274641990661,-4.077726364135742,8.903353691101074,2.2136354446411133,3.208390951156616,-33.93777847290039
3373163227.0,-0.6039316058158875,-4.127713203430176,9.187725067138672,2.7437222003936768,2.8289666175842285,-34.2513427734375
3373171560.0,-0.5827386975288391,-3.949784517288208,9.163583755493164,3.123709917068481,2.452207088470459,-34.37668228149414
3373179893.0,-0.5723075270652771,-4.3018670082092285,8.886292457580566,3.061774969100952,2.5807902812957764,-34.39141082763672
3373188226.0,-0.4948297441005707,-4.377742290496826,9.111037254333496,3.672982454299927,3.400088310241699,-34.33734130859375
3373196559.0,-0.5264914035797119,-4.448792457580566,9.334877967834473,4.272740840911865,3.643680095672608,-34.29446029663086
3373204892.0,-0.5435658097267151,-4.1230788230896,9.419848442077637,4.952747344970703,3.2697885036468506,-34.360618591308594
3373213225.0,-0.5032224655151367,-4.532909393310547,9.33548641204834,5.079870700836182,3.2821857929229736,-34.337440490722656
3373221558.0,-0.6480304598808289,-4.012333393096924,9.454930305480955,5.202845573425293,4.1903395652771,-34.2576789855957
3373229891.0,-0.5988631844520569,-3.995939493179321,9.82344913482666,5.7179999351501465,4.597273826599121,-34.225711822509766
3373238224.0,-0.8157888054847717,-3.6110219955444336,9.860544204711914,5.786928653717041,4.143183708190918,-34.33373260498047
3373246557.0,-0.7765312194824219,-3.4464871883392334,9.798528671264648,5.54080057144165,4.174304962158203,-34.303096771240234
3373254890.0,-0.7448116540908813,-3.4726545810699463,9.88303279876709,5.39974308013916,4.318027019500732,-34.20501708984375
3373263223.0,-0.6402648091316223,-3.5026228427886963,9.818750381469728,5.483551979064941,4.700395584106445,-34.176761627197266
3373271556.0,-0.4906882047653198,-3.443464756011963,10.078521728515623,5.596946716308594,4.4099555015563965,-34.216976165771484
3373279889.0,-0.5156750082969666,-3.619856834411621,9.657992362976074,5.447896957397461,4.47222375869751,-34.228424072265625
3373288222.0,-0.7195404171943665,-3.5833213329315186,9.788348197937012,5.574661731719971,5.271363735198975,-34.10201644897461
3373296555.0,-0.913304328918457,-3.783022165298462,9.92154026031494,5.7372870445251465,5.5987396240234375,-34.04131317138672
3373304888.0,-1.1255768537521362,-3.99362850189209,10.079054832458496,5.818970203399658,4.994985580444336,-34.06674575805664
3373313221.0,-1.219212293624878,-3.606717586517334,9.857393264770508,6.183257102966309,4.957921981811523,-34.29107666015625
3373321554.0,-1.1044657230377195,-3.636332035064697,10.187108993530272,6.327157974243164,5.221108436584473,-34.33774948120117
3373329887.0,-0.8951245546340942,-3.754393577575684,10.059760093688965,6.561707973480225,4.898062229156494,-34.54973602294922
3373338220.0,-0.8750900626182556,-3.571961164474488,10.061245918273926,6.846614837646484,5.073749542236328,-34.53638458251953
3373346553.0,-0.9959939122200012,-3.919402599334717,10.020721435546877,6.906078815460205,5.210696220397949,-34.61759948730469
3373354886.0,-1.283728837966919,-3.5151939392089844,9.94182300567627,7.02095890045166,5.242483615875244,-34.6303825378418
3373363219.0,-1.688074827194214,-3.2415239810943604,10.272493362426758,7.192843437194824,5.914691925048828,-34.889583587646484
3373371552.0,-1.2670153379440308,-3.70498275756836,10.87375831604004,7.348912239074707,5.359067440032959,-35.06791305541992
3373379885.0,-0.8599913716316223,-3.5148191452026367,10.719482421875,7.259594917297363,4.357985019683838,-35.0675048828125
3373388218.0,-1.0444715023040771,-3.0747146606445312,10.288078308105469,7.295325756072998,4.996010780334473,-35.223541259765625
3373396551.0,-1.298985242843628,-2.898910999298096,10.126786231994627,7.435256958007812,6.079109191894531,-35.49661636352539
3373404884.0,-1.368017315864563,-2.80482816696167,10.677987098693848,7.196942329406738,5.915436267852783,-35.63865280151367
3373413217.0,-1.149125576019287,-2.769981622695923,10.831316947937012,6.255528450012207,4.526360511779785,-35.70679473876953
3373421550.0,-1.4681895971298218,-2.2859902381896973,10.212302207946776,5.869892597198486,4.5108513832092285,-35.88026809692383
3373429883.0,-1.5614440441131592,-2.1313655376434326,9.947816848754885,5.874630928039551,6.120809555053711,-36.05767059326172
3373438216.0,-1.503920078277588,-2.304845333099365,10.911633491516112,5.575226783752441,5.381429195404053,-36.288204193115234
3373446549.0,-1.546695590019226,-2.5805904865264893,10.8031587600708,4.015035629272461,3.79493260383606,-36.25963973999024
3373454882.0,-1.570349097251892,-2.249527931213379,9.84308624267578,3.967162609100342,4.231245994567871,-36.23312759399414
3373463215.0,-1.4651474952697754,-2.409311532974243,10.096394538879396,4.547070503234863,4.406345367431641,-36.35390853881836
3373471548.0,-1.7061837911605835,-2.5804922580718994,10.209762573242188,3.610356569290161,3.823979139328003,-36.60310363769531
3373479881.0,-1.2939141988754272,-2.8472137451171875,9.943487167358398,2.820591449737549,3.406902551651001,-36.728515625
3373488214.0,-1.3364174365997314,-2.766583204269409,9.761519432067873,3.241664409637451,2.9580628871917725,-36.82753372192383
3373496547.0,-1.565701603889465,-2.8201239109039307,9.293399810791016,3.483617067337036,3.720984697341919,-36.849002838134766
3373504880.0,-1.861526608467102,-3.52380919456482,9.53707790374756,3.478366136550904,3.396810531616211,-36.99941253662109
3373513213.0,-1.955543041229248,-3.5948071479797363,9.43336296081543,3.2473764419555664,2.439579486846924,-37.0008430480957
3373521546.0,-1.8979495763778689,-3.3715736865997314,9.541504859924316,3.446348190307617,1.6602399349212646,-37.02843475341797
3373529879.0,-1.6548353433609009,-3.3731167316436768,9.168813705444336,4.053431510925293,1.262168526649475,-37.11313629150391
3373538212.0,-1.8668396472930908,-3.190136671066284,9.2234468460083,4.294154644012451,1.286834955215454,-37.27284240722656
3373546545.0,-1.4558119773864746,-3.2774033546447754,9.694822311401367,3.880843162536621,1.0660656690597534,-37.2705078125
3373554878.0,-1.3586502075195312,-3.4600069522857666,9.579008102416992,3.731767892837525,0.0898548439145088,-37.26295471191406
3373563211.0,-1.470680594444275,-3.0243072509765625,9.45111083984375,4.118133544921875,0.6068531274795532,-37.1738395690918
3373571544.0,-1.329836368560791,-3.12835955619812,10.122652053833008,4.0946197509765625,0.9890181422233582,-37.22702026367188
3373579877.0,-1.1541590690612793,-2.8873162269592285,9.921503067016602,3.783868074417114,0.1484859138727188,-37.467899322509766
3373588210.0,-1.0552164316177368,-2.9871134757995605,10.061552047729492,3.636354684829712,-0.3334592878818512,-37.37639999389648
3373596543.0,-1.1499738693237305,-3.099881887435913,9.571622848510742,3.3342092037200928,0.4705084860324859,-37.46467208862305
3373604876.0,-1.132609248161316,-3.190512180328369,9.719341278076172,3.6523642539978014,0.9743923544883728,-37.43234634399414
3373613209.0,-1.3018652200698853,-3.3141236305236816,9.75304889678955,3.5435800552368164,0.3289640545845032,-37.54481506347656
3373621542.0,-0.8394489884376526,-3.377349615097046,9.337751388549805,3.4887142181396484,-0.6326339244842529,-37.674781799316406
3373629875.0,-1.3065402507781982,-3.6826789379119873,8.612899780273438,3.4691710472106934,-0.597824215888977,-37.75739288330078
3373638208.0,-1.3543378114700315,-3.5807180404663086,8.826254844665527,3.808662176132202,0.9419133067131042,-37.61973190307617
3373646541.0,-1.2383623123168943,-3.80612063407898,9.36610984802246,3.7230849266052246,0.1093472987413406,-37.62345123291016
3373654874.0,-1.4840734004974363,-3.815538883209229,9.148855209350586,3.63835334777832,-0.9453074932098388,-37.77073669433594
3373663207.0,-1.2460137605667114,-3.797003507614136,8.792981147766113,3.9681239128112793,-0.6419447064399719,-37.734859466552734
3373671540.0,-1.3521168231964111,-3.944156885147095,9.36879539489746,4.256835460662842,-0.1661213338375091,-37.72275924682617
3373679873.0,-1.1330304145812988,-3.78730058670044,9.512892723083496,4.252634525299072,-0.3919111490249634,-37.78607940673828
3373688206.0,-1.001529574394226,-3.676919460296631,9.596863746643066,4.400582313537598,-1.1445094347000122,-37.8680419921875
3373696539.0,-0.9964975714683532,-3.9606173038482666,9.064217567443848,4.651064872741699,-1.0304747819900513,-37.98797225952149
3373704872.0,-1.1178830862045288,-3.8271000385284415,9.222796440124512,4.528268814086914,-0.1266753524541854,-37.91038131713867
3373713205.0,-1.003559947013855,-3.879685878753662,9.677660942077637,4.460903167724609,-0.2665804624557495,-37.921573638916016
3373721538.0,-1.0566291809082031,-3.806585550308228,9.60768699645996,4.754212856292725,-0.8738691806793213,-38.008975982666016
3373729871.0,-0.9736787676811218,-3.7064521312713614,9.576359748840332,4.955848693847656,-0.6020761728286743,-38.037227630615234
3373738204.0,-1.042160153388977,-3.816154003143311,9.618542671203612,4.985945224761963,-0.4517716765403747,-38.05659103393555
3373746537.0,-1.0966235399246216,-3.5393285751342773,9.65078353881836,5.062505722045898,-0.2550796866416931,-38.14595413208008
3373754870.0,-1.0404731035232544,-3.533437490463257,9.749391555786133,5.093550205230713,-0.4747476279735565,-37.99708557128906
3373763203.0,-0.9673737287521362,-3.719952344894409,9.650100708007812,5.2620158195495605,-0.7813246846199036,-38.10993957519531
3373771536.0,-1.07923686504364,-3.4566996097564697,9.474603652954102,5.218087196350098,-0.3641708195209503,-38.0481071472168
3373779869.0,-0.9408528804779052,-3.2851932048797607,9.638827323913574,5.319135665893555,-0.2211920171976089,-38.128055572509766
3373788202.0,-0.9188265800476074,-3.366342782974243,9.696660041809082,5.238527774810791,-0.6073271036148071,-38.21045303344727
3373796535.0,-1.1021524667739868,-3.54102087020874,9.826210021972656,4.896576881408691,-0.1916587352752685,-38.15461349487305
3373804868.0,-0.8583870530128479,-3.4697866439819336,9.873270988464355,5.283416748046875,0.1132534742355346,-38.09199905395508
3373813201.0,-1.0684043169021606,-3.491464138031006,10.105631828308104,5.464714050292969,-0.5001441240310669,-38.04432678222656
3373821534.0,-0.9211554527282716,-3.3822827339172363,9.666918754577637,5.346337795257568,-0.2300289273262024,-38.05410385131836
3373829867.0,-0.909848690032959,-3.5342555046081543,10.00918674468994,5.3838629722595215,-0.3756972849369049,-37.93064498901367
3373838200.0,-0.9431766867637634,-3.374760627746582,9.898051261901855,5.36483097076416,-0.2239327132701873,-38.10041046142578
3373846533.0,-0.9517759084701538,-3.169577121734619,10.115737915039062,5.586164474487305,-0.0283421874046325,-37.96174240112305
3373854866.0,-0.8556151986122131,-3.1874499320983887,10.078618049621582,5.567004203796387,-0.3611995577812195,-37.94406509399414
3373863199.0,-0.9952716827392578,-3.12549090385437,9.904059410095217,5.559807777404785,-0.372239351272583,-38.08642959594727
3373871532.0,-0.9674309492111206,-3.121391534805298,10.033799171447754,5.340202808380127,0.1987539082765579,-37.96103286743164
3373879865.0,-0.9760919213294984,-3.3963818550109863,10.213529586791992,5.732538223266602,-0.0046874121762812,-37.84211730957031
3373888198.0,-1.1322418451309204,-3.169849634170532,10.23165512084961,5.767334461212158,-0.1949630081653595,-37.862281799316406
3373896531.0,-0.9206392765045166,-3.134559631347656,10.233543395996094,5.8023223876953125,-0.4064087569713592,-37.74852752685547
3373904864.0,-1.071283221244812,-3.190181970596313,10.12446403503418,5.76461935043335,-0.3154525458812713,-37.796119689941406
3373913197.0,-1.1092909574508667,-3.0919485092163086,10.14914894104004,5.875913143157959,0.1383170485496521,-37.82506561279297
3373921530.0,-0.8582782745361328,-3.3005661964416504,10.445100784301758,5.947401523590088,-0.1874835938215255,-37.649295806884766
3373929863.0,-0.8869380950927734,-3.346153736114502,10.07213306427002,5.97404146194458,-0.6269476413726807,-37.7978630065918
3373938196.0,-0.7999195456504822,-3.1468279361724854,9.85057258605957,6.149204730987549,-0.211548238992691,-37.83173370361328
3373946529.0,-0.8829098343849182,-3.395378589630127,10.172734260559082,6.401773929595947,0.1351664960384369,-37.83746337890625
3373954862.0,-1.1546273231506348,-3.1094419956207275,10.088871955871582,6.383280754089356,0.0707978382706642,-37.72330093383789
3373963195.0,-1.0640534162521362,-2.9467458724975586,10.228090286254885,6.247856616973877,-0.1069523617625236,-37.66427612304688
3373971528.0,-1.002607822418213,-3.085723638534546,10.25576114654541,6.377926826477051,-0.3799748420715332,-37.75095748901367
3373979861.0,-0.9665035605430604,-3.0353751182556152,10.236368179321287,6.289736270904541,-0.1772379130125045,-37.6984748840332
3373988194.0,-0.9055402278900146,-3.227919340133667,10.23066520690918,6.238020896911621,-0.0379731431603431,-37.66409683227539
3373996527.0,-0.8307191729545593,-3.147090435028076,10.120222091674805,6.306949615478516,-0.1306199580430984,-37.67951583862305
3374004860.0,-0.7888322472572327,-2.9111766815185547,10.14113426208496,6.160896301269531,-0.0322355516254901,-37.63056945800781
3374013193.0,-0.7212510704994202,-3.189040422439575,10.210515022277832,6.028445243835449,0.2366757988929748,-37.68374633789063
3374021526.0,-0.8993098139762878,-2.9445576667785645,10.0037202835083,5.81343936920166,0.2748922705650329,-37.692989349365234
3374029859.0,-0.9100919365882874,-2.915698289871216,10.195537567138672,5.747841835021973,0.5496309995651245,-37.5988655090332
3374038192.0,-1.0489966869354248,-3.0936293601989746,10.229992866516112,5.593592643737793,0.1581681072711944,-37.62144088745117
3374046525.0,-1.062897801399231,-2.775057792663574,10.199485778808594,5.455301284790039,0.2565012872219085,-37.63385391235352
3374054858.0,-1.0740197896957395,-2.8067305088043213,10.264111518859863,5.287603855133057,0.3961502611637115,-37.57071304321289
3374063191.0,-1.07276713848114,-2.8227248191833496,10.125897407531738,5.029130458831787,0.0687743052840232,-37.53351593017578
3374071524.0,-1.109971523284912,-2.895339012145996,10.084166526794434,4.793966293334961,-0.0380243808031082,-37.39290237426758
3374079857.0,-0.9946840405464172,-2.770766019821167,10.074090003967283,4.536670684814453,0.1060942932963371,-37.50959777832031
3374088190.0,-1.0172884464263916,-2.8250861167907715,10.058799743652344,4.387415885925293,0.215774580836296,-37.575294494628906
3374096523.0,-1.0912744998931885,-2.613812208175659,9.999237060546877,4.265338897705078,0.2196935564279556,-37.55068206787109
3374104856.0,-1.0500565767288208,-2.9996469020843506,9.986434936523438,3.8771798610687256,-0.0733976736664772,-37.54673385620117
3374113189.0,-0.9813074469566344,-3.301260709762573,9.667457580566406,3.872236728668213,-0.2679892778396606,-37.53731155395508
3374121522.0,-1.174859642982483,-3.3966739177703857,9.743023872375488,4.016342639923096,0.2154415845870971,-37.50736618041992
3374129855.0,-0.9436680674552916,-3.5594587326049805,9.925773620605469,4.3065266609191895,-0.1459629088640213,-37.45931243896485
3374138188.0,-0.8739719390869141,-3.406414747238159,9.645121574401855,4.327530860900879,-0.6784066557884216,-37.59104537963867
3374146521.0,-0.8777973055839539,-3.3080830574035645,9.440781593322754,4.485327243804932,-0.367974579334259,-37.65479278564453
3374154854.0,-0.9656189680099488,-3.4677963256835938,9.321127891540527,4.874459743499756,0.2782862186431885,-37.69052505493164
3374163187.0,-1.0570324659347534,-3.4948959350585938,9.684009552001951,4.965607166290283,0.284164696931839,-37.65869522094727
3374171520.0,-1.0457834005355835,-3.413123607635498,9.706287384033203,4.925457954406738,-0.2977146804332733,-37.67961502075195
3374179853.0,-1.1547870635986328,-3.250737428665161,9.5418701171875,5.042667388916016,-0.4362109303474426,-37.792362213134766
3374188186.0,-1.0028457641601562,-2.911473274230957,9.649208068847656,5.354816436767578,0.216722309589386,-37.78537368774414
3374196519.0,-0.9675908088684082,-3.026244878768921,9.971710205078123,4.9032487869262695,-0.05745280534029,-37.7666244506836
3374204852.0,-1.0454623699188232,-3.04624342918396,9.763002395629885,4.820400238037109,-0.4402451813220978,-37.810691833496094
3374213185.0,-0.9612032175064088,-2.8573906421661377,9.812785148620604,4.727984428405762,-0.2478308528661728,-37.74386596679688
3374221518.0,-0.8251438140869141,-2.95917010307312,9.799891471862791,4.691022396087647,-0.4988762736320495,-37.71148681640625
3374229851.0,-0.828018069267273,-3.1188204288482666,9.61038303375244,4.54762077331543,-0.38890141248703,-37.66946792602539
3374238184.0,-0.8080644607543945,-3.030972957611084,9.656407356262209,4.458265781402588,0.0833232030272483,-37.65196228027344
3374246517.0,-0.9019996523857116,-3.2642931938171387,9.825122833251951,4.621224403381348,-0.0204786118119955,-37.67319869995117
3374254850.0,-1.0096088647842407,-3.1458077430725098,9.759154319763184,4.548811912536621,-0.1860492378473281,-37.812767028808594
3374263183.0,-0.8673337697982788,-3.156097650527954,9.722665786743164,4.700115203857422,-0.0754980593919754,-37.897830963134766
3374271516.0,-0.9019892811775208,-3.3764917850494385,9.698866844177246,4.734566688537598,-0.1273413300514221,-37.85958862304688
3374279849.0,-0.8659571409225464,-3.2339842319488525,9.67959213256836,4.773603439331055,0.2546570897102356,-37.96732711791992
3374288182.0,-0.7616459131240845,-3.2439424991607666,10.029915809631348,4.993912220001221,0.0303785242140293,-37.992713928222656
3374296515.0,-0.5968361496925354,-3.3661816120147705,9.76076889038086,5.007460117340088,-0.0282653402537107,-38.08378601074219
3374304848.0,-0.6458558440208435,-3.1397409439086914,9.78010082244873,5.015453338623047,0.3976615071296692,-38.11345291137695
3374313181.0,-0.7158257365226746,-3.3671681880950928,9.820894241333008,5.156946182250977,1.1150401830673218,-38.1103744506836
3374321514.0,-0.9253031611442566,-3.5150740146636963,10.05322265625,5.172058582305908,0.8952186703681946,-38.30924987792969
3374329847.0,-0.881647527217865,-3.179357051849365,10.042136192321776,5.212618350982666,0.9052978157997132,-38.30583190917969
3374338180.0,-0.8488017320632935,-3.198657989501953,10.184992790222168,5.32381010055542,0.6596313714981079,-38.30741882324219
3374346513.0,-0.9628422260284424,-3.076118469238281,9.88529109954834,5.285145282745361,1.007921576499939,-38.38066482543945
3374354846.0,-0.8250647187232971,-3.1609466075897217,10.051300048828123,5.2161407470703125,1.313422679901123,-38.30287170410156
3374363179.0,-0.8644715547561646,-3.2328920364379883,10.151796340942385,5.124083518981934,1.1601983308792114,-38.339168548583984
3374371512.0,-0.9215259552001952,-3.018904685974121,10.061622619628906,5.145445346832275,1.0252623558044434,-38.33309555053711
3374379845.0,-0.7430180907249451,-3.1412041187286377,10.116755485534668,4.964531421661377,1.3604506254196167,-38.43304443359375
3374388178.0,-0.816825807094574,-3.126959562301636,10.269343376159668,4.896269798278809,1.3777145147323608,-38.41219711303711
3374396511.0,-0.8646531701087952,-2.882521152496338,10.195411682128906,4.69481372833252,1.5443354845046997,-38.48347854614258
3374404844.0,-0.8322358727455139,-2.877147912979126,10.348679542541504,4.564641952514648,1.767538070678711,-38.49592208862305
3374413177.0,-1.0476561784744265,-2.863555669784546,10.32163429260254,4.274278163909912,1.7069603204727173,-38.48337173461914
3374421510.0,-1.089876413345337,-2.82385802268982,10.324779510498049,3.9695966243743896,1.710059642791748,-38.4637565612793
3374429843.0,-0.963469386100769,-3.0855958461761475,10.180078506469728,4.002574920654297,1.2472995519638062,-38.4393310546875
3374438176.0,-1.006747841835022,-3.324696779251098,10.022991180419922,3.769279956817627,1.320069670677185,-38.46307373046875
3374446509.0,-0.8730993270874023,-3.4396538734436035,10.046014785766602,3.746854782104492,1.7675126791000366,-38.399845123291016
3374454842.0,-0.873431384563446,-3.434088945388794,10.083296775817873,3.9186503887176514,1.4635993242263794,-38.36322021484375
3374463175.0,-1.032464861869812,-3.3847696781158447,9.976305961608888,4.058964729309082,1.5150068998336792,-38.46065521240234
3374471508.0,-0.977982759475708,-3.4201769828796387,9.890995025634766,4.118313312530518,1.2376046180725098,-38.4423713684082
3374479841.0,-0.8961299061775208,-3.4267466068267822,9.90615463256836,4.0080180168151855,1.2208783626556396,-38.64505386352539
3374488174.0,-1.0651819705963137,-3.4295926094055176,9.907278060913086,4.064279556274414,1.4744724035263062,-38.48766708374024
3374496507.0,-0.9968315958976746,-3.36539077758789,9.915199279785156,4.204812526702881,1.5544531345367432,-38.63483047485352
3374504840.0,-1.1109676361083984,-3.129325151443481,9.878068923950195,4.232117652893066,0.9659140706062316,-38.66682434082031
3374513173.0,-1.0447018146514893,-3.265770673751831,9.721540451049805,4.155069828033447,1.0607380867004397,-38.70335006713867
3374521506.0,-0.8774556517601013,-3.329153537750244,9.79813289642334,4.267554759979248,1.1417430639266968,-38.649112701416016
3374529839.0,-0.920063018798828,-3.40033221244812,9.854119300842283,4.292720794677734,1.2621687650680542,-38.66997528076172
3374538172.0,-1.0840080976486206,-3.2481677532196045,9.667831420898438,4.232348442077637,1.33550226688385,-38.78554916381836
3374546505.0,-1.0271899700164795,-3.481529712677002,9.728947639465332,4.549708366394043,1.211580514907837,-38.89804458618164
3374554838.0,-0.879938542842865,-3.637647867202759,9.846508026123049,4.7664313316345215,0.8292107582092285,-39.02435302734375
3374563171.0,-1.004832744598389,-3.3615872859954834,9.714091300964355,4.420638084411621,0.8618944883346558,-38.99274063110352
3374571504.0,-0.9964559078216552,-3.197560310363769,9.573634147644045,5.011828422546387,1.2180736064910889,-39.09213638305664
3374579837.0,-1.1132657527923584,-3.150642156600952,9.64699935913086,4.849370956420898,1.1349939107894895,-39.27225112915039
3374588170.0,-1.117984652519226,-3.3215079307556152,10.081694602966309,4.715791702270508,0.9112532138824464,-39.31607055664063
3374596503.0,-1.093513250350952,-3.247903823852539,9.541611671447754,4.636374950408936,0.7365255951881409,-39.403099060058594
3374604836.0,-1.2904748916625977,-2.903099298477173,10.006354331970217,4.792494297027588,1.2447127103805542,-39.40927505493164
3374613169.0,-1.0034507513046265,-3.044001817703247,9.813961029052734,4.6079301834106445,1.004309892654419,-39.58310317993164
3374621502.0,-0.9774840474128724,-3.3212456703186035,9.99565315246582,4.230606555938721,0.2049141675233841,-39.600772857666016
3374629835.0,-0.9990827441215516,-3.428769588470459,9.712298393249512,4.134091854095459,0.7612817883491516,-39.69939422607422
3374638168.0,-0.9691587090492249,-3.383963108062744,9.784011840820312,4.347740650177002,1.1460081338882446,-39.82279968261719
3374646501.0,-1.01225483417511,-3.292589902877808,9.941805839538574,4.535096645355225,0.7806845903396606,-39.85116958618164
3374654834.0,-0.9336436986923218,-3.3664045333862305,9.804253578186035,4.204468250274658,0.6147041916847229,-40.04868698120117
3374663167.0,-0.8368341326713562,-3.4208505153656006,9.72261905670166,4.224190711975098,0.534992516040802,-40.00154876708984
3374671500.0,-1.0715985298156738,-3.412530899047852,9.547531127929688,4.439119815826416,0.8180046081542969,-40.08082962036133
3374679833.0,-1.3277548551559448,-3.324657917022705,9.780545234680176,4.357781887054443,1.2938026189804075,-40.090576171875
3374688166.0,-1.2167538404464722,-3.4223172664642334,9.92658805847168,4.461416244506836,0.469099760055542,-40.1832160949707
3374696499.0,-1.1277832984924316,-3.466481208801269,9.93068790435791,4.323740482330322,-0.0741405040025711,-40.25678634643555
3374704832.0,-0.914809226989746,-3.356653928756714,9.855883598327637,4.302736282348633,0.3738658428192138,-40.1084213256836
3374713165.0,-0.8714272975921631,-3.321452379226685,9.892014503479004,4.4167585372924805,0.8379836678504944,-40.04689025878906
3374721498.0,-1.0333030223846436,-3.265608072280884,10.080506324768066,4.317041873931885,0.7957457304000854,-40.14842224121094
3374729831.0,-1.0906201601028442,-3.389067888259888,10.1182279586792,4.122374057769775,0.3191410303115845,-40.17626953125
3374738164.0,-0.9672871828079224,-3.4748995304107666,9.962210655212402,4.287214279174805,0.3984555900096893,-40.0866813659668
3374746497.0,-0.8669003248214722,-3.3975138664245605,10.069406509399414,4.447380542755127,0.6344910860061646,-40.11249923706055
3374754830.0,-0.9655963778495787,-3.537065267562866,9.930370330810549,4.444652080535889,0.1810544729232788,-39.99781036376953
3374763163.0,-1.0076724290847778,-3.60539984703064,9.62859344482422,4.455589294433594,0.103596918284893,-39.88756942749024
3374771496.0,-1.1600068807601929,-3.4819324016571045,9.849270820617676,4.6459550857543945,0.3611228168010711,-39.9812126159668
3374779829.0,-1.0523686408996582,-3.406606435775757,9.938788414001465,4.684094905853272,0.3804616034030914,-39.970252990722656
3374788162.0,-0.9750454425811768,-3.4440298080444336,10.01396369934082,4.692624092102051,-0.1221032291650772,-39.94020080566406
3374796495.0,-0.9829658269882202,-3.199767827987671,9.771998405456545,4.5732741355896,0.0308395810425281,-39.92338943481445
3374804828.0,-0.972357213497162,-3.191441297531128,9.881675720214844,4.39333438873291,0.6470164656639099,-39.84387969970703
3374813161.0,-0.8462364673614502,-3.164784669876098,10.142415046691896,4.59906816482544,0.2838829755783081,-40.003692626953125
3374821494.0,-0.8984821438789368,-3.365638732910156,10.081615447998049,4.244258880615234,0.0809410810470581,-39.96723556518555
3374829827.0,-0.8893133401870728,-3.2251944541931152,9.750951766967772,4.033837795257568,0.097846508026123,-39.94853973388672
3374838160.0,-0.8289857506752014,-3.1157400608062744,9.72215461730957,4.380155086517334,0.2433227449655532,-39.869606018066406
3374846493.0,-0.9871798157691956,-3.200143814086914,10.005393981933594,4.193683624267578,0.2668110430240631,-39.93088150024414
3374854826.0,-0.7325731515884399,-3.392848491668701,9.757145881652832,3.988551378250122,0.039625272154808,-39.95734786987305
3374863159.0,-0.8476662635803223,-3.5395421981811523,9.77315616607666,4.171643257141113,-0.0594379156827926,-40.00189971923828
3374871492.0,-0.9134926199913024,-3.4101595878601074,9.52171802520752,4.308665752410889,0.4334830939769745,-39.97624206542969
3374879825.0,-0.8954465389251709,-3.4457788467407227,9.831298828125,4.351698398590088,0.578946590423584,-40.09140396118164
3374888158.0,-0.9800991415977478,-3.173063278198242,9.828344345092772,4.405821323394775,0.2089484184980392,-40.18195343017578
3374896491.0,-0.7964481115341187,-3.2268006801605225,9.94664478302002,4.414196968078613,0.2905042767524719,-40.14348220825195
3374904824.0,-0.7566909790039062,-3.364651918411255,9.746204376220703,4.450133800506592,0.3213694393634796,-40.30443954467773
3374913157.0,-0.802585780620575,-3.375890016555786,9.71823024749756,4.645430088043213,0.6645879745483398,-40.316162109375
3374921490.0,-1.01240074634552,-3.2848618030548096,9.883092880249023,4.597147464752197,0.904337465763092,-40.42714691162109
3374929823.0,-0.7620720863342285,-3.2719647884368896,9.99391746520996,4.671056747436523,0.4214700162410736,-40.58283996582031
3374938156.0,-0.8671238422393799,-2.995683431625366,9.998149871826172,4.600976467132568,0.492267906665802,-40.65200424194336
3374946489.0,-0.937350869178772,-2.824304342269897,9.77053928375244,4.563464164733887,1.1018747091293335,-40.69164276123047
3374954822.0,-0.7966898679733276,-3.001578092575073,10.010457038879396,4.486083030700684,1.0471625328063965,-40.83489608764648
3374963155.0,-0.9227762818336488,-3.130244493484497,9.93519115447998,4.208706378936768,0.6546494960784912,-40.73764419555664
3374971488.0,-0.9469061493873596,-3.032187938690185,9.95872688293457,3.8730835914611816,0.818427324295044,-40.87581253051758
3374979821.0,-0.9443290829658508,-2.7942354679107666,9.95655345916748,3.908417463302612,0.9910032749176024,-40.77021026611328
3374988154.0,-1.0626004934310913,-2.718053340911865,10.087268829345703,3.953114271163941,0.8540694117546082,-40.9599838256836
3374996487.0,-0.7191823124885559,-3.06187105178833,10.095383644104004,3.4849236011505127,0.1307096183300018,-40.97037124633789
3375004820.0,-0.7627239227294922,-3.07366681098938,9.800368309020996,3.087646722793579,-0.080134242773056,-40.83881759643555
3375013153.0,-0.8765069246292114,-2.8926472663879395,9.74447250366211,3.1671149730682373,1.1404112577438354,-40.82919692993164
3375021486.0,-0.8430941104888916,-3.076390504837036,10.225992202758787,3.0863282680511475,1.0536816120147705,-40.94401168823242
3375029819.0,-0.9219053983688354,-2.935745477676392,10.294976234436035,2.765751838684082,0.0907513499259948,-41.03696823120117
3375038152.0,-0.826897144317627,-3.2726058959960938,10.041023254394531,2.361290454864502,0.2248036712408065,-40.99113845825195
3375046485.0,-0.6813703179359436,-3.453418731689453,9.869397163391112,2.563796281814575,0.6402671933174133,-40.870513916015625
3375054818.0,-0.8602597117424011,-3.386491537094116,10.033487319946287,2.7952980995178223,1.005629062652588,-40.76790237426758
3375063151.0,-0.7581155300140381,-3.6539950370788574,10.04656982421875,2.858719110488892,0.5013608932495117,-40.774227142333984
3375071484.0,-0.7754291892051697,-3.684192657470703,10.02748680114746,2.940864086151123,-0.0231040716171264,-40.67036437988281
3375079817.0,-0.8316791653633118,-3.4746687412261963,9.789566040039062,3.183584690093994,0.3908353149890899,-40.63261032104492
3375088150.0,-0.6981132626533508,-3.51572060585022,9.995997428894045,3.390791416168213,0.445893257856369,-40.530216217041016
3375096483.0,-0.8719752430915833,-3.219092607498169,9.785176277160645,3.3310205936431885,-0.042903896421194,-40.56880569458008
3375104816.0,-0.9250724911689758,-3.406860828399658,9.877897262573242,3.233046293258667,0.3896058797836303,-40.372520446777344
3375113149.0,-0.6375672221183777,-3.530574321746826,10.157590866088867,3.2235944271087646,0.008439902216196,-40.31342697143555
3375121482.0,-0.7475946545600891,-3.278692960739136,9.890371322631836,3.11547589302063,-0.1458220183849334,-40.36680603027344
3375129815.0,-0.65058434009552,-3.374534368515014,9.858427047729492,3.381148099899292,0.1306712031364441,-40.27857208251953
3375138148.0,-0.7471252083778381,-3.453038215637207,9.983369827270508,3.293598175048828,-0.3664890229701996,-40.40574645996094
3375146481.0,-0.7957270741462708,-3.3543829917907715,9.82617473602295,3.170726537704468,-0.1382402181625366,-40.182464599609375
3375154814.0,-0.6530959010124207,-3.365397691726685,10.027139663696287,3.1705985069274902,-0.2467678785324096,-40.11297225952149
3375163147.0,-0.6511870622634888,-3.3229119777679443,9.97475814819336,3.404930353164673,-0.426106184720993,-40.15092086791992
3375171480.0,-0.5395520329475403,-3.490281343460083,9.854106903076172,3.178141593933105,-0.2671696543693542,-40.04446792602539
3375179813.0,-0.6335186958312988,-3.3861749172210693,10.0256986618042,3.1059224605560303,-0.1808111518621444,-40.14192199707031
3375188146.0,-0.8724108338356018,-3.1778132915496826,9.964136123657228,3.300667762756348,0.1041348278522491,-40.092533111572266
3375196479.0,-0.785575270652771,-3.221349239349365,10.409717559814451,3.3284592628479004,-0.1313499957323074,-40.06607437133789
3375204812.0,-0.680637001991272,-3.1788196563720703,10.325161933898926,3.0981359481811523,-0.6306746006011963,-40.30190658569336
3375213145.0,-0.6730490326881409,-3.035276174545288,9.96164894104004,2.996267795562744,-0.4670506417751312,-40.228546142578125
3375221478.0,-0.5194146037101746,-3.4044156074523926,10.099601745605469,2.9805662631988525,0.0030096767004579,-40.36468505859375
3375229811.0,-0.6129406690597534,-3.156406879425049,9.969510078430176,2.982743501663208,-0.1895200163125991,-40.39191055297852
3375238144.0,-0.3854418396949768,-3.4597675800323486,10.326662063598633,2.6630003452301025,-0.4531420767307281,-40.504356384277344
3375246477.0,-0.4216655194759369,-3.319072961807251,9.72423267364502,2.685080051422119,-0.58477383852005,-40.6163444519043
3375254810.0,-0.4862067103385925,-3.1679956912994385,9.633931159973145,3.0308213233947754,0.2518779337406158,-40.78132629394531
3375263143.0,-0.4072667062282562,-3.586231470108032,10.07030963897705,2.878878116607666,0.1896096616983413,-40.87991714477539
3375271476.0,-0.5946148037910461,-3.6221907138824463,9.767109870910645,2.6148712635040283,-0.2122142314910888,-41.062801361083984
3375279809.0,-0.3404453992843628,-3.688712358474731,9.818767547607422,2.869374990463257,0.124933622777462,-41.127708435058594
3375288142.0,-0.1858118325471878,-3.60525107383728,9.836570739746094,3.3910608291625977,0.026395509019494,-41.23142623901367
3375296475.0,-0.3592738509178161,-3.622040510177612,9.705201148986816,3.316215753555298,0.4230325222015381,-41.28395462036133
3375304808.0,-0.1271130740642547,-3.9235994815826416,9.754372596740724,3.358069896697998,0.7498962879180908,-41.41277313232422
3375313141.0,-0.3472535610198974,-3.639157056808472,9.75090789794922,3.408632516860962,0.525822639465332,-41.52069091796875
3375321474.0,-0.3761743307113647,-3.661764144897461,9.561787605285645,3.630221366882324,0.975455641746521,-41.41297912597656
3375329807.0,-0.2458435148000717,-3.613894462585449,9.80507755279541,3.735496282577514,0.7001790404319763,-41.8140754699707
3375338140.0,-0.364792138338089,-3.3108577728271484,9.645868301391602,3.502559900283813,0.4811001718044281,-41.75849151611328
3375346473.0,-0.3876189291477203,-3.4337613582611084,9.61050796508789,3.3827366828918457,1.0692038536071775,-41.873756408691406
3375354806.0,-0.5194578766822815,-3.275902032852173,9.913336753845217,3.362910747528076,1.227858543395996,-41.914249420166016
3375363139.0,-0.6176015138626099,-3.279346227645874,9.756169319152832,3.1013376712799072,1.0404133796691897,-41.962249755859375
3375371472.0,-0.3157953321933746,-3.611783027648926,9.948291778564451,2.8822591304779053,0.4641947150230407,-42.04413986206055
3375379805.0,-0.3877827525138855,-3.577012538909912,9.690970420837402,2.823474407196045,0.5241577625274658,-42.037071228027344
3375388138.0,-0.2064945995807647,-3.632396697998047,9.76456069946289,2.800933599472046,1.1809076070785522,-41.75516128540039
3375396471.0,-0.3601417243480682,-3.546351432800293,9.908915519714355,2.88899564743042,1.0555514097213743,-41.8249626159668
3375404804.0,-0.5866793990135193,-3.54266095161438,9.804458618164062,2.540256977081299,1.101349711418152,-41.65034484863281
3375413137.0,-0.3879282176494598,-3.699396848678589,9.94090747833252,2.511031150817871,0.6263329982757568,-41.68935394287109
3375421470.0,-0.4179345965385437,-3.673252582550049,9.76058292388916,2.36848783493042,0.3988526463508606,-41.72985076904297
3375429803.0,-0.3843783736228943,-3.6597468852996826,9.78834342956543,2.4769387245178223,1.1261956691741943,-41.65144729614258
3375438136.0,-0.3483584821224212,-3.773795366287232,10.121111869812012,2.585850238800049,0.7896496057510376,-41.66568374633789
3375446469.0,-0.6233328580856323,-3.5630862712860107,9.690475463867188,2.2086806297302246,0.2555151879787445,-41.538692474365234
3375454802.0,-0.4564505517482757,-3.802873373031616,9.883136749267578,2.472968339920044,0.738139271736145,-41.65385055541992
3375463135.0,-0.3859778046607971,-3.8415777683258057,9.90075969696045,2.6450963020324707,0.4829955399036407,-41.54056167602539
3375471468.0,-0.2588706910610199,-3.88615345954895,9.899677276611328,2.6968882083892822,0.639114499092102,-41.44419860839844
3375479801.0,-0.1373709887266159,-4.2739081382751465,9.730010986328123,2.9679644107818604,0.3363794684410095,-41.52975845336914
3375488134.0,-0.3855035901069641,-4.132561206817627,9.391879081726074,3.2928173542022705,0.506266176700592,-41.52784729003906
3375496467.0,-0.1014613136649131,-4.169936180114746,9.741582870483398,3.720332384109497,0.7511513233184814,-41.57849884033203
3375504800.0,-0.0518748052418231,-4.07692813873291,9.734761238098145,3.7851366996765137,0.1606911420822143,-41.51149368286133
3375513133.0,-0.2850408852100372,-4.066953182220459,9.346293449401855,4.055905342102051,0.8278406262397766,-41.48393249511719
3375521466.0,-0.3570936322212219,-4.308655261993408,9.640462875366213,4.485840320587158,1.3841311931610107,-41.48259735107422
3375529799.0,-0.4803933203220367,-4.144761085510254,9.857863426208496,4.65212869644165,1.1496069431304932,-41.55500411987305
3375538132.0,-0.2502812147140503,-3.894458770751953,9.840065956115724,4.751921653747559,0.6030752658843994,-41.66495132446289
3375546465.0,-0.1126433461904525,-3.7767930030822754,9.86867904663086,4.720339298248291,0.1740874052047729,-41.81376266479492
3375554798.0,-0.4997568428516388,-3.4816198348999023,9.694717407226562,4.707685470581055,1.5909919738769531,-41.792701721191406
3375563131.0,-0.2958502769470215,-3.533351421356201,10.45461654663086,4.901457786560059,2.0840156078338623,-41.747806549072266
3375571464.0,-0.2629400491714477,-3.343325614929199,10.390990257263184,4.2944512367248535,0.6066356897354126,-41.96504974365234
3375579797.0,-0.2776577472686767,-3.072020530700684,9.65296459197998,4.02355432510376,0.8277637362480164,-42.06665802001953
3375588130.0,0.0595265626907348,-3.3147506713867188,10.017728805541992,4.081110000610352,1.6305407285690308,-42.09230041503906
3375596463.0,-0.2668927907943725,-3.3648276329040527,10.210004806518556,3.60919189453125,2.049462080001831,-42.23827362060547
3375604796.0,-0.1643078774213791,-3.5120673179626465,10.129449844360352,3.2943289279937744,2.0177645683288574,-42.281829833984375
3375613129.0,-0.324486494064331,-3.498677015304565,10.143617630004885,3.3189313411712646,1.5277763605117798,-42.20254135131836
3375621462.0,-0.5853784084320068,-3.425370454788208,10.006841659545898,2.975981950759888,2.312469720840454,-42.275821685791016
3375629795.0,-0.2706387341022491,-3.839632749557495,10.45284652709961,2.8818490505218506,2.06874942779541,-42.5459213256836
3375638128.0,-0.1621943563222885,-3.514076471328736,10.051823616027832,2.939532518386841,1.439816951751709,-42.72779083251953
3375646461.0,0.0574023090302944,-3.276728391647339,9.97821807861328,2.7681477069854736,1.927973985671997,-42.78027725219727
3375654794.0,0.019993383437395,-3.665718078613281,9.906461715698242,2.439491033554077,2.3467159271240234,-42.96295547485352
3375663127.0,-0.3756543695926666,-3.761497974395752,9.704715728759766,2.101228713989258,3.0655038356781006,-42.95941925048828
3375671460.0,-0.2155378460884094,-4.197292804718018,10.25967788696289,2.5670244693756104,3.0251612663269043,-42.90007019042969
3375679793.0,-0.2847395539283752,-4.113422870635986,10.068254470825195,2.7449159622192383,1.9476969242095947,-43.07666015625
3375688126.0,-0.2209404706954956,-4.0811076164245605,9.795263290405272,2.778137445449829,2.5602877140045166,-43.19307327270508
3375696459.0,-0.1259724646806717,-4.224014759063721,9.89388942718506,2.876572608947754,2.8685555458068848,-43.09343338012695
3375704792.0,-0.5434698462486267,-4.081178665161133,9.88778018951416,3.0640439987182617,3.141220092773437,-43.3040885925293
3375713125.0,-0.2258700877428054,-4.478805065155029,9.983110427856444,3.4482064247131348,2.9499831199646,-43.131492614746094
3375721458.0,-0.1207933947443962,-4.5159101486206055,9.754982948303224,3.580786228179932,1.82869291305542,-43.26607131958008
3375729791.0,-0.3585440218448639,-4.162858009338379,9.148868560791016,3.661266565322876,2.8025991916656494,-43.27399063110352
3375738124.0,-0.0204899422824382,-4.316951274871826,9.63925075531006,4.099398136138916,3.445542812347412,-43.30825805664063
3375746457.0,-0.3351925909519195,-4.298257350921631,9.879719734191896,3.901630401611328,2.836717367172241,-43.303470611572266
3375754790.0,-0.3070715367794037,-4.330242156982422,9.677196502685549,4.012131214141846,2.969809055328369,-43.12122344970703
3375763123.0,-0.2896355092525482,-4.3167219161987305,9.851933479309082,4.202316761016846,2.808413028717041,-43.35895156860352
3375771456.0,-0.6161403656005859,-3.9919545650482178,9.634604454040527,4.30408239364624,3.1737756729125977,-43.25086212158203
3375779789.0,-0.3593781888484955,-4.409806728363037,10.05545711517334,4.315967559814453,3.146650075912476,-43.242435455322266
3375788122.0,-0.4195039868354797,-4.106172561645508,10.092398643493652,4.166764259338379,2.32489275932312,-43.16925430297852
3375796455.0,-0.2967495322227478,-4.066636085510254,9.658859252929688,4.32014274597168,2.665024757385254,-43.2072639465332
3375804788.0,-0.1761776506900787,-4.12337064743042,9.905120849609377,4.343784332275391,2.838253974914551,-43.07814025878906
3375813121.0,-0.5717572569847107,-4.047111511230469,9.499062538146973,4.214611530303955,3.069371461868286,-43.08582305908203
3375821454.0,-0.4542991816997528,-4.387141704559326,9.742005348205566,4.374317169189453,3.1784372329711914,-43.076454162597656
3375829787.0,-0.5078597664833069,-4.457640171051025,9.769306182861328,4.404412746429443,2.1265869140625,-43.13871765136719
3375838120.0,-0.7775679230690002,-4.239786624908447,9.387513160705566,4.428823471069336,2.7491679191589355,-43.21978759765625
3375846453.0,-0.4378619194030761,-4.319160461425781,9.851570129394531,4.7886271476745605,2.6051385402679443,-43.19041061401367
3375854786.0,-0.6206295490264893,-4.103534698486328,9.576777458190918,4.627231121063232,1.7453694343566897,-43.374755859375
3375863119.0,-0.519386887550354,-4.310489654541016,9.378765106201172,4.672671794891357,2.15627384185791,-43.304420471191406
3375871452.0,-0.3927659690380096,-4.293150424957275,9.346380233764648,4.76337194442749,2.1507158279418945,-43.32916259765625
3375879785.0,-0.7495791912078857,-4.21156120300293,9.388673782348633,4.878174781799316,2.437211036682129,-43.37211990356445
3375888118.0,-0.3519732058048248,-4.46224308013916,9.65205192565918,5.118129253387451,2.091981887817383,-43.41868209838867
3375896451.0,-0.5094055533409119,-4.21499490737915,9.616828918457031,5.267025470733643,1.3931477069854736,-43.42882537841797
3375904784.0,-0.5487337708473206,-3.948083877563477,9.457876205444336,5.416484832763672,2.1697468757629395,-43.41002655029297
3375913117.0,-0.3529671728610992,-3.938189744949341,10.049510955810549,5.339026927947998,2.181504011154175,-43.568321228027344
3375921450.0,-0.4851361513137817,-3.827247619628906,10.076976776123049,5.031040668487549,1.7010056972503662,-43.67208480834961
3375929783.0,-0.0934656634926796,-3.958972692489624,9.797924995422363,4.743213653564453,1.6865850687026978,-43.857872009277344
3375938116.0,-0.176286518573761,-3.704193830490112,9.75743293762207,4.823847770690918,1.9172159433364868,-43.96578598022461
3375946449.0,-0.3520078361034393,-3.436375617980957,9.637896537780762,4.564067363739014,2.9067981243133545,-43.91134643554688
3375954782.0,-0.1792709082365036,-3.664436101913452,10.31704330444336,4.131263256072998,2.4827539920806885,-44.191707611083984
3375963115.0,-0.4925376176834106,-3.365040063858032,9.913189888000488,3.7108559608459473,1.9672919511795044,-44.34195327758789
3375971448.0,-0.4216794967651367,-3.6013636589050293,9.92604923248291,3.691568374633789,2.8852310180664062,-44.27722930908203
3375979781.0,-0.182919755578041,-3.686509370803833,10.273911476135254,3.5045840740203857,2.4806272983551025,-44.41298294067383
3375988114.0,-0.3839913010597229,-3.413691282272339,10.058087348937988,3.2121970653533936,2.247486591339112,-44.58277893066406
3375996447.0,0.0552871711552143,-3.7968599796295166,10.003998756408691,3.070652723312378,2.1871137619018555,-44.660491943359375
3376004780.0,-0.2328935414552688,-3.767468214035034,9.701611518859863,2.726806402206421,2.5517327785491943,-44.71128463745117
3376013113.0,-0.3681828677654266,-3.735745429992676,9.674991607666016,2.834002017974853,3.633910417556762,-44.61822891235352
3376021446.0,-0.2802501022815704,-4.153637409210205,10.021024703979492,2.8821568489074707,2.776447057723999,-44.78982162475586
3376029779.0,-0.6079126596450806,-4.059965133666992,9.477537155151367,2.511698007583618,2.069493055343628,-44.81853485107422
3376038112.0,-0.5308886170387268,-4.218968868255615,9.314855575561523,2.4731483459472656,2.5505545139312744,-44.74460983276367
3376046445.0,-0.7654225826263428,-4.269516944885254,9.568479537963867,2.527066230773926,2.5266053676605225,-44.83180236816406
3376054778.0,-0.9389458894729614,-4.180722236633301,9.46698760986328,2.6969401836395264,2.4809861183166504,-44.73218536376953
3376063111.0,-0.4405629932880401,-4.754755020141602,9.91191864013672,2.7530605792999268,1.2766282558441162,-44.700469970703125
3376071444.0,-0.5586696863174438,-4.529640197753906,9.211348533630373,2.736309289932251,0.7884458899497986,-44.76812744140625
3376079777.0,-0.5058005452156067,-4.422340393066406,9.306654930114746,3.2127349376678467,2.061603784561157,-44.79965972900391
3376088110.0,-0.4841261804103851,-4.5215163230896,9.959135055541992,3.3577117919921875,1.7414764165878296,-44.76973724365234
3376096443.0,-0.6556190848350525,-4.232001304626465,10.018969535827637,3.139913558959961,1.293789982795715,-44.70247650146485
3376104776.0,-0.2755094170570373,-4.484389781951904,10.18061065673828,3.1738524436950684,0.971357524394989,-44.749961853027344
3376113109.0,-0.5308321714401245,-4.1789326667785645,10.069530487060549,3.3493869304656982,1.071458101272583,-44.80024337768555
3376121442.0,-0.6008142828941345,-3.933772563934326,10.118796348571776,3.443647623062134,2.1054553985595703,-44.69837188720703
3376129775.0,-0.4171764552593231,-4.228058815002441,10.89196491241455,2.9786972999572754,1.1960716247558594,-44.7716064453125
3376138108.0,-0.5371297597885132,-3.882767677307129,10.309661865234377,2.7419447898864746,0.6668550372123718,-44.92453002929688
3376146441.0,-0.0846967324614524,-4.209388256072998,10.28754997253418,2.8076963424682617,1.3063154220581057,-44.85375213623047
3376154774.0,-0.1903075575828552,-4.103340148925781,10.332536697387695,2.973087787628174,1.2130539417266846,-45.08897018432617
3376163107.0,-0.5856654644012451,-4.256856441497803,9.856244087219238,2.80769681930542,1.9631428718566888,-44.90406799316406
3376171440.0,-0.5383113622665405,-4.561467170715332,10.171052932739258,3.0892486572265625,1.4173022508621216,-44.93641662597656
3376179773.0,-0.5906062722206116,-4.467366695404053,9.964333534240724,3.135149478912353,0.7003071904182434,-45.049293518066406
3376188106.0,-0.3790313601493835,-4.649049758911133,9.775517463684082,2.956054449081421,1.06326162815094,-45.0484733581543
3376196439.0,-0.2786262333393097,-4.435182094573975,9.961068153381348,3.283379554748535,1.1115957498550415,-45.16868591308594
3376204772.0,-0.6037409901618958,-4.440348148345947,9.65335750579834,3.253974199295044,1.3729640245437622,-45.109413146972656
3376213105.0,-0.3631542325019836,-4.858893871307373,10.034018516540527,3.5300447940826416,1.4907383918762207,-45.20185470581055
3376221438.0,-0.2918289303779602,-4.711915969848633,9.840682983398438,3.685497999191284,0.3833561539649963,-45.31734848022461
3376229771.0,-0.3159349858760834,-4.847721099853516,9.48541259765625,3.7861621379852295,1.1285524368286133,-45.32339477539063
3376238104.0,-0.3179433643817901,-5.074105262756348,9.811384201049805,4.095249652862549,1.5102306604385376,-45.33814239501953
3376246437.0,-0.6027423739433289,-4.843914985656738,9.705554008483888,4.105392456054688,1.5219109058380127,-45.34273147583008
3376254770.0,-0.3510597050189972,-5.070072650909424,9.971512794494627,4.626591682434082,1.0352139472961426,-45.47325897216797
3376263103.0,-0.2292991280555725,-4.994882106781006,9.583182334899902,4.867367267608643,0.4277456998825073,-45.375858306884766
3376271436.0,-0.2390058636665344,-4.946907997131348,9.28937816619873,4.937447547912598,1.4761637449264526,-45.34040451049805
3376279769.0,-0.14827661216259,-4.803679943084717,9.854859352111816,4.973076343536377,1.688198804855347,-45.44541549682617
3376288102.0,-0.516647219657898,-4.298925876617432,9.612452507019045,4.893032550811768,1.334209442138672,-45.522647857666016
3376296435.0,-0.4320133626461029,-4.335165023803711,9.71738338470459,4.828868389129639,1.6653763055801392,-45.44559860229492
3376304768.0,-0.4547533988952636,-4.368886947631836,9.63483428955078,4.405643463134766,1.257084846496582,-45.51431655883789
3376313101.0,-0.5258504748344421,-4.400803565979004,9.398094177246094,4.142046451568604,1.5279814004898071,-45.48296737670898
3376321434.0,-0.1694883853197097,-4.576931476593018,9.575672149658203,3.9792943000793457,1.4274200201034546,-45.66143035888672
3376329767.0,-0.4988192617893219,-4.37567663192749,9.338329315185549,3.8404135704040527,1.1334447860717771,-45.69167709350586
3376338100.0,-0.5727967619895935,-4.537765026092529,9.44339656829834,3.674893617630005,1.8458292484283447,-45.64359664916992
3376346433.0,-0.3483577668666839,-4.939709663391113,9.924935340881348,3.652070999145508,1.4668914079666138,-45.6674919128418
3376354766.0,-0.3849082589149475,-4.822510242462158,9.537530899047852,3.8048346042633057,1.293918251991272,-45.69879531860352
3376363099.0,0.2594209313392639,-4.742216110229492,9.661999702453612,4.035927295684815,1.1233783960342407,-45.774410247802734
3376371432.0,-0.3660037219524383,-4.230000019073486,8.892535209655762,4.010133266448975,1.2072906494140625,-45.885704040527344
3376379765.0,-0.7315579652786255,-4.655034065246582,9.119996070861816,3.885033845901489,2.796734094619751,-45.71291732788086
3376388098.0,-0.4462126493453979,-4.908057689666748,9.874385833740234,4.000451564788818,1.8701626062393188,-45.81101608276367
3376396431.0,-0.4482602477073669,-4.843433380126953,9.660018920898438,3.903629541397095,0.5345060229301453,-45.742164611816406
3376404764.0,-0.1622440814971923,-4.887701511383057,8.980057716369629,4.353134632110596,0.9462299942970276,-45.80548095703125
3376413097.0,-0.172210618853569,-4.853334903717041,9.225226402282717,4.831352710723877,1.5794919729232788,-45.99994659423828
3376421430.0,-0.3876530826091766,-4.744865894317627,9.282379150390623,4.6751322746276855,1.925720453262329,-45.80694580078125
3376429763.0,-0.1237005665898323,-5.094604015350342,9.903931617736816,4.6143999099731445,1.2847739458084106,-45.8216438293457
3376438096.0,-0.2798008322715759,-4.584800720214844,9.242711067199709,5.164160251617432,0.8877271413803101,-45.86325073242188
3376446429.0,0.060169618576765,-4.944492340087891,9.23946475982666,5.468021869659424,1.8445740938186648,-45.76655197143555
3376454762.0,0.16567462682724,-4.907567024230957,9.484245300292969,5.867144107818604,1.1476097106933594,-45.7061767578125
3376463095.0,-0.1702127158641815,-4.675787925720215,9.423742294311523,5.7974467277526855,1.6191941499710083,-45.549930572509766
3376471428.0,-0.2426565140485763,-4.64971399307251,9.759737014770508,6.271413326263428,2.264366626739502,-45.30894470214844
3376479761.0,-0.2873481512069702,-4.55250358581543,10.095650672912598,6.627324104309082,1.528493881225586,-45.17752456665039
3376488094.0,0.1163860708475112,-4.5440993309021,9.732735633850098,6.446589946746826,1.116539478302002,-45.14886474609375
3376496427.0,0.511873722076416,-4.705577373504639,9.694881439208984,6.769585132598877,0.6363995671272278,-44.88605499267578
3376504760.0,0.2282269448041916,-4.6159257888793945,9.193466186523438,6.798811912536621,1.949720859527588,-44.75402069091797
3376513093.0,0.0587314218282699,-4.326272010803223,9.785529136657717,7.104184627532959,2.817455530166626,-44.55245208740234
3376521426.0,-0.0508310385048389,-4.360231399536133,10.1453218460083,6.874168872833252,1.8952902555465696,-44.3273811340332
3376529759.0,-0.0693967789411544,-4.355025768280029,9.798162460327148,6.855854511260986,1.4281625747680664,-44.12129211425781
3376538092.0,0.4238660037517547,-4.632105827331543,9.897316932678224,7.22052526473999,1.6885319948196411,-43.82360076904297
3376546425.0,0.1084418967366218,-4.3952412605285645,9.728798866271973,7.424362659454346,2.0594778060913086,-43.39509582519531
3376554758.0,0.3197915554046631,-4.210314750671387,9.989090919494627,7.70601749420166,2.3616747856140137,-42.98344802856445
3376563091.0,0.1035578995943069,-4.015684127807617,10.111475944519045,7.679813385009766,1.525163650512695,-42.73808670043945
3376571424.0,0.2813985645771026,-3.9199182987213135,9.96112823486328,7.625819206237793,1.8841990232467647,-42.37293243408203
3376579757.0,0.7322908639907837,-4.027188777923584,10.127070426940918,7.632400989532471,1.901488661766052,-42.22815704345703
3376588090.0,0.5615710616111755,-3.621737957000733,9.889864921569824,7.815670967102051,2.096208333969116,-41.82962417602539
3376596423.0,0.4176701605319977,-3.763052463531494,9.852596282958984,7.618670463562012,3.0042080879211426,-41.524932861328125
3376604756.0,0.4523805379867553,-3.674890756607056,10.270769119262695,7.392316341400146,2.582879066467285,-41.12355422973633
3376613089.0,0.3281026184558868,-3.391844749450684,10.103063583374023,7.172597885131836,2.2950515747070312,-40.71281051635742
3376621422.0,0.4765059053897857,-3.6206209659576416,10.230721473693848,7.268344879150391,2.6607463359832764,-40.18315505981445
3376629755.0,0.3421820402145386,-3.179628849029541,9.817879676818848,7.325232028961182,2.645096063613892,-39.814334869384766
3376638088.0,0.5690351128578186,-3.3344757556915283,10.035747528076172,7.263221740722656,2.699911117553711,-39.30405426025391
3376646421.0,0.7479270100593567,-3.5353753566741943,9.946066856384276,7.064454555511475,2.3012502193450928,-38.82378005981445
3376654754.0,0.4927566647529602,-3.186907291412353,9.642253875732422,7.238349437713623,2.6370275020599365,-38.30829620361328
3376663087.0,0.6702157258987427,-3.4502172470092773,9.867879867553713,7.674790859222412,3.283172845840454,-37.67403030395508
3376671420.0,0.4174911975860595,-3.27986741065979,9.837942123413086,7.454993724822998,2.548811674118042,-37.34501266479492
3376679753.0,0.4264019727706909,-3.268475294113159,9.772496223449709,7.3965935707092285,2.668609857559204,-36.87035751342773
3376688086.0,0.4727764129638672,-3.219428539276123,9.897120475769045,7.852757453918457,2.626166582107544,-36.486236572265625
3376696419.0,0.2263468950986862,-2.999847173690796,9.817072868347168,7.941767692565918,2.699603080749512,-35.90772247314453
3376704752.0,0.5396671295166016,-2.985872745513916,10.004676818847656,8.251187324523926,2.371509313583374,-35.41881561279297
3376713085.0,0.5843663215637207,-2.855922222137451,9.83033847808838,8.160717010498047,1.5332826375961304,-34.823001861572266
3376721418.0,0.4640911221504211,-2.5972304344177246,9.412152290344238,8.375823974609375,2.300736904144287,-34.16957473754883
3376729751.0,0.7769113779067993,-2.7161240577697754,9.853602409362791,8.76667308807373,2.6831068992614746,-33.53364944458008
3376738084.0,0.4940217733383178,-2.5565826892852783,9.772056579589844,8.892183303833008,1.5413765907287598,-32.7240104675293
3376746417.0,0.735365092754364,-2.62903356552124,9.597679138183594,9.003887176513672,1.741603136062622,-31.84718132019043
3376754750.0,0.6029408574104309,-2.530681133270264,9.775517463684082,9.118586540222168,1.6006221771240234,-31.40707778930664
3376763083.0,0.3623821437358856,-2.1968915462493896,9.672842025756836,9.47359848022461,1.9018713235855105,-30.512958526611328
3376771416.0,0.5412547588348389,-2.151197910308838,10.068924903869627,9.458332061767578,1.191690444946289,-29.94301414489746
3376779749.0,0.4618988335132599,-1.863433122634888,9.765697479248049,9.325139999389648,0.4399888813495636,-29.45747184753418
3376788082.0,0.65868079662323,-1.6623212099075315,9.611517906188965,9.316428184509276,1.1153854131698608,-28.5836124420166
3376796415.0,0.8423308730125427,-1.58286714553833,9.959202766418455,9.382641792297363,0.8678236603736877,-27.949148178100582
3376804748.0,0.5264215469360352,-1.3414883613586426,9.606143951416016,9.28538417816162,0.7735632061958313,-27.078771591186523
3376813081.0,0.4785305857658386,-1.5194066762924194,9.963364601135254,9.241044998168944,0.8902361989021301,-26.189395904541016
3376821414.0,0.4753496050834656,-1.3540879487991333,10.14995574951172,9.144376754760742,0.2814877927303314,-25.472909927368164
3376829747.0,0.4940558671951294,-1.0422704219818115,9.934481620788574,9.096555709838867,-0.1013555824756622,-25.00760269165039
3376838080.0,0.6344285607337952,-1.1437397003173828,9.897541999816896,9.041458129882812,-0.1697712391614914,-24.16640281677246
3376846413.0,0.3508091866970062,-0.8081759810447693,9.66747760772705,8.754451751708984,-0.2383918315172195,-23.46344947814941
3376854746.0,0.3613536655902862,-0.7812860012054443,10.089655876159668,8.46751880645752,0.249008908867836,-22.7530574798584
3376863079.0,0.672773540019989,-0.7273982763290405,10.45191764831543,8.139835357666016,-0.8966522812843323,-22.111906051635746
3376871412.0,0.6523814797401428,-0.4583626687526703,9.951898574829102,7.725398063659668,-1.1254643201828003,-21.43986701965332
3376879745.0,0.5984491109848022,-0.6852062940597534,10.087247848510742,7.679394245147705,-0.4354678392410278,-20.80076789855957
3376888078.0,0.5519474148750305,-0.5485661625862122,10.219941139221191,7.29787015914917,-0.5252200961112976,-20.15090560913086
3376896411.0,0.4367067813873291,-0.2518329620361328,10.37112808227539,6.931124687194824,-0.9576398134231568,-19.48439598083496
3376904744.0,0.5899264216423035,-0.2736173868179321,10.36302661895752,6.629441261291504,-1.5909775495529177,-18.88205337524414
3376913077.0,0.2971679270267486,-0.1171389371156692,9.954242706298828,6.448680400848389,-1.2117843627929688,-18.42491340637207
3376921410.0,0.5628568530082703,-0.4625312089920044,10.370221138000488,6.206728935241699,-0.9789252281188964,-17.861068725585938
3376929743.0,0.5438714027404785,-0.4153328537940979,10.514265060424805,5.678844451904297,-1.834543347358704,-17.414072036743164
3376938076.0,0.518133819103241,-0.1254363656044006,9.91661548614502,5.568728446960449,-1.592693567276001,-17.096277236938477
3376946409.0,0.8675817251205444,-0.209748774766922,10.144607543945312,5.4770283699035645,-1.5737899541854858,-16.739418029785156
3376954742.0,0.4007849395275116,-0.2729105055332184,9.836968421936035,4.711419105529785,-1.368158936500549,-16.494930267333984
3376963075.0,0.4487977623939514,-0.4109260737895965,9.955716133117676,4.711496353149414,-1.027361512184143,-16.05223846435547
3376971408.0,0.3732556700706482,-0.1554116755723953,10.221735000610352,4.383761882781982,-1.8850033283233645,-15.90085792541504
3376979741.0,0.1393222510814666,-0.0378595367074012,9.770549774169922,4.196855068206787,-1.7806507349014282,-15.639646530151367
3376988074.0,0.519279956817627,-0.0664847567677497,10.07507038116455,3.926547765731812,-1.7178702354431152,-15.335729598999023
3376996407.0,0.46640345454216,-0.1103891432285308,10.07395839691162,3.552093029022217,-2.126981019973755,-15.225384712219238
3377004740.0,0.6508492231369019,-0.1348679959774017,9.969905853271484,3.3484597206115723,-1.8540610074996948,-14.901570320129396
3377013073.0,0.8052766919136047,-0.2397089153528213,10.165803909301758,3.2324016094207764,-1.9793915748596191,-14.979642868041992
3377021406.0,0.5812457203865051,0.0210030898451805,9.796585083007812,2.9986462593078613,-1.736978530883789,-14.861919403076172
3377029739.0,0.709917426109314,-0.1309165507555008,10.127345085144045,2.7561051845550537,-1.208659291267395,-14.631366729736328
3377038072.0,0.550483226776123,-0.3074480891227722,10.139325141906738,2.4461984634399414,-1.5879294872283936,-14.588207244873049
3377046405.0,0.4872998893260956,-0.3909585475921631,10.028928756713867,2.4419970512390137,-1.378045916557312,-14.410440444946287
3377054738.0,0.6597994565963745,-0.4338425099849701,10.286497116088867,2.4455065727233887,-1.8829026222229004,-14.347097396850586
3377063071.0,0.4541459381580353,-0.1313175857067108,9.905720710754396,2.0273027420043945,-1.7432537078857422,-14.23226833343506
3377071404.0,0.9641433358192444,-0.212344691157341,10.185582160949709,1.8007452487945557,-1.0574071407318115,-13.952077865600586
3377079737.0,0.9543952941894532,-0.3671205043792724,10.324060440063477,1.5883777141571045,-1.4738692045211792,-13.795063018798828
3377088070.0,0.6564517021179199,-0.5402135848999023,9.769891738891602,1.29796302318573,-0.852390706539154,-13.452802658081056
3377096403.0,1.0133494138717651,-0.8563809990882874,10.142632484436035,1.694983720779419,-0.6123851537704468,-13.327932357788086
3377104736.0,0.7955951690673828,-0.8816973567008972,9.969225883483888,1.449650526046753,-1.3442606925964355,-13.163667678833008
3377113069.0,0.5910063982009888,-0.9114688038825988,9.840420722961426,1.2868977785110474,-0.7153288722038269,-12.86992645263672
3377121402.0,0.6277474761009216,-0.9844698905944824,9.962736129760742,1.381286382675171,-0.2795025706291199,-12.583969116210938
3377129735.0,0.2942819893360138,-0.8718358278274536,10.064581871032717,1.6099189519882202,-0.1914408206939697,-12.326955795288086
3377138068.0,0.9223616123199464,-1.5224415063858032,10.255833625793455,1.8064053058624268,-1.085582613945007,-12.027728080749512
3377146401.0,0.9211915731430054,-1.5824522972106934,9.840794563293455,1.727436900138855,-1.7783708572387695,-11.725326538085938
3377154734.0,0.9992390275001526,-1.256176233291626,9.380437850952148,2.462207078933716,-0.1860362142324447,-11.23215103149414
3377163067.0,1.030388593673706,-0.9944778084754944,10.061606407165527,2.7644295692443848,0.0730646178126335,-10.894017219543455
3377171400.0,0.760657012462616,-1.009638428688049,9.80881404876709,2.5915846824646,-0.2378282099962234,-10.564696311950684
3377179733.0,0.9318748116493224,-1.470367431640625,9.884157180786133,2.517559289932251,0.1205021739006042,-10.018572807312012
3377188066.0,0.8857523798942566,-1.6006914377212524,10.130314826965332,2.71524977684021,0.0852825865149498,-9.503777503967283
3377196399.0,0.4321106374263763,-1.1253050565719604,9.87009334564209,3.2224373817443848,0.5651652812957764,-9.250247955322266
3377204732.0,0.7127196788787842,-1.1616371870040894,10.48822021484375,3.661696434020996,0.3945745527744293,-8.89088249206543
3377213065.0,0.9977887868881226,-1.0617831945419312,10.298853874206545,3.3597044944763184,-0.8040821552276611,-8.64078426361084
3377221398.0,1.306440830230713,-1.0016759634017944,9.880745887756348,3.2943878173828125,-0.3989417552947998,-8.2287015914917
3377229731.0,1.1602038145065308,-0.8156829476356506,9.59093952178955,3.634135007858277,0.7955397963523865,-7.903195858001709
3377238064.0,0.955185055732727,-0.6840332746505737,9.73167324066162,3.740408420562744,1.77100670337677,-7.527666091918945
3377246397.0,1.018050193786621,-1.0761759281158447,10.436948776245115,3.411496639251709,1.1620795726776123,-7.1249847412109375
3377254730.0,0.6984974145889282,-1.051360011100769,9.95367431640625,3.345923900604248,0.7384456992149353,-6.990945816040039
3377263063.0,0.6027421355247498,-0.8739796280860901,9.875139236450195,4.257099628448486,1.951792359352112,-6.484270095825195
3377271396.0,0.5916537642478943,-0.8915221095085144,10.295709609985352,4.418546199798584,1.6554611921310425,-6.422539710998535
3377279729.0,0.485326886177063,-0.6857289671897888,9.966232299804688,4.162633419036865,0.8351905941963196,-6.269980430603027
3377288062.0,1.136149764060974,-0.8266579508781433,9.843356132507324,4.38055944442749,0.6917252540588379,-6.066219806671143
3377296395.0,0.9823915362358092,-0.6723241209983826,9.610575675964355,4.74945592880249,1.442247986793518,-5.883385181427002
3377304728.0,0.8217775821685791,-0.5736891031265259,9.667973518371582,5.110617160797119,2.942678928375244,-5.610004425048828
3377313061.0,0.8260091543197632,-0.4857467710971832,10.253765106201172,4.990435123443604,2.083731174468994,-5.639512062072754
3377321394.0,0.4623878002166748,-0.3001432716846466,9.97727394104004,5.006571292877197,1.804843187332153,-5.402349948883057
3377329727.0,0.7044161558151245,-0.2878390848636627,10.091466903686523,5.117430210113525,2.428832054138184,-5.239213466644287
3377338060.0,0.5599081516265869,-0.1815986484289169,10.085451126098633,5.189738750457764,2.358289957046509,-4.9651408195495605
3377346393.0,0.4474934041500091,-0.2775526344776153,9.988730430603027,5.287585735321045,2.538973093032837,-4.850389003753662
3377354726.0,0.536292314529419,-0.4753495156764984,9.861401557922363,4.987949848175049,1.775617241859436,-4.818294048309326
3377363059.0,0.2946722507476806,-0.2388085126876831,9.712565422058104,5.085719108581543,2.194000244140625,-4.558693885803223
3377371392.0,0.6126661896705627,-0.3076188862323761,9.97927474975586,5.283537864685059,2.6571054458618164,-4.309082508087158
3377379725.0,0.6091013550758362,-0.2272582948207855,10.106083869934082,5.062845706939697,1.934502124786377,-4.297966003417969
3377388058.0,0.5790151953697205,-0.0810302048921585,9.61606216430664,5.2113566398620605,2.0361649990081787,-4.132805347442627
3377396391.0,0.6049950122833252,-0.0097872326150536,9.919858932495115,4.9952239990234375,2.275299549102783,-3.996973037719727
3377404724.0,0.1424278914928436,0.3233274817466736,9.754098892211914,4.940614700317383,2.877516031265259,-3.914316177368164
3377413057.0,0.2552303373813629,0.1496086716651916,10.230666160583496,4.856343746185303,2.658027410507202,-3.6815595626831055
3377421390.0,0.2637012600898742,0.1984101831912994,10.093205451965332,4.8893866539001465,1.4107937812805176,-3.5953168869018555
3377429723.0,0.204239934682846,0.108749121427536,9.72194004058838,4.653530597686768,1.630410075187683,-3.29724383354187
3377438056.0,0.5231676697731018,-0.0574291050434112,9.946274757385254,4.558501243591309,1.863781452178955,-3.0586724281311035
3377446389.0,0.2372553497552871,0.3180088996887207,9.884955406188965,4.3149614334106445,1.8374756574630733,-3.0099802017211914
3377454722.0,0.431629478931427,0.2713688611984253,10.012173652648926,4.246904373168945,1.8295609951019287,-2.852606296539306
3377463055.0,0.4612888693809509,0.2624593377113342,9.923175811767578,3.962099313735962,1.3101553916931152,-2.75524640083313
3377471388.0,0.2736629247665405,0.5599793791770935,9.889058113098145,3.63564658164978,1.7548441886901855,-2.497003555297852
3377479721.0,0.3660691678524017,0.6264126896858215,10.119234085083008,3.462545394897461,1.721929907798767,-2.3891422748565674
3377488054.0,-0.0212826486676931,0.9175853729248048,10.06152057647705,3.164523363113404,1.585277795791626,-2.238607168197632
3377496387.0,0.1261192709207534,0.8383651971817017,10.01813507080078,2.7924253940582275,1.272732853889465,-2.222649335861206
3377504720.0,0.0530470199882984,0.5883658528327942,10.324482917785645,2.1110355854034424,0.7044042944908142,-2.158588409423828
3377513053.0,0.0661617964506149,0.4712030291557312,9.987884521484377,2.049151659011841,1.3293148279190063,-1.953264832496643
3377521386.0,0.5102805495262146,9.55209834501e-05,10.616307258605955,2.106655597686768,0.8808606863021851,-1.7601590156555176
3377529719.0,0.317548930644989,0.1320953965187072,9.991606712341309,1.8816601037979128,0.4136826992034912,-1.7891287803649902
3377538052.0,0.4053055047988891,-0.0331840254366397,9.645241737365724,2.2012746334075928,1.0745301246643066,-1.6886186599731443
3377546385.0,0.2096121907234192,-0.1291936188936233,9.924851417541504,2.2215611934661865,0.9886966943740844,-1.8148967027664185
3377554718.0,0.0173618737608194,0.089042991399765,9.66274642944336,2.152095317840576,1.0130559206008911,-1.787310242652893
3377563051.0,-0.0239270459860563,0.2297594100236892,9.94772243499756,2.356240749359131,0.4939064979553222,-1.735518217086792
3377571384.0,-0.2762990295886993,0.2597977817058563,9.803074836730955,2.411388397216797,0.3602001965045929,-1.680063247680664
3377579717.0,0.1895770877599716,-0.1525572687387466,10.09517765045166,2.367152214050293,0.1537750512361526,-1.5778625011444092
3377588050.0,0.371033638715744,-0.1827170401811599,10.162510871887209,2.418509006500244,-0.3147733509540558,-1.7208155393600464
3377596383.0,0.5410611629486084,-0.0875949710607528,9.888782501220703,2.599191665649414,0.0071335639804601,-1.5430783033370972
3377604716.0,0.4414339959621429,0.145160436630249,9.79547882080078,2.774700403213501,0.1455016583204269,-1.826141119003296
3377613049.0,-0.0336133725941181,0.2562696635723114,9.602269172668455,2.376219749450684,0.4520016014575958,-1.7147705554962158
3377621382.0,0.0696182772517204,-0.0989892780780792,10.009886741638184,2.025355815887451,0.102085530757904,-1.675299048423767
3377629715.0,0.1002058237791061,-0.256018728017807,9.97922134399414,1.9621658325195312,-0.5825957655906677,-1.7592368125915527
3377638048.0,0.2174348086118698,-0.2005752325057983,9.714123725891112,2.258573770523072,-0.4007091224193573,-1.6400541067123413
3377646381.0,0.277007907629013,-0.2582597434520721,9.84756565093994,2.5770864486694336,-0.461722195148468,-1.5631599426269531
3377654714.0,0.436540424823761,-0.2158730924129486,9.740124702453612,2.276119470596313,-0.5643328428268433,-1.610264539718628
3377663047.0,0.7671864628791809,-0.4477109611034393,9.912725448608398,2.21561861038208,-1.184069275856018,-1.5754035711288452
3377671380.0,0.3643376529216766,-0.2504645884037018,9.422807693481444,2.2278618812561035,-0.6482449769973755,-1.479324460029602
3377679713.0,0.2194164246320724,-0.1390405446290969,9.6408109664917,2.463897466659546,0.534889280796051,-1.3678770065307615
3377688046.0,0.2477495670318603,-0.05713527277112,10.295949935913086,2.296175479888916,-0.2590367794036865,-1.4009194374084473
3377696379.0,0.3928209841251373,0.0006867164047434,10.070062637329102,2.095846652984619,-1.2947227954864502,-1.4885457754135132
3377704712.0,0.728270411491394,-0.3691452145576477,9.769107818603516,2.214235544204712,-0.986224889755249,-1.3032010793685913
3377713045.0,0.39927738904953,-0.3576961755752563,9.461329460144045,2.415332794189453,-0.1235374584794044,-0.9634283185005188
3377721378.0,0.5051742196083069,-0.7080221772193909,9.52336597442627,2.628391981124878,0.3104061186313629,-0.8632510304450989
3377729711.0,0.6662303805351257,-0.8643962144851685,9.842362403869627,2.839632511138916,-1.0739279985427856,-0.875699520111084
3377738044.0,0.610313892364502,-0.7214388251304626,9.366750717163086,3.028076171875,-0.7826173305511475,-0.6321080923080444
3377746377.0,0.6512486338615417,-0.4444364607334137,9.764898300170898,3.4407732486724854,0.291041761636734,-0.52762770652771
3377754710.0,0.4038177728652954,0.0715661197900772,10.014418601989746,3.532087564468384,0.4145791828632355,-0.3781173229217529
3377763043.0,0.5319116115570068,-0.2046250998973846,10.410225868225098,3.3559389114379883,-0.1819379180669784,-0.2803222239017486
3377771376.0,0.5843401551246643,-0.3044918179512024,9.923640251159668,3.363597631454468,-0.8356900215148926,-0.153864711523056
3377779709.0,0.6113031506538391,-0.2212623506784439,9.547829627990724,3.5968148708343506,0.1786721050739288,-0.0162650402635335
3377788042.0,0.7512395977973938,-0.2300132811069488,9.888188362121582,3.8364100456237793,0.5286905765533447,0.189788669347763
3377796375.0,0.5198869109153748,-0.1780263036489486,9.749285697937012,3.889713287353516,0.1156098544597625,0.3815111815929413
3377804708.0,0.5849626064300537,-0.2854952812194824,9.82258415222168,4.037148952484131,0.1388163417577743,0.4637841582298279
3377813041.0,0.3932544291019439,-0.0097464276477694,9.784603118896484,4.049495220184326,0.6290983557701111,0.4698546826839447
3377821374.0,0.472368448972702,0.191814124584198,10.027271270751951,4.231740474700928,0.5804570317268372,0.5975417494773865
3377829707.0,0.4759979248046875,0.2926019728183746,10.099496841430664,4.050673007965088,0.3407077491283417,0.5847601294517517
3377838040.0,0.3238376975059509,0.2970902621746063,9.697039604187012,4.158945560455322,0.609785258769989,0.7011256814002991
3377846373.0,0.5386196970939636,0.1853812336921692,10.13776969909668,4.313757419586182,0.6896249055862427,0.654328465461731
3377854706.0,0.4953158795833587,0.5652357935905457,10.042126655578612,4.106563568115234,0.3701384663581848,0.7087330222129822
3377863039.0,0.5892620086669922,0.6221779584884644,10.077138900756836,4.0458831787109375,0.6213372945785522,0.8438224196434021
3377871372.0,0.5442157983779907,0.6503414511680603,10.046102523803713,3.910998821258545,0.7415192127227783,0.8094482421875
3377879705.0,0.5202319025993347,0.5653975605964661,10.050528526306152,3.681904792785645,0.8637502789497375,0.9428982138633728
3377888038.0,0.5880635976791382,0.3011261820793152,10.117366790771484,3.485879421234131,0.6000774502754211,0.9858278036117554
3377896371.0,0.4792915880680084,0.2932535111904144,9.85801601409912,3.415055751800537,0.9384414553642272,0.9237900376319884
3377904704.0,0.6375516057014465,0.1524500399827957,10.101609230041504,3.832696199417114,1.2082873582839966,1.028091311454773
3377913037.0,0.5334807634353638,0.3412195444107055,10.040655136108398,3.81036114692688,1.3170711994171145,1.0755802392959597
3377921370.0,0.4735342860221863,0.4749083518981933,9.936564445495604,3.852522134780884,1.5574607849121094,1.1192524433135986
3377929703.0,0.4961341619491577,0.4655302762985229,10.149534225463867,3.660722255706787,1.3175321817398071,1.05893075466156
3377938036.0,0.4758557081222534,0.5795610547065735,10.095645904541016,3.562055826187134,1.5598939657211304,1.2005518674850464
3377946369.0,0.8529434204101562,0.3987680375576019,10.380939483642578,3.657853603363037,1.402007818222046,1.38031268119812
3377954702.0,0.5834358930587769,0.6656633615493774,9.960193634033203,3.606471300125122,1.571548581123352,1.4045950174331665
3377963035.0,0.507929801940918,0.7124603390693665,9.943498611450195,3.7136929035186768,2.1927194595336914,1.520960569381714
3377971368.0,0.3942756950855255,0.614675760269165,10.184656143188477,3.3836536407470703,2.05194354057312,1.6116862297058103
3377979701.0,0.4403044581413269,0.5803576707839966,9.97769546508789,3.1869611740112305,1.6675249338150024,1.7841979265213013
3377988034.0,0.5533927083015442,0.2403351366519928,10.136116981506348,3.162653684616089,1.5847142934799194,2.073664426803589
3377996367.0,0.2945955991744995,0.4372036755084991,9.639620780944824,3.175102472305298,2.23470139503479,2.141209363937378
3378004700.0,0.3614081442356109,0.496587187051773,10.178226470947266,3.362265586853028,2.487308979034424,2.351630210876465
3378013033.0,0.3056707084178924,0.5892034769058228,10.30588436126709,3.105226755142212,1.6054106950759888,2.443175792694092
3378021366.0,0.4888069629669189,0.7256388664245605,9.794546127319336,2.966627597808838,1.5253404378890991,2.484593391418457
3378029699.0,0.4508099555969238,0.5161088705062866,9.863577842712402,3.077768325805664,1.9581955671310425,2.610103368759156
3378038032.0,0.196223497390747,0.5723487138748169,9.677581787109377,2.792067289352417,2.3932275772094727,2.773932456970215
3378046365.0,0.2970540523529053,0.4166321754455566,10.108978271484377,2.685178518295288,2.011114358901977,2.934379816055298
3378054698.0,0.1977089047431945,0.5929343104362488,9.759057998657228,2.612280368804932,1.393785834312439,2.7243683338165283
3378063031.0,0.3581728041172027,0.6724979877471924,9.70610809326172,2.9385547637939453,1.708661675453186,2.835380792617798
3378071364.0,0.1674085110425949,0.5601092576980591,9.783937454223633,2.703723430633545,2.0048136711120605,2.996314764022827
3378079697.0,-0.0842432156205177,0.492353081703186,9.811013221740724,2.4481959342956543,2.328244686126709,2.9779751300811768
3378088030.0,0.0414257496595382,0.5129719972610474,10.06642723083496,2.5522403717041016,1.368683695793152,2.8870184421539307
3378096363.0,-0.0110647613182663,0.4668932557106018,9.717850685119627,2.818603038787842,1.0263240337371826,2.8775415420532227
3378104696.0,0.299419105052948,0.2870267927646637,9.69069004058838,2.856921911239624,1.1959158182144165,2.789069890975952
3378113029.0,0.1762620210647583,0.6112569570541382,9.723640441894531,2.7465245723724365,1.4447835683822632,2.6195549964904785
3378121362.0,0.1100850030779838,0.7732603549957275,9.90049934387207,2.6299288272857666,1.653437256813049,2.651188850402832
3378129695.0,0.1389610320329666,0.9167751669883728,10.036460876464844,2.5949394702911377,1.0963786840438845,2.462923526763916
3378138028.0,0.0120717315003275,0.8670804500579834,9.78575325012207,2.223072052001953,1.0208425521850586,2.4725546836853027
3378146361.0,0.077880784869194,0.4424032866954803,9.937910079956056,1.9240517616271973,1.0428194999694824,2.5049824714660645
3378154694.0,-0.2068601548671722,0.4563431143760681,9.944701194763184,1.712401270866394,1.153191089630127,2.427115201950073
3378163027.0,0.0261901468038558,0.270487368106842,10.094261169433594,2.103325605392456,1.0419230461120603,2.442355871200561
3378171360.0,0.1505754739046096,0.3178147673606872,10.056680679321287,1.996975302696228,0.0568507947027683,2.3812143802642822
3378179693.0,0.4647637009620666,0.3491505980491638,9.751455307006836,2.0815279483795166,0.209614098072052,2.3725054264068604
3378188026.0,0.4396149814128876,0.1921182721853256,9.765278816223145,1.970387935638428,0.5443410277366638,2.341256618499756
3378196359.0,0.228192538022995,0.4299997687339782,9.749102592468262,2.0686185359954834,1.2682759761810305,2.2814981937408447
3378204692.0,0.3143927752971649,0.2375121265649795,10.22035312652588,2.364898443222046,0.5461851358413696,2.223098039627075
3378213025.0,0.109511449933052,0.3728525340557098,9.739133834838867,2.0576040744781494,-0.070746511220932,2.178989887237549
3378221358.0,0.2618929445743561,0.0547177232801914,9.755703926086426,2.1774277687072754,0.7082208395004272,2.258445501327514
3378229691.0,0.1313382089138031,-0.0094650443643331,9.893385887145996,2.244793176651001,0.7048396468162537,2.2614424228668213
3378238024.0,0.0864752456545829,0.0200063586235046,9.807442665100098,2.4031405448913574,0.8154932856559753,2.5471436977386475
3378246357.0,0.2221680879592895,-0.2390647232532501,9.879865646362305,2.770960807800293,0.3581766486167907,2.487180471420288
3378254690.0,0.1619395464658737,-0.0698699355125427,9.49362087249756,2.9636049270629883,-0.0371918678283691,2.548577785491944
3378263023.0,0.4015811383724212,-0.0698489397764206,9.792236328125,3.013373851776123,0.4409618377685547,2.6813364028930664
3378271356.0,0.3223951160907745,0.4044610559940338,9.96303939819336,3.0112221240997314,0.5033324956893921,2.699368953704834
3378279689.0,0.2958451211452484,0.5343936681747437,10.16855812072754,3.08819317817688,0.1854854971170425,2.8623268604278564
3378288022.0,0.0161762982606887,0.5970588326454163,10.031408309936523,2.681976795196533,0.1765204817056656,2.764557123184204
3378296355.0,0.0047035799361765,0.4624772071838379,9.94178581237793,2.552983522415161,0.5891146063804626,3.092214345932007
3378304688.0,0.1313748955726623,0.2123709321022033,10.318196296691896,2.511719226837158,0.0023437025956809,2.9405782222747803
3378313021.0,0.1776011884212494,0.1566966921091079,9.820592880249023,2.354268312454224,-0.2825762331485748,2.895958185195923
3378321354.0,0.2428954988718032,-0.0042091943323612,9.722082138061523,2.9798195362091064,0.0213750805705785,3.0210840702056885
3378329687.0,0.1329499930143356,0.2613027095794678,9.747939109802246,2.8755695819854736,0.3538478910923004,3.0394749641418457
3378338020.0,0.3270003795623779,0.1770861148834228,9.860824584960938,2.848264455795288,0.0419433042407035,3.0079948902130127
3378346353.0,0.2207449227571487,0.0156775135546922,9.896683692932127,3.026667594909668,-0.5377964377403259,2.8089466094970703
3378354686.0,0.1459701806306839,-0.0675368085503578,9.617147445678713,3.336830377578736,0.2335890233516693,3.020981311798096
3378363019.0,0.4089884757995605,0.0233966205269098,10.246343612670898,3.8959381580352783,0.1024697571992874,2.8917832374572754
3378371352.0,0.4177564978599548,0.4221320450305938,9.953349113464355,3.623914957046509,-0.5907923579216003,2.8998517990112305
3378379685.0,0.4241807758808136,0.3032121956348419,9.6941556930542,3.713052749633789,-0.4317535758018493,2.75200629234314
3378388018.0,0.3130695521831512,0.3533605933189392,9.60421085357666,3.7064695358276367,0.3320501446723938,2.784587860107422
3378396351.0,0.2953718304634094,0.2381613701581955,9.887377738952637,3.851267099380493,0.2137892395257949,2.797497272491455
3378404684.0,0.2843213081359863,0.2488403022289276,9.81961727142334,3.770684480667114,-0.3643112778663635,2.7609455585479736
3378413017.0,0.570798397064209,0.4780953228473663,9.740659713745115,3.710798740386963,-0.0970523431897163,2.803311586380005
3378421350.0,0.5106831789016724,0.6055529713630676,9.885838508605955,3.646942377090454,0.1468336135149002,2.676572322845459
3378429683.0,0.6038487553596497,0.932090699672699,9.774340629577637,3.406296491622925,0.717313826084137,2.776135206222534
3378438016.0,0.7615574598312378,0.7882985472679138,10.171262741088867,3.287292718887329,0.0121027259156107,2.863121032714844
3378446349.0,0.4308097064495086,0.9503023624420166,9.451468467712402,2.8374040126800537,0.3962393701076507,2.7188100814819336
3378454682.0,0.5237424969673157,0.6724832653999329,9.852192878723145,2.83561110496521,1.311794638633728,2.8608157634735107
3378463015.0,0.3696171045303345,0.5639519095420837,10.085159301757812,2.794372081756592,1.0480448007583618,2.868525266647339
3378471348.0,0.4797484576702118,0.486710637807846,10.20500373840332,2.6864593029022217,0.8111388087272644,3.053178548812866
3378479681.0,0.4902492463588714,0.5007089972496033,9.927660942077637,2.667658805847168,0.6484884023666382,3.1945948600769043
3378488014.0,0.4374488592147827,0.3958860039710998,9.783303260803224,2.780822277069092,1.148452639579773,3.313291072845459
3378496347.0,0.5682737231254578,0.2957108914852142,10.013782501220703,2.8967525959014893,1.0776807069778442,3.2847824096679688
3378504680.0,0.2625616788864136,0.534913182258606,9.949681282043455,2.64534878730774,1.0684337615966797,3.28309178352356
3378513013.0,0.527956485748291,0.534794270992279,10.066463470458984,3.1012563705444336,1.1529607772827148,3.441182851791382
3378521346.0,0.5100347399711609,0.6729428768157959,10.084478378295898,3.121798753738404,1.0189982652664185,3.4372637271881104
3378529679.0,0.5590040683746338,0.4548481404781341,9.95261001586914,2.9591996669769287,1.4873546361923218,3.611107349395752
3378538012.0,0.2041068226099014,0.6324092745780945,9.752285957336426,2.79716420173645,1.7276928424835205,3.7182517051696777
3378546345.0,0.1133297681808471,0.6906276941299438,9.83609104156494,2.874595880508423,2.1303486824035645,3.8967573642730713
3378554678.0,0.1202325299382209,0.5207614302635193,10.138471603393556,2.9521560668945312,1.2268322706222534,3.836436271667481
3378563011.0,0.1301458925008773,0.6525278091430664,9.774956703186035,2.690122365951538,1.2240147590637207,3.821323871612549
3378571344.0,0.3920246958732605,0.554500162601471,9.81093692779541,2.9607107639312744,1.3580795526504517,3.917043447494507
3378579677.0,0.167316734790802,0.6095520257949829,9.757006645202637,3.075180768966675,1.7134770154953003,3.974419355392456
3378588010.0,0.3732809126377105,0.4146478176116943,10.174138069152832,2.9480834007263184,1.8273577690124512,4.0653510093688965
3378596343.0,0.2631264925003052,0.642787516117096,10.057849884033203,3.100513219833374,1.0334702730178833,3.949240922927856
3378604676.0,0.2506920397281647,0.7042081952095032,9.993252754211426,3.183887720108032,1.5724962949752808,3.955619096755981
3378613009.0,0.1103580147027969,0.6910119652748108,10.08041763305664,3.04884934425354,1.91080904006958,3.978236436843872
3378621342.0,0.1494362354278564,0.9903990030288696,10.308964729309082,2.961121082305908,1.777973771095276,4.064018726348877
3378629675.0,0.2797323167324066,1.0143693685531616,10.487017631530762,2.838428497314453,0.9901310205459596,4.1561784744262695
3378638008.0,0.2626955211162567,1.1814199686050415,9.852166175842283,2.4397943019866943,1.1406915187835691,4.0080766677856445
3378646341.0,0.2372340857982635,0.6110382080078125,10.157737731933594,2.447094440460205,1.9653419256210327,4.084433555603027
3378654674.0,-0.0093903830274939,0.6622331738471985,10.105679512023926,2.208779573440552,2.0518155097961426,4.165732383728027
3378663007.0,0.0626950860023498,0.3095645010471344,10.451303482055664,2.464230537414551,1.470577359199524,4.196828365325928
3378671340.0,0.1661813259124755,0.4354452192783355,10.005669593811035,2.514203786849976,0.4896289408206939,4.062891483306885
3378679673.0,0.2414737790822982,0.6025684475898743,9.780166625976562,2.5512678623199463,1.0565232038497925,4.035254001617432
3378688006.0,0.1539283543825149,0.7422431707382202,9.758715629577637,2.536872386932373,1.5371488332748413,4.001827716827393
3378696339.0,0.1315651983022689,0.7536259889602661,10.002799987792969,2.519198417663574,1.8101962804794312,4.086892127990723
3378704672.0,0.3109708726406097,0.3647900223731994,10.173462867736816,2.833638906478882,0.8603693246841431,4.083075046539307
3378713005.0,0.2143935859203338,0.2043695896863937,9.575013160705566,2.580544233322144,0.6590158939361572,4.133535385131836
3378721338.0,0.1391119360923767,0.196775808930397,9.45175075531006,3.0338399410247803,1.6865822076797483,4.328920841217041
3378729671.0,-0.2130902856588363,0.3143312633037567,9.87479305267334,3.409318685531616,2.067004919052124,4.332661151885986
3378738004.0,0.0921264067292213,0.4257422387599945,10.334063529968262,3.4218955039978027,1.1124902963638306,4.501637935638428
3378746337.0,0.241452544927597,0.5333991646766663,9.845149040222168,3.085529088973999,-0.0710282623767852,4.412294864654541
3378754670.0,0.3979063034057617,0.6369518041610718,9.294086456298828,3.3674137592315674,0.6228741407394409,4.670204639434815
3378763003.0,0.2137798964977264,0.7237236499786377,9.677409172058104,3.341517448425293,1.2059565782546997,4.579761028289795
3378771336.0,-0.129592627286911,0.8558721542358398,9.665371894836426,3.0331227779388428,1.4044413566589355,4.787851333618164
3378779669.0,-0.0027392441406846,0.7721254825592041,9.936959266662598,3.10217809677124,0.3947794139385223,4.846635818481445
3378788002.0,-0.1387794464826584,0.900942862033844,9.460205078125,2.9996702671051025,0.0100535862147808,4.874606609344482
3378796335.0,-0.091286726295948,0.6759212613105774,9.65764617919922,3.039372205734253,0.7478716373443604,4.983723640441895
3378804668.0,-0.0919285491108894,0.7009867429733276,9.830581665039062,2.9145028591156006,0.4638610482215881,4.884980201721191
3378813001.0,0.1901303231716156,0.741386890411377,10.108845710754396,2.8786683082580566,-0.2531711161136627,4.867921352386475
3378821334.0,0.1717382967472076,1.1259770393371582,9.772109031677246,2.779670000076294,-0.311238557100296,4.771561145782471
3378829667.0,0.2972590327262878,1.0723272562026978,9.762595176696776,2.90861177444458,0.5552782416343689,4.737391471862793
3378838000.0,0.0710448771715164,0.9189404249191284,10.16746997833252,2.720679998397827,0.5253607630729675,4.723482131958008
3378846333.0,0.0628272667527198,0.8443054556846619,9.926936149597168,2.2451775074005127,0.2537474334239959,4.787774562835693
3378854666.0,0.1343737691640854,0.977301299571991,9.947915077209473,2.4671502113342285,-0.2231512069702148,4.7810378074646
3378862999.0,0.0249179508537054,1.3630235195159912,9.727558135986328,2.4114906787872314,0.1326176971197128,4.658268928527832
3378871332.0,0.1286293417215347,1.0065150260925293,9.96750259399414,2.097306251525879,0.4205216765403747,4.6090898513793945
3378879665.0,0.1964863836765289,0.8859507441520691,9.790634155273438,1.7344552278518677,-0.2197445482015609,4.474358558654785
3378887998.0,0.3628825843334198,0.5446387529373169,9.859651565551758,1.736376404762268,-0.2401334792375564,4.55253267288208
3378896331.0,0.093285471200943,0.624552845954895,9.71604347229004,1.9992552995681765,0.2231127917766571,4.426229953765869
3378904664.0,0.186420053243637,0.587639570236206,9.899667739868164,2.170076370239258,0.696668803691864,4.430942058563232
3378912997.0,0.1857571303844452,0.620269238948822,10.032106399536133,2.224173784255981,-0.4516558051109314,4.353920936584473
3378921330.0,0.305392861366272,0.6060238480567932,9.79748821258545,2.0237936973571777,-0.4792423546314239,4.343393325805664
3378929663.0,0.3809209764003753,0.9155340790748596,9.596543312072754,2.1702301502227783,0.3482639491558075,4.256048679351807
3378937996.0,0.376440554857254,0.9356061220169068,9.952844619750977,2.2962522506713867,1.017384648323059,4.317958354949951
3378946329.0,0.3562166690826416,0.4534724354743957,10.014606475830078,2.018491506576538,0.4758228957653045,4.304818153381348
3378954662.0,0.3292779326438904,0.3756353855133056,9.923518180847168,1.950793027877808,0.3336894512176513,4.3972344398498535
3378962995.0,0.6403396129608154,0.3868909478187561,9.903186798095703,2.2623131275177,0.4701876640319824,4.5052490234375
3378971328.0,0.588860273361206,0.6672070026397705,9.974921226501465,2.5826961994171143,0.7904424667358398,4.594105243682861
3378979661.0,0.4703592956066131,0.6166896820068359,9.928692817687988,2.506186485290528,1.0087783336639404,4.621435642242432
3378987994.0,0.2537827491760254,0.7665216326713562,10.044729232788086,2.262646436691284,0.7758423686027527,4.619412422180176
3378996327.0,0.3886026740074157,0.656734049320221,10.14826202392578,2.1213064193725586,0.997303068637848,4.916767120361328
3379004660.0,0.7433635592460632,0.5612080693244934,10.251235961914062,2.4608492851257324,0.8288126587867737,4.933468341827393
3379012993.0,0.6267189979553223,0.4550932049751282,9.874046325683594,2.359006881713867,1.5116368532180786,4.9695329666137695
3379021326.0,0.3716088235378265,0.4628266990184784,9.666029930114746,2.441126108169556,1.910117506980896,5.101933002471924
3379029659.0,0.279776394367218,0.4610027372837066,9.784764289855955,2.594299554824829,2.121793508529663,5.191915512084961
3379037992.0,0.471996545791626,0.3089776039123535,9.863391876220703,2.651777744293213,1.300216794013977,5.233307838439941
3379046325.0,0.2525393664836883,0.5366225242614746,9.63592529296875,2.664098262786865,1.1986052989959717,5.229491710662842
3379054658.0,-0.0199361518025398,0.8567948937416077,9.628182411193848,2.8164772987365723,2.2431535720825195,5.214815139770508
3379062991.0,-0.1226402819156646,0.9772074818611144,10.17005443572998,2.8302576541900635,2.3849284648895264,5.29127311706543
3379071324.0,0.31417116522789,0.5085954666137695,10.383886337280272,2.55813217163086,1.145097255706787,5.130288124084473
3379079657.0,0.3865052759647369,0.5668734312057495,9.859505653381348,2.5089528560638428,0.5997188687324524,5.165789604187012
3379087990.0,0.1420977711677551,0.463961124420166,9.22032356262207,2.987375497817993,2.322737216949463,5.245296001434326
3379096323.0,-0.04232744500041,0.6050432324409485,9.824417114257812,3.356886148452759,2.5009868144989014,5.233205795288086
3379104656.0,0.0322969891130924,0.6061809659004211,10.058971405029297,2.8140182495117188,1.4433494806289673,5.057799816131592
3379112989.0,0.1652335971593856,0.6963045001029968,10.008939743041992,2.664123773574829,0.5517433881759644,5.007134437561035
3379121322.0,0.1642004251480102,0.7877531051635742,9.585094451904297,2.956074953079224,1.7678306102752686,4.959107875823975
3379129655.0,-0.0198952089995145,0.517033040523529,10.25265407562256,3.0259246826171875,2.483184814453125,5.1187615394592285
3379137988.0,-0.2965080142021179,0.5312148332595825,10.076864242553713,2.847419023513794,1.700849175453186,4.959517478942871
3379146321.0,0.0635753497481346,0.5153006315231323,10.2517728805542,2.811918020248413,0.7610885500907898,4.947146415710449
3379154654.0,0.1473866552114486,0.8331610560417175,9.806740760803224,2.979640245437622,0.7462835311889648,4.937182426452637
3379162987.0,0.2707047760486603,0.7201850414276123,9.783005714416504,3.3526856899261475,1.6777197122573853,4.962053298950195
3379171320.0,0.031357042491436,0.7710616588592529,9.924978256225586,3.0857088565826416,1.7396037578582764,4.894662380218506
3379179653.0,-0.0092370528727769,0.6210640668869019,9.97110080718994,3.1757168769836426,1.3457335233688354,4.961259841918945
3379187986.0,-0.0832609310746193,0.6516265869140625,10.061553001403809,3.016268253326416,0.976376175880432,4.9692254066467285
3379196319.0,-0.0112746991217136,0.8785566091537476,9.98397731781006,3.177612781524658,1.4913250207901,5.0923027992248535
3379204652.0,-0.2130798399448394,0.8479249477386475,10.230778694152832,3.095109224319458,1.4077712297439575,5.0767035484313965
3379212985.0,-0.1785254329442978,0.7637280821800232,10.246160507202148,2.8804614543914795,1.0845962762832642,5.11302375793457
3379221318.0,-0.034405943006277,0.7031376957893372,10.256035804748535,3.0516676902771,0.3669880032539367,5.221807956695557
3379229651.0,-0.0479870401322841,0.8043015599250793,9.840376853942873,2.9647836685180664,0.5090444684028625,5.11750602722168
3379237984.0,0.0310802944004535,0.6063849925994873,10.044303894042969,3.1336073875427246,0.8013798594474792,5.326135158538818
3379246317.0,-0.0916972383856773,0.8235704302787781,9.971646308898926,3.060094356536865,0.7357561588287354,5.281591892242432
3379254650.0,-0.0577497296035289,0.7899870276451111,10.281756401062012,2.961249351501465,0.4211620986461639,5.291990756988525
3379262983.0,-0.1551589518785476,1.1115899085998535,9.911139488220217,2.977668285369873,0.2570772767066955,5.270783424377441
3379271316.0,-0.2048952132463455,0.8930568099021912,10.002628326416016,2.9355580806732178,0.7126521468162537,5.275367736816406
3379279649.0,-0.4094187319278717,0.8435432314872742,10.240764617919922,2.73602294921875,0.3941646814346313,5.340298652648926
3379287982.0,-0.3914291262626648,0.9732397198677064,10.024545669555664,2.6178646087646484,0.0717070549726486,5.340401649475098
3379296315.0,-0.2260172963142395,1.0894125699996948,10.117264747619627,2.847240209579468,-0.5496302843093872,5.331181049346924
3379304648.0,-0.1564940065145492,1.0686091184616089,9.884218215942385,2.734460592269897,-0.4726338982582092,5.289608478546143
3379312981.0,-0.1920553147792816,0.92855966091156,9.781898498535156,2.408698797225952,-0.3865700364112854,5.414017200469971
3379321314.0,-0.2527506649494171,1.020366668701172,9.945049285888672,2.376014947891236,-0.3228162229061126,5.31015157699585
3379329647.0,-0.1352361589670181,1.092165231704712,9.998659133911133,2.491791248321533,-0.6112068891525269,5.203902721405029
3379337980.0,-0.275705337524414,1.0200330018997192,9.991928100585938,2.3017847537994385,-0.7507787942886353,5.124959468841553
3379346313.0,-0.24801766872406,1.0378841161727903,9.771852493286133,2.107219219207764,-0.4719935059547424,5.178289413452148
3379354646.0,-0.3338508009910583,0.9739758372306824,10.077811241149902,1.9659820795059204,-0.5236061215400696,5.191915512084961
3379362979.0,-0.2949998080730438,0.714336633682251,9.968244552612305,1.9271509647369385,-0.7435556054115295,5.061128616333008
3379371312.0,-0.2741532623767853,0.6335141062736511,9.87389087677002,1.9394714832305908,-1.0303583145141602,4.999834060668945
3379379645.0,0.0439408645033836,0.8721559047698975,9.821101188659668,2.0960769653320312,-1.102385401725769,5.142941474914551
3379387978.0,0.1431172490119934,0.9857133626937866,9.779653549194336,2.083141565322876,-1.3497933149337769,4.95908260345459
3379396311.0,0.1838854849338531,0.7646887898445129,9.461185455322266,2.018235445022583,-0.7271369099617004,4.982801914215088
3379404644.0,0.2273687273263931,0.6360892653465271,9.630473136901855,2.448887586593628,-0.6418927311897278,4.969686508178711
3379412977.0,0.1220653802156448,0.3389500379562378,9.646539688110352,2.349043130874634,-0.4535000622272491,5.012949466705322
3379421310.0,0.0725312530994415,0.3929427564144134,9.669164657592772,2.3978641033172607,-0.4563432335853576,5.027754306793213
3379429643.0,0.0828697010874748,0.6452697515487671,9.60705280303955,2.580211639404297,-0.0722577571868896,5.146655559539795
3379437976.0,0.0882692411541938,0.4609694480895996,10.135204315185549,2.609002113342285,-0.1982541978359222,5.224497318267822
3379446309.0,0.0909002944827079,0.7551882863044739,9.79752254486084,2.6093859672546387,-0.3507613241672516,5.0789313316345215
3379454642.0,0.3070769309997558,0.5675084590911865,9.906291961669922,2.8599703311920166,-0.2105746418237686,5.230081081390381
3379462975.0,0.3355295658111572,0.6023201942443848,9.602624893188477,2.9139649868011475,-0.1651093512773513,5.381819725036621
3379471308.0,0.6024261116981506,0.3621098399162292,9.600967407226562,2.725597858428955,0.0509851314127445,5.547748565673828
3379479641.0,0.3486131429672241,0.3770334720611572,9.351604461669922,2.9740302562713623,0.2717798054218292,5.606635570526123
3379487974.0,0.2355653494596481,0.4595195353031158,9.496468544006348,3.061579942703247,1.3789293766021729,5.667956352233887
3379496307.0,0.1136810630559921,0.4656156897544861,9.763859748840332,3.0750527381896973,1.1684317588806152,5.660348415374756
3379504640.0,-0.0807022750377655,0.6436015367507935,9.895878791809082,3.1618337631225586,1.031959056854248,5.557712554931641
3379512973.0,-0.0777461752295494,0.8344608545303345,10.118597984313965,2.939041376113892,1.067793369293213,5.584197044372559
3379521306.0,0.0275787971913814,1.1995272636413574,10.183424949645996,3.0550477504730225,1.0153353214263916,5.627408504486084
3379529639.0,0.2331482172012329,0.6692945957183838,10.229840278625488,2.986402034759521,1.0996062755584717,5.667930603027344
3379537972.0,0.2463325709104538,0.8512969613075256,9.853032112121582,2.8129680156707764,1.0087268352508545,5.599642753601074
3379546305.0,0.2458991259336471,0.7237801551818848,9.794581413269045,3.017779588699341,1.585815668106079,5.633914947509766
3379554638.0,0.2120405733585357,0.8950977325439453,9.829719543457031,2.9844810962677,2.0377790927886963,5.504563331604004
3379562971.0,0.1589149534702301,0.7990635633468628,10.235782623291016,2.88238263130188,2.3663580417633057,5.465629577636719
3379571304.0,-0.0970400050282478,0.9014067649841307,10.20804214477539,2.587562799453736,2.2128522396087646,5.507815361022949
3379579637.0,-0.2616357505321502,1.0025662183761597,10.176823616027832,2.712303876876831,2.563049793243408,5.417089939117432
3379587970.0,-0.3310460448265075,1.0559024810791016,10.290306091308594,2.612998008728028,2.20124888420105,5.2715253829956055
3379596303.0,-0.2288360744714737,0.9185734987258912,10.147581100463867,2.3314208984375,2.1868796348571777,5.251674652099609
3379604636.0,-0.0547709390521049,0.6872555613517761,10.29559326171875,2.423708915710449,1.97202742099762,5.219861507415772
3379612969.0,0.085919864475727,0.9507668018341064,9.966188430786133,2.457647562026977,2.3811635971069336,5.160308361053467
3379621302.0,-0.0115432441234588,0.9780285358428956,10.053193092346191,2.592429876327514,2.612741708755493,5.099807262420654
3379629635.0,-0.1366482973098755,1.2580009698867798,9.91143798828125,2.571784734725952,2.787123680114746,4.989179611206055
3379637968.0,-0.1454330384731292,0.9182928204536438,10.265399932861328,2.308009147644043,2.431879758834839,4.845483303070068
3379646301.0,-0.3237504959106445,0.9548998475074768,9.963597297668455,2.1451282501220703,2.65375018119812,5.018943309783936
3379654634.0,-0.4157814383506775,0.8252618312835693,10.0889253616333,2.2696897983551025,3.137500047683716,5.052010536193848
3379662967.0,-0.6376164555549622,1.1846413612365725,10.33642864227295,2.429779052734375,2.9545891284942627,5.047502517700195
3379671300.0,-0.4779442548751831,1.091162085533142,10.441407203674316,2.031734228134156,2.521298885345459,5.037001132965088
3379679633.0,-0.3562281727790832,0.9741469621658324,10.280158042907717,1.8544576168060305,2.0411086082458496,4.946582317352295
3379687966.0,-0.2989841997623443,0.9088948369026184,9.98161792755127,2.054300308227539,2.662151575088501,5.133746147155762
3379696299.0,-0.3554084599018097,0.719584584236145,9.93350887298584,2.1436684131622314,2.7081801891326904,5.266735076904297
3379704632.0,-0.4700705111026764,0.7816649675369263,9.782580375671388,1.8843241930007928,2.4066240787506104,5.3139424324035645
3379712965.0,-0.6140586137771606,0.8448237776756287,9.756426811218262,1.9044313430786133,2.255756139755249,5.275290489196777
3379721298.0,-0.8001894950866699,0.8178135752677917,9.70742416381836,2.036652088165283,2.725034475326538,5.294347286224365
3379729631.0,-0.8927385807037354,0.6699367165565491,9.785390853881836,2.2538609504699707,2.327322483062744,5.347856044769287
3379737964.0,-1.1163740158081057,0.641136884689331,9.928449630737305,2.0752270221710205,1.7544084787368774,5.316887378692627
3379746297.0,-0.8896721005439758,0.6953263878822327,9.771062850952148,2.0741000175476074,1.2728354930877686,5.428232669830322
3379754630.0,-0.7230205535888672,0.7115087509155273,9.78027057647705,2.20721697807312,0.9079862833023072,5.320038318634033
3379762963.0,-0.5499438643455505,0.462499588727951,9.53183650970459,2.267590045928955,1.0096491575241089,5.35205602645874
3379771296.0,-0.5839641690254211,0.502458393573761,9.61180305480957,2.5451717376708984,1.1444058418273926,5.3731369972229
3379779629.0,-0.813788652420044,0.7145545482635498,9.652338981628418,2.590303421020508,1.1443030834197998,5.221653938293457
3379787962.0,-0.7512768507003784,0.7053019404411316,9.880784034729004,2.6506764888763428,0.8483307361602783,5.237278938293457
3379796295.0,-0.8013680577278137,0.8890952467918396,9.851460456848145,2.46015739440918,0.3537453711032867,5.277697563171387
3379804628.0,-0.9024837613105774,0.8886408805847168,9.762713432312012,2.366819381713867,0.0831310003995895,5.318552494049072
3379812961.0,-0.8904656767845154,1.08488130569458,9.692242622375488,2.241360902786255,0.1029308065772056,5.165507316589356
3379821294.0,-0.7103390097618103,0.8044902682304382,9.855741500854492,1.9933125972747805,-0.0983586683869361,5.267477989196777
3379829627.0,-0.6708444356918335,0.7171727418899536,9.756458282470703,1.851563572883606,-0.5312392115592957,5.226726055145264
3379837960.0,-0.4351783692836761,0.4901770651340484,9.813692092895508,1.9894194602966309,-0.4885147213935852,5.278722286224365
3379846293.0,-0.531836748123169,0.603243887424469,9.632338523864746,2.268204689025879,-0.4632078409194946,5.086948871612549
3379854626.0,-0.5441360473632812,0.5594072341918945,9.797731399536133,2.395942687988281,-0.1772761195898056,5.126803874969482
3379862959.0,-0.5390372276306152,0.6175301671028137,9.801108360290527,2.3895394802093506,-0.7225775718688965,5.16791582107544
3379871292.0,-0.5606796145439148,0.6156190037727356,9.794305801391602,2.3289616107940674,-0.8365352749824524,5.0916361808776855
3379879625.0,-0.3824904263019562,0.5753446221351624,9.849733352661133,2.609668016433716,-0.6729372143745422,5.209615230560303
3379887958.0,-0.4001204669475555,0.6929349899291992,9.877387046813965,2.667274475097656,-0.6827218532562256,5.210844993591309
3379896291.0,-0.2544921934604645,0.7251012921333313,9.91700553894043,2.598474502563477,-0.6803396940231323,5.308204174041748
3379904624.0,-0.3975028991699219,0.7913480997085571,9.75917911529541,2.6272904872894287,-0.46551313996315,5.298470973968506
3379912957.0,-0.2511062622070312,0.7414445281028748,9.896105766296388,2.641327142715454,-0.2671820819377899,5.30571985244751
3379921290.0,-0.3601732552051544,0.7834181785583496,9.898157119750977,2.638099670410156,-0.4608512818813324,5.284562110900879
3379929623.0,-0.3031861484050751,0.600166916847229,9.783124923706056,2.4827237129211426,-0.1525583863258361,5.497801303863525
3379937956.0,-0.3110960125923157,0.4596927464008331,9.768111228942873,2.6527767181396484,-0.3791931271553039,5.522416114807129
3379946289.0,-0.2915546298027038,0.5157228708267212,9.715537071228027,2.8323326110839844,-0.0982818230986595,5.556098937988281
3379954622.0,-0.4118971526622772,0.4585790038108825,9.699447631835938,2.962042808532715,-0.3351878225803375,5.598592758178711
3379962955.0,-0.535872220993042,0.7098681330680847,9.73360824584961,3.059633255004883,0.1927855312824249,5.621440887451172
3379971288.0,-0.3783681988716125,0.7712557911872864,10.132573127746582,2.919395685195923,0.1273668110370636,5.583558559417725
3379979621.0,-0.3875467479228973,1.1402406692504885,10.101731300354004,2.770089864730835,-0.075357086956501,5.506894111633301
3379987954.0,-0.2179273217916488,0.9775538444519044,9.939605712890623,2.957714319229126,0.101829394698143,5.501617908477783
3379996287.0,-0.5675880908966064,0.9416247606277466,9.890366554260254,2.7804386615753174,0.3240329325199127,5.466270446777344
3380004620.0,-0.5941932797431946,0.6937251091003418,9.983353614807127,2.6412503719329834,0.8883145451545715,5.5205979347229
3380012953.0,-0.6641418933868408,0.7813774943351746,10.10037612915039,2.6415064334869385,0.6088632345199585,5.482253074645996
3380021286.0,-0.228091225028038,0.7698795199394226,10.129071235656738,2.863787174224853,0.3343554437160492,5.334665298461914
3380029619.0,-0.1972183138132095,0.9825194478034972,9.995226860046388,2.8181681632995605,0.1639439314603805,5.285587310791016
3380037952.0,-0.3725428879261017,1.0982191562652588,9.948562622070312,2.4255526065826416,1.3991903066635132,5.253876209259033
3380046285.0,-0.5547898411750793,1.1353963613510132,10.259406089782717,2.373504638671875,1.573879599571228,5.038563251495361
3380054618.0,-0.6924957633018494,0.9318038821220398,10.202507972717283,2.311441421508789,1.1447643041610718,5.0991926193237305
3380062951.0,-0.582044780254364,0.5576145648956299,10.08574390411377,2.2403876781463623,0.5380910038948059,5.094633102416992
3380071284.0,-0.5500456094741821,0.5385457873344421,9.648624420166016,2.305319309234619,0.8954864740371704,5.14916467666626
3380079617.0,-0.1795960813760757,0.5461893081665039,9.68150520324707,2.8768246173858643,1.3205547332763672,5.208949565887451
3380087950.0,-0.4192451238632202,0.57529616355896,9.713784217834473,2.775827407836914,1.0496840476989746,4.969661235809326
3380096283.0,-0.6598111391067505,0.6649655699729919,9.680353164672852,2.7191176414489746,1.8511278629302976,5.05600643157959
3380104616.0,-0.7259078025817871,0.7513698935508728,10.226421356201172,2.9411163330078125,1.6892973184585571,5.112947463989258
3380112949.0,-0.5713463425636292,1.0018044710159302,10.457133293151855,2.740607976913452,1.5096391439437866,5.043225288391113
3380121282.0,-0.5151816606521606,0.900470495223999,10.32907485961914,2.738558530807495,1.1765000820159912,5.19329833984375
3380129615.0,-0.6208491325378418,1.0779650211334229,9.947078704833984,2.68866229057312,1.4768527746200562,5.176957130432129
3380137948.0,-0.3801641762256622,0.9678146839141846,10.24817180633545,2.750520706176758,1.5536444187164309,5.326826095581055
3380146281.0,-0.3319428265094757,1.0026063919067385,9.984169006347656,2.5450432300567627,0.944179117679596,5.292938232421875
3380154614.0,-0.2535994052886963,0.8502057790756226,9.60890769958496,2.309981346130371,1.298936367034912,5.357486248016357
3380162947.0,-0.5518794059753418,0.746649980545044,9.803018569946287,2.3806002140045166,1.961064338684082,5.426184177398682
3380171280.0,-1.025423884391785,0.642672061920166,9.671955108642578,2.2795004844665527,2.371814489364624,5.356923580169678
3380179613.0,-0.822767972946167,0.5456594824790955,10.05935287475586,2.4896140098571777,1.565221905708313,5.425953388214111
3380187946.0,-0.8157413005828857,0.8210963010787964,10.05228328704834,2.446889638900757,0.8070917725563049,5.490731716156006
3380196279.0,-0.7147606611251831,0.7371309995651245,9.953070640563965,2.4813151359558105,1.3917109966278076,5.632378578186035
3380204612.0,-0.6457765698432922,1.0918010473251345,9.825414657592772,2.654902696609497,1.4332829713821411,5.555612564086914
3380212945.0,-0.655480682849884,0.8853016495704651,10.073376655578612,2.569274425506592,1.4544917345046997,5.515988349914551
3380221278.0,-0.740591824054718,0.8465058207511902,9.54788303375244,2.314361333847046,0.9004555344581604,5.408202648162842
3380229611.0,-0.6148011088371277,0.938389539718628,9.857484817504885,2.350374937057495,1.28971529006958,5.529716968536377
3380237944.0,-0.6513262391090393,0.7098731398582458,9.874457359313965,2.59583592414856,1.3303391933441162,5.626716613769531
3380246277.0,-0.6568139791488647,0.793586015701294,9.785975456237791,2.472503900527954,1.1221468448638916,5.569906234741211
3380254610.0,-0.5829814076423645,0.5722112655639648,9.962738037109377,2.6773409843444824,0.8706150650978088,5.57420825958252
3380262943.0,-0.8419241309165955,0.7897447943687439,9.667600631713867,2.5951192378997803,0.9734307527542114,5.4915771484375
3380271276.0,-0.7469038963317871,0.92403644323349,10.0216703414917,2.6945793628692627,1.3197863101959229,5.553921699523926
3380279609.0,-0.8125893473625183,0.8282243013381958,9.965576171875,2.6241910457611084,0.760012686252594,5.376107692718506
3380287942.0,-0.5317720770835876,0.7566286325454712,9.865845680236816,2.5309042930603027,0.3433716595172882,5.441168308258057
3380296275.0,-0.6757259368896484,0.6446924209594727,9.811530113220217,2.3976075649261475,0.687857449054718,5.414810180664063
3380304608.0,-0.7743576765060425,1.1313145160675049,9.67185401916504,2.702827215194702,1.587147831916809,5.438504695892334
3380312941.0,-0.5880321264266968,0.921649694442749,10.17935848236084,2.8314616680145264,0.824816882610321,5.435225486755371
3380321274.0,-0.6468342542648315,0.8103179931640625,9.755560874938965,2.527369260787964,0.144784465432167,5.309075355529785
3380329607.0,-0.4456397593021393,0.5378172397613525,9.378920555114746,2.493942975997925,0.5243106484413147,5.496981620788574
3380337940.0,-0.5000024437904358,0.5182478427886963,9.633283615112305,2.821522951126098,1.12596333026886,5.597746849060059
3380346273.0,-0.4740985333919525,0.7174872159957886,9.936490058898926,2.9737741947174072,1.0985305309295654,5.717289447784424
3380354606.0,-0.5912385582923889,0.7871719598770142,10.027454376220703,2.830411195755005,0.3942158818244934,5.700230121612549
3380362939.0,-0.7275688648223877,1.0890783071517944,9.823721885681152,2.711996555328369,1.0485315322875977,5.732555389404297
3380371272.0,-0.4591183364391327,0.9681234359741212,9.915604591369627,2.956740617752075,1.0490437746047974,5.788880348205566
3380379605.0,-0.5451509952545166,0.8253546357154846,10.026927947998049,2.7927074432373047,0.4600445032119751,5.771591663360596
3380387938.0,-0.509712815284729,0.6637453436851501,9.434642791748049,2.6927602291107178,0.6682369709014893,6.025684356689453
3380396271.0,-0.5684212446212769,0.6765530705451965,9.510096549987791,3.0385522842407227,0.9376474022865297,6.077245712280273
3380404604.0,-0.4910003542900085,0.6284275650978088,9.64900016784668,3.11470365524292,0.9903103113174438,6.168894290924072
3380412937.0,-0.6023009419441223,0.616612434387207,9.83740520477295,3.1948251724243164,0.6150105595588684,6.127782344818115
3380421270.0,-0.7376161813735962,0.9962913990020752,9.696870803833008,3.113781452178955,0.9932559132575988,6.270684242248535
3380429603.0,-0.64748615026474,1.1557419300079346,9.996050834655762,3.2605772018432617,0.9856999516487122,6.27265739440918
3380437936.0,-0.6749507784843445,1.0284050703048706,9.874560356140137,2.987759590148926,0.4912938475608825,6.220993041992188
3380446269.0,-0.4784115850925445,1.0409759283065796,9.764409065246582,3.0747201442718506,0.543265163898468,6.293251514434815
3380454602.0,-0.542008638381958,0.9596412777900696,9.849170684814451,2.958789825439453,0.6702348589897156,6.363049507141113
3380462935.0,-0.6461117267608643,1.1351240873336792,9.75384521484375,2.859202146530152,1.113207459449768,6.43000602722168
3380471268.0,-0.6347484588623047,1.0255510807037354,10.053949356079102,2.8039774894714355,0.8024811744689941,6.406670570373535
3380479601.0,-0.7943412661552429,0.8999853730201721,9.826486587524414,2.7122530937194824,0.3522341847419739,6.447577476501465
3380487934.0,-0.7370653748512268,1.0730364322662354,9.90695571899414,2.7575387954711914,0.4703157246112823,6.54268217086792
3380496267.0,-0.8226005434989929,1.1826940774917605,9.679125785827637,2.858305215835572,0.9049380421638488,6.41238260269165
3380504600.0,-0.4549616277217865,1.3679102659225464,10.174134254455566,2.986350774765014,0.6523305177688599,6.248835563659668
3380512933.0,-0.2851060926914215,0.9504435658454896,10.001391410827637,2.379600763320923,-0.0116032473742961,6.262436389923096
3380521266.0,-0.6985030770301819,0.816921055316925,9.657488822937012,2.319509744644165,1.0466103553771973,6.454390048980713
3380529599.0,-0.6978619694709778,1.1251912117004397,9.93842887878418,2.9107632637023926,1.796006202697754,6.545833587646484
3380537932.0,-0.757047176361084,1.1152454614639282,10.28606414794922,3.1872434616088867,0.3786936700344085,6.390611171722412
3380546265.0,-0.6024338006973267,1.0261332988739014,9.74445915222168,2.700547218322754,-0.2692824602127075,6.462765693664551
3380554598.0,-0.3496312499046325,0.8873143196105957,9.644523620605469,2.781231641769409,0.3948562145233154,6.482155799865723
3380562931.0,-0.5426579117774963,1.064562201499939,9.839768409729004,2.882126569747925,1.0834437608718872,6.570730209350586
3380571264.0,-0.6126971244812012,1.1148459911346436,10.08192253112793,3.250997304916382,1.2124370336532593,6.5746750831604
3380579597.0,-0.6344654560089111,1.2100406885147097,10.26219654083252,2.9538464546203613,0.2871483862400055,6.778948783874512
3380587930.0,-0.6219615340232849,1.5832240581512451,10.13918399810791,2.6795945167541504,0.3747490644454956,6.791550159454346
3380596263.0,-0.3742180466651916,1.3334852457046509,10.166117668151855,2.6784164905548096,0.6138067245483398,6.891292095184326
3380604596.0,-0.4188906252384186,1.445447325706482,10.048291206359863,2.6100013256073,1.0781160593032837,7.031223297119141
3380612929.0,-0.3819226622581482,1.1360656023025513,10.030211448669434,2.411516666412353,1.0297563076019287,7.050920486450195
3380621262.0,-0.7246450781822205,0.999849259853363,9.690160751342772,2.2507357597351074,0.703815221786499,7.059706211090088
3380629595.0,-0.5784711241722107,0.9319729804992676,9.69131851196289,2.5219650268554688,1.1690465211868286,7.346765041351318
3380637928.0,-0.5679527521133423,0.8544920682907104,9.964447021484377,2.576754093170166,0.7911341786384583,7.366258144378662
3380646261.0,-0.5820577144622803,1.188076138496399,9.725104331970217,2.709692001342773,0.6151131987571716,7.488028526306152
3380654594.0,-0.6175345182418823,1.180033564567566,9.761820793151855,2.860482931137085,0.8690527081489563,7.450707912445068
3380662927.0,-0.7908595204353333,1.1812351942062378,9.84618091583252,2.641993522644043,1.0622097253799438,7.589152812957764
3380671260.0,-0.86557537317276,1.3188730478286743,9.966804504394531,2.5630760192871094,1.021175742149353,7.542253494262695
3380679593.0,-0.6573557257652283,1.1957396268844604,10.052896499633787,2.681746482849121,0.4442918002605438,7.634157180786133
3380687926.0,-0.6527759432792664,1.3103410005569458,9.750899314880373,2.487001657485962,0.3981349468231201,7.671169757843018
3380696259.0,-0.3971967101097107,0.9654420614242554,9.78297519683838,2.4408953189849854,0.7530968189239502,7.853209018707275
3380704592.0,-0.4491110444068908,0.9789035320281982,9.827107429504396,2.668298721313477,0.5820193886756897,7.817220687866211
3380712925.0,-0.5686567425727844,1.027196168899536,9.75793170928955,2.743732690811157,0.739751935005188,7.857255935668945
3380721258.0,-0.7011163830757141,1.1147572994232178,9.898537635803224,2.647449016571045,1.0294746160507202,7.935047626495361
3380729591.0,-0.8122274279594421,1.518496036529541,9.931241989135742,2.681848526000977,0.9914373159408568,7.812559127807617
3380737924.0,-0.5132074952125549,1.1490992307662964,10.153212547302246,2.951361656188965,0.317193865776062,7.852773666381836
3380746257.0,-0.4707990884780884,1.070982813835144,9.698564529418944,2.612997770309448,-0.1554015576839447,7.791760444641113
3380754590.0,-0.6731955409049988,1.115053415298462,9.465775489807127,2.567993402481079,1.21428120136261,7.940989017486572
3380762923.0,-0.7166491150856018,1.0797923803329468,9.81235694885254,3.091983795166016,1.4672987461090088,7.999671459197998
3380771256.0,-0.7083616852760315,0.975123405456543,10.028276443481444,3.0232863426208496,0.588013231754303,7.946162700653076
3380779589.0,-0.2899015843868255,0.9682621359825134,9.919092178344728,3.175844669342041,-0.1895197331905365,7.922367095947266
3380787922.0,-0.3755456805229187,1.2216509580612185,9.449435234069824,3.2572216987609863,0.3323575556278229,7.991885662078857
3380796255.0,-0.6362171769142151,1.5813047885894775,9.737009048461914,3.4733545780181885,1.684840440750122,8.0538969039917
3380804588.0,-0.7423179149627686,1.3374948501586914,10.178594589233398,3.3599603176116943,1.413662672042847,8.13875675201416
3380812921.0,-0.6841684579849243,1.4154818058013916,10.40597152709961,2.7910680770874023,0.3076910078525543,8.212321281433105
3380821254.0,-0.2230813652276992,1.3940706253051758,10.121086120605469,2.891347646713257,0.1875602304935455,8.308655738830566
3380829587.0,-0.2265577763319015,1.520805597305298,9.73813247680664,3.161475896835327,0.9518123865127563,8.434473991394043
3380837920.0,-0.4703664779663086,1.5287736654281616,9.867525100708008,3.1151137351989746,1.7936497926712036,8.593307495117188
3380846253.0,-0.6936973929405212,1.3029125928878784,9.790878295898438,2.693068265914917,1.152064323425293,8.593256950378418
3380854586.0,-0.9436806440353394,1.3605616092681885,9.761043548583984,2.5136659145355225,0.7305051684379578,8.590771675109863
3380862919.0,-0.5560418367385864,1.3029171228408811,9.798806190490724,2.722217321395874,0.8474599719047546,8.674248695373535
3380871252.0,-0.5357248187065125,1.4185150861740112,9.929516792297363,2.744654893875122,0.7206950187683105,8.743509292602539
3380879585.0,-0.6183243989944458,1.5938665866851809,9.771332740783691,2.485746383666992,0.9980202913284302,8.821043014526367
3380887918.0,-0.6680132150650024,1.4768394231796265,9.706222534179688,2.349684000015259,0.991104543209076,8.833826065063477
3380896251.0,-0.6108942627906799,1.3422083854675293,9.96567153930664,2.4756290912628174,0.9749931693077089,8.919095993041992
3380904584.0,-0.5349828004837036,1.2928190231323242,10.0123872756958,2.353193044662476,0.8120098114013672,8.919378280639648
3380912917.0,-0.6987621188163757,1.4765310287475586,9.859743118286133,2.577932119369507,0.7404179573059082,8.88231372833252
3380921250.0,-0.8034024834632874,1.7190479040145874,9.825461387634276,2.569504976272583,1.2693777084350586,8.917045593261719
3380929583.0,-0.6136427521705627,1.2781169414520264,9.800308227539062,2.219179391860962,0.938749134540558,8.910027503967285
3380937916.0,-0.5210332870483398,1.0542194843292236,9.66598892211914,2.2502236366271973,0.5007199645042419,9.052827835083008
3380946249.0,-0.213941752910614,1.0917820930480957,9.676713943481444,2.6681456565856934,0.7236149907112122,9.180720329284668
3380954582.0,-0.3950380980968475,1.0674139261245728,9.754733085632324,2.836226224899292,1.0702526569366455,9.121167182922363
3380962915.0,-0.6805630922317505,1.4220795631408691,9.586679458618164,2.898519515991211,1.641987681388855,9.071754455566406
3380971248.0,-0.614589512348175,1.3051093816757202,10.144969940185549,3.0563035011291504,1.198810338973999,8.996450424194336
3380979581.0,-0.5891717672348022,1.3430638313293457,10.033997535705566,2.6281871795654297,0.826635479927063,9.005722999572754
3380987914.0,-0.5632197856903076,1.6497176885604858,9.773954391479492,2.65928316116333,1.421603083610535,8.983925819396973
3380996247.0,-0.5557478666305542,1.4465819597244265,9.893718719482422,2.953488349914551,1.7118122577667236,8.948500633239746
3381004580.0,-0.5958184003829956,1.4035488367080688,9.984111785888672,2.951951503753662,1.3581310510635376,8.957133293151855
3381012913.0,-0.5289198756217957,0.8988534808158875,9.874939918518066,2.688431978225708,0.811190128326416,9.103594779968262
3381021246.0,-0.6243231296539307,1.171728253364563,9.310591697692873,2.8700883388519287,1.1810085773468018,9.038100242614746
3381029579.0,-0.619839072227478,1.4235186576843262,9.681170463562012,3.2372424602508545,1.9450809955596924,9.174315452575684
3381037912.0,-0.6061213612556458,1.3608675003051758,10.062097549438477,3.030510425567627,1.3817728757858276,9.006516456604004
3381046245.0,-0.6099493503570557,1.5707266330718994,10.227502822875977,2.756975173950196,1.0055508613586426,9.191219329833984
3381054578.0,-0.5714917182922363,1.7149635553359983,10.117670059204102,2.7708327770233154,1.2043685913085938,9.36793327331543
3381062911.0,-0.6418871283531189,1.7988784313201904,9.959153175354004,2.869908571243286,1.435869812965393,9.224082946777344
3381071244.0,-0.6574090123176575,1.6802818775177002,9.857308387756348,2.761303901672364,1.3586941957473757,9.35691738128662
3381079577.0,-0.5119454860687256,1.2348178625106812,9.767316818237305,2.2094967365264893,0.9258906245231628,9.442419052124023
3381087910.0,-0.5192564129829407,1.2406635284423828,9.584498405456545,2.36190152168274,1.0980949401855469,9.406610488891602
3381096243.0,-0.6274568438529968,1.2084838151931765,9.573314666748049,2.503061294555664,1.869698166847229,9.500357627868652
3381104576.0,-0.8559107184410095,1.005757451057434,9.76198673248291,2.750674247741699,1.635481834411621,9.577765464782717
3381112909.0,-0.8347110152244568,1.2785850763320925,9.970810890197754,2.645322799682617,1.14732563495636,9.617133140563965
3381121242.0,-0.6355137228965759,1.3416298627853394,10.08876132965088,2.739839553833008,0.4452906847000122,9.659704208374023
3381129575.0,-0.626390814781189,1.421227216720581,9.816643714904783,2.8992886543273926,1.0241214036941528,9.665853500366213
3381137908.0,-0.6012597680091858,1.6072815656661987,9.911259651184082,2.860764741897583,1.5324102640151978,9.66016674041748
3381146241.0,-0.6635406017303467,1.442282795906067,9.962066650390623,2.739942073822021,1.1128746271133425,9.71106243133545
3381154574.0,-0.6481217741966248,1.4162185192108154,9.795450210571287,2.610923290252685,0.85276198387146,9.746973037719728
3381162907.0,-0.599686324596405,1.3727775812149048,9.890847206115724,2.7012135982513428,0.8864190578460693,9.857216835021973
3381171240.0,-0.6925750374794006,1.3040388822555542,9.800410270690918,2.8042593002319336,1.080677509307861,9.84328269958496
3381179573.0,-0.7803068161010742,1.3895282745361328,9.797956466674805,2.7534666061401367,1.1757574081420898,9.897123336791992
3381187906.0,-0.708533525466919,1.1497647762298584,9.87221336364746,2.773496627807617,0.9380316138267516,9.814542770385742
3381196239.0,-0.5445177555084229,1.1067858934402466,9.791159629821776,2.858356714248657,0.7666724920272827,9.894125938415527
3381204572.0,-0.4155443906784057,1.4742501974105835,9.995418548583984,3.025771379470825,1.082649827003479,9.806269645690918
3381212905.0,-0.6611189246177673,1.8028855323791504,9.873793601989746,3.176332235336304,1.2885115146636963,9.777660369873049
3381221238.0,-0.9940305352211,1.936995506286621,9.96194076538086,2.93432879447937,1.5487264394760132,9.566186904907228
3381229571.0,-0.839819073677063,1.4909844398498535,10.166573524475098,2.6837704181671143,1.1831600666046145,9.724995613098145
3381237904.0,-0.652104377746582,1.2823729515075684,9.938291549682615,2.752262830734253,0.2725226581096649,9.80217170715332
3381246237.0,-0.5430505871772766,1.2832753658294678,9.747291564941406,3.1025373935699463,0.4788197875022888,9.81492805480957
3381254570.0,-0.5821258425712585,1.3043705224990845,9.593411445617676,3.428478717803955,1.0172054767608645,9.818181037902832
3381262903.0,-0.7495154142379761,1.60426664352417,9.861191749572754,3.2142410278320312,1.159415602684021,9.828707695007324
3381271236.0,-0.8497684597969055,1.7042455673217771,10.029512405395508,2.992319345474243,0.7301466464996338,9.914772033691406
3381279569.0,-0.7383245229721069,1.6690340042114258,9.833613395690918,3.02382493019104,0.575462281703949,9.895458221435549
3381287902.0,-0.7541714310646057,1.629588961601257,9.976384162902832,3.0611958503723145,0.6767922043800354,10.022377014160156
3381296235.0,-0.657254159450531,1.5628148317337036,9.963011741638184,3.01888108253479,0.6843739748001099,10.139819145202637
3381304568.0,-0.5568119287490845,1.5725476741790771,9.964247703552246,2.9108402729034424,0.3189869225025177,10.142969131469728
3381312901.0,-0.6035090088844299,1.9240111112594604,9.71896266937256,2.771857500076294,0.4286927282810211,10.245017051696776
3381321234.0,-0.5140658617019653,1.6283998489379885,9.746785163879396,2.7518527507781982,0.5744376182556152,10.285026550292969
3381329567.0,-0.6219699382781982,1.4815707206726074,9.73608112335205,2.572988748550415,0.6675199270248413,10.45469570159912
3381337900.0,-0.6738736033439636,1.502453088760376,9.840413093566896,2.7642757892608643,0.6576070785522461,10.515552520751951
3381346233.0,-0.6219466328620911,1.461741328239441,9.874382972717283,2.868705034255981,0.3139152824878692,10.629921913146973
3381354566.0,-0.6519824862480164,1.5688222646713257,9.784513473510742,2.86478590965271,0.439834862947464,10.85865592956543
3381362899.0,-0.585383415222168,1.6614089012145996,9.89462661743164,2.865093231201172,0.6578119993209839,10.84477424621582
3381371232.0,-0.6080824136734009,1.5075887441635132,9.889678001403809,2.89180874824524,0.6463111639022827,10.740727424621582
3381379565.0,-0.4808683693408966,1.6128321886062622,9.865785598754885,2.8932690620422363,0.6486164927482605,10.853918075561523
3381387898.0,-0.5672405362129211,1.5275334119796753,9.805944442749023,2.8415026664733887,0.4533592462539673,10.936216354370115
3381396231.0,-0.6435900330543518,1.6820125579833984,9.530451774597168,2.909841299057007,0.8293505907058716,10.935192108154297
3381404564.0,-0.5736656188964844,1.7291476726531982,9.866910934448242,2.9212911128997803,1.0220208168029783,10.980093955993652
3381412897.0,-0.4862005114555359,1.544769287109375,9.914822578430176,2.756924152374268,0.4817653596401214,11.148967742919922
3381421230.0,-0.5261263847351074,1.5946780443191528,9.68763828277588,2.7754945755004883,0.5489515066146851,11.110931396484377
3381429563.0,-0.5693514347076416,1.699995994567871,9.794755935668944,2.9994654655456543,1.0138499736785889,11.043744087219238
3381437896.0,-0.7805992364883423,1.8793257474899288,9.978689193725586,3.0314319133758545,0.9253783822059632,11.140463829040527
3381446229.0,-0.8875942826271057,2.0303304195404053,10.145651817321776,2.6721670627593994,0.7905706167221069,11.000661849975586
3381454562.0,-0.6132557392120361,1.9018796682357788,10.06639003753662,2.511232614517212,0.4844036996364593,11.172225952148438
3381462895.0,-0.5367904901504517,1.826539397239685,9.837912559509276,2.510284900665283,0.4938040673732757,11.119101524353027
3381471228.0,-0.5856408476829529,1.7497732639312744,9.77761173248291,2.6178133487701416,1.1614646911621094,11.113747596740724
3381479561.0,-0.6494239568710327,1.445324420928955,9.768278121948242,2.722703695297241,0.991181254386902,11.18321418762207
3381487894.0,-0.6328212022781372,1.5049487352371216,9.921195030212402,2.85123610496521,0.5607340335845947,11.213823318481444
3381496227.0,-0.5890396237373352,1.479610800743103,9.775367736816406,2.8857383728027344,0.4685996472835541,11.25570297241211
3381504560.0,-0.7012735605239868,1.6608831882476809,9.754148483276367,3.134119749069214,0.8551697134971619,11.35068130493164
3381512893.0,-0.8760573267936707,1.9300847053527832,9.855292320251465,3.181454658508301,1.0383883714675903,11.31466579437256
3381521226.0,-0.5665268301963806,1.5732529163360596,10.169631958007812,3.101205348968506,0.3918594121932983,11.276911735534668
3381529559.0,-0.44914111495018,1.4397261142730713,9.744584083557127,2.96201753616333,-0.2297852784395218,11.313462257385254
3381537892.0,-0.3686516582965851,1.7657064199447632,9.687131881713867,3.175743103027344,1.1024240255355835,11.565072059631348
3381546225.0,-0.3755396902561188,1.7650234699249268,9.911574363708496,3.2671852111816406,1.4567198753356934,11.60251808166504
3381554558.0,-0.5427153706550598,1.8340007066726685,9.93496322631836,3.217519760131836,1.1403331756591797,11.551804542541504
3381562891.0,-0.2965006530284881,1.7371041774749756,9.957716941833496,3.049515724182129,0.7085282802581787,11.569684028625488
3381571224.0,-0.4080979824066162,1.8731968402862549,9.777580261230469,2.9045393466949463,0.8352931141853333,11.579466819763184
3381579557.0,-0.7635926604270935,2.084465980529785,9.890557289123535,2.9652445316314697,2.080580234527588,11.714299201965332
3381587890.0,-0.7039905190467834,2.039235115051269,10.188937187194824,2.831871271133423,1.9661613702774048,11.725696563720703
3381596223.0,-0.5038037896156311,1.6613593101501465,10.197901725769045,2.438847064971924,0.6784571409225464,11.700827598571776
3381604556.0,-0.3421720266342163,1.6955156326293943,9.600975036621094,2.5341830253601074,0.5385521650314331,11.866166114807127
3381612889.0,-0.5958603620529175,1.7032417058944702,9.463455200195312,2.8458058834075928,1.760248780250549,11.868856430053713
3381621222.0,-1.1391406059265137,1.907543659210205,9.824724197387695,2.8511080741882324,2.489229917526245,11.75003147125244
3381629555.0,-1.1259043216705322,1.9490208625793457,10.29104232788086,2.3528084754943848,1.6687545776367188,11.792780876159668
3381637888.0,-0.7440256476402283,1.7525160312652588,10.1217622756958,2.015289783477783,0.2797971367835998,11.836736679077148
3381646221.0,-0.5297911167144775,1.661396026611328,9.815966606140137,2.177376508712769,0.6880112290382385,11.928946495056152
3381654554.0,-0.4390746653079986,1.7493613958358765,9.843022346496582,2.4963510036468506,1.6307944059371948,11.83635139465332
3381662887.0,-0.8302931785583496,1.7761948108673096,9.993687629699709,2.597219705581665,1.3742165565490725,11.938705444335938
3381671220.0,-1.063554048538208,2.0795133113861084,9.977093696594238,2.320253372192383,0.9008655548095704,11.745575904846191
3381679553.0,-0.9525851011276244,2.042869806289673,10.153850555419922,1.992902755737305,0.6771251559257507,11.715760231018066
3381687886.0,-0.8968007564544678,2.3440072536468506,9.995725631713867,2.019669771194458,0.8298373222351074,11.711201667785645
3381696219.0,-0.7538516521453857,2.291249990463257,10.07497215270996,1.862321734428405,0.9347788691520692,11.718194961547852
3381704552.0,-0.8251013159751892,1.848616600036621,9.917200088500977,1.6479815244674685,0.3750308752059936,11.6123046875
3381712885.0,-0.8782488107681274,1.6550973653793335,9.601092338562012,1.7292811870574951,0.4417047202587127,11.776618957519531
3381721218.0,-0.7897634506225586,1.4556816816329956,9.744695663452148,1.8537663221359253,0.4636048674583435,11.685893058776855
3381729551.0,-0.6757453680038452,1.409936547279358,9.73843002319336,2.1592676639556885,0.3639655113220215,11.702262878417969
3381737884.0,-0.5943843722343445,1.6503819227218628,9.948413848876951,2.2812678813934326,0.4683947563171386,11.690888404846191
3381746217.0,-0.5863451957702637,2.022268056869507,10.208234786987305,2.233933210372925,0.5964659452438354,11.64486026763916
3381754550.0,-0.6859870553016663,2.039687156677246,9.941219329833984,2.217590570449829,0.6086582541465759,11.49632167816162
3381762883.0,-0.5687471032142639,1.982786774635315,10.008618354797363,2.039315938949585,0.403027206659317,11.521860122680664
3381771216.0,-0.3122525513172149,1.7513962984085083,9.906790733337402,1.8239258527755733,0.2112278044223785,11.633947372436523
3381779549.0,-0.3186499178409576,1.925281643867493,9.786334991455078,1.8639609813690183,0.5263853669166565,11.752337455749512
3381787882.0,-0.4758762121200561,1.99132239818573,9.861141204833984,1.8059959411621087,1.3281110525131226,11.829283714294434
3381796215.0,-0.5241970419883728,1.746596097946167,9.905647277832031,1.876204490661621,1.2208898067474363,11.821317672729492
3381804548.0,-0.5697011351585388,1.5510244369506836,9.823566436767578,1.7589938640594482,0.7639063000679016,11.885506629943848
3381812881.0,-0.3495442569255829,1.5184049606323242,9.69759464263916,1.7913957834243774,0.8040693998336792,11.85832977294922
3381821214.0,-0.4025644361972809,1.4970102310180664,9.509875297546388,2.023947238922119,0.92384135723114,11.97190284729004
3381829547.0,-0.4883627891540527,1.4870120286941528,9.590503692626951,2.0777626037597656,1.6290267705917358,12.005685806274414
3381837880.0,-0.3653247356414795,1.544370412826538,9.902436256408691,2.117259979248047,1.2550591230392456,11.910683631896973
3381846213.0,-0.40398970246315,1.60502290725708,9.613203048706056,1.9523297548294067,1.0106736421585083,11.99764347076416
3381854546.0,-0.390336275100708,1.7717424631118774,9.502890586853027,2.0934128761291504,1.6052825450897217,11.978842735290527
3381862879.0,-0.4007908701896667,1.485703706741333,9.612150192260742,2.248635053634644,1.7741315364837646,12.064214706420898
3381871212.0,-0.5572110414505005,1.3494969606399536,9.503159523010254,2.046820640563965,1.467810869216919,12.140929222106934
3381879545.0,-0.4948960840702057,1.5188846588134766,9.448455810546877,2.071922779083252,1.47652006149292,12.21705722808838
3381887878.0,-0.4973735809326172,1.4163578748703003,9.35895538330078,2.263722419738769,1.450214147567749,12.197717666625977
3381896211.0,-0.7074301838874817,1.5868650674819946,9.31684684753418,2.2468678951263428,2.2986598014831543,11.948362350463867
3381904544.0,-0.599423348903656,1.4753427505493164,9.75043773651123,2.322199583053589,2.299428701400757,12.042855262756348
3381912877.0,-0.5707588195800781,1.5077171325683594,9.772953033447266,2.304884195327759,1.419067144393921,12.03831958770752
3381921210.0,-0.4485836625099182,1.7813657522201538,9.603718757629396,2.450040340423584,1.7159361839294434,12.058862686157228
3381929543.0,-0.2559094727039337,1.7048741579055786,9.601380348205566,2.704620361328125,1.7848130464553833,12.03176212310791
3381937876.0,-0.3756870627403259,1.4611150026321411,9.40796184539795,2.7064127922058105,1.629744052886963,11.85407543182373
3381946209.0,-0.546690046787262,1.4640437364578247,9.474735260009766,2.647090673446656,2.32942271232605,11.85948085784912
3381954542.0,-0.4052444994449615,1.498341679573059,9.683688163757324,2.79260516166687,2.292973756790161,11.85020923614502
3381962875.0,-0.5516730546951294,1.63864004611969,9.836960792541504,3.0802018642425537,2.316333770751953,11.970827102661133
3381971208.0,-0.607042133808136,1.4940290451049805,9.922186851501465,3.148437976837158,2.682054042816162,11.874747276306152
3381979541.0,-0.7563615441322327,1.528799057006836,10.053251266479492,3.1584787368774414,2.6080031394958496,11.74885368347168
3381987874.0,-0.6760669946670532,1.983197808265686,10.10742473602295,3.26644253730774,2.5894837379455566,11.65198040008545
3381996207.0,-0.329016774892807,2.01324462890625,10.186325073242188,3.102306365966797,2.146562337875366,11.616477012634276
3382004540.0,-0.2280432432889938,1.8053396940231323,9.676383018493652,2.801391124725342,2.0043270587921143,11.535744667053224
3382012873.0,-0.2786566913127899,1.8363077640533447,9.677826881408691,2.718708038330078,3.071108818054199,11.8472900390625
3382021206.0,-0.6768562197685242,1.918174147605896,9.944104194641112,2.734076499938965,3.4722018241882324,11.689326286315918
3382029539.0,-0.9615888595581056,2.0415310859680176,10.010350227355955,2.820524215698242,3.313931703567505,11.68238353729248
3382037872.0,-0.9924063682556152,2.051392078399658,10.373136520385742,2.5771636962890625,2.7693216800689697,11.68886375427246
3382046205.0,-0.905815839767456,1.9375975131988523,10.129340171813965,2.2212538719177246,2.27079176902771,11.622780799865724
3382054538.0,-0.7945752739906311,2.0172712802886963,9.94337272644043,2.26961350440979,2.647090435028076,11.624136924743652
3382062871.0,-0.7176023721694946,2.039149284362793,9.92986297607422,2.286569595336914,2.5496022701263428,11.754819869995115
3382071204.0,-0.7807892560958862,1.8124001026153564,9.94646453857422,1.9700549840927124,2.275658369064331,11.522320747375488
3382079537.0,-0.8985795974731445,1.872813582420349,9.759438514709473,1.813731551170349,2.364540100097656,11.632616996765137
3382087870.0,-0.8401785492897034,1.9442119598388672,10.052496910095217,1.863141417503357,2.553393602371216,11.620885848999023
3382096203.0,-0.8582444787025452,1.9321988821029663,9.947745323181152,1.6130183935165403,2.2645421028137207,11.743988990783691
3382104536.0,-1.021841049194336,2.005581855773926,9.973455429077148,1.5548484325408936,2.106245994567871,11.67731475830078
3382112869.0,-1.0925064086914062,1.8267254829406736,10.027466773986816,1.4155067205429075,1.9735641479492188,11.843497276306152
3382121202.0,-1.08646559715271,1.9197847843170168,10.07589054107666,1.54708731174469,1.7340198755264282,11.707819938659668
3382129535.0,-1.074609637260437,1.920423984527588,9.958419799804688,1.511534571647644,1.3553645610809326,11.635510444641112
3382137868.0,-0.970297634601593,1.5579144954681396,9.752446174621582,1.354442477226257,1.0957130193710327,11.666810989379885
3382146201.0,-0.9451627135276794,1.3726304769515991,9.644271850585938,1.3355391025543213,1.1143858432769775,11.639813423156738
3382154534.0,-1.081186294555664,1.5089046955108645,9.762524604797363,1.448779821395874,1.4326428174972534,11.711431503295898
3382162867.0,-1.159609317779541,1.5616865158081057,9.95852279663086,1.9911869764328003,1.3782124519348145,11.682744026184082
3382171200.0,-1.2870309352874756,1.8284857273101809,10.027238845825195,2.168027400970459,0.6769970655441284,11.503802299499512
3382179533.0,-1.1470245122909546,1.6525866985321045,10.040831565856934,1.9607057571411133,-0.1901857107877731,11.607848167419434
3382187866.0,-0.7992856502532959,1.679431676864624,9.711301803588867,2.0449767112731934,-0.5194056034088135,11.652032852172852
3382196199.0,-0.8462696671485901,1.679267168045044,9.640249252319336,2.201249122619629,-0.1404684782028198,11.664402961730955
3382204532.0,-1.1049935817718506,1.5420819520950315,9.779104232788086,2.198739051818848,0.7873688340187073,11.812787055969238
3382212865.0,-1.4176779985427856,1.6173335313796997,10.05877685546875,2.324760913848877,0.1787233501672744,11.695883750915527
3382221198.0,-1.3579392433166504,1.808199167251587,10.363675117492676,2.2550387382507324,-0.813508152961731,11.6024169921875
3382229531.0,-0.8538275361061096,1.7438875436782837,10.044078826904297,2.1962034702301025,-1.4221794605255127,11.635615348815918
3382237864.0,-0.6593515276908875,1.793507695198059,9.766011238098145,2.228348970413208,-1.639874815940857,11.687917709350586
3382246197.0,-0.6348198652267456,1.699422001838684,9.54883861541748,2.2649519443511963,-0.8509562611579895,11.828540802001951
3382254530.0,-0.7923113703727722,1.4626092910766602,9.546295166015623,1.9526629447937007,-1.0279250144958496,11.720242500305176
3382262863.0,-0.9302144646644592,1.64473557472229,9.734309196472168,2.1548619270324707,-1.090628743171692,11.74990463256836
3382271196.0,-0.844590961933136,1.4767202138900757,9.91338062286377,2.085216522216797,-1.3388304710388184,11.942136764526367
3382279529.0,-0.8315053582191467,1.4969916343688965,9.70446491241455,2.245074987411499,-1.3534049987792969,11.802156448364258
3382287862.0,-0.7265374064445496,1.5094753503799438,9.553025245666504,2.3626441955566406,-1.489851951599121,11.873978614807127
3382296195.0,-0.4728024005889892,1.3313744068145752,9.79052448272705,2.437950134277344,-1.5039397478103638,11.835325241088867
3382304528.0,-0.4487829506397247,1.3610082864761353,9.74756145477295,2.4314441680908203,-1.7587502002716064,11.95448398590088
3382312861.0,-0.4487249553203583,1.7565131187438965,9.647704124450684,2.447709083557129,-1.182327389717102,11.930098533630373
3382321194.0,-0.4653132855892181,1.6817342042922974,9.77609920501709,2.491611957550049,-1.0309727191925049,12.00650405883789
3382329527.0,-0.4588456749916076,1.6103788614273071,9.727261543273926,2.4238879680633545,-1.1483118534088137,11.987013816833496
3382337860.0,-0.428120881319046,1.527368664741516,9.806718826293944,2.2267863750457764,-1.1160379648208618,12.048565864562988
3382346193.0,-0.4325872361660003,1.499760389328003,9.758313179016112,2.3891806602478027,-0.8848438262939453,12.116313934326172
3382354526.0,-0.4280160963535309,1.7729147672653198,9.824813842773438,2.5286245346069336,-0.8367658853530884,12.150715827941896
3382362859.0,-0.3302130699157715,1.700139403343201,9.934505462646484,2.2576770782470703,-0.8407616019248962,12.13783073425293
3382371192.0,-0.3439755141735077,1.5275325775146484,9.656570434570312,2.1935904026031494,-0.9188081622123718,12.152968406677246
3382379525.0,-0.3774930536746979,1.7987033128738403,9.760844230651855,2.215592861175537,-0.2765312492847442,12.14902400970459
3382387858.0,-0.4170646369457245,1.8067100048065183,10.176522254943848,2.263389110565185,0.1115371957421302,12.16090965270996
3382396191.0,-0.507089376449585,1.9526232481002808,9.99830722808838,2.097229719161988,-0.1298641711473465,11.924976348876951
3382404524.0,-0.235258013010025,1.958361387252808,9.96718978881836,2.093823194503784,-0.1881878226995468,11.893805503845217
3382412857.0,-0.1561952084302902,1.5675748586654663,9.803430557250977,2.324581384658813,-0.1333220899105072,11.893265724182127
3382421190.0,-0.251303493976593,1.439942717552185,9.558469772338867,2.3617992401123047,0.2566418647766113,11.981481552124023
3382429523.0,-0.3677205443382263,1.6129153966903689,9.7073392868042,2.537461519241333,0.677996039390564,11.952614784240724
3382437856.0,-0.3577958643436432,1.6840150356292725,9.84329605102539,2.656721353530884,0.7463859915733337,11.893470764160156
3382446189.0,-0.4493925869464874,2.043888807296753,9.914152145385742,2.536872625350952,0.8492273092269897,11.73489475250244
3382454522.0,-0.4798132181167602,1.836258172988892,10.188883781433104,2.3682026863098145,1.3336181640625,11.811402320861816
3382462855.0,-0.5235307812690735,1.7397973537445068,10.141695022583008,2.3353395462036133,1.329980731010437,11.736507415771484
3382471188.0,-0.3869651854038238,1.66234028339386,10.160539627075195,2.494199275970459,1.17355477809906,11.728643417358398
3382479521.0,-0.1582797467708587,1.6725685596466064,9.892904281616213,2.61251163482666,0.9974825382232666,11.756922721862791
3382487854.0,-0.0743882730603218,1.7529937028884888,9.764415740966797,2.841297149658203,1.2018581628799438,11.715989112854004
3382496187.0,-0.4729763567447662,1.934372901916504,9.702324867248535,2.5441982746124268,1.9982049465179443,11.641683578491213
3382504520.0,-0.4170232713222503,1.7423237562179563,9.973929405212402,2.5361552238464355,2.487820863723755,11.709278106689451
3382512853.0,-0.4770800471305847,1.7480283975601196,10.203376770019531,2.289233922958374,2.02940320968628,11.687480926513672
3382521186.0,-0.6109809279441833,1.9915326833724976,10.178196907043455,2.308905601501465,1.994414210319519,11.74672794342041
3382529519.0,-0.556047797203064,1.81967031955719,10.16894817352295,2.405778646469116,2.16846251487732,11.80820083618164
3382537852.0,-0.6818535923957825,1.945306420326233,10.2662353515625,2.3124914169311523,2.1346774101257324,11.77362060546875
3382546185.0,-0.5674501061439514,1.836708664894104,10.17497730255127,1.9840916395187376,2.092183351516724,11.753437042236328
3382554518.0,-0.2993961572647095,1.698304533958435,10.253911972045898,2.043670415878296,1.7199832201004028,11.707819938659668
3382562851.0,-0.4179832935333252,1.805209994316101,9.83730411529541,1.906224489212036,2.3232243061065674,11.694911003112791
3382571184.0,-0.4434115588665008,1.860996961593628,9.999435424804688,2.0253305435180664,3.155789375305176,11.905664443969728
3382579517.0,-0.6716656684875488,1.9005826711654663,10.203791618347168,1.859580516815185,2.5956826210021973,11.80958366394043
3382587850.0,-0.7745255827903748,2.1100282669067383,9.916029930114746,1.448062300682068,2.423733949661255,11.941957473754885
3382596183.0,-0.6314274072647095,1.8320176601409912,10.034187316894531,1.2717339992523191,2.2045276165008545,11.844855308532717
3382604516.0,-0.7585048675537109,1.6598544120788574,9.75003147125244,1.2016533613204956,2.402884006500244,11.878049850463867
3382612849.0,-0.8463168740272522,1.606846809387207,9.895899772644045,1.439481496810913,2.7055418491363525,11.885631561279297
3382621182.0,-1.0294922590255735,1.6834672689437866,9.993535041809082,1.3403291702270508,2.2051937580108643,11.781052589416504
3382629515.0,-1.030947208404541,1.7634133100509644,9.78979206085205,1.15395987033844,1.9722579717636108,11.74472999572754
3382637848.0,-0.8104275465011597,1.6625337600708008,9.88340950012207,1.3862552642822266,2.161700963973999,11.688404083251951
3382646181.0,-0.5654911398887634,1.1951714754104614,9.652624130249023,1.7378621101379397,1.680972933769226,11.780359268188477
3382654514.0,-0.7655773162841797,1.1253557205200195,9.41016960144043,1.964394211769104,1.8955943584442136,11.761788368225098
3382662847.0,-0.868272066116333,1.1873342990875244,9.4793062210083,2.38938570022583,2.3716349601745605,11.745651245117188
3382671180.0,-0.9437361359596252,1.4721614122390747,9.822616577148438,2.6882779598236084,1.994414210319519,11.617682456970217
3382679513.0,-0.8580726981163025,1.921336889266968,9.826695442199709,2.7322838306427,1.532461643218994,11.473731994628906
3382687846.0,-0.8553400635719299,1.824881076812744,9.842061042785645,2.4873602390289307,1.5381733179092407,11.530722618103027
3382696179.0,-0.9163492918014526,1.801222562789917,9.875091552734377,2.3110063076019287,1.917801856994629,11.460284233093262
3382704512.0,-1.0607134103775024,1.8372671604156487,9.990530014038086,2.3959434032440186,2.063598155975342,11.470837593078612
3382712845.0,-1.048508882522583,1.6872587203979492,10.104975700378418,2.794474840164185,1.2778047323226929,11.610280990600586
3382721178.0,-1.056646466255188,1.6482994556427002,9.852574348449709,2.4407167434692383,0.7650587558746338,11.458312034606934
3382729511.0,-0.9190785884857178,1.7335484027862549,9.605920791625977,2.205629348754883,1.2438145875930786,11.571194648742676
3382737844.0,-0.7583528161048889,1.4784997701644895,9.564245223999023,2.3456621170043945,1.261001706123352,11.529339790344238
3382746177.0,-0.8944830894470215,1.6950149536132812,9.540298461914062,2.5012686252593994,1.3160210847854614,11.418737411499023
3382754510.0,-1.0676822662353516,1.4893267154693604,9.927434921264648,2.491023063659668,1.5110735893249512,11.560077667236328
3382762843.0,-1.1655067205429075,1.752496600151062,10.119118690490724,2.637793064117432,0.927632451057434,11.593377113342283
3382771176.0,-1.151716232299805,2.0686147212982178,10.159905433654783,2.4328277111053467,0.4266947507858276,11.526906967163086
3382779509.0,-0.7673815488815308,1.825422286987305,9.856023788452148,2.3609538078308105,-0.2470749169588089,11.496808052062988
3382787842.0,-0.6915376782417297,1.5136562585830688,9.60153865814209,2.1578071117401123,-0.0792248249053955,11.525753021240234
3382796175.0,-0.8544160723686218,1.525787353515625,9.530367851257324,2.1817569732666016,0.8726643323898315,11.646961212158203
3382804508.0,-1.0540385246276855,1.6515122652053833,9.899447441101074,2.429856061935425,0.9602137207984924,11.655003547668455
3382812841.0,-1.228882908821106,1.8180534839630127,9.829345703125,2.2907965183258057,0.3185514807701111,11.69017219543457
3382821174.0,-0.8044416308403015,1.5995179414749146,9.859702110290527,1.9733597040176392,-0.1735620945692062,11.82231616973877
3382829507.0,-0.6608463525772095,1.1985365152359009,9.68961238861084,1.8421887159347528,-0.3249934315681457,12.0737943649292
3382837840.0,-0.8657739162445068,1.518398404121399,9.38776683807373,2.1236376762390137,0.6050722002983093,12.052509307861328
3382846173.0,-1.0827062129974363,1.5995309352874756,9.96601104736328,2.4054203033447266,0.7758423686027527,11.992291450500488
3382854506.0,-0.991016447544098,1.7252103090286257,10.041837692260742,2.2703304290771484,-0.249533861875534,12.005045890808104
3382862839.0,-0.5855326056480408,1.8649802207946773,9.860368728637695,2.10189175605774,-1.152666449546814,12.183170318603516
3382871172.0,-0.3410849273204803,1.6632643938064575,9.579262733459473,2.038214445114136,-0.4541660845279693,12.240775108337402
3382879505.0,-0.6088424921035767,1.8168737888336184,9.507967948913574,2.3520915508270264,0.7661091089248657,12.351506233215332
3382887838.0,-0.9220106601715088,1.5019264221191406,9.736059188842772,2.3996059894561768,1.1098778247833252,12.43421459197998
3382896171.0,-0.7718093395233154,1.0897501707077026,10.0546293258667,2.6522138118743896,-0.3573698699474334,12.386265754699709
3382904504.0,-0.7377511262893677,1.4163269996643066,9.427303314208984,2.656414270401001,-0.575603187084198,12.436750411987305
3382912837.0,-0.5990388989448547,1.884643316268921,9.536601066589355,3.2363715171813965,0.9609310030937196,12.720376014709473
3382921170.0,-0.7713761329650879,1.7520041465759275,9.91537857055664,3.5033493041992188,1.049863576889038,12.593586921691896
3382929503.0,-0.8409447073936462,1.95926034450531,10.307318687438965,3.148873805999756,0.4566634595394134,12.596532821655272
3382937836.0,-0.6242664456367493,2.142852783203125,10.071086883544922,3.126538276672364,-0.2952553033828735,12.540359497070312
3382946169.0,-0.6307734847068787,2.3405086994171143,9.77112102508545,3.144468069076538,0.0228350926190614,12.553627014160156
3382954502.0,-0.841463029384613,2.4738709926605225,9.58376407623291,3.092881202697754,1.262589931488037,12.59748077392578
3382962835.0,-0.5644252896308899,1.7238717079162598,10.186309814453123,2.8305652141571045,0.9709973335266112,12.9573335647583
3382971168.0,-0.4338076114654541,1.4432944059371948,9.7712984085083,2.7347421646118164,-0.2944868505001068,12.876237869262695
3382979501.0,-0.2920055091381073,1.6278482675552368,9.322446823120115,3.423842668533325,0.1165063679218292,13.266934394836426
3382987834.0,-0.3861184418201446,1.5261589288711548,9.411664962768556,4.004620552062988,1.011980414390564,13.268933296203612
3382996167.0,-0.7562928795814514,1.9603147506713867,9.551899909973145,3.681906461715698,1.0017088651657104,13.253589630126951
3383004500.0,-0.942879855632782,1.895141839981079,9.986283302307127,3.5482254028320312,0.6770995855331421,13.261119842529297
3383012833.0,-0.8599507212638855,1.8997262716293333,9.893474578857422,3.5334720611572266,0.2191682755947113,13.38611888885498
3383021166.0,-0.6924355030059814,2.122504234313965,9.9132661819458,3.912818670272827,0.4714685976505279,13.541366577148438
3383029499.0,-0.5297964811325073,2.1827197074890137,10.009803771972656,3.846451759338379,0.5707749128341675,13.672330856323242
3383037832.0,-0.3936187326908111,2.446284055709839,9.958358764648438,3.5163614749908447,0.3071019351482391,13.77565860748291
3383046165.0,-0.4512422680854797,2.651997804641724,10.116714477539062,3.101769208908081,0.8599340319633484,13.886414527893066
3383054498.0,-0.4314168989658355,2.661428689956665,10.24775218963623,3.160937786102295,0.9896188378334044,14.146806716918944
3383062831.0,-0.590176522731781,2.3754708766937256,10.288374900817873,2.851568937301636,0.6878319382667542,14.290451049804688
3383071164.0,-0.7456565499305725,2.312577247619629,10.122953414916992,2.419789552688598,0.6868842244148254,14.513909339904783
3383079497.0,-0.7597997188568115,2.39790153503418,10.023916244506836,2.3948161602020264,0.5465437769889832,14.50548267364502
3383087830.0,-0.8372692465782166,2.584041118621826,10.286866188049316,2.160292148590088,0.6688517332077026,14.576435089111328
3383096163.0,-0.9345657229423524,2.6304872035980225,10.118408203125,1.851512789726257,0.8184134364128113,14.87656021118164
3383104496.0,-0.8795576095581055,2.4172234535217285,10.293222427368164,1.6367372274398804,0.7194913029670715,14.906143188476562
3383112829.0,-0.8910683393478394,2.577531337738037,10.080950736999512,1.377341866493225,0.6324284672737122,14.870054244995115
3383121162.0,-0.7560217976570129,2.7230167388916016,10.207754135131836,1.4741121530532837,0.7679020762443542,14.951811790466309
3383129495.0,-0.6881606578826904,2.4646570682525635,10.22902011871338,1.5292085409164429,0.782271683216095,15.002042770385742
3383137828.0,-0.7646210193634033,2.6434872150421143,9.949968338012695,1.2599260807037354,0.7973840236663818,15.076732635498049
3383146161.0,-0.6499317288398743,2.214735507965088,9.82047176361084,1.2524722814559937,0.7901608943939209,15.327163696289062
3383154494.0,-0.424409419298172,2.0384509563446045,9.692584037780762,1.5699608325958252,0.4528469443321228,15.440045356750488
3383162827.0,-0.6397470831871033,2.029757499694824,9.508829116821287,1.789782166481018,0.955270290374756,15.373652458190918
3383171160.0,-0.7169089913368225,1.9285269975662231,9.806163787841797,2.219640254974365,1.6426794528961182,15.461356163024902
3383179493.0,-1.0679235458374023,2.5230512619018555,9.853422164916992,2.370636463165283,1.7012337446212769,15.331875801086426
3383187826.0,-0.8448261022567749,2.824637651443481,10.235169410705566,2.273942947387696,1.326164722442627,15.43387508392334
3383196159.0,-0.4931834936141968,2.5416359901428223,9.892369270324709,2.014547109603882,0.6073776483535767,15.456412315368652
3383204492.0,-0.5741975903511047,2.4889285564422607,9.434527397155762,1.9709773063659668,1.359437346458435,15.517017364501951
3383212825.0,-0.7174383997917175,2.231292724609375,9.752671241760254,2.2464585304260254,2.331625699996948,15.67185401916504
3383221158.0,-1.0628517866134644,2.2618072032928467,9.79164981842041,2.40242338180542,2.146332263946533,15.72021484375
3383229491.0,-0.9031848311424256,2.395301580429077,9.885213851928713,2.314617872238159,1.7195223569869995,15.819136619567873
3383237824.0,-0.6432851552963257,2.2589879035949707,9.810469627380373,2.4689948558807373,1.180880427360535,15.797876358032228
3383246157.0,-0.7732681632041931,2.004868268966675,9.553044319152832,2.3001973628997803,1.685890793800354,16.04715347290039
3383254490.0,-0.955533802509308,2.457791805267334,9.557297706604004,2.471940994262696,2.6931967735290527,16.080303192138672
3383262823.0,-1.0918810367584229,2.3432421684265137,10.075407028198242,2.510899543762207,2.36087703704834,15.954225540161133
3383271156.0,-1.2720098495483398,2.618586540222168,9.922734260559082,2.146409273147583,1.7023608684539795,15.989830017089844
3383279489.0,-1.18199622631073,2.6093649864196777,10.004681587219238,2.023460865020752,1.9692355394363403,16.043209075927734
3383287822.0,-1.0903522968292236,2.535691976547241,10.072391510009766,1.9427506923675537,2.0373952388763428,16.188879013061523
3383296155.0,-1.1438504457473757,2.625188112258911,9.626498222351074,1.5674763917922974,2.0435938835144043,16.14687156677246
3383304488.0,-1.0179396867752075,2.476574420928955,10.004555702209473,1.6869412660598757,2.0547361373901367,16.242259979248047
3383312821.0,-0.9959331154823304,2.158614158630371,9.638736724853516,1.6086641550064087,1.7636557817459106,16.326095581054688
3383321154.0,-1.3264639377593994,2.3860154151916504,9.845519065856934,1.380415439605713,2.010935544967652,16.590944290161133
3383329487.0,-1.4725627899169922,2.36700701713562,9.803080558776855,1.3924540281295776,2.16546630859375,16.58589744567871
3383337820.0,-1.6037214994430542,2.2132577896118164,9.7835693359375,1.1527562141418457,1.5924502611160278,16.54684066772461
3383346153.0,-1.313711643218994,2.169032096862793,9.91563892364502,1.2290866374969482,1.3174813985824585,16.525938034057617
3383354486.0,-1.1663076877593994,2.079897880554199,9.622129440307615,1.354852318763733,0.6901116371154785,16.783306121826172
3383362819.0,-1.4258567094802856,2.265887260437012,9.66242218017578,1.4539793729782104,1.2247320413589478,16.81145668029785
3383371152.0,-1.4534865617752075,2.484937906265259,9.686161041259766,1.606845498085022,1.7320222854614258,16.846832275390625
3383379485.0,-1.3241558074951172,2.219870090484619,9.941394805908203,1.5900936126708984,0.7443114519119263,16.863147735595703
3383387818.0,-1.093518853187561,2.101475238800049,9.666021347045898,1.6121474504470823,0.2585885226726532,16.85971450805664
3383396151.0,-0.944363534450531,2.1700375080108643,9.50106716156006,1.7980302572250366,0.7197473645210266,17.129690170288086
3383404484.0,-1.115921139717102,2.2733449935913086,9.811630249023438,2.1896207332611084,1.2630255222320557,17.19223976135254
3383412817.0,-1.2201144695281982,2.6575493812561035,9.949610710144045,2.164672374725342,1.271580696105957,17.26224708557129
3383421150.0,-1.113031983375549,2.5337393283843994,10.270719528198242,2.0291731357574463,0.5168057084083557,17.18511962890625
3383429483.0,-0.9768112897872924,2.2617743015289307,9.913724899291992,2.02264142036438,0.5076870322227478,17.3454647064209
3383437816.0,-0.8649798035621643,2.381924867630005,9.660759925842283,2.1837544441223145,1.1224286556243896,17.408754348754883
3383446149.0,-0.8032228946685791,2.41960072517395,9.90637493133545,2.5547001361846924,1.4963197708129885,17.528324127197266
3383454482.0,-0.9276099801063538,2.577064752578736,9.659255981445312,2.5547003746032715,1.1465061902999878,17.604887008666992
3383462815.0,-0.92747563123703,2.712259292602539,9.693422317504885,2.364975690841675,1.2779841423034668,17.46487808227539
3383471148.0,-0.9277008175849916,2.453937768936157,9.709980964660645,2.4825961589813232,1.9324281215667725,17.591411590576172
3383479481.0,-0.9185993671417236,2.3864591121673584,9.701088905334473,2.583721160888672,2.00230360031128,17.69817352294922
3383487814.0,-0.871239185333252,2.3337666988372803,9.712231636047363,2.7995471954345703,1.580283761024475,17.88387680053711
3383496147.0,-0.8678012490272522,2.3609061241149902,9.453835487365724,2.8808209896087646,1.3091822862625122,17.873811721801758
3383504480.0,-0.8784438371658325,2.7246479988098145,9.355130195617676,2.9391956329345703,2.0981266498565674,18.02106475830078
3383512813.0,-0.9957847595214844,2.77655291557312,9.734844207763672,2.73169493675232,2.4398207664489746,18.028751373291016
3383521146.0,-1.0599753856658936,2.674769639968872,9.512493133544922,2.693657875061035,2.212494134902954,18.038742065429688
3383529479.0,-1.2260706424713137,2.7468268871307373,9.425029754638672,2.559541702270508,2.2274274826049805,18.09793472290039
3383537812.0,-1.0106580257415771,2.5591843128204346,9.398568153381348,2.459389925003052,2.19699764251709,18.39203834533692
3383546145.0,-0.8144553899765015,2.5012457370758057,9.458602905273438,2.627880573272705,1.7419861555099487,18.585220336914062
3383554478.0,-0.9496958255767822,2.537693500518799,9.377241134643556,2.513794422149658,2.382265329360962,18.78139877319336
3383562811.0,-1.047267198562622,2.4169483184814453,9.285699844360352,2.730849504470825,2.847983360290528,18.81205940246582
3383571144.0,-0.9539082646369934,2.488396167755127,9.49207592010498,2.5956833362579346,2.6520092487335205,18.87238121032715
3383579477.0,-0.7477768659591675,2.40517258644104,9.464630126953123,2.791530132293701,2.464845895767212,19.245222091674805
3383587810.0,-0.737724781036377,2.20790696144104,9.16500473022461,2.878490209579468,2.5865135192871094,19.367223739624023
3383596143.0,-0.9456617832183838,2.404775857925415,9.233224868774414,3.1273326873779297,3.361574649810791,19.57854080200196
3383604476.0,-1.2802685499191284,2.677680015563965,9.508477210998535,3.208375930786133,3.876344203948975,19.721237182617188
3383612809.0,-1.2659207582473757,2.7058894634246826,10.061071395874023,3.0202906131744385,3.3469491004943848,19.825668334960938
3383621142.0,-1.2464163303375244,3.19997787475586,9.7918119430542,2.9932162761688232,2.513256788253784,20.043285369873047
3383629475.0,-1.182852864265442,3.100510835647583,9.32011604309082,2.813327550888061,3.0890650749206543,20.21920585632324
3383637808.0,-1.041395664215088,2.8665554523468018,9.58633518218994,3.419334888458252,3.2971036434173584,20.4030876159668
3383646141.0,-1.1797977685928345,2.8841028213500977,9.677131652832031,2.484236240386963,3.2276384830474854,20.529346466064453
3383654474.0,-1.4127153158187866,3.430825471878052,9.874312400817873,2.6447091102600098,3.5041184425354004,20.861892700195312
3383662807.0,-1.3489601612091064,3.565185785293579,9.911441802978516,2.732758045196533,3.3318750858306885,20.81239318847656
3383671140.0,-1.491721272468567,3.5592715740203857,10.145781517028809,2.152479887008667,3.241802453994751,20.70036506652832
3383679473.0,-1.4283651113510132,3.6067090034484863,10.077308654785156,1.815012693405152,3.138859272003174,20.917091369628903
3383687806.0,-1.3670194149017334,3.532167196273804,10.168149948120115,1.7209826707839966,2.894037961959839,20.92072868347168
3383696139.0,-1.4351680278778076,3.5565810203552246,10.02292823791504,1.6064101457595823,3.053947687149048,21.036733627319336
3383704472.0,-1.330427885055542,3.226830005645752,9.987221717834473,1.5085383653640747,2.9995436668396,21.11829376220703
3383712805.0,-1.560036540031433,3.246578931808472,9.880464553833008,1.3181731700897217,2.7657113075256348,21.307174682617188
3383721138.0,-1.818649649620056,3.442868709564209,9.66465663909912,1.2519091367721558,3.299665927886963,21.19928550720215
3383729471.0,-1.5686742067337036,3.4061074256896973,10.151676177978516,1.3967576026916504,3.1692123413085938,21.16875457763672
3383737804.0,-1.7674782276153564,3.5182337760925293,10.120087623596191,1.0721737146377563,2.486336231231689,21.10310173034668
3383746137.0,-2.010539531707764,3.517824649810791,9.935473442077637,0.673462450504303,2.7818734645843506,21.10284423828125
3383754470.0,-1.9633963108062744,3.2748310565948486,10.02861499786377,0.8774032592773438,2.6774697303771973,21.275819778442383
3383762803.0,-1.714474081993103,3.1378366947174072,10.230900764465332,0.7716419696807861,1.932018518447876,21.35043334960937
3383771136.0,-1.442815184593201,2.961368560791016,9.897494316101074,0.7444908618927002,1.3433775901794434,21.44963836669922
3383779469.0,-1.5036418437957764,2.901056289672852,9.471816062927246,1.014003872871399,1.8471585512161253,21.44635963439941
3383787802.0,-1.855580449104309,3.153870344161988,9.7190580368042,1.1950327157974243,2.9758377075195312,21.521629333496094
3383796135.0,-1.8168251514434808,3.034564733505249,10.25286865234375,1.16671621799469,2.359264373779297,21.63431930541992
3383804468.0,-1.8581615686416624,2.851048469543457,10.082164764404297,0.9306551218032836,0.9340876340866088,21.63204002380371
3383812801.0,-1.7183382511138916,2.787125587463379,9.718223571777344,1.0870815515518188,1.277113437652588,21.833236694335938
3383821134.0,-1.5634853839874268,2.5713138580322266,9.733874320983888,1.209568738937378,1.738349199295044,22.044580459594727
3383829467.0,-1.4792431592941284,2.8617806434631348,9.773289680480955,1.3573627471923828,1.3467583656311035,22.194753646850582
3383837800.0,-1.6481173038482666,2.91729998588562,9.82996940612793,1.363356590270996,1.1522952318191528,22.36288833618164
3383846133.0,-1.7614455223083496,2.512561798095703,9.53890895843506,1.2703771591186523,1.3230911493301392,22.5517692565918
3383854466.0,-1.7531601190567017,2.6680150032043457,9.772685050964355,1.4489082098007202,1.4700654745101929,22.61152648925781
3383862799.0,-1.5133850574493408,2.8800692558288574,9.991312980651855,1.543655276298523,0.619493305683136,22.798891067504883
3383871132.0,-1.2514973878860474,3.053638219833374,9.652774810791016,1.5697307586669922,0.2902734577655792,22.8742790222168
3383879465.0,-1.2961959838867188,2.9957141876220703,9.34307861328125,1.5393264293670654,0.9567817449569702,23.12355613708496
3383887798.0,-1.5831927061080933,2.696163892745972,9.48619556427002,1.59298837184906,1.7639122009277344,23.434947967529297
3383896131.0,-1.7922526597976685,2.520434617996216,9.474343299865724,1.9849889278411863,1.2231444120407104,23.55997467041016
3383904464.0,-1.8797519207000728,2.755241870880127,9.34036922454834,2.1569628715515137,0.7010491490364075,23.47070503234864
3383912797.0,-1.6013997793197632,2.848954677581787,9.444660186767578,2.36223578453064,0.5680856108665466,23.73932456970215
3383921130.0,-1.315274715423584,3.038735628128052,9.409579277038574,2.253733396530152,0.3906812369823456,23.818647384643555
3383929463.0,-1.4608650207519531,3.0881829261779785,9.368247032165527,2.332881689071656,0.8810403943061829,24.03985595703125
3383937796.0,-1.3547059297561646,2.6900181770324707,9.136810302734377,2.58320951461792,0.8416712880134583,24.13823890686035
3383946129.0,-1.3863242864608765,2.419872760772705,9.075161933898926,2.9399263858795166,0.2547080516815185,24.33120346069336
3383954462.0,-1.5168006420135498,2.1898441314697266,8.958171844482422,2.88899302482605,0.2475233376026153,24.53936195373535
3383962795.0,-1.6002013683319092,2.718748092651367,9.290759086608888,3.0009779930114746,1.214563488960266,24.69893264770508
3383971128.0,-1.3256744146347046,3.5983479022979736,9.843403816223145,3.479299068450928,1.2590044736862185,24.5078067779541
3383979461.0,-1.1924246549606323,3.4841887950897217,9.804766654968262,3.372819900512696,0.392653614282608,24.588563919067383
3383987794.0,-1.2123509645462036,2.6338727474212646,9.417613983154297,3.070981502532959,0.4786405563354492,24.755517959594727
3383996127.0,-1.3280503749847412,3.0126993656158447,9.290176391601562,3.230046272277832,1.2902792692184448,24.9284896850586
3384004460.0,-1.4148141145706177,3.622291803359986,9.745180130004885,3.5976881980896,1.5451412200927734,24.98684310913086
3384012793.0,-1.5060021877288818,3.683120250701904,9.764307022094728,3.4108829498291016,0.8977665901184082,24.887636184692383
3384021126.0,-1.3395826816558838,3.9083211421966553,9.415938377380373,2.9357898235321045,0.9833182096481324,24.82034683227539
3384029459.0,-1.2689439058303833,3.596577405929565,9.7694730758667,2.48067569732666,1.5083845853805542,24.84075927734375
3384037792.0,-1.49920392036438,3.570103168487549,9.635809898376465,2.4869256019592285,1.911373853683472,24.89122200012207
3384046125.0,-1.5427554845809937,3.7991771697998047,10.022964477539062,2.797447204589844,2.3477120399475098,24.95118522644043
3384054458.0,-1.464497685432434,3.589303970336914,10.09919261932373,2.461721181869507,1.49575674533844,24.75628471374512
3384062791.0,-1.2382127046585083,3.79801082611084,9.61931610107422,2.3792433738708496,0.6983852982521057,24.75662040710449
3384071124.0,-1.185005784034729,3.749300479888916,9.582310676574709,1.879099726676941,1.4979596138000488,24.832744598388672
3384079457.0,-1.5817066431045532,3.740247964859009,9.453880310058594,1.7815608978271484,2.773728609085083,25.01004981994629
3384087790.0,-1.693074107170105,3.812486410140991,10.009442329406738,1.7577391862869265,2.7170186042785645,24.980743408203125
3384096123.0,-1.5074701309204102,3.6029961109161377,10.303427696228027,1.3214775323867798,1.530848264694214,25.138477325439453
3384104456.0,-1.159365177154541,3.52675461769104,9.85873317718506,1.204190015792847,1.0425896644592283,25.24106407165528
3384112789.0,-1.0591610670089722,3.8331198692321777,9.79758071899414,1.2709406614303589,2.162880182266236,25.373003005981445
3384121122.0,-1.257778882980347,3.791741847991944,9.868934631347656,1.2031652927398682,3.175769805908203,25.46700668334961
3384129455.0,-1.5922380685806274,3.4125514030456543,10.08068561553955,1.0092910528182983,2.7374072074890137,25.511981964111328
3384137788.0,-1.5852210521697998,3.190603733062744,9.91638469696045,0.6381919384002686,2.2653627395629883,25.537675857543945
3384146121.0,-1.3533270359039309,3.40792179107666,9.88122844696045,1.0656681060791016,2.188084602355957,25.634653091430664
3384154454.0,-1.2947994470596311,3.4630908966064453,9.774964332580566,1.1817772388458252,2.632773160934448,25.910873413085938
3384162787.0,-1.5003297328948977,3.634636640548706,9.847735404968262,1.0611085891723633,3.178433656692505,26.007644653320312
3384171120.0,-1.600090503692627,3.297107458114624,10.024383544921877,1.061774730682373,2.773754596710205,26.199907302856445
3384179453.0,-1.7965668439865112,3.258020639419556,10.022350311279297,1.0303971767425537,2.7097952365875244,26.469877243041992
3384187786.0,-1.8064996004104608,3.450059652328491,10.065903663635254,1.2327497005462646,2.872753381729126,26.568035125732425
3384196119.0,-1.6541097164154053,3.477466344833374,10.18852424621582,1.4491645097732544,2.8558990955352783,26.59723663330078
3384204452.0,-1.5035954713821411,3.849696636199951,10.173121452331545,1.254035234451294,2.4514248371124268,26.761425018310547
3384212785.0,-1.476078987121582,3.573725461959839,10.065863609313965,1.005090355873108,2.59529972076416,26.95734405517578
3384221118.0,-1.694091796875,3.536264419555664,9.88856315612793,1.1025527715682983,3.110069751739502,27.13078117370605
3384229451.0,-2.063505172729492,3.525698184967041,10.096081733703612,1.1943540573120115,3.4524810314178467,27.09473991394043
3384237784.0,-1.8573949337005613,3.4676051139831543,10.118579864501951,1.1871949434280396,2.6318132877349854,27.333351135253903
3384246117.0,-1.8105003833770752,3.5724992752075195,9.972900390625,1.0715720653533936,1.8521665334701536,27.47184562683105
3384254450.0,-1.783153772354126,3.5747318267822266,9.60516357421875,1.052976369857788,2.3289501667022705,27.598461151123047
3384262783.0,-2.115365982055664,3.218958616256714,9.74295139312744,1.358772039413452,2.8933217525482178,27.8588924407959
3384271116.0,-2.383652210235596,3.293212413787842,9.94337272644043,1.4936308860778809,2.5000147819519043,28.051252365112305
3384279449.0,-2.1745474338531494,3.597686290740967,9.99978733062744,1.4106920957565308,1.302267074584961,28.030839920043945
3384287782.0,-1.9149900674819944,3.568579912185669,9.727646827697754,1.4405584335327148,0.9003025889396667,27.934457778930664
3384296115.0,-1.969983696937561,3.894343376159668,9.702973365783691,1.502058029174805,1.680230975151062,28.07789421081543
3384304448.0,-1.9198039770126345,3.903629541397095,9.987202644348145,1.444912672042847,1.922977089881897,28.21708297729492
3384312781.0,-1.9945824146270752,3.619461536407471,10.1866455078125,1.2396657466888428,0.9980208277702332,28.354963302612305
3384321114.0,-2.095566511154175,3.6107254028320312,9.511430740356444,1.1358768939971924,0.7523546814918518,28.40791130065918
3384329447.0,-1.945643663406372,3.5853419303894043,9.733588218688965,1.3754470348358154,1.110467553138733,28.61592483520508
3384337780.0,-1.975581407546997,3.499575138092041,9.676175117492676,1.4057228565216064,0.4833025336265564,28.72585678100586
3384346113.0,-1.983270287513733,3.5291521549224854,9.667070388793944,1.1826742887496948,0.4106861650943756,28.88620948791504
3384354446.0,-2.13060998916626,3.401131153106689,9.5584077835083,1.1387711763381958,0.5104024410247803,29.071422576904297
3384362779.0,-1.9359558820724487,3.755725145339966,9.75766658782959,1.2894471883773804,0.2904912531375885,29.03454971313477
3384371112.0,-1.7053539752960205,3.5781915187835693,9.839544296264648,1.2261031866073608,-0.2049012035131454,29.14763832092285
3384379445.0,-1.4443060159683228,3.441626787185669,9.616839408874512,1.308580994606018,-0.3727001845836639,29.45244598388672
3384387778.0,-1.6137534379959106,3.627763271331787,9.34060764312744,1.393671631813049,0.0210293047130107,29.660459518432617
3384396111.0,-1.6932116746902466,3.577244997024536,9.666582107543944,1.4736007452011108,0.5226459503173828,29.8489933013916
3384404444.0,-1.5322774648666382,3.246785879135132,9.668696403503418,1.636328101158142,-0.0491793639957904,29.98408317565918
3384412777.0,-1.5521230697631836,3.551733493804932,9.475944519042969,1.8970046043396,-0.3525546193122864,30.22188949584961
3384421110.0,-1.148271560668945,3.4319450855255127,9.415623664855955,2.202198505401612,-0.2396213710308075,30.40961456298828
3384429443.0,-1.2609741687774658,3.3534927368164062,9.268915176391602,2.28027081489563,-0.1699505895376205,30.4990348815918
3384437776.0,-1.491140604019165,3.431431770324707,9.374220848083496,2.385750293731689,0.7251524925231934,30.66942405700684
3384446109.0,-1.4515702724456787,3.629859209060669,9.565855979919434,2.6625890731811523,0.4536668658256531,30.931453704833984
3384454442.0,-1.4315166473388672,3.718992948532105,9.77147102355957,2.798959493637085,-0.4388746321201324,31.13910865783692
3384462775.0,-1.1226694583892822,3.919858694076538,9.460872650146484,2.7121782302856445,-0.2402105033397674,31.317256927490234
3384471108.0,-0.9277673959732056,3.5763823986053467,9.458131790161133,2.6464009284973145,-0.2182078510522842,31.62383460998535
3384479441.0,-0.8365864753723145,3.803602933883667,9.334443092346191,3.048800468444824,0.1809006780385971,31.93637657165528
3384487774.0,-0.849294126033783,3.56063199043274,9.340924263000488,3.1187918186187744,0.3681281208992004,32.095638275146484
3384496107.0,-0.9550904631614684,3.237391471862793,9.32898235321045,3.086005687713623,0.4789865911006927,32.268070220947266
3384504440.0,-0.9649459719657898,3.6473023891448975,9.345340728759766,3.2454419136047363,0.9493796825408936,32.59221267700195
3384512773.0,-0.8522881269454956,3.771551370620728,9.690139770507812,3.7066903114318848,1.0656555891036987,32.7431640625
3384521106.0,-0.7844634056091309,3.5219922065734863,9.386270523071287,3.893700122833252,0.5010149478912354,32.89793014526367
3384529439.0,-0.8852609992027283,3.658783674240112,9.144792556762695,3.666924953460693,1.1251704692840576,33.13357162475586
3384537772.0,-0.8557332158088684,3.897029876708984,9.378520965576172,3.857852697372437,1.459666728973389,33.35830307006836
3384546105.0,-0.8883911371231079,4.102649688720703,9.479050636291504,4.124062538146973,1.4002677202224731,33.47618865966797
3384554438.0,-0.8374541401863098,4.237761497497559,9.53647804260254,4.026189804077148,1.3688900470733645,33.47562026977539
3384562771.0,-0.8223122358322144,4.16045618057251,9.68929386138916,3.763631582260132,1.52804434299469,33.531394958496094
3384571104.0,-0.8831949830055237,4.50817346572876,9.601318359375,3.65562915802002,2.0466437339782715,33.72413635253906
3384579437.0,-0.7066782712936401,4.55813455581665,9.819143295288086,3.67816972732544,1.9363740682601929,33.83803939819336
3384587770.0,-0.7220274806022644,4.16636323928833,9.898777961730955,3.418607234954834,1.5529158115386963,33.83256912231445
3384596103.0,-0.8091877698898315,4.511523246765137,9.4044828414917,3.186439752578736,2.207103967666626,33.921810150146484
3384604436.0,-0.5763702988624573,4.680485248565674,9.885197639465332,3.3268826007843018,2.581737995147705,33.998756408691406
3384612769.0,-0.4169160723686218,4.691616058349609,9.751845359802246,2.9583194255828857,2.021426200866699,34.041221618652344
3384621102.0,-0.6163400411605835,4.618023872375488,9.60837745666504,2.407458543777466,2.5273845195770264,34.124366760253906
3384629435.0,-0.6554665565490723,4.662940979003906,9.567564964294434,2.3025553226470947,3.4037892818450928,34.17588806152344
3384637768.0,-0.6962011456489563,4.6746439933776855,9.816607475280762,2.2349088191986084,3.4106290340423584,34.134300231933594
3384646101.0,-0.8450737595558167,4.597151756286621,9.932979583740234,1.906789898872376,3.0413222312927246,34.146873474121094
3384654434.0,-0.7459785342216492,4.458998203277588,9.71166706085205,1.5876615047454834,3.5293760299682617,34.35196304321289
3384662767.0,-0.7927135229110718,4.770999431610107,10.007906913757324,1.893290877342224,3.951704263687134,34.33172607421875
3384671100.0,-0.6758866310119629,4.704769611358643,10.118861198425291,1.624290108680725,3.8097758293151855,34.308448791503906
3384679433.0,-0.6431249380111694,4.428625106811523,9.905519485473633,1.1302677392959597,3.560932874679565,34.28350067138672
3384687766.0,-0.8509684801101685,4.7152299880981445,9.657764434814451,1.22345232963562,4.346189022064209,34.33006286621094
3384696099.0,-0.8136229515075684,4.977027893066406,9.885361671447754,1.340855360031128,4.8670430183410645,34.354156494140625
3384704432.0,-0.8280883431434631,4.593848705291748,10.240747451782228,1.134430170059204,4.130248546600342,34.48056411743164
3384712765.0,-0.968572437763214,4.704745292663574,9.73109245300293,0.6214019060134888,4.093286514282227,34.576358795166016
3384721098.0,-0.9752358198165894,4.635781288146973,9.92027473449707,0.7511126399040222,4.629394054412842,34.58514404296875
3384729431.0,-0.9232898950576782,4.6924333572387695,9.912089347839355,0.8723834753036499,4.456767082214356,34.72527313232422
3384737764.0,-1.0473562479019165,4.728695392608643,9.965776443481444,0.3097404539585113,4.324392318725586,34.83238983154297
3384746097.0,-1.2238953113555908,4.7472825050354,9.741731643676758,0.0435570478439331,4.682478904724121,34.897647857666016
3384754430.0,-1.2616225481033323,4.807743072509766,10.009523391723633,0.2741366624832153,4.950072288513184,35.011966705322266
3384762763.0,-0.8769615888595581,4.573848724365234,10.29276180267334,0.0418152846395969,4.387326240539551,35.13189697265625
3384771096.0,-1.0270605087280271,4.2668046951293945,9.875081062316896,-0.1371131539344787,4.008875846862793,35.25307846069336
3384779429.0,-1.3889867067337036,4.214733600616455,9.342403411865234,-0.053200826048851,4.9335761070251465,35.43555450439453
3384787762.0,-1.2563436031341553,4.293070316314697,10.049308776855469,0.2797717452049255,5.069945812225342,35.5579833984375
3384796095.0,-1.221084713935852,4.092864036560059,10.20591163635254,0.2777994871139526,3.584728717803955,35.780853271484375
3384804428.0,-1.2676165103912354,4.057904243469238,9.344908714294434,0.2298751920461654,3.399435520172119,35.94596862792969
3384812761.0,-1.3086662292480469,4.227864265441895,9.449796676635742,0.6293424963951111,4.471994400024414,36.20988464355469
3384821094.0,-1.3981589078903198,3.999678611755371,9.808009147644045,0.7865244746208191,4.4737749099731445,36.289100646972656
3384829427.0,-1.5207276344299316,4.262736797332764,9.92693042755127,0.8528014421463013,3.876513957977295,36.411808013916016
3384837760.0,-1.3803526163101196,4.438663482666016,9.926695823669434,0.9346901774406432,3.72362232208252,36.64059066772461
3384846093.0,-1.4233832359313965,4.598819732666016,9.798404693603516,1.0623388290405271,3.5648272037506104,36.58346176147461
3384854426.0,-1.2455686330795288,4.6175384521484375,9.912757873535156,0.93260258436203,3.664825201034546,36.87200546264648
3384862759.0,-0.8907510042190552,4.440789222717285,9.860499382019045,0.9979829788208008,2.761268854141236,36.94540023803711
3384871092.0,-0.9612978100776672,4.110609531402588,9.286291122436523,0.8644173741340637,2.651089191436768,37.06116485595703
3384879425.0,-1.242133617401123,3.963788986206055,9.096808433532717,1.1248377561569214,3.840820789337158,37.38096237182617
3384887758.0,-1.399449348449707,3.915009021759033,9.400026321411133,1.593348503112793,3.807932615280152,37.46759033203125
3384896091.0,-1.4981200695037842,4.144068717956543,9.824444770812988,1.6573069095611572,2.8442976474761963,37.70953369140625
3384904424.0,-1.3109664916992188,3.902864933013916,9.433717727661133,1.4798258543014526,2.439669370651245,37.867225646972656
3384912757.0,-1.2785342931747437,3.96394944190979,9.25117015838623,1.733637809753418,2.5809576511383057,37.87488555908203
3384921090.0,-1.404073715209961,4.269488334655762,9.349723815917969,2.052663326263428,3.1902952194213867,37.99427032470703
3384929423.0,-1.2344751358032229,4.310862064361572,9.773244857788086,2.068582773208618,2.6564817428588867,38.086544036865234
3384937756.0,-1.1084883213043213,4.293269634246826,9.616497039794922,1.983261585235596,1.7206895351409912,38.274322509765625
3384946089.0,-1.170015811920166,4.4625349044799805,9.419983863830566,1.9289722442626955,2.247587919235229,38.42556381225586
3384954422.0,-1.1578046083450315,4.372512340545654,9.59903335571289,1.989857196807861,3.0217533111572266,38.589725494384766
3384962755.0,-1.3858821392059326,4.338013648986816,9.989053726196287,2.0067498683929443,2.64736270904541,38.7231674194336
3384971088.0,-1.389090895652771,4.602908134460449,9.908912658691406,1.8353646993637085,1.982083320617676,38.696754455566406
3384979421.0,-1.2753775119781494,4.603455066680908,9.684880256652832,2.18674111366272,1.5586538314819336,38.80789566040039
3384987754.0,-1.2662779092788696,4.431983947753906,9.337638854980469,2.088664293289185,1.7578303813934326,38.876007080078125
3384996087.0,-1.2104461193084717,4.498452663421631,9.393865585327148,2.0078513622283936,2.096066951751709,38.937198638916016
3385004420.0,-1.1838470697402954,4.49528169631958,9.48163604736328,2.161473035812378,1.6742383241653442,39.043487548828125
3385012753.0,-1.3064289093017578,4.433282852172852,9.20415210723877,2.21216368675232,1.5893268585205078,38.87310028076172
3385021086.0,-1.348492980003357,4.253347396850586,9.39709186553955,2.337583541870117,1.8913321495056152,39.120361328125
3385029419.0,-1.2519363164901731,4.318260669708252,9.443028450012209,2.345434665679932,1.5353065729141235,39.1785774230957
3385037752.0,-1.209754228591919,4.664568901062012,9.43516445159912,2.652076005935669,1.0207798480987549,39.2280502319336
3385046085.0,-1.1442019939422607,4.668960094451904,9.387896537780762,2.5340707302093506,1.0949842929840088,39.104454040527344
3385054418.0,-1.1053885221481323,4.488118171691895,9.329103469848633,2.381512403488159,1.3753327131271362,39.01957321166992
3385062751.0,-1.223453164100647,4.555795669555664,9.482182502746582,2.600667715072632,1.5325015783309937,39.01531982421875
3385071084.0,-0.9503358006477356,4.733365058898926,9.607025146484377,2.7178659439086914,1.1756051778793335,39.03884506225586
3385079417.0,-0.9970608353614808,4.514647960662842,9.39521598815918,2.548273801803589,0.6872180104255676,39.03341674804688
3385087750.0,-1.181026577949524,4.722197532653809,9.357311248779297,2.325288772583008,1.7208434343338013,39.02946090698242
3385096083.0,-1.130588173866272,4.616617202758789,9.750361442565918,2.410661220550537,1.9100303649902344,38.99354553222656
3385104416.0,-1.327907919883728,4.635444641113281,9.819205284118652,2.395702600479126,1.0895028114318848,38.87262344360352
3385112749.0,-1.1922905445098877,4.842984199523926,9.46947956085205,2.2199885845184326,1.107509732246399,38.85443878173828
3385121082.0,-0.8853338360786438,4.859245777130127,9.75485897064209,2.1081435680389404,1.129729986190796,38.787235260009766
3385129415.0,-0.9925937056541444,4.940216064453125,9.58156681060791,1.8961858749389648,1.2992966175079346,38.79486846923828
3385137748.0,-0.9423736929893494,5.014132976531982,9.81618881225586,1.7049496173858645,1.4995489120483398,38.66938781738281
3385146081.0,-0.9494009017944336,4.770959377288818,9.903605461120604,1.6538877487182615,1.2149360179901123,38.677467346191406
3385154414.0,-1.0909602642059326,4.854676246643066,9.730530738830566,1.100542664527893,1.4518678188323977,38.573726654052734
3385162747.0,-0.8463578820228577,4.8319501876831055,9.86354637145996,1.0206260681152344,1.5310158729553225,38.61614608764648
3385171080.0,-0.8244782090187073,4.7884297370910645,9.835460662841797,0.647118866443634,1.4510738849639893,38.5187873840332
3385179413.0,-0.8562767505645752,4.780878067016602,9.779672622680664,0.6200829744338989,1.8647059202194207,38.62520217895508
3385187746.0,-0.9569149613380432,4.4901652336120605,9.872655868530272,0.2089483886957168,2.077176094055176,38.57146072387695
3385196079.0,-1.0989736318588257,4.546365737915039,9.62189769744873,0.1821814775466919,2.098154067993164,38.61582565307617
3385204412.0,-1.018924117088318,4.817727088928223,9.84760856628418,0.1034688428044319,2.065342426300049,38.54915618896485
3385212745.0,-0.8453055620193481,4.5780463218688965,9.957350730895996,-0.1214628592133522,1.8245168924331665,38.572715759277344
3385221078.0,-0.8652529716491699,4.705739498138428,9.677871704101562,-0.0798652917146682,1.970774531364441,38.60004806518555
3385229411.0,-0.8766391277313232,4.542591094970703,9.808332443237305,-0.0937482118606567,2.657313823699951,38.38468170166016
3385237744.0,-1.021753191947937,4.3285346031188965,9.816176414489746,-0.1267393976449966,2.532213926315308,38.49126434326172
3385246077.0,-1.1421517133712769,4.533280372619629,9.830236434936523,-0.091250829398632,2.535966157913208,38.59150314331055
3385254410.0,-0.9157864451408386,4.615444660186768,10.064054489135742,-0.0682235956192016,2.4091243743896484,38.56386947631836
3385262743.0,-0.6873360872268677,4.622620582580566,9.732223510742188,0.2026856988668441,2.1666853427886963,38.32983016967773
3385271076.0,-0.8452610373497009,4.475484371185303,9.62448787689209,0.3521961867809295,2.7526628971099854,38.41423034667969
3385279409.0,-1.144514083862305,4.195500373840332,9.497648239135742,0.2465117275714874,3.2568798065185547,38.59883117675781
3385287742.0,-1.4123870134353638,4.115997314453125,9.627452850341797,0.4940479099750519,2.956552267074585,38.52326965332031
3385296075.0,-1.417114019393921,4.276985168457031,9.768285751342772,0.5197774767875671,2.524145126342773,38.39379501342773
3385304408.0,-1.1508736610412598,4.081389904022217,9.600422859191896,0.6852712035179138,2.013012409210205,38.3325309753418
3385312741.0,-1.0884462594985962,4.379401206970215,9.45092487335205,0.8397637605667114,2.1899685859680176,38.5179443359375
3385321074.0,-1.10728919506073,4.470517635345459,9.777779579162598,0.7028042674064636,2.659119129180908,38.53909683227539
3385329407.0,-1.269839644432068,4.476140975952148,9.92245101928711,0.6274983882904053,2.5305871963500977,38.49358749389648
3385337740.0,-1.191687822341919,4.5587310791015625,9.905604362487791,0.6338249444961548,2.3874032497406006,38.40738677978516
3385346073.0,-1.0129575729370115,4.761109352111816,10.07630443572998,0.6316350102424622,2.148409605026245,38.42036056518555
3385354406.0,-0.7398102283477783,4.57939338684082,9.804015159606934,0.5487984418869019,2.06306266784668,38.417442321777344
3385362739.0,-0.8996143341064453,4.29674768447876,9.918914794921877,0.3608025908470154,2.5975430011749268,38.50211334228516
3385371072.0,-1.0372593402862549,4.247085571289063,9.564743995666504,0.5745152235031128,2.7775471210479736,38.65348052978516
3385379405.0,-1.177343249320984,4.333755016326904,9.617286682128906,0.8057608008384705,2.333088159561157,38.53536987304688
3385387738.0,-1.1931004524230957,4.295628547668457,9.611720085144045,0.547889232635498,2.2176320552825928,38.49727249145508
3385396071.0,-0.9908103942871094,4.401118278503418,9.511870384216309,0.2954349815845489,2.378771543502808,38.48333740234375
3385404404.0,-1.0437886714935305,4.45735502243042,9.938733100891112,0.4767070710659027,2.658145904541016,38.515811920166016
3385412737.0,-1.2783973217010498,4.6889519691467285,9.776747703552246,0.4083938300609588,2.814188241958618,38.51850509643555
3385421070.0,-1.2166365385055542,4.486875534057617,9.821157455444336,0.3974053263664245,2.3744938373565674,38.37040328979492
3385429403.0,-1.226904273033142,4.376713752746582,9.822592735290527,0.124024286866188,2.102956771850586,38.32068634033203
3385437736.0,-0.9730711579322816,4.568947792053223,9.782463073730469,0.0036500329151749,2.2057340145111084,38.32533264160156
3385446069.0,-1.0006572008132937,4.316986560821533,9.829980850219728,0.1319262832403183,2.369614124298096,38.2747917175293
3385454402.0,-1.1757848262786863,4.342954158782959,9.678266525268556,0.1317213475704193,2.786947011947632,38.32704925537109
3385462735.0,-1.360985279083252,4.32789945602417,9.849522590637209,-0.1376638710498809,2.5259251594543457,38.29709243774414
3385471068.0,-1.4418432712554932,4.198363780975342,9.846857070922852,-0.1748045533895492,2.112536668777466,38.30226516723633
3385479401.0,-1.3994861841201782,4.398459434509277,9.767695426940918,-0.1878934651613235,1.8347244262695312,38.26628112792969
3385487734.0,-1.1596261262893677,4.353109359741211,9.990068435668944,-0.4129660725593567,1.7061153650283811,38.24709701538086
3385496067.0,-1.1214507818222046,4.416714191436768,9.78651237487793,-0.4157324135303497,1.2954416275024414,38.36663818359375
3385504400.0,-1.0792710781097412,4.544332981109619,9.623250961303713,-0.4407830834388733,1.9064185619354248,38.4818229675293
3385512733.0,-0.9418559670448304,4.178998947143555,9.709589958190918,-0.3152987957000732,1.8334691524505613,38.42073059082031
3385521066.0,-1.069943904876709,4.155566215515137,9.718151092529297,-0.4586105346679687,1.5315024852752686,38.39322280883789
3385529399.0,-0.9616906046867372,4.1187286376953125,9.797282218933104,-0.465795487165451,2.1323750019073486,38.44403076171875
3385537732.0,-0.9927899241447448,4.370270252227783,9.861834526062012,0.0966298207640647,2.015932559967041,38.39108276367188
3385546065.0,-1.030963897705078,4.324828624725342,9.714306831359863,0.16751728951931,1.8450212478637693,38.38121032714844
3385554398.0,-0.896522045135498,4.111455917358398,9.63542366027832,0.1064785048365593,1.8084697723388672,38.320404052734375
3385562731.0,-1.1389412879943848,3.926693201065064,9.277704238891602,0.0647912919521331,1.8192917108535769,38.27864074707031
3385571064.0,-1.0874799489974976,4.203245639801025,9.514577865600586,0.2776970565319061,2.4953291416168213,38.308143615722656
3385579397.0,-0.7602850198745728,4.251981258392334,9.83144187927246,0.6339275240898132,1.9761662483215328,38.235137939453125
3385587730.0,-0.8410406112670898,4.210668563842773,9.62125301361084,0.5272440314292908,1.810493230819702,38.11038589477539
3385596063.0,-0.8342123627662659,4.2403764724731445,9.564433097839355,0.5594028234481812,2.551731824874878,38.15061950683594
3385604396.0,-1.0670222043991089,4.202496528625488,9.89645004272461,0.6086847186088562,2.790047168731689,38.28289413452149
3385612729.0,-1.2213586568832395,4.617679595947266,9.88117790222168,0.6560581922531128,2.710219621658325,37.98833465576172
3385621062.0,-0.8614407777786255,4.270142555236816,10.089437484741213,0.689843475818634,2.261381387710572,38.08518600463867
3385629395.0,-0.973169207572937,3.988000869750977,9.691031455993652,0.5868484377861023,1.91441023349762,38.110130310058594
3385637728.0,-1.2599520683288574,4.389609336853027,9.411805152893066,0.7236415147781372,2.6996288299560547,38.13850784301758
3385646061.0,-1.1582058668136597,4.349475383758545,9.849145889282228,0.6866160035133362,2.643238544464112,38.02066421508789
3385654394.0,-1.1870620250701904,4.2806596755981445,9.67533016204834,0.5437653064727783,1.6719969511032104,37.90507125854492
3385662727.0,-1.247310996055603,4.142501354217529,9.523762702941896,0.3526700437068939,2.0237958431243896,38.01094436645508
3385671060.0,-1.3581960201263428,4.100567817687988,9.578664779663086,0.5596717596054077,2.5109920501708984,38.13574981689453
3385679393.0,-1.4778578281402588,4.404101848602295,9.783111572265623,0.7407391667366028,2.1481151580810547,37.94669723510742
3385687726.0,-1.3424253463745115,4.1542649269104,10.019668579101562,0.395497053861618,1.319019436836243,37.8776969909668
3385696059.0,-1.0599271059036257,3.824646472930908,9.520421028137209,0.5026032328605652,0.8768532872200012,38.00722122192383
3385704392.0,-1.099936604499817,3.921899080276489,9.357089042663574,0.8321050405502319,1.616516351699829,37.91346740722656
3385712725.0,-0.9274915456771852,3.990252494812012,9.636192321777344,1.0543601512908936,1.8892571926116943,37.9200553894043
3385721058.0,-1.0255281925201416,4.450467109680176,9.70618724822998,1.005411148071289,1.358734369277954,37.70478820800781
3385729391.0,-0.9779958724975586,4.426923751831055,9.498734474182127,0.8369460701942444,1.4943362474441528,37.69092559814453
3385737724.0,-0.8941487669944763,4.077375888824463,9.62992000579834,0.8544151186943054,1.5285313129425049,37.80324935913086
3385746057.0,-1.0830069780349731,4.0355401039123535,9.639463424682615,0.8063371181488037,1.5412874221801758,37.914981842041016
3385754390.0,-1.08219313621521,4.074477195739746,9.764134407043455,0.7123841047286987,1.6572176218032837,37.96334457397461
3385762723.0,-0.9706273674964904,4.054247856140137,9.589824676513672,0.9855601191520692,1.1380932331085205,37.89625930786133
3385771056.0,-0.7672705054283142,4.221078395843506,9.569144248962402,0.9669386744499208,1.0916800498962402,37.79075241088867
3385779389.0,-0.6266200542449951,3.9477148056030273,9.627004623413086,0.642431378364563,1.4413659572601318,38.04947662353516
3385787722.0,-0.7922098636627197,4.037884712219238,9.516270637512209,0.6587989926338196,1.8855174779891968,37.94805145263672
3385796055.0,-0.9367316961288452,4.206136226654053,9.77744197845459,1.015861749649048,2.479051113128662,38.02394104003906
3385804388.0,-0.5945515036582947,3.8615126609802246,10.063468933105469,0.9619180560112,1.7329585552215576,38.08159637451172
3385812721.0,-0.6093605756759644,4.099029064178467,9.473917007446287,0.8431960940361023,0.99934059381485,38.127323150634766
3385821054.0,-0.6845675110816956,4.11531925201416,9.441201210021973,0.928158700466156,2.1874845027923584,38.22107696533203
3385829387.0,-0.8075953125953674,4.1754326820373535,9.59172821044922,1.1984913349151611,2.770182847976685,38.21781539916992
3385837720.0,-1.0593692064285278,4.21510124206543,9.86234188079834,1.1651419401168823,2.499875783920288,38.13739776611328
3385846053.0,-0.823828399181366,4.021637916564941,9.837926864624023,1.0056416988372805,1.6902599334716797,38.18943786621094
3385854386.0,-0.8731565475463867,4.152214527130127,9.401415824890137,1.1054093837738037,1.772891640663147,38.23582458496094
3385862719.0,-1.0151307582855225,4.45595645904541,9.546321868896484,1.2605292797088623,3.046971082687378,38.35342025756836
3385871052.0,-0.9540255069732666,4.201371192932129,9.915515899658203,1.255560040473938,2.6850411891937256,38.07155990600586
3385879385.0,-1.1515495777130127,4.168381690979004,9.903878211975098,1.228152871131897,1.841102242469788,38.212440490722656
3385887718.0,-0.9917718768119812,4.3019185066223145,9.690404891967772,1.1661663055419922,2.012026309967041,38.16151809692383
3385896051.0,-0.9230777621269226,4.300145626068115,9.877016067504885,1.2526400089263916,2.187663078308105,38.1376953125
3385904384.0,-0.9830092191696168,4.541181564331055,9.905329704284668,1.2609646320343018,2.5400898456573486,38.08213806152344
3385912717.0,-0.772963285446167,4.242987155914307,10.175962448120115,1.209403395652771,1.8927923440933228,37.95962905883789
3385921050.0,-1.0491329431533811,4.241730690002441,9.774324417114258,1.0347908735275269,1.814924478530884,37.918365478515625
3385929383.0,-1.207908272743225,4.509997844696045,9.709562301635742,1.142549991607666,2.501335620880127,37.91716003417969
3385937716.0,-1.1306625604629517,4.349850177764893,10.051609992980955,1.055551052093506,2.285778522491455,37.79183578491211
3385946049.0,-1.0497523546218872,4.182213306427002,9.846821784973145,0.8302352428436279,1.4171092510223389,37.78647613525391
3385954382.0,-0.8043131828308105,3.924753665924072,9.65944004058838,0.8693224787712097,1.4109106063842771,37.7118034362793
3385962715.0,-0.9645569920539856,3.789369583129883,9.340974807739258,1.314626693725586,2.001370906829834,37.90251159667969
3385971048.0,-1.1024991273880005,3.970957040786743,9.601916313171388,1.5428496599197388,2.3227782249450684,37.80150604248047
3385979381.0,-0.8564566969871521,3.814136743545532,9.896991729736328,1.6630829572677612,1.3576072454452517,37.66311264038086
3385987714.0,-0.8798617720603943,4.060906887054443,9.428208351135254,1.807188868522644,1.0240583419799805,37.58158493041992
3385996047.0,-0.6542778015136719,4.08001708984375,9.57940673828125,2.001626968383789,1.9823907613754272,37.54608154296875
3386004380.0,-0.8424022197723389,4.236670970916748,9.731049537658691,1.9417920112609863,2.009029626846313,37.571624755859375
3386012713.0,-1.019375562667847,4.288756370544434,9.793883323669434,1.9465304613113403,2.0638182163238525,37.473106384277344
3386021046.0,-0.714580237865448,4.244602203369141,10.105184555053713,1.8303184509277344,1.5352933406829834,37.308815002441406
3386029379.0,-0.6771546006202698,4.542969226837158,9.87705421447754,1.8491450548172,1.2517690658569336,37.41570663452149
3386037712.0,-0.5741127133369446,4.593225479125977,9.82590389251709,1.554145574569702,2.141890287399292,37.54236602783203
3386046045.0,-0.6802000403404236,4.5773091316223145,9.880992889404297,1.4116023778915403,2.2607409954071045,37.54652404785156
3386054378.0,-0.7969329357147217,4.478298664093018,9.839354515075684,1.1540507078170776,2.0883309841156006,37.68255615234375
3386062711.0,-0.648676335811615,4.097759246826172,9.766661643981934,0.9755449295043944,1.6236882209777832,37.6695442199707
3386071044.0,-0.6789845824241638,4.271989345550537,9.41489601135254,0.9897864460945128,1.7005566358566284,37.72266387939453
3386079377.0,-0.7165811657905579,4.207790374755859,9.61484432220459,1.0568702220916748,2.578255176544189,37.84884643554688
3386087710.0,-0.9530730843544006,4.074076652526856,9.7897310256958,1.0276187658309937,2.3083066940307617,37.86848831176758
3386096043.0,-0.939489722251892,4.107572555541992,9.801328659057615,1.1630669832229614,2.118299961090088,37.85921478271485
3386104376.0,-0.7152551412582397,4.020011901855469,9.943425178527832,1.0559992790222168,1.595589518547058,37.83824157714844
3386112709.0,-0.6231306791305542,4.4422454833984375,9.746386528015137,1.1146817207336426,1.7844436168670654,37.94905090332031
3386121042.0,-0.5221728086471558,4.542625427246094,9.818281173706056,1.352587342262268,2.260254383087158,38.17453384399414
3386129375.0,-0.6451815962791443,4.040210247039795,9.8486328125,1.2225689888000488,1.9993984699249268,38.15855026245117
3386137708.0,-0.6844809651374817,4.086760520935059,9.553781509399414,1.050953388214111,1.899835705757141,38.17978286743164
3386146041.0,-0.5336157083511353,4.183747291564941,9.79552936553955,1.3235405683517456,1.8475570678710933,38.19868850708008
3386154374.0,-0.8266453146934509,4.662458419799805,9.758930206298828,1.3464139699935913,2.19160795211792,38.06858825683594
3386162707.0,-0.6459900140762329,4.528059959411621,9.836359024047852,1.043960690498352,2.1576945781707764,38.30639266967773
3386171040.0,-0.8029201626777649,4.398874282836914,9.792254447937012,0.6843364238739014,1.6592154502868652,38.3192253112793
3386179373.0,-0.8175565600395203,4.275306701660156,9.504110336303713,0.7728080153465271,2.003035545349121,38.37808227539063
3386187706.0,-0.628864049911499,4.2211785316467285,9.74931526184082,0.9088453650474548,2.066635608673096,38.39942169189453
3386196039.0,-0.7187828421592712,4.419702529907227,9.72706127166748,0.7547244429588318,1.8611841201782229,38.25527191162109
3386204372.0,-0.4718248248100281,4.096685886383057,9.737648963928224,0.6782400608062744,1.86402690410614,38.31612014770508
3386212705.0,-0.8049835562705994,4.161206245422363,9.681485176086426,0.8095132112503052,1.8296271562576287,38.372066497802734
3386221038.0,-0.879553496837616,4.268993377685547,9.710457801818848,1.0370705127716064,2.4307169914245605,38.39955139160156
3386229371.0,-0.7909829616546631,4.307720184326172,9.8671875,0.9803861379623412,1.67368745803833,38.16720581054688
3386237704.0,-0.6793773174285889,4.626565933227539,9.704197883605955,0.7649956941604614,1.28150737285614,38.22783660888672
3386246037.0,-0.5223404765129089,4.263792991638184,9.722970008850098,0.7253703474998474,1.3540980815887451,38.12253189086914
3386254370.0,-0.8380016088485718,4.436674118041992,9.62547492980957,0.658978283405304,1.8913062810897827,38.16789245605469
3386262703.0,-0.7603669762611389,4.241899967193604,9.80379581451416,0.7699649333953857,1.98085367679596,38.21651458740234
3386271036.0,-0.7098442316055298,4.2487616539001465,9.874670028686523,0.6031904220581055,0.8557471632957458,38.02251434326172
3386279369.0,-0.4713357090950012,4.377438545227051,9.47751522064209,0.6475286483764648,1.139553189277649,37.904632568359375
3386287702.0,-0.4354402124881744,3.981472969055176,9.652022361755373,0.684080183506012,1.5001505613327026,37.79563903808594
3386296035.0,-0.6804729700088501,4.180292129516602,9.600919723510742,0.8064906597137451,2.225008726119995,37.73429107666016
3386304368.0,-0.4338278770446777,4.16234016418457,10.064712524414062,1.2634239196777344,1.5970240831375122,37.61676025390625
3386312701.0,-0.4120901226997375,4.280425071716309,9.686046600341797,0.8848193287849426,0.7294687032699585,37.53069305419922
3386321034.0,-0.2924312651157379,4.413538932800293,9.462285041809082,0.9046446084976196,1.692795753479004,37.63040542602539
3386329367.0,-0.4941557943820953,4.1922807693481445,9.769742012023926,1.034432291984558,2.2843828201293945,37.61663055419922
3386337700.0,-0.7375161051750183,4.379074096679688,9.932198524475098,0.908973515033722,2.3920137882232666,37.591068267822266
3386346033.0,-0.3415665328502655,4.470141410827637,10.20270824432373,0.986379861831665,1.2403708696365356,37.64183044433594
3386354366.0,-0.321165919303894,4.642477035522461,9.754581451416016,0.5349026918411255,0.857335090637207,37.54761505126953
3386362699.0,-0.2775179743766784,4.357969760894775,9.588298797607422,0.5315216183662415,1.959516882896424,37.805118560791016
3386371032.0,-0.4978179931640625,4.407575130462647,9.745182037353516,0.4362109303474426,2.48699164390564,37.74946212768555
3386379365.0,-0.5150584578514099,4.487585067749023,9.914687156677246,0.3780921995639801,2.1550817489624023,37.745155334472656
3386387698.0,-0.2718665599822998,4.10513162612915,9.99756145477295,0.2301569730043411,1.0020172595977783,37.70807647705078
3386396031.0,-0.4452221095561981,4.328954219818115,9.45280647277832,-0.0171871706843376,1.6186294555664062,37.90500259399414
3386404364.0,-0.4404261708259582,4.20124101638794,9.66057300567627,0.215864211320877,2.6124117374420166,37.97803115844727
3386412697.0,-0.5328103303909302,4.173211574554443,9.842178344726562,0.2579741179943084,1.9884231090545648,37.93643951416016
3386421030.0,-0.2434251010417938,4.033871173858643,9.815648078918455,0.2462171167135238,1.4630485773086548,38.0825080871582
3386429363.0,-0.2006745785474777,4.092952728271484,9.529647827148438,0.3941138982772827,1.2389235496520996,38.0544319152832
3386437696.0,-0.2642522156238556,4.311184406280518,9.322084426879885,0.546967089176178,2.6062519550323486,38.1557846069336
3386446029.0,-0.1949453055858612,4.0091753005981445,10.025068283081056,0.762459933757782,2.8564774990081787,38.214385986328125
3386454362.0,-0.3655549883842468,4.0438151359558105,9.806129455566406,0.3132112920284271,2.040893793106079,38.2195930480957
3386462695.0,-0.1056255176663398,3.905984401702881,9.601861953735352,0.7969110608100891,2.1942715644836426,38.26994323730469
3386471028.0,-0.029861556366086,3.97964096069336,9.59084129333496,1.1384004354476929,2.408867835998535,38.28295516967773
3386479361.0,-0.2047398537397384,4.027463912963867,9.567315101623535,1.1132985353469849,3.3008852005004883,38.48979187011719
3386487694.0,-0.2630256116390228,3.854292631149292,9.889599800109863,1.2114523649215698,3.07209849357605,38.35288619995117
3386496027.0,-0.3614069521427154,4.071884632110596,9.541309356689451,1.3988465070724487,2.628945827484131,38.41182327270508
3386504360.0,-0.101514458656311,3.782759666442871,9.5567045211792,1.6261985301971436,2.5482609272003174,38.456031799316406
3386512693.0,-0.2968809604644775,3.8300747871398926,9.30368709564209,1.497230887413025,2.952966451644897,38.42713928222656
3386521026.0,-0.2777900099754333,3.9908738136291504,9.49297046661377,1.8257592916488647,3.6783626079559326,38.49186325073242
3386529359.0,-0.4967078566551208,3.924627304077149,9.979844093322754,1.986924290657044,3.137927293777466,38.52298355102539
3386537692.0,-0.7805460691452026,4.229591369628906,9.496803283691406,1.907648205757141,2.991772174835205,38.5911750793457
3386546025.0,-0.5235994458198547,3.8185858726501465,9.781251907348633,2.17518949508667,3.027939319610596,38.63963317871094
3386554358.0,-0.5498365759849548,4.189847946166992,9.612944602966309,2.135282039642334,2.6007955074310303,38.483489990234375
3386562691.0,-0.3526004254817962,4.321159839630127,9.633062362670898,2.270627975463867,2.8903138637542725,38.56648254394531
3386571024.0,-0.421543151140213,4.410538673400879,9.723002433776855,2.213918447494507,2.761474609375,38.3681526184082
3386579357.0,-0.6389806866645813,4.796106815338135,9.643644332885742,2.015177011489868,3.078450918197632,38.36343765258789
3386587690.0,-0.4630114436149597,4.56910514831543,10.049786567687988,1.8051910400390625,2.8522768020629883,38.22465896606445
3386596023.0,-0.5868135094642639,4.950978755950928,9.929852485656738,1.4091944694519043,2.407100439071656,38.02091598510742
3386604356.0,-0.4080052077770233,4.86693000793457,9.813858032226562,1.4445167779922483,2.766110420227051,38.18562698364258
3386612689.0,-0.4507699310779571,4.725643157958984,10.062230110168455,1.0686017274856567,2.6043052673339844,37.92750930786133
3386621022.0,-0.5567042827606201,4.645486354827881,9.69815158843994,0.922523558139801,2.781889200210572,38.123512268066406
3386629355.0,-0.457059770822525,4.163157939910889,9.90837860107422,0.8576168417930603,2.4122745990753174,38.0736083984375
3386637688.0,-0.5739042162895203,4.431610107421875,9.4878568649292,0.944269835948944,2.1818997859954834,38.02770233154297
3386646021.0,-0.3638271987438202,4.084991931915283,9.577985763549805,1.0716497898101809,2.5724666118621826,38.03388214111328
3386654354.0,-0.4904068410396576,4.212723731994629,9.620926856994627,1.0540525913238523,2.496033430099488,37.855201721191406
3386662687.0,-0.6007548570632935,4.191574096679688,9.602272987365724,1.0817161798477173,2.8536088466644287,37.87692260742188
3386671020.0,-0.6386013627052307,4.162322044372559,9.98484992980957,1.376357078552246,2.51601243019104,37.95396423339844
3386679353.0,-0.6108259558677673,4.395645618438721,9.547988891601562,1.316009759902954,2.050140142440796,38.02760314941406
3386687686.0,-0.3372648358345032,4.24950122833252,9.841108322143556,1.4361919164657593,1.803423762321472,37.99886703491211
3386696019.0,-0.3775322139263153,4.520596981048584,9.413854598999023,1.3681092262268066,2.1376640796661377,38.02447891235352
3386704352.0,-0.1457456350326538,4.625150203704834,9.698966979980469,1.5869319438934326,2.538912057876587,38.14927673339844
3386712685.0,-0.2841909229755401,4.4562506675720215,9.777679443359377,1.404814600944519,2.1201183795928955,38.174991607666016
3386721018.0,-0.6413692831993103,4.607977390289307,9.356622695922852,1.1753875017166138,2.5012078285217285,38.24625396728516
3386729351.0,-0.4669941663742065,4.145035743713379,9.856953620910645,1.3734114170074463,2.53737473487854,38.23177719116211
3386737684.0,-0.4548312127590179,4.546202659606934,9.724282264709473,1.2916250228881836,1.823479533195496,38.15175628662109
3386746017.0,-0.2060291469097137,4.52377462387085,9.922554969787598,1.3133203983306885,2.0782134532928467,38.30296325683594
3386754350.0,-0.351229727268219,4.755277633666992,9.693530082702637,1.100107192993164,1.966970920562744,38.26387405395508
3386762683.0,-0.5764603614807129,5.067329406738281,9.727312088012695,0.9224209785461426,2.5242090225219727,38.24609375
3386771016.0,-0.4635712504386902,4.6747002601623535,10.095282554626465,0.5088786482810974,2.398519992828369,38.296146392822266
3386779349.0,-0.1317202597856521,4.44122314453125,10.018216133117676,0.29172083735466,1.869277834892273,38.41761016845703
3386787682.0,0.4102281033992767,4.470414638519287,9.947404861450195,0.3874670267105102,1.6916173696517944,38.4971923828125
3386796015.0,-0.195326030254364,4.884289741516113,9.385010719299316,0.5098775625228882,2.7367308139801025,38.30244827270508
3386804348.0,-0.5325871706008911,4.554346561431885,9.65570068359375,0.4874394834041595,4.146796226501465,38.437049865722656
3386812681.0,-0.4654800295829773,4.1762003898620605,10.28641414642334,0.1024058535695076,2.739856004714966,38.429908752441406
3386821014.0,-0.4675720036029815,4.211513519287109,9.652653694152832,-0.2604330480098724,1.5020718574523926,38.42332077026367
3386829347.0,-0.123078353703022,4.267183780670166,9.00144100189209,0.4788074195384979,2.168939113616944,38.34588623046875
3386837680.0,-0.2995984554290771,4.3574700355529785,9.082656860351562,0.8164804577827454,3.245891571044922,38.40826416015625
3386846013.0,-0.3387061953544616,3.926603794097901,9.613701820373535,0.6567754149436951,3.238206624984741,38.498497009277344
3386854346.0,-0.5258297920227051,3.961876392364502,9.758845329284668,0.3628517091274261,2.507124662399292,38.47006607055664
3386862679.0,-0.5431946516036987,4.4520673751831055,9.341428756713867,0.9579479098320008,2.5941357612609863,38.374267578125
3386871012.0,-0.3139799535274505,4.030218124389648,9.821292877197266,1.3390628099441528,2.6905739307403564,38.46717834472656
3386879345.0,-0.5877232551574707,4.147341251373291,9.429204940795898,1.011635422706604,2.2690911293029785,38.42383575439453
3386887678.0,-0.4550637006759643,4.207637310028076,9.544086456298828,1.147083759307861,2.6383204460144043,38.57221603393555
3386896011.0,-0.5266717672348022,4.301227569580078,9.768233299255373,1.5753542184829712,2.1819770336151123,38.61606979370117
3386904344.0,-0.7178431153297424,4.456570148468018,9.470410346984863,1.5210007429122925,2.2630200386047363,38.537635803222656
3386912677.0,-0.3653586804866791,4.275338649749756,9.720118522644045,1.1937785148620603,1.9659208059310915,38.60072708129883
3386921010.0,-0.3687266111373901,4.562511444091797,9.540483474731444,1.0585606098175049,1.5366510152816772,38.56435012817383
3386929343.0,-0.321707159280777,4.351839065551758,9.574719429016112,1.0017484426498413,2.258025646209717,38.523040771484375
3386937676.0,-0.5665122866630554,4.175087451934815,10.006599426269531,1.0967774391174316,2.4607629776000977,38.68217849731445
3386946009.0,-0.779790461063385,4.188494682312012,9.828256607055664,1.3244880437850952,2.211740732192993,38.724571228027344
3386954342.0,-0.3982128202915191,4.105989933013916,10.039283752441406,1.4045584201812744,1.1733896732330322,38.750396728515625
3386962675.0,-0.2722799181938171,4.16033411026001,9.543490409851074,1.3511782884597778,0.9625586271286012,38.64119720458984
3386971008.0,0.0208617728203535,4.0964765548706055,9.526869773864746,1.5035574436187744,1.962257623672485,38.796852111816406
3386979341.0,-0.3866837918758392,4.406606197357178,9.795498847961426,1.5383929014205933,2.4610445499420166,38.745216369628906
3386987674.0,-0.3439489305019378,4.440776348114014,9.931047439575195,1.9706079959869385,2.64626145362854,38.77431488037109
3386996007.0,-0.152277871966362,4.233010292053223,10.051124572753906,1.973988890647888,1.394440531730652,38.67525863647461
3387004340.0,-0.2141517549753189,4.527827739715576,9.544583320617676,1.5181320905685425,1.7512476444244385,38.78914260864258
3387012673.0,-0.0052614561282098,4.366753578186035,9.75334358215332,1.868868112564087,2.761371612548828,38.73284149169922
3387021006.0,-0.2628020346164703,4.560495376586914,9.97469425201416,1.8200476169586184,2.576923370361328,38.734745025634766
3387029339.0,-0.238652154803276,4.364118576049805,9.817241668701172,1.896454811096192,2.41406798362732,38.69624710083008
3387037672.0,-0.211631178855896,4.219063758850098,9.726994514465332,1.6321923732757568,1.8364917039871216,38.650089263916016
3387046005.0,-0.292235791683197,4.627389907836914,9.506129264831545,1.7239426374435425,2.603178024291992,38.60139465332031
3387054338.0,-0.111974723637104,4.622373104095459,9.957947731018066,1.7427947521209717,2.9988160133361816,38.749420166015625
3387062671.0,-0.3161767721176147,4.87830924987793,9.94782257080078,1.543208122253418,2.673616886138916,38.62787628173828
3387071004.0,-0.3385428786277771,4.490451335906982,9.901148796081545,1.4623186588287354,2.7361929416656494,38.72062683105469
3387079337.0,-0.419565737247467,4.52733325958252,9.964226722717283,1.3902143239974976,2.5029237270355225,38.673805236816406
3387087670.0,-0.6719400882720947,4.766312599182129,9.71048069000244,1.3452357053756714,2.812574625015259,38.79642105102539
3387096003.0,-0.3810027837753296,4.35004472732544,9.99958038330078,1.236528754234314,2.4336371421813965,38.8301010131836
3387104336.0,-0.4343453049659729,4.496978759765625,9.60980987548828,0.9927834868431092,1.914205551147461,38.61281967163086
3387112669.0,-0.2338909059762954,4.2510247230529785,9.61752700805664,1.1748751401901243,2.50953221321106,38.59501647949219
3387121002.0,-0.3640390336513519,4.526898384094238,9.65384578704834,1.3756141662597656,2.48058819770813,38.49022674560547
3387129335.0,-0.5243193507194519,4.785179615020752,9.692407608032228,1.4170068502426147,2.6547138690948486,38.56835174560547
3387137668.0,-0.4279845952987671,4.527950286865234,10.04094409942627,1.077054500579834,2.214430332183838,38.31354141235352
3387146001.0,-0.5729736685752869,4.608618259429932,9.626267433166504,1.0056673288345337,2.028726816177368,38.37155151367188
3387154334.0,-0.2981495261192322,4.268515586853027,9.86809539794922,1.236605525016785,2.513015985488892,38.410003662109375
3387162667.0,-0.4625401794910431,4.394377708435059,9.741283416748049,1.228408932685852,1.953548789024353,38.35023880004883
3387171000.0,-0.4232226312160492,4.608177661895752,9.526808738708496,1.109302639961243,2.2850232124328613,38.36783981323242
3387179333.0,-0.3042643070220947,4.266936779022217,9.929754257202148,1.2329941987991333,1.9080325365066528,38.24415588378906
3387187666.0,-0.3009708523750305,4.26301383972168,9.582911491394045,1.0759785175323486,1.867971539497376,38.29981231689453
3387195999.0,-0.0901455283164978,3.964043140411377,9.700096130371094,1.6199744939804075,2.265530824661255,38.41433334350586
3387204332.0,-0.2769710123538971,4.076417922973633,9.717799186706545,1.7445876598358154,2.1512396335601807,38.5196533203125
3387212665.0,-0.3516648113727569,4.355698108673096,9.600709915161133,1.721304416656494,2.470470428466797,38.438743591308594
3387220998.0,-0.3968917727470398,4.171817779541016,9.9226713180542,1.7705605030059814,2.0578246116638184,38.32163238525391
3387229331.0,-0.4059162139892578,4.463591575622559,9.605921745300291,1.8807790279388428,2.1819002628326416,38.45611190795898
3387237664.0,0.0698441714048385,4.018857479095459,9.951457977294922,1.9380522966384888,1.8677924871444704,38.45626449584961
3387245997.0,-0.1752974987030029,4.432346343994141,9.468365669250488,1.850195407867432,1.794843077659607,38.44353103637695
3387254330.0,-0.2650449275970459,4.369497776031494,9.433077812194824,1.9259624481201167,2.9765570163726807,38.528594970703125
3387262663.0,-0.2332748472690582,4.245862483978272,10.072731018066406,1.9940707683563232,2.6533305644989014,38.523529052734375
3387270996.0,-0.2814505696296692,4.280983924865723,9.691262245178224,1.8631306886672967,1.9192771911621087,38.513973236083984
3387279329.0,-0.1207915320992469,4.121595859527588,9.726861953735352,2.2607407569885254,2.029956340789795,38.50254440307617
3387287662.0,-0.2391046285629272,4.455315113067627,9.357940673828123,2.300724983215332,2.433125257492065,38.40816116333008
3387295995.0,-0.1309687942266464,4.465593338012695,9.802919387817385,2.2783634662628174,2.77008056640625,38.54091644287109
3387304328.0,-0.3247634172439575,4.375399112701416,9.905658721923828,2.1198880672454834,2.3017494678497314,38.3975830078125
3387312661.0,-0.3933306038379669,4.5027289390563965,9.62590503692627,2.01842999458313,2.584454298019409,38.437591552734375
3387320994.0,-0.0688377916812896,4.494317054748535,9.948397636413574,2.0782392024993896,2.3975210189819336,38.36851119995117
3387329327.0,-0.0545884184539318,4.802683830261231,9.60937213897705,1.984491229057312,2.144862174987793,38.17660903930664
3387337660.0,0.0978946834802627,4.640882015228272,9.62015438079834,1.846455454826355,2.7170333862304688,38.20423889160156
3387345993.0,-0.2714275121688843,4.610306739807129,9.642742156982422,1.6608803272247314,2.9495339393615723,38.2264518737793
3387354326.0,-0.5512999892234802,4.6388468742370605,9.670223236083984,1.5242027044296265,3.344865083694458,38.12461471557617
3387362659.0,-0.4042566120624542,4.532290935516357,9.971168518066406,1.4455411434173584,2.333203792572021,37.89776992797852
3387370992.0,-0.2697598934173584,4.71418046951294,9.44436264038086,1.1640915870666504,1.845866322517395,37.81710815429688
3387379325.0,-0.0007369068916887,4.480470657348633,9.383302688598633,1.060123324394226,2.499235153198242,37.80509567260742
3387387658.0,-0.3889462947845459,4.664556503295898,9.429139137268066,0.937200367450714,3.020434617996216,37.65483856201172
3387395991.0,-0.7159684300422668,4.510876178741455,9.672334671020508,0.9763389229774476,3.374577283859253,37.607940673828125
3387404324.0,-0.4669655561447143,4.506590843200684,9.993977546691896,0.7968085408210754,1.899144172668457,37.349029541015625
3387412657.0,-0.3881048858165741,4.829834461212158,9.555415153503418,0.7032652497291565,1.4954888820648191,37.12004089355469
3387420990.0,-0.1920336484909057,4.681906223297119,9.557440757751465,0.4991195499897003,2.320319652557373,37.16425323486328
3387429323.0,-0.5677282810211182,4.748759269714356,9.511058807373049,0.3577544093132019,2.836267232894897,36.912967681884766
3387437656.0,-0.5813735723495483,4.454824447631836,9.990572929382324,0.32422536611557,2.6608099937438965,36.895633697509766
3387445989.0,-0.357255756855011,4.432125568389893,10.144243240356444,0.1092960610985755,1.254433035850525,36.65495681762695
3387454322.0,-0.4199351072311401,4.695788860321045,9.50428295135498,0.0453116372227668,1.3763827085494995,36.59138870239258
3387462655.0,-0.3179073631763458,4.419277191162109,9.622685432434082,0.0654188394546508,2.379258155822754,36.54297637939453
3387470988.0,-0.6944665908813477,4.516220569610596,9.861433029174805,-0.2143017053604126,2.4763612747192383,36.3358039855957
3387479321.0,-0.6477333307266235,4.329513072967529,10.160442352294922,-0.3079474568367004,1.8892309665679927,36.22665786743164
3387487654.0,-0.4924242198467254,4.34468412399292,10.143716812133787,-0.3880945146083832,0.902672290802002,36.1299934387207
3387495987.0,-0.4965150952339172,4.757914543151856,9.67827033996582,-0.2902992665767669,1.3285351991653442,36.20402145385742
3387504320.0,-0.3912951052188873,4.182928562164307,9.885686874389648,-0.3942418992519378,1.743716597557068,36.121849060058594
3387512653.0,-0.4897373914718628,4.2691144943237305,10.00933074951172,-0.5476201176643372,1.4077599048614502,36.12937927246094
3387520986.0,-0.2659975588321686,4.134956359863281,10.08931827545166,-0.6001806855201721,1.0346626043319702,36.131378173828125
3387529319.0,-0.3371272385120392,4.194708824157715,9.99052906036377,-0.5658830404281616,1.0241093635559082,36.020748138427734
3387537652.0,-0.4274868071079254,4.349028587341309,9.652643203735352,-0.2075907886028289,1.5928999185562134,36.01073455810547
3387545985.0,-0.1827063709497451,4.05767297744751,10.098621368408203,-0.3889397978782654,1.0764650106430054,35.930511474609375
3387554318.0,-0.5690683126449585,4.071333408355713,9.755585670471191,-0.7093229293823242,0.7467326521873474,35.8934211730957
3387562651.0,-0.5417951941490173,3.844225168228149,9.870221138000488,-0.5796123743057251,1.6025052070617676,35.926002502441406
3387570984.0,-0.4075818359851837,3.9500386714935294,10.170331001281738,0.0464898832142353,0.8797985911369324,35.741783142089844
3387579317.0,-0.3752845227718353,3.878683805465698,9.815925598144531,0.0943373367190361,0.1158277094364166,35.85010528564453
3387587650.0,-0.117840975522995,3.5810375213623047,9.61826229095459,0.002791954902932,0.1792230159044265,35.80267333984375
3387595983.0,-0.3341266810894012,3.979194879531861,9.583538055419922,0.2671055495738983,1.127232551574707,35.873878479003906
3387604316.0,-0.200674295425415,4.009917259216309,10.172362327575684,0.7005500197410583,1.4924662113189695,35.81962203979492
3387612649.0,-0.1483524590730667,4.038386821746826,10.02037525177002,0.7015233635902405,0.2065277844667434,35.57141876220703
3387620982.0,-0.1580349206924438,3.937807321548462,9.6502685546875,0.6701972484588623,0.5420490503311157,35.70354461669922
3387629315.0,0.0497698970139026,3.6000683307647705,9.767891883850098,0.6538809537887573,0.9771329760551452,35.8298225402832
3387637648.0,-0.2086129784584045,3.813334226608277,9.664798736572266,0.95182603597641,1.1729284524917605,35.84416198730469
3387645981.0,0.0311241075396537,3.3490264415740967,9.829961776733398,1.3552504777908323,0.796116828918457,35.88752365112305
3387654314.0,0.0756676197052002,3.501923084259033,9.451889038085938,1.4034823179244995,0.1936950534582138,35.6349983215332
3387662647.0,0.0655080899596214,3.5585625171661377,9.140673637390137,1.6889277696609497,1.240165948867798,35.63092422485352
3387670980.0,0.0934491604566574,3.4529800415039062,9.526809692382812,1.9764221906661987,1.5705385208129885,35.625370025634766
3387679313.0,-0.2499431669712066,3.649306535720825,9.628032684326172,2.21399450302124,1.7531682252883911,35.61256408691406
3387687646.0,-0.0367102995514869,3.544596672058105,9.745261192321776,2.626717329025269,1.305635929107666,35.72086334228516
3387695979.0,-0.0137212090194225,3.75065803527832,9.602605819702148,2.756197214126587,0.7263948917388916,35.426246643066406
3387704312.0,0.0388824269175529,3.8889451026916495,9.476156234741213,2.9121880531311035,1.6949727535247805,35.47956848144531
3387712645.0,0.0659385174512863,3.735375165939331,9.80418300628662,2.6556100845336914,1.802629351615905,35.435001373291016
3387720978.0,-0.2609885632991791,3.936056137084961,9.589715957641602,2.7056095600128174,1.8980684280395508,35.301273345947266
3387729311.0,0.097277395427227,3.693829774856568,9.730963706970217,3.003349542617798,1.5940011739730835,35.29430389404297
3387737644.0,0.1045811548829078,3.8570363521575928,9.5718412399292,2.702791452407837,1.030077576637268,34.993289947509766
3387745977.0,-0.0305103752762079,4.108816623687744,9.447208404541016,2.552333354949951,2.0843865871429443,35.216285705566406
3387754310.0,0.0802271291613578,4.117795944213867,9.992633819580078,2.4436516761779785,2.2692439556121826,35.06858444213867
3387762643.0,-0.0822488293051719,4.367644309997559,10.001296997070312,2.0164570808410645,1.8500412702560425,34.7742805480957
3387770976.0,0.210753932595253,4.018184661865234,9.972091674804688,1.909619688987732,1.820789694786072,34.75837326049805
3387779309.0,0.0852777808904647,4.085148334503174,9.591431617736816,1.7226616144180298,1.7853909730911257,34.764137268066406
3387787642.0,-0.0033849191386252,4.012084007263184,9.734641075134276,1.564007043838501,2.736346483230591,34.61870574951172
3387795975.0,-0.0958317294716835,3.90819787979126,9.99583625793457,1.4109102487564087,2.490986585617065,34.44418716430664
3387804308.0,-0.3596029579639435,4.1866655349731445,9.826704978942873,1.316291093826294,2.412914514541626,34.30033493041992
3387812641.0,-0.0379838310182094,4.0630784034729,9.961191177368164,1.3348101377487185,2.1654293537139893,33.926239013671875
3387820974.0,0.0079824058338999,4.3465576171875,9.571206092834473,1.0388888120651243,1.7395410537719729,33.525325775146484
3387829307.0,0.0352402962744236,4.442866325378418,9.63404369354248,0.652804970741272,2.6226439476013184,33.49151611328125
3387837640.0,-0.1223014369606971,4.384682655334473,9.993064880371094,0.3181546628475189,2.917975902557373,33.16262435913086
3387845973.0,-0.4269851148128509,4.509456634521484,9.772150039672852,-0.023526694625616,2.5344796180725098,32.8482666015625
3387854306.0,-0.1879026293754577,4.227551937103272,9.97614288330078,0.0366796217858791,2.169015645980835,32.646244049072266
3387862639.0,-0.1339657604694366,4.016263961791992,9.720410346984863,-0.5434961915016174,1.856982469558716,32.251556396484375
3387870972.0,-0.1428621411323547,4.205053329467773,9.69927978515625,-0.5440083146095276,2.629533767700196,31.986801147460938
3387879305.0,-0.1232595965266227,3.939481735229492,10.114523887634276,-0.3774389624595642,2.8969216346740723,31.74528884887696
3387887638.0,-0.5102296471595764,3.884098768234253,9.999906539916992,-0.614908754825592,2.6785342693328857,31.41370964050293
3387895971.0,-0.282586008310318,3.4140405654907227,10.08884048461914,-0.6990513801574707,2.202364921569824,30.927265167236328
3387904304.0,-0.0908985361456871,3.689954042434693,9.915887832641602,-0.6673923134803772,1.6917449235916138,30.601303100585938
3387912637.0,0.0837628990411758,3.6961965560913086,9.809857368469238,-0.5767433047294617,2.520801067352295,30.31879615783692
3387920970.0,0.0824391543865203,3.660832166671753,9.947154998779297,-0.4932665526866913,2.65542984008789,30.0561752319336
3387929303.0,-0.2102846056222915,3.6299808025360094,9.819527626037598,-0.6693645119667053,2.76703143119812,29.68899917602539
3387937636.0,-0.0800032317638397,3.7197189331054688,9.98094081878662,-0.9015320539474488,2.4219555854797363,29.343971252441406
3387945969.0,-0.1430940330028534,3.917419672012329,9.881553649902344,-1.018384337425232,2.324211835861206,29.027019500732425
3387954302.0,9.00335144251e-05,4.021484851837158,9.943291664123535,-1.1288328170776367,2.759961128234864,28.971818923950195
3387962635.0,0.0061418870463967,3.932596445083618,10.073892593383787,-1.4165834188461304,2.7116012573242188,28.57310676574707
3387970968.0,-0.1209835782647132,3.799786567687988,10.029520988464355,-1.741858720779419,3.014413595199585,28.37252616882324
3387979301.0,0.1278427094221115,3.4125285148620605,10.15083122253418,-1.928023099899292,2.792695999145508,28.12108993530273
3387987634.0,-0.0415879674255847,3.4936373233795166,9.967554092407228,-2.249328374862671,2.48009991645813,27.949630737304688
3387995967.0,-0.1150484830141067,3.5314695835113525,9.625263214111328,-2.283933401107788,2.9221510887146,27.71639060974121
3388004300.0,-0.0124405436217784,3.236452579498291,9.856740951538086,-2.4852607250213623,3.155368089675904,27.32210350036621
3388012633.0,-0.1257318556308746,3.3412957191467285,9.812844276428224,-2.842195749282837,2.6937484741210938,27.159841537475582
3388020966.0,-0.0575555860996246,3.1087961196899414,9.724350929260254,-3.041090250015259,2.54190731048584,27.02744102478028
3388029299.0,-0.335405558347702,3.4009759426116943,9.519697189331056,-3.089014768600464,2.5766143798828125,26.889636993408203
3388037632.0,-0.3516204059123993,3.2019221782684326,9.68505573272705,-3.114116668701172,2.7405714988708496,26.771530151367188
3388045965.0,-0.1807548254728317,3.042515277862549,9.788742065429688,-3.555014371871948,1.943711757659912,26.3986873626709
3388054298.0,-0.0617215745151042,2.962234735488892,9.548855781555176,-3.731240510940552,1.6310386657714844,26.2221794128418
3388062631.0,0.1929907649755478,2.7008635997772217,9.523341178894045,-3.590132236480713,2.018557071685791,26.12013435363769
3388070964.0,-0.1854979693889618,2.591811418533325,9.353656768798828,-3.6889259815216064,2.419675588607788,25.82659149169922
3388079297.0,-0.1787340492010116,2.317575693130493,9.51868724822998,-3.665976047515869,2.662473201751709,25.5831298828125
3388087630.0,-0.1214529424905777,2.056443929672241,9.720531463623049,-3.416261911392212,1.5753276348114014,25.15032386779785
3388095963.0,-0.2220644652843475,1.9882795810699463,9.334714889526367,-3.20350980758667,1.635572075843811,24.910444259643555
3388104296.0,-0.0080151623114943,1.801326870918274,9.54613971710205,-2.9665780067443848,2.1418378353118896,24.68432235717773
3388112629.0,-0.0542051829397678,2.028573751449585,9.522619247436523,-2.7343850135803223,1.8251687288284304,24.25758934020996
3388120962.0,0.068397119641304,1.911720514297485,9.45295238494873,-2.544250726699829,1.5692057609558103,24.21960830688477
3388129295.0,0.0802655518054962,1.863824963569641,9.473694801330566,-2.3547048568725586,1.3966423273086548,23.75047492980957
3388137628.0,0.0142953619360923,1.9143128395080569,9.394625663757324,-2.150790214538574,2.1904025077819824,23.614646911621094
3388145961.0,0.1528770923614502,1.83220636844635,9.813192367553713,-2.1200270652771,1.914101243019104,23.28780746459961
3388154294.0,-0.1325673758983612,1.7384666204452517,9.51161766052246,-2.054147481918335,1.5427461862564087,22.98663711547852
3388162627.0,0.0045255403965711,1.3314809799194336,9.608136177062988,-1.7113006114959717,1.8211472034454343,22.64427375793457
3388170960.0,-0.1388022452592849,1.233421802520752,9.685998916625977,-1.6799229383468628,1.59077250957489,22.264129638671875
3388179293.0,-0.3855425417423248,1.4868049621582031,9.573945999145508,-1.434871792793274,1.905213475227356,21.86552619934082
3388187626.0,-0.1673473566770553,1.3431681394577026,9.8361234664917,-1.103500247001648,1.3577855825424194,21.291866302490234
3388195959.0,-0.2142827063798904,1.4655215740203855,9.519403457641602,-0.984009563922882,0.795040488243103,21.011621475219727
3388204292.0,0.2271616011857986,1.0905548334121704,9.443329811096191,-0.7820669412612915,0.7475517392158508,20.751150131225582
3388212625.0,0.0193900093436241,1.0334968566894531,9.369629859924316,-0.3499802350997925,1.033176302909851,20.624128341674805
3388220958.0,-0.1412225514650344,1.073118805885315,9.488029479980469,0.2475616484880447,1.8545223474502563,20.202312469482425
3388229291.0,-0.0264880415052175,0.936445653438568,10.03357219696045,0.7171475887298584,1.0863512754440308,19.84827423095703
3388237624.0,-0.0061109322123229,1.289603590965271,9.935786247253418,0.7679406404495239,0.5380271673202515,19.327253341674805
3388245957.0,0.1001385450363159,1.1707197427749634,10.0289888381958,1.0694971084594729,0.9228555560112,19.19966697692871
3388254290.0,-0.0618235319852829,1.3105934858322144,9.996365547180176,1.1072012186050415,1.396975040435791,18.87244415283203
3388262623.0,0.0214385762810707,1.091427445411682,10.290801048278809,1.4182350635528564,1.5399795770645142,18.6306209564209
3388270956.0,0.256142646074295,0.8948652744293213,10.292162895202637,1.3054553270339966,0.3766317665576935,18.19310188293457
3388279289.0,0.1617732793092727,1.161445140838623,9.8421049118042,1.4166213274002075,0.4501446783542633,18.01490592956543
3388287622.0,0.2800979316234588,1.204020619392395,9.90802764892578,1.6777327060699463,1.7060623168945312,17.69411277770996
3388295955.0,-0.0350614935159683,1.3086541891098022,10.480137825012209,1.615156888961792,1.9258320331573489,17.40144157409668
3388304288.0,-0.0859377160668373,1.3271795511245728,10.70046615600586,1.3353216648101809,1.5534013509750366,17.30777359008789
3388312621.0,0.1349007040262222,1.402171611785889,10.629897117614746,1.3160853385925293,0.4478393495082855,17.063156127929688
3388320954.0,-0.0609416812658309,1.7180625200271606,10.172393798828123,1.347770094871521,0.7510863542556763,16.886621475219727
3388329287.0,-0.09116180986166,1.498762130737305,10.146611213684082,1.0061275959014893,1.565465807914734,16.54290771484375
3388337620.0,-0.285591572523117,1.6668485403060913,10.071401596069336,0.6051876544952393,0.9894524812698364,16.163711547851562
3388345953.0,-0.0186679847538471,1.4217475652694702,9.986504554748535,0.4384133219718933,0.4183061718940735,15.714054107666016
3388354286.0,0.0844185650348663,1.098532795906067,9.759553909301758,0.3830609619617462,0.2331151813268661,15.249053001403809
3388362619.0,-0.1003903374075889,1.3187941312789917,9.572421073913574,0.4480955302715301,0.9319741129875184,15.063657760620115
3388370952.0,-0.0390521399676799,1.2390128374099731,10.080378532409668,0.3806787729263305,1.2531251907348633,14.612614631652832
3388379285.0,-0.2013804167509079,1.646787166595459,9.990283966064451,0.3499673306941986,0.4122611880302429,14.16664695739746
3388387618.0,-0.0428070463240146,1.4021388292312622,9.789915084838867,0.2196933329105377,0.2309636175632476,13.737173080444336
3388395951.0,0.1523338705301284,1.533999800682068,9.923523902893066,-0.0936840698122978,0.2221522778272628,13.194430351257324
3388404284.0,-0.0313126966357231,2.099906206130981,9.746692657470703,-0.288096159696579,0.5933538675308228,12.913495063781738
3388412617.0,0.1649307608604431,1.900776743888855,10.0668306350708,-0.4391432404518127,0.6267547607421875,12.281667709350586
3388420950.0,0.0617487207055091,1.7477939128875732,9.98862648010254,-1.2198141813278198,0.0280732046812772,11.684191703796388
3388429283.0,0.2590092122554779,1.5851353406906128,9.772000312805176,-1.6944714784622192,0.3571392893791199,11.284992218017578
3388437616.0,0.1325512379407882,1.3979917764663696,9.790709495544434,-1.7696746587753296,0.6119496822357178,10.811742782592772
3388445949.0,-0.2149706780910492,1.2572280168533323,9.530303001403809,-1.845518589019776,1.1294598579406738,10.468077659606934
3388454282.0,-0.022144516929984,0.5546771287918091,9.794665336608888,-1.9265621900558472,0.7203748226165771,10.085375785827637
3388462615.0,-0.2063377797603607,0.6064596772193909,9.588139533996582,-1.9718735218048096,-0.136357381939888,9.638559341430664
3388470948.0,-0.0134729156270623,0.4729423522949219,9.363771438598633,-1.7589937448501587,0.3073452413082123,9.175225257873535
3388479281.0,0.0710171461105346,0.4412059783935547,9.653753280639648,-1.3631000518798828,0.2221778631210327,8.636787414550781
3388487614.0,0.2576786875724792,0.4789555668830871,9.519765853881836,-1.260745406150818,0.1853958219289779,8.234797477722168
3388495947.0,0.3116903305053711,0.2260143309831619,9.701449394226074,-1.272246479988098,-0.0921984538435936,7.82602071762085
3388504280.0,-0.0457107573747634,0.4518322050571441,9.332300186157228,-1.139769434928894,0.5719403028488159,7.467011451721191
3388512613.0,0.1705956906080246,0.3125070333480835,9.86604118347168,-0.8224347829818726,0.9085625410079956,7.2508015632629395
3388520946.0,0.1615409702062606,0.1846292167901992,10.131048202514648,-1.0099821090698242,-0.1296464651823043,6.761902332305908
3388529279.0,0.0345768593251705,0.2500268518924713,9.473762512207031,-1.0937918424606323,-0.0285214502364397,6.51713228225708
3388537612.0,0.2069861143827438,-0.0512099750339984,9.709596633911133,-0.8593191504478455,0.6135377287864685,6.316623687744141
3388545945.0,-0.0623662993311882,0.0767760947346687,9.825661659240724,-0.862649142742157,0.6222978830337524,6.149261474609375
3388554278.0,0.2493436336517334,-0.1421639621257782,10.171530723571776,-1.1742461919784546,0.410698652267456,5.940863132476807
3388562611.0,0.6270967125892639,-0.1060991585254669,10.132756233215332,-1.1366702318191528,-0.3577668666839599,5.588642120361328
3388570944.0,0.6862723231315613,-0.1825405806303024,9.547712326049805,-0.8781713247299194,0.1786080598831176,5.360496044158936
3388579277.0,0.5136382579803467,-0.8332659602165222,9.616669654846191,-0.5873472094535828,1.189858078956604,5.217748165130615
3388587610.0,-0.0954109132289886,-0.8053169250488281,9.70983600616455,-0.6415981650352478,1.4841911792755127,4.989882946014404
3388595943.0,0.1316773742437362,-0.7559489011764526,10.16348361968994,-0.435249924659729,1.0107632875442505,4.787505626678467
3388604276.0,0.3219306468963623,-0.5361106395721436,10.072099685668944,-0.0587462522089481,-0.1048006489872932,4.23846435546875
3388612609.0,0.348969429731369,-0.5963752865791321,9.57962417602539,0.0761511176824569,0.7356151342391968,4.061931133270264
3388620942.0,0.3826377093791961,-1.0403592586517334,9.834453582763672,0.2547847926616668,1.5480986833572388,3.873384475708008
3388629275.0,-0.0298616793006658,-0.943808913230896,10.067283630371094,0.2469211816787719,1.6293725967407229,3.5377352237701416
3388637608.0,0.2183155268430709,-0.7700300216674805,10.136202812194824,0.5187138915061951,1.1063556671142578,3.171119451522827
3388645941.0,0.3347800076007843,-0.6801260709762573,10.18071174621582,0.6978342533111572,0.566510021686554,2.6554276943206787
3388654274.0,0.3346245288848877,-0.8125728964805603,9.870022773742676,0.5450708866119385,1.7269372940063477,2.5594255924224854
3388662607.0,0.4271102547645569,-1.019935131072998,10.331948280334473,0.6787515878677368,1.9827467203140257,2.1760575771331787
3388670940.0,0.066638208925724,-0.7907528281211853,10.256932258605955,0.6751143932342529,1.8219406604766848,1.995605230331421
3388679273.0,0.2510183453559875,-0.7605542540550232,10.208945274353027,0.9585103392601012,1.7519625425338743,1.6490188837051392
3388687606.0,0.4191908538341522,-0.9762631058692932,10.347896575927734,1.038503646850586,1.7263481616973877,1.2148574590682983
3388695939.0,0.4125291407108307,-1.041116714477539,9.98654556274414,1.0823808908462524,2.0161478519439697,0.9223942160606384
3388704272.0,0.3150368332862854,-1.2622785568237305,10.0424222946167,1.272873878479004,2.450104236602783,0.5782157778739929
3388712605.0,-0.1312848925590515,-1.1251251697540283,9.84255313873291,1.538519024848938,2.892077684402466,0.1976394355297088
3388720938.0,-0.0487243756651878,-1.3875844478607178,10.093847274780272,1.9222203493118288,2.542853116989136,-0.1322334855794906
3388729271.0,-0.0961342081427574,-1.3185616731643677,9.946062088012695,1.923526644706726,1.849552750587464,-0.715725839138031
3388737604.0,-0.016099140048027,-1.3324017524719238,9.588624954223633,2.2909626960754395,2.2615065574646,-0.8432335257530212
3388745937.0,0.0264946278184652,-1.284773588180542,9.654463768005373,2.7773001194000244,2.2839701175689697,-1.2425849437713623
3388754270.0,-0.2385014593601226,-1.072214961051941,9.617949485778809,2.9793708324432373,2.399311065673828,-1.6578941345214844
3388762603.0,-0.0506389215588569,-1.2665083408355713,9.844844818115234,3.058903217315674,2.1065661907196045,-1.947309613227844
3388770936.0,-0.0248633995652198,-0.8115952610969543,9.774140357971191,3.024631261825561,1.6383376121520996,-2.29899263381958
3388779269.0,-0.1595669239759445,-0.6700807809829712,9.652423858642578,3.2085671424865723,2.1463961601257324,-2.483107805252075
3388787602.0,-0.3665893673896789,-0.6042821407318115,9.949238777160645,3.1952478885650635,2.1386351585388184,-2.702263593673706
3388795935.0,-0.5450134873390198,-0.5920829176902771,10.11033058166504,2.877759456634521,1.6237633228302002,-3.088705778121948
3388804268.0,-0.2852828204631805,-0.9053411483764648,10.095691680908203,2.8056297302246094,0.7362556457519531,-3.193365335464477
3388812601.0,-0.0853566005825996,-0.6369354724884033,9.832481384277344,2.7726643085479736,0.533032238483429,-3.4912846088409424
3388820934.0,0.0476651079952716,-0.8764855265617371,9.74073314666748,2.8218438625335693,0.950441837310791,-3.69706916809082
3388829267.0,-0.0236786846071481,-0.931496560573578,9.761096954345703,2.669003486633301,0.9337158203125,-3.852547645568848
3388837600.0,-0.1750973612070083,-0.7754034399986267,9.69784450531006,2.647052049636841,1.0041035413742063,-4.028107643127441
3388845933.0,-0.0281133744865655,-0.8606346249580383,10.051895141601562,2.6399569511413574,0.7447851300239563,-4.190681457519531
3388854266.0,-0.3055391013622284,-0.661853551864624,9.770113945007324,2.6604223251342773,0.4252987205982208,-4.448949813842773
3388862599.0,-0.155165895819664,-0.9180697798728944,9.928068161010742,2.603610038757324,0.4763735234737396,-4.530222892761231
3388870932.0,-0.1610354334115982,-0.9167854189872742,9.804003715515137,2.718413114547729,-0.1657369136810302,-4.714236259460449
3388879265.0,-0.168699711561203,-0.9727643132209778,9.655999183654783,2.652738571166992,-0.0954258441925048,-4.9028849601745605
3388887598.0,0.1205971166491508,-1.2427748441696167,9.819714546203612,2.823329210281372,-0.5389363169670105,-5.085744857788086
3388895931.0,0.0166337341070175,-1.0981403589248655,9.72732925415039,2.651048183441162,-0.1259580105543136,-5.161537170410156
3388904264.0,0.4367126524448395,-1.1239614486694336,9.962647438049316,2.9455602169036865,-0.0146641498431563,-5.250393390655518
3388912597.0,0.2926137447357178,-0.9941154718399048,9.737622261047363,3.02860164642334,-0.3601745963096618,-5.455768585205078
3388920930.0,0.068967655301094,-1.0282535552978516,9.684087753295898,2.991538047790528,0.4068821668624878,-5.400057315826416
3388929263.0,0.1037244275212287,-1.0587782859802246,10.109559059143066,2.966359138488769,0.3292197287082672,-5.641880989074707
3388937596.0,-0.0558555610477924,-0.7556732892990112,10.094075202941896,2.7689244747161865,-0.0530598908662796,-5.7448248863220215
3388945929.0,0.3531613945960998,-1.007733941078186,9.937500953674316,3.0918943881988525,-0.2996993660926819,-5.797590255737305
3388954262.0,0.1070624962449073,-1.1696181297302246,9.622021675109863,2.9594430923461914,-0.3245964050292969,-5.868054866790772
3388962595.0,0.104450449347496,-1.4553691148757937,9.611361503601074,2.726225614547729,0.4566762149333954,-5.87999153137207
3388970928.0,0.1595178991556167,-1.3313313722610474,9.881756782531738,2.818206310272217,0.0145744998008012,-6.070740699768066
3388979261.0,0.081438310444355,-1.4454021453857422,9.831448554992676,2.9654109477996826,0.0721552968025207,-6.154421806335449
3388987594.0,0.2326864004135131,-1.871883988380432,9.890682220458984,3.4562058448791504,0.0657261312007904,-6.393889427185059
3388995927.0,-0.1130370646715164,-1.6579575538635254,9.742688179016112,3.479744911193848,-0.000858076789882,-6.483334541320801
3389004260.0,-0.0705774873495101,-1.4491500854492188,9.932414054870604,3.580408811569214,0.2524538934230804,-6.4947829246521
3389012593.0,-0.0856371372938156,-1.1132581233978271,10.186881065368652,3.849871635437012,-0.3263126015663147,-6.784635543823242
3389020926.0,0.025444395840168,-0.9316084384918212,10.203911781311035,3.771337985992432,-0.4284109771251678,-6.945211410522461
3389029259.0,0.1621340364217758,-1.0531586408615112,10.347515106201172,3.6965701580047607,-0.2602022588253021,-7.09428596496582
3389037592.0,0.0659759268164634,-0.7701311707496643,10.025262832641602,3.7280757427215576,0.0807360857725143,-7.184166431427002
3389045925.0,0.2432026267051696,-1.0518181324005127,10.23462963104248,3.644470691680908,-0.2575127482414245,-7.19771671295166
3389054258.0,-0.1111524701118469,-0.9590279459953308,10.025060653686523,3.22711181640625,-0.2733935415744781,-7.502216815948486
3389062591.0,-0.0404541492462158,-1.3237884044647217,10.076580047607422,3.1483230590820312,0.1367032080888748,-7.434391975402832
3389070924.0,-0.0871055200695991,-1.341421365737915,10.214741706848145,3.372549295425415,-0.3500569760799408,-7.766838550567627
3389079257.0,-0.128611221909523,-1.1617980003356934,10.043514251708984,3.43983793258667,-0.4787684679031372,-7.9830732345581055
3389087590.0,0.0222063120454549,-1.3333808183670044,10.2281494140625,3.2707841396331787,-0.6795328855514526,-8.14193344116211
3389095923.0,-0.1602747589349746,-1.0857149362564087,10.067429542541504,3.1557507514953613,-0.3198577761650085,-8.271259307861328
3389104256.0,-0.0439458638429641,-1.191596269607544,10.268389701843262,3.419987678527832,-0.2199622541666031,-8.405043601989746
3389112589.0,-0.0032225695904344,-1.1390193700790403,10.29788875579834,3.4319491386413574,-0.6417006850242615,-8.662031173706055
3389120922.0,0.19644795358181,-1.1496120691299438,10.058843612670898,3.223705768585205,-0.8395451307296753,-8.76423168182373
3389129255.0,0.2864931225776672,-1.007470726966858,9.941591262817385,3.277111291885376,-0.8898001909255981,-8.942301750183105
3389137588.0,0.1336332410573959,-0.845054030418396,9.838544845581056,3.106879234313965,0.0799676477909088,-9.107308387756348
3389145921.0,0.1340085417032241,-1.1698451042175293,10.32796573638916,3.0185604095458984,-0.1292622238397598,-9.345904350280762
3389154254.0,-0.1007237806916236,-1.1334342956542969,10.293219566345217,2.590495586395264,-0.4678568542003631,-9.49705410003662
3389162587.0,0.2413747906684875,-0.9822340607643129,10.396858215332031,2.4509494304656982,-0.7278924584388733,-9.581426620483398
3389170920.0,0.0873971357941627,-0.6133357882499695,10.394538879394531,2.2300009727478027,-0.6388062238693237,-9.704375267028809
3389179253.0,-0.0020316876471042,-0.7645726203918457,10.118897438049316,2.035640239715576,0.2306561917066574,-9.883726119995115
3389187586.0,0.1274585276842117,-0.9731423258781432,10.488754272460938,1.6161044836044312,-0.5397815704345703,-10.125755310058594
3389195919.0,0.0302731376141309,-0.9094215631484984,9.902972221374512,0.9609180688858032,-0.8014055490493774,-10.329389572143556
3389204252.0,0.3933206796646118,-1.5300565958023071,9.833487510681152,1.0615309476852417,-0.600051999092102,-10.233720779418944
3389212585.0,0.358671486377716,-1.6766674518585205,9.748141288757324,1.080920934677124,-0.2846894562244415,-10.52756690979004
3389220918.0,0.2102787792682647,-1.99027419090271,9.940681457519531,1.3137799501419067,0.5687641501426697,-10.579307556152344
3389229251.0,-0.1516328752040863,-2.0418701171875,9.939779281616213,1.5149284601211548,0.341617077589035,-10.696698188781738
3389237584.0,0.1549869626760482,-2.3200156688690186,9.72637176513672,2.0782878398895264,-0.0397404842078685,-10.947639465332031
3389245917.0,0.5116692185401917,-2.810751438140869,9.72643756866455,2.713700294494629,-1.0072669982910156,-11.192564010620115
3389254250.0,0.2152182757854461,-2.781062364578247,8.93226146697998,2.816643714904785,-0.1254457086324691,-11.248043060302734
3389262583.0,0.2336057871580124,-2.2551703453063965,9.253535270690918,3.6957249641418457,0.7549797892570496,-11.26167106628418
3389270916.0,0.0452903993427753,-1.911316394805908,9.530173301696776,4.019078254699707,0.5617969632148743,-11.555951118469238
3389279249.0,0.3208459615707397,-2.074625253677368,9.683304786682127,3.81360125541687,-0.2932445704936981,-11.513970375061035
3389287582.0,0.46629798412323,-2.1305577754974365,9.603344917297363,3.809375047683716,-0.3436021506786346,-11.694857597351074
3389295915.0,0.3046515882015228,-1.8538199663162231,9.355143547058104,4.000150203704834,1.1035637855529783,-11.782920837402344
3389304248.0,0.2860005497932434,-1.807275533676148,9.873068809509276,4.425167083740234,1.2479768991470337,-11.930740356445312
3389312581.0,0.0778718292713165,-1.9200044870376587,9.960830688476562,4.031604766845703,0.4114158749580383,-12.061731338500977
3389320914.0,0.289211630821228,-2.176787614822388,9.805217742919922,3.9474618434906006,0.2996097505092621,-12.007609367370604
3389329247.0,0.0861083045601844,-1.794438362121582,9.81493091583252,4.2764763832092285,0.6331839561462402,-12.152508735656738
3389337580.0,0.0919326469302177,-1.6598200798034668,10.03927993774414,4.400936603546143,1.0816893577575684,-12.216520309448242
3389345913.0,0.0727714300155639,-1.483665108680725,10.19081687927246,3.999355792999268,0.5296512246131897,-12.36987018585205
3389354246.0,0.1960850208997726,-1.4326900243759155,9.976364135742188,3.5165023803710938,0.365233451128006,-12.370155334472656
3389362579.0,0.2046146541833877,-1.6744519472122192,10.047686576843262,3.379516839981079,0.6747815012931824,-12.466975212097168
3389370912.0,0.0117565114051103,-1.365567684173584,10.087299346923828,3.302238702774048,1.3244353532791138,-12.4605712890625
3389379245.0,0.1981585323810577,-1.412972092628479,10.441916465759276,3.021993637084961,1.1193934679031372,-12.61879062652588
3389387578.0,0.0385745652019977,-1.2442864179611206,10.404858589172363,2.5799686908721924,0.4273991882801056,-12.77888011932373
3389395911.0,0.2661373913288116,-1.5074467658996582,10.181719779968262,2.355844020843506,1.0401430130004885,-12.984713554382324
3389404244.0,0.393725723028183,-1.5435402393341064,10.359478950500488,2.2855327129364014,1.0776678323745728,-13.173516273498535
3389412577.0,0.1976447999477386,-1.4384851455688477,10.012378692626951,2.248136043548584,1.4184138774871826,-13.275206565856934
3389420910.0,0.1424044966697693,-1.6714662313461304,9.943182945251465,2.3322792053222656,1.3724621534347534,-13.41193675994873
3389429243.0,-0.0488278605043888,-1.626824975013733,9.93807888031006,2.330742120742798,1.367979645729065,-13.612136840820312
3389437576.0,-0.0083587598055601,-1.8298578262329104,10.13337516784668,2.234586238861084,1.607447385787964,-13.641313552856444
3389445909.0,0.1153340563178062,-1.4418635368347168,10.238381385803224,2.0588982105255127,1.2499748468399048,-13.919200897216797
3389454242.0,0.2838199436664581,-1.2933554649353027,10.211052894592283,1.894992470741272,1.7103650569915771,-14.05116367340088
3389462575.0,0.2867471277713775,-1.4609451293945312,10.452187538146973,1.6868000030517578,1.8088518381118768,-14.171576499938965
3389470908.0,0.2678689658641815,-1.4023616313934326,10.24356746673584,1.3268944025039673,2.2369167804718018,-14.129312515258787
3389479241.0,-0.0014216123381629,-1.5097386837005615,10.326456069946287,1.211527705192566,1.951574444770813,-14.272879600524902
3389487574.0,-0.1625145524740219,-1.206424355506897,9.84502410888672,1.066730499267578,1.939919710159301,-14.425156593322754
3389495907.0,0.220572829246521,-1.688385248184204,10.022639274597168,1.0506961345672607,1.4833717346191406,-14.488577842712402
3389504240.0,0.1834717094898224,-1.929184079170227,9.525572776794434,0.7919665575027466,1.0133248567581177,-14.676586151123049
3389512573.0,0.1931629180908203,-2.2961790561676025,9.136370658874512,1.143573522567749,1.9719123840332031,-14.720952987670898
3389520906.0,-0.0622268766164779,-2.3412230014801025,9.508469581604004,1.5568336248397827,2.256230592727661,-14.662169456481934
3389529239.0,0.0214896388351917,-2.1709964275360107,9.906115531921388,1.577120065689087,2.002546787261963,-14.851763725280762
3389537572.0,0.4883525669574737,-2.068456649780273,10.144670486450195,1.422794222831726,1.2452105283737185,-15.08808135986328
3389545905.0,0.5610113143920898,-1.686840534210205,9.74754810333252,1.7579820156097412,1.8455572128295896,-15.232339859008787
3389554238.0,0.5898288488388062,-2.027834892272949,10.048651695251465,2.37016224861145,3.048837184906006,-15.08334255218506
3389562571.0,0.1667110472917556,-2.377382278442383,9.951168060302734,2.240349531173706,2.7944366931915283,-15.022276878356934
3389570904.0,0.2408128827810287,-2.5214648246765137,9.789032936096191,2.483659267425537,2.2835352420806885,-15.011110305786133
3389579237.0,0.3508463501930237,-2.7358765602111816,9.590202331542969,2.978910684585572,1.965431809425354,-14.954503059387209
3389587570.0,0.1324907392263412,-2.4287784099578857,9.386460304260254,3.2807743549346924,2.8867506980896,-14.949995040893556
3389595903.0,0.1095655634999275,-2.625330209732056,9.640660285949709,3.613093376159668,3.0787036418914795,-14.7960786819458
3389604236.0,-0.1009478718042373,-2.317969560623169,9.461831092834473,3.495370388031006,2.437630414962769,-14.774484634399414
3389612569.0,0.1272162646055221,-2.528841257095337,9.331817626953123,3.812244176864624,1.83664345741272,-14.683042526245115
3389620902.0,-0.0476914681494236,-2.4863429069519043,9.210535049438477,3.6914219856262207,2.1656582355499268,-14.666468620300291
3389629235.0,-0.0142027279362082,-2.216484546661377,9.290624618530272,3.8891122341156006,2.919229030609131,-14.591290473937988
3389637568.0,-0.1514129638671875,-2.335000514984131,9.772825241088867,3.999919414520264,2.05836033821106,-14.574310302734377
3389645901.0,-0.0789457932114601,-2.2451932430267334,9.43145751953125,3.681637525558472,1.482654690742493,-14.366989135742188
3389654234.0,0.0283330399543046,-2.36558485031128,9.499436378479004,3.7007710933685294,1.3250247240066528,-14.292657852172852
3389662567.0,-0.0963641852140426,-2.1615285873413086,9.27033805847168,3.62864089012146,2.055593729019165,-14.043863296508787
3389670900.0,-0.1692111492156982,-2.4573707580566406,9.609078407287598,3.903481721878052,1.871350646018982,-13.93451690673828
3389679233.0,-0.3734632432460785,-2.4848453998565674,9.641762733459473,3.507946491241455,1.3445426225662231,-14.04432487487793
3389687566.0,0.0637070015072822,-2.0358710289001465,10.029977798461914,3.47808051109314,0.9667325019836426,-13.890305519104004
3389695899.0,0.3367690443992615,-1.3315479755401611,10.18838596343994,3.1944026947021484,0.7226800918579102,-14.051342964172363
3389704232.0,0.3110892176628113,-1.1381570100784302,9.98521614074707,3.0005030632019043,1.8785994052886963,-14.008746147155762
3389712565.0,0.3078864812850952,-1.3943674564361572,10.433213233947754,2.689699649810791,2.0205533504486084,-14.188199043273926
3389720898.0,0.0776886492967605,-1.3236948251724243,10.34269905090332,2.2259795665740967,1.8099788427352903,-14.14529514312744
3389729231.0,0.0483274422585964,-1.6144402027130127,10.233007431030272,2.4128613471984863,1.6495568752288818,-14.228413581848145
3389737564.0,-0.1306083649396896,-1.569001078605652,9.993826866149902,2.593082904815674,1.9402782917022705,-14.329615592956545
3389745897.0,-0.0184660349041223,-1.8662750720977783,10.037084579467772,2.80071234703064,1.945478439331055,-14.42060089111328
3389754230.0,-0.0243993662297725,-2.03863263130188,9.762455940246582,2.791465997695923,1.4275842905044556,-14.665114402770996
3389762563.0,-0.0613666661083698,-1.952339768409729,9.505013465881348,2.983162403106689,1.671303391456604,-14.808629035949709
3389770896.0,-0.0135486405342817,-2.1589958667755127,9.582230567932127,3.198629379272461,1.886642336845398,-14.850764274597168
3389779229.0,-0.1810552328824997,-2.031872034072876,9.48958683013916,3.454105854034424,1.8559823036193848,-14.919513702392578
3389787562.0,-0.1359346061944961,-2.2198452949523926,9.890779495239258,3.800256729125977,1.4294025897979736,-14.999353408813477
3389795895.0,-0.346567690372467,-1.7842648029327393,9.834044456481934,3.926125526428223,1.3258956670761108,-15.152143478393556
3389804228.0,-0.2308191806077957,-1.399802327156067,10.17747688293457,4.088647842407227,1.729447841644287,-15.11402702331543
3389812561.0,-0.2272552549839019,-1.151355266571045,10.351698875427246,4.072843551635742,1.3500752449035645,-15.3333101272583
3389820894.0,-0.0491580180823802,-1.4452029466629028,10.27304458618164,3.7148587703704834,0.7136895656585693,-15.247553825378418
3389829227.0,0.1725389063358307,-1.7032643556594849,10.167611122131348,3.6378369331359854,0.5586978197097778,-15.094715118408203
3389837560.0,0.0754827633500099,-1.475245714187622,9.950994491577148,3.516374111175537,1.157379388809204,-15.039388656616213
3389845893.0,0.0194111783057451,-1.467531681060791,10.364641189575195,3.689295530319214,1.507500410079956,-14.946945190429688
3389854226.0,-0.2411855310201645,-1.4427688121795654,10.25892162322998,3.229878664016724,0.9326143264770508,-15.027910232543944
3389862559.0,-0.1515568345785141,-1.6697375774383545,10.16371250152588,2.9485831260681152,0.645734965801239,-14.858115196228027
3389870892.0,-0.206363096833229,-1.6995105743408203,9.862112045288086,2.8384933471679688,0.3407462239265442,-14.970229148864746
3389879225.0,-0.4514520168304443,-1.866385579109192,9.865771293640137,2.7358055114746094,0.8125348687171936,-14.797000885009766
3389887558.0,-0.4465146362781524,-1.991532325744629,9.93482494354248,2.760190725326538,0.3601874411106109,-14.881348609924316
3389895891.0,-0.3499142825603485,-2.073694229125977,9.947121620178224,2.7335517406463623,-0.6601430177688599,-14.764700889587402
3389904224.0,-0.2274460792541504,-2.3529484272003174,9.693647384643556,2.8221001625061035,-0.9166183471679688,-14.795258522033691
3389912557.0,-0.1789937764406204,-2.09267520904541,9.651206970214844,2.8497889041900635,-0.1612288206815719,-14.375720977783203
3389920890.0,-0.2989906072616577,-1.8774784803390503,10.045002937316896,2.927553653717041,-0.2066684663295745,-14.395803451538086
3389929223.0,-0.4926285445690155,-1.8398430347442627,10.148536682128906,2.920816898345948,-0.7006902098655701,-14.400388717651367
3389937556.0,-0.2088694274425506,-2.264920234680176,10.382962226867676,2.775431156158448,-1.4900188446044922,-14.485790252685549
3389945889.0,-0.076731152832508,-1.9812135696411133,10.10332202911377,2.6339123249053955,-1.878254055976868,-14.511863708496094
3389954222.0,-0.1233737841248512,-1.6856549978256226,9.905553817749023,2.7229220867156982,-1.0686134099960327,-14.50338649749756
3389962555.0,-0.3076609075069427,-1.7159302234649658,10.111266136169434,2.713418483734131,-0.9481493830680848,-14.395522117614746
3389970888.0,-0.4656949043273926,-2.0027902126312256,10.169792175292969,2.304103136062622,-1.426264762878418,-14.252080917358398
3389979221.0,-0.1581046879291534,-2.148594856262207,10.175655364990234,2.056490182876587,-2.221151351928711,-14.384788513183594
3389987554.0,-0.0820930153131485,-1.9880740642547607,9.736457824707031,2.7418248653411865,-2.324248552322388,-14.31960105895996
3389995887.0,0.0870941281318664,-2.050386905670166,9.887251853942873,3.108237028121948,-1.9273052215576167,-14.419933319091797
3390004220.0,-0.0446852296590805,-2.023820400238037,9.943860054016112,2.8100361824035645,-1.829126000404358,-14.45185089111328
3390012553.0,0.0324408337473869,-1.996327757835388,9.90005588531494,2.7565274238586426,-1.846517562866211,-14.321599006652832
3390020886.0,-0.0031238333322107,-2.1024863719940186,9.986251831054688,2.969433307647705,-2.4012198448181152,-14.541780471801758
3390029219.0,0.008379878476262,-1.974948048591613,9.755934715270996,3.418015480041504,-2.0073750019073486,-14.541498184204102
3390037552.0,-0.0039907386526465,-2.070436477661133,9.852953910827637,3.275958776473999,-2.1619060039520264,-14.747718811035156
3390045885.0,-0.1403921246528625,-1.7284563779830933,9.780136108398438,3.256466150283813,-1.7572264671325684,-14.756017684936523
3390054218.0,0.0430216044187545,-1.7826114892959597,9.984293937683104,3.4140195846557617,-2.0206944942474365,-14.772333145141602
3390062551.0,0.1055046394467353,-1.6229127645492554,9.978233337402344,3.6856071949005127,-2.41067123413086,-14.93424129486084
3390070884.0,0.4756594598293304,-1.863381505012512,9.998817443847656,3.5624797344207764,-2.308060646057129,-14.716520309448242
3390079217.0,0.4869117140769958,-1.592645525932312,9.888583183288574,3.503643751144409,-2.225224494934082,-14.800637245178224
3390087550.0,0.3455226719379425,-1.4490807056427002,9.890985488891602,3.3445792198181152,-1.248220443725586,-14.734782218933104
3390095883.0,0.1317433714866638,-1.4178892374038696,10.173474311828612,3.347857713699341,-1.291866898536682,-14.687471389770508
3390104216.0,0.2148752957582473,-1.3858171701431274,10.330438613891602,2.817566633224488,-1.5088196992874146,-14.877019882202148
3390112549.0,0.481083333492279,-1.6796456575393677,10.259831428527832,2.506225347518921,-1.9845272302627563,-14.74459457397461
3390120882.0,0.4707909524440765,-1.5891042947769165,9.75709629058838,2.3594560623168945,-1.182852864265442,-14.767366409301758
3390129215.0,0.5961469411849976,-1.9770530462265008,9.925252914428713,2.584015369415283,-0.5776394605636597,-14.384737014770508
3390137548.0,0.312396764755249,-1.9816975593566888,9.85183334350586,2.342165946960449,-0.6907008290290833,-14.569265365600586
3390145881.0,0.6204974055290222,-1.9456908702850344,9.881744384765623,2.336556196212769,-0.6482835412025452,-14.48488998413086
3390154214.0,0.7898324131965637,-2.044078826904297,9.853230476379396,2.5108866691589355,-0.7445673942565918,-14.359431266784668
3390162547.0,0.6627362370491028,-1.9828697443008425,9.747747421264648,2.670207500457764,0.3994796574115753,-14.191068649291992
3390170880.0,0.6583513021469116,-2.177807092666626,9.87368869781494,2.7126245498657227,0.6002696752548218,-14.107770919799805
3390179213.0,0.2621553242206573,-1.8470489978790283,9.807784080505373,2.927630424499512,0.6712210774421692,-14.130260467529297
3390187546.0,0.4696550667285919,-2.235898733139038,9.84397315979004,2.931318998336792,0.7516754269599915,-14.128314018249512
3390195879.0,0.4348586797714233,-2.1222620010375977,9.82690715789795,2.8886969089508057,0.9461129903793336,-14.13287353515625
3390204212.0,0.4680008292198181,-2.2720627784729004,9.726096153259276,2.988131284713745,1.4803749322891235,-13.914076805114746
3390212545.0,0.3889904618263244,-2.422083616256714,9.779287338256836,3.318811178207397,1.6329845190048218,-13.902063369750977
3390220878.0,0.4288974404335022,-2.384608268737793,9.917490005493164,3.5557682514190674,1.989585876464844,-13.687697410583496
3390229211.0,0.5664626955986023,-2.4080138206481934,9.826695442199709,3.791163682937622,1.942891359329224,-13.613929748535156
3390237544.0,0.4898951351642608,-2.2070133686065674,9.772021293640137,4.250298500061035,2.3968777656555176,-13.54666519165039
3390245877.0,0.5843285918235779,-2.2622456550598145,9.73845386505127,4.482619285583496,2.7025070190429688,-13.322976112365724
3390254210.0,0.4434478878974914,-2.23701810836792,9.83706760406494,4.548371315002441,2.641186475753784,-13.282071113586426
3390262543.0,0.2305420786142349,-2.190922260284424,9.63524341583252,4.727747917175293,2.8631339073181152,-13.155714988708496
3390270876.0,0.0331750586628913,-2.035083293914795,9.778162002563477,5.019493579864502,3.242147445678711,-13.182148933410645
3390279209.0,-0.0102534284815192,-1.9488840103149407,9.847739219665527,5.188522338867188,3.348241806030273,-13.114629745483398
3390287542.0,0.200321227312088,-2.0146617889404297,9.921022415161133,5.17048978805542,3.007444381713867,-13.085533142089844
3390295875.0,0.1734056919813156,-1.8372721672058103,9.690234184265137,5.269617080688477,3.2425572872161865,-13.018935203552246
3390304208.0,0.2564004063606262,-1.7484687566757202,9.787919044494627,5.542177677154541,3.843672037124634,-12.85159683227539
3390312541.0,0.000774776097387,-1.530027151107788,9.9856538772583,5.5371575355529785,3.9312472343444815,-12.788689613342283
3390320874.0,0.084180824458599,-1.5494287014007568,10.019539833068848,5.641304969787598,3.8342206478118896,-12.583544731140137
3390329207.0,0.1641425937414169,-1.6152966022491455,9.89953327178955,5.654804706573486,3.40841007232666,-12.511519432067873
3390337540.0,0.1044966951012611,-1.465891718864441,9.78412628173828,5.6307525634765625,4.148303031921387,-12.304095268249512
3390345873.0,-0.106888048350811,-1.4089783430099487,9.818198204040527,5.502758026123047,4.445863723754883,-12.296743392944336
3390354206.0,-0.3539075553417206,-1.2717399597167969,10.065926551818848,5.590153217315674,4.700647830963135,-12.262470245361328
3390362539.0,-0.2527159452438354,-1.4170801639556885,10.224380493164062,5.399866104125977,3.8718745708465576,-12.036683082580566
3390370872.0,-0.1868507117033004,-1.1910498142242432,9.942190170288086,4.986067295074463,3.6187281608581534,-11.942009925842283
3390379205.0,-0.0558465681970119,-1.1227169036865234,9.879080772399902,5.1804022789001465,4.207906723022461,-11.709484100341797
3390387538.0,-0.2705749869346618,-1.1511542797088623,9.757813453674316,5.121260166168213,4.516610145568848,-11.579391479492188
3390395871.0,-0.1739325672388076,-1.1899197101593018,10.032383918762209,4.845804214477539,4.572909832000732,-11.406365394592283
3390404204.0,-0.2529906630516052,-1.1607308387756348,9.968087196350098,4.773699760437012,3.766010046005249,-11.190820693969728
3390412537.0,-0.2803449034690857,-0.9320852756500244,9.71374797821045,4.688226222991943,4.304012298583984,-11.092490196228027
3390420870.0,-0.4683812856674194,-0.9946390390396118,9.846697807312012,4.820062160491943,4.345020771026611,-10.795492172241213
3390429203.0,-0.6632992029190063,-0.9622797966003418,9.891904830932615,4.6568989753723145,4.339692115783691,-10.685914039611816
3390437536.0,-0.5989276766777039,-0.9531774520874025,10.04637050628662,4.4705810546875,3.709326028823853,-10.519396781921388
3390445869.0,-0.6214702725410461,-0.7557096481323242,9.954057693481444,4.423988342285156,3.72705078125,-10.364659309387209
3390454202.0,-0.4454919695854187,-0.7783889770507812,9.957165718078612,4.602263450622559,3.634480237960816,-10.071120262145996
3390462535.0,-0.6809707880020142,-0.940180778503418,9.745403289794922,4.487870693206787,3.224371671676636,-9.960161209106444
3390470868.0,-0.5975151658058167,-0.9137073755264282,9.625422477722168,4.394737243652344,3.211922645568848,-9.614981651306152
3390479201.0,-0.6996122598648071,-0.8180416822433472,9.652183532714844,4.573089122772217,2.750610589981079,-9.629761695861816
3390487534.0,-0.7799986004829407,-0.7010432481765747,9.55397891998291,4.583744525909424,2.9438698291778564,-9.35256576538086
3390495867.0,-0.7159016132354736,-0.8542624115943909,9.706628799438477,4.748547077178955,2.5764851570129395,-9.151596069335938
3390504200.0,-0.9677955508232116,-0.9324219822883606,9.59389877319336,4.750185966491699,2.116248369216919,-8.920940399169922
3390512533.0,-1.0925781726837158,-0.9459940195083618,9.627949714660645,5.010837078094482,2.23071837425232,-8.661237716674805
3390520866.0,-1.213655710220337,-0.7311087250709534,9.73902988433838,5.291260719299316,1.6701250076293943,-8.536188125610352
3390529199.0,-1.1014989614486694,-0.6705626249313354,9.879765510559082,5.153123378753662,1.0125561952590942,-8.23414421081543
3390537532.0,-0.955001413822174,-0.7986665964126587,9.74848747253418,5.120081901550293,0.3316019773483276,-8.097007751464844
3390545865.0,-0.9558226466178894,-0.6121668219566345,9.705586433410645,5.228635311126709,0.5093392133712769,-7.838738441467285
3390554198.0,-0.9399532675743104,-0.4071298837661743,9.909390449523926,5.3163886070251465,0.5012962818145752,-7.733104228973389
3390562531.0,-1.0013811588287354,-0.0867195352911949,10.053768157958984,5.160192489624023,0.0342462360858917,-7.595940589904785
3390570864.0,-0.8132098317146301,-0.0243385676294565,10.151131629943848,4.85707426071167,-0.5926494002342224,-7.376016139984131
3390579197.0,-0.8213425278663635,-0.1146191135048866,10.010802268981934,4.451984405517578,-0.8234592080116272,-7.062241554260254
3390587530.0,-0.8712382912635803,-0.1129845008254051,10.120132446289062,4.109292507171631,-0.43783700466156,-6.796418190002441
3390595863.0,-1.0730524063110352,-0.1419659703969955,10.15280055999756,4.09072208404541,-0.7462835907936096,-6.765398979187012
3390604196.0,-0.8872628808021545,-0.027613366022706,10.333959579467772,3.649183511734009,-1.5514158010482788,-6.464046478271484
3390612529.0,-0.6540479063987732,-0.1274237781763076,10.164426803588867,3.2486281394958496,-2.296508550643921,-6.267406940460205
3390620862.0,-0.6907676458358765,-0.0579834394156932,9.819178581237791,2.747177839279175,-1.7719799280166626,-6.134057998657227
3390629195.0,-0.6445621848106384,-0.0303122904151678,10.01736831665039,2.703326463699341,-1.3119739294052124,-5.929579734802246
3390637528.0,-0.7577305436134338,-0.2307975888252258,10.021000862121582,2.534067392349243,-1.9350402355194087,-5.803020000457764
3390645861.0,-0.7448042631149292,-0.1047038212418556,10.015204429626465,2.1746480464935303,-2.1957671642303467,-5.7363457679748535
3390654194.0,-0.7572159767150879,-0.0952116847038269,9.898755073547363,1.917379260063172,-2.05025315284729,-5.553281307220459
3390662527.0,-0.901114583015442,-0.1328411698341369,10.13283348083496,1.9052127599716189,-1.5401712656021118,-5.688807010650635
3390670860.0,-0.6032735705375671,-0.2725288271903991,10.200870513916016,1.8601057529449463,-2.024357318878174,-5.552103519439697
3390679193.0,-0.5215873122215271,-0.6706609129905701,10.017874717712402,1.797888994216919,-3.228610277175904,-5.6224141120910645
3390687526.0,-0.3827022016048431,-0.7062856554985046,9.39402961730957,1.733161449432373,-2.669682025909424,-5.516909599304199
3390695859.0,-0.4542400240898132,-0.8561965823173523,9.529219627380373,2.1697564125061035,-2.076303005218506,-5.549798965454102
3390704192.0,-0.6116103529930115,-0.3640070259571075,9.650553703308104,2.178746700286865,-2.1866488456726074,-5.515321254730225
3390712525.0,-0.562618613243103,-0.3747739493846893,9.835741996765137,2.109281063079834,-2.488614797592163,-5.707223415374756
3390720858.0,-0.5201857089996338,-0.2359800487756729,9.750699996948242,1.9232447147369385,-2.5595920085906982,-5.8910813331604
3390729191.0,-0.2055324763059616,-0.2541744112968445,9.99156379699707,1.8887426853179927,-1.9449529647827148,-5.642034530639648
3390737524.0,-0.1224128752946853,-0.5202032327651978,10.07242488861084,1.9759334325790403,-2.009398460388184,-5.668238639831543
3390745857.0,-0.2087650001049041,-0.4668821692466736,9.859258651733398,2.115325927734375,-1.9715405702590945,-5.565704822540283
3390754190.0,-0.286931425333023,-0.730913519859314,9.774965286254885,2.142733097076416,-1.729332447052002,-5.704610347747803
3390762523.0,-0.3003416359424591,-0.7498356103897095,9.757224082946776,2.2794618606567383,-1.5140701532363892,-5.770849227905273
3390770856.0,0.0222084205597639,-0.9085732698440552,9.920561790466309,2.3304598331451416,-1.6198824644088743,-5.708682537078857
3390779189.0,-0.0025876986328512,-0.9552608728408812,9.536389350891112,2.505379438400269,-1.8985657691955569,-5.924943923950195
3390787522.0,-0.0076493360102176,-0.7854975461959839,9.359167098999023,2.716568946838379,-0.8061951994895935,-5.855760097503662
3390795855.0,0.05159567669034,-0.8957722187042236,9.82396411895752,2.703377485275269,-0.5217747688293457,-5.860037803649902
3390804188.0,-0.1228560432791709,-0.631169855594635,9.847085952758787,2.816720485687256,-0.4820470511913299,-5.836344242095947
3390812521.0,-0.0942012369632721,-0.6330592632293701,9.982255935668944,2.8503262996673584,-0.1613824814558029,-5.739292144775391
3390820854.0,-0.2818123400211334,-0.5041205286979675,9.916842460632324,3.0027313232421875,0.0656749010086059,-5.892081260681152
3390829187.0,-0.1862931698560714,-0.5796882510185242,10.12166976928711,2.781270265579224,0.3821899592876434,-5.689472198486328
3390837520.0,-0.0561143569648265,-0.8255541920661926,10.077674865722656,2.564702272415161,-0.3275932967662811,-5.706941604614258
3390845853.0,0.0260732658207416,-0.6850945353507996,9.890563011169434,2.675355911254883,0.3327033519744873,-5.683914661407471
3390854186.0,0.0133708463981747,-0.8761422038078308,10.024771690368652,2.585552453994751,0.982229232788086,-5.560197830200195
3390862519.0,-0.0551566295325756,-0.742736279964447,10.16845417022705,2.3347630500793457,1.151026964187622,-5.510557174682617
3390870852.0,-0.0080738831311464,-0.6074737906455994,10.36874008178711,2.265988826751709,1.1677017211914062,-5.440117835998535
3390879185.0,-0.1016403511166572,-0.7990984916687012,10.16196060180664,2.029339075088501,1.3880866765975952,-5.53458309173584
3390887518.0,-0.1092760115861892,-0.5420200824737549,10.228504180908203,2.018913984298706,2.0493438243865967,-5.350135326385498
3390895851.0,-0.1298030465841293,-0.6621652841567993,10.303062438964844,1.951087474822998,1.9808257818222048,-5.283435821533203
3390904184.0,-0.3004193902015686,-0.6292844414710999,10.211262702941896,1.6819332838058472,2.1590495109558105,-5.329720973968506
3390912517.0,-0.2578639090061188,-0.674843966960907,10.283924102783203,1.83958899974823,2.5406503677368164,-5.244425296783447
3390920850.0,-0.2808173894882202,-0.7543458938598633,10.23332691192627,2.056771993637085,2.474950075149536,-5.386994361877441
3390929183.0,-0.4210034906864166,-0.7935726046562195,10.131277084350586,1.8992446660995483,2.545363664627075,-5.278645992279053
3390937516.0,-0.5550157427787781,-1.1167025566101074,9.982664108276367,1.7656148672103882,2.6593210697174072,-5.405436038970947
3390945849.0,-0.4703395366668701,-0.8608772158622742,10.051342010498049,1.9384340047836304,2.830014228820801,-5.393396854400635
3390954182.0,-0.3577261865139007,-0.8310012221336365,10.056468963623049,1.9898420572280884,2.4503602981567383,-5.366656303405762
3390962515.0,-0.2705790102481842,-0.8479212522506714,9.74443531036377,2.1668875217437744,2.4359138011932373,-5.515679836273193
3390970848.0,-0.4525582194328308,-0.6966906189918518,9.79897689819336,2.2669622898101807,3.1766514778137207,-5.643827438354492
3390979181.0,-0.6436477899551392,-0.9616450667381288,10.090014457702637,2.3610944747924805,3.539708137512207,-5.459225654602051
3390987514.0,-0.7888200283050537,-0.9425660967826844,10.152393341064451,2.5813770294189453,3.0055742263793945,-5.471392631530762
3390995847.0,-0.5990512371063232,-0.981748342514038,10.152822494506836,2.8967134952545166,2.4929566383361816,-5.539115905761719
3391004180.0,-0.7582105994224548,-1.092654824256897,9.740727424621582,2.962439775466919,2.555199146270752,-5.493318557739258
3391012513.0,-0.6662092208862305,-0.9828007221221924,9.88635540008545,3.1888439655303955,3.1695053577423096,-5.51153039932251
3391020846.0,-0.5747878551483154,-1.255192756652832,10.049042701721191,3.4301819801330566,2.739954948425293,-5.613039970397949
3391029179.0,-0.5115906000137329,-1.2057623863220217,9.822477340698242,3.748515367507935,2.3415768146514893,-5.702075004577637
3391037512.0,-0.5065452456474304,-1.3191816806793213,9.58518409729004,4.10117244720459,2.5336837768554688,-5.61672830581665
3391045845.0,-0.9120359420776368,-0.8950755596160889,9.54734230041504,4.305701732635498,3.069686889648437,-5.726100921630859
3391054178.0,-1.052038311958313,-0.5677308440208435,9.947748184204102,4.398297786712647,3.159337282180786,-5.559711933135986
3391062511.0,-1.0515081882476809,-0.6908357739448547,10.234811782836914,4.17998743057251,2.0274438858032227,-5.6161394119262695
3391070844.0,-0.8406544327735901,-0.4820779860019684,9.905457496643066,4.015927791595459,1.6235069036483765,-5.606328010559082
3391079177.0,-0.7205755710601807,-0.7726786136627197,9.768919944763184,4.070947170257568,1.779805302619934,-5.515654563903809
3391087510.0,-0.7614444494247437,-0.66606605052948,9.649080276489258,4.14366626739502,2.1466779708862305,-5.46278715133667
3391095843.0,-0.836269736289978,-0.6642213463783264,9.88771915435791,3.894080877304077,1.8507308959960933,-5.320652484893799
3391104176.0,-0.9885314106941224,-0.7560939192771912,9.892446517944336,3.491629838943481,1.2281256914138794,-5.22196102142334
3391112509.0,-0.9535980224609376,-0.508178174495697,9.729083061218262,3.4319491386413574,1.297924518585205,-5.214405059814453
3391120842.0,-0.8229321241378784,-0.710400402545929,9.951644897460938,3.4887359142303467,1.093036413192749,-5.06781530380249
3391129175.0,-1.0201630592346191,-0.6879684925079346,9.79770851135254,3.243172168731689,0.7082849144935608,-5.059234619140625
3391137508.0,-0.6799286603927612,-0.5518414974212646,9.72056484222412,3.143404483795166,0.2664136588573456,-5.0247578620910645
3391145841.0,-0.6675475239753723,-0.6850977540016174,9.589076042175291,3.0420236587524414,-0.1342826336622238,-5.072553634643555
3391154174.0,-0.8203079700469971,-0.5814495086669922,9.288651466369627,2.866386651992798,0.4150274693965912,-4.989563465118408
3391162507.0,-0.8048073053359985,-0.8064581751823425,9.739202499389648,3.031521797180176,0.5339799523353577,-4.901757717132568
3391170840.0,-1.1086361408233645,-0.6876136660575867,9.734082221984863,3.1524975299835205,0.0765865594148635,-4.92598819732666
3391179173.0,-1.0504618883132937,-0.8624917268753052,9.805513381958008,3.175191640853882,-0.1831801831722259,-4.912079811096191
3391187506.0,-0.9518250226974488,-0.9392284154891968,9.661251068115234,3.327980756759644,-0.6636776328086853,-5.024347305297852
3391195839.0,-0.6179941892623901,-0.9542668461799622,9.630927085876465,3.458920955657959,-0.6784826517105103,-5.029138088226318
3391204172.0,-0.452385812997818,-0.9474204182624816,9.630892753601074,3.6488254070281982,-0.987544059753418,-5.003293991088867
3391212505.0,-0.626552402973175,-0.6721610426902771,9.533136367797852,3.7008731365203857,-0.5556368827819824,-5.0631279945373535
3391220838.0,-0.7990009188652039,-0.5464369654655457,9.896909713745115,3.914572238922119,-0.1000876277685165,-5.009414196014404
3391229171.0,-0.9245705604553224,-0.7765479683876038,10.091529846191406,3.939750909805298,-0.483609527349472,-5.182925224304199
3391237504.0,-0.7214391827583313,-0.6653310060501099,10.115419387817385,3.974330425262451,-1.046994686126709,-5.065124988555908
3391245837.0,-0.6579023003578186,-0.8260341882705688,9.971535682678224,4.090465068817139,-1.2249622344970703,-4.938693523406982
3391254170.0,-0.814197301864624,-0.7014964818954468,9.805864334106444,4.251066207885742,-0.7893154621124268,-5.081159591674805
3391262503.0,-0.7328259944915771,-0.5977164506912231,10.006714820861816,4.421913146972656,-0.6285092830657959,-5.20982027053833
3391270836.0,-0.7297894358634949,-0.8512738347053528,10.075483322143556,4.503905296325684,-1.4495223760604858,-5.248216152191162
3391279169.0,-0.7235555648803711,-0.6173420548439026,9.783370971679688,4.429136753082275,-1.560431957244873,-5.15669584274292
3391287502.0,-0.6565161347389221,-0.440626710653305,9.8883695602417,4.586511135101318,-1.093791961669922,-5.12542200088501
3391295835.0,-0.8074036836624146,-0.1764977127313614,10.11028289794922,4.552007675170898,-1.2195065021514893,-5.220475196838379
3391304168.0,-0.96091228723526,-0.0007511402945965,10.277508735656738,4.283801555633545,-1.0877724885940552,-5.118300437927246
3391312501.0,-0.9533168077468872,-0.0761095657944679,10.535037994384766,4.03618860244751,-1.6589443683624268,-5.147474765777588
3391320834.0,-0.9970336556434632,0.14374440908432,10.347843170166016,3.6827893257141113,-1.806892156600952,-5.060207366943359
3391329167.0,-0.6104611158370972,0.0233133193105459,10.447975158691406,3.6143739223480233,-2.044464349746704,-5.034132480621338
3391337500.0,-0.5721230506896973,-0.0195836741477251,10.208093643188477,3.2777507305145264,-2.329806566238404,-5.1317219734191895
3391345833.0,-0.6578403115272522,-0.0010795707348734,10.03742790222168,2.9272968769073486,-1.617449164390564,-5.010387420654297
3391354166.0,-0.5756841897964478,-0.2517929971218109,10.387948989868164,2.708423614501953,-1.3493452072143557,-4.81943416595459
3391362499.0,-0.6816850900650024,-0.2593230903148651,10.348003387451172,2.3764119148254395,-1.909246802330017,-4.722842216491699
3391370832.0,-0.6807551980018616,-0.3088648617267608,10.308619499206545,2.2337663173675537,-2.120692253112793,-4.763543605804443
3391379165.0,-0.5529573559761047,-0.2668869495391845,10.076321601867676,2.2011849880218506,-2.178016901016236,-4.614827156066895
3391387498.0,-0.6371763348579407,-0.2136017233133316,10.07819366455078,2.025804281234741,-1.9102457761764529,-4.594873428344727
3391395831.0,-0.5276822447776794,-0.4369432628154754,10.084427833557127,1.8897415399551392,-1.9554804563522337,-4.590954780578613
3391404164.0,-0.3833151757717132,-0.4668112993240356,10.07975959777832,1.7715319395065308,-2.06564736366272,-4.594207763671875
3391412497.0,-0.176076203584671,-0.463349312543869,10.059399604797363,1.8457874059677124,-1.8465429544448853,-4.292651653289795
3391420830.0,-0.2495785057544708,-0.56519615650177,9.974541664123535,1.973832964897156,-1.6079720258712769,-4.34695291519165
3391429163.0,-0.4987743198871612,-0.5279409885406494,10.016724586486816,1.905084490776062,-0.9217410683631896,-4.293112277984619
3391437496.0,-0.6222914457321167,-0.7811439633369446,10.06308650970459,2.123394727706909,-0.7956934571266174,-4.254537105560303
3391445829.0,-0.5783711671829224,-0.9525203704833984,10.02299690246582,2.289425849914551,-1.5730854272842407,-4.419569969177246
3391454162.0,-0.3561626374721527,-0.9055876135826112,9.67259120941162,2.345060110092163,-1.6618643999099731,-4.403586387634277
3391462495.0,-0.1865833848714828,-0.8844793438911438,9.607367515563965,2.6373186111450195,-1.1544721126556396,-4.488805294036865
3391470828.0,-0.0888808667659759,-0.5600492358207703,9.674591064453123,3.0122599601745605,-0.5799703598022461,-4.318700790405273
3391479161.0,0.0354448184370994,-0.3856227099895477,9.968609809875488,2.971353769302368,-0.722411036491394,-4.465803146362305
3391487494.0,-0.0832397416234016,-0.4992836117744446,9.819784164428713,2.7620596885681152,-0.5158066749572754,-4.538727283477783
3391495827.0,-0.2885500192642212,-0.4871896505355835,9.517826080322266,2.80967664718628,0.2745845913887024,-4.437833309173584
3391504160.0,-0.4098871350288391,-0.7099990844726562,9.919169425964355,3.0657167434692383,0.7521620392799377,-4.464036464691162
3391512493.0,-0.4873521029949188,-0.7123972177505493,9.701319694519045,3.100193738937378,0.0836560875177383,-4.556888103485107
3391520826.0,-0.1971783339977264,-0.7217679619789124,9.642709732055664,3.0962488651275635,-0.1134070232510566,-4.517185688018799
3391529159.0,0.0962944105267524,-0.895785927772522,9.397829055786133,3.263099670410156,-0.1655575931072235,-4.598613739013672
3391537492.0,0.1295928806066513,-0.6994320750236511,9.255714416503906,3.5159382820129395,0.693633496761322,-4.723790168762207
3391545825.0,-0.0503151565790176,-0.6962199211120605,9.63683795928955,3.5242624282836914,1.198105812072754,-4.727197170257568
3391554158.0,-0.328167200088501,-0.5470961332321167,9.553495407104492,3.533586502075196,1.314087152481079,-4.707422733306885
3391562491.0,-0.4332706928253174,-0.3344645202159881,9.81863021850586,3.5610191822052,1.4530186653137207,-4.7713303565979
3391570824.0,-0.3330281674861908,-0.5607900619506836,9.970970153808594,3.3924007415771484,1.2953888177871704,-4.891231060028076
3391579157.0,-0.3347725868225097,-0.4631601572036743,9.80630111694336,3.348548650741577,1.4100123643875122,-4.777708053588867
3391587490.0,-0.1341065913438797,-0.6642519235610962,9.992135047912598,3.328442096710205,1.4097050428390503,-4.683140754699707
3391595823.0,0.0674606710672378,-0.7629250884056091,9.868610382080078,3.3981380462646484,1.4610615968704224,-4.792026519775391
3391604156.0,-0.0086344368755817,-0.6346084475517273,9.79658031463623,3.340864896774292,1.9124871492385864,-4.759983539581299
3391612489.0,-0.166902482509613,-0.5511664152145386,9.885172843933104,3.1660988330841064,2.4745657444000244,-4.646306991577148
3391620822.0,-0.3275749683380127,-0.6938575506210327,9.92126178741455,3.1369500160217285,2.658015012741089,-4.671102046966553
3391629155.0,-0.1811815649271011,-0.6257943511009216,10.186877250671388,2.95980167388916,2.409274816513061,-4.573690414428711
3391637488.0,-0.1315424591302871,-0.7378396391868591,10.086377143859863,2.832934617996216,2.238300085067749,-4.381379127502441
3391645821.0,-0.3709114193916321,-0.4173545837402344,9.792313575744627,2.9634904861450195,3.043278932571411,-4.369622707366943
3391654154.0,-0.4548398554325104,-0.3267457485198974,10.121087074279783,2.909315824508667,3.4313597679138184,-4.469876289367676
3391662487.0,-0.4614567458629608,-0.5411242246627808,10.538576126098633,2.636012554168701,2.9540131092071533,-4.390625953674316
3391670820.0,-0.5202459096908569,-0.4152922928333282,10.261369705200195,2.39859390258789,3.001681089401245,-4.181844234466553
3391679153.0,-0.5091497898101807,-0.3242474198341369,10.246267318725586,2.684500217437744,3.3675811290740967,-4.277770042419434
3391687486.0,-0.5073814392089844,-0.3217083215713501,10.154290199279783,2.706681728363037,3.390172004699707,-4.393904209136963
3391695819.0,-0.4300307035446167,-0.4181847870349884,10.225412368774414,2.442471027374268,3.086771249771118,-4.398232936859131
3391704152.0,-0.3590878844261169,-0.512201726436615,10.008668899536133,2.4381935596466064,3.0768074989318848,-4.413473606109619
3391712485.0,-0.5283973813056946,-0.3387441039085388,9.994140625,2.607734203338623,3.442246198654175,-4.519516468048096
3391720818.0,-0.4265578389167785,-0.1588172763586044,10.100899696350098,2.623230695724488,3.7190330028533936,-4.537395477294922
3391729151.0,-0.4633279144763946,-0.4643438756465912,10.239822387695312,2.523745536804199,3.175755500793457,-4.500946998596191
3391737484.0,-0.56831955909729,-0.3975286781787872,9.846857070922852,2.4063808917999268,3.4097421169281006,-4.47382116317749
3391745817.0,-0.5065789818763733,-0.3473600745201111,10.095745086669922,2.745384454727173,3.922384262084961,-4.462729454040527
3391754150.0,-0.7612116932868958,-0.5999059677124023,9.9467191696167,2.982956647872925,3.6206226348876953,-4.381737232208252
3391762483.0,-0.9699638485908508,-0.5750701427459717,9.85043716430664,2.968151807785034,3.46178936958313,-4.493006229400635
3391770816.0,-0.8373948335647583,-0.6016072034835815,9.919487953186035,3.0812387466430664,3.230902671813965,-4.587803840637207
3391779149.0,-0.8110134601593018,-0.6113322377204895,9.817953109741213,3.325726270675659,2.835777282714844,-4.62988805770874
3391787482.0,-0.7562525868415833,-0.4725023806095123,9.711005210876465,3.2777507305145264,2.873507022857666,-4.574612617492676
3391795815.0,-0.8637586236000061,-0.6689977645874023,9.66652488708496,3.506998538970948,2.9617738723754883,-4.603428363800049
3391804148.0,-0.8432924747467041,-0.6100215911865234,9.835010528564451,3.508894205093384,2.894331455230713,-4.578454494476318
3391812481.0,-0.9907474517822266,-0.5282410979270935,10.041665077209473,3.493295192718506,2.527536153793335,-4.557451248168945
3391820814.0,-1.1883184909820557,-0.3352367877960205,9.85021686553955,3.605562448501587,2.3068952560424805,-4.504071235656738
3391829147.0,-1.0615911483764648,-0.2248392701148986,9.858963966369627,3.730636596679688,2.188992738723755,-4.547103404998779
3391837480.0,-0.6905228495597839,-0.638214111328125,9.71224308013916,3.496061086654663,1.1361706256866455,-4.4927496910095215
3391845813.0,-0.346602201461792,-0.9243037104606628,9.317986488342283,3.269273042678833,0.9138646721839904,-4.151337623596191
3391854146.0,-0.7898485064506531,-0.9699532389640808,9.09361743927002,3.740190267562866,1.8811092376708984,-3.979260921478272
3391862479.0,-1.2911009788513184,-0.6715062260627747,9.450220108032228,4.15890645980835,2.8987374305725098,-3.881927013397217
3391870812.0,-1.4059674739837646,-0.1394408345222473,10.416069984436035,4.093231201171875,1.7077780961990356,-3.906721830368042
3391879145.0,-1.1023536920547483,-0.2341929227113723,10.262080192565918,3.279236555099488,-0.1051080077886581,-3.927290201187134
3391887478.0,-0.7147582173347473,-0.3147613406181335,9.807826042175291,2.9686644077301025,-0.5477219820022583,-3.878674030303955
3391895811.0,-0.6738330721855164,-0.2187836766242981,9.315614700317385,3.1245782375335693,0.2724586129188537,-3.558624505996704
3391904144.0,-0.6407384276390076,-0.2867310345172882,9.607084274291992,3.1222984790802,0.5149998068809509,-3.338905096054077
3391912477.0,-0.7944223284721375,-0.3680634498596191,9.509316444396973,2.861417531967163,-0.3991594612598419,-3.4009175300598145
3391920810.0,-0.9020876288414,-0.1745067238807678,9.496781349182127,2.7002530097961426,-0.4851208031177521,-3.3893141746521
3391929143.0,-1.0342442989349363,-0.2786005437374115,9.778054237365724,2.627815723419189,0.1001516580581665,-3.125897169113159
3391937476.0,-1.09575617313385,-0.307902067899704,9.782633781433104,2.716799736022949,0.0998955219984054,-3.2551722526550293
3391945809.0,-0.9291770458221436,-0.5703021287918091,10.063187599182127,2.8173866271972656,-0.8778895735740662,-3.2707715034484863
3391954142.0,-0.6921457052230835,-0.7448745369911194,9.477370262145996,2.749329805374145,-1.881839632987976,-3.258143663406372
3391962475.0,-0.7737401723861694,-0.4228658378124237,9.082080841064451,3.012003421783448,-1.0704060792922974,-3.2447729110717773
3391970808.0,-0.5101234912872314,-0.2760621309280395,9.511178016662598,3.3813352584838867,-0.5110424160957336,-3.310678005218506
3391979141.0,-0.4878788590431213,-0.580451250076294,9.685276985168455,3.228725910186768,-1.1073418855667114,-3.434574604034424
3391987474.0,-0.4675229489803314,-0.6084375977516174,9.552679061889648,3.2715272903442383,-1.2815955877304075,-3.3729467391967773
3391995807.0,-0.5224940776824951,-0.4672563970088959,9.638593673706056,3.718469858169556,-0.8653385639190674,-3.200998544692993
3392004140.0,-0.7865381836891174,-0.298414409160614,9.889516830444336,3.989340305328369,-0.5798934698104858,-3.268260955810547
3392012473.0,-0.7423647046089172,-0.1101433783769607,10.227127075195312,3.943695306777954,-1.0848780870437622,-3.294720411300659
3392020806.0,-0.4236660003662109,-0.3929357528686523,10.0339937210083,3.751409292221069,-1.783685564994812,-3.0847861766815186
3392029139.0,-0.3939586877822876,-0.1940386444330215,9.863009452819824,3.734888792037964,-1.4533389806747437,-3.099079370498657
3392037472.0,-0.4630964696407318,-0.0209833364933729,9.81177806854248,3.871079683303833,-0.4314846396446228,-3.246591567993164
3392045805.0,-0.4886445701122284,-0.1082658693194389,10.011270523071287,3.912036180496216,-0.6228741407394409,-3.2319397926330566
3392054138.0,-0.4502140581607818,0.0422841310501098,10.19413948059082,3.745544195175171,-1.0905646085739136,-3.156890153884888
3392062471.0,-0.1920715719461441,0.0333298556506633,9.923129081726074,3.534994840621948,-1.4976003170013428,-3.110682725906372
3392070804.0,-0.4343152344226837,-0.217850387096405,9.9419584274292,3.5990307331085205,-0.6545333862304688,-2.9751317501068115
3392079137.0,-0.5530456900596619,0.1756746172904968,9.880330085754396,3.580153226852417,0.1654167473316192,-2.8435003757476807
3392087470.0,-0.6055744886398315,0.1241168305277824,10.411733627319336,3.5710601806640625,-0.6888564229011536,-2.9105584621429443
3392095803.0,-0.4498226344585418,0.0945666953921318,9.941142082214355,3.30018949508667,-1.4972929954528809,-2.892500638961792
3392104136.0,-0.1163052767515182,-0.0197298731654882,9.893810272216797,2.9666922092437744,-0.9795780777931212,-2.84157943725586
3392112469.0,-0.2213684916496276,-0.2282367050647735,9.918097496032717,3.2538530826568604,-0.2701661288738251,-2.561077833175659
3392120802.0,-0.5093470215797424,-0.1015101745724678,9.826473236083984,3.1481170654296875,-0.0786741152405738,-2.499475240707397
3392129135.0,-0.5429397225379944,-0.1979319155216217,10.360206604003906,3.010415315628052,-0.4867857098579407,-2.372864246368408
3392137468.0,-0.552189826965332,-0.1494798809289932,10.258853912353516,2.7512757778167725,-0.8831914663314819,-2.367408037185669
3392145801.0,-0.4518522322177887,0.2528085112571716,10.417661666870115,2.628225564956665,-0.6438009738922119,-2.2408742904663086
3392154134.0,-0.0901004448533058,0.4037449955940246,10.300435066223145,2.7087056636810303,-0.7273803353309631,-2.1595492362976074
3392162467.0,-0.1413014531135559,-0.0305841043591499,10.149160385131836,2.0736258029937744,-0.5887816548347473,-2.219102144241333
3392170800.0,0.122947447001934,-0.3269599974155426,9.808005332946776,1.9533158540725708,-0.1887128800153732,-1.9461313486099243
3392179133.0,0.1923012882471084,-0.4289473295211792,9.9005126953125,2.2725205421447754,0.024256682023406,-1.777538180351257
3392187466.0,-0.1176164075732231,-0.3815417289733886,9.71737575531006,2.398491382598877,0.7031363844871521,-1.737221598625183
3392195799.0,-0.5754355192184448,-0.3395208716392517,10.060157775878906,2.410248279571533,1.5082173347473145,-1.7563297748565674
3392204132.0,-0.7055878043174744,-0.5307910442352295,9.976512908935549,2.6234354972839355,1.048851728439331,-1.7359918355941772
3392212465.0,-0.5642438530921936,-0.5682975649833679,9.934672355651855,3.272372007369995,0.0141134420409798,-1.7624001502990725
3392220798.0,-0.6577723622322083,-0.7141794562339783,9.563493728637695,3.134875059127808,-0.2145064324140548,-1.6552047729492188
3392229131.0,-0.4639906287193298,-0.3541871011257171,9.426563262939451,3.090050458908081,0.8033393025398254,-1.7025142908096311
3392237464.0,-0.2779362797737121,0.3380831480026245,10.184518814086914,3.31970739364624,0.8822054266929626,-1.7486196756362915
3392245797.0,0.0860891044139862,0.2949216663837433,10.137831687927246,3.261178731918335,0.6463751792907715,-1.8505899906158447
3392254130.0,-0.1056093350052833,-0.263706624507904,10.127233505249023,3.17142653465271,0.7828990817070007,-1.6747483015060425
3392262463.0,-0.4579420685768127,0.110284499824047,9.967677116394045,3.0676374435424805,2.060921192169189,-1.674722671508789
3392270796.0,-0.5287945866584778,0.3477135300636291,10.364882469177246,3.4149413108825684,2.0280840396881104,-1.7918567657470703
3392279129.0,-0.5585457682609558,0.3260844051837921,10.244336128234863,3.211768388748169,0.7237813472747803,-1.916008472442627
3392287462.0,-0.2826021313667297,-0.1506533324718475,9.851886749267578,2.7386484146118164,0.5655111074447632,-1.7923691272735596
3392295795.0,-0.4285247325897217,-0.5530417561531067,9.554519653320312,2.872661828994751,1.2870126962661743,-1.669702172279358
3392304128.0,-0.5751767158508301,-0.0460229702293872,9.681313514709473,3.283053398132324,1.993940353393555,-1.7526668310165403
3392312461.0,-0.5688047409057617,-0.0416602343320846,9.894906044006348,3.536993265151977,1.3867803812026978,-1.769034504890442
3392320794.0,-0.557225227355957,-0.1600323468446731,9.72261905670166,3.453080415725708,0.7461682558059692,-1.827076077461243
3392329127.0,-0.5684223771095276,-0.2125462740659713,9.742533683776855,3.16023325920105,1.0900906324386597,-1.6349694728851318
3392337460.0,-0.7675905227661133,-0.0036954742390662,9.84017276763916,3.47800350189209,2.0692718029022217,-1.6024906635284424
3392345793.0,-0.8452587127685547,0.2287855893373489,10.164240837097168,3.742316961288452,1.600480079650879,-1.5751090049743652
3392354126.0,-0.8005955219268799,0.2650404870510101,10.184311866760254,3.4356884956359863,0.4720959663391113,-1.665655255317688
3392362459.0,-0.3919174969196319,0.0271989032626152,10.03603172302246,3.267813205718994,0.4105193614959717,-1.4448349475860596
3392370792.0,-0.1647862643003463,0.1177613288164138,9.886197090148926,3.1931469440460205,0.7781859636306763,-1.2349263429641724
3392379125.0,-0.2556881308555603,0.1808195114135742,10.067715644836426,3.3350753784179688,1.5503270626068115,-1.0997596979141235
3392387458.0,-0.6438379883766174,0.0152790937572717,9.868231773376465,3.0231714248657227,1.5146465301513672,-1.0187934637069702
3392395791.0,-0.8144985437393188,0.2051712870597839,10.216946601867676,2.8821139335632324,1.1226463317871094,-0.9034525156021118
3392404124.0,-0.6718472838401794,0.315547913312912,10.366884231567385,2.606632709503174,0.7096936106681824,-0.7562475204467773
3392412457.0,-0.6912089586257935,0.4117416739463806,10.473174095153809,2.3232109546661377,0.5956077575683594,-0.6733086109161377
3392420790.0,-0.3274631202220917,0.6468746662139893,10.004828453063965,2.3983376026153564,0.950390636920929,-0.4574574828147888
3392429123.0,-0.1287630647420883,0.0068112546578049,10.121170997619627,2.0707826614379883,0.0807104557752609,-0.3276956975460052
3392437456.0,-0.4440626204013824,-0.6479650139808655,9.056722640991213,1.7426388263702393,0.3574722409248352,-0.2818974554538727
3392445789.0,-0.4082617163658142,-0.4928772449493408,9.526636123657228,2.3766934871673584,1.8819035291671755,0.066417708992958
3392454122.0,-0.5693066716194153,-0.3037444353103637,10.054600715637209,3.075551986694336,1.6442800760269165,-0.0320562124252319
3392462455.0,-0.6514009833335876,-0.0559589527547359,10.05616283416748,3.0670487880706787,0.9244433641433716,0.0436722747981548
3392470788.0,-0.5869420766830444,-0.138528823852539,9.769146919250488,3.07596206665039,0.7036741971969604,0.1577068418264389
3392479121.0,-0.3530184626579284,-0.4035373032093048,9.705864906311035,3.4654014110565186,0.6118985414505005,0.2311172187328338
3392487454.0,-0.4644825458526611,-0.1944562792778015,9.610323905944824,3.5713412761688232,0.950851559638977,0.1029692217707634
3392495787.0,-0.4970103502273559,-0.1657044291496276,9.656625747680664,3.910089492797852,1.2765365839004517,0.18731689453125
3392504120.0,-0.2795537710189819,0.0807536840438842,9.903735160827637,3.9676706790924072,0.9005964398384094,0.2961261570453644
3392512453.0,-0.2751902043819427,0.3513208031654358,9.95534610748291,3.790240526199341,0.7327976226806641,0.3789369761943817
3392520786.0,-0.2136252671480178,0.3511236906051636,9.782180786132812,3.8498706817626953,1.4261492490768433,0.3743520379066467
3392529119.0,-0.3709517419338226,0.2957553565502167,10.00425148010254,4.023894309997559,1.792509913444519,0.4811634719371795
3392537452.0,-0.527635395526886,0.3916842639446258,9.863677978515623,3.9776861667633057,1.4704877138137815,0.5060860514640808
3392545785.0,-0.4633472561836242,-0.0403446741402149,9.54839038848877,4.060214996337891,0.9320251941680908,0.5097233057022095
3392554118.0,-0.3273660838603973,-0.1786734014749527,9.210691452026367,4.3549580574035645,0.9279013872146606,0.5990913510322571
3392562451.0,-0.4345338940620422,-0.3656046092510223,9.215556144714355,4.140720844268799,1.5553221702575684,0.6895864605903625
3392570784.0,-0.3968177139759063,-0.3574968576431274,9.238973617553713,4.461462020874023,1.6388500928878784,0.6872812509536743
3392579117.0,-0.4702696800231933,-0.0131523497402668,9.549863815307615,4.991010665893555,1.533293843269348,0.7563372254371643
3392587450.0,-0.604805588722229,0.150337740778923,9.747246742248535,5.062371730804443,1.7598516941070557,0.8567706346511841
3392595783.0,-0.7455828189849854,0.5098140239715576,9.976038932800291,5.025794982910156,1.97636878490448,0.9125328063964844
3392604116.0,-0.6980512142181396,0.8868668079376221,10.216374397277832,5.043365955352783,1.6674611568450928,0.9288489818572998
3392612449.0,-0.4212602972984314,1.0505585670471191,10.057016372680664,4.741322994232178,0.990886688232422,1.0250561237335205
3392620782.0,-0.25813689827919,0.7508756518363953,9.711912155151367,4.282418251037598,0.8693984150886536,1.1167550086975098
3392629115.0,-0.3830774128437042,0.6633831262588501,9.582303047180176,3.9722301959991455,1.6536808013916016,1.4019440412521362
3392637448.0,-0.5585633516311646,0.6736776232719421,9.963242530822754,4.022305965423584,1.988484263420105,1.4337056875228882
3392645781.0,-0.7583227157592773,0.7948167324066162,10.004740715026855,3.869593858718872,1.3360129594802856,1.5468181371688845
3392654114.0,-0.7118847966194153,0.8293490409851074,9.89648151397705,3.530102491378784,1.2466959953308103,1.6810109615325928
3392662447.0,-0.506994366645813,0.5630285739898682,9.968633651733398,3.351468563079834,1.1112734079360962,1.8326725959777832
3392670780.0,-0.8251247406005859,0.6128949522972107,9.85568141937256,3.218889713287353,1.3618319034576416,2.003340482711792
3392679113.0,-0.7724180221557617,0.6009665131568909,10.087063789367676,3.2547500133514404,1.563057541847229,2.1348440647125244
3392687446.0,-0.5967336297035217,0.9040523171424866,10.371996879577637,3.197015285491944,0.3827791213989258,2.1624562740325928
3392695779.0,-0.3942014873027801,1.175276517868042,9.878586769104004,2.7620339393615723,-0.2477280348539352,2.406200885772705
3392704112.0,-0.1852011233568191,0.8896936774253845,9.707677841186523,2.602816104888916,0.5901774764060974,2.5533292293548584
3392712445.0,-0.258402019739151,0.634996771812439,9.955702781677246,2.5189807415008545,1.4441816806793213,2.845561981201172
3392720778.0,-0.6441887021064758,0.8172657489776611,10.15195655822754,2.4784841537475586,1.3228726387023926,2.884008884429932
3392729111.0,-0.7419167160987854,0.8317086100578308,10.1943359375,2.582888126373291,1.093471646308899,2.9726343154907227
3392737444.0,-0.8368878364562988,0.962904930114746,10.230002403259276,2.566213607788086,0.7681196928024292,3.179904699325561
3392745777.0,-0.5226427316665649,0.9256303310394288,10.045352935791016,2.5085811614990234,0.7740621566772461,3.2558767795562744
3392754110.0,-0.3765132427215576,0.6382175087928772,9.987504959106444,2.5426225662231445,0.6235016584396362,3.239253044128418
3392762443.0,-0.3505198657512665,0.7631711363792419,9.67772102355957,2.648102045059204,0.9106629490852356,3.39734411239624
3392770776.0,-0.6480891108512878,0.7394856214523315,9.812932014465332,2.600306272506714,1.41920804977417,3.5366344451904297
3392779109.0,-0.7962803840637207,0.7470851540565491,10.11842155456543,2.8577804565429688,1.7119275331497192,3.658891439437866
3392787442.0,-0.6779439449310303,0.994796097278595,10.52526569366455,2.9040396213531494,0.7815415263175964,3.835014581680298
3392795775.0,-0.4055042862892151,0.999140202999115,10.179313659667969,2.687445640563965,0.0967961996793747,3.922333478927612
3392804108.0,-0.0810502097010612,0.6456742286682129,9.739054679870604,2.874173402786255,0.3076013624668121,3.968618392944336
3392812441.0,-0.2564181387424469,0.5483185052871704,9.362748146057127,3.1856422424316406,0.9022101759910583,4.122943878173828
3392820774.0,-0.7711886167526245,0.278000921010971,9.68948459625244,3.382359743118286,1.5227149724960327,4.3956074714660645
3392829107.0,-0.8948093056678772,0.3492465317249298,9.809646606445312,3.540348052978516,1.2683143615722656,4.479570865631104
3392837440.0,-0.613013744354248,0.7190861701965332,10.098676681518556,3.631227493286133,0.3872359693050384,4.490816116333008
3392845773.0,-0.1807810366153717,0.4368032813072204,9.69964599609375,4.012495994567871,0.1153153106570243,4.78450870513916
3392854106.0,-0.3801212012767792,0.5100747346878052,9.37936019897461,4.096535682678223,0.8376622796058655,4.795188903808594
3392862439.0,-0.8002281188964844,0.6435768008232117,9.635576248168944,4.359721660614014,1.91220498085022,5.050204753875732
3392870772.0,-1.006953239440918,0.8235975503921509,10.164345741271973,4.421401023864746,1.4376245737075806,5.358651638031006
3392879105.0,-0.9585974216461182,1.035118579864502,10.21484661102295,4.407927989959717,0.1878291815519333,5.345946788787842
3392887438.0,-0.4771711826324463,1.1381011009216309,10.00603199005127,4.16840934753418,-0.2845869660377502,5.513566017150879
3392895771.0,-0.6019176840782166,1.0153462886810305,9.662675857543944,3.966005802154541,0.4095203876495361,5.658952713012695
3392904104.0,-0.4990781247615814,1.144445300102234,10.0319242477417,4.107550621032715,0.8988548517227173,5.900777816772461
3392912437.0,-0.7090400457382202,0.9850223660469056,10.21937370300293,3.9150333404541016,0.1865740716457367,6.081843852996826
3392920770.0,-1.0340169668197632,0.8135062456130981,9.812119483947754,3.644239902496338,-0.0465538762509822,6.205970764160156
3392929103.0,-0.9371345043182372,1.1514157056808472,9.83396053314209,3.750948667526245,0.0670324563980102,6.479249477386475
3392937436.0,-0.8960779905319214,0.8638960123062134,9.913179397583008,3.8161118030548096,-0.0873829796910286,6.663262844085693
3392945769.0,-0.9469807744026184,0.8358561992645264,9.90731716156006,3.6715962886810303,-0.6519464254379272,6.9700703620910645
3392954102.0,-0.9850674867630004,0.9331749081611632,9.723145484924316,3.5822792053222656,-0.5454936623573303,7.109283447265625
3392962435.0,-0.9561901688575744,1.0766141414642334,10.00326442718506,3.752690315246582,-0.911444127559662,7.291450500488281
3392970768.0,-0.843242883682251,1.6484979391098022,10.027441024780272,3.484509229660034,-1.1432528495788574,7.4709038734436035
3392979101.0,-0.6218727231025696,1.4611660242080688,10.268440246582031,3.253904342651367,-1.15506112575531,7.544851779937744
3392987434.0,-0.6233638525009155,1.4435126781463623,10.224309921264648,3.221553564071656,-1.103909611701965,7.880270004272461
3392995767.0,-0.789070725440979,1.6841434240341189,10.042128562927246,3.1455814838409424,-0.6025364398956299,7.858600616455078
3393004100.0,-0.7536315321922302,1.636195421218872,10.518251419067385,3.3658642768859863,-0.8667217493057251,7.976786136627197
3393012433.0,-0.7892517447471619,1.6205028295516968,10.249344825744627,3.0226333141326904,-1.7794336080551147,8.075399398803711
3393020766.0,-0.7632054686546326,1.5928131341934204,10.15877914428711,2.789031505584717,-1.7880144119262695,8.234541893005371
3393029099.0,-0.545722246170044,1.395976185798645,9.839670181274414,2.851274251937866,-1.5010582208633425,8.25293254852295
3393037432.0,-0.6164687275886536,1.405769944190979,10.00833225250244,2.9412317276000977,-1.4635846614837646,8.421653747558594
3393045765.0,-0.4880064725875854,1.4877668619155884,9.944677352905272,2.8344712257385254,-1.481796383857727,8.370142936706543
3393054098.0,-0.475750058889389,1.340652585029602,10.014318466186523,2.8479957580566406,-1.82197904586792,8.568883895874023
3393062431.0,-0.5626531839370728,1.6338716745376587,10.005718231201172,3.0563676357269287,-1.3166357278823853,8.561713218688965
3393070764.0,-0.3907053768634796,1.553835153579712,10.28168487548828,3.206749200820923,-1.2780354022979736,8.83512020111084
3393079097.0,-0.2850825786590576,1.3036075830459597,10.01314926147461,3.085081100463867,-1.987651824951172,8.843750953674316
3393087430.0,-0.1746975034475326,1.342319130897522,9.661810874938965,3.1667134761810303,-1.5796937942504885,9.077916145324709
3393095763.0,-0.0871292799711227,1.2760257720947266,9.588411331176758,3.4994935989379883,-1.049453616142273,9.081859588623049
3393104096.0,-0.1080514192581176,1.307240605354309,9.680401802062988,3.596110820770264,-0.8277367949485779,9.182831764221191
3393112429.0,-0.1211561635136604,1.456107497215271,9.8228178024292,3.5857367515563965,-0.7446697354316711,9.149378776550291
3393120762.0,-0.1740429252386093,1.3241140842437744,9.54438018798828,3.507459878921509,-0.5744888782501221,9.300888061523438
3393129095.0,-0.2638089656829834,1.5416547060012815,9.61178207397461,3.957425832748413,-0.0723218023777008,9.591225624084473
3393137428.0,-0.0916023701429367,1.6602835655212402,9.93583869934082,3.549313545227051,-0.2310020178556442,9.634615898132324
3393145761.0,-0.2472462207078933,1.7113444805145264,9.921122550964355,3.46032977104187,-0.3371730148792267,9.77500820159912
3393154094.0,-0.1261641681194305,2.123640775680542,9.740966796875,3.5050265789031982,0.1824502199888229,9.829617500305176
3393162427.0,0.218367651104927,1.89496648311615,9.80630111694336,3.463352680206299,0.3504283726215362,10.066779136657717
3393170760.0,0.3353432118892669,1.7087172269821167,9.691081047058104,3.2325680255889893,-0.0916605442762374,10.252226829528809
3393179093.0,-0.3994649946689605,1.6931902170181274,9.21694278717041,2.6039178371429443,1.1796894073486328,10.349407196044922
3393187426.0,-0.3930813372135162,1.7804875373840332,9.743135452270508,2.915130853652954,2.462296724319458,10.466130256652832
3393195759.0,0.0671567842364311,1.6458790302276611,10.072166442871094,3.031752109527588,0.8578976392745972,10.77232265472412
3393204092.0,0.4010859131813049,1.4196834564208984,9.484893798828123,2.3328933715820312,-0.4327653646469116,10.97874927520752
3393212425.0,-0.3311909437179565,1.1680705547332764,8.481066703796387,2.5588881969451904,1.9259603023529053,11.341422080993652
3393220758.0,-0.7878867387771606,1.3462294340133667,9.339380264282228,3.4645564556121826,4.334031105041504,11.577585220336914
3393229091.0,-0.9042811393737792,1.5627821683883667,10.824195861816406,3.3935787677764893,2.4012577533721924,11.662903785705566
3393237424.0,-0.3735378682613373,1.4643104076385498,10.215208053588867,2.693849563598633,-0.3077422678470611,11.725378036499023
3393245757.0,0.1104021668434143,1.7657448053359983,9.14980697631836,2.769360303878784,0.2482019513845443,11.920379638671877
3393254090.0,0.0747948735952377,1.6055318117141724,9.272521018981934,3.3029561042785645,2.796460151672364,12.31455898284912
3393262423.0,-0.2409824430942535,1.5296969413757324,9.819114685058594,3.2091312408447266,3.508612871170044,12.525259971618652
3393270756.0,-0.8861434459686279,1.83585262298584,10.312835693359377,3.002039670944214,2.7156214714050293,12.555048942565918
3393279089.0,-0.8327523469924927,2.215088129043579,10.253365516662598,3.087488889694214,2.1244704723358154,12.653254508972168
3393287422.0,-0.5904271602630615,2.33388614654541,10.315089225769045,2.974350929260254,1.96584153175354,12.92345905303955
3393295755.0,-0.4537176191806793,2.5793936252593994,10.061574935913086,2.565675735473633,2.159177780151367,12.89307975769043
3393304088.0,-0.4444853365421295,2.060037612915039,10.026806831359863,2.124009609222412,2.062868356704712,13.10268211364746
3393312421.0,-0.6288723945617676,2.13567328453064,9.921127319335938,2.075061082839966,2.312735080718994,13.348041534423828
3393320754.0,-0.7359561920166016,1.9693195819854736,9.972492218017578,2.046757459640503,2.556967258453369,13.457723617553713
3393329087.0,-0.6006489396095276,2.252692937850952,10.18849277496338,2.0219881534576416,2.2439095973968506,13.270583152770996
3393337420.0,-0.4610991179943084,2.571258544921875,10.17476749420166,1.98507821559906,2.530891895294189,13.30885124206543
3393345753.0,-0.4093939661979675,2.530229091644287,10.40000343322754,1.6136201620101929,2.6837575435638428,13.419760704040527
3393354086.0,-0.6357147097587585,2.199699640274048,10.337141036987305,1.641642451286316,2.744514942169189,13.67352294921875
3393362419.0,-0.8579802513122559,2.241516590118408,10.232101440429688,1.5785290002822876,2.9257869720458984,13.647269248962402
3393370752.0,-0.773605227470398,2.2546634674072266,10.411887168884276,1.9198644161224363,2.561629056930542,13.800772666931152
3393379085.0,-0.6052374839782715,2.2377254962921143,10.11691188812256,1.7035008668899536,1.943045139312744,13.80640983581543
3393387418.0,-0.3257162868976593,2.410594701766968,9.88344383239746,1.7268096208572388,2.270907402038574,13.826361656188965
3393395751.0,-0.411932498216629,1.9877735376358032,9.712528228759766,1.6658217906951904,3.0336990356445312,14.03514003753662
3393404084.0,-0.8025654554367065,2.0169837474823,9.757919311523438,1.8039851188659668,3.3884050846099854,14.176429748535156
3393412417.0,-0.8732603788375854,2.055711507797241,10.26244831085205,2.04414439201355,3.0817253589630127,14.269614219665527
3393420750.0,-0.7488743662834167,2.191882610321045,10.042975425720217,2.181026697158813,2.0557985305786133,14.316078186035156
3393429083.0,-0.7187678813934326,2.168498992919922,9.73012351989746,2.2323830127716064,2.2009289264678955,14.388054847717283
3393437416.0,-0.4861012697219848,2.125368356704712,9.811692237854004,2.255385160446167,2.998889684677124,14.77977466583252
3393445749.0,-0.4798300266265869,1.9832311868667605,9.924509048461914,2.1966259479522705,2.413245439529419,14.91929531097412
3393454082.0,-0.6911468505859375,2.218928813934326,9.80003261566162,2.0552866458892822,2.6485636234283447,15.180739402770996
3393462415.0,-0.7597780823707581,2.166466236114502,9.97495174407959,2.163429975509644,2.9667439460754395,15.222415924072266
3393470748.0,-0.5173506140708923,2.0831618309021,10.182588577270508,2.192143678665161,2.4330708980560303,15.508448600769045
3393479081.0,-0.3133992254734039,2.256561517715454,9.848211288452148,1.8360799551010127,1.8760637044906616,15.848554611206056
3393487414.0,-0.3656285405158996,1.9951297044754028,9.360556602478027,1.817407250404358,2.368497848510742,16.172758102416992
3393495747.0,-0.7418546676635742,1.834312081336975,9.40516757965088,1.914485216140747,3.436713933944702,16.572053909301758
3393504080.0,-0.9373992085456848,1.9254412651062007,9.856839179992676,2.025113344192505,3.334897518157959,16.898509979248047
3393512413.0,-1.0815825462341309,1.9109598398208616,9.930191040039062,2.0437350273132324,2.2108163833618164,16.979833602905273
3393520746.0,-0.8143095970153809,2.523865938186645,9.533404350280762,2.108410596847534,1.614619255065918,17.014951705932617
3393529079.0,-0.3745849728584289,2.563255071640014,9.358570098876951,2.1025192737579346,1.8013981580734253,17.416196823120117
3393537412.0,-0.3953312933444977,1.963864803314209,9.215702056884766,1.6666419506072998,1.828857064247132,17.677310943603516
3393545745.0,-0.5805873274803162,2.159050464630127,8.82736873626709,1.9007816314697263,2.541982889175415,17.78737449645996
3393554078.0,-0.7377535700798035,2.057220697402954,9.21672248840332,2.0716285705566406,2.6350138187408447,18.04441261291504
3393562411.0,-0.7886614203453064,2.343705892562866,9.586182594299316,2.3103280067443848,1.9024721384048464,18.14689826965332
3393570744.0,-1.0620148181915283,2.648909330368042,9.223052978515623,1.63283109664917,2.259355306625366,18.32155990600586
3393579077.0,-0.5448057651519775,2.268107652664185,9.23220157623291,2.557146549224853,2.302464008331299,18.46310043334961
3393587410.0,-0.3260635733604431,1.9189478158950808,9.42165470123291,2.638446092605591,1.0337140560150146,18.66448402404785
3393595743.0,-1.240978717803955,2.2782628536224365,8.875248908996582,2.249314785003662,1.7383105754852295,18.796499252319336
3393604076.0,-1.616481900215149,2.771137237548828,9.08743953704834,2.450079202651977,3.403313159942627,18.83512687683105
3393612409.0,-0.9255226850509644,3.768723249435425,10.440351486206056,2.585911273956299,1.7975820302963257,18.769397735595703
3393620742.0,-0.2721317410469055,3.655288219451904,10.283681869506836,1.7596982717514038,-0.7533788681030273,18.849878311157227
3393629075.0,-0.6258614659309387,2.763266086578369,9.032572746276855,0.6913795471191406,1.07426118850708,19.03635025024414
3393637408.0,-1.1521435976028442,3.15962290763855,9.597990036010742,1.2215944528579712,4.090953350067139,19.52888870239257
3393645741.0,-1.2196180820465088,3.4336678981781006,10.712220191955566,1.2995387315750122,3.218045473098755,19.31992530822754
3393654074.0,-0.7501933574676514,3.22072696685791,10.709258079528809,0.6681987643241882,-0.3692165017127991,19.28263092041016
3393662407.0,-0.3190236389636993,3.211769819259644,9.163199424743652,0.0063523324206471,-0.628227710723877,19.48870086669922
3393670740.0,-0.4268141388893127,2.968087673187256,9.244695663452148,0.2282997369766235,2.457737684249878,19.731521606445312
3393679073.0,-1.0382647514343262,3.013291358947754,9.674379348754885,0.712946891784668,3.856300830841065,19.87798500061035
3393687406.0,-1.3801475763320925,3.081538200378418,10.451708793640137,0.3663861453533172,2.205155611038208,19.602758407592773
3393695739.0,-1.1875768899917605,3.0690317153930664,9.87594985961914,0.414489597082138,0.023565100505948,19.626628875732425
3393704072.0,-0.7122260332107544,2.948911190032959,9.52453327178955,-0.0058528543449938,0.1777116060256958,19.8093376159668
3393712405.0,-0.3589958250522613,2.947909116744995,9.503355026245115,0.5069827437400818,1.7840065956115725,20.20653915405273
3393720738.0,-0.4579343199729919,2.565117120742798,9.644352912902832,0.6206331253051758,2.01932430267334,20.287811279296875
3393729071.0,-0.8983586430549622,2.449181079864502,9.631096839904783,0.5133606791496277,1.545512080192566,20.34846305847168
3393737404.0,-0.9804197549819946,2.5053601264953613,9.70318603515625,0.723884105682373,1.7148479223251345,20.579099655151367
3393745737.0,-0.816378116607666,2.258457660675049,10.05221462249756,0.9180145859718324,1.665182113647461,20.784013748168945
3393754070.0,-0.8989791870117188,2.410090923309326,10.265340805053713,1.2716703414916992,1.5575509071350098,21.07268524169922
3393762403.0,-1.0822025537490845,1.8154587745666504,9.879677772521973,1.3559411764144895,1.6301671266555786,21.51778221130371
3393770736.0,-1.0381076335906982,1.6149814128875732,9.960058212280272,1.8456857204437256,1.3636512756347656,21.76995658874512
3393779069.0,-0.8424223065376282,1.6309990882873535,9.987398147583008,2.3690359592437744,0.8045178055763245,21.87489891052246
3393787402.0,-0.4824131429195404,1.7470892667770386,9.79223346710205,2.735550165176392,0.7441962957382202,21.97238540649414
3393795735.0,-0.3847760856151581,2.398927688598633,9.805418014526367,3.471446990966797,1.11168372631073,22.23836135864257
3393804068.0,-0.4626458883285522,2.638312339782715,9.806121826171877,3.2877676486968994,1.6314226388931274,22.529804229736328
3393812401.0,-0.5158460736274719,2.4647974967956543,9.86941623687744,3.0106730461120605,1.5190273523330688,22.962047576904297
3393820734.0,-0.9098711609840392,2.448164939880371,9.94360065460205,2.8923349380493164,1.8555470705032349,23.19841194152832
3393829067.0,-1.0108181238174438,2.705199718475342,10.06797981262207,3.36417555809021,1.7599037885665894,23.54792022705078
3393837400.0,-0.74174964427948,2.651018619537353,10.135708808898926,3.509613037109375,0.7248576879501343,23.606884002685547
3393845733.0,-0.369901567697525,2.752758264541626,9.670621871948242,3.063207626342773,0.3512737452983856,23.750015258789062
3393854066.0,-0.2114450186491012,2.5849528312683105,9.122835159301758,2.95106840133667,1.1129646301269531,23.954980850219727
3393862399.0,-0.5351617932319641,2.452677965164185,9.269478797912598,3.378596305847168,2.247906446456909,24.052215576171875
3393870732.0,-0.8144245743751526,2.509967803955078,9.410061836242676,3.531923055648804,2.613677740097046,24.288583755493164
3393879065.0,-0.9661506414413452,2.445896863937378,10.14369010925293,3.5316925048828125,1.567182183265686,24.64556884765625
3393887398.0,-0.8578620553016663,2.737731456756592,9.553306579589844,3.706356048583984,1.1545366048812866,24.70368766784668
3393895731.0,-0.6583576798439026,3.0582492351531982,9.69114112854004,3.98565411567688,1.844635844230652,24.97233390808105
3393904064.0,-0.6781154274940491,2.857483148574829,9.59823989868164,4.119001388549805,1.7577524185180664,25.09317970275879
3393912397.0,-0.7477335333824158,2.8930742740631104,9.45079517364502,3.861962795257568,1.7440229654312134,25.01175117492676
3393920730.0,-0.7323877215385437,2.8687338829040527,9.835408210754396,4.00419807434082,1.644946813583374,25.19043159484864
3393929063.0,-0.7057641744613647,3.126732349395752,9.626230239868164,4.170767784118652,1.534011721611023,25.21136474609375
3393937396.0,-0.9328643679618835,3.7023651599884033,9.5333890914917,4.036473274230957,2.091813325881958,25.482158660888672
3393945729.0,-0.7371997833251953,3.518080711364746,9.621211051940918,4.1826019287109375,2.111203193664551,25.60871696472168
3393954062.0,-0.632022500038147,3.59967303276062,9.655031204223633,3.7522575855255127,1.179920673370361,25.62957000732422
3393962395.0,-0.9620185494422911,3.5923542976379395,9.34853744506836,3.475802659988404,1.8886922597885127,25.874515533447266
3393970728.0,-1.0655648708343506,3.67620849609375,9.429181098937988,3.7932143211364746,2.62845778465271,26.07973861694336
3393979061.0,-0.9597833156585692,3.6168642044067374,9.955044746398926,3.757303237915039,1.6751974821090698,26.00379180908203
3393987394.0,-0.8072067499160767,3.450493335723877,9.589652061462402,3.081292152404785,0.747321367263794,26.254558563232425
3393995727.0,-0.7143781185150146,3.310510873794556,8.900262832641602,3.240305185317993,1.3784053325653076,26.23237419128418
3394004060.0,-0.8855807781219482,3.3258063793182373,9.599383354187012,3.639068126678467,2.729044914245605,26.48193550109864
3394012393.0,-0.9545370936393738,3.821643352508545,10.039974212646484,3.67290472984314,2.559734344482422,26.450607299804688
3394020726.0,-0.993455410003662,4.101228713989258,10.104869842529297,3.313817977905273,1.2691348791122437,26.518611907958984
3394029059.0,-0.883608341217041,4.481367588043213,10.019500732421877,3.04000186920166,1.5666701793670654,26.66628074645996
3394037392.0,-0.5196227431297302,4.584654808044434,10.185187339782717,2.496800422668457,1.976293444633484,26.72224807739257
3394045725.0,-0.5664653778076172,4.483845233917236,10.273221969604492,1.9224523305892944,2.2375588417053223,26.86146354675293
3394054058.0,-0.7859594225883484,4.689456462860107,10.075236320495604,1.4688236713409424,2.489551782608032,27.129131317138672
3394062391.0,-0.8794856667518616,4.733238220214844,10.062695503234863,0.8125608563423157,2.361711025238037,27.160558700561523
3394070724.0,-0.934364140033722,4.759768962860107,10.103057861328123,0.2407995760440826,2.071296453475952,27.20102882385254
3394079057.0,-0.7976930737495422,4.517393112182617,10.11155128479004,-0.6391396522521973,2.0016772747039795,27.2285385131836
3394087390.0,-0.8850545883178711,4.169337749481201,10.028881072998049,-1.089386820793152,2.201314210891724,27.45696258544922
3394095723.0,-1.095828652381897,4.194135665893555,9.800589561462402,-1.0404635667800903,2.5303804874420166,27.47940254211425
3394104056.0,-1.015495777130127,3.818462610244751,9.96521282196045,-1.137413740158081,2.338658094406128,27.69886779785156
3394112389.0,-0.8847497701644897,3.506528854370117,9.763273239135742,-1.418709397315979,1.3170591592788696,27.69282341003418
3394120722.0,-0.9435091018676758,3.604944944381714,9.33077907562256,-1.6859685182571411,1.6097787618637085,27.771766662597656
3394129055.0,-0.9448382258415222,3.657374858856201,9.430908203125,-1.1910243034362793,2.3444724082946777,28.03070068359375
3394137388.0,-1.0411101579666138,3.5516245365142822,9.585853576660156,-1.0976091623306274,1.9484763145446773,27.82171440124512
3394145721.0,-1.1447699069976809,3.3872392177581787,9.69873332977295,-1.4588725566864014,1.3116289377212524,27.99576187133789
3394154054.0,-0.939939558506012,3.350260734558105,9.686050415039062,-1.353213667869568,1.1744903326034546,28.10124015808105
3394162387.0,-0.90849506855011,3.402828931808472,9.493597984313965,-0.8586794137954712,1.4581425189971924,28.1884822845459
3394170720.0,-0.804236114025116,3.2610280513763428,9.884626388549805,-0.7772772312164307,1.7165390253067017,28.337045669555664
3394179053.0,-0.97943115234375,2.698408603668213,9.678166389465332,-0.9756341576576232,1.6117769479751587,28.33566665649414
3394187386.0,-0.9622936844825744,2.5560691356658936,9.488494873046877,-0.3906301856040954,1.5973560810089111,28.483741760253903
3394195719.0,-0.7455136775970459,2.5860936641693115,10.08938980102539,0.2481764703989029,1.573278546333313,28.53535270690918
3394204052.0,-0.7592789530754089,2.536756992340088,9.958271026611328,0.5325459241867065,1.3883436918258667,28.544469833374023
3394212385.0,-0.5416523814201355,2.63439416885376,10.14129638671875,0.7499852776527405,1.969197988510132,28.69866943359375
3394220718.0,-0.1307482272386551,2.644641637802124,10.094694137573242,1.2586077451705933,1.4247417449951172,28.86734390258789
3394229051.0,-0.3442684710025787,2.6545233726501465,9.88304042816162,1.2379368543624878,1.3171874284744265,28.929584503173828
3394237384.0,-0.8735224604606628,2.880291223526001,9.420867919921877,1.4365752935409546,2.652406930923462,29.29909324645996
3394245717.0,-0.9652522206306458,3.1494877338409424,10.047441482543944,1.6560897827148438,2.57108211517334,29.44171905517578
3394254050.0,-1.01375412940979,3.579240322113037,9.866328239440918,1.4788132905960083,0.6650741100311279,29.46179580688477
3394262383.0,-0.7805306911468506,3.255594253540039,9.552172660827637,1.275256872177124,0.1785569489002227,29.502933502197266
3394270716.0,-0.6844265460968018,2.681526899337769,9.178791046142578,1.2040237188339231,1.0505943298339844,29.66348457336425
3394279049.0,-0.9400855898857116,2.759335994720459,9.81269359588623,1.3718994855880735,2.018915891647339,29.8463191986084
3394287382.0,-0.8227449655532837,3.045534133911133,10.157807350158691,1.767665147781372,1.598944067955017,29.911426544189453
3394295715.0,-0.7021529674530029,3.2621042728424072,10.343279838562012,1.6136980056762695,0.2995074391365051,29.83609771728516
3394304048.0,-0.5646354556083679,3.3679044246673584,9.770505905151367,1.4386757612228394,0.4885406494140625,29.936607360839844
3394312381.0,-0.3830772042274475,3.203049421310425,9.817952156066896,1.41680109500885,1.161529541015625,30.054967880249023
3394320714.0,-0.6647248864173889,3.299431085586548,9.7335844039917,1.6543991565704346,1.0830475091934204,30.09897804260254
3394329047.0,-0.8544562458992004,3.222985982894897,9.82960033416748,1.596382737159729,1.0516188144683838,30.107330322265625
3394337380.0,-0.7989747524261475,2.9620490074157715,9.74026107788086,1.3695173263549805,0.6009103655815125,30.18086814880371
3394345713.0,-0.681842029094696,3.088651180267334,9.75582504272461,1.7395150661468506,0.5143342018127441,30.12963485717773
3394354046.0,-0.5980132222175598,3.333850145339966,9.759809494018556,1.8832625150680544,1.1938804388046265,30.204561233520508
3394362379.0,-0.8038061857223511,3.22086238861084,9.85338306427002,1.900424122810364,1.363446831703186,30.07077980041504
3394370712.0,-1.072688341140747,3.3467366695404053,9.607169151306152,1.8314448595047,1.260400652885437,29.936811447143555
3394379045.0,-0.8720123767852783,3.3719468116760254,9.90865707397461,1.6693576574325562,0.832821786403656,30.04344367980957
3394387378.0,-0.6048694849014282,3.175067901611328,9.627354621887209,1.7895399332046509,0.3415148556232452,30.03724670410156
3394395711.0,-0.6816458702087402,3.4373395442962646,9.361163139343262,2.0543909072875977,0.9133787155151368,29.98266220092773
3394404044.0,-0.8348537683486938,3.324277877807617,9.616053581237791,1.964664459228516,1.5677204132080078,30.013399124145508
3394412377.0,-0.8519834280014038,3.270688533782959,9.932573318481444,1.912129640579224,0.9875576496124268,29.93912124633789
3394420710.0,-0.8132915496826172,3.4780349731445312,9.977797508239746,1.97309160232544,0.4676394164562225,29.890758514404297
3394429043.0,-0.6715794801712036,3.5651674270629883,10.104095458984377,1.6930252313613892,0.7558254599571228,29.86375999450684
3394437376.0,-0.5524497628211975,3.5976030826568604,9.970586776733398,1.7120568752288818,1.076311111450195,29.89216995239257
3394445709.0,-0.5430408716201782,3.681674957275391,9.8743896484375,1.8248873949050903,0.7592832446098328,29.7849178314209
3394454042.0,-0.5218055248260498,3.363591194152832,9.75980281829834,1.45481276512146,0.6745001673698425,29.63715362548828
3394462375.0,-0.6240919232368469,3.39000940322876,9.526756286621094,1.5698975324630735,1.1282821893692017,29.687150955200195
3394470708.0,-0.6703612804412842,3.377821683883667,9.92210578918457,1.4847558736801147,1.379711627960205,29.780872344970703
3394479041.0,-0.7606372833251953,3.3112707138061523,9.945754051208496,1.7226098775863647,0.9303609132766724,29.647499084472656
3394487374.0,-0.6234947443008423,3.1460840702056885,9.611175537109377,1.8313935995101929,0.359291136264801,29.663429260253903
3394495707.0,-0.4172742068767547,2.948737144470215,9.559232711791992,1.762568116188049,0.2403641492128372,29.73446083068848
3394504040.0,-0.618736743927002,2.8608205318450928,9.266278266906738,2.09773063659668,0.8386619091033936,29.839683532714844
3394512373.0,-0.8328866362571716,3.0292563438415527,9.48581600189209,2.525130033493042,1.4319392442703247,29.886043548583984
3394520706.0,-0.6619533896446228,3.0634474754333496,10.164727210998535,2.4540762901306152,0.8278014659881592,29.850187301635746
3394529039.0,-0.4687680602073669,3.318697214126587,9.790701866149902,2.709885597229004,-0.3575621545314789,29.756179809570312
3394537372.0,-0.3850687146186828,3.4741907119750977,9.59355926513672,2.717390298843384,0.2087049335241317,29.791297912597656
3394545705.0,-0.408345103263855,3.142920017242432,9.807208061218262,2.815544605255127,1.3249742984771729,30.017370223999023
3394554038.0,-0.4888111054897308,3.2162468433380127,10.048848152160645,2.838571548461914,0.8843065500259399,30.134248733520508
3394562371.0,-0.4794637858867645,3.3870046138763428,9.892685890197754,2.686782121658325,0.1618052572011947,30.154541015625
3394570704.0,-0.2637918889522552,3.5249247550964355,9.847521781921388,2.9055020809173584,0.2973047196865082,30.09711265563965
3394579037.0,-0.2247457504272461,3.760874509811402,9.804312705993652,2.626178026199341,0.9158889055252076,30.28135108947754
3394587370.0,-0.2638689577579498,3.613881349563599,10.21494197845459,2.371367931365967,1.3124488592147827,30.382068634033203
3394595703.0,-0.2703961431980133,3.5904018878936768,9.94484806060791,2.308023452758789,0.6222726702690125,30.397432327270508
3394604036.0,-0.6952280402183533,3.559419870376587,9.800209045410156,2.152212142944336,1.1500543355941772,30.457603454589844
3394612369.0,-0.6502327919006348,3.3091394901275635,10.18113613128662,2.3208565711975098,1.506348967552185,30.588701248168945
3394620702.0,-0.2833545207977295,3.337036371231079,10.224141120910645,2.2198848724365234,0.3875692784786224,30.67440414428711
3394629035.0,-0.2490551769733429,3.5907368659973145,10.044082641601562,2.158564805984497,0.2664907574653625,30.718000411987305
3394637368.0,-0.3504672348499298,3.523221015930176,9.65435028076172,1.992148518562317,1.3434420824050903,30.62470817565918
3394645701.0,-0.5581725835800171,3.4449706077575684,9.963193893432615,2.153441905975342,1.7340084314346311,30.754297256469727
3394654034.0,-0.5859166383743286,3.3744823932647705,10.264728546142578,1.946350574493408,1.0708296298980713,30.703962326049805
3394662367.0,-0.3053378760814667,3.117833375930786,9.874338150024414,2.03784441947937,0.3224834501743316,30.75288200378418
3394670700.0,-0.3680997788906097,3.400161027908325,9.386882781982422,2.365553140640259,0.8531083464622498,30.83418655395508
3394679033.0,-0.418384701013565,3.472494840621948,9.722113609313965,2.481868028640747,2.103673458099365,30.89502143859864
3394687366.0,-0.4555526673793793,3.38692593574524,9.972067832946776,2.390142679214477,1.3373714685440063,30.82319641113281
3394695699.0,-0.7672350406646729,3.436599969863892,9.817906379699709,2.210228681564331,1.0337402820587158,30.79924964904785
3394704032.0,-0.5401017665863037,3.259267091751098,9.896245002746582,2.5278708934783936,1.2570452690124512,30.687849044799805
3394712365.0,-0.2897779941558838,3.4030141830444336,9.985028266906738,2.717749118804932,0.9315392971038818,30.833776473999023
3394720698.0,-0.2858896851539612,3.6478946208953857,9.79366397857666,2.4770519733428955,1.153512477874756,30.75314140319824
3394729031.0,-0.2781903743743896,3.452216863632202,9.763901710510254,2.3997225761413574,1.4729222059249878,30.68047332763672
3394737364.0,-0.5682851076126099,3.417463779449463,9.904491424560549,2.269679307937622,1.8989384174346924,30.688411712646484
3394745697.0,-0.5634083151817322,3.650146007537842,10.109825134277344,2.2591006755828857,1.8972225189208984,30.561935424804688
3394754030.0,-0.4479944407939911,3.932119369506836,10.353825569152832,2.269423246383667,1.16614031791687,30.555965423583984
3394762363.0,-0.4383906722068786,3.953425407409668,9.676690101623535,1.9954530000686648,1.0583810806274414,30.62786674499512
3394770696.0,-0.5445104837417603,3.8237144947052,9.800000190734863,1.7171285152435305,1.7728393077850342,30.71536064147949
3394779029.0,-0.5569780468940735,3.202040433883667,9.715777397155762,1.5752766132354736,1.921735167503357,30.76902198791504
3394787362.0,-0.7534933090209961,3.401437759399414,9.809289932250977,1.6835225820541382,1.6140823364257812,30.74748039245605
3394795695.0,-0.4604953825473785,3.231696605682373,9.677414894104004,1.978342771530152,1.3955670595169067,30.596973419189453
3394804028.0,-0.478668600320816,3.173102140426636,9.514846801757812,1.9901509284973145,1.00364351272583,30.57781410217285
3394812361.0,-0.5847637057304382,3.1813879013061523,9.365473747253418,2.1793630123138428,2.143221616744995,30.632062911987305
3394820694.0,-0.3729961812496185,2.799886465072632,10.029793739318848,2.534607410430908,2.1036221981048584,30.68216323852539
3394829027.0,-0.5719157457351685,3.208568811416626,9.786416053771973,2.912904500961304,1.306147813796997,30.51426315307617
3394837360.0,-0.7125056385993958,3.579624652862549,9.721264839172363,3.122044801712036,1.823427438735962,30.538827896118164
3394845693.0,-0.6007910370826721,3.763984680175781,9.844761848449709,3.2674829959869385,1.9875383377075195,30.674150466918945
3394854026.0,-0.485025554895401,3.728307247161865,10.064435005187988,2.7755093574523926,1.3824524879455566,30.688411712646484
3394862359.0,-0.3804578781127929,3.5627477169036865,9.726738929748535,2.418293237686157,1.3459010124206543,30.85662269592285
3394870692.0,-0.4562634825706482,3.665793418884277,9.506674766540527,2.882218599319458,1.5116766691207886,30.74907112121582
3394879025.0,-0.6727198362350464,3.6866493225097656,9.582000732421877,2.7086052894592285,2.331486463546753,30.977725982666016
3394887358.0,-0.5147174000740051,3.4942221641540527,10.137925148010254,2.226083755493164,1.642719030380249,30.89273834228516
3394895691.0,-0.5869945883750916,3.770824909210205,9.780179023742676,1.9448649883270264,0.9936282634735109,30.8686637878418
3394904024.0,-0.4962058365345001,3.743194341659546,9.804600715637209,2.164071798324585,1.7672556638717651,31.0141544342041
3394912357.0,-0.5273752808570862,3.565426111221313,9.88207721710205,2.1494715213775635,1.7530653476715088,31.06553077697754
3394920690.0,-0.8960005640983582,3.523736000061035,9.734027862548828,1.7922041416168213,1.6969702243804932,31.04394149780273
3394929023.0,-0.6003745198249817,3.432013750076294,9.98740577697754,1.8823405504226685,1.250462532043457,31.05175399780273
3394937356.0,-0.4190221130847931,3.600006580352783,9.584376335144045,1.987102746963501,0.6204797029495239,30.96998786926269
3394945689.0,-0.5141860842704773,3.515214681625366,9.48539924621582,2.0903537273406982,1.543899416923523,30.98318672180176
3394954022.0,-0.6612386107444763,3.4146716594696045,9.723008155822754,1.984054923057556,2.013690710067749,30.94806861877441
3394962355.0,-0.9496875405311584,3.5567328929901123,10.015209197998049,2.057772397994995,1.807854175567627,30.878625869750977
3394970688.0,-0.7175396680831909,3.504281520843506,10.552968978881836,2.118093490600586,1.0585088729858398,30.881771087646484
3394979021.0,-0.5580752491950989,3.77962064743042,10.037611961364746,1.9092867374420168,0.3092921674251556,30.87516975402832
3394987354.0,-0.4010113477706909,3.764231443405152,9.855027198791504,2.0403287410736084,1.0739288330078125,30.878236770629883
3394995687.0,-0.0846292227506637,3.5998992919921875,9.827760696411133,1.829600691795349,1.2202119827270508,30.74551010131836
3395004020.0,-0.3947626054286957,3.544273614883423,9.772875785827637,1.5571675300598145,1.2973108291625977,30.85772705078125
3395012353.0,-0.3825135827064514,3.2969307899475098,9.816957473754885,1.638518452644348,1.745790958404541,30.853063583374023
3395020686.0,-0.5694659352302551,3.259482145309448,10.040998458862305,1.9652795791625977,1.29129159450531,30.68887710571289
3395029019.0,-0.3804298341274261,3.3635413646698,9.849641799926758,1.9368218183517456,1.04739248752594,30.78725814819336
3395037352.0,-0.2854615151882171,3.1834051609039307,9.779620170593262,2.001869440078736,0.9484319686889648,30.845008850097656
3395045685.0,-0.499123215675354,3.2181529998779297,9.483190536499023,2.211214780807495,1.4685806035995483,30.81673049926757
3395054018.0,-0.3276678323745727,3.119282484054565,9.736397743225098,2.4510412216186523,1.710379123687744,30.83903884887696
3395062351.0,-0.2789873480796814,3.145764112472534,9.949911117553713,2.5644099712371826,0.8342435359954834,30.783382415771484
3395070684.0,-0.361873984336853,3.453499317169189,9.43023681640625,2.534825563430786,1.109724998474121,30.83202362060547
3395079017.0,-0.2397640645503997,3.464360475540161,9.775053024291992,2.7335147857666016,1.6516199111938477,30.8218002319336
3395087350.0,-0.4629093706607818,3.5678718090057373,9.90773105621338,2.550142765045166,1.5781583786010742,30.96385955810547
3395095683.0,-0.3376768231391907,3.5531482696533203,9.944841384887695,2.696451425552368,1.366968870162964,30.936092376708984
3395104016.0,-0.3896697759628296,3.3726372718811035,10.022950172424316,2.5223255157470703,0.9743022918701172,30.87010955810547
3395112349.0,-0.5420278310775757,3.561260938644409,9.828324317932127,2.531879425048828,1.608818531036377,30.908966064453125
3395120682.0,-0.2685836553573608,3.620903491973877,10.171720504760742,2.597426414489746,1.321810960769653,31.00005340576172
3395129015.0,-0.3068321645259857,3.8307411670684814,9.908864974975586,2.5064191818237305,0.7685174345970154,30.970930099487305
3395137348.0,-0.0693786367774009,3.6100122928619385,9.807024955749512,2.300454378128052,1.1114410161972046,31.09943199157715
3395145681.0,-0.2561556398868561,3.6986379623413086,9.857630729675291,2.094797849655152,1.7016960382461548,31.15481185913086
3395154014.0,-0.4004576802253723,3.7644832134246826,9.909972190856934,2.218437671661377,1.957326054573059,31.1815242767334
3395162347.0,-0.1490255445241928,3.551893711090088,10.210637092590332,1.9019227027893064,1.0137481689453125,31.204174041748047
3395170680.0,-0.452558308839798,3.81400990486145,9.59014129638672,1.6362000703811646,1.091999650001526,31.135421752929688
3395179013.0,-0.0742292255163192,3.401296615600586,9.475630760192873,2.176712274551392,1.7335602045059204,31.277273178100582
3395187346.0,-0.2367849797010421,3.0887339115142822,10.024535179138184,2.1507906913757324,1.2988349199295044,31.255809783935547
3395195679.0,-0.3627382516860962,3.717739582061768,9.460471153259276,1.8881422281265257,1.3658418655395508,31.26039695739746
3395204012.0,-0.2735727727413177,3.4873623847961426,9.791380882263184,2.1710517406463623,1.6859177350997925,31.20937156677246
3395212345.0,-0.2808158993721008,3.427700996398926,9.520333290100098,2.2095754146575928,1.8320469856262207,31.191875457763672
3395220678.0,-0.0353705510497093,3.4004933834075928,9.820918083190918,2.6711697578430176,1.6027480363845823,31.243846893310547
3395229011.0,-0.3410787582397461,3.3270792961120605,9.714710235595703,2.2556042671203613,1.4550306797027588,31.177379608154297
3395237344.0,-0.443598598241806,3.929776430130005,9.547796249389648,2.645325422286988,2.294332981109619,31.2343692779541
3395245677.0,-0.2516973316669464,3.798280477523804,10.165236473083496,2.769503116607666,1.449626088142395,30.98581314086914
3395254010.0,-0.3375454246997833,3.8134281635284415,9.676187515258787,2.360699415206909,1.042051911354065,31.067569732666016
3395262343.0,-0.1017100140452385,3.692847728729248,9.661623001098633,2.147716760635376,1.4936057329177856,31.06779861450196
3395270676.0,-0.3314893245697021,4.039642810821533,9.85605525970459,1.9409327507019043,2.037421703338623,30.907941818237305
3395279009.0,-0.2716691195964813,4.280499458312988,10.003621101379396,2.068620443344116,2.2976887226104736,31.003536224365234
3395287342.0,-0.34610116481781,3.906901836395264,10.177545547485352,1.5346908569335938,1.4168652296066284,30.919878005981445
3395295675.0,-0.5528358817100525,4.063901901245117,9.519942283630373,1.3704780340194702,1.4660704135894775,30.82728385925293
3395304008.0,-0.3573023080825805,3.833820581436157,10.00739860534668,1.1289100646972656,1.6796422004699707,30.890501022338867
3395312341.0,-0.395918995141983,4.162117004394531,9.76389217376709,0.9816536903381348,1.4176851511001587,30.871700286865234
3395320674.0,-0.2090548872947693,3.860250949859619,9.85738468170166,0.9946144223213196,1.253907561302185,30.834943771362305
3395329007.0,-0.4508163332939148,3.5568368434906006,9.581599235534668,0.640804648399353,1.2409722805023191,30.85894203186035
3395337340.0,-0.4862047731876373,3.5683846473693848,9.441766738891602,0.8087316751480103,1.9581201076507568,30.905405044555664
3395345673.0,-0.1083786785602569,3.343053102493286,10.023046493530272,1.0657196044921875,1.0948431491851809,30.811222076416016
3395354006.0,-0.1023725792765617,3.576167106628418,9.531094551086426,0.9919248819351196,0.6242578625679016,30.68819999694824
3395362339.0,-0.1321590095758438,3.399744033813477,9.45675277709961,1.180599570274353,1.607486605644226,30.8579216003418
3395370672.0,-0.2974765002727508,3.4870924949646,9.678595542907717,1.3930442333221436,1.9502311944961548,30.77364921569824
3395379005.0,-0.160668596625328,3.479051113128662,10.048206329345703,1.585893988609314,1.668576955795288,30.73192405700684
3395387338.0,-0.0800631567835807,3.2939558029174805,9.995981216430664,1.449164867401123,0.8315283060073853,30.79531478881836
3395395671.0,-0.1274065226316452,3.5380024909973145,9.322861671447754,1.632639765739441,1.4285197257995603,30.80927276611328
3395404004.0,-0.0070255659520626,3.341670274734497,9.734551429748535,1.865755200386048,1.9676486253738403,30.867673873901367
3395412337.0,-0.1785303205251693,3.358438968658448,9.799677848815918,1.6863787174224854,1.5865086317062378,30.99720573425293
3395420670.0,-0.1074913740158081,3.199174642562866,9.630066871643066,1.6001611948013306,1.581437110900879,31.12530517578125
3395429003.0,-0.0644620582461357,3.3327860832214355,9.873713493347168,1.950256586074829,1.4609476327896118,31.03002166748047
3395437336.0,-0.0498154796659946,3.6315665245056152,9.665122032165527,1.819546818733216,1.932301044464112,31.149736404418945
3395445669.0,-0.0129350759088993,3.2839608192443848,9.899821281433104,1.7298461198806765,1.8615546226501465,31.201509475708008
3395454002.0,-0.206094890832901,3.6324172019958496,9.775394439697266,1.6825621128082275,1.9400622844696045,31.182859420776367
3395462335.0,0.0435935482382774,3.4669628143310547,10.063048362731934,1.6219587326049805,1.9492322206497192,31.25235366821289
3395470668.0,-0.0758494362235069,3.5990869998931885,9.834283828735352,1.7210091352462769,1.6037213802337646,31.02274703979492
3395479001.0,-0.1403147131204605,3.581646680831909,9.646859169006348,1.611943602561951,2.382395029067993,31.139726638793945
3395487334.0,0.0374986827373504,3.368032455444336,10.017125129699709,1.6363283395767212,2.089649677276612,31.004356384277344
3395495667.0,-0.0142941335216164,3.66286873817444,9.626407623291016,1.535126566886902,1.6835355758666992,31.10532760620117
3395504000.0,0.0564529821276664,3.383551836013794,9.684399604797363,1.6615842580795288,2.263826847076416,31.0139389038086
3395512333.0,-0.231500819325447,3.5854671001434326,9.657403945922852,1.6724189519882202,2.478013038635254,30.983402252197266
3395520666.0,-0.1380208283662796,3.448622703552246,9.897052764892578,1.832303047180176,2.493714570999145,30.972517013549805
3395528999.0,-0.1297726929187774,3.329339504241944,10.044264793395996,1.7114036083221436,1.645498275756836,30.863296508789062
3395537332.0,-0.1790083795785904,3.697139024734497,9.544407844543455,1.6881203651428225,2.187803030014038,30.5528507232666
3395545665.0,0.014760878868401,3.508062601089477,10.027605056762695,1.8534348011016848,2.431138515472412,30.576595306396484
3395553998.0,-0.2164395153522491,3.772077798843384,9.987160682678224,1.8222622871398928,2.1787869930267334,30.403289794921875
3395562331.0,-0.0147831235080957,3.38935661315918,10.077547073364258,1.64788019657135,2.1462056636810303,30.385278701782227
3395570664.0,-0.2164299041032791,3.610851287841797,9.76806640625,1.672649383544922,1.983606457710266,30.269506454467773
3395578997.0,-0.1288145929574966,3.677856922149658,9.763951301574709,1.704461932182312,2.528088331222534,30.34596061706543
3395587330.0,-0.2119798362255096,3.658796787261963,9.976770401000977,1.6387615203857422,1.9267170429229736,30.221784591674805
3395595663.0,-0.260526567697525,3.760574579238892,9.702167510986328,1.3749860525131226,1.9777406454086304,30.03959274291992
3395603996.0,-0.1951360553503036,3.5495314598083496,9.791502952575684,1.4560552835464478,1.9750769138336184,30.03923416137696
3395612329.0,-0.4076921939849853,3.5642807483673096,9.66231632232666,1.3284448385238647,1.921619772911072,30.00219345092773
3395620662.0,-0.1771133840084076,3.4011802673339844,9.845020294189451,1.2891526222229004,2.0347580909729004,30.00519180297852
3395628995.0,-0.1349257081747055,3.5639302730560303,9.986981391906738,1.3730905055999756,1.329085111618042,29.77909278869629
3395637328.0,-0.0657893344759941,3.737107276916504,9.76693058013916,1.3059042692184448,1.600135326385498,29.70957565307617
3395645661.0,-0.0409493409097194,3.482419013977051,10.03066062927246,1.2184829711914062,1.852717638015747,29.54948806762696
3395653994.0,-0.0866252183914184,3.6355466842651367,10.01687717437744,1.1434332132339478,1.786018133163452,29.55929946899414
3395662327.0,0.0717656686902046,3.671909093856812,10.026268005371094,1.2358492612838743,1.392582893371582,29.528533935546875
3395670660.0,0.0424471795558929,3.960280179977417,9.65084457397461,1.0354689359664917,1.3010120391845703,29.358556747436523
3395678993.0,0.0482193380594253,3.948178768157959,9.696345329284668,0.664036750793457,2.030070304870605,29.327333450317383
3395687326.0,-0.1825205385684967,3.702091693878174,10.04040813446045,0.1433501839637756,2.04292893409729,29.296112060546875
3395695659.0,-0.3017678558826446,3.7328176498413086,9.947117805480955,-0.0678009316325187,1.9728482961654663,29.246904373168945
3395703992.0,-0.0288116671144962,3.6358582973480233,9.97027587890625,0.0757285356521606,1.1324189901351929,29.091169357299805
3395712325.0,-0.0101609528064727,3.5416746139526367,9.685070037841797,-0.3575237095355987,0.9905672073364258,29.06501579284668
3395720658.0,0.1809867471456527,2.9682185649871826,9.604910850524902,-0.3100861608982086,1.5446290969848633,29.063432693481445
3395728991.0,0.0184764303267002,3.1218531131744385,9.620280265808104,-0.1782496273517608,1.629719853401184,28.86797332763672
3395737324.0,0.1113822311162948,3.274603366851806,9.719429969787598,0.0098230671137571,1.6243152618408203,28.869020462036133
3395745657.0,-0.0355173386633396,3.5036303997039795,9.499588012695312,-0.1147774755954742,1.066154956817627,28.603116989135746
3395753990.0,0.1794227957725525,3.542731046676636,9.505690574645996,-0.2524284124374389,1.5036206245422363,28.456344604492188
3395762323.0,0.13466876745224,3.5072832107543945,9.897994041442873,-0.3615196049213409,1.4072600603103638,28.3947982788086
3395770656.0,-0.2868573069572449,3.645854949951172,9.64521598815918,-0.6664572358131409,1.921056032180786,28.2333984375
3395778989.0,-0.0873827785253524,3.391573190689087,9.956433296203612,-0.5215829610824585,1.4831804037094116,28.25950050354004
3395787322.0,0.0441032499074935,3.5469768047332764,9.76163101196289,-0.809231162071228,0.4603265821933746,27.983253479003903
3395795655.0,0.4598757624626159,3.100233793258667,9.53208351135254,-1.0612753629684448,0.6629608869552612,27.983863830566406
3395803988.0,0.3563908338546753,2.987260103225708,9.457924842834473,-1.0309481620788574,1.5433229207992554,27.87270164489746
3395812321.0,0.2706802785396576,3.0728626251220703,9.54518985748291,-0.6574409604072571,2.37947416305542,27.71765518188477
3395820654.0,0.3025912344455719,2.9042065143585205,10.187710762023926,-0.7692471146583557,1.5161458253860474,27.344247817993164
3395828987.0,0.159198060631752,3.075667142868042,9.309483528137209,-1.0066145658493042,1.048352837562561,27.19371795654297
3395837320.0,0.3053979873657226,2.947093725204468,9.622053146362305,-0.582852303981781,1.6983401775360107,27.02097511291504
3395845653.0,-0.0247725397348403,3.0144827365875244,9.629803657531738,-0.7770340442657471,1.891830563545227,26.951152801513672
3395853986.0,0.1406981796026229,2.980806350708008,9.68141269683838,-0.6005773544311523,1.7406290769577026,26.77059364318848
3395862319.0,0.1695501059293747,2.7702200412750244,9.81964111328125,-0.8178631067276001,0.8671833872795105,26.490812301635746
3395870652.0,0.295266181230545,2.748892545700073,9.292810440063477,-0.7162512540817261,1.1006827354431152,26.378387451171875
3395878985.0,0.3567129671573639,2.558055877685547,9.499905586242676,-0.4888991415500641,1.5040814876556396,26.208051681518555
3395887318.0,0.1652808487415313,2.464015245437622,9.558846473693848,-0.4561897814273834,1.6611994504928589,25.9229679107666
3395895651.0,0.2798352241516113,2.4746618270874023,9.71324348449707,-0.3378775417804718,1.4956799745559692,25.73042106628418
3395903984.0,0.1914673149585724,2.7193970680236816,9.617331504821776,-0.2190274447202682,1.4473203420639038,25.315166473388672
3395912317.0,0.3072203993797302,2.593088388442993,9.690515518188477,-0.0516639426350593,1.8657292127609253,25.268598556518555
3395920650.0,0.1675656735897064,2.671143054962158,9.873104095458984,-0.4716863632202148,1.8283065557479856,24.974699020385746
3395928983.0,0.2408977001905441,2.689584732055664,9.950815200805664,-0.4186649024486542,2.0017921924591064,24.77116775512696
3395937316.0,0.3568504452705383,2.5702717304229736,10.117121696472168,-0.4003762900829315,1.438406467437744,24.53889846801757
3395945649.0,0.3899184465408325,2.553293466567993,9.687368392944336,-0.4027328789234161,1.4649429321289062,24.33124542236328
3395953982.0,0.553245484828949,2.2184669971466064,9.90488052368164,-0.4843398332595825,1.6547187566757202,24.22250938415528
3395962315.0,0.1669911742210388,2.2350542545318604,9.717708587646484,-0.548708438873291,2.0851404666900635,24.042953491210938
3395970648.0,0.42432701587677,2.2134454250335693,10.09034538269043,-0.4120051860809326,2.0568368434906006,23.839319229125977
3395978981.0,0.2562600672245025,2.1535868644714355,10.19869899749756,-0.5756545662879944,1.4653270244598389,23.55577087402344
3395987314.0,0.3032799065113067,2.1588573455810547,9.642586708068848,-0.7435047626495361,1.9800710678100584,23.325164794921875
3395995647.0,0.3972935676574707,2.107876300811768,10.062807083129885,-0.5216597318649292,2.245152711868286,23.174299240112305
3396003980.0,-0.0035034324973821,1.934832572937012,9.939971923828123,-0.7789293527603149,2.223227262496948,23.022994995117188
3396012313.0,0.3326843976974487,1.7105332612991333,10.015697479248049,-0.2388016134500503,2.098024368286133,22.698869705200195
3396020646.0,0.3386148512363434,1.6691702604293823,9.856606483459473,0.047501616179943,1.522420883178711,22.449615478515625
3396028979.0,0.4953682124614715,1.6282432079315186,9.541848182678224,0.2680146396160126,1.8737716674804688,22.31934356689453
3396037312.0,0.0943669751286506,1.647603154182434,9.656024932861328,0.5338648557662964,2.310519933700561,22.11171531677246
3396045645.0,0.0312112439423799,1.7470422983169556,9.980672836303713,0.6308660507202148,2.837020874023437,21.89570999145508
3396053978.0,0.201196014881134,1.9100314378738403,10.441590309143066,0.7899304628372192,1.642526149749756,21.537982940673828
3396062311.0,0.1372033953666687,2.102586030960083,9.852981567382812,0.5831467509269714,1.5158382654190063,21.284223556518555
3396070644.0,0.2928404808044433,2.0261123180389404,10.027606010437012,0.8770188689231873,2.016289234161377,21.137296676635746
3396078977.0,0.0064236223697662,2.1865220069885254,10.107150077819824,0.7465143203735352,2.1050424575805664,20.83279609680176
3396087310.0,0.2449856251478195,1.8489339351654053,10.437906265258787,0.9370587468147278,1.7220330238342283,20.684797286987305
3396095643.0,0.1414214819669723,1.9248071908950808,10.039669036865234,0.9315515756607056,1.067793846130371,20.29422950744629
3396103976.0,0.2491431683301925,1.808861255645752,9.881839752197266,1.240408182144165,1.5970350503921509,20.25421905517578
3396112309.0,0.2272179424762725,1.7204724550247192,10.073665618896484,1.2846440076828003,1.6136845350265503,20.091466903686523
3396120642.0,-0.0315421074628829,1.9863979816436768,9.968950271606444,1.232467770576477,1.7584818601608276,19.892213821411133
3396128975.0,0.1563549935817718,1.70343279838562,10.120795249938965,1.4462698698043823,1.3941192626953125,19.629539489746094
3396137308.0,-0.0090041924268007,1.840941786766052,9.802663803100586,1.6164252758026123,1.0241727828979492,19.403289794921875
3396145641.0,0.1364092379808426,1.6440364122390747,9.683921813964844,1.7589941024780271,1.2247577905654907,19.168481826782227
3396153974.0,-0.0495916008949279,2.043585062026977,9.786026000976562,1.7314331531524658,0.9756081104278564,18.919204711914062
3396162307.0,-0.0138022676110267,2.080820083618164,9.9269380569458,1.8369383811950684,1.1920740604400637,18.72172164916992
3396170640.0,0.0473369024693965,2.105297803878784,10.031675338745115,1.741320252418518,0.4450858831405639,18.592086791992188
3396178973.0,0.0542895942926406,2.117575168609619,9.687111854553224,1.6744413375854492,0.4012598693370819,18.280691146850582
3396187306.0,0.23312808573246,1.865696787834168,9.645915985107422,1.6335865259170532,0.3737245202064514,18.25922584533692
3396195639.0,0.0831411406397819,1.9244214296340945,9.764832496643066,1.5092806816101074,0.5808412432670593,18.090633392333984
3396203972.0,0.2833967804908752,1.8944478034973145,9.91409683227539,1.5973169803619385,0.2841260135173797,17.938127517700195
3396212305.0,-0.0672971755266189,2.010606050491333,9.834427833557127,1.4848958253860474,-0.2051444500684738,17.64299774169922
3396220638.0,0.045277465134859,1.7219443321228027,9.692878723144531,1.4135345220565796,0.2763648331165313,17.534624099731445
3396228971.0,0.1655011475086212,1.7326821088790894,10.135740280151367,1.234747290611267,-0.3928712606430053,17.353483200073242
3396237304.0,0.2142260670661926,1.9567155838012693,9.73974323272705,1.0386446714401243,-0.5320334434509277,17.10243797302246
3396245637.0,0.3796098232269287,1.8069438934326167,9.77480411529541,1.083751201629639,-0.2595490515232086,16.886428833007812
3396253970.0,0.1719866544008255,2.027117729187012,9.657160758972168,1.0930235385894775,-0.2188736498355865,16.753826141357422
3396262303.0,0.4712230563163757,1.5807011127471924,9.993443489074709,0.671771764755249,-0.4678184390068054,16.759870529174805
3396270636.0,0.3339190185070038,1.877597093582153,9.79232406616211,0.5413185358047485,-0.9681415557861328,16.384597778320312
3396278969.0,0.2140493243932724,1.8534940481185915,9.46962070465088,0.7185690402984619,0.2297213226556778,16.392127990722656
3396287302.0,0.2123591154813766,1.424275279045105,10.004215240478516,0.8995336890220642,-0.0255630109459161,16.188982009887695
3396295635.0,0.0603996962308883,1.1988463401794434,9.829349517822266,0.6453635692596436,-0.4839810729026794,16.034910202026367
3396303968.0,0.3459100127220154,0.993882417678833,9.845861434936523,0.9294511079788208,-0.9876594543457032,15.88368320465088
3396312301.0,0.3134260773658752,1.4133864641189575,9.56884765625,1.0026822090148926,-0.9594069123268129,15.455951690673828
3396320634.0,0.3894892036914825,1.487617254257202,9.685617446899414,1.0262727737426758,-0.2527357041835785,15.328110694885254
3396328967.0,0.3112955093383789,1.6409320831298828,9.954794883728027,0.8719215393066406,-0.5166904926300049,15.00734519958496
3396337300.0,0.3874250054359436,1.6797841787338257,10.06813621520996,0.6740259528160095,-0.2869307398796081,14.934191703796388
3396345633.0,0.6127082109451294,1.50105881690979,10.096847534179688,0.8507384657859802,-0.7420188188552856,14.718287467956545
3396353966.0,0.5179353952407837,1.5155800580978394,9.73924732208252,0.9045795798301696,-0.357958972454071,14.586654663085938
3396362299.0,0.6801615357398987,1.1311280727386477,9.827069282531738,1.1532937288284302,-0.2605736255645752,14.659553527832031
3396370632.0,0.281606525182724,1.1693317890167236,9.644054412841797,0.9102147221565248,-0.1681062281131744,14.331844329833984
3396378965.0,0.4756792187690735,1.148540735244751,9.885889053344728,1.2287023067474363,0.2029288113117218,14.09017562866211
3396387298.0,0.5716305375099182,1.2393522262573242,10.102622985839844,1.3169690370559692,-0.5022441148757935,13.796919822692873
3396395631.0,0.6448882222175598,1.177729845046997,9.730380058288574,1.222810983657837,-0.1290189325809478,13.585600852966309
3396403964.0,0.6504361033439636,1.0443953275680542,9.860441207885742,1.5001875162124634,0.212124302983284,13.407759666442873
3396412297.0,0.4554641246795654,1.2961496114730835,9.838393211364746,1.4248048067092896,0.8175936937332153,13.18842601776123
3396420630.0,0.6427299380302429,1.2746264934539795,10.285261154174805,1.7188308238983154,0.5552014112472534,12.927698135375977
3396428963.0,0.4835791885852813,1.5227253437042236,10.101829528808594,1.5465493202209473,0.1660699248313903,12.669891357421877
3396437296.0,0.7710627913475037,1.448869705200195,10.113361358642578,1.693575143814087,0.5884743928909302,12.543561935424805
3396445629.0,0.6982883810997009,1.6000114679336548,10.17487621307373,1.5124567747116089,0.4223147332668304,12.364542961120604
3396453962.0,0.5837364792823792,1.4060395956039429,9.963425636291504,1.2687371969223022,1.254085898399353,12.299201011657717
3396462295.0,0.5652791261672974,1.2316293716430664,10.090984344482422,1.0723273754119873,0.9047333002090454,11.98765468597412
3396470628.0,0.3197414577007293,0.8874980807304382,9.869000434875488,1.0136706829071045,1.3774696588516235,11.943086624145508
3396478961.0,0.60197514295578,0.5811381936073303,10.072405815124512,1.109749674797058,1.0887459516525269,11.680027961730955
3396487294.0,0.3709627985954284,0.9085822105407716,9.989262580871582,1.319018006324768,0.9350605010986328,11.296608924865724
3396495627.0,0.4399679899215698,0.8256130218505859,10.00441551208496,1.346015214920044,1.2915083169937134,11.096099853515623
3396503960.0,0.3535105288028717,0.9521770477294922,10.20044994354248,1.4883537292480469,1.3034957647323608,10.927328109741213
3396512293.0,0.7112186551094055,1.001729130744934,10.320408821105955,1.417453408241272,0.9208702445030212,10.89833164215088
3396520626.0,0.8248248100280762,1.301765203475952,10.11443328857422,1.3466044664382937,0.3414506316184997,10.696441650390623
3396528959.0,0.6450731158256531,1.4688633680343628,9.730149269104004,0.9357008934020996,1.6900659799575806,10.467065811157228
3396537292.0,0.3900046348571777,1.2620452642440796,10.04150390625,1.0161553621292114,2.478651285171509,10.49132251739502
3396545625.0,0.0102685308083891,0.9348706007003784,10.379366874694824,0.577613890171051,2.0674915313720703,10.36476230621338
3396553958.0,0.0984775424003601,0.6906944513320923,10.333718299865724,0.3277469873428345,1.0196387767791748,10.044354438781738
3396562291.0,0.1431503295898437,0.8349844217300415,9.925048828125,0.6259479522705078,0.7071706652641296,9.865310668945312
3396570624.0,0.4532655775547027,0.6021413803100586,9.809134483337402,0.6923912167549133,1.2261149883270264,9.716670989990234
3396578957.0,0.4559966027736664,0.4946928918361664,9.955039024353027,0.7164942622184753,1.1078797578811646,9.363348960876465
3396587290.0,0.4582420587539673,0.5774835348129272,9.868950843811035,0.742723286151886,1.4049025774002075,9.185483932495115
3396595623.0,0.7853088974952698,0.6801065802574158,9.980527877807615,1.0834695100784302,0.9715096950531006,8.98289966583252
3396603956.0,0.4985199272632599,0.7405473589897156,9.583864212036133,1.1006053686141968,1.3947081565856934,8.946528434753418
3396612289.0,0.4425858855247497,0.334138959646225,9.725849151611328,1.3565940856933594,1.881685972213745,8.935027122497559
3396620622.0,-0.1482209861278534,0.4173233807086944,10.056906700134276,1.5002386569976809,1.819597005844116,8.697531700134277
3396628955.0,-0.1128969341516494,0.3830311596393585,10.185653686523438,1.841343641281128,1.628899097442627,8.69986343383789
3396637288.0,0.2648578882217407,0.6173741221427917,10.101051330566406,2.18298602104187,0.0991911366581916,8.385396957397461
3396645621.0,0.6036203503608704,0.2903467714786529,9.658483505249023,2.046308279037476,0.1687593758106231,8.288369178771973
3396653954.0,0.4799553155899048,0.175260916352272,9.242863655090332,2.3071892261505127,0.7361658811569214,8.10906982421875
3396662287.0,0.2659572064876556,0.3305254280567169,9.618837356567385,2.563255071640014,2.0252535343170166,8.053231239318848
3396670620.0,0.4099200069904327,0.4985509812831878,10.149951934814451,3.013322591781616,1.1745535135269165,7.746423244476318
3396678953.0,0.1525241434574127,0.8198521137237549,10.2488431930542,2.636460781097412,0.5597607493400574,7.576858520507812
3396687286.0,0.311482310295105,0.9875876307487488,10.062443733215332,2.514998197555542,1.119892954826355,7.545890808105469
3396695619.0,0.0651988536119461,1.2211071252822876,10.26792335510254,2.8364055156707764,1.125938057899475,7.345946311950684
3396703952.0,0.0979055687785148,0.8708545565605164,10.366756439208984,2.4813666343688965,0.934368908405304,7.329347133636475
3396712285.0,0.1844842731952667,0.5495651364326477,10.073654174804688,2.0887768268585205,-0.4190745055675506,7.156348705291748
3396720618.0,0.1846444308757782,0.6353238224983215,9.694551467895508,2.136803388595581,0.0955282896757125,7.138289928436279
3396728951.0,0.3100095689296722,0.6916662454605103,9.755570411682127,2.221970796585083,0.4332520067691803,6.806919574737549
3396737284.0,0.0978401005268096,0.8619182705879211,9.988120079040527,1.8789197206497192,0.592418909072876,6.707459926605225
3396745617.0,0.157755434513092,0.457084059715271,10.224990844726562,1.5338443517684937,0.2525947690010071,6.499983310699463
3396753950.0,0.107369340956211,0.6184029579162598,10.089459419250488,1.4266746044158936,-0.2726635634899139,6.3021392822265625
3396762283.0,0.3892540633678436,0.2775327265262604,9.779837608337402,1.9377039670944207,-0.0964632108807563,6.2761664390563965
3396770616.0,0.3238290846347809,0.2170569151639938,9.908038139343262,1.8706202507019043,-0.4048841893672943,6.138258934020996
3396778949.0,0.167514368891716,0.504173219203949,9.802270889282228,1.7324315309524536,-0.0746911168098449,6.049685478210449
3396787282.0,0.3021327257156372,0.7485154271125793,10.058830261230469,1.8233110904693604,-0.2594465911388397,5.78009557723999
3396795615.0,0.3479261100292206,0.6571170091629028,9.898608207702637,1.83655333518982,-0.2262249141931533,5.664011955261231
3396803948.0,0.4105515480041504,-0.0010978367645293,9.864212036132812,1.7019250392913818,-0.3117252290248871,5.668954849243164
3396812281.0,0.0466723591089248,-0.0705270916223526,9.730620384216309,1.6780014038085938,-0.2858548760414123,5.476644039154053
3396820614.0,0.1178321465849876,-0.164383202791214,9.83424472808838,2.240976572036743,-0.3448444306850433,5.3570756912231445
3396828947.0,0.2571927011013031,-0.0071236202493309,10.051141738891602,2.5335676670074463,-1.0358140468597412,4.912874221801758
3396837280.0,0.4852958023548126,0.0093991924077272,10.027928352355955,2.326784610748291,-1.0019007921218872,4.817256450653076
3396845613.0,0.5576420426368713,0.3745644092559814,10.08272647857666,2.3465585708618164,-0.7428897023200989,4.743743419647217
3396853946.0,0.616247832775116,0.5211610198020935,9.95078182220459,2.6527767181396484,-0.0132681727409362,4.730782508850098
3396862279.0,0.5122966170310974,0.2142788171768188,10.301733016967772,2.737611055374145,-0.17768594622612,4.5545573234558105
3396870612.0,0.2047569304704666,0.2839290499687195,9.953132629394531,2.501703977584839,-0.1277637928724289,4.583858966827393
3396878945.0,0.1757344156503677,0.2202023416757583,10.077363967895508,2.688636541366577,-0.1847298443317413,4.389062881469727
3396887278.0,0.0969382598996162,0.3258679807186126,9.874933242797852,2.862096309661865,-0.4106217920780182,4.282405853271484
3396895611.0,0.3712646663188934,0.1196115016937255,9.80008602142334,2.8827157020568848,-0.9816144108772278,4.17725944519043
3396903944.0,0.4053939878940582,0.0081339459866285,9.83052921295166,2.8034653663635254,-1.1652685403823853,4.088224411010742
3396912277.0,0.6232621669769287,0.2505026161670685,9.547719955444336,2.9596354961395264,-0.4671780467033386,4.012508869171143
3396920610.0,0.5401430726051331,0.2899296283721924,9.983708381652832,3.3553497791290283,-0.2949479222297668,3.7211976051330566
3396928943.0,0.3656286299228668,0.4025670886039734,10.060667037963867,3.218287944793701,0.1186067163944244,3.6559066772460938
3396937276.0,0.4026155769824981,0.6394993662834167,10.275516510009766,3.107019662857056,0.0069286511279642,3.580345392227173
3396945609.0,0.2681956589221954,0.8733083009719849,10.16183090209961,3.077998876571656,-0.2236378937959671,3.498891830444336
3396953942.0,0.3648918569087982,0.4567548036575317,10.071032524108888,2.851491928100586,-0.4780897200107574,3.433652400970459
3396962275.0,0.3358319997787475,0.2801332175731659,9.764512062072754,2.587127685546875,-0.5403835773468018,3.3382647037506104
3396970608.0,0.8175268769264221,0.3799737095832824,9.84010124206543,2.5240395069122314,-0.4265794456005096,3.225331544876098
3396978941.0,0.7950994968414307,0.4976067841053009,9.685110092163086,2.4602341651916504,-0.6471691727638245,3.096466064453125
3396987274.0,0.7241200804710388,0.5577205419540405,9.555343627929688,2.3089311122894287,0.6171877384185791,3.064192056655884
3396995607.0,0.3794980645179748,0.2780856192111969,10.082608222961426,2.170844793319702,0.9716119170188904,3.105226516723633
3397003940.0,0.2495271414518356,0.3188700973987579,10.027871131896973,2.0403146743774414,0.3750564157962799,2.9412953853607178
3397012273.0,0.6133223176002502,0.0494132004678249,10.231525421142578,2.12066650390625,-0.3921539485454559,2.7898643016815186
3397020606.0,0.6538516283035278,0.2668050825595855,9.855318069458008,2.150327682495117,-0.1708981692790985,2.654594898223877
3397028939.0,0.6881784796714783,0.3390408456325531,9.83349323272705,2.0582191944122314,0.8694624304771423,2.7501108646392822
3397037272.0,0.5501719117164612,0.4927701354026794,9.99437141418457,2.109242677688598,0.9326271414756776,2.441587209701538
3397045605.0,0.7078544497489929,0.2388478368520736,9.818178176879885,1.9888559579849243,0.5306373238563538,2.451013326644897
3397053938.0,0.788211464881897,0.0235838778316974,9.880974769592283,1.7483123540878296,0.2816413044929504,2.4347994327545166
3397062271.0,0.669503390789032,-0.0572635717689991,9.668652534484863,1.7643980979919434,1.215356945991516,2.307317018508911
3397070604.0,0.3894258439540863,0.186943233013153,10.070066452026367,2.089750289916992,1.5983924865722656,2.3079323768615723
3397078937.0,0.4483554363250732,0.3853859603404999,10.415781021118164,1.9955666065216064,1.3828483819961548,2.2290914058685303
3397087270.0,0.7774869799613953,0.3568628430366516,10.244356155395508,1.686684489250183,0.5307653546333313,2.140543222427368
3397095603.0,0.845710039138794,0.1757290959358215,9.867591857910156,1.5706264972686768,1.1802399158477783,2.033782958984375
3397103936.0,0.8475210666656494,-0.3673278987407684,9.862508773803713,1.91324245929718,2.0056843757629395,2.116261005401612
3397112269.0,0.4417812526226043,-0.3211356401443481,9.856437683105469,2.079453468322754,1.99582314491272,2.1410558223724365
3397120602.0,0.3574601709842682,-0.1236037462949752,9.896273612976074,2.31057071685791,1.698902606964111,2.12781310081482
3397128935.0,0.4538715779781341,-0.0196561682969331,9.811348915100098,2.259598016738892,1.3847439289093018,2.0001516342163086
3397137268.0,0.5157188773155212,-0.0261063445359468,9.438050270080566,2.381086587905884,1.844698786735535,2.1268138885498047
3397145601.0,0.3448933959007263,-0.388867437839508,9.66751480102539,2.5257554054260254,2.202811479568481,2.0292489528656006
3397153934.0,0.0551911033689975,-0.2535942792892456,9.623494148254396,2.75333833694458,2.445711135864258,2.0648021697998047
3397162267.0,0.2572568356990814,-0.2092235088348388,10.187142372131348,3.097618818283081,1.920516848564148,1.9195947647094729
3397170600.0,0.503000795841217,0.0127479210495948,10.161295890808104,3.193621158599853,1.5920398235321045,1.74124276638031
3397178933.0,0.5540337562561035,-0.0281090214848518,10.153643608093262,3.387803077697754,2.028839588165283,1.7140406370162964
3397187266.0,0.3182037770748138,0.0622289553284645,10.143380165100098,3.3520712852478027,2.5384349822998047,1.8044589757919312
3397195599.0,0.2790858149528503,0.0211129952222108,10.15260887145996,3.413417100906372,2.417843103408813,1.722544550895691
3397203932.0,0.1847970485687255,0.1240303590893745,10.026311874389648,3.3653643131256104,1.7171140909194946,1.5775164365768433
3397212265.0,0.2651016116142273,0.0418501570820808,9.83963680267334,3.192084312438965,1.9654697179794312,1.672852873802185
3397220598.0,0.1894692629575729,0.0290031917393207,9.99787425994873,3.2318379878997803,2.2873897552490234,1.4869449138641355
3397228931.0,0.0979613065719604,0.0962960422039032,10.146126747131348,3.132045030593872,2.6883294582366943,1.506206750869751
3397237264.0,0.0360450036823749,-0.0294629428535699,10.328347206115724,3.091932535171509,2.269331455230713,1.5541051626205444
3397245597.0,-0.0549202561378479,0.1846130639314651,9.96701717376709,3.0181379318237305,1.7925738096237185,1.486688494682312
3397253930.0,0.1242487132549285,-0.1023452579975128,10.083208084106444,2.921725988388061,1.8006677627563477,1.3723466396331787
3397262263.0,0.0892538726329803,-0.0417581833899021,10.002361297607422,2.6997530460357666,1.9010756015777588,1.1734521389007568
3397270596.0,0.0935786217451095,0.2030900418758392,10.067182540893556,2.715301275253296,2.079709529876709,1.2344396114349363
3397278929.0,-0.092964306473732,0.2875224947929382,9.906034469604492,2.738200426101685,1.7829686403274536,0.9581902027130128
3397287262.0,-0.1216085851192474,0.1786636412143707,10.005548477172852,2.538127422332764,1.9071719646453853,1.082034945487976
3397295595.0,-0.1049111858010292,-0.1860336363315582,9.95296573638916,2.1876220703125,1.497805118560791,0.9861096143722534
3397303928.0,-0.397797167301178,-0.2883280813694,9.823394775390623,2.259239673614502,2.048050165176392,0.904758870601654
3397312261.0,-0.1913441121578216,-0.3136079907417297,9.88812255859375,2.983020782470703,1.4657871723175049,0.7877785563468933
3397320594.0,-0.2899605333805084,-0.2238600403070449,9.786051750183104,2.811200857162476,0.5069698095321655,0.5575578808784485
3397328927.0,-0.0389205925166606,-0.2124636620283126,9.704764366149902,2.551011323928833,0.7776610851287842,0.5443665385246277
3397337260.0,-0.0679458454251289,-0.053020142018795,9.641302108764648,2.77277946472168,1.0553193092346191,0.420572966337204
3397345593.0,-0.1250344067811966,-0.1870415955781936,9.882137298583984,3.0344033241271973,1.5701911449432373,0.3500057458877563
3397353926.0,-0.2850123643875122,-0.3181363046169281,9.864656448364258,3.0507707595825195,0.7374979257583618,0.2191426008939743
3397362259.0,-0.2470854222774505,-0.2119863927364349,9.693721771240234,2.8194739818573,0.7203618884086609,0.1526736468076706
3397370592.0,-0.0844510942697525,-0.2386333495378494,9.8211088180542,3.3058369159698486,0.4797930419445038,0.1361524611711502
3397378925.0,-0.3246592283248901,-0.3781082034111023,9.604477882385254,3.363981246948242,0.7997916340827942,0.0661743804812431
3397387258.0,-0.4818297624588012,-0.4626748859882355,9.814334869384766,3.501709461212158,0.8634687066078186,0.0959637388586998
3397395591.0,-0.5582250952720642,-0.1536169648170471,9.80986499786377,3.8208625316619873,0.1783647239208221,-0.0787125453352928
3397403924.0,-0.155239537358284,0.1330962628126144,9.900397300720217,3.682443141937256,-0.3503771126270294,-0.1695406138896942
3397412257.0,-0.1202195063233375,0.1912257075309753,9.885823249816896,3.602962493896485,-0.1518411785364151,-0.239877313375473
3397420590.0,-0.1968677788972854,0.3421254158020019,9.729133605957031,3.5241475105285645,0.7014330625534058,-0.2273519784212112
3397428923.0,-0.2771790623664856,0.2605130672454834,10.193023681640623,3.5263760089874268,0.2599204778671264,-0.3713552057743072
3397437256.0,-0.276470273733139,0.4119760692119598,9.840292930603027,3.037297487258911,-0.2134434431791305,-0.4473782479763031
3397445589.0,-0.0294060297310352,0.3277013003826141,9.927708625793455,2.810099124908448,-0.470302939414978,-0.4905638396739959
3397453922.0,-0.2254825085401535,0.3992840051651001,9.69170093536377,2.4793171882629395,0.1240881532430648,-0.4703285992145538
3397462255.0,-0.1532664149999618,0.2700844407081604,10.034820556640623,2.522169589996338,0.5650884509086609,-0.4165643453598022
3397470588.0,-0.2852554321289062,0.3051929771900177,10.146536827087402,2.3465840816497803,-0.3090869486331939,-0.5312392115592957
3397478921.0,-0.1238063424825668,0.234135091304779,9.913324356079102,1.864063024520874,-0.5778058767318726,-0.4502213597297668
3397487254.0,0.0146913239732384,0.069162406027317,9.76356601715088,1.8855020999908447,-0.5813918709754944,-0.5986558794975281
3397495587.0,0.1395223289728164,0.0248348917812109,9.75753402709961,1.6934211254119873,0.1812079101800918,-0.6170468926429749
3397503920.0,0.2058292776346206,-0.0849304795265197,10.01067066192627,1.7971843481063845,0.0257294997572898,-0.6796993613243103
3397512253.0,0.0441495031118392,0.2774620354175567,9.70089626312256,1.5821014642715454,-0.0198766440153121,-0.6397923231124878
3397520586.0,0.1583311408758163,0.1219827085733413,9.798836708068848,1.5800012350082395,0.1888409405946731,-0.638357937335968
3397528919.0,-0.1662106066942215,-0.0446981154382228,9.774310111999512,1.3253445625305176,0.3616345524787903,-0.6640233993530273
3397537252.0,-0.1522911787033081,-0.4425678551197052,9.968423843383787,1.3234747648239136,0.8093457818031311,-0.5853109359741211
3397545585.0,-0.2858490645885467,-0.4212237596511841,10.202550888061523,1.4903769493103027,0.2578456699848175,-0.5260395407676697
3397553918.0,-0.0690382346510887,-0.2635983228683471,9.852489471435549,1.8027684688568115,0.0362313352525234,-0.4675109684467315
3397562251.0,0.2283911556005478,-0.5155332684516907,10.073657035827637,2.054940223693848,-0.3191533386707306,-0.5960431694984436
3397570584.0,0.1992519497871399,-0.3469291925430298,9.68992805480957,1.7681890726089478,0.2416575103998184,-0.4712762832641601
3397578917.0,0.165633425116539,-0.4068757891654968,9.843761444091797,2.352245092391968,0.9214849472045898,-0.4942522943019867
3397587250.0,-0.1487390398979187,-0.2875649631023407,10.03006649017334,2.3447399139404297,0.8080138564109802,-0.4923312366008758
3397595583.0,-0.1113770976662635,-0.3766540288925171,10.026988983154297,2.408391237258911,0.460761696100235,-0.4532951712608337
3397603916.0,-0.157399520277977,-0.3107259273529053,9.949868202209473,2.34658432006836,0.3404515981674194,-0.4182292520999908
3397612249.0,-0.1564105600118637,-0.3190853595733642,10.03916358947754,2.652622938156128,1.0236600637435913,-0.357113629579544
3397620582.0,-0.2728496491909027,-0.4379023313522339,9.946903228759766,2.9401683807373047,0.7462067008018494,-0.2343446463346481
3397628915.0,-0.2658242285251617,-0.4998686909675598,10.005475044250488,3.129611015319824,0.5930335521697998,-0.0913403630256652
3397637248.0,-0.1263103783130645,-0.5454779267311096,9.933215141296388,3.3506879806518555,0.0458879023790359,-0.1565285921096801
3397645581.0,-0.006740640848875,-0.2912545800209045,9.804826736450195,3.530576229095459,0.6204919815063477,-0.2416190654039383
3397653914.0,0.0491243824362754,-0.191471055150032,10.116183280944824,3.996396780014038,0.7913901805877686,-0.2296059876680374
3397662247.0,-0.2889873683452606,-0.0086577301844954,10.072786331176758,3.69793963432312,0.9033499360084534,-0.152199774980545
3397670580.0,-0.2934001088142395,-0.0264895744621753,10.22943115234375,3.584826946258545,1.114334225654602,-0.1774041652679443
3397678913.0,-0.2902813851833343,-0.1198069751262664,10.253478050231934,3.634493112564087,0.374492883682251,-0.1993043422698974
3397687246.0,-0.2521824538707733,-0.1728182882070541,10.138869285583496,3.4637491703033447,0.5230043530464172,-0.1275845021009445
3397695579.0,-0.2810903489589691,-0.1734143495559692,10.005791664123535,3.563952207565308,0.5239008069038391,-0.2427461296319961
3397703912.0,-0.3038565218448639,0.2190820872783661,10.149418830871582,3.5671274662017822,1.0232757329940796,-0.2176184952259063
3397712245.0,-0.1477618664503097,0.1782276630401611,10.238150596618652,3.2892391681671143,0.6483347415924072,-0.0779953524470329
3397720578.0,-0.2404447346925735,0.2239115983247757,10.054570198059082,2.909226417541504,0.5399609208106995,-0.2693080902099609
3397728911.0,-0.0570588037371635,0.1078282222151756,10.14972972869873,2.8053863048553467,0.9994290471076964,-0.0135755436494946
3397737244.0,-0.1369247734546661,0.238505870103836,10.302087783813477,2.634462594985962,0.9057832956314088,-0.2725098431110382
3397745577.0,-0.2315970659255981,0.3715796768665313,10.109997749328612,2.3294734954833984,1.3113080263137815,-0.1899807751178741
3397753910.0,-0.3797682821750641,0.3858515620231628,9.978245735168455,2.3802669048309326,1.315559983253479,-0.3053216934204101
3397762243.0,-0.3811272084712982,0.143597200512886,10.039508819580078,1.9133960008621216,1.1213271617889404,-0.2968689799308777
3397770576.0,-0.4451215267181396,-0.2161294817924499,9.917916297912598,1.70809805393219,0.870281994342804,-0.3137487471103668
3397778909.0,-0.4817016422748565,-0.196966290473938,9.71640682220459,2.060678005218506,1.024069905281067,-0.2342677861452102
3397787242.0,-0.2538424730300903,-0.2229472994804382,9.904720306396484,2.532338380813598,0.8112412691116333,-0.3556024432182312
3397795575.0,-0.2816710770130157,-0.0862570255994796,9.7982816696167,2.289566993713379,0.5544841289520264,-0.4316767454147339
3397803908.0,-0.1008422896265983,0.0963422730565071,9.71560001373291,2.188159942626953,0.7419803142547607,-0.4296531677246094
3397812241.0,-0.2319488376379013,0.1605897843837738,9.761690139770508,2.213825464248657,0.9723547101020812,-0.6007818579673767
3397820574.0,-0.3476887941360473,-0.0665759667754173,9.87621784210205,2.095436811447144,1.3614606857299805,-0.6374103426933289
3397828907.0,-0.4858302474021911,-0.2727962136268616,9.882542610168455,2.2308590412139893,0.929118037223816,-0.4248376786708832
3397837240.0,-0.404060035943985,0.0840703472495079,9.75991153717041,2.349760055541992,0.6355531811714172,-0.6546486616134644
3397845573.0,-0.1611661314964294,-0.0104984622448682,9.664117813110352,2.520069360733032,0.2663240134716034,-0.5912277698516846
3397853906.0,-0.2668483555316925,0.023263394832611,9.381282806396484,2.478856086730957,0.7999709844589233,-0.5656648278236389
3397862239.0,-0.4221771657466888,-0.2136306464672088,9.689743995666504,2.474501609802246,1.168662190437317,-0.4800620377063751
3397870572.0,-0.633175790309906,-0.0222558081150054,9.652336120605469,2.605236768722534,0.8188230395317078,-0.5990912914276123
3397878905.0,-0.2772829234600067,0.1820291131734848,9.892160415649414,2.8714966773986816,0.3399649262428283,-0.645453155040741
3397887238.0,-0.177247405052185,0.143936738371849,10.009631156921388,2.5693511962890625,0.0392538197338581,-0.7171729803085327
3397895571.0,-0.2482786178588867,0.3729330599308014,9.770478248596191,2.485183000564575,1.2383331060409546,-0.690687894821167
3397903904.0,-0.3900587856769562,0.1542585045099258,10.259045600891112,2.7685019969940186,1.3580539226531982,-0.6449151635169983
3397912237.0,-0.4999746084213257,0.2024492621421814,10.05373477935791,2.302502155303955,0.8666704893112183,-0.6186094284057617
3397920570.0,-0.3482115268707275,0.0339025892317295,10.004396438598633,2.0936949253082275,0.481688529253006,-0.5335958003997803
3397928903.0,-0.4469377100467682,0.1169621795415878,9.803869247436523,2.07153844833374,0.7866259813308716,-0.5821859240531921
3397937236.0,-0.3067051768302917,0.0980938300490379,10.051019668579102,2.103069543838501,1.3004730939865112,-0.3975585103034973
3397945569.0,-0.4664795100688934,0.1026992797851562,10.162835121154783,2.029787063598633,0.7344497442245483,-0.4849286675453186
3397953902.0,-0.6345938444137573,0.2461488395929336,9.668066024780272,1.7484147548675537,1.0092904567718506,-0.4096740484237671
3397962235.0,-0.4549271464347839,0.0103782108053565,10.044528007507324,1.8296887874603271,0.7462066411972046,-0.3924356997013092
3397970568.0,-0.2377531081438064,-0.1180576086044311,10.002508163452148,1.4439128637313845,0.43527552485466,-0.4689197540283203
3397978901.0,-0.1878195255994796,-0.1662893593311309,10.029936790466309,1.3875359296798706,0.7705913782119751,-0.359367698431015
3397987234.0,-0.4940790235996246,0.1339751482009887,9.78802490234375,1.6776427030563354,1.557819366455078,-0.3920514583587646
3397995567.0,-0.4948583543300628,0.0448098815977573,10.083104133605955,1.6280279159545898,1.56056010723114,-0.3845721185207367
3398003900.0,-0.5010066032409668,-0.442138671875,10.150270462036133,1.3209388256072998,0.5865275263786316,-0.4139516353607178
3398012233.0,-0.4351218938827514,-0.4532041251659393,9.834020614624023,1.365302801132202,0.6300461292266846,-0.3084466159343719
3398020566.0,-0.4879724979400635,-0.3513044118881225,9.804762840270996,1.7814315557479858,1.1918175220489502,-0.2945124804973602
3398028899.0,-0.4606809914112091,-0.3009749948978424,9.93033504486084,1.9527908563613887,1.232313632965088,-0.304502010345459
3398037232.0,-0.2431154251098632,-0.4791129827499389,10.037196159362791,1.820339560508728,0.6708239912986755,-0.3557304739952087
3398045565.0,-0.3206759393215179,-0.0566616654396057,9.793500900268556,1.6549742221832275,0.670695960521698,-0.4363641440868377
3398053898.0,-0.3345136046409607,0.0269921198487281,9.666818618774414,2.080477714538574,1.5714974403381348,-0.2908240258693695
3398062231.0,-0.6226952075958252,-0.0672932192683219,9.973145484924316,2.135650873184204,1.7758477926254272,-0.4029119312763214
3398070564.0,-0.5875914096832275,-0.1606704890727996,10.030523300170898,1.7562273740768433,0.9911044239997864,-0.2723561823368072
3398078897.0,-0.4447232484817505,-0.2069098502397537,9.936060905456545,1.8272809982299805,0.3908860087394714,-0.3546546697616577
3398087230.0,-0.4756390750408172,-0.1873346865177154,9.52518081665039,2.054684400558472,1.1620794534683228,-0.2940002083778381
3398095563.0,-0.4701376855373382,-0.6494596004486084,9.76108741760254,2.481801748275757,1.4931179285049438,-0.2975349724292755
3398103896.0,-0.6496637463569641,-0.7345526218414307,9.67392921447754,2.459005117416382,0.867464542388916,-0.3007879853248596
3398112229.0,-0.7188665866851807,-0.477897047996521,9.586224555969238,2.8138649463653564,1.0186398029327393,-0.3055266141891479
3398120562.0,-0.675243616104126,-0.1253621727228164,9.696060180664062,3.2076070308685303,1.3307749032974243,-0.329245388507843
3398128895.0,-0.4984994530677795,0.0568581447005271,10.09795093536377,3.102818727493286,1.391787886619568,-0.2787085175514221
3398137228.0,-0.3327841460704803,-0.0816002413630485,10.210541725158691,3.036682844161988,0.6835030913352966,-0.409187376499176
3398145561.0,-0.5006025433540344,0.1401339620351791,9.805091857910156,2.9287188053131104,0.9863913655281068,-0.433444082736969
3398153894.0,-0.732002317905426,0.1130224838852882,9.84038257598877,3.1425466537475586,1.8007704019546509,-0.2610858976840973
3398162227.0,-0.7650205492973328,0.0246485453099012,10.030474662780762,2.845113754272461,1.4365103244781494,-0.2832165658473968
3398170560.0,-0.3668501079082489,-0.092522494494915,10.074755668640137,2.4925594329833984,0.1280839741230011,-0.3650028109550476
3398178893.0,-0.5512425303459167,-0.0147950528189539,9.443090438842772,2.4065470695495605,0.0671477243304252,-0.1715385317802429
3398187226.0,-0.6372317671775818,0.1908430457115173,9.543612480163574,2.6253182888031006,1.9673399925231927,-0.1093727946281433
3398195559.0,-0.7907554507255554,0.0976808816194534,10.193717956542969,2.594017744064331,1.378442883491516,-0.1687209755182266
3398203892.0,-0.7408120036125183,0.1682120710611343,10.166655540466309,1.9473350048065183,0.1349485963582992,-0.3134413957595825
3398212225.0,-0.4411893486976623,0.1168032810091972,9.793036460876465,1.7464936971664429,-0.0854490846395492,-0.2737393081188202
3398220558.0,-0.4827705323696136,0.2682859301567077,9.520155906677246,1.9019464254379272,1.0605957508087158,-0.3121606707572937
3398228891.0,-0.4873248040676117,0.0658014640212059,10.019776344299316,1.7944693565368652,1.7832247018814087,-0.1831674128770828
3398237224.0,-0.6046605110168457,-0.2091313600540161,10.064252853393556,1.6186275482177734,0.6323770880699158,-0.3961498141288757
3398245557.0,-0.4703779518604278,-0.2961205542087555,9.711301803588867,1.494398593902588,0.243296816945076,-0.3222783207893371
3398253890.0,-0.3761467337608337,-0.4051378965377807,9.696087837219238,1.7877840995788574,0.5453399419784546,-0.2245600223541259
3398262223.0,-0.53240966796875,-0.4199535250663757,9.634222030639648,1.869698166847229,1.2814161777496338,-0.2253284305334091
3398270556.0,-0.2304394096136093,-0.4530632495880127,9.989049911499023,2.316205739974976,0.9272225499153136,-0.3267608284950256
3398278889.0,-0.4212245643138885,-0.4204642474651336,9.9149169921875,2.1670026779174805,0.2651713490486145,-0.3473546504974365
3398287222.0,-0.619587242603302,-0.0630249753594398,9.463390350341797,2.041313886642456,1.4980870485305786,-0.417409598827362
3398295555.0,-0.5269777178764343,-0.1330351382493972,10.032057762145996,2.4630517959594727,1.8440582752227783,-0.3841622769832611
3398303888.0,-0.5935577154159546,-0.1500010192394256,10.082789421081545,2.321994543075561,1.009444236755371,-0.3244811594486236
3398312221.0,-0.5149222612380981,-0.4063142836093902,9.74541473388672,2.415050745010376,0.7350389361381531,-0.2945124804973602
3398320554.0,-0.4515396654605865,-0.2986386120319366,9.579681396484377,2.7691421508789062,0.9480724334716796,-0.2790158689022064
3398328887.0,-0.275573581457138,-0.3009214401245117,9.71200180053711,2.738302707672119,1.441223382949829,-0.165134996175766
3398337220.0,-0.2248062044382095,-0.5534170866012573,9.74062442779541,3.027845621109009,0.9522475600242616,-0.190467432141304
3398345553.0,-0.2791706621646881,-0.5602454543113708,9.430496215820312,3.071902275085449,1.2800328731536863,-0.1956671327352523
3398353886.0,-0.4837638139724731,-0.3032487034797668,9.61116886138916,3.390645742416382,1.7644493579864502,-0.1859081238508224
3398362219.0,-0.564743161201477,-0.0158411208540201,9.819998741149902,3.5864923000335693,1.9140877723693848,-0.2574230432510376
3398370552.0,-0.6155484914779663,0.1338930279016494,10.084800720214844,3.500044345855713,1.672417402267456,-0.193233773112297
3398378885.0,-0.6155761480331421,0.0322326458990573,10.056426048278809,3.370718240737915,1.3180701732635498,-0.2801941335201263
3398387218.0,-0.4072797298431396,0.1041776612401008,10.022900581359863,3.219261407852173,1.629846692085266,-0.1898783296346664
3398395551.0,-0.3148195147514343,0.0600670017302036,9.914714813232422,3.305119514465332,1.4640456438064575,-0.1296336501836776
3398403884.0,-0.4014516174793243,0.2108846753835678,9.676355361938477,3.0623483657836914,1.564197301864624,-0.0868322625756263
3398412217.0,-0.4809543788433075,0.0217007845640182,9.69780731201172,2.808511257171631,1.7728763818740845,-0.0134218605235219
3398420550.0,-0.5487931370735168,0.0405502095818519,9.840728759765623,2.617659330368042,1.9696707725524905,-0.1106022596359252
3398428883.0,-0.5141807794570923,0.05565095692873,9.995564460754396,2.529597759246826,1.7768466472625732,-0.1010225489735603
3398437216.0,-0.5492734313011169,-0.1535023599863052,9.860027313232422,2.400963068008423,1.5228815078735352,-0.1572457700967788
3398445549.0,-0.5788103342056274,-0.0831086114048957,9.697038650512695,2.6997790336608887,1.6186531782150269,-0.0798395797610282
3398453882.0,-0.5846291780471802,-0.3922138810157776,9.994949340820312,2.366793870925904,1.8174196481704712,-0.1925422251224517
3398462215.0,-0.7129986882209778,-0.1485542804002761,9.92572021484375,2.54045844078064,1.721494197845459,-0.2965872287750244
3398470548.0,-0.6168755888938904,0.0503401309251785,10.073509216308594,2.806410789489746,1.8534843921661377,-0.276044636964798
3398478881.0,-0.5575461983680725,-0.1501597166061401,9.86652946472168,2.914912462234497,1.3145352602005005,-0.3969950079917907
3398487214.0,-0.7107086777687073,-0.2261219024658203,9.564497947692873,2.6148931980133057,1.4802594184875488,-0.4592119753360748
3398495547.0,-0.6718065738677979,-0.5178985595703125,9.728554725646973,2.536334753036499,1.8281264305114744,-0.2518903911113739
3398503880.0,-0.6927815079689026,-0.4341455996036529,10.001548767089844,2.848828077316284,1.657612442970276,-0.22758249938488
3398512213.0,-0.5538352727890015,-0.3261651992797851,10.10085105895996,3.074028491973877,1.331901788711548,-0.3508638441562652
3398520546.0,-0.6340134143829346,-0.3625901937484741,9.83271312713623,2.976412296295166,1.2842847108840942,-0.4744012057781219
3398528879.0,-0.5694162249565125,0.1159072667360305,9.824223518371582,2.9983386993408203,1.4752135276794434,-0.4130551815032959
3398537212.0,-0.5005960464477539,-0.2035746425390243,9.96393871307373,2.9749271869659424,1.2277288436889648,-0.3810630142688751
3398545545.0,-0.6291712522506714,-0.2030212581157684,9.77070140838623,2.9525654315948486,1.171095609664917,-0.401067703962326
3398553878.0,-0.6707069873809814,-0.1858340501785278,9.86332893371582,3.143007755279541,1.6423208713531494,-0.18731689453125
3398562211.0,-0.8780242800712585,-0.305230051279068,9.858635902404783,3.162320613861084,1.3350780010223389,-0.3370833396911621
3398570544.0,-0.8485082983970642,-0.0524404644966125,9.756991386413574,3.3908255100250244,1.0082916021347046,-0.294691801071167
3398578877.0,-0.6352085471153259,-0.5103636980056763,9.81019115447998,3.447458267211914,0.8208721280097961,-0.2376744747161865
3398587210.0,-0.5683950781822205,-0.7160854339599609,9.51679801940918,3.528040885925293,0.7098601460456848,-0.3278110027313232
3398595543.0,-0.4684740304946899,-0.5168970823287964,9.532005310058594,3.985766649246216,1.2096450328826904,-0.3353159725666046
3398603876.0,-0.5587985515594482,-0.3009385466575622,9.835131645202637,4.335504055023193,1.075861930847168,-0.2038124799728393
3398612209.0,-0.734063446521759,0.2522017657756805,10.009780883789062,4.386835098266602,1.0773988962173462,-0.3268376588821411
3398620542.0,-0.8091408610343933,0.1908471137285232,10.122103691101074,4.059510231018066,0.781451940536499,-0.3973536193370819
3398628875.0,-0.8067305684089661,0.1245085373520851,10.046008110046388,4.020448207855225,0.772409975528717,-0.2378537654876709
3398637208.0,-0.6360389590263367,0.1344557553529739,10.108272552490234,4.006616592407227,0.5950058698654175,-0.1630858182907104
3398645541.0,-0.5569371581077576,-0.0396530963480472,10.002391815185549,3.7963497638702393,0.1128691211342811,-0.1775322556495666
3398653874.0,-0.5743444561958313,0.1827731281518936,9.627222061157228,3.609467744827272,0.6176743507385254,-0.2391088306903839
3398662207.0,-0.4405302703380584,0.013341506011784,10.027745246887209,3.535930156707764,0.8425931334495544,-0.1693357229232788
3398670540.0,-0.5936702489852905,0.111733853816986,9.956341743469238,3.352864980697632,0.7529689073562622,-0.1160324960947036
3398678873.0,-0.7621960639953613,0.2623882293701172,9.95872402191162,3.1951582431793213,0.7586551904678345,-0.0937481075525283
3398687206.0,-0.7920688986778259,0.0743046551942825,9.976247787475586,3.2695932388305664,0.4165770709514618,-0.2001240104436874
3398695539.0,-0.8447369933128357,-0.1298142969608307,9.950345993041992,2.9555368423461914,0.5587360858917236,-0.1313241869211197
3398703872.0,-0.5997408032417297,-0.0132314302027225,9.935078620910645,2.8681156635284424,0.2709345817565918,-0.1817842125892639
3398712205.0,-0.4461608827114105,0.1297492831945419,9.731213569641112,3.128791332244873,-0.1319645196199417,-0.1867789775133133
3398720538.0,-0.4016933143138885,0.1237636730074882,9.59286117553711,2.783357858657837,0.3662963509559631,-0.2590367794036865
3398728871.0,-0.4887093901634216,-0.3688659369945526,9.709680557250977,2.677135944366455,0.5261291861534119,-0.3349061608314514
3398737204.0,-0.8784889578819275,-0.3999809622764587,9.860209465026855,2.7597928047180176,0.7121397256851196,-0.1944376528263092
3398745537.0,-1.0534579753875732,-0.2592714428901672,9.952119827270508,3.1564292907714844,0.2124572992324829,-0.2754298746585846
3398753870.0,-0.7567606568336487,-0.2099012434482574,9.875107765197754,3.4325506687164307,-0.6033433079719543,-0.2751480937004089
3398762203.0,-0.3508923351764679,-0.3103489279747009,9.912809371948242,3.0698790550231934,-0.7407380938529968,-0.3207927048206329
3398770536.0,-0.1290810853242874,-0.3228034973144531,9.536744117736816,3.119058132171631,-0.3432563543319702,-0.2995584905147552
3398778869.0,-0.3093578219413757,-0.1333655267953872,9.674415588378906,3.573326349258423,0.7576818466186523,-0.4214822351932525
3398787202.0,-0.529977560043335,-0.0753933787345886,9.823503494262695,3.70080828666687,0.9458950757980348,-0.3456896841526031
3398795535.0,-0.6286664605140686,-0.2621483504772186,10.083623886108398,3.376840114593506,0.0443766675889492,-0.3803714215755462
3398803868.0,-0.7623718976974487,0.0530622601509094,9.824419021606444,3.325918674468994,0.0881001576781272,-0.3312432467937469
3398812201.0,-0.6148980855941772,0.0253039989620447,9.997300148010254,3.696018695831299,0.4561254680156708,-0.2537858486175537
3398820534.0,-0.579917311668396,-0.1250516027212143,9.98941421508789,3.721709966659546,0.235382005572319,-0.2215631157159805
3398828867.0,-0.5629714131355286,-0.246184229850769,9.729292869567873,3.529680252075196,-0.0975390076637268,-0.1462828963994979
3398837200.0,-0.4306468367576599,-0.2961936593055725,9.714144706726074,3.703626155853272,-0.2119065523147583,-0.2175929099321365
3398845533.0,-0.4807186722755432,0.0214964915066957,9.811469078063965,3.9341800212860094,0.3960088789463043,-0.1954366117715835
3398853866.0,-0.4431429803371429,0.2738759219646454,10.144983291625977,3.943682193756104,0.563474714756012,-0.2682322263717651
3398862199.0,-0.6844825744628906,0.3382711112499237,10.105297088623049,3.773629665374756,0.2797458469867706,-0.24615278840065
3398870532.0,-0.7626492977142334,0.440413236618042,10.087868690490724,3.571072816848755,0.312583327293396,-0.2073728591203689
3398878865.0,-0.5335800051689148,0.2721171081066131,10.237879753112791,3.374099016189575,0.1027771160006523,-0.1268416792154312
3398887198.0,-0.5683964490890503,0.1287424713373184,9.982824325561523,3.1327104568481445,-0.154248908162117,-0.1855495125055313
3398895531.0,-0.4844677746295929,0.2038313150405883,9.973381996154783,3.1309945583343506,0.2375080436468124,-0.1319389194250106
3398903864.0,-0.4446127414703369,0.1799265593290329,10.003813743591309,2.99516224861145,0.0826699510216713,-0.1546587646007537
3398912197.0,-0.5088576078414917,0.4033707082271576,10.041970252990724,2.749854564666748,0.1222695559263229,-0.1104485914111137
3398920530.0,-0.6101540923118591,0.1281435489654541,10.078704833984377,2.419328689575196,0.3656816482543945,-0.0407778657972812
3398928863.0,-0.8340874910354614,-0.0774001330137252,9.901349067687988,2.381880521774292,0.5318412184715271,-0.1842431873083114
3398937196.0,-0.5355481505393982,-0.135820522904396,10.291690826416016,2.737739324569702,-0.0471558086574077,-0.241798385977745
3398945529.0,-0.2999370396137237,-0.2292970269918441,10.112220764160156,2.547015428543091,-0.7903528213500977,-0.1719227433204651
3398953862.0,-0.4532090127468109,0.2702365815639496,9.649463653564451,2.4957103729248047,-0.0106299081817269,-0.2495851218700409
3398962195.0,-0.513151228427887,0.4259152114391327,9.916539192199709,2.5802371501922607,0.7888544201850891,-0.2374439537525177
3398970528.0,-0.6669043898582458,-0.1407579481601715,10.15904712677002,2.1719207763671875,0.3238279819488525,-0.2338067144155502
3398978861.0,-0.7013301849365234,-0.386495441198349,9.962539672851562,2.1476380825042725,-0.0312749780714511,-0.2169269472360611
3398987194.0,-0.6745321750640869,-0.4671347141265869,9.97761058807373,2.46871280670166,0.0756004154682159,-0.0925186201930046
3398995527.0,-0.6486227512359619,-0.0876877829432487,9.887300491333008,2.9927291870117188,0.2290040850639343,-0.2090121656656265
3399003860.0,-0.369343638420105,-0.0470974333584308,10.11050796508789,2.768399477005005,-0.0131913311779499,-0.2683347165584564
3399012193.0,-0.2119459509849548,-0.1873388290405273,10.032219886779783,2.3999128341674805,-0.3796541690826416,-0.2737393081188202
3399020526.0,-0.4372284412384033,0.0335643999278545,9.861916542053224,2.52970027923584,0.3793852627277374,-0.2490472197532653
3399028859.0,-0.5002638697624207,0.0302367340773344,9.919901847839355,2.8663482666015625,1.0587260723114014,-0.2455636858940124
3399037192.0,-0.6504471302032471,0.0331029705703258,10.27618408203125,2.7473702430725098,0.434174120426178,-0.400606632232666
3399045525.0,-0.5882909297943115,0.2064283192157745,10.054845809936523,2.4607725143432617,-0.1793764978647232,-0.2709473967552185
3399053858.0,-0.4129677712917328,0.1251991987228393,9.885889053344728,2.355011224746704,0.1840254813432693,-0.285675585269928
3399062191.0,-0.4210759997367859,-0.1304450184106826,9.821690559387209,2.767323732376098,0.499131828546524,-0.1231020241975784
3399070524.0,-0.7239524126052856,-0.4492537677288055,9.736612319946287,2.6663525104522705,0.6106306314468384,-0.1569128185510635
3399078857.0,-0.8413825631141663,-0.6037890911102295,9.799871444702148,2.9067163467407227,0.3386073708534241,-0.1475635915994644
3399087190.0,-0.7404961585998535,-0.1241448745131492,9.79851245880127,3.2677230834960938,-0.0281756538897752,-0.2340628802776336
3399095523.0,-0.59117192029953,0.0901736915111541,9.928099632263184,3.3137776851654053,0.2474463135004043,-0.344537079334259
3399103856.0,-0.3383678197860718,-0.0560435242950916,9.956814765930176,3.2315046787261963,0.5549452304840088,-0.2614189088344574
3399112189.0,-0.5292270183563232,0.0138756660744547,9.88601303100586,3.2993571758270264,0.5619635581970215,-0.3224320113658905
3399120522.0,-0.4606553912162781,-0.0667001605033874,10.03264617919922,3.377506256103516,0.3715985417366028,-0.2138276547193527
3399128855.0,-0.4869654476642608,-0.0579790100455284,9.79129409790039,3.4941534996032715,0.1209888532757759,-0.1640848070383072
3399137188.0,-0.6309998631477356,0.1351650655269622,9.735660552978516,3.3284292221069336,0.6115783452987671,-0.0662896484136581
3399145521.0,-0.6417465806007385,-0.0062617734074592,9.917884826660156,3.01114559173584,0.6249232888221741,-0.0306090135127306
3399153854.0,-0.5489242672920227,-0.0009068420622497,9.8410062789917,3.083787679672241,0.4042311012744903,-0.0368332751095294
3399162187.0,-0.3210380673408508,0.0110364761203527,9.970401763916016,2.9053330421447754,0.4987988471984863,-0.0089649828150868
3399170520.0,-0.458776444196701,0.0340696461498737,9.862556457519531,2.99434232711792,0.8389815092086792,0.0300070792436599
3399178853.0,-0.7521836757659912,0.1776901632547378,9.905221939086914,2.9630422592163086,1.1948145627975464,0.060872234404087
3399187186.0,-0.5606396198272705,-0.0311935096979141,10.32907485961914,2.8605849742889404,0.8967416286468506,0.1183761954307556
3399195519.0,-0.4790851473808288,-0.1495809555053711,10.075495719909668,2.546144485473633,0.0608210004866123,-0.0931589677929878
3399203852.0,-0.4023604393005371,0.1976317912340164,9.658440589904783,2.667863368988037,0.6659316420555115,-0.0839634612202644
3399212185.0,-0.4980933666229248,0.295321524143219,9.70188808441162,2.912197589874268,1.611839771270752,0.0101304305717349
3399220518.0,-0.5753781795501709,0.0310113374143838,9.976292610168455,2.553547143936157,1.3780330419540403,0.0651498138904571
3399228851.0,-0.4566992223262787,0.0378394462168216,9.950233459472656,2.186725616455078,0.6444412469863892,-0.084347665309906
3399237184.0,-0.4615083336830139,-0.1003932133316993,9.674982070922852,2.230398178100586,0.8016359210014343,-0.0710538849234581
3399245517.0,-0.6410535573959351,0.0692446678876876,9.686938285827637,2.6946051120758057,1.653411626815796,0.1349742263555526
3399253850.0,-0.7837518453598022,-0.0430077239871025,10.058156967163086,2.522989273071289,1.666218638420105,0.0257807280868291
3399262183.0,-0.7572226524353027,-0.0302732475101947,10.059196472167969,2.3711483478546143,0.755427896976471,-0.0965656712651252
3399270516.0,-0.5175074338912964,0.0647015273571014,9.67013168334961,2.286569833755493,0.8635711073875427,-0.1471537798643112
3399278849.0,-0.3402929902076721,-0.0585123263299465,9.758137702941896,2.542379379272461,1.575493335723877,-0.1234606206417083
3399287182.0,-0.3923293054103851,-0.2758553326129913,9.722189903259276,2.627213716506958,1.7723642587661743,-0.0446968413889408
3399295515.0,-0.689238965511322,-0.11601472645998,9.882264137268066,2.598141670227051,1.5520817041397097,-0.0575551837682724
3399303848.0,-0.6176587343215942,0.0089606055989861,9.802823066711426,2.773932218551636,1.501724362373352,-0.0507674142718315
3399312181.0,-0.5768314599990845,-0.0602608285844326,9.701338768005373,2.8617374897003174,1.305724024772644,-0.0347072854638099
3399320514.0,-0.4933864176273346,-0.1977051794528961,9.734856605529783,2.9867093563079834,1.3558510541915894,0.0845653936266899
3399328847.0,-0.4763256311416626,-0.1731135994195938,9.669917106628418,3.094494104385376,1.0556777715682983,0.048577394336462
3399337180.0,-0.7165782451629639,0.0428402796387672,9.636504173278809,3.2254343032836914,1.4349223375320437,0.135742649435997
3399345513.0,-0.7454879283905029,0.355711430311203,9.835160255432127,3.4202558994293213,1.5772348642349243,0.0681978985667228
3399353846.0,-0.6588801741600037,0.3503955602645874,10.205795288085938,3.131404161453247,0.9689480662345886,0.0077483062632381
3399362179.0,-0.6700425148010254,0.4593311250209808,9.971866607666016,3.0136046409606934,0.8306825160980225,0.0246537029743194
3399370512.0,-0.621656060218811,0.3615556061267853,9.977489471435549,2.8054378032684326,1.2934037446975708,0.2101263701915741
3399378845.0,-0.5798028111457825,0.3445922136306762,10.068852424621582,2.7961907386779785,1.303700566291809,0.2420160919427871
3399387178.0,-0.5726861953735352,0.3382152915000915,10.074318885803224,2.451756000518799,1.0121848583221436,0.1842559874057769
3399395511.0,-0.4126221835613251,0.2804135084152221,10.046309471130373,2.331753730773926,0.8216150403022766,0.1852805763483047
3399403844.0,-0.5048657655715942,0.5462326407432556,9.889144897460938,2.3127477169036865,0.9755821824073792,0.3375828266143799
3399412177.0,-0.4849645495414734,0.5070750713348389,10.115259170532228,2.028096914291382,1.3824900388717651,0.3723413646221161
3399420510.0,-0.5771589279174805,0.1374605298042297,10.193755149841309,2.046820640563965,0.8507639765739441,0.4495682418346405
3399428843.0,-0.5548182129859924,0.0369844324886798,9.92726707458496,1.854406356811524,0.6469002962112427,0.464322030544281
3399437176.0,-0.4220422506332397,0.0864035561680793,9.984467506408691,2.076891660690308,0.9083959460258484,0.4755154252052307
3399445509.0,-0.4950198829174042,0.1668404042720794,9.93517017364502,2.055375814437866,1.0205094814300537,0.5187011361122131
3399453842.0,-0.5998406410217285,0.4688728153705597,9.9651517868042,1.787194848060608,1.4047486782073977,0.5640382766723633
3399462175.0,-0.6037648916244507,0.259565144777298,10.103752136230469,1.84385359287262,1.1851322650909424,0.5062269568443298
3399470508.0,-0.8057122230529785,0.0727434903383255,9.837398529052734,1.9436464309692385,0.9746856093406676,0.7833472490310669
3399478841.0,-0.7845879793167114,0.0875439047813415,9.931869506835938,1.956658840179444,1.0674349069595337,0.8184900879859924
3399487174.0,-0.6344940066337585,-0.055279716849327,10.006287574768066,2.119590759277344,0.5536388754844666,0.8974331021308899
3399495507.0,-0.4494886994361877,0.0610454529523849,9.828018188476562,2.181244134902954,0.2001880556344986,0.895896315574646
3399503840.0,-0.2248024344444275,0.0144181177020072,9.72439956665039,2.237569808959961,0.7457455992698669,1.0905389785766602
3399512173.0,-0.3719478249549866,-0.0045484276488423,9.834938049316406,2.302886247634888,1.0756826400756836,1.102731227874756
3399520506.0,-0.6364504098892212,0.3167328536510467,9.956982612609863,2.229706287384033,1.289843201637268,1.2280361652374268
3399528839.0,-0.6622187495231628,0.2657581567764282,10.166007995605469,2.3275272846221924,0.865364134311676,1.2749614715576172
3399537172.0,-0.713100254535675,0.1565017104148864,9.996319770812988,2.2420012950897217,0.3690114915370941,1.3365381956100464
3399545505.0,-0.6193770170211792,0.2058977484703064,9.88725471496582,2.3318302631378174,0.5394229292869568,1.683995008468628
3399553838.0,-0.589897096157074,0.092478796839714,9.878168106079102,2.298250198364258,0.7031748294830322,1.7129392623901367
3399562171.0,-0.6218361854553223,-0.0078886244446039,9.720927238464355,2.4541385173797607,0.8024555444717407,1.8900104761123653
3399570504.0,-0.6244300603866577,0.0276649054139852,9.701394081115724,2.594606637954712,0.4937527775764465,1.9067363739013672
3399578837.0,-0.5127900838851929,0.0918163880705833,9.696063995361328,2.901644706726074,0.3376340866088867,1.9784053564071653
3399587170.0,-0.5579121112823486,0.4700303673744201,9.572497367858888,2.924825429916382,0.2917589247226715,2.122741222381592
3399595503.0,-0.5573804974555969,0.6822332143783569,9.877735137939451,2.733026027679444,0.6354763507843018,2.093668937683105
3399603836.0,-0.6801899075508118,0.6921787858009338,9.796048164367676,2.8013393878936768,0.4263617694377899,2.199174404144287
3399612169.0,-0.8495859503746033,0.7067445516586304,10.000548362731934,2.6319267749786377,0.3770031332969665,2.2233541011810303
3399620502.0,-0.669995129108429,0.4652787148952484,10.11238956451416,2.6425821781158447,0.142248660326004,2.325913667678833
3399628835.0,-0.7257515788078308,0.3423516750335693,9.822775840759276,2.601471424102783,-0.2691031694412231,2.387771844863892
3399637168.0,-0.6150076985359192,0.289435476064682,9.732096672058104,2.6823863983154297,0.1285962611436844,2.645885944366455
3399645501.0,-0.4040963649749756,0.1213900074362754,9.635869979858398,2.730848789215088,-0.13798388838768,2.665609121322632
3399653834.0,-0.4337584674358368,0.244279071688652,9.627646446228027,2.683513641357422,-0.0935944020748138,2.689660787582397
3399662167.0,-0.4315277636051178,0.2801623344421386,9.589557647705078,2.7276980876922607,0.1225256845355033,2.7866880893707275
3399670500.0,-0.5623087286949158,0.3438237309455871,9.901769638061523,2.9124794006347656,0.2052340507507324,2.8031578063964844
3399678833.0,-0.5432422161102295,0.4687572717666626,9.989828109741213,2.883817195892334,0.1327457726001739,2.895317554473877
3399687166.0,-0.3275071978569031,0.43064945936203,10.060596466064451,2.912351608276367,-0.3385433554649353,3.073285818099976
3399695499.0,-0.2707426846027374,0.1977617144584655,9.818840026855469,2.79355263710022,-0.29640793800354,3.159734010696411
3399703832.0,-0.3046393692493438,0.5877228379249573,9.692533493041992,2.936377763748169,0.409328281879425,3.1947996616363525
3399712165.0,-0.163318321108818,0.5820684432983398,9.810301780700684,3.049823045730591,0.4749776124954223,3.1752817630767822
3399720498.0,-0.3816491365432739,0.5368353128433228,9.647777557373049,2.9321770668029785,0.0444535054266452,3.295361280441284
3399728831.0,-0.2855451703071594,0.404146671295166,9.581072807312012,2.697114944458008,0.6170085072517395,3.3553242683410645
3399737164.0,-0.2518913447856903,0.0866665840148925,9.715880393981934,2.8060779571533203,0.8500468730926514,3.632187843322754
3399745497.0,-0.3165729641914367,0.1928305476903915,9.644068717956545,3.149001359939575,0.831886351108551,3.6422290802001953
3399753830.0,-0.2832252085208893,0.2457506358623504,9.756857872009276,3.1878325939178467,0.964311957359314,3.7998592853546143
3399762163.0,-0.1925987154245376,0.1987040191888809,9.704977989196776,3.3504061698913574,0.5760769844055176,4.044039249420166
3399770496.0,-0.0497060343623161,0.7033362984657288,9.606761932373049,3.383755922317505,0.913954257965088,3.9324638843536377
3399778829.0,-0.0161025002598762,0.5853706002235413,9.571484565734863,3.509777784347534,1.4352809190750122,4.095165252685547
3399787162.0,-0.0594992190599441,0.3211511075496673,9.665087699890137,3.7469401359558105,1.5650426149368286,4.2433695793151855
3399795495.0,-0.1829072535037994,0.4560430943965912,9.705669403076172,3.659237146377564,1.669600009918213,4.585088729858398
3399803828.0,-0.3167648613452911,0.6712698936462402,9.591928482055664,3.932848215103149,1.5619688034057615,4.774377822875977
3399812161.0,-0.2245033234357834,0.8770315647125244,9.610040664672852,4.31337308883667,1.7558941841125488,4.808855056762695
3399820494.0,-0.0711600854992866,0.6900532245635986,9.71484088897705,4.073700904846191,1.730254292488098,4.998630523681641
3399828827.0,-0.130925640463829,0.3579888641834259,9.598135948181152,4.068833827972412,1.8975409269332888,5.336021423339844
3399837160.0,-0.4063179194927215,0.5778288841247559,9.49211311340332,4.504789352416992,2.7873542308807373,5.536914825439453
3399845493.0,-0.374393492937088,0.9480628967285156,9.947335243225098,5.105954170227051,3.104919195175171,5.606814861297607
3399853826.0,-0.3367485105991363,1.10859477519989,10.149019241333008,5.007750034332275,1.994568109512329,5.746695041656494
3399862159.0,-0.3384996950626373,1.357192039489746,9.790549278259276,4.7234063148498535,2.0708212852478027,5.905144691467285
3399870492.0,-0.2885248959064483,1.474629521369934,9.995891571044922,4.611215114593506,3.009096145629883,6.246044158935547
3399878825.0,-0.5694371461868286,1.5128799676895142,10.136186599731444,4.689698219299316,3.18778133392334,6.433207988739014
3399887158.0,-0.5849937200546265,1.5916627645492554,10.250272750854492,4.364602088928223,2.732821226119995,6.686890602111816
3399895491.0,-0.5576598048210144,1.2388780117034912,9.997568130493164,4.260044097900391,1.9078632593154907,6.903433322906494
3399903824.0,-0.5988534688949585,1.2562893629074097,9.730341911315918,3.9038784503936768,2.21134090423584,7.221818447113037
3399912157.0,-0.5166102051734924,1.5826338529586792,9.88487434387207,4.155359268188477,2.9751579761505127,7.494175910949707
3399920490.0,-0.6449397802352905,1.4873756170272827,10.365309715270996,3.8999338150024414,2.751904010772705,7.729339122772217
3399928823.0,-0.8075909614562988,1.6180332899093628,10.145084381103516,3.582035541534424,2.417919874191284,7.808820247650146
3399937156.0,-0.7311240434646606,1.75592041015625,10.387155532836914,3.5809342861175537,2.317819356918335,8.144776344299316
3399945489.0,-0.4742892980575561,1.7908074855804443,10.392338752746582,3.482678174972534,2.0642898082733154,8.359321594238281
3399953822.0,-0.5275339484214783,2.069089889526367,10.279881477355955,3.147106409072876,2.112598657608032,8.609574317932129
3399962155.0,-0.5052520632743835,2.226751804351806,10.10077667236328,3.070698976516724,2.224814414978028,8.848783493041992
3399970488.0,-0.7653496265411377,2.0601909160614014,9.83037567138672,2.662433862686157,2.270177125930786,8.9278564453125
3399978821.0,-0.9374152421951294,2.0139822959899902,10.038517951965332,2.4596707820892334,2.328192949295044,9.177618980407717
3399987154.0,-0.9167780876159668,1.7172014713287354,10.307254791259766,2.2703304290771484,1.9489229917526243,9.39810562133789
3399995487.0,-0.9053568243980408,1.762810468673706,10.166315078735352,2.253194808959961,1.385538101196289,9.823637008666992
3400003820.0,-0.7227268815040588,1.7612274885177612,10.05345058441162,2.5252950191497803,1.355005979537964,9.95419216156006
3400012153.0,-0.6661161184310913,1.3225276470184326,9.891128540039062,2.4144365787506104,1.4116904735565186,10.19737434387207
3400020486.0,-0.6988164186477661,1.375040054321289,9.909595489501951,2.440844774246216,1.793368220329285,10.35426139831543
3400028819.0,-0.4525046646595001,1.7014153003692627,10.056809425354004,2.7906839847564697,1.4394561052322388,10.62515640258789
3400037152.0,-0.5260435342788696,1.8081954717636108,9.85525131225586,2.999209403991699,1.055344820022583,10.80860424041748
3400045485.0,-0.7415611147880554,1.9306972026824951,9.794196128845217,3.0017449855804443,1.6064095497131348,11.14863395690918
3400053818.0,-0.883799135684967,1.99234402179718,9.99176025390625,2.725393533706665,1.841471791267395,11.341280937194824
3400062151.0,-0.8830423951148987,2.015749216079712,10.206130027770996,2.843141555786133,1.2534711360931396,11.777488708496094
3400070484.0,-0.7728275060653687,2.0823962688446045,9.762414932250977,2.862557172775269,0.5399097204208374,12.063036918640137
3400078817.0,-0.5982488393783569,1.9289723634719849,9.582462310791016,3.0441370010375977,0.4320994019508362,12.311803817749023
3400087150.0,-0.7814052700996399,1.745058298110962,9.308189392089844,2.985762119293213,0.8643909692764282,12.62263298034668
3400095483.0,-0.9326847791671752,1.8770248889923096,9.688318252563477,2.8952667713165283,1.2522672414779663,12.962251663208008
3400103816.0,-0.983798086643219,1.90206241607666,9.825678825378418,3.289034366607666,0.7485376000404358,13.193010330200195
3400112149.0,-0.9978057742118835,2.074246406555176,9.837462425231934,3.33150315284729,0.0818246901035308,13.35614776611328
3400120482.0,-0.7662597298622131,2.288538932800293,9.722696304321287,3.4727914333343506,0.1161733791232109,13.719717025756836
3400128815.0,-0.6088393926620483,2.2557175159454346,9.70731258392334,3.4026079177856445,-0.0755107700824737,14.058566093444824
3400137148.0,-0.7376163005828857,2.30068588256836,9.562562942504885,3.3660054206848145,0.0305193625390529,14.3392972946167
3400145481.0,-0.6991010904312134,2.1839728355407715,9.540485382080078,3.255608320236206,0.0969883129000663,14.767569541931152
3400153814.0,-0.8110914826393127,2.144893884658813,9.421808242797852,3.279250383377075,-0.3557561635971069,15.057062149047852
3400162147.0,-0.7810519933700562,2.230661630630493,9.409668922424316,3.232632160186768,-0.3328314125537872,15.240894317626951
3400170480.0,-0.6103934049606323,2.3307976722717285,9.691487312316896,3.3184144496917725,-0.3508638441562652,15.684277534484863
3400178813.0,-0.7255985736846924,2.348515748977661,9.836892127990724,3.158043622970581,-0.3751974105834961,16.04612922668457
3400187146.0,-0.89268958568573,2.393200397491455,9.598784446716309,3.087092638015747,-0.3649261593818664,16.381166458129883
3400195479.0,-0.584485650062561,2.023978471755981,9.614383697509766,3.3053767681121826,-0.8566170334815979,16.530546188354492
3400203812.0,-0.3810940682888031,1.956662893295288,9.399460792541504,3.2716941833496094,-1.22077476978302,16.855669021606445
3400212145.0,-0.1861677765846252,2.08758807182312,9.300370216369627,3.597891330718994,-0.715072751045227,17.215009689331055
3400220478.0,-0.2218775302171707,2.1978747844696045,9.607545852661133,3.9855380058288574,0.0371022336184978,17.522846221923828
3400228811.0,-0.5069488286972046,2.665572166442871,9.759007453918455,4.168064594268799,0.1957568377256393,17.621074676513672
3400237144.0,-0.4163738191127777,2.774893522262573,10.010109901428224,3.803138256072998,-0.0874726325273513,17.817049026489258
3400245477.0,-0.176517441868782,2.602170944213867,9.78939151763916,3.7105941772460938,-0.3607253432273865,18.162023544311523
3400253810.0,-0.2070621699094772,2.548516273498535,9.546632766723633,3.728294134140015,0.3336639106273651,18.46560287475586
3400262143.0,-0.2230739146471023,2.391228675842285,9.669794082641602,3.98289966583252,1.0315239429473877,18.84231185913086
3400270476.0,-0.481484442949295,2.2713265419006348,9.688791275024414,4.239349365234375,0.8317329287528992,19.008420944213867
3400278809.0,-0.4333416819572449,2.4340436458587646,9.849509239196776,4.246700286865234,0.7604228258132935,19.28681945800781
3400287142.0,-0.1293660849332809,2.4605190753936768,9.890522956848145,4.385197162628174,0.766032338142395,19.403955459594727
3400295475.0,-0.0912099480628967,2.7627429962158203,9.676240921020508,4.610244274139404,1.1884880065917969,19.642578125
3400303808.0,-0.2499214559793472,2.9675095081329346,9.900317192077637,4.561832427978516,2.037139177322388,20.02315330505371
3400312141.0,-0.4912524819374084,2.956372022628784,9.989471435546877,4.525794506072998,1.907198429107666,20.30642318725586
3400320474.0,-0.5942614078521729,3.1863999366760254,9.86178207397461,4.459196090698242,1.631486177444458,20.50733757019043
3400328807.0,-0.4181299209594726,3.334469079971313,9.784700393676758,4.410606861114502,1.642936110496521,20.839942932128903
3400337140.0,-0.3200179934501648,3.0596981048583984,9.768259048461914,4.402461051940918,2.021514415740967,21.16362953186035
3400345473.0,-0.5757588148117065,3.225529193878174,9.75840950012207,4.197291374206543,2.6777772903442383,21.39151954650879
3400353806.0,-0.7463916540145874,3.262291431427002,10.111283302307127,4.434581279754639,3.0169098377227783,21.61705017089844
3400362139.0,-0.8270922899246216,3.387683868408203,10.274166107177734,4.4484381675720215,2.4631807804107666,21.74829864501953
3400370472.0,-0.6612333655357361,3.5453248023986816,10.142537117004396,4.293113708496094,2.064572095870972,21.96192169189453
3400378805.0,-0.3432236909866333,3.2033770084381104,9.85391616821289,4.120398044586182,2.096077919006348,22.281259536743164
3400387138.0,-0.4010558128356933,2.986675500869751,9.483596801757812,4.217782497406006,2.4338529109954834,22.72077178955078
3400395471.0,-0.4929816722869873,2.846437931060791,9.441473007202148,4.683116912841797,2.9877352714538574,22.9604434967041
3400403804.0,-0.5733031630516052,2.8718035221099854,9.770962715148926,4.842590808868408,2.757514476776123,23.211286544799805
3400412137.0,-0.7516383528709412,3.580119609832764,9.833401679992676,4.84105396270752,2.957254409790039,23.28758811950684
3400420470.0,-0.6969921588897705,4.071401119232178,10.232596397399902,4.903835296630859,3.6290907859802246,23.55607986450196
3400428803.0,-0.7352440357208252,4.046994686126709,10.49739933013916,4.605736255645752,3.158249855041504,23.864885330200195
3400437136.0,-0.7972353100776672,4.12338399887085,10.185505867004396,4.02321720123291,2.848496198654175,24.04792022705078
3400445469.0,-0.5829917192459106,4.336305141448975,10.207592010498049,3.746225118637085,2.970010757446289,24.39033508300781
3400453802.0,-0.5812602043151855,4.530767917633057,10.085227966308594,3.310807943344116,3.0844292640686035,24.655237197875977
3400462135.0,-0.8179716467857361,4.790106773376465,10.090447425842283,2.7066965103149414,3.767100334167481,24.894451141357425
3400470468.0,-0.7940777540206909,4.457216739654541,10.214848518371582,2.321842193603516,3.862231731414795,25.241294860839844
3400478801.0,-1.0031651258468628,4.166756629943848,10.068303108215332,1.832456350326538,3.247131586074829,25.365089416503903
3400487134.0,-1.1059532165527344,4.267848491668701,9.84331226348877,1.7794348001480105,3.4256367683410645,25.7015323638916
3400495467.0,-0.958815097808838,3.981566429138184,9.97851848602295,1.7035653591156006,3.3600387573242188,25.862668991088867
3400503800.0,-0.9571771621704102,4.303953647613525,9.84315586090088,1.3331321477890017,2.928694725036621,26.107542037963867
3400512133.0,-0.9838009476661682,4.166591167449951,9.599688529968262,1.2045998573303225,3.0581750869750977,26.14694023132324
3400520466.0,-1.0983484983444214,3.850319623947144,9.678441047668455,1.0420773029327393,3.605346202850342,26.43033218383789
3400528799.0,-1.209367275238037,4.151698589324951,9.738443374633787,1.2541377544403076,3.4398019313812256,26.532920837402344
3400537132.0,-1.1220128536224363,4.070789337158203,10.070551872253418,1.173145771026611,2.8386101722717285,26.783432006835938
3400545465.0,-1.0564814805984497,3.799030780792236,9.594955444335938,1.1207387447357178,2.227966070175171,27.014493942260746
3400553798.0,-1.2271063327789309,3.686580419540405,9.394034385681152,1.3426350355148315,2.627394914627075,27.2940731048584
3400562131.0,-1.1895877122879028,3.41911244392395,9.35580825805664,1.567246437072754,2.959713935852051,27.474628448486328
3400570464.0,-1.0103528499603271,3.057183265686035,9.45669937133789,1.5658119916915894,2.097743511199951,27.74004173278809
3400578797.0,-0.8387842774391174,3.300063133239746,9.125728607177734,1.9676740169525144,1.864678978919983,27.7791805267334
3400587130.0,-0.877158522605896,3.3986480236053467,9.209653854370115,2.539998769760132,2.445662021636963,28.191137313842773
3400595463.0,-1.1497182846069336,3.5379202365875244,9.36561393737793,2.769861459732056,3.1315603256225586,28.4182071685791
3400603796.0,-1.1900163888931274,3.6583828926086426,9.623567581176758,3.018780469894409,2.7826430797576904,28.714258193969727
3400612129.0,-1.064689040184021,3.5855932235717773,9.719118118286133,3.2095043659210205,1.799926519393921,28.882339477539062
3400620462.0,-0.962199568748474,3.7041850090026855,9.123147010803224,3.359219789505005,1.6888118982315063,29.08674049377441
3400628795.0,-0.84122633934021,3.71924090385437,9.34448528289795,3.373410224914551,2.336289167404175,29.279565811157227
3400637128.0,-0.9681648015975952,3.5135867595672607,9.374673843383787,3.344901323318481,2.303861141204834,29.582399368286133
3400645461.0,-1.030356526374817,3.6549134254455566,9.46852684020996,3.4793763160705566,2.173689603805542,29.850276947021484
3400653794.0,-1.1174882650375366,3.725877523422241,9.458833694458008,3.641643524169922,1.9762296676635744,29.957910537719727
3400662127.0,-1.0915911197662354,3.6122288703918457,9.44290542602539,3.609317779541016,1.88757848739624,30.28961181640625
3400670460.0,-1.0873125791549685,4.1857590675354,9.59471607208252,3.459141492843628,1.96242356300354,30.395198822021484
3400678793.0,-1.012559413909912,4.296867847442627,9.962881088256836,3.4574508666992188,1.8694695234298704,30.651853561401367
3400687126.0,-1.143898844718933,4.233134269714356,9.878341674804688,3.2227470874786377,1.5628153085708618,30.75901985168457
3400695459.0,-1.0898752212524414,4.108255863189697,9.874735832214355,3.0262351036071777,1.7919349670410156,31.0416259765625
3400703792.0,-0.9171655178070068,4.045982837677002,9.895724296569824,2.7843592166900635,1.383259415626526,31.229448318481445
3400712125.0,-1.016155242919922,4.378818511962891,9.71074390411377,2.66389536857605,1.5365864038467407,31.038623809814453
3400720458.0,-1.0608421564102173,4.492533683776856,9.810733795166016,2.4772188663482666,2.0970520973205566,31.24262046813965
3400728791.0,-0.9249672889709472,4.127748489379883,10.153572082519531,2.434366226196289,1.6445764303207395,31.35424995422364
3400737124.0,-1.2234420776367188,3.968921899795532,9.591002464294434,2.30678129196167,1.2019617557525637,31.281116485595703
3400745457.0,-1.283281922340393,3.617292881011963,9.426169395446776,2.3470468521118164,1.6955227851867676,31.503883361816406
3400753790.0,-1.3207236528396606,3.5640246868133545,9.626440048217772,2.8077964782714844,1.3540593385696411,31.603370666503903
3400762123.0,-1.3902699947357178,3.972011089324951,9.74074363708496,2.701702117919922,0.9083455801010132,31.644916534423828
3400770456.0,-1.0787094831466677,4.07351541519165,9.89318561553955,2.59266209602356,0.7018945813179016,31.502498626708984
3400778789.0,-1.0402045249938965,4.422850131988525,10.014338493347168,2.4205856323242188,0.8218205571174622,31.52531814575196
3400787122.0,-1.1082180738449097,5.011143207550049,9.976834297180176,2.1744329929351807,1.1959168910980225,31.608619689941406
3400795455.0,-1.2012262344360352,4.8992767333984375,10.119357109069824,1.8067911863327024,1.1282950639724731,31.59886360168457
3400803788.0,-1.2020516395568848,4.731783390045166,10.215755462646484,1.3931211233139038,0.806221604347229,31.521459579467773
3400812121.0,-1.1507973670959473,4.786951541900635,10.246352195739746,0.896178662776947,0.7409307360649109,31.581005096435547
3400820454.0,-1.0309072732925415,4.585642814636231,10.040026664733888,0.981627881526947,0.6581198573112488,31.70116233825684
3400828787.0,-1.1328203678131104,4.512113571166992,9.9033842086792,0.7756636738777161,0.7198245525360107,31.640174865722656
3400837120.0,-1.0723930597305298,4.25700044631958,9.802814483642578,0.5871939659118652,0.700281023979187,31.638410568237305
3400845453.0,-1.184046983718872,4.227325439453125,9.617790222167969,0.4487233161926269,0.662807285785675,31.61522483825684
3400853786.0,-1.352302074432373,4.699808597564697,9.78574562072754,0.4724166095256805,1.1289868354797363,31.53167724609375
3400862119.0,-1.3509836196899414,4.83167839050293,10.162687301635742,0.3238538801670074,0.899329423904419,31.660621643066406
3400870452.0,-1.2865748405456543,4.857330799102783,10.018170356750488,0.037179097533226,0.1161478608846664,31.50983238220215
3400878785.0,-1.0367822647094729,4.701050758361816,9.874165534973145,-0.1411345452070236,-0.0336059033870697,31.64094352722168
3400887118.0,-0.9234513640403748,4.326208591461182,9.63493537902832,-0.232603058218956,0.0477577820420265,31.81266593933105
3400895451.0,-1.2074613571166992,4.216488838195801,9.569794654846191,-0.2097551673650741,0.677842915058136,31.760616302490234
3400903784.0,-1.2425488233566284,4.319759368896484,9.867684364318848,-0.1801706552505493,1.0960466861724854,31.727006912231445
3400912117.0,-1.0062696933746338,4.134519100189209,10.11672306060791,-0.2416705042123794,0.2354334145784378,31.63746452331543
3400920450.0,-1.0102976560592651,4.237552165985107,9.926441192626951,-0.3366994559764862,-0.2879299223423004,31.887435913085938
3400928783.0,-0.991461992263794,4.301106929779053,9.542962074279783,-0.3358028829097748,0.7203369140625,32.00523376464844
3400937116.0,-1.0853744745254517,4.057365417480469,9.929611206054688,-0.2892618179321289,1.0186662673950195,31.98845291137696
3400945449.0,-1.0758814811706543,3.992194175720215,9.850540161132812,-0.3488149344921112,0.3525930345058441,32.15184783935547
3400953782.0,-0.7562950849533081,4.068239212036133,9.70598030090332,-0.2124446630477905,-0.2895947992801666,32.29045104980469
3400962115.0,-0.8267323970794678,3.95200777053833,9.43092918395996,-0.3347783982753753,0.2101009637117386,32.52530670166016
3400970448.0,-0.9989432096481324,4.139652252197266,9.486817359924316,-0.2344729304313659,1.4360506534576416,32.63383483886719
3400978781.0,-0.9348835945129396,3.788044214248657,10.016347885131836,-0.0801470130681991,1.0526820421218872,32.66994857788086
3400987114.0,-0.832107663154602,3.5749850273132324,9.687552452087402,-0.0994857847690582,0.0931718721985817,32.63675308227539
3400995447.0,-0.7250900864601135,3.664119243621826,9.312529563903809,0.1551071405410766,0.2868156433105469,32.75634765625
3401003780.0,-0.6800463795661926,3.6459944248199454,9.361906051635742,0.5161401629447937,1.149324655532837,32.96715545654297
3401012113.0,-0.9528217315673828,3.8882031440734863,9.45078945159912,0.5396028757095337,1.3701196908950806,32.97773361206055
3401020446.0,-1.0456454753875732,3.7457242012023926,9.835906982421877,0.5556885600090027,1.1380800008773804,33.06643295288086
3401028779.0,-0.9250327348709106,3.558229684829712,9.579110145568848,0.7322733402252197,0.8645453453063965,33.05949401855469
3401037112.0,-0.6577484607696533,3.752442121505737,9.609318733215332,1.051119327545166,0.9254302382469176,33.27003479003906
3401045445.0,-0.5940917134284973,3.890491008758545,9.30294418334961,1.1678950786590576,1.2669453620910645,33.451419830322266
3401053778.0,-0.7040090560913086,3.692862749099731,9.242796897888184,1.2773191928863523,1.5200142860412598,33.4959602355957
3401062111.0,-0.9418169856071472,3.673166036605835,9.32334041595459,1.3238344192504885,1.7848654985427856,33.68960189819336
3401070444.0,-0.9120346307754515,3.49031662940979,9.468789100646973,1.5222426652908323,1.6334599256515503,33.756736755371094
3401078777.0,-0.7610772252082825,3.6412353515625,9.442532539367676,1.716629147529602,1.4747024774551392,33.71631622314453
3401087110.0,-0.6234462857246399,3.57025146484375,9.397114753723145,2.030532121658325,1.7038992643356323,33.892704010009766
3401095443.0,-0.5622265934944153,3.136337995529175,9.48128890991211,2.390822172164917,1.958837628364563,34.07548141479492
3401103776.0,-0.8400551080703735,3.3391425609588623,9.533831596374512,2.5018084049224854,2.337697982788086,34.23592758178711
3401112109.0,-0.8951905965805054,3.544483661651612,9.702607154846191,3.234069585800171,2.650755882263184,34.420536041259766
3401120442.0,-0.7363810539245605,3.8880484104156494,9.914433479309082,3.578401565551758,2.185318946838379,34.191490173339844
3401128775.0,-0.5562863945960999,4.276968479156494,9.984417915344238,3.267726421356201,2.2015841007232666,34.31243896484375
3401137108.0,-0.486634761095047,4.431511402130127,9.947061538696287,2.972240209579468,2.737562417984009,34.38900375366211
3401145441.0,-0.8626977205276489,4.527328968048096,9.981080055236816,3.122032403945923,3.559908390045166,34.601318359375
3401153774.0,-1.185391545295715,4.563488960266113,10.25600814819336,2.806567430496216,3.6092159748077393,34.78955841064453
3401162107.0,-1.0854727029800415,4.2624101638793945,10.222562789916992,2.390310287475586,2.7201197147369385,34.90167236328125
3401170440.0,-0.9495497345924376,4.407501220703125,9.960235595703123,2.397456645965576,2.413260698318481,34.891841888427734
3401178773.0,-0.8858827948570251,4.56405782699585,9.854777336120604,2.273329257965088,3.1573288440704346,34.9601936340332
3401187106.0,-0.9378289580345154,4.582456111907959,10.284479141235352,1.8337888717651367,3.5998411178588867,34.94065475463867
3401195439.0,-1.3497687578201294,4.875438213348389,10.125527381896973,1.7722890377044678,3.671279191970825,34.98650360107422
3401203772.0,-1.3564186096191406,4.874022006988525,10.427610397338867,1.344428777694702,3.3361682891845703,34.961971282958984
3401212105.0,-1.306179761886597,4.735976219177246,10.301339149475098,1.0012487173080444,2.6118738651275635,35.036434173583984
3401220438.0,-1.3068935871124268,4.887477874755859,10.084359169006348,0.7984861135482788,2.920243263244629,35.064910888671875
3401228771.0,-1.2517642974853516,4.826790809631348,10.275898933410645,0.6625000238418579,3.270236253738404,35.094852447509766
3401237104.0,-1.323845148086548,4.614461898803711,9.972823143005373,0.8523786067962646,2.6693263053894043,35.11936950683594
3401245437.0,-1.479204177856445,4.533746242523193,9.8695068359375,0.4206758141517639,2.623809814453125,35.02777099609375
3401253770.0,-1.4657433032989502,4.536318778991699,10.173364639282228,0.2721899747848511,2.917810440063477,34.91886520385742
3401262103.0,-1.67576265335083,4.881255626678467,10.189589500427246,0.2141480296850204,3.007434606552124,34.859588623046875
3401270436.0,-1.7403653860092163,5.168567657470703,10.72818088531494,0.1455530375242233,2.86212420463562,34.6818962097168
3401278769.0,-1.5822601318359375,5.011594295501709,10.53763198852539,-0.0784820988774299,1.7986459732055664,34.46571731567383
3401287102.0,-1.3410083055496216,4.957650661468506,10.336109161376951,-0.6373083591461182,1.3918659687042236,34.56965637207031
3401295435.0,-1.0409150123596191,4.837790966033936,9.950531959533691,-0.8490102887153625,1.51463520526886,34.4935302734375
3401303768.0,-1.0675909519195557,4.022732734680176,9.68784236907959,-0.7553133368492126,1.7802038192749023,34.55941390991211
3401312101.0,-1.465299129486084,4.027135848999023,9.569442749023438,-0.3858532011508941,2.487438917160034,34.47726821899414
3401320434.0,-1.649673342704773,3.822022438049317,10.031542778015137,0.0258575938642025,2.2968437671661377,34.43085479736328
3401328767.0,-1.5244324207305908,3.822359323501587,9.916714668273926,0.1743434518575668,1.366917610168457,34.41878890991211
3401337100.0,-1.185314655303955,3.979719400405884,9.626665115356444,0.6315580010414124,0.9779652953147888,34.26162338256836
3401345433.0,-0.9879567623138428,3.663975954055786,9.359071731567385,0.7249475717544556,1.101323485374451,34.42491149902344
3401353766.0,-1.3031383752822876,3.4769933223724365,8.956808090209961,1.2606699466705322,1.487151026725769,34.5593376159668
3401362099.0,-1.225657939910889,3.780495405197144,9.359285354614258,1.485050916671753,1.634945511817932,34.60892868041992
3401370432.0,-1.013750672340393,3.84147572517395,9.47244930267334,1.8457764387130733,0.8348584175109863,34.543582916259766
3401378765.0,-0.8083297610282898,4.18331241607666,9.281126976013184,1.963448405265808,0.9186171293258668,34.56154251098633
3401387098.0,-0.8383272886276245,4.12661600112915,9.193965911865234,2.0763309001922607,1.7392470836639404,34.656497955322266
3401395431.0,-1.1921144723892212,3.651373624801636,9.39659595489502,2.0562744140625,2.212547063827514,34.83671188354492
3401403764.0,-1.466875076293945,3.654152870178223,9.54969310760498,2.0744612216949463,2.111191987991333,35.01118087768555
3401412097.0,-1.2658212184906006,3.632956743240357,9.78022575378418,2.3132882118225098,0.8037627339363098,34.932464599609375
3401420430.0,-0.9271185398101808,3.778478384017944,9.198321342468262,2.480088472366333,0.1875348389148712,35.04493713378906
3401428763.0,-0.8862453699111938,4.003777980804443,8.94246768951416,2.427220344543457,1.0796539783477783,35.293495178222656
3401437096.0,-0.988291323184967,3.782635927200317,9.195921897888184,2.3323962688446045,1.734277844429016,35.304283142089844
3401445429.0,-1.199611783027649,3.906338691711426,9.323480606079102,2.1488702297210693,1.7151694297790527,35.38370895385742
3401453762.0,-0.9743948578834534,3.877749919891357,9.745256423950195,2.348533391952514,1.3376407623291016,35.56050109863281
3401462095.0,-0.903096079826355,3.982429027557373,9.425786018371582,2.2473058700561523,0.7868573069572449,35.67486572265625
3401470428.0,-0.9305558800697328,4.331397533416748,9.143671035766602,2.256911516189575,1.2585440874099731,35.80007553100586
3401478761.0,-0.6562736630439758,4.1171650886535645,9.493501663208008,1.963653564453125,1.5507773160934448,36.03144454956055
3401487094.0,-0.8297991752624512,4.108272552490234,9.23111629486084,1.7116601467132568,1.3634343147277832,35.933719635009766
3401495427.0,-0.843128502368927,4.2894392013549805,9.309638023376465,1.7244160175323486,1.6573067903518677,35.834800720214844
3401503760.0,-0.6670140624046326,4.189871311187744,9.25760555267334,1.865909576416016,1.3744230270385742,35.80601501464844
3401512093.0,-0.675298273563385,4.110457897186279,9.355148315429688,1.5834097862243652,1.2681750059127808,35.90570831298828
3401520426.0,-0.8075584173202515,4.02033281326294,9.351245880126951,1.5405056476593018,1.884915113449097,35.852909088134766
3401528759.0,-0.9853327870368958,4.070413112640381,9.320660591125488,1.7322286367416382,2.2605738639831543,35.92621994018555
3401537092.0,-0.9240133166313172,4.098757266998291,9.56616497039795,2.004021406173706,2.035808801651001,35.79755783081055
3401545425.0,-0.7494509816169739,3.928687810897827,9.54564380645752,1.6726242303848269,1.4165585041046145,35.710548400878906
3401553758.0,-0.6376141905784607,4.274856090545654,9.367613792419434,1.560664415359497,1.874054789543152,35.6862678527832
3401562091.0,-0.4265632331371307,4.508885860443115,9.70863151550293,1.993033051490784,2.749934196472168,35.79159164428711
3401570424.0,-0.4971188604831695,4.3622894287109375,9.714119911193848,1.9817886352539065,2.423583507537842,35.65113067626953
3401578757.0,-0.6627812385559082,4.213684558868408,9.660691261291504,1.7752606868743896,2.3743269443511963,35.60594177246094
3401587090.0,-0.595189094543457,4.408967018127441,9.546479225158691,1.7284631729125977,2.746502161026001,35.573997497558594
3401595423.0,-0.7550881505012512,4.627532958984375,9.52996826171875,1.8517701625823968,3.059277534484864,35.40824890136719
3401603756.0,-0.7479971051216125,4.542905330657959,9.791390419006348,1.7758240699768066,3.4339635372161865,35.425636291503906
3401612089.0,-0.6264168620109558,4.220351696014404,9.866619110107422,1.5944749116897583,2.8894550800323486,35.48429489135742
3401620422.0,-0.8154243230819702,4.671393871307373,10.085673332214355,1.50564444065094,2.975621223449707,35.37563705444336
3401628755.0,-0.733025848865509,4.914988994598389,10.070549011230469,1.4817209243774414,3.8248112201690674,35.31293487548828
3401637088.0,-0.6040921807289124,5.045413970947266,10.635766983032228,1.4124345779418943,3.5246379375457764,35.12944030761719
3401645421.0,-0.351703405380249,5.338022232055664,10.319756507873535,0.8999954462051392,3.123364210128784,35.01094055175781
3401653754.0,-0.2228803783655166,4.833444595336914,10.225287437438965,0.6653688549995422,3.287526607513428,35.010223388671875
3401662087.0,-0.5340651273727417,4.514193058013916,9.746874809265137,0.5492849946022034,4.092173099517822,35.196876525878906
3401670420.0,-1.0779813528060913,4.226054668426514,9.774846076965332,0.5160121321678162,4.920486927032471,35.11491012573242
3401678753.0,-1.2117079496383667,3.9888393878936768,9.942386627197266,0.7053015232086182,3.850732564926148,35.00756072998047
3401687086.0,-0.9467090964317322,3.9147214889526367,9.91539478302002,0.3975718319416046,2.787562131881714,35.031341552734375
3401695419.0,-0.7000187635421753,3.672474384307861,9.88915729522705,0.2484455704689026,3.018756151199341,35.22226333618164
3401703752.0,-1.0144100189208984,3.7034831047058105,9.704140663146973,0.7819138169288635,4.514603614807129,35.11378860473633
3401712085.0,-1.0589500665664673,3.836624383926392,10.231204986572266,1.4793901443481443,4.569930553436279,35.19731903076172
3401720418.0,-0.8908320069313049,3.818713665008545,10.249085426330566,1.3693255186080933,2.7733969688415527,35.1762809753418
3401728751.0,-0.8073238134384155,3.9702982902526855,9.610344886779783,1.127194046974182,2.252889394760132,35.22454071044922
3401737084.0,-0.77382493019104,4.131130218505859,9.517990112304688,1.2099536657333374,3.769433259963989,35.537086486816406
3401745417.0,-1.0852956771850586,3.922063112258911,9.930279731750488,1.392967700958252,4.190506458282471,35.55266189575195
3401753750.0,-1.2557265758514404,3.859454393386841,10.083491325378418,1.7117884159088137,3.256123781204224,35.545284271240234
3401762083.0,-1.034010410308838,3.632373332977295,9.85506534576416,1.51168954372406,2.0338876247406006,35.49220657348633
3401770416.0,-0.9623607993125916,3.706280708312988,9.369009971618652,1.646190166473389,1.840627789497376,35.550758361816406
3401778749.0,-0.9597129821777344,3.976194143295288,9.450065612792969,2.0097076892852783,2.8384058475494385,35.754981994628906
3401787082.0,-0.9476739764213562,3.8269176483154297,9.950690269470217,2.1632142066955566,2.706953763961792,35.56995391845703
3401795415.0,-0.8757134079933167,3.650650978088379,9.78662109375,2.25399112701416,1.508026957511902,35.67816925048828
3401803748.0,-0.820136308670044,3.566368818283081,9.714590072631836,2.2994048595428467,1.3150489330291748,35.49433135986328
3401812081.0,-0.8400920033454895,3.779064893722534,9.793331146240234,2.65567398071289,2.1778910160064697,35.66961669921875
3401820414.0,-0.9077546000480652,4.436812877655029,10.071661949157717,3.02912974357605,2.1083738803863525,35.833621978759766
3401828747.0,-0.7937449216842651,4.373229503631592,10.320995330810549,2.56246304512024,1.1352622509002686,35.48206329345703
3401837080.0,-0.8162813186645508,4.141369819641113,9.58610725402832,2.2688729763031006,0.8763535618782043,35.59577178955078
3401845413.0,-0.7521075010299683,3.926410675048828,9.710634231567385,2.448864459991455,1.6418102979660034,35.72835159301758
3401853746.0,-0.6304113864898682,3.8556969165802,9.884947776794434,2.7533154487609863,1.2229912281036377,35.661033630371094
3401862079.0,-0.7654011845588684,4.293186187744141,9.611330032348633,2.6845157146453857,0.9196929931640624,35.563804626464844
3401870412.0,-0.6155776381492615,4.003312587738037,9.666787147521973,2.656390905380249,1.2076995372772217,35.44625473022461
3401878745.0,-0.5898359417915344,4.083689212799072,9.887194633483888,2.495558977127075,1.115667462348938,35.49909591674805
3401887078.0,-0.4716323018074035,3.947357892990112,9.703736305236816,2.6157925128936768,0.9568336606025696,35.55171585083008
3401895411.0,-0.2665148973464966,4.024410724639893,9.582921028137209,3.051312208175659,0.3925257921218872,35.37920379638672
3401903744.0,-0.5977102518081665,3.9890682697296143,9.302189826965332,2.9255459308624268,0.7884198427200317,35.36936569213867
3401912077.0,-0.4461668133735657,3.9438998699188232,9.667498588562012,2.868297576904297,1.1546523571014404,35.428688049316406
3401920410.0,-0.6036671996116638,4.28414249420166,9.61393928527832,2.816377878189087,0.685655415058136,35.27741241455078
3401928743.0,-0.35418701171875,4.157796382904053,9.447148323059082,3.10648512840271,0.6827866435050964,35.22146987915039
3401937076.0,-0.0989154502749443,3.9513208866119385,9.604342460632324,3.0156054496765137,0.4465718567371368,35.1021842956543
3401945409.0,-0.3974279165267944,4.21507453918457,9.270607948303224,2.874958038330078,0.654098629951477,35.1666259765625
3401953742.0,-0.376961350440979,4.194397449493408,9.517145156860352,2.894373178482056,1.1929969787597656,35.17400360107422
3401962075.0,-0.637739360332489,4.414051532745361,9.642533302307127,2.874342679977417,0.8030198812484741,35.103668212890625
3401970408.0,-0.4403743743896484,3.987017393112183,9.563648223876951,2.629751682281494,0.6813777089118958,35.058406829833984
3401978741.0,-0.2259944379329681,3.812937259674072,9.422014236450195,2.5382072925567627,0.1316445022821426,35.04363250732422
3401987074.0,-0.4019735157489776,4.028258800506592,9.140253067016602,2.7373580932617188,0.7249733209609985,35.01041030883789
3401995407.0,-0.5037788152694702,3.970742702484131,9.640564918518066,3.095240592956543,1.2029612064361572,34.965274810791016
3402003740.0,-0.5577471852302551,4.35329532623291,10.145586967468262,2.843451738357544,0.6904964447021484,34.7480354309082
3402012073.0,-0.1421401351690292,4.214771270751953,9.862290382385254,2.599552869796753,-0.1557090878486633,34.81094741821289
3402020406.0,0.1554371267557144,4.129506587982178,9.471440315246582,2.6597719192504883,-0.6278568506240845,34.70572280883789
3402028739.0,0.0171615928411483,3.768524169921875,8.790632247924805,2.839711904525757,0.6268705725669861,34.77936172485352
3402037072.0,-0.1818424463272094,3.461454153060913,9.387611389160156,3.159941911697388,1.4165583848953247,34.69291687011719
3402045405.0,-0.3709018528461456,3.801005601882935,9.812106132507324,3.281456470489502,0.8944373726844788,34.60124588012695
3402053738.0,-0.2711212635040283,4.412352085113525,10.033404350280762,3.4097068309783936,0.2429384589195251,34.503170013427734
3402062071.0,-0.3029800057411194,5.524761199951172,10.009685516357422,3.028873920440674,0.6441090703010559,34.22697448730469
3402070404.0,0.1132674738764762,5.4239606857299805,10.290616035461426,2.6227853298187256,0.7882918119430542,34.26939010620117
3402078737.0,0.0530422702431678,5.868605136871338,10.331157684326172,1.3099005222320557,0.1940664499998092,34.11544418334961
3402087070.0,0.3215125501155853,5.536433696746826,10.04755973815918,0.6691598296165466,1.0604945421218872,34.50493621826172
3402095403.0,0.0021667815744876,5.3774518966674805,10.095413208007812,0.2235228419303894,0.9445898532867432,34.511898040771484
3402103736.0,-0.0884496867656707,5.050241470336914,9.613327980041504,-0.2056312710046768,1.50218665599823,34.505035400390625
3402112069.0,-0.1179736629128456,4.499758720397949,9.892014503479004,-0.7548522353172302,0.8055557012557983,34.290645599365234
3402120402.0,-0.1403345018625259,4.638538837432861,9.364028930664062,-0.9717026352882384,1.2446353435516355,34.22277069091797
3402128735.0,-0.1719165295362472,4.661179065704346,9.889090538024902,-0.6064432859420776,1.5802333354949951,34.12443161010742
3402137068.0,-0.3461836874485016,4.524635314941406,9.94369888305664,-0.7405338883399963,1.5826666355133057,34.140235900878906
3402145401.0,-0.1407528668642044,4.146596431732178,10.004167556762695,-0.824984073638916,1.0733784437179563,34.115238189697266
3402153734.0,-0.0680368617177009,4.235722064971924,9.557750701904297,-0.8691430687904358,0.647746205329895,34.01861953735352
3402162067.0,0.4105429947376251,4.141983509063721,9.608545303344728,-0.3512227535247803,1.1059085130691528,33.96928787231445
3402170400.0,0.2250832468271255,4.381767749786377,9.617506980895996,-0.2821410894393921,1.6390180587768557,33.86355209350586
3402178733.0,0.0204037763178348,4.199533939361572,9.776479721069336,-0.3012749850749969,2.4785001277923584,33.87843704223633
3402187066.0,-0.1274037361145019,4.24159574508667,10.03256607055664,-0.1886490434408188,1.967546820640564,33.69429397583008
3402195399.0,-0.0454218573868274,4.19842529296875,9.98938274383545,0.0429679229855537,1.7307171821594238,33.51222610473633
3402203732.0,0.1087104827165603,4.111344337463379,9.821175575256348,0.1070547923445701,1.488303780555725,33.6429328918457
3402212065.0,0.2616511881351471,4.123287677764893,9.798813819885254,0.1076951473951339,2.0306856632232666,33.59892654418945
3402220398.0,0.2434774041175842,4.021965026855469,10.051934242248535,-0.0281756836920976,2.068979263305664,33.49578094482422
3402228731.0,0.209637701511383,4.184409141540527,9.82852840423584,-0.1920045018196106,2.387697458267212,33.37662506103516
3402237064.0,0.2901416718959808,4.166074275970459,10.013070106506348,0.1826937198638916,2.299276828765869,33.3036994934082
3402245397.0,0.1668128669261932,4.240115642547607,9.638748168945312,-0.249201163649559,2.4986071586608887,33.09184646606445
3402253730.0,0.3206733763217926,4.098995208740234,10.063005447387695,-0.3466377258300781,2.6198647022247314,33.20677185058594
3402262063.0,-0.1678631603717804,4.331326961517334,9.701302528381348,-0.8733693361282349,2.866299152374268,33.09793472290039
3402270396.0,-0.1048067510128021,3.9886417388916016,10.088370323181152,-0.5330070853233337,3.0711114406585693,33.161895751953125
3402278729.0,-0.08084537088871,3.799475908279419,9.986762046813965,-0.8463975191116333,2.2065789699554443,33.00465393066406
3402287062.0,0.2029207646846771,3.279916524887085,9.646461486816406,-0.7392531633377075,1.7060506343841553,32.9561882019043
3402295395.0,0.1150272935628891,3.532055139541626,9.288190841674805,-0.5262961983680725,2.094797849655152,32.80890274047852
3402303728.0,0.1246650218963623,3.3839073181152344,9.450113296508787,-0.3595985770225525,2.8626112937927246,32.638057708740234
3402312061.0,-0.1124396249651908,3.8059818744659424,9.828361511230469,-0.279579609632492,2.820373296737671,32.34341812133789
3402320394.0,0.1781997680664062,3.764277696609497,9.60925006866455,-0.1300435811281204,2.2038888931274414,32.35455703735352
3402328727.0,-0.0701981633901596,3.768111944198608,9.800384521484377,-0.2267373949289322,1.861221432685852,32.352333068847656
3402337060.0,-0.1161377802491188,3.5429065227508545,9.45903205871582,-0.3966367840766907,2.8431954383850098,32.28968048095703
3402345393.0,-0.0729563534259796,3.6438145637512207,10.169809341430664,-0.2859831750392914,2.780773162841797,32.304405212402344
3402353726.0,0.2035957276821136,3.5818440914154053,10.13974666595459,-0.1063759997487068,1.932864785194397,32.17648696899414
3402362059.0,0.1892334371805191,3.4646012783050537,9.925015449523926,-0.1177231147885322,1.6352269649505615,31.94491195678711
3402370392.0,0.2877859771251678,3.453958511352539,9.54816436767578,-0.0713100805878639,2.886303901672364,31.90902137756348
3402378725.0,-0.0109053188934922,3.70186710357666,10.085966110229492,0.1761620491743087,3.036505937576294,31.61986541748047
3402387058.0,0.0742752104997634,3.5580947399139404,9.887824058532717,0.1708086878061294,2.541997194290161,31.39034080505371
3402395391.0,-0.1243803203105926,3.3246257305145264,9.976788520812988,0.2461402267217636,1.7839179039001465,31.28921699523925
3402403724.0,-0.0628107413649559,3.376100778579712,9.483234405517578,0.269193023443222,2.2726120948791504,31.32581329345703
3402412057.0,0.0005166388582438,3.33949875831604,9.89677906036377,0.5956467390060425,2.085371732711792,31.120180130004883
3402420390.0,0.2706508338451385,3.3807287216186523,9.911033630371094,0.7941059470176697,1.793113112449646,30.927534103393555
3402428723.0,0.2948002815246582,3.235464572906494,9.961750984191896,0.7133954167366028,1.825310230255127,30.654897689819336
3402437056.0,0.3571121394634247,3.42031192779541,9.911622047424316,0.9495075345039368,2.4544219970703125,30.49647331237793
3402445389.0,0.2157116830348968,3.6739678382873535,10.31560230255127,1.0150032043457031,2.368050575256348,30.271678924560547
3402453722.0,-0.0654915869235992,4.34889554977417,9.877897262573242,0.6427512764930725,2.103224754333496,30.00595664978028
3402462055.0,-0.3978293836116791,4.424129962921143,9.984500885009766,0.3688836991786957,1.9342223405838013,29.63265991210937
3402470388.0,-0.4774157702922821,4.358415603637695,9.641487121582031,-0.5200974345207214,1.6812554597854614,29.377819061279297
3402478721.0,-0.3311723470687866,4.051975250244141,10.077681541442873,-0.817171573638916,0.9240214228630066,29.31795883178711
3402487054.0,-0.0135880168527364,4.006072521209717,9.714794158935549,-1.3096824884414673,0.6939285397529602,29.03523063659668
3402495387.0,0.1022411286830902,3.711775541305542,9.73651885986328,-1.2436232566833496,0.5815331935882568,28.713924407958984
3402503720.0,0.0516284890472888,3.497528076171875,9.712844848632812,-1.4941304922103882,1.2219918966293335,28.470483779907227
3402512053.0,0.0400135926902294,3.042253494262696,10.077343940734863,-1.4568614959716797,0.940542459487915,28.197996139526367
3402520386.0,-0.1354589015245437,3.604222536087036,9.99034023284912,-1.621202826499939,0.5095826983451843,27.717885971069336
3402528719.0,0.0502131953835487,3.350965976715088,10.056044578552246,-1.1929326057434082,0.5798938274383545,27.566659927368164
3402537052.0,0.3856982290744781,3.471399545669556,9.896037101745604,-1.5989439487457275,-0.0675704032182693,27.15363121032715
3402545385.0,0.2180265039205551,3.0128934383392334,9.425896644592283,-1.6306546926498413,0.0778801441192627,26.91716194152832
3402553718.0,0.1365915089845657,2.681503295898437,9.470144271850586,-1.5447698831558228,0.9277865290641784,26.716392517089844
3402562051.0,0.5682405233383179,2.363119840621948,9.957529067993164,-1.067986249923706,0.5734902620315552,26.54798126220703
3402570384.0,0.4979309439659118,2.410930156707764,9.807140350341797,-0.9529269933700562,-0.5104407072067261,26.17580223083496
3402578717.0,0.6552392840385437,2.313809394836426,9.122265815734863,-0.4939708113670349,-0.207936480641365,26.029699325561523
3402587050.0,0.4833545088768005,2.681511402130127,9.567758560180664,-0.1607037931680679,0.5773323178291321,25.768022537231445
3402595383.0,0.4324359893798828,2.62532901763916,9.84633731842041,-0.2859318256378174,0.9315518140792848,25.567949295043945
3402603716.0,0.1866578757762909,2.8519508838653564,10.021285057067873,-0.5642306804656982,0.5111963748931885,25.25599479675293
3402612049.0,0.4936886727809906,2.705650806427002,9.787734985351562,-0.0777136236429214,0.1700914204120636,25.17584800720215
3402620382.0,0.5449661016464233,2.72428560256958,9.82170867919922,-0.3473548293113708,-0.1910822987556457,24.931514739990234
3402628715.0,0.7497621178627014,2.3978328704833984,9.582301139831545,-0.3941520154476166,0.2378923147916793,24.827363967895508
3402637048.0,0.5952677726745605,2.6100590229034424,9.606951713562012,-0.3415916264057159,0.5891661643981934,24.58828353881836
3402645381.0,0.7044307589530945,2.366910457611084,9.64823055267334,-0.1594486981630325,0.6478484272956848,24.32642936706543
3402653714.0,0.4522055983543396,2.328420400619507,9.60555934906006,-0.1340906023979187,0.1560804098844528,24.08393669128418
3402662047.0,0.5485457181930542,2.354422092437744,9.33863353729248,-0.1449766308069229,0.3329468071460724,23.93593978881836
3402670380.0,0.3643441796302795,2.5383048057556152,9.735288619995115,-0.1468720883131027,0.4951106011867523,23.59421730041504
3402678713.0,0.4135356247425079,2.4044904708862305,9.713261604309082,-0.1479734927415847,0.7931578755378723,23.359025955200195
3402687046.0,0.3837640285491943,2.4710512161254883,9.918049812316896,0.0056479419581592,0.4113776683807373,22.956836700439453
3402695379.0,0.7490314841270447,2.10565447807312,9.87771987915039,0.0029840595088899,0.1540824919939041,22.83403587341309
3402703712.0,0.7130559086799622,2.267848253250122,9.62795639038086,-0.0408547185361385,0.1766486465930938,22.43181610107422
3402712045.0,0.8883523941040039,2.1953494548797607,9.692220687866213,0.0076458514668047,0.8445912599563599,22.06816864013672
3402720378.0,0.5773486495018005,2.403017044067383,9.911945343017578,-0.05952750146389,0.9307319521903992,21.62486457824707
3402728711.0,0.5215596556663513,2.317933797836304,9.850363731384276,-0.0273560173809528,1.120072603225708,21.362525939941406
3402737044.0,0.4074060618877411,2.2456815242767334,10.162405014038086,-0.2670796811580658,0.8059905767440796,21.08178901672364
3402745377.0,0.5716031193733215,2.005655765533448,9.671008110046388,-0.2467164099216461,0.8077068328857422,20.76960563659668
3402753710.0,0.4504242539405823,1.9766380786895752,10.02566909790039,-0.0397533066570758,0.9356243014335632,20.430395126342773
3402762043.0,0.658390462398529,1.876089334487915,9.857463836669922,0.0732951611280441,0.9990707635879515,20.09210777282715
3402770376.0,0.564614474773407,1.7417070865631104,10.166034698486328,-0.0786613300442695,0.5926750898361206,19.642240524291992
3402778709.0,0.7429783344268799,1.9282361268997192,9.72165584564209,0.1434013247489929,0.8461281061172485,19.30902671813965
3402787042.0,0.704958438873291,2.0577521324157715,9.8347749710083,0.1246517151594162,0.6894713044166565,18.88101387023925
3402795375.0,0.7846368551254272,2.1025240421295166,9.701632499694824,0.0265747774392366,1.112849235534668,18.528356552124023
3402803708.0,0.5891934633255005,1.97547709941864,10.085248947143556,-0.4062930941581726,1.3969876766204834,18.180538177490234
3402812041.0,0.4195146858692169,2.0382299423217773,10.088855743408203,-0.5161014199256897,1.6960089206695557,17.926834106445312
3402820374.0,0.4344809353351593,1.8302983045578003,10.476865768432615,-0.137113019824028,1.272143840789795,17.679725646972656
3402828707.0,0.6676245927810669,1.7245073318481443,10.061755180358888,-0.289773941040039,0.7254849672317505,17.22541046142578
3402837040.0,0.9014744758605956,1.401389718055725,10.235136032104492,-0.212034672498703,0.7099882960319519,17.004281997680664
3402845373.0,0.9224504232406616,1.4310976266860962,9.713141441345217,-0.2108820974826812,1.0996323823928833,16.59527587890625
3402853706.0,0.7969637513160706,1.1795165538787842,10.05235481262207,0.1736261248588562,1.8566100597381592,16.416282653808594
3402862039.0,0.619164764881134,1.283607006072998,9.92752456665039,0.1352047622203827,1.7265663146972656,16.04825782775879
3402870372.0,0.6340809464454651,1.3395652770996094,10.07641315460205,0.2494186908006668,1.515761137008667,15.8101224899292
3402878705.0,0.6180668473243713,1.6988918781280518,9.95980739593506,0.2764928936958313,1.6279513835906982,15.47631549835205
3402887038.0,0.6290523409843445,1.328311324119568,10.192138671875,0.4304089248180389,2.0480763912200928,15.442686080932615
3402895371.0,0.3934221267700195,1.478259563446045,10.121054649353027,0.5234398245811462,1.875666618347168,15.135108947753906
3402903704.0,0.4727718234062195,1.089708924293518,10.00511646270752,0.6219521164894104,1.587634563446045,15.00040340423584
3402912037.0,0.3701564371585846,1.1071536540985107,9.81217098236084,0.697565495967865,1.138386607170105,14.74925708770752
3402920370.0,0.5884960889816284,0.8587546944618225,9.756696701049805,0.8962805867195129,1.2418678998947144,14.38873291015625
3402928703.0,0.6068776249885559,1.0571672916412354,9.87456226348877,0.7084259390830994,1.0376203060150146,14.003806114196776
3402937036.0,0.4768174886703491,1.0234662294387815,9.794951438903809,0.8763272762298584,1.832071304321289,13.6452054977417
3402945369.0,0.3470966517925262,1.330247163772583,10.117084503173828,0.9536819458007812,1.8319941759109497,13.470412254333496
3402953702.0,0.4349531531333923,1.1978486776351929,10.155200004577637,0.9555519223213196,1.2791109085083008,13.212963104248049
3402962035.0,0.4428071975708008,1.297372341156006,9.998594284057615,0.8113951086997986,0.6065835952758789,12.92060375213623
3402970368.0,0.5627999901771545,1.1190524101257324,9.905647277832031,0.83442223072052,1.2241941690444946,12.802777290344238
3402978701.0,0.514290452003479,1.1162269115447998,10.04216766357422,0.9045540690422058,0.9870575666427612,12.63953971862793
3402987034.0,0.4629108011722564,1.0887565612792969,9.781109809875488,0.8782480359077454,0.9094974398612976,12.09848690032959
3402995367.0,0.4891746640205383,0.9764400720596312,9.825751304626465,0.8810144662857056,0.4609922170639038,11.653363227844238
3403003700.0,0.559909462928772,1.0177606344223022,9.516559600830078,0.562527060508728,0.7410070300102234,11.422066688537598
3403012033.0,0.5309407114982605,0.8487296104431152,9.883469581604004,0.6077105402946472,1.1617209911346436,11.077607154846191
3403020366.0,0.4019220173358917,1.0069745779037476,9.901453971862791,0.6779705286026001,1.262897253036499,10.590834617614746
3403028699.0,0.4071714282035827,0.6862096786499023,9.80342960357666,0.9385185837745668,0.8858301043510437,10.181110382080078
3403037032.0,0.5065380334854126,0.7388343811035156,9.620155334472656,1.0522456169128418,0.2972403764724731,9.88185691833496
3403045365.0,0.6269698739051819,0.6458792090415955,9.641404151916504,0.9790914058685304,0.3870439231395721,9.58429718017578
3403053698.0,0.5664991140365601,0.9766291975975036,9.517786979675291,0.927965521812439,1.0245311260223389,9.180693626403809
3403062031.0,0.5947663187980652,0.7293315529823303,9.870646476745604,1.3971669673919678,1.0996575355529783,9.052827835083008
3403070364.0,0.3815264999866485,0.7129089832305908,9.94314670562744,1.1335450410842896,0.3615321218967438,8.736642837524414
3403078697.0,0.6689891219139099,0.4120728671550751,9.896357536315918,1.2580045461654663,0.1354352682828903,8.570330619812012
3403087030.0,0.7650357484817505,0.7485215067863464,9.876672744750977,1.2493470907211304,0.1619459837675094,8.150846481323242
3403095363.0,0.811581015586853,0.6241075992584229,9.64443588256836,1.1960440874099731,0.9555520415306092,7.913532257080078
3403103696.0,0.6697950959205627,0.5283104181289673,9.971101760864258,0.8903123140335083,1.168636679649353,7.414103984832764
3403112029.0,0.8043708801269531,0.6324416995048523,9.992635726928713,0.9755309820175172,0.9885429739952089,7.462771415710449
3403120362.0,0.8000025749206543,0.6055822372436523,10.017430305480955,1.0396177768707275,0.4350962340831756,7.202198028564453
3403128695.0,0.8161115646362305,0.6842908263206482,9.57075309753418,1.149041771888733,0.6934157609939575,7.073153018951416
3403137028.0,0.7178776860237122,0.579863965511322,9.592674255371094,1.2645363807678225,0.6776373386383057,6.791934013366699
3403145361.0,0.4921636581420898,0.4474637508392334,9.5361967086792,0.9786302447319032,1.247989535331726,6.693575859069824
3403153694.0,0.6063278317451477,0.334514170885086,9.821470260620115,1.0435110330581665,1.241637110710144,6.374805927276611
3403162027.0,0.6428278684616089,0.4456988275051117,9.78696346282959,0.9287338256835938,1.2529586553573608,6.124248504638672
3403170360.0,0.7802889347076416,-0.0459363013505935,9.95445156097412,1.19366192817688,1.22562837600708,5.9128289222717285
3403178693.0,0.6086556315422058,0.3115880787372589,9.716501235961914,1.0043723583221436,1.2154338359832764,5.713420867919922
3403187026.0,0.6528111100196838,0.1630812883377075,9.80744457244873,1.4603571891784668,1.7097117900848389,5.551129817962647
3403195359.0,0.5236852765083313,0.3947083055973053,9.93301773071289,1.4130219221115112,1.493655562400818,5.431511402130127
3403203692.0,0.620331883430481,0.0632035583257675,9.872247695922852,1.246964931488037,1.671981930732727,5.310970783233643
3403212025.0,0.6290544271469116,0.3232896029949188,9.957497596740724,1.3551084995269775,1.4513154029846191,5.1254987716674805
3403220358.0,0.5569490194320679,0.3371177017688751,9.771761894226074,1.4208601713180542,1.955198884010315,4.961285591125488
3403228691.0,0.3686487376689911,0.4022014737129211,10.004549980163574,1.2495520114898682,2.3609278202056885,4.724789619445801
3403237024.0,0.413951575756073,0.2281181365251541,10.197298049926758,1.2718877792358398,2.180757761001587,4.557938098907471
3403245357.0,0.3484026789665222,0.2731490731239319,10.236754417419434,1.2014228105545044,1.4085652828216553,4.227591037750244
3403253690.0,0.5271889567375183,0.1204398199915885,9.843091011047363,1.456284761428833,1.6754913330078125,3.996627569198608
3403262023.0,0.6400679349899292,0.1978046894073486,9.94431495666504,1.6498003005981443,1.839678645133972,3.828521728515625
3403270356.0,0.5925101637840271,0.0384293347597122,9.774089813232422,1.7172424793243408,2.25229811668396,3.558701276779175
3403278689.0,0.4696378409862518,0.0078291343525052,10.052945137023926,1.6745434999465942,2.081732988357544,3.482652425765991
3403287022.0,0.4351957440376282,0.2942931652069092,9.793896675109863,1.6990052461624146,2.223072290420532,3.3197970390319824
3403295355.0,0.2213060706853866,0.2899350225925445,9.96795654296875,1.871312141418457,2.2614426612854004,3.152869462966919
3403303688.0,0.1805550754070282,0.2145189195871353,9.88731575012207,1.684430480003357,2.458595037460327,3.1162405014038086
3403312021.0,0.2225328236818313,-0.0339486189186573,10.338122367858888,1.7710319757461548,1.790601372718811,2.8640682697296143
3403320354.0,0.4016354382038116,-0.0435573980212211,9.856616020202637,1.8247710466384888,1.423677682876587,2.76880955696106
3403328687.0,0.4626948833465576,-0.2274630665779113,9.948524475097656,2.094923973083496,1.463558793067932,2.609872817993164
3403337020.0,0.2520421147346496,0.0584091953933239,9.673791885375977,1.9654699563980105,1.997820496559143,2.4725804328918457
3403345353.0,0.251623123884201,0.0454066358506679,9.944211959838867,2.0569636821746826,1.825564861297608,2.4582622051239014
3403353686.0,0.3620646595954895,0.1563854962587356,9.935802459716797,2.017005681991577,0.969409167766571,2.3747341632843018
3403362019.0,0.1954354494810104,-0.0713616162538528,9.767492294311523,2.0789921283721924,1.1949936151504517,2.413949489593506
3403370352.0,0.1312182396650314,-0.0665184557437896,9.832464218139648,2.080862283706665,1.7602742910385132,2.3940987586975098
3403378685.0,0.3335676491260528,0.0130164697766304,10.071319580078123,2.4180736541748047,1.1774991750717163,2.3127989768981934
3403387018.0,0.0795665606856346,0.1088297367095947,9.766752243041992,2.051405429840088,0.3659121394157409,2.039238691329956
3403395351.0,0.2582642436027527,-0.2567517161369324,9.580455780029297,2.2200753688812256,1.166894793510437,2.1002776622772217
3403403684.0,0.3008683919906616,-0.1904925405979156,10.030648231506348,2.1500461101531982,1.0131582021713257,2.082347631454468
3403412017.0,0.399760901927948,-0.1527785807847976,10.169998168945312,2.5667383670806885,0.4018744826316833,2.017902135848999
3403420350.0,0.2143076211214065,0.0312581099569797,9.863401412963867,2.3762710094451904,0.1287499666213989,1.930071234703064
3403428683.0,-0.2223914116621017,-0.1302039623260498,9.822014808654783,2.82595443725586,0.8855994343757629,2.041339159011841
3403437016.0,-0.2176879942417144,-0.2004719525575637,10.138426780700684,2.580441951751709,0.5878338813781738,2.0700268745422363
3403445349.0,0.2719523906707763,-0.2241936028003692,10.262657165527344,2.713584899902344,-1.1127080917358398,1.8973615169525144
3403453682.0,0.3387072384357452,0.1050897687673568,9.60765552520752,2.820089101791382,-1.447665452957153,1.635558843612671
3403462015.0,0.4004521369934082,-0.0017785599920898,9.19369888305664,3.061733722686768,-0.2898763120174408,1.5036964416503906
3403470348.0,0.1968802213668823,0.0255579035729169,9.909774780273438,2.9925498962402344,0.1185554936528205,1.6061023473739624
3403478681.0,0.2980765998363495,0.0389941334724426,10.053190231323242,2.413104057312012,-0.7489088773727417,1.477902889251709
3403487014.0,0.286982387304306,0.2654770612716675,10.078397750854492,2.604980707168579,-1.1104283332824707,1.199834942817688
3403495347.0,0.4655612111091614,0.0825331360101699,9.881397247314451,3.113525867462158,-0.9470351934432985,1.1708909273147583
3403503680.0,0.2927474081516266,0.0713786631822586,10.167827606201172,2.8484952449798584,-0.8734710812568665,0.9215104579925536
3403512013.0,0.5605396032333374,0.0262604393064975,9.8590669631958,2.632362127304077,-1.3377034664154053,0.8957170844078064
3403520346.0,0.493539422750473,0.450218141078949,9.774243354797363,2.538665294647217,-1.2991796731948853,0.8214357495307922
3403528679.0,0.6941540241241455,0.230110764503479,9.765649795532228,2.7243685722351074,-0.7167119383811951,0.672412097454071
3403537012.0,0.5950819849967957,0.0511367954313755,10.168813705444336,2.38326358795166,-0.5025256276130676,0.6674172878265381
3403545345.0,0.8933417797088623,-0.3196301162242889,10.176153182983398,2.338029146194458,-0.4532439410686493,0.5740534663200378
3403553678.0,0.8412548899650574,0.1339599043130874,10.094141006469728,2.64660382270813,-0.9098432064056396,0.3955990672111511
3403562011.0,0.6820220351219177,-0.2950354516506195,9.988471031188965,2.862096309661865,-0.1984591037034988,0.4992342591285705
3403570344.0,0.568753719329834,-0.0750390887260437,9.963467597961426,2.827440023422241,-0.1520973294973373,0.4250041842460632
3403578677.0,0.6615849733352661,-0.2036924809217453,10.138358116149902,2.683565378189087,-0.5161781311035156,0.4190104603767395
3403587010.0,0.7670483589172363,0.0209598243236541,9.747023582458496,2.799751281738281,-0.9008270502090454,0.3416810929775238
3403595343.0,0.6970881223678589,-0.1865442544221878,9.500500679016112,2.927950382232666,-0.3225856423377991,0.3448828756809234
3403603676.0,0.5237193703651428,-0.2819917201995849,9.773789405822754,2.7805404663085938,0.4622729122638702,0.4571245014667511
3403612009.0,0.8731645345687866,-0.7581833600997925,9.992795944213867,2.9985945224761963,-5.12284677824e-05,0.3840470612049103
3403620342.0,0.8221620321273804,-0.3799392282962799,10.00405979156494,3.21208930015564,-0.3606996834278106,0.2997505962848663
3403628675.0,0.8627151250839233,-0.5133858919143677,9.678109169006348,3.9769046306610094,0.1785440146923065,0.3384792506694793
3403637008.0,0.6390058398246765,-0.0782066062092781,10.141931533813477,3.8820550441741934,0.5320460796356201,0.4340972304344177
3403645341.0,0.8126448392868042,-0.0082729924470186,10.169166564941406,3.804341077804565,0.27370086312294,0.3978787064552307
3403653674.0,0.688260018825531,0.1557333916425705,10.177685737609863,3.3271484375,-0.1371898651123047,0.4285902082920074
3403662007.0,0.7763243913650513,0.0210355389863252,9.759812355041504,3.5653347969055176,0.5677778720855713,0.5955948829650879
3403670340.0,0.7913546562194824,0.2488561868667602,10.032179832458496,3.48124361038208,0.8556820154190063,0.6169829368591309
3403678673.0,0.9063719511032104,0.2080884873867035,10.082469940185549,3.2969491481781006,0.4751569032669067,0.5368103384971619
3403687006.0,0.7886415123939514,0.3393981456756592,9.87576389312744,2.89910888671875,0.7040457129478455,0.5440079569816589
3403695339.0,0.6422225832939148,-0.0291472543030977,10.047987937927246,3.059044361114502,1.5650171041488647,0.5935202836990356
3403703672.0,0.491545170545578,0.1859896034002304,10.052216529846191,2.98012638092041,1.4098970890045166,0.5864763259887695
3403712005.0,0.4584251344203949,-0.0839248746633529,10.167423248291016,3.107352495193481,0.8357028961181641,0.5267952084541321
3403720338.0,0.644773006439209,-0.2056946754455566,9.76582145690918,3.219107151031494,0.419548362493515,0.1560291051864624
3403728671.0,0.9860153794288636,-0.2138774842023849,9.797178268432615,3.4592154026031494,0.692647397518158,0.3458306193351745
3403737004.0,0.8960014581680298,0.0367082059383392,9.743158340454102,3.3840880393981934,1.4293380975723269,0.1775962710380554
3403745337.0,0.6968701481819153,-0.0610349178314209,10.241093635559082,3.651808977127075,2.127274990081787,0.1799528151750564
3403753670.0,0.7923771739006042,0.2051715850830078,10.60623550415039,3.4966630935668945,2.122433662414551,0.2301054745912552
3403762003.0,0.8121845722198486,-0.1711263656616211,10.845218658447266,3.5097007751464844,1.5639411211013794,0.2953449189662933
3403770336.0,0.6885769963264465,0.3367392122745514,10.039938926696776,3.6269371509552,1.7656019926071167,0.2336402535438537
3403778669.0,0.2997448444366455,-0.0562813207507133,10.04102897644043,4.112532138824463,2.2567038536071777,0.2834087312221527
3403787002.0,0.3032218813896179,-0.0462490804493427,10.149176597595217,3.5358269214630127,2.005171775817871,0.3656559586524963
3403795335.0,0.3814179897308349,0.0414914302527904,10.16763401031494,3.4051177501678467,1.1116193532943726,0.3197040557861328
3403803668.0,0.6408567428588867,0.3225525915622711,9.70100212097168,3.4487905502319336,1.0608776807785034,0.2698075473308563
3403812001.0,0.4989021122455597,0.4243402481079101,9.717679977416992,3.77890682220459,1.894621014595032,0.3741343319416046
3403820334.0,0.2875576913356781,0.2444602102041244,10.028181076049805,3.212319612503052,2.182678461074829,0.4943162798881531
3403828667.0,-0.0192487109452486,0.1573763638734817,10.212315559387209,2.990346670150757,1.4504700899124146,0.460146963596344
3403837000.0,0.3116921186447143,0.5447832942008972,9.979297637939451,2.9354043006896973,0.8477671146392822,0.5514616370201111
3403845333.0,0.3344257175922394,0.2163816690444946,10.049701690673828,3.21518874168396,0.6328125,0.6593745350837708
3403853666.0,0.2559431791305542,0.4360628426074981,9.656251907348633,2.808178186416626,1.0162575244903564,0.4406032264232635
3403861999.0,0.2070125043392181,0.3253922760486603,10.147621154785156,2.90315580368042,1.0663334131240845,0.4839425384998321
3403870332.0,0.5001141428947449,0.4315202832221985,9.988521575927734,2.500730514526367,0.3193711042404175,0.4996952712535858
3403878665.0,0.4691686630249023,0.3270788192749023,9.897900581359863,2.402730703353882,-0.0031505511142313,0.5210576057434082
3403886998.0,0.6254293322563171,0.5467818379402161,9.38868236541748,2.254859447479248,0.4859660565853119,0.4986194968223572
3403895331.0,0.2570338547229767,0.2384891957044601,9.87119197845459,2.376091718673706,0.9944855570793152,0.7073242664337158
3403903664.0,0.3719432353973388,0.2787138223648071,9.814780235290527,2.0396487712860107,0.6237450242042542,0.5418307781219482
3403911997.0,0.2343786656856537,0.1094577983021736,10.22509765625,2.142131090164185,0.0292898751795291,0.5386545658111572
3403920330.0,0.4600236117839813,0.0935466140508651,9.7837495803833,2.265719652175904,-0.0280219726264476,0.5244898796081543
3403928663.0,0.3198440372943878,-0.2137874662876129,9.904293060302734,2.2892849445343018,0.3445242047309875,0.3863522708415985
3403936996.0,0.4341693520545959,-0.1335465312004089,9.650949478149414,2.530904054641724,0.1510343253612518,0.3764395713806152
3403945329.0,0.6029543876647949,-0.1503254920244217,9.845711708068848,2.807871103286743,-0.1696687042713165,0.2322314828634262
3403953662.0,1.0007338523864746,0.2563007175922394,9.55626106262207,2.734895706176758,-0.2458197921514511,0.2013919204473495
3403961995.0,0.7418067455291748,0.296438455581665,9.448535919189451,2.8464205265045166,0.3909884989261627,0.2203977108001709
3403970328.0,0.4920869469642639,0.3205542266368866,9.50851345062256,2.587383508682251,1.190972089767456,0.3513632714748382
3403978661.0,0.0160327330231666,0.2763808369636535,9.974250793457031,2.4530627727508545,1.0033224821090698,0.3402979671955108
3403986994.0,0.0962430760264396,0.0005198809085413,10.13645839691162,2.327296495437622,0.1310808360576629,0.2899403274059295
3403995327.0,0.3796976506710052,-0.0297470539808273,10.131339073181152,2.569581985473633,-0.774395227432251,0.3206518292427063
3404003660.0,0.8557181358337402,-0.1294602006673813,9.817405700683594,2.837071180343628,-0.6845404505729675,0.2576663792133331
3404011993.0,1.034454584121704,-0.0255439896136522,9.807947158813477,2.6653785705566406,-0.0067109293304383,0.2540547847747803
3404020326.0,1.005801796913147,-0.0862586498260498,9.636666297912598,2.540560722351074,0.5792275071144104,0.3956503272056579
3404028659.0,0.540321409702301,0.1923533529043197,9.59388256072998,2.5385630130767822,0.7805554866790771,0.4324835836887359
3404036992.0,0.5698619484901428,-0.0059248772449791,9.576650619506836,2.9783849716186523,0.4501317739486694,0.5521020889282227
3404045325.0,0.3164647221565246,-0.0072291018441319,9.871155738830566,2.511514186859131,0.1598712652921676,0.4726210832595825
3404053658.0,0.5178856253623962,0.1045457869768142,9.624255180358888,2.5185582637786865,0.2117400914430618,0.4716477394104004
3404061991.0,0.5956586599349976,0.386261522769928,9.985265731811523,2.406393527984619,0.5420868396759033,0.4048714339733124
3404070324.0,0.7693706750869751,-0.1764140129089355,9.897732734680176,2.660102128982544,0.6620126962661743,0.591394305229187
3404078657.0,0.6055259108543396,-0.4808799922466278,10.064282417297363,2.276119470596313,0.8647750616073608,0.6982057094573975
3404086990.0,0.6717388033866882,-0.3981429934501648,10.068642616271973,2.9832513332366943,0.813469648361206,0.6677502393722534
3404095323.0,0.7712371349334717,-0.0815410315990448,10.244296073913574,3.2247424125671387,0.4156037271022796,0.4883225560188293
3404103656.0,0.9021877646446228,-0.0578955858945846,9.887462615966797,3.3097052574157715,0.4846597611904144,0.5610414147377014
3404111989.0,0.919446587562561,0.0100129693746566,10.07802677154541,2.9664745330810547,1.3966546058654783,0.5950571298599243
3404120322.0,0.6260178685188293,0.0797404795885086,10.105219841003418,3.0945963859558105,2.059217691421509,0.6377046704292297
3404128655.0,0.4458044469356537,0.2544587254524231,10.237055778503418,3.289776563644409,1.8878074884414675,0.5985150337219238
3404136988.0,0.3264838755130768,-0.0993027314543724,10.248705863952637,3.3925669193267822,1.44801127910614,0.5073283314704895
3404145321.0,0.3850657939910888,0.192509263753891,10.081560134887695,3.141906499862671,1.2619495391845703,0.3615833818912506
3404153654.0,0.3005675375461578,0.2483491748571396,10.12445068359375,3.3431315422058105,1.2805196046829224,0.322060614824295
3404161987.0,0.5853477716445923,0.1268776208162307,10.059990882873535,3.235833644866944,1.296221375465393,0.3009288907051086
3404170320.0,0.6446675062179565,0.0319035574793815,10.08974266052246,3.4101898670196533,0.8216663002967834,0.3029267787933349
3404178653.0,0.6869649887084961,0.1653248369693756,9.67947769165039,2.787379741668701,1.002707839012146,0.265555590391159
3404186986.0,0.2905779480934143,0.3414503335952759,9.629498481750488,3.084683418273926,1.9131652116775515,0.3358922302722931
3404195319.0,0.3044880330562591,0.2846938967704773,10.073430061340332,3.018522262573242,2.34760856628418,0.1345643699169159
3404203652.0,0.289873719215393,-0.1194287613034248,10.439982414245604,3.144006490707397,1.0785770416259766,0.2747511267662048
3404211985.0,0.4342794418334961,-0.0301863383501768,10.001111030578612,2.786764621734619,0.7362683415412903,0.0809025540947914
3404220318.0,0.3047424256801605,0.2106670439243316,9.927251815795898,3.2556331157684326,1.4770832061767578,0.2094347774982452
3404228651.0,0.4177038073539734,0.3865963816642761,10.052367210388184,3.261575698852539,1.7670363187789917,0.1643281280994415
3404236984.0,0.2533513903617859,0.2303425669670105,10.336071014404297,2.857459783554077,0.7196191549301147,0.1691179871559143
3404245317.0,0.5655384659767151,0.1758365929126739,9.59324073791504,2.6254208087921143,0.3031828999519348,0.2927834987640381
3404253650.0,0.3282646834850311,0.0995645523071289,9.72435188293457,2.7356131076812744,1.2246549129486084,0.3744160532951355
3404261983.0,0.3868393301963806,-0.0727862417697906,9.818889617919922,2.9720582962036133,1.6790772676467896,0.4977998733520508
3404270316.0,-0.0196608696132898,0.0860607698559761,10.061366081237791,2.937786340713501,0.830528736114502,0.2682963013648987
3404278649.0,0.3722540140151977,-0.0525233298540115,9.899696350097656,3.14918065071106,0.1779036670923233,0.421648770570755
3404286982.0,0.3631693422794342,-0.0558406822383403,9.893960952758787,3.0151922702789307,0.1315162777900695,0.519008457660675
3404295315.0,0.4228287935256958,-0.1625065058469772,9.720516204833984,3.0922398567199707,0.8799898028373718,0.610809862613678
3404303648.0,0.1363569051027298,0.1351169943809509,10.050858497619627,3.06278395652771,0.8221016526222229,0.542624831199646
3404311981.0,0.3089248538017273,0.3413538932800293,9.965700149536133,3.233271837234497,0.2915027737617492,0.521467387676239
3404320314.0,0.2552492916584015,0.4139635562896728,10.179732322692873,2.930588960647583,-0.1232300847768783,0.5310471653938293
3404328647.0,0.3616525530815124,0.2324234843254089,9.667426109313965,2.8582284450531006,-0.058887131512165,0.494521290063858
3404336980.0,0.3050231039524078,0.4460689723491668,9.941288948059082,2.670476198196411,0.5195207595825195,0.5736692547798157
3404345313.0,0.1418426036834716,0.1894302815198898,9.910107612609863,2.695117235183716,0.5068160891532898,0.7318884134292603
3404353646.0,0.1241531670093536,0.365064799785614,10.010858535766602,2.4522173404693604,-0.3848538696765899,0.4435233175754547
3404361979.0,0.0208985023200511,0.3654681742191314,9.828475952148438,2.71230411529541,-0.6107458472251892,0.3698311150074005
3404370312.0,0.3612572848796844,0.2261984348297119,9.896636962890623,2.64365816116333,-0.5763203501701355,0.3874537348747253
3404378645.0,0.3402701318264007,-0.1364792734384536,10.087488174438477,2.397787094116211,-0.7200161814689636,0.3936267793178558
3404386978.0,0.5448575615882874,0.0550152100622653,9.86831283569336,2.3188953399658203,-0.536848783493042,0.3582023084163666
3404395311.0,0.255777508020401,0.119271345436573,10.170023918151855,2.71407151222229,-0.5570583939552307,0.3716753721237182
3404403644.0,0.3256805837154388,0.1004082411527633,9.944768905639648,2.541175603866577,-0.2952809333801269,0.2938849329948425
3404411977.0,0.2268528193235397,-0.0617108978331089,10.531071662902832,2.8680129051208496,-0.5537029504776001,0.3302827477455139
3404420310.0,0.4464174509048462,-0.011492358520627,10.25511074066162,2.7904019355773926,-1.1874245405197144,0.5264365673065186
3404428643.0,0.1163349673151969,0.3369811177253723,10.147528648376465,2.778670310974121,-1.0970063209533691,0.4989780783653259
3404436976.0,0.1896164864301681,0.1955461800098419,9.941704750061035,2.953692674636841,-0.468586802482605,0.5132964849472046
3404445309.0,0.4757052659988403,-0.0897159278392791,10.294315338134766,2.3329572677612305,-1.2096322774887085,0.4694449305534363
3404453642.0,0.7238234877586365,-0.2753579318523407,9.965608596801758,2.6108205318450928,-1.8783429861068728,0.6302509903907776
3404461975.0,0.3991286754608154,-0.4649797976016998,9.584314346313477,2.758819818496704,-0.8037235140800476,0.6837592124938965
3404470308.0,0.2153922468423843,-0.1251070350408554,9.857885360717772,3.4986612796783447,0.1523150652647018,0.8560405969619751
3404478641.0,0.3188479244709015,0.1942106336355209,10.56361484527588,3.6185357570648193,-0.9657590985298156,0.8825511932373047
3404486974.0,0.5607737898826599,0.1176616474986076,10.426935195922852,3.153406858444214,-2.4536900520324707,0.8032751083374023
3404495307.0,0.700812816619873,0.3625967502593994,9.85354232788086,3.054715394973755,-1.650683879852295,0.8958963751792908
3404503640.0,0.3690247535705566,0.2089401483535766,10.07612133026123,3.373177289962769,-0.3205621540546417,1.0719943046569824
3404511973.0,0.2421773374080658,0.2575984597206116,10.339130401611328,3.154534101486206,-0.4813427627086639,1.0207911729812622
3404520306.0,0.212072491645813,0.4800423383712768,10.764608383178713,2.917166948318481,-1.7989903688430786,1.070406198501587
3404528639.0,0.6635297536849976,0.8270753622055054,10.11063003540039,2.55047345161438,-2.252541303634644,1.1582372188568115
3404536972.0,0.6544243097305298,0.832653820514679,10.15333652496338,2.6989080905914307,-1.1397309303283691,1.1690465211868286
3404545305.0,0.918477475643158,0.2352195680141449,10.032222747802734,2.421684980392456,-0.3419756293296814,1.2503459453582764
3404553638.0,0.4798870980739593,-0.0889578685164451,10.249344825744627,2.2587785720825195,-0.9845344424247742,1.3505234718322754
3404561971.0,0.5856079459190369,-0.1852042526006698,9.708520889282228,2.580518960952759,-1.007638454437256,1.2173550128936768
3404570304.0,0.4006411433219909,0.0839042961597442,9.878626823425291,3.1073009967803955,-0.8841009140014648,1.1243239641189575
3404578637.0,0.7250776290893555,-0.1982904076576233,9.860699653625488,3.4790406227111816,-0.9620193243026732,1.187821626663208
3404586970.0,0.7803425192832947,-0.0654186084866523,10.130678176879885,3.101461410522461,-1.2724640369415283,1.1718642711639404
3404595303.0,0.9067403674125672,0.2890979647636413,9.273860931396484,3.356758117675781,-0.7392523884773254,1.298654556274414
3404603636.0,0.7659539580345154,0.4476768374443054,9.73450756072998,3.693713903427124,0.2308738976716995,1.2361814975738523
3404611969.0,0.8925392031669617,0.1356834918260574,9.901463508605955,3.6966841220855713,0.3118916749954223,1.3657636642456057
3404620302.0,0.8100841641426086,0.0744585990905761,10.134405136108398,3.548762083053589,-0.4449191987514496,1.4254448413848877
3404628635.0,0.7618904709815979,0.0798644721508026,9.9962797164917,3.98633074760437,0.0468868613243103,1.6058974266052246
3404636968.0,0.8711146712303162,0.5552200078964233,9.781686782836914,3.936152696609497,0.6934413909912109,1.5681419372558594
3404645301.0,0.7129085063934326,0.5128357410430908,10.074193954467772,3.957719326019287,0.6885490417480469,1.6775915622711182
3404653634.0,0.7817455530166626,0.7135598659515381,9.648493766784668,3.3206160068511963,0.6692870855331421,1.7990026473999023
3404661967.0,0.688936173915863,0.4155942797660827,9.880481719970703,3.4178736209869385,0.9910531044006348,1.9559924602508545
3404670300.0,0.8892568349838257,0.3808861970901489,9.665363311767578,3.618484735488892,1.404287815093994,2.023383855819702
3404678633.0,0.5980116128921509,0.2242936789989471,10.077888488769531,3.6138484477996826,1.5787206888198853,2.1263017654418945
3404686966.0,0.7650170922279358,0.5307066440582275,9.70089340209961,3.489593982696533,1.2616164684295654,2.276606321334839
3404695299.0,0.5158079266548157,0.6465404033660889,9.977725982666016,3.47232985496521,1.578925609588623,2.238696813583374
3404703632.0,0.9665459394454956,0.6716117262840271,9.984073638916016,3.337599039077759,2.1976630687713623,2.418816566467285
3404711965.0,0.7535384893417358,0.7531687617301941,10.249051094055176,3.185399293899536,2.0951292514801025,2.452806234359741
3404720298.0,0.8384205102920532,0.8505024909973145,9.717135429382324,3.0242345333099365,2.669682264328003,2.394329309463501
3404728631.0,0.7479862570762634,0.8881484270095825,9.912339210510254,3.0404481887817383,3.2810683250427246,2.547860860824585
3404736964.0,0.544162392616272,0.6993574500083923,9.911654472351074,2.823392868041992,3.5096752643585205,2.701366662979126
3404745297.0,0.2553966343402862,0.5856049656867981,10.054594993591309,2.615533828735352,3.484778642654419,2.7665040493011475
3404753630.0,0.3078023791313171,0.5161656737327576,9.789636611938477,2.7898128032684326,3.577502012252808,2.822855234146118
3404761963.0,0.3726303279399872,0.5118151903152466,9.883280754089355,2.9326891899108887,3.616358995437622,2.674113512039185
3404770296.0,0.4399426579475403,0.3199333548545837,9.347738265991213,3.2652387619018555,3.712924718856812,2.7094099521636963
3404778629.0,0.1785444468259811,0.3969259858131408,9.69726276397705,3.3205654621124268,4.402689933776856,2.7465250492095947
3404786962.0,0.1129485219717025,0.7389902472496033,9.751007080078123,3.467667818069458,4.616414546966553,2.8008522987365723
3404795295.0,-0.1306363344192505,1.1931989192962646,10.118109703063965,3.1198267936706543,4.186172962188721,2.699036359786988
3404803628.0,0.3160789012908935,1.1755832433700562,10.116690635681152,2.848341226577759,4.343827724456787,2.6906087398529053
3404811961.0,0.4302952885627746,1.129774570465088,10.292426109313965,2.5132815837860107,4.609576225280762,2.866373538970948
3404820294.0,0.1428858637809753,0.6102067828178406,9.990477561950684,2.78287124633789,5.405614852905273,3.0597355365753174
3404828627.0,-0.2745314240455627,0.4245745837688446,10.002714157104492,2.8099710941314697,5.618494987487793,3.009300947189331
3404836960.0,-0.1878334730863571,0.2580476105213165,9.897324562072754,3.04421329498291,4.851733207702637,3.155891180038452
3404845293.0,-0.047999482601881,0.7313246130943298,9.620487213134766,3.0496177673339844,3.866456270217896,2.950516700744629
3404853626.0,-0.2318934351205825,0.9558305144309998,9.08336353302002,2.996084451675415,4.596897602081299,2.945343017578125
3404861959.0,-0.4837626218795776,0.8288465142250061,9.233644485473633,2.8314874172210693,5.7194671630859375,3.31580138206482
3404870292.0,-0.6684767603874207,0.560878336429596,9.66795253753662,2.781820774078369,5.002626419067383,3.430142641067505
3404878625.0,-0.569980800151825,0.3894724547863006,9.650586128234863,2.5725786685943604,3.5745561122894287,3.453529119491577
3404886958.0,-0.4922529757022857,0.4229253828525543,9.319014549255373,3.1056878566741943,3.413494110107422,3.4227664470672607
3404895291.0,-0.4559974074363708,0.6363450884819031,9.472369194030762,3.057584285736084,4.124110221862793,3.622454881668091
3404903624.0,-0.7330799102783203,0.6022434234619141,9.920412063598633,3.143315315246582,3.886051654815674,3.5844693183898926
3404911957.0,-0.5445836186408997,0.7135375142097473,9.889688491821287,2.8795650005340576,2.8443713188171387,3.546508312225342
3404920290.0,-0.5754761695861816,0.4679226279258728,9.825654983520508,2.989834308624268,2.122510433197021,3.66346287727356
3404928623.0,-0.5794081687927246,0.6796941757202148,9.465913772583008,2.800877809524536,2.5988073348999023,3.7119765281677246
3404936956.0,-0.8190258145332336,0.8873194456100464,9.831191062927246,3.047850608825684,3.0183942317962646,3.756878137588501
3404945289.0,-0.680728554725647,1.068413257598877,9.841225624084473,3.085733890533448,2.146383285522461,3.768045902252197
3404953622.0,-1.0593632459640503,0.6424710154533386,10.012372016906738,2.5739104747772217,1.429107904434204,3.755802869796753
3404961955.0,-0.9423940777778624,0.6695060729980469,9.521862030029297,2.5930190086364746,1.653309345245361,3.81440806388855
3404970288.0,-0.8292056322097778,0.681202232837677,10.070759773254396,2.85461688041687,1.1241192817687988,3.748272180557251
3404978621.0,-0.7517921924591064,0.8648558259010315,9.849166870117188,2.920522451400757,0.1439904272556305,3.6343142986297607
3404986954.0,-1.0125398635864258,0.8361842632293701,9.62765121459961,2.7307465076446533,0.1056971549987793,3.623530626296997
3404995287.0,-0.8354973196983337,0.9526705145835876,9.626566886901855,2.3494787216186523,0.4382467865943908,3.6885907649993896
3405003620.0,-0.9650195837020874,1.1778385639190674,9.973640441894531,2.218820571899414,-0.0407010205090045,3.701705694198608
3405011953.0,-0.8529970049858093,0.8173314929008484,10.003756523132324,1.940521597862244,-0.4137980043888092,3.8284192085266113
3405020286.0,-0.733284592628479,0.6639193892478943,10.079151153564451,2.058424234390259,-0.8132520318031311,3.790356397628784
3405028619.0,-0.6566862463951111,0.7856260538101196,9.901772499084473,2.39873480796814,-0.8487532734870911,3.8684027194976807
3405036952.0,-0.8978620767593384,1.0189974308013916,10.068989753723145,2.401577949523926,-1.1118371486663818,3.78354287147522
3405045285.0,-0.8597158193588257,0.810344398021698,9.801068305969238,2.3156423568725586,-1.354045271873474,3.9440414905548096
3405053618.0,-0.7727320790290833,0.8156960010528564,10.03281593322754,1.806687355041504,-1.936948657035828,3.814330816268921
3405061951.0,-0.5083823204040527,0.5527325868606567,9.80568504333496,1.791369915008545,-2.2098426818847656,3.947371244430542
3405070284.0,-0.6144134998321533,0.7193453311920166,9.778618812561035,1.9822728633880613,-1.5973548889160156,3.97219181060791
3405078617.0,-0.8395050168037415,0.6052098870277405,9.887859344482422,2.2267096042633057,-0.9156833291053772,3.877214193344116
3405086950.0,-0.7594925165176392,0.7269033789634705,10.235088348388672,2.2376468181610107,-1.5882363319396973,4.055566310882568
3405095283.0,-0.588839590549469,0.5771175026893616,10.363466262817385,2.194333076477051,-3.103599786758423,4.046548843383789
3405103616.0,-0.2484350502490997,0.7132262587547302,9.794453620910645,2.17988657951355,-2.928398847579956,4.070678234100342
3405111949.0,-0.161814272403717,0.6135024428367615,9.730052947998049,2.498450994491577,-2.2100987434387207,4.234405040740967
3405120282.0,-0.3024604916572571,0.6786831617355347,9.791987419128418,2.18239688873291,-1.908542275428772,4.202105045318604
3405128615.0,-0.4752486646175384,0.7788596153259277,10.020837783813477,2.13260269165039,-1.885975956916809,4.236786365509033
3405136948.0,-0.4003219306468963,0.8806934952735901,10.02311897277832,1.9374992847442627,-1.7732477188110352,4.156126976013184
3405145281.0,-0.13361157476902,0.6631722450256348,10.30518627166748,2.2446391582489014,-2.167296886444092,4.273926734924316
3405153614.0,0.0646847188472747,0.4957481324672699,9.875686645507812,2.004096031188965,-2.297084331512451,4.228487491607666
3405161947.0,0.0710287019610405,0.4968114495277405,9.739654541015623,2.4301888942718506,-1.7996304035186768,4.244239807128906
3405170280.0,0.0455312505364418,0.5303342938423157,9.519413948059082,2.7212436199188232,-1.2972331047058103,4.081794738769531
3405178613.0,-0.0612330101430416,0.548073410987854,9.934856414794922,2.600651741027832,-1.0178327560424805,4.060842514038086
3405186946.0,0.2875142395496368,0.4167590737342834,9.993185997009276,2.532825231552124,-0.9634283185005188,3.96991229057312
3405195279.0,0.3157154321670532,0.8316630721092224,10.155014038085938,2.59665584564209,-0.9326399564743042,3.992990493774414
3405203612.0,0.3338126540184021,0.8733011484146118,9.979002952575684,2.933995246887207,-0.647527813911438,4.090196132659912
3405211945.0,0.097807802259922,0.7501551508903503,10.06985092163086,2.574909210205078,0.0611283741891384,4.049239158630371
3405220278.0,0.095990814268589,0.4773187339305877,10.221173286437988,2.5789053440093994,0.2244959622621536,4.154257297515869
3405228611.0,0.3802449703216553,0.8563686013221741,10.38514804840088,2.6608965396881104,0.0777520164847374,4.021499156951904
3405236944.0,0.5566999912261963,0.7610076665878296,9.961915969848633,2.895317554473877,0.170526772737503,4.132331371307373
3405245277.0,0.3875943124294281,0.7538671493530273,9.73481273651123,2.5610525608062744,1.296631097793579,4.1201653480529785
3405253610.0,0.0848103761672973,0.5390698313713074,9.88040828704834,2.617121696472168,1.797312617301941,4.201336860656738
3405261943.0,-0.121460735797882,0.7987058758735657,10.173049926757812,2.4483752250671387,1.825052618980408,4.302128314971924
3405270276.0,-0.2121750265359878,0.6631672978401184,10.476184844970703,2.6299545764923096,1.5759285688400269,4.387347221374512
3405278609.0,0.0610876902937889,0.7507551312446594,10.3602933883667,2.6316707134246826,1.6575100421905518,4.3438801765441895
3405286942.0,0.0285918544977903,0.6802029609680176,10.357080459594728,2.980587720870972,1.517297625541687,4.580657958984375
3405295275.0,-0.047282475978136,1.0202298164367676,9.740428924560549,2.617659330368042,1.926177859306336,4.4892659187316895
3405303608.0,-0.3868164420127868,0.8978046178817749,9.895179748535156,2.7249064445495605,2.5652272701263428,4.539802551269531
3405311941.0,-0.3276265561580658,0.8288998007774353,10.186541557312012,2.261544704437256,2.5381786823272705,4.627274990081787
3405320274.0,-0.4945881962776184,1.0028656721115112,10.434171676635742,2.200864791870117,2.25598669052124,4.636651039123535
3405328607.0,-0.2996581792831421,1.196806788444519,10.27643871307373,2.266718864440918,2.1754298210144043,4.616747856140137
3405336940.0,-0.519681453704834,1.1379653215408323,10.315099716186523,2.361081838607788,2.078556776046753,4.640569686889648
3405345273.0,-0.2747353017330169,1.0619693994522097,10.16619873046875,2.0172104835510254,2.0890841484069824,4.723098278045654
3405353606.0,-0.5765298008918762,1.036488652229309,10.289008140563965,1.703897476196289,2.127915620803833,4.727786064147949
3405361939.0,-0.4204423129558563,1.174252152442932,9.863974571228027,2.022563934326172,2.421480178833008,4.690849781036377
3405370272.0,-0.518356204032898,0.7779982089996338,10.43734359741211,2.090416193008423,2.2402596473693848,4.619386672973633
3405378605.0,-0.5334902405738831,0.5855597853660583,10.064186096191406,1.9541736841201784,1.7484147548675537,4.616517066955566
3405386938.0,-0.7879529595375061,0.8546155095100403,10.087261199951172,1.991186499595642,1.8449550867080688,4.672818183898926
3405395271.0,-0.7727679014205933,0.973889410495758,9.935006141662598,2.319843053817749,1.978021144866944,4.662751197814941
3405403604.0,-0.8519935607910156,1.1733403205871582,9.983606338500977,2.030299663543701,1.8576596975326536,4.686521530151367
3405411937.0,-0.4290560483932495,0.5004367828369141,10.02126121520996,1.8337870836257928,1.3252933025360107,4.793409824371338
3405420270.0,-0.2967254519462585,0.4248556792736053,9.73365306854248,2.150942802429199,0.954501748085022,4.805448532104492
3405428603.0,-0.4543893337249756,0.3638865053653717,9.405366897583008,2.8103299140930176,1.540273666381836,4.944097995758057
3405436936.0,-0.645207941532135,0.3934797644615173,9.60866641998291,2.9815866947174072,1.8839143514633176,4.869560718536377
3405445269.0,-0.6057222485542297,0.4228537976741791,9.58265209197998,3.1026649475097656,0.9746088981628418,4.924733638763428
3405453602.0,-0.7263182401657104,0.5423354506492615,9.456792831420898,3.0868098735809326,0.2279794961214065,4.981110572814941
3405461935.0,-0.6538369059562683,0.3460614681243896,9.136445999145508,3.3740994930267334,0.7349621653556824,5.158284664154053
3405470268.0,-0.7364815473556519,0.4530544281005859,9.419829368591309,3.547148942947388,1.3059544563293457,5.204133987426758
3405478601.0,-0.7241138219833374,0.546038806438446,9.773551940917969,3.7941722869873047,0.742210865020752,5.251187324523926
3405486934.0,-0.7181681394577026,1.0598843097686768,9.825308799743652,3.645225524902344,-0.0220282394438982,5.218067169189453
3405495267.0,-0.7114650011062622,1.3325412273406982,9.682658195495604,3.66382098197937,-0.1365238577127456,5.285535335540772
3405503600.0,-0.6032757759094238,1.2617857456207275,9.849723815917969,3.1630892753601074,0.1031101047992706,5.399211883544922
3405511933.0,-0.5348354578018188,0.8549375534057617,9.935460090637209,2.9596095085144043,-0.6014478802680969,5.504589557647705
3405520266.0,-0.3960825204849243,0.9213241338729858,9.476078033447266,2.9296412467956543,-1.0079970359802246,5.4755940437316895
3405528599.0,-0.6357929706573486,0.703561544418335,9.364962577819824,3.0478248596191406,-0.7953475117683411,5.485506057739258
3405536932.0,-0.6752750277519226,1.1135040521621704,9.558149337768556,2.892372369766236,-0.1600633710622787,5.403310298919678
3405545265.0,-0.6921507716178894,1.048399806022644,10.25490665435791,2.8577420711517334,-0.74278724193573,5.376876831054688
3405553598.0,-0.4067045748233795,1.3274004459381104,10.056824684143066,2.682873487472534,-1.4232804775238037,5.391245365142822
3405561931.0,-0.5034635663032532,1.1903314590454102,9.863948822021484,2.8880691528320312,-0.9588688015937804,5.264942169189453
3405570264.0,-0.4816212952136993,1.3084796667099,9.944435119628906,2.5863077640533447,-0.4186390340328216,5.246397018432617
3405578597.0,-0.5949209928512573,1.1432344913482666,10.274317741394045,2.3153605461120605,-1.0407832860946655,5.184078216552734
3405586930.0,-0.3300209045410156,1.4999852180480957,10.190130233764648,2.002918004989624,-1.4218206405639648,5.063870429992676
3405595263.0,-0.0519711188971996,1.5017818212509155,10.15880298614502,2.121870517730713,-1.3000248670578003,5.1279826164245605
3405603596.0,-0.0124906115233898,1.644144058227539,10.137662887573242,1.6510295867919922,-0.9998772740364076,5.04842472076416
3405611929.0,-0.251589685678482,1.1990926265716553,10.054168701171877,1.5605089664459229,-0.5436620712280273,5.058773040771484
3405620262.0,-0.393766313791275,1.145223617553711,10.31515407562256,1.2807502746582031,-0.6207353472709656,5.0824151039123535
3405628595.0,-0.5889686942100525,1.244457125663757,10.32983112335205,1.344094157218933,-0.6016271114349365,5.046478271484375
3405636928.0,-0.5797036290168762,1.36697518825531,10.466007232666016,1.3007546663284302,-0.5552653670310974,4.98108434677124
3405645261.0,-0.3971664011478424,1.160084843635559,10.42205047607422,1.199091911315918,-1.1290497779846191,4.913488864898682
3405653594.0,-0.5013200640678406,1.365591526031494,10.282774925231934,0.8794006705284119,-1.3485125303268433,5.026652812957764
3405661927.0,-0.5207371711730957,1.2663720846176147,10.276241302490234,0.8715372085571289,-0.8784658312797546,5.132081031799316
3405670260.0,-0.4985486567020416,1.5726170539855957,10.520552635192873,0.6554297804832458,-0.6654577851295471,4.998656272888184
3405678593.0,-0.2843689322471618,1.3627718687057495,10.813653945922852,0.5996420383453369,-1.1472359895706177,5.191531658172607
3405686926.0,-0.1177287548780441,1.3720076084136963,10.45559787750244,0.3181672096252441,-1.9784693717956543,5.154621601104736
3405695259.0,-0.0261380244046449,0.9480224251747132,9.96467113494873,0.1182481050491333,-1.4060933589935305,5.237175941467285
3405703592.0,-0.1744395941495895,0.768297016620636,9.731510162353516,0.2185790687799453,-1.1127080917358398,5.3395304679870605
3405711925.0,-0.23554427921772,0.5276483297348022,9.808316230773926,0.3571521043777466,-0.9138134717941284,5.385636806488037
3405720258.0,-0.3403954803943634,0.4896682202816009,9.972625732421877,0.5683671236038208,-1.2568905353546145,5.3730340003967285
3405728591.0,-0.1041061133146286,0.64954674243927,9.69559097290039,0.6806855201721191,-1.3088362216949463,5.478897571563721
3405736924.0,0.153292179107666,0.5083921551704407,9.962282180786133,0.7467702627182007,-1.524226427078247,5.340401649475098
3405745257.0,0.2973223328590393,0.4537159204483032,9.45513153076172,0.6543284058570862,-0.9720601439476012,5.449953556060791
3405753590.0,0.2659072875976562,0.2671705782413482,9.644655227661133,1.284515380859375,-0.2361888587474823,5.520674228668213
3405761923.0,-0.0364764630794525,0.3158473074436188,9.574393272399902,1.581947922706604,-0.1007664054632186,5.484097480773926
3405770256.0,-0.0378422066569328,0.1721122115850448,9.946447372436523,1.8047404289245603,0.0874341875314712,5.329258918762207
3405778589.0,0.1107891350984573,0.3453105092048645,9.851727485656738,2.087214469909668,-0.2552202343940735,5.391348361968994
3405786922.0,0.4769770205020904,0.3769294023513794,10.01089859008789,2.453984498977661,0.01215395424515,5.434866905212402
3405795255.0,0.3026512563228607,0.4482651054859161,9.523629188537598,2.847419500350952,0.4093283414840698,5.394063949584961
3405803588.0,0.2024434506893158,0.3291353583335876,9.498775482177734,3.05607271194458,1.3190690279006958,5.517370223999023
3405811921.0,-0.0318328477442264,0.0404338985681533,9.71209716796875,3.098156690597534,1.1417161226272583,5.450773239135742
3405820254.0,-0.0328778997063636,0.1153191104531288,9.66964626312256,3.283732414245605,1.1606451272964478,5.570340633392334
3405828587.0,0.0209564995020627,0.3235041499137878,9.817279815673828,3.689743280410767,1.1425358057022097,5.6376543045043945
3405836920.0,-0.2848881483078003,0.6910224556922913,9.772329330444336,3.8393821716308594,1.8327369689941408,5.497467994689941
3405845253.0,-0.0457932539284229,0.9041250348091124,10.069337844848633,3.73049569129944,1.682381510734558,5.71431827545166
3405853586.0,-0.0111037194728851,0.9399144053459167,9.782979011535645,3.41605544090271,0.8475878834724426,5.572056770324707
3405861919.0,-0.0220805723220109,1.029810905456543,9.613858222961426,3.463671922683716,1.847208857536316,5.801610946655273
3405870252.0,0.0623416267335414,1.0154749155044556,9.694066047668455,3.557778835296631,2.5245518684387207,5.925763130187988
3405878585.0,-0.0526403747498989,1.1947002410888672,10.002041816711426,3.300611972808838,2.769577741622925,5.905272483825684
3405886918.0,-0.1352006196975708,0.9881095886230468,9.988688468933104,2.909738540649414,2.4741172790527344,5.961905002593994
3405895251.0,-0.3673682808876037,1.1666855812072754,9.863810539245604,2.9587388038635254,2.6296727657318115,5.9179511070251465
3405903584.0,-0.3867962062358856,1.0831658840179443,9.925704002380373,3.085272789001465,2.8455235958099365,6.07383918762207
3405911917.0,-0.5172201991081238,1.066448211669922,10.025861740112305,2.6975762844085693,2.34297251701355,6.0199480056762695
3405920250.0,-0.2697708308696747,1.1753554344177246,10.021047592163086,2.664251804351806,2.428959369659424,6.085903644561768
3405928583.0,-0.1399583518505096,1.2300479412078855,10.038899421691896,2.63046669960022,2.4487850666046143,5.941208839416504
3405936916.0,-0.1488630771636963,1.251875638961792,10.211200714111328,2.6185050010681152,3.276381254196167,5.913059711456299
3405945249.0,-0.3668833971023559,1.2693476676940918,10.489498138427734,2.3797547817230225,3.78059720993042,5.954912662506104
3405953582.0,-0.5874329209327698,1.4469786882400513,10.451010704040527,2.666428804397583,3.698605537414551,5.958062648773193
3405961915.0,-0.5982999205589294,1.282095193862915,10.55754566192627,2.7306697368621826,3.284167528152466,5.879837989807129
3405970248.0,-0.9146320819854736,0.8169175386428833,10.075536727905272,2.481186866760254,2.957406520843506,5.891695976257324
3405978581.0,-1.036768078804016,0.8741252422332764,10.10295581817627,3.0048954486846924,3.428042411804199,5.873689651489258
3405986914.0,-0.6805227994918823,1.116108775138855,10.245314598083496,3.447919607162476,2.251760244369507,5.88447380065918
3405995247.0,-0.3363665044307709,1.8702125549316408,9.78098201751709,3.109171152114868,1.1257071495056152,5.711756229400635
3406003580.0,-0.0912782773375511,2.2427423000335693,9.155791282653809,2.438999891281128,1.8177779912948608,5.73337459564209
3406011913.0,-0.5672988891601562,1.852237701416016,9.273837089538574,1.8843239545822144,3.313624143600464,5.8004069328308105
3406020246.0,-1.0692392587661743,1.481315851211548,9.612302780151367,1.393913984298706,3.840611457824707,6.063722610473633
3406028579.0,-1.2031760215759275,1.2490620613098145,10.359963417053224,1.468656063079834,2.32757830619812,6.124453067779541
3406036912.0,-0.7639617323875427,1.4041632413864136,9.870477676391602,1.547496676445007,0.6968736052513123,6.196197986602783
3406045245.0,-0.1807931363582611,1.280718445777893,9.553668975830078,1.4138929843902588,0.4561254680156708,6.202345848083496
3406053578.0,0.1166889891028404,1.0245084762573242,8.92440128326416,1.4918882846832275,1.083648681640625,6.247632026672363
3406061911.0,0.0844015777111053,0.8729079961776733,8.912062644958496,1.616885781288147,2.0129330158233643,6.31809663772583
3406070244.0,-0.022383252158761,0.4369353055953979,9.08155632019043,1.8362462520599363,2.1061434745788574,6.316739559173584
3406078577.0,-0.2683941721916199,0.5407014489173889,9.142196655273438,2.055401563644409,2.3049354553222656,6.643577575683594
3406086910.0,-0.3515093624591827,0.6237462759017944,9.2178955078125,2.459824562072754,2.267538547515869,6.771852493286133
3406095243.0,-0.2224484384059906,0.4710363149642944,9.134422302246094,2.8665530681610107,1.602183222770691,6.7573561668396
3406103576.0,-0.2170429080724716,0.3807559907436371,8.859453201293945,2.87923264503479,1.7094303369522097,6.975512981414795
3406111909.0,-0.3368787467479706,0.166708156466484,9.009167671203612,3.107583284378052,2.142336130142212,7.014037132263184
3406120242.0,-0.4448777139186859,0.6712293028831482,9.263898849487305,3.620354175567627,2.281933784484864,7.074536323547363
3406128575.0,-0.0816180109977722,0.7728670239448547,9.565711975097656,4.032743453979492,1.9168795347213743,7.104325771331787
3406136908.0,0.1474095284938812,0.7816581130027771,9.439783096313477,3.84873104095459,1.3003705739974976,7.179656505584717
3406145241.0,0.0608980916440486,1.0806653499603271,8.961865425109863,3.776268243789673,2.394278049468994,7.089366912841797
3406153574.0,-0.0047854129225015,1.1823211908340454,9.343912124633787,4.017733573913574,3.514721393585205,7.327195644378662
3406161907.0,-0.3914221525192261,1.0954442024230957,9.574335098266602,4.033307075500488,3.024336814880371,7.051765441894531
3406170240.0,-0.6629738807678223,0.9974538087844848,9.47537899017334,3.695890903472901,2.9849166870117188,7.153377532958984
3406178573.0,-0.7752485275268555,0.9620391726493835,9.777583122253418,3.8091824054718018,2.39806866645813,7.236520767211914
3406186906.0,-0.7020675539970398,1.2229454517364502,9.716126441955566,3.944220781326294,2.3274502754211426,7.155247211456299
3406195239.0,-0.1710976958274841,1.5916827917099,9.869975090026855,3.774372816085816,2.21546483039856,7.05617094039917
3406203572.0,0.3114359080791473,1.5992677211761477,9.488411903381348,3.664872407913208,1.58023202419281,6.923336982727051
3406211905.0,0.0162224303930997,1.2934666872024536,9.074317932128906,3.249204635620117,2.5134356021881104,6.924028396606445
3406220238.0,-0.3138465881347656,0.9193934798240662,9.472243309020996,3.1931605339050293,4.508092880249023,7.051355838775635
3406228571.0,-0.6823320984840393,0.9286320209503174,10.102747917175291,3.3573477268218994,4.503815174102783,7.07033634185791
3406236904.0,-0.5212791562080383,1.3274625539779663,10.71102523803711,3.380195617675781,3.251561164855957,6.983145236968994
3406245237.0,-0.0661532059311866,1.163993239402771,10.23633861541748,3.3943095207214355,2.3246328830718994,6.888988018035889
3406253570.0,0.1954885572195053,1.2769938707351685,10.12658977508545,3.3177218437194824,3.161654472351074,6.863167762756348
3406261903.0,0.6822832822799683,1.5424106121063232,10.289061546325684,3.3428492546081543,4.5483832359313965,6.994056224822998
3406270236.0,0.2238784730434417,1.770087480545044,10.270198822021484,3.1572744846343994,4.6320390701293945,6.865396022796631
3406278569.0,-0.4848378896713257,1.7709273099899292,9.861117362976074,2.694297790527344,5.433894157409668,6.851846694946289
3406286902.0,-0.961311936378479,1.8961819410324097,9.780305862426758,2.3624138832092285,5.747924327850342,7.106068134307861
3406295235.0,-1.2274274826049805,1.6219719648361206,10.0895414352417,2.0159554481506348,4.885570049285889,7.181500911712647
3406303568.0,-1.0725185871124268,1.7906270027160645,9.65118408203125,1.61286461353302,3.5643625259399414,7.006890296936035
3406311901.0,-1.1415104866027832,1.592518925666809,9.627931594848633,1.3839755058288574,4.0632500648498535,7.025997161865234
3406320234.0,-1.5333114862442017,1.5569052696228027,9.393625259399414,1.4567712545394895,4.888489723205566,6.962244033813477
3406328567.0,-1.5996168851852417,1.3073614835739136,10.031977653503418,1.413252592086792,4.77373743057251,6.815499305725098
3406336900.0,-1.16996169090271,1.1930062770843506,10.31058120727539,1.4657872915267944,2.89070725440979,6.849720001220703
3406345233.0,-0.9249448180198668,1.2389304637908936,9.685222625732422,1.4959865808486938,2.0764307975769043,6.795316219329834
3406353566.0,-0.9684699177742004,1.5139654874801636,9.412535667419434,1.7118892669677734,3.2491023540496826,6.736300945281982
3406361899.0,-1.2085176706314087,1.0074785947799685,9.525202751159668,2.0003821849823,3.620175361633301,6.654796600341797
3406370232.0,-1.7749305963516235,0.9634931683540344,9.480608940124512,1.9735641479492188,2.4317517280578613,6.6031575202941895
3406378565.0,-1.9933077096939087,0.7347263693809509,9.53125,1.920107126235962,1.8114513158798216,6.536201477050781
3406386898.0,-1.9669028520584104,0.7531535029411316,9.52603244781494,2.377346992492676,1.0802420377731323,6.672265529632568
3406395231.0,-1.4885847568511963,0.9309956431388856,9.953388214111328,2.4733235836029053,0.7120886445045471,6.76524543762207
3406403564.0,-1.2096562385559082,1.1223726272583008,10.083580017089844,2.543429613113404,-0.0279451292008161,6.768164157867432
3406411897.0,-1.2128151655197144,0.8696014881134033,9.613886833190918,2.371865510940552,-0.4343149960041046,6.850207805633545
3406420230.0,-1.494813084602356,0.9575859308242798,9.739554405212402,2.7385332584381104,0.3354824483394623,6.788989543914795
3406428563.0,-1.5488529205322266,0.586630642414093,10.067472457885742,2.6389195919036865,0.3293606638908386,6.860504627227783
3406436896.0,-1.066853642463684,0.7111645340919495,9.934814453125,2.921905040740967,-1.505860686302185,6.818880558013916
3406445229.0,-0.8298794627189636,0.7752384543418884,9.66191291809082,3.1100168228149414,-2.2078194618225098,6.984016418457031
3406453562.0,-1.2287366390228271,0.6000815033912659,9.353038787841797,3.162397861480713,-1.028539776802063,7.1078619956970215
3406461895.0,-1.2224421501159668,0.581036388874054,10.007709503173828,3.2403934001922607,-0.2750456929206848,7.185985088348389
3406470228.0,-1.0587096214294434,1.1021857261657717,10.577531814575195,3.5788848400115967,-1.7099807262420654,7.135190486907959
3406478561.0,-0.6067540645599365,0.8124567866325378,10.129438400268556,3.383909225463867,-3.308513879776001,7.08186149597168
3406486894.0,-0.7561419606208801,1.07089102268219,9.452235221862791,3.405374050140381,-2.3478777408599854,7.308547496795654
3406495227.0,-0.93061625957489,0.8779322504997253,9.401116371154783,3.4236881732940674,-1.1195212602615356,7.54202127456665
3406503560.0,-1.232468605041504,0.7580703496932983,9.653386116027832,3.38836669921875,-2.0984206199646,7.508263111114502
3406511893.0,-1.0156257152557373,0.810482919216156,9.78268051147461,3.412162065505981,-3.2154576778411865,7.605110168457031
3406520226.0,-0.8608838319778442,1.0228962898254397,9.757423400878906,3.4757111072540283,-3.323780298233032,7.478831768035889
3406528559.0,-0.7339326739311218,1.756947040557861,9.844320297241213,3.3755075931549072,-2.6209514141082764,7.46064567565918
3406536892.0,-0.6206432580947876,2.2587544918060303,10.272388458251951,3.242826223373413,-2.186174869537353,7.464641094207764
3406545225.0,-0.7998887300491333,2.10076117515564,10.7117338180542,2.3641552925109863,-2.990461826324463,7.302169799804687
3406553558.0,-0.8637793064117432,2.324833869934082,10.17192554473877,1.7864779233932495,-3.1806225776672363,7.248099327087402
3406561891.0,-0.945728838443756,2.545142889022827,10.461609840393066,1.488866090774536,-3.006112813949585,7.15829610824585
3406570224.0,-0.8540510535240173,2.460843801498413,10.437228202819824,1.114232301712036,-3.3352303504943848,7.090137004852295
3406578557.0,-0.5757678747177124,2.300759792327881,10.684521675109863,0.1308503299951553,-3.414813280105591,7.111600875854492
3406586890.0,0.1456017047166824,1.791812539100647,10.47592544555664,-0.3717138469219208,-3.788883924484253,7.017955780029297
3406595223.0,0.1032055765390396,1.4298913478851318,9.640782356262209,-0.0729237347841262,-3.646161317825317,6.825976371765137
3406603556.0,-0.174906387925148,1.063981056213379,9.793294906616213,0.2888389527797699,-1.802499532699585,6.964600563049316
3406611889.0,-0.376556783914566,0.8584374189376831,10.202774047851562,0.2630710303783417,-1.3663402795791626,6.780664920806885
3406620222.0,-0.3044854700565338,0.9528294801712036,10.543752670288086,0.2833318710327148,-2.042325496673584,6.691424369812012
3406628555.0,0.1608777493238449,0.8317950963973999,10.24889087677002,0.8549647331237793,-2.350669384002685,6.515146732330322
3406636888.0,0.5507014989852905,0.2545167803764343,10.008288383483888,1.335282802581787,-2.124316453933716,6.765423774719238
3406645221.0,0.4601518213748932,0.4689707159996032,9.53796672821045,1.8394476175308228,-1.4011242389678955,6.776053428649902
3406653554.0,0.3964337706565857,0.451471745967865,9.514969825744627,2.2118022441864014,-0.2092683166265487,6.764835357666016
3406661887.0,0.0613966956734657,0.9440537095069884,9.93517017364502,2.707104682922364,0.2529533803462982,6.718140602111816
3406670220.0,0.2522333562374115,1.3384772539138794,10.400238990783691,2.558593273162842,0.7752532958984375,6.828333377838135
3406678553.0,0.3615829944610595,1.230011224746704,10.707406997680664,2.4332115650177,0.9518378973007202,6.896620750427246
3406686886.0,0.374140202999115,0.9877721071243286,10.474047660827637,2.3051915168762207,1.181904673576355,7.074075222015381
3406695219.0,0.0741585493087768,0.8774738907814026,10.02182674407959,2.3800110816955566,2.0051722526550293,7.344486236572266
3406703552.0,0.0185057949274778,0.7616080045700073,9.965179443359377,2.7324886322021484,1.7903714179992676,7.360007762908935
3406711885.0,-0.1868322491645813,0.7914357781410217,9.597384452819824,2.23764705657959,1.9007686376571653,7.379526138305664
3406720218.0,0.1933550685644149,0.9823779463768004,9.6196870803833,2.469071626663208,2.224224805831909,7.55595588684082
3406728551.0,0.166174441576004,0.8743175864219666,9.725218772888184,2.3970954418182373,2.360928058624268,7.498400211334228
3406736884.0,-0.2218053042888641,0.8125295639038086,9.48063850402832,2.5487060546875,3.4398255348205566,7.592098712921143
3406745217.0,-0.3668117225170135,0.3256072700023651,10.053466796875,2.7795159816741943,3.712181329727173,7.681875228881836
3406753550.0,-0.3826986253261566,0.4306091070175171,9.84665870666504,3.0430352687835693,3.245234251022339,7.759614944458008
3406761883.0,-0.2319212853908538,0.5079302787780762,9.746411323547363,3.540386915206909,2.833126783370972,7.692659378051758
3406770216.0,-0.2651290893554687,0.6441842317581177,9.282243728637695,3.905416011810303,3.3037116527557373,7.540306091308594
3406778549.0,-0.5800127983093262,0.4919146001338959,9.4943208694458,4.202617645263672,4.358710289001465,7.660488605499268
3406786882.0,-0.5722711682319641,0.8501637578010559,9.875720977783203,4.171342849731445,4.07892656326294,7.628163814544678
3406795215.0,-0.6964938640594482,1.0811254978179932,9.962644577026367,4.413422584533691,3.1608355045318604,7.473171234130859
3406803548.0,-0.6260648965835571,1.22284996509552,9.697113037109377,4.381814956665039,3.2265872955322266,7.596120834350586
3406811881.0,-0.7404032349586487,1.7006514072418213,9.960566520690918,4.169447422027588,3.818763017654419,7.51884126663208
3406820214.0,-0.8873229622840881,1.8510693311691284,10.224563598632812,3.931516647338867,4.027851581573486,7.574629306793213
3406828547.0,-1.1283202171325684,2.081176280975342,10.482667922973633,3.428837299346924,3.874114990234375,7.482239246368408
3406836880.0,-1.0007274150848389,1.996834397315979,10.73264217376709,3.15102481842041,3.48183274269104,7.412747383117676
3406845213.0,-0.6632722616195679,2.1756277084350586,10.749096870422363,2.7494447231292725,3.003281593322754,7.446224689483643
3406853546.0,-0.4429027438163757,2.37073826789856,10.357380867004396,2.190901279449463,2.6407384872436523,7.370382308959961
3406861879.0,-0.3583477735519409,2.083815097808838,9.77417278289795,2.122612953186035,3.17789363861084,7.466050148010254
3406870212.0,-0.6853078603744507,1.3681142330169678,9.505651473999023,2.127044439315796,3.764460563659668,7.462950706481934
3406878545.0,-1.1955323219299316,1.1852179765701294,9.289578437805176,2.102762222290039,3.744916677474976,7.461490154266357
3406886878.0,-1.3709529638290403,1.1951096057891846,9.587719917297363,2.1113944053649902,3.173257827758789,7.508287906646728
3406895211.0,-1.1295078992843628,1.738728404045105,9.522263526916504,2.017210960388184,2.121691465377808,7.422840595245361
3406903544.0,-0.9575409889221193,1.3750547170639038,9.336584091186523,1.9410855770111084,1.95663321018219,7.377989292144775
3406911877.0,-0.8844804763793945,0.953773021697998,9.14154815673828,1.7204443216323853,2.4257068634033203,7.485543251037598
3406920210.0,-0.938946008682251,1.020181655883789,9.276248931884766,2.3075735569000244,2.411567449569702,7.576421737670898
3406928543.0,-0.8571563959121704,1.0833265781402588,9.446460723876951,2.5689408779144287,1.9112956523895264,7.569941520690918
3406936876.0,-0.7185138463973999,1.141419529914856,9.304218292236328,2.619760513305664,1.211796760559082,7.448147296905518
3406945209.0,-0.6810555458068848,1.4370461702346802,9.39869213104248,2.4573917388916016,1.418068289756775,7.580623626708984
3406953542.0,-0.5495200157165527,1.3561923503875732,9.35194206237793,2.4669713973999023,1.6474438905715942,7.57655143737793
3406961875.0,-0.8041559457778931,1.318942308425903,9.302688598632812,2.7372522354125977,1.543168067932129,7.536232948303223
3406970208.0,-0.9000750780105591,1.2352006435394287,9.339820861816406,2.591891288757324,1.590195655822754,7.582773685455322
3406978541.0,-0.9738402366638184,1.1064358949661257,9.415282249450684,2.8127381801605225,1.0217903852462769,7.549194812774658
3406986874.0,-0.8828688263893127,1.3974084854125977,9.52036476135254,2.8003406524658203,0.6987180113792419,7.437465667724609
3406995207.0,-0.6800464987754822,1.6860696077346802,9.57871437072754,2.6920690536499023,0.921920359134674,7.52130126953125
3407003540.0,-0.5499787926673889,1.5569316148757937,9.557573318481444,2.5933520793914795,1.018895983695984,7.541408538818359
3407011873.0,-0.5760694146156311,1.5098422765731812,9.641583442687988,2.163673162460327,0.9615200757980348,7.604342460632324
3407020206.0,-0.5426009297370911,1.4867757558822632,9.386305809020996,2.1012768745422363,1.0064988136291504,7.558851718902588
3407028539.0,-0.6934581398963928,1.049161672592163,9.352089881896973,2.329115390777588,0.92299622297287,7.594327926635742
3407036872.0,-0.7885223031044006,0.5307788848876953,9.179652214050291,2.266770362854004,1.0113396644592283,7.683823108673096
3407045205.0,-0.492005318403244,0.1669271737337112,9.375629425048828,2.703031539916992,0.6144726872444153,7.82585334777832
3407053538.0,-0.4321633279323578,0.3156238496303558,9.158856391906738,2.9248509407043457,0.0726291537284851,7.818398952484131
3407061871.0,-0.7259953022003174,1.0870492458343506,9.139007568359377,3.218595027923584,1.4756488800048828,7.823880195617676
3407070204.0,-0.4976698756217956,1.3525551557540894,9.889753341674805,3.538491487503052,1.9839892387390137,7.761433601379394
3407078537.0,-0.6916667819023132,1.815994381904602,10.347784996032717,3.071953535079956,0.9597013592720032,7.771524906158447
3407086870.0,-0.5575023889541626,1.6925426721572876,10.205899238586426,2.442842483520508,0.7808883190155029,7.870882987976074
3407095203.0,-0.4834306240081787,1.6230483055114746,10.048592567443848,2.3756818771362305,1.1597998142242432,8.025311470031738
3407103536.0,-0.650130033493042,1.53943932056427,10.214255332946776,2.1126492023468018,1.6460859775543213,8.15753173828125
3407111869.0,-0.3420432209968567,1.4081951379776,10.520784378051758,1.831635594367981,1.3362563848495483,8.139730453491211
3407120202.0,-0.4263082444667816,1.2621595859527588,10.174068450927734,1.592091083526611,0.8475878238677979,8.019445419311523
3407128535.0,-0.4376783072948456,1.3513693809509275,9.784838676452637,1.950997829437256,1.5992119312286377,8.155226707458496
3407136868.0,-0.4631458818912506,1.0739706754684448,10.110014915466309,2.083423614501953,1.9052765369415283,8.163525581359863
3407145201.0,-0.8088006377220154,1.16066312789917,10.087191581726074,1.9409314393997192,1.6952396631240845,8.049925804138184
3407153534.0,-0.9053086042404176,1.4713433980941772,9.89500331878662,2.077378273010254,1.6144778728485107,8.079919815063477
3407161867.0,-0.8627549409866333,1.3021522760391235,9.962491035461426,2.0832438468933105,1.396193504333496,7.865375518798828
3407170200.0,-0.7569900751113892,1.1467162370681765,9.809925079345703,2.106604814529419,1.497446894645691,7.681979656219482
3407178533.0,-0.586059033870697,1.178148627281189,9.976194381713867,1.9830671548843384,1.3973207473754885,7.769938945770264
3407186866.0,-0.6447902917861938,1.2551273107528689,9.816800117492676,2.4157168865203857,1.409384846687317,7.755259990692139
3407195199.0,-0.7305219173431396,1.4242537021636963,9.82688045501709,2.58943247795105,1.7160128355026243,7.760844230651855
3407203532.0,-0.7543098330497742,1.086967706680298,10.08673858642578,2.5823631286621094,1.5011862516403198,7.639893531799316
3407211865.0,-0.7788009643554688,1.203709602355957,10.12898063659668,2.716376781463623,0.9845727682113647,7.650984287261963
3407220198.0,-0.9796032309532166,1.6022754907608032,9.875266075134276,2.7061829566955566,1.333899974822998,7.515230655670166
3407228531.0,-1.149126648902893,1.569780707359314,10.091145515441896,2.636768341064453,1.7631689310073853,7.4824442863464355
3407236864.0,-1.2042255401611328,1.2585084438323977,10.00753116607666,2.4152307510375977,1.1227105855941772,7.487260341644287
3407245197.0,-1.2041682004928589,1.033003568649292,10.02707576751709,2.396301984786988,0.3608406186103821,7.646196365356445
3407253530.0,-1.2140074968338013,1.061601161956787,9.808841705322266,2.6060054302215576,0.0821064487099647,7.527473926544189
3407261863.0,-1.2044532299041748,1.355063557624817,9.899524688720703,2.7295429706573486,0.2724970579147339,7.586617469787598
3407270196.0,-0.8950696587562561,1.7419443130493164,10.206259727478027,2.439307928085327,0.0223228093236684,7.553548812866211
3407278529.0,-0.5984058380126953,1.7755149602890017,10.366994857788086,2.003890991210937,-0.8558996915817261,7.553318500518799
3407286862.0,-0.7501201629638672,1.861546277999878,10.020153045654297,1.7890647649765017,-0.2802709639072418,7.608081340789795
3407295195.0,-1.1852325201034546,1.6254291534423828,10.269128799438477,1.6550768613815308,0.847126841545105,7.681826114654541
3407303528.0,-1.3778120279312134,1.3302106857299805,10.618881225585938,1.31991446018219,0.0627676993608474,7.902953147888184
3407311861.0,-1.1777974367141724,1.408679485321045,10.423688888549805,1.24153470993042,-1.810695767402649,7.920369625091553
3407320194.0,-0.8763607144355774,1.2940634489059448,9.696846961975098,1.035161018371582,-2.6531736850738525,7.911610603332519
3407328527.0,-0.6493327021598816,0.7871314287185669,9.024737358093262,1.3554412126541138,-1.6618515253067017,7.976900100708008
3407336860.0,-0.8226504921913147,0.5029773712158203,9.403353691101074,1.6146315336227417,-1.0459059476852417,8.035120964050293
3407345193.0,-1.194376826286316,0.8851220011711121,9.656213760375977,1.6834571361541748,-1.1950833797454834,8.020495414733887
3407353526.0,-1.0249253511428833,1.39531672000885,10.121952056884766,1.8487457036972048,-1.692255616188049,7.976464748382568
3407361859.0,-0.7586879134178162,1.5287821292877195,10.26173973083496,1.815139889717102,-2.475180387496948,7.936609268188477
3407370192.0,-0.5763987302780151,1.385859131813049,10.165148735046388,1.75074565410614,-2.157435655593872,8.097952842712402
3407378525.0,-0.5478827953338623,1.1805568933486938,10.04720973968506,1.8853486776351929,-1.9077227115631104,7.95897102355957
3407386858.0,-0.5779088139533997,1.400829195976257,10.157697677612305,1.9033299684524536,-1.6993253231048584,8.017242431640625
3407395191.0,-0.4212560057640075,1.6154723167419434,10.279780387878418,1.9261776208877563,-2.062278509140014,7.852645397186279
3407403524.0,-0.0921925827860832,1.2186897993087769,10.259047508239746,2.0377023220062256,-2.1939616203308105,7.952285289764404
3407411857.0,-0.0745869278907775,1.0727447271347046,9.86964225769043,1.9135242700576784,-1.7744004726409912,7.852159023284912
3407420190.0,-0.1393462568521499,0.7044105529785156,9.553176879882812,2.267051935195923,-0.9318970441818236,8.066421508789062
3407428523.0,-0.5031464695930481,0.6661152839660645,9.536266326904297,2.51894211769104,-0.6343108415603638,7.823009490966797
3407436856.0,-0.5288277864456177,0.9475959539413452,9.561655044555664,2.6291604042053223,-0.8704484701156616,7.841656684875488
3407445189.0,-0.566029965877533,0.7676904201507568,9.780723571777344,2.8744165897369385,-0.9461386203765868,7.89437198638916
3407453522.0,-0.4831401705741882,0.8937652111053467,9.705554008483888,3.126537799835205,-0.7761369347572327,7.917090892791748
3407461855.0,-0.2545987367630005,1.0065418481826782,9.92791748046875,3.3909788131713867,-0.5975544452667236,7.856462001800537
3407470188.0,-0.1626378893852234,0.91228449344635,9.893438339233398,3.859104633331299,-0.8221657276153564,7.820217609405518
3407478521.0,-0.0606608167290687,0.9528905749320984,9.633843421936035,3.6648976802825928,-0.7967820167541504,7.833308219909668
3407486854.0,-0.2051925659179687,1.2715535163879397,9.681388854980469,3.671633958816528,0.1019574478268623,7.961838722229004
3407495187.0,-0.3210922479629516,1.4334644079208374,9.97177028656006,3.455296516418457,0.5995652675628662,8.095955848693848
3407503520.0,-0.505757212638855,1.5261213779449463,10.392929077148438,3.1111176013946533,0.664138674736023,8.154842376708984
3407511853.0,-0.5424062013626099,1.461018443107605,10.5512113571167,2.747652053833008,0.4833534359931946,8.156200408935547
3407520186.0,-0.4676806926727295,1.1607701778411863,10.512406349182127,2.778977870941162,0.269730657339096,8.232146263122559
3407528519.0,-0.1279880106449127,1.1916420459747314,10.185232162475586,2.7523136138916016,0.0916093066334724,8.319209098815918
3407536852.0,0.0639273449778556,0.999311089515686,10.090383529663086,2.848264694213867,-0.0488719642162323,8.31021785736084
3407545185.0,-0.2752586901187897,1.2342464923858645,9.616787910461426,2.890169382095337,1.143970251083374,8.33055591583252
3407553518.0,-0.3944861590862274,1.6154283285140991,10.199993133544922,3.124258041381836,2.409672260284424,8.245107650756836
3407561851.0,-0.6239493489265442,1.532353401184082,10.739253044128418,2.8911423683166504,1.7654227018356323,8.179380416870117
3407570184.0,-0.8420438170433044,1.5879478454589844,10.216024398803713,2.549858808517456,0.9189234972000122,7.999800205230713
3407578517.0,-0.7304752469062805,1.8142143487930296,10.206546783447266,2.498476505279541,1.342224359512329,8.121851921081543
3407586850.0,-0.5193501710891724,1.7155742645263672,10.202458381652832,2.5405097007751465,1.2600027322769165,8.242623329162598
3407595183.0,-0.3075040876865387,1.5190379619598389,10.204026222229004,2.4676880836486816,1.0154634714126587,8.083199501037598
3407603516.0,-0.268210232257843,1.0988845825195312,9.961393356323242,2.219998598098755,1.2436864376068115,8.211527824401855
3407611849.0,-0.4756976664066314,1.1444730758666992,9.755921363830566,2.6949379444122314,1.6693438291549685,8.120621681213379
3407620182.0,-0.6933309435844421,1.539772868156433,9.791008949279783,3.0181639194488525,2.4397687911987305,8.043754577636719
3407628515.0,-0.7815350890159607,1.680927276611328,10.259419441223145,2.9402449131011963,2.200992584228516,8.097082138061523
3407636848.0,-0.7627577781677246,1.5991270542144775,10.2939453125,2.3569321632385254,1.4064648151397705,7.983150005340576
3407645181.0,-0.8838062286376953,1.7288769483566284,9.853975296020508,2.4448401927948,1.554207682609558,8.012222290039062
3407653514.0,-1.145177721977234,1.5667171478271484,9.883217811584473,2.47998309135437,1.9783025979995728,7.95902156829834
3407661847.0,-0.8792456388473511,1.3523396253585815,10.026270866394045,2.598346471786499,1.4455777406692505,7.823649883270264
3407670180.0,-0.2167696803808212,1.3524123430252075,10.097371101379396,2.3037314414978027,0.3113794326782226,7.844858169555664
3407678513.0,0.062480092048645,1.4174867868423462,9.65756893157959,2.227144718170166,0.277466207742691,8.024824142456055
3407686846.0,-0.2324699014425277,1.3610042333602903,9.134981155395508,2.47334885597229,2.4573910236358643,8.038015365600586
3407695179.0,-0.7678596377372742,1.3773643970489502,9.836617469787598,2.7289280891418457,3.3879826068878174,8.193854331970215
3407703512.0,-0.890536367893219,1.0118358135223389,10.213326454162598,2.366767883300781,1.858376622200012,8.182710647583008
3407711845.0,-0.9038918018341064,0.9238963723182678,9.71904468536377,2.2215352058410645,0.5592227578163147,8.184759140014648
3407720178.0,-0.6883952617645264,0.984912931919098,9.161887168884276,2.882305860519409,1.0185885429382324,8.397332191467285
3407728511.0,-0.4959301650524139,0.9370526671409608,9.185765266418455,3.1793031692504883,1.6673204898834229,8.501660346984863
3407736844.0,-0.233853742480278,0.8134155869483948,9.30275058746338,2.919344186782837,1.0220720767974854,8.405759811401367
3407745177.0,-0.4548972845077514,0.971862018108368,9.183493614196776,2.770601987838745,1.2930963039398191,8.435574531555176
3407753510.0,-0.5994709134101868,1.287384033203125,9.313182830810549,3.193211793899536,2.3176915645599365,8.397051811218262
3407761843.0,-0.8743976354598999,1.4111113548278809,9.839369773864746,3.697453737258911,2.338797807693481,8.440698623657227
3407770176.0,-0.9609832763671876,1.3570959568023682,9.872197151184082,3.170517444610596,1.5272361040115356,8.466133117675781
3407778509.0,-0.8140693306922913,1.2653532028198242,9.822758674621582,3.022006034851074,0.5578140616416931,8.52801513671875
3407786842.0,-0.5049290657043457,1.4732065200805664,9.581831932067873,3.039065361022949,0.8500726222991943,8.490365028381348
3407795175.0,-0.4964682459831238,1.3800331354141235,9.89404582977295,3.299741506576538,1.6273366212844849,8.52094841003418
3407803508.0,-0.5097368955612183,0.9659082889556884,9.626442909240724,3.319669246673584,1.472267985343933,8.39251708984375
3407811841.0,-0.6052793264389038,0.9811355471611024,9.604783058166504,3.614668369293213,1.2029087543487549,8.45317268371582
3407820174.0,-0.5910109281539917,0.9738473296165466,9.42332363128662,3.97088623046875,1.258747696876526,8.43419361114502
3407828507.0,-1.062862992286682,0.9853745698928832,9.896409034729004,3.811667680740357,1.870902419090271,8.336652755737305
3407836840.0,-0.9224489331245422,1.5511977672576904,9.97912311553955,3.719917535781861,2.12450909614563,8.625556945800781
3407845173.0,-0.5492595434188843,2.323625087738037,10.43120288848877,3.902008533477783,0.6142165660858154,8.208043098449707
3407853506.0,-0.4377138912677765,1.947439670562744,9.75291347503662,3.313803434371948,-0.2186687290668487,8.188218116760254
3407861839.0,-0.5965244174003601,1.5838172435760498,9.295802116394045,2.7243173122406006,1.5441157817840576,8.278867721557617
3407870172.0,-0.6293270587921143,1.6547014713287354,9.875088691711426,2.784152269363404,2.600114345550537,8.239396095275879
3407878505.0,-0.5710955858230591,1.6778757572174072,10.465561866760254,3.1298415660858154,1.5368669033050537,8.193981170654297
3407886838.0,-0.4977308511734009,1.9252610206604004,10.173383712768556,2.747908115386963,0.2627124190330505,8.132712364196777
3407895171.0,-0.3246619999408722,1.565220832824707,9.999055862426758,2.3679206371307373,0.8860092759132385,8.299051284790039
3407903504.0,-0.4745922088623047,1.6788049936294556,9.458935737609863,2.000433444976806,1.8595038652420044,8.24269962310791
3407911837.0,-0.6315175890922546,1.6872528791427612,9.845599174499512,1.9470534324646,2.3727619647979736,8.243826866149902
3407920170.0,-0.6364927887916565,1.3249558210372925,9.966894149780272,1.8199297189712524,1.6121983528137207,8.220671653747559
3407928503.0,-0.7513166069984436,1.5182127952575684,10.086917877197266,1.5065908432006836,1.3863834142684937,8.285782814025879
3407936836.0,-0.4531846344470978,1.6466472148895264,9.981443405151367,1.5557702779769895,1.6884262561798096,8.377070426940918
3407945169.0,-0.2519694566726684,1.4534971714019775,10.039670944213867,1.721929669380188,1.6328946352005005,8.254995346069336
3407953502.0,-0.4432649910449981,1.3867793083190918,9.688379287719728,1.6906036138534546,1.7560991048812866,8.239882469177246
3407961835.0,-0.7135265469551086,1.0773645639419556,9.434728622436523,1.9763301610946653,2.25775408744812,8.225690841674805
3407970168.0,-0.9302591681480408,0.7948809266090393,9.5223388671875,2.3439204692840576,2.244741916656494,8.197285652160645
3407978501.0,-1.068359136581421,1.1489500999450684,9.623311042785645,2.4151275157928467,1.7972356081008911,8.282196044921875
3407986834.0,-0.7506173849105835,1.071165680885315,9.731963157653809,2.448682308197021,1.3885091543197632,8.284757614135742
3407995167.0,-0.6790761351585388,1.0159940719604492,9.644441604614258,2.65677261352539,0.9399528503417968,8.158300399780273
3408003500.0,-0.706519603729248,1.1082086563110352,9.62506866455078,2.7803359031677246,1.413098931312561,8.179483413696289
3408011833.0,-0.7370554208755493,1.3449748754501345,9.784257888793944,3.145901918411255,1.5482397079467771,8.196799278259277
3408020166.0,-0.7830907106399536,1.386715054512024,9.813612937927246,3.3886990547180176,1.0344949960708618,8.051847457885742
3408028499.0,-0.7779630422592163,1.335490345954895,9.779080390930176,3.124386072158813,0.6391904950141907,8.120417594909668
3408036832.0,-0.7573372721672058,1.1181594133377075,9.760449409484863,2.8692939281463623,0.9359058141708374,8.343235969543457
3408045165.0,-0.8724877834320068,1.4759255647659302,9.71065616607666,3.335857391357422,1.0280659198760986,8.340368270874023
3408053498.0,-0.8383644223213196,1.4780323505401611,10.159466743469238,3.387470245361328,0.5841966867446899,8.33411693572998
3408061831.0,-0.8866124749183655,1.2237895727157593,9.884696006774902,2.992421865463257,-0.078738160431385,8.208606719970703
3408070164.0,-0.8397144675254822,1.2889018058776855,9.866329193115234,3.0306637287139893,0.2280563414096832,8.142444610595703
3408078497.0,-0.6683439612388611,1.3692395687103271,10.053926467895508,3.339853048324585,0.3586889505386352,8.280993461608887
3408086830.0,-0.6130024790763855,1.2282419204711914,10.138751983642578,3.1654715538024902,0.0354116819798946,8.22184944152832
3408095163.0,-0.6739446520805359,1.0879439115524292,9.870549201965332,3.025054216384888,-0.1017909795045852,8.25619888305664
3408103496.0,-0.5705081820487976,1.4204527139663696,9.935242652893066,2.9650654792785645,0.080134131014347,8.407552719116211
3408111829.0,-0.4257590174674988,1.4980281591415403,10.24843978881836,3.003384113311768,-0.017007851973176,8.359525680541992
3408120162.0,-0.643585741519928,1.5488406419754028,10.056085586547852,2.632131576538086,0.172575905919075,8.368362426757812
3408128495.0,-0.792392909526825,1.340660810470581,10.295100212097168,2.4660234451293945,0.4246455729007721,8.371744155883789
3408136828.0,-0.8377136588096619,1.1986430883407593,10.372762680053713,2.561641454696656,0.0279067102819681,8.473099708557129
3408145161.0,-0.6588333249092102,1.3018981218338013,10.15006160736084,2.656568050384521,-0.790276050567627,8.369132041931152
3408153494.0,-0.3911074697971344,1.0915555953979492,9.75385284423828,2.60049819946289,-1.050900936126709,8.533370971679688
3408161827.0,-0.6351218819618225,1.255458116531372,9.293529510498049,2.657823085784912,-0.7178133726119995,8.583574295043945
3408170160.0,-0.7130486369132996,1.3328160047531128,9.603479385375977,2.80269718170166,0.1768534928560257,8.45872974395752
3408178493.0,-0.6496370434761047,1.171489119529724,9.987165451049805,2.72196102142334,-0.4179475009441376,8.394566535949707
3408186826.0,-0.8518821597099304,1.516581416130066,9.943018913269045,2.696730852127075,-0.7557736039161682,8.334142684936523
3408195159.0,-0.7528024315834045,1.5741581916809082,9.969115257263184,2.760202646255493,-0.1830393373966217,8.365135192871094
3408203492.0,-0.4317027032375335,1.3316932916641235,10.201709747314451,3.11191201210022,-0.7697077989578247,8.317826271057129
3408211825.0,-0.5147913098335266,1.415610432624817,10.002314567565918,2.9642457962036133,-1.3570934534072876,8.338316917419434
3408220158.0,-0.4357862472534179,1.152261734008789,9.7378568649292,2.8353805541992188,-0.5190468430519104,8.33260440826416
3408228491.0,-0.6168693900108337,1.199750304222107,9.816179275512695,3.448995351791382,-0.1528145372867584,8.277945518493652
3408236824.0,-0.7437628507614136,1.4340906143188477,10.152305603027344,3.553424835205078,-0.4370301067829132,8.228586196899414
3408245157.0,-0.7911868691444397,1.385944366455078,10.234336853027344,3.310908794403076,-0.9757744073867798,8.15960693359375
3408253490.0,-0.464430421590805,1.50412917137146,9.959716796875,3.499096632003784,-1.2120399475097656,8.119161605834961
3408261823.0,-0.3315548002719879,1.4537129402160645,9.78956127166748,3.532677173614502,-1.0111732482910156,7.984149932861328
3408270156.0,-0.4749976694583893,1.3858336210250854,9.662637710571287,3.415363550186157,-0.1688234359025955,8.10750675201416
3408278489.0,-0.765670120716095,1.6309444904327393,9.82614517211914,3.42379093170166,0.1388163417577743,8.084711074829102
3408286822.0,-0.7370370030403137,1.6389307975769043,10.450106620788574,3.1924943923950195,-0.3571136593818664,7.94216775894165
3408295155.0,-0.3353660702705383,1.4720211029052734,10.634232521057127,3.0735669136047363,-1.300870060920715,8.035479545593262
3408303488.0,-0.0544704087078571,1.5911237001419067,10.135782241821287,2.9094314575195312,-1.1485679149627686,8.139806747436523
3408311821.0,-0.1341891884803772,1.611538290977478,9.779643058776855,2.936121702194214,-0.2363425642251968,8.210681915283203
3408320154.0,-0.25961434841156,1.3955893516540527,9.626202583312988,2.654928207397461,0.2226517498493194,8.247207641601562
3408328487.0,-0.5131204128265381,1.3933223485946655,9.816226959228516,2.262671709060669,0.1252151727676391,8.238447189331055
3408336820.0,-0.4294393658638,1.1632318496704102,10.165952682495115,2.279885053634644,-0.0138829164206981,8.296234130859375
3408345153.0,-0.2026773542165756,1.368830919265747,9.982429504394531,2.429138898849488,-0.2588062584400177,8.439929008483887
3408353486.0,-0.2190966457128524,1.4546769857406616,9.955288887023926,2.5390241146087646,-0.0862175226211547,8.384552001953125
3408361819.0,-0.2565590143203735,1.3500287532806396,9.734067916870115,2.304781913757324,0.4414741992950439,8.515748023986816
3408370152.0,-0.3045279681682586,1.1280457973480225,9.880305290222168,2.3156673908233643,0.3469319939613342,8.425738334655762
3408378485.0,-0.1737777143716812,1.116478443145752,9.956958770751951,2.592916250228882,0.3669111132621765,8.30545425415039
3408386818.0,-0.0260366164147853,1.0239769220352173,9.704278945922852,2.726750612258911,0.2736752927303314,8.408782005310059
3408395151.0,0.0134896701201796,1.1972177028656006,9.434645652770996,3.03906512260437,0.7126264572143555,8.347180366516113
3408403484.0,-0.2066821902990341,1.3417913913726809,9.702394485473633,3.1820952892303467,1.2820823192596436,8.412983894348145
3408411817.0,-0.3070714175701141,1.40940260887146,10.011104583740234,2.942089319229126,1.6149134635925293,8.337394714355469
3408420150.0,-0.4459283053874969,1.6686992645263672,10.259944915771484,3.0400383472442627,1.4287234544754028,8.21777629852295
3408428483.0,-0.2877729833126068,1.6473287343978882,10.184271812438965,3.182555913925171,1.3772644996643066,8.169109344482422
3408436816.0,-0.0805066749453544,1.3079218864440918,10.061680793762209,3.338136911392212,0.998711884021759,8.295003890991211
3408445149.0,-0.1598564535379409,1.119233250617981,9.472421646118164,3.170337915420532,1.218430757522583,8.29766845703125
3408453482.0,-0.2838377058506012,1.0543917417526243,9.346936225891112,3.302200555801392,2.0926449298858643,8.384936332702637
3408461815.0,-0.2961553335189819,1.315459966659546,9.579119682312012,3.7116951942443848,2.3603391647338867,8.322334289550781
3408470148.0,-0.5526651740074158,1.559249997138977,9.868599891662598,3.650938510894776,2.263363838195801,8.19339370727539
3408478481.0,-0.6113770008087158,1.830771446228028,10.038862228393556,3.350329160690308,2.30296277999878,7.97920560836792
3408486814.0,-0.6386030912399292,1.885468602180481,10.133403778076172,3.237678050994873,2.4502196311950684,8.070700645446777
3408495147.0,-0.5299076437950134,1.7704330682754517,10.265124320983888,2.95781683921814,2.086907148361206,8.092625617980957
3408503480.0,-0.3464246392250061,1.376198649406433,10.129878044128418,2.9716742038726807,1.4914530515670776,8.225076675415039
3408511813.0,-0.3399668335914612,1.249902844429016,9.808483123779297,2.8749542236328125,1.5666049718856812,8.195722579956055
3408520146.0,-0.4988918304443359,1.457958698272705,9.714332580566406,2.79163146018982,2.3978638648986816,8.260732650756836
3408528479.0,-0.5164118409156799,1.5667539834976196,9.995322227478027,2.702032804489136,2.536590576171875,8.133096694946289
3408536812.0,-0.5742946863174438,1.715140700340271,10.112393379211426,2.4519355297088623,2.0227179527282715,8.121697425842285
3408545145.0,-0.5445449948310852,1.7498408555984497,10.094910621643066,2.177069187164306,1.9465411901474,8.278252601623535
3408553478.0,-0.372239202260971,1.3950376510620115,10.027956008911133,2.2328312397003174,2.1136739253997803,8.265932083129883
3408561811.0,-0.7159265279769897,1.4572356939315796,10.143869400024414,2.184343338012696,2.3337512016296387,8.219108581542969
3408570144.0,-0.9252591729164124,1.8372220993041992,9.960945129394531,1.9151381254196167,2.4221463203430176,8.313368797302246
3408578477.0,-0.7173488140106201,1.87473213672638,10.152015686035156,1.8371427059173584,1.3847697973251345,8.137194633483887
3408586810.0,-0.4794199764728546,1.8320871591567995,9.830530166625977,1.4250094890594482,0.8724848628044128,8.121031761169434
3408595143.0,-0.3707418143749237,1.4425050020217896,9.594587326049805,1.2287020683288574,1.561763882637024,8.27635669708252
3408603476.0,-0.6296334266662598,1.2668917179107666,9.630308151245115,1.5983924865722656,2.265284776687622,8.202690124511719
3408611809.0,-0.9644837379455566,1.5522112846374512,9.814775466918944,1.7381436824798584,2.375732898712158,8.195006370544434
3408620142.0,-0.8225017189979553,1.377281665802002,10.048345565795898,1.539402723312378,1.5122003555297852,8.107481956481934
3408628475.0,-0.4306494295597076,1.4893569946289062,9.80976390838623,1.6461116075515747,0.813469648361206,8.02523422241211
3408636808.0,-0.5668200254440308,1.258828043937683,9.604240417480469,1.8493348360061648,1.282056450843811,8.178099632263184
3408645141.0,-0.7645624279975891,1.0241917371749878,9.549670219421388,2.088418245315552,2.2645928859710693,8.049159049987793
3408653474.0,-1.0743640661239624,1.1768027544021606,9.765289306640623,2.2724051475524902,1.6910902261734009,7.848803520202637
3408661807.0,-0.9242695569992064,1.272066354751587,9.84861946105957,2.4467613697052,0.7403666973114014,7.828542709350586
3408670140.0,-0.3976010382175445,0.989736557006836,9.553755760192873,2.4790351390838623,0.0871268138289451,7.958970069885254
3408678473.0,-0.3671562969684601,1.172901630401611,9.28168487548828,2.689481735229492,0.8951534628868103,7.865298271179199
3408686806.0,-0.7041223645210266,1.3199691772460938,9.309589385986328,2.870497941970825,1.8007960319519043,7.879694938659668
3408695139.0,-0.9864906072616576,1.3103058338165283,9.600330352783203,2.960249900817871,1.618320107460022,7.726110935211182
3408703472.0,-1.159005641937256,1.197087049484253,9.957518577575684,2.6559529304504395,0.9156191945075988,7.767811298370361
3408711805.0,-0.8505857586860657,1.2731331586837769,10.156107902526855,2.4162039756774902,0.4668066799640655,7.764175891876221
3408720138.0,-0.4679676294326782,1.5804227590560913,10.09969711303711,2.6229357719421387,0.2647103071212768,7.776314735412598
3408728471.0,-0.4130139350891113,1.755313277244568,9.728403091430664,2.684640645980835,0.3792315423488617,7.800673961639404
3408736804.0,-0.5647526383399963,1.3352669477462769,9.533111572265623,2.1334736347198486,0.5919577479362488,7.880078315734863
3408745137.0,-0.8090856075286865,1.142586588859558,9.543529510498049,1.6017736196517944,0.8048890233039856,7.816556453704834
3408753470.0,-0.9857755303382874,1.4012281894683838,9.969974517822266,1.4867401123046875,0.9114698767662048,7.801546096801758
3408761803.0,-0.7577662467956543,1.6305524110794067,10.293051719665527,1.8216207027435305,0.4983122050762176,7.829901218414307
3408770136.0,-0.6424301266670227,1.5426194667816162,10.470388412475586,1.4107682704925537,-0.3127754926681518,7.707312107086182
3408778469.0,-0.6463139057159424,1.666363000869751,9.870494842529297,1.0291929244995115,-0.1951036602258682,7.819527626037598
3408786802.0,-0.6733534932136536,1.2401480674743652,9.88504695892334,1.1526280641555786,0.1419669091701507,7.755594730377197
3408795135.0,-0.8448284268379211,1.1065962314605713,9.853404998779297,1.2354388236999512,-0.0048154769465327,7.661256790161133
3408803468.0,-0.7837839722633362,1.2000921964645386,9.773076057434082,1.2668675184249878,-0.1752270311117172,7.536311149597168
3408811801.0,-0.5532687306404114,1.082116961479187,9.959680557250977,1.3001915216445925,-0.5442513227462769,7.654212474822998
3408820134.0,-0.386868417263031,1.3698155879974363,9.741726875305176,1.4268795251846311,-0.4102120399475097,7.533929347991943
3408828467.0,-0.4456211030483246,1.1536309719085691,9.796416282653809,1.479670524597168,0.1436830759048462,7.474862575531006
3408836800.0,-0.4937396645545959,0.855307400226593,9.873871803283691,1.6105082035064695,0.0900468602776527,7.455267906188965
3408845133.0,-0.569230854511261,1.0784112215042114,9.89643669128418,1.785606861114502,-0.1615746170282364,7.370893478393555
3408853466.0,-0.2127977460622787,1.23833966255188,9.85223388671875,2.0665950775146484,-0.271510899066925,7.26979398727417
3408861799.0,-0.2128321528434753,1.2454322576522827,9.779325485229492,2.216540813446045,-0.2393906563520431,7.253734588623047
3408870132.0,-0.4057013988494873,1.310580134391785,9.701659202575684,2.0249462127685547,0.6078898310661316,7.247535228729248
3408878465.0,-0.5908263325691223,1.016362547874451,9.984251022338867,2.290719747543335,0.9289132356643676,7.217875003814697
3408886798.0,-0.4367293417453766,0.9244159460067748,9.873727798461914,2.350733757019043,0.1963715553283691,7.112215518951416
3408895131.0,-0.3139391243457794,1.21557354927063,9.80030632019043,2.5058789253234863,0.0332088582217693,6.979790210723877
3408903464.0,-0.1246674358844757,1.3440510034561155,9.617327690124512,2.4786767959594727,0.5618610978126526,6.9048686027526855
3408911797.0,-0.3685317635536194,1.4540796279907229,9.723145484924316,2.445711374282837,1.1894354820251465,6.934760093688965
3408920130.0,-0.6719474792480469,1.11498761177063,9.91319751739502,2.2186923027038574,1.5442694425582886,6.972412109375
3408928463.0,-0.6869615912437439,0.9146862030029296,10.080071449279783,2.3609023094177246,0.9739683270454408,6.998513221740723
3408936796.0,-0.5422953963279724,1.134903073310852,10.103331565856934,2.2442550659179688,0.4118640720844269,6.857301712036133
3408945129.0,-0.4936037063598633,1.5933326482772827,9.886272430419922,2.142157077789306,0.8642628192901611,6.922798156738281
3408953462.0,-0.3871160447597503,1.5471042394638062,10.049052238464355,1.7786651849746704,1.0794990062713623,6.975870132446289
3408961795.0,-0.3093061447143554,1.5189945697784424,10.004376411437988,1.4557721614837646,0.820974588394165,6.84329080581665
3408970128.0,-0.5726566910743713,1.244768500328064,9.997125625610352,1.104729175567627,1.0445868968963623,7.08506441116333
3408978461.0,-0.6825030446052551,0.934521496295929,9.897187232971191,1.1064965724945068,1.4460899829864502,7.129324913024902
3408986794.0,-0.8723571300506592,1.1429537534713743,9.961027145385742,1.2213764190673828,1.2686601877212524,7.1815266609191895
3408995127.0,-0.7018722295761108,0.9811546802520752,10.102289199829102,1.2884600162506104,0.7123446464538574,7.140697956085205
3409003460.0,-0.6300188302993774,0.7234902381896973,9.878165245056152,1.3686838150024414,0.132156640291214,7.1768903732299805
3409011793.0,-0.721107006072998,0.967884361743927,9.624427795410156,1.6202925443649292,0.842567503452301,7.015982627868652
3409020126.0,-0.7769307494163513,0.8514981865882874,9.831827163696287,1.737426519393921,1.2053931951522827,7.149407386779785
3409028459.0,-0.8920896053314209,0.9690666198730468,10.020400047302246,1.7677280902862549,0.5642176270484924,7.081811428070068
3409036792.0,-0.709528386592865,1.273395299911499,10.129511833190918,1.807660818099976,0.2281075865030288,7.092722892761231
3409045125.0,-0.5014902949333191,1.253285527229309,10.294548034667969,1.9396510124206543,0.1692716777324676,7.04205846786499
3409053458.0,-0.3897425532341003,1.4027259349822998,10.233485221862791,2.1679248809814453,0.4982352554798126,7.113291263580322
3409061791.0,-0.5124853253364563,1.588038444519043,10.110921859741213,2.009296178817749,0.9662330150604248,7.079992771148682
3409070124.0,-0.866123378276825,1.0644021034240725,10.124631881713867,1.8927513360977173,0.8464608788490295,6.996618270874023
3409078457.0,-1.047813057899475,0.957459568977356,10.050990104675291,1.8638068437576287,0.9401832222938538,6.977304458618164
3409086790.0,-0.7519924640655518,0.8381195068359375,10.525301933288574,2.363131046295166,0.5202123522758484,7.13926362991333
3409095123.0,-0.5784454941749573,1.0122535228729248,10.179179191589355,2.5586955547332764,-0.263570487499237,6.841268062591553
3409103456.0,-0.4807508885860443,1.6419246196746826,9.651646614074709,2.697294473648072,0.03927943110466,6.84382963180542
3409111789.0,-0.5701740384101868,1.869098782539368,9.834932327270508,2.271483421325684,0.6741538643836975,6.725671291351318
3409120122.0,-0.7257016897201538,1.5090118646621704,10.05081272125244,1.6547691822052002,0.9986605644226074,6.759378433227539
3409128455.0,-0.91496080160141,1.361213445663452,10.225988388061523,1.501596212387085,0.6237450242042542,6.6871209144592285
3409136788.0,-0.8540213704109192,1.249515175819397,10.31115436553955,1.7194194793701172,0.1647123247385025,6.828895568847656
3409145121.0,-0.8648715615272522,1.0606398582458496,9.955669403076172,1.5558215379714966,-0.3316018879413605,6.729922771453857
3409153454.0,-0.8421493768692017,1.2222931385040283,9.504204750061035,1.2767798900604248,-0.2804502248764038,6.866369247436523
3409161787.0,-0.869113028049469,1.0629076957702637,9.877781867980955,0.9787839651107788,-0.0037140639033168,6.743574619293213
3409170120.0,-0.8695250749588013,1.0549150705337524,9.88310432434082,0.9339590072631836,-0.2254052609205246,6.6106367111206055
3409178453.0,-0.8625062108039856,1.156774878501892,10.107982635498049,1.0810105800628662,-0.2945125102996826,6.639505386352539
3409186786.0,-0.8182014226913452,0.8632143139839172,10.124070167541504,0.9672830700874328,-0.5526782870292664,6.631588459014893
3409195119.0,-0.7672445178031921,0.8316964507102966,10.048975944519045,1.1093653440475464,-0.7480380535125732,6.623520374298096
3409203452.0,-0.8693979382514954,0.9298584461212158,9.851358413696287,1.2319550514221191,-0.5796244144439697,6.69324254989624
3409211785.0,-1.0023106336593628,0.7283490300178528,9.901986122131348,1.29132878780365,-0.7078236937522888,6.599750518798828
3409220118.0,-1.068209886550903,0.9341396689414978,9.70000171661377,1.2788289785385132,-1.0571250915527344,6.418017864227295
3409228451.0,-0.8304981589317322,1.1726717948913574,10.05416774749756,1.2537527084350586,-0.984559953212738,6.466325759887695
3409236784.0,-0.6115943193435669,1.2023708820343018,10.189187049865724,1.2788289785385132,-1.499508500099182,6.317687034606934
3409245117.0,-0.666593074798584,1.518093228340149,10.136306762695312,1.226089358329773,-1.1862976551055908,6.256007194519043
3409253450.0,-0.5859109163284302,1.4593719244003296,10.149295806884766,1.0519381761550903,-0.6433526873588562,6.300422668457031
3409261783.0,-0.5742027759552002,1.241474747657776,10.261725425720217,0.9510437846183776,-1.2093762159347534,6.0337018966674805
3409270116.0,-0.5881839990615845,1.2470000982284546,9.975635528564451,0.7268168330192566,-1.5726885795593262,5.951608657836914
3409278449.0,-0.6368016600608826,1.13727867603302,9.84581184387207,0.542343020439148,-1.0141700506210327,5.93905782699585
3409286782.0,-0.62672358751297,0.8831497430801392,9.834196090698242,0.7476922869682312,-0.6250641345977783,5.862700939178467
3409295115.0,-0.3451761305332184,0.6177994608879089,10.074463844299316,0.9301425218582152,-1.3759711980819702,5.777099132537842
3409303448.0,-0.3298794329166412,0.4241921007633209,9.613823890686035,0.949378788471222,-1.6682294607162476,5.623362064361572
3409311781.0,-0.2488988637924194,0.417624831199646,9.238871574401855,1.3879458904266355,-0.8217047452926636,5.623977184295654
3409320114.0,-0.0310864988714456,0.8566564917564392,9.64023208618164,1.5823322534561155,-0.2536065280437469,5.376056671142578
3409328447.0,-0.0101421689614653,0.9060319066047668,9.92675495147705,1.5870964527130127,-0.3803970217704773,5.239455699920654
3409336780.0,-0.0930883064866066,0.6430132389068604,9.794963836669922,1.3216818571090698,0.0860766395926475,5.209513187408447
3409345113.0,-0.1585594117641449,0.4625961482524872,9.874746322631836,1.6851733922958374,0.6190832853317261,5.297753810882568
3409353446.0,-0.2551137506961822,0.2794272899627685,9.959794998168944,1.6681143045425415,0.480484664440155,5.400339126586914
3409361779.0,-0.1277355998754501,0.4523214995861053,9.502328872680664,1.991237759590149,0.2299518287181854,5.2451677322387695
3409370112.0,-0.1235689893364906,0.7640073299407959,9.41685676574707,1.959809303283692,0.5250790119171143,5.146860599517822
3409378445.0,0.2580195665359497,0.4382721185684204,9.485563278198242,1.9682364463806152,1.5628910064697266,5.020941257476807
3409386778.0,0.6733188629150391,0.2156106531620025,9.96854305267334,1.894492745399475,1.2057774066925049,5.065970420837402
3409395111.0,0.1328510791063308,0.6523516178131104,9.564495086669922,1.7580204010009766,1.9353221654891968,5.120964527130127
3409403444.0,-0.2569575607776642,0.7801648378372192,9.309439659118652,2.0514824390411377,3.219465732574463,5.101010799407959
3409411777.0,-0.3727269172668457,0.5924214720726013,9.69949722290039,1.9840916395187376,2.858920097351074,4.905881404876709
3409420110.0,0.0006242883391678,0.3078795075416565,9.740480422973633,1.5712157487869265,1.7459304332733154,4.950963497161865
3409428443.0,0.1387275606393814,0.2696097791194916,9.258180618286133,1.6234173774719238,1.818085789680481,5.04880952835083
3409436776.0,-0.0301870629191398,0.696114718914032,8.832103729248047,2.5131022930145264,3.743046522140503,5.039408206939697
3409445109.0,-0.1631617397069931,0.6336724758148193,9.444191932678224,2.7520318031311035,4.397515773773193,5.0177388191223145
3409453442.0,-0.0840017348527908,0.2710562348365783,9.899593353271484,2.1251749992370605,3.2167510986328125,4.888490200042725
3409461775.0,0.1297079920768737,0.576775074005127,9.409134864807127,2.141798496246338,2.995546579360962,4.855294227600098
3409470108.0,-0.0566459670662879,0.5739858746528625,9.50200366973877,2.789223909378052,4.907674789428711,5.020044326782227
3409478441.0,-0.331647515296936,0.6121178269386292,9.892653465270996,3.303147315979004,5.735730648040772,4.853756427764893
3409486774.0,-0.3450949788093567,0.6683143973350525,10.218137741088867,2.927617311477661,4.542825698852539,4.915051937103272
3409495107.0,-0.364517331123352,0.6527425050735474,9.646990776062012,2.858382225036621,3.965916156768799,4.89071798324585
3409503440.0,-0.4351757168769836,0.609259307384491,9.226031303405762,3.306657552719116,5.028036594390869,4.88493013381958
3409511773.0,-0.5673823356628418,0.608375072479248,9.689265251159668,3.476632595062256,5.934344291687012,4.816667079925537
3409520106.0,-0.5925536155700684,0.7412230968475342,10.031807899475098,3.487673282623291,4.941998481750488,4.7067060470581055
3409528439.0,-0.3902617394924164,0.8440856337547302,9.815424919128418,3.348459005355835,4.122393608093262,4.598792552947998
3409536772.0,-0.4039602279663086,1.1483997106552124,9.798613548278809,3.3446173667907715,4.90449857711792,4.698995590209961
3409545105.0,-0.6932843923568726,1.2652984857559204,9.821633338928224,2.8965728282928467,6.12363338470459,4.6768646240234375
3409553438.0,-1.0532690286636353,1.1993341445922852,10.380377769470217,2.8247764110565186,6.312384605407715,4.516749858856201
3409561771.0,-1.1721985340118408,0.9842649698257446,10.55589485168457,2.3164875507354736,5.08945894241333,4.592517375946045
3409570104.0,-1.0822336673736572,0.9378308057785034,10.280871391296388,2.249377965927124,4.278844833374023,4.667079925537109
3409578437.0,-0.9470612406730652,1.0546507835388184,9.84495735168457,2.385338306427002,4.159328937530518,4.740849018096924
3409586770.0,-1.001494288444519,0.9962536096572876,9.64171028137207,2.179579257965088,4.407249450683594,4.796329021453857
3409595103.0,-0.647273063659668,0.5682335495948792,9.871394157409668,1.9444917440414429,4.3039984703063965,4.672587394714356
3409603436.0,-0.9947967529296876,0.5570734143257141,9.885151863098145,2.0584497451782227,3.753164768218994,4.760802745819092
3409611769.0,-1.6439062356948853,0.9919996857643129,9.626042366027832,2.046436309814453,4.554069995880127,4.705552577972412
3409620102.0,-1.781440258026123,1.1442172527313232,10.166062355041504,2.444174289703369,4.351666450500488,4.765822410583496
3409628435.0,-1.5948318243026731,0.7991234064102173,10.349946022033691,1.867828369140625,2.377116203308105,4.63275671005249
3409636768.0,-1.3255527019500732,0.5860252380371094,9.78958511352539,1.563813090324402,1.3758045434951782,4.827014923095703
3409645101.0,-1.2135906219482422,0.3732495903968811,9.315681457519531,2.0454375743865967,1.8606311082839968,4.935184478759766
3409653434.0,-1.4277364015579224,0.4438716769218445,9.505017280578612,2.740325927734375,2.3354930877685547,4.888694763183594
3409661767.0,-1.3888697624206543,0.5884923338890076,9.862710952758787,2.5572609901428223,1.4896342754364014,4.712033271789551
3409670100.0,-1.126269817352295,0.6580470204353333,9.781332015991213,2.518788576126098,0.3577155768871307,4.7605719566345215
3409678433.0,-1.30057692527771,0.6914312839508057,9.612945556640623,2.7226779460906982,0.6411114931106567,4.870584964752197
3409686766.0,-1.5430161952972412,0.9491212368011476,9.782700538635254,3.118443727493286,1.3278803825378418,4.937027931213379
3409695099.0,-1.6538200378417969,0.8848292827606201,10.224547386169434,2.9277710914611816,0.3264406025409698,4.908801555633545
3409703432.0,-1.6136003732681274,0.5719686150550842,9.755916595458984,2.634027004241944,-1.3767396211624146,4.888309955596924
3409711765.0,-1.4332749843597412,0.5919919610023499,9.356019020080566,2.751007080078125,-1.936999678611756,4.976832866668701
3409720098.0,-1.1860769987106323,0.4883722364902496,9.220709800720217,3.353351831436157,-1.5487135648727417,5.009824275970459
3409728431.0,-1.128511905670166,0.6470967531204224,9.401342391967772,3.453298568725586,-1.7560864686965942,4.9759368896484375
3409736764.0,-1.1447422504425049,0.8326048254966736,9.444405555725098,3.262754201889038,-2.177415132522583,4.899119853973389
3409745097.0,-1.1131861209869385,0.9557535648345948,9.673583030700684,3.175947666168213,-2.2122504711151123,4.809444427490234
3409753430.0,-0.9652012586593628,1.1174867153167725,9.827375411987305,3.2106034755706787,-2.5412392616271973,4.850451946258545
3409761763.0,-1.0186558961868286,1.1035432815551758,9.92525863647461,2.912454128265381,-2.6850125789642334,4.848865032196045
3409770096.0,-0.9530895948410034,0.7546008229255676,9.715417861938477,2.764096260070801,-2.865438938140869,4.850862503051758
3409778429.0,-0.7211380004882812,0.4646295011043548,9.72839641571045,2.6119730472564697,-3.3974976539611816,5.039639472961426
3409786762.0,-0.6891288757324219,0.5837328433990479,9.56109619140625,2.650804281234741,-3.4510059356689453,4.999398231506348
3409795095.0,-0.4891485571861267,0.6709809899330139,9.650694847106934,2.928385734558105,-3.360536336898804,4.995095252990723
3409803428.0,-0.3750579059123993,0.5908096432685852,9.699652671813965,2.880410432815552,-3.209591627120972,4.936260223388672
3409811761.0,-0.1327366381883621,0.8116615414619446,9.764522552490234,2.88525128364563,-3.044404983520508,4.945480346679688
3409820094.0,-0.236119195818901,0.8824328780174255,9.783823013305664,2.753312349319458,-2.811802625656128,5.08338737487793
3409828427.0,-0.4767014682292938,0.9124234318733216,9.840105056762695,2.683590888977051,-2.0941944122314453,5.122501850128174
3409836760.0,-0.6971206665039062,0.8785901069641113,10.067654609680176,2.6515471935272217,-1.9582850933074951,5.047221183776856
3409845093.0,-0.4997431635856628,0.4455678761005401,10.266413688659668,2.6576175689697266,-2.5929548740386963,5.035848140716553
3409853426.0,-0.1500909328460693,0.6090056300163269,9.928850173950195,2.848623037338257,-3.321295022964477,5.042610168457031
3409861759.0,-0.041379053145647,0.7062816619873047,9.737388610839844,2.8512871265411377,-2.352616310119629,4.97117280960083
3409870092.0,0.0059843552298843,0.7827770709991455,10.07316780090332,3.0233376026153564,-1.2457740306854248,5.077676296234131
3409878425.0,0.049920666962862,0.8418300151824951,10.36076831817627,2.999260425567627,-1.2872177362442017,4.9246826171875
3409886758.0,0.0133574437350034,0.8930481672286987,10.326436042785645,2.915245771408081,-1.4579110145568848,4.996633052825928
3409895091.0,-0.0834036618471145,0.8494427800178528,10.110590934753418,3.058685779571533,-0.6615132689476013,4.963411331176758
3409903424.0,-0.2963886857032776,1.0321170091629028,10.296636581420898,3.071518421173096,-0.0061474172398447,4.904139995574951
3409911757.0,-0.2704320251941681,1.274303317070007,10.625021934509276,3.0297670364379883,-0.0179811939597129,4.928063869476318
3409920090.0,-0.1373373568058014,1.169232726097107,10.73337173461914,2.770012855529785,-0.3631586134433746,4.865359783172607
3409928423.0,0.031764917075634,1.0126664638519287,10.31053066253662,2.6986775398254395,-0.4172815084457397,4.910312652587891
3409936756.0,-0.0353500694036483,1.0208545923233032,10.132672309875488,2.6674537658691406,0.6746149659156799,4.955189228057861
3409945089.0,-0.2093903869390487,0.9877110719680786,10.256475448608398,2.9977235794067383,1.1710443496704102,4.9033203125
3409953422.0,-0.2295036911964416,1.016014814376831,10.408987998962402,2.74744725227356,0.9919753670692444,4.713749885559082
3409961755.0,-0.2149742394685745,1.2962069511413574,10.41214084625244,2.6305439472198486,1.0079586505889893,4.728170871734619
3409970088.0,-0.3162404298782348,1.2539204359054563,10.295537948608398,2.3184852600097656,1.601594090461731,4.660446643829346
3409978421.0,-0.5995155572891235,1.248193860054016,10.25124740600586,2.27593994140625,2.107705593109131,4.664544105529785
3409986754.0,-0.693486213684082,1.0662609338760376,10.375697135925291,2.0622661113739014,2.008988618850708,4.801939487457275
3409995087.0,-0.5247544050216675,0.6797776818275452,10.374744415283203,1.851204752922058,1.338663935661316,4.704169273376465
3410003420.0,-0.3852028250694275,0.6663618087768555,10.160037994384766,1.8615785837173464,1.1669974327087402,4.621026039123535
3410011753.0,-0.4204370379447937,0.9830529093742372,9.902442932128906,1.9648808240890503,1.8044331073760984,4.699225902557373
3410020086.0,-0.2284910380840301,0.8905751705169678,10.24007511138916,2.167181968688965,2.011037588119507,4.792102813720703
3410028419.0,-0.2489542365074157,0.7739229202270508,10.11978244781494,1.694087266921997,1.5562057495117188,4.775095939636231
3410036752.0,-0.6749135255813599,0.9602600932121276,9.917312622070312,1.5136349201202393,2.005889415740967,4.769076347351074
3410045085.0,-0.8389958143234253,0.9236788749694824,9.956090927124023,1.858197331428528,2.8380446434021,4.849299907684326
3410053418.0,-0.9834582209587096,0.7580500245094299,10.105751991271973,1.866266131401062,2.077378511428833,4.719896793365479
3410061751.0,-0.7668746709823608,0.5106493234634399,9.91066074371338,1.7250546216964722,1.1961718797683716,4.841154098510742
3410070084.0,-0.6121723651885986,0.5364955067634583,9.56049346923828,1.814653396606445,0.9976361393928528,4.8168721199035645
3410078417.0,-0.6157888174057007,0.4547075033187866,9.42385482788086,2.2241995334625244,1.7265660762786863,4.884519577026367
3410086750.0,-0.6163134574890137,0.5788841843605042,9.516121864318848,2.2792956829071045,1.9336826801300049,4.902218818664551
3410095083.0,-0.4422825872898102,0.3830976784229278,9.726645469665527,2.3463025093078613,1.2993718385696411,4.836031913757324
3410103416.0,-0.5155768990516663,0.3779132962226867,9.442316055297852,2.507492780685425,1.1070600748062134,4.957545280456543
3410111749.0,-0.8061758279800415,0.6315772533416748,9.513885498046877,2.981407642364502,2.3694324493408203,4.97993278503418
3410120082.0,-0.99568772315979,0.9132723212242126,10.124985694885254,3.2839879989624023,2.308213710784912,5.053547382354736
3410128415.0,-1.116923213005066,1.1248723268508911,10.141590118408203,2.8091769218444824,0.9726364612579346,4.737263202667236
3410136748.0,-0.8101817965507507,1.0567344427108765,9.6927490234375,2.788865089416504,0.3236486613750458,4.898863315582275
3410145081.0,-0.6502326726913452,0.7538661360740662,9.444172859191896,2.71701717376709,0.6705935001373291,4.905727863311768
3410153414.0,-0.6738419532775879,0.5757285356521606,9.568410873413086,2.8801541328430176,1.311589598655701,5.0269083976745605
3410161747.0,-0.8779610395431519,0.9472195506095886,9.663978576660156,2.8429882526397705,1.0524249076843262,4.950860500335693
3410170080.0,-0.6402781009674072,1.0467121601104736,9.89898681640625,2.8233418464660645,0.5285369753837585,4.848735809326172
3410178413.0,-0.5159902572631836,1.0328044891357422,9.763165473937988,2.49729871749878,0.1490364521741867,4.798250675201416
3410186746.0,-0.8422979712486267,1.060969352722168,9.886350631713867,2.232472419738769,1.1769611835479736,4.854729652404785
3410195079.0,-1.0236893892288208,1.1397206783294678,9.987849235534668,2.4939427375793457,1.2860010862350464,4.8720703125
3410203412.0,-1.119798183441162,0.7994497418403625,10.117926597595217,2.24212908744812,0.3082545101642608,4.773916721343994
3410211745.0,-0.6516134142875671,0.7734792232513428,9.839644432067873,1.805662751197815,-0.6884338855743408,4.822789192199707
3410220078.0,-0.2805753350257873,0.8701255917549133,9.686812400817873,1.7954424619674685,-0.6013198494911194,4.845227241516113
3410228411.0,-0.2606682181358337,0.8445876836776733,9.54463005065918,1.9159575700759888,0.6965150237083435,4.897018909454346
3410236744.0,-0.5104309320449829,0.8957275748252869,9.666092872619627,1.9279451370239256,1.4489076137542725,4.701863765716553
3410245077.0,-0.6993640065193176,0.7509867548942566,10.201593399047852,1.6167575120925903,0.9434619545936584,4.826681613922119
3410253410.0,-0.7761675119400024,0.8282914161682129,10.01142692565918,1.5848424434661863,0.1275204569101333,4.728785037994385
3410261743.0,-0.6309395432472229,0.8483326435089111,9.858038902282717,1.8945952653884888,0.2076673954725265,4.830985069274902
3410270076.0,-0.5725968480110168,0.520687460899353,9.872880935668944,1.9067364931106567,0.6954392790794373,4.86935567855835
3410278409.0,-0.4145117998123169,0.4092487096786499,9.664201736450195,1.765397071838379,0.2315911203622818,4.876707077026367
3410286742.0,-0.3928413987159729,0.4155359864234924,9.636098861694336,1.9983328580856323,0.1080024242401123,4.736366748809815
3410295075.0,-0.3596155941486358,0.5311911106109619,9.5121431350708,2.3032448291778564,0.7778659462928772,4.759138584136963
3410303408.0,-0.2150583267211914,0.6516686677932739,9.74294662475586,2.760586738586426,1.022609829902649,4.708677291870117
3410311741.0,-0.3851662874221802,0.527155876159668,10.01052951812744,2.64247989654541,0.975940763950348,4.814002990722656
3410320074.0,-0.4423291385173797,0.5469498038291931,9.75370979309082,2.712124824523926,1.1473511457443235,4.899606227874756
3410328407.0,-0.4230847060680389,0.7291505336761475,9.90850830078125,3.176331758499145,1.284822702407837,4.899990558624268
3410336740.0,-0.6716542840003967,0.7776603102684021,9.953081130981444,3.032072067260742,1.292558193206787,4.870585441589356
3410345073.0,-0.7341061234474182,0.9043939113616944,9.811812400817873,2.958789825439453,1.4021360874176023,4.871302604675293
3410353406.0,-0.4989798367023468,0.6754862666130066,9.991674423217772,3.115856647491455,0.8124963045120239,4.831369876861572
3410361739.0,-0.4172581434249878,0.6705772280693054,9.496889114379885,2.8980841636657715,0.6593231558799744,4.818690299987793
3410370072.0,-0.478335440158844,0.8671345710754395,9.47167682647705,3.2442097663879395,1.5027233362197876,4.912285327911377
3410378405.0,-0.6234136819839478,0.7306987047195435,9.854424476623535,3.4496097564697266,1.95235538482666,4.924041748046875
3410386738.0,-0.654197633266449,0.924805760383606,9.898086547851562,3.219466209411621,1.467939019203186,4.8517842292785645
3410395071.0,-0.6619935035705566,0.8807197213172913,9.951737403869627,3.123284816741944,1.1049853563308716,4.828705787658691
3410403404.0,-0.7000117301940918,0.9076722860336304,9.69503688812256,2.985095739364624,1.3589760065078735,4.74066972732544
3410411737.0,-0.7119379639625549,0.9516320824623108,9.845148086547852,2.920573234558105,1.3758045434951782,4.7213053703308105
3410420070.0,-0.8955985903739929,0.8217809796333313,9.985956192016602,2.7313101291656494,1.0568817853927612,4.774480819702148
3410428403.0,-0.6922115087509155,0.8097723722457886,10.123908042907717,2.534285306930542,0.8357540965080261,4.854884147644043
3410436736.0,-0.6079738736152649,1.0435564517974854,10.10585880279541,2.373863220214844,0.8845235705375671,4.834776401519775
3410445069.0,-0.5859982967376709,1.097897171974182,10.008833885192873,2.401834011077881,1.0977364778518677,4.77773380279541
3410453402.0,-0.4295340180397033,0.9477949142456056,10.209888458251951,2.1719205379486084,1.2099523544311523,4.821303844451904
3410461735.0,-0.500221848487854,0.864517092704773,10.167046546936035,1.8884992599487305,0.9267102479934692,4.825991630554199
3410470068.0,-0.6902615427970886,0.9227149486541748,9.779608726501465,1.8968491554260247,1.1554197072982788,4.676762580871582
3410478401.0,-0.7544602155685425,0.6675196290016174,9.788653373718262,2.390205144882202,1.2740648984909058,4.726402759552002
3410486734.0,-0.851260781288147,0.1637122333049774,9.878023147583008,2.286851406097412,0.9085239171981812,4.748635292053223
3410495067.0,-0.6749082207679749,0.3159577846527099,9.731643676757812,2.118643283843994,0.7549668550491333,4.8116984367370605
3410503400.0,-0.5348618030548096,0.5318915247917175,9.833236694335938,2.5445053577423096,0.951530396938324,4.760674476623535
3410511733.0,-0.4559825658798218,0.4580899178981781,9.77851104736328,3.016652584075928,1.1451996564865112,4.7727131843566895
3410520066.0,-0.5924597382545471,0.6285815238952637,9.779386520385742,2.948313474655152,1.1388728618621826,4.801324844360352
3410528399.0,-0.5224908590316772,0.6926211714744568,9.892178535461426,3.0871167182922363,1.1470694541931152,4.829627513885498
3410536732.0,-0.5856642127037048,0.7707075476646423,9.966965675354004,3.229635000228882,1.111773133277893,4.82517147064209
3410545065.0,-0.6976003646850586,0.9071760773658752,9.933109283447266,3.245772123336792,1.3704513311386108,4.866794586181641
3410553398.0,-0.8024308681488037,0.8601161241531372,10.13905143737793,3.1358866691589355,1.4711663722991943,4.840719223022461
3410561731.0,-0.7403998970985413,0.8001950979232788,9.870956420898438,3.210654735565185,0.9333187937736512,4.834648609161377
3410570064.0,-0.6205971837043762,0.5921432375907898,9.753317832946776,3.3954360485076904,0.4818678200244903,4.813414096832275
3410578397.0,-0.6589230298995972,0.552699625492096,9.489279747009276,3.4215621948242188,0.9682308435440063,4.780679225921631
3410586730.0,-0.694663941860199,0.5782083868980408,9.729398727416992,3.648991584777832,1.2462990283966064,4.891358375549316
3410595063.0,-0.712150514125824,0.8017363548278809,9.642974853515623,3.793097257614136,0.8730998039245605,4.715594291687012
3410603396.0,-0.5872452259063721,0.7787350416183472,9.85671615600586,3.554295063018799,0.6695945858955383,4.653914451599121
3410611729.0,-0.5600729584693909,0.9739111065864564,9.945348739624023,3.5202796459198,0.8185669183731079,4.603915691375732
3410620062.0,-0.7015125155448914,1.0892202854156494,9.88015365600586,3.414902925491333,1.187309503555298,4.70178747177124
3410628395.0,-0.6128631830215454,1.2729549407958984,9.947422981262209,3.4092674255371094,0.8929505944252014,4.601328372955322
3410636728.0,-0.6750687956809998,1.0643603801727295,9.982583045959473,2.8272864818573,0.4203167855739593,4.6633148193359375
3410645061.0,-0.7184666991233826,1.043490648269653,9.816536903381348,2.4155375957489014,0.7232306599617004,4.713031768798828
3410653394.0,-0.5690338015556335,1.1211236715316772,10.04580020904541,2.4588770866394043,1.1322901248931885,4.76861572265625
3410661727.0,-0.5155871510505676,0.9131168127059937,10.10630989074707,2.5407400131225586,0.7107822299003601,4.762646675109863
3410670060.0,-0.56044602394104,0.818291962146759,9.841666221618652,2.309417963027954,0.4140925407409668,4.6454620361328125
3410678393.0,-0.5962708592414856,0.988789439201355,9.646100997924805,2.062342882156372,0.7639317512512207,4.728554725646973
3410686726.0,-0.5892166495323181,1.0433344841003418,9.688602447509766,2.0480759143829346,0.8826536536216736,4.67991304397583
3410695059.0,-0.609809160232544,0.7119165658950806,9.761454582214355,2.1257123947143555,0.6793022751808167,4.587880611419678
3410703392.0,-0.642232358455658,0.4159396290779114,9.736053466796877,2.021027088165283,0.6251281499862671,4.681065559387207
3410711725.0,-0.5328291654586792,0.4522111117839813,9.684669494628906,2.3072404861450195,0.721924364566803,4.610318660736084
3410720058.0,-0.4206433296203613,0.4259033501148224,9.601031303405762,2.604006767272949,0.7580404281616211,4.628838062286377
3410728391.0,-0.4364382028579712,0.5414841175079346,9.602707862854004,2.591661214828491,0.7684655785560608,4.707013130187988
3410736724.0,-0.4228964447975158,0.6993496417999268,9.825090408325195,2.774802923202514,1.2462735176086426,4.73921012878418
3410745057.0,-0.3021027147769928,0.7165960073471069,9.935301780700684,2.936838865280152,1.0353914499282837,4.653017997741699
3410753390.0,-0.45387002825737,0.9648243188858032,9.979408264160156,2.995725393295288,1.0500938892364502,4.683780670166016
3410761723.0,-0.64792799949646,1.115697145462036,10.046914100646973,2.918421983718872,1.4690660238265991,4.571026802062988
3410770056.0,-0.7089183330535889,0.849083662033081,10.15604019165039,2.7881734371185303,1.4957815408706665,4.723559379577637
3410778389.0,-0.7167485952377319,0.9568814635276794,9.957268714904783,2.6664035320281982,0.9716375470161438,4.723994731903076
3410786722.0,-0.679362416267395,0.8269618153572083,9.815632820129396,2.782717704772949,0.8562710285186768,4.723328590393066
3410795055.0,-0.623099684715271,0.6245587468147278,9.56796169281006,2.7598185539245605,1.191279649734497,4.798712253570557
3410803388.0,-0.6926280856132507,0.5890933275222778,9.579530715942385,2.921290636062622,1.3659430742263794,4.718180179595947
3410811721.0,-0.7342561483383179,0.6302299499511719,9.896246910095217,3.049771547317505,1.2912521362304688,4.611189842224121
3410820054.0,-0.6994389295578003,0.5581493973731995,10.115433692932127,3.287292718887329,0.9747112393379213,4.58040189743042
3410828387.0,-0.7115849852561951,0.8934785723686218,10.040884971618652,3.214010238647461,0.897970974445343,4.579864025115967
3410836720.0,-0.6775188446044922,1.1306335926055908,10.104913711547852,3.045468807220459,0.9771190881729126,4.5365753173828125
3410845053.0,-0.5514159798622131,1.0193753242492676,10.10283660888672,2.724547863006592,0.7698999047279358,4.498103141784668
3410853386.0,-0.4431339502334595,0.9399092197418212,9.861661911010742,2.4974515438079834,0.5021542310714722,4.474409580230713
3410861719.0,-0.659301221370697,0.830945611000061,9.835314750671388,2.302168846130371,1.1140270233154297,4.498281955718994
3410870052.0,-0.7618359327316284,0.7465841174125671,9.96775722503662,2.3441507816314697,1.3985755443572998,4.6024041175842285
3410878385.0,-0.6250973343849182,0.581265389919281,10.166784286499023,2.37383770942688,0.8344733119010925,4.531452178955078
3410886718.0,-0.4688131809234619,0.7080618143081665,9.902573585510254,2.433851957321167,0.0468612425029277,4.474640369415283
3410895051.0,-0.4057998955249786,0.6365058422088623,9.625800132751465,2.3345963954925537,0.509941041469574,4.565699100494385
3410903384.0,-0.480440080165863,0.7086223363876343,9.632753372192385,2.3755533695220947,1.4268792867660522,4.490444183349609
3410911717.0,-0.6796640753746033,0.6971870064735413,9.756854057312012,2.4706854820251465,1.322168469429016,4.536985874176025
3410920050.0,-0.6589310169219971,0.5213647484779358,9.849760055541992,2.2593674659729004,0.6358093619346619,4.503456115722656
3410928383.0,-0.5496687889099121,0.4230365753173828,9.559890747070312,2.400271415710449,0.6312755942344666,4.480813503265381
3410936716.0,-0.5086179375648499,0.5206968188285828,9.707256317138672,2.618504762649536,1.1176130771636963,4.6877760887146
3410945049.0,-0.3965588808059692,0.7753956317901611,9.95364761352539,2.796933889389038,1.1397438049316406,4.703504085540772
3410953382.0,-0.4299558103084564,0.841606616973877,9.819503784179688,2.711228132247925,0.8874691724777222,4.626686096191406
3410961715.0,-0.4347801208496094,0.8314751982688904,9.664560317993164,2.7681431770324707,1.1607474088668823,4.600073337554932
3410970048.0,-0.5453459620475769,0.680199384689331,9.811067581176758,2.824699640274048,1.3151501417160034,4.627506256103516
3410978381.0,-0.6561822891235352,0.7380164861679077,9.976162910461426,2.8052070140838623,1.6441904306411743,4.699072360992432
3410986714.0,-0.693979024887085,0.9173282384872437,10.03707504272461,2.9211370944976807,1.3651490211486816,4.701019287109375
3410995047.0,-0.7396220564842224,1.0112215280532837,9.882161140441896,2.898647785186768,0.7805042266845703,4.634294033050537
3411003380.0,-0.6472375392913818,0.947841465473175,9.710461616516112,2.80164647102356,0.7817079424858093,4.628325939178467
3411011713.0,-0.6634482145309448,0.8882941007614136,9.5704345703125,2.6654813289642334,1.130266547203064,4.643182277679443
3411020046.0,-0.6960481405258179,0.9202609062194824,9.651647567749023,2.763199806213379,1.2591317892074585,4.537369728088379
3411028379.0,-0.7270011901855469,0.7392383813858032,9.62861442565918,3.0074057579040527,0.9629799723625184,4.471746444702148
3411036712.0,-0.8393478393554688,0.6068384051322937,9.679486274719238,2.934584617614746,0.8274038434028625,4.526227474212647
3411045045.0,-0.7179049849510193,1.0006978511810305,9.841907501220703,2.97733473777771,1.011723875999451,4.560652732849121
3411053378.0,-0.4889436960220337,1.190277338027954,10.191488265991213,2.9433958530426025,0.6495386362075806,4.557861328125
3411061711.0,-0.3852337598800659,1.0049731731414795,9.896461486816406,2.3857228755950928,0.399697333574295,4.42866325378418
3411070044.0,-0.4719513058662414,1.167593479156494,9.607558250427246,2.2960214614868164,1.0798834562301636,4.378484725952148
3411078377.0,-0.769041121006012,0.927443027496338,9.900873184204102,2.2559609413146973,1.6684471368789673,4.448129177093506
3411086710.0,-0.7961892485618591,0.6908067464828491,10.28652572631836,2.1771461963653564,1.0746068954467771,4.335196018218994
3411095043.0,-0.5849179625511169,0.655217707157135,10.229501724243164,2.0293006896972656,0.4492096900939941,4.430968284606934
3411103376.0,-0.2095167189836502,0.657829761505127,10.011900901794434,2.384467363357544,0.2357149869203567,4.49928092956543
3411111709.0,-0.1689638644456863,0.6955593824386597,9.568115234375,2.232984781265259,0.8410817980766296,4.440086841583252
3411120042.0,-0.2280588895082473,0.688044011592865,9.56949234008789,2.410799264907837,1.6583040952682495,4.444056987762451
3411128375.0,-0.5772737860679626,0.4640172123908996,9.92339324951172,2.23777437210083,1.7700586318969729,4.387346267700195
3411136708.0,-0.7110795974731445,0.4191362261772156,9.836216926574709,2.390819549560547,1.5586644411087036,4.367469787597656
3411145041.0,-0.6612562537193298,0.5841132402420044,9.96131992340088,2.6958084106445312,1.486355543136597,4.4236931800842285
3411153374.0,-0.5541192293167114,0.9370930790901184,9.93977165222168,2.686587333679199,1.307593822479248,4.497308731079102
3411161707.0,-0.3230583965778351,0.8008180856704712,9.944805145263672,2.5046496391296387,1.1550867557525637,4.5610880851745605
3411170040.0,-0.4091860055923462,0.7612454295158386,9.79220485687256,2.2136716842651367,1.3818495273590088,4.45443058013916
3411178373.0,-0.5808245539665222,0.8309400081634521,9.640148162841797,2.4066240787506104,1.976022839546204,4.569823265075684
3411186706.0,-0.6817657947540283,0.6325941681861877,9.8607759475708,2.7385075092315674,1.9605519771575928,4.687930107116699
3411195039.0,-0.6933193206787109,0.59613037109375,9.89186191558838,2.505290031433105,1.3837193250656128,4.616158485412598
3411203372.0,-0.7577083110809326,0.7188148498535156,9.928705215454102,2.700777769088745,1.4512897729873655,4.73331880569458
3411211705.0,-0.8425369262695312,0.6197509169578552,9.956748008728027,2.90366792678833,1.6783342361450195,4.676250457763672
3411220038.0,-0.9309226274490356,0.7675251364707947,9.746705055236816,3.1341960430145264,1.3753690719604492,4.629580974578857
3411228371.0,-1.0012083053588867,0.6492189764976501,9.820124626159668,3.017907857894897,0.7901864051818848,4.539341926574707
3411236704.0,-0.907401442527771,0.6293976306915283,9.598990440368652,2.9953925609588623,0.7995611429214478,4.586574554443359
3411245037.0,-0.8640888929367065,0.7626501321792603,9.817519187927246,3.16155219078064,1.150066375732422,4.5037384033203125
3411253370.0,-0.8374877572059631,0.9350245594978333,10.068964004516602,3.277149438858032,1.023071050643921,4.498282432556152
3411261703.0,-0.816170871257782,1.0438591241836548,10.201011657714844,3.214342832565308,0.5259754657745361,4.4918532371521
3411270036.0,-0.8109627366065979,1.0438895225524902,10.10403060913086,2.989936590194702,0.4174223840236664,4.5091938972473145
3411278369.0,-0.8021164536476135,1.3048148155212402,10.078031539916992,2.7652745246887207,0.3033622205257416,4.429354190826416
3411286702.0,-0.8300625085830688,1.3393396139144895,10.209676742553713,2.3906404972076416,0.5142953991889954,4.424717903137207
3411295035.0,-0.7663427591323853,1.1997400522232056,10.185997009277344,1.937806487083435,0.4704694747924804,4.31035041809082
3411303368.0,-0.974795401096344,1.064396858215332,10.14757251739502,1.7444961071014404,0.3336894512176513,4.404329776763916
3411311701.0,-1.046804904937744,0.9118696451187134,10.227134704589844,1.5644278526306152,0.5720555782318115,4.523205280303955
3411320034.0,-0.9010273218154908,0.8878059983253479,10.335318565368652,1.7315353155136108,0.1375868618488311,4.498846054077148
3411328367.0,-0.6774946451187134,0.9753481149673462,10.1329984664917,1.5657086372375488,-0.5996292233467102,4.368110656738281
3411336700.0,-0.6672049760818481,1.0149520635604858,9.941055297851562,1.3771110773086548,-0.3651053309440613,4.244471073150635
3411345033.0,-0.6828070282936096,0.9281800389289856,9.831534385681152,1.314791560173035,0.1942199468612671,4.238118648529053
3411353366.0,-0.7507681846618652,0.6824443340301514,9.81993293762207,1.2293680906295776,0.1758801341056823,4.211351871490479
3411361699.0,-0.7577373385429382,0.7170206904411316,9.772202491760254,1.2346959114074707,-0.2017633318901062,4.176260471343994
3411370032.0,-0.9604308605194092,0.4170620739459991,9.77126407623291,1.4837687015533447,0.0029840583447366,4.32899808883667
3411378365.0,-1.0251790285110474,0.3664392232894897,9.903059005737305,1.5451148748397827,0.331819623708725,4.398181915283203
3411386698.0,-0.8949336409568787,0.6442257165908813,10.078661918640137,1.8824800252914429,-0.1127538681030273,4.343188285827637
3411395031.0,-0.643770158290863,0.5487356781959534,10.000373840332031,2.0720763206481934,-1.074594020843506,4.262067317962647
3411403364.0,-0.4565314650535583,0.3971718847751617,9.560033798217772,2.083602905273437,-0.7176597118377686,4.346031665802002
3411411697.0,-0.5642301440238953,0.433252602815628,9.602906227111816,2.2686657905578613,0.4056142270565033,4.450588703155518
3411420030.0,-1.014409422874451,0.8125861287117004,9.9053373336792,2.6021885871887207,0.7485632300376892,4.598434448242188
3411428363.0,-1.1675063371658323,0.8274655938148499,10.238205909729004,2.701904535293579,0.0301095284521579,4.538803577423096
3411436696.0,-1.0913068056106567,0.8164137601852417,10.045804977416992,2.350989580154419,-0.9029273390769958,4.577276706695557
3411445029.0,-0.8655324578285217,0.5213466882705688,9.826326370239258,2.366819143295288,-0.889095664024353,4.572256088256836
3411453362.0,-0.8447027802467346,0.3984337747097015,9.628239631652832,2.635871410369873,-0.4219432771205902,4.47292423248291
3411461695.0,-1.1011625528335571,0.7606310248374939,9.681645393371582,2.965167760848999,-0.0090674394741654,4.537139415740967
3411470028.0,-1.245594143867493,0.8682685494422913,9.996478080749512,2.959712266921997,-0.2570644617080688,4.541007041931152
3411478361.0,-0.9109663367271424,0.7828800678253174,10.149658203125,2.637305736541748,-1.089091658592224,4.559756755828857
3411486694.0,-0.839227557182312,0.8596735000610352,9.994434356689451,2.5549561977386475,-1.2335046529769895,4.540929794311523
3411495027.0,-0.997690498828888,1.0781939029693604,9.965123176574709,2.5938899517059326,-0.0767658650875091,4.645718097686768
3411503360.0,-0.9728814363479614,0.9257970452308656,10.226133346557615,2.565432071685791,-0.2603943347930908,4.424410343170166
3411511693.0,-0.9667603969573976,0.6582943797111511,10.202919006347656,2.08634352684021,-1.4814249277114868,4.334095478057861
3411520026.0,-0.8041725158691406,0.8935222029685974,9.915361404418944,1.7113255262374878,-1.315624117851257,4.4189300537109375
3411528359.0,-0.9333490133285522,0.970723032951355,10.047986030578612,2.0047366619110107,-0.236496239900589,4.565212726593018
3411536692.0,-0.9786856174468994,0.6470850110054016,10.244462013244627,1.966084718704224,-0.2512500286102295,4.4774322509765625
3411545025.0,-0.7638280987739563,0.4317911565303802,10.29389762878418,1.733942985534668,-1.0890148878097534,4.473898410797119
3411553358.0,-0.6661439538002014,0.4370093941688537,9.940013885498049,1.575646996498108,-1.3780971765518188,4.513318061828613
3411561691.0,-0.6249068975448608,0.6153138279914856,9.69172191619873,2.055145263671875,-0.1687978208065033,4.391470432281494
3411570024.0,-0.7459142804145813,0.6968522667884827,10.001402854919434,2.3088033199310303,0.3626847863197326,4.404918670654297
3411578357.0,-0.8998910784721375,0.7418626546859741,10.313857078552246,1.913934230804444,-0.2267628461122512,4.432889461517334
3411586690.0,-0.9686753749847412,0.6579886674880981,9.956894874572754,1.7625281810760498,-0.5997829437255859,4.443493366241455
3411595023.0,-0.7597962021827698,0.7046396732330322,9.826374053955078,2.0310935974121094,-0.1742792576551437,4.482401371002197
3411603356.0,-0.8431245684623718,0.592414915561676,9.968181610107422,2.1765825748443604,0.131541907787323,4.504532337188721
3411611689.0,-0.7757810354232788,0.5406805872917175,9.942659378051758,2.1754813194274902,-0.1007920131087303,4.523333549499512
3411620022.0,-0.6057741045951843,0.5949128866195679,9.892024040222168,2.255192518234253,-0.233857974410057,4.5981526374816895
3411628355.0,-0.6655698418617249,0.8964738249778748,9.87517547607422,2.318331480026245,0.4011317193508148,4.560140609741211
3411636688.0,-0.7024623155593872,0.7662590146064758,10.206544876098633,2.361696243286133,0.9566019177436828,4.608141899108887
3411645021.0,-0.8411083221435547,1.0623759031295776,10.151481628417969,2.337747097015381,0.8366761207580566,4.483169555664063
3411653354.0,-0.9789448380470276,0.9292062520980836,10.053136825561523,2.243614673614502,0.6005384922027588,4.488753318786621
3411661687.0,-0.9173554182052612,0.6490839719772339,9.77096939086914,2.2253007888793945,0.2865080237388611,4.53480863571167
3411670020.0,-0.800152063369751,0.5051396489143372,9.683951377868652,2.406162738800049,0.3520548343658447,4.454507827758789
3411678353.0,-1.0290387868881226,0.8152958154678345,9.683359146118164,2.540253162384033,0.6197234988212585,4.522666931152344
3411686686.0,-1.1214888095855713,0.9667946696281432,9.709203720092772,2.5782392024993896,1.095866560935974,4.402510166168213
3411695019.0,-0.7889629006385803,0.7678833603858948,9.950970649719238,2.360006093978882,0.7747666239738464,4.228410720825195
3411703352.0,-0.6127452850341797,0.7011396288871765,9.815529823303224,2.343792200088501,0.5481318831443787,4.35676383972168
3411711685.0,-0.5759530067443848,0.6725932955741882,9.69134521484375,2.483492136001587,1.1053439378738403,4.212248802185059
3411720018.0,-0.897346556186676,0.6765403151512146,9.74641227722168,2.795806646347046,1.7384510040283203,4.343085765838623
3411728351.0,-1.063067078590393,0.8161594867706299,10.07697582244873,2.6593594551086426,1.5698579549789429,4.414651870727539
3411736684.0,-0.9699186086654664,0.9509703516960144,10.144281387329102,2.162545919418335,0.9858279228210448,4.140297889709473
3411745017.0,-0.8331444263458252,1.1673942804336548,9.888994216918944,2.102250099182129,0.9238414764404296,4.162172794342041
3411753350.0,-0.9469549655914308,0.9829742312431335,9.833518028259276,1.9638563394546509,1.8015644550323489,4.12997579574585
3411761683.0,-0.8571209907531738,0.422794759273529,9.898218154907228,1.7868618965148926,1.8453905582427976,4.209738254547119
3411770016.0,-0.6636849641799927,0.0601223073899745,9.98365879058838,1.9509210586547847,1.0024003982543943,4.185839653015137
3411778349.0,-0.7469809651374817,0.1288191825151443,9.6700439453125,2.127915382385254,1.1184072494506836,4.207150459289551
3411786682.0,-1.0158227682113647,0.8516790270805359,9.573348999023438,2.517892360687256,2.74316930770874,4.213042736053467
3411795015.0,-0.9775978922843932,0.6670011281967163,10.14739990234375,2.7571802139282227,2.6348981857299805,4.160712718963623
3411803348.0,-0.9607374668121338,0.4655777215957641,10.16819667816162,2.2994284629821777,1.2159206867218018,4.207125663757324
3411811681.0,-1.0260382890701294,0.5111954808235168,9.539318084716797,2.011780500411988,1.212257742881775,4.134970188140869
3411820014.0,-1.106029748916626,0.5603870749473572,9.600369453430176,2.498707056045532,2.4093387126922607,4.375462055206299
3411828347.0,-1.0774675607681274,0.5793287754058838,10.028058052062988,2.7034928798675537,2.2105212211608887,4.280099868774414
3411836680.0,-0.8473823070526123,0.5379446744918823,10.097228050231934,2.3191511631011963,1.0747605562210083,4.309531211853027
3411845013.0,-0.6042336225509644,0.6095080971717834,9.606903076171877,2.128760814666748,1.1430479288101196,4.444467067718506
3411853346.0,-0.7691923379898071,0.6747668981552124,9.206311225891112,2.6994457244873047,2.327168703079224,4.389780521392822
3411861679.0,-1.160704255104065,0.6419273018836975,9.825629234313965,2.866169214248657,3.14815616607666,4.49259614944458
3411870012.0,-1.2926400899887085,0.4114819169044494,10.215097427368164,2.6123571395874023,2.554904699325561,4.545386791229248
3411878345.0,-1.3422330617904663,0.6508584022521973,10.125362396240234,2.726776599884033,1.3551852703094482,4.460450172424316
3411886678.0,-1.259155035018921,0.6725941300392151,9.722479820251465,2.900825023651123,1.806789755821228,4.383120536804199
3411895011.0,-1.1264592409133911,0.8545661568641663,9.788713455200195,3.0600686073303223,2.1649537086486816,4.496796607971191
3411903344.0,-1.039238691329956,0.6108033061027527,9.777217864990234,2.943165063858032,1.8190332651138303,4.40860652923584
3411911677.0,-1.0606276988983154,0.6383219361305237,9.539311408996582,2.897623300552368,1.5136348009109497,4.408914089202881
3411920010.0,-0.955112636089325,0.8580436706542969,9.568429946899414,3.23286247253418,2.226607084274292,4.274260520935059
3411928343.0,-1.0402427911758425,0.6924001574516296,9.84311580657959,3.2876765727996826,2.364539384841919,4.289680004119873
3411936676.0,-1.2826097011566162,0.968912661075592,9.87654972076416,3.0306379795074463,2.138827085494995,4.236376762390137
3411945009.0,-1.282371997833252,0.9954681992530824,10.009112358093262,2.9679856300354004,2.212160587310791,4.371210098266602
3411953342.0,-1.110577940940857,0.8453016877174377,10.120617866516112,2.868217945098877,1.854816436767578,4.300924777984619
3411961675.0,-0.9575275182724,0.8153213262557983,9.772564888000488,2.6642005443573,1.5679625272750854,4.257380962371826
3411970008.0,-0.9792748093605042,0.9587540030479432,9.521842002868652,2.789326429367065,1.8722087144851685,4.233406066894531
3411978341.0,-0.9981029629707336,0.9346333742141724,9.50794506072998,2.6948606967926025,2.2746078968048096,4.242498397827148
3411986674.0,-1.1805455684661863,0.6531684994697571,9.64565086364746,2.0947704315185547,2.305345058441162,4.095831394195557
3411995007.0,-1.126412034034729,0.4473647773265838,9.763351440429688,2.231755256652832,2.2469959259033203,4.1440629959106445
3412003340.0,-1.0457260608673096,0.6153149604797363,10.003046035766602,2.4079043865203857,1.9250249862670896,4.295673847198486
3412011673.0,-0.98877215385437,0.5186854004859924,9.778539657592772,2.5878446102142334,2.1412346363067627,4.339012622833252
3412020006.0,-0.9896637201309204,0.7153526544570923,9.410528182983398,2.7036209106445312,2.322097063064575,4.308788776397705
3412028339.0,-1.3919681310653689,0.4991472959518432,9.405539512634276,2.811892032623291,2.330139636993408,4.302768707275391
3412036672.0,-1.5349913835525513,0.3232042193412781,9.405521392822266,2.504777431488037,2.263542890548706,4.265730857849121
3412045005.0,-1.5049915313720703,0.6122130155563354,9.502362251281738,2.640686511993408,2.1216397285461426,4.336143970489502
3412053338.0,-1.389865159988403,0.9003890156745911,9.745603561401367,3.0012073516845703,1.731484055519104,4.342522621154785
3412061671.0,-0.9875876903533936,0.6735761761665344,9.73638153076172,2.8227527141571045,1.3634328842163086,4.42827844619751
3412070004.0,-0.970082938671112,0.6691944599151611,9.532611846923828,2.6112303733825684,1.589197039604187,4.536396503448486
3412078337.0,-1.097260355949402,0.9381513595581056,9.500657081604004,2.68630599975586,2.7460381984710693,4.714953899383545
3412086670.0,-1.1937613487243652,0.868802547454834,9.977564811706545,3.084479331970215,2.533798694610596,4.629837512969971
3412095003.0,-1.2527682781219482,0.5158841609954834,9.963787078857422,2.873084306716919,1.4550806283950806,4.568336486816406
3412103336.0,-1.2968003749847412,0.5872831344604492,9.555312156677246,2.7777228355407715,1.5099464654922483,4.932571887969971
3412111669.0,-1.1317261457443235,0.7776138782501221,9.60510540008545,2.914963960647583,1.975510835647583,4.896225452423096
3412120002.0,-1.2109836339950562,0.8781158924102783,9.480838775634766,3.2421860694885254,1.9254350662231443,5.019506454467773
3412128335.0,-1.3197498321533203,0.6772772669792175,9.478171348571776,3.0747458934783936,1.9249228239059448,4.832266807556152
3412136668.0,-1.2350835800170898,0.7136471271514893,9.652487754821776,2.985941171646118,1.4273406267166138,4.981751441955566
3412145001.0,-1.1795824766159058,0.9424371719360352,9.665156364440918,3.054356575012207,1.5700372457504272,4.911517143249512
3412153334.0,-1.3506243228912354,1.2369898557662964,9.698370933532717,3.269336938858032,2.093745946884156,5.000807762145996
3412161667.0,-1.3657619953155518,1.1844710111618042,9.916399002075195,3.253481864929199,2.065160751342773,5.059208869934082
3412170000.0,-1.50391685962677,0.9059035181999208,10.088042259216309,2.979076385498047,1.3832839727401731,5.005521297454834
3412178333.0,-1.527120590209961,0.9562826156616212,9.77312469482422,2.5834903717041016,1.1728373765945437,5.109412670135498
3412186666.0,-1.3901833295822144,1.1773773431777954,9.844735145568848,2.94787859916687,1.4521863460540771,5.139919281005859
3412194999.0,-1.3806626796722412,0.9826353788375854,10.071242332458496,2.767426013946533,1.2104648351669312,5.215865612030029
3412203332.0,-1.3797767162322998,1.0795307159423828,9.929834365844728,2.41950798034668,0.9079606533050536,5.233334064483643
3412211665.0,-1.2832685708999634,1.2608439922332764,10.01752471923828,2.348146677017212,1.068203330039978,5.108747005462647
3412219998.0,-1.3181631565093994,1.2286847829818726,10.04478931427002,2.3122098445892334,1.282799482345581,5.343629360198975
3412228331.0,-1.5279524326324463,1.241538405418396,10.130908012390137,2.215848922729492,1.30385422706604,5.364325046539307
3412236664.0,-1.5697458982467651,0.9956188201904296,10.344532012939451,1.8791242837905884,0.9947159886360168,5.38489294052124
3412244997.0,-1.4499589204788208,1.0124744176864624,10.118661880493164,1.8286900520324707,0.3701385259628296,5.410789489746094
3412253330.0,-1.4229967594146729,1.054872751235962,9.856274604797363,2.030017614364624,0.354923665523529,5.425620079040527
3412261663.0,-1.6240700483322144,1.047518014907837,9.759960174560549,1.886705994606018,0.6779447793960571,5.37177848815918
3412269996.0,-1.7495794296264648,1.2067188024520874,9.881227493286133,1.5856876373291016,0.5632441639900208,5.471546173095703
3412278329.0,-1.807035446166992,1.2619450092315674,9.806538581848145,1.5693202018737793,0.0828748568892479,5.520699977874756
3412286662.0,-1.641783595085144,1.0508952140808103,9.899107933044434,1.509229302406311,-0.1079896241426467,5.736936092376709
3412294995.0,-1.253018140792847,0.6559879779815674,9.971391677856444,1.464020013809204,-0.3584968149662018,5.698104381561279
3412303328.0,-1.265093207359314,0.7478101253509521,9.842422485351562,1.6157842874526978,-0.4126709401607513,5.802123069763184
3412311661.0,-1.1662853956222534,1.1184519529342651,9.940828323364258,1.7513350248336792,0.0511644408106803,5.952786922454834
3412319994.0,-1.2630237340927124,0.9621973633766174,9.839544296264648,1.958221197128296,-0.1005358695983886,5.951966762542725
3412328327.0,-1.4880263805389404,0.7513993978500366,9.874826431274414,1.950767159461975,-0.1958464384078979,6.141998767852783
3412336660.0,-1.449170708656311,0.42983078956604,9.767740249633787,2.0013298988342285,-0.2375207990407943,6.233006477355957
3412344993.0,-1.442751169204712,0.6404361128807068,9.60860538482666,2.626624584197998,-0.5148205161094666,6.299423694610596
3412353326.0,-1.3114851713180542,0.8732538819313049,9.639524459838867,2.9606857299804688,-0.4301654994487762,6.397603988647461
3412361659.0,-1.2631921768188477,0.7098615765571594,9.614455223083496,2.76814341545105,-0.3946129083633423,6.399806499481201
3412369992.0,-1.3891096115112305,0.9207666516304016,9.668217658996582,2.8801543712615967,0.1080280467867851,6.545859336853027
3412378325.0,-1.5112611055374146,1.0033808946609497,9.870165824890137,3.0712366104125977,0.3619163632392883,6.6364827156066895
3412386658.0,-1.2734553813934326,0.8560881018638611,10.116397857666016,3.0507194995880127,-0.1730753928422927,6.6806159019470215
3412394991.0,-1.1955411434173584,1.0580419301986694,9.679911613464355,3.1515629291534424,-0.5010144710540771,6.603798389434815
3412403324.0,-1.0583289861679075,1.0507631301879885,9.77678680419922,3.2265613079071045,0.1445795446634292,6.814808368682861
3412411657.0,-1.2412545680999756,1.10595965385437,9.830048561096191,3.103945732116699,0.5911381840705872,6.894622802734375
3412419990.0,-1.4011086225509644,1.4476923942565918,9.837158203125,3.0302796363830566,0.6380634903907776,7.00601863861084
3412428323.0,-1.2924283742904663,1.0359324216842651,9.977646827697754,2.880999565124512,0.0759590193629264,7.023231506347656
3412436656.0,-1.5783209800720217,1.1235593557357788,9.326910972595217,2.7269299030303955,0.0133322104811668,6.982940673828125
3412444989.0,-1.6003222465515137,1.1506893634796145,9.706536293029783,2.6727049350738525,0.9961761832237244,7.134449481964111
3412453322.0,-1.3161946535110474,1.0978450775146484,9.743744850158691,2.388489246368408,0.365143746137619,7.136318206787109
3412461655.0,-1.184550642967224,1.3681427240371704,9.638629913330078,2.462130308151245,-0.1883671134710312,7.252274513244629
3412469988.0,-1.105857014656067,0.8832177519798279,9.480201721191406,2.480085849761963,0.2194756120443344,7.282909393310547
3412478321.0,-1.391203999519348,0.4909161329269409,9.497498512268066,2.4847733974456787,1.10173237323761,7.435672760009766
3412486654.0,-1.6303595304489136,0.7551677227020264,9.986050605773926,2.9535131454467773,1.523035168647766,7.608336448669434
3412494987.0,-1.3417165279388428,0.9337827563285828,10.217448234558104,3.396075963973999,-0.025153174996376,7.431419372558594
3412503320.0,-1.1933636665344238,1.2603987455368042,9.680379867553713,3.334910154342652,-0.6322106122970581,7.2773003578186035
3412511653.0,-0.9407408237457277,1.4407447576522827,9.381507873535156,3.007047414779663,0.6288936138153076,7.4934587478637695
3412519986.0,-1.0414838790893557,1.1913539171218872,9.892087936401367,3.032405138015747,1.8658561706542969,7.642634391784668
3412528319.0,-1.3535929918289185,1.3889203071594238,10.06899356842041,3.158376455307007,1.7346599102020264,7.787099838256836
3412536652.0,-1.442339539527893,1.1822038888931274,10.152576446533203,3.058019161224365,1.0861332416534424,7.824341297149658
3412544985.0,-1.237775444984436,1.2746777534484863,10.033034324645996,3.215060472488404,0.68562912940979,7.911481857299805
3412553318.0,-0.9129857420921326,1.355640530586243,9.778803825378418,3.102792978286743,1.1072392463684082,8.102436065673828
3412561651.0,-1.0142498016357422,1.2332077026367188,9.791260719299316,3.2019975185394287,1.7319450378417969,8.327611923217773
3412569984.0,-1.448091745376587,1.315514087677002,9.665197372436523,3.2487945556640625,2.505367040634156,8.41464900970459
3412578317.0,-1.5265861749649048,1.3339629173278809,10.056262969970703,3.207171678543091,2.3725059032440186,8.651298522949219
3412586650.0,-1.0822285413742063,1.4106019735336304,10.167981147766112,3.290238380432129,1.3135877847671509,8.69783878326416
3412594983.0,-1.0649915933609009,1.5213500261306765,9.580262184143066,3.254455804824829,1.5578452348709106,8.804447174072266
3412603316.0,-1.0526291131973269,1.5265628099441528,9.707063674926758,3.451608419418335,3.12894606590271,9.08930206298828
3412611649.0,-1.3838286399841309,1.6100314855575562,9.804277420043944,3.5971741676330566,3.1826589107513428,9.11860466003418
3412619982.0,-1.5910362005233765,1.541437029838562,10.033852577209473,3.410600185394287,2.654314041137696,9.239068984985352
3412628315.0,-1.2983074188232422,1.582311987876892,9.903912544250488,3.4499175548553467,2.2643883228302,9.26107120513916
3412636648.0,-1.3667449951171875,1.7460955381393433,9.740562438964844,3.5975325107574463,2.7315666675567627,9.402974128723145
3412644981.0,-1.3142646551132202,1.8935184478759768,9.953082084655762,3.731059074401856,3.2210030555725098,9.63544750213623
3412653314.0,-1.336925387382507,1.694177746772766,9.937365531921388,3.4205124378204346,2.6691956520080566,9.740928649902344
3412661647.0,-1.547910213470459,1.6151753664016724,9.641221046447754,3.0594801902771,2.8455498218536377,9.706323623657228
3412669980.0,-1.403423547744751,1.374239444732666,9.679659843444824,3.281247615814209,3.2507922649383545,9.952910423278809
3412678313.0,-1.1876506805419922,1.1600711345672607,9.739020347595217,3.729189395904541,2.7388150691986084,10.073196411132812
3412686646.0,-1.3236311674118042,1.241518497467041,9.468820571899414,3.561749219894409,2.6392269134521484,10.3272123336792
3412694979.0,-1.3410371541976929,1.5392522811889648,9.373827934265137,3.813178062438965,3.460265636444092,10.397753715515137
3412703312.0,-1.4692962169647217,1.5895074605941772,9.61697769165039,4.033051490783691,3.730085849761963,10.405412673950195
3412711645.0,-1.527182698249817,1.5702943801879885,9.79956340789795,4.01637601852417,3.501222848892212,10.485532760620115
3412719978.0,-1.517635703086853,1.4352489709854126,9.936850547790527,3.947397232055664,3.1342990398406982,10.664782524108888
3412728311.0,-1.701751947402954,1.6894547939300537,9.74597454071045,4.134893417358398,3.193621158599853,10.96288013458252
3412736644.0,-1.5532503128051758,1.948669672012329,9.824005126953123,4.417572021484375,3.4239189624786377,11.05119800567627
3412744977.0,-1.4305330514907837,1.4945124387741089,9.773430824279783,4.217498779296875,2.8250577449798584,11.185287475585938
3412753310.0,-1.5980768203735352,1.51506769657135,9.402260780334473,4.138377666473389,2.9599173069000244,11.453265190124512
3412761643.0,-1.7317014932632446,1.7868156433105469,9.509303092956545,4.224722862243652,3.907285690307617,11.625495910644531
3412769976.0,-1.7436355352401731,1.947173237800598,9.776073455810549,4.473564624786377,3.638643264770508,11.578441619873049
3412778309.0,-1.8759536743164065,2.158529281616211,9.954913139343262,4.212530136108398,3.1711580753326416,11.841705322265623
3412786642.0,-1.768201231956482,2.2407052516937256,10.112066268920898,3.5558836460113525,3.29180121421814,12.076537132263184
3412794975.0,-1.6864832639694214,2.2583558559417725,9.882710456848145,3.57125210762024,3.37929916381836,12.394947052001951
3412803308.0,-1.466075778007507,2.188875913619995,9.815264701843262,3.911486387252808,2.930256128311157,12.5228910446167
3412811641.0,-1.5697556734085083,1.5906025171279907,9.51520824432373,3.716459274291992,2.367101192474365,12.842939376831056
3412819974.0,-2.071047782897949,1.3478151559829712,9.126991271972656,3.535828351974488,3.185451030731201,13.031847953796388
3412828307.0,-2.0595219135284424,2.072693586349488,9.417255401611328,4.050802230834961,3.601861000061035,13.212579727172852
3412836640.0,-1.956440806388855,1.9881911277771,9.945063591003418,4.277488231658936,2.5379483699798584,13.289678573608398
3412844973.0,-1.946202278137207,1.9785981178283687,9.487855911254885,3.957926034927368,2.212110042572021,13.335222244262695
3412853306.0,-2.043795347213745,2.074838638305664,9.724799156188965,3.9870991706848153,2.8325119018554688,13.641386985778809
3412861639.0,-2.0888209342956543,2.391979932785034,9.894169807434082,4.483375549316406,2.7411201000213623,13.763875007629396
3412869972.0,-2.058178424835205,2.769758462905884,10.073867797851562,4.243087768554688,1.685865044593811,13.86118221282959
3412878305.0,-1.8787885904312127,2.57832407951355,9.706463813781738,3.895707607269287,1.3627671003341677,14.0909423828125
3412886638.0,-1.815290927886963,2.474907636642456,9.609833717346191,3.748119354248047,1.7366840839385986,14.218530654907228
3412894971.0,-1.8508585691452024,2.600126266479492,9.811107635498049,3.737412452697754,2.088393211364746,14.36268711090088
3412903304.0,-1.911208987236023,2.609132766723633,9.955708503723145,3.727320432662964,1.7608894109725952,14.410662651062012
3412911637.0,-2.307438611984253,2.747850179672241,9.843141555786133,3.398997068405152,1.4442206621170044,14.534892082214355
3412919970.0,-2.353065729141236,2.823021173477173,9.92041015625,3.0562779903411865,1.7245168685913086,14.874560356140137
3412928303.0,-2.1232988834381104,2.589040994644165,9.976393699645996,2.7856125831604004,1.0358014106750488,14.976017951965332
3412936636.0,-2.125001907348633,2.517961025238037,9.68476390838623,2.707770586013794,0.7811446189880371,15.037900924682615
3412944969.0,-1.983023762702942,2.5537877082824707,9.8359375,2.711433887481689,1.017717719078064,15.268584251403809
3412953302.0,-1.9560871124267576,2.551238775253296,9.691238403320312,2.5615010261535645,0.7025986909866333,15.414804458618164
3412961635.0,-1.9625792503356927,2.825467348098755,9.75454330444336,2.462271213531494,0.3020687401294708,15.583882331848145
3412969968.0,-1.877403736114502,2.7096023559570312,9.929403305053713,2.110574722290039,0.3996717929840088,15.710736274719238
3412978301.0,-1.9945167303085327,2.689800500869751,9.885738372802734,2.0412373542785645,0.4160905182361603,15.838397979736328
3412986634.0,-2.1955995559692383,2.4882683753967285,9.93486213684082,2.027917861938477,0.554151177406311,16.031761169433594
3412994967.0,-2.10298752784729,2.2827749252319336,9.859506607055664,2.105938673019409,-0.0640356019139289,16.03547477722168
3413003300.0,-1.9745182991027832,2.046091079711914,9.687823295593262,2.284649133682251,-0.6446847319602966,16.160293579101562
3413011633.0,-1.7595698833465576,1.7415025234222412,9.560107231140137,2.5399210453033447,-0.7400210499763489,16.398479461669922
3413019966.0,-1.6007425785064695,1.6905503273010254,9.241647720336914,2.850903511047364,-0.4231985211372375,16.448352813720703
3413028299.0,-1.7290959358215332,2.049569845199585,9.301286697387695,3.4364705085754395,-0.08900947868824,16.61763572692871
3413036632.0,-1.914095163345337,2.2579970359802246,9.475223541259766,3.7465312480926514,-0.1804779469966888,16.842504501342773
3413044965.0,-2.067793130874634,2.324960947036743,9.819504737854004,3.559009313583374,-0.4442534148693084,17.08058738708496
3413053298.0,-1.9070191383361816,2.4906551837921143,9.938505172729492,3.387188673019409,-0.6599252820014954,17.43780517578125
3413061631.0,-1.5846821069717407,2.6478586196899414,9.888299942016602,3.626887321472168,-1.251665711402893,17.632549285888672
3413069964.0,-1.4754043817520142,2.4657845497131348,9.603044509887695,3.885615587234497,-1.2580432891845703,17.872604370117188
3413078297.0,-1.698472499847412,2.4549813270568848,9.533544540405272,3.537749528884888,-0.5337752103805542,18.172626495361328
3413086630.0,-1.754232406616211,2.565610647201538,10.000954627990724,3.4223575592041016,-0.2967922389507293,18.356483459472656
3413094963.0,-1.6532076597213743,2.777573823928833,10.07950210571289,3.606114625930786,-0.9742634296417236,18.5435733795166
3413103296.0,-1.523995280265808,2.7192986011505127,9.961090087890623,3.4151852130889893,-1.1868102550506592,18.76126480102539
3413111629.0,-1.446871042251587,2.373481750488281,9.6041259765625,3.443310022354126,-0.8904535174369812,19.01815223693848
3413119962.0,-1.561301827430725,2.499629735946656,9.505505561828612,3.47560977935791,-0.4870037138462066,19.187414169311523
3413128295.0,-1.5738266706466677,2.7750227451324463,9.78009796142578,3.694201231002808,-0.6869996190071106,19.445911407470703
3413136628.0,-1.6422568559646606,2.7936336994171143,9.857529640197754,3.664411783218384,-0.9858410358428956,19.49050521850586
3413144961.0,-1.6936265230178833,2.8852155208587646,9.83834171295166,3.471946477890014,-0.7072861790657043,19.638402938842773
3413153294.0,-1.4592812061309814,2.964667320251465,9.924893379211426,3.5398759841918945,-0.4817271530628204,19.783432006835938
3413161627.0,-1.3043113946914673,2.7598373889923096,9.806788444519045,3.6118130683898926,-0.7353208065032959,19.97516441345215
3413169960.0,-1.5493589639663696,2.988903522491455,9.726320266723633,3.4386096000671387,-0.3291046321392059,20.156539916992188
3413178293.0,-1.5835843086242676,2.9619648456573486,9.873739242553713,3.5149788856506348,0.2783371806144714,20.385496139526367
3413186626.0,-1.4910770654678345,3.10457706451416,10.04672622680664,3.382476091384888,-0.3881838619709015,20.405319213867188
3413194959.0,-1.3490525484085083,3.314069986343384,9.85744285583496,3.1929819583892822,-0.6877937316894531,20.526424407958984
3413203292.0,-1.3660211563110352,2.9091475009918213,9.692605018615724,2.896368980407715,-0.0614229589700698,20.751033782958984
3413211625.0,-1.407305359840393,2.963608980178833,9.730783462524414,2.990143299102783,0.4746191203594208,20.935047149658203
3413219958.0,-1.3345274925231934,3.151103973388672,10.110907554626465,2.9071524143218994,0.2370470315217971,21.06117057800293
3413228291.0,-1.2021814584732056,2.923548460006714,9.892803192138672,2.950261354446411,-0.2781963348388672,21.05118179321289
3413236624.0,-0.9626399278640748,3.091832399368286,9.653770446777344,2.8751864433288574,0.1774170696735382,21.30876350402832
3413244957.0,-0.9482135772705078,3.200490951538086,9.82413101196289,2.821037769317627,0.6828373670578003,21.23281478881836
3413253290.0,-1.054757595062256,3.1815638542175293,9.817381858825684,2.863070487976074,0.904374897480011,21.41641616821289
3413261623.0,-1.4483798742294312,3.4270050525665283,9.90259075164795,2.775752305984497,1.4138168096542358,21.33063697814941
3413269956.0,-1.3988087177276611,3.624672174453736,10.042724609375,2.7154555320739746,1.3937863111495972,21.60982894897461
3413278289.0,-1.3925820589065552,3.525228261947632,10.22670841217041,2.35839319229126,0.5617075562477112,21.59791755676269
3413286622.0,-1.376767873764038,3.4793524742126465,9.74166774749756,2.062190055847168,0.8108829259872437,21.88041877746582
3413294955.0,-0.9229277968406676,3.2771966457366943,10.015392303466797,2.103044986724853,1.0339831113815308,22.03407859802246
3413303288.0,-1.0419557094573977,3.268573045730591,9.844916343688965,2.000459671020508,0.9344972372055054,22.0997257232666
3413311621.0,-1.1296931505203247,3.301287651062012,9.657917022705078,2.092440366744995,1.4742406606674194,22.235916137695312
3413319954.0,-0.8620043396949768,3.226115465164185,9.75413417816162,1.944517970085144,1.4617153406143188,22.261455535888672
3413328287.0,-1.1169549226760864,3.483316659927368,9.968062400817873,1.8228507041931152,1.4411728382110596,22.554229736328125
3413336620.0,-1.2348871231079102,3.316112995147705,9.91999053955078,1.5888772010803225,1.9589005708694456,22.74939346313477
3413344953.0,-1.5204615592956543,3.313484668731689,10.16382884979248,1.6254158020019531,2.0519697666168213,22.740312576293945
3413353286.0,-1.388256549835205,3.544922113418579,10.247879028320312,1.540889024734497,1.5998528003692627,22.81031608581543
3413361619.0,-0.9419805407524108,3.2718169689178467,10.07848072052002,1.3034451007843018,0.6742823123931885,22.90662956237793
3413369952.0,-0.8487052917480469,3.255642890930176,9.464004516601562,1.136568307876587,0.8920546174049377,23.13439178466797
3413378285.0,-1.1818212270736694,3.152404308319092,9.427897453308104,1.2060853242874146,2.3420770168304443,23.417734146118164
3413386618.0,-1.4430336952209473,3.152286529541016,9.650678634643556,1.4080278873443604,2.687357187271118,23.441455841064453
3413394951.0,-1.599831461906433,2.9976799488067627,10.021757125854492,1.322271466255188,1.834479570388794,23.566068649291992
3413403284.0,-1.3967363834381104,3.0401506423950195,9.905963897705078,1.1470699310302734,1.250038981437683,23.55446052551269
3413411617.0,-1.137653112411499,3.1175014972686768,9.884623527526855,1.56271231174469,1.2284977436065674,23.542217254638672
3413419950.0,-1.2764397859573364,3.272199869155884,9.664998054504396,1.6676284074783323,2.163725137710572,23.727516174316406
3413428283.0,-1.183989644050598,3.154599666595459,10.01816463470459,1.7005810737609863,2.044785261154175,24.06914329528809
3413436616.0,-1.193452000617981,3.0760629177093506,10.07181167602539,1.483794927597046,1.3112061023712158,24.07002639770508
3413444949.0,-1.3202016353607178,3.3092949390411377,9.668882369995115,1.5902990102767944,1.714938044548035,24.136215209960938
3413453282.0,-1.1689544916152954,3.3198022842407227,9.985918045043944,1.5861750841140747,2.4126956462860107,24.032527923583984
3413461615.0,-1.126015067100525,3.3237171173095703,10.043890953063965,1.4176591634750366,1.8893967866897583,24.25048446655273
3413469948.0,-1.247624158859253,3.4192583560943604,9.929386138916016,0.9879416227340698,1.8277302980422967,24.42141914367676
3413478281.0,-1.2383829355239868,3.1933252811431885,9.871319770812988,1.0328689813613892,2.075522422790528,24.573389053344727
3413486614.0,-1.5294363498687744,3.2264866828918457,9.942397117614746,1.1723129749298096,2.0605127811431885,24.6425724029541
3413494947.0,-1.567293643951416,3.320773839950561,9.936613082885742,1.1400518417358398,1.9967970848083496,24.712459564208984
3413503280.0,-1.174261450767517,3.101167917251587,10.018189430236816,1.093843698501587,1.1806248426437378,24.785024642944336
3413511613.0,-0.9635887145996094,3.31668472290039,9.81725025177002,0.8981508016586304,0.8399809002876282,24.84391212463379
3413519946.0,-1.144939661026001,3.466892957687378,9.635126113891602,0.7865495085716248,2.202249050140381,24.86107444763184
3413528279.0,-1.3219643831253052,3.228295087814331,9.88601779937744,0.9993526339530944,2.6642019748687744,24.83676528930664
3413536612.0,-1.4129313230514526,3.181124448776245,10.246414184570312,0.9979054927825928,1.7073431015014648,24.94192314147949
3413544945.0,-1.270963191986084,3.1616663932800293,9.831350326538086,0.7180442214012146,0.7206824421882629,24.999530792236328
3413553278.0,-1.2668534517288208,3.324314832687378,9.60301113128662,0.7055444121360779,1.4375483989715576,25.0911808013916
3413561611.0,-1.1722731590270996,3.633328914642334,9.80986213684082,0.795642614364624,2.1853182315826416,25.19045066833496
3413569944.0,-1.1329753398895264,3.234278678894043,9.97837734222412,0.5825575590133667,1.4769301414489746,25.136425018310547
3413578277.0,-1.2353768348693848,2.9102344512939453,9.423501968383787,0.3800001442432403,0.887725830078125,25.21342086791992
3413586610.0,-1.3214105367660522,2.870436906814575,9.556535720825195,0.6440575122833252,1.8596327304840088,25.30425262451172
3413594943.0,-1.2119815349578855,2.8990581035614014,9.79331398010254,1.0511192083358765,1.954200863838196,25.539878845214844
3413603276.0,-1.326911211013794,3.093082427978516,9.919008255004885,1.3213366270065308,1.263294696807861,25.510841369628903
3413611609.0,-1.1784789562225342,3.031478881835937,9.544642448425291,1.1038715839385986,1.211195468902588,25.599853515625
3413619942.0,-1.2464836835861206,2.970442771911621,9.513923645019531,1.309925556182861,1.1425108909606934,25.77840042114257
3413628275.0,-1.41481351852417,3.12446665763855,9.536279678344728,1.4073750972747805,1.6660022735595703,25.79833984375
3413636608.0,-1.4389231204986572,3.31311559677124,9.907648086547852,1.4264957904815674,1.5411964654922483,26.02011680603028
3413644941.0,-1.2020610570907593,3.2851061820983887,9.922310829162598,1.5303105115890503,0.7976917028427124,26.140045166015625
3413653274.0,-1.1887260675430298,3.664640426635742,9.695754051208496,1.4052618741989136,0.4303577840328216,26.17037582397461
3413661607.0,-1.190194606781006,3.35165810585022,9.637858390808104,1.0232510566711426,1.3105660676956177,26.40912628173828
3413669940.0,-1.2351287603378296,3.3202388286590576,9.763895988464355,0.921920895576477,1.241176962852478,26.55610084533692
3413678273.0,-1.2621591091156006,3.489129543304444,9.83173942565918,1.1482994556427002,0.8078861236572266,26.617414474487305
3413686606.0,-1.0788136720657349,3.160662174224853,9.62700653076172,1.171070575714111,0.1871505081653595,26.60865592956543
3413694939.0,-1.00242280960083,2.9644007682800293,9.196638107299805,1.1696747541427612,0.2643390893936157,26.78502655029297
3413703272.0,-1.17610502243042,3.1061739921569824,9.401341438293455,1.2679439783096311,1.1533201932907104,26.94113540649414
3413711605.0,-1.2525520324707031,2.9604666233062744,9.675090789794922,1.5906836986541748,1.059495210647583,26.944698333740234
3413719938.0,-1.2997291088104248,3.1463005542755127,9.66555881500244,1.7727752923965454,0.4698551297187805,26.96805763244629
3413728271.0,-1.0200766324996948,3.135014057159424,9.51921272277832,1.8079434633255005,0.2226774990558624,27.004323959350582
3413736604.0,-0.8476763367652893,3.058830738067627,9.484150886535645,1.712133288383484,0.3583177328109741,27.084917068481445
3413744937.0,-0.8409054279327393,3.324741840362549,9.468188285827637,1.7799729108810425,0.7874974012374878,27.15721702575684
3413753270.0,-0.8422699570655823,3.32825779914856,9.795462608337402,1.974064469337464,0.7158157825469971,27.295185089111328
3413761603.0,-0.8730685114860535,3.140164852142334,9.644242286682127,1.7417690753936768,0.3759403824806213,27.27602767944336
3413769936.0,-0.9333428144454956,3.3313937187194824,9.576615333557127,1.7091363668441772,0.6106948852539062,27.30945205688477
3413778269.0,-0.7077441215515137,3.2926902770996094,9.736141204833984,1.7886433601379397,0.7647647261619568,27.338422775268555
3413786602.0,-0.8033554553985596,3.3153324127197266,9.718517303466797,1.7169359922409058,0.7923896312713623,27.330007553100582
3413794935.0,-0.9042391180992126,3.43298602104187,9.593324661254885,1.7299225330352783,1.2183547019958496,27.38420867919922
3413803268.0,-0.9112168550491332,3.1633777618408203,9.855578422546388,1.7547171115875244,1.0956878662109375,27.45221328735352
3413811601.0,-0.950278103351593,3.3710711002349854,9.707212448120115,1.8317137956619265,0.6200314164161682,27.443607330322266
3413819934.0,-0.8353803753852844,3.419107913970948,9.620494842529297,1.7191132307052612,0.7103472948074341,27.384183883666992
3413828267.0,-0.8069790601730347,3.449784755706787,9.62077808380127,1.7686766386032104,0.8867268562316895,27.476238250732425
3413836600.0,-0.9951853156089784,3.461292028427124,9.701899528503418,1.5825382471084597,1.2410489320755005,27.57657241821289
3413844933.0,-0.9068307280540466,3.555565357208252,9.962594032287598,1.5340631008148191,0.9231632351875304,27.58150291442871
3413853266.0,-0.9729169011116028,3.508638620376587,9.855371475219728,1.4319647550582886,0.4457135796546936,27.46411323547364
3413861599.0,-0.9272221922874452,3.7962300777435294,9.74331760406494,1.2427139282226562,1.16502583026886,27.712276458740234
3413869932.0,-0.7401139140129089,3.687290668487549,10.099569320678713,1.2020385265350342,1.070048213005066,27.70118522644043
3413878265.0,-0.7324163913726807,3.666590452194214,9.973952293395996,0.8733305931091309,0.8646987080574036,27.72152328491211
3413886598.0,-0.8937223553657532,3.679233551025391,9.965909957885742,0.746821939945221,1.489865779876709,27.850645065307617
3413894931.0,-0.9266387224197388,3.4816038608551025,10.110162734985352,0.9755443930625916,1.361269474029541,27.970813751220703
3413903264.0,-0.8422216176986694,3.3691420555114746,9.996744155883787,0.9000465869903564,0.6924429535865784,27.94823837280273
3413911597.0,-0.8141025304794312,3.435988187789917,10.014852523803713,0.7158799171447754,0.7278929352760315,28.04644012451172
3413919930.0,-0.7203192710876465,3.372466802597046,9.852113723754885,0.8311439156532288,1.1376440525054932,28.186777114868164
3413928263.0,-0.860630989074707,3.542598009109497,10.085025787353516,1.0823174715042114,1.334848403930664,28.141754150390625
3413936596.0,-0.7990120649337769,3.641387701034546,10.07066249847412,0.7921847105026245,1.020817518234253,28.28547096252441
3413944929.0,-0.8267606496810913,3.429326295852661,9.886042594909668,0.7615373730659485,0.9222411513328552,28.430952072143555
3413953262.0,-0.8803942203521729,3.5210559368133545,9.762578964233398,0.7684788107872009,1.5387251377105713,28.46796417236328
3413961595.0,-0.6930190920829773,3.4456348419189453,9.925649642944336,0.7617935538291931,1.4975886344909668,28.66898536682129
3413969928.0,-0.710925281047821,3.5803487300872803,9.911964416503906,0.8868679404258728,0.9578962922096252,28.64334487915039
3413978261.0,-0.902194082736969,3.672300100326538,9.75282096862793,0.7108724117279053,1.5104469060897827,28.747722625732425
3413986594.0,-0.8454466462135315,3.751548767089844,10.031346321105955,0.7006010413169861,2.0392019748687744,28.941007614135746
3413994927.0,-0.8081018924713135,3.5174126625061035,10.237671852111816,0.7452852725982666,1.2623858451843262,28.87798500061035
3414003260.0,-0.7952490448951721,3.569399833679199,9.951254844665527,0.5395514369010925,1.0704069137573242,28.93146514892578
3414011593.0,-0.7000243663787842,3.495143413543701,9.787599563598633,0.6247444748878479,1.6634793281555176,29.24613571166992
3414019926.0,-0.906928300857544,3.650726079940796,9.870195388793944,0.6719002723693848,1.9224393367767327,29.27446746826172
3414028259.0,-1.0133217573165894,3.5490450859069824,10.02194881439209,0.5126693248748779,1.785492777824402,29.377986907958984
3414036592.0,-0.9347572922706604,3.348628044128418,10.1300048828125,0.4866707921028137,1.4716925621032717,29.455211639404297
3414044925.0,-0.8807883858680725,3.622241258621216,9.9922513961792,0.5281146764755249,1.4071959257125854,29.469711303710938
3414053258.0,-0.7674849629402161,3.7853827476501465,10.062646865844728,0.6026650071144104,1.7951109409332275,29.53030204772949
3414061591.0,-0.6964641213417053,3.663107395172119,9.982038497924805,0.4769758582115173,1.5184003114700315,29.64659309387207
3414069924.0,-0.7612674236297607,3.501461267471313,9.87734603881836,0.2989952266216278,1.5888522863388062,29.77237129211425
3414078257.0,-0.7684670686721802,3.495834350585937,9.83020305633545,0.3891573548316955,1.914716720581055,29.937917709350582
3414086590.0,-1.031248688697815,3.5982043743133545,9.698968887329102,0.6856038570404053,1.99836015701294,29.90180969238281
3414094923.0,-1.1036406755447388,3.527602195739746,9.69410514831543,0.8159806132316589,1.928945779800415,29.757631301879883
3414103256.0,-0.8940261006355286,3.0992231369018555,9.732572555541992,0.6429561972618103,1.3066470623016355,29.908008575439453
3414111589.0,-1.000473976135254,3.109199047088623,9.391264915466309,0.8644810914993286,1.1975945234298706,30.032638549804688
3414119922.0,-1.0527878999710083,3.2515125274658203,9.49664306640625,1.3678267002105713,2.0408413410186768,30.22930145263672
3414128255.0,-0.964801549911499,3.098851442337036,9.716405868530272,1.6497372388839722,1.659906268119812,30.21890449523925
3414136588.0,-1.0139294862747192,3.17864203453064,9.626923561096191,1.7750167846679688,1.1474673748016355,30.10105323791504
3414144921.0,-0.7392934560775757,3.446096181869507,9.646077156066896,1.8206357955932613,1.170596957206726,30.24393081665039
3414153254.0,-0.7217890620231628,3.419140100479126,9.86286735534668,2.0728588104248047,1.5363173484802246,30.42222595214844
3414161587.0,-0.8093999624252319,3.692868232727051,9.637443542480469,2.143528699874878,1.6967906951904297,30.519716262817383
3414169920.0,-0.8931621313095093,3.408921241760254,9.925976753234863,2.199406623840332,1.5591269731521606,30.56522750854492
3414178253.0,-0.9092642664909364,3.418872594833374,9.460418701171877,2.061960458755493,1.0473284721374512,30.65827751159668
3414186586.0,-0.935300350189209,3.5874009132385254,9.681870460510254,2.0932095050811768,1.407720923423767,30.88944625854492
3414194919.0,-0.7654017210006714,3.6100566387176514,9.691597938537598,2.0297508239746094,1.7062169313430786,30.97150611877441
3414203252.0,-0.8500106930732727,3.348475217819214,9.6806001663208,2.411402940750122,1.1751821041107178,31.05175399780273
3414211585.0,-0.8602261543273926,3.081926107406616,9.337913513183594,2.350748538970948,1.235887885093689,31.33056640625
3414219918.0,-0.8623601794242859,2.9757332801818848,9.343417167663574,2.5883209705352783,1.4500999450683594,31.39560317993164
3414228251.0,-0.9110723733901978,3.154230117797852,9.450071334838867,2.967078924179077,1.2993600368499756,31.49270439147949
3414236584.0,-0.7465633749961853,3.3753159046173096,9.541211128234863,3.03043532371521,1.4113327264785769,31.53538703918457
3414244917.0,-0.5486628413200378,3.378594398498535,9.794184684753418,3.375972270965576,0.9563981294631958,31.70619010925293
3414253250.0,-0.6639546155929565,3.6435937881469727,9.343079566955566,3.1937010288238525,1.4189146757125854,31.719945907592773
3414261583.0,-0.7512774467468262,3.5827202796936035,9.695060729980469,3.2947235107421875,2.1669278144836426,31.98691749572754
3414269916.0,-0.5799435377120972,3.4609086513519287,9.806679725646973,3.510178327560425,1.938384890556336,31.990184783935547
3414278249.0,-0.5420042276382446,3.655984878540039,9.850860595703123,3.3765485286712646,1.3565566539764404,32.19914627075195
3414286582.0,-0.4479364454746246,3.862598657608032,9.473014831542969,3.3502037525177,1.7495688199996948,32.19249725341797
3414294915.0,-0.5246002674102783,3.764161348342896,9.443059921264648,3.2662532329559326,2.3666036128997803,32.32306289672852
3414303248.0,-0.8428163528442383,3.8850467205047607,9.752471923828123,3.013671398162842,2.692904233932495,32.375118255615234
3414311581.0,-0.6915183067321777,3.769900560379028,9.96651840209961,2.8384697437286377,2.2274928092956543,32.43992233276367
3414319914.0,-0.6761137843132019,3.882632970809937,9.705628395080566,2.7682995796203613,1.696982979774475,32.52066802978516
3414328247.0,-0.6022513508796692,3.994178295135498,9.701318740844728,2.7274441719055176,2.428782224655152,32.6113166809082
3414336580.0,-0.584387481212616,3.7262115478515625,9.549829483032228,2.662627458572388,2.851840019226074,32.700286865234375
3414344913.0,-0.7048326134681702,3.8950371742248535,9.720364570617676,2.6974117755889893,2.63429856300354,32.76788711547852
3414353246.0,-0.592867910861969,3.9958512783050537,9.580612182617188,2.6973609924316406,2.67996883392334,32.81220245361328
3414361579.0,-0.6229600310325623,3.6669530868530273,9.69800090789795,2.5009255409240723,2.7459511756896973,32.813175201416016
3414369912.0,-0.956162929534912,4.03533935546875,9.570207595825195,2.6797893047332764,3.4150469303131104,32.75213623046875
3414378245.0,-0.8652152419090271,4.08809757232666,9.941498756408691,2.898009777069092,3.51521110534668,32.86466979980469
3414386578.0,-0.8832414746284485,3.994366407394409,9.95409870147705,2.844463586807251,2.5822761058807373,32.75940704345703
3414394911.0,-0.7922362685203552,4.347482204437256,9.370463371276855,2.599104404449463,2.583479881286621,32.808692932128906
3414403244.0,-0.7785495519638062,4.012208938598633,9.784505844116213,2.4178578853607178,3.5252904891967773,32.885353088378906
3414411577.0,-0.9564189314842224,4.219494819641113,9.586431503295898,2.463784694671631,3.6070516109466553,32.73802185058594
3414419910.0,-0.9933086037635804,4.481785297393799,9.88814640045166,2.4814453125,3.55491304397583,32.66948699951172
3414428243.0,-0.7850129008293152,4.106698036193848,10.121581077575684,2.3228418827056885,3.090808629989624,32.75201797485352
3414436576.0,-0.8764569759368896,4.306366920471191,9.649665832519531,2.124267101287842,2.891619205474853,32.76542663574219
3414444909.0,-1.1000269651412964,4.47891092300415,9.938909530639648,1.9761658906936648,3.8546643257141113,32.863529205322266
3414453242.0,-1.0646755695343018,4.244113445281982,10.072466850280762,2.202531576156616,3.742896318435669,32.81067657470703
3414461575.0,-1.2067503929138184,4.302428245544434,10.144084930419922,1.805677056312561,3.003117799758911,32.71519470214844
3414469908.0,-1.224961519241333,4.455766201019287,9.989106178283691,1.539442539215088,2.938314437866211,32.786842346191406
3414478241.0,-1.0437835454940796,4.561009883880615,9.805594444274902,1.476047396659851,2.9976882934570312,32.826904296875
3414486574.0,-1.0727379322052002,4.712018489837647,10.001893043518066,1.1797289848327637,3.2166264057159424,32.80839920043945
3414494907.0,-1.0183842182159424,4.30114221572876,9.913700103759766,0.8052098155021667,2.7368323802948,33.00674057006836
3414503240.0,-1.1719850301742554,4.260273456573486,9.69017505645752,0.5698532462120056,2.5725042819976807,32.969512939453125
3414511573.0,-1.2180273532867432,4.310378551483154,9.652732849121094,0.556175172328949,3.0781807899475098,32.97004699707031
3414519906.0,-1.22117018699646,4.104926109313965,9.949901580810549,0.4266055226325989,2.699615001678467,32.90538787841797
3414528239.0,-1.3350608348846436,4.185991287231445,9.576672554016112,0.3993518948554992,2.4778976440429688,32.84920883178711
3414536572.0,-1.4233297109603882,4.149057388305664,10.069700241088867,0.4631186425685882,2.448197841644287,33.089691162109375
3414544905.0,-1.3359626531600952,3.8107149600982666,9.679243087768556,0.0659567192196846,1.901269793510437,33.05968475341797
3414553238.0,-1.4004409313201904,4.041902542114258,9.839529037475586,0.2199240326881408,1.9454543590545648,33.07418441772461
3414561571.0,-1.0755765438079834,3.9268765449523926,9.940415382385254,0.2190403342247009,1.821032881736756,33.07481002807617
3414569904.0,-1.0190199613571167,3.939468383789064,9.821126937866213,0.235868901014328,1.2601830959320068,33.056983947753906
3414578237.0,-1.2312805652618408,4.012500286102295,9.752903938293455,0.1054282709956169,1.7942787408828735,33.18134689331055
3414586570.0,-1.3328932523727417,3.750603914260864,9.800118446350098,0.0964633002877235,2.1937332153320312,33.39364242553711
3414594903.0,-1.308661937713623,3.6025760173797607,10.165884971618652,0.1446437239646911,1.3400866985321045,33.2060661315918
3414603236.0,-1.2587759494781494,3.5660059452056885,9.78693389892578,0.1472435593605041,0.8393151760101318,33.30784606933594
3414611569.0,-0.8953267335891724,3.520773410797119,9.714529037475586,0.2863674163818359,0.4799343943595886,33.464698791503906
3414619902.0,-0.9492971897125244,3.707621097564697,9.392097473144531,0.3268891870975494,0.7838732004165649,33.405452728271484
3414628235.0,-0.868858277797699,3.7049989700317374,9.491658210754396,0.1953343600034713,1.292649269104004,33.35875701904297
3414636568.0,-0.7659181356430054,3.369148015975952,9.815606117248535,0.2392115890979766,1.071521520614624,33.46813201904297
3414644901.0,-0.895302414894104,3.4296374320983887,9.577569007873535,0.255425363779068,1.0249801874160769,33.6380729675293
3414653234.0,-0.903779685497284,3.6094064712524414,9.69618320465088,0.49812051653862,1.4200034141540527,33.65004348754883
3414661567.0,-0.8092955946922302,3.5440447330474854,9.830829620361328,0.6071859002113342,1.142216444015503,33.606571197509766
3414669900.0,-0.8181333541870117,3.7717366218566895,9.532532691955566,0.5453787446022034,1.012634038925171,33.60377502441406
3414678233.0,-0.6401796936988831,3.4599969387054443,9.525697708129885,0.6824151277542114,1.398948311805725,33.648223876953125
3414686566.0,-0.7082131505012512,3.315838098526001,9.338020324707031,0.7613837122917175,1.1791266202926636,33.61084747314453
3414694899.0,-0.776489794254303,3.598972082138061,9.345211029052734,1.0571515560150146,1.5603694915771484,33.53462600708008
3414703232.0,-0.7719259262084961,3.662133693695069,9.667096138000488,1.063862442970276,1.6865196228027344,33.607391357421875
3414711565.0,-0.8650313019752502,3.8619189262390137,9.696603775024414,1.062761306762695,1.5487406253814695,33.42853164672852
3414719898.0,-0.6509823799133301,4.195815086364746,9.820469856262209,1.0276182889938354,1.604195237159729,33.60280227661133
3414728231.0,-0.5241225361824036,3.9788835048675537,9.798002243041992,0.9760826230049132,1.5337820053100586,33.50934600830078
3414736564.0,-0.8320350050926208,4.033125877380371,9.422720909118652,0.6245141625404358,2.02356505393982,33.49555587768555
3414744897.0,-0.7660988569259644,4.096283912658691,9.675414085388184,0.6874098181724548,2.4929587841033936,33.48490524291992
3414753230.0,-0.6112565398216248,3.8112943172454834,9.613525390625,0.5324180126190186,1.851577877998352,33.32225799560547
3414761563.0,-0.5584986209869385,4.000095367431641,9.323792457580566,0.4240440726280212,1.5803231000900269,33.3747673034668
3414769896.0,-0.7136062979698181,3.659969091415405,9.2147216796875,0.2021989822387695,2.3683199882507324,33.31695556640625
3414778229.0,-0.964252471923828,3.686266899108887,9.16981315612793,0.4459186494350433,2.9072699546813965,33.38142776489258
3414786562.0,-1.1284023523330688,3.723783254623413,9.667967796325684,0.5296260714530945,2.584401845932007,33.28811264038086
3414794895.0,-0.7989705801010132,3.831167459487915,9.496660232543944,0.4625807106494903,1.7733134031295776,33.07286071777344
3414803228.0,-0.8430364727973938,3.967441082000733,9.491046905517578,0.4350326061248779,1.8486323356628416,33.10904312133789
3414811561.0,-0.897233784198761,4.364322662353516,9.49188232421875,0.2602920830249786,2.719312191009521,33.12643051147461
3414819894.0,-0.9446896314620972,4.182827949523926,9.894099235534668,0.0675191804766655,2.4650394916534424,33.03117370605469
3414828227.0,-1.0319831371307373,4.217360019683838,9.749526023864746,-0.1114860475063324,1.964511036872864,32.85443115234375
3414836560.0,-0.8322963714599609,4.245894908905029,9.871527671813965,-0.45405113697052,1.9142813682556152,32.79487991333008
3414844893.0,-0.8591691255569458,4.246480464935303,9.88702392578125,-0.7414559721946716,2.3888754844665527,32.65770721435547
3414853226.0,-1.1670547723770142,4.146582126617432,9.834166526794434,-0.8937456607818604,2.808526992797852,32.85062026977539
3414861559.0,-1.0316095352172852,3.8559820652008057,10.021827697753906,-0.9207941293716432,2.371367931365967,32.71068572998047
3414869892.0,-0.7627699971199036,3.3127331733703613,9.825357437133787,-1.165461540222168,1.3574020862579346,32.72959518432617
3414878225.0,-0.9445587992668152,3.224560737609864,9.17026710510254,-1.151757836341858,1.93958842754364,32.75379180908203
3414886558.0,-0.8197431564331055,3.3391451835632324,9.523571014404297,-0.5838130116462708,3.123223066329956,32.71117401123047
3414894891.0,-0.8034698963165283,3.19321084022522,9.749342918395996,-0.1051849573850631,2.44313907623291,32.58635711669922
3414903224.0,-0.5636017918586731,3.123894453048706,9.765153884887695,-0.2320011705160141,1.6328065395355225,32.6662483215332
3414911557.0,-0.5896672606468201,2.831260681152344,9.35334014892578,-0.2887110710144043,1.972169756889344,32.9158821105957
3414919890.0,-0.8422486782073975,3.201623916625977,9.350597381591797,0.6270114779472351,3.4106669425964355,32.8623046875
3414928223.0,-0.7606980800628662,3.2137274742126465,10.09378147125244,1.0458815097808838,3.481182813644409,32.799827575683594
3414936556.0,-0.6799613833427429,3.13842511177063,10.079020500183104,0.8336672186851501,1.921735167503357,32.74081039428711
3414944889.0,-0.7862086892127991,3.5703909397125244,9.725666046142578,0.7162514328956604,2.3202931880950928,32.775978088378906
3414953222.0,-0.827269971370697,3.713748455047608,9.869468688964844,0.8768144249916077,3.538801670074463,32.91617965698242
3414961555.0,-0.8494820594787598,3.570595026016236,10.09807586669922,1.2780232429504397,3.28000807762146,32.75310516357422
3414969888.0,-0.9397237300872804,3.355285882949829,10.047189712524414,0.9761081337928772,2.4990806579589844,32.78924560546875
3414978221.0,-0.8384302854537964,3.3008251190185547,9.89450740814209,0.6939671635627747,2.288813591003418,32.91317367553711
3414986554.0,-0.8881163597106934,3.755968809127808,9.86000156402588,1.0158360004425049,2.991796970367432,32.91314697265625
3414994887.0,-0.8762457370758057,3.760686159133911,10.199755668640137,1.0981600284576416,3.659841537475586,33.033348083496094
3415003220.0,-0.9074317812919616,3.3723630905151367,10.260811805725098,1.0393497943878174,2.702457904815674,33.00843048095703
3415011553.0,-1.091172218322754,3.274922609329224,9.798585891723633,0.8032886385917664,2.3546416759490967,33.142364501953125
3415019886.0,-1.111505150794983,3.463923931121826,9.834625244140623,1.0175522565841677,3.119893789291382,33.208763122558594
3415028219.0,-1.137248992919922,3.5071847438812256,10.101534843444824,1.3715667724609375,2.9846503734588623,33.12423324584961
3415036552.0,-1.2282874584197998,3.497584104537964,10.050569534301758,1.180023193359375,2.2698843479156494,33.0346565246582
3415044885.0,-1.0666825771331787,3.1427762508392334,9.816038131713867,1.1176269054412842,2.051599740982056,33.075897216796875
3415053218.0,-1.1133047342300415,3.015809774398804,9.557821273803713,1.2679442167282104,1.9651645421981807,32.89400100708008
3415061551.0,-0.9828317165374756,3.1123030185699463,9.716381072998049,1.7887972593307495,2.4110701084136963,33.08030319213867
3415069884.0,-1.015423059463501,2.96543288230896,9.830886840820312,2.061999082565308,1.9447625875473025,33.0445442199707
3415078217.0,-1.2207136154174805,3.065768241882324,9.62069606781006,2.3862881660461426,1.9083775281906128,32.96456527709961
3415086550.0,-1.1530969142913818,3.253512620925904,9.79881763458252,2.511414051055908,2.197306156158448,32.99496841430664
3415094883.0,-1.0238544940948486,3.296935796737671,10.28099536895752,2.725895404815674,1.7984797954559326,32.87672424316406
3415103216.0,-1.1297593116760254,3.4763405323028564,9.915919303894045,2.744823932647705,1.5026605129241943,32.80364227294922
3415111549.0,-0.9645233750343324,3.361797332763672,10.100136756896973,2.986366271972656,1.4303257465362549,32.7465705871582
3415119882.0,-0.924483835697174,3.492015600204468,9.868106842041016,3.125579833984375,0.8558492064476013,32.7462158203125
3415128215.0,-0.9033321142196656,3.9531633853912354,9.848345756530762,3.022635698318481,0.8565407991409302,32.79157638549805
3415136548.0,-0.6998492479324341,3.750614643096924,9.68310260772705,2.802686214447021,0.8890963792800903,32.82784652709961
3415144881.0,-0.927056849002838,3.9534833431243896,9.713553428649902,2.591804265975952,1.064144492149353,32.80848693847656
3415153214.0,-0.8407884836196899,3.957888841629028,10.01575756072998,2.4299991130828857,1.369312405586243,32.833377838134766
3415161547.0,-0.8360586762428284,4.0209550857543945,10.107742309570312,2.2667338848114014,0.5716590881347656,32.699058532714844
3415169880.0,-0.9772047996520996,4.139033794403076,9.907489776611328,1.9325188398361208,0.4699447751045227,32.76334762573242
3415178213.0,-0.8049550652503967,3.976558208465576,9.794042587280272,1.54638409614563,0.5924065113067627,32.85026168823242
3415186546.0,-0.6894054412841797,3.797895669937134,9.796854972839355,1.5288640260696411,0.2830119431018829,32.76112365722656
3415194879.0,-0.5043560862541199,3.65896248817444,9.696558952331545,1.2182141542434692,0.3030166923999786,32.74265670776367
3415203212.0,-0.4446719288825989,3.562114953994751,9.623126983642578,1.2069438695907593,0.5424074530601501,32.83642578125
3415211545.0,-0.8051548004150391,4.104596138000488,9.567740440368652,1.5094482898712158,1.0102007389068604,32.815425872802734
3415219878.0,-0.9181069135665894,4.398787021636963,9.900900840759276,1.2845550775527954,1.2403192520141602,32.67859649658203
3415228211.0,-0.8287360668182373,4.23078727722168,10.143407821655272,0.8017902374267578,0.362736314535141,32.584754943847656
3415236544.0,-0.7050396800041199,4.29210090637207,9.708312034606934,0.4342129528522491,-0.0186599884182214,32.79872512817383
3415244877.0,-0.6121124625205994,4.2292985916137695,9.739916801452637,0.6031133532524109,0.2445137351751327,32.926414489746094
3415253210.0,-0.7847402095794678,4.171689510345459,9.629349708557127,0.4131067991256714,0.5791383981704712,32.80697250366211
3415261543.0,-0.8700073957443237,4.0664167404174805,9.729644775390623,0.218207836151123,0.7395091652870178,32.88235092163086
3415269876.0,-0.4512703418731689,3.686936855316162,9.785552978515623,0.1382913738489151,-0.2082054913043975,32.921260833740234
3415278209.0,-0.4937485456466675,3.725322008132935,9.253510475158691,0.1742281764745712,-0.2751099467277527,32.97633361816406
3415286542.0,-0.4050897657871246,3.645106554031372,9.128642082214355,0.5180996656417847,0.73853600025177,33.006690979003906
3415294875.0,-0.7607954144477844,3.5235917568206787,9.315494537353516,0.7394835948944092,0.9951651096343994,33.114192962646484
3415303208.0,-0.9576916098594666,3.5923221111297607,9.578240394592283,0.633952796459198,0.4179990589618683,33.3087272644043
3415311541.0,-0.7539928555488586,3.4520626068115234,9.584599494934082,0.6824918389320374,-0.3410666286945343,33.29555892944336
3415319874.0,-0.5723528265953064,3.662308692932129,9.26567554473877,1.0110461711883545,-0.4095848500728607,33.44254302978516
3415328207.0,-0.205228790640831,3.7088623046875,9.36090087890625,1.2684180736541748,0.2498415261507034,33.54254150390625
3415336540.0,-0.1520630866289138,3.451425313949585,9.53457260131836,1.1765652894973757,0.0800957828760147,33.64573669433594
3415344873.0,-0.464547336101532,3.5478827953338623,9.412944793701172,1.143369197845459,0.6726815700531006,33.632232666015625
3415353206.0,-0.5172432661056519,3.6160695552825928,9.646209716796877,1.5112415552139282,1.231303334236145,33.85539627075195
3415361539.0,-0.6441946625709534,3.697004795074463,9.871030807495115,1.4838212728500366,0.5203152894973755,33.7996940612793
3415369872.0,-0.4516188204288482,3.6258482933044434,9.651259422302246,1.3423151969909668,0.5054205656051636,33.764591217041016
3415378205.0,-0.1312208473682403,3.464798927307129,9.799510955810549,1.4305309057235718,0.3349832892417907,33.87042617797852
3415386538.0,-0.3336647748947143,3.692280530929565,9.463945388793944,1.745509386062622,0.823549747467041,33.76077651977539
3415394871.0,-0.4955326318740845,3.689646720886232,9.448980331420898,1.8497849702835083,1.4856783151626587,33.86479187011719
3415403204.0,-0.6026896834373474,3.5468192100524902,9.789665222167969,1.5837295055389404,1.0438835620880127,33.76999282836914
3415411537.0,-0.4578116834163666,3.750746250152588,9.582826614379885,1.4249213933944702,0.8401733040809631,33.872989654541016
3415419870.0,-0.0780049264430999,3.6003332138061523,9.771193504333496,1.531630277633667,0.8255988359451294,33.7647705078125
3415428203.0,-0.3309657871723175,3.7420597076416016,9.568212509155272,1.6103941202163696,1.5846774578094482,33.86666488647461
3415436536.0,-0.52060467004776,3.762184619903565,9.786511421203612,1.919225096702576,2.3979811668396,33.86996078491211
3415444869.0,-0.6178651452064514,3.694226264953613,10.221323013305664,1.6058859825134275,1.6188981533050537,33.69340896606445
3415453202.0,-0.6641161441802979,4.086082935333252,9.80949878692627,1.3853728771209717,1.005103588104248,33.68126678466797
3415461535.0,-0.4158388376235962,3.753498554229736,10.015551567077637,1.299949288368225,1.3707983493804932,33.76499938964844
3415469868.0,-0.3831639289855957,3.787335395812988,9.792409896850586,1.2420612573623655,1.45025372505188,33.69684219360352
3415478201.0,-0.4396953582763672,4.0619072914123535,9.835474967956545,1.1496961116790771,1.6481496095657349,33.71379852294922
3415486534.0,-0.3441085815429687,3.635277986526489,10.142607688903809,0.8301838040351868,1.641720414161682,33.79348373413086
3415494867.0,-0.7288236618041992,3.7429256439208975,10.028763771057127,0.5866178274154663,1.99652898311615,33.685829162597656
3415503200.0,-0.3854559957981109,3.6258156299591056,10.337479591369627,1.0200624465942385,2.4754393100738525,33.75785827636719
3415511533.0,-0.2106290012598037,3.5003409385681152,10.640812873840332,1.104666233062744,1.1752078533172607,33.693359375
3415519866.0,-0.4076619446277618,3.605271339416504,9.707368850708008,1.0209845304489136,1.4665189981460571,33.686363220214844
3415528199.0,-0.5057975053787231,3.3776185512542725,9.903545379638672,1.416724681854248,2.831682205200196,33.78113555908203
3415536532.0,-0.5812668204307556,3.426581859588623,10.221602439880373,1.4415193796157837,2.561989545822144,33.84066390991211
3415544865.0,-0.5712759494781494,3.6933672428131104,10.263580322265623,1.705807089805603,1.838130474090576,33.685081481933594
3415553198.0,-0.3921518325805664,3.736280679702759,9.877793312072754,1.8540884256362915,1.527147889137268,33.71274948120117
3415561531.0,-0.4523999989032745,3.9673049449920654,9.759635925292969,1.7417441606521606,2.2548747062683105,33.72977828979492
3415569864.0,-0.3845882415771484,3.671679973602295,10.259778022766112,1.8272188901901243,2.8373169898986816,33.921241760253906
3415578197.0,-0.5311541557312012,3.686272621154785,10.23325538635254,1.7119803428649902,2.39534330368042,33.90631103515625
3415586530.0,-0.6899769306182861,3.972391605377197,10.204086303710938,1.8576483726501465,2.338966131210327,33.89570999145508
3415594863.0,-0.5408195853233337,4.140406608581543,10.242947578430176,1.80147647857666,2.22126841545105,33.927520751953125
3415603196.0,-0.3592199683189392,4.433557987213135,10.26911735534668,1.4856781959533691,2.112971305847168,33.92854690551758
3415611529.0,-0.1017273217439651,4.3124189376831055,10.396527290344238,1.1321759223937988,2.3235464096069336,33.99599075317383
3415619862.0,-0.2239480465650558,4.19831132888794,9.824275970458984,0.9985207319259644,2.5828139781951904,34.06978225708008
3415628195.0,-0.6494330763816833,4.13344669342041,9.883806228637695,0.9364572763442992,3.349525451660156,34.11550521850586
3415636528.0,-0.6938286423683167,3.95497465133667,9.890335083007812,0.7696573734283447,2.988518238067627,34.16839599609375
3415644861.0,-0.7629981637001038,4.200537204742432,9.97561264038086,0.4396431744098663,2.4707772731781006,34.171112060546875
3415653194.0,-0.3754827380180359,3.949195146560669,9.77121925354004,0.5317520499229431,2.491114854812622,34.207767486572266
3415661527.0,-0.3363619744777679,3.581249237060547,9.601624488830566,0.6211458444595337,2.492600440979004,34.15828323364258
3415669860.0,-0.5877237915992737,3.577425241470337,9.26866054534912,0.7680178284645081,2.840928316116333,34.353248596191406
3415678193.0,-0.548309862613678,3.596041440963745,9.524746894836426,1.0490833520889282,2.9792463779449463,34.15426254272461
3415686526.0,-0.6692361235618591,3.8609988689422607,9.515350341796877,1.195545673370361,2.442063808441162,34.094425201416016
3415694859.0,-0.5128493309020996,3.832553148269653,9.453574180603027,1.1960065364837646,2.584299325942993,34.1777229309082
3415703192.0,-0.5633770227432251,3.670928955078125,9.451896667480469,1.1565606594085691,2.912776470184326,34.29856872558594
3415711525.0,-0.7852967381477356,3.9582552909851074,9.405900955200195,1.4825278520584106,3.058086395263672,34.404998779296875
3415719858.0,-0.6666872501373291,3.76015043258667,9.68202304840088,1.581860065460205,2.707401990890503,34.23085021972656
3415728191.0,-0.6585878133773804,3.783787727355957,9.567781448364258,1.67279052734375,2.120348691940308,34.20597457885742
3415736524.0,-0.5661934018135071,3.83702540397644,9.377354621887209,1.4780967235565186,2.5048186779022217,34.197113037109375
3415744857.0,-0.3925624191761017,3.490302085876465,9.50239372253418,1.5433104038238523,2.586886644363404,34.302024841308594
3415753190.0,-0.6555740833282471,3.503791093826294,9.293804168701172,1.7566003799438477,2.566472291946411,34.31593704223633
3415761523.0,-0.6449869871139526,3.242911100387573,9.426657676696776,1.9001426696777344,2.562143087387085,34.451255798339844
3415769856.0,-0.6708731055259705,3.4085257053375244,9.498469352722168,2.290478229522705,2.0629212856292725,34.39067459106445
3415778189.0,-0.7282162308692932,3.674788475036621,9.544814109802246,2.4147074222564697,2.0680439472198486,34.3470344543457
3415786522.0,-0.5546032786369324,3.577772855758667,9.535944938659668,2.3656816482543945,2.225827932357788,34.42343521118164
3415794855.0,-0.813143253326416,3.8546934127807617,9.670260429382324,2.5597097873687744,2.19240140914917,34.482662200927734
3415803188.0,-0.5199875831604004,3.8842577934265137,9.778446197509766,2.46237587928772,1.982082724571228,34.515010833740234
3415811521.0,-0.4734104871749878,4.022714614868164,9.711847305297852,2.2744181156158447,1.3386526107788086,34.45297622680664
3415819854.0,-0.6224338412284851,4.333212375640869,9.521000862121582,2.2483432292938232,2.169963836669922,34.58686447143555
3415828187.0,-0.7759754657745361,3.920451641082764,9.810860633850098,1.968583941459656,2.480843305587769,34.76700210571289
3415836520.0,-0.989977240562439,3.9478213787078857,9.891977310180664,1.842536211013794,1.860235571861267,34.58007049560547
3415844853.0,-0.6567258238792419,3.7745070457458496,9.92210292816162,2.068582057952881,1.1268481016159058,34.746612548828125
3415853186.0,-0.5634896755218506,3.660428047180176,9.777307510375977,1.826322555541992,0.8820526599884033,34.75904083251953
3415861519.0,-0.6206436157226562,4.058074951171875,9.4254732131958,2.18658709526062,1.8634374141693115,34.86516189575195
3415869852.0,-0.7051551342010498,3.923164367675781,10.155447959899902,2.162227869033813,1.7954062223434448,34.85813903808594
3415878185.0,-0.9204463362693788,4.0151686668396,10.031189918518066,1.822787523269653,1.0301798582077026,34.83644104003906
3415886518.0,-0.744750440120697,4.244072437286377,9.867758750915527,1.8825459480285645,1.1083804368972778,35.00957107543945
3415894851.0,-0.4580526649951935,4.239387035369873,9.980111122131348,1.9030627012252808,0.6147165894508362,35.13021469116211
3415903184.0,-0.5349763631820679,4.195826053619385,9.77544116973877,1.7162835597991943,1.0600461959838867,35.2374382019043
3415911517.0,-0.400821328163147,3.856688022613525,9.947213172912598,1.701350450515747,1.1543066501617432,35.52682113647461
3415919850.0,-0.6161315441131592,3.9436380863189697,9.75251293182373,1.626044511795044,0.9926037788391112,35.4908332824707
3415928183.0,-0.7823877334594727,4.196865558624268,9.829484939575195,2.0369741916656494,1.338498830795288,35.51309585571289
3415936516.0,-0.4295797944068908,4.009267330169678,9.864706039428713,1.8250675201416016,0.935048758983612,35.40337371826172
3415944849.0,-0.4691802263259887,4.391629219055176,9.961541175842283,1.6273508071899414,0.7977305054664612,35.5876350402832
3415953182.0,-0.289162129163742,4.182582855224609,9.953810691833496,1.6110858917236328,1.2125279903411863,35.75701904296875
3415961515.0,-0.6173678040504456,4.356452941894531,9.756807327270508,1.7450230121612549,1.421412467956543,35.792579650878906
3415969848.0,-0.7543598413467407,4.302179336547852,9.855463981628418,1.7772964239120483,1.6613664627075195,35.8523063659668
3415978181.0,-0.3593125343322754,4.134092807769775,9.918453216552734,1.5215898752212524,0.626934826374054,35.7688102722168
3415986514.0,-0.2866857647895813,4.4960246086120605,9.61706829071045,1.4207464456558228,0.5213527679443359,35.8516960144043
3415994847.0,-0.1782838255167007,4.445077419281006,9.640863418579102,1.5697698593139648,1.7716103792190552,35.97174453735352
3416003180.0,-0.40657639503479,4.289365291595459,9.913827896118164,1.4927221536636353,2.069811582565308,35.97712707519531
3416011513.0,-0.7072937488555908,4.276390075683594,10.013094902038574,1.29925799369812,1.7601099014282229,36.12871551513672
3416019846.0,-0.4307343363761902,4.159751892089844,9.804608345031738,1.1317918300628662,1.0334330797195437,36.152381896972656
3416028179.0,-0.2710436284542084,4.512495994567871,9.61487102508545,1.2997957468032837,1.2976442575454712,36.19498062133789
3416036512.0,-0.0964350029826164,4.22468376159668,9.63198184967041,1.4200035333633425,2.0401504039764404,36.3188705444336
3416044845.0,-0.4872501194477081,4.000794410705566,9.614354133605955,0.9874809980392456,2.271216869354248,36.34612655639648
3416053178.0,-0.6694027185440063,4.049788475036621,9.665926933288574,1.1153477430343628,2.5381436347961426,36.48324966430664
3416061511.0,-0.3483676016330719,4.176552295684815,10.068801879882812,1.2554062604904177,1.8084182739257808,36.38798141479492
3416069844.0,-0.4192358255386352,4.26264238357544,9.637667655944824,1.1298707723617554,1.7049880027770996,36.36864471435547
3416078177.0,-0.3751111328601837,4.076765060424805,9.63349437713623,1.1511307954788208,2.5750534534454346,36.51534271240234
3416086510.0,-0.5050936341285706,4.0003814697265625,9.783773422241213,1.1631438732147217,2.4480578899383545,36.63260269165039
3416094843.0,-0.6714920997619629,4.158990383148193,9.820724487304688,1.2412159442901611,2.246678352355957,36.68441390991211
3416103176.0,-0.4586197137832641,4.040215492248535,9.695780754089355,1.4088101387023926,2.061615228652954,36.67488479614258
3416111509.0,-0.6665605902671814,4.2696709632873535,9.546712875366213,1.3711059093475342,2.1185555458068848,36.67680740356445
3416119842.0,-0.6161757111549377,4.340267658233643,9.665933609008787,1.437575101852417,2.562297344207764,36.67109680175781
3416128175.0,-0.5997039079666138,4.347403049468994,9.809757232666016,1.3254101276397705,2.2076423168182373,36.656394958496094
3416136508.0,-0.9375487565994264,4.344720363616943,9.561846733093262,1.2021286487579346,2.01282000541687,36.74020385742188
3416144841.0,-0.7072805762290955,4.229085445404053,9.6983003616333,1.2346845865249634,2.1323108673095703,36.82839584350586
3416153174.0,-0.8238595128059387,4.445496559143066,9.729259490966797,1.0856093168258667,1.6813201904296875,36.72166061401367
3416161507.0,-0.8352891206741333,4.441055774688721,9.706335067749023,0.89076167345047,1.7319343090057373,36.69087219238281
3416169840.0,-0.5731791853904724,4.282571792602539,9.713837623596191,0.7694782018661499,1.4815292358398438,36.70611190795898
3416178173.0,-0.6857028603553772,4.445913314819336,9.717169761657717,0.8048258423805237,1.7365446090698242,36.76328659057617
3416186506.0,-0.6802573800086975,4.379585266113281,9.690196990966797,0.888225793838501,1.8160771131515503,36.76976013183594
3416194839.0,-0.6188262701034546,4.483607769012451,9.88390827178955,0.8680161237716675,1.420771837234497,36.65147399902344
3416203172.0,-0.8070921897888184,4.574267864227295,9.88044548034668,0.2988159954547882,1.898990273475647,36.69309997558594
3416211505.0,-0.6701110601425171,4.575121879577637,9.998268127441406,0.375505119562149,1.9038057327270508,36.74824905395508
3416219838.0,-0.7533174753189087,4.471930980682373,9.866384506225586,0.3464841842651367,1.6663105487823486,36.85575485229492
3416228171.0,-0.4078762233257293,4.129767894744873,9.879128456115724,0.1617796719074249,1.40709388256073,36.72908782958984
3416236504.0,-0.3951737582683563,3.967937707901001,9.609064102172852,-0.1837183386087417,1.1171150207519531,36.93608093261719
3416244837.0,-0.560369074344635,4.250707149505615,9.228361129760742,0.2901584208011627,2.358459234237671,36.90964126586914
3416253170.0,-0.500155508518219,3.912073850631714,9.723411560058594,0.3825490772724151,2.241632461547852,36.81978988647461
3416261503.0,-0.4479662179946899,3.783218383789064,9.57017421722412,0.3781690001487732,1.631090760231018,36.76387023925781
3416269836.0,-0.4622918963432312,3.96404767036438,9.516154289245604,0.4461748898029327,2.0014219284057617,36.85659408569336
3416278169.0,-0.3086555004119873,3.912945508956909,9.570104598999023,1.0056415796279907,2.5032050609588623,36.9365348815918
3416286502.0,-0.6908168792724609,3.975348234176636,9.857876777648926,1.1577646732330322,2.876737833023072,36.90628433227539
3416294835.0,-0.530628502368927,3.7506508827209473,9.822023391723633,1.152180790901184,2.695901393890381,36.897422790527344
3416303168.0,-0.4132726490497589,3.767910957336426,9.795506477355955,1.165346622467041,2.155824422836304,36.951568603515625
3416311501.0,-0.3579155802726745,3.971835136413574,9.35321044921875,1.302178144454956,2.720440149307251,37.05769729614258
3416319834.0,-0.3548838198184967,3.702928304672241,9.663419723510742,1.4424163103103638,3.746009588241577,37.108211517333984
3416328167.0,-0.5383700728416443,3.781452655792236,9.825462341308594,1.543054461479187,3.4594881534576416,37.0084114074707
3416336500.0,-0.5695947408676147,3.9182448387146,10.032099723815918,1.4347832202911377,3.338512420654297,37.13021087646485
3416344833.0,-0.5955240726470947,4.0586419105529785,9.970684051513672,1.5959224700927734,3.437767744064331,37.16614532470703
3416353166.0,-0.8623416423797607,4.306238651275635,9.850785255432127,1.4705405235290527,3.862221002578736,37.12531280517578
3416361499.0,-0.7891896367073059,4.285454273223877,10.000359535217283,1.3182125091552734,3.8631691932678223,37.19828796386719
3416369832.0,-0.6412312984466553,4.28754997253418,9.984188079833984,1.2143723964691162,2.7786612510681152,37.195987701416016
3416378165.0,-0.6981673240661621,4.432079792022705,9.556629180908203,0.9201157093048096,3.1154887676239014,37.27183151245117
3416386498.0,-0.8220260143280029,4.331092834472656,9.700790405273438,0.7329778671264648,4.157989978790283,37.27378082275391
3416394831.0,-1.147282600402832,4.339853286743164,9.759390830993652,0.8000872135162354,4.234473705291748,37.30699920654297
3416403164.0,-0.9859737753868104,4.083034515380859,9.965341567993164,0.7849236130714417,3.298579692840576,37.3540267944336
3416411497.0,-0.8239908218383789,3.767961025238037,9.73464012145996,0.7805178761482239,2.357792854309082,37.28581237792969
3416419830.0,-0.964261829853058,4.113980293273926,9.219883918762209,0.8882258534431458,3.2545485496521,37.25602722167969
3416428163.0,-1.0973061323165894,4.031444072723389,9.790874481201172,1.3789952993392944,3.840116500854492,37.33522415161133
3416436496.0,-1.1208975315093994,3.867095232009888,9.765585899353027,1.3122190237045288,2.736295461654663,37.2224235534668
3416444829.0,-1.1018115282058716,3.939107894897461,9.593085289001465,1.224105715751648,2.245602607727051,37.17795181274414
3416453162.0,-0.7181484699249268,4.392140865325928,9.596963882446287,1.4475902318954468,2.4833288192749023,37.15641403198242
3416461495.0,-0.8665668964385986,4.828850746154785,9.718905448913574,1.6591639518737793,2.959933280944824,37.14554977416992
3416469828.0,-1.023704171180725,4.74716854095459,9.989360809326172,1.201129674911499,3.322784662246704,37.23033142089844
3416478161.0,-1.1325043439865112,4.554686069488525,9.974090576171877,0.8584621548652649,2.683786153793335,37.078983306884766
3416486494.0,-1.26361083984375,4.299493789672852,9.866527557373049,0.8919399380683899,2.451003074645996,37.00963973999024
3416494827.0,-0.927060604095459,3.9463508129119873,9.926502227783203,0.8590512871742249,2.349468469619751,37.22336959838867
3416503160.0,-0.7784683704376221,4.014461994171143,9.484630584716797,1.0303338766098022,1.6896708011627195,37.14224624633789
3416511493.0,-0.8346571326255798,4.234323501586914,9.597307205200195,1.025851488113403,2.332998514175415,37.16519927978516
3416519826.0,-0.7293841242790222,4.02846622467041,9.527600288391112,0.9819998145103456,2.251007318496704,37.15746688842773
3416528159.0,-0.9062737226486206,4.17985725402832,9.553728103637695,1.0742111206054688,2.2358434200286865,37.09949493408203
3416536492.0,-0.9401596188545228,4.29439115524292,9.677597999572754,1.0791034698486328,2.4763362407684326,37.15065383911133
3416544825.0,-0.8441804051399231,4.326281547546387,9.730544090270996,1.1205984354019165,2.269141912460327,37.176544189453125
3416553158.0,-0.9115687608718872,4.574132442474365,9.911730766296388,1.1628365516662598,2.1224493980407715,37.08151626586914
3416561491.0,-0.7892901301383972,4.521702766418457,10.066010475158691,0.9493159651756288,2.368858814239502,37.3819465637207
3416569824.0,-0.7291747331619263,4.434228420257568,9.817262649536133,0.8319258689880371,1.9337234497070312,37.179107666015625
3416578157.0,-0.7432364821434021,4.268579006195068,9.601019859313965,0.5994250178337097,2.185255765914917,37.21110153198242
3416586490.0,-0.4507626891136169,3.981814384460449,9.70429801940918,0.4813432991504669,2.2479846477508545,37.31593704223633
3416594823.0,-0.4794191122055053,4.079156875610352,9.515844345092772,0.5892817378044128,2.297266721725464,37.37520980834961
3416603156.0,-0.7339544892311096,3.9673147201538086,9.61772346496582,0.7154578566551208,2.882450580596924,37.56647872924805
3416611489.0,-0.7206928730010986,3.8953585624694815,9.685049057006836,0.8311829566955566,2.8599867820739746,37.479434967041016
3416619822.0,-0.9534441828727722,3.875117301940918,9.742719650268556,0.8391745686531067,2.5152437686920166,37.699100494384766
3416628155.0,-0.8558553457260132,4.125512599945068,9.561975479125977,0.9181177616119384,2.4812793731689453,37.72379302978516
3416636488.0,-0.6588679552078247,4.18954610824585,9.782272338867188,1.0345089435577393,2.154441595077514,37.730838775634766
3416644821.0,-0.7793327569961548,4.283895969390869,9.55739402770996,0.931847095489502,2.307384490966797,37.934967041015625
3416653154.0,-0.707760214805603,4.016899108886719,9.598129272460938,1.0158874988555908,2.3967268466949463,37.97100067138672
3416661487.0,-0.8115516901016235,4.0570831298828125,9.459535598754885,0.9823582768440248,2.223266839981079,38.075321197509766
3416669820.0,-0.951424479484558,4.1381683349609375,9.5753812789917,0.9796688556671144,2.367372989654541,38.11441421508789
3416678153.0,-0.7971280217170715,4.193531513214111,9.744956970214844,0.966887354850769,2.1484735012054443,38.10849380493164
3416686486.0,-0.9430747032165528,4.261707305908203,9.633675575256348,1.0561531782150269,1.8107751607894893,38.190208435058594
3416694819.0,-0.9663548469543456,4.187232494354248,9.688923835754396,1.0351238250732422,1.7690236568450928,38.1715087890625
3416703152.0,-0.8359721302986145,4.022679805755615,9.464006423950195,1.0158363580703735,1.450407862663269,38.31745910644531
3416711485.0,-1.0423425436019895,4.128642559051514,9.633298873901367,0.9861493110656738,1.202769160270691,38.16789245605469
3416719818.0,-0.7613745331764221,4.305938720703125,9.496709823608398,1.1059985160827637,1.333478927612305,38.190696716308594
3416728151.0,-0.6191408634185791,4.229354381561279,9.681516647338867,1.1612995862960815,0.7647908329963684,38.295684814453125
3416736484.0,-0.7327331900596619,4.261893272399902,9.585171699523926,1.1518990993499756,1.123749017715454,38.43505096435547
3416744817.0,-0.7818271517753601,4.106167793273926,9.669089317321776,0.9763133525848388,1.3250004053115845,38.38051986694336
3416753150.0,-0.9085887670516968,4.416464805603027,9.731512069702148,1.2101460695266724,1.0723413228988647,38.24686813354492
3416761483.0,-0.691801130771637,4.313828945159912,9.937849044799805,1.1652443408966064,0.9357917308807372,38.20065689086914
3416769816.0,-0.2203389108180999,4.127213954925537,9.865833282470703,1.013761281967163,0.4515538513660431,38.16765975952149
3416778149.0,-0.3288877308368683,4.337986946105957,9.62932586669922,1.1430622339248655,0.8703985214233398,38.29023361206055
3416786482.0,-0.4843624830245971,4.232853412628174,9.681385040283203,1.1857357025146484,1.829294204711914,38.26766586303711
3416794815.0,-0.4048157930374145,4.1281046867370605,9.745122909545898,1.2213393449783323,1.2862459421157837,38.15946960449219
3416803148.0,-0.5098665952682495,4.10587739944458,9.721245765686035,1.1864529848098757,1.031691551208496,37.986473083496094
3416811481.0,-0.2221663445234298,4.066041946411133,9.559747695922852,1.226692795753479,1.347182273864746,38.05931854248047
3416819814.0,-0.3757643699645996,4.133742809295654,9.539636611938477,1.4967185258865356,1.677273511886597,37.88247680664063
3416828147.0,-0.6517387628555298,3.948802947998047,9.623124122619627,1.6484315395355225,2.329079389572144,37.98505401611328
3416836480.0,-0.5948638319969177,3.879504442214966,9.822257041931152,1.6484317779541016,1.5847034454345703,37.9565544128418
3416844813.0,-0.6263307332992554,4.16840124130249,9.744539260864258,1.7586755752563477,1.002158284187317,37.8302001953125
3416853146.0,-0.5292671918869019,4.268130302429199,9.72415542602539,1.8603384494781487,1.702734112739563,37.83185958862305
3416861479.0,-0.2977756261825561,3.975730180740357,9.837641716003418,1.6848808526992798,1.898452639579773,37.85150909423828
3416869812.0,-0.4988204538822174,4.327991485595703,9.949470520019531,1.8072917461395264,1.8321630954742432,37.890419006347656
3416878145.0,-0.3853692412376404,4.126145362854004,9.907818794250488,1.8162310123443604,1.935721516609192,37.89815521240234
3416886478.0,-0.4576673805713653,4.083913803100586,9.940263748168944,1.8310099840164185,1.9408185482025144,37.77727890014648
3416894811.0,-0.6317971348762512,4.213157176971436,9.711411476135254,1.8731714487075808,2.3857901096343994,37.87904739379883
3416903144.0,-0.3575345873832702,4.237947940826416,10.177059173583984,1.7181792259216309,1.8870540857315063,37.97709274291992
3416911477.0,-0.5408999919891357,4.238709926605225,9.871214866638184,1.5808870792388916,1.4990237951278689,37.92886734008789
3416919810.0,-0.433813601732254,4.17536211013794,9.592384338378906,1.757548689842224,2.3506979942321777,38.02094650268555
3416928143.0,-0.2985427379608154,3.527968406677246,10.134658813476562,1.6334221363067627,2.2986502647399902,38.196102142333984
3416936476.0,-0.7341364026069641,3.8392891883850098,9.36503791809082,1.7840596437454224,2.0436604022979736,38.23652648925781
3416944809.0,-0.481144905090332,3.915227651596069,9.928251266479492,2.0848734378814697,2.511197090148926,38.21725845336914
3416953142.0,-0.3323786854743957,3.8507466316223145,9.922164916992188,2.0707600116729736,1.87427306175232,38.20940017700195
3416961475.0,-0.4338227212429046,4.0329999923706055,9.551815032958984,2.2714476585388184,2.0040600299835205,38.328369140625
3416969808.0,-0.34146848320961,3.806306600570679,9.867034912109377,2.393935203552246,2.60868501663208,38.57457733154297
3416978141.0,-0.3914494216442108,4.189694404602051,9.650169372558594,2.675948143005371,2.094555616378784,38.53515625
3416986474.0,-0.5012916326522827,4.443933963775635,9.635117530822754,2.474773645401001,2.365272521972656,38.50669860839844
3416994807.0,-0.2133939415216446,4.355879783630371,9.99309253692627,2.3334856033325195,2.610682964324951,38.53203201293945
3417003140.0,-0.1706361919641494,4.425106048583984,9.800060272216797,2.322163820266724,2.036513566970825,38.529335021972656
3417011473.0,-0.2249743938446045,4.390966892242432,9.696443557739258,2.348418712615967,2.770080804824829,38.64775848388672
3417019806.0,-0.3624862134456634,4.264951705932617,9.50338077545166,2.312097549438477,2.685912132263184,38.70508575439453
3417028139.0,-0.6477053165435791,4.523741245269775,9.65973949432373,2.006621599197388,3.04182243347168,38.693321228027344
3417036472.0,-0.4227887392044067,4.395771503448486,10.03268051147461,2.0185062885284424,2.91408371925354,38.58663558959961
3417044805.0,-0.2997820973396301,4.259693145751953,10.040644645690918,1.951551079750061,2.208078145980835,38.708797454833984
3417053138.0,-0.6595918536186218,4.608354091644287,9.6732759475708,2.1348211765289307,2.9506866931915283,38.71286392211914
3417061471.0,-0.6546767354011536,4.442709922790527,9.873282432556152,1.9803155660629272,3.210568904876709,38.66929244995117
3417069804.0,-0.7859909534454346,4.417946815490723,9.876913070678713,1.812901258468628,2.2449371814727783,38.578392028808594
3417078137.0,-0.4116686582565307,4.243357181549072,9.719483375549316,1.8480180501937864,1.9776523113250728,38.55513381958008
3417086470.0,-0.310217797756195,4.217526912689209,9.650495529174805,1.886900782585144,2.175394296646118,38.623268127441406
3417094803.0,-0.7062023282051086,4.649338722229004,9.374794960021973,2.2003936767578125,3.176015615463257,38.60100936889648
3417103136.0,-0.6639601588249207,4.5067315101623535,10.05828094482422,2.134129524230957,2.942617893218994,38.58033752441406
3417111469.0,-0.7562313079833984,4.665946006774902,9.887064933776855,1.5759432315826416,1.7480711936950684,38.39726638793945
3417119802.0,-0.6628134846687317,4.885799884796143,9.857277870178224,1.561958074569702,2.107055425643921,38.44309997558594
3417128135.0,-0.3534591495990753,4.688995838165283,9.83686637878418,1.569642186164856,2.342808961868286,38.29998779296875
3417136468.0,-0.454825609922409,4.721149444580078,9.742260932922363,1.543771743774414,2.0217597484588623,38.34565734863281
3417144801.0,-0.3295346200466156,4.34832239151001,9.545736312866213,1.231662034988403,2.088536024093628,38.20537567138672
3417153134.0,-0.3721801042556762,4.187139987945557,9.554472923278809,1.1286414861679075,2.114739418029785,38.16820526123047
3417161467.0,-0.7901538610458374,4.3360514640808105,9.473422050476074,1.281379461288452,3.097712755203247,38.164772033691406
3417169800.0,-0.4568735957145691,4.54358434677124,10.15921115875244,1.635624647140503,2.6859633922576904,38.15526580810547
3417178133.0,-0.5269734263420105,4.582526683807373,9.87581729888916,1.333427667617798,1.234659194946289,37.98173522949219
3417186466.0,-0.5304139256477356,4.676741123199463,9.317397117614746,1.020293116569519,2.188969850540161,38.19633102416992
3417194799.0,-0.487729400396347,4.390405178070068,9.747644424438477,0.98645681142807,3.028733730316162,38.25703430175781
3417203132.0,-0.6924445629119873,4.364597797393799,9.84263801574707,1.023776650428772,2.4119160175323486,38.25262451171875
3417211465.0,-0.5817233324050903,4.152437210083008,9.780707359313965,0.9520823955535888,1.9260393381118768,38.33745956420898
3417219798.0,-0.2526811957359314,4.410213470458984,9.7570161819458,1.063043236732483,1.5859330892562866,38.298072814941406
3417228131.0,-0.4733826518058777,4.491392612457275,9.397045135498049,1.2141674757003784,2.231796741485596,38.25862121582031
3417236464.0,-0.3499788343906402,4.045477390289307,9.82103157043457,1.0211129188537598,2.8429534435272217,38.56158828735352
3417244797.0,-0.6232149600982666,4.248228549957275,9.7635498046875,0.9884033203125,1.9682769775390625,38.4154052734375
3417253130.0,-0.6868829727172852,4.444225788116455,9.690610885620115,1.4468988180160522,2.1712958812713623,38.497840881347656
3417261463.0,-0.2947007119655609,4.062690734863281,9.868865966796877,1.5607798099517822,1.7511963844299316,38.590633392333984
3417269796.0,-0.4331900775432586,4.193792819976807,9.53830623626709,1.286066651344299,1.5173122882843018,38.61609649658203
3417278129.0,-0.3684987127780914,4.292905330657959,9.399359703063965,1.311834692955017,2.2889420986175537,38.64207077026367
3417286462.0,-0.3547953367233276,4.122134685516357,9.741744995117188,1.4863961935043335,2.317732810974121,38.70856857299805
3417294795.0,-0.6226486563682556,4.012835502624512,9.708746910095217,1.887438535690308,2.0418412685394287,38.69905471801758
3417303128.0,-0.4024562835693359,3.73299503326416,9.894500732421877,1.6830878257751465,1.92752468585968,38.75853729248047
3417311461.0,-0.5022822022438049,4.301665306091309,9.67789077758789,1.993456244468689,1.522127985954285,38.73015594482422
3417319794.0,-0.4038917422294616,4.593084812164307,9.77450466156006,2.059233427047729,2.0921223163604736,38.91619491577149
3417328127.0,-0.2685170471668243,4.337312698364258,10.099568367004396,1.831727147102356,1.760878324508667,38.66875457763672
3417336460.0,-0.562644898891449,4.190763473510742,9.700387001037598,1.7379536628723145,1.6909770965576172,38.8444709777832
3417344793.0,-0.4061579704284668,4.068560123443604,9.992999076843262,1.7769895792007446,1.6540411710739136,38.80064010620117
3417353126.0,-0.4392952620983124,4.415064334869385,9.789521217346191,1.7762724161148071,1.0467782020568848,38.71919250488281
3417361459.0,-0.3394006788730621,4.35132360458374,9.584632873535156,1.6977394819259644,1.6218441724777222,38.6417350769043
3417369792.0,-0.1441540867090225,4.083555221557617,9.880187034606934,1.526098132133484,1.658908128738403,38.65423583984375
3417378125.0,-0.4059585630893707,4.29805850982666,9.688737869262695,1.607295274734497,1.7118526697158811,38.70671844482422
3417386458.0,-0.4903557300567627,4.069188594818115,9.787789344787598,1.606040120124817,1.834826827049256,38.650367736816406
3417394791.0,-0.5176486968994141,4.166823387145996,9.72905731201172,1.6782468557357788,1.4216431379318235,38.45285415649414
3417403124.0,-0.4284502267837524,4.408908367156982,9.644675254821776,1.5295305252075195,1.1539740562438965,38.45334243774414
3417411457.0,-0.0201371554285287,4.326325416564941,9.89752960205078,1.575149416923523,0.9841514229774476,38.19548797607422
3417419790.0,-0.1588829904794693,4.547746658325195,9.494720458984377,1.2949291467666626,1.230099320411682,38.07829666137695
3417428123.0,-0.1037732809782028,4.458393096923828,9.67588996887207,1.2904468774795532,1.835185408592224,37.93938827514648
3417436456.0,-0.184208258986473,4.399867534637451,9.819830894470217,1.1907048225402832,1.4091944694519043,37.80330276489258
3417444789.0,-0.4176071286201477,4.616171360015869,9.620159149169922,1.0571264028549194,1.479761838912964,37.57185363769531
3417453122.0,-0.2306781411170959,4.354020595550537,9.902106285095217,0.8433753848075867,1.7438194751739502,37.54985046386719
3417461455.0,-0.3466884195804596,4.665990829467773,9.724827766418455,0.6349008679389954,1.5871623754501345,37.30564498901367
3417469788.0,-0.3258227705955505,4.59123420715332,9.880176544189451,0.7088236212730408,1.8105700016021729,37.24355316162109
3417478121.0,-0.0705601200461387,4.491612434387207,9.951916694641112,0.5859774947166443,1.3823763132095337,37.10264587402344
3417486454.0,-0.3159674704074859,4.6607279777526855,9.730433464050291,0.2802968919277191,1.5053503513336182,36.92116928100586
3417494787.0,-0.0575355291366577,4.500202178955078,9.776219367980955,0.2760961949825287,2.138509511947632,36.923526763916016
3417503120.0,0.0047069834545254,4.518766403198242,9.75717067718506,0.2038639634847641,1.5811175107955933,36.83439254760742
3417511453.0,-0.0077295219525694,4.618725776672363,9.568340301513672,-0.1218086183071136,1.821635127067566,36.76543426513672
3417519786.0,-0.0100096184760332,4.616955280303955,9.70012664794922,-0.3857123255729675,2.1353328227996826,36.62311553955078
3417528119.0,-0.3692386746406555,4.896981239318848,9.55949592590332,-0.4589691460132599,2.546288251876831,36.57099533081055
3417536452.0,-0.3029294013977051,4.652515411376953,9.997084617614746,-0.7179807424545288,2.5898327827453613,36.43555068969727
3417544785.0,-0.1045847758650779,4.4603142738342285,9.983037948608398,-0.9282224774360656,1.575840711593628,36.30245590209961
3417553118.0,-0.2690191268920898,4.501998901367188,9.46108055114746,-1.04976224899292,2.1951167583465576,36.27814865112305
3417561451.0,-0.0860602557659149,4.19215726852417,9.964507102966309,-0.7938757538795471,2.7292253971099854,36.3518180847168
3417569784.0,-0.2111473679542541,4.16871452331543,9.604012489318848,-1.0014281272888184,2.170450687408448,36.1882209777832
3417578117.0,-0.016124976798892,4.120021820068359,9.577942848205566,-0.937084972858429,2.400184392929077,36.04999923706055
3417586450.0,0.2726357877254486,3.850525379180908,9.519371032714844,-0.9724582433700562,2.199624538421631,35.96600341796875
3417594783.0,-0.0874565914273262,4.140702724456787,9.271540641784668,-1.1695600748062134,2.912034511566162,35.96824264526367
3417603116.0,0.075211226940155,3.827126026153565,9.786128044128418,-0.711628258228302,3.5826668739318848,36.085731506347656
3417611449.0,-0.2230640649795532,3.8230834007263184,9.74424648284912,-0.7491532564163208,2.6434175968170166,36.00999450683594
3417619782.0,-0.3347534835338592,3.844845771789551,9.399343490600586,-0.5734393000602722,2.8019697666168213,36.011474609375
3417628115.0,-0.0638697072863578,3.6068036556243896,9.601442337036133,-0.7121661901473999,2.9090116024017334,35.80563735961914
3417636448.0,-0.1031288653612136,3.843151807785034,9.468918800354004,-0.6164199709892273,2.9621102809906006,35.733150482177734
3417644781.0,0.2439234256744384,3.701528787612915,9.65822410583496,-0.3769266903400421,2.9780166149139404,35.6627082824707
3417653114.0,0.2133299112319946,3.736147880554199,9.439184188842772,-0.3667578399181366,2.7066335678100586,35.56558609008789
3417661447.0,-0.2832950353622436,3.784713268280029,9.266386985778809,-0.3502878248691559,3.978894233703613,35.5201416015625
3417669780.0,-0.1806130558252334,3.4641146659851074,9.842815399169922,-0.2849714756011963,4.158578395843506,35.40895462036133
3417678113.0,-0.3827157318592071,3.665984153747559,10.014575958251951,-0.1792101711034774,3.112004280090332,35.12975311279297
3417686446.0,-0.1624196171760559,3.657007932662964,9.589463233947754,-0.114303633570671,3.196019411087036,35.069427490234375
3417694779.0,-0.2665070295333862,3.758751630783081,9.789554595947266,0.0040214392356574,3.450113296508789,34.8411865234375
3417703112.0,-0.5354189872741699,3.726879358291626,9.80996036529541,-0.18694569170475,3.81813907623291,34.675048828125
3417711445.0,-0.2148868590593338,3.341970443725586,10.195385932922363,-0.4813304245471954,3.048558235168457,34.41762924194336
3417719778.0,-0.4143420159816742,3.4668259620666504,9.64999008178711,-0.4118388891220093,2.336404800415039,34.171470642089844
3417728111.0,-0.2911318242549896,3.4046425819396973,9.318069458007812,0.0099639473482966,3.3260886669158936,34.135536193847656
3417736444.0,-0.3385603129863739,3.3880860805511475,9.916865348815918,-0.0135627510026097,2.99545955657959,33.95119094848633
3417744777.0,-0.5726817846298218,3.7423365116119385,9.84216594696045,-0.4286162853240967,2.6861164569854736,33.76935577392578
3417753110.0,-0.3758114278316498,3.7105965614318848,10.119048118591309,-0.479434996843338,2.6624233722686768,33.43995666503906
3417761443.0,-0.5793628692626953,3.7025654315948486,10.020757675170898,-0.5046393275260925,2.24514102935791,33.32733154296875
3417769776.0,-0.4133681952953338,3.172752857208252,9.771164894104004,-0.506970226764679,2.429025650024414,33.10643005371094
3417778109.0,-0.1304440647363662,2.627889633178711,10.02149486541748,-0.654175341129303,1.4918768405914309,32.823394775390625
3417786442.0,-0.4086053073406219,3.2020792961120605,9.591523170471191,-0.2302593886852264,1.6698192358016968,32.63374710083008
3417794775.0,-0.4132793247699737,3.4053823947906494,10.02903175354004,0.1323744803667068,2.396470069885254,32.22916793823242
3417803108.0,-0.6766067147254944,3.4975147247314453,10.487430572509766,-0.0559543520212173,2.2494187355041504,31.87686920166016
3417811441.0,-0.4380320608615875,3.481285572052002,10.19759464263916,-0.1959106475114822,1.3238728046417236,31.716854095458984
3417819774.0,-0.0256897062063217,3.239530563354492,10.29459285736084,-0.2739573121070862,0.5318032503128052,31.433971405029297
3417828107.0,-0.2221576869487762,3.345589399337769,9.545172691345217,0.0205938648432493,1.2708770036697388,31.45157051086425
3417836440.0,-0.2827340364456177,3.105785608291626,9.887632369995115,0.0987941846251487,2.4124531745910645,31.34388542175293
3417844773.0,-0.5246760249137878,3.145296096801758,10.358208656311035,-0.0183269996196031,1.482962965965271,31.01791381835937
3417853106.0,-0.3052528798580169,3.1937177181243896,10.25185775756836,-0.1185299605131149,0.8090261816978455,30.632061004638672
3417861439.0,0.1050979420542717,3.0907459259033203,10.435067176818848,-0.1670689582824707,0.6348236203193665,30.327789306640625
3417869772.0,-0.1568596512079239,3.4778056144714355,10.036368370056152,-0.118683636188507,1.308914065361023,29.99193382263184
3417878105.0,-0.2589367926120758,3.349716901779175,10.29633903503418,-0.1261886209249496,1.9624614715576167,29.83207321166992
3417886438.0,-0.4171732664108276,3.3087475299835205,10.507359504699709,-0.3141972422599792,0.9003666639328003,29.58072280883789
3417894771.0,-0.3274059891700744,3.189493656158448,10.04939079284668,-0.5314574241638184,0.4616457223892212,29.373607635498047
3417903104.0,-0.1032632067799568,3.113975524902344,10.115995407104492,-0.5835311412811279,0.2667468190193176,29.24896812438965
3417911437.0,-0.2985462844371795,3.551814079284668,9.747458457946776,-0.7158032059669495,0.6292397975921631,29.0615234375
3417919770.0,-0.3936230838298797,3.505603551864624,10.216418266296388,-0.9943581819534302,1.1835321187973022,28.808683395385746
3417928103.0,-0.691260039806366,3.3968777656555176,10.21325397491455,-1.5541319847106934,0.3471499681472778,28.45768928527832
3417936436.0,-0.5641524195671082,3.380398988723755,9.994626998901367,-1.7250304222106934,-0.175393596291542,28.103832244873047
3417944769.0,-0.1234428659081459,3.021259069442749,9.890925407409668,-1.95320212841034,-0.9900805354118348,27.89479255676269
3417953102.0,-0.4281599819660187,3.150791883468628,9.237037658691406,-2.037677764892578,-0.617213785648346,27.60186767578125
3417961435.0,-0.2240597456693649,2.5503838062286377,9.485605239868164,-2.018160104751587,-0.1195032969117164,27.363807678222656
3417969768.0,-0.1456504166126251,2.239971876144409,9.809030532836914,-2.067185878753662,-0.8599345684051514,26.92099380493164
3417978101.0,-0.0845424383878707,2.179626703262329,9.401782989501951,-1.6617757081985474,-1.1438043117523191,26.645978927612305
3417986434.0,0.036602821201086,2.04577374458313,9.33893585205078,-1.3041239976882937,-1.129025101661682,26.40582275390625
3417994767.0,-0.3032365441322326,2.0723321437835693,9.038097381591797,-0.9997239112854004,-0.6749609708786011,26.10392570495605
3418003100.0,0.0212606787681579,1.680231690406799,9.642390251159668,-0.8260083794593811,-1.0331509113311768,25.95987892150879
3418011433.0,0.0780473574995994,1.7068521976470947,9.4243745803833,-0.5299332141876221,-2.117299318313598,25.70952033996582
3418019766.0,0.0317411720752716,1.7595633268356323,8.9750337600708,0.0604112036526203,-1.4213601350784302,25.557933807373047
3418028099.0,0.2592905163764953,1.6903280019760132,9.241782188415527,0.7086822986602783,-1.369926929473877,25.318470001220703
3418036432.0,0.0929795801639556,1.7999944686889648,9.178855895996094,0.6348106265068054,-1.7790119647979736,25.03522300720215
3418044765.0,0.2142031043767929,1.40862238407135,9.525985717773438,0.6148571372032166,-1.3582979440689087,24.947290420532227
3418053098.0,0.2326607853174209,1.950547337532044,9.694661140441896,1.0326768159866333,-1.230482816696167,24.59778213500977
3418061431.0,0.4206476509571075,2.024845600128174,9.966062545776367,1.277343988418579,-0.9310266971588136,24.423810958862305
3418069764.0,0.4295022785663605,2.1507956981658936,9.887045860290527,1.3963991403579712,-1.5352154970169067,24.05527305603028
3418078097.0,0.2266927063465118,1.868490219116211,9.540715217590332,1.2035750150680542,-0.7867159247398376,23.90094757080078
3418086430.0,0.4418875277042389,1.6325607299804688,10.19374179840088,1.3419687747955322,-0.7316453456878662,23.88483619689941
3418094763.0,0.2348531633615493,1.9851247072219849,9.844478607177734,1.5742899179458618,-1.5216140747070312,23.39511489868164
3418103096.0,0.44270059466362,2.075552463531494,9.587935447692873,1.708354949951172,-1.376816987991333,23.193790435791016
3418111429.0,0.6569250226020813,1.951445817947388,9.732168197631836,1.6731096506118774,-1.4139574766159058,22.78549766540528
3418119762.0,0.6591943502426147,1.978083133697509,9.49391746520996,1.1994510889053345,-0.44233238697052,22.715930938720703
3418128095.0,0.7998219132423401,1.7949230670928955,10.290064811706545,1.3901747465133667,-0.2138277143239975,22.4201602935791
3418136428.0,0.2856416404247284,2.113927364349365,9.855142593383787,1.3882793188095093,-0.1163142845034599,22.0771598815918
3418144761.0,0.4348736107349396,2.081666946411133,10.088452339172363,1.6760298013687134,0.2221651822328567,21.855600357055664
3418153094.0,0.5698386430740356,2.1885359287261963,10.348182678222656,1.2586711645126345,-0.5459164977073669,21.516132354736328
3418161427.0,0.6227591037750244,2.1770973205566406,9.898996353149414,1.069894313812256,-0.077303797006607,21.31936454772949
3418169760.0,0.6497765779495239,2.057039260864258,10.14039134979248,1.040412187576294,0.6938770413398743,21.08319854736328
3418178093.0,0.3195453584194183,2.237812042236328,9.809359550476074,1.1696362495422363,1.1818541288375854,20.872604370117188
3418186426.0,0.5693840980529785,1.9150197505950928,10.042620658874512,1.2244504690170288,0.3303084969520569,20.5373592376709
3418194759.0,0.5144887566566467,1.7561769485473633,9.78854274749756,0.7868567705154419,-0.2078339755535125,20.08726692199707
3418203092.0,0.6056663393974304,1.7111223936080933,9.50047492980957,0.9528883695602416,1.035417556762695,20.051868438720703
3418211425.0,0.486743152141571,1.9293066263198853,10.207368850708008,1.294812798500061,1.576390027999878,19.75469017028809
3418219758.0,0.1866224408149719,1.9711273908615112,9.992799758911133,1.350114107131958,1.462406873703003,19.4617919921875
3418228091.0,0.3595427870750427,1.50886070728302,10.277453422546388,1.277907371520996,0.9009937644004822,19.0195369720459
3418236424.0,0.3698091804981231,1.7823973894119265,10.22386074066162,1.1732219457626345,0.8958452939987183,18.812650680541992
3418244757.0,0.5354223251342773,1.884426236152649,10.26890468597412,1.4386368989944458,1.6844056844711304,18.79556655883789
3418253090.0,0.6923816204071045,1.9894070625305176,10.44261360168457,1.4125357866287231,1.4451682567596436,18.316553115844727
3418261423.0,0.6690281629562378,2.122068166732788,10.004030227661133,1.4366639852523804,1.2665855884552002,18.16283798217773
3418269756.0,0.692937970161438,1.947940468788147,10.030522346496582,0.905604362487793,1.6501336097717283,17.951858520507812
3418278089.0,0.2550442218780517,2.2542924880981445,10.030404090881348,0.7780967354774475,2.6452982425689697,17.741487503051758
3418286422.0,0.502993643283844,2.0723888874053955,10.543268203735352,0.8364458680152893,2.821318864822388,17.658702850341797
3418294755.0,0.4181223511695862,2.0700252056121826,10.801819801330566,0.2329487055540084,1.4690150022506714,17.42786407470703
3418303088.0,0.3436892926692962,1.960490584373474,10.241455078125,0.2146601676940918,2.0429022312164307,17.154794692993164
3418311421.0,0.4822084903717041,1.8340702056884768,10.421441078186035,0.1221927553415298,2.6946825981140137,16.982410430908203
3418319754.0,0.270127534866333,2.144398927688598,10.596104621887209,0.0257038902491331,2.569453716278076,16.712509155273438
3418328087.0,0.3858157098293304,1.999998927116394,10.528152465820312,-0.235958382487297,2.2120845317840576,16.42678451538086
3418336420.0,0.5237134099006653,2.029709815979004,9.866466522216797,-0.2318088561296463,2.078121900558472,16.107425689697266
3418344753.0,0.5413500070571899,1.5807944536209106,9.77308750152588,0.0263698603957891,2.464333295822144,16.117542266845703
3418353086.0,0.3958298563957214,1.3781917095184326,9.844024658203123,-0.3429234325885772,2.6618447303771973,15.963523864746094
3418361419.0,-0.3487387597560882,1.432038187980652,9.46334743499756,-0.1609342694282531,3.005075454711914,15.891958236694336
3418369752.0,-0.1946251839399337,1.1885559558868408,9.812898635864258,0.3963419198989868,2.63733172416687,15.69882583618164
3418378085.0,-0.1041052788496017,1.0456585884094238,9.682679176330566,0.2973684966564178,1.0897961854934692,15.287128448486328
3418386418.0,0.1826347261667251,0.7151774764060974,9.40887451171875,0.4805871546268463,1.0961230993270874,14.997841835021973
3418394751.0,0.0017263875342905,1.041529655456543,9.498337745666504,0.864672839641571,2.103940963745117,14.80706787109375
3418403084.0,-0.0958374515175819,1.6023861169815063,9.900065422058104,1.111133098602295,2.668120622634888,14.688806533813477
3418411417.0,0.1196060106158256,1.432421326637268,10.393684387207031,1.145737648010254,0.858883798122406,14.228182792663574
3418419750.0,0.2006319612264633,1.2462724447250366,9.723560333251951,0.6066604256629944,0.2789518535137176,14.01591968536377
3418428083.0,0.5734295845031738,0.8947633504867554,9.55158805847168,0.9177455306053162,1.007753849029541,13.931394577026367
3418436416.0,0.08865936845541,0.9952982068061828,9.699418067932127,1.3627160787582395,1.6642470359802246,13.85987949371338
3418444749.0,-0.0746998786926269,1.0667542219161987,9.785545349121094,1.5615850687026978,1.711633324623108,13.719000816345217
3418453082.0,-0.01620564609766,0.9467290043830872,10.208159446716309,1.3206061124801636,0.2386606633663177,13.425458908081056
3418461415.0,0.1079397052526474,0.9670464396476746,9.63662338256836,1.1555991172790527,0.1097698137164115,13.188143730163574
3418469748.0,0.4762373864650726,0.7512721419334412,9.84582233428955,1.4571298360824585,0.5998469591140747,13.128077507019045
3418478081.0,-0.0533991195261478,1.017507553100586,9.748658180236816,1.5840740203857422,0.9493789076805116,12.782721519470217
3418486414.0,0.1344662010669708,0.9528471231460572,9.81949234008789,1.604053258895874,0.7975633144378662,12.509623527526855
3418494747.0,0.4264830350875854,0.8799924254417419,10.032986640930176,1.4796446561813354,-0.6269084215164185,12.232501029968262
3418503080.0,0.4711216390132904,0.8062211871147156,9.427000045776367,1.1690465211868286,-0.4104169011116028,12.044697761535645
3418511413.0,0.5349488258361816,0.7034911513328552,9.480271339416504,1.6432942152023315,0.8876997828483582,12.011911392211914
3418519746.0,0.0978495925664901,0.8440993428230286,9.731499671936035,1.771442413330078,0.9913606643676758,11.649419784545898
3418528079.0,0.2648766338825226,0.6752329468727112,9.889673233032228,1.463354229927063,0.0627932995557785,11.514278411865234
3418536412.0,0.3748573660850525,0.887535572052002,9.723981857299805,1.426367163658142,-0.5925085544586182,11.308775901794434
3418544745.0,0.5192711353302002,0.9077268242836,9.51130199432373,1.3946824073791504,0.2408378571271896,11.18662166595459
3418553078.0,0.6569976806640625,0.7572548985481262,10.057251930236816,1.4217311143875122,0.3880428671836853,11.036394119262695
3418561411.0,0.3702501356601715,0.705059289932251,9.456418991088867,1.3419427871704102,0.2784395813941955,10.738423347473145
3418569744.0,0.681121826171875,0.1979420483112335,9.835663795471191,1.5375841856002808,-0.0418024361133575,10.722848892211914
3418578077.0,0.4321872889995575,0.2385802865028381,9.298748016357422,1.4470891952514648,-0.0526628717780113,10.424546241760254
3418586410.0,0.482412040233612,0.2019397318363189,9.513419151306152,2.074817657470703,1.1111329793930054,10.224654197692873
3418594743.0,0.7933973073959351,0.4006431102752685,10.070230484008787,2.322481155395508,0.2779016494750976,9.90247631072998
3418603076.0,0.5451824069023132,0.6866616010665894,9.612075805664062,2.248225450515747,0.2267756164073944,9.669591903686523
3418611409.0,0.5482929944992065,0.5575467348098755,9.734082221984863,2.337363004684448,1.1013481616973877,9.597564697265623
3418619742.0,0.2699300646781921,0.7718024253845215,9.82847499847412,2.447965145111084,1.4532620906829834,9.286760330200195
3418628075.0,0.5757012963294983,0.3827991485595703,10.200061798095703,2.666454792022705,1.0386701822280884,9.122523307800291
3418636408.0,0.6972448825836182,0.3069337010383606,9.985447883605955,2.7318739891052246,-0.2143399268388748,8.784492492675781
3418644741.0,0.4411796927452087,0.4401670694351196,9.395992279052734,2.859048366546631,1.1771918535232544,8.544435501098633
3418653074.0,0.3939398229122162,0.3985428810119629,9.93919563293457,3.270105600357056,1.9539436101913448,8.347846031188965
3418661407.0,0.2666947245597839,0.5493170022964478,10.152116775512695,2.961479663848877,1.2506023645401,7.934509754180908
3418669740.0,0.4910943806171417,0.6288498640060425,10.208014488220217,2.9402709007263184,0.6674941182136536,7.710819244384766
3418678073.0,0.3242055177688598,1.0235353708267212,9.901646614074709,2.971315622329712,0.911034345626831,7.376273155212402
3418686406.0,0.1934324651956558,1.0968317985534668,10.02999782562256,3.062962770462036,2.2249929904937744,7.283599376678467
3418694739.0,0.363835334777832,0.8239136934280396,10.64700698852539,2.8839457035064697,1.5136351585388184,7.038472652435303
3418703072.0,0.2885985672473907,0.8608936667442322,10.233290672302246,2.19704818725586,0.6283811926841736,6.727463245391846
3418711405.0,0.5860275626182556,0.4977559745311737,10.03468894958496,2.43121337890625,0.7279437184333801,6.651542663574219
3418719738.0,0.3416680097579956,0.5139788389205933,9.588930130004885,2.539997100830078,1.304750680923462,6.356210231781006
3418728071.0,0.1948122531175613,0.2760913670063019,9.908059120178224,2.643452882766724,2.0381886959075928,6.19914436340332
3418736404.0,0.2982296645641327,0.3214859068393707,10.105542182922363,2.512692451477051,0.884702742099762,5.914620876312256
3418744737.0,0.2128186821937561,0.5082494616508484,9.876314163208008,2.339745044708252,0.4359414577484131,5.693929195404053
3418753070.0,0.3966475129127502,0.5817565321922302,9.914701461791992,2.741478681564331,1.325523853302002,5.5329179763793945
3418761403.0,0.1344566941261291,0.7999605536460876,10.177886962890623,2.350477457046509,1.563198447227478,5.227494239807129
3418769736.0,0.2689422965049743,0.7258158922195435,10.443304061889648,2.1822943687438965,1.285488843917847,5.1640472412109375
3418778069.0,0.4344384372234344,0.741290807723999,10.421719551086426,1.9379855394363403,0.3529769480228424,4.896839618682861
3418786402.0,0.4059372246265411,0.6379655003547668,10.02979850769043,1.6781549453735352,0.9156191945075988,4.819971561431885
3418794735.0,0.5684749484062195,0.4607296288013458,10.240554809570312,1.738655686378479,1.4300298690795898,4.741284370422363
3418803068.0,0.2324719727039337,0.4927400350570678,10.151849746704102,1.4932202100753784,1.2085949182510376,4.57258939743042
3418811401.0,0.3399797677993774,0.1022898256778717,10.254443168640137,1.4785945415496826,0.943282663822174,4.506504535675049
3418819734.0,0.2275764793157577,0.1520632207393646,10.017906188964844,1.197094202041626,0.7602177262306213,4.245162963867188
3418828067.0,0.3900904953479767,0.0587818622589111,9.969819068908691,1.3458102941513062,1.2162792682647705,4.34851598739624
3418836400.0,0.5452002286911011,-0.027800366282463,10.169851303100586,1.5346641540527344,0.6055076718330383,4.135277271270752
3418844733.0,0.2219409644603729,0.09949192404747,9.826592445373535,1.587557673454285,0.9033756852149964,4.024035453796387
3418853066.0,0.4073150753974914,-0.0105835422873497,10.031546592712402,1.8002068996429443,1.0355451107025146,3.909974813461304
3418861399.0,0.1590931266546249,0.2448843419551849,10.047772407531738,1.683303713798523,0.7054288983345032,3.932387113571167
3418869732.0,0.2746221423149109,0.0554039627313613,9.963705062866213,1.941700100898743,0.9179245233535768,3.8347713947296143
3418878065.0,0.3933034539222717,0.1683377176523208,9.905706405639648,1.8797132968902588,0.2842539846897125,3.564079761505127
3418886398.0,0.1706335395574569,0.2749254107475281,9.489779472351074,1.9078118801116943,0.5807386040687561,3.4004557132720947
3418894731.0,0.0946183651685714,-0.0667513757944107,9.737733840942385,1.7535120248794556,0.9925643801689148,3.2753305435180664
3418903064.0,-0.0671899691224098,-0.0273038372397422,9.780668258666992,1.7178058624267578,0.7870613932609558,3.072875499725342
3418911397.0,0.2290479987859726,-0.1881556808948516,9.989006996154783,2.276759624481201,0.0552114807069301,2.951079845428467
3418919730.0,0.2653609812259674,-0.0981493890285492,9.593954086303713,2.286877393722534,-0.674807071685791,2.665071487426758
3418928063.0,0.3176394999027252,0.0652243867516517,9.285482406616213,2.372352361679077,0.0570557117462158,2.524013996124268
3418936396.0,0.3384835720062256,0.1173131316900253,9.766684532165527,2.50134539604187,0.5151150822639465,2.338464498519897
3418944729.0,0.2113231867551803,0.1513173133134842,9.810986518859863,2.332342624664306,0.2067196816205978,2.1816797256469727
3418953062.0,0.5061041116714478,-0.1607616245746612,9.873903274536133,2.5315701961517334,-0.3306029438972473,1.9574016332626345
3418961395.0,0.4040271341800689,-0.1549674421548843,9.578972816467283,2.5435831546783447,-0.5580060482025146,1.8044074773788448
3418969728.0,0.4659591615200043,-0.1242607161402702,9.500340461730955,2.4954540729522705,0.3276444971561432,1.7440860271453855
3418978061.0,0.3367509841918945,-0.1601784378290176,9.801111221313477,2.625753402709961,0.1594614088535308,1.480950951576233
3418986394.0,0.2720857560634613,-0.249425396323204,9.622035026550291,2.661024332046509,-0.1954109966754913,1.4604852199554443
3418994727.0,0.5960301756858826,-0.6533495187759399,9.803471565246582,2.83678936958313,-0.6039580702781677,1.333771824836731
3419003060.0,0.5597225427627563,-0.3735186159610748,9.288549423217772,3.091471910476685,-0.5463516116142273,1.216433048248291
3419011393.0,0.7586642503738403,-0.4686295390129089,9.436214447021484,3.416593313217163,0.2608425915241241,1.126245141029358
3419019726.0,0.4870728254318237,-0.3476642668247223,9.686372756958008,3.40757703781128,0.5174972414970398,0.924814760684967
3419028059.0,0.5683623552322388,-0.4085724949836731,9.956721305847168,3.3529164791107178,0.9291948676109314,0.8989444971084595
3419036392.0,0.7250118255615234,-0.3287635445594787,10.279251098632812,3.5809595584869385,0.0211189351975917,0.7998940944671631
3419044725.0,0.5597397685050964,0.0258457344025373,9.889103889465332,3.50260591506958,0.4705719649791717,0.7258689999580383
3419053058.0,0.597195029258728,-0.0477841049432754,10.221368789672852,3.5454838275909424,1.086056351661682,0.7742542624473572
3419061391.0,0.4804573655128479,0.0949652716517448,10.2864990234375,3.1399593353271484,0.9068849086761476,0.5400890111923218
3419069724.0,0.76519376039505,-0.1716613620519638,10.209840774536133,2.97910213470459,0.3107903301715851,0.5245923399925232
3419078057.0,0.6251172423362732,-0.3816795945167541,9.742620468139648,3.026052713394165,0.223394513130188,0.5636540055274963
3419086390.0,0.5443994402885437,-0.4400040209293365,9.427102088928224,3.0316882133483887,1.4727802276611328,0.6797378063201904
3419094723.0,0.5098134875297546,-0.5096316337585449,10.14076328277588,3.131430149078369,1.3416353464126587,0.6544309258460999
3419103056.0,0.3012963235378265,-0.3356328308582306,9.897196769714355,3.0639877319335938,0.921151876449585,0.647463858127594
3419111389.0,0.6144413948059082,-0.4588139355182647,10.120150566101074,3.389519214630127,0.8668498396873474,0.5964659452438354
3419119722.0,0.3104786574840545,-0.1783931404352188,10.055035591125488,3.373894453048706,1.150604248046875,0.5667534470558167
3419128055.0,0.280180424451828,-0.05355691537261,10.10057258605957,3.3662354946136475,1.5727009773254397,0.5255399942398071
3419136388.0,0.3763799965381622,0.0731796398758888,10.446409225463867,3.382577896118164,0.8750463724136353,0.2043888121843338
3419144721.0,0.4181569218635559,0.1078365594148635,9.963055610656738,3.1523308753967285,0.4892702996730804,0.0810050144791603
3419153054.0,0.4399721026420593,-0.2117302268743515,10.03867244720459,3.131225347518921,1.161439061164856,0.1050311848521232
3419161387.0,0.1366365402936935,0.0572918988764286,9.941740036010742,3.040473937988281,1.6496977806091309,-0.2118041217327118
3419169720.0,0.2760469019412994,-0.1845227181911468,10.43051815032959,3.250920057296753,1.4770575761795044,-0.2498412281274795
3419178053.0,0.1225490570068359,-0.0512125790119171,10.34817886352539,3.115318536758423,0.513168454170227,-0.5273714661598206
3419186386.0,0.1867466419935226,-0.1774171441793441,10.191415786743164,2.9904487133026123,1.2537782192230225,-0.5712486505508423
3419194719.0,0.1969163417816162,0.04091327637434,10.403531074523926,3.259654998779297,1.1995786428451538,-0.913634181022644
3419203052.0,0.0638806819915771,0.153090238571167,10.38259506225586,3.2586560249328613,1.101091980934143,-1.0212141275405884
3419211385.0,0.2371759861707687,-0.0577547065913677,10.302226066589355,3.126332521438598,0.4788452982902527,-1.285834550857544
3419219718.0,0.1442151963710785,0.0221457090228796,10.03596305847168,2.7560532093048096,0.5149102210998535,-1.311781883239746
3419228051.0,0.2755023837089538,-0.1593309342861175,10.075657844543455,3.007559537887573,0.7645208835601807,-1.4228196144104004
3419236384.0,0.0440464839339256,-0.0517519190907478,10.10326099395752,3.0054850578308105,0.8675413727760315,-1.7593138217926023
3419244717.0,-0.028756646439433,-0.2185541838407516,10.040907859802246,2.9108145236968994,0.8620343208312988,-1.8292407989501955
3419253050.0,-0.0515972524881362,-0.1864525228738784,10.11365795135498,2.7595882415771484,0.1586674004793167,-1.9227325916290283
3419261383.0,-0.0050247530452907,-0.0614822655916214,9.932549476623535,2.6466550827026367,0.2331279665231704,-2.142297744750977
3419269716.0,0.3215674161911011,-0.2968762814998626,10.23142147064209,2.8755948543548584,0.0971932187676429,-2.352590560913086
3419278049.0,0.2271817028522491,-0.1172825694084167,10.103425979614258,2.7255208492279053,0.0990630388259887,-2.4871418476104736
3419286382.0,0.3915398716926574,-0.2345185279846191,10.042558670043944,2.5725786685943604,0.2279282957315445,-2.395545959472656
3419294715.0,0.2174873799085617,-0.0515415892004966,9.764082908630373,2.5102078914642334,0.0278042554855346,-2.527894735336304
3419303048.0,0.2947911322116852,-0.3083801865577698,9.797772407531738,2.1565778255462646,0.077828861773014,-2.516624212265014
3419311381.0,0.4118748903274536,-0.4294817149639129,9.815714836120604,1.972744584083557,-0.2322955131530761,-2.71370005607605
3419319714.0,0.2976733744144439,-0.2291925251483917,9.657456398010254,1.9556338787078853,-0.0391129367053508,-2.743924617767334
3419328047.0,0.3877212703227997,-0.2858161628246307,9.703213691711426,1.8658820390701287,-0.0098870955407619,-2.763852834701538
3419336380.0,0.198044940829277,-0.1840124279260635,9.722579002380373,1.5169134140014648,-0.0549425333738327,-2.861929655075073
3419344713.0,0.5276124477386475,-0.5698263049125671,9.840271949768066,1.3448882102966309,-0.0543277896940708,-2.63252854347229
3419353046.0,0.4847850203514099,-0.6014426350593567,9.89187240600586,1.3285974264144895,-0.6091576814651489,-2.810752391815185
3419361379.0,0.5172237157821655,-0.4919065535068512,9.610987663269045,1.5839202404022217,-0.0797883421182632,-2.868102788925171
3419369712.0,0.5454455018043518,-0.618024468421936,9.669050216674805,1.6408864259719849,-0.0786613225936889,-2.8509669303894043
3419378045.0,0.2840135395526886,-0.4714781045913696,9.593685150146484,1.4180169105529783,0.0242951028048992,-2.97770619392395
3419386378.0,0.5157636404037476,-0.7455771565437317,9.71901798248291,1.482667326927185,-0.2471005618572235,-3.0059075355529785
3419394711.0,0.4443700015544891,-0.5386439561843872,9.552844047546388,1.544525384902954,-0.1783775091171264,-3.403747081756592
3419403044.0,0.4825232326984405,-0.6892792582511902,9.609808921813965,1.6714695692062378,0.3175268769264221,-3.3461155891418457
3419411377.0,0.2427612245082855,-0.644328236579895,9.668745040893556,1.4616892337799072,0.4572013020515442,-3.481230497360229
3419419710.0,0.3300894796848297,-0.8168480396270752,9.944079399108888,1.6314088106155396,0.5725933909416199,-3.455385684967041
3419428043.0,0.4383398592472076,-0.6534519791603088,10.08993911743164,1.859760046005249,-0.0811202898621559,-3.783299446105957
3419436376.0,0.3446523547172546,-0.4401418268680572,9.889957427978516,1.8956199884414675,0.4355060756206512,-3.854046106338501
3419444709.0,0.4901469945907593,-0.4001151025295257,10.110081672668455,1.881352782249451,0.4106858670711517,-3.99863862991333
3419453042.0,0.5961930155754089,-0.3703849017620086,9.972636222839355,1.7645776271820068,0.2442445307970047,-4.222276210784912
3419461375.0,0.7331758737564087,-0.7009768486022949,9.839018821716309,1.6295136213302612,0.2439371943473816,-4.437768936157227
3419469708.0,0.3760286569595337,-0.6945288181304932,9.34942626953125,1.7722104787826538,0.7420827746391296,-4.550522804260254
3419478041.0,0.3665006160736084,-0.8646116852760315,9.724453926086426,1.951535940170288,1.4417612552642822,-4.551393508911133
3419486374.0,0.3142859935760498,-0.8659401535987854,9.932487487792969,1.7450850009918213,0.7656223177909851,-4.782074928283691
3419494707.0,0.4213205575942993,-0.9821890592575072,9.850441932678224,1.7492858171463013,0.8334488272666931,-4.878922939300537
3419503040.0,0.5269532203674316,-0.8891388773918152,9.848285675048828,2.2749924659729004,0.8281466960906982,-5.031020641326904
3419511373.0,0.4950674474239349,-0.7928407192230225,9.937338829040527,2.3046278953552246,1.2723231315612793,-5.167262077331543
3419519706.0,0.7195772528648376,-0.9008911848068236,10.056134223937988,2.232421636581421,1.0778342485427856,-5.3737382888793945
3419528039.0,0.7750927805900574,-0.8518354892730713,9.942370414733888,2.1076035499572754,1.074837327003479,-5.460289001464844
3419536372.0,1.0164833068847656,-0.9328588247299194,10.05068588256836,2.3549087047576904,1.659917950630188,-5.571173191070557
3419544705.0,0.5608997344970703,-0.801699697971344,9.986180305480955,2.240669012069702,2.2110846042633057,-5.604599475860596
3419553038.0,0.4187495708465576,-0.7389198541641235,10.1423978805542,2.27483868598938,2.926490306854248,-5.766583442687988
3419561371.0,0.4093012511730194,-0.8237975835800171,10.582275390625,1.976791262626648,2.034320831298828,-5.712358951568604
3419569704.0,0.5785934329032898,-0.9938186407089232,10.054495811462402,1.6102519035339355,1.818239688873291,-5.75610876083374
3419578037.0,0.6129201650619507,-1.1695152521133425,9.888755798339844,1.8391661643981927,2.2636191844940186,-5.751445293426514
3419586370.0,0.5411062240600586,-1.368311643600464,9.759140014648438,2.0884692668914795,3.0066628456115723,-5.673963069915772
3419594703.0,0.4365370571613312,-1.514485239982605,10.08461093902588,2.162775993347168,2.6977035999298096,-5.659592628479004
3419603036.0,0.3781623840332031,-1.4077733755111694,9.842689514160156,2.2593929767608643,2.4546761512756348,-5.756133556365967
3419611369.0,0.7636129856109619,-1.3126949071884155,10.024133682250977,2.634462594985962,2.4752700328826904,-5.805440425872803
3419619702.0,0.4174634218215942,-1.0538049936294556,9.887866973876951,2.519890069961548,2.916090965270996,-5.885050296783447
3419628035.0,0.2454819530248642,-1.0579639673233032,9.840359687805176,2.640712261199951,3.3335518836975098,-5.948342323303223
3419636368.0,0.1447694301605224,-0.9595803618431092,9.921660423278809,2.667069673538208,2.770653486251831,-6.164449691772461
3419644701.0,0.1877732723951339,-1.2878135442733765,9.645941734313965,2.5787770748138428,2.521042585372925,-6.090808868408203
3419653034.0,0.3485621809959411,-1.6144914627075195,9.60597038269043,2.6614346504211426,2.5468873977661133,-6.317699909210205
3419661367.0,0.1459118574857711,-1.3742713928222656,9.505688667297363,3.1197242736816406,3.063372850418091,-6.289422035217285
3419669700.0,0.130453810095787,-1.4699283838272097,9.74362564086914,3.568716764450073,2.7858943939208984,-6.358453273773193
3419678033.0,0.1739025712013244,-1.3509564399719238,9.676188468933104,3.576221704483032,2.1600615978240967,-6.576866149902344
3419686366.0,0.3321412801742553,-1.2714247703552246,9.572999954223633,3.550018310546875,1.9622429609298704,-6.623996257781982
3419694699.0,0.1244918704032898,-0.7555432319641113,9.48038387298584,3.739179372787476,2.5379741191864014,-6.770407199859619
3419703032.0,0.1304201781749725,-0.6938607692718506,9.823208808898926,3.725551843643189,2.889272689819336,-7.003110885620117
3419711365.0,0.0005904050776734,-0.8239383101463318,10.004929542541504,3.5209710597991943,2.032118082046509,-7.129363536834717
3419719698.0,0.0455631464719772,-1.024005889892578,9.752030372619627,3.138679027557373,1.880430698394776,-7.268168449401855
3419728031.0,-0.130122035741806,-0.8857574462890625,9.725750923156738,3.4955873489379883,1.9926974773406985,-7.299851894378662
3419736364.0,-0.0759246498346328,-0.8124845027923584,9.845662117004396,3.5918197631835938,2.27652907371521,-7.238377571105957
3419744697.0,-0.0324096009135246,-0.9670183062553406,9.89939308166504,3.486647844314575,1.220121145248413,-7.561475276947021
3419753030.0,-0.0079290801659226,-0.9801626801490784,9.610941886901855,3.238779306411743,1.1824427843093872,-7.661960124969482
3419761363.0,0.1725765019655227,-0.8709850907325745,9.649004936218262,3.344847679138184,1.3634328842163086,-7.668261051177978
3419769696.0,0.112790361046791,-0.5513890981674194,9.99934196472168,3.503169536590576,1.507513165473938,-7.835318088531494
3419778029.0,0.0811627507209777,-0.726088285446167,10.136320114135742,3.0232608318328857,1.3070815801620483,-7.908087253570557
3419786362.0,-0.0579611770808696,-0.6179710626602173,10.183841705322266,2.62959623336792,0.969204306602478,-7.983368396759033
3419794695.0,0.1190502196550369,-0.7434919476509094,10.232091903686523,2.770576238632202,1.292891263961792,-7.9395928382873535
3419803028.0,-0.0399134643375873,-0.7589858174324036,10.213133811950684,2.4920473098754883,0.8657739162445068,-7.991281986236572
3419811361.0,-0.0033173956908285,-0.7536323666572571,9.945898056030272,2.3863885402679443,0.7185945510864258,-8.007495880126953
3419819694.0,0.0454213358461856,-1.0516618490219116,9.930322647094728,2.183011531829834,0.2120474427938461,-8.005780220031738
3419828027.0,0.277452141046524,-1.0510128736495972,9.858675956726074,2.208139181137085,0.3943695724010467,-7.930473804473877
3419836360.0,0.4727231562137604,-1.3610680103302002,9.808372497558594,2.3423068523406982,0.3468551933765411,-7.772153377532959
3419844693.0,0.0498513057827949,-1.073399305343628,9.57392406463623,2.3783974647521973,0.3949843645095825,-7.7455668449401855
3419853026.0,-0.0446600057184696,-1.1243717670440674,9.777847290039062,2.3564202785491943,0.8329110145568848,-7.689266681671143
3419861359.0,-0.1932960599660873,-0.7713938355445862,10.187337875366213,2.273455858230591,0.1734468191862106,-7.795821666717529
3419869692.0,0.0851100906729698,-1.0594452619552612,10.221299171447754,2.1875460147857666,-0.4392329752445221,-7.777020931243896
3419878025.0,0.0260075107216835,-0.8217254281044006,9.905739784240724,2.0979466438293457,-0.7035461068153381,-7.9257354736328125
3419886358.0,0.0472152270376682,-1.030551195144653,9.84570026397705,2.286083459854126,-0.0155990719795227,-7.6093244552612305
3419894691.0,-0.0146812973544001,-1.1374988555908203,10.093807220458984,1.9654701948165887,-0.3611864149570465,-7.761575222015381
3419903024.0,0.2681997716426849,-1.1496394872665403,10.189301490783691,2.088879346847534,-0.705134391784668,-7.741467952728271
3419911357.0,0.4795020818710327,-1.223800778388977,10.09075927734375,2.3106472492218018,-1.384705662727356,-7.799713134765625
3419919690.0,0.1887007653713226,-1.1238669157028198,9.757600784301758,2.5171494483947754,-0.406062513589859,-7.627740859985352
3419928023.0,0.1147000789642334,-1.120091438293457,10.162288665771484,2.763558149337769,0.0125893950462341,-7.676458358764648
3419936356.0,-0.1338343173265457,-1.0576401948928833,10.37060832977295,2.576907157897949,-0.741762638092041,-7.872483730316162
3419944689.0,0.1614359021186828,-1.1755485534667969,10.252297401428224,2.5744993686676025,-1.2475924491882324,-7.890362739562988
3419953022.0,0.3517927825450897,-1.0331836938858032,9.948301315307615,2.6961159706115723,-1.4723831415176392,-7.90857458114624
3419961355.0,0.1951673626899719,-1.275366187095642,9.805997848510742,2.6631503105163574,-0.4863630533218384,-7.859778881072998
3419969688.0,-0.0640095174312591,-1.3082523345947266,10.030070304870604,2.978000402450561,-0.3103932440280914,-7.973582744598389
3419978021.0,-0.0038794174324721,-1.4831730127334597,10.066229820251465,2.950568199157715,-1.0435751676559448,-7.979296684265137
3419986354.0,0.2729416191577911,-1.3636057376861572,9.856975555419922,3.277738332748413,-2.095526218414306,-8.071352005004883
3419994687.0,0.4216102957725525,-1.5250589847564695,9.403536796569824,3.33245062828064,-1.6023755073547363,-7.922406673431396
3420003020.0,0.1673726141452789,-1.4653315544128418,9.574136734008787,3.674298286437988,-0.7889697551727295,-7.9067301750183105
3420011353.0,-0.0162009950727224,-1.3358088731765747,9.953351020812988,3.7323403358459473,-0.4507337510585785,-7.938441276550293
3420019686.0,0.0956229045987129,-1.182519793510437,10.425603866577148,3.899088144302368,-1.5202560424804688,-7.938492298126221
3420028019.0,0.2918531000614166,-1.1201728582382202,10.104031562805176,3.748016357421875,-2.4780750274658203,-8.034032821655273
3420036352.0,0.5025351047515869,-1.2320327758789062,9.886269569396973,3.4775807857513428,-1.859926462173462,-7.916950702667236
3420044685.0,0.3678199350833893,-0.8773454427719116,9.900299072265623,3.4779393672943115,-1.2552769184112549,-7.971047878265381
3420053018.0,0.3925030529499054,-1.0860838890075684,10.020183563232422,3.5702784061431885,-1.4796062707901,-7.932036876678467
3420061351.0,0.4712149500846863,-1.1386903524398804,10.06265640258789,3.2712326049804688,-2.002777099609375,-7.84684419631958
3420069684.0,0.5719064474105835,-1.368555188179016,9.907011985778809,3.1195192337036133,-1.6119805574417114,-7.649921417236328
3420078017.0,0.4424324035644531,-0.9894132614135742,9.830949783325195,3.245438814163208,-0.9479315280914308,-7.653276443481445
3420086350.0,0.4827271699905395,-1.171494960784912,10.25331211090088,3.36956524848938,-0.8900433778762817,-7.601587295532227
3420094683.0,0.3630739748477936,-0.96766996383667,10.332295417785645,3.1205437183380127,-1.5852136611938477,-7.651355743408203
3420103016.0,0.3004505038261413,-0.7908898591995239,10.162834167480469,2.858356475830078,-1.4157499074935913,-7.659424781799316
3420111349.0,0.2620128691196441,-0.7222342491149902,10.205333709716797,2.802133083343506,-1.0646812915802002,-7.834805011749268
3420119682.0,0.4783961176872253,-0.9685636162757874,10.00303554534912,2.8299500942230225,-1.12810218334198,-7.898124217987059
3420128015.0,0.7317763566970825,-1.4848253726959229,10.116681098937988,2.847982883453369,-1.6440240144729614,-7.900479793548584
3420136348.0,0.5725053548812866,-1.376056432723999,9.56529712677002,2.969035387039185,-1.042345643043518,-7.899096965789795
3420144681.0,0.6674140691757202,-1.1789201498031616,9.940598487854004,3.626041173934937,-0.0558134205639362,-7.8953070640563965
3420153014.0,0.451115071773529,-0.9676069021224976,10.165966033935549,3.7523446083068848,-0.2234842181205749,-8.005908966064453
3420161347.0,0.5623290538787842,-1.1605809926986694,10.178771018981934,3.587721586227417,-0.6710672974586487,-7.963107585906982
3420169680.0,0.4464125037193298,-0.8508629202842712,9.91146755218506,3.587568521499634,-0.7882269024848938,-8.135184288024902
3420178013.0,0.6468316912651062,-0.96039479970932,10.008038520812988,3.636364221572876,-0.0419561229646205,-8.295273780822754
3420186346.0,0.5615689754486084,-0.9156156182289124,10.213377952575684,3.565361261367798,0.0972956866025924,-8.484537124633789
3420194679.0,0.6070184707641602,-0.9213513135910034,10.045736312866213,3.607035398483277,0.2299262136220932,-8.411407470703125
3420203012.0,0.4467383325099945,-0.8405711054801941,10.267996788024902,3.461597919464112,0.0796218588948249,-8.422525405883789
3420211345.0,0.4935048222541809,-0.6418094635009766,9.814275741577148,3.453605890274048,0.4919342398643493,-8.440966606140137
3420219678.0,0.5081490874290466,-0.8969252705574036,10.052968978881836,3.401916742324829,0.1465518772602081,-8.382438659667969
3420228011.0,0.4985347390174866,-1.1133661270141602,9.857829093933104,3.07810115814209,0.0986788421869278,-8.350573539733887
3420236344.0,0.6346967220306396,-1.2187869548797607,9.932307243347168,3.273461103439331,0.3019278049468994,-8.461893081665039
3420244677.0,0.6513534784317017,-1.127774000167847,10.076836585998535,3.512519121170044,0.8117536306381226,-8.481361389160156
3420253010.0,0.6415517926216125,-1.2899478673934937,10.197380065917969,3.4904396533966064,0.917079508304596,-8.438200950622559
3420261343.0,0.3923772275447845,-1.1707803010940552,10.035542488098145,3.3362419605255127,1.1241705417633057,-8.461202621459961
3420269676.0,0.4724443256855011,-1.0611308813095093,10.260555267333984,3.509804010391236,1.2401262521743774,-8.373601913452148
3420278009.0,0.2888046205043793,-0.7125095129013062,10.327954292297363,3.2234880924224854,1.078346610069275,-8.453825950622559
3420286342.0,0.4735022485256195,-0.7326222062110901,10.104493141174316,3.0540754795074463,1.2861038446426392,-8.394682884216309
3420294675.0,0.5335657596588135,-1.027857780456543,10.208045959472656,2.9168081283569336,0.8738425374031067,-8.466452598571777
3420303008.0,0.6535957455635071,-1.1321189403533936,9.9366455078125,2.603623151779175,1.1106716394424438,-8.126501083374023
3420311341.0,0.650478184223175,-1.0282312631607056,9.977599143981934,2.7104856967926025,1.161285400390625,-7.952425003051758
3420319674.0,0.391472578048706,-0.946206271648407,9.863807678222656,2.684589385986328,1.7525899410247805,-8.065640449523926
3420328007.0,0.1778880953788757,-0.8817674517631531,10.115090370178224,2.5088250637054443,1.6941128969192505,-8.03408432006836
3420336340.0,0.118407130241394,-0.8965334296226501,10.324909210205078,2.284315824508667,1.6207534074783323,-7.996713161468506
3420344673.0,0.1613573282957077,-1.043838381767273,10.409658432006836,2.1156201362609863,0.987902581691742,-8.135259628295898
3420353006.0,0.2823645174503326,-0.7259904742240906,9.965434074401855,2.2189483642578125,1.183979630470276,-8.145890235900879
3420361339.0,0.4599645137786865,-1.004767894744873,9.943662643432615,2.4432268142700195,1.0618510246276855,-8.08613395690918
3420369672.0,0.4022865891456604,-1.1630743741989136,9.61371898651123,2.052353382110596,0.9658231139183044,-8.181109428405762
3420378005.0,0.3824433386325836,-1.4627797603607178,9.53724765777588,2.1872122287750244,1.2491165399551392,-8.028704643249512
3420386338.0,0.2152467668056488,-1.1952675580978394,9.62432861328125,2.732513427734375,1.7313814163208008,-8.089615821838379
3420394671.0,0.3196536600589752,-1.2953890562057495,9.872169494628906,3.0665745735168457,1.7558941841125488,-8.142687797546387
3420403004.0,0.1688377410173416,-1.17388653755188,10.050020217895508,2.739814043045044,1.1068040132522583,-8.263075828552246
3420411337.0,0.3372569382190704,-1.095226526260376,9.90190887451172,2.6787240505218506,1.342941403388977,-8.311793327331543
3420419670.0,0.3778353631496429,-0.9225272536277772,10.15407371520996,3.082097291946411,1.6082026958465576,-8.443503379821777
3420428003.0,0.3037471175193786,-1.1231043338775637,10.080686569213867,3.121696710586548,1.6675254106521606,-8.48963451385498
3420436336.0,0.2730161845684051,-1.001195192337036,9.922950744628906,3.007559537887573,1.1342369318008425,-8.521088600158691
3420444669.0,0.5706127285957336,-0.9447927474975586,9.5846529006958,3.054408311843872,1.0538594722747805,-8.545089721679688
3420453002.0,0.5418473482131958,-1.088566541671753,9.497566223144531,2.8554368019104004,1.246837139129639,-8.487585067749023
3420461335.0,0.329903781414032,-1.226386308670044,9.504915237426758,3.095442295074463,2.0865743160247803,-8.333490371704102
3420469668.0,0.044503279030323,-1.3933261632919312,9.897171020507812,3.133965492248535,1.9475656747817995,-8.398036003112793
3420478001.0,0.0252587888389825,-0.9626376032829284,9.860051155090332,2.9965198040008545,1.5948575735092163,-8.523521423339844
3420486334.0,0.3845323920249939,-1.1557347774505615,10.02356243133545,2.8983922004699707,0.9583951830863952,-8.583331108093262
3420494667.0,0.4443017542362213,-1.007396578788757,9.57356071472168,2.721884489059448,1.04427969455719,-8.616910934448242
3420503000.0,0.4181737005710602,-1.1334470510482788,9.658677101135254,2.734025478363037,1.8924695253372192,-8.520345687866211
3420511333.0,0.150137186050415,-1.00430166721344,9.667301177978516,2.4589285850524902,1.7698285579681396,-8.718343734741211
3420519666.0,0.2735429406166076,-1.0686277151107788,9.82567310333252,2.4005789756774902,1.2708120346069336,-8.59731674194336
3420527999.0,0.2162272632122039,-1.128835678100586,9.82375717163086,2.1882879734039307,1.0681263208389282,-8.476160049438477
3420536332.0,0.3990752100944519,-1.4028582572937012,9.711499214172363,2.298429489135742,1.458154320716858,-8.345630645751953
3420544665.0,0.5108157396316528,-1.252828598022461,9.878463745117188,2.5041632652282715,1.442734718322754,-8.219941139221191
3420552998.0,0.498380184173584,-1.3862345218658447,9.611244201660156,2.6877403259277344,1.1505787372589111,-8.305262565612793
3420561331.0,0.3460957407951355,-1.4985558986663818,9.471516609191896,2.5240910053253174,1.1249388456344604,-8.381285667419434
3420569664.0,0.2641985714435577,-1.517459750175476,9.567325592041016,2.607797861099243,1.7367603778839111,-8.343478202819824
3420577997.0,-0.0386452563107013,-1.5845261812210083,9.92800998687744,2.8594071865081787,1.7271554470062256,-8.3902006149292
3420586330.0,0.1174553856253624,-1.3935405015945437,9.83309555053711,3.2154195308685303,1.126936912536621,-8.362383842468262
3420594663.0,0.2797553837299347,-1.454361915588379,9.840825080871582,3.154560089111328,0.4195228219032287,-8.500468254089355
3420602996.0,0.2246094644069671,-1.3149356842041016,9.515674591064451,3.1985137462615967,1.1602609157562256,-8.417939186096191
3420611329.0,0.2760228812694549,-1.303347110748291,9.935304641723633,3.339161872863769,1.886629581451416,-8.42429256439209
3420619662.0,0.2718079686164856,-0.9362704157829284,10.104636192321776,3.676603794097901,1.4025973081588743,-8.489558219909668
3420627995.0,0.311585009098053,-1.048553228378296,10.161383628845217,3.427018880844116,0.7551462054252625,-8.41046142578125
3420636328.0,0.0738663151860237,-0.6831458806991577,9.910433769226074,3.3419792652130127,1.0573430061340332,-8.574365615844727
3420644661.0,0.1013462990522384,-0.8606049418449402,10.310590744018556,3.114243030548096,1.5803601741790771,-8.608023643493652
3420652994.0,-0.1074233055114746,-0.7051551938056946,10.46509075164795,2.930588960647583,1.3524701595306396,-8.728103637695312
3420661327.0,0.1306182146072387,-0.8355692028999329,10.421551704406738,2.675445556640625,0.7607044577598572,-8.67251968383789
3420669660.0,0.0166619531810283,-0.5816680788993835,9.966814041137695,2.4556753635406494,0.3536942303180694,-8.761837005615234
3420677993.0,0.2784872651100158,-0.9206222295761108,9.59416961669922,2.333879470825196,0.7734090685844421,-8.75909423828125
3420686326.0,0.3322113156318664,-1.3442264795303345,9.805896759033203,2.2819595336914062,0.503230094909668,-8.76578140258789
3420694659.0,0.318902850151062,-1.4909138679504397,9.658254623413086,2.478881359100342,0.7455919981002808,-8.635454177856445
3420702992.0,-0.013200968503952,-1.0620883703231812,9.893975257873535,2.666249990463257,0.846537709236145,-8.589017868041992
3420711325.0,0.0362893529236316,-0.8373933434486389,10.034523963928224,2.710793256759644,1.12132728099823,-8.805380821228027
3420719658.0,0.1291954964399337,-1.0502521991729736,10.4401216506958,2.2432563304901123,0.4881432652473449,-8.74705696105957
3420727991.0,0.2327976822853088,-1.1355953216552734,10.04686164855957,2.078531503677368,0.2410684078931808,-8.886604309082031
3420736324.0,0.1309065222740173,-1.1367254257202148,9.92291259765625,2.395712614059448,0.6568387150764465,-8.907529830932617
3420744657.0,0.0244388207793235,-1.0530115365982056,9.883214950561523,2.31115984916687,0.7658785581588745,-8.809633255004883
3420752990.0,0.2025120556354522,-1.20013165473938,10.230337142944336,1.9639586210250848,0.0073128649964928,-8.74785041809082
3420761323.0,0.2877717614173889,-1.0421435832977295,9.836370468139648,1.9280987977981567,-0.3974816799163818,-8.650900840759277
3420769656.0,0.4148776829242706,-1.2781825065612793,9.780770301818848,2.0252790451049805,0.2452947199344635,-8.53238296508789
3420777989.0,0.1164122372865676,-1.349724292755127,9.735758781433104,2.0777370929718018,0.688677191734314,-8.4266996383667
3420786322.0,0.0294372234493494,-1.568354249000549,10.008777618408203,2.0293774604797363,0.5741046071052551,-8.479721069335938
3420794655.0,-0.0691194906830787,-1.308058738708496,10.10836696624756,2.0247156620025635,-0.1382656395435333,-8.549288749694824
3420802988.0,0.1817351579666137,-1.4415509700775146,10.207608222961426,2.1872637271881104,-0.134013682603836,-8.592730522155762
3420811321.0,0.2153558135032653,-1.370143175125122,10.073105812072754,2.473528385162353,-0.1304276883602142,-8.568756103515625
3420819654.0,0.184907391667366,-1.630491018295288,9.653314590454102,2.7632510662078857,-0.0177762787789106,-8.509997367858887
3420827987.0,0.2687378227710724,-1.3163225650787354,9.675371170043944,2.788148164749145,-0.3616986870765686,-8.703231811523438
3420836320.0,0.5106085538864136,-1.2145695686340332,9.487573623657228,2.8635053634643555,-0.3786552846431732,-8.676285743713379
3420844653.0,0.5881271362304688,-1.196643590927124,9.629154205322266,2.822420120239258,-0.1182865500450134,-8.777922630310059
3420852986.0,0.5291869044303894,-1.1930227279663086,9.74265480041504,2.9059479236602783,0.6324027180671692,-8.63163948059082
3420861319.0,0.1355194449424743,-0.9873605370521544,10.115522384643556,2.820908546447754,0.687012255191803,-8.604616165161133
3420869652.0,-0.0091744922101497,-0.8889074325561523,10.027472496032717,2.796549797058105,0.6058664321899414,-8.74736499786377
3420877985.0,0.0853094980120658,-1.0828454494476318,10.181007385253906,2.490203380584717,-0.2390320748090744,-8.885860443115234
3420886318.0,0.1520654261112213,-1.1208314895629885,9.78676986694336,2.3587000370025635,-0.1900064051151275,-9.019362449645996
3420894651.0,0.2122515588998794,-1.2303608655929563,9.711400032043455,2.358904838562012,0.2366115450859069,-8.904534339904785
3420902984.0,0.472720205783844,-1.1535323858261108,9.544351577758787,2.4542667865753174,0.1118189617991447,-9.101967811584473
3420911317.0,0.6408072710037231,-1.4610908031463623,9.741122245788574,2.534464836120605,-0.1146237179636955,-8.97143840789795
3420919650.0,0.4764445424079895,-1.3592965602874756,9.416720390319824,2.379267930984497,0.3688578307628631,-8.942237854003906
3420927983.0,0.119788683950901,-1.3680351972579956,9.786059379577637,2.683232307434082,1.532051682472229,-8.949793815612793
3420936316.0,0.0856133997440338,-1.1177821159362793,10.143795013427734,2.708103656768799,1.2377185821533203,-9.09092903137207
3420944649.0,0.3206255733966827,-1.2796295881271362,10.543220520019531,2.3763740062713623,0.019761387258768,-9.16907787322998
3420952982.0,0.4306808412075043,-1.1601567268371582,9.98967170715332,1.943390727043152,-0.1888794153928756,-9.208754539489746
3420961315.0,0.5197815895080566,-1.3448798656463623,9.888701438903809,2.354857921600342,1.1511423587799072,-9.094233512878418
3420969648.0,0.3949121534824371,-1.2763665914535522,10.165451049804688,2.2616991996765137,1.332875370979309,-9.052046775817873
3420977981.0,0.6393786072731018,-1.3791221380233765,10.039456367492676,2.1367013454437256,0.5504115223884583,-9.055119514465332
3420986314.0,0.6023175716400146,-1.2440390586853027,9.686427116394045,2.0264577865600586,0.1776987761259079,-9.003251075744629
3420994647.0,0.6224721074104309,-1.497923493385315,9.33371925354004,2.413514375686645,1.7117356061935425,-8.854253768920898
3421002980.0,0.3595978021621704,-1.6012189388275146,9.959051132202148,2.4533445835113525,2.109934568405152,-8.846466064453125
3421011313.0,0.1797985881567001,-1.5404646396636963,9.935089111328123,2.3584952354431152,1.8630132675170896,-8.791498184204102
3421019646.0,0.0613096244633197,-1.4168438911437988,10.152989387512209,2.5200440883636475,1.0949702262878418,-8.94162368774414
3421027979.0,0.0187116842716932,-1.27287757396698,9.96180248260498,2.4932515621185303,1.418017029762268,-8.96119213104248
3421036312.0,0.1462406367063522,-1.2040513753890991,10.259000778198242,2.789659261703491,1.2060589790344238,-9.162211418151855
3421044645.0,0.4705519378185272,-1.2158128023147583,10.020607948303224,2.699599504470825,0.8725104928016663,-9.265104293823242
3421052978.0,0.5398018956184387,-1.2192602157592771,9.782711029052734,2.71665906906128,0.5733619332313538,-9.15089225769043
3421061311.0,0.5930392146110535,-1.1314845085144043,9.505379676818848,2.6069021224975586,1.5948065519332886,-9.042236328125
3421069644.0,0.3877644836902618,-1.2098300457000732,9.949673652648926,2.565714359283448,2.157986879348755,-8.94661808013916
3421077977.0,0.2721490561962127,-1.3175339698791504,10.081184387207031,2.526780605316162,2.102839469909668,-8.96306324005127
3421086310.0,-0.0229148790240287,-1.406041383743286,10.387096405029297,2.698498487472534,1.827716827392578,-9.061574935913086
3421094643.0,0.0255513470619916,-1.280717372894287,10.231618881225586,2.78566312789917,1.9094771146774288,-9.050841331481934
3421102976.0,0.0972376763820648,-1.425714373588562,10.461774826049805,2.8665270805358887,1.331594467163086,-9.17051124572754
3421111309.0,0.0591655075550079,-1.25285005569458,9.708575248718262,2.7792341709136963,1.1413575410842896,-9.188312530517578
3421119642.0,0.3840712308883667,-1.5456037521362305,9.883716583251951,3.081303119659424,1.0200484991073608,-9.1254301071167
3421127975.0,0.3943378329277038,-1.4940050840377808,9.677284240722656,2.798727035522461,0.9769399166107178,-9.041851997375488
3421136308.0,0.1879831105470657,-1.6025080680847168,9.418742179870604,2.99856948852539,1.6579455137252808,-8.97819995880127
3421144641.0,0.0416020490229129,-1.509182691574097,9.702016830444336,3.24295425415039,2.0783259868621826,-8.856839179992676
3421152974.0,-0.1310789585113525,-1.669169545173645,9.749545097351074,3.295438289642334,1.448190689086914,-8.90730094909668
3421161307.0,-0.2431823164224624,-1.504818558692932,9.698883056640623,3.13842248916626,1.0972497463226318,-9.122995376586914
3421169640.0,-0.0976477861404419,-1.7601230144500732,9.786014556884766,3.291006803512573,1.2698129415512085,-9.058985710144045
3421177973.0,0.0664481744170188,-1.4114917516708374,9.970223426818848,3.35970425605774,0.8507384657859802,-9.05847454071045
3421186306.0,0.3872594535350799,-1.649652361869812,9.922410011291504,3.478912591934204,0.621055543422699,-9.011114120483398
3421194639.0,0.3162031769752502,-1.3387563228607178,9.650818824768066,3.2812228202819824,0.5673938393592834,-9.027098655700684
3421202972.0,0.4219569861888885,-1.2882617712020874,9.598668098449709,3.552451133728028,1.2204288244247437,-8.880609512329102
3421211305.0,0.3012727200984955,-1.187686562538147,9.979833602905272,3.269747018814087,1.1334941387176514,-8.945670127868652
3421219638.0,0.3151379525661468,-1.1961021423339844,9.799628257751465,3.116651058197021,0.9254040122032166,-8.838346481323242
3421227971.0,0.1500741839408874,-1.146060585975647,9.880069732666016,2.9367618560791016,0.8590632081031799,-8.813551902770996
3421236304.0,0.051676720380783,-1.3153831958770752,9.775609016418455,2.8761332035064697,1.5554887056350708,-8.695879936218262
3421244637.0,0.0010474547743797,-1.2597109079360962,10.17084503173828,2.929513454437256,1.1603378057479858,-8.996565818786621
3421252970.0,0.055822592228651,-1.3065630197525024,10.015957832336426,2.848316192626953,0.5866044759750366,-8.882710456848145
3421261303.0,0.2418412864208221,-0.970839262008667,9.847625732421877,2.859074354171753,0.4192923009395599,-9.168310165405272
3421269636.0,0.4261419475078583,-1.3245772123336792,9.569334030151367,3.078638792037964,0.7099369168281555,-9.160059928894045
3421277969.0,0.2235179841518402,-1.5323907136917114,9.529747009277344,2.912555932998657,1.0523735284805298,-9.15414333343506
3421286302.0,0.3161675333976745,-1.6993592977523804,9.54195785522461,3.239905834197998,1.21251380443573,-9.0438232421875
3421294635.0,0.1979526281356811,-1.3446965217590332,9.914283752441406,3.477452516555786,0.8483562469482422,-9.03060531616211
3421302968.0,0.3084360957145691,-1.282113552093506,9.768548011779783,3.596200466156006,0.8929250240325928,-9.086061477661133
3421311301.0,-0.0428287051618099,-1.0806827545166016,10.032297134399414,3.477170944213867,1.196761131286621,-9.254961013793944
3421319634.0,0.0879494622349739,-0.9808471202850342,9.910612106323242,3.3985350131988525,1.3040847778320312,-9.294458389282228
3421327967.0,0.1261264830827713,-1.1337640285491943,10.087407112121582,3.394116878509521,0.4036035537719726,-9.392779350280762
3421336300.0,0.1115837022662162,-1.0625264644622805,9.67020320892334,2.977219343185425,0.6746789813041687,-9.218652725219728
3421344633.0,0.0866088569164276,-1.18317711353302,9.98184871673584,2.903604030609131,1.338010549545288,-9.292292594909668
3421352966.0,0.2199124991893768,-0.9290093183517456,10.109552383422852,2.9331116676330566,1.1540237665176392,-9.24851894378662
3421361299.0,0.3605979382991791,-1.0183477401733398,9.991395950317385,2.834957838058472,0.0943116098642349,-9.267038345336914
3421369632.0,0.5884674191474915,-1.3135676383972168,9.55815315246582,2.4795095920562744,0.1668511629104614,-9.154415130615234
3421377965.0,0.3474402129650116,-1.598780632019043,9.323845863342283,2.428511381149292,0.9091261625289916,-9.220677375793455
3421386298.0,0.1374208778142929,-1.525133490562439,9.827853202819824,2.7048888206481934,1.6880292892456057,-9.212915420532228
3421394631.0,0.0002198348520323,-1.6008939743041992,10.29891300201416,2.844895839691162,1.299999117851257,-9.32961368560791
3421402964.0,0.1749226301908493,-1.131012797355652,10.333548545837402,2.71421217918396,0.4776798486709595,-9.384017944335938
3421411297.0,0.2058763653039932,-1.2920151948928833,10.13928508758545,2.67010498046875,0.308754026889801,-9.211097717285156
3421419630.0,0.3598524928092956,-1.0072287321090698,9.87020778656006,2.641698837280273,0.6972707509994507,-9.22910499572754
3421427963.0,0.6115437746047974,-1.3001813888549805,9.87663459777832,2.553278684616089,0.550270676612854,-9.118374824523926
3421436296.0,0.4725054800510406,-1.3560110330581665,9.61101245880127,2.033411979675293,0.562616765499115,-9.01753044128418
3421444629.0,0.3869599401950836,-1.5392637252807615,9.555423736572266,2.26240348815918,1.322616696357727,-8.998499870300293
3421452962.0,0.2336094379425048,-1.6270991563796997,10.03582763671875,2.4878854751586914,1.8841835260391235,-9.025625228881836
3421461295.0,0.3090493083000183,-1.893058180809021,10.16864776611328,2.678711414337158,1.0267468690872192,-8.924833297729492
3421469628.0,0.2451442927122116,-1.7182791233062744,9.890108108520508,2.9087274074554443,0.6398693323135376,-9.068069458007812
3421477961.0,0.1773638427257537,-2.054863929748535,9.703259468078612,3.284308195114136,1.2685705423355105,-9.065837860107422
3421486294.0,0.0903238728642463,-1.713150978088379,9.610376358032228,3.5603790283203125,1.3666476011276243,-9.09752368927002
3421494627.0,0.3478560447692871,-1.815935730934143,9.66497802734375,4.043463230133057,0.6736800074577332,-9.066146850585938
3421502960.0,0.5976278781890869,-1.5208535194396973,9.617080688476562,3.910524606704712,0.0815301090478897,-9.134765625
3421511293.0,0.7144720554351807,-1.527740478515625,9.215709686279297,3.961446523666382,0.9499295949935912,-9.07644271850586
3421519626.0,0.3915673494338989,-1.1945840120315552,9.583200454711914,4.109266757965088,2.3202147483825684,-9.144219398498535
3421527959.0,0.2912870943546295,-1.3057548999786377,10.193218231201172,4.049943923950195,2.3311262130737305,-8.98418140411377
3421536292.0,0.1364884227514267,-0.879259467124939,10.219564437866213,3.482614040374756,1.092754364013672,-9.138710021972656
3421544625.0,0.1134063005447387,-0.8913655281066895,9.842287063598633,3.501389265060425,1.3678001165390017,-9.17044734954834
3421552958.0,0.1628158390522003,-0.8319733738899231,10.065018653869627,3.446523666381836,1.9630495309829712,-9.25330924987793
3421561291.0,0.3408051431179046,-1.3277891874313354,10.307513236999512,3.0142064094543457,1.6885159015655518,-9.088199615478516
3421569624.0,0.2941332459449768,-1.1358052492141724,9.914728164672852,2.75606656074524,1.028719186782837,-9.160818099975586
3421577957.0,0.4101389944553375,-1.295081377029419,9.531428337097168,2.9063704013824463,1.5977391004562378,-9.093911170959473
3421586290.0,0.3723158538341522,-1.3415653705596924,9.679759979248049,2.761598587036133,1.973371863365173,-9.15333652496338
3421594623.0,0.207030788064003,-1.6465299129486084,9.855690956115724,2.7705893516540527,2.0532116889953613,-9.20190143585205
3421602956.0,-0.192327469587326,-1.158438801765442,9.918853759765623,2.5715668201446533,2.025881052017212,-9.335580825805664
3421611289.0,-0.0057458579540252,-0.9520419836044312,9.89875030517578,2.897815465927124,1.7993744611740112,-9.318881034851074
3421619622.0,0.0306281950324773,-1.2929391860961914,10.033222198486328,2.590495586395264,0.9985966086387634,-9.423130989074709
3421627955.0,0.3419683873653412,-1.802779078483581,9.628801345825195,2.3632726669311523,0.9938581585884094,-9.219526290893556
3421636288.0,0.1693964600563049,-1.589327335357666,9.49012851715088,2.6943612098693848,1.382707595825195,-9.178053855895996
3421644621.0,-0.0049179350025951,-1.514344334602356,9.889678001403809,3.081418037414551,2.1942179203033447,-9.274876594543455
3421652954.0,0.3387548625469208,-1.4946668148040771,10.281071662902832,2.925503969192505,1.5988661050796509,-9.13322925567627
3421661287.0,0.4854984283447265,-1.470969796180725,10.11036491394043,2.875300407409668,0.8003936409950256,-9.221957206726074
3421669620.0,0.0467163287103176,-1.4435325860977173,9.77099895477295,3.043252944946289,1.7638219594955444,-9.18735122680664
3421677953.0,-0.210399329662323,-1.2220512628555298,9.698591232299805,3.612478494644165,2.731374263763428,-9.298979759216309
3421686286.0,-0.3720081448554992,-1.1676243543624878,10.41225814819336,3.389608383178711,1.609752178192139,-9.34178066253662
3421694619.0,-0.2314808815717697,-1.1073768138885498,10.134796142578123,2.70207142829895,0.4057295024394989,-9.54559326171875
3421702952.0,-0.0013214197242632,-1.089791774749756,9.877086639404297,2.7414660453796387,0.6385628581047058,-9.487140655517578
3421711285.0,0.6091132164001465,-1.536526799201965,9.731661796569824,3.2454264163970947,1.1809186935424805,-9.325567245483398
3421719618.0,0.3969581425189972,-2.2281649112701416,9.580760955810549,3.1989617347717285,0.8523392677307129,-9.360426902770996
3421727951.0,-0.0178530104458332,-2.0042409896850586,9.064075469970703,3.4148128032684326,1.8247836828231807,-9.16061019897461
3421736284.0,-0.475948303937912,-1.667502760887146,9.966181755065918,4.135085582733154,2.494339942932129,-9.319418907165527
3421744617.0,-0.4490255415439605,-0.6966406106948853,10.78991413116455,4.253116130828857,1.8762173652648928,-9.48701286315918
3421752950.0,-0.3380773663520813,-0.8501802086830139,10.900812149047852,3.658558368682861,0.7768798470497131,-9.625075340270996
3421761283.0,-0.0611978508532047,-0.8073368668556213,10.382034301757812,3.2714760303497314,0.275301843881607,-9.548667907714844
3421769616.0,0.0020009488798677,-1.3155672550201416,9.945637702941896,3.2235515117645264,0.3821387887001037,-9.32100772857666
3421777949.0,-0.1890623271465301,-1.3584280014038086,9.501877784729004,3.169966459274292,1.0753880739212036,-9.365116119384766
3421786282.0,-0.3429811596870422,-1.6890761852264404,9.882339477539062,3.1883575916290283,1.337626576423645,-9.294137954711914
3421794615.0,-0.4800540208816528,-1.3861850500106812,9.897575378417969,2.960211515426636,0.9042849540710448,-9.332225799560549
3421802948.0,-0.4681297838687897,-1.3926578760147097,10.11484432220459,3.260307788848877,0.6623072028160095,-9.177927017211914
3421811281.0,-0.750400185585022,-1.07116961479187,9.814971923828123,3.028780937194824,0.5672785639762878,-9.2844820022583
3421819614.0,-0.8709319829940796,-1.3055001497268677,10.184388160705566,3.0142834186553955,0.3555256128311157,-9.31527042388916
3421827947.0,-0.7234057784080505,-1.14911150932312,10.18931770324707,2.671821117401123,-0.5108887553215027,-9.414448738098145
3421836280.0,-0.2593884170055389,-1.2765382528305054,10.12580108642578,2.720360040664673,-1.302855134010315,-9.277924537658691
3421844613.0,-0.1119634136557579,-0.9293690323829652,9.829882621765137,2.586909770965576,-1.4297481775283811,-9.30717658996582
3421852946.0,-0.1072018295526504,-1.2934517860412598,9.557391166687012,2.432046413421631,-0.4262849390506744,-9.291680335998535
3421861279.0,-0.2489150315523147,-1.4653664827346802,9.985604286193848,2.158563137054444,-0.3454976677894592,-9.254053115844728
3421869612.0,-0.0615927912294864,-1.860498070716858,10.102320671081545,2.2948567867279053,-0.8068869709968567,-9.135306358337402
3421877945.0,-0.3278156816959381,-1.4813233613967896,9.956212997436523,2.40346097946167,-1.0408730506896973,-9.247214317321776
3421886278.0,-0.4359197616577148,-1.388584017753601,9.875284194946287,3.068610906600952,-0.3747746646404266,-9.202489852905272
3421894611.0,-0.42550989985466,-1.2164885997772217,10.469860076904297,3.126934766769409,-0.7320164442062378,-9.352871894836426
3421902944.0,-0.1670892983675003,-1.2243523597717283,10.537854194641112,2.652200222015381,-1.935757398605347,-9.284225463867188
3421911277.0,-0.1163385808467865,-0.9188953042030334,9.972150802612305,2.406303882598877,-1.8303805589675903,-9.4320707321167
3421919610.0,0.1106762662529945,-1.321245193481445,9.588909149169922,2.9505040645599365,-1.0882080793380735,-9.323108673095703
3421927943.0,0.3381352722644806,-1.7998660802841189,9.51563549041748,3.1072118282318115,-1.3444015979766846,-9.326284408569336
3421936276.0,0.330949604511261,-2.359445095062256,9.44582176208496,2.979524850845337,-1.5652474164962769,-9.22659397125244
3421944609.0,-0.1296719908714294,-1.8183462619781487,9.245826721191406,3.331131219863892,-0.6702092289924622,-9.162121772766112
3421952942.0,-0.4143259227275848,-1.280664563179016,9.841569900512695,4.161058902740479,0.6704015135765076,-9.196139335632324
3421961275.0,-0.4241465330123901,-0.919211745262146,10.901376724243164,3.948946952819824,-0.4947774708271026,-9.380331039428713
3421969608.0,-0.1928988695144653,-1.192190408706665,10.734163284301758,2.987157821655273,-2.028352737426758,-9.454303741455078
3421977941.0,0.2816216349601745,-0.8894131183624268,10.210569381713867,2.911980152130127,-1.6940101385116575,-9.413142204284668
3421986274.0,0.4958059787750244,-0.9888098835945128,9.976129531860352,3.2590272426605225,-0.6827090382575989,-9.204180717468262
3421994607.0,0.0085928896442055,-0.8078778386116028,10.037328720092772,2.625305652618408,0.1138296648859977,-9.347723960876465
3422002940.0,0.1661823540925979,-1.1987714767456057,10.003836631774902,2.3685481548309326,0.1267648488283157,-9.368060111999512
3422011273.0,0.2384470701217651,-1.3065581321716309,9.948869705200195,2.3695216178894043,-0.839749813079834,-9.345545768737791
3422019606.0,-0.1318155974149704,-2.034665107727051,9.071462631225586,2.513345956802368,0.0072232144884765,-9.286941528320312
3422027939.0,-0.6838988661766052,-2.238054037094116,9.55587673187256,2.7437198162078857,1.1431119441986084,-9.19370460510254
3422036272.0,-0.7305833697319031,-1.9835494756698608,10.05920696258545,2.781501531600952,0.4074969291687011,-9.094066619873049
3422044605.0,-0.2635788321495056,-1.3405742645263672,10.683883666992188,3.0367722511291504,-0.9233546853065492,-9.296801567077637
3422052938.0,0.3526558876037597,-1.3657162189483645,10.272602081298828,2.916308641433716,-1.3771365880966189,-9.426512718200684
3422061271.0,0.3882311880588531,-1.5614842176437378,9.890460968017578,3.025374174118042,0.0830925852060318,-9.315577507019045
3422069604.0,0.3262239992618561,-1.7215197086334229,9.949466705322266,3.255364179611206,1.251665115356445,-9.323824882507324
3422077937.0,-0.0606241859495639,-1.4480620622634888,10.316560745239258,3.1098501682281494,0.6964510679244995,-9.287940979003906
3422086270.0,-0.0904729291796684,-1.6440589427947998,10.031423568725586,3.3025968074798584,0.3534252047538757,-9.132896423339844
3422094603.0,-0.2536710798740387,-1.6102495193481443,10.389602661132812,3.323241949081421,0.6143061518669128,-9.08773708343506
3422102936.0,-0.2137151062488556,-1.4986987113952637,10.404296875,3.212665557861328,1.428249716758728,-9.101442337036133
3422111269.0,-0.3126455247402191,-1.1680667400360107,10.53562068939209,3.320322036743164,0.8780560493469238,-9.14378261566162
3422119602.0,-0.0221568923443555,-1.2792733907699585,10.29677963256836,3.5096371173858643,0.6658420562744141,-9.222700119018556
3422127935.0,-0.1978855282068252,-1.3557385206222534,10.189279556274414,3.339430332183838,0.6786748170852661,-9.314987182617188
3422136268.0,-0.0013295302633196,-1.3053231239318848,9.968420028686523,3.488864183425904,1.126975178718567,-9.358762741088867
3422144601.0,-0.179367259144783,-1.367035150527954,10.145541191101074,3.612811088562012,0.9696269035339355,-9.297109603881836
3422152934.0,-0.2147151231765747,-1.2784714698791504,9.971453666687012,3.457614183425904,1.2098370790481567,-9.337656021118164
3422161267.0,-0.3690723180770874,-1.2995169162750244,10.038492202758787,3.390633344650269,1.0069724321365356,-9.334429740905762
3422169600.0,-0.5598938465118408,-1.1683825254440308,9.881790161132812,3.433152675628662,1.0991836786270142,-9.314552307128906
3422177933.0,-0.645605206489563,-1.3751407861709597,10.142512321472168,3.5321521759033203,1.2140891551971436,-9.33407211303711
3422186266.0,-0.3593722879886627,-1.3729435205459597,10.335034370422363,3.351494789123535,0.7955269813537598,-9.293984413146973
3422194599.0,-0.3299300670623779,-1.2543929815292358,10.353819847106934,3.2200167179107666,0.3652333915233612,-9.329127311706545
3422202932.0,-0.2024208158254623,-0.809368908405304,9.955452919006348,3.2009084224700928,0.6969888210296631,-9.247493743896484
3422211265.0,-0.1299085617065429,-1.168684005737305,10.130617141723633,3.0844407081604004,1.216548204421997,-9.342345237731934
3422219598.0,-0.0361951142549514,-1.216067910194397,9.946100234985352,2.7027370929718018,0.8171196579933167,-9.2725191116333
3422227931.0,-0.3358268737792969,-1.4992717504501345,9.608633995056152,2.734729766845703,0.8994952440261841,-9.193552017211914
3422236264.0,-0.6189352869987488,-1.6612457036972046,9.275420188903809,2.983802080154419,1.2189302444458008,-9.219293594360352
3422244597.0,-0.9922176599502563,-1.8887460231781008,9.735916137695312,3.133004903793335,1.2005391120910645,-9.14941692352295
3422252930.0,-0.6335092782974243,-1.4423620700836182,9.957778930664062,3.0360047817230225,0.3034775257110595,-9.12165355682373
3422261263.0,-0.2571162581443786,-1.1230785846710205,9.950733184814451,3.2261898517608643,-0.7565292716026306,-9.204922676086426
3422269596.0,0.0113074444234371,-1.0334666967391968,9.515806198120115,3.127779960632324,0.0401118956506252,-9.256793022155762
3422277929.0,-0.0751672908663749,-1.6433414220809937,9.510998725891112,2.9030404090881348,0.9775673151016236,-9.172035217285156
3422286262.0,-0.3860607147216797,-1.6843504905700684,9.609312057495115,2.930448055267334,1.2623977661132812,-9.03786849975586
3422294595.0,-0.6039736866950989,-1.83105731010437,9.850401878356934,3.2238335609436035,0.760819673538208,-9.041864395141602
3422302928.0,-0.3398580551147461,-1.4967902898788452,9.856011390686035,3.512274980545044,0.1290445178747177,-9.126261711120604
3422311261.0,-0.1897783726453781,-1.4710861444473269,9.812884330749512,3.60064435005188,-0.1029564216732978,-9.13274383544922
3422319594.0,-0.2517826855182647,-1.2211638689041138,9.601851463317873,3.637068033218384,0.7823099493980408,-9.148213386535645
3422327927.0,-0.3601489067077636,-1.4443591833114624,9.81846046447754,3.84554123878479,1.0533342361450195,-9.073060989379885
3422336260.0,-0.3289898633956909,-1.1284184455871582,9.980179786682127,3.7128093242645264,0.5051383376121521,-9.107999801635742
3422344593.0,-0.2284675538539886,-1.1535414457321167,9.88123607635498,3.55761194229126,-0.1888665556907653,-9.1849946975708
3422352926.0,-0.1028103455901146,-0.926519215106964,9.7079496383667,3.589322566986084,0.5933281183242798,-9.199007034301758
3422361259.0,-0.1637797057628631,-1.357512354850769,9.927045822143556,3.70766019821167,1.1499511003494265,-9.127466201782228
3422369592.0,-0.4652424454689026,-1.192156195640564,9.815956115722656,3.433613538742065,0.9444992542266846,-9.075161933898926
3422377925.0,-0.5534977912902832,-1.1622908115386963,9.891227722167969,3.2602312564849854,0.6185837984085083,-9.116785049438477
3422386258.0,-0.438524067401886,-0.9327874779701232,10.086193084716797,3.0515525341033936,0.410442590713501,-9.09959888458252
3422394591.0,-0.2650948166847229,-1.3304040431976318,10.288272857666016,3.0597736835479736,0.6390495300292969,-9.185558319091797
3422402924.0,-0.2252904623746872,-1.1420546770095823,10.247344017028809,2.9752986431121826,0.641329288482666,-9.143757820129396
3422411257.0,-0.2983245551586151,-1.0560320615768433,10.011058807373049,3.0581092834472656,0.950262486934662,-9.168397903442385
3422419590.0,-0.2640682458877563,-0.8001293540000916,9.891783714294434,2.7065799236297607,0.6360015273094177,-9.089611053466797
3422427923.0,-0.2407417744398117,-1.089272379875183,9.809547424316406,2.413783311843872,0.5760898590087891,-9.197547912597656
3422436256.0,-0.4592537879943847,-1.3245654106140137,9.925532341003418,2.1873278617858887,1.1771535873413086,-9.04936981201172
3422444589.0,-0.6167162656784058,-1.4258207082748413,10.011162757873535,2.4460315704345703,1.3728207349777222,-9.033975601196287
3422452922.0,-0.7240284085273743,-1.200362205505371,10.186890602111816,2.471569061279297,0.7715520262718201,-9.109896659851074
3422461255.0,-0.5634604096412659,-1.3712592124938965,10.05372142791748,2.4887561798095703,0.3653871119022369,-9.096320152282717
3422469588.0,-0.2835006713867187,-1.1766493320465088,10.11420726776123,2.078108787536621,0.4056527018547058,-9.15897274017334
3422477921.0,-0.1888947784900665,-1.0674952268600464,10.090718269348145,2.3753364086151123,0.7202468514442444,-9.160228729248049
3422486254.0,-0.4032100439071655,-1.0179022550582886,10.077508926391602,2.2463176250457764,0.8698340058326721,-9.228105545043944
3422494587.0,-0.5141940116882324,-1.376054763793945,9.865277290344238,2.090864658355713,0.8469859957695007,-9.254923820495604
3422502920.0,-0.5842341184616089,-1.538237452507019,10.065674781799316,2.002495527267456,0.4601598381996155,-9.1740083694458
3422511253.0,-0.4284765422344208,-1.8124178647994995,9.94007396697998,2.3068182468414307,0.4595193862915039,-9.070629119873049
3422519586.0,-0.4107497930526733,-1.444913029670715,9.787671089172363,2.666954517364502,0.2826787531375885,-8.932928085327148
3422527919.0,-0.5822442173957825,-1.3307368755340576,9.912342071533203,2.862647294998169,0.6311348676681519,-8.995041847229004
3422536252.0,-0.5118516087532043,-1.0396462678909302,10.04516887664795,2.704761266708374,0.354577898979187,-9.216708183288574
3422544585.0,-0.3838233649730682,-1.2482233047485352,10.215495109558104,2.6687474250793457,0.0235907137393951,-9.166861534118652
3422552918.0,-0.2359201312065124,-1.169567346572876,10.052959442138672,2.35955810546875,0.1477173268795013,-9.069324493408203
3422561251.0,-0.0841195434331893,-1.4075994491577148,9.714195251464844,2.6052753925323486,0.7762394547462463,-8.92967414855957
3422569584.0,-0.4138894379138946,-1.736489176750183,9.714378356933594,2.8396201133728027,0.6202743649482727,-9.085638999938965
3422577917.0,-0.3156542181968689,-1.8390758037567136,9.501547813415527,2.9692282676696777,0.5301891565322876,-9.040046691894531
3422586250.0,-0.4464071989059448,-1.6661698818206787,9.831476211547852,3.235513687133789,0.0962583124637603,-9.060845375061035
3422594583.0,-0.3214192688465118,-1.774831771850586,9.582951545715332,3.464735269546509,0.5749883651733398,-9.075623512268066
3422602916.0,-0.2104289084672927,-1.645078182220459,10.031957626342772,3.630535840988159,0.577882707118988,-8.917583465576172
3422611249.0,-0.0752760246396064,-1.3609089851379397,9.802306175231934,3.542372226715088,0.2651841640472412,-8.69814682006836
3422619582.0,-0.3910836279392242,-1.2816299200057983,9.728352546691896,3.3759562969207764,0.4534744620323181,-8.900628089904785
3422627915.0,-0.2076894044876098,-1.1976900100708008,9.673972129821776,3.436969995498657,0.9841248393058776,-8.858877182006836
3422636248.0,-0.2883090376853943,-1.2200626134872437,9.898022651672363,3.228264808654785,0.5315465927124023,-8.787668228149414
3422644581.0,-0.416651964187622,-1.2561055421829224,9.546969413757324,2.8942296504974365,0.4961990416049957,-8.754524230957031
3422652914.0,-0.3081699013710022,-1.339962363243103,9.592068672180176,3.09696626663208,0.9873008728027344,-8.649608612060547
3422661247.0,-0.044022798538208,-1.396504044532776,9.77814769744873,3.01932954788208,0.9192693829536438,-8.650171279907227
3422669580.0,-0.1636584401130676,-1.5539238452911377,9.710296630859377,2.932164192199707,0.5437390208244324,-8.690027236938477
3422677913.0,-0.2080047577619552,-1.256564974784851,9.43161392211914,3.066357135772705,1.0203688144683838,-8.68247127532959
3422686246.0,-0.3470985889434814,-1.2427667379379272,9.729717254638672,3.250574827194214,1.4759949445724487,-8.68395709991455
3422694579.0,-0.2632770538330078,-1.114638328552246,9.935598373413086,2.881934881210327,1.3440815210342407,-8.706830978393555
3422702912.0,-0.313969612121582,-1.3257538080215454,10.044651985168455,2.7995848655700684,1.0616332292556765,-8.756547927856445
3422711245.0,-0.2291929572820663,-1.4918477535247805,9.76217269897461,3.03554368019104,1.2903428077697754,-8.690898895263672
3422719578.0,-0.2331060022115707,-1.779185175895691,9.772891998291016,3.539836406707764,1.2082747220993042,-8.612313270568848
3422727911.0,-0.1620882898569107,-1.5825506448745728,9.491530418395996,3.635300397872925,0.9536179900169371,-8.551275253295898
3422736244.0,-0.2356966882944107,-1.5947891473770142,9.542649269104004,3.854789257049561,1.0596354007720947,-8.460293769836426
3422744577.0,-0.2184974253177642,-1.1553003787994385,9.78010082244873,3.916775941848755,1.867611050605774,-8.39018726348877
3422752910.0,-0.2268362492322921,-1.019311785697937,10.157087326049805,4.1517863273620605,1.6879013776779177,-8.434115409851074
3422761243.0,-0.1162753775715828,-0.8657017350196838,10.201817512512209,3.820466041564941,1.2756147384643557,-8.391799926757812
3422769576.0,-0.42189422249794,-1.1907345056533811,9.94292163848877,3.690192461013794,1.8760637044906616,-8.223233222961426
3422777909.0,-0.665328860282898,-1.0743842124938965,9.989778518676758,3.8377301692962646,2.5334019660949707,-8.199002265930176
3422786242.0,-0.6173979640007019,-1.0835551023483276,10.447489738464355,4.100839614868164,1.6572412252426147,-8.135607719421387
3422794575.0,-0.3514294922351837,-0.8213868737220764,10.099648475646973,3.875946760177612,0.4759637713432312,-8.282658576965332
3422802908.0,-0.0604602135717868,-1.1934096813201904,9.880070686340332,3.9500226974487305,0.7636371850967407,-8.021034240722656
3422811241.0,0.0020089540630578,-1.2357912063598633,9.78272533416748,3.9413909912109375,1.7996565103530884,-7.996931552886963
3422819574.0,-0.4295675754547119,-1.0683313608169556,10.117502212524414,4.089927673339844,2.3587894439697266,-7.8229079246521
3422827907.0,-0.9497609734535216,-0.639552116394043,10.187479972839355,3.618395090103149,2.254411220550537,-7.834946632385254
3422836240.0,-0.7818514704704285,-0.6177316904067993,10.505311965942385,3.561070442199707,1.6895407438278198,-7.808052062988281
3422844573.0,-0.553862452507019,-0.6546974182128906,10.49425983428955,3.380336046218872,0.676395058631897,-7.6906352043151855
3422852906.0,-0.4003885090351105,-1.1573073863983154,10.19958782196045,3.272090196609497,1.1621946096420288,-7.593327045440674
3422861239.0,-0.6034268736839294,-0.8609439730644226,9.90537452697754,3.3142004013061523,1.3804023265838623,-7.490793228149414
3422869572.0,-0.7162413597106934,-1.234481930732727,9.800782203674316,3.572801351547241,1.567668080329895,-7.330626964569092
3422877905.0,-0.7975948452949524,-1.3467438220977783,9.755499839782717,3.383308172225952,0.5574682950973511,-7.316515922546387
3422886238.0,-0.7344666719436646,-1.2819689512252808,9.720593452453612,3.226574182510376,0.4075481593608856,-7.1476149559021
3422894571.0,-0.8779916763305664,-0.726256251335144,9.855629920959473,3.49590802192688,0.9636076092720032,-7.247792243957519
3422902904.0,-0.759005606174469,-0.4851698279380798,10.076635360717772,3.7701334953308105,0.9411182403564452,-7.200558185577393
3422911237.0,-0.8742480874061584,-0.698981523513794,10.438278198242188,3.233490467071533,0.1973320841789245,-7.289082527160644
3422919570.0,-0.936925768852234,-1.0684802532196045,10.065591812133787,2.8619041442871094,0.0177506655454635,-7.09979248046875
3422927903.0,-0.9739197492599488,-0.9635173678398132,9.894832611083984,3.302238702774048,0.1008688732981681,-6.987782001495361
3422936236.0,-0.7095274925231934,-0.9552282094955444,9.993644714355469,3.602104663848877,-0.3746978938579559,-6.937706470489502
3422944569.0,-0.47052001953125,-1.107168197631836,9.961194038391112,3.228905200958252,-1.3531874418258667,-6.906712532043457
3422952902.0,-0.2696914374828338,-0.8405592441558838,9.377725601196287,3.134183406829834,-0.9947417378425598,-6.883864879608154
3422961235.0,-0.6097155809402466,-0.7333722710609436,9.543696403503418,3.608021974563599,0.0411108545958995,-6.798519134521484
3422969568.0,-0.8214735388755798,-0.6143743395805359,9.823406219482422,3.6611714363098153,0.230451300740242,-6.7762603759765625
3422977901.0,-1.005351185798645,-0.7948741912841797,10.319815635681152,3.2674288749694824,-1.06203031539917,-6.777078151702881
3422986234.0,-0.9171717166900636,-0.7172172665596008,9.883930206298828,2.949838161468506,-1.5309500694274902,-6.774901866912842
3422994567.0,-0.594842255115509,-0.6054583787918091,9.869732856750488,3.2136387825012207,-1.109775185585022,-6.703412055969238
3423002900.0,-0.4495378136634826,-0.5927378535270691,9.82183837890625,3.305619716644287,-0.7503818869590759,-6.644165992736816
3423011233.0,-0.2913492619991302,-1.2108469009399414,9.853843688964844,3.033417224884033,-1.0170516967773438,-6.716501235961914
3423019566.0,-0.1329055875539779,-1.176802635192871,9.603809356689451,2.9802677631378174,-1.1611062288284302,-6.807201385498047
3423027899.0,-0.19355408847332,-1.0436419248580933,9.628276824951172,3.275830745697021,-0.5891658663749695,-6.627696990966797
3423036232.0,-0.4324483573436737,-0.6586751341819763,9.880033493041992,3.393066883087158,0.0620376802980899,-6.697879314422607
3423044565.0,-0.5948411226272583,-0.5458575487136841,10.098588943481444,3.113359212875366,0.1693613529205322,-6.666553497314453
3423052898.0,-0.5629703402519226,-0.5540570020675659,10.082846641540527,2.598641395568848,-0.7909292578697205,-6.666784286499023
3423061231.0,-0.3308370411396026,-0.6609541177749634,9.66025733947754,2.461809635162353,-0.8610096573829651,-6.543066024780273
3423069564.0,-0.2500836849212646,-0.9179745316505432,9.59466552734375,2.567955017089844,-0.3272346258163452,-6.490839004516602
3423077897.0,-0.1032656207680702,-1.352342963218689,9.833688735961914,2.597052812576294,0.2747895121574402,-6.528261184692383
3423086230.0,-0.3411330580711365,-1.2884341478347778,9.837913513183594,2.614521741867065,0.1614209115505218,-6.361794948577881
3423094563.0,-0.4847553670406341,-1.03607177734375,9.660764694213867,3.038334846496582,0.2838569283485412,-6.424318790435791
3423102896.0,-0.508228063583374,-0.9602429270744324,9.748729705810549,2.966282367706299,0.3978915214538574,-6.649109840393066
3423111229.0,-0.3357527256011963,-0.9046634435653688,9.844011306762695,2.7141356468200684,0.5880260467529297,-6.63727617263794
3423119562.0,-0.1758935898542404,-0.9841991066932678,9.862603187561035,2.652584791183472,0.3192302286624908,-6.779153823852539
3423127895.0,-0.2179681658744812,-1.0795191526412964,9.774879455566406,2.788135051727295,0.9202682971954346,-6.754589557647705
3423136228.0,-0.1682393699884414,-1.4947710037231443,10.112034797668455,3.307310104370117,1.041090726852417,-6.663351535797119
3423144561.0,-0.0982548370957374,-1.356448531150818,9.869274139404297,3.3176581859588623,0.7922481894493103,-6.750106334686279
3423152894.0,-0.1009870320558548,-1.32503342628479,9.85753059387207,3.630869626998901,0.8802333474159241,-6.6566925048828125
3423161227.0,-0.3162656724452972,-1.0668636560440063,9.494966506958008,3.754842758178711,1.5812437534332275,-6.740195274353027
3423169560.0,-0.5855646133422852,-1.160905838012695,9.910266876220703,3.874512434005737,2.1100752353668213,-6.739656448364258
3423177893.0,-0.678100049495697,-0.9877504706382751,10.12317943572998,3.621392011642456,1.6507863998413086,-6.704437255859375
3423186226.0,-0.4641464352607727,-0.9211337566375732,10.133744239807127,3.8209786415100098,1.4636231660842896,-6.758611679077148
3423194559.0,-0.2869302332401275,-1.1217093467712402,10.36538314819336,3.90863037109375,1.64402437210083,-6.770778656005859
3423202892.0,-0.1995129436254501,-0.8839614391326904,10.09772491455078,3.931657552719116,2.253079652786255,-6.677106857299805
3423211225.0,-0.2954209744930267,-0.6657573580741882,10.274535179138184,3.890752077102661,2.0435807704925537,-6.674776554107666
3423219558.0,-0.4291468858718872,-0.6633747816085815,9.85894775390625,3.7722089290618896,1.9603601694107056,-6.678643703460693
3423227891.0,-0.5606697201728821,-0.9216833710670472,10.073365211486816,3.737424850463867,2.2107393741607666,-6.604567527770996
3423236224.0,-0.4079130887985229,-0.8751818537712097,10.097509384155272,3.563760280609131,2.0846402645111084,-6.546090602874756
3423244557.0,-0.4019477665424347,-0.7454624772071838,10.067781448364258,3.570061683654785,1.940867900848389,-6.579645156860352
3423252890.0,-0.5108864903450012,-0.4440100193023681,9.898720741271973,3.337663650512696,2.266578435897827,-6.602083206176758
3423261223.0,-0.7340335249900818,-0.7024288177490234,10.211034774780272,2.9729673862457275,2.68872618675232,-6.440378665924072
3423269556.0,-0.806829571723938,-0.6107625365257263,10.235933303833008,2.7544524669647217,2.4436752796173096,-6.422501087188721
3423277889.0,-0.8300280570983887,-0.8316296339035034,10.133442878723145,2.6994078159332275,1.921656847000122,-6.440226078033447
3423286222.0,-0.7682775855064392,-0.7703787684440613,9.895965576171877,2.810650110244751,1.7651536464691162,-6.442299842834473
3423294555.0,-0.5829495191574097,-0.9067248106002808,9.729418754577637,2.6964874267578125,1.9847447872161863,-6.362640380859375
3423302888.0,-0.5624253749847412,-0.9246694445610046,9.704710960388184,2.630760908126831,1.6787056922912598,-6.259925842285156
3423311221.0,-0.4199935495853424,-1.097320795059204,9.50376319885254,2.8921287059783936,1.6591875553131104,-6.293302059173584
3423319554.0,-0.6094777584075928,-0.9677684307098388,9.512655258178713,2.993869066238404,1.634111404418945,-6.300397396087647
3423327887.0,-0.8414639234542847,-0.7190771102905273,9.64235019683838,3.0811877250671387,2.148855209350586,-6.317892074584961
3423336220.0,-0.9551896452903748,-0.6858479380607605,10.094179153442385,2.8974826335906982,1.9937608242034912,-6.312768936157227
3423344553.0,-0.8937748074531555,-0.8324368000030518,10.223146438598633,2.818436622619629,1.6055772304534912,-6.322707176208496
3423352886.0,-0.8303758502006531,-0.8944500088691711,10.013166427612305,2.9897704124450684,1.0567666292190552,-6.209980010986328
3423361219.0,-0.9064651727676392,-0.809581458568573,9.656707763671877,3.168890953063965,1.1355302333831787,-6.31038761138916
3423369552.0,-0.7582491636276245,-1.0509405136108398,9.592458724975586,3.3941681385040283,0.931999683380127,-6.185364246368408
3423377885.0,-0.6673231720924377,-1.1052626371383667,9.564449310302734,3.2523930072784424,0.733104944229126,-6.179011344909668
3423386218.0,-0.4125891625881195,-1.1140698194503784,9.409201622009276,3.4220871925354004,0.6296234726905823,-5.995639324188232
3423394551.0,-0.5161609053611755,-0.9870538115501404,9.397417068481444,3.765497922897339,0.77273029088974,-6.1425628662109375
3423402884.0,-0.7444799542427063,-0.8438780307769775,9.549149513244627,3.878072261810303,1.350612998008728,-5.946075916290283
3423411217.0,-0.9649993181228638,-0.8514469265937805,10.020999908447266,3.820876121520996,1.0014910697937012,-5.941183567047119
3423419550.0,-1.0575679540634155,-0.8401249647140503,10.290078163146973,3.736809253692627,0.484365165233612,-5.707043647766113
3423427883.0,-0.8830196857452393,-0.6396607756614685,9.919074058532717,3.8694908618927,-0.2603814899921417,-5.787113189697266
3423436216.0,-0.5997084975242615,-0.5652214884757996,9.48422622680664,4.070486068725586,-0.3993387222290039,-5.647976875305176
3423444549.0,-0.4598899781703949,-1.0274546146392822,9.462194442749023,3.86088490486145,-0.367474615573883,-5.591523170471191
3423452882.0,-0.4159526526927948,-1.0461657047271729,9.44571304321289,3.644034385681152,0.1683879941701889,-5.476310253143311
3423461215.0,-0.5712072849273682,-0.9809278845787048,9.84873867034912,3.9549400806427,0.37404465675354,-5.399570465087891
3423469548.0,-0.8064846992492676,-0.4473039209842682,9.991899490356444,4.182010650634766,0.3344194293022156,-5.357434749603272
3423477881.0,-0.6499598026275635,-0.4382200241088867,10.206278800964355,3.885422706604004,0.027970740571618,-5.245883941650391
3423486214.0,-0.7177255749702454,-0.4368409812450409,10.165223121643066,3.494140148162842,-0.4979791343212127,-5.1262407302856445
3423494547.0,-0.492169976234436,-0.63193678855896,10.01894760131836,3.433101892471313,-0.250084638595581,-5.032442092895508
3423502880.0,-0.4325253367424011,-0.6718337535858154,10.06077003479004,3.594522476196289,-0.5035374164581299,-4.915743350982666
3423511213.0,-0.4280666410923004,-0.7406578063964844,9.8230619430542,3.572340726852417,-0.1836156398057937,-4.825401782989502
3423519546.0,-0.498386412858963,-0.6785283088684082,9.796382904052734,3.547853708267212,-0.40533247590065,-4.813414096832275
3423527879.0,-0.5407039523124695,-0.4802022278308868,9.754677772521973,3.4976747035980225,-0.2066684514284134,-4.80337381362915
3423536212.0,-0.5636810660362244,-0.4106752872467041,10.011411666870115,3.4347407817840576,0.0272791590541601,-4.766258239746094
3423544545.0,-0.7624459862709045,-0.1597666591405868,9.991066932678224,3.250651359558105,0.0993320047855377,-4.7334980964660645
3423552878.0,-0.6827974319458008,-0.2711553573608398,10.0473051071167,3.197783231735229,-0.1249078065156936,-4.733856201171875
3423561211.0,-0.6378944516181946,-0.6016024351119995,9.986863136291504,3.0456349849700928,-0.5046900510787964,-4.761724472045898
3423569544.0,-0.2684816122055053,-1.0516995191574097,9.946415901184082,3.2447855472564697,-0.5213137269020081,-4.592158317565918
3423577877.0,-0.3053177893161773,-0.826058566570282,9.723382949829102,3.9018421173095694,-0.6065066456794739,-4.571513175964356
3423586210.0,-0.3907273709774017,-0.7011039853096008,9.67713451385498,4.151760578155518,0.1523022353649139,-4.651916980743408
3423594543.0,-0.5140649676322937,-0.6430953145027161,9.886799812316896,4.133881568908691,-0.0592585355043411,-4.545540809631348
3423602876.0,-0.5073555111885071,-0.5846282243728638,9.903862953186035,4.076838970184326,-0.1823349446058273,-4.487601280212402
3423611209.0,-0.296460747718811,-0.6605746150016785,10.002098083496094,4.327934265136719,-0.4626827239990234,-4.360913276672363
3423619542.0,-0.5218529105186462,-0.3367901742458343,9.681321144104004,4.354676246643066,0.0662640333175659,-4.215808868408203
3423627875.0,-0.5690786242485046,-0.2805755138397217,10.080865859985352,4.518889427185059,0.4274503886699676,-4.194523811340332
3423636208.0,-0.6663879156112671,-0.1773013174533844,10.315337181091309,4.2388997077941895,-0.0948110893368721,-4.106204986572266
3423644541.0,-0.465147852897644,-0.0613166764378547,10.219016075134276,4.032731056213379,-0.4903717339038849,-4.033025741577148
3423652874.0,-0.3222864270210266,0.136378064751625,9.803080558776855,4.12576150894165,-0.5728239417076111,-4.033461093902588
3423661207.0,-0.2377214878797531,-0.0635153129696846,9.829458236694336,3.980656862258911,0.0127558885142207,-3.923908710479736
3423669540.0,-0.305048406124115,-0.401273101568222,9.987305641174316,3.5046932697296143,0.0241798367351293,-3.8341050148010254
3423677873.0,-0.356652170419693,-0.3798727393150329,9.94222640991211,3.32273006439209,0.3278109729290008,-3.751089096069336
3423686206.0,-0.402557909488678,-0.2226585000753402,10.184864044189451,3.6514370441436768,0.3039641082286834,-3.6522696018218994
3423694539.0,-0.4361104071140289,0.0265070535242557,10.05734634399414,3.465349674224853,0.3268376588821411,-3.4438209533691406
3423702872.0,-0.5123102068901062,-0.0690659806132316,10.193747520446776,3.0085713863372803,0.1774041950702667,-3.5752224922180176
3423711205.0,-0.5865151286125183,-0.0858804956078529,9.960094451904297,2.806910276412964,0.3353159725666046,-3.4888765811920166
3423719538.0,-0.354960948228836,-0.4387267529964447,10.093238830566406,2.848968982696533,0.3976610004901886,-3.373382329940796
3423727871.0,-0.4093095064163208,-0.4834124743938446,9.965620040893556,2.9848527908325195,0.0604495964944362,-3.3698980808258057
3423736204.0,-0.219691202044487,-0.4271365404129028,9.689260482788086,2.918614387512207,0.6721944808959961,-3.264547109603882
3423744537.0,-0.1884283572435379,-0.4409882426261902,9.813464164733888,3.00916051864624,0.5436877608299255,-3.286216974258423
3423752870.0,-0.38243168592453,-0.400332361459732,9.626907348632812,3.040768384933472,0.9611486196517944,-3.1928787231445312
3423761203.0,-0.5517693161964417,-0.5143010020256042,9.838482856750488,3.073068141937256,1.205943942070007,-3.274357557296753
3423769536.0,-0.7367143034934998,-0.2960245013236999,9.9794282913208,3.099527597427368,1.1769229173660278,-3.373433351516724
3423777869.0,-0.6182205677032471,-0.3155149519443512,10.09030055999756,3.250190496444702,0.6904829144477844,-3.38680386543274
3423786202.0,-0.5752052068710327,-0.5161524415016174,9.921542167663574,3.3673245906829834,0.4716861546039581,-3.3717942237854004
3423794535.0,-0.2531217634677887,-0.3998417258262634,9.91270637512207,3.3966009616851807,0.7297751307487488,-3.3673884868621826
3423802868.0,-0.3235827088356018,-0.2635990083217621,9.883313179016112,3.59004020690918,0.7569774985313416,-3.4485340118408203
3423811201.0,-0.2787073254585266,-0.1284822523593902,9.719964027404783,3.4873270988464355,1.1534602642059326,-3.433985471725464
3423819534.0,-0.345874011516571,-0.3116979300975799,9.870222091674805,3.3190672397613525,1.1412935256958008,-3.535930156707764
3423827867.0,-0.391983300447464,-0.2205359190702438,9.946349143981934,2.9939968585968018,1.254098653793335,-3.3372914791107178
3423836200.0,-0.4567025601863861,-0.0859601125121116,10.060531616210938,3.133620023727417,1.2402925491333008,-3.340135097503662
3423844533.0,-0.6951864361763,0.2088503688573837,10.099328994750977,3.0734267234802246,1.4292486906051636,-3.454732894897461
3423852866.0,-0.42583829164505,0.0873893350362777,10.338098526000977,2.7942311763763428,1.3652386665344238,-3.4282479286193848
3423861199.0,-0.4899686872959137,-0.0519775450229644,10.1841459274292,2.5328891277313232,0.7312864065170288,-3.5036814212799072
3423869532.0,-0.4590588212013244,0.0951229557394981,9.91277313232422,2.504790544509888,1.275307059288025,-3.399098873138428
3423877865.0,-0.4830091297626495,-0.2014712244272232,9.77768325805664,2.7003040313720703,1.3804279565811155,-3.431859016418457
3423886198.0,-0.4681175053119659,-0.4475101232528686,9.757086753845217,2.3255419731140137,1.2318142652511597,-3.415210247039795
3423894531.0,-0.3995678722858429,-0.8387319445610046,9.659639358520508,2.348210573196411,0.8109210729598999,-3.320488452911377
3423902864.0,-0.6541064381599426,-0.5277263522148132,9.618210792541504,2.530404567718506,1.438188076019287,-3.374176263809204
3423911197.0,-0.6331086754798889,-0.1778520047664642,10.066490173339844,2.621950149536133,2.259406328201294,-3.173591136932373
3423919530.0,-0.7097366452217102,-0.0751840323209762,10.576272010803224,2.47556471824646,1.5323458909988403,-3.2834246158599854
3423927863.0,-0.5040846467018127,-0.0833487063646316,10.193078994750977,1.966506838798523,0.7142528295516968,-3.402735471725464
3423936196.0,-0.5525076985359192,-0.4050411880016327,9.898429870605469,2.085433959960937,0.8899152278900146,-3.409010887145996
3423944529.0,-0.6140631437301636,-0.4408684074878692,9.735395431518556,2.3518736362457275,1.7734016180038452,-3.166368007659912
3423952862.0,-0.6202403903007507,-0.6166216731071472,10.182605743408203,2.178516149520874,1.4240233898162842,-3.1831958293914795
3423961195.0,-0.6481230854988098,-0.2748644351959228,9.888211250305176,1.8943263292312624,0.6784442067146301,-3.3355495929718018
3423969528.0,-0.4814310371875763,-0.2968052327632904,9.797795295715332,2.088379383087158,0.8456282019615173,-3.200767040252685
3423977861.0,-0.6647371649742126,-0.4035265445709228,9.670982360839844,2.1915030479431152,1.3133699893951416,-3.318208932876587
3423986194.0,-0.6940677165985107,-0.57807856798172,9.809819221496582,2.081284523010254,1.3980249166488647,-3.266749858856201
3423994527.0,-0.9219709634780884,-0.6918472647666931,9.725234985351562,2.079542636871338,0.8554384708404541,-3.307271242141724
3424002860.0,-0.7419831156730652,-0.7101046442985535,9.777844429016112,2.333738327026367,0.7698101997375488,-3.2629330158233643
3424011193.0,-0.5740042328834534,-0.7842153906822205,9.75168228149414,2.6622159481048584,0.5151023268699646,-3.3305552005767822
3424019526.0,-0.5124225616455078,-0.7790526151657104,9.700437545776367,2.7798874378204346,0.61476731300354,-3.394667148590088
3424027859.0,-0.4244454503059387,-0.7695106863975525,9.59691333770752,2.961261749267578,0.9917063117027284,-3.3610613346099854
3424036192.0,-0.5766599774360657,-0.6548020839691162,9.668334007263184,3.279953956604004,0.6882545948028564,-3.4905669689178467
3424044525.0,-0.4625425338745117,-0.6245226860046387,9.722800254821776,3.383537769317627,1.065321683883667,-3.31564736366272
3424052858.0,-0.4544680714607239,-0.7217593789100647,9.78909397125244,3.34511661529541,0.7813879251480103,-3.277738332748413
3424061191.0,-0.5162078738212585,-0.4636000096797943,9.750152587890623,3.501363754272461,0.8488814234733582,-3.1899330615997314
3424069524.0,-0.5022771954536438,-0.524331271648407,9.763615608215332,3.692394733428955,0.8738552331924438,-3.2493326663970947
3424077857.0,-0.4319770634174347,-0.3547829091548919,9.79369068145752,3.601540327072144,0.8713194131851196,-3.258988857269287
3424086190.0,-0.3622834384441376,-0.2547575533390045,9.826827049255373,3.4230096340179443,0.7729095220565796,-3.111553430557251
3424094523.0,-0.5229966640472412,-0.2250497192144394,9.655473709106444,3.4400432109832764,1.0293080806732178,-3.161782741546631
3424102856.0,-0.3291560411453247,-0.3990053236484527,9.637640953063965,3.353723287582397,1.3260489702224731,-3.110964298248291
3424111189.0,-0.4056205451488495,-0.7369452714920044,9.829812049865724,3.464761018753052,0.7480381727218628,-3.043137788772583
3424119522.0,-0.4447123110294342,-0.5884572863578796,9.502068519592283,3.376391649246216,0.8814626932144165,-2.987734317779541
3424127855.0,-0.4371181726455688,-0.4998320341110229,9.685040473937988,3.5820226669311523,1.3953099250793457,-2.901977777481079
3424136188.0,-0.4798365235328674,-0.3654061257839203,9.871407508850098,3.5011332035064697,1.4861379861831665,-2.9534878730773926
3424144521.0,-0.338482528924942,-0.2832638621330261,9.987370491027832,3.336689710617065,1.0247231721878052,-2.8767991065979004
3424152854.0,-0.4052799642086029,-0.2098361551761627,9.849275588989258,3.3025715351104736,0.732541561126709,-2.857870101928711
3424161187.0,-0.3383725583553314,-0.1049997583031654,9.652091979980469,3.311254501342773,1.465620994567871,-2.860456943511963
3424169520.0,-0.4219987988471985,-0.5544742345809937,9.82927703857422,3.359896183013916,1.4490230083465576,-2.7668113708496094
3424177853.0,-0.5783939361572266,-0.3216713666915893,9.641032218933104,3.241276741027832,1.3967700004577637,-2.654749155044556
3424186186.0,-0.4974808394908905,-0.2649530470371246,9.919994354248049,3.2313895225524902,1.436805009841919,-2.626650333404541
3424194519.0,-0.525136411190033,-0.1732309162616729,9.633711814880373,3.4243671894073486,0.990963578224182,-2.546093225479126
3424202852.0,-0.4561505317687988,-0.317105770111084,9.673595428466797,3.394501209259033,1.4628289937973022,-2.589970827102661
3424211185.0,-0.5915277600288391,-0.4699099361896515,9.629027366638184,3.271450519561768,1.4736894369125366,-2.6232690811157227
3424219518.0,-0.8336219191551208,-0.3692086040973663,9.703560829162598,3.31742787361145,1.6940232515335083,-2.637587547302246
3424227851.0,-0.6110276579856873,-0.3835434913635254,9.999659538269045,3.795978784561157,1.416287899017334,-2.620887041091919
3424236184.0,-0.5150415897369385,-0.3034630119800567,9.890849113464355,3.7211084365844727,0.6381018161773682,-2.6527254581451416
3424244517.0,-0.3599148690700531,-0.3135845959186554,9.780116081237791,3.8022541999816895,0.984816074371338,-2.6111536026000977
3424252850.0,-0.5287242531776428,-0.4030369818210602,9.687884330749512,3.9392647743225098,1.5522483587265017,-2.560335159301758
3424261183.0,-0.6806658506393433,-0.1490327715873718,10.063932418823242,4.112339973449707,1.7768340110778809,-2.482749462127685
3424269516.0,-0.5705695748329163,-0.5489150285720825,10.354172706604004,4.183701515197754,0.9208574295043944,-2.536564826965332
3424277849.0,-0.4010736346244812,-0.2084095031023025,10.0253324508667,4.240283012390137,0.635412335395813,-2.3756563663482666
3424286182.0,-0.4836964905261993,0.0700132474303245,10.011334419250488,4.415586948394775,1.2870129346847534,-2.3543195724487305
3424294515.0,-0.8028141856193542,0.0118020735681056,9.906147003173828,4.161980628967285,1.833518147468567,-2.316180229187012
3424302848.0,-0.6444569230079651,0.1587469726800918,10.286039352416992,4.123661518096924,1.4285058975219729,-2.2109568119049072
3424311181.0,-0.4402492940425873,-0.0241886600852012,10.364253997802734,3.679229259490967,0.2543749809265136,-2.062906503677368
3424319514.0,-0.4088686406612396,0.2950750887393951,9.716629028320312,3.711195707321167,0.7063893675804138,-2.335775136947632
3424327847.0,-0.3655574023723602,0.3881976902484894,9.92709732055664,3.9300179481506334,1.6096241474151611,-2.096205234527588
3424336180.0,-0.6346798539161682,-0.0905348286032676,10.127060890197754,3.5773611068725586,1.310398817062378,-1.864729166030884
3424344513.0,-0.8067880868911743,-0.2399591654539108,9.92247200012207,3.0110816955566406,0.6584908366203308,-1.927048683166504
3424352846.0,-0.619879961013794,-0.1796899288892746,9.731593132019045,3.1610777378082275,0.7878937721252441,-1.8805837631225584
3424361179.0,-0.5516058206558228,0.2272360622882843,9.941585540771484,3.295373678207397,1.0682415962219238,-1.7744901180267334
3424369512.0,-0.3199101984500885,0.2546801567077636,10.404192924499512,3.016408920288086,1.0721863508224487,-1.7488245964050293
3424377845.0,-0.6663675904273987,0.2412963658571243,10.136805534362791,2.506404161453247,0.6698890328407288,-1.90197229385376
3424386178.0,-0.5558779835700989,0.2896986305713653,9.914612770080566,2.581248998641968,1.3049428462982178,-1.8949030637741089
3424394511.0,-0.4762299060821533,-0.0160598848015069,9.86238956451416,2.471440553665161,0.8564375638961792,-1.875435709953308
3424402844.0,-0.5005357265472412,-0.060265976935625,9.645483016967772,2.300055980682373,0.6923784017562866,-1.8990267515182493
3424411177.0,-0.4455918669700622,-0.0691072568297386,9.624164581298828,2.182281494140625,1.1044601202011108,-1.873284220695496
3424419510.0,-0.6137781143188477,0.0025816145353019,9.639522552490234,2.4089932441711426,1.1718767881393433,-1.7606072425842283
3424427843.0,-0.8221344947814941,-0.1157091706991195,9.668950080871582,2.4410879611968994,1.2734885215759275,-1.9160345792770384
3424436176.0,-0.8876168727874756,-0.2805851697921753,9.750550270080566,2.3109164237976074,0.8102551102638245,-2.1463065147399902
3424444509.0,-0.950468122959137,-0.2226883769035339,9.786556243896484,2.3340203762054443,0.6470924615859985,-2.1897995471954346
3424452842.0,-0.6509345173835754,-0.344992995262146,9.873786926269531,2.5897274017333984,0.5575451254844666,-2.2094199657440186
3424461175.0,-0.5199794769287109,-0.2950233221054077,9.78330135345459,2.818180799484253,0.2834471762180328,-2.24773907661438
3424469508.0,-0.3412372469902038,-0.0796149894595146,9.55298900604248,2.9185116291046143,0.3290148377418518,-2.3810863494873047
3424477841.0,-0.2806613445281982,-0.1050800383090972,9.62612247467041,2.677583932876587,0.6553657650947571,-2.463077545166016
3424486174.0,-0.4682152867317199,0.118614062666893,9.709268569946287,2.698792695999145,0.9769523739814758,-2.51120662689209
3424494507.0,-0.6078957319259644,-0.0051006861031055,9.996464729309082,2.734754800796509,1.082150101661682,-2.407212972640991
3424502840.0,-0.7261901497840881,-0.1079331636428833,9.986553192138672,2.5866024494171143,0.7466037273406982,-2.432391881942749
3424511173.0,-0.6594037413597107,-0.0946706607937812,9.68807601928711,2.585859537124634,0.3731225728988647,-2.256191730499268
3424519506.0,-0.5357927083969116,-0.2086594104766845,9.66734504699707,2.45161509513855,0.2601125538349151,-2.2290406227111816
3424527839.0,-0.4625010788440704,-0.2485514730215072,9.748946189880373,2.522848606109619,0.6225540041923523,-2.3282699584960938
3424536172.0,-0.5399965047836304,-0.2092674374580383,9.9830322265625,2.433429479598999,0.8664527535438538,-2.2163615226745605
3424544505.0,-0.7774451375007629,-0.0680689066648483,10.03089714050293,2.6133437156677246,0.7747794985771179,-2.2700490951538086
3424552838.0,-0.6053473949432373,0.0262404289096593,10.07241916656494,2.6854734420776367,0.6093627214431763,-2.241412401199341
3424561171.0,-0.3561354279518127,-0.2563913762569427,9.843070030212402,2.3809456825256348,-0.0611283741891384,-2.224327564239502
3424569504.0,-0.3513687252998352,-0.3521581292152405,9.74283504486084,2.258586406707764,0.5963506698608398,-2.167745590209961
3424577837.0,-0.4322041869163513,-0.5061730146408081,9.99693202972412,2.507710695266724,1.2227468490600586,-1.925614356994629
3424586170.0,-0.7500045895576477,-0.1434846222400665,10.119484901428224,2.669157028198242,1.2363991737365725,-1.935655117034912
3424594503.0,-0.7142019867897034,-0.0858506187796592,10.539093017578123,2.548309087753296,0.6918917298316956,-1.8114515542984009
3424602836.0,-0.5836070775985718,-0.1070812717080116,10.352238655090332,2.231409788131714,-0.116070918738842,-1.9843988418579104
3424611169.0,-0.5414788722991943,0.0066754356957972,9.91636085510254,2.187762975692749,0.4560358226299286,-1.8286899328231807
3424619502.0,-0.5488559603691101,-0.2347086668014526,10.018638610839844,2.1893253326416016,1.042781114578247,-1.7507455348968506
3424627835.0,-0.641166090965271,-0.2854244410991668,9.975990295410156,1.97829008102417,0.6983977556228638,-1.857095956802368
3424636168.0,-0.5101512670516968,-0.2341178953647613,10.10800552368164,1.948705554008484,0.1120878905057907,-1.8664710521698
3424644501.0,-0.4523404538631439,-0.353373259305954,10.002528190612791,2.135535955429077,0.1757905036211013,-1.7931886911392212
3424652834.0,-0.541077733039856,0.1279482990503311,9.925086975097656,2.339322566986084,0.6566209197044373,-1.9403423070907595
3424661167.0,-0.7749127745628357,0.0176355671137571,9.951340675354004,2.231947422027588,0.9710355997085572,-1.9253325462341309
3424669500.0,-0.914703369140625,-0.4270952045917511,9.83404541015625,1.954980731010437,0.5875905752182007,-1.8954919576644893
3424677833.0,-0.848955512046814,-0.6437587141990662,9.90123462677002,2.066069841384888,0.1900064200162887,-1.8973361253738403
3424686166.0,-0.7399672269821167,-0.5561647415161133,10.04830837249756,2.487449407577514,0.0467972047626972,-1.9982303380966189
3424694499.0,-0.6478327512741089,-0.2113001644611358,10.009770393371582,3.0434319972991943,0.0193387474864721,-2.0459752082824707
3424702832.0,-0.5933218598365784,-0.2784910202026367,9.947224617004396,2.8193588256835938,-0.0494482852518558,-2.198431491851806
3424711165.0,-0.523296058177948,-0.3525229096412658,9.752406120300291,2.6563501358032227,-0.0876134932041168,-2.14254117012024
3424719498.0,-0.571977436542511,-0.2677805423736572,9.83632469177246,2.8675906658172607,0.3233797252178192,-2.15757703781128
3424727831.0,-0.6828210949897766,-0.3425512313842773,9.916217803955078,3.064333200454712,0.4235058128833771,-2.10711669921875
3424736164.0,-0.6856345534324646,-0.3173628449440002,10.035517692565918,3.229980230331421,-0.0294179450720548,-2.0858309268951416
3424744497.0,-0.7605900168418884,-0.1689681261777877,10.106844902038574,3.0699942111968994,-0.2322570830583572,-1.9430575370788568
3424752830.0,-0.7905728220939636,-0.0446206890046596,9.905734062194824,3.021019697189331,-0.0883050709962844,-2.005709886550904
3424761163.0,-0.6652038097381592,0.0912110805511474,10.231135368347168,3.077371120452881,0.1031997427344322,-1.970720648765564
3424769496.0,-0.5673127174377441,-0.0797910317778587,10.175065994262695,2.8235085010528564,-0.4632974565029144,-2.0513031482696533
3424777829.0,-0.7075462341308594,-0.0426784269511699,9.944758415222168,2.9144136905670166,-0.3547443747520447,-1.999613881111145
3424786162.0,-0.6466965675354004,0.0557522699236869,9.90459442138672,2.9253249168396,-0.1074901297688484,-1.964624285697937
3424794495.0,-0.673478364944458,0.0368525646626949,9.957008361816406,2.676712989807129,-0.5934433937072754,-1.922335147857666
3424802828.0,-0.5442534685134888,0.0333783850073814,9.882067680358888,2.214017868041992,-0.8966391682624817,-1.953815579414368
3424811161.0,-0.4014503359794616,-0.1443455964326858,9.662158966064451,2.1535680294036865,-0.8931812047958374,-1.82146680355072
3424819494.0,-0.5870887041091919,0.0765780061483383,9.738204956054688,2.297110319137573,-0.3187819719314575,-1.803460001945496
3424827827.0,-0.7774022221565247,0.1623288840055465,10.11441707611084,2.0730369091033936,0.1434653401374817,-1.7615550756454468
3424836160.0,-0.7687957882881165,0.1253883987665176,10.27340316772461,1.9386646747589111,-0.7214377522468567,-1.724440097808838
3424844493.0,-0.587678074836731,-0.1172297000885009,9.969364166259766,1.808877229690552,-1.1603889465332031,-1.7997456789016724
3424852826.0,-0.4211102128028869,-0.526734471321106,9.865660667419434,1.7435098886489868,-0.8202574253082275,-1.846773624420166
3424861159.0,-0.4396121203899383,-0.4227530658245086,9.857970237731934,1.8871031999588013,-0.43527552485466,-1.8100428581237795
3424869492.0,-0.4210609197616577,-0.2048084586858749,9.99035930633545,1.8791370391845703,-0.4080475866794586,-1.799105525016785
3424877825.0,-0.3585210144519806,-0.2492307126522064,9.772344589233398,1.976035475730896,-0.6866535544395447,-1.9647525548934937
3424886158.0,-0.4854130148887634,-0.3278780579566955,9.642626762390137,2.16847562789917,-0.3863523006439209,-1.935654878616333
3424894491.0,-0.4625276327133178,-0.6270955801010132,9.961384773254396,2.240605115890503,0.1092959344387054,-1.9160856008529663
3424902824.0,-0.7081159353256226,-0.5048896670341492,9.860723495483398,2.4507956504821777,-0.392371654510498,-1.869160294532776
3424911157.0,-0.8075931072235107,-0.2709643542766571,9.863107681274414,2.767310857772827,-0.3807941079139709,-1.9930566549301147
3424919490.0,-0.4864422380924225,-0.5345819592475891,9.943259239196776,2.861365795135498,-0.720259428024292,-2.2204079627990723
3424927823.0,-0.2847048640251159,-0.4921127557754516,9.826367378234863,2.88511061668396,-0.7281486392021179,-2.1429762840271
3424936156.0,-0.1588462591171264,-0.5440171957015991,9.795653343200684,2.9645142555236816,-0.0674038529396057,-2.102890014648437
3424944489.0,-0.452460378408432,-0.303136259317398,9.815421104431152,3.459714651107788,0.3836243748664856,-2.3208930492401123
3424952822.0,-0.4808007478713989,-0.1194772124290466,10.097091674804688,3.367913246154785,0.3832913935184479,-2.2741470336914062
3424961155.0,-0.376234769821167,-0.3413121402263641,10.219024658203123,3.025220394134521,-0.377105563879013,-2.2243785858154297
3424969488.0,-0.2154615074396133,-0.2382923513650894,9.854969024658203,3.161513566970825,-0.248522087931633,-2.1848299503326416
3424977821.0,-0.4355507493019104,-0.1953524351119995,9.925522804260254,3.280824899673462,0.6165345907211304,-1.9489229917526243
3424986154.0,-0.6519341468811035,-0.1569536477327346,9.964619636535645,3.3326423168182373,0.7954500317573547,-2.118335485458374
3424994487.0,-0.6058245301246643,-0.0264114085584878,10.274081230163574,3.184233427047729,-0.042993489652872,-2.055145263671875
3425002820.0,-0.451827198266983,-0.0273499600589275,10.168837547302246,2.920560598373413,-0.5236189961433411,-2.111675977706909
3425011153.0,-0.3798989057540893,0.0015042974846437,9.746933937072754,2.9923315048217773,0.4065490663051605,-2.099585771560669
3425019486.0,-0.4049883484840393,-0.0300182122737169,10.070507049560549,3.0705831050872803,0.8897872567176819,-2.109447479248047
3425027819.0,-0.4724133014678955,-0.4100705087184906,10.266915321350098,2.845357656478882,0.3004549741744995,-2.071743488311768
3425036152.0,-0.7146921157836914,-0.1353055983781814,9.850566864013672,2.677020788192749,0.3500697910785675,-2.163365602493286
3425044485.0,-0.6535620093345642,-0.0643452405929565,10.317923545837402,2.802222967147827,0.6528300046920776,-1.9380627870559688
3425052818.0,-0.3966303765773773,0.1387416273355484,10.396522521972656,2.6200547218322754,0.2326541244983673,-1.951535940170288
3425061151.0,-0.354112446308136,-0.0067650387063622,10.22491455078125,2.312196969985962,-0.0737305805087089,-1.998409867286682
3425069484.0,-0.3367843925952911,-0.2332754135131836,9.997810363769531,2.1902732849121094,0.3279134035110473,-1.9615765810012813
3425077817.0,-0.6033878326416016,-0.0782768204808235,10.031484603881836,2.368394613265991,0.920037806034088,-2.026175737380981
3425086150.0,-0.5841590762138367,-0.0239911451935768,10.32358741760254,2.3614275455474854,0.6015503406524658,-1.8607847690582275
3425094483.0,-0.5736534595489502,-0.1574594676494598,10.124434471130373,1.9392794370651243,0.0838097855448722,-1.8692373037338257
3425102816.0,-0.4964147806167602,-0.1282187700271606,10.05720329284668,2.0398154258728027,0.3496343493461609,-1.8810454607009888
3425111149.0,-0.2997433543205261,-0.1870063692331314,9.955483436584473,2.1097934246063232,0.8393529653549194,-2.0322721004486084
3425119482.0,-0.3839250802993774,-0.2963387072086334,9.934622764587402,2.1592800617218018,0.6827986240386963,-2.113494396209717
3425127815.0,-0.7617290616035461,-0.1123893931508064,9.63908576965332,2.054517984390259,0.745092511177063,-2.1595234870910645
3425136148.0,-0.9195234775543212,-0.5539408326148987,9.820967674255373,2.135049104690552,0.908921241760254,-2.149303674697876
3425144481.0,-0.7678120732307434,-0.4448421001434326,9.810880661010742,2.5316855907440186,0.2089609503746032,-2.228758811950684
3425152814.0,-0.3754836916923523,-0.5409870147705078,9.89941120147705,2.700022459030152,-0.015022749081254,-2.245126247406006
3425161147.0,-0.250010073184967,-0.4718072712421417,9.647298812866213,2.925708532333374,0.0193131286650896,-2.346045970916748
3425169480.0,-0.4644429981708526,-0.1766393184661865,9.672201156616213,3.03823184967041,0.9955739378929138,-2.328423023223877
3425177813.0,-0.3830309212207794,-0.1230671629309654,10.065351486206056,3.0982208251953125,0.9817423820495604,-2.349837064743042
3425186146.0,-0.4631013572216034,-0.2868408560752868,10.142560005187988,2.9556005001068115,0.5040368437767029,-2.391767263412476
3425194479.0,-0.4667940437793731,-0.2333832085132599,9.859111785888672,2.937542200088501,0.7917358875274658,-2.332751989364624
3425202812.0,-0.4927271008491516,-0.347048282623291,10.000057220458984,3.2021892070770264,1.1880394220352173,-2.1793229579925537
3425211145.0,-0.7319296002388,-0.4754514694213867,9.857378959655762,3.161257028579712,0.8777228593826294,-2.188159465789795
3425219478.0,-0.6367168426513672,-0.2455281913280487,9.97484302520752,3.1485016345977783,0.7417882084846497,-2.16162371635437
3425227811.0,-0.4208031892776489,-0.1588225662708282,10.025861740112305,3.199268817901612,0.1773785501718521,-2.195818424224853
3425236144.0,-0.3902018964290619,-0.0396857485175132,9.615063667297363,3.030855417251587,0.5702496767044067,-2.181628704071045
3425244477.0,-0.3502056896686554,-0.2198583632707595,9.696077346801758,3.090383052825928,1.0301532745361328,-2.1481504440307617
3425252810.0,-0.5327388644218445,-0.321714848279953,9.863581657409668,2.989514112472534,0.9772341251373292,-2.0367796421051025
3425261143.0,-0.8208476305007935,-0.1271774023771286,9.880395889282228,2.8659512996673584,1.1219290494918823,-1.9583747386932373
3425269476.0,-0.7924255728721619,-0.1959624737501144,10.037052154541016,2.930985450744629,0.9507747292518616,-1.919620394706726
3425277809.0,-0.6827188730239868,-0.267727792263031,10.02591323852539,2.907881736755371,0.503371000289917,-1.896490812301636
3425286142.0,-0.4607261717319488,-0.1702060550451278,9.98955535888672,2.7187204360961914,0.3600336909294128,-1.901715874671936
3425294475.0,-0.5482480525970459,0.0342675857245922,9.80638599395752,2.615213394165039,0.334316998720169,-1.9513564109802248
3425302808.0,-0.6388729810714722,0.1414544880390167,9.87282657623291,2.4825828075408936,0.9535921812057496,-1.9413925409317017
3425311141.0,-0.3301795125007629,-0.3727264702320099,10.047375679016112,2.3536407947540283,0.6630500555038452,-1.9443379640579224
3425319474.0,-0.3791320025920868,-0.6001827716827393,9.688593864440918,2.2326905727386475,0.2523002028465271,-1.8923412561416624
3425327807.0,-0.508208692073822,-0.3784866034984588,9.54138469696045,2.56954312324524,1.137784123420715,-1.847874879837036
3425336140.0,-0.5593091249465942,-0.2394431382417678,9.783364295959473,2.756988286972046,1.4436438083648682,-1.9519455432891848
3425344473.0,-0.763625979423523,-0.2706618309020996,9.93369483947754,2.70340347290039,1.000364065170288,-1.9706952571868896
3425352806.0,-0.6373116970062256,-0.3800792396068573,9.7454833984375,2.615341186523437,0.7712957859039307,-2.0601398944854736
3425361139.0,-0.5953080058097839,-0.4615990817546844,9.61072826385498,2.871893405914306,0.899367094039917,-2.124841451644897
3425369472.0,-0.6993312239646912,-0.5425351858139038,9.61371612548828,3.181389808654785,1.4679259061813354,-2.0737154483795166
3425377805.0,-0.6546447277069092,-0.4305392503738403,9.811758995056152,3.115971565246582,1.5264803171157837,-2.1883907318115234
3425386138.0,-0.5249571800231934,-0.3901888132095337,9.893791198730469,3.473623514175415,0.9768244028091432,-2.293613910675049
3425394471.0,-0.624580979347229,-0.1587773561477661,9.719676971435549,3.4900166988372803,1.073108434677124,-2.283291816711426
3425402804.0,-0.7009839415550232,-0.0838525667786598,9.815580368041992,3.5395028591156006,1.9562872648239136,-2.334007501602173
3425411137.0,-0.8436567783355713,-0.1850061416625976,10.05815315246582,3.452824831008911,1.920068860054016,-2.428011894226074
3425419470.0,-0.9380443096160888,-0.074348047375679,10.066893577575684,3.267864227294922,1.3649570941925049,-2.412540912628174
3425427803.0,-0.808134138584137,-0.0417547337710857,10.010790824890137,3.35418438911438,1.3961296081542969,-2.3049099445343018
3425436136.0,-0.8394989967346191,0.1522497087717056,9.86789608001709,3.1713500022888184,1.5593434572219849,-2.3087263107299805
3425444469.0,-0.9943347573280334,0.0183381102979183,9.985525131225586,2.8590352535247803,1.935206651687622,-2.2203569412231445
3425452802.0,-1.091068983078003,-0.3118353188037872,9.881876945495604,2.999913454055786,1.73262357711792,-2.248814105987549
3425461135.0,-1.1362260580062866,-0.1019119918346405,10.039800643920898,2.9340336322784424,1.5916684865951538,-2.175455093383789
3425469468.0,-0.9700103998184204,-0.08967275172472,10.068683624267578,3.044251680374145,1.3599878549575806,-2.209547758102417
3425477801.0,-0.8897057771682739,-0.0387438684701919,9.94916534423828,2.7909014225006104,1.4139057397842407,-2.228041410446167
3425486134.0,-0.860083281993866,-0.0243776980787515,10.042451858520508,2.8410794734954834,1.9383827447891235,-2.173482894897461
3425494467.0,-1.0709515810012815,-0.3614237606525421,9.998706817626951,2.8433592319488525,1.841817140579224,-2.065006732940674
3425502800.0,-1.2414480447769165,-0.3387189209461212,9.865983963012695,2.740441083908081,1.668767333030701,-2.0483319759368896
3425511133.0,-1.2881091833114624,-0.011960532516241,9.874180793762209,2.839261054992676,1.623378872871399,-1.9160856008529663
3425519466.0,-1.2101285457611084,-0.0467233322560787,9.952679634094238,2.7409024238586426,1.2235662937164309,-2.00081753730774
3425527799.0,-1.176699995994568,-0.0446194894611835,9.933688163757324,2.528278589248657,1.2977194786071775,-2.036344528198242
3425536132.0,-1.1495609283447266,-0.0996145978569984,9.99825954437256,2.3769240379333496,1.4808101654052734,-1.846696615219116
3425544465.0,-1.1129860877990725,-0.2723136842250824,10.05474853515625,2.5007433891296387,1.5283759832382202,-1.964701533317566
3425552798.0,-1.1354255676269531,-0.1267241537570953,10.092618942260742,2.5086328983306885,1.1905497312545776,-2.035806655883789
3425561131.0,-0.9235448837280272,-0.2240864783525467,10.172547340393066,2.527740955352783,1.0187039375305176,-2.0720255374908447
3425569464.0,-1.125472068786621,-0.0679578408598899,9.906071662902832,2.379460096359253,1.0638617277145386,-1.960193395614624
3425577797.0,-1.210637450218201,0.3085328936576843,9.89165210723877,2.3461356163024902,1.4309134483337402,-1.8927510976791384
3425586130.0,-1.1188218593597412,0.0058762663975358,9.795113563537598,2.1157867908477783,0.9286184310913086,-2.0486135482788086
3425594463.0,-1.104750633239746,-0.4624967277050018,9.646831512451172,1.8374370336532595,0.6464263796806335,-2.127864122390747
3425602796.0,-1.112676739692688,-0.4986210465431213,9.525782585144045,2.0254967212677,1.0789227485656738,-2.0634443759918213
3425611129.0,-1.323136329650879,-0.488702118396759,9.799541473388672,2.568186044692993,1.4312723875045776,-2.116927146911621
3425619462.0,-1.3707882165908811,-0.2891727089881897,9.905957221984863,2.6887004375457764,0.9159905910491944,-2.28882384300232
3425627795.0,-1.144771695137024,-0.3539791703224182,9.869094848632812,2.546464681625366,0.2807064056396484,-2.4555726051330566
3425636128.0,-0.8235501646995544,-0.2983181774616241,9.64844799041748,2.670309543609619,0.1359347403049469,-2.4516794681549072
3425644461.0,-0.8590667843818665,-0.1667101830244064,9.598578453063965,2.7748923301696777,1.0813559293746948,-2.6227309703826904
3425652794.0,-1.061345458030701,-0.1585993021726608,9.82471752166748,2.8356754779815674,1.694689154624939,-2.6620235443115234
3425661127.0,-1.1288325786590576,-0.1081611588597297,10.06737232208252,2.8823184967041016,0.7448362708091736,-2.726827383041382
3425669460.0,-1.0671074390411377,-0.1628872603178024,9.910218238830566,2.4110169410705566,0.1023801043629646,-2.574397087097168
3425677793.0,-0.9279871582984924,-0.2700778841972351,9.44650936126709,2.568902969360352,0.3827279508113861,-2.507749080657959
3425686126.0,-1.2677714824676514,-0.5363367199897766,9.431270599365234,2.68150281906128,1.246439814567566,-2.5912766456604004
3425694459.0,-1.39340341091156,-0.4084299802780151,9.956533432006836,2.7555794715881348,1.424305081367493,-2.446479558944702
3425702792.0,-1.2908189296722412,-0.1330209076404571,10.108116149902344,2.7403388023376465,-0.0285214502364397,-2.617633819580078
3425711125.0,-1.2007193565368652,0.1080443412065506,9.77007293701172,2.4828906059265137,-0.5638077855110168,-2.5614876747131348
3425719458.0,-0.9132509827613832,0.0690533742308616,9.652861595153809,2.0542616844177246,0.3649259805679321,-2.5167393684387207
3425727791.0,-0.8780139088630676,-0.2455103695392608,9.946234703063965,2.146831512451172,0.6177896857261658,-2.3961219787597656
3425736124.0,-1.248585224151611,-0.2822110950946808,9.921284675598145,1.997602820396424,0.4731462001800537,-2.369252920150757
3425744457.0,-1.2940181493759155,-0.1942756026983261,9.991832733154297,2.0220391750335693,0.3961753845214844,-2.3231215476989746
3425752790.0,-1.1563267707824707,-0.1829431056976318,9.985396385192873,2.1502127647399902,-0.1100515574216842,-2.3574700355529785
3425761123.0,-1.0325655937194824,-0.1093584597110748,10.024432182312012,1.7038332223892212,-0.2599972784519195,-2.3127732276916504
3425769456.0,-0.8928050398826599,-0.1281546950340271,9.949251174926758,1.5660032033920288,0.1321438252925872,-2.354191541671753
3425777789.0,-0.9338762760162354,-0.2526171207427978,9.978200912475586,1.8069818019866943,0.3286306262016296,-2.4184577465057373
3425786122.0,-0.9265833497047424,-0.310296356678009,10.154549598693848,1.885002851486206,0.0636769905686378,-2.4769606590271
3425794455.0,-0.8020742535591125,-0.2149495035409927,9.928345680236816,1.6678708791732788,-0.537348210811615,-2.415972948074341
3425802788.0,-0.9532169103622437,-0.0048740049824118,9.812769889831545,1.5999675989151,0.0252812504768371,-2.4697630405426025
3425811121.0,-0.9302341341972352,-0.1007572263479232,9.796032905578612,1.639208436012268,0.6222209334373474,-2.5207607746124268
3425819454.0,-1.0586390495300293,-0.4926711320877075,9.963343620300291,1.5485597848892212,0.1777884066104889,-2.4594662189483643
3425827787.0,-1.1209533214569092,-0.5986584424972534,9.629128456115724,1.5292210578918457,-0.1194776073098182,-2.6377670764923096
3425836120.0,-1.0154533386230469,-0.6918532252311707,9.72450828552246,1.8425854444503784,0.2428997755050659,-2.626803636550904
3425844453.0,-0.9502570629119872,-0.7498347759246826,9.751376152038574,2.224161148071289,0.258524477481842,-2.6257028579711914
3425852786.0,-0.9645201563835144,-0.7071133255958557,9.794340133666992,2.430816411972046,0.1083994358777999,-2.818013906478882
3425861119.0,-0.8675869703292847,-0.750878095626831,9.91301155090332,2.608246088027954,0.064138039946556,-2.844524621963501
3425869452.0,-0.7935939431190491,-0.6884630918502808,9.643218040466309,2.91810154914856,-0.0264979247003793,-2.896470546722412
3425877785.0,-0.734258770942688,-0.5647323727607727,9.849440574645996,3.1057517528533936,0.4955586194992065,-3.016345500946045
3425886118.0,-0.782146155834198,-0.436087042093277,9.977612495422363,3.1892285346984863,0.5687897205352783,-3.1818387508392334
3425894451.0,-1.0379592180252075,-0.2177403420209884,10.036622047424316,3.126166582107544,0.7839749455451965,-3.1342990398406982
3425902784.0,-0.9989856481552124,-0.1871542930603027,10.068453788757324,3.1556224822998047,0.8028526902198792,-3.0746946334838867
3425911117.0,-0.9615732431411744,-0.3906585872173309,9.992987632751465,3.1013717651367188,0.5355680584907532,-3.1065330505371094
3425919450.0,-1.0812321901321411,-0.3414581716060638,9.767120361328123,2.868845701217652,0.7242169976234436,-3.0583527088165283
3425927783.0,-0.9556238651275636,-0.3299571275711059,9.822489738464355,2.8056039810180664,1.0963404178619385,-2.9245951175689697
3425936116.0,-1.0327818393707275,-0.318663090467453,9.931145668029783,2.9302945137023926,0.8749054074287415,-3.10409951210022
3425944449.0,-0.9997316598892212,-0.1676869839429855,9.98411464691162,2.718797445297241,0.7976016402244568,-3.04362416267395
3425952782.0,-1.0122789144515991,-0.1580128222703933,10.01304817199707,2.47128701210022,0.6975781321525574,-2.982841730117798
3425961115.0,-1.1826789379119873,-0.178835779428482,9.760896682739258,2.418931245803833,0.7883036136627197,-3.0813021659851074
3425969448.0,-1.1994659900665283,-0.3568949401378631,9.819809913635254,2.217475414276123,1.2713112831115725,-3.0079691410064697
3425977781.0,-1.184070348739624,-0.5379282236099243,9.935243606567385,2.322749853134156,0.812842071056366,-3.0368363857269287
3425986114.0,-1.3346316814422607,-0.3632377088069916,9.762079238891602,2.4888064861297607,0.6725784540176392,-2.9822263717651367
3425994447.0,-1.36507248878479,-0.196228876709938,9.727916717529297,2.409786939620972,0.8031342029571533,-2.9690093994140625
3426002780.0,-1.397313952445984,-0.4467422068119049,9.892854690551758,2.11527419090271,1.0337646007537842,-2.916756629943848
3426011113.0,-1.339647650718689,-0.4258328378200531,9.861083984375,2.127697706222534,0.825239360332489,-2.945034980773926
3426019446.0,-1.204776406288147,-0.4675356745719909,9.987312316894531,2.2554357051849365,0.6233991384506226,-3.0016164779663086
3426027779.0,-1.324604630470276,-0.4082923531532287,9.92260456085205,2.2054367065429688,0.9244688749313354,-3.023158311843872
3426036112.0,-1.1411741971969604,-0.4483283460140228,9.95212745666504,2.1803090572357178,1.1316367387771606,-3.1433143615722656
3426044445.0,-1.124699354171753,-0.4626155793666839,10.031401634216309,2.1391212940216064,0.7581812739372253,-3.120441198348999
3426052778.0,-1.1981281042099,-0.6673792600631714,9.642221450805664,2.2839958667755127,1.0801777839660645,-3.2449519634246826
3426061111.0,-1.2186472415924072,-0.4997290074825287,9.84101676940918,2.3802030086517334,1.5069369077682495,-3.213677167892456
3426069444.0,-1.1619250774383545,-0.4290392398834228,9.98443603515625,2.5190577507019043,1.2623207569122314,-3.3420302867889404
3426077777.0,-1.2931537628173828,-0.3482304811477661,9.642542839050291,2.4964404106140137,0.8810272812843323,-3.430169105529785
3426086110.0,-1.3127998113632202,-0.3309055268764496,9.596052169799805,2.42702579498291,1.4176199436187744,-3.4199490547180176
3426094443.0,-1.377962589263916,-0.6437883973121643,9.681970596313477,2.413629531860352,1.5484318733215332,-3.50209379196167
3426102776.0,-1.5903881788253784,-0.5906057357788086,9.718717575073242,2.3920369148254395,1.4259188175201416,-3.724271297454834
3426111109.0,-1.5907701253890991,-0.6069632768630981,9.88332748413086,2.755809783935547,1.4262006282806396,-3.688974857330322
3426119442.0,-1.4788306951522827,-0.6675841212272644,9.838024139404297,2.997352123260498,1.0125306844711304,-3.937996864318848
3426127775.0,-1.2230658531188965,-0.5060908198356628,9.891805648803713,2.7804768085479736,1.1143217086791992,-3.978723526000977
3426136108.0,-1.2580846548080444,-0.3526147902011871,9.891037940979004,2.896048069000244,1.4722295999526978,-3.97675085067749
3426144441.0,-1.4738295078277588,-0.2861133813858032,9.916498184204102,2.928936719894409,1.915432691574097,-4.072189331054688
3426152774.0,-1.4670435190200806,-0.1212836876511573,10.080799102783203,2.8339333534240723,1.794507622718811,-4.067168712615967
3426161107.0,-1.164008378982544,-0.3638699352741241,10.012487411499023,2.567929744720459,0.7828735709190369,-4.093706130981445
3426169440.0,-1.1757220029830933,-0.4755632579326629,9.595683097839355,2.5793278217315674,0.6942481994628906,-3.944912433624268
3426177773.0,-1.42371928691864,-0.7167357206344604,9.416406631469728,2.649331569671631,1.9328758716583248,-3.8742942810058594
3426186106.0,-1.6773885488510132,-0.7829347848892212,9.9418363571167,2.980369806289673,2.108947992324829,-3.833899974822998
3426194439.0,-1.734375238418579,-0.676781415939331,10.188166618347168,2.941845893859864,1.1355814933776855,-3.954338550567627
3426202772.0,-1.4415825605392456,-0.642707347869873,10.047446250915527,3.0616440773010254,0.5488874316215515,-3.958232164382935
3426211105.0,-1.3014464378356934,-0.6320926547050476,9.823689460754396,3.1628198623657227,0.7705785632133484,-4.093910217285156
3426219438.0,-1.3657987117767334,-0.2826500535011291,9.884147644042969,3.093200445175171,1.468515157699585,-3.871271371841431
3426227771.0,-1.242809772491455,-0.356930524110794,10.164254188537598,3.0180227756500244,1.2302261590957642,-3.727088689804077
3426236104.0,-1.2732033729553225,-0.3193310797214508,10.034869194030762,2.9683055877685547,0.4679721295833587,-3.89573335647583
3426244437.0,-1.4842239618301392,-0.3635079264640808,9.706443786621094,2.822176456451416,1.028821349143982,-3.759158134460449
3426252770.0,-1.5779738426208496,-0.5684274435043335,9.88058090209961,2.904936075210572,1.7419216632843018,-3.713539361953736
3426261103.0,-1.697781682014465,-0.497950941324234,10.137521743774414,2.962158203125,1.0143749713897705,-3.6281158924102783
3426269436.0,-1.6522128582000732,-0.3756621181964874,10.040467262268066,2.710754871368408,0.2925657927989959,-3.692253828048706
3426277769.0,-1.4687814712524414,-0.488454133272171,9.773547172546388,2.6136255264282227,0.244052454829216,-3.7004761695861816
3426286102.0,-1.4835530519485474,-0.4039660394191742,9.812267303466797,2.5743331909179688,0.9146332144737244,-3.716638565063477
3426294435.0,-1.4482260942459106,-0.3239169120788574,10.163290023803713,2.4929311275482178,0.9222662448883056,-3.7177910804748535
3426302768.0,-1.4549232721328735,-0.3554921448230743,10.103944778442385,2.5233097076416016,0.2841899394989013,-3.7740397453308105
3426311101.0,-1.4867370128631592,-0.0877120271325111,9.923495292663574,2.4639103412628174,0.4028863310813904,-3.7997567653656006
3426319434.0,-1.3903348445892334,-0.1303378343582153,9.997644424438477,2.2588424682617188,0.7090787887573242,-3.8069801330566406
3426327767.0,-1.3712292909622192,-0.3099035918712616,10.007878303527832,2.1595876216888428,0.5763459801673889,-3.7711198329925537
3426336100.0,-1.4357208013534546,-0.330211728811264,9.91087818145752,2.199007749557495,0.2740979492664337,-3.8950929641723633
3426344433.0,-1.4086875915527344,-0.5267340540885925,9.712549209594728,2.434274673461914,0.3595982789993286,-3.859207153320313
3426352766.0,-1.5683691501617432,-0.6669186949729919,9.6610689163208,2.427665948867798,0.3356233537197113,-3.770940542221069
3426361099.0,-1.5912169218063354,-0.5988423824310303,9.67341423034668,2.485323905944824,0.3246860802173614,-3.924293279647827
3426369432.0,-1.5313761234283447,-0.8717394471168518,9.863367080688477,2.5311474800109863,0.3260692358016968,-3.987201452255249
3426377765.0,-1.542371153831482,-0.6854820847511292,9.78007698059082,2.89763617515564,0.2900812029838562,-4.050033092498779
3426386098.0,-1.442841649055481,-0.4983456134796142,9.970126152038574,3.2087976932525635,0.2953833937644958,-4.179718017578125
3426394431.0,-1.2478502988815308,-0.3771311342716217,10.003178596496582,3.1681478023529053,0.0149074830114841,-4.257149696350098
3426402764.0,-1.2393702268600464,-0.2058509439229965,9.9277925491333,3.0907676219940186,0.0669299960136413,-4.3758721351623535
3426411097.0,-1.346426486968994,-0.2373734414577484,9.80291748046875,2.909367084503174,0.5564180016517639,-4.24198579788208
3426419430.0,-1.466042160987854,-0.3845458030700683,9.805106163024902,3.041280746459961,0.3889521956443786,-4.105027198791504
3426427763.0,-1.4518145322799685,-0.3515474796295166,9.721765518188477,2.809138774871826,0.0848343446850776,-4.100441932678223
3426436096.0,-1.2502593994140625,-0.5656974911689758,9.773529052734377,2.8266847133636475,-0.1337447315454483,-4.012636661529541
3426444429.0,-1.2502882480621338,-0.5993500351905823,9.526058197021484,2.810931921005249,-0.1375356316566467,-3.9218597412109375
3426452762.0,-1.349231481552124,-0.3642377853393554,9.54952621459961,2.844665765762329,0.681518018245697,-3.867608308792114
3426461095.0,-1.3853771686553955,-0.3579621315002441,9.896108627319336,2.7708969116210938,0.3486097753047943,-3.934820890426636
3426469428.0,-1.4735990762710571,-0.3828054368495941,9.660523414611816,2.7502260208129883,-0.1046981960535049,-3.9158918857574463
3426477761.0,-1.2990676164627075,-0.3365698754787445,9.80003833770752,2.442035675048828,0.0551730655133724,-3.9703989028930655
3426486094.0,-1.0616055727005005,-0.4748847484588623,9.933148384094238,2.4372715950012207,0.4540379643440246,-3.9157893657684326
3426494427.0,-1.0639495849609375,-0.1921514868736267,9.79070281982422,2.651918649673462,0.4188439548015594,-3.9189140796661377
3426502760.0,-1.1580790281295776,-0.2755855917930603,9.875503540039062,2.414116382598877,0.7010359764099121,-3.841482400894165
3426511093.0,-1.4514131546020508,-0.5779387950897217,9.588397979736328,2.2347652912139893,0.8537225127220154,-3.82795786857605
3426519426.0,-1.6913883686065674,-0.5384743213653564,9.889415740966797,2.104798555374145,1.379736304283142,-3.9200150966644287
3426527759.0,-1.5152158737182615,-0.5466628074645996,10.0673246383667,2.399797916412353,1.0127356052398682,-4.012815952301025
3426536092.0,-1.4545081853866575,-0.4315446019172668,9.722291946411133,2.452998638153076,-0.030032692477107,-3.971039056777954
3426544425.0,-1.413762450218201,-0.6923226714134216,9.445770263671877,2.2197041511535645,0.5440464019775391,-4.1931915283203125
3426552758.0,-1.4649677276611328,-0.8222490549087524,9.577016830444336,2.1798481941223145,1.1857597827911377,-4.168704032897949
3426561091.0,-1.5846527814865112,-0.7613421678543091,9.911778450012209,2.326310634613037,1.334040641784668,-4.046191215515137
3426569424.0,-1.7212824821472168,-0.6975126266479492,10.04572582244873,2.597078561782837,1.1066886186599731,-4.238937854766846
3426577757.0,-1.5084364414215088,-0.807331383228302,10.011455535888672,2.780322551727295,0.6828499436378479,-4.3423171043396
3426586090.0,-1.3643337488174438,-0.7476881742477417,9.878080368041992,2.73852014541626,0.489385575056076,-4.4199538230896
3426594423.0,-1.400635838508606,-0.621065616607666,9.795411109924316,2.765286922454834,1.0847883224487305,-4.494849681854248
3426602756.0,-1.5165207386016846,-0.6114490628242493,9.72508144378662,3.000861167907715,1.2383201122283936,-4.614493370056152
3426611089.0,-1.7437549829483032,-0.4974171221256256,9.881342887878418,2.910417318344116,0.91294264793396,-4.615954399108887
3426619422.0,-1.7300262451171875,-0.5247063040733337,9.753851890563965,2.610833168029785,0.740533173084259,-4.785879135131836
3426627755.0,-1.534217357635498,-0.7199249863624573,9.843999862670898,2.784036874771118,0.8841777443885803,-4.8613128662109375
3426636088.0,-1.6899102926254272,-0.6939043998718262,9.925450325012209,2.917973756790161,1.0334831476211548,-4.972709655761719
3426644421.0,-1.6651042699813845,-0.6714510917663574,9.901135444641112,2.882984638214112,1.06232488155365,-5.010131359100342
3426652754.0,-1.7294673919677734,-0.5602292418479919,9.9871187210083,2.9954051971435547,0.5722731947898865,-5.126189231872559
3426661087.0,-1.5864453315734863,-0.2548394799232483,9.94590950012207,2.921585321426392,0.5627191066741943,-5.286688327789307
3426669420.0,-1.3367573022842407,-0.4105026125907898,10.008087158203123,2.721230983734131,0.5500657558441162,-5.463325500488281
3426677753.0,-1.525447130203247,-0.3468621075153351,9.88192081451416,2.6055572032928467,0.992654263973236,-5.457254409790039
3426686086.0,-1.6569889783859253,-0.2018260806798935,10.025996208190918,2.396647453308105,1.478786826133728,-5.420036792755127
3426694419.0,-1.557848572731018,-0.3623698949813843,10.111202239990234,2.2725462913513184,0.8854328989982605,-5.60338306427002
3426702752.0,-1.4961230754852295,-0.3562487959861755,9.942198753356934,2.1307199001312256,0.4552161693572998,-5.527180194854736
3426711085.0,-1.427739143371582,-0.4693799614906311,9.932069778442385,1.9704006910324097,1.0093802213668823,-5.403643131256104
3426719418.0,-1.5806069374084473,-0.6287940740585327,9.928319931030272,2.040302038192749,1.4384700059890747,-5.54447078704834
3426727751.0,-1.584605693817139,-0.6146149039268494,9.907794952392578,2.0006768703460693,1.2582224607467651,-5.532380104064941
3426736084.0,-1.434828519821167,-0.9161717891693116,10.021121978759766,1.9250890016555784,0.7547491192817688,-5.530228614807129
3426744417.0,-1.514414668083191,-0.8842898011207581,9.576387405395508,2.0915303230285645,0.7686831951141357,-5.580022811889648
3426752750.0,-1.529269814491272,-0.7379679083824158,9.699195861816406,2.405689239501953,1.6394392251968384,-5.565243721008301
3426761083.0,-1.514349102973938,-0.9523785710334778,10.264920234680176,2.4906258583068848,1.4103455543518066,-5.510838985443115
3426769416.0,-1.6193784475326538,-0.8243682384490967,10.041614532470703,2.3708791732788086,0.7213993668556213,-5.63255786895752
3426777749.0,-1.5639770030975342,-0.6377215385437012,9.905673027038574,2.5617568492889404,1.04037344455719,-5.603998184204102
3426786082.0,-1.4377222061157229,-0.7094298005104065,9.972285270690918,2.609936475753784,1.2222343683242798,-5.697488784790039
3426794415.0,-1.4731786251068115,-0.7114163041114807,9.972208023071287,2.61815881729126,1.3948487043380735,-5.688626766204834
3426802748.0,-1.4272613525390625,-0.840694785118103,9.952375411987305,2.5822994709014893,1.0836102962493896,-5.617368698120117
3426811081.0,-1.6158032417297363,-0.8292573094367981,9.61691665649414,2.500717878341675,1.1794586181640625,-5.792006015777588
3426819414.0,-1.8325979709625244,-0.5470737814903259,9.755552291870115,2.6256892681121826,1.8956067562103271,-5.769003868103027
3426827747.0,-1.8102494478225708,-0.9118767380714417,10.061514854431152,2.5030996799468994,1.644689917564392,-5.776227474212647
3426836080.0,-1.6296634674072266,-1.191547989845276,9.93583869934082,2.4580187797546387,0.6922246813774109,-5.909037590026856
3426844413.0,-1.6205047369003296,-1.0043836832046509,9.701545715332031,2.66567325592041,0.9440894722938538,-5.930066585540772
3426852746.0,-1.4831154346466064,-0.9646993279457092,9.606573104858398,2.845305919647217,1.406144618988037,-5.980705738067627
3426861079.0,-1.6160117387771606,-0.7439614534378052,9.818262100219728,2.905038595199585,1.2508968114852903,-6.1584954261779785
3426869412.0,-1.620019555091858,-0.6496831774711609,9.725234985351562,2.7351648807525635,1.095367193222046,-6.212438583374023
3426877745.0,-1.6325690746307373,-0.8405339121818542,9.611494064331056,2.728376626968384,0.9104835391044616,-6.329315185546875
3426886078.0,-1.7613837718963623,-0.7196153402328491,9.549188613891602,2.641775369644165,1.3641374111175537,-6.492325782775879
3426894411.0,-1.5955852270126345,-0.6920037269592285,9.736647605895996,2.66736364364624,1.3785068988800049,-6.521806240081787
3426902744.0,-1.5094172954559326,-0.7587754130363464,9.836386680603027,2.687727212905884,0.6677375435829163,-6.618988037109375
3426911077.0,-1.5502026081085205,-0.6564918756484985,9.539140701293944,2.5359373092651367,0.6622048616409302,-6.761018753051758
3426919410.0,-1.6031699180603027,-0.8364193439483643,9.700098991394045,2.485400676727295,1.5961768627166748,-6.7596869468688965
3426927743.0,-1.6271907091140747,-0.800557553768158,9.791773796081545,2.662933111190796,1.3328367471694946,-6.923310279846191
3426936076.0,-1.60027277469635,-0.6708229780197144,9.77501106262207,2.499462604522705,1.1077901124954224,-7.174534797668457
3426944409.0,-1.5526758432388306,-0.7457337975502014,9.793792724609377,2.5158047676086426,0.9844321012496948,-7.328067302703857
3426952742.0,-1.6204475164413452,-0.5686381459236145,9.704426765441896,2.5692105293273926,1.3544039726257324,-7.406190872192383
3426961075.0,-1.7664589881896973,-0.605904221534729,10.024518013000488,2.356125831604004,1.7381823062896729,-7.476937294006348
3426969408.0,-1.8097014427185056,-0.7151470184326172,10.008918762207031,2.203746795654297,1.2470036745071411,-7.504113674163818
3426977741.0,-1.9249833822250368,-0.7937156558036804,9.926101684570312,2.172856092453003,0.9423990845680236,-7.574297428131103
3426986074.0,-1.759774088859558,-0.6887218356132507,9.938178062438965,2.2393248081207275,1.1487215757369995,-7.568455696105957
3426994407.0,-1.6531977653503418,-0.9117177724838256,10.0458345413208,2.29723858833313,0.9417075514793396,-7.623527526855469
3427002740.0,-1.7694849967956543,-0.7982804775238037,9.8624906539917,2.1649153232574463,0.8128679394721985,-7.632338523864746
3427011073.0,-1.857657551765442,-0.8427075743675232,9.839505195617676,2.016634702682495,1.1542288064956665,-7.523451805114746
3427019406.0,-1.868626475334168,-1.110278606414795,9.995914459228516,2.099778413772583,0.8688094019889832,-7.51533317565918
3427027739.0,-1.798325538635254,-0.9542401432991028,9.93156623840332,1.9986536502838133,0.5285754203796387,-7.509698390960693
3427036072.0,-1.8066086769104004,-1.004938006401062,9.838558197021484,2.086791753768921,0.3071659505367279,-7.509671688079834
3427044405.0,-2.0257885456085205,-0.8030794858932495,9.768115997314451,2.375490188598633,0.5991170406341553,-7.60872220993042
3427052738.0,-1.8472806215286253,-0.6752505302429199,10.15316677093506,2.208843469619751,0.614331841468811,-7.3775529861450195
3427061071.0,-1.6240732669830322,-0.9093075394630432,10.347917556762695,2.1065661907196045,-0.3531818687915802,-7.523169994354248
3427069404.0,-1.7467854022979736,-0.899584949016571,9.896267890930176,2.0213992595672607,-0.3261077404022217,-7.472531795501709
3427077737.0,-1.7375502586364746,-0.5605542659759521,9.888604164123535,2.238863706588745,0.5736052989959717,-7.456676483154297
3427086070.0,-1.7252105474472046,-0.7171616554260254,10.294462203979492,2.200724124908448,0.0795322209596633,-7.588128566741943
3427094403.0,-1.7088868618011477,-0.862793505191803,10.071072578430176,1.790204644203186,-0.5904978513717651,-7.675395965576172
3427102736.0,-1.708438754081726,-0.9389936923980712,9.685696601867676,1.8074942827224727,-0.3306925892829895,-7.6064677238464355
3427111069.0,-1.934141635894776,-1.0867886543273926,9.77205753326416,2.214607000350952,0.4049355089664459,-7.6738080978393555
3427119402.0,-1.9757320880889893,-1.0643641948699951,10.011442184448242,2.049548864364624,0.1770712435245514,-7.718274593353271
3427127735.0,-1.695950269699097,-1.1907809972763062,10.25583553314209,2.032796859741211,-1.0558315515518188,-7.85059642791748
3427136068.0,-1.43292236328125,-1.1724237203598022,9.771353721618652,2.150187015533448,-1.064566135406494,-8.031867980957031
3427144401.0,-1.6587861776351929,-1.0111424922943115,9.629429817199709,2.508658170700073,0.1029692217707634,-8.014219284057617
3427152734.0,-1.6386195421218872,-1.1939263343811035,9.998289108276367,2.5657012462615967,0.5705570578575134,-8.02287769317627
3427161067.0,-1.5924557447433472,-1.2857292890548706,10.179744720458984,2.397876501083374,-0.6644972562789917,-8.24502944946289
3427169400.0,-1.3786298036575315,-1.120858907699585,9.86512851715088,2.443828582763672,-0.8321680426597595,-8.3587064743042
3427177733.0,-1.2990190982818604,-0.9949076771736144,9.67683219909668,2.7256112098693848,-0.0232961494475603,-8.413162231445312
3427186066.0,-1.6311757564544678,-0.8430017232894897,9.913528442382812,2.710729122161865,0.5675602555274963,-8.61520767211914
3427194399.0,-1.6192286014556885,-1.00027596950531,9.84656047821045,2.425924301147461,0.3073708713054657,-8.810311317443848
3427202732.0,-1.47648823261261,-1.2067891359329224,9.945073127746582,2.423593521118164,-0.4641172289848327,-8.925729751586914
3427211065.0,-1.3708206415176392,-0.9730405807495116,9.436360359191896,2.4673938751220703,0.0003329851315356,-8.930032730102539
3427219398.0,-1.4120512008666992,-1.2675647735595703,9.619142532348633,2.6254594326019287,0.7453487515449524,-8.959693908691406
3427227731.0,-1.721740961074829,-1.4520801305770874,9.659578323364258,2.6497418880462646,0.6072111129760742,-9.003162384033203
3427236064.0,-1.829009294509888,-1.2884668111801147,9.638185501098633,2.6566569805145264,0.3054240942001343,-9.26941967010498
3427244397.0,-1.5647852420806885,-1.6097835302352903,9.714634895324709,2.9527833461761475,0.2119065523147583,-9.426692008972168
3427252730.0,-1.4610611200332642,-1.4051930904388428,9.500020027160645,3.165151357650757,0.2733551263809204,-9.752608299255373
3427261063.0,-1.4013922214508057,-1.1210983991622925,9.65487289428711,3.270759105682373,0.9311032295227052,-9.761777877807615
3427269396.0,-1.284219741821289,-1.143126368522644,9.953248977661133,3.107186317443848,0.6566722393035889,-9.892616271972656
3427277729.0,-1.5325733423233032,-0.8903768062591553,9.778843879699709,2.87186861038208,0.9005709886550903,-10.027525901794434
3427286062.0,-1.6140758991241455,-0.8014302253723145,9.791696548461914,3.164869785308838,1.2820181846618652,-10.022787094116213
3427294395.0,-1.7826029062271118,-0.9748457074165344,9.728888511657717,3.012490510940552,0.9980844855308532,-10.16266632080078
3427302728.0,-1.8813648223876955,-0.9357119202613832,9.719841003417969,2.7422091960906982,0.9406571984291076,-10.256542205810549
3427311061.0,-1.6087329387664795,-1.2194689512252808,9.743507385253906,2.3891937732696533,0.8722929358482361,-10.184158325195312
3427319394.0,-1.5272749662399292,-1.286262035369873,9.80409336090088,2.4964916706085205,0.5903313159942627,-10.212895393371582
3427327727.0,-1.580353856086731,-1.1134231090545654,9.485849380493164,2.623563766479492,0.927594006061554,-10.214099884033203
3427336060.0,-1.824382901191712,-1.3736765384674072,9.56209659576416,2.456405639648437,1.1542800664901731,-10.362202644348145
3427344393.0,-1.934104323387146,-1.2992253303527832,9.486942291259766,2.420135498046875,0.7387402057647705,-10.4960355758667
3427352726.0,-1.7814342975616455,-1.0756746530532837,9.716390609741213,2.41237473487854,0.7032390236854553,-10.61422061920166
3427361059.0,-1.705721735954285,-1.2795976400375366,9.909262657165527,2.561218976974488,0.2495595067739486,-10.577385902404783
3427369392.0,-1.89235270023346,-1.084591031074524,9.684182167053224,2.482224702835083,0.550424337387085,-10.600824356079102
3427377725.0,-1.9286375045776367,-1.005678653717041,9.949499130249023,2.4315850734710693,0.8093842267990112,-10.793442726135254
3427386058.0,-1.9040652513504028,-1.116087794303894,10.158382415771484,2.4228761196136475,0.1290957331657409,-10.8643159866333
3427394391.0,-1.804789900779724,-1.1851054430007937,10.058940887451172,2.302156448364258,-0.0506265386939048,-10.91774845123291
3427402724.0,-1.702267050743103,-1.1201752424240112,10.062153816223145,2.369342803955078,0.136754423379898,-10.827970504760742
3427411057.0,-1.6499414443969729,-1.1264779567718506,9.977914810180664,2.218269824981689,0.2205641865730285,-11.14077091217041
3427419390.0,-1.600398302078247,-0.9538047313690186,9.94668674468994,2.214683771133423,0.0639587491750717,-11.27204418182373
3427427723.0,-1.6106408834457395,-1.2703112363815308,10.057047843933104,2.051956415176392,0.2279923260211944,-11.375602722167969
3427436056.0,-1.693874478340149,-1.4075809717178345,10.160683631896973,1.865100622177124,0.4705847799777984,-11.59557819366455
3427444389.0,-1.760502815246582,-1.0951391458511353,10.179656982421877,2.0748813152313232,0.5561363101005554,-11.407236099243164
3427452722.0,-1.6289279460906982,-1.2804436683654783,10.310067176818848,2.1146602630615234,0.2627252638339996,-11.679363250732422
3427461055.0,-1.4422361850738523,-1.3254802227020264,10.118480682373049,2.034718513488769,-0.074012354016304,-11.904690742492676
3427469388.0,-1.3501267433166504,-1.348700761795044,10.044797897338867,2.0128180980682373,0.3921284079551697,-11.843652725219728
3427477721.0,-1.5021641254425049,-1.4783486127853394,10.039090156555176,2.182332992553711,0.7331306338310242,-11.97761344909668
3427486054.0,-1.6332067251205444,-1.2905209064483645,10.11264991760254,2.506865262985229,0.7480893731117249,-12.063114166259766
3427494387.0,-1.5517562627792358,-1.2413928508758545,10.254451751708984,2.369086742401123,0.4000431895256042,-12.237728118896484
3427502720.0,-1.409656047821045,-1.291939377784729,10.20712947845459,2.287351369857788,0.1162374168634414,-12.404834747314451
3427511053.0,-1.2979319095611572,-1.1305650472640991,9.915714263916016,2.1111767292022705,0.6936079859733582,-12.449455261230469
3427519386.0,-1.3522708415985107,-1.2545086145401,10.055909156799316,2.322161197662353,1.3014594316482544,-12.617586135864258
3427527719.0,-1.6271543502807615,-1.3978266716003418,10.060684204101562,2.2272863388061523,1.2212868928909302,-12.77035140991211
3427536052.0,-1.7599523067474363,-1.4402527809143066,10.067923545837402,2.1756479740142822,1.0763616561889648,-12.713205337524414
3427544385.0,-1.5571571588516235,-1.5386738777160645,10.22110080718994,2.410069465637207,0.7503179311752319,-12.844401359558104
3427552718.0,-1.4374641180038452,-1.5704506635665894,9.918453216552734,2.537909984588623,0.370330661535263,-12.774396896362305
3427561051.0,-1.2328282594680786,-1.481448531150818,9.878277778625488,2.4597606658935547,0.7317474484443665,-12.913737297058104
3427569384.0,-1.146890640258789,-1.7247275114059448,9.780890464782717,2.5617566108703613,0.9464204907417296,-13.152154922485352
3427577717.0,-1.3438613414764404,-1.6673930883407593,9.74925422668457,2.7597548961639404,1.2334280014038086,-13.22228717803955
3427586050.0,-1.546505093574524,-1.6008946895599363,9.815948486328123,2.826556444168091,1.6995302438735962,-13.36872386932373
3427594383.0,-1.7691223621368408,-1.557506799697876,9.948049545288086,2.8186423778533936,1.3832459449768066,-13.484912872314451
3427602716.0,-1.688329815864563,-1.3780367374420166,9.930985450744627,2.972917318344116,1.0719047784805298,-13.536346435546877
3427611049.0,-1.3899269104003906,-1.509711742401123,10.03764820098877,2.8911821842193604,0.7089509963989258,-13.605863571166992
3427619382.0,-1.4075435400009155,-1.4415632486343384,9.749634742736816,2.830962896347046,0.8604336380958557,-13.696819305419922
3427627715.0,-1.5836312770843506,-1.2352348566055298,9.764945030212402,2.8731751441955566,1.68925940990448,-13.68385887145996
3427636048.0,-1.4921060800552368,-1.5032665729522705,9.97985553741455,2.878092765808105,1.0725964307785034,-13.79973602294922
3427644381.0,-1.4317996501922607,-1.7076830863952637,9.823053359985352,2.6205930709838867,0.2200263142585754,-13.93925666809082
3427652714.0,-1.4727641344070437,-1.621035933494568,9.451730728149414,2.5239508152008057,0.8344864249229431,-13.847046852111816
3427661047.0,-1.6326627731323242,-1.546567440032959,9.69871425628662,2.8547067642211914,1.533165693283081,-13.928292274475098
3427669380.0,-1.7605453729629517,-1.6530014276504517,9.929052352905272,2.7840113639831543,1.0287189483642578,-14.044350624084473
3427677713.0,-1.7608933448791504,-1.7511848211288452,9.85227870941162,2.6108591556549072,-0.0493458285927772,-14.18315315246582
3427686046.0,-1.6415343284606934,-1.9027161598205569,9.573122024536133,2.7507896423339844,-0.1548508554697036,-14.32577419281006
3427694379.0,-1.5181710720062256,-1.6239176988601685,9.529465675354004,3.1981422901153564,0.3554744124412536,-14.330589294433594
3427702712.0,-1.4164116382598877,-1.6709710359573364,9.687943458557127,3.179085254669189,0.2197189331054687,-14.271855354309082
3427711045.0,-1.4039150476455688,-1.9740816354751587,9.714171409606934,3.058647394180298,-0.2146857231855392,-14.31678295135498
3427719378.0,-1.5633710622787476,-1.8366496562957764,9.494016647338867,3.1913042068481445,-0.153134748339653,-14.506229400634766
3427727711.0,-1.592576265335083,-1.6679471731185913,9.77244472503662,3.399624824523926,0.226301833987236,-14.483920097351074
3427736044.0,-1.5118086338043213,-1.578894853591919,9.82310676574707,3.5681660175323486,-0.3480847179889679,-14.664600372314451
3427744377.0,-1.3846129179000854,-1.4755390882492063,9.893043518066406,3.1993465423583984,-0.8479210138320923,-14.695005416870115
3427752710.0,-1.2755085229873655,-1.632712960243225,9.630455017089844,3.032623291015625,-0.6266394853591919,-14.896434783935549
3427761043.0,-1.4972002506256104,-1.5350847244262695,9.713956832885742,3.253110885620117,0.0214903466403484,-15.037928581237791
3427769376.0,-1.495709776878357,-1.395671844482422,9.89988136291504,3.12378454208374,0.06167908385396,-15.272759437561035
3427777709.0,-1.4130887985229492,-1.5792464017868042,10.200636863708496,2.9655652046203613,-0.7561708092689514,-15.295172691345217
3427786042.0,-1.223476767539978,-1.4301754236221311,9.684921264648438,2.9023494720458984,-1.1727352142333984,-15.584432601928713
3427794375.0,-1.0035582780838013,-1.4763063192367554,9.754677772521973,2.992229700088501,-0.455536425113678,-15.68368911743164
3427802708.0,-1.224851369857788,-1.8796350955963133,9.686528205871582,2.877938985824585,-0.077162891626358,-15.90284252166748
3427811041.0,-1.392369508743286,-1.85002875328064,9.811522483825684,2.891540288925171,-0.0521633960306644,-15.96413803100586
3427819374.0,-1.2259559631347656,-1.8594788312911987,9.888821601867676,3.0252723693847656,-0.5799961090087891,-16.198204040527344
3427827707.0,-1.176194190979004,-1.8652750253677368,9.832681655883787,3.2189669609069824,-0.8837040662765503,-16.440305709838867
3427836040.0,-1.1193549633026123,-1.6703426837921145,9.555116653442385,3.09822154045105,-0.3360203802585602,-16.646604537963867
3427844373.0,-1.1333730220794678,-1.7040257453918457,10.028404235839844,3.125577449798584,-0.0344383455812931,-16.661794662475586
3427852706.0,-1.083629488945007,-1.545153021812439,9.904253959655762,3.066460371017456,-0.444343090057373,-17.066347122192383
3427861039.0,-1.0843806266784668,-1.5894545316696167,10.038980484008787,2.941360712051392,-0.3060517907142639,-17.165218353271484
3427869372.0,-1.1386253833770752,-1.8236353397369385,9.935715675354004,3.0229411125183105,0.1498945355415344,-17.377248764038086
3427877705.0,-1.25724995136261,-1.7052342891693115,10.030701637268066,3.0192275047302246,0.3426929414272308,-17.56907844543457
3427886038.0,-1.1821995973587036,-1.6503242254257202,10.201415061950684,3.052398204803467,0.0034579227212816,-17.656909942626953
3427894371.0,-1.0578572750091553,-1.876245260238648,10.031964302062988,2.999248743057251,-0.4359159767627716,-17.929035186767578
3427902704.0,-1.0824458599090576,-1.927893877029419,9.856649398803713,3.073119878768921,-0.181438460946083,-18.104080200195312
3427911037.0,-0.9880779385566713,-1.952330112457276,9.913015365600586,3.054088830947876,0.5007840394973755,-18.30179977416992
3427919370.0,-1.0590447187423706,-2.005551815032959,9.960467338562012,3.164691209793091,0.0843733176589012,-18.55133438110352
3427927703.0,-0.9414985775947572,-2.019256114959717,9.867429733276367,3.23016095161438,0.0151124019175767,-18.79671669006348
3427936036.0,-0.871643602848053,-2.047946214675904,9.810229301452637,3.2606418132781982,0.0019466823432594,-19.03270149230957
3427944369.0,-1.0276254415512085,-2.15236759185791,9.837400436401367,3.457973957061768,0.3979941308498382,-19.138412475585938
3427952702.0,-1.135159611701965,-1.9741134643554688,9.812529563903809,3.5259034633636475,0.6382045745849609,-19.260082244873047
3427961035.0,-1.157597303390503,-2.076588153839112,10.075606346130373,3.522368192672729,0.0787381753325462,-19.50064849853516
3427969368.0,-1.160628080368042,-1.924404501914978,9.763642311096191,3.529515027999878,-0.2562065124511719,-19.76306915283203
3427977701.0,-0.9594333171844482,-1.732719659805298,9.89871311187744,3.553874015808105,0.2184126377105713,-19.866369247436523
3427986034.0,-0.9888448119163512,-1.850442886352539,9.82564640045166,3.4730095863342285,0.4198174476623535,-19.982786178588867
3427994367.0,-1.0862005949020386,-1.867189288139344,9.89697265625,3.3304409980773926,0.66169273853302,-20.29610061645508
3428002700.0,-0.9813687205314636,-1.7007074356079102,9.994616508483888,3.138436317443848,0.5454809665679932,-20.45588111877441
3428011033.0,-0.9019155502319336,-1.7545981407165527,10.027599334716797,3.024786233901977,0.4026303589344024,-20.64904022216797
3428019366.0,-0.9012954235076904,-1.5671151876449585,9.890070915222168,2.7932591438293457,0.6279844045639038,-20.776086807250977
3428027699.0,-0.8318280577659607,-1.5004855394363403,10.052248001098633,2.3744659423828125,0.8468837141990662,-21.01478385925293
3428036032.0,-0.9069563150405884,-1.5036362409591677,9.9935302734375,2.168527603149414,0.6710676550865173,-21.272310256958008
3428044365.0,-1.0408437252044678,-1.6482446193695068,9.85820484161377,1.824477195739746,0.8976256251335144,-21.43731689453125
3428052698.0,-1.0796325206756592,-1.9648808240890503,9.93896484375,1.6055264472961426,1.2261282205581665,-21.49822807312012
3428061031.0,-1.1056852340698242,-2.036451578140259,9.914650917053224,1.5256612300872805,1.012531042098999,-21.63949012756348
3428069364.0,-1.0165090560913086,-1.9566638469696045,9.840166091918944,1.4055304527282717,0.6512165665626526,-21.880266189575195
3428077697.0,-0.7963449954986572,-2.0894312858581543,9.722065925598145,1.3287134170532229,0.6462218165397644,-22.09714126586914
3428086030.0,-0.6350976824760437,-2.149199724197388,9.606847763061523,1.189167022705078,0.9332550764083862,-22.095888137817383
3428094363.0,-0.7415953874588013,-2.150608777999878,9.67563533782959,1.0845838785171509,1.4423636198043823,-22.27167510986328
3428102696.0,-0.6352124214172363,-2.3194470405578613,9.684758186340332,1.190627098083496,1.3831437826156616,-22.628890991210938
3428111029.0,-0.8480565547943115,-2.4461114406585693,9.707154273986816,1.2633200883865356,1.2823514938354492,-22.700714111328125
3428119362.0,-0.9324188828468324,-2.652416229248047,9.73981475830078,1.24118971824646,1.725375771522522,-22.87030982971192
3428127695.0,-1.0380146503448486,-2.7734599113464355,9.82174301147461,1.7120563983917236,1.413624882698059,-22.901636123657227
3428136028.0,-1.024569749832153,-2.735259294509888,9.905484199523926,2.057746171951294,1.098671793937683,-23.07634735107422
3428144361.0,-1.028887152671814,-2.8300459384918213,9.727750778198242,2.093273162841797,1.1751304864883425,-23.31192207336425
3428152694.0,-1.0148215293884275,-2.9074885845184326,9.75855827331543,2.4626049995422363,1.3722833395004272,-23.52923583984375
3428161027.0,-0.934885799884796,-2.723012208938598,9.95113754272461,2.748997449874878,1.4666714668273926,-23.7774600982666
3428169360.0,-0.9165005683898926,-2.764749526977539,9.96606159210205,2.6769449710845947,1.3780721426010132,-23.858123779296875
3428177693.0,-1.0161092281341553,-2.90893030166626,9.873465538024902,2.913261890411377,1.5957674980163574,-24.03037643432617
3428186026.0,-1.0316616296768188,-2.751594066619873,9.960443496704102,3.2367961406707764,1.727886199951172,-24.169979095458984
3428194359.0,-0.965360164642334,-2.878057718276977,10.145750999450684,3.4655566215515137,1.247977375984192,-24.390899658203125
3428202692.0,-1.076933741569519,-2.752917051315308,9.876975059509276,3.489096164703369,1.1670106649398804,-24.588436126708984
3428211025.0,-1.1101020574569702,-2.7135226726531982,9.82870388031006,3.7380409240722656,1.3771499395370483,-24.69304084777832
3428219358.0,-1.1556925773620603,-3.090794563293457,10.08395004272461,3.879892349243164,1.3758436441421509,-24.72764778137207
3428227691.0,-1.2083520889282229,-3.163293600082397,9.892752647399902,4.104068756103516,0.9982129335403442,-24.97546768188477
3428236024.0,-1.107211709022522,-3.225839376449585,9.958942413330078,4.565611839294434,0.9623017311096193,-24.97495651245117
3428244357.0,-1.0714154243469238,-3.1937975883483887,9.937701225280762,4.821933269500732,0.9139418601989746,-25.06898307800293
3428252690.0,-1.1453534364700315,-2.944121837615967,9.914307594299316,5.106482028961182,1.128512620925903,-25.19879913330078
3428261023.0,-1.2133547067642212,-2.91667914390564,10.086992263793944,5.3811445236206055,1.2820957899093628,-25.32991981506348
3428269356.0,-1.397462010383606,-2.861079216003418,9.996091842651367,5.357091903686523,1.067525029182434,-25.471742630004883
3428277689.0,-1.206433892250061,-2.8535268306732178,10.114791870117188,5.448150634765625,0.9129685759544371,-25.63183212280273
3428286022.0,-0.8605338931083679,-2.991064071655273,10.109563827514648,5.778805732727051,0.2136997133493423,-25.895278930664062
3428294355.0,-0.9886309504508972,-2.883650541305542,9.8349027633667,5.907081604003906,0.4887711107730865,-25.876937866210938
3428302688.0,-1.135527729988098,-2.580285787582397,9.965500831604004,6.136456489562988,1.3367308378219604,-25.91748237609864
3428311021.0,-1.4086381196975708,-2.5483953952789307,10.225008010864258,6.218883514404297,0.8642503619194031,-26.02152633666992
3428319354.0,-1.3711025714874268,-2.4988512992858887,10.101943969726562,6.058974266052246,-0.0567227602005004,-26.176727294921875
3428327687.0,-1.1271055936813354,-2.632030963897705,10.055246353149414,6.093578815460205,-0.2560784816741943,-26.258745193481445
3428336020.0,-1.2753489017486572,-2.691746234893799,9.84849739074707,6.284739017486572,0.3312691450119018,-26.334640502929688
3428344353.0,-1.5512361526489258,-2.586594581604004,9.926584243774414,6.585372447967529,0.8971134424209595,-26.31353187561035
3428352686.0,-1.4184099435806274,-2.627643585205078,10.327402114868164,6.51393461227417,0.1495872288942337,-26.50149154663086
3428361019.0,-1.360428810119629,-2.624218225479126,10.030333518981934,6.366063594818115,-0.9026589393615724,-26.62984085083008
3428369352.0,-1.221102952957153,-2.481205701828003,9.826106071472168,6.54523515701294,-0.4013624787330627,-26.572080612182617
3428377685.0,-0.9958151578903198,-2.1487882137298584,10.012192726135254,6.959391117095947,-0.2074113637208938,-26.6270751953125
3428386018.0,-1.0376591682434082,-1.9209057092666624,10.082889556884766,6.838517665863037,-0.9813202023506165,-26.74830436706543
3428394351.0,-1.0376449823379517,-1.7619764804840088,10.052525520324709,6.449155807495117,-1.0371849536895752,-26.89835929870605
3428402684.0,-1.0971342325210571,-2.014955282211304,10.029297828674316,6.228847503662109,-0.59444260597229,-26.8506088256836
3428411017.0,-1.110277771949768,-1.7652852535247805,10.24228572845459,6.2926788330078125,-0.4754389524459839,-26.88916206359864
3428419350.0,-0.9894940853118896,-1.8470934629440308,10.145410537719728,5.948909759521484,-1.1594161987304688,-26.91246795654297
3428427683.0,-1.154608130455017,-1.8216286897659304,9.824312210083008,5.700528144836426,-1.3529062271118164,-26.957088470458984
3428436016.0,-1.0343283414840698,-1.532907247543335,9.858234405517578,5.599070072174072,-0.7222322821617126,-27.100196838378903
3428444349.0,-0.9141206741333008,-1.8136553764343264,10.302762985229492,5.367056846618652,-0.7542244791984558,-27.159624099731445
3428452682.0,-0.855567991733551,-1.9169416427612305,9.974936485290527,5.052718639373779,-1.2185852527618408,-27.16254425048828
3428461015.0,-0.6575159430503845,-1.68072247505188,9.7830228805542,4.954436779022217,-1.1687910556793213,-27.28055000305176
3428469348.0,-0.4706947803497314,-1.872280955314636,9.780253410339355,4.784076690673828,-0.953708291053772,-27.36561393737793
3428477681.0,-0.3732671737670898,-1.8923507928848269,9.51671314239502,4.4179463386535645,-0.8736892938613892,-27.37504005432129
3428486014.0,-0.5091153979301453,-2.0170648097991943,9.498662948608398,4.232908725738525,-0.3011339604854584,-27.40800666809082
3428494347.0,-0.6014262437820435,-2.106895923614502,9.463891983032228,4.498656272888184,-0.0983715280890464,-27.49734878540039
3428502680.0,-0.8130176663398743,-2.184650182723999,9.53534984588623,4.373531341552734,-0.0407138504087924,-27.56717109680176
3428511013.0,-0.6605318188667297,-2.355519294738769,9.522942543029783,4.4481964111328125,-0.2592546641826629,-27.61030960083008
3428519346.0,-0.4270698130130768,-2.532182455062866,9.428223609924316,4.466536521911621,-0.5716460943222046,-27.82336807250977
3428527679.0,-0.6725830435752869,-2.189427137374878,9.30036735534668,4.551704406738281,-0.0577985607087612,-27.8283634185791
3428536012.0,-0.5930032134056091,-2.0679030418396,9.33715534210205,4.493149280548096,0.6437117457389832,-27.911195755004883
3428544345.0,-0.6157520413398743,-1.7505247592926023,9.45236873626709,4.4090070724487305,0.2523260116577148,-28.22197532653809
3428552678.0,-0.5964428186416626,-1.475536823272705,9.548382759094238,4.113597869873047,0.3866984248161316,-28.33106803894043
3428561011.0,-0.4462558031082153,-1.3016802072525024,9.550921440124512,3.6016201972961426,0.7460151314735413,-28.577682495117188
3428569344.0,-0.6269986033439636,-1.1072852611541748,9.788235664367676,3.302138328552246,1.11493718624115,-28.614925384521484
3428577677.0,-0.7008392810821533,-1.169692873954773,9.93145751953125,2.7887778282165527,1.3452606201171875,-28.474687576293945
3428586010.0,-0.5963464379310608,-1.6963144540786743,9.668047904968262,2.294729709625244,0.7488070726394653,-28.91227912902832
3428594343.0,-0.7372190356254578,-1.8342196941375728,9.606945991516112,2.2426815032958984,0.8410184383392334,-29.04001808166504
3428602676.0,-0.6091946959495544,-2.207324266433716,9.500948905944824,1.964177846908569,1.65826678276062,-29.069887161254883
3428611009.0,-0.6752078533172607,-2.332193613052368,9.829412460327148,2.193220376968384,1.5588321685791016,-29.09711456298828
3428619342.0,-0.7060986757278442,-2.3944737911224365,9.376948356628418,2.288377523422241,1.3435699939727783,-29.33962821960449
3428627675.0,-0.5658589601516724,-2.65429425239563,9.21095085144043,2.225750684738159,1.2644476890563965,-29.707733154296875
3428636008.0,-0.3739183843135834,-2.720146656036377,9.046120643615724,2.8104469776153564,1.5603691339492798,-29.775529861450195
3428644341.0,-0.5590990781784058,-2.8038904666900635,9.210932731628418,2.8413126468658447,2.433379888534546,-29.879684448242188
3428652674.0,-0.6140832304954529,-2.8546385765075684,9.513565063476562,3.2180984020233154,2.5423688888549805,-29.984678268432617
3428661007.0,-0.6350242495536804,-2.738222360610962,9.498345375061035,3.4841785430908203,2.0027015209198,-30.069122314453125
3428669340.0,-0.4198229610919952,-2.840400457382202,9.481321334838867,3.653079748153688,2.027445077896118,-29.94013023376465
3428677673.0,-0.3168335258960724,-2.768681287765503,9.454285621643066,3.954482316970825,2.3220856189727783,-30.11353874206543
3428686006.0,-0.3607072830200195,-2.4358842372894287,9.542160034179688,4.032118797302246,2.9054763317108154,-30.23287582397461
3428694339.0,-0.5806646943092346,-2.4853391647338867,9.739834785461426,4.122256278991699,3.223656415939331,-30.28482437133789
3428702672.0,-0.5256736278533936,-2.602263927459717,9.604921340942385,4.113548278808594,2.802302598953247,-30.293846130371094
3428711005.0,-0.8035786747932434,-2.290574312210083,9.531185150146484,3.9085304737091056,3.058803081512451,-30.35198402404785
3428719338.0,-0.3897222280502319,-2.5320088863372803,9.711711883544922,3.876896858215332,3.5817697048187256,-30.3320541381836
3428727671.0,-0.5070075392723083,-2.841341257095337,9.836141586303713,3.8640894889831534,3.175245761871338,-30.33705139160156
3428736004.0,-0.8178455829620361,-2.5453596115112305,9.642943382263184,3.887449979782105,3.6211133003234863,-30.3250675201416
3428744337.0,-1.0233914852142334,-2.535187244415283,9.801688194274902,4.251914978027344,4.129811763763428,-30.27147674560547
3428752670.0,-0.9383458495140076,-2.380253314971924,9.981414794921877,4.1082963943481445,3.4553887844085693,-30.427881240844727
3428761003.0,-0.5308008790016174,-2.431319236755371,10.033439636230469,3.758123874664306,2.86316180229187,-30.292510986328125
3428769336.0,-0.5303257703781128,-2.854542732238769,9.55783462524414,3.665681838989258,2.929476737976074,-30.193098068237305
3428777669.0,-0.733436107635498,-2.7895898818969727,9.476165771484377,4.100841999053955,4.296407699584961,-30.006500244140625
3428786002.0,-0.96895170211792,-2.9035818576812744,9.951874732971191,4.438694000244141,4.398198127746582,-29.960235595703125
3428794335.0,-0.9736146926879884,-2.9690232276916504,10.14134693145752,4.335980415344238,3.143867492675781,-30.023298263549805
3428802668.0,-0.8331841230392456,-2.7087998390197754,9.949210166931152,4.487053871154785,2.8274550437927246,-30.0970401763916
3428811001.0,-0.737207293510437,-2.7315099239349365,9.783373832702637,4.74770450592041,3.827281951904297,-29.94679069519043
3428819334.0,-0.8768820762634277,-2.773702621459961,9.976524353027344,5.1105055809021,3.879407405853272,-29.97745513916016
3428827667.0,-0.9535921216011048,-2.733006715774536,9.941795349121094,5.0330986976623535,3.484691381454468,-30.030986785888672
3428836000.0,-0.8632888197898865,-2.615808725357056,9.967025756835938,5.065680027008057,2.957857131958008,-29.95880508422852
3428844333.0,-0.8869585990905762,-2.406081199645996,9.85044765472412,5.41011381149292,3.173964500427246,-29.788135528564453
3428852666.0,-0.9116342663764954,-2.276127815246582,9.972342491149902,5.449662685394287,3.671393156051636,-29.817716598510746
3428860999.0,-0.6596682667732239,-2.596419095993042,10.387076377868652,5.603195190429688,3.292174816131592,-29.80719566345215
3428869332.0,-0.9027814865112304,-2.582005500793457,10.008928298950195,5.459601402282715,2.9022488594055176,-29.657634735107425
3428877665.0,-1.1342666149139404,-2.435767650604248,10.10287094116211,5.646149635314941,3.650235891342163,-29.589496612548828
3428885998.0,-0.934753954410553,-2.3884518146514893,10.270792961120604,6.034512996673584,3.448472261428833,-29.61946487426757
3428894331.0,-1.0584487915039062,-2.398021459579468,10.36129093170166,5.7693047523498535,2.681172609329224,-29.55699920654297
3428902664.0,-0.7616477012634277,-2.4388022422790527,10.129932403564451,5.7206878662109375,2.566650867462158,-29.38947868347168
3428910997.0,-0.8970323801040649,-2.3504738807678223,9.906377792358398,5.937332630157471,3.005986213684082,-29.359325408935547
3428919330.0,-0.850350022315979,-2.4400434494018555,10.323598861694336,6.253668785095215,3.675517320632935,-29.272315979003903
3428927663.0,-0.6059291362762451,-2.842521905899048,10.548808097839355,6.179592609405518,3.013517141342163,-29.213119506835938
3428935996.0,-0.7320953011512756,-2.6250159740448,10.542492866516112,6.36972713470459,2.954015254974365,-29.06314849853516
3428944329.0,-0.5705151557922363,-2.4066433906555176,10.477953910827637,6.702097415924072,3.876742839813232,-28.926729202270508
3428952662.0,-0.5737882852554321,-2.6225504875183105,10.597955703735352,6.8052978515625,3.810683727264404,-28.89035415649414
3428960995.0,-0.8537924885749817,-2.1160430908203125,10.330875396728516,6.864235877990723,3.607332468032837,-29.014408111572266
3428969328.0,-1.1158303022384644,-2.001801013946533,10.23060131072998,6.691059589385986,4.12087345123291,-29.193044662475582
3428977661.0,-1.2453372478485107,-1.5669528245925903,10.368393898010254,6.97947359085083,4.23892879486084,-29.22264671325684
3428985994.0,-1.2301121950149536,-1.4116971492767334,10.368614196777344,6.467803955078125,3.959373950958252,-29.23806953430176
3428994327.0,-1.124692678451538,-1.5146323442459106,10.217385292053224,6.087022304534912,2.88457465171814,-29.35435676574707
3429002660.0,-1.2839020490646362,-1.365848183631897,9.696148872375488,5.546868801116943,3.2982959747314453,-29.653194427490234
3429010993.0,-1.2012184858322144,-1.2472913265228271,10.31167697906494,5.230648517608643,4.518290996551514,-29.561744689941406
3429019326.0,-1.3391492366790771,-1.0975581407546997,10.64686107635498,5.120853424072266,3.64875078201294,-29.78939247131348
3429027659.0,-1.3590989112854004,-0.7257490754127502,10.472183227539062,4.35957145690918,2.775765180587769,-30.131059646606445
3429035992.0,-0.9454146027565002,-0.9108209013938904,10.155917167663574,3.930020809173584,2.80488920211792,-30.36663246154785
3429044325.0,-1.0194525718688965,-1.3003181219100952,9.83019733428955,3.451367139816284,3.036672353744507,-30.50571823120117
3429052658.0,-1.398651123046875,-1.4509296417236328,9.977091789245604,3.286027431488037,3.693908929824829,-30.64306259155273
3429060991.0,-1.6641972064971924,-1.4451346397399902,10.02284812927246,3.183339834213257,3.414790391921997,-30.738555908203125
3429069324.0,-1.6222656965255735,-1.607807159423828,10.094717979431152,2.937583923339844,2.223022937774658,-31.06515121459961
3429077657.0,-1.4493592977523804,-1.7577767372131348,9.712830543518066,2.816107988357544,2.002881050109864,-31.15363311767578
3429085990.0,-1.2048730850219729,-2.0590603351593018,9.375208854675291,2.6673409938812256,2.057311773300171,-31.30714607238769
3429094323.0,-1.4398257732391355,-2.391843795776367,9.332176208496094,3.1533710956573486,2.324135065078736,-31.397533416748047
3429102656.0,-1.461917519569397,-2.314461469650269,9.322285652160645,3.019639253616333,2.227134227752685,-31.487876892089844
3429110989.0,-1.297569751739502,-2.560363531112671,9.61655330657959,3.162182569503784,1.2403961420059204,-31.51254272460937
3429119322.0,-1.5322482585906982,-2.235273838043213,9.261990547180176,3.1168196201324463,0.8542609810829163,-31.53782081604004
3429127655.0,-1.185155153274536,-2.0119564533233643,9.32365608215332,3.033701181411743,1.3753573894500732,-31.556236267089844
3429135988.0,-1.2724145650863647,-2.2526068687438965,9.70762825012207,2.9891066551208496,0.9366620779037476,-31.579803466796875
3429144321.0,-1.47018563747406,-1.7987773418426514,9.817704200744627,2.5701091289520264,0.8904796242713928,-31.65324211120605
3429152654.0,-1.354703068733215,-1.6595234870910645,10.006802558898926,2.6493852138519287,1.1849923133850098,-31.71087455749512
3429160987.0,-1.2058206796646118,-1.604473114013672,10.14993667602539,2.8685665130615234,0.6985008716583252,-31.73725891113281
3429169320.0,-0.7999194264411926,-1.9461032152175903,9.95269012451172,2.157053709030152,0.0523811541497707,-31.76215171813965
3429177653.0,-0.8369735479354858,-2.45878005027771,9.528623580932615,1.5523779392242432,-0.1092320159077644,-31.824064254760746
3429185986.0,-1.067570447921753,-2.3540844917297363,9.082921981811523,1.9707098007202148,1.3292518854141235,-31.68682289123535
3429194319.0,-1.0159363746643066,-2.5203256607055664,9.65326690673828,2.1807210445404053,1.2042800188064575,-31.738126754760746
3429202652.0,-1.026951789855957,-2.852942705154419,9.276315689086914,2.0778794288635254,-0.3542835414409637,-31.689584732055664
3429210985.0,-1.128686547279358,-3.108039617538452,8.842586517333984,1.794304370880127,-0.2799766361713409,-31.635950088500977
3429219318.0,-1.126259684562683,-3.184283971786499,8.737777709960938,2.661372184753418,0.9618664979934692,-31.491844177246094
3429227651.0,-1.3556320667266846,-3.289491891860962,9.163249015808104,3.0835721492767334,0.6170986890792847,-31.651649475097656
3429235984.0,-1.422720193862915,-3.28565526008606,9.213308334350586,3.319838523864746,-0.173549398779869,-31.58398056030273
3429244317.0,-1.1532405614852903,-3.520923614501953,9.051098823547363,3.485844373703003,-0.8651598691940308,-31.568662643432617
3429252650.0,-1.2221604585647583,-3.1599862575531006,9.065821647644045,3.961578130722046,-0.1374332904815673,-31.470972061157227
3429260983.0,-1.0845779180526731,-3.086402416229248,9.246210098266602,4.560336589813232,0.142850711941719,-31.37942695617676
3429269316.0,-0.9704061150550842,-3.0910298824310303,9.495929718017578,4.808462142944336,-0.5933927297592163,-31.47775650024414
3429277649.0,-0.9318238496780396,-3.003326416015625,9.148256301879885,4.650165557861328,-0.8066570162773132,-31.50414276123047
3429285982.0,-0.7881467938423157,-2.962964057922364,9.40855598449707,4.78389835357666,-0.1094881519675254,-31.516490936279297
3429294315.0,-0.955586850643158,-2.698462009429932,9.395760536193848,5.275717735290527,0.1662109196186065,-31.53731346130371
3429302648.0,-1.1003026962280271,-2.597679376602173,9.80319881439209,5.278894424438477,0.0517408028244972,-31.447816848754883
3429310981.0,-1.186817288398743,-2.937793493270874,9.65541172027588,5.0172953605651855,-0.5755395889282227,-31.584291458129883
3429319314.0,-1.3004345893859863,-2.6502695083618164,9.47801399230957,5.31276798248291,-0.3099581301212311,-31.56644630432129
3429327647.0,-1.1688802242279053,-2.817471742630005,9.835749626159668,5.539646625518799,0.0363722406327724,-31.50467872619629
3429335980.0,-1.1957606077194214,-2.7063989639282227,9.764555931091309,5.704166412353516,-0.4434467852115631,-31.58540725708008
3429344313.0,-0.9791458249092102,-2.5719218254089355,9.669568061828612,5.62855339050293,-0.7295324206352234,-31.5950927734375
3429352646.0,-0.8677172064781189,-2.691944599151612,9.539999008178713,5.602016925811768,-0.507175087928772,-31.67803192138672
3429360979.0,-1.0034964084625244,-2.458339214324951,9.541467666625977,5.865281105041504,0.323508083820343,-31.79778480529785
3429369312.0,-0.9746485948562622,-2.631320238113404,10.075822830200195,5.981569290161133,0.2601639926433563,-31.62060737609864
3429377645.0,-1.0975353717803955,-2.498543500900269,9.94174861907959,5.912206172943115,-0.6190837621688843,-31.782543182373047
3429385978.0,-0.92742520570755,-2.081550121307373,9.820792198181152,6.046066284179688,-0.5884235501289368,-31.73797607421875
3429394311.0,-0.9969114065170288,-2.2301056385040283,9.908960342407228,6.031620025634766,-0.32254758477211,-31.93392562866211
3429402644.0,-0.9343828558921814,-1.963701248168945,9.866053581237791,5.999115943908691,-0.0364618971943855,-31.904726028442383
3429410977.0,-0.9984106421470642,-2.1026089191436768,10.17173957824707,5.878830432891846,-0.5694433450698853,-31.92316436767578
3429419310.0,-0.943169116973877,-1.991506695747376,9.747003555297852,5.808045387268066,-0.6672769784927368,-31.98408508300781
3429427643.0,-0.9350546598434448,-1.792610764503479,9.886270523071287,5.911770820617676,-0.4644505083560943,-31.97050094604492
3429435976.0,-0.9886959195137024,-1.9879496097564693,9.997034072875977,5.664106369018555,-0.3047712445259094,-32.09757232666016
3429444309.0,-1.0328956842422483,-1.7875064611434937,10.055349349975586,5.46400785446167,-0.3293353319168091,-32.186405181884766
3429452642.0,-0.999243438243866,-1.9203850030899048,10.22153663635254,5.659547805786133,-0.5425228476524353,-32.286094665527344
3429460975.0,-0.897239089012146,-1.892718315124512,10.183867454528809,5.507936477661133,-0.8610873222351074,-32.32439041137695
3429469308.0,-0.8685656785964966,-1.7472336292266846,9.962132453918455,5.549739360809326,-0.6897023320198059,-32.26189041137695
3429477641.0,-0.8001933693885803,-2.020693302154541,10.231841087341309,5.355429649353027,-0.5838386416435242,-32.194679260253906
3429485974.0,-0.9356430768966676,-1.7593218088150024,10.231877326965332,5.336397171020508,-0.4216746687889099,-32.15581512451172
3429494307.0,-0.9630332589149476,-1.849572777748108,10.498645782470703,5.413522720336914,-0.5297925472259521,-32.15584945678711
3429502640.0,-0.966080367565155,-1.6169309616088867,10.220561027526855,5.397231578826904,-1.1249654293060305,-32.35832977294922
3429510973.0,-0.9687175154685974,-1.7807444334030151,10.366588592529297,5.229099273681641,-0.7264587879180908,-32.1657829284668
3429519306.0,-0.8002548813819885,-1.944703459739685,10.260974884033203,4.993730068206787,-0.9425663352012634,-32.28955078125
3429527639.0,-0.6809948086738586,-1.8451701402664185,10.324695587158203,4.972419738769531,-1.1572139263153076,-32.26639938354492
3429535972.0,-0.6427953243255615,-1.882219076156616,10.263025283813477,4.833820343017578,-1.1841087341308594,-32.32628631591797
3429544305.0,-0.5229699015617371,-1.8796616792678835,10.148159980773926,4.6503448486328125,-1.1380798816680908,-32.22476959228516
3429552638.0,-0.5827813148498535,-1.8030630350112915,10.201587677001951,4.482571125030518,-1.0105977058410645,-32.12874221801758
3429560971.0,-0.6762535572052002,-2.094007968902588,10.27716827392578,4.244500160217285,-1.1759250164031982,-32.05283737182617
3429569304.0,-0.7644732594490051,-2.0729894638061523,10.222123146057127,4.116403579711914,-0.9490338563919068,-32.071537017822266
3429577637.0,-0.66086745262146,-2.1382815837860107,10.271381378173828,4.279847621917725,-1.153589367866516,-31.82625389099121
3429585970.0,-0.6621575355529785,-2.014879941940308,10.218966484069824,4.204887390136719,-1.317712664604187,-31.910381317138672
3429594303.0,-0.5585014224052429,-2.17819881439209,10.17883014678955,4.064879417419434,-0.9732006788253784,-31.76176643371582
3429602636.0,-0.5185908079147339,-2.357255458831787,10.179819107055664,4.086319923400879,-0.7663401961326599,-31.70063018798828
3429610969.0,-0.5462937355041504,-2.160437822341919,10.182860374450684,4.286123275756836,-0.7262666821479797,-31.676307678222656
3429619302.0,-0.3488480746746063,-2.2831380367279053,10.099215507507324,4.207705020904541,-0.9316032528877258,-31.746240615844727
3429627635.0,-0.3445231020450592,-2.2329764366149902,10.101617813110352,4.096334457397461,-0.7898540496826172,-31.729368209838867
3429635968.0,-0.297307938337326,-2.3647193908691406,10.158077239990234,4.440384864807129,-0.1335655450820922,-31.521684646606445
3429644301.0,-0.3974884748458862,-2.282666683197021,10.078155517578123,4.488131046295166,-0.1955008506774902,-31.62347984313965
3429652634.0,-0.7697846293449402,-2.100894927978516,10.089691162109377,4.620862483978272,0.1276870518922805,-31.71712112426757
3429660967.0,-0.721809983253479,-2.3166093826293945,9.934879302978516,4.473504543304443,0.0506393834948539,-31.686412811279297
3429669300.0,-0.739636242389679,-2.389805316925049,10.03968906402588,4.664048671722412,-0.4449324011802673,-31.644607543945312
3429677633.0,-0.6201910376548767,-2.682214498519897,10.006386756896973,4.601601600646973,-0.1539801210165023,-31.55193901062012
3429685966.0,-0.7573236227035522,-2.262768745422364,9.819146156311035,4.800445556640625,0.1671074330806732,-31.590721130371094
3429694299.0,-0.7430562376976013,-2.1307358741760254,9.947875022888184,5.167036533355713,0.4100587069988251,-31.47648048400879
3429702632.0,-0.5572606921195984,-2.3530526161193848,9.97839641571045,4.945497989654541,-0.3189871311187744,-31.84306907653809
3429710965.0,-0.2651000320911407,-2.3570785522460938,9.947206497192385,4.788483619689941,-0.4221101701259613,-31.618560791015625
3429719298.0,-0.3863517343997955,-2.436495065689087,9.63540267944336,4.904540538787842,0.1608062833547592,-31.72342109680176
3429727631.0,-0.8177220225334167,-1.9736287593841555,9.636224746704102,5.208530902862549,1.0202414989471436,-31.688257217407227
3429735964.0,-0.9382545948028564,-2.243471622467041,10.09591293334961,5.104665756225586,0.4415386319160461,-31.849552154541016
3429744297.0,-0.9945762157440186,-2.191584825515747,9.963640213012695,4.698398113250732,-0.4458033740520477,-31.957643508911133
3429752630.0,-0.6554242372512817,-2.2506332397460938,9.769702911376951,4.913147449493408,-0.3581513166427612,-31.84140396118164
3429760963.0,-0.8512678742408752,-2.0634069442749023,9.602320671081545,5.0530781745910645,0.0924162417650222,-31.83323097229004
3429769296.0,-0.6030122637748718,-2.113309621810913,9.714874267578123,5.040911674499512,0.1222568675875663,-31.916969299316406
3429777629.0,-0.4360385835170746,-2.242318630218506,9.86422061920166,4.774600028991699,-0.8624449372291565,-32.0084114074707
3429785962.0,-0.2818397879600525,-2.049037218093872,9.384614944458008,4.610591888427734,-0.589140772819519,-32.07059860229492
3429794295.0,-0.364137053489685,-1.9941333532333367,9.582850456237791,4.981076240539551,0.2151341289281845,-32.207759857177734
3429802628.0,-0.5983216166496277,-2.110790729522705,9.641316413879396,4.844808101654053,0.5070854425430298,-32.129180908203125
3429810961.0,-0.6402257680892944,-2.24487566947937,9.895405769348145,4.753929138183594,-0.3590478301048279,-32.1480827331543
3429819294.0,-0.7254078388214111,-2.049215316772461,9.544515609741213,4.515230178833008,-0.6061999201774597,-32.22541427612305
3429827627.0,-0.6242727637290955,-2.173212766647339,9.641446113586426,4.986826419830322,-0.144669309258461,-32.18730926513672
3429835960.0,-0.6622514724731445,-2.0137269496917725,9.874926567077637,4.829734802246094,-0.2522748410701751,-32.13541412353516
3429844293.0,-0.4588145017623901,-2.252519130706787,9.913856506347656,4.61924934387207,-0.9171056151390076,-32.1142463684082
3429852626.0,-0.4338706731796264,-1.967325210571289,9.636683464050291,4.549451351165772,-1.1018869876861572,-32.046627044677734
3429860959.0,-0.4552116394042969,-1.956463098526001,9.563251495361328,4.527755737304688,-0.2220884412527084,-31.998804092407227
3429869292.0,-0.6229315400123596,-2.0370874404907227,9.970451354980469,4.486247539520264,-0.5694817304611206,-32.09018325805664
3429877625.0,-0.5364527702331543,-2.13944149017334,9.891802787780762,3.958504438400269,-0.7287641167640686,-32.07723617553711
3429885958.0,-0.3633647561073303,-2.159676551818848,10.000886917114258,4.185907363891602,-1.3951959609985352,-31.975473403930664
3429894291.0,-0.3962788581848144,-2.017497539520264,9.677409172058104,4.166031360626221,-0.8262518644332886,-32.202640533447266
3429902624.0,-0.4340009689331054,-2.1798040866851807,9.877755165100098,4.092800140380859,-0.7143944501876831,-32.02375411987305
3429910957.0,-0.4912523925304413,-2.136828660964966,9.914718627929688,3.790781974792481,-0.8143412470817566,-32.191036224365234
3429919290.0,-0.4261155128479004,-2.1186110973358154,9.853401184082031,3.800771474838257,-1.2520633935928345,-32.1172981262207
3429927623.0,-0.143872931599617,-1.995836973190308,9.751556396484377,4.206270694732666,-1.440174579620361,-32.313934326171875
3429935956.0,-0.0212300401180982,-2.482854127883911,9.82147979736328,3.9688527584075928,-1.005500555038452,-32.297264099121094
3429944289.0,-0.1169522404670715,-2.3154513835906982,9.628828048706056,3.861374855041504,-0.7269967198371887,-32.304664611816406
3429952622.0,-0.1957694888114929,-2.3686013221740723,9.920343399047852,4.317053318023682,-0.4982613921165466,-32.26286315917969
3429960955.0,-0.469535231590271,-2.2671878337860107,10.059208869934082,4.20557975769043,-0.7976664304733276,-32.40182113647461
3429969288.0,-0.2663034498691559,-2.384629964828491,9.975692749023438,4.19473123550415,-0.7858454585075378,-32.414764404296875
3429977621.0,-0.2417665123939514,-2.2754244804382324,10.141640663146973,4.265183925628662,-0.8004327416419983,-32.4507942199707
3429985954.0,-0.0712466463446617,-2.282967567443848,9.938825607299805,4.575551509857178,-0.6076341867446899,-32.641334533691406
3429994287.0,-0.0328057929873466,-2.288248300552368,10.251371383666992,4.5194830894470215,-0.4734667837619781,-32.72809982299805
3430002620.0,-0.0740791261196136,-2.1677186489105225,9.982436180114746,4.304629325866699,-0.1278023421764373,-32.652835845947266
3430010953.0,-0.0771481245756149,-2.2811830043792725,10.222461700439451,4.40357780456543,-0.3762862682342529,-32.830936431884766
3430019286.0,-0.0929063633084297,-2.2042484283447266,10.191971778869627,4.201788902282715,0.021336680278182,-32.80422592163086
3430027619.0,-0.0087115401402115,-2.241828680038452,10.432861328125,4.1482038497924805,0.1767127960920334,-32.745208740234375
3430035952.0,-0.1270268410444259,-2.128788709640503,10.35027027130127,4.054915904998779,0.5058816075325012,-32.837310791015625
3430044285.0,-0.1480169147253036,-2.313856840133667,10.399982452392578,4.249584674835205,0.2192068099975586,-32.889156341552734
3430052618.0,-0.2575544714927673,-2.419985294342041,10.208670616149902,4.036345958709717,0.3195378482341766,-32.95421600341797
3430060951.0,-0.0237265713512897,-2.5271143913269043,10.340985298156738,4.075459003448486,0.4625166654586792,-32.90877914428711
3430069284.0,-0.0156157286837697,-2.227876901626587,10.16765022277832,4.109923362731934,0.3202422857284546,-33.0947265625
3430077617.0,0.1227094456553459,-2.253619432449341,10.134337425231934,4.225403785705566,0.580188512802124,-33.034847259521484
3430085950.0,-0.2797493040561676,-2.1297600269317627,10.080364227294922,3.9140374660491934,0.9438084363937378,-33.012176513671875
3430094283.0,-0.3414520025253296,-2.234126567840576,10.303544998168944,3.846954584121704,1.6194872856140137,-33.07650375366211
3430102616.0,-0.5048549771308899,-2.038782119750977,10.481223106384276,3.8759241104125977,0.6987314820289612,-33.27398681640625
3430110949.0,-0.1962243318557739,-2.1702864170074463,10.224425315856934,3.8335580825805664,0.5652811527252197,-33.46086883544922
3430119282.0,-0.2435996383428573,-2.2244696617126465,10.049455642700195,3.734110116958618,0.5441108345985413,-33.396121978759766
3430127615.0,-0.0542605891823768,-2.4405291080474854,9.99852180480957,3.5307207107543945,1.1426007747650146,-33.46784210205078
3430135948.0,-0.1975961923599243,-2.170567989349365,10.234548568725586,3.497063636779785,0.8258294463157654,-33.53205108642578
3430144281.0,-0.1514135003089904,-2.1296114921569824,9.94717788696289,3.420259475708008,0.5931366682052612,-33.510986328125
3430152614.0,-0.182154506444931,-2.3640389442443848,10.06417465209961,3.451918363571167,0.661680281162262,-33.572479248046875
3430160947.0,-0.2512488961219787,-2.6941399574279785,9.820100784301758,3.357734680175781,1.1001709699630735,-33.57366180419922
3430169280.0,-0.3157411217689514,-2.758508682250977,10.140033721923828,3.692782402038574,1.0958293676376345,-33.70098114013672
3430177613.0,-0.4181592166423797,-2.534719944000244,10.017260551452637,3.802706480026245,1.0521442890167236,-33.74878692626953
3430185946.0,-0.2399787902832031,-2.7349886894226074,10.0433988571167,4.113509654998779,0.5686493515968323,-33.66530990600586
3430194279.0,-0.1253252625465393,-2.7450737953186035,9.923004150390623,4.007863998413086,0.7500112652778625,-33.73161315917969
3430202612.0,0.1297624111175537,-2.7024731636047363,9.857184410095217,4.300198554992676,0.7559024095535278,-33.795982360839844
3430210945.0,-0.1985661387443542,-2.4648988246917725,9.67912483215332,4.459672927856445,0.973905384540558,-33.78611755371094
3430219278.0,-0.2660896778106689,-2.4715380668640137,9.6314697265625,4.494431495666504,1.3053538799285889,-33.85942840576172
3430227611.0,-0.4347925782203674,-2.314450979232788,9.892618179321287,4.235395431518555,0.8630470037460327,-34.112606048583984
3430235944.0,-0.2724206149578094,-2.6141505241394043,9.94250774383545,3.9550979137420654,0.7997540235519409,-33.948692321777344
3430244277.0,-0.373849093914032,-2.2103166580200195,9.78135871887207,4.166646480560303,0.8796449303627014,-34.05813980102539
3430252610.0,-0.2052160650491714,-2.4265472888946533,9.963739395141602,4.253158092498779,0.9946399927139282,-34.1121940612793
3430260943.0,-0.422989159822464,-2.383818387985229,9.781790733337402,3.935170412063599,0.532289981842041,-34.275634765625
3430269276.0,-0.3171968162059784,-2.530287742614746,9.822816848754885,3.610701322555542,0.9207430481910706,-34.24009323120117
3430277609.0,-0.2077168673276901,-2.285233736038208,9.822958946228027,3.666489601135254,0.861753523349762,-34.4058952331543
3430285942.0,-0.0362348742783069,-2.3693923950195312,9.80194854736328,3.789143085479736,0.6378975510597229,-34.367794036865234
3430294275.0,-0.3579584658145904,-2.5312466621398926,9.561114311218262,3.3937108516693115,0.5505273938179016,-34.528221130371094
3430302608.0,-0.4408244490623474,-2.599350929260254,9.57268524169922,3.2175869941711426,1.3147801160812378,-34.501678466796875
3430310941.0,-0.5794574022293091,-2.191721677780152,9.994582176208496,3.158008337020874,0.8824113607406616,-34.55342102050781
3430319274.0,-0.476479023694992,-2.478651285171509,9.965964317321776,2.9440646171569824,0.4617610275745392,-34.650611877441406
3430327607.0,-0.4238624572753906,-2.892641067504883,9.820477485656738,2.714151382446289,0.3234184980392456,-34.71390914916992
3430335940.0,-0.1964548975229263,-2.765688180923462,9.749260902404783,3.0611345767974854,0.5505016446113586,-34.760868072509766
3430344273.0,-0.2751936614513397,-3.007442235946656,10.035585403442385,3.1358768939971924,0.2064765393733978,-34.81370544433594
3430352606.0,-0.330254852771759,-2.8458826541900635,9.490216255187988,3.010777235031128,0.5559576153755188,-34.973289489746094
3430360939.0,-0.1924391686916351,-2.9706406593322754,9.9704008102417,3.341533899307251,0.3916932344436645,-35.02118682861328
3430369272.0,-0.2808974385261535,-2.969871282577514,9.729836463928224,3.220839500427246,0.3631077706813812,-35.26974868774414
3430377605.0,-0.1740237474441528,-3.088587760925293,9.83958911895752,3.599393129348755,0.4618507325649261,-35.164554595947266
3430385938.0,-0.4678901731967926,-2.9342141151428223,9.609277725219728,3.866652011871338,0.7689912915229797,-35.3420295715332
3430394271.0,-0.5103157162666321,-3.140299320220948,9.836682319641112,3.826783418655396,0.8365745544433594,-35.36002731323242
3430402604.0,-0.5844057202339172,-2.944589138031006,9.911996841430664,3.859211444854736,0.3529517352581024,-35.4917106628418
3430410937.0,-0.2914398312568664,-3.1474759578704834,10.082905769348145,4.094183921813965,0.1489725708961486,-35.591854095458984
3430419270.0,-0.2289325147867202,-2.69621205329895,9.77811050415039,4.272202491760254,-0.0170975197106599,-35.7008171081543
3430427603.0,-0.2115403115749359,-2.790815591812134,9.824745178222656,4.5052409172058105,0.5020908117294312,-35.68273162841797
3430435936.0,-0.4350400567054748,-2.7563259601593018,9.92993450164795,4.354565620422363,0.295217216014862,-35.72580337524414
3430444269.0,-0.509340763092041,-2.812106847763061,10.12279224395752,4.128903865814209,0.509198784828186,-35.78435516357422
3430452602.0,-0.5677818655967712,-2.663654565811157,10.166707992553713,4.355910301208496,0.3254292011260986,-36.07386016845703
3430460935.0,-0.4516379237174988,-2.570742607116699,10.144997596740724,4.491806507110596,0.1849990040063858,-36.126712799072266
3430469268.0,-0.3990221321582794,-2.891287326812744,10.16987133026123,4.007466793060303,-0.069184124469757,-36.22248840332031
3430477601.0,-0.3386484682559967,-2.626031875610352,10.07833194732666,3.958620548248291,-0.0176226161420345,-36.20365905761719
3430485934.0,-0.1640781760215759,-2.664958000183105,10.179017066955566,3.981955528259277,0.0464258566498756,-36.32809829711914
3430494267.0,-0.1628941148519516,-2.4246647357940674,10.138993263244627,4.019813060760498,-0.1967431455850601,-36.49876403808594
3430502600.0,-0.1259722262620926,-2.80932879447937,9.85662078857422,3.820380449295044,-0.2159538865089416,-36.50803756713867
3430510933.0,-0.387451022863388,-2.7152130603790283,9.775026321411133,3.739182949066162,0.3222658336162567,-36.5739631652832
3430519266.0,-0.3011196255683899,-2.822674512863159,10.033207893371582,3.852628946304321,0.4751318693161011,-36.6341667175293
3430527599.0,-0.4504907727241516,-2.5830178260803223,10.010358810424805,3.822275876998901,0.2019044607877731,-36.77087020874024
3430535932.0,-0.2535797953605652,-2.912204027175904,10.059226036071776,4.006186485290527,0.0921217203140258,-36.75242614746094
3430544265.0,-0.2227448672056198,-2.828686475753784,9.955793380737305,3.6882882118225098,-0.036833319813013,-37.03384780883789
3430552598.0,-0.1058651730418205,-2.858391523361206,9.825944900512695,4.103828430175781,0.2901712357997894,-37.02547454833984
3430560931.0,-0.1058442294597625,-2.7907633781433105,9.767797470092772,4.207564830780029,0.150086760520935,-37.11890411376953
3430569264.0,-0.2035460919141769,-2.743864059448242,9.78822422027588,4.12583065032959,0.315298855304718,-37.2505989074707
3430577597.0,-0.3882639408111572,-2.8433516025543213,9.83090114593506,3.957020521163941,0.3494298756122589,-37.42749786376953
3430585930.0,-0.415519505739212,-2.710045576095581,9.8804349899292,3.952729463577272,0.6837344169616699,-37.34326553344727
3430594263.0,-0.3578865528106689,-2.730751037597656,10.216957092285156,4.0641770362854,0.2567702233791351,-37.66572570800781
3430602596.0,-0.2762238085269928,-2.467489004135132,9.84774398803711,3.895430326461792,0.1006256341934204,-37.73908233642578
3430610929.0,-0.3236773014068603,-2.7199900150299072,10.011463165283203,3.511972427368164,0.2607788741588592,-37.8304443359375
3430619262.0,-0.3307461142539978,-2.375451803207397,9.787689208984377,3.187413215637207,0.7711686491966248,-37.920928955078125
3430627595.0,-0.1331247985363006,-2.718778133392334,10.185362815856934,3.398782730102539,0.53423672914505,-37.99131774902344
3430635928.0,-0.2184689491987228,-2.5519802570343018,9.85554313659668,2.960880994796753,0.1009970381855964,-38.06893157958984
3430644261.0,-0.0806643962860107,-2.6659185886383057,9.557014465332031,2.739240884780884,0.4643353819847107,-38.07592391967773
3430652594.0,-0.4513498246669769,-2.7520456314086914,9.737553596496582,2.781209945678711,0.7615506052970886,-38.11528778076172
3430660927.0,-0.5002233982086182,-3.071336030960083,9.808249473571776,2.662821054458618,1.2025258541107178,-38.187801361083984
3430669260.0,-0.6144902110099792,-3.1280102729797363,10.074789047241213,3.0299627780914307,0.377554327249527,-38.13753128051758
3430677593.0,-0.5937142968177795,-3.2567152976989746,9.71676540374756,3.092705011367798,0.3898875713348388,-38.232906341552734
3430685926.0,-0.3905406892299652,-3.2835326194763184,9.77763843536377,3.2086989879608154,0.6406896114349365,-38.32282257080078
3430694259.0,-0.2827381491661072,-3.188013792037964,9.833907127380373,3.361283302307129,0.952031135559082,-38.376564025878906
3430702592.0,-0.1938922107219696,-3.2774014472961426,10.148701667785645,3.402240753173828,0.8873038291931152,-38.45975875854492
3430710925.0,-0.4175191521644592,-2.841679334640503,9.879825592041016,3.461230516433716,0.993551790714264,-38.487735748291016
3430719258.0,-0.5157848596572876,-2.809924840927124,10.124584197998049,3.283646821975708,1.467057228088379,-38.58076095581055
3430727591.0,-0.7950111627578735,-2.620355129241944,10.074788093566896,3.029117584228516,1.3127312660217283,-38.617618560791016
3430735924.0,-0.7041582465171814,-2.721281051635742,10.13786506652832,2.900559663772583,1.483655333518982,-38.50860595703125
3430744257.0,-0.7535516619682312,-2.8757200241088867,10.24259090423584,2.888828754425049,0.996753752231598,-38.46549987792969
3430752590.0,-0.8872891068458557,-3.0032527446746826,10.038846969604492,2.5950069427490234,1.6274025440216064,-38.40312576293945
3430760923.0,-0.8248811364173889,-3.007938861846924,10.178885459899902,2.680008172988892,1.2463006973266602,-38.382137298583984
3430769256.0,-0.7571024894714355,-3.0913519859313965,10.065776824951172,2.5411534309387207,0.9887492656707764,-38.451114654541016
3430777589.0,-0.4682388603687286,-3.2219479084014893,10.01840591430664,2.675243616104126,0.8330912590026855,-38.483924865722656
3430785922.0,-0.6231528520584106,-3.104616403579712,9.85000228881836,2.459315776824951,1.2006816864013672,-38.46607208251953
3430794255.0,-0.7306532263755798,-2.9919795989990234,9.970609664916992,2.817556858062744,1.898926854133606,-38.38239669799805
3430802588.0,-1.0697799921035769,-3.0797722339630127,10.139337539672852,2.751023530960083,1.4497675895690918,-38.583797454833984
3430810921.0,-1.044078707695007,-3.0167152881622314,10.03630256652832,2.7381012439727783,1.4311331510543823,-38.52669906616211
3430819254.0,-1.0738182067871094,-3.027282953262329,10.170381546020508,2.98105263710022,0.9153642654418944,-38.40378189086914
3430827587.0,-0.9563361406326294,-2.9275946617126465,9.900778770446776,2.9588961601257324,1.3697357177734375,-38.55485153198242
3430835920.0,-0.9504575729370116,-3.0133392810821533,10.100101470947266,2.9470365047454834,0.9512754678726196,-38.5045166015625
3430844253.0,-1.0876070261001587,-2.790745496749878,9.88510799407959,2.8141753673553467,1.1425628662109375,-38.61999130249024
3430852586.0,-0.9826870560646056,-2.8822388648986816,9.968647003173828,2.886663913726806,0.8482804894447327,-38.6044921875
3430860919.0,-0.9689177870750428,-2.75960111618042,9.950411796569824,2.949803113937378,0.6033056378364563,-38.59714126586914
3430869252.0,-0.9548131227493286,-3.039735078811645,9.95050811767578,2.6852593421936035,0.5879883766174316,-38.75026321411133
3430877585.0,-1.1855770349502563,-2.8887248039245605,9.900714874267578,2.7915709018707275,0.9121496677398682,-38.789310455322266
3430885918.0,-1.1626311540603638,-2.941393613815308,9.997815132141112,2.906911849975586,1.0104060173034668,-38.88590240478516
3430894251.0,-1.288222312927246,-2.9362332820892334,10.245997428894045,3.1153483390808105,0.170398935675621,-38.92510986328125
3430902584.0,-1.0817197561264038,-3.0329577922821045,9.781535148620604,2.872832536697388,-0.1375998556613922,-38.99083709716797
3430910917.0,-1.0406970977783203,-3.108227014541626,9.84304904937744,2.7724883556365967,-0.2116635292768478,-38.94791793823242
3430919250.0,-0.9526230096817015,-2.9494216442108154,9.63453769683838,2.9792983531951904,0.3449985980987549,-38.94648361206055
3430927583.0,-0.842543363571167,-3.271122932434082,10.13489818572998,3.114630937576294,-0.0263314675539731,-39.02874374389648
3430935916.0,-0.9861111044883728,-2.9543349742889404,9.785836219787598,3.0044639110565186,-0.306807667016983,-39.10066604614258
3430944249.0,-0.8980972766876221,-3.1019272804260254,9.930992126464844,3.0189998149871826,-0.0613077506422996,-39.09178924560547
3430952582.0,-1.140308141708374,-2.842332363128662,9.977726936340332,3.00943374633789,0.2036206722259521,-39.27344131469727
3430960915.0,-0.9968249201774596,-3.106674194335937,10.202913284301758,2.7964766025543213,0.1620743125677108,-39.26468276977539
3430969248.0,-0.9966591000556946,-2.9589385986328125,10.204842567443848,2.790777444839477,-0.6626284122467041,-39.22091674804688
3430977581.0,-0.8255094289779663,-2.93135142326355,9.860308647155762,2.596224069595337,-0.4458420276641845,-39.238990783691406
3430985914.0,-0.810595691204071,-2.888235330581665,9.857009887695312,2.720043420791626,0.0027535343542695,-39.3012580871582
3430994247.0,-0.724275529384613,-3.0714828968048096,9.911362648010254,2.677830934524536,0.0158168114721775,-39.35104751586914
3431002580.0,-0.627144455909729,-3.209170341491699,9.978656768798828,2.5963265895843506,-0.6210179924964905,-39.28094482421875
3431010913.0,-0.563861608505249,-3.2192862033843994,9.487685203552246,2.6030759811401367,-0.4149639904499054,-39.31049346923828
3431019246.0,-0.7316122651100159,-3.439795017242432,9.644770622253418,2.932577848434448,0.3505312800407409,-39.26266860961914
3431027579.0,-0.8613253235816956,-3.4106669425964355,9.706304550170898,2.989070177078247,0.6013078689575195,-39.29623794555664
3431035912.0,-0.7872641086578369,-3.5556461811065674,9.903111457824709,3.1503114700317383,0.0843349769711494,-39.36579895019531
3431044245.0,-0.6662276983261108,-3.3465585708618164,9.81181526184082,3.264910221099853,-0.3539636135101318,-39.44956588745117
3431052578.0,-0.3271090090274811,-3.341374158859253,9.581836700439451,3.3367323875427246,0.248701736330986,-39.36369705200195
3431060911.0,-0.6095304489135742,-3.255895137786865,9.515911102294922,3.586881637573242,0.7747676372528076,-39.44429016113281
3431069244.0,-0.6044651865959167,-3.3540806770324707,9.481084823608398,3.6412994861602783,1.1511565446853638,-39.421016693115234
3431077577.0,-0.6952579021453857,-3.481210231781006,9.758859634399414,3.689517974853516,0.3073072135448456,-39.37021255493164
3431085910.0,-0.8537180423736572,-3.394123315811157,9.35433864593506,3.708574533462525,0.6706711649894714,-39.30038070678711
3431094243.0,-0.7391214966773987,-3.57192063331604,9.711153030395508,4.00321626663208,1.2282171249389648,-39.20230865478516
3431102576.0,-0.9151967167854308,-3.405945062637329,9.83336067199707,4.232770919799805,0.8684388995170593,-39.26946258544922
3431110909.0,-0.8633376955986023,-3.319117784500122,9.786714553833008,4.231489658355713,0.5541005730628967,-39.24664306640625
3431119242.0,-0.981908917427063,-3.2545177936553955,9.771069526672363,4.089715003967285,0.4263623356819153,-39.38670349121094
3431127575.0,-0.954759955406189,-3.1122429370880127,9.655994415283203,4.092199325561523,1.0880300998687744,-39.28178024291992
3431135908.0,-0.9791671633720398,-3.043316125869751,9.986530303955078,4.329337120056152,0.878070056438446,-39.17336654663086
3431144241.0,-0.8842515349388123,-2.8853893280029297,9.905069351196287,3.9025259017944336,0.6120145320892334,-39.31467056274414
3431152574.0,-0.8292142152786255,-2.842448234558105,9.83297348022461,3.921762228012085,0.4675500392913818,-39.28803253173828
3431160907.0,-0.821755051612854,-2.6430094242095947,9.93003273010254,3.7409005165100098,1.053348422050476,-39.22093200683594
3431169240.0,-0.8247624635696411,-2.759660005569458,10.037129402160645,3.365216016769409,1.0806533098220823,-39.17915725708008
3431177573.0,-1.0005732774734497,-2.7104787826538086,9.938273429870604,3.3184945583343506,0.6486684679985046,-39.28715896606445
3431185906.0,-0.8584372997283936,-2.7965621948242188,9.91525650024414,3.2006185054779053,0.7000508308410645,-39.27344131469727
3431194239.0,-0.7393338680267334,-2.995230197906494,9.981341361999512,3.0836377143859863,0.3633768260478973,-39.18304443359375
3431202572.0,-0.7838499546051025,-3.1120760440826416,9.747152328491213,2.8230130672454834,0.5276411771774292,-39.25210571289063
3431210905.0,-0.9265596866607666,-3.127368688583374,9.848953247070312,3.098763465881348,0.8519819378852844,-39.2124137878418
3431219238.0,-0.8733059763908386,-3.037633180618286,9.823800086975098,3.333902359008789,0.6555203795433044,-39.17304611206055
3431227571.0,-0.7511557936668396,-3.2347121238708496,9.994718551635742,3.457195997238159,0.169604867696762,-39.31415557861328
3431235904.0,-0.8994643092155457,-3.304356336593628,9.405344009399414,3.353893995285034,0.6162664890289307,-39.2969970703125
3431244237.0,-0.6746511459350586,-3.334132671356201,9.862752914428713,3.841769218444824,0.9156460762023926,-39.18368911743164
3431252570.0,-0.84754478931427,-3.444542169570923,9.72826099395752,3.9324951171875,0.6308667659759521,-39.36216735839844
3431260903.0,-0.7201042771339417,-3.489057302474976,9.88194465637207,4.368500232696533,0.8415183424949646,-39.26608276367188
3431269236.0,-0.6919652819633484,-3.748764753341675,9.746618270874023,4.70197343826294,0.4614283144474029,-39.40046310424805
3431277569.0,-0.7195911407470703,-3.7689669132232666,9.590545654296877,5.0223565101623535,1.0192302465438845,-39.28112411499024
3431285902.0,-0.6591225862503052,-3.721256971359253,9.728279113769531,5.624369144439697,0.7213106751441956,-39.25502395629883
3431294235.0,-0.8282934427261353,-3.490255117416382,9.58832550048828,5.481415271759033,0.8369846940040588,-39.38327026367188
3431302568.0,-0.6911131739616394,-3.338309526443481,9.77666187286377,5.830282211303711,1.0124680995941162,-39.32725143432617
3431310901.0,-0.7603949308395386,-3.049794912338257,9.895726203918455,5.821829319000244,1.2639232873916626,-39.50924682617188
3431319234.0,-0.5085916519165039,-2.942912578582764,9.984491348266602,5.827208518981934,1.133341908454895,-39.52443313598633
3431327567.0,-0.6924563050270081,-2.7828924655914307,9.835038185119627,5.5350260734558105,1.0804483890533447,-39.44710159301758
3431335900.0,-0.5932109951972961,-2.9074084758758545,9.655967712402344,5.327141284942627,1.5296714305877686,-39.36724472045898
3431344233.0,-0.9717071056365968,-2.6624765396118164,10.009947776794434,5.394276142120361,1.663634181022644,-39.41400909423828
3431352566.0,-1.126115083694458,-2.753558874130249,10.20047664642334,4.890161037445068,1.973976731300354,-39.35023498535156
3431360899.0,-0.9835325479507446,-2.440557718276977,10.191940307617188,4.6947760581970215,0.9694616794586182,-39.28742218017578
3431369232.0,-0.8454915285110474,-2.4123151302337646,10.17037582397461,4.146937847137451,1.1539100408554075,-39.31516647338867
3431377565.0,-0.7436646819114685,-2.3661677837371826,10.229432106018066,3.681833505630493,1.3600023984909058,-39.32732772827149
3431385898.0,-0.7216323018074036,-2.1264922618865967,10.30421257019043,3.281790018081665,1.6425023078918457,-39.37651062011719
3431394231.0,-0.5364564657211304,-2.264684200286865,10.382208824157717,2.7467586994171143,1.515711545944214,-39.341007232666016
3431402564.0,-0.5672089457511902,-2.4076180458068848,9.943039894104004,2.231988906860352,1.2726576328277588,-39.35847473144531
3431410897.0,-0.4963422119617462,-3.165364980697632,9.905795097351074,2.0308914184570312,1.6071289777755735,-39.20640563964844
3431419230.0,-0.6752093434333801,-3.3271291255950928,9.682297706604004,2.162599802017212,1.870699644088745,-39.09229278564453
3431427563.0,-0.9521295428276062,-3.199554681777954,9.978104591369627,2.538207530975342,2.483956813812256,-39.126747131347656
3431435896.0,-0.9224807024002076,-3.28104829788208,10.210311889648438,3.0114316940307617,1.71752667427063,-39.244266510009766
3431444229.0,-0.6606619358062744,-3.4419312477111816,10.133844375610352,2.7574148178100586,1.2045751810073853,-39.2183952331543
3431452562.0,-0.4562960565090179,-3.303628444671631,9.812421798706056,3.196033239364624,1.3317755460739136,-39.25602340698242
3431460895.0,-0.3564870059490204,-3.2581939697265625,9.673995018005373,3.664262056350708,1.893393993377685,-39.13283920288086
3431469228.0,-0.2746283710002899,-3.3147146701812744,9.860328674316406,3.789105892181397,1.80392324924469,-39.05714797973633
3431477561.0,-0.4427982568740845,-3.4808411598205566,9.681666374206545,3.657320976257324,1.862400770187378,-39.14626693725586
3431485894.0,-0.4668516814708709,-3.562929153442383,9.735472679138184,4.013409614562988,2.3682568073272705,-39.20076751708984
3431494227.0,-0.6534269452095032,-3.364652633666992,9.949697494506836,4.615626811981201,2.4407706260681152,-39.12847900390625
3431502560.0,-0.6093668341636658,-3.3850326538085938,9.987069129943848,4.843364238739014,2.292643785476685,-39.19877243041992
3431510893.0,-0.6689673066139221,-3.2873952388763428,9.903095245361328,4.692956447601318,1.6753652095794678,-39.16841506958008
3431519226.0,-0.6430147290229797,-3.1240971088409424,9.744441032409668,4.670941352844238,2.1561834812164307,-39.10857009887695
3431527559.0,-0.3891132771968841,-3.1387081146240234,9.79001235961914,5.161518096923828,1.922798752784729,-39.10552978515625
3431535892.0,-0.4393993616104126,-3.2812116146087646,9.690073013305664,5.053887367248535,1.993136048316956,-39.3066635131836
3431544225.0,-0.4903248250484466,-3.257352352142334,9.618617057800291,4.902788162231445,2.1563241481781006,-39.08821868896485
3431552558.0,-0.7992813587188721,-2.710890293121338,9.631409645080566,4.847115993499756,2.4134786128997803,-39.12535858154297
3431560891.0,-0.7430763840675354,-2.794320583343506,10.036767959594728,4.760092258453369,2.5776023864746094,-39.1894760131836
3431569224.0,-0.6947000622749329,-2.959881067276001,10.058238983154297,4.4873762130737305,1.7871971130371094,-39.20707321166992
3431577557.0,-0.6307646632194519,-3.0913994312286377,9.965947151184082,4.243887901306152,1.8428313732147217,-39.13766098022461
3431585890.0,-0.8227221965789795,-3.002904891967773,9.693804740905762,4.20864200592041,2.0928781032562256,-39.386940002441406
3431594223.0,-0.6545196771621704,-2.804559230804444,10.018333435058594,4.4761834144592285,2.3945631980896,-39.597923278808594
3431602556.0,-0.602773904800415,-3.010116577148437,10.015716552734377,4.097169399261475,1.414125680923462,-39.69197845458984
3431610889.0,-0.6733884811401367,-3.068838357925415,9.591022491455078,3.925323009490967,1.5798242092132568,-39.62796401977539
3431619222.0,-0.6738427877426147,-3.088674306869507,9.513299942016602,3.990511655807495,2.267977237701416,-39.634368896484375
3431627555.0,-0.9038766622543336,-3.067869186401367,9.745820045471191,4.190174579620361,2.339594602584839,-39.644229888916016
3431635888.0,-0.7474344372749329,-3.451763868331909,9.910945892333984,3.751274347305298,1.722265124320984,-39.735008239746094
3431644221.0,-0.8740645051002502,-3.213536024093628,9.775815963745115,3.9222493171691895,1.2788052558898926,-39.88633728027344
3431652554.0,-0.6252313852310181,-3.455334186553955,9.692986488342283,4.10818338394165,1.834481239318848,-39.76031494140625
3431660887.0,-0.6816929578781128,-3.3460841178894043,9.824522018432615,4.163638591766357,1.6763132810592651,-39.84118270874024
3431669220.0,-0.5898953676223755,-3.427231788635254,9.727985382080078,4.134001731872559,1.401958465576172,-39.69361114501953
3431677553.0,-0.6574240326881409,-3.1970324516296387,9.681062698364258,4.159616947174072,1.1122612953186035,-39.87386322021485
3431685886.0,-0.4151760935783386,-2.919284105300904,9.39828109741211,4.499800205230713,1.6172722578048706,-39.96323394775391
3431694219.0,-0.597081184387207,-3.2844786643981934,9.757530212402344,4.382307052612305,1.5431702136993408,-39.94453048706055
3431702552.0,-0.7688470482826233,-3.257905960083008,9.57338809967041,4.009363651275635,1.7068965435028076,-39.919559478759766
3431710885.0,-0.4988806843757629,-3.030547618865967,9.75779628753662,4.191148281097412,1.3406894207000732,-40.08349609375
3431719218.0,-0.3981750011444092,-2.765124797821045,9.898303985595703,4.1550822257995605,0.9710754156112672,-40.113895416259766
3431727551.0,-0.1651045978069305,-2.9546072483062744,9.807642936706545,3.5462839603424072,1.344249963760376,-40.0948486328125
3431735884.0,-0.495314747095108,-3.063495397567749,9.790324211120604,3.454712390899658,1.6859697103500366,-40.13740921020508
3431744217.0,-0.5590528845787048,-3.082577705383301,9.694738388061523,3.626276731491089,1.952281475067139,-40.07329940795898
3431752550.0,-0.4444556534290313,-3.124401330947876,10.14297580718994,3.461730480194092,1.2184836864471436,-40.120452880859375
3431760883.0,-0.1731689870357513,-3.17464542388916,9.84012222290039,3.0392744541168213,1.2239140272140503,-40.14689254760742
3431769216.0,-0.3099367916584015,-3.06078839302063,9.88967514038086,3.222928285598755,2.041444778442383,-40.093223571777344
3431777549.0,-0.2408083230257034,-2.9125688076019287,10.08749771118164,3.361680746078491,2.9070019721984863,-40.12696075439453
3431785882.0,-0.3067357838153839,-3.0059714317321777,10.291214942932127,3.14841628074646,1.764656662940979,-40.28335571289063
3431794215.0,-0.1284485161304474,-3.0344412326812744,9.839860916137695,2.610081195831299,1.6727783679962158,-40.24276351928711
3431802548.0,-0.2455465346574783,-3.323906421661377,9.857129096984863,2.750063180923462,2.4955852031707764,-40.26337814331055
3431810881.0,-0.4839282929897308,-3.2611539363861084,10.000476837158203,2.905669927597046,3.4507415294647217,-40.33876419067383
3431819214.0,-0.3841022253036499,-3.2469961643218994,10.217939376831056,3.1947271823883057,2.534135341644287,-40.31027603149414
3431827547.0,-0.7028217911720276,-3.2439749240875244,9.936773300170898,2.947882413864136,1.8077399730682373,-40.29949569702149
3431835880.0,-0.5187461972236633,-3.340285062789917,9.499024391174316,2.8442721366882324,2.5732734203338623,-40.3033561706543
3431844213.0,-0.6012728810310364,-3.2388858795166016,9.828880310058594,3.3055858612060547,2.82887864112854,-40.43215560913086
3431852546.0,-0.5417060852050781,-3.5757429599761963,9.874435424804688,3.2828404903411865,2.601935863494873,-40.19744873046875
3431860879.0,-0.7551407814025879,-3.5757577419281006,9.701973915100098,3.224107027053833,1.783278465270996,-40.340938568115234
3431869212.0,-0.6654084920883179,-3.494457483291626,9.517824172973633,3.5284554958343506,2.388953447341919,-40.2172966003418
3431877545.0,-0.5701846480369568,-3.685608386993408,10.037896156311035,3.873018264770508,1.8082778453826904,-40.12619018554688
3431885878.0,-0.8550155162811279,-3.6585533618927,9.641667366027832,3.6750199794769287,1.5630468130111694,-40.03126525878906
3431894211.0,-0.8367446660995483,-3.469407320022583,9.676820755004885,4.132363319396973,1.4466300010681152,-39.96533203125
3431902544.0,-0.956413507461548,-3.103053092956543,9.625252723693848,4.2746758460998535,1.1986069679260254,-40.00075912475586
3431910877.0,-0.816431999206543,-3.5260791778564453,9.91901969909668,3.997452735900879,0.990516483783722,-39.92795944213867
3431919210.0,-0.7036412358283997,-3.392369747161865,9.807656288146973,3.864002943038941,0.8368311524391174,-39.897891998291016
3431927543.0,-0.6474649906158447,-3.249924898147583,10.268688201904297,3.858854055404663,0.9632887244224548,-39.79228210449219
3431935876.0,-0.7437557578086853,-2.8217480182647705,10.300766944885254,3.84696888923645,0.8105507493019104,-39.80826568603516
3431944209.0,-0.747309148311615,-2.823665142059326,10.423748970031738,3.460449457168579,1.0006341934204102,-39.99230194091797
3431952542.0,-0.6680134534835815,-2.798915147781372,10.553120613098145,3.1540260314941406,0.6333000063896179,-40.09788513183594
3431960875.0,-0.4977580606937408,-2.8902955055236816,10.353448867797852,2.902468204498291,0.762395977973938,-40.29370880126953
3431969208.0,-0.5990565419197083,-3.0341715812683105,10.189346313476562,2.9981889724731445,0.8771735429763794,-40.28448867797852
3431977541.0,-0.710273027420044,-3.18716049194336,9.887207984924316,3.075236558914185,1.2312395572662354,-40.34037399291992
3431985874.0,-0.6986989974975586,-3.237231492996216,9.896634101867676,3.138170957565308,0.7915450930595398,-40.54627227783203
3431994207.0,-0.771881103515625,-3.390707969665528,9.818072319030762,3.1255943775177,0.7376782298088074,-40.616241455078125
3432002540.0,-0.6475992798805237,-3.5922420024871826,9.79055404663086,3.1245696544647217,0.5813286900520325,-40.68432235717773
3432010873.0,-0.8635151982307434,-3.2047688961029053,9.631625175476074,3.1529502868652344,0.7437999844551086,-40.83406448364258
3432019206.0,-0.8249490857124329,-3.450812816619873,9.89766788482666,3.28322434425354,0.8370871543884277,-41.0120849609375
3432027539.0,-0.6239546537399292,-3.2755002975463867,9.904528617858888,3.2715954780578613,0.279695063829422,-41.09684753417969
3432035872.0,-0.3200961947441101,-3.35874342918396,10.006023406982422,3.018219232559204,0.1232430785894393,-41.0858039855957
3432044205.0,-0.310355544090271,-2.983301877975464,9.628459930419922,2.9938859939575195,0.4485443532466888,-41.19479751586914
3432052538.0,-0.3882760107517242,-3.053564071655273,9.851652145385742,2.906182289123535,1.1299864053726196,-41.31312942504883
3432060871.0,-0.5209852457046509,-3.1121251583099365,9.987318992614746,2.7363088130950928,0.6120402812957764,-41.43247222900391
3432069204.0,-0.4823546111583709,-3.609972476959229,9.699317932128906,2.2404680252075195,0.5243881940841675,-41.31172561645508
3432077537.0,-0.5235045552253723,-3.83662748336792,9.587586402893066,2.459111213684082,0.4916788041591644,-41.25537490844727
3432085870.0,-0.5094674825668335,-3.898905992507935,9.300357818603516,2.624246120452881,0.8747401833534241,-41.09764099121094
3432094203.0,-0.554161548614502,-4.078798770904541,9.58201789855957,2.97126841545105,0.5788441300392151,-41.1480712890625
3432102536.0,-0.5037690997123718,-4.084569454193115,9.474130630493164,2.824063539505005,0.1467569917440414,-41.16598129272461
3432110869.0,-0.1886774897575378,-4.09674072265625,9.561037063598633,3.1609930992126465,0.0559287555515766,-41.00849533081055
3432119202.0,-0.214761734008789,-3.8916618824005127,9.386676788330078,3.3835554122924805,0.3028247058391571,-40.991310119628906
3432127535.0,-0.1798950582742691,-4.002623558044434,9.317071914672852,3.567593812942505,0.6446983814239502,-41.00304412841797
3432135868.0,-0.4546141922473907,-3.995829582214356,9.492950439453123,3.5596020221710205,0.8358064293861389,-40.97061538696289
3432144201.0,-0.1923689097166061,-4.12103796005249,9.673185348510742,3.8720452785491934,0.7872418761253357,-40.88816452026367
3432152534.0,-0.3587624430656433,-3.748086929321289,9.668685913085938,4.199728488922119,0.2290043979883194,-40.90903854370117
3432160867.0,-0.3279035985469818,-3.9325454235076895,9.411544799804688,4.306745529174805,0.7681336402893066,-40.79649353027344
3432169200.0,-0.4118354916572571,-3.833130359649658,9.530712127685549,4.252084255218506,0.8459241390228271,-40.7815055847168
3432177533.0,-0.0076792142353951,-4.012171745300293,9.771864891052246,4.565244674682617,0.7207984328269958,-40.58512496948242
3432185866.0,-0.1079356148838996,-3.83614444732666,9.589178085327148,4.48348331451416,0.459379106760025,-40.71752166748047
3432194199.0,0.1123728156089782,-3.7595739364624015,9.398493766784668,5.0078840255737305,1.341457724571228,-40.63322448730469
3432202532.0,-0.1565593779087066,-3.564253091812134,9.54656219482422,5.261594772338867,1.2530118227005005,-40.623138427734375
3432210865.0,-0.2373748123645782,-3.804805278778076,9.739988327026367,4.77594804763794,1.4751644134521484,-40.43620681762695
3432219198.0,-0.3372196555137634,-3.358161211013794,9.635087013244627,4.97312593460083,1.1449193954467771,-40.35231018066406
3432227531.0,-0.3195149600505829,-3.452080726623535,9.663554191589355,5.092385768890381,1.5735230445861816,-40.54093551635742
3432235864.0,-0.4289263188838959,-3.68161416053772,9.608455657958984,5.440611362457275,1.2050360441207886,-40.4376335144043
3432244197.0,-0.190649926662445,-3.70829701423645,9.576706886291504,5.2476348876953125,1.0912576913833618,-40.39575958251953
3432252530.0,-0.0843587815761566,-3.797758102416992,9.647310256958008,5.324169635772705,0.7650342583656311,-40.30192947387695
3432260863.0,0.0303756706416606,-3.353583812713623,9.299116134643556,5.6083598136901855,1.0717651844024658,-40.14035415649414
3432269196.0,0.0551617629826068,-3.5628693103790283,9.568861961364746,5.7082295417785645,1.4649699926376345,-40.012489318847656
3432277529.0,-0.3787716031074524,-3.501783609390259,9.611225128173828,5.61842679977417,1.5794401168823242,-39.9890251159668
3432285862.0,-0.1502633392810821,-3.618875503540039,9.79160499572754,5.783638000488281,1.51627516746521,-39.79853439331055
3432294195.0,-0.3715237379074096,-3.103675603866577,9.850107192993164,6.041548728942871,0.9965360164642334,-39.829627990722656
3432302528.0,-0.0213514864444732,-3.448941230773926,9.589119911193848,6.067957401275635,1.355187177658081,-39.84725189208984
3432310861.0,0.0635161772370338,-3.1430411338806152,9.84866428375244,6.152945041656494,1.1177427768707275,-39.68516540527344
3432319194.0,0.1276212334632873,-3.39805269241333,9.840088844299316,6.202688217163086,1.3179184198379517,-39.41383361816406
3432327527.0,-0.2096960097551345,-3.092607021331787,9.80152416229248,6.074463367462158,1.6111505031585691,-39.230201721191406
3432335860.0,-0.1759114265441894,-3.1763055324554443,9.884984970092772,6.493409633636475,1.7037972211837769,-38.99755096435547
3432344193.0,-0.2655593752861023,-3.224210262298584,10.041635513305664,6.335752964019775,0.9734574556350708,-39.036399841308594
3432352526.0,0.1616646945476532,-3.4503722190856934,9.759636878967283,6.247256278991699,0.9172342419624328,-38.85597610473633
3432360859.0,0.0243397541344165,-3.197220802307129,9.747855186462402,6.489874839782715,1.1302937269210815,-38.72618865966797
3432369192.0,0.0338840745389461,-3.11936354637146,9.67227268218994,6.552859783172607,2.07617735862732,-38.46930313110352
3432377525.0,-0.0502623617649078,-3.0140535831451416,10.113739967346191,6.585312843322754,1.5417098999023438,-38.37226867675781
3432385858.0,0.1184694245457649,-3.1169893741607666,9.846280097961426,6.318284511566162,1.0613912343978882,-38.250144958496094
3432394191.0,-0.0339775905013084,-3.1291518211364746,9.925209045410156,6.587490081787109,1.370555400848389,-37.95663070678711
3432402524.0,0.0432702675461769,-3.242492198944092,9.90153980255127,6.72939395904541,1.8005937337875366,-37.61432647705078
3432410857.0,-0.0859882310032844,-3.1219985485076904,10.238591194152832,6.856029987335205,1.3407403230667114,-37.2539291381836
3432419190.0,-0.0247518196702003,-2.947570562362671,10.068605422973633,6.811973571777344,0.9546052813529968,-37.15226364135742
3432427523.0,0.211186796426773,-2.7345938682556152,10.025827407836914,7.073033809661865,0.977248191833496,-36.90610885620117
3432435856.0,0.3656675517559051,-2.8147668838500977,10.098820686340332,6.862381935119629,1.5329241752624512,-36.59029006958008
3432444189.0,0.353905975818634,-2.7391345500946045,10.225296020507812,6.725217342376709,1.7521052360534668,-36.42799377441406
3432452522.0,0.5429196357727051,-2.547159671783448,10.116985321044922,6.631034851074219,1.4440685510635376,-36.24959182739258
3432460855.0,0.4186725318431854,-2.469388246536255,10.100471496582031,6.723501682281494,1.35487961769104,-35.91135787963867
3432469188.0,0.3947116434574127,-2.5638740062713623,9.93577480316162,6.292924404144287,1.987653970718384,-35.619041442871094
3432477521.0,0.1382440328598022,-2.516487836837769,10.236055374145508,6.288468837738037,2.022233486175537,-35.23536682128906
3432485854.0,0.346305102109909,-2.385333299636841,10.173864364624023,6.252658367156982,1.6739557981491089,-34.96184539794922
3432494187.0,0.414684385061264,-2.494577169418335,10.165502548217772,6.231476306915283,1.0897716283798218,-34.66329574584961
3432502520.0,0.5597895383834839,-2.3813931941986084,9.759747505187988,6.054481029510498,1.6992884874343872,-34.355743408203125
3432510853.0,0.5484045147895813,-2.4332878589630127,9.99331283569336,6.259651184082031,2.2913622856140137,-33.934051513671875
3432519186.0,0.6209328174591064,-2.3224294185638428,10.02895450592041,6.135063648223877,1.8261046409606927,-33.561519622802734
3432527519.0,0.6489280462265015,-2.3342180252075195,10.03791332244873,6.087113380432129,1.3403557538986206,-33.18806457519531
3432535852.0,0.5972950458526611,-2.079145193099976,9.738971710205078,5.9553542137146,1.6939095258712769,-32.876033782958984
3432544185.0,0.4471530318260193,-2.2717387676239014,9.849916458129885,6.230782985687256,2.2399280071258545,-32.58235549926758
3432552518.0,0.4510250687599182,-2.3061540126800537,9.947905540466309,6.271433830261231,2.179530143737793,-32.19282150268555
3432560851.0,0.4048113822937011,-2.383151054382324,10.118260383605955,6.4757585525512695,1.6665276288986206,-31.869796752929688
3432569184.0,0.3485717177391052,-2.0195882320404053,9.824254035949709,6.362978458404541,1.8849917650222776,-31.43853187561035
3432577517.0,0.4511094987392425,-2.056842088699341,9.8936128616333,6.844552993774414,2.0592966079711914,-31.114641189575195
3432585850.0,0.5252544283866882,-1.948126554489136,9.966839790344238,6.761484622955322,1.6827669143676758,-30.80208778381348
3432594183.0,0.7178537249565125,-2.1024014949798584,9.82188320159912,6.694913864135742,1.3072876930236816,-30.4570426940918
3432602516.0,0.4968996345996856,-1.7710129022598269,9.587512016296388,6.91391658782959,1.6263389587402344,-29.88162040710449
3432610849.0,0.3758555650711059,-1.6779944896697998,9.750139236450195,7.20684003829956,1.928356647491455,-29.34372329711914
3432619182.0,0.670436680316925,-1.6362749338150024,9.924684524536133,7.027411460876465,1.2661511898040771,-29.07689094543457
3432627515.0,0.6254162788391113,-1.7906349897384644,9.887202262878418,7.016704559326172,0.5419592261314392,-28.48545837402344
3432635848.0,0.6144286394119263,-1.5764753818511963,9.451455116271973,7.0364532470703125,1.3092854022979736,-27.957857131958008
3432644181.0,0.3333721160888672,-1.6215704679489136,9.974876403808594,7.337369918823242,1.758329153060913,-27.3931941986084
3432652514.0,0.6106124520301819,-1.4276448488235474,10.12547206878662,7.14713191986084,0.9365723133087158,-26.8201961517334
3432660847.0,0.731361448764801,-1.4654065370559692,10.090868949890137,6.949466705322266,-0.2699742317199707,-26.54202651977539
3432669180.0,0.9677144289016724,-1.0441025495529177,9.520377159118652,7.02536153793335,0.3102013766765594,-25.84513664245605
3432677513.0,0.5576440095901489,-0.9911816120147704,9.792105674743652,6.881204128265381,1.551442265510559,-25.42222023010254
3432685846.0,0.6254215836524963,-0.7720687389373779,10.188457489013672,6.590968608856201,1.109109878540039,-24.81024169921875
3432694179.0,0.6633975505828857,-0.8909748196601868,10.224102973937988,6.267921447753906,-0.3681279420852661,-24.260251998901367
3432702512.0,0.8692291378974915,-0.8112043738365173,9.76162338256836,5.887498378753662,-0.5870529413223267,-23.762771606445312
3432710845.0,0.602400541305542,-0.906501531600952,9.669208526611328,6.083883285522461,0.558096170425415,-23.102901458740234
3432719178.0,0.564468502998352,-0.8537749648094177,9.992219924926758,5.91800594329834,0.9125972986221312,-22.5537052154541
3432727511.0,0.6549335718154907,-1.0583804845809937,10.419917106628418,5.8553786277771,-0.8106396794319153,-21.968469619750977
3432735844.0,0.8103830814361572,-1.0388123989105225,9.652480125427246,5.353748321533203,-1.3539177179336548,-21.732866287231445
3432744177.0,0.6817543506622314,-1.05089008808136,9.522369384765623,5.9012532234191895,-0.2968690991401672,-21.008882522583008
3432752510.0,0.6412138342857361,-0.8577179908752441,9.89923858642578,5.795568943023682,0.1812848299741745,-20.599027633666992
3432760843.0,0.4644597470760345,-0.6941924095153809,10.327022552490234,5.41921854019165,-0.8055935502052307,-20.061023712158203
3432769176.0,0.7753769159317017,-0.5548818707466125,9.968957901000977,5.219760417938232,-1.5390828847885132,-19.51879501342773
3432777509.0,0.8270593285560608,-0.5673701763153076,10.005603790283203,5.293938636779785,-1.3047384023666382,-19.146543502807617
3432785842.0,0.924289345741272,-0.5306322574615479,9.87021827697754,5.196399688720703,-0.666456937789917,-18.6772403717041
3432794175.0,0.6472067832946777,-0.5362421870231628,10.265661239624023,4.895995140075684,-1.0617871284484863,-18.30854797363281
3432802508.0,0.9399295449256896,-0.4648251235485077,10.07107639312744,4.627097129821777,-1.5531963109970093,-17.774593353271484
3432810841.0,0.9646341800689696,-0.4074737131595611,10.163484573364258,4.506095886230469,-1.7005552053451538,-17.287437438964844
3432819174.0,1.0163990259170532,-0.7532929182052612,9.957640647888184,4.40922212600708,-1.3138054609298706,-16.968639373779297
3432827507.0,0.6569182276725769,-0.5835145115852356,10.017380714416504,4.30609941482544,-0.7981909513473511,-16.60205078125
3432835840.0,0.8161970376968384,-0.6528284549713135,10.209747314453123,4.341370105743408,-1.088297724723816,-16.163455963134766
3432844173.0,0.8240169882774353,-0.7049225568771362,10.324554443359377,4.146882057189941,-1.829190015792847,-16.01154136657715
3432852506.0,1.097578048706055,-0.8602440357208252,9.854477882385254,4.201848983764648,-1.9145619869232176,-15.715974807739258
3432860839.0,1.0042104721069336,-0.6613993644714355,10.043922424316406,4.127619743347168,-1.283785700798035,-15.300640106201172
3432869172.0,1.0800886154174805,-0.5459117293357849,9.848359107971191,4.193140983581543,-1.0917813777923584,-15.031206130981444
3432877505.0,0.8882907032966614,-0.4808342456817627,10.226764678955078,3.958181858062744,-1.357324242591858,-14.888328552246094
3432885838.0,1.060261845588684,-0.6709738969802856,9.900115966796877,3.913766384124756,-1.3795061111450195,-14.649654388427734
3432894171.0,0.7720842361450195,-0.4629921317100525,10.221007347106934,3.671071767807007,-1.0434730052947998,-14.480653762817385
3432902504.0,0.8907290101051331,-0.460931122303009,9.925395965576172,3.844274282455444,-1.0151690244674685,-14.128479957580566
3432910837.0,0.9041356444358826,-0.3553294241428375,10.275888442993164,3.510751485824585,-1.3947720527648926,-14.178196907043455
3432919170.0,1.1982179880142212,-0.5020889639854431,9.959239959716797,3.556447029113769,-1.5732264518737793,-13.91836643218994
3432927503.0,1.0452044010162354,-0.2671088576316833,9.914128303527832,3.357553005218506,-1.1233125925064087,-13.77807903289795
3432935836.0,0.9591147899627686,-0.2682773172855377,9.85361671447754,3.3723583221435547,-0.4677416682243347,-13.590200424194336
3432944169.0,1.0029717683792114,-0.14004647731781,10.058446884155272,3.1574292182922363,-0.9337416291236876,-13.600420951843262
3432952502.0,0.9950713515281676,-0.4311750531196594,9.869220733642578,2.9555375576019287,-1.4759949445724487,-13.43513011932373
3432960835.0,0.8984909057617188,-0.3534730970859527,9.713422775268556,2.638868808746338,-0.8484205007553101,-13.279728889465332
3432969168.0,0.7985328435897827,-0.4630416333675384,9.82569694519043,3.022877216339112,-0.2243295013904571,-12.95686149597168
3432977501.0,1.0424257516860962,-0.478814423084259,10.327383041381836,2.701982021331787,-0.9414514303207396,-12.789522171020508
3432985834.0,1.0720221996307373,-0.6646963953971863,10.010608673095703,2.69913911819458,-1.7153087854385376,-12.712450981140137
3432994167.0,1.240053415298462,-0.5363990068435669,9.658019065856934,2.718810796737671,-0.93976092338562,-12.474212646484377
3433002500.0,1.2517435550689695,-0.4469652771949768,10.00662612915039,2.970982789993286,-0.2178491055965423,-12.13963794708252
3433010833.0,1.2270450592041016,-0.2082954347133636,10.107270240783691,2.5305709838867188,-0.2470236718654632,-12.018325805664062
3433019166.0,0.8782076239585876,-0.3328773081302643,10.042313575744627,2.4464027881622314,-0.5726062655448914,-11.642489433288574
3433027499.0,1.1910744905471802,-0.3847000300884247,9.73165798187256,2.465306282043457,-0.4608769416809082,-11.321517944335938
3433035832.0,1.0308536291122437,-0.7377233505249023,10.101110458374023,2.5006027221679688,-0.4578801393508911,-10.988969802856444
3433044165.0,1.283444881439209,-0.8601859211921692,9.846650123596191,2.300888538360596,-0.4450730383396148,-10.637977600097656
3433052498.0,0.967332363128662,-0.5697537660598755,9.906867980957031,2.3467893600463867,-0.4391049742698669,-10.4070405960083
3433060831.0,1.0751056671142578,-0.6491513252258301,9.648896217346191,2.566636085510254,-0.0370381847023963,-10.070648193359377
3433069164.0,0.9173755049705504,-1.0442688465118408,10.222264289855955,2.4619250297546387,-0.335341602563858,-9.78402328491211
3433077497.0,1.270448923110962,-1.2472726106643677,9.843152046203612,2.377193212509156,-0.729365348815918,-9.339180946350098
3433085830.0,0.8746644854545593,-1.162551760673523,9.81787395477295,2.785945415496826,-0.159525454044342,-8.948308944702148
3433094163.0,0.9642478823661804,-1.0442912578582764,9.565414428710938,3.513953447341919,0.0170206595212221,-8.68665885925293
3433102496.0,1.1300363540649414,-0.7021222710609436,10.133535385131836,3.515669345855713,-0.5940452814102173,-8.455028533935547
3433110829.0,1.4411596059799194,-0.790389895439148,9.71456241607666,3.5125443935394287,-1.1772302389144895,-8.026759147644043
3433119162.0,1.35188889503479,-0.4336784482002258,9.635539054870604,3.4439494609832764,-0.1477429121732711,-7.837597846984863
3433127495.0,1.0759302377700806,-0.4652391970157623,9.851341247558594,3.762205600738525,1.0267337560653689,-7.364195823669434
3433135828.0,0.7953174710273743,-0.6840503811836243,10.288665771484377,3.4050419330596924,0.6015632152557373,-7.128904342651367
3433144161.0,0.7723943591117859,-0.8614770770072937,10.265414237976074,3.4577815532684326,-0.5993220210075378,-6.853653430938721
3433152494.0,1.173438310623169,-0.6563585996627808,9.937437057495115,3.9322338104248047,-0.6405096650123596,-6.558064937591553
3433160827.0,1.3122727870941162,-0.7334244847297668,10.081814765930176,4.236684322357178,-0.0269974060356616,-6.318725109100342
3433169160.0,1.5964504480361938,-0.3109472095966339,9.781000137329102,3.996474027633667,0.1201948001980781,-6.175591945648193
3433177493.0,1.2826426029205322,-0.1908525824546814,10.04633903503418,4.159842014312744,0.1639951467514038,-5.995319366455078
3433185826.0,1.430588960647583,-0.2494603544473648,9.894150733947754,3.645558834075928,0.7644952535629272,-5.614384174346924
3433194159.0,1.1199206113815308,-0.2861095666885376,10.171210289001465,3.7430977821350098,1.2071092128753662,-5.305271625518799
3433202492.0,1.1340171098709106,-0.4168424606323242,10.196120262145996,3.747170209884644,1.033086180686951,-5.169465065002441
3433210825.0,0.8682654500007629,-0.247451901435852,10.294822692871094,3.813562393188477,0.6579400897026062,-5.053560733795166
3433219158.0,1.0780580043792725,-0.3777851462364197,9.996370315551758,3.852931022644043,0.8061695694923401,-5.020184516906738
3433227491.0,1.2167818546295166,-0.1861132383346557,10.269771575927734,3.881696939468384,0.8353955745697021,-4.846905708312988
3433235824.0,1.6666038036346436,-0.2673439383506775,9.843923568725586,4.079515933990479,0.6770483255386353,-4.582848072052002
3433244157.0,1.4567458629608154,-0.1140056177973747,9.752846717834473,3.941890001296997,1.2080057859420776,-4.432209968566895
3433252490.0,1.0744712352752686,-0.1474725306034088,9.623748779296877,4.252257347106934,2.4428935050964355,-4.346761703491211
3433260823.0,0.8929682970046997,0.0088846907019615,10.264100074768066,4.291216850280762,2.8118155002593994,-4.238515853881836
3433269156.0,0.9294496178627014,-0.1255059093236923,10.477492332458496,4.3365797996521,1.4931435585021973,-4.19978666305542
3433277489.0,0.9718751907348632,-0.1712541580200195,9.959587097167969,4.093013763427734,1.336794137954712,-4.103554248809815
3433285822.0,1.0683863162994385,-0.2654997110366821,9.830649375915527,4.376718044281006,2.154016494750977,-3.950868368148804
3433294155.0,1.278209567070007,-0.2718924582004547,9.925274848937988,4.446643829345703,2.432417392730713,-3.8940043449401855
3433302488.0,1.011873722076416,-0.2523075342178345,9.9758882522583,4.425127983093262,1.9382164478302,-3.6943414211273193
3433310821.0,1.1071685552597046,-0.0034520241897553,9.63910675048828,4.407940864562988,2.086932420730591,-3.5523102283477783
3433319154.0,0.7961944937705994,0.3151102066040039,10.11456298828125,4.322414875030518,2.3681511878967285,-3.4830236434936523
3433327487.0,0.9006686210632324,0.3141249716281891,10.050333976745604,4.159431457519531,2.484926700592041,-3.336843013763428
3433335820.0,0.6516809463500977,0.2118471562862396,10.531583786010742,3.9478836059570312,2.274505615234375,-3.2006521224975586
3433344153.0,0.8039239645004272,-0.073983758687973,10.03306484222412,4.040888786315918,1.8863475322723389,-2.9660773277282715
3433352486.0,0.8900244235992432,0.088267408311367,10.307716369628906,3.765100479125977,1.899871826171875,-2.972019672393799
3433360819.0,0.9510412812232972,0.0234761219471693,9.814410209655762,3.6940979957580566,1.917930006980896,-2.925530195236206
3433369152.0,1.0115835666656494,0.2619694173336029,9.915281295776367,3.563618898391724,2.1534013748168945,-2.799328565597534
3433377485.0,0.6999462246894836,0.0752461850643158,9.921592712402344,3.585493803024292,2.371711492538452,-2.5334529876708984
3433385818.0,0.608818531036377,-0.0108487047255039,9.706528663635254,3.304377317428589,2.3153605461120605,-2.4782283306121826
3433394151.0,0.3545170426368713,0.0809297636151313,9.93650245666504,3.485547065734864,1.8405238389968872,-2.285122871398926
3433402484.0,0.5284488797187805,-0.0862503573298454,9.74562644958496,3.2133445739746094,1.5984947681427002,-2.272085428237915
3433410817.0,0.6068249940872192,0.0143227484077215,10.164947509765623,3.307758331298828,1.3854355812072754,-2.226799488067627
3433419150.0,0.9889507293701172,0.0473450124263763,9.904985427856444,3.3382389545440674,1.2780351638793943,-2.0791587829589844
3433427483.0,0.765011727809906,0.1727121323347091,10.015335083007812,3.2877533435821533,1.296810269355774,-1.8759351968765257
3433435816.0,0.7087599635124207,0.3031858205795288,9.555055618286133,3.1889591217041016,1.8260003328323364,-1.897015690803528
3433444149.0,0.594423770904541,0.3113107979297638,10.14515495300293,3.093136548995972,1.7248497009277344,-1.7700716257095337
3433452482.0,0.6988850831985474,0.3014242649078369,9.99853229522705,2.950337648391724,0.988671064376831,-1.659879446029663
3433460815.0,0.4344160258769989,0.6000421643257141,9.850790977478027,2.706873893737793,0.944486439228058,-1.6154897212982178
3433469148.0,0.2531251013278961,0.5151136517524719,9.828471183776855,2.971341133117676,1.2610784769058228,-1.5058610439300537
3433477481.0,0.5080912113189697,0.4905141592025757,10.151734352111816,2.27130389213562,0.5861433744430542,-1.3597060441970823
3433485814.0,0.7240157723426819,0.125389277935028,10.271653175354004,2.1893129348754883,-0.2554764151573181,-1.1795867681503296
3433494147.0,1.064030647277832,-0.0528095215559005,10.00114917755127,2.071000576019287,0.0107963997870683,-0.9859174489974976
3433502480.0,0.9000203609466553,-0.0089344112202525,9.968389511108398,2.530391931533813,0.964619278907776,-0.9358417987823486
3433510813.0,0.8185560703277588,-0.1988555938005447,10.023662567138672,2.5617949962615967,1.094048023223877,-0.9332291483879088
3433519146.0,0.5711621046066284,-0.0949620455503463,10.07558250427246,2.392023801803589,0.6369876265525818,-0.7782884836196899
3433527479.0,0.6083085536956787,0.0441919714212417,9.780285835266112,2.636460304260254,0.5142953991889954,-0.6889716386795044
3433535812.0,0.5689566731452942,0.4008806943893432,10.115570068359377,2.6265220642089844,0.8124194741249084,-0.5906898975372314
3433544145.0,0.3728018999099731,0.3893450498580932,9.749171257019045,2.8487770557403564,0.4759508967399597,-0.4354420006275177
3433552478.0,0.5799030065536499,0.0920795127749443,9.973763465881348,2.745781898498535,0.0761127024888992,-0.413413792848587
3433560811.0,0.786353349685669,-0.4730614721775055,10.054107666015623,3.060094356536865,-0.3495318591594696,-0.3087283670902252
3433569144.0,1.1097241640090942,-0.450176477432251,9.839394569396973,3.0876293182373047,-0.256987601518631,-0.2935391366481781
3433577477.0,0.8612263798713684,-0.0428228341042995,9.70903491973877,3.588003396987915,0.3829711973667145,-0.1284041553735733
3433585810.0,0.5166813731193542,0.2255283892154693,9.46541690826416,3.5930497646331787,0.7369086742401123,-0.1356273740530014
3433594143.0,0.4258056581020355,0.2286504507064819,10.038040161132812,3.2998948097229004,0.5470816493034363,-0.1068113520741462
3433602476.0,0.5924382209777832,0.1241847276687622,9.9649076461792,3.1396517753601074,-0.4907431602478027,0.0515998788177967
3433610809.0,0.6279646158218384,0.4276887774467468,9.879594802856444,3.120492458343506,-0.4824441075325012,0.1277509927749633
3433619142.0,0.4309182465076446,0.5064712762832642,9.596731185913086,3.389134645462036,0.1393030136823654,0.3067944943904876
3433627475.0,0.8011225461959839,0.0479498393833637,10.03043270111084,3.12781834602356,-0.0203889328986406,0.4320224821567535
3433635808.0,1.0549935102462769,-0.036547727882862,10.130029678344728,3.0559191703796387,-1.3020998239517212,0.4880921542644501
3433644141.0,1.0022763013839722,-0.1593869626522064,9.550633430480955,2.8522090911865234,-0.7529304027557373,0.5978490114212036
3433652474.0,0.6109548211097717,0.3795440196990967,9.666141510009766,3.0613746643066406,0.9205115437507628,0.6132175922393799
3433660807.0,0.521320104598999,0.5508968234062195,9.99569320678711,3.1134488582611084,0.4840706586837768,0.4362232089042663
3433669140.0,0.709557294845581,0.3655095398426056,10.4002103805542,2.340667247772217,-0.8911961317062378,0.4679849445819855
3433677473.0,0.8415979146957397,0.3201004862785339,9.582061767578123,2.223123550415039,-1.0727498531341553,0.6502557992935181
3433685806.0,0.9040947556495668,0.1635605543851852,9.618541717529297,2.6319522857666016,0.0350530818104743,0.8566040396690369
3433694139.0,0.6003433465957642,0.1654478907585144,9.681431770324709,2.641045570373535,0.0983714759349823,0.7576307654380798
3433702472.0,0.6817780137062073,-0.3397403061389923,9.643671035766602,2.434722900390625,-0.657363772392273,0.7991769909858704
3433710805.0,0.8885347247123718,-0.358980119228363,9.783963203430176,2.517994403839112,-0.9558720588684082,0.954117476940155
3433719138.0,0.8969452977180481,-0.1379587203264236,9.412278175354004,2.902848243713379,-0.60813307762146,0.8053243160247803
3433727471.0,0.8507870435714722,0.1675914078950882,9.800994873046877,3.032763957977295,0.3614296913146972,0.8130086064338684
3433735804.0,0.7256495356559753,0.230079784989357,9.992985725402832,3.0144498348236084,0.1125105172395706,0.8359078168869019
3433744137.0,0.923632800579071,0.0984348133206367,10.07899570465088,2.5636136531829834,-0.4706872403621673,0.6672636270523071
3433752470.0,0.9500436782836914,0.2298720777034759,9.924653053283691,2.8117384910583496,-0.2884930968284607,0.8164153099060059
3433760803.0,0.8927851319313049,-0.0312522798776626,9.658384323120115,2.9111218452453613,0.2635833024978637,0.897407591342926
3433769136.0,0.8492570519447327,-0.0223102532327175,10.00667953491211,3.005612373352051,0.3637605309486389,0.9108291864395142
3433777469.0,0.8275717496871948,-0.0988066494464874,9.870257377624512,2.945547580718994,-0.1775834858417511,0.8410561680793762
3433785802.0,0.9585679769515992,0.0519001632928848,10.032787322998049,2.714660882949829,-0.0824266076087951,0.8724337220191956
3433794135.0,0.873910665512085,0.2707028985023498,9.942127227783203,2.9131200313568115,0.5710309743881226,0.8591655492782593
3433802468.0,1.0329124927520752,0.1846008747816085,10.234698295593262,2.967524528503418,0.6476943492889404,0.7414681911468506
3433810801.0,0.8948214054107666,0.1413309276103973,10.061532974243164,2.6870741844177246,-0.0182373356074094,0.712600827217102
3433819134.0,0.8128310441970825,0.0998540818691253,9.630178451538086,2.709614515304565,0.4734919369220733,0.6013326048851013
3433827467.0,0.81367027759552,0.23703433573246,10.14902400970459,2.8914501667022705,1.1310607194900513,0.5837100148200989
3433835800.0,0.7948365807533264,0.3817532360553741,10.127013206481934,3.098695039749145,0.542778491973877,0.5674962401390076
3433844133.0,0.9856638312339784,0.2335124313831329,10.083484649658203,2.743809461593628,0.220705047249794,0.4299477040767669
3433852466.0,0.930249571800232,0.2443282306194305,9.843622207641602,2.728851079940796,0.7238454818725586,0.492369681596756
3433860799.0,0.9677141904830932,0.1938582062721252,9.989107131958008,2.678954601287842,1.2168939113616943,0.3879916369915008
3433869132.0,0.8699359893798828,0.3178292214870453,10.233341217041016,2.485080480575561,1.3423523902893066,0.2887877225875854
3433877465.0,0.8656018376350403,0.2245623469352722,9.89700698852539,2.6458866596221924,0.7879579067230225,0.3773360848426819
3433885798.0,1.012549877166748,-0.018449617549777,10.178740501403809,2.494839191436768,1.1828781366348269,0.3725718259811401
3433894131.0,0.907054841518402,0.2715725898742676,10.107784271240234,2.683180809020996,1.5451147556304932,0.4397579729557037
3433902464.0,0.9440708160400392,0.1412863731384277,10.348361015319824,2.7968568801879883,1.6906805038452148,0.3829968869686126
3433910797.0,0.834728479385376,0.2973371148109436,10.433802604675291,2.655824661254883,1.3313127756118774,0.4241077005863189
3433919130.0,0.8433776497840881,0.089030347764492,10.048017501831056,2.33421277999878,1.1718385219573977,0.2305665612220764
3433927463.0,0.9583007097244264,0.0818710997700691,10.205708503723145,2.34415054321289,1.6376333236694336,0.4365561902523041
3433935796.0,0.8007752895355225,0.0250887610018253,10.073882102966309,2.4291131496429443,1.994695782661438,0.4647318422794342
3433944129.0,0.9924295544624328,-0.0449708551168441,10.121557235717772,2.336620092391968,1.959117293357849,0.4756947159767151
3433952462.0,0.8758836388587952,0.1309857070446014,9.944022178649902,2.643888235092163,1.6020807027816772,0.3864547610282898
3433960795.0,0.7766695022583008,0.0624410510063171,9.721156120300291,2.444097757339477,2.018850088119507,0.542189359664917
3433969128.0,0.6259487867355347,0.0640890076756477,9.96517848968506,2.229245185852051,2.36779260635376,0.4961861371994018
3433977461.0,0.4320533573627472,-0.0006911563687026,10.120482444763184,2.339104652404785,2.281139850616455,0.5916504263877869
3433985794.0,0.6190564036369324,-0.0834208279848098,10.08151912689209,2.498195171356201,1.5744175910949707,0.5094031691551208
3433994127.0,0.6483548283576965,-0.0160086322575807,9.890846252441406,2.564714908599853,1.3461177349090576,0.4832253754138946
3434002460.0,0.8311071991920471,-0.1284701228141784,9.693500518798828,2.50149917602539,1.5899653434753418,0.6259735226631165
3434010793.0,0.847065806388855,0.0452452600002288,9.845749855041504,2.4523966312408447,2.089237689971924,0.6707727909088135
3434019126.0,0.5733228921890259,0.0046692038886249,9.85370922088623,2.6882784366607666,2.098100423812866,0.7263301014900208
3434027459.0,0.6179150938987732,-0.1856478303670883,9.761151313781738,2.499603509902954,1.772312879562378,0.6423153281211853
3434035792.0,0.4615332782268524,0.1114693954586982,9.848508834838867,2.414999485015869,1.457181096076965,0.8937190771102905
3434044125.0,0.5992622971534729,-0.1002084761857986,9.812536239624023,2.58200478553772,1.5925523042678833,0.7809908390045166
3434052458.0,0.7386311888694763,0.0410511195659637,10.12844944000244,2.571221113204956,1.6404767036437988,0.6306609511375427
3434060791.0,0.5076512098312378,-0.0747869908809661,9.764482498168944,2.7332050800323486,1.2351056337356567,0.7125495672225952
3434069124.0,0.6340968608856201,-0.0679861381649971,9.66296672821045,2.735766887664795,1.4128684997558594,0.6039708852767944
3434077457.0,0.6437926888465881,-0.0038437799084931,9.656417846679688,2.8640685081481934,1.4095128774642944,0.5386289954185486
3434085790.0,0.5718791484832764,-0.0414691604673862,9.64051914215088,2.858382225036621,1.413098931312561,0.5943398475646973
3434094123.0,0.4588756561279297,-0.0020526112057268,9.79713249206543,2.774418830871582,1.8199299573898315,0.6332735419273376
3434102456.0,0.3189781010150909,-0.0213865768164396,9.849802017211914,3.119852304458618,1.5281580686569214,0.4730564951896667
3434110789.0,0.6127297282218933,-0.0045077903196215,10.03949737548828,3.0458784103393555,0.9014545679092408,0.3472393453121185
3434119122.0,0.5638605952262878,0.1703327894210815,9.851147651672363,3.091856002807617,0.8144943118095398,0.411146879196167
3434127455.0,0.5345452427864075,0.2715224325656891,9.577848434448242,3.041114330291748,1.1187145709991455,0.3906554877758026
3434135788.0,0.4878641366958618,0.2714666724205017,9.997838020324709,3.040192127227783,1.736196994781494,0.4602749943733215
3434144121.0,0.2459354251623153,0.1912208497524261,9.949563026428224,2.8048229217529297,0.9782204627990724,0.4044359624385834
3434152454.0,0.32441446185112,0.1389345675706863,10.069941520690918,2.4937376976013184,0.9185904264450072,0.4576623141765594
3434160787.0,0.4281958043575287,0.2975492179393768,10.14280891418457,2.667018175125122,0.7917231917381287,0.5258986949920654
3434169120.0,0.6443979740142822,-0.0394957289099693,10.18328857421875,2.8626341819763184,0.7069657444953918,0.6127821803092957
3434177453.0,0.7997510433197021,-0.0941508710384368,10.123961448669434,2.7742648124694824,0.3276444971561432,0.3797438144683838
3434185786.0,0.5496872067451477,0.16668301820755,9.674241065979004,2.826107978820801,0.8520190715789795,0.4305368363857269
3434194119.0,0.4726107716560364,0.1815564483404159,9.88622760772705,2.843141555786133,1.3667114973068235,0.4312284290790558
3434202452.0,0.304737389087677,0.0117560420185327,10.086721420288086,2.575857162475586,0.7863954305648804,0.5234909057617188
3434210785.0,0.3162680566310882,-0.320593386888504,9.757761001586914,2.4290876388549805,0.5688793659210205,0.5492076873779297
3434219118.0,0.4549775719642639,-0.21672984957695,9.784622192382812,2.782742977142334,0.5071746110916138,0.5490539073944092
3434227451.0,0.185308963060379,-0.0842706561088562,9.773541450500488,3.143570899963379,0.911777138710022,0.5777162313461304
3434235784.0,0.3161419332027435,-0.1400803178548813,9.929800033569336,3.165445327758789,0.7404434680938721,0.6116294860839844
3434244117.0,0.4801363348960876,-0.1158770322799682,10.008841514587402,3.0546891689300537,-0.1106278747320175,0.5958767533302307
3434252450.0,0.3015077710151672,-0.0777868404984474,9.55465316772461,3.142085552215576,-0.2047346085309982,0.6407017111778259
3434260783.0,0.351320207118988,-0.0671861469745636,9.56961441040039,3.29105806350708,0.7393420934677124,0.6910592913627625
3434269116.0,0.3149429857730865,0.1948378235101699,10.144371032714844,3.192929744720459,0.8005089163780212,0.6349640488624573
3434277449.0,0.4107032120227813,0.4186076521873474,10.27614402770996,2.9832005500793457,-0.2538626790046692,0.6973347663879395
3434285782.0,0.4619102478027344,0.4228389263153076,10.125163078308104,2.645400047302246,-0.1933362632989883,0.7398800253868103
3434294115.0,0.4282108843326568,0.2783051133155823,9.999205589294434,2.7699618339538574,0.4627596139907837,0.9315513968467712
3434302448.0,0.4235274195671081,-0.0464066565036773,10.38023281097412,2.432955265045166,-0.0383445136249065,0.8765830993652344
3434310781.0,0.3094593286514282,-0.3076562285423279,10.02812957763672,2.368202447891236,-0.4640019237995147,0.8194634318351746
3434319114.0,0.3267786502838135,-0.2731959223747253,9.69140625,2.786508798599243,-0.249482661485672,0.7439783215522766
3434327447.0,0.6094045042991638,-0.1428336650133133,9.80400276184082,3.293593168258667,-0.2563216090202331,0.6314291954040527
3434335780.0,0.5891886949539185,-0.2759684920310974,9.893444061279297,3.05371642112732,-0.6241164207458496,0.6056101322174072
3434344113.0,0.3980292975902557,-0.0767474770545959,9.642078399658203,3.074105024337769,-0.0964632034301757,0.594929039478302
3434352446.0,0.392543226480484,0.0111924307420849,10.011892318725586,3.5824971199035645,0.4018489420413971,0.5309447050094604
3434360779.0,0.4040455520153045,-0.0291964765638113,10.0706148147583,3.812614679336548,-0.1327329576015472,0.4478521049022674
3434369112.0,0.5730884075164795,-0.5085718631744385,9.884848594665527,3.7684037685394287,-0.6808774471282959,0.4296146929264068
3434377445.0,0.7895662784576416,-0.4066158831119537,9.638001441955566,3.9122025966644287,-0.568866491317749,0.39301198720932
3434385778.0,0.6875128149986267,-0.0014209998771548,9.522618293762209,4.341626167297363,0.192888006567955,0.4128118455410003
3434394111.0,0.5074564218521118,0.1780705153942108,9.75817584991455,4.4699788093566895,0.5649347901344299,0.3242121636867523
3434402444.0,0.7026813626289368,0.3418798744678497,10.115389823913574,4.0208587646484375,-0.1486650258302688,0.3357641696929931
3434410777.0,0.6541463732719421,0.5266122221946716,9.923888206481934,3.5784237384796143,-0.5223510265350342,0.3724693655967712
3434419110.0,0.5330047607421875,0.3921975493431091,9.777669906616213,3.6101596355438232,0.3946000635623932,0.4502341747283935
3434427443.0,0.8735626935958862,0.2084364295005798,10.089018821716309,3.5979161262512207,0.6469259262084961,0.3272090256214142
3434435776.0,0.967894971370697,0.2703453004360199,10.075628280639648,3.3016879558563232,-0.2309635430574417,0.4419352412223816
3434444109.0,0.912347137928009,0.5641141533851624,9.56818675994873,2.9303581714630127,0.1334117501974105,0.4017977118492126
3434452442.0,0.7240504622459412,0.5953382849693298,9.692769050598145,2.775059223175049,1.6361221075057983,0.5587874054908752
3434460775.0,0.5137691497802734,0.5486300587654114,10.11746311187744,2.365743398666382,1.7977478504180908,0.570672333240509
3434469108.0,0.3758417963981628,0.1912538260221481,10.328112602233888,2.1225619316101074,0.8622903823852539,0.6093754172325134
3434477441.0,0.4087874591350555,0.0184681490063667,9.873238563537598,2.036293268203736,0.4305112361907959,0.6087606549263
3434485774.0,0.6531674265861511,0.0389030911028385,9.797388076782228,2.375784397125244,0.909907341003418,0.4638609886169433
3434494107.0,0.7456644773483276,0.0866026282310485,9.72786808013916,2.5629475116729736,1.0843145847320557,0.5554319024085999
3434502440.0,0.7798316478729248,0.1568382084369659,9.703927040100098,2.450347423553467,1.0046287775039673,0.524797260761261
3434510773.0,0.6222442388534546,0.286622554063797,9.753728866577148,2.3840577602386475,1.0366464853286743,0.5724653005599976
3434519106.0,0.3283609449863434,-0.0314916670322418,9.91123104095459,2.4408700466156006,1.8343505859375,0.5906515121459961
3434527439.0,0.4407843947410583,-0.0759434700012207,10.103013038635254,2.539715528488159,1.6132742166519165,0.5859896540641785
3434535772.0,0.4441148936748504,0.0761366710066795,10.05223274230957,2.7404797077178955,0.8038643598556519,0.6800194978713989
3434544105.0,0.4767927527427673,0.0546002797782421,9.855107307434082,2.656925916671753,0.8507126569747925,0.6594512462615967
3434552438.0,0.5749381184577942,0.3471758365631103,9.896240234375,2.644042015075684,1.1403326988220217,0.5864506959915161
3434560771.0,0.5763314366340637,0.4312232136726379,10.16419792175293,2.500218391418457,1.3711683750152588,0.6408296823501587
3434569104.0,0.4996170699596405,0.0067251259461045,9.952739715576172,2.347557544708252,1.0822142362594604,0.5557136535644531
3434577437.0,0.4787370264530182,-0.0129344128072261,9.867164611816406,2.487257480621338,1.4017517566680908,0.557839572429657
3434585770.0,0.6155228614807129,-0.1807455718517303,10.116138458251951,2.5714259147644043,1.4598960876464844,0.6912897229194641
3434594103.0,0.8336671590805054,0.2269807308912277,10.093016624450684,2.795729637145996,1.0368770360946655,0.5115546584129333
3434602436.0,0.6260495781898499,0.2031150162220001,10.089950561523438,2.8271074295043945,1.3438379764556885,0.5571224093437195
3434610769.0,0.3862420618534088,0.4257848858833313,10.02048110961914,2.736791610717773,2.104631900787353,0.4473397731781006
3434619102.0,0.3267842233181,0.2473668903112411,10.494085311889648,2.607670307159424,1.8574804067611688,0.5552269816398621
3434627435.0,0.7724353075027466,0.1723792254924774,10.298965454101562,2.3868753910064697,0.6975396871566772,0.4236210584640503
3434635768.0,0.8912388682365417,0.1609645932912826,9.883380889892578,2.3819572925567627,0.4996952712535858,0.420777827501297
3434644101.0,0.6444278955459595,0.1835788339376449,9.733664512634276,2.61927342414856,1.781867265701294,0.5081480145454407
3434652434.0,0.4038471579551697,0.4123580157756805,10.1311674118042,2.3246326446533203,2.4221975803375244,0.4880408644676208
3434660767.0,0.3239505887031555,0.4747023284435272,10.754349708557127,2.3511946201324463,1.3977047204971311,0.4031296670436859
3434669100.0,0.518623948097229,-0.0165273323655128,10.266891479492188,2.0850372314453125,0.4481338262557983,0.5020517706871033
3434677433.0,0.7566763758659363,-0.3609533011913299,10.038565635681152,2.2702794075012207,0.5604522824287415,0.6279714703559875
3434685766.0,0.6494730710983276,-0.3961998522281647,9.836209297180176,2.60262417793274,1.626388669013977,0.575513482093811
3434694099.0,0.6092798709869385,-0.0952897146344184,9.95277976989746,2.6273159980773926,1.781098484992981,0.4632974565029144
3434702432.0,0.8521620631217957,-0.092635840177536,9.987788200378418,2.797855854034424,1.0354938507080078,0.5884485840797424
3434710765.0,0.8442293405532837,-0.115636222064495,9.740455627441406,2.695014476776123,0.7712574005126953,0.5984125137329102
3434719098.0,0.482147216796875,-0.2640247046947479,9.655165672302246,2.7949869632720947,1.6388884782791138,0.7184152603149414
3434727431.0,0.168423056602478,-0.3286567330360412,9.90017795562744,3.065293312072754,2.2463810443878174,0.7464883327484131
3434735764.0,0.2193153649568557,-0.3139552474021911,10.137734413146973,3.3375730514526367,0.9150043725967408,0.7773535847663879
3434744097.0,0.5936731696128845,-0.1723953634500503,9.693121910095217,3.286191463470459,-0.5111064910888672,0.6663671135902405
3434752430.0,0.9418619871139526,0.1142933964729309,9.275565147399902,3.1384994983673096,0.0140237929299473,0.8005345463752747
3434760763.0,0.6964893341064453,0.3048868775367737,9.38112449645996,3.2761244773864746,1.4510334730148315,0.7998940348625183
3434769096.0,0.1616602092981338,0.0523626692593097,9.685895919799805,3.1923141479492188,1.7851454019546509,0.9264795184135436
3434777429.0,0.1439998745918274,-0.2095396518707275,10.030524253845217,2.971827507019043,0.4558437466621399,0.928938627243042
3434785762.0,0.3127674758434295,-0.1788872629404068,9.639501571655272,2.9945218563079834,-0.7910700440406799,0.831246018409729
3434794095.0,0.5222290754318237,0.1379309296607971,9.498893737792969,3.221771240234375,-0.3467399179935455,0.8026092648506165
3434802428.0,0.5776379704475403,0.5082393884658813,9.8659029006958,3.202791452407837,0.7802736759185791,0.7346290946006775
3434810761.0,0.2515898048877716,0.602087676525116,10.206875801086426,2.763148307800293,0.6454916000366211,0.5818913578987122
3434819094.0,0.2192489355802536,0.4420624375343323,10.206146240234377,2.52793288230896,0.2955498695373535,0.7347059845924377
3434827427.0,0.5285788178443909,0.1642332375049591,10.083656311035156,2.4692506790161133,-0.2807832658290863,0.5984125733375549
3434835760.0,0.5957499742507935,0.2043466120958328,9.73099422454834,2.6515984535217285,0.0984483137726783,0.6111428737640381
3434844093.0,0.4451301693916321,-0.0158183313906192,9.665432929992676,2.86596417427063,0.8993797898292542,0.4770779311656952
3434852426.0,0.366575539112091,0.0801875218749046,9.87999439239502,2.86942195892334,0.8855225443840027,0.4680105447769165
3434860759.0,0.3410095870494842,0.4439314305782318,9.990327835083008,2.892730712890625,0.2943715751171112,0.4469555914402008
3434869092.0,0.2801375091075897,0.2940709292888641,9.667719841003418,2.7009568214416504,0.1400458216667175,0.3932937383651733
3434877425.0,0.3268568515777588,0.1113857626914978,9.718005180358888,2.590482950210572,1.0130559206008911,0.4219817519187927
3434885758.0,0.3734892308712005,-0.098081074655056,9.936493873596191,2.792323350906372,0.9289899468421936,0.3923972845077514
3434894091.0,0.1462377905845642,0.0683513358235359,10.017937660217283,2.772523164749145,0.5888840556144714,0.3458818197250366
3434902424.0,0.3328815698623657,0.6006626486778259,9.9790678024292,3.023388862609864,0.49154993891716,0.3488786816596985
3434910757.0,0.546211302280426,0.4259353578090668,10.126399993896484,2.969496726989746,0.2482403665781021,0.4636048078536987
3434919090.0,0.2370995730161667,0.0267685391008853,10.024619102478027,2.2838551998138428,0.8217175602912903,0.3491348624229431
3434927423.0,0.2740256190299988,0.0034820176661014,9.93896770477295,2.633130550384521,1.5241367816925049,0.5781261324882507
3434935756.0,-0.1408638060092926,0.2280254065990448,9.946805953979492,2.9153995513916016,1.0793453454971311,0.5858872532844543
3434944089.0,0.2057830542325973,0.0540099255740642,9.833158493041992,2.896650075912476,0.5532290935516357,0.5797653794288635
3434952422.0,0.737214207649231,0.0357556380331516,9.962657928466797,2.4365158081054688,0.0997546464204788,0.4573037922382355
3434960755.0,0.8392993807792664,0.1878971010446548,9.705459594726562,2.4164340496063232,0.8948973417282104,0.673385500907898
3434969088.0,0.3679153025150299,0.2554844617843628,9.790752410888672,2.657515287399292,1.9825544357299805,0.5837355852127075
3434977421.0,0.1331142038106918,0.1033196151256561,10.062548637390137,2.6642005443573,1.8779975175857544,0.5765380263328552
3434985754.0,0.4422303438186645,-0.1367897987365722,10.299063682556152,2.491791248321533,0.3235462307929992,0.6204919815063477
3434994087.0,0.8281124830245972,0.0726126059889793,9.933232307434082,2.2145938873291016,-0.481573224067688,0.6434423327445984
3435002420.0,0.6259734630584717,0.4248517155647278,9.328865051269531,2.389667510986328,1.5796171426773071,0.6201334595680237
3435010753.0,0.2645376920700073,0.3728614151477813,9.90010929107666,2.7787985801696777,2.861276388168335,0.7595003843307495
3435019086.0,0.1057719141244888,0.1013352200388908,10.39278507232666,2.0500736236572266,1.601158618927002,0.7452332973480225
3435027419.0,0.359066754579544,-0.1065441370010376,9.901122093200684,1.9152147769927976,0.2117144614458084,0.6712082028388977
3435035752.0,0.7872039079666138,-0.3199404776096344,9.700410842895508,2.147228479385376,0.6832468509674072,0.7134205102920532
3435044085.0,0.5115398168563843,-0.0044108144938945,9.521787643432615,2.5408167839050293,2.476524829864502,0.753890872001648
3435052418.0,0.2459236085414886,0.0621726773679256,10.017319679260254,2.7294909954071045,2.7588961124420166,0.7084768414497375
3435060751.0,0.2120438814163208,0.3129282891750335,10.320260047912598,2.490382671356201,1.3625365495681765,0.6782522201538086
3435069084.0,0.4120414555072784,-0.0843354612588882,9.9196138381958,2.460926055908203,0.830656886100769,0.6088376045227051
3435077417.0,0.3798803389072418,-0.2484185546636581,9.464438438415527,2.6890978813171387,1.765986442565918,0.5672913193702698
3435085750.0,-0.0278493650257587,-0.333287626504898,9.398341178894045,3.1670079231262207,2.309366703033448,0.6651632189750671
3435094083.0,-0.0237872991710901,-0.2624541223049164,9.843026161193848,3.3857791423797607,1.7822256088256836,0.5420868396759033
3435102416.0,0.083015352487564,-0.1508548110723495,9.98595905303955,3.1977453231811523,0.6474382877349854,0.6311988830566406
3435110749.0,0.3466440141201019,0.088201031088829,9.704229354858398,3.301713466644287,0.9432825446128844,0.5127585530281067
3435119082.0,0.3677884936332702,0.1706047058105468,10.06594944000244,3.4138011932373047,1.947078824043274,0.6300973296165466
3435127415.0,0.0694522857666015,0.1554319560527801,10.167223930358888,3.2372679710388184,2.136239767074585,0.5546890497207642
3435135748.0,-0.1308671087026596,0.1314992010593414,10.364009857177734,3.3733561038970947,1.444758057594299,0.4713403582572937
3435144081.0,0.1454671919345855,-0.1356863528490066,10.394475936889648,3.3431830406188965,0.4745678007602691,0.550180971622467
3435152414.0,0.5429732799530029,-0.1087159439921379,9.964529991149902,3.366978406906128,0.4325603544712066,0.6852192282676697
3435160747.0,0.3847192823886871,0.2377230077981948,9.762178421020508,3.479527235031128,1.1614902019500732,0.637371838092804
3435169080.0,0.0731732174754142,0.3400372862815857,9.599119186401367,3.637285470962525,2.056451797485352,0.6256917119026184
3435177413.0,-0.0633055493235588,0.0142518021166324,10.106579780578612,3.279198169708252,1.5336651802062988,0.6354251503944397
3435185746.0,-0.0998404324054718,-0.0704541429877281,10.07147979736328,3.1342477798461914,0.5440592765808105,0.7763291001319885
3435194079.0,-0.2219257652759552,0.0745970085263252,9.903239250183104,3.2403931617736816,0.7411351203918457,0.9001995325088501
3435202412.0,-0.2738929390907287,0.140825480222702,10.069385528564451,3.669687271118164,1.0669736862182615,0.8942056894302368
3435210745.0,0.1921926587820053,-0.157274380326271,10.346305847167969,3.663283586502075,0.2555148303508758,0.8542987108230591
3435219078.0,0.2822810411453247,-0.1607028692960739,10.117823600769045,3.728907346725464,-0.6522665023803711,0.9975335597991944
3435227411.0,0.3229742646217346,-0.0309906583279371,9.456876754760742,3.7885630130767822,0.0220666620880365,1.173144817352295
3435235744.0,-0.0064742490649223,0.3632740080356598,9.78900909423828,4.300412654876709,0.979552447795868,1.282850742340088
3435244077.0,0.3163677155971527,0.1967241913080215,10.274457931518556,3.960665464401245,0.4510282874107361,1.3628695011138916
3435252410.0,0.1855270266532898,0.2346719801425933,10.393407821655272,3.6909472942352295,-0.7507019639015198,1.553977131843567
3435260743.0,0.0284346919506788,0.2390780001878738,9.819076538085938,3.959282159805298,0.2657605111598968,1.8193151950836184
3435269076.0,-0.1086092218756675,0.5320123434066772,10.23145866394043,4.133279800415039,0.9458184838294984,1.853535771369934
3435277409.0,-0.0157272536307573,0.4698407351970672,10.525599479675291,4.275028228759766,-0.097743920981884,2.062573432922364
3435285742.0,0.4012227058410644,0.5803846716880798,10.124783515930176,3.6099295616149902,-1.5004308223724363,1.9602446556091309
3435294075.0,0.3737766146659851,0.4817619621753692,9.626494407653809,3.7561864852905273,-1.0820733308792114,2.1569361686706543
3435302408.0,0.1063125133514404,0.8168089389801025,9.41742706298828,4.142885208129883,0.7233844995498657,2.4796502590179443
3435310741.0,0.0996807739138603,0.6040834784507751,10.157133102416992,4.285786151885986,0.3158875405788421,2.64660382270813
3435319074.0,0.1746205538511276,0.6273863911628723,10.015854835510254,3.742252588272095,-1.5601632595062256,2.592045545578003
3435327407.0,0.0446333475410938,0.538835346698761,9.603853225708008,3.7063159942626953,-1.2802250385284424,2.701085329055786
3435335740.0,0.0816812068223953,0.9711810350418092,9.700931549072266,4.201976776123047,0.2283636629581451,2.9905002117156982
3435344073.0,-0.0803699567914009,0.9531909823417664,10.524168968200684,4.12515926361084,-0.2542981207370758,2.9460341930389404
3435352406.0,0.2101795822381973,1.084558129310608,10.115326881408691,3.59489369392395,-1.5637489557266235,3.1915206909179688
3435360739.0,0.2831606566905975,0.917363703250885,9.958263397216797,3.508291959762573,-1.9849494695663448,3.248333215713501
3435369072.0,0.518790602684021,0.9545250535011292,9.625344276428224,3.566411018371582,-0.6185837984085083,3.4764795303344727
3435377405.0,0.4666966795921325,0.8402107954025269,10.14454746246338,3.910614490509033,-0.6889204978942871,3.811948776245117
3435385738.0,0.4930838942527771,0.86353999376297,9.90927028656006,3.644201040267944,-1.2236944437026978,3.886793375015259
3435394071.0,0.5190988779067993,0.6307371854782104,9.65622901916504,3.576323747634888,-1.33199143409729,3.898806810379028
3435402404.0,0.6371922492980957,0.6179173588752747,9.561509132385254,3.610569953918457,-0.6072366833686829,4.144447326660156
3435410737.0,0.6451681852340698,0.4001557826995849,9.909919738769531,3.8643558025360094,-0.3427697122097015,4.285018444061279
3435419070.0,0.507154643535614,0.8488525152206421,9.676474571228027,3.782415390014648,-0.7078493237495422,4.393417835235596
3435427403.0,0.196050614118576,0.8691462874412537,9.679879188537598,3.9469363689422607,-0.454652726650238,4.62325382232666
3435435736.0,0.2405647933483123,0.9700968861579896,9.805696487426758,3.87716293334961,-0.1263550519943237,4.605477809906006
3435444069.0,0.6080933809280396,0.7275698781013489,10.10592555999756,3.886664867401123,-0.725446343421936,4.948708534240723
3435452402.0,0.6894416809082031,0.9924983382225036,9.66486930847168,3.851394653320313,-0.8566679358482361,4.94632625579834
3435460735.0,0.8925436735153198,0.8647674322128296,9.324090957641602,3.972037553787232,0.0059809237718582,5.116302013397217
3435469068.0,0.6275969743728638,0.8094140887260437,9.629175186157228,3.859950065612793,0.7054288387298584,5.256719589233398
3435477401.0,0.5338221788406372,0.5857640504837036,9.83273220062256,3.5347259044647217,1.0161038637161257,5.40809965133667
3435485734.0,0.3270191252231598,0.9896503686904908,10.14573097229004,3.611927032470703,0.8573212027549744,5.544341564178467
3435494067.0,0.1819392144680023,1.288081169128418,10.01344394683838,3.731955528259277,1.3008573055267334,5.588833808898926
3435502400.0,0.1733050495386123,1.336604356765747,10.285795211791992,3.5898475646972656,1.3548009395599363,5.636809349060059
3435510733.0,0.2489062994718551,1.3657184839248655,10.31025505065918,3.1162915229797363,1.3856916427612305,5.634427070617676
3435519066.0,0.1990266740322113,0.9468181133270264,10.240194320678713,2.9110960960388184,1.384948968887329,5.724179267883301
3435527399.0,0.045167651027441,1.3279731273651123,9.76393222808838,3.182914018630981,2.242410659790039,5.77338457107544
3435535732.0,0.1670942604541778,1.0267788171768188,10.051583290100098,3.4863922595977783,2.3453803062438965,5.814367771148682
3435544065.0,0.1460693031549453,0.9583735466003418,9.819196701049805,3.218313455581665,1.9890862703323364,5.771745204925537
3435552398.0,0.127932995557785,0.9438966512680054,9.77367115020752,2.95604944229126,2.821702718734741,5.8184661865234375
3435560731.0,-0.1682543009519577,1.071711540222168,9.90427303314209,3.1710550785064697,3.61892032623291,5.776458263397217
3435569064.0,-0.3384725153446197,1.4619121551513672,10.211418151855469,3.2886762619018555,3.7850286960601807,5.8710527420043945
3435577397.0,-0.6438872814178467,1.5817152261734009,10.21640396118164,2.790888786315918,2.849468231201172,5.711935997009277
3435585730.0,-0.3912944197654724,1.4326010942459106,10.187667846679688,2.539023876190185,2.868243455886841,5.762805461883545
3435594063.0,-0.1805819272994995,1.3594906330108645,10.203310012817385,2.5473227500915527,2.939220666885376,5.66849422454834
3435602396.0,-0.1039790287613868,1.3414363861083984,10.115078926086426,2.657566547393799,3.2022531032562256,5.8345255851745605
3435610729.0,-0.1910346299409866,1.256028175354004,9.904196739196776,2.560719013214112,3.327327251434326,5.727330207824707
3435619062.0,-0.2809409499168396,1.4124853610992432,9.667442321777344,2.287005424499512,3.632214069366455,5.744184970855713
3435627395.0,-0.1381747871637344,1.2103502750396729,10.022777557373049,2.1140835285186768,3.454450845718384,5.8007402420043945
3435635728.0,-0.2684878706932068,1.4135884046554563,9.898716926574709,1.931479930877685,3.443436622619629,5.767390727996826
3435644061.0,-0.6397138833999634,1.5449285507202148,10.023215293884276,1.9559155702590945,3.698503017425537,5.82023286819458
3435652394.0,-0.7384246587753296,1.564530372619629,10.032407760620115,1.7842748165130615,3.559366703033448,5.707735061645508
3435660727.0,-0.5940753221511841,1.407582402229309,10.397448539733888,1.486432433128357,2.766375780105591,5.582737922668457
3435669060.0,-0.295657217502594,1.2548469305038452,10.09957504272461,1.2604893445968628,2.1304256916046143,5.613757133483887
3435677393.0,-0.2411475181579589,1.0828500986099243,9.84133529663086,1.374395728111267,2.399221181869507,5.867875576019287
3435685726.0,-0.5156874060630798,1.1674085855484009,9.577330589294434,1.4150198698043823,2.731386661529541,5.796488285064697
3435694059.0,-0.4486662745475769,1.0751644372940063,9.843276023864746,1.2391270399093628,2.467560291290283,5.716238975524902
3435702392.0,-0.6180635094642639,1.145158052444458,9.816328048706056,0.8937446475028992,1.6378382444381714,5.705352783203125
3435710725.0,-0.6333972811698914,1.2301427125930786,9.75063133239746,0.7348083853721619,2.1294267177581787,5.788881778717041
3435719058.0,-0.857345461845398,1.117387294769287,9.993881225585938,0.9368280172348022,2.1791694164276123,5.673412799835205
3435727391.0,-0.8712920546531677,0.8470661044120789,10.05672550201416,0.765289306640625,1.4841272830963137,5.720747470855713
3435735724.0,-0.7145106792449951,0.6187489032745361,9.854589462280272,0.738086998462677,0.5238751173019409,5.705455780029297
3435744057.0,-0.5881075859069824,0.6680687069892883,9.583816528320312,0.9911810755729676,0.520878255367279,5.696771621704102
3435752390.0,-0.6121439933776855,0.6460058093070984,9.51467514038086,1.40764319896698,1.0987610816955566,5.818671226501465
3435760723.0,-0.8664780855178833,0.6050223708152771,9.719568252563477,1.558280348777771,1.113642930984497,5.72044038772583
3435769056.0,-0.7343050241470337,0.4980364739894867,9.824036598205566,1.6427559852600098,0.415578156709671,5.696644306182861
3435777389.0,-0.6545993685722351,0.6878085136413574,9.623427391052246,1.7697514295578003,-0.2764032185077667,5.720798492431641
3435785722.0,-0.7304170727729797,0.8504489660263062,9.489678382873535,1.991186499595642,0.3254672586917877,5.747385501861572
3435794055.0,-0.8702923059463501,0.9895452857017516,9.840276718139648,1.8999229669570925,0.6392928957939148,5.727304458618164
3435802388.0,-0.9524094462394714,0.9872717261314392,10.171686172485352,1.499111533164978,0.1854086518287658,5.758835792541504
3435810721.0,-0.9081771969795228,1.0124163627624512,10.186488151550291,1.350164771080017,-0.736511766910553,5.861395359039307
3435819054.0,-0.4938627779483795,0.8095583915710449,10.045384407043455,1.717806100845337,-0.92513507604599,5.909729480743408
3435827387.0,-0.3535608053207397,0.4018547832965851,9.860543251037598,1.7989518642425537,-1.1070985794067385,6.013774394989014
3435835720.0,-0.3158711194992065,0.291454553604126,9.57707405090332,1.75141179561615,-0.5067008137702942,6.088029861450195
3435844053.0,-0.3171247243881225,0.53250652551651,9.56947135925293,2.038700819015503,-0.3295527100563049,6.126809120178223
3435852386.0,-0.534328043460846,0.8835228681564331,9.639930725097656,2.2694342136383057,-0.4514252841472626,6.116692543029785
3435860719.0,-0.5081154108047485,0.5655547380447388,9.880112648010254,2.180757522583008,-0.3249421715736389,6.190460681915283
3435869052.0,-0.4707312881946563,0.7205528616905212,9.960237503051758,2.0383167266845703,-0.5793170928955078,6.267124176025391
3435877385.0,-0.4949540793895721,0.5949773788452148,9.85811710357666,2.253732442855835,-0.6335168480873108,6.308593273162842
3435885718.0,-0.4905416071414947,0.7455773949623108,9.695658683776855,2.486002206802368,-0.5963249206542969,6.194200038909912
3435894051.0,-0.3266105651855469,0.412386953830719,9.750177383422852,2.5378453731536865,-0.8381744623184204,6.138540267944336
3435902384.0,-0.308290958404541,0.6088558435440063,9.825201034545898,2.4688663482666016,-1.116985559463501,6.323526859283447
3435910717.0,0.0467960201203823,0.5986557006835938,9.56629467010498,2.779490232467652,-0.6757802367210388,6.429492473602295
3435919050.0,-0.0473273731768131,0.5751255750656128,9.737548828125,2.9714181423187256,-0.670785665512085,6.562073230743408
3435927383.0,-0.0880661085247993,0.6141009330749512,9.589798927307127,3.054945468902588,-0.1891611218452453,6.490787982940674
3435935716.0,-0.3228136897087097,0.6587044596672058,9.997795104980469,2.8907837867736816,-0.2378794103860855,6.64093828201294
3435944049.0,-0.3129229545593261,0.7311751842498779,9.921697616577148,3.2241532802581787,-0.0389080196619033,6.546626091003418
3435952382.0,-0.2643958032131195,0.955605685710907,10.314779281616213,3.26623797416687,-0.4613124132156372,6.508103370666504
3435960715.0,-0.1062240675091743,1.0267479419708252,10.013712882995604,3.2814528942108154,-0.6183789372444153,6.523164749145508
3435969048.0,-0.0791638866066932,1.0560333728790283,9.889315605163574,3.276073694229126,-0.4069589972496032,6.5420427322387695
3435977381.0,-0.0129621429368853,0.8415382504463196,9.760169982910156,3.354452848434448,0.1462700814008712,6.712812423706055
3435985714.0,0.0336227640509605,0.5067642331123352,9.935591697692873,3.602731943130493,-0.0317616537213325,6.715015411376953
3435994047.0,0.1298598051071167,0.8509643077850342,9.707332611083984,3.817533254623413,-0.1104998290538787,6.790399074554443
3436002380.0,-0.0056605376303195,0.960121750831604,9.819721221923828,3.937536239624024,0.3063335120677948,6.732433795928955
3436010713.0,-0.2736876308917999,1.310924053192139,10.050477027893066,3.830135822296143,1.023916482925415,6.75848388671875
3436019046.0,-0.4045163691043854,1.4598461389541626,10.492193222045898,3.820478677749634,1.183518648147583,6.709124565124512
3436027379.0,-0.4531295299530029,1.625662922859192,10.546294212341309,3.4809112548828125,0.4909097254276275,6.835480213165283
3436035712.0,-0.1269202381372451,1.2767046689987185,10.115453720092772,3.4401328563690186,0.2533119916915893,6.920108795166016
3436044045.0,-0.0764089748263359,0.8226537704467773,9.76475429534912,3.280428171157837,0.4823289215564728,6.967290878295898
3436052378.0,0.0876592248678207,0.5075238347053528,9.655587196350098,3.6865155696868896,1.1380788087844849,7.239748001098633
3436060711.0,-0.1636740267276764,0.9630035161972046,9.633238792419434,3.967811584472656,1.3442221879959106,7.264977931976318
3436069044.0,-0.2215215265750885,1.2296242713928225,9.724244117736816,3.931387662887573,1.6369926929473877,7.257498741149902
3436077377.0,-0.4011696577072143,1.2692104578018188,10.06313133239746,3.831441640853882,1.666782259941101,7.434442520141602
3436085710.0,-0.3309027552604675,1.3588632345199585,10.409337997436523,3.5440237522125244,1.6338934898376465,7.427756309509277
3436094043.0,-0.3141860961914062,1.507843852043152,10.35361385345459,3.592998743057251,1.361255764961243,7.626523494720459
3436102376.0,-0.3829756081104278,1.6256251335144043,10.041016578674316,3.6936113834381104,1.516119360923767,7.618404388427734
3436110709.0,-0.2166605293750763,1.3225187063217163,10.10889720916748,3.345974922180176,1.454671025276184,7.633925914764404
3436119042.0,-0.3712641894817352,1.572440505027771,9.747118949890137,2.976463794708252,1.3647135496139526,7.725649356842041
3436127375.0,-0.1598448306322097,1.3721375465393066,9.827340126037598,3.1408302783966064,1.842700958251953,7.8872761726379395
3436135708.0,-0.1196195557713508,1.464822769165039,9.80698013305664,3.116317749023437,1.71355402469635,7.85046911239624
3436144041.0,-0.292118638753891,1.2688499689102173,9.82783317565918,2.754286289215088,2.1340372562408447,8.12728214263916
3436152374.0,-0.6399407982826233,1.32362961769104,9.857210159301758,2.610718250274658,2.370994806289673,8.087836265563965
3436160707.0,-0.7925268411636353,1.4758186340332031,10.111125946044922,2.8055660724639893,2.7075657844543457,8.188525199890137
3436169040.0,-0.6245412826538086,1.6091978549957275,10.37576389312744,2.8466508388519287,1.737067937850952,8.12085247039795
3436177373.0,-0.3440441191196441,1.6010648012161257,10.06596565246582,2.5390493869781494,1.1298054456710815,8.181148529052734
3436185706.0,-0.357437252998352,1.3923885822296145,9.676138877868652,2.573193073272705,1.4137136936187744,8.23391342163086
3436194039.0,-0.6657936573028564,1.4237924814224243,9.46552562713623,2.756463050842285,2.594069004058838,8.366493225097656
3436202372.0,-0.7412765622138977,1.256397366523743,9.960432052612305,2.9587135314941406,2.264055252075196,8.357452392578125
3436210705.0,-0.6434627175331116,1.424126386642456,9.832026481628418,2.815709114074707,1.0323433876037598,8.207377433776855
3436219038.0,-0.5192845463752747,1.1588605642318726,9.650652885437012,2.626470804214477,1.1757572889328003,8.200614929199219
3436227371.0,-0.8011013865470886,1.3651496171951294,9.421653747558594,3.034480094909668,2.340667724609375,8.210119247436523
3436235704.0,-1.1022899150848389,1.3855191469192505,10.12921905517578,3.2528414726257324,2.937709331512451,8.177794456481934
3436244037.0,-1.2656760215759275,1.6865524053573608,10.508502006530762,2.9526169300079346,1.5463955402374268,8.229456901550293
3436252370.0,-0.758694052696228,1.726245641708374,10.118967056274414,2.7280828952789307,0.5900879502296448,8.167778968811035
3436260703.0,-0.3569510579109192,1.544884443283081,9.946274757385254,2.445711374282837,0.5712358951568604,8.168931007385254
3436269036.0,-0.4737134277820587,1.515311360359192,9.460853576660156,2.586205244064331,1.6376334428787231,8.241701126098633
3436277369.0,-0.7277728319168091,1.3710806369781494,9.867122650146484,2.724726915359497,2.158985137939453,8.313983917236328
3436285702.0,-0.9190379977226256,1.3953063488006592,9.834532737731934,2.5996785163879395,1.4157627820968628,8.233555793762207
3436294035.0,-0.789928138256073,1.306363821029663,9.634878158569336,2.5336709022521973,0.8394426107406616,8.247207641601562
3436302368.0,-0.6263244152069092,1.3464711904525757,9.506824493408203,2.507416009902954,1.0854160785675049,8.388726234436035
3436310701.0,-0.6028319597244263,1.2137166261672974,9.712461471557615,2.5012431144714355,1.5440646409988403,8.31677532196045
3436319034.0,-0.8257192373275757,1.5914591550827026,9.891886711120604,2.4847731590271,1.5919631719589231,8.394771575927734
3436327367.0,-1.0039212703704834,1.3713043928146362,10.04008960723877,2.320969820022583,1.1256303787231443,8.271924018859863
3436335700.0,-0.9978353977203368,1.3874202966690063,9.90988826751709,2.356163740158081,0.7964361906051636,8.354377746582031
3436344033.0,-0.6927728056907654,1.4213474988937378,9.779661178588867,2.184727907180786,0.4912938475608825,8.402198791503906
3436352366.0,-0.5044007897377014,1.2905995845794678,9.807186126708984,2.206294775009156,0.264505386352539,8.354761123657227
3436360699.0,-0.4844186007976532,1.386648178100586,9.290120124816896,1.8835042715072632,0.8199500441551208,8.402608871459961
3436369032.0,-0.547081708908081,1.090668797492981,9.634305953979492,1.9415208101272583,1.2942233085632324,8.644689559936523
3436377365.0,-0.7481722831726074,1.2030366659164429,9.763383865356444,2.051405906677246,1.352572679519653,8.701272010803223
3436385698.0,-0.7696649432182312,1.2145766019821167,10.067803382873535,1.967929124832153,0.8020201921463013,8.63633918762207
3436394031.0,-0.6294499039649963,1.5162029266357422,9.986321449279783,2.023767709732056,0.2036715894937515,8.584341049194336
3436402364.0,-0.3891632556915283,1.2770369052886963,9.83142375946045,2.0396487712860107,0.3034134805202484,8.54830265045166
3436410697.0,-0.751866340637207,1.2151364088058472,9.657304763793944,1.9796088933944704,0.6588366031646729,8.569409370422363
3436419030.0,-0.9384270310401917,1.268109679222107,9.513304710388184,2.1511991024017334,1.325933814048767,8.588082313537598
3436427363.0,-0.8557537198066711,1.1958180665969849,9.936607360839844,2.17038369178772,0.7868053317070007,8.579167366027832
3436435696.0,-0.4819812476634979,1.1562578678131104,9.741713523864746,2.017287492752075,0.1312345266342163,8.489569664001465
3436444029.0,-0.4930042922496795,0.9363909959793092,9.50715446472168,2.427473783493042,0.3144275546073913,8.533984184265137
3436452362.0,-0.7654385566711426,1.2109912633895874,9.554570198059082,2.7908377647399902,1.485869288444519,8.652886390686035
3436460695.0,-0.9074105024337769,1.6604796648025513,10.215250015258787,2.707489013671875,1.3461945056915283,8.632445335388184
3436469028.0,-0.8557463884353638,1.906105399131775,10.356621742248535,2.3852105140686035,-0.0443382449448108,8.421051025390625
3436477361.0,-0.3070580661296844,1.6468310356140137,10.10879898071289,2.0667996406555176,-0.2832165956497192,8.400252342224121
3436485694.0,-0.3695610463619232,1.2509833574295044,9.798728942871094,1.8402419090271,0.4024892747402191,8.475045204162598
3436494027.0,-0.57607102394104,1.2822147607803345,9.667794227600098,2.1626739501953125,1.4202966690063477,8.635391235351562
3436502360.0,-0.9325098395347596,1.309839963912964,9.961441040039062,2.302578926086426,0.8151858448982239,8.672430038452148
3436510693.0,-0.8765693306922913,1.2375565767288208,9.817294120788574,2.000868797302246,0.3756199181079864,8.444104194641113
3436519026.0,-0.4955587685108185,0.9884373545646667,9.854410171508787,2.215336561203003,-0.0485645942389965,8.458858489990234
3436527359.0,-0.5990539789199829,1.245373010635376,9.816933631896973,2.246253252029419,0.5495150089263916,8.514825820922852
3436535692.0,-0.9390137791633606,1.4741544723510742,9.857807159423828,2.320124864578247,1.2834397554397583,8.494462013244629
3436544025.0,-0.8099563121795654,1.6991477012634275,10.242292404174805,2.248225450515747,0.5725678205490112,8.526017189025879
3436552358.0,-0.3380353152751922,1.524898886680603,10.287877082824709,1.87126100063324,-0.6687108874320984,8.587979316711426
3436560691.0,-0.3969495594501495,1.3165830373764038,9.747960090637209,1.5903494358062744,-0.2705888152122497,8.574686050415039
3436569024.0,-0.4855406880378723,1.4410405158996582,9.622843742370604,1.928483247756958,1.7604026794433594,8.706522941589355
3436577357.0,-0.6425478458404541,1.3342278003692627,10.216374397277832,1.9189801216125488,1.2856426239013672,8.706547737121582
3436585690.0,-0.7666001319885254,1.2271127700805664,10.009358406066896,1.467810869216919,0.0952977463603019,8.728497505187988
3436594023.0,-0.5516122579574585,1.1024523973464966,9.98911952972412,1.5830494165420532,-0.1333733201026916,8.837845802307129
3436602356.0,-0.6035489439964294,1.016444206237793,9.740047454833984,1.683559775352478,0.8756867051124573,8.80908203125
3436610689.0,-0.4886896908283233,1.1573330163955688,9.98794651031494,2.1006107330322266,1.0736080408096311,8.928265571594238
3436619022.0,-0.6075006127357483,1.087669849395752,9.762776374816896,2.184702157974243,0.2486502379179,8.771352767944336
3436627355.0,-0.6157323122024536,0.95693439245224,9.688194274902344,2.057758331298828,0.2556685209274292,8.978392601013184
3436635688.0,-0.6454964876174927,1.1385351419448853,9.84841251373291,2.221100330352783,0.8610866069793701,8.904956817626953
3436644021.0,-0.5206505060195923,1.1970335245132446,9.70702075958252,2.5122573375701904,1.117305874824524,8.9683256149292
3436652354.0,-0.436678022146225,0.9263149499893188,9.875858306884766,2.98294448852539,0.4201887547969818,8.95026683807373
3436660687.0,-0.3415158689022064,0.7925726175308228,9.533427238464355,2.830718994140625,0.4966984689235687,9.008515357971191
3436669020.0,-0.439045786857605,0.94129478931427,9.563018798828123,3.262753963470459,1.1934311389923096,9.024112701416016
3436677353.0,-0.661616861820221,1.4241331815719604,9.909442901611328,3.726166963577272,1.3880226612091064,9.12416172027588
3436685686.0,-0.8323795199394226,1.4666870832443235,10.066615104675291,3.346640348434448,1.180624008178711,9.167423248291016
3436694019.0,-0.7360784411430359,1.6005219221115112,10.22763729095459,3.2783021926879883,0.5638334155082703,8.952752113342285
3436702352.0,-0.3626095056533813,1.415447473526001,10.03930950164795,3.007124423980713,0.3241353929042816,9.147574424743652
3436710685.0,-0.5416308045387268,1.5078973770141602,9.687169075012209,3.06329607963562,0.8849589824676514,9.25069522857666
3436719018.0,-0.5703445672988892,1.4029203653335571,9.694499969482422,3.2592451572418213,1.608484387397766,9.393956184387209
3436727351.0,-0.6703332662582397,1.145910143852234,9.868980407714844,3.229276180267334,1.0534238815307615,9.364910125732422
3436735684.0,-0.6378508806228638,1.246129274368286,9.896625518798828,3.104279041290283,0.6235913634300232,9.337246894836426
3436744017.0,-0.587081253528595,1.405260682106018,9.726079940795898,3.398125171661377,0.8725104928016663,9.419569969177246
3436752350.0,-0.8241563439369202,1.6689826250076294,9.927228927612305,3.5659756660461426,1.3206061124801636,9.487397193908691
3436760683.0,-0.6642182469367981,1.5510371923446655,10.073407173156738,3.275919914245605,1.101091980934143,9.58549976348877
3436769016.0,-0.641629159450531,1.4780789613723757,9.966808319091797,2.919036865234375,0.3999278545379638,9.391165733337402
3436777349.0,-0.4548708498477936,1.700693130493164,9.948883056640623,3.0385525226593018,0.8138026595115662,9.584834098815918
3436785682.0,-0.4659343361854553,1.5463862419128418,9.857583045959473,3.159990072250366,0.9963040947914124,9.639495849609377
3436794015.0,-0.6891238689422607,1.5374075174331665,9.852313041687012,2.982407093048096,1.157417893409729,9.910137176513672
3436802348.0,-0.6035042405128479,1.4394755363464355,9.733973503112791,2.9134018421173096,0.7006646394729614,9.852221488952637
3436810681.0,-0.7087429761886597,1.650216817855835,9.828649520874023,2.6770336627960205,0.7756888270378113,9.88703155517578
3436819014.0,-0.4828054308891296,1.6776366233825684,9.880427360534668,2.6031110286712646,1.1478891372680664,10.00931453704834
3436827347.0,-0.6924794316291809,1.831753611564636,9.96866226196289,2.635794878005981,0.9968163967132568,9.971482276916504
3436835680.0,-0.6022936105728149,1.528877854347229,9.9852933883667,2.486412525177002,0.9155168533325196,10.248089790344238
3436844013.0,-0.505622148513794,1.539053201675415,9.83746337890625,2.4340827465057373,0.5982333421707153,10.214279174804688
3436852346.0,-0.5009962916374207,1.6892192363739014,9.766222953796388,2.6175832748413086,0.8820648789405823,10.341198921203612
3436860679.0,-0.6498129963874817,1.5900003910064695,9.941817283630373,2.60211181640625,1.4362542629241943,10.330132484436035
3436869012.0,-0.5152818560600281,1.700077772140503,9.872625350952148,2.8295915126800537,1.6796663999557495,10.4199857711792
3436877345.0,-0.4879128038883209,1.4584919214248655,9.927343368530272,2.839632987976074,0.9217413067817688,10.38464069366455
3436885678.0,-0.7310948371887207,1.448073387145996,9.16349983215332,2.8941140174865723,1.0078306198120115,10.438121795654297
3436894011.0,-0.6362941265106201,1.3679826259613037,9.66430950164795,3.452094793319702,1.760889172554016,10.676641464233398
3436902344.0,-0.6094032526016235,1.4313154220581057,9.958922386169434,3.7354133129119873,0.8386740684509277,10.63793659210205
3436910677.0,-0.4074384570121765,1.6654218435287476,9.79441738128662,3.3940017223358154,0.8700771927833557,10.672979354858398
3436919010.0,-0.4352908432483673,1.847876787185669,9.727788925170898,3.5819075107574463,1.4035193920135498,10.605998039245604
3436927343.0,-0.5431466102600098,1.9580488204956048,9.902570724487305,3.769531965255737,1.9652906656265257,10.649157524108888
3436935676.0,-0.6035323143005371,1.7244889736175537,10.290691375732422,3.412264585494995,1.425957441329956,10.685940742492676
3436944009.0,-0.8054623603820801,1.9290876388549805,9.8673677444458,3.0228514671325684,1.1446106433868408,10.788602828979492
3436952342.0,-0.558332085609436,1.94612205028534,9.5901460647583,3.204610109329224,1.4582314491271973,10.796055793762209
3436960675.0,-0.5684743523597717,1.616469144821167,9.782581329345703,3.269977331161499,1.546446681022644,10.97394561767578
3436969008.0,-0.5936723947525024,1.4210073947906494,9.672616958618164,3.3238441944122314,1.4895573854446411,11.048866271972656
3436977341.0,-0.7102714776992798,1.483926773071289,9.933951377868652,3.250689744949341,1.3751643896102903,11.058882713317873
3436985674.0,-0.7732303142547607,1.94568943977356,9.750423431396484,3.459010601043701,1.6455738544464111,11.23449420928955
3436994007.0,-0.7055662274360657,1.8238109350204468,9.92056369781494,3.418104648590088,1.5095367431640625,11.107010841369627
3437002340.0,-0.6693415641784668,1.933489441871643,9.965604782104492,3.035197257995605,1.388765573501587,11.136878967285156
3437010673.0,-0.5741584300994873,1.986456036567688,9.902791023254396,2.864478588104248,1.372705340385437,11.334364891052246
3437019006.0,-0.7266413569450378,2.060707092285156,9.766950607299805,2.8605852127075195,1.720802903175354,11.352909088134766
3437027339.0,-0.572708010673523,1.911740064620972,9.904620170593262,2.8519020080566406,1.7338405847549438,11.324836730957031
3437035672.0,-0.4969286620616913,1.6158174276351929,9.91147804260254,2.526165723800659,0.8596010804176331,11.641223907470703
3437044005.0,-0.5399874448776245,1.830546498298645,9.639619827270508,2.391357898712158,0.9325758814811708,11.483259201049805
3437052338.0,-0.7390763163566589,1.675992131233215,9.537975311279297,2.5231692790985107,1.7287691831588743,11.634461402893066
3437060671.0,-0.8862674832344055,1.662614107131958,9.763370513916016,2.3771419525146484,2.052840232849121,11.587663650512695
3437069004.0,-0.6105756163597107,1.5843884944915771,10.278708457946776,2.4484782218933105,1.0906927585601809,11.750596046447754
3437077337.0,-0.6453141570091248,1.680812954902649,9.760167121887209,2.5509347915649414,0.5323023200035095,11.684921264648438
3437085670.0,-0.4884387254714966,1.773017168045044,9.7562837600708,2.9763357639312744,1.6546156406402588,11.82131576538086
3437094003.0,-0.6405832171440125,1.5535693168640137,9.828749656677246,3.086144208908081,1.603771448135376,11.842756271362305
3437102336.0,-0.8257511258125305,1.7083938121795654,9.612257957458496,3.0366060733795166,1.4569506645202637,11.74288558959961
3437110669.0,-0.7681617140769958,1.583219289779663,9.752243041992188,3.037656307220459,1.0185885429382324,11.912348747253418
3437119002.0,-0.7909412384033203,1.8597546815872192,9.592059135437012,3.111476182937622,1.335718274116516,11.874822616577148
3437127335.0,-0.5834356546401978,1.948349118232727,10.100336074829102,3.4000723361968994,1.3687609434127808,11.987628936767578
3437135668.0,-0.7472711801528931,1.8870813846588133,10.05207347869873,3.336728572845459,0.8573213815689087,12.017677307128906
3437144001.0,-0.6430314779281616,2.0178964138031006,9.95068645477295,3.3900575637817383,1.2094402313232422,12.028151512145996
3437152334.0,-0.6232159733772278,2.263617992401123,10.073882102966309,3.239138126373291,1.0116982460021973,12.065855026245115
3437160667.0,-0.7166635990142822,2.490225315093994,9.877565383911133,3.257272958755493,1.2647157907485962,12.106761932373049
3437169000.0,-0.8293201923370361,2.101757764816284,10.020291328430176,2.831615447998047,1.3419684171676636,12.024078369140623
3437177333.0,-1.0905431509017944,2.0636916160583496,9.937190055847168,2.607900619506836,1.3093101978302002,12.062475204467772
3437185666.0,-0.7540892958641052,2.008157253265381,9.974950790405272,2.557056903839112,0.7588090300559998,12.212857246398926
3437193999.0,-0.811344563961029,1.9264837503433228,9.855579376220703,2.796985149383545,0.1377661675214767,12.210908889770508
3437202332.0,-0.7414373755455017,1.9268654584884644,9.571727752685549,2.7714219093322754,0.8985090255737305,12.226123809814451
3437210665.0,-0.7495341300964355,1.6844449043273926,9.922662734985352,2.6103343963623047,0.9791683554649352,12.200895309448242
3437218998.0,-0.8580438494682312,2.0348715782165527,9.805180549621582,2.747575044631958,0.971996247768402,12.09075164794922
3437227331.0,-0.6269537806510925,1.8756990432739256,9.87943172454834,2.8798983097076416,0.4796905815601349,12.277403831481934
3437235664.0,-0.9118325114250184,2.0588536262512207,9.790974617004396,2.6363329887390137,0.4785123765468597,12.216904640197754
3437243997.0,-0.904625117778778,2.1675024032592773,9.907362937927246,2.368023633956909,1.0582906007766724,12.452656745910645
3437252330.0,-0.8168531060218811,2.0496842861175537,10.074443817138672,2.374683380126953,0.5485674142837524,12.447792053222656
3437260663.0,-0.6183140277862549,2.120206594467163,10.035026550292969,2.201505422592163,0.005596712231636,12.464877128601074
3437268996.0,-0.4998671412467956,1.923186421394348,9.753992080688477,2.094412326812744,-0.1184914708137512,12.603601455688477
3437277329.0,-0.5395309329032898,2.1290946006774902,9.545355796813965,1.907146573066712,0.590318500995636,12.608288764953612
3437285662.0,-0.4435403943061828,1.815072655677796,9.880553245544434,2.0126516819000244,0.818336546421051,12.616562843322754
3437293995.0,-0.5925143361091614,1.8034369945526123,9.780306816101074,2.060678243637085,0.5682135224342346,12.787614822387695
3437302328.0,-0.6773667335510254,1.824982523918152,9.956335067749023,1.88370943069458,0.8878278732299805,12.84376049041748
3437310661.0,-0.931249737739563,1.8939727544784544,9.922975540161133,2.1050164699554443,0.6947478652000427,12.856619834899902
3437318994.0,-0.6867560744285583,1.9509220123291016,9.807438850402832,2.345816135406494,0.6248977780342102,12.714203834533691
3437327327.0,-0.4424377679824829,1.42976176738739,9.847225189208984,2.277682304382324,0.1341033428907394,12.737947463989258
3437335660.0,-0.5159115791320801,1.5513367652893066,9.337484359741213,2.2236359119415283,0.5850932002067566,12.78115940093994
3437343993.0,-0.4850050210952759,1.7022693157196045,9.505285263061523,2.826159715652466,1.3059545755386353,12.902568817138672
3437352326.0,-0.6718406081199646,1.9321188926696773,9.789510726928713,2.984148025512696,1.0663591623306274,12.847729682922363
3437360659.0,-0.7884014844894409,2.143655776977539,9.897273063659668,2.8137366771698,1.0213292837142944,12.805594444274902
3437368992.0,-0.8710567355155945,2.2012267112731934,9.979681015014648,2.816272497177124,0.9750186800956726,12.825342178344728
3437377325.0,-0.9397119879722596,2.3652327060699463,10.061843872070312,2.818936586380005,1.1186631917953491,12.789765357971191
3437385658.0,-0.7313388586044312,2.271278619766236,10.093812942504885,2.547220230102539,0.7858574986457825,12.896933555603027
3437393991.0,-0.7192016839981079,2.17514967918396,10.051239967346191,2.3141822814941406,0.6290984749794006,12.761385917663574
3437402324.0,-0.82865971326828,2.2885043621063232,9.79099941253662,2.0766613483428955,1.1361067295074463,12.690022468566896
3437410657.0,-1.0395183563232422,2.154144525527954,9.917006492614746,2.004506349563598,1.435332417488098,12.740689277648926
3437418990.0,-0.992138922214508,2.075277090072632,9.996292114257812,1.890958428382873,1.20677649974823,12.712872505187988
3437427323.0,-0.8805825710296631,1.937098741531372,9.896449089050291,1.936551809310913,0.2821280062198639,12.6818265914917
3437435656.0,-0.8360796570777893,1.615305781364441,9.668874740600586,1.9957975149154663,0.3962138593196869,12.607853889465332
3437443989.0,-0.716535210609436,1.6242554187774658,9.654476165771484,2.263005256652832,1.0066267251968384,12.597864151000977
3437452322.0,-0.8696678280830383,1.5978013277053833,9.893550872802734,2.445506811141968,1.0091115236282349,12.523813247680664
3437460655.0,-0.968530297279358,1.791530966758728,9.781126022338867,2.4914331436157227,0.7910573482513428,12.51197910308838
3437468988.0,-0.8668653964996338,1.5880941152572632,9.892168045043944,2.5211710929870605,0.4575856029987335,12.488133430480955
3437477321.0,-0.7574802041053772,1.7419712543487549,9.733101844787598,2.447197198867798,0.7843464612960815,12.551426887512209
3437485654.0,-0.5643225312232971,1.7584831714630127,9.913864135742188,2.5618722438812256,1.0882338285446167,12.638540267944336
3437493987.0,-0.6270647644996643,1.8353248834609983,10.009772300720217,2.3797550201416016,1.166382908821106,12.559648513793944
3437502320.0,-0.6375892162322998,1.9526444673538208,10.001334190368652,2.334852933883667,1.4840761423110962,12.711539268493652
3437510653.0,-0.5250580310821533,1.9082581996917725,10.054789543151855,2.1889290809631348,1.063336730003357,12.619791030883787
3437518986.0,-0.7682165503501892,2.081254720687866,9.926812171936035,2.0451560020446777,1.627336502075195,12.687026023864746
3437527319.0,-0.8963479995727539,1.9671049118041992,9.998807907104492,1.9089140892028809,2.138366460800171,12.640974044799805
3437535652.0,-0.9871677756309508,1.7951514720916748,9.970142364501951,1.8327115774154663,1.9363468885421755,12.625246047973633
3437543985.0,-0.8327827453613281,1.4351752996444702,9.77074146270752,1.97253942489624,1.2584658861160278,12.743685722351074
3437552318.0,-0.9350221157073976,1.361216425895691,9.320899963378906,2.329346179962158,1.287896752357483,12.692560195922852
3437560651.0,-1.220027208328247,1.6842427253723145,9.629788398742676,2.4633593559265137,2.6092326641082764,12.790661811828612
3437568984.0,-1.3204145431518557,1.6598130464553833,10.01504898071289,2.5482447147369385,2.550114870071411,12.691020965576172
3437577317.0,-1.3170911073684692,1.899353504180908,10.06943702697754,2.526806592941284,1.2499364614486694,12.517461776733398
3437585650.0,-0.9609697461128236,1.6683530807495115,10.117803573608398,2.706054925918579,0.9700753688812256,12.621429443359377
3437593983.0,-0.909591257572174,1.9380123615264893,9.721794128417969,2.7532362937927246,1.3816449642181396,12.509495735168455
3437602316.0,-1.1715651750564575,2.218909978866577,9.915194511413574,2.833203792572021,2.4613358974456787,12.633031845092772
3437610649.0,-1.367947340011597,2.111448287963867,10.13165283203125,2.885072946548462,1.9623966217041016,12.550044059753418
3437618982.0,-1.441168189048767,2.176360607147217,10.19326400756836,2.4502196311950684,1.3298273086547852,12.587002754211426
3437627315.0,-1.3196461200714111,2.288547992706299,10.105483055114746,2.12207555770874,1.0607495307922363,12.48147201538086
3437635648.0,-1.3373961448669434,2.38270115852356,9.763887405395508,2.1229465007781982,1.1998093128204346,12.388083457946776
3437643981.0,-1.3078744411468506,2.1646361351013184,9.889698028564451,2.0948731899261475,1.4151737689971924,12.495969772338867
3437652314.0,-1.346476912498474,1.6358702182769775,9.910423278808594,1.7583792209625244,0.8128038644790649,12.364338874816896
3437660647.0,-1.401841163635254,1.7972654104232788,9.64261531829834,1.6233150959014893,0.621926486492157,12.432215690612791
3437668980.0,-1.2720009088516235,1.9728848934173584,9.839764595031738,2.114442825317383,0.7767902612686157,12.274279594421388
3437677313.0,-1.1823140382766724,1.897107601165772,9.918877601623535,2.065647602081299,0.4464434087276459,12.248767852783203
3437685646.0,-0.910629391670227,1.874474048614502,10.181642532348633,1.9626013040542605,0.2833318710327148,12.150663375854492
3437693979.0,-0.9841974973678588,1.86063814163208,9.709165573120115,1.7329953908920288,0.3117125034332275,12.309550285339355
3437702312.0,-1.2038028240203855,1.963822364807129,9.745718955993652,1.888755202293396,0.881398618221283,12.22453498840332
3437710645.0,-1.1210256814956665,1.8579225540161133,10.102718353271484,1.8062775135040283,0.8847541809082031,12.298663139343262
3437718978.0,-0.9812231063842772,1.9804478883743288,10.070307731628418,1.4186829328536987,-0.0972316563129425,12.367847442626951
3437727311.0,-0.8242148756980896,2.2211737632751465,9.88361644744873,1.3006268739700315,0.1348717510700225,12.279810905456545
3437735644.0,-0.7207899689674377,1.8735880851745603,9.656654357910156,1.3711429834365845,0.9987375736236572,12.327350616455078
3437743977.0,-0.9140765070915222,1.674968719482422,9.739510536193848,1.3160723447799685,1.236770749092102,12.386418342590332
3437752310.0,-0.6908465027809143,1.238451600074768,9.75373649597168,1.4075663089752195,0.6876013875007629,12.534417152404783
3437760643.0,-0.7920450568199158,1.4488379955291748,9.551102638244627,1.3219635486602783,0.1811310797929763,12.3826265335083
3437768976.0,-0.8608257174491882,1.7943917512893677,9.313227653503418,1.7352238893508911,1.4874061346054075,12.617280006408691
3437777309.0,-0.851658821105957,1.598550796508789,9.650067329406738,1.923104286193848,1.6722639799118042,12.513900756835938
3437785642.0,-0.944541871547699,1.3849444389343262,9.697216987609863,1.8712866306304927,1.1564700603485107,12.511314392089844
3437793975.0,-0.7718872427940369,1.2472631931304932,9.361988067626951,1.99700129032135,0.6125004887580872,12.55928897857666
3437802308.0,-0.8033566474914551,1.3212065696716309,9.141447067260742,2.376988410949707,1.0722248554229736,12.672734260559082
3437810641.0,-0.8457616567611694,1.6231762170791626,9.300862312316896,2.645400047302246,2.0074005126953125,12.76553440093994
3437818974.0,-0.7679711580276489,1.490877628326416,9.742291450500488,2.7093842029571533,1.5433987379074097,12.719173431396484
3437827307.0,-0.9326014518737792,1.6794002056121826,9.524123191833496,2.6577465534210205,1.0972756147384644,12.741714477539062
3437835640.0,-0.8234032988548279,1.8483458757400515,9.447394371032717,2.889734506607056,1.746109962463379,12.60995388031006
3437843973.0,-0.8709603548049927,1.8366081714630127,9.75428581237793,2.9919862747192383,1.958067774772644,12.565794944763184
3437852306.0,-0.928484320640564,1.890519380569458,9.649292945861816,2.810228109359741,1.8986427783966064,12.635159492492676
3437860639.0,-0.8360374569892883,1.7054482698440552,9.58488941192627,2.9181151390075684,1.5242905616760254,12.55716323852539
3437868972.0,-0.8412702083587646,1.6480449438095093,9.284074783325195,3.090242624282837,1.4553114175796509,12.543458938598633
3437877305.0,-0.889055609703064,1.4977285861968994,9.447516441345217,2.961428642272949,2.1326799392700195,12.623016357421877
3437885638.0,-0.9670228958129884,1.676569581031799,9.682413101196287,2.8787970542907715,2.3050127029418945,12.388723373413086
3437893971.0,-1.037757396697998,2.090482950210572,9.734094619750977,3.003641128540039,2.486438512802124,12.245002746582031
3437902304.0,-0.9271867275238036,1.9817874431610107,9.908160209655762,2.9983904361724854,2.3043980598449707,12.12428379058838
3437910637.0,-1.1167820692062378,1.544477462768555,9.820188522338867,2.7599215507507324,2.2694599628448486,12.175792694091797
3437918970.0,-1.202784538269043,1.7917683124542236,9.84614086151123,2.800366163253784,2.902848720550537,12.32376480102539
3437927303.0,-0.935061812400818,1.7690836191177368,10.272757530212402,3.013144016265869,2.64750075340271,12.196694374084473
3437935636.0,-0.9146268367767334,2.0050244331359863,9.993800163269045,2.633924961090088,2.1188225746154785,12.029098510742188
3437943969.0,-0.7630127668380737,2.115248680114746,9.875740051269531,2.432955980300904,2.615482807159424,12.04977035522461
3437952302.0,-0.9352126717567444,1.886963963508606,9.92658233642578,2.2119557857513428,3.160937786102295,12.043853759765623
3437960635.0,-1.3419359922409058,2.183695077896118,10.03481101989746,2.159677267074585,3.676962375640869,12.079458236694336
3437968968.0,-1.546366810798645,2.086759567260742,10.34708023071289,2.033553123474121,3.319362163543701,12.06275749206543
3437977301.0,-1.5956085920333862,2.095963954925537,10.161765098571776,1.8190335035324097,2.462488889694214,12.075332641601562
3437985634.0,-1.389449954032898,1.980275630950928,9.956459045410156,1.558562159538269,2.5407655239105225,11.924386978149414
3437993967.0,-1.2414145469665527,1.6836663484573364,9.96567440032959,1.3440430164337158,2.8862764835357666,12.021568298339844
3438002300.0,-1.3939789533615112,1.8446251153945925,9.810688018798828,1.489173412322998,3.068880319595337,11.89677619934082
3438010633.0,-1.540889024734497,1.8585387468338013,9.85098361968994,1.5331274271011353,3.105867385864258,12.006355285644531
3438018966.0,-1.6146302223205566,1.6242021322250366,9.78698444366455,1.7043585777282717,2.745167016983032,11.908198356628418
3438027299.0,-1.5768616199493408,1.6954275369644165,9.74079132080078,1.6734418869018557,2.60718321800232,11.831405639648438
3438035632.0,-1.6351641416549685,1.807700157165528,9.75275707244873,1.8615275621414185,3.005434036254883,11.965216636657717
3438043965.0,-1.917536735534668,1.870366454124451,9.895697593688965,2.0432348251342773,3.15420150756836,11.996108055114746
3438052298.0,-2.102601766586304,1.9372451305389404,10.195663452148438,1.867290735244751,2.877464771270752,11.810198783874512
3438060631.0,-1.9013077020645144,2.016056537628174,10.223941802978516,1.7895002365112305,1.932145953178405,11.848055839538574
3438068964.0,-1.924044132232666,2.03328275680542,9.876503944396973,1.831686854362488,1.633458137512207,11.867573738098145
3438077297.0,-1.871374249458313,1.8402851819992063,9.731008529663086,1.8492838144302368,2.047743320465088,11.76388931274414
3438085630.0,-2.000250101089477,1.5114173889160156,9.734838485717772,1.7778970003128052,1.941571950912476,11.862784385681152
3438093963.0,-2.162471055984497,1.5686016082763672,9.669872283935549,1.83465838432312,1.820416808128357,11.77951431274414
3438102296.0,-2.040374279022217,1.6976383924484253,9.753181457519531,1.938421368598938,1.618192195892334,11.68361473083496
3438110629.0,-2.049151659011841,1.702298641204834,9.923471450805664,2.17555832862854,1.200987696647644,11.760432243347168
3438118962.0,-2.2651383876800537,1.8943490982055664,9.90107250213623,1.8623729944229128,1.2020121812820437,11.708409309387209
3438127295.0,-2.1955888271331787,1.953900456428528,10.043400764465332,1.8173428773880005,1.030806541442871,11.594400405883787
3438135628.0,-2.353156566619873,1.8756357431411743,9.832813262939451,1.5619944334030151,0.0598476640880107,11.55605411529541
3438143961.0,-2.273319721221924,1.8041833639144893,9.848814010620115,1.3949384689331057,0.2989309430122375,11.619013786315918
3438152294.0,-2.1924843788146973,1.5997769832611084,9.837092399597168,1.343095302581787,0.1293390989303589,11.547910690307615
3438160627.0,-2.1811628341674805,1.693204402923584,9.82965087890625,1.39452862739563,-0.2373415231704712,11.430800437927246
3438168960.0,-1.8869032859802248,1.4942277669906616,10.024799346923828,1.294607639312744,-0.6360527276992798,11.48384952545166
3438177293.0,-1.658794641494751,1.4515674114227295,9.795941352844238,1.4501116275787354,-1.2773563861846924,11.47585678100586
3438185626.0,-1.7242555618286133,1.510779619216919,9.637003898620604,1.3212462663650513,-1.0404247045516968,11.546679496765137
3438193959.0,-1.7956337928771973,1.450387954711914,9.58802318572998,1.4106144905090332,-0.8163002133369446,11.515174865722656
3438202292.0,-1.9620203971862795,1.5118005275726318,9.71342945098877,1.2000141143798828,-0.9548218250274658,11.58071994781494
3438210625.0,-1.95526385307312,1.4492117166519165,9.827159881591797,1.0406936407089231,-1.2450823783874512,11.506978034973145
3438218958.0,-1.6807204484939575,1.4190186262130735,9.77755355834961,1.1882315874099731,-1.555475831031799,11.518580436706545
3438227291.0,-1.5831836462020874,1.2776460647583008,9.614983558654783,1.3691447973251345,-1.6243268251419067,11.443351745605469
3438235624.0,-1.557639718055725,1.1692322492599487,9.619115829467772,1.2787268161773682,-1.2779711484909058,11.620347023010254
3438243957.0,-1.5095292329788208,1.0497031211853027,9.660944938659668,1.585892677307129,-1.363036036491394,11.634589195251465
3438252290.0,-1.4313037395477295,1.4475644826889038,9.603586196899414,1.7072274684906006,-1.5800402164459229,11.668400764465332
3438260623.0,-1.1876416206359863,1.3212310075759888,9.56849193572998,1.8595808744430544,-1.613261580467224,11.51909351348877
3438268956.0,-1.2562971115112305,1.0409294366836548,9.36833953857422,1.902458906173706,-1.5255070924758911,11.618168830871582
3438277289.0,-1.379540205001831,1.166520595550537,9.548747062683104,2.104606866836548,-0.7878940105438232,11.67693042755127
3438285622.0,-1.5192959308624268,1.2318955659866333,9.818803787231444,2.4475302696228027,-1.018729567527771,11.636740684509276
3438293955.0,-1.6407474279403689,1.4714150428771973,9.737751960754396,2.442561149597168,-1.2381155490875244,11.461540222167969
3438302288.0,-1.4734277725219729,1.584733963012695,9.927905082702637,2.3798317909240723,-0.983561098575592,11.511256217956545
3438310621.0,-1.2915682792663574,1.5108723640441897,9.839197158813477,2.30998158454895,-0.9953948259353638,11.38459300994873
3438318954.0,-1.159243941307068,1.6700254678726196,9.797669410705566,2.4435856342315674,-0.7683246731758118,11.327088356018066
3438327287.0,-1.136359453201294,1.556406021118164,9.822250366210938,2.3314976692199707,-0.3854430913925171,11.32529640197754
3438335620.0,-1.2331881523132324,1.5613583326339722,9.869933128356934,2.244152545928955,-0.1309911906719207,11.24614715576172
3438343953.0,-1.249342441558838,1.796248435974121,9.983960151672363,2.1767618656158447,-0.001767382142134,11.282955169677734
3438352286.0,-1.2825661897659302,1.607372522354126,9.90198802947998,2.200045108795166,0.0083630485460162,11.175708770751951
3438360619.0,-1.3635247945785522,1.2416802644729614,9.857219696044922,2.1231768131256104,0.0011654478730633,11.17261028289795
3438368952.0,-1.4924618005752563,1.4016690254211426,9.77981662750244,2.16213607788086,0.1258555501699447,11.001737594604492
3438377285.0,-1.430448055267334,1.555389642715454,9.85172176361084,2.350349187850952,0.2310019582509994,10.866902351379396
3438385618.0,-1.298254370689392,1.7757946252822876,9.84255313873291,2.328295946121216,0.1050055772066116,10.62910270690918
3438393951.0,-1.1312949657440186,1.630725979804993,9.877459526062012,1.9250767230987549,0.480920135974884,10.707199096679688
3438402284.0,-1.1870306730270386,1.5247005224227903,9.793209075927734,1.8905227184295648,1.1161532402038574,10.628077507019045
3438410617.0,-1.332585692405701,1.5731124877929688,10.06544303894043,1.856763243675232,1.2262431383132937,10.627667427062988
3438418950.0,-1.4200739860534668,1.3694921731948853,10.1504545211792,1.9460289478302,1.283081293106079,10.526082038879396
3438427283.0,-1.255031704902649,1.2145514488220217,9.96139907836914,2.029249429702759,0.6577352285385132,10.543293952941896
3438435616.0,-1.1244052648544312,1.1852997541427612,9.930448532104492,1.9711309671401973,0.7830913066864014,10.578923225402832
3438443949.0,-1.1210020780563354,1.1685398817062378,9.828605651855469,1.9266647100448608,1.3186081647872925,10.590885162353516
3438452282.0,-1.390094757080078,1.4100478887557983,9.883756637573242,2.024869680404663,2.1471519470214844,10.518909454345703
3438460615.0,-1.4111121892929075,1.4418737888336182,10.2933349609375,2.0250232219696045,2.1271471977233887,10.488274574279783
3438468948.0,-1.3522143363952637,1.3956842422485352,10.374191284179688,1.811118602752685,1.4011883735656738,10.378235816955566
3438477281.0,-1.2817277908325195,1.54844069480896,10.029356002807615,1.732380747795105,1.6327924728393557,10.49972438812256
3438485614.0,-1.1760709285736084,1.5698078870773315,10.139769554138184,1.7337124347686768,2.2045018672943115,10.609402656555176
3438493947.0,-1.516974687576294,1.3696471452713013,10.019278526306152,1.825564861297608,2.5673277378082275,10.651283264160156
3438502280.0,-1.4787037372589111,1.20024573802948,10.150094032287598,1.907325863838196,2.542097806930542,10.636889457702637
3438510613.0,-1.2988195419311523,1.1085922718048096,10.190892219543455,1.8673417568206787,2.111138105392456,10.759119033813477
3438518946.0,-1.4394320249557495,1.1930603981018066,9.931319236755373,2.1867003440856934,2.2524774074554443,10.679254531860352
3438527279.0,-1.406256914138794,1.491014003753662,9.722225189208984,2.4302401542663574,2.9726476669311523,10.676410675048828
3438535612.0,-1.5526820421218872,1.366214156150818,10.127902030944824,2.2703564167022705,2.6897895336151123,10.689449310302734
3438543945.0,-1.7822946310043335,1.4398043155670166,9.713727951049805,2.143437623977661,2.3586740493774414,10.782299041748049
3438552278.0,-1.6885342597961426,1.4834595918655396,10.012554168701172,2.267052412033081,2.414820671081543,10.8242826461792
3438560611.0,-1.764338493347168,1.609896540641785,9.95179843902588,2.436797380447388,2.418227195739746,10.84428596496582
3438568944.0,-1.7754822969436646,1.6711821556091309,9.925761222839355,2.26482367515564,2.2227649688720703,10.860834121704102
3438577277.0,-1.6138659715652466,1.658954620361328,10.103178024291992,2.1693339347839355,1.958784937858581,10.815214157104492
3438585610.0,-1.698454976081848,1.590509057044983,9.714099884033203,2.0256378650665283,1.8982839584350584,10.760835647583008
3438593943.0,-1.5680196285247805,1.3581269979476929,9.842570304870604,2.075098991394043,2.4764740467071533,10.741291999816896
3438602276.0,-1.5283628702163696,1.1939841508865356,9.717228889465332,2.281447410583496,1.9043290615081787,10.821977615356444
3438610609.0,-1.83850622177124,1.1579190492630005,9.45527458190918,2.434774160385132,1.7740036249160769,10.721056938171388
3438618942.0,-1.924049496650696,1.254676342010498,9.597692489624023,2.53456711769104,2.101378917694092,10.584199905395508
3438627275.0,-2.0522327423095703,1.1967895030975342,9.761706352233888,2.6551589965820312,1.8732590675354004,10.485483169555664
3438635608.0,-1.9988157749176023,1.425763726234436,9.82766819000244,2.6311330795288086,1.280110001564026,10.45615577697754
3438643941.0,-1.64320707321167,1.5089592933654783,9.75554084777832,2.6719110012054443,0.8152116537094116,10.303109169006348
3438652274.0,-1.5212600231170654,1.6979186534881592,9.444432258605955,2.591559171676636,1.075631618499756,10.145583152770996
3438660607.0,-1.8399986028671265,1.8523012399673464,9.824569702148438,2.240541458129883,2.053122043609619,10.243403434753418
3438668940.0,-1.7746050357818604,1.693152666091919,9.879923820495604,2.289285182952881,2.038803577423096,10.126601219177246
3438677273.0,-2.0123379230499268,1.5113402605056765,10.268441200256348,1.910246014595032,0.7894948720932007,10.063488006591797
3438685606.0,-1.8389848470687864,1.46690571308136,9.588807106018066,1.7222628593444824,0.5886279344558716,10.132057189941406
3438693939.0,-1.5752253532409668,1.2022671699523926,9.640096664428713,1.825385808944702,0.6101951599121094,10.072915077209473
3438702272.0,-1.55227792263031,1.2283021211624146,9.667991638183594,2.0633678436279297,0.6276896595954895,10.107903480529783
3438710605.0,-1.5633468627929688,1.1794943809509275,9.681231498718262,1.838833212852478,0.6359630227088928,10.06033706665039
3438718938.0,-1.8385534286499023,1.1003907918930054,9.74329662322998,1.732226848602295,0.829222559928894,10.002986907958984
3438727271.0,-1.9220331907272337,1.3765078783035278,9.63064956665039,1.8707228899002075,1.0763486623764038,9.986721992492676
3438735604.0,-1.685069918632507,1.4123013019561768,10.119067192077637,1.922207355499268,0.5550220608711243,9.81208324432373
3438743937.0,-1.537661910057068,1.2610900402069092,9.935107231140137,1.628745198249817,-0.0483084432780742,9.957494735717772
3438752270.0,-1.5423115491867063,1.407033920288086,9.654643058776855,1.6603277921676636,0.3264406621456146,10.05903148651123
3438760603.0,-1.5387370586395264,1.4268064498901367,9.818164825439451,1.885143756866455,0.6566849946975708,10.114435195922852
3438768936.0,-1.6740686893463137,1.1874265670776367,9.670705795288086,1.971719980239868,0.3069482147693634,10.07993221282959
3438777269.0,-1.6847960948944092,0.9489305019378662,9.74614143371582,1.7246450185775757,0.1819507181644439,10.097298622131348
3438785602.0,-1.5856229066848757,0.8944631218910217,9.537646293640137,1.8966444730758667,0.1590516120195388,10.209463119506836
3438793935.0,-1.5580264329910278,1.2687876224517822,9.59054470062256,2.282087802886963,0.3051296472549438,10.353878021240234
3438802268.0,-1.470792531967163,1.2370823621749878,9.780975341796877,2.38989806175232,0.283690482378006,10.36827278137207
3438810601.0,-1.5869791507720947,1.0346078872680664,9.705829620361328,2.127070188522339,0.2689623236656189,10.261537551879885
3438818934.0,-1.6885896921157837,1.3996531963348389,9.637914657592772,2.2608022689819336,0.3169121742248535,10.345192909240724
3438827267.0,-1.6758944988250732,1.6607128381729126,10.131097793579102,2.496222734451294,0.1647635847330093,10.378876686096191
3438835600.0,-1.544059991836548,1.598014235496521,9.93760871887207,2.195383787155152,-0.1253560930490493,10.319425582885742
3438843933.0,-1.3446130752563477,1.6056392192840576,9.891997337341309,1.885220646858216,-0.112830713391304,10.320501327514648
3438852266.0,-1.2289323806762695,1.581052541732788,9.755720138549805,1.8757691383361816,-0.0395227707922458,10.39222240447998
3438860599.0,-1.4622972011566162,1.4731355905532837,9.659462928771973,1.9055583477020264,0.5456728935241699,10.495651245117188
3438868932.0,-1.725915551185608,1.2974138259887695,9.886737823486328,1.7587631940841677,0.8744572401046753,10.343220710754396
3438877265.0,-1.7122077941894531,1.2065160274505615,9.903700828552246,1.8138850927352903,0.1801577359437942,10.317299842834473
3438885598.0,-1.5857700109481812,1.4720261096954346,9.76461124420166,1.9255889654159544,-0.4259135127067566,10.159157752990724
3438893931.0,-1.392929196357727,1.1639063358306885,9.639182090759276,1.9430065155029297,0.0004226349119562,10.24611759185791
3438902264.0,-1.460658073425293,1.0727368593215942,9.70954418182373,1.991673350334168,0.2987516820430755,10.069917678833008
3438910597.0,-1.6862688064575195,1.3841320276260376,9.811203956604004,2.078813076019287,0.4962630867958069,10.088973999023438
3438918930.0,-1.5654162168502808,1.5004953145980835,9.84358024597168,2.3017849922180176,0.0790327340364456,9.864107131958008
3438927263.0,-1.335026502609253,1.5036360025405884,9.760702133178713,2.1450002193450928,-0.387005478143692,9.801325798034668
3438935596.0,-1.2538114786148071,1.6225090026855469,9.818669319152832,1.660711646080017,0.140327587723732,9.874120712280272
3438943929.0,-1.378143548965454,1.674476146697998,9.883021354675291,1.4975234270095823,0.792773425579071,9.738545417785645
3438952262.0,-1.5458000898361206,1.432363986968994,10.129886627197266,1.6772841215133667,0.8980221748352051,9.833165168762209
3438960595.0,-1.539018988609314,1.099103331565857,10.065718650817873,1.407950520515442,0.0996265709400177,9.778555870056152
3438968928.0,-1.4561985731124878,0.8123969435691833,9.662116050720217,1.3592578172683716,-0.1136759892106056,9.822355270385742
3438977261.0,-1.428949952125549,0.840135931968689,9.532797813415527,1.7035642862319946,0.1236527189612388,9.80890655517578
3438985594.0,-1.2428799867630005,0.7903661131858826,9.761104583740234,2.09702467918396,0.4644501507282257,9.684525489807127
3438993927.0,-1.2881155014038086,0.5778747797012329,9.7398042678833,2.0030457973480225,0.2068221420049667,9.66257381439209
3439002260.0,-1.419548511505127,0.7954200506210327,9.508611679077148,2.0472564697265625,0.6560446619987488,9.556608200073242
3439010593.0,-1.2026946544647217,0.9853695034980774,9.979028701782228,2.4607467651367188,0.8329366445541382,9.60519790649414
3439018926.0,-1.3298113346099854,1.016335129737854,10.052261352539062,2.488692045211792,0.3945232629776001,9.685319900512695
3439027259.0,-1.4659422636032104,1.2571165561676023,9.96582317352295,2.388540506362915,0.8291200995445251,9.93183135986328
3439035592.0,-1.388725757598877,1.444255232810974,10.23759651184082,2.314976215362549,0.8299140334129333,9.774788856506348
3439043925.0,-1.3709516525268557,1.5159969329833984,10.050116539001465,2.3812146186828613,0.0548016615211963,9.811725616455078
3439052258.0,-1.436728596687317,1.3057401180267334,9.83580493927002,1.8387304544448853,0.5035629868507385,9.86922836303711
3439060591.0,-1.3215723037719729,1.050188422203064,9.984278678894045,1.7298959493637085,1.059391975402832,10.014026641845703
3439068924.0,-1.5491337776184082,1.249839425086975,10.013002395629885,1.9482316970825195,1.0933564901351929,10.01254177093506
3439077257.0,-1.5360848903656006,1.2501686811447144,10.015817642211914,2.276503801345825,0.7835010886192322,10.183209419250488
3439085590.0,-1.515642166137695,1.10997474193573,9.98072624206543,1.9168800115585327,0.3315635025501251,9.9660005569458
3439093923.0,-1.71225905418396,1.3449132442474363,9.806992530822754,1.6914745569229126,0.6889077425003052,10.06328296661377
3439102256.0,-1.665245771408081,1.5113989114761353,10.233248710632324,1.7776408195495603,1.108904242515564,10.115331649780272
3439110589.0,-1.6162493228912354,1.5373613834381104,10.430856704711914,2.073664665222168,0.2713188230991363,9.97122573852539
3439118922.0,-1.5543439388275146,1.5842509269714355,10.115516662597656,1.569858193397522,-0.192849576473236,10.11064338684082
3439127255.0,-1.4147417545318604,1.4177275896072388,9.974090576171877,1.2816723585128784,0.0645350739359855,10.164664268493652
3439135588.0,-1.4182851314544678,1.5895463228225708,10.018454551696776,1.4206039905548096,0.5614256858825684,10.015461921691896
3439143921.0,-1.541773796081543,1.6542984247207642,10.137857437133787,1.4044671058654783,0.8340636491775513,9.965129852294922
3439152254.0,-1.444865584373474,1.2954483032226562,10.189445495605469,1.184696912765503,0.3731866180896759,9.918742179870604
3439160587.0,-1.504778504371643,1.362665772438049,9.841897010803224,1.1352611780166626,0.0494995079934597,9.84315299987793
3439168920.0,-1.469369888305664,1.3452584743499756,9.905624389648438,1.2272166013717651,0.5031788945198059,10.076807975769045
3439177253.0,-1.361649751663208,1.1297580003738403,9.81809425354004,1.3647648096084597,0.4937527775764465,9.86687183380127
3439185586.0,-1.39054536819458,1.1225885152816772,9.754995346069336,1.476904034614563,0.2134049981832504,9.77484130859375
3439193919.0,-1.2588975429534912,1.1200836896896362,9.536550521850586,1.5817431211471558,0.1333605200052261,9.594746589660645
3439202252.0,-1.2397518157958984,0.9691485166549684,9.49166202545166,1.919927835464477,0.4381698966026306,9.54277515411377
3439210585.0,-1.2810583114624023,1.1603760719299316,9.547441482543944,2.082603454589844,0.9639275074005128,9.481658935546877
3439218918.0,-1.2535613775253296,1.1445133686065674,9.801925659179688,1.8703645467758176,0.9885943531990052,9.405458450317385
3439227251.0,-1.3660486936569214,1.258642077445984,9.90742015838623,1.8336334228515625,0.6820687651634216,9.349721908569336
3439235584.0,-1.2827672958374023,1.3873505592346191,9.831620216369627,1.786452054977417,0.9980971813201904,9.32649040222168
3439243917.0,-1.1798120737075806,1.1706976890563965,9.967573165893556,1.9190568923950195,0.8624697923660278,9.293524742126465
3439252250.0,-1.3294439315795898,1.1239560842514038,9.66371250152588,1.5451661348342896,0.9125712513923644,9.317370414733888
3439260583.0,-1.424748778343201,1.171827793121338,9.75030517578125,1.4199124574661257,1.396834135055542,9.317447662353516
3439268916.0,-1.217068076133728,0.8757618069648743,9.783172607421877,1.5903751850128174,1.19653058052063,9.274979591369627
3439277249.0,-1.068849802017212,0.6626763343811035,9.742048263549805,1.664784550666809,0.6341444849967957,9.195755004882812
3439285582.0,-1.1224699020385742,0.5491988062858582,9.522093772888184,1.700337290763855,1.0480706691741943,9.434300422668455
3439293915.0,-1.316047191619873,0.6519162654876709,9.55618953704834,1.966392040252685,1.6169883012771606,9.343215942382812
3439302248.0,-1.521526336669922,1.046763300895691,9.788354873657228,2.0510470867156982,1.6503123044967651,9.292165756225586
3439310581.0,-1.5472620725631714,0.91537743806839,10.031150817871094,2.0581679344177246,1.2314940690994265,9.304821014404297
3439318914.0,-1.426734447479248,0.8179691433906555,9.859332084655762,2.004890203475952,0.9272224307060242,9.432915687561035
3439327247.0,-1.269910216331482,1.0615864992141724,9.780367851257324,2.149892568588257,1.281646728515625,9.544644355773926
3439335580.0,-1.1945314407348633,0.8855099678039551,9.669012069702148,2.304295301437378,1.0939199924468994,9.578200340270996
3439343913.0,-1.414570450782776,1.0074739456176758,9.640772819519045,2.378166437149048,1.2692238092422483,9.621540069580078
3439352246.0,-1.4949554204940796,1.1576850414276123,9.804925918579102,2.1765058040618896,1.5020060539245603,9.664802551269531
3439360579.0,-1.5517666339874268,0.9540899395942688,9.910552024841309,2.0174925327301025,1.1852859258651731,9.698485374450684
3439368912.0,-1.6474792957305908,1.0402734279632568,9.800135612487791,2.274301052093506,1.1868997812271118,9.770333290100098
3439377245.0,-1.6432603597640991,0.9671794176101683,9.962504386901855,2.2735838890075684,1.1929446458816528,9.967229843139648
3439385578.0,-1.552850365638733,0.8705431222915649,9.945964813232422,2.375887155532837,0.7224623560905457,9.819025993347168
3439393911.0,-1.6105115413665771,1.265197992324829,9.840924263000488,2.3301143646240234,0.5338647961616516,9.850940704345703
3439402244.0,-1.4624241590499878,1.1952086687088013,9.830924987792969,2.416537046432495,0.9092927575111388,9.985289573669434
3439410577.0,-1.5368313789367676,1.159606695175171,9.816579818725586,2.464307308197021,0.5519483685493469,9.927245140075684
3439418910.0,-1.59117591381073,1.1872212886810305,9.793500900268556,2.228886842727661,0.4671396911144256,9.994279861450195
3439427243.0,-1.5329571962356567,1.0895930528640747,9.887835502624512,2.252554655075073,0.3527720868587494,9.9215087890625
3439435576.0,-1.5805917978286743,1.2248090505599976,9.88204860687256,2.2253007888793945,0.5614768266677856,9.96628189086914
3439443909.0,-1.5728574991226196,1.3526140451431274,9.979451179504396,2.344022989273072,0.6288679838180542,9.927323341369627
3439452242.0,-1.4594703912734983,1.2948631048202517,10.020892143249512,2.2827792167663574,0.1026490479707717,9.921226501464844
3439460575.0,-1.471995830535889,1.2946075201034546,9.96399974822998,2.187033176422119,0.0589767843484878,9.82660675048828
3439468908.0,-1.3651206493377686,1.233261227607727,9.947315216064451,2.174123525619507,0.2972147762775421,9.84502410888672
3439477241.0,-1.3527990579605105,1.3618675470352173,9.955060005187988,2.2261717319488525,0.5517690181732178,9.657885551452637
3439485574.0,-1.4334367513656616,1.5680334568023682,10.002199172973633,2.3953280448913574,0.4660894572734833,9.588266372680664
3439493907.0,-1.2646782398223877,1.3074628114700315,10.098244667053224,2.037343740463257,0.3759273290634155,9.603456497192385
3439502240.0,-1.1980780363082886,1.1741666793823242,9.808321952819824,2.0746891498565674,0.3667062520980835,9.587703704833984
3439510573.0,-1.290184736251831,1.2067567110061646,9.907207489013672,2.1699483394622803,1.0497864484786987,9.467597007751465
3439518906.0,-1.3490946292877195,1.1078351736068726,9.973593711853027,2.40116810798645,1.0677165985107422,9.486577987670898
3439527239.0,-1.2929657697677612,1.2149324417114258,9.916083335876465,2.439358711242676,0.5673424601554871,9.450026512145996
3439535572.0,-1.1371053457260132,1.281302571296692,9.80124855041504,2.1094985008239746,0.3891442418098449,9.545336723327637
3439543905.0,-1.0020543336868286,1.0953222513198853,9.715682983398438,2.2504796981811523,0.8100118041038513,9.453203201293944
3439552238.0,-1.1672567129135132,1.174852967262268,9.767842292785645,2.4772167205810547,1.7113255262374878,9.545746803283691
3439560571.0,-1.1461669206619265,1.248507738113403,9.986231803894045,2.3947901725769043,1.6259020566940308,9.620412826538086
3439568904.0,-0.9869762659072876,1.2335926294326782,9.928754806518556,2.328218698501587,0.7313761115074158,9.557427406311035
3439577237.0,-0.9955390095710754,1.274003505706787,9.444380760192873,2.126685619354248,1.2222472429275513,9.781167030334473
3439585570.0,-1.105174899101257,1.1476233005523682,9.59242820739746,2.40552282333374,2.344022989273072,9.916769981384276
3439593903.0,-1.2888981103897097,1.0230387449264526,9.806981086730955,2.4974265098571777,2.447837352752685,10.058185577392578
3439602236.0,-1.322818160057068,1.1604154109954834,9.842120170593262,2.4255530834198,1.6689341068267822,10.023606300354004
3439610569.0,-1.1090340614318848,1.2460076808929443,9.62952709197998,2.548706531524658,1.280673623085022,10.141535758972168
3439618902.0,-1.12081778049469,1.3445333242416382,9.38190460205078,2.486387014389038,1.934656023979187,10.410919189453123
3439627235.0,-1.137312889099121,1.2815711498260498,9.543556213378906,2.5332353115081787,2.5737316608428955,10.633482933044434
3439635568.0,-1.0380306243896484,1.067594051361084,9.64187240600586,2.561436414718628,2.083705186843872,10.809425354003906
3439643901.0,-1.300199270248413,0.9928942918777466,9.27711582183838,2.607875108718872,1.7627077102661133,11.006961822509766
3439652234.0,-1.109893560409546,1.0682615041732788,9.244474411010742,3.1238481998443604,2.307163953781128,11.258161544799805
3439660567.0,-1.1925779581069946,1.0006619691848757,9.468635559082031,3.105226755142212,2.00179123878479,11.43228816986084
3439668900.0,-1.367120385169983,1.3148882389068604,9.411866188049316,3.1439809799194336,2.164082765579224,11.541531562805176
3439677233.0,-1.2617061138153076,1.1789442300796509,9.621095657348633,3.3362162113189697,2.4317004680633545,11.719013214111328
3439685566.0,-0.9743523001670836,1.1256074905395508,9.487354278564451,3.4236888885498047,1.910322666168213,11.992599487304688
3439693899.0,-1.0491549968719482,1.1674693822860718,9.453112602233888,3.583803176879883,2.211264133453369,12.21879768371582
3439702232.0,-1.0612645149230957,1.2678194046020508,9.42527675628662,3.503221035003662,2.7826921939849854,12.400557518005373
3439710565.0,-1.383291482925415,1.50272536277771,9.687087059020996,4.081257343292236,2.811149835586548,12.520893096923828
3439718898.0,-1.340358853340149,1.600610375404358,9.79990577697754,3.9147655963897705,2.5550076961517334,12.733107566833496
3439727231.0,-1.435678482055664,1.5862092971801758,9.787097930908203,3.532933235168457,2.178734302520752,12.815199851989746
3439735564.0,-1.524689555168152,1.8236408233642576,9.451444625854492,3.5475847721099854,2.3342125415802,12.950980186462402
3439743897.0,-1.2448493242263794,1.9120734930038448,9.80557918548584,3.5597262382507324,2.6770336627960205,13.007513046264648
3439752230.0,-1.14804208278656,1.804759860038757,10.027827262878418,3.573403596878052,2.0919277667999268,13.189451217651367
3439760563.0,-1.2918823957443235,1.8466672897338867,9.66922664642334,3.314085960388184,1.8724908828735352,13.364755630493164
3439768896.0,-1.542690634727478,1.8916704654693604,9.704275131225586,3.1491048336029053,2.4237351417541504,13.486397743225098
3439777229.0,-1.67206609249115,2.021536350250244,9.966320037841797,3.3461296558380127,2.4611828327178955,13.451845169067385
3439785562.0,-1.5713553428649902,2.160650968551636,10.19571304321289,2.861456871032715,1.8245666027069087,13.4239501953125
3439793895.0,-1.4098621606826782,2.200534105300904,10.111339569091797,2.659974813461304,1.3283673524856567,13.379661560058594
3439802228.0,-1.4310885667800903,2.292188882827759,9.83693027496338,2.5056488513946533,1.8725674152374268,13.43173599243164
3439810561.0,-1.4609715938568115,2.362572193145752,10.079262733459473,2.3012471199035645,2.21054744720459,13.548049926757812
3439818894.0,-1.299221754074097,2.08138394355774,10.255459785461426,2.295919895172119,1.536431908607483,13.666620254516602
3439827227.0,-1.4718928337097168,2.007235050201416,9.864957809448242,1.9550708532333367,1.175142765045166,13.580349922180176
3439835560.0,-1.4836375713348389,2.0231850147247314,10.027521133422852,2.0437729358673096,2.0258171558380127,13.82491397857666
3439843893.0,-1.4235363006591797,2.041102170944214,10.217484474182127,2.292717695236206,1.81204092502594,13.81630802154541
3439852226.0,-1.5097163915634155,2.1688125133514404,10.342008590698242,1.9578887224197388,1.1740672588348389,13.85585880279541
3439860559.0,-1.3628199100494385,2.171392679214477,10.205867767333984,1.7879638671875,1.050811529159546,13.853835105895996
3439868892.0,-1.272451400756836,2.2160863876342773,9.91773796081543,1.648237943649292,1.072301745414734,14.103930473327637
3439877225.0,-1.3410770893096924,2.347446918487549,10.180121421813965,1.4693734645843506,1.3312358856201172,14.185894012451172
3439885558.0,-1.3125357627868652,1.9877609014511108,10.174330711364746,1.209389090538025,1.1800349950790403,14.328207015991213
3439893891.0,-1.4324408769607544,2.067075252532959,10.167438507080078,1.052706599235535,1.143970251083374,14.340322494506836
3439902224.0,-1.4801822900772097,2.2561850547790527,10.194668769836426,1.232979655265808,1.2204543352127075,14.49055004119873
3439910557.0,-1.3364943265914917,1.7881613969802856,10.11688995361328,1.066769003868103,0.9265309572219848,14.624307632446287
3439918890.0,-1.1898609399795532,1.584592580795288,9.993979454040527,1.1109281778335571,0.6040734648704529,14.82246208190918
3439927223.0,-1.0428431034088137,1.6904504299163818,9.9342622756958,1.1081359386444092,0.7477180361747742,15.100042343139648
3439935556.0,-1.236492395401001,1.5899454355239868,9.994680404663086,1.632075309753418,1.166972041130066,15.22624397277832
3439943889.0,-1.1922318935394287,1.7084479331970217,10.013296127319336,1.984168648719788,1.0783978700637815,15.375932693481444
3439952222.0,-1.149106740951538,1.7148504257202148,10.099289894104004,1.7723388671875,0.6223106980323792,15.603387832641602
3439960555.0,-1.177666425704956,1.526694416999817,9.601818084716797,2.0545308589935303,0.4493122100830078,15.78227710723877
3439968888.0,-1.219411015510559,1.5705163478851318,9.572279930114746,2.148278951644897,1.149144411087036,16.074766159057617
3439977221.0,-1.1030688285827637,1.447020411491394,10.023923873901367,2.4664340019226074,1.044305682182312,16.238189697265625
3439985554.0,-1.0233731269836426,1.5622437000274658,9.63426685333252,2.546606063842773,0.284305214881897,16.55085563659668
3439993887.0,-0.9501779675483704,1.7895065546035769,9.628050804138184,2.6389966011047363,0.4090466499328613,16.77106475830078
3440002220.0,-0.8920044898986816,1.754710078239441,9.528428077697754,2.7706542015075684,1.0286040306091309,17.042192459106445
3440010553.0,-1.146491289138794,1.858981013298035,9.81992530822754,2.774265766143799,1.1161534786224363,17.128257751464844
3440018886.0,-1.2013204097747805,1.9150296449661253,9.877005577087402,2.761202096939087,1.03493070602417,17.301586151123047
3440027219.0,-1.0200467109680176,1.99741530418396,9.784662246704102,2.9043092727661133,0.1547996550798416,17.482601165771484
3440035552.0,-0.9457931518554688,2.17696475982666,9.738478660583496,2.675240993499756,0.295908510684967,17.624507904052734
3440043885.0,-0.8846904635429382,2.1304988861083984,9.477783203125,2.478818416595459,0.8164027333259583,17.90789031982422
3440052218.0,-1.0260858535766602,2.079461574554444,9.746203422546388,2.437105417251587,0.9382368326187134,18.013561248779297
3440060551.0,-1.2103452682495115,2.105294942855835,9.48099136352539,2.5357203483581543,0.6800452470779419,18.22439193725586
3440068884.0,-1.1170668601989746,2.008875846862793,9.57761573791504,2.334545850753784,0.4803310930728912,18.25318145751953
3440077217.0,-1.1007442474365234,1.96585476398468,9.32704257965088,2.6239612102508545,0.341553121805191,18.35313034057617
3440085550.0,-1.1848552227020264,2.140252590179444,9.394819259643556,2.6110260486602783,0.8329111337661743,18.351207733154297
3440093883.0,-1.1967774629592896,2.042672872543335,9.436606407165527,2.603649377822876,0.7143683433532715,18.50189781188965
3440102216.0,-1.265122413635254,2.0042591094970703,9.531210899353027,2.675599813461304,0.3134286999702453,18.49664688110352
3440110549.0,-1.057797908782959,2.1134743690490723,9.312203407287598,2.408750534057617,0.4182165563106537,18.483198165893555
3440118882.0,-0.7202767133712769,1.9814097881317136,9.472440719604492,2.992678165435791,0.1452711820602417,18.520980834960938
3440127215.0,-0.6981371641159058,1.97456967830658,9.136920928955078,2.8180153369903564,0.2115864902734756,18.67274475097656
3440135548.0,-0.901321291923523,2.018266439437866,9.203265190124512,2.9781808853149414,0.8641092777252197,18.89302635192871
3440143881.0,-1.106045842170715,1.918290972709656,9.103154182434082,3.356605529785156,1.038644790649414,18.90019989013672
3440152214.0,-1.16455078125,1.677979588508606,9.213504791259766,3.619920015335083,0.4774366915225982,18.96722984313965
3440160547.0,-1.2498126029968262,1.6354244947433472,9.392468452453612,3.450622797012329,0.1349870562553405,19.12241554260254
3440168880.0,-1.0568342208862305,2.035743474960327,9.472466468811035,3.494717121124268,0.6450562477111816,19.39926719665528
3440177213.0,-0.630354106426239,2.620626449584961,9.86175537109375,3.929596185684204,0.7295576333999634,19.40264892578125
3440185546.0,-0.2423210591077804,2.4254298210144043,9.841740608215332,3.8889975547790527,0.0018314180197194,19.489404678344727
3440193879.0,-0.3230509757995605,1.9201350212097168,9.569620132446287,3.216111898422241,0.1617411524057388,19.699365615844727
3440202212.0,-0.5632851719856262,2.2609095573425293,9.459141731262209,3.487135887145996,1.6093813180923462,20.006248474121094
3440210545.0,-0.5961824059486389,2.538789749145508,9.8666410446167,3.825294971466065,1.5406326055526731,20.023664474487305
3440218878.0,-0.7743253707885742,2.697782039642334,9.793947219848633,3.6934077739715576,0.6321467757225037,20.172231674194336
3440227211.0,-0.7869352698326111,2.444088220596313,9.737045288085938,2.9253649711608887,0.9072439074516296,20.3305778503418
3440235544.0,-0.6378464698791504,2.7695820331573486,9.751707077026367,2.858511209487915,1.1640522480010986,20.609594345092773
3440243877.0,-0.5538902282714844,3.026619434356689,10.076959609985352,3.1163697242736816,1.444707274436951,20.78666305541992
3440252210.0,-0.6920793652534485,2.800975561141968,10.046892166137695,2.708591222763061,1.3237314224243164,20.9446029663086
3440260543.0,-0.7947747111320496,2.7004637718200684,9.99931812286377,2.58725643157959,1.463815689086914,21.13670921325684
3440268876.0,-0.6191921234130859,2.8628289699554443,9.945578575134276,2.543174743652344,1.329187273979187,21.372541427612305
3440277209.0,-0.5181246995925903,2.7112927436828613,9.95132064819336,2.772498369216919,1.052066683769226,21.4161319732666
3440285542.0,-0.6012052893638611,2.314084768295288,9.597935676574709,2.478523969650269,1.560227632522583,21.539108276367188
3440293875.0,-0.7674031853675842,2.558091878890991,9.805071830749512,2.650677442550659,2.1325523853302,21.765539169311523
3440302208.0,-0.5801526308059692,2.9559125900268555,10.229790687561035,2.855130195617676,1.6942672729492188,21.909337997436523
3440310541.0,-0.6358741521835327,2.863922357559204,10.224404335021973,2.6040079593658447,1.152218222618103,22.14201545715332
3440318874.0,-0.6166884899139404,3.076629400253296,10.003077507019045,2.4202258586883545,1.8191622495651243,22.277490615844727
3440327207.0,-0.6377177834510803,3.0002801418304443,10.324600219726562,2.452320575714112,2.1248936653137207,22.627660751342773
3440335540.0,-0.7062714099884033,3.1100099086761475,10.21255874633789,2.260854005813598,1.6413224935531616,22.637908935546875
3440343873.0,-0.4852948784828186,3.154681205749512,10.11186408996582,2.052431106567383,1.5445774793624878,22.863391876220703
3440352206.0,-0.3452108204364776,2.936006546020508,10.083667755126951,1.9410860538482664,1.5632758140563965,23.110132217407227
3440360539.0,-0.4817270636558532,3.140604257583618,9.938104629516602,1.8760513067245483,1.9976933002471924,23.42793083190918
3440368872.0,-0.8445471525192261,2.833137273788452,10.054665565490724,1.6964701414108276,2.718811750411988,23.66266250610352
3440377205.0,-0.7931836843490601,2.757350444793701,10.178960800170898,1.7758996486663818,2.17358660697937,23.746644973754883
3440385538.0,-0.8626710176467896,2.842487096786499,10.269633293151855,1.5457302331924438,1.6874024868011477,23.97120857238769
3440393871.0,-0.6917238831520081,2.990842580795288,10.02279567718506,1.5883138179779053,2.0194785594940186,24.15087890625
3440402204.0,-0.5490128397941589,2.8200390338897705,10.109837532043455,1.7929844856262207,2.2378525733947754,24.42212104797364
3440410537.0,-0.590010941028595,2.850555181503296,9.954733848571776,1.595345139503479,2.228964805603028,24.690305709838867
3440418870.0,-0.5765281319618225,2.8622608184814453,9.87780475616455,1.5396339893341064,2.0077857971191406,24.82951736450196
3440427203.0,-0.9746773838996888,2.899578332901001,9.657516479492188,1.5284404754638672,2.3439981937408447,24.889707565307617
3440435536.0,-1.1101455688476562,2.9332287311553955,10.016664505004885,1.6957017183303833,2.7279815673828125,25.11455345153809
3440443869.0,-0.9276084303855896,2.854609966278076,10.466524124145508,1.7448170185089111,2.0887396335601807,25.10705947875977
3440452202.0,-1.041068434715271,2.864753484725952,10.037135124206545,1.6377878189086914,1.252267837524414,25.292495727539062
3440460535.0,-0.9535317420959472,3.1215877532958984,9.741185188293455,1.7566381692886353,2.153172254562378,25.48675537109375
3440468868.0,-0.8699668049812317,2.873400449752808,10.151211738586426,1.7700086832046509,2.1998159885406494,25.72248268127441
3440477201.0,-0.9117336869239808,3.0334043502807617,10.169076919555664,1.5007776021957395,1.581231951713562,25.8247127532959
3440485534.0,-0.718618631362915,3.1368517875671387,9.968645095825195,1.6545138359069824,1.645241618156433,25.97770118713379
3440493867.0,-0.6944323182106018,3.085723161697388,9.932257652282717,1.8002333641052246,1.6832785606384275,26.04762840270996
3440502200.0,-0.9486944079399108,3.00756311416626,9.7844877243042,1.4803627729415894,1.981095790863037,26.25671768188477
3440510533.0,-1.1163979768753052,2.8478145599365234,10.088138580322266,1.2406646013259888,2.066647291183472,26.455739974975582
3440518866.0,-1.0691282749176023,2.7252907752990723,9.898423194885254,1.648340940475464,1.451520919799805,26.56662368774414
3440527199.0,-1.118501901626587,2.8143551349639893,9.91244888305664,1.7412950992584229,1.1996817588806152,26.62797164916992
3440535532.0,-0.9010413289070128,2.8503973484039307,9.76759910583496,1.7783079147338867,1.0467394590377808,26.95335578918457
3440543865.0,-0.9130130410194396,3.030758619308472,9.666855812072754,1.5982142686843872,1.014772891998291,26.93465614318848
3440552198.0,-0.9435211420059204,3.2170214653015137,9.785500526428224,1.6430134773254397,1.6281057596206665,27.1695613861084
3440560531.0,-0.8407745957374573,3.016336679458618,9.975831985473633,1.6117767095565796,1.2917267084121704,27.1114559173584
3440568864.0,-1.0373061895370483,3.1000094413757324,9.890247344970703,1.6037466526031494,0.9507370591163636,27.417713165283203
3440577197.0,-0.8791110515594482,3.204953193664551,9.913557052612305,1.584945559501648,1.1110820770263672,27.545679092407227
3440585530.0,-0.7374114990234375,3.135430335998535,9.788898468017578,1.5941413640975952,0.7341172695159912,27.689632415771484
3440593863.0,-0.8133127093315125,3.144039392471313,9.61548137664795,1.8190219402313232,0.70574951171875,27.9100341796875
3440602196.0,-0.9419199228286744,2.7019705772399902,9.379185676574709,1.6412205696105957,0.8475884795188904,28.12794685363769
3440610529.0,-0.9449836611747742,2.59500789642334,9.435985565185549,1.960783839225769,0.8198737502098083,28.25616836547852
3440618862.0,-1.1222888231277466,2.703129291534424,9.400286674499512,2.152250289916992,0.8038648962974548,28.38849258422852
3440627195.0,-1.01340913772583,2.6028285026550293,9.572294235229492,2.4189717769622803,0.6837084889411926,28.65642166137696
3440635528.0,-0.958860158920288,2.840466260910034,9.436495780944824,2.6533422470092773,0.3381209373474121,28.909029006958008
3440643861.0,-0.7891929745674133,3.017039060592652,9.73800563812256,2.653367519378662,0.288582980632782,28.971529006958008
3440652194.0,-0.717898964881897,3.067373275756836,9.697269439697266,2.616111993789673,0.1588083654642105,29.159727096557617
3440660527.0,-0.9163058400154114,3.2976222038269043,9.66399097442627,2.6055843830108643,0.5677143335342407,29.193256378173828
3440668860.0,-0.8122317790985107,3.4455299377441406,10.029718399047852,2.610976219177246,0.7608586549758911,29.513038635253903
3440677193.0,-0.5300642251968384,3.457694292068481,9.962669372558594,2.4119791984558105,-0.0046105659566819,29.58506774902344
3440685526.0,-0.643871009349823,3.596144914627075,9.68877410888672,2.288057565689087,0.061948075890541,29.99294853210449
3440693859.0,-0.6971903443336487,3.461099863052368,9.68786907196045,1.9104005098342896,0.933319330215454,30.122299194335938
3440702192.0,-0.9448030591011048,3.310168743133545,9.721396446228027,1.7220076322555542,0.90404212474823,30.2684268951416
3440710525.0,-0.9977115392684937,3.3259172439575195,9.73440933227539,1.790014147758484,0.7561457753181458,30.203500747680664
3440718858.0,-0.617939293384552,3.1620116233825684,9.806400299072266,1.6761839389801023,0.1490109115839004,30.392553329467773
3440727191.0,-0.5385844111442566,3.211428642272949,9.280207633972168,1.7558058500289917,0.03242764249444,30.596303939819336
3440735524.0,-0.7006799578666687,3.3622546195983887,9.229351043701172,1.733675479888916,1.066500902175903,30.646202087402344
3440743857.0,-0.6687883734703064,3.057873249053955,9.423303604125977,1.7996830940246582,1.0786420106887815,30.74440574645996
3440752190.0,-0.7871387600898743,3.043731212615967,9.487780570983888,1.9999611377716064,0.3991469442844391,30.80552673339844
3440760523.0,-0.8921912312507629,3.104862928390503,9.506237983703612,1.6125839948654177,0.7481027841567993,30.84716033935547
3440768856.0,-0.908291220664978,3.5663061141967773,9.58477783203125,2.1661081314086914,1.2772421836853027,30.83512115478516
3440777189.0,-0.7849680185317993,3.6127769947052,9.993776321411133,2.111114263534546,1.1156418323516846,30.8445987701416
3440785522.0,-0.6736125946044922,3.555475234985352,9.763297080993652,1.7015933990478516,0.5994888544082642,30.728769302368164
3440793855.0,-0.7177969217300415,3.37903356552124,9.399057388305664,1.591580152511597,0.7158544063568115,30.96321487426757
3440802188.0,-0.9005371928215027,3.408412218093872,9.421478271484377,1.7073824405670166,1.484845757484436,31.006610870361328
3440810521.0,-0.6581424474716187,3.364063262939453,9.8306303024292,1.8064581155776973,1.230828881263733,30.95783233642578
3440818854.0,-0.5831858515739441,3.110668420791626,9.601006507873535,1.70305335521698,0.3005448579788208,30.921899795532227
3440827187.0,-0.5957314372062683,3.179842472076416,9.385470390319824,1.6422961950302124,0.89351487159729,30.947359085083008
3440835520.0,-0.6359471678733826,3.079259395599365,9.509448051452637,1.7467000484466553,1.8746434450149536,31.105091094970703
3440843853.0,-0.803708553314209,2.973400115966797,9.629525184631348,1.9049067497253416,1.5860604047775269,31.053497314453125
3440852186.0,-0.5763635635375977,3.149423360824585,9.975790977478027,1.8772047758102417,1.0264530181884766,31.06462287902832
3440860519.0,-0.4457785487174988,3.1148831844329834,9.660967826843262,1.7987228631973269,0.655097484588623,31.07973861694336
3440868852.0,-0.5656132102012634,3.328999757766724,9.51577091217041,1.9648054838180544,1.8250539302825928,31.11141967773437
3440877185.0,-0.6535096764564514,3.278634548187256,9.79788589477539,2.071847915649414,2.445892572402954,31.36966896057129
3440885518.0,-0.6385403275489807,3.077166557312012,10.05828857421875,1.961693525314331,1.7320873737335205,31.30308151245117
3440893851.0,-0.6892960667610168,3.179100275039673,9.722322463989258,1.809083580970764,1.390316128730774,31.322444915771484
3440902184.0,-0.4639519453048706,3.149179458618164,9.75013256072998,1.904061198234558,2.2110483646392822,31.491188049316406
3440910517.0,-0.4730260968208313,3.3177735805511475,9.884634017944336,2.1855239868164062,2.356268405914306,31.48958969116211
3440918850.0,-0.6681998372077942,3.374103546142578,10.022103309631348,2.042314291000366,2.4116463661193848,31.60895538330078
3440927183.0,-0.5917821526527405,3.20985746383667,9.79219913482666,1.8401150703430176,2.1796321868896484,31.57823944091797
3440935516.0,-0.477355420589447,3.1802871227264404,9.705581665039062,2.0408031940460205,2.186445713043213,31.649450302124023
3440943849.0,-0.4140059351921081,3.399202346801758,9.640952110290527,2.0810434818267822,2.6820051670074463,31.756776809692383
3440952182.0,-0.2777019739151001,3.3452188968658447,9.773009300231934,2.285662889480591,2.93078351020813,31.729585647583008
3440960515.0,-0.4786402583122253,3.54692006111145,9.732966423034668,2.111613512039185,2.895153760910034,31.86256980895996
3440968848.0,-0.5889779925346375,3.481952428817749,9.76669216156006,1.813796877861023,3.417659044265747,32.029502868652344
3440977181.0,-0.6462733149528503,3.271004438400269,9.94133472442627,1.7621458768844604,3.407196044921875,32.155643463134766
3440985514.0,-0.7873923778533936,3.322780132293701,9.96259593963623,1.7872732877731323,3.631243705749512,32.173824310302734
3440993847.0,-0.6103548407554626,3.578972339630127,10.012883186340332,1.8128361701965328,3.440852642059326,32.244083404541016
3441002180.0,-0.542505145072937,3.6034672260284415,9.97202205657959,1.821237683296204,3.301229476928711,32.287654876708984
3441010513.0,-0.5751127004623413,3.7227418422698975,9.781821250915527,1.57106351852417,3.8152825832366943,32.35202407836914
3441018846.0,-0.6949684619903564,3.4768872261047363,9.978001594543455,1.4171855449676514,4.346304416656494,32.538124084472656
3441027179.0,-0.8568956255912781,3.360111951828003,10.055005073547363,1.4612421989440918,4.228837013244629,32.61386489868164
3441035512.0,-0.9040533900260924,3.669480562210083,10.059636116027832,1.3496665954589844,3.999256849288941,32.62992858886719
3441043845.0,-0.6080371737480164,3.5147039890289307,10.12342929840088,1.4096804857254028,3.769291639328003,32.68668746948242
3441052178.0,-0.7252804040908813,3.6336452960968018,9.901525497436523,1.3105664253234863,3.806753158569336,32.82666015625
3441060511.0,-1.0007675886154177,3.509310722351074,9.820775032043455,1.217176914215088,4.55819845199585,33.048301696777344
3441068844.0,-1.1785820722579956,3.459017038345337,9.971688270568848,1.3341187238693235,4.398480415344238,33.15366744995117
3441077177.0,-1.2078227996826172,3.356706619262696,9.93492031097412,1.185799241065979,3.7400271892547607,33.05961990356445
3441085510.0,-0.8820633888244629,3.5907444953918457,9.819887161254885,1.1802411079406738,3.62402081489563,33.14881134033203
3441093843.0,-0.8366798162460327,3.4312899112701416,9.635915756225586,1.3676350116729736,3.811081647872925,33.1848258972168
3441102176.0,-1.0373022556304932,3.712667226791382,9.749727249145508,1.4752658605575562,4.464295864105225,33.34088516235352
3441110509.0,-1.2322288751602173,3.688387870788574,10.000336647033691,1.4079900979995728,4.300736427307129,33.30875778198242
3441118842.0,-1.274455189704895,3.570770025253296,10.133755683898926,1.1628103256225586,3.648084878921509,33.417816162109375
3441127175.0,-1.1618032455444336,3.809169769287109,9.822218894958496,1.056485652923584,3.302523374557495,33.49066925048828
3441135508.0,-0.970075786113739,3.632187604904175,10.014007568359377,1.2054582834243774,3.5079240798950195,33.569332122802734
3441143841.0,-1.1040654182434082,3.515601634979248,9.656370162963867,1.1157954931259155,3.4162893295288086,33.56781005859375
3441152174.0,-1.3021259307861328,3.487470388412476,9.79673194885254,0.8899162411689758,3.747545480728149,33.63895034790039
3441160507.0,-1.269600749015808,3.3737869262695312,9.944331169128418,0.9459090828895568,3.295069694519043,33.5879020690918
3441168840.0,-1.3537776470184326,3.509592294692993,9.838505744934082,0.7478468418121338,2.932333707809448,33.690528869628906
3441177173.0,-1.1788057088851929,3.608844995498657,9.991311073303224,0.9564749598503112,2.8450911045074463,33.80937957763672
3441185506.0,-1.0254273414611816,3.41585636138916,9.98158073425293,0.6994743347167969,2.4179608821868896,33.79328155517578
3441193839.0,-1.1768323183059692,3.679325580596924,9.785512924194336,0.7669806480407715,2.5069830417633057,33.886756896972656
3441202172.0,-1.181510090827942,3.735910177230835,9.911172866821287,0.6260508894920349,3.0000574588775635,33.85704803466797
3441210505.0,-1.2094881534576416,3.667271852493286,9.970988273620604,0.3729692697525024,2.398186445236206,33.821380615234375
3441218838.0,-1.1006098985671997,3.7871618270874015,10.018231391906738,0.1531988829374313,2.210177421569824,33.711952209472656
3441227171.0,-0.8452669382095337,3.67984938621521,10.009662628173828,-0.0481548085808754,2.1404173374176025,33.78568649291992
3441235504.0,-0.9170907735824584,3.6432814598083496,9.543516159057615,0.1601787507534027,2.1536598205566406,33.72300338745117
3441243837.0,-0.9591909050941468,3.4698081016540527,9.681469917297363,0.1566824316978454,2.6398825645446777,33.768306732177734
3441252170.0,-0.8215858936309814,2.981083869934082,9.574687957763672,-0.1055179461836814,1.9370783567428589,33.81927490234375
3441260503.0,-0.9433653950691224,3.021144151687622,9.169498443603516,0.2323981821537017,1.5864191055297852,33.67698669433594
3441268836.0,-0.9609490633010864,3.122990369796753,9.13311004638672,0.5477609634399414,2.178493022918701,33.731624603271484
3441277169.0,-0.8925920128822327,3.014598608016968,9.332878112792969,0.7456310391426086,2.0197865962982178,33.61676788330078
3441285502.0,-1.0073693990707395,3.0331740379333496,9.35930633544922,0.7239100933074951,1.6555261611938477,33.60836410522461
3441293835.0,-0.9182341694831848,3.054673433303833,9.441205978393556,0.7453365325927734,1.7349435091018677,33.703617095947266
3441302168.0,-1.0079716444015503,3.0411360263824463,9.41488552093506,0.9845479726791382,1.6195766925811768,33.566165924072266
3441310501.0,-1.0797125101089478,3.29146671295166,9.506878852844238,1.0791802406311035,1.7336757183074951,33.498538970947266
3441318834.0,-0.7878263592720032,3.244699001312256,9.77502727508545,1.065143346786499,1.3101694583892822,33.48900604248047
3441327167.0,-0.7424548268318176,3.3023414611816406,9.492127418518066,0.9768126010894777,0.8360878825187683,33.34468460083008
3441335500.0,-0.7486348152160645,3.179830312728882,9.512002944946287,0.9121108651161194,1.739758849143982,33.52497863769531
3441343833.0,-0.7794508337974548,3.1059608459472656,9.690417289733888,0.996381938457489,1.88250732421875,33.356056213378906
3441352166.0,-1.0470144748687744,2.993792057037353,9.859725952148438,0.9037094712257384,1.5707049369812012,33.152320861816406
3441360499.0,-0.906891703605652,3.006594181060791,9.79952907562256,0.85679692029953,1.3274589776992798,33.21818923950195
3441368832.0,-0.669005811214447,2.9169037342071533,9.897235870361328,1.251486897468567,0.8961917161941528,33.12860870361328
3441377165.0,-0.7377747893333435,3.141248941421509,9.669130325317385,1.1153216361999512,1.1885017156600952,33.08135223388672
3441385498.0,-0.8213387131690979,3.0991287231445312,9.579465866088867,1.1014131307601929,1.5743035078048706,33.08025360107422
3441393831.0,-0.8857482075691223,2.888073444366455,9.60637092590332,1.1609150171279907,1.260708212852478,33.03950119018555
3441402164.0,-0.8929924964904785,2.7975478172302246,9.466714859008787,1.187131404876709,1.015131592750549,33.003143310546875
3441410497.0,-0.7511358857154846,2.772200107574463,9.544756889343262,1.2808536291122437,1.1126705408096311,32.932491302490234
3441418830.0,-0.803340494632721,2.9264237880706787,9.428988456726074,1.6668477058410645,1.2386797666549685,32.8922119140625
3441427163.0,-0.9278138875961304,2.9678049087524414,9.581612586975098,1.717653751373291,1.1856199502944946,32.8656120300293
3441435496.0,-0.7706947326660156,2.78121304512024,9.664156913757324,1.7303327322006226,0.8581674098968506,32.738311767578125
3441443829.0,-0.7324455976486206,2.7529067993164062,9.515628814697266,2.0846164226531982,0.3238410651683807,32.621089935302734
3441452162.0,-0.7234664559364319,2.748288869857788,9.373562812805176,2.1379451751708984,0.7421474456787109,32.52211380004883
3441460495.0,-0.5467692017555237,2.802541494369507,9.719975471496582,2.3470213413238525,1.1340070962905884,32.702911376953125
3441468828.0,-0.6295474767684937,2.972330093383789,9.653470039367676,2.356332778930664,0.7420962452888489,32.59360885620117
3441477161.0,-0.6449724435806274,3.0814015865325928,9.598041534423828,2.423031806945801,0.9547714591026306,32.54709243774414
3441485494.0,-0.5619505047798157,2.95740818977356,9.706097602844238,2.575718641281128,0.9222670197486876,32.64747619628906
3441493827.0,-0.7522077560424805,3.002484083175659,9.695436477661133,2.317795991897583,1.1930482387542725,32.59195709228516
3441502160.0,-0.8504717946052551,3.248249053955078,9.909914016723633,2.354411363601685,1.4310940504074097,32.71127700805664
3441510493.0,-0.6039233207702637,3.0788815021514893,9.947548866271973,2.490807056427002,0.9240856766700744,32.72649002075195
3441518826.0,-0.6542726159095764,3.130778551101685,9.87203884124756,2.3284385204315186,0.4575987160205841,32.65190505981445
3441527159.0,-0.7029692530632019,3.2105906009674072,9.81496238708496,2.0299553871154785,1.1906274557113647,32.762168884277344
3441535492.0,-0.6831188201904297,3.133702039718628,9.941402435302734,2.316758394241333,1.4475641250610352,32.800540924072266
3441543825.0,-0.7380273342132568,3.216673851013184,10.088948249816896,2.380691766738892,0.9574866890907288,32.75874328613281
3441552158.0,-0.6760707497596741,3.044097185134888,9.922686576843262,2.1693739891052246,0.876878559589386,32.77400588989258
3441560491.0,-0.6678153276443481,3.1268539428710938,9.81075954437256,2.297804117202759,1.0607120990753174,32.86009979248047
3441568824.0,-0.6299408674240112,3.4314706325531006,9.96951389312744,2.585823535919189,1.437792420387268,33.017921447753906
3441577157.0,-0.747302770614624,3.4406332969665527,10.071022987365724,2.396611213684082,1.4357690811157229,32.9081916809082
3441585490.0,-0.6643649339675903,3.271424055099488,9.890861511230469,2.492818117141724,0.8323482871055603,32.96218490600586
3441593823.0,-0.6921616792678833,3.4064860343933105,9.868741989135742,2.2135205268859863,1.1476597785949707,32.9477653503418
3441602156.0,-0.7082885503768921,3.422404527664185,9.88935661315918,2.318551778793335,1.5696675777435305,32.89094161987305
3441610489.0,-0.5663920640945435,3.638681411743164,10.131843566894531,2.379948854446411,1.4411605596542358,32.79708480834961
3441618822.0,-0.4901407063007355,3.5606696605682373,9.960650444030762,2.18548583984375,1.0636321306228638,32.95174789428711
3441627155.0,-0.3908093273639679,3.544750928878784,9.825655937194824,1.870097041130066,1.3012555837631226,33.04667282104492
3441635488.0,-0.6881663799285889,3.464503526687622,9.698128700256348,2.0611538887023926,2.2069499492645264,32.97869110107422
3441643821.0,-0.8814526796340942,3.628436088562012,10.120620727539062,1.959093809127808,2.3366479873657227,32.94292068481445
3441652154.0,-0.7554766535758972,3.702223539352417,10.401827812194824,1.8689062595367432,1.6616355180740356,32.89942932128906
3441660487.0,-0.5897089242935181,3.666972160339356,10.092748641967772,1.5937702655792236,0.9021853804588318,33.06278610229492
3441668820.0,-0.5338998436927795,3.733747959136963,9.771614074707031,1.420490026473999,1.6933075189590454,32.942325592041016
3441677153.0,-0.5282958745956421,3.5456557273864746,9.962862968444824,1.4761497974395752,2.4379141330718994,32.95118713378906
3441685486.0,-0.7677294611930847,3.8153655529022217,10.00257682800293,1.4243320226669312,2.4395782947540283,32.696903228759766
3441693819.0,-0.8508210182189941,3.808605432510376,10.116884231567385,1.0395034551620483,2.117223262786865,32.73809814453125
3441702152.0,-0.6348778009414673,3.819726228713989,10.106779098510742,0.9228817224502563,1.7571126222610474,32.731746673583984
3441710485.0,-0.5426275134086609,3.726900339126587,9.787664413452148,0.9216523170471193,1.817920804023743,32.656002044677734
3441718818.0,-0.711271345615387,3.4823927879333496,9.597159385681152,0.7779050469398499,2.202288150787353,32.646114349365234
3441727151.0,-0.8082749843597412,3.142207384109497,9.498082160949709,0.9317699074745178,2.46870231628418,32.64527130126953
3441735484.0,-0.993594527244568,3.103598117828369,9.5966796875,0.9454992413520812,2.23335862159729,32.71110153198242
3441743817.0,-1.131644606590271,3.0963170528411865,9.713542938232422,1.1431899070739746,1.964100956916809,32.49716567993164
3441752150.0,-1.1028993129730225,3.210341691970825,9.55821132659912,1.403763771057129,1.8484786748886108,32.52708053588867
3441760483.0,-0.9244949221611024,3.1599583625793457,9.55424976348877,1.438240647315979,1.5087822675704956,32.55516052246094
3441768816.0,-0.7630831599235535,3.125300407409668,9.603519439697266,1.5390583276748655,1.2063546180725098,32.468196868896484
3441777149.0,-0.7651605606079102,3.304654359817505,9.380825996398926,1.534191608428955,1.5710760354995728,32.45725631713867
3441785482.0,-0.8521683216094971,3.4206275939941406,9.897127151489258,1.8070859909057613,1.9519344568252563,32.44353103637695
3441793815.0,-0.7606949806213379,3.454949378967285,9.972147941589355,1.584689974784851,1.880406618118286,32.43032455444336
3441802148.0,-0.6755163073539734,3.4712367057800293,9.94110870361328,1.576301336288452,1.0350720882415771,32.400367736816406
3441810481.0,-0.4923751056194305,3.4264981746673584,9.754940032958984,1.3422126770019531,1.070880889892578,32.537994384765625
3441818814.0,-0.4892065227031708,3.334709882736206,9.796107292175291,1.1388483047485352,1.83197033405304,32.58539962768555
3441827147.0,-0.5403384566307068,3.148813247680664,9.90607452392578,1.071610927581787,2.2181053161621094,32.67543029785156
3441835480.0,-0.7184920310974121,3.296588659286499,9.712782859802246,1.1796644926071167,1.8496054410934448,32.42390823364258
3441843813.0,-0.5647069811820984,3.328176259994507,9.763467788696287,1.1164743900299072,1.5625722408294678,32.596553802490234
3441852146.0,-0.4037353098392486,3.309622049331665,9.704913139343262,0.9397359490394592,1.556604027748108,32.68966293334961
3441860479.0,-0.7024539113044739,3.390369176864624,9.478759765625,0.945883333683014,2.44313907623291,32.765960693359375
3441868812.0,-0.818750262260437,3.2977874279022217,9.81919765472412,0.9603298306465148,2.9216134548187256,32.95594787597656
3441877145.0,-0.6985292434692383,3.1970903873443604,9.94583225250244,0.952568531036377,1.7317798137664795,32.84347152709961
3441885478.0,-0.7691276669502258,3.3050472736358643,9.592286109924316,0.5606961846351624,1.6557570695877075,32.941680908203125
3441893811.0,-0.7026905417442322,3.410452127456665,9.562453269958496,0.8149816989898682,2.682107448577881,32.96846008300781
3441902144.0,-0.6385636329650879,3.543213129043579,9.996750831604004,1.0502103567123413,2.4211366176605225,32.9505729675293
3441910477.0,-0.8779072761535645,3.388885498046875,9.977614402770996,0.6835933923721313,1.846583127975464,32.99526596069336
3441918810.0,-0.978866159915924,3.286528825759888,9.6862211227417,0.4094695150852203,2.24455189704895,33.08916473388672
3441927143.0,-0.9115581512451172,3.3360726833343506,9.70774269104004,0.8298507928848267,2.1824374198913574,33.0450325012207
3441935476.0,-1.0228941440582275,3.349796772003174,9.961942672729492,0.7968083620071411,2.1073617935180664,33.01642227172852
3441943809.0,-0.900837779045105,3.116287469863892,9.858973503112791,0.6406894326210022,1.883928656578064,33.05012893676758
3441952142.0,-0.8800531625747681,3.398810148239136,9.829137802124023,0.8105760216712952,1.6233420372009275,33.07575607299805
3441960475.0,-0.9605579972267152,3.6479570865631104,9.675355911254885,0.7096046805381775,1.9114259481430047,33.13408660888672
3441968808.0,-0.964041829109192,3.414719581604004,9.960885047912598,0.6524208784103394,1.7395925521850586,33.002105712890625
3441977141.0,-0.9338368773460388,3.4529268741607666,9.82162094116211,0.446661502122879,1.3703374862670898,33.02987289428711
3441985474.0,-1.0137662887573242,3.547578811645508,9.937076568603516,0.4453551769256592,1.5993800163269043,32.97308349609375
3441993807.0,-0.5691210031509399,3.5331881046295166,10.04707145690918,0.6576972603797913,1.2213901281356812,32.920799255371094
3442002140.0,-0.7191359400749207,3.595850944519043,9.839313507080078,0.5897682905197144,1.043447971343994,32.79487991333008
3442010473.0,-0.9549094438552856,3.457979202270508,9.786097526550291,0.1009458005428314,1.970966100692749,32.98210144042969
3442018806.0,-0.8421149849891663,3.3895981311798096,10.025134086608888,0.201609805226326,1.8282431364059448,32.78020095825195
3442027139.0,-0.8322364687919617,3.397913217544556,10.054636001586914,0.3755562603473663,1.0707015991210938,32.76058578491211
3442035472.0,-0.5909523367881775,3.2748639583587646,9.83688735961914,0.300506442785263,1.2090696096420288,32.544677734375
3442043805.0,-0.5578245520591736,3.1700758934021,9.430604934692385,0.3680000603199005,1.3687747716903689,32.710689544677734
3442052138.0,-0.6958977580070496,3.380390882492065,9.679855346679688,0.5874373912811279,1.838258624076844,32.70576858520508
3442060471.0,-0.6532935500144958,3.27337908744812,9.785595893859863,0.4575474858283996,1.519770860671997,32.62429428100586
3442068804.0,-0.7673905491828918,3.2198169231414795,9.605768203735352,0.5039861798286438,1.1011056900024414,32.62495803833008
3442077137.0,-0.6946079730987549,3.3687191009521484,9.589826583862305,0.6916362047195435,1.695125937461853,32.56853103637695
3442085470.0,-0.55179762840271,3.137543201446533,9.873879432678224,0.7651491165161133,1.483091115951538,32.483001708984375
3442093803.0,-0.5978876352310181,3.288801431655884,9.67912483215332,0.6637422442436218,1.3619102239608765,32.56278991699219
3442102136.0,-0.5198068022727966,3.334225416183472,9.784464836120604,0.7896106839179993,1.596562147140503,32.495243072509766
3442110469.0,-0.5234501361846924,3.049866914749145,9.827438354492188,0.8594352006912231,1.6850850582122805,32.448448181152344
3442118802.0,-0.6836465001106262,3.016690969467163,9.677637100219728,1.0400158166885376,1.7657959461212158,32.62078094482422
3442127135.0,-0.4571436643600464,2.8082566261291504,10.041658401489258,1.0711628198623655,1.5051194429397583,32.583614349365234
3442135468.0,-0.5661399960517883,3.161825180053711,9.69113063812256,1.1148606538772583,1.0492112636566162,32.68000411987305
3442143801.0,-0.6194988489151001,3.403727531433105,9.508920669555664,1.2100175619125366,1.8397694826126096,32.74045181274414
3442152134.0,-0.5145639181137085,3.123844623565674,9.92719841003418,1.157969355583191,1.6470224857330322,32.73292541503906
3442160467.0,-0.668973982334137,3.2085559368133545,9.720500946044922,0.8310802578926086,1.1428056955337524,32.95028305053711
3442168800.0,-0.6389278173446655,3.301420450210572,9.839494705200195,0.942015528678894,1.391750693321228,33.12907028198242
3442177133.0,-0.5945454835891724,3.2821285724639893,9.848154067993164,1.1586097478866575,1.2506674528121948,33.112884521484375
3442185466.0,-0.761931836605072,3.430794715881348,9.699299812316896,1.0337657928466797,1.2551242113113403,33.19717788696289
3442193799.0,-0.4878421127796173,2.9255247116088867,10.005547523498535,0.8543380498886108,1.093600869178772,33.420310974121094
3442202132.0,-0.5284932851791382,2.9398772716522217,9.601900100708008,0.9072058796882628,0.6508840322494507,33.41093444824219
3442210465.0,-0.4495348334312439,2.966820001602173,9.66432285308838,1.3817358016967771,1.2515640258789062,33.441951751708984
3442218798.0,-0.3425380289554596,2.8369219303131104,9.842843055725098,1.5564758777618408,1.095880389213562,33.57683181762695
3442227131.0,-0.5468575358390808,3.238334894180298,9.700709342956545,1.7142343521118164,0.9174771308898926,33.68756866455078
3442235464.0,-0.3596536219120025,3.31164026260376,9.817615509033203,1.924143552780152,1.0591241121292114,33.84169387817383
3442243797.0,-0.4211790859699249,3.174128532409668,9.73423194885254,1.9964781999588013,1.1132982969284058,33.85731887817383
3442252130.0,-0.3950726687908172,3.2799770832061768,9.650035858154297,2.000883340835572,1.3783801794052124,33.93107986450195
3442260463.0,-0.2702899575233459,3.263230562210083,9.885188102722168,2.3375701904296875,1.1583153009414673,34.04128646850586
3442268796.0,-0.3287940323352813,3.706265449523926,9.614625930786133,2.2305023670196533,0.7722059488296509,34.183292388916016
3442277129.0,-0.2900241315364837,3.5863192081451416,9.58304214477539,2.0659055709838867,1.283543586730957,34.29182434082031
3442285462.0,-0.4517326354980469,3.3300256729125977,9.691801071166992,1.9074689149856567,1.3940563201904297,34.29209518432617
3442293795.0,-0.4983473718166351,3.481062412261963,9.835282325744627,2.059617042541504,1.7749913930892944,34.405330657958984
3442302128.0,-0.1294695287942886,3.3661203384399414,10.145390510559082,1.98887038230896,0.9113553762435912,34.43996047973633
3442310461.0,-0.217863529920578,3.749331474304199,9.6256103515625,2.07490873336792,0.8260342478752136,34.48778533935547
3442318794.0,-0.0936057865619659,3.538768768310547,9.723265647888184,1.9015008211135864,1.835466980934143,34.60715103149414
3442327127.0,-0.1798152476549148,3.488122701644897,10.0066499710083,1.975474238395691,1.9356698989868164,34.58575820922852
3442335460.0,-0.3498294949531555,3.583989381790161,9.856820106506348,1.911105990409851,1.728219985961914,34.66790771484375
3442343793.0,-0.0772565603256225,3.444087743759156,9.796724319458008,1.9803154468536377,1.3880624771118164,34.652130126953125
3442352126.0,-0.273289144039154,3.5601894855499268,9.4989652633667,1.9384491443634035,1.829947113990784,34.591590881347656
3442360459.0,-0.2831028997898102,3.767780780792236,9.639012336730955,1.8812906742095947,2.436044454574585,34.67371368408203
3442368792.0,-0.4677852988243103,3.6918282508850098,9.892712593078612,1.929778218269348,2.1252918243408203,34.65857696533203
3442377125.0,-0.594254732131958,3.685479164123535,9.696505546569824,1.737082600593567,1.9015518426895144,34.672027587890625
3442385458.0,-0.4080311357975006,3.7055177688598633,9.910232543945312,1.6444356441497805,1.7864923477172852,34.64969253540039
3442393791.0,-0.5175073742866516,3.8611207008361816,9.65907096862793,1.7175134420394895,1.7690749168395996,34.61793518066406
3442402124.0,-0.5272663831710815,3.841021776199341,9.72658348083496,1.9159468412399288,2.131209135055542,34.58522415161133
3442410457.0,-0.4162448346614837,3.459678173065185,10.034714698791504,1.7390546798706057,1.9330313205719,34.48819351196289
3442418790.0,-0.6498965620994568,3.775432109832764,9.616350173950195,1.783111333847046,1.7991713285446167,34.439605712890625
3442427123.0,-0.4665997326374054,3.869952440261841,9.883967399597168,1.9387688636779783,2.095681667327881,34.35258865356445
3442435456.0,-0.4387507438659668,3.9101040363311768,9.864457130432127,1.933749079704285,1.5583207607269287,34.294734954833984
3442443789.0,-0.555129885673523,3.870168447494507,9.947705268859863,1.486600399017334,1.9474775791168213,34.41583251953125
3442452122.0,-0.3371282815933227,3.805019855499268,10.174654006958008,1.4934139251708984,1.8112868070602417,34.31983184814453
3442460455.0,-0.6829137802124023,3.903565645217896,9.654013633728027,1.4746898412704468,1.6442817449569702,34.32684326171875
3442468788.0,-0.5551117658615112,3.60128140449524,9.946885108947754,1.451713800430298,2.1201436519622803,34.39616012573242
3442477121.0,-0.5292779803276062,3.74187445640564,9.95291519165039,1.104410171508789,1.2970038652420044,34.32121658325195
3442485454.0,-0.4938948452472687,3.812650203704834,9.85415744781494,1.1989779472351074,1.3239243030548096,34.453304290771484
3442493787.0,-0.2740146517753601,3.4373321533203125,9.859552383422852,1.2754110097885132,1.5035316944122314,34.522491455078125
3442502120.0,-0.5802797079086304,3.352518081665039,9.557381629943848,1.2759745121002195,1.7295775413513184,34.6111946105957
3442510453.0,-0.4348047971725464,3.1837708950042725,9.81794261932373,1.3729498386383057,1.928471922874451,34.76651382446289
3442518786.0,-0.3443129062652588,3.391493797302246,9.776662826538086,1.6841890811920166,1.1440612077713013,34.692344665527344
3442527119.0,-0.3559614717960357,3.582339286804199,9.579585075378418,1.7132867574691772,1.3998448848724363,34.752811431884766
3442535452.0,-0.2095151096582412,3.375483274459839,9.8474702835083,1.855240821838379,1.8358763456344604,34.85880279541016
3442543785.0,-0.5263464450836182,3.508392572402954,9.685661315917969,1.7290136814117432,1.8393598794937127,35.10490417480469
3442552118.0,-0.3754167854785919,3.504307746887207,9.930519104003906,1.9686095714569087,1.8340834379196167,35.069915771484375
3442560451.0,-0.0106335300952196,3.5646793842315674,9.925207138061523,2.0701446533203125,0.8207065463066101,35.17230224609375
3442568784.0,-0.1230029091238975,3.8905203342437744,9.4912691116333,1.9489381313323968,1.2737973928451538,35.29642868041992
3442577117.0,-0.0251917019486427,3.712525367736816,9.756304740905762,1.9535483121871948,2.278414011001587,35.475135803222656
3442585450.0,-0.4887661933898926,3.976386070251465,9.847126960754396,1.846839189529419,2.2540037631988525,35.459739685058594
3442593783.0,-0.4953176081180572,3.751885652542114,10.047333717346191,1.6937942504882812,2.1188883781433105,35.66301727294922
3442602116.0,-0.2750957012176513,3.749321937561035,10.00143337249756,1.5420811176300049,1.330737829208374,35.663970947265625
3442610449.0,-0.2630846202373504,3.960134983062744,9.665827751159668,1.509166598320007,1.7132357358932495,35.80295181274414
3442618782.0,-0.1637283116579055,3.585834264755249,9.776249885559082,1.3680577278137207,2.3746469020843506,35.86790466308594
3442627115.0,-0.3085741996765136,3.748812913894653,9.831316947937012,1.550124168395996,2.05679988861084,35.85771560668945
3442635448.0,-0.441204309463501,3.6067941188812256,9.810603141784668,1.420233964920044,2.183257341384888,35.97292709350586
3442643781.0,-0.4712070524692535,3.588010311126709,9.76623821258545,1.4253312349319458,2.002804756164551,35.947853088378906
3442652114.0,-0.570356547832489,3.847304821014404,9.715106010437012,1.4952069520950315,2.184563636779785,35.922264099121094
3442660447.0,-0.2118111252784729,3.850999355316162,10.000657081604004,1.4900329113006592,2.0728600025177,36.07428359985352
3442668780.0,-0.2732128798961639,3.908593416213989,9.806220054626465,1.4193888902664185,1.3584269285202026,35.90031051635742
3442677113.0,-0.2734393179416656,3.783505916595459,9.387298583984377,1.3824020624160769,2.089893817901612,36.17659378051758
3442685446.0,-0.38106369972229,3.6003410816192627,9.77057933807373,1.459603190422058,2.295627355575561,36.22888946533203
3442693779.0,-0.7340031266212463,3.9186296463012695,9.71313762664795,1.414419651031494,2.221396923065185,36.21208953857422
3442702112.0,-0.4474157094955444,3.8636765480041504,10.066762924194336,1.357043743133545,1.6200767755508425,36.18804168701172
3442710445.0,-0.449068546295166,3.951540946960449,9.757718086242676,1.3834774494171145,1.28598952293396,36.00827407836914
3442718778.0,-0.364310473203659,3.794021844863892,9.617295265197754,1.0782324075698853,2.1229357719421387,36.158016204833984
3442727111.0,-0.1811946928501129,3.738436460494995,9.787383079528809,1.258582592010498,1.893970012664795,36.03335571289063
3442735444.0,-0.5471829175949097,3.9545819759368896,9.570042610168455,1.2711588144302368,1.71374773979187,35.99938201904297
3442743777.0,-0.4246315062046051,3.784899234771729,9.597786903381348,1.1116589307785034,1.897197127342224,35.87874221801758
3442752110.0,-0.3822965919971466,3.756366729736328,9.689560890197754,1.1970826387405396,1.675966739654541,35.90653610229492
3442760443.0,-0.4151258766651153,3.624102115631104,9.59151554107666,1.251231074333191,1.7403355836868286,35.91913986206055
3442768776.0,-0.2735616564750671,3.5453338623046875,9.610799789428713,1.585292100906372,1.6314233541488647,35.83657455444336
3442777109.0,-0.5642978549003601,3.789340496063232,9.594544410705566,1.629502534866333,1.6264288425445557,35.98366165161133
3442785442.0,-0.5499374866485596,3.774845838546753,9.771650314331056,1.6002767086029053,1.892663598060608,35.936500549316406
3442793775.0,-0.4969913065433502,3.8938651084899902,10.07980728149414,1.4921075105667114,1.363344669342041,35.92569351196289
3442802108.0,-0.3749063313007355,4.17233419418335,9.940667152404783,1.4569393396377563,1.2865532636642456,36.01045227050781
3442810441.0,-0.0801310539245605,4.044703006744385,9.986169815063477,1.3909059762954712,1.090860366821289,36.05318069458008
3442818774.0,-0.3016088902950287,4.121492385864258,9.700692176818848,0.8803109526634216,1.4120887517929075,35.98343276977539
3442827107.0,-0.3338267803192138,3.91928505897522,9.833623886108398,0.9141987562179564,2.1829757690429688,36.10274505615234
3442835440.0,-0.3148930966854095,3.645152091979981,10.090121269226074,0.9184762239456176,1.6201534271240234,36.11644744873047
3442843773.0,-0.4136046171188354,3.887959718704224,9.849600791931152,0.927851140499115,1.3013328313827517,36.09065246582031
3442852106.0,-0.0827439725399017,3.776777029037476,9.926621437072754,0.9323336482048036,1.4318885803222656,36.310089111328125
3442860439.0,-0.3148928582668304,4.065556526184082,9.845726013183594,0.8718326687812805,1.720484495162964,36.30775451660156
3442868772.0,-0.2264139056205749,3.851435661315918,9.773841857910156,0.971779465675354,1.903421401977539,36.35540008544922
3442877105.0,-0.0531524419784545,3.638932943344116,9.958199501037598,1.0218297243118286,1.1961604356765747,36.34884262084961
3442885438.0,-0.1743821501731872,3.752795934677124,9.403441429138184,1.1306135654449463,1.5669527053833008,36.59502029418945
3442893771.0,-0.1478503197431564,3.760973453521729,9.8408784866333,1.1264896392822266,2.1680424213409424,36.58528900146485
3442902104.0,-0.5036959052085876,3.9930691719055176,9.673543930053713,1.331634521484375,2.2298500537872314,36.53600692749024
3442910437.0,-0.3398655951023102,3.916592121124268,10.126380920410156,1.1942651271820068,2.3007497787475586,36.735233306884766
3442918770.0,-0.0092696705833077,3.84004282951355,10.06219482421875,1.0799485445022583,1.2992066144943235,36.63351440429688
3442927103.0,-0.0714775845408439,3.882575273513794,9.500483512878418,1.2152177095413208,1.4842956066131592,36.84958267211914
3442935436.0,-0.0586544312536716,3.992899417877197,9.678797721862791,1.191293716430664,2.610631227493286,36.96481323242188
3442943769.0,-0.595190167427063,4.2911577224731445,9.912923812866213,1.0471751689910889,2.861920118331909,36.8531494140625
3442952102.0,-0.4719923436641693,4.445797443389893,10.272249221801758,0.8409932255744934,2.4171159267425537,36.89840316772461
3442960435.0,-0.0743706002831459,4.204006671905518,10.182193756103516,0.5079821348190308,1.3889591693878174,36.94312286376953
3442968768.0,-0.2472672909498214,4.11171817779541,9.525954246520996,0.3024020195007324,1.768383264541626,37.14888000488281
3442977101.0,-0.1427754163742065,3.825675487518311,9.677290916442873,0.5230689644813538,2.8853702545166016,37.23410415649414
3442985434.0,-0.3964758217334747,3.881731986999512,9.9417085647583,0.4107247591018677,2.1212968826293945,37.257720947265625
3442993767.0,-0.4532347619533539,3.798147439956665,9.755026817321776,0.4341361224651336,1.929547905921936,37.336551666259766
3443002100.0,-0.2693800628185272,3.624074459075928,9.787849426269531,0.5677914023399353,1.8540117740631104,37.41557693481445
3443010433.0,-0.3697586059570312,3.837628364562988,9.550951957702637,0.4656161367893219,2.19396448135376,37.410762786865234
3443018766.0,-0.0191042423248291,3.716750383377075,9.66799545288086,0.8143031001091003,2.219501495361328,37.35594940185547
3443027099.0,-0.0554965026676654,3.609102725982666,9.570146560668944,0.8936559557914734,1.7609806060791016,37.368160247802734
3443035432.0,-0.1562414169311523,3.708305358886719,9.370331764221191,1.0841494798660278,2.57966423034668,37.51555633544922
3443043765.0,-0.1998943090438842,3.70809817314148,9.692522048950195,1.2546634674072266,2.88329553604126,37.45888900756836
3443052098.0,-0.3560711741447449,3.944453716278076,9.646611213684082,1.3699533939361572,2.497237205505371,37.38315200805664
3443060431.0,0.0135021740570664,3.606688737869263,9.801488876342772,1.489264726638794,2.105902671813965,37.35372161865234
3443068764.0,0.0539834722876548,3.4953291416168213,9.509685516357422,1.450254201889038,1.8575209379196167,37.433536529541016
3443077097.0,-0.1104745790362358,3.702986478805542,9.233026504516602,1.854293704032898,3.259005546569824,37.39424133300781
3443085430.0,-0.0628800243139267,3.4829890727996826,9.784296035766602,2.253824710845948,3.394172191619873,37.49101257324219
3443093763.0,-0.3799351751804352,3.690387010574341,9.440644264221191,2.1603074073791504,2.643085241317749,37.48033142089844
3443102096.0,-0.1021183431148529,3.4633500576019287,9.61258029937744,2.210306167602539,2.676460266113281,37.680763244628906
3443110429.0,-0.1396025419235229,3.662954568862915,9.540826797485352,2.313659906387329,2.737704277038574,37.69134140014648
3443118762.0,-0.4436055421829223,3.912063598632813,9.57118797302246,2.512580633163452,3.469401597976685,37.775978088378906
3443127095.0,-0.2679800689220428,3.854657649993897,10.033499717712402,2.616549015045166,3.066694021224976,37.813575744628906
3443135428.0,-0.4959999024868011,3.934136152267456,9.706002235412598,2.232309103012085,2.474492073059082,37.854278564453125
3443143761.0,-0.3020634949207306,3.970005512237549,9.837651252746582,2.274930953979492,2.8095006942749023,37.932167053222656
3443152094.0,-0.2483757436275482,4.151186466217041,9.9019775390625,2.3495709896087646,2.512068033218384,37.90565490722656
3443160427.0,-0.26481494307518,4.441051006317139,9.948347091674805,2.2330002784729004,2.870795965194702,37.92837524414063
3443168760.0,-0.15701524913311,4.371505260467529,10.139100074768066,1.8662298917770384,2.4257736206054688,38.045692443847656
3443177093.0,-0.4621469378471374,4.569497108459473,9.61425495147705,1.5160059928894043,2.560760736465454,38.02632522583008
3443185426.0,-0.3017187416553497,4.505843639373779,10.008217811584473,1.6227407455444336,3.013954162597656,38.157806396484375
3443193759.0,-0.3759154677391052,4.3539862632751465,9.933648109436035,1.318801760673523,2.1790311336517334,37.97038650512695
3443202092.0,-0.5014045834541321,4.504127502441406,9.768245697021484,1.033433198928833,2.4223668575286865,38.02353286743164
3443210425.0,-0.3006870150566101,4.131687164306641,9.818076133728027,0.9164528250694276,2.5895254611968994,37.99359130859375
3443218758.0,-0.4502073228359222,4.361625671386719,9.712445259094238,1.0306155681610107,2.664933919906616,37.95601272583008
3443227091.0,-0.2569349706172943,4.067761898040772,9.898937225341797,1.2273331880569458,2.532866716384888,37.99072647094727
3443235424.0,-0.2670976519584656,4.206164836883545,9.740076065063477,1.105870485305786,1.76392662525177,37.96244812011719
3443243757.0,-0.5427659153938293,4.428098201751709,9.442387580871582,1.1504136323928833,2.584582090377808,38.00473403930664
3443252090.0,-0.3305290043354034,4.089391231536865,10.01923942565918,1.142344951629639,2.7324016094207764,38.02389144897461
3443260423.0,-0.4853462874889374,4.384443283081055,9.749366760253906,1.1354548931121826,2.091635704040528,37.947998046875
3443268756.0,-0.1604559570550918,4.054744243621826,9.802361488342283,1.225514531135559,2.2287230491638184,38.0603141784668
3443277089.0,-0.052104864269495,4.15104866027832,9.544854164123535,1.2300225496292114,1.7113147974014282,38.04117965698242
3443285422.0,-0.4265284836292267,4.417548179626465,9.475375175476074,1.2861692905426023,2.7228736877441406,38.1474838256836
3443293755.0,-0.4323033094406128,4.183987617492676,9.983488082885742,1.155869483947754,3.0605976581573486,38.222049713134766
3443302088.0,-0.5682402849197388,4.303667068481445,9.877617835998535,1.1336363554000854,1.9548810720443728,38.24955749511719
3443310421.0,-0.3062624633312225,4.052743434906006,9.689650535583496,1.1158342361450195,1.7994276285171509,38.36871337890625
3443318754.0,-0.1128998845815658,3.9448721408844,9.418974876403809,1.09116792678833,1.6175923347473145,38.47468185424805
3443327087.0,-0.5040255188941956,4.249942779541016,9.270074844360352,1.2064063549041748,2.7575552463531494,38.45856857299805
3443335420.0,-0.2548207938671112,3.8580963611602783,9.885616302490234,1.4279699325561523,2.6388072967529297,38.55515670776367
3443343753.0,-0.4053598344326019,4.093067169189453,9.710129737854004,1.273285150527954,1.4150856733322144,38.40618515014648
3443352086.0,-0.3601897656917572,3.995496988296509,9.45749568939209,1.4161616563796997,2.1024703979492188,38.59222030639648
3443360419.0,-0.1016702726483345,4.158166408538818,9.79028034210205,1.4903405904769895,2.2367403507232666,38.49939727783203
3443368752.0,-0.2541278302669525,4.544225692749023,9.74551773071289,1.6089346408843994,2.3141977787017822,38.48994827270508
3443377085.0,-0.0991976708173751,4.345953464508057,10.19835376739502,1.2767430543899536,2.2702949047088623,38.64288711547852
3443385418.0,-0.2850142121315002,4.604260921478272,9.93389129638672,1.1049482822418213,2.0744740962982178,38.741943359375
3443393751.0,-0.3233505189418793,4.606630325317383,9.91080093383789,0.8361009955406189,2.912445068359375,38.90279769897461
3443402084.0,-0.0169979706406593,4.255712985992432,10.012947082519531,0.8323355913162231,2.2081291675567627,38.89423751831055
3443410417.0,-0.2168041914701461,4.365678310394287,9.503511428833008,0.4088037610054016,1.7051934003829956,39.01350402832031
3443418750.0,-0.2478922605514526,4.17985200881958,9.35246753692627,0.4586747288703918,2.7111682891845703,39.17154693603516
3443427083.0,-0.4406364858150482,4.188138961791992,9.6752290725708,0.5153846144676208,2.877814054489136,39.0755615234375
3443435416.0,-0.3232698440551758,4.247171878814697,9.7235689163208,0.4746835827827453,2.541601181030273,39.09661483764648
3443443749.0,-0.0931968390941619,3.826380968093872,9.790285110473633,0.5115681290626526,1.664799451828003,39.14787292480469
3443452082.0,-0.42984539270401,4.081535339355469,9.19402027130127,0.6449416279792786,2.079519748687744,39.15250778198242
3443460415.0,-0.4178281426429748,3.933248996734619,9.733221054077148,0.7741912007331848,3.361616373062134,39.36303329467773
3443468748.0,-0.4343619644641876,4.2251505851745605,10.027483940124512,1.016015887260437,2.328824043273926,39.44536590576172
3443477081.0,-0.4945466816425323,4.3818535804748535,9.592559814453123,0.968731701374054,1.628119945526123,39.329891204833984
3443485414.0,-0.1302540898323059,4.071389675140381,9.648028373718262,0.923676073551178,1.806215763092041,39.42563629150391
3443493747.0,-0.4131998717784881,4.258416175842285,9.21351718902588,1.1355060338974,2.369396448135376,39.40806198120117
3443502080.0,-0.3215050995349884,3.9282655715942383,9.790902137756348,1.2161400318145752,2.638346672058105,39.48634719848633
3443510413.0,-0.3920446336269378,4.148172378540039,9.75510025024414,1.2994120121002195,1.6941534280776978,39.30570983886719
3443518746.0,-0.5932897925376892,4.395652294158936,9.283102989196776,1.3150622844696045,1.845661878585816,39.30537796020508
3443527079.0,-0.2073829919099807,4.303642272949219,9.84787654876709,1.2218008041381836,2.1285970211029053,39.31258010864258
3443535412.0,-0.4039473235607147,4.498663425445557,9.828617095947266,1.0906555652618408,1.3970022201538086,39.12279891967773
3443543745.0,-0.4890954792499542,4.295801639556885,9.697101593017578,0.7743194699287415,2.045350790023804,39.31529235839844
3443552078.0,-0.2786880433559418,4.188473224639893,9.902018547058104,1.1596604585647583,1.874477744102478,39.24641418457031
3443560411.0,-0.27365443110466,4.07603931427002,9.763498306274414,1.2900882959365845,1.5028916597366333,39.27090072631836
3443568744.0,0.0919037982821464,3.914575099945069,9.839136123657228,1.3926223516464231,1.5134704113006592,39.22945785522461
3443577077.0,-0.0991549119353294,4.196894645690918,9.706727981567385,1.6024287939071655,1.6278125047683716,39.35107803344727
3443585410.0,-0.4183097779750824,4.206672668457031,9.82150936126709,1.6213834285736084,2.788933277130127,39.47428131103516
3443593743.0,-0.1894198358058929,3.917721748352051,10.269794464111328,1.7449976205825806,2.271524667739868,39.261474609375
3443602076.0,-0.2417189180850982,3.909593343734741,9.810975074768066,1.625507354736328,1.286630630493164,39.3548698425293
3443610409.0,0.1702800095081329,3.897276401519776,9.621368408203123,2.0087478160858154,1.5931562185287476,39.36689758300781
3443618742.0,0.1572309732437133,4.061608791351318,9.531070709228516,2.131542444229126,2.0866661071777344,39.3899040222168
3443627075.0,-0.2413291037082672,4.372573375701904,9.4972505569458,2.222524881362915,2.976557731628418,39.35384368896485
3443635408.0,-0.1007010117173194,4.154070854187012,10.076848983764648,2.1671721935272217,2.780890226364136,39.42650985717773
3443643741.0,-0.2836280465126037,4.253479957580566,9.666674613952637,2.0258712768554688,1.8539224863052368,39.29965591430664
3443652074.0,-0.0771501958370208,4.144891738891602,9.55235481262207,2.13858699798584,2.546443223953247,39.48745346069336
3443660407.0,0.0277774911373853,4.359927654266357,9.816669464111328,2.131004571914673,2.696465253829956,39.4737663269043
3443668740.0,-0.3367170095443725,4.693995952606201,9.712109565734863,1.9517306089401243,3.0598807334899902,39.57586669921875
3443677073.0,-0.1561417281627655,4.304558753967285,10.08644962310791,1.7986853122711182,2.938494920730591,39.512474060058594
3443685406.0,-0.2491954863071441,4.4068121910095215,9.781084060668944,1.7630815505981443,2.4119677543640137,39.64103317260742
3443693739.0,-0.2132944762706756,4.335901260375977,9.57613468170166,1.850042104721069,2.7682366371154785,39.67417907714844
3443702072.0,-0.1066839620471,4.050665378570557,9.718365669250488,1.8507592678070068,2.751075267791748,39.82030487060547
3443710405.0,-0.5258981585502625,4.38999605178833,9.591300964355469,1.7430769205093384,2.853378295898437,39.84236145019531
3443718738.0,-0.5100507140159607,4.257579803466797,9.92445468902588,1.7572160959243774,3.201732873916626,39.914363861083984
3443727071.0,-0.5190660953521729,4.479909420013428,9.916643142700195,1.6931034326553345,2.4715723991394043,39.967384338378906
3443735404.0,-0.5148507356643677,4.455263137817383,9.82763671875,1.7644391059875488,2.401850461959839,39.9350814819336
3443743737.0,-0.1876021772623062,4.250795841217041,9.885536193847656,1.6388524770736694,2.152905225753784,39.938926696777344
3443752070.0,-0.3422634601593017,4.557584285736084,9.58214282989502,1.6999168395996094,2.242222309112549,40.163516998291016
3443760403.0,-0.2126306891441345,4.6144537925720215,9.904059410095217,1.79612398147583,2.733196496963501,40.17790603637695
3443768736.0,-0.1700470298528671,4.387965679168701,9.950831413269045,1.376101016998291,2.202827453613281,40.1474723815918
3443777069.0,-0.5180649161338806,4.494727611541748,9.333466529846191,1.3804811239242554,2.4079205989837646,40.24629592895508
3443785402.0,-0.3578168153762817,4.151784420013428,9.799330711364746,1.590261936187744,2.8835010528564453,40.33433151245117
3443793735.0,-0.1655792742967605,4.282608985900879,9.86776351928711,1.619027018547058,1.817281603813172,40.20972442626953
3443802068.0,-0.3152029514312744,4.269343376159668,9.692917823791504,1.6943585872650146,2.289070606231689,40.28712844848633
3443810401.0,-0.1565135270357132,4.209280014038086,9.73708438873291,2.032313108444214,2.649181842803955,40.41606903076172
3443818734.0,-0.6323838233947754,4.394412517547607,9.558935165405272,2.01666259765625,2.66357684135437,40.2993392944336
3443827067.0,-0.2973979413509369,4.229125022888184,9.965018272399902,2.0078256130218506,2.584479808807373,40.314247131347656
3443835400.0,0.0306535512208938,4.361128807067871,9.68795680999756,2.030264139175415,1.4615761041641235,40.20905685424805
3443843733.0,-0.1773821413516998,4.691951751708984,9.346643447875977,2.138253688812256,2.518958568572998,40.20925521850586
3443852066.0,-0.0899052545428276,4.802181243896484,9.775487899780272,2.29001784324646,3.546628475189209,40.25968551635742
3443860399.0,-0.4928216636180877,4.861679553985596,9.94573211669922,1.9662283658981323,2.780813455581665,40.19450378417969
3443868732.0,-0.4714280962944031,4.612669467926025,9.96477222442627,1.6836259365081787,2.555330991744995,40.29875564575195
3443877065.0,-0.1148662194609642,4.589049339294434,9.974942207336426,1.6181559562683103,1.913770318031311,40.08950805664063
3443885398.0,-0.2906376719474792,4.799463272094727,9.539897918701172,1.5465128421783447,2.408637762069702,40.21699523925781
3443893731.0,-0.1600260734558105,4.449049472808838,9.55444049835205,1.6345746517181396,3.2601072788238525,40.1649169921875
3443902064.0,-0.24266217648983,4.246339797973633,9.764546394348145,1.3754864931106567,2.6257450580596924,40.167457580566406
3443910397.0,-0.6144559383392334,4.293787479400635,9.383498191833496,1.5406984090805054,2.718212127685547,40.12662506103516
3443918730.0,-0.2934765815734863,4.109226703643799,9.690918922424316,1.959594130516052,2.779404640197754,40.1424560546875
3443927063.0,-0.3382847905158996,4.426728248596191,9.502039909362791,2.076113224029541,2.28428053855896,39.99530029296875
3443935396.0,-0.446709930896759,4.403292655944824,9.442184448242188,2.0324156284332275,2.9729461669921875,40.20954132080078
3443943729.0,-0.2454659193754196,4.350602149963379,9.746944427490234,2.1770591735839844,2.543522357940674,39.979827880859375
3443952062.0,-0.6416200399398804,4.492767810821533,9.536227226257324,2.107055902481079,2.4184484481811523,39.892337799072266
3443960395.0,-0.3108362853527069,4.540289878845215,9.875166893005373,2.274291038513184,2.703509330749512,39.96620178222656
3443968728.0,-0.2422605901956558,4.633000373840332,9.86539363861084,2.21622371673584,1.8724545240402224,39.93144989013672
3443977061.0,-0.4457294642925262,4.951516151428223,9.426187515258787,2.2658896446228027,2.4233920574188232,39.9535026550293
3443985394.0,-0.2374503165483474,4.694381713867188,9.839099884033203,1.9466845989227293,2.887215137481689,39.968021392822266
3443993727.0,-0.6212079524993896,4.753754615783691,9.612642288208008,1.55627179145813,2.26955246925354,39.912410736083984
3444002060.0,-0.53887540102005,4.745406627655029,9.652780532836914,1.389855980873108,2.5794596672058105,40.01504898071289
3444010393.0,-0.4581882655620575,4.762447357177734,10.022666931152344,1.1659104824066162,1.9206348657608032,39.87471008300781
3444018726.0,-0.6182385683059692,5.101234436035156,9.6507568359375,0.9890694618225098,1.8996310234069824,39.95751953125
3444027059.0,-0.2806939482688904,4.79347562789917,9.93027114868164,0.6047786474227905,1.8737095594406128,40.04164123535156
3444035392.0,-0.2458115965127945,4.84286642074585,9.581734657287598,0.3006090521812439,1.2518718242645264,39.88372421264648
3444043725.0,-0.5892989635467529,4.867152214050293,9.402941703796388,0.1726914197206497,2.0469648838043213,39.99853515625
3444052058.0,-0.293660044670105,4.561982154846191,10.087023735046388,0.1021497249603271,2.088997602462769,39.9660530090332
3444060391.0,-0.5529681444168091,4.857375144958496,9.839950561523438,-0.3895289897918701,1.2972090244293213,39.75772476196289
3444068724.0,-0.5116143226623535,4.607034206390381,9.746346473693848,-0.4736974835395813,1.834878206253052,39.820533752441406
3444077057.0,-0.2874041497707367,4.379956245422363,9.861260414123535,-0.2604843080043793,1.4589886665344238,39.61029052734375
3444085390.0,-0.5978342294692993,4.248844623565674,9.637643814086914,-0.4172692894935608,1.5589357614517212,39.655548095703125
3444093723.0,-0.3115133941173553,4.027029991149902,9.893131256103516,-0.4368898272514343,1.6017117500305176,39.5420036315918
3444102056.0,-0.3618092834949493,4.26374626159668,9.578099250793455,-0.3798723816871643,0.692891538143158,39.16260147094727
3444110389.0,-0.4168399274349212,4.446786880493164,9.451054573059082,-0.213789477944374,1.6982003450393677,39.00868606567383
3444118722.0,-0.1056933775544166,3.9531989097595215,9.754825592041016,-0.2351774275302887,1.4136770963668823,39.00868988037109
3444127055.0,-0.4935382306575775,4.106329441070557,9.624492645263672,-0.3301038444042206,0.9695000052452089,38.86603927612305
3444135388.0,-0.3464471101760864,4.058372974395752,9.76840877532959,-0.0373327955603599,1.559780836105347,38.93247985839844
3444143721.0,-0.3507089614868164,4.201398849487305,10.19253635406494,0.2579869329929352,1.131766438484192,38.50426483154297
3444152054.0,-0.5505405068397522,4.318305492401123,9.889156341552734,0.0506394058465957,1.377842664718628,38.42949295043945
3444160387.0,-0.1206074655055999,3.967561721801758,10.278153419494627,-0.2706019282341003,1.0394269227981567,38.16958618164063
3444168720.0,-0.1625052243471145,4.209527969360352,9.838318824768066,-0.2267246693372726,0.5683293342590332,38.06684875488281
3444177053.0,-0.1635087579488754,4.276089668273926,9.83510684967041,-0.2589986324310303,1.4972563982009888,37.91246795654297
3444185386.0,-0.0992136225104332,4.194266319274902,10.16722583770752,-0.3496987521648407,1.3589136600494385,37.575870513916016
3444193719.0,-0.5078563094139099,4.345926284790039,9.816794395446776,-0.8816301822662354,1.0187819004058838,37.31537628173828
3444202052.0,-0.3106141090393066,4.013767242431641,10.062640190124512,-0.9174389243125916,1.1106857061386108,37.123291015625
3444210385.0,-0.1767362803220749,3.889991521835327,9.901321411132812,-1.0550131797790527,0.5763209462165833,36.8922233581543
3444218718.0,-0.3364516198635101,3.815719842910767,9.610424995422363,-0.8486390113830566,1.0793851613998413,36.69453430175781
3444227051.0,-0.0724052414298057,3.6946282386779785,9.905699729919434,-0.600078284740448,0.8607163429260254,36.56687545776367
3444235384.0,-0.266646534204483,3.984695672988892,9.671042442321776,-0.8404423594474792,0.545225203037262,36.03714370727539
3444243717.0,-0.1122981235384941,3.901682138442993,9.838911056518556,-0.7542248368263245,1.229151725769043,35.97018814086914
3444252050.0,0.0293665528297424,3.834526777267456,10.02902603149414,-0.7965651750564575,1.0233154296875,35.65302658081055
3444260383.0,-0.2068663835525512,3.683830499649048,9.663064002990724,-0.8696426153182983,1.1444196701049805,35.47014617919922
3444268716.0,0.0441105365753173,3.370814323425293,9.872347831726074,-0.7143433094024658,1.252229928970337,35.22616958618164
3444277049.0,-0.0208096448332071,3.4467360973358154,9.671279907226562,-0.6604254245758057,0.674961507320404,35.032474517822266
3444285382.0,-0.132326066493988,3.6563644409179688,9.62841510772705,-0.649206280708313,1.4692083597183228,34.91923141479492
3444293715.0,-0.0448627546429634,3.519277572631836,9.932748794555664,-0.6487709283828735,1.5557336807250977,34.65230941772461
3444302048.0,-0.1260839700698852,3.7290003299713135,9.677103996276855,-0.7008957862854004,0.9828960299491882,34.4078369140625
3444310381.0,0.2534972131252289,3.608566284179688,9.739724159240724,-0.8018929362297058,0.9014171361923218,34.27531814575195
3444318714.0,0.2182131558656692,3.423460006713867,9.616966247558594,-1.0074472427368164,0.7682485580444336,34.005210876464844
3444327047.0,-0.1967187672853469,3.489551544189453,9.345335006713867,-1.0569084882736206,2.039638042449951,33.97386169433594
3444335380.0,-0.157204583287239,3.179527997970581,10.03684425354004,-0.882219135761261,1.932852029800415,33.75386047363281
3444343713.0,-0.1937261968851089,3.302793025970459,9.944960594177246,-0.9379045963287354,0.8262135982513428,33.35306930541992
3444352046.0,-0.0038537506479769,3.127887487411499,9.692410469055176,-1.0034257173538208,0.9663490653038024,33.19313049316406
3444360379.0,0.3128321766853332,3.1757497787475586,9.707759857177734,-0.8771473169326782,1.3898807764053345,32.83240509033203
3444368712.0,-0.1221554204821586,3.289746761322021,9.676647186279297,-0.7953868508338928,1.8592112064361568,32.55060195922852
3444377045.0,-0.1198531463742256,3.089728355407715,9.828388214111328,-0.9764540195465088,1.848555445671081,32.17437744140625
3444385378.0,-0.1993005126714706,2.939529657363892,9.932137489318848,-1.0048859119415283,0.9634547829627992,31.92740631103516
3444393711.0,0.1891247034072876,3.0469002723693848,9.564275741577148,-0.9794506430625916,1.060097098350525,31.670669555664062
3444402044.0,0.543416440486908,2.8813390731811523,9.86167049407959,-0.7785581350326538,1.178025245666504,31.235790252685547
3444410377.0,0.0127144111320376,2.995306968688965,9.50080108642578,-0.919129192829132,1.734802484512329,31.00680160522461
3444418710.0,-0.10148236900568,3.017531633377075,10.00790786743164,-1.0342397689819336,2.599565267562866,30.82563018798828
3444427043.0,-0.0596939474344253,3.0934314727783203,10.52357578277588,-1.2047280073165894,1.5562708377838137,30.26141929626465
3444435376.0,-0.1136829257011413,2.9573895931243896,9.941642761230469,-1.4079769849777222,1.0930370092391968,29.816375732421875
3444443709.0,0.1926672011613845,2.664740085601806,9.869239807128906,-1.3187626600265503,1.4367547035217283,29.37883377075196
3444452042.0,-0.0227746833115816,2.6724963188171387,9.677522659301758,-1.438662886619568,1.5950251817703247,29.00099754333496
3444460375.0,-0.0402570404112339,2.539936065673828,9.79865264892578,-1.6644783020019531,1.9637421369552608,28.66455268859864
3444468708.0,0.0564852990210056,2.158884763717652,10.00160789489746,-1.612506866455078,1.4366521835327148,28.238534927368164
3444477041.0,-0.2269829362630844,2.017357349395752,9.499208450317385,-1.3439925909042358,1.7639254331588743,27.70547676086425
3444485374.0,0.0038848828990012,1.791618585586548,9.77775764465332,-0.8613175749778748,1.8819811344146729,27.55816650390625
3444493707.0,-0.0181309022009372,1.8877034187316888,9.728877067565918,-0.7962831258773804,1.1438045501708984,26.987205505371094
3444502040.0,-0.2435123175382614,1.995136022567749,9.61512565612793,-0.5728755593299866,1.6568323373794556,26.52696418762207
3444510373.0,-0.1179735660552978,1.99457049369812,10.006508827209473,-0.1275461614131927,1.7108268737792969,26.26175117492676
3444518706.0,-0.4782567620277405,2.577012538909912,9.964086532592772,-0.1720893234014511,1.424510836601257,25.821596145629883
3444527039.0,-0.3605201542377472,2.264413595199585,10.203909873962402,-0.1909157931804657,1.4554015398025513,25.52029609680176
3444535372.0,0.1766082793474197,1.9643542766571045,10.11057472229004,-0.4033347964286804,0.2158000767230987,24.79021453857422
3444543705.0,0.531970202922821,2.33121919631958,9.702726364135742,-0.3448830246925354,0.0078123449347913,24.32490348815918
3444552038.0,0.6338383555412292,1.6842420101165771,9.60493278503418,-0.1692461669445037,1.17121160030365,24.350059509277344
3444560371.0,-0.1184919476509094,1.602075219154358,9.292766571044922,-0.2180925160646438,2.1345889568328857,23.909873962402344
3444568704.0,-0.5633888840675354,1.6981172561645508,9.886401176452637,0.1371130943298339,2.414885997772217,23.57809829711914
3444577037.0,-0.1014199629426002,1.7512412071228027,10.564613342285156,-0.069017581641674,0.2575512230396271,22.81220054626465
3444585370.0,0.3146807253360748,2.3558437824249268,9.85651969909668,-0.0447096675634384,-0.569648027420044,22.40944099426269
3444593703.0,0.946840226650238,2.264676332473755,9.9131441116333,-0.0060321548953652,0.6662008762359619,22.5008602142334
3444602036.0,0.557069718837738,2.082094430923462,9.618851661682127,-0.0962711349129676,1.4560160636901855,22.25319480895996
3444610369.0,0.2489108890295028,1.975874662399292,9.500717163085938,0.0093748131766915,2.233485221862793,21.97894287109375
3444618702.0,0.6068058013916016,1.4548383951187134,10.028148651123049,-0.1263934820890426,1.1322263479232788,21.58747673034668
3444627035.0,0.612296462059021,1.901360034942627,9.60293674468994,-0.4798188209533691,0.7706556916236877,21.148656845092773
3444635368.0,0.7878811955451965,2.032618999481201,9.45801830291748,-0.2873277962207794,2.640751600265503,20.692493438720703
3444643701.0,0.4795585870742798,1.7356343269348145,10.027613639831545,-0.1369977742433548,3.234335899353028,20.467344284057617
3444652034.0,-0.0851368084549903,1.607505440711975,9.809440612792969,-0.4118641912937164,2.7712819576263428,20.250980377197266
3444660367.0,0.2377717047929763,1.3203752040863037,10.120858192443848,-0.4593529999256134,2.0271880626678467,20.04913902282715
3444668700.0,0.3462297022342682,1.6389020681381226,9.429633140563965,-0.3183210492134094,1.2315329313278198,19.542312622070312
3444677033.0,0.5690013766288757,1.980770468711853,9.168468475341797,-0.1480631530284881,2.6640353202819824,19.33027648925781
3444685366.0,0.6159090995788574,1.91986083984375,9.688594818115234,-0.1844353675842285,3.093457698822021,19.10865974426269
3444693699.0,0.1476825177669525,2.0619659423828125,9.699166297912598,-0.7641368508338928,3.0366196632385254,19.03899002075196
3444702032.0,0.2838966846466064,1.7973068952560425,9.99616813659668,-1.0676146745681765,3.16528058052063,18.63113784790039
3444710365.0,0.2955329418182373,1.8194386959075928,10.090448379516602,-0.9495839476585388,2.690289258956909,18.22174072265625
3444718698.0,0.0943501144647598,1.8933957815170288,9.784332275390623,-1.084750413894653,3.280902862548828,17.857046127319336
3444727031.0,0.1972336620092392,1.657707929611206,10.03464698791504,-1.3515739440917969,3.307182788848877,17.454647064208984
3444735364.0,-0.1054469868540763,1.6288172006607056,9.928929328918455,-1.6022861003875732,2.8654911518096924,17.159162521362305
3444743697.0,0.0391249060630798,1.638286828994751,9.748153686523438,-1.6337660551071167,2.890131711959839,16.875532150268555
3444752030.0,0.260357141494751,1.3629810810089111,9.839354515075684,-1.492964267730713,2.598564386367798,16.518802642822266
3444760363.0,0.145629808306694,1.3038748502731323,9.233660697937012,-1.4853827953338623,2.5106310844421387,16.320371627807617
3444768696.0,0.1972010731697082,0.9033150672912598,9.248414039611816,-1.3863836526870728,2.834369659423828,16.02365493774414
3444777029.0,-0.1380227953195572,0.7879241108894348,9.512659072875977,-1.02417254447937,3.029191017150879,15.66105842590332
3444785362.0,-0.2529699504375458,0.7893195748329163,9.492523193359377,-0.7763547897338867,3.234976053237915,15.263754844665527
3444793695.0,-0.0971229448914527,0.7894953489303589,10.080915451049805,-0.4353524148464203,2.466599941253662,14.832308769226074
3444802028.0,-0.2795250713825226,1.0368200540542605,9.57126522064209,-0.4501830041408539,1.8714017868041992,14.404703140258787
3444810361.0,-0.0804017856717109,0.911787748336792,9.881872177124023,-0.3986727595329284,2.410940170288086,14.13969898223877
3444818694.0,0.0678286924958229,0.8619592785835266,10.103609085083008,-0.3548212945461273,2.0410196781158447,13.87454319000244
3444827027.0,-0.2498774826526641,1.008933663368225,9.73903465270996,-0.2805399596691131,2.0672483444213867,13.549983978271484
3444835360.0,-0.0368835479021072,0.6195411086082458,9.994672775268556,-0.0616662837564945,2.160356044769287,13.31333351135254
3444843693.0,-0.0159551911056041,0.7931675314903259,9.890949249267578,-0.0064163664355874,1.4399043321609497,12.921281814575195
3444852026.0,0.0778074786067009,0.527397871017456,9.926772117614746,-0.0690175592899322,1.97747015953064,12.753046035766602
3444860359.0,0.0376550778746604,0.5358404517173767,10.223770141601562,0.0454140417277812,1.9183015823364256,12.305540084838867
3444868692.0,-0.3092451095581054,0.5998020768165588,10.03341293334961,0.2010717689990997,2.20840835571289,12.21604347229004
3444877025.0,-0.0958748459815979,0.4531548917293548,10.479351043701172,0.2648768424987793,1.6030926704406738,11.945277214050291
3444885358.0,-0.0509740561246871,0.3671620488166809,10.09957218170166,0.096949890255928,0.7581558227539062,11.618695259094238
3444893691.0,-0.1822447031736374,0.4618486166000366,9.88791847229004,0.4862094223499298,1.471563458442688,11.296799659729004
3444902024.0,-0.0091026835143566,0.2548572421073913,10.290647506713867,0.6003977060317993,1.715155005455017,11.03420352935791
3444910357.0,-0.2786872684955597,0.3606371283531189,10.260507583618164,0.5358498692512512,1.2259230613708496,10.775500297546388
3444918690.0,0.0327152982354164,0.1747727841138839,10.45775032043457,0.7998301982879639,0.9438335299491882,10.509572982788086
3444927023.0,0.2356358468532562,0.2273144423961639,10.31060791015625,1.018447756767273,0.5210704207420349,10.15000057220459
3444935356.0,-0.0556429922580719,0.1969025284051895,10.059191703796388,1.1695462465286257,1.462163329124451,10.068521499633787
3444943689.0,0.0320841409265995,0.0388329848647117,10.482221603393556,1.2758194208145142,1.8476059436798096,9.72915744781494
3444952022.0,-0.1270981729030609,0.0827910676598548,10.08811855316162,1.4001766443252563,0.8628666996955872,9.56568717956543
3444960355.0,-0.0624036490917205,0.1759785115718841,9.77579402923584,1.7699952125549316,0.4461744129657745,9.24435806274414
3444968688.0,0.0548280961811542,0.3704962432384491,9.55430793762207,1.807084321975708,0.5551117062568665,9.037420272827148
3444977021.0,-0.2827623188495636,0.601996898651123,9.568607330322266,1.836207747459412,0.7636628746986389,8.744367599487305
3444985354.0,-0.0419623106718063,0.3131349682807922,10.047723770141602,1.6624152660369873,0.6785210967063904,8.464454650878906
3444993687.0,0.1510947942733764,0.3610860705375671,9.961827278137209,1.62714421749115,-0.4904229640960693,8.209234237670898
3445002020.0,0.122889757156372,0.382741630077362,9.542978286743164,1.6047065258026123,-0.1714489161968231,7.844182014465332
3445010353.0,0.2183814942836761,0.4278495609760284,9.560781478881836,1.6671284437179563,0.4689967036247253,7.672181606292725
3445018686.0,-0.2220375537872314,0.5355340242385864,9.64944076538086,1.235323429107666,0.6149722337722778,7.228132247924805
3445027019.0,-0.1680687665939331,0.4020879566669464,9.840314865112305,0.977515995502472,0.124997466802597,7.1282877922058105
3445035352.0,-0.1708847731351852,0.3890425562858581,9.67574691772461,0.929924726486206,-0.675460159778595,6.842074394226074
3445043685.0,-0.2846354842185974,0.4521496295928955,9.311031341552734,0.8917339444160461,-0.3247244656085968,6.475867748260498
3445052018.0,0.1141621395945549,0.2321594506502151,9.65068244934082,0.944192111492157,-0.3670904636383056,6.216754913330078
3445060351.0,-0.0794315785169601,0.2439634501934051,9.55849266052246,0.8130471110343933,-1.0078562498092651,5.915505409240723
3445068684.0,0.0190366134047508,0.2521823644638061,9.489388465881348,0.8587428331375122,-0.665854811668396,5.731364727020264
3445077017.0,0.271038293838501,0.119888462126255,9.6575927734375,0.9477523565292358,-0.9308341145515442,5.236215591430664
3445085350.0,0.0184426829218864,0.1340173035860061,9.383587837219238,0.9541302919387816,-0.8464608788490295,4.948824405670166
3445093683.0,0.4038759171962738,-0.0973135456442833,9.396472930908203,1.0755929946899414,-0.8784786462783813,4.827079772949219
3445102016.0,0.2969821095466614,-0.1001592427492141,9.4927978515625,1.2156003713607788,-1.3538274765014648,4.524703502655029
3445110349.0,0.1299752742052078,-0.050787940621376,9.196731567382812,1.236911416053772,-0.6059432029724121,4.225811004638672
3445118682.0,0.2311562597751617,-0.0559382699429988,9.674250602722168,1.387190341949463,-0.6902140378952026,3.911140203475952
3445127015.0,0.1433801352977752,0.1416162103414535,9.693207740783691,1.3327085971832275,-0.9914886355400084,3.7148067951202393
3445135348.0,0.430213987827301,-0.2017508447170257,9.81513214111328,1.11137592792511,-0.7595259547233582,3.436840772628784
3445143681.0,0.5133177042007446,-0.0861965864896774,9.79325008392334,1.3789936304092407,-0.8696674108505249,3.098759174346924
3445152014.0,0.4437882602214813,0.065385565161705,9.72370719909668,1.5111886262893677,-0.2794385254383087,2.856909275054932
3445160347.0,0.43169105052948,-0.2130140513181686,9.903223991394045,1.371565341949463,-0.0908921062946319,2.560142755508423
3445168680.0,0.3666538298130035,-0.029235903173685,9.632904052734377,1.2499746084213257,-0.5235677361488342,2.426974296569824
3445177013.0,0.622155487537384,-0.1985006183385849,9.824346542358398,1.348768711090088,-0.1977034658193588,2.171600580215454
3445185346.0,0.4525932669639587,-0.2246585637331009,9.821282386779783,1.2805838584899902,-0.0567227266728878,1.8507311344146729
3445193679.0,0.1709602028131485,-0.0415135137736797,9.903340339660645,1.3372423648834229,0.7946304082870483,1.8086212873458865
3445202012.0,0.467555433511734,-0.2428588271141052,10.311373710632324,1.3819904327392578,0.4664096236228943,1.5733031034469604
3445210345.0,0.4195782542228699,-0.2596653997898102,10.000452995300291,1.33544921875,-0.3947793841361999,1.1955699920654297
3445218678.0,0.4859979748725891,-0.61845862865448,9.740362167358398,1.4903641939163208,0.682721734046936,1.050849437713623
3445227011.0,0.5645133852958679,-0.697483479976654,10.104784965515137,1.556423306465149,1.0914480686187744,0.812893271446228
3445235344.0,0.3929097056388855,-0.4019951522350311,10.07392120361328,1.6848530769348145,0.8043125867843628,0.5649219155311584
3445243677.0,0.632099986076355,-0.5746479034423828,10.14021110534668,1.6436911821365356,0.8048760890960693,0.4188696146011352
3445252010.0,0.4521802961826324,-0.3437131941318512,9.96768856048584,1.6603147983551023,1.1536906957626345,0.2369828820228576
3445260343.0,0.2771108150482178,-0.3404591679573059,10.05253791809082,1.66103196144104,1.9903796911239624,0.0324276201426982
3445268676.0,0.3551301956176758,-0.3120659589767456,10.554743766784668,1.667717218399048,1.7271935939788818,-0.266323983669281
3445277009.0,0.2326138913631439,-0.449372261762619,10.495637893676758,1.4869318008422852,1.2498209476470947,-0.3994155526161194
3445285342.0,0.5029148459434509,-0.5018485188484192,10.398167610168455,1.5078843832015991,1.5175665616989136,-0.5245667099952698
3445293675.0,0.4400007426738739,-0.3956311047077179,10.38718032836914,1.3413406610488892,1.9554929733276367,-0.7188507318496704
3445302008.0,0.437171995639801,-0.532224178314209,10.398033142089844,1.363087177276611,2.3733127117156982,-0.8405439257621765
3445310341.0,0.7370279431343079,-1.0461723804473877,10.691728591918944,1.2462093830108645,2.035435199737549,-1.0976852178573608
3445318674.0,0.5401138067245483,-0.921476662158966,10.079337120056152,1.296515941619873,1.8143844604492188,-1.2284972667694092
3445327007.0,0.3803170323371887,-1.0841188430786133,9.83974266052246,1.849783182144165,2.9793195724487305,-1.4148149490356443
3445335340.0,0.0752371028065681,-1.0948173999786377,10.019301414489746,2.108102798461914,3.357334852218628,-1.6374796628952026
3445343673.0,0.013066180050373,-1.1255813837051392,10.306594848632812,2.2242376804351807,2.935852289199829,-1.6415520906448364
3445352006.0,0.4097847938537597,-1.1777300834655762,10.24631690979004,2.3536922931671143,1.900730013847351,-1.7179341316223145
3445360339.0,0.1699273735284805,-0.7096527814865112,9.674076080322266,2.66398286819458,2.1264679431915283,-1.875845551490784
3445368672.0,0.119972638785839,-0.7175074219703674,9.63804531097412,2.8757615089416504,3.2682995796203613,-1.998870849609375
3445377005.0,0.0631110817193985,-0.6407924890518188,10.12944221496582,2.5478224754333496,2.6973073482513428,-2.36920166015625
3445385338.0,-0.1530110985040664,-0.5634244680404663,9.929332733154297,2.142476797103882,2.198802709579468,-2.413641929626465
3445393671.0,-0.0284538175910711,-0.6326990723609924,9.867719650268556,2.287581443786621,2.3140668869018555,-2.4992446899414062
3445402004.0,-0.3082735240459442,-0.3071258664131164,9.921107292175291,2.3530519008636475,2.435990571975708,-2.6033413410186768
3445410337.0,-0.2232276499271392,-0.5456510782241821,10.100342750549316,2.179796934127808,2.058257579803467,-2.708897352218628
3445418670.0,-0.104743018746376,-0.922682762145996,10.181203842163086,1.861437439918518,1.0888866186141968,-2.981304407119751
3445427003.0,-0.0399721637368202,-0.8502486944198608,9.704132080078123,2.078594923019409,1.106816649436951,-3.0897552967071533
3445435336.0,0.2048295885324478,-1.094568371772766,9.891234397888184,2.50187087059021,1.6688954830169678,-3.2888295650482178
3445443669.0,-0.0378863811492919,-0.8576180338859558,9.659178733825684,2.5424177646636963,1.5064245462417605,-3.507780075073242
3445452002.0,-0.0308464989066123,-0.8321047425270081,9.747566223144531,2.630582332611084,1.547535419464111,-3.5968151092529297
3445460335.0,-0.042926151305437,-0.8113523721694946,9.896565437316896,2.5908799171447754,1.1066632270812988,-3.697786331176758
3445468668.0,-0.2575724422931671,-0.6774952411651611,9.633222579956056,2.709320068359375,1.4521989822387695,-4.023470878601074
3445477001.0,-0.1458290368318557,-0.865942656993866,9.916812896728516,3.089563608169556,1.3698492050170898,-4.185250759124756
3445485334.0,-0.2910660803318023,-0.8923333287239075,9.740470886230469,3.143455982208252,0.5179966688156128,-4.355508804321289
3445493667.0,-0.2304943352937698,-0.9611638784408568,9.4066743850708,3.152113437652588,0.4052684009075165,-4.489855766296387
3445502000.0,-0.1524844914674759,-0.956259787082672,9.453652381896973,3.2328240871429443,0.2250466793775558,-4.659856796264648
3445510333.0,-0.2435070276260376,-0.7798072695732117,9.389129638671877,3.3092057704925537,0.3918977975845337,-4.784726619720459
3445518666.0,0.1387426853179931,-0.9717432856559752,9.71048355102539,3.376904249191284,0.0264338925480842,-4.88925838470459
3445526999.0,-0.0245121959596872,-0.745710551738739,9.548624992370604,3.207030296325684,-0.4788196980953216,-5.0233235359191895
3445535332.0,-0.1899575591087341,-0.6557257771492004,9.541946411132812,3.22070860862732,0.2608297765254974,-5.076882839202881
3445543665.0,-0.1657072603702545,-0.6110658645629883,10.120977401733398,3.267300844192505,0.3006599545478821,-5.173756122589111
3445551998.0,-0.0672414526343345,-0.6427633762359619,10.204679489135742,3.0622591972351074,-0.6165475249290466,-5.231669902801514
3445560331.0,0.353401780128479,-0.982858955860138,10.12657356262207,2.889055252075196,-1.2230156660079956,-5.371599197387695
3445568664.0,0.2710277140140533,-0.6363462805747986,9.55445957183838,2.943511247634888,-0.8927459120750427,-5.416015148162842
3445576997.0,0.1902754455804824,-0.6096503734588623,9.69101333618164,3.090870141983032,0.1775066703557968,-5.429821491241455
3445585330.0,0.3006711900234222,-0.8209854364395142,10.053150177001951,2.6619343757629395,-0.3496983647346496,-5.676973342895508
3445593663.0,0.2223360240459442,-1.0117440223693848,9.715831756591797,2.4421639442443848,-1.0539875030517578,-5.586144924163818
3445601996.0,0.3208965361118316,-1.2823573350906372,9.52978515625,2.7248427867889404,-0.4967240691184997,-5.495957374572754
3445610329.0,0.0322637967765331,-1.209511399269104,9.596875190734863,3.0817766189575195,-0.1237551867961883,-5.552231311798096
3445618662.0,-0.0025233177002519,-1.1963075399398804,9.948938369750977,3.131314516067505,-0.0759846270084381,-5.655866622924805
3445626995.0,0.2304807603359222,-1.3461453914642334,10.077278137207031,3.2740111351013184,-1.1333401203155518,-5.741443157196045
3445635328.0,0.2317530661821365,-1.1514196395874023,9.695140838623049,3.52587628364563,-0.9625445008277892,-5.766237735748291
3445643661.0,0.4924541115760803,-1.3889178037643433,9.942790031433104,3.8722574710845934,-0.1932209730148315,-5.661168098449707
3445651994.0,0.3185234367847442,-1.1625434160232544,9.980582237243652,3.945796012878418,-0.348801851272583,-5.717314720153809
3445660327.0,0.2517496645450592,-1.1415715217590332,10.193541526794434,4.118564128875732,-0.0614613518118858,-5.656788349151611
3445668660.0,0.2677222490310669,-1.0314254760742188,10.298890113830566,4.1826252937316895,-0.6574022173881531,-5.690778255462647
3445676993.0,0.1556573808193206,-0.7610626816749573,10.112418174743652,4.325117588043213,-0.438656598329544,-5.749281883239746
3445685326.0,0.3109360039234161,-0.969541609287262,10.374468803405762,4.281547546386719,-0.4514124989509582,-5.780941009521484
3445693659.0,0.1799432635307312,-0.8416146039962769,10.088173866271973,4.162390232086182,-0.5811998248100281,-5.7491536140441895
3445701992.0,0.2859092354774475,-0.8225557804107666,10.086990356445312,4.224299430847168,-0.4057166874408722,-5.728149890899658
3445710325.0,0.1516687572002411,-0.7231172323226929,10.119343757629396,4.089031219482422,-0.2884803414344787,-5.903889656066895
3445718658.0,0.1067080199718475,-0.612800121307373,10.085895538330078,3.882528781890869,-0.0992167368531227,-5.802149295806885
3445726991.0,0.4900336563587188,-0.8177269697189331,10.513434410095217,3.97389554977417,-0.5602474212646484,-5.943668842315674
3445735324.0,0.3715773820877075,-0.6598133444786072,10.012279510498049,4.008883953094482,-0.8118047118186951,-5.95819091796875
3445743657.0,0.1217315793037414,-0.4562224745750427,9.907870292663574,3.9659032821655273,0.2306562066078186,-5.995127201080322
3445751990.0,-0.0845032855868339,-0.4886869192123413,10.305721282958984,3.994770765304565,0.3192045986652374,-6.080166816711426
3445760323.0,-0.0541350208222866,-0.5774376392364502,10.431961059570312,3.666934013366699,-0.6036635041236877,-6.139950275421143
3445768656.0,0.3914090991020202,-0.8827138543128967,10.326726913452148,3.68263578414917,-1.3033676147460938,-6.31745719909668
3445776989.0,0.2419212758541107,-0.5727846026420593,9.67827033996582,3.736912250518799,-0.8838320374488831,-6.362742900848389
3445785322.0,0.3345582187175751,-0.5325223803520203,9.779337882995604,4.132114410400391,0.3425647914409637,-6.216895580291748
3445793655.0,0.2899250984191894,-0.6094075441360474,10.155941009521484,3.6192917823791504,-0.2453203648328781,-6.3968353271484375
3445801988.0,0.1893996596336364,-0.5553467869758606,9.91571044921875,3.3210906982421875,-0.4872724115848541,-6.531694412231445
3445810321.0,0.3161143958568573,-0.6244044899940491,10.144721031188965,3.4784390926361084,-0.0942731946706771,-6.636815071105957
3445818654.0,0.1520791053771972,-0.5082338452339172,10.213162422180176,3.497880220413208,0.0976670756936073,-6.594090938568115
3445826987.0,0.4148061573505401,-0.6851537227630615,10.361417770385742,3.271450519561768,-0.3352775275707245,-6.721086025238037
3445835320.0,0.3333493173122406,-0.6090524196624756,10.156916618347168,2.886826753616333,-0.8447447419166565,-6.846928596496582
3445843653.0,0.1274094134569168,-0.3776926398277282,9.810175895690918,2.8859305381774902,0.103199765086174,-6.859915256500244
3445851986.0,0.2355877757072448,-0.4402499496936798,10.289414405822754,2.8757359981536865,0.4592888653278351,-6.937142372131348
3445860319.0,0.182010993361473,-0.3816806972026825,10.173978805541992,2.3273351192474365,-0.475489854812622,-7.051535129547119
3445868652.0,0.3925822377204895,-0.7120833396911621,9.81164836883545,2.2757222652435303,-0.8544268012046814,-7.099689483642578
3445876985.0,0.1568677872419357,-0.8299631476402283,9.675050735473633,2.145679235458374,0.2738161981105804,-7.119387626647949
3445885318.0,0.0560505129396915,-0.9842735528945924,9.98442840576172,2.2895541191101074,0.997085452079773,-7.102840423583984
3445893651.0,0.1832531094551086,-0.9701148867607116,10.341310501098633,2.282254219055176,-0.2603815197944641,-7.343461036682129
3445901984.0,0.1620402485132217,-0.7984875440597534,9.789217948913574,2.093682289123535,-0.8536842465400696,-7.445765018463135
3445910317.0,0.5155392289161682,-1.1286591291427612,9.688910484313965,2.3735949993133545,-0.1354096829891204,-7.342360496520996
3445918650.0,0.2670807838439941,-1.118972897529602,9.765898704528809,2.3322019577026367,0.176456481218338,-7.508800983428955
3445926983.0,0.2229490727186203,-1.17375385761261,9.826530456542969,2.593083381652832,0.4442789852619171,-7.468382358551025
3445935316.0,0.2984583675861358,-1.1727511882781982,9.897951126098633,2.7675414085388184,-0.4808433055877685,-7.621913909912109
3445943649.0,0.364470362663269,-0.8286439776420593,9.61479949951172,2.758166074752808,-0.4798698723316192,-7.707668781280518
3445951982.0,0.5896413326263428,-0.9705765843391418,9.769861221313477,2.453690528869629,0.0760230645537376,-7.618533134460449
3445960315.0,0.1755536347627639,-0.7287206649780273,9.814523696899414,2.330152750015259,0.6236554384231567,-7.755517482757568
3445968648.0,0.1821539998054504,-0.8103151917457581,9.96385383605957,2.436476945877075,0.7994202375411987,-7.936148166656494
3445976981.0,0.2573250234127044,-1.007104754447937,10.220008850097656,2.144782304763794,-0.107080303132534,-7.96358060836792
3445985314.0,0.3875454068183899,-0.9439157247543336,9.70651626586914,2.0724987983703613,0.037806611508131,-7.969138622283935
3445993647.0,0.6474533081054688,-1.2062411308288574,9.911576271057127,2.424566507339477,0.5623604655265808,-8.19262409210205
3446001980.0,0.3862709999084472,-1.1760499477386477,9.733115196228027,2.433608293533325,0.8368170261383057,-8.111093521118164
3446010313.0,0.3643901944160461,-1.585365653038025,9.856629371643066,2.511885643005371,0.8608431816101074,-8.039271354675293
3446018646.0,0.3909605741500854,-1.546463966369629,9.728367805480955,2.764467477798462,0.5067263841629028,-8.151205062866211
3446026979.0,0.4618623554706573,-1.58030104637146,9.698260307312012,3.107339859008789,0.9233676195144652,-8.203509330749512
3446035312.0,0.5011050701141357,-1.5877019166946411,9.836427688598633,3.4129438400268555,1.102744221687317,-8.402405738830566
3446043645.0,0.1732436418533325,-1.2088905572891235,9.82847785949707,3.315763235092163,1.420488715171814,-8.618077278137207
3446051978.0,0.3196735680103302,-0.9388371109962464,10.102652549743652,3.379286766052246,1.5399281978607178,-8.512777328491211
3446060311.0,0.2030813097953796,-0.6931744813919067,10.22220516204834,3.116074800491333,0.8698082566261292,-8.62952709197998
3446068644.0,0.2758928835391998,-0.7101215720176697,10.072049140930176,2.850813627243042,1.4059910774230957,-8.698530197143555
3446076977.0,0.569696843624115,-0.9134603142738342,10.398089408874512,2.7317326068878174,1.295081377029419,-8.651759147644043
3446085310.0,0.5533891320228577,-0.746645450592041,10.13491439819336,2.4876039028167725,1.5112144947052002,-8.788668632507324
3446093643.0,0.7133308053016663,-1.0747556686401367,10.050277709960938,2.4968504905700684,1.6672821044921875,-8.810748100280762
3446101976.0,0.3142047822475433,-1.1142946481704712,9.722043991088867,2.3492355346679688,2.128748178482056,-8.895428657531738
3446110309.0,0.2637577652931213,-1.3362746238708496,9.845640182495115,2.372621297836304,2.577765941619873,-8.693613052368164
3446118642.0,0.2665275633335113,-1.4472324848175049,10.161717414855955,2.3097128868103027,2.0104105472564697,-8.826294898986816
3446126975.0,0.0749422237277031,-1.249711036682129,9.86513614654541,2.3235955238342285,2.1366631984710693,-8.854727745056152
3446135308.0,0.3311035335063934,-1.415258765220642,10.153306007385254,2.7369072437286377,2.238351345062256,-8.897375106811523
3446143641.0,0.2557045519351959,-1.1510069370269775,9.976659774780272,2.570568084716797,1.917456150054932,-8.918839454650879
3446151974.0,0.4089832305908203,-0.9958495497703552,9.947607040405272,2.533453226089477,2.0078744888305664,-8.997679710388184
3446160307.0,0.2638545930385589,-0.6770306825637817,9.629576683044434,2.5420849323272705,2.0289294719696045,-9.016326904296877
3446168640.0,0.2473032176494598,-0.7523329854011536,9.63476848602295,2.272930860519409,2.4336087703704834,-8.95075511932373
3446176973.0,0.249455064535141,-1.1161729097366333,9.848658561706545,2.041506052017212,2.098958730697632,-8.928112030029297
3446185306.0,-0.0054198065772652,-1.1074615716934204,9.616212844848633,1.8529084920883176,2.1792337894439697,-8.916893005371094
3446193639.0,0.036257904022932,-1.3635798692703247,9.80568790435791,2.3865041732788086,2.4515388011932373,-8.898476600646973
3446201972.0,-0.0227192789316177,-1.2894468307495115,9.81850242614746,2.329640388488769,1.878804326057434,-8.846017837524414
3446210305.0,0.2169648855924606,-1.4506592750549316,9.91283130645752,2.277438879013061,1.6248393058776855,-8.811670303344727
3446218638.0,0.5081162452697754,-1.3276082277297974,9.819655418395996,2.3149893283843994,1.2685195207595823,-8.850372314453125
3446226971.0,0.4516248703002929,-1.0168710947036743,9.697243690490724,2.5698764324188232,2.3054864406585693,-8.926215171813965
3446235304.0,0.50697261095047,-1.1844943761825562,10.03982162475586,2.726993560791016,2.4109654426574707,-9.049445152282717
3446243637.0,0.3487667739391327,-1.033237338066101,9.769001960754396,2.4855031967163086,2.2041051387786865,-8.909693717956543
3446251970.0,0.5131641626358032,-1.4029781818389893,9.853137969970703,2.8645942211151123,2.1644287109375,-8.884772300720215
3446260303.0,0.4311041831970215,-1.3775699138641355,9.666409492492676,2.9972755908966064,2.3685996532440186,-8.887768745422363
3446268636.0,0.1696421504020691,-1.442023992538452,9.644166946411133,3.4422712326049805,3.056597948074341,-8.786003112792969
3446276969.0,-0.0166305191814899,-1.4680358171463013,9.931396484375,3.399956464767456,2.748816967010498,-8.974651336669922
3446285302.0,-0.0545737259089946,-1.1898072957992554,9.689190864562988,3.5742876529693604,2.198239326477051,-8.995604515075684
3446293635.0,0.2452819198369979,-1.518288016319275,9.72337818145752,3.720954656600952,2.0206048488616943,-8.93310546875
3446301968.0,0.1839402318000793,-1.3138024806976318,9.415194511413574,3.6764111518859854,2.043503761291504,-9.03866195678711
3446310301.0,0.0968481749296188,-1.117858648300171,9.29348087310791,3.8247945308685294,2.534195899963379,-8.888511657714844
3446318634.0,-0.0131047600880265,-0.8552101254463196,9.656789779663086,3.787500381469727,2.215785026550293,-9.019963264465332
3446326967.0,0.1336582154035568,-0.8815485835075378,9.739202499389648,3.376904249191284,2.084486484527588,-9.012176513671877
3446335300.0,0.2934528589248657,-1.072768211364746,10.084454536437988,3.256286382675171,1.549891710281372,-9.037225723266602
3446343633.0,0.0516816712915897,-0.8328981399536133,9.843162536621094,2.924967050552368,2.1005213260650635,-8.844635963439941
3446351966.0,0.1725261807441711,-0.83130943775177,10.000347137451172,3.1343367099761963,2.390832662582397,-8.914329528808594
3446360299.0,0.0819510892033577,-0.926222801208496,10.046330451965332,2.810368776321411,1.914664506912232,-8.965612411499023
3446368632.0,0.1934101283550262,-1.1123720407485962,9.778409004211426,2.4182915687561035,1.6659245491027832,-8.987587928771973
3446376965.0,0.141246497631073,-1.205885887145996,9.712453842163086,2.492726325988769,1.79325270652771,-9.013227462768556
3446385298.0,0.028997216373682,-1.1459481716156006,9.560189247131348,2.5550458431243896,2.309405565261841,-8.968992233276367
3446393631.0,0.1618037521839141,-1.4688633680343628,9.807428359985352,2.6553516387939453,1.8000662326812744,-8.88646411895752
3446401964.0,-0.0297460854053497,-1.3277390003204346,9.64692211151123,2.5059430599212646,1.356094479560852,-9.057515144348145
3446410297.0,0.1788497865200042,-1.235239028930664,9.51028823852539,2.680504560470581,1.6307560205459597,-9.01017951965332
3446418630.0,-0.020587183535099,-0.8154774904251099,9.812091827392578,2.7270970344543457,1.736747980117798,-9.035282135009766
3446426963.0,-0.1367216259241104,-0.7705855369567871,9.978994369506836,2.4918301105499268,1.945785641670227,-9.010563850402832
3446435296.0,-0.1077734008431434,-1.0227502584457395,10.304492950439451,2.240861654281616,1.4001511335372925,-9.09747314453125
3446443629.0,-0.108194425702095,-0.8041187524795532,9.93270492553711,2.420135736465454,1.3531235456466677,-9.141684532165527
3446451962.0,0.2422529757022857,-1.2855041027069092,10.15634536743164,2.602713823318481,1.0389647483825684,-9.133538246154783
3446460295.0,0.152840107679367,-1.059944987297058,9.666862487792969,2.500641107559204,0.9460106492042542,-9.151366233825684
3446468628.0,0.0967314019799232,-1.4236118793487549,9.734161376953123,2.656324625015259,1.4416718482971191,-8.98574447631836
3446476961.0,-0.1905269473791122,-1.3930622339248655,9.855833053588867,2.7311697006225586,1.2995896339416504,-9.148009300231934
3446485294.0,-0.1226788759231567,-1.239835262298584,9.887434005737305,2.871894121170044,1.276331901550293,-9.034077644348145
3446493627.0,0.0449319556355476,-1.2712441682815552,10.223459243774414,2.978244543075561,0.4010933637619018,-9.110767364501951
3446501960.0,-0.1689742356538772,-0.7683536410331726,9.766212463378906,2.820972442626953,0.5996548533439636,-9.11852741241455
3446510293.0,-0.2060453444719314,-0.8624244928359985,10.088366508483888,3.013566255569458,1.2643444538116455,-9.04014778137207
3446518626.0,-0.2735631763935089,-1.0364022254943848,10.297800064086914,2.87870717048645,0.6593873500823975,-9.111740112304688
3446526959.0,-0.0202122032642364,-1.238288164138794,10.227605819702148,2.6529436111450195,-0.1650709807872772,-9.102007865905762
3446535292.0,0.0684803649783134,-0.8799232840538025,9.933774948120115,2.8339083194732666,-0.0256270468235015,-9.18097686767578
3446543625.0,-0.0544685721397399,-0.6128053665161133,9.99627685546875,3.1033434867858887,0.7716287970542908,-9.2219820022583
3446551958.0,-0.0955136269330978,-0.927837073802948,10.296182632446287,2.9331369400024414,0.433444082736969,-9.34154987335205
3446560291.0,-0.2580586075782776,-1.0246920585632324,10.087018013000488,2.5575051307678223,-0.1417876332998275,-9.199674606323242
3446568624.0,-0.2498530596494674,-1.2398295402526855,10.007013320922852,2.6567087173461914,-0.5183425545692444,-9.255102157592772
3446576957.0,-0.4248561561107635,-0.9934219121932985,9.794208526611328,2.58398962020874,-0.2325132191181183,-9.46713638305664
3446585290.0,-0.2957281172275543,-1.2435579299926758,10.170398712158203,2.560424327850342,-0.2463448941707611,-9.45048713684082
3446593623.0,-0.3252898752689361,-1.265942096710205,10.288115501403809,2.149085760116577,-1.1606707572937012,-9.521183013916016
3446601956.0,-0.1473693251609802,-1.1468591690063477,10.034430503845217,2.297904253005981,-1.0891045331954956,-9.67412567138672
3446610289.0,-0.006129662040621,-1.398727297782898,10.045666694641112,2.584630012512207,-1.224347710609436,-9.532504081726074
3446618622.0,-0.0877862572669982,-1.3477787971496582,9.976373672485352,2.436605453491211,-0.9064238667488098,-9.546899795532228
3446626955.0,-0.0492728985846042,-1.6200764179229736,10.21804428100586,2.3756179809570312,-1.1384376287460327,-9.40576457977295
3446635288.0,-0.2874775528907776,-1.392369031906128,10.051501274108888,2.3128883838653564,-1.3172248601913452,-9.606221199035645
3446643621.0,-0.0981495827436447,-1.6269021034240725,10.193700790405272,2.7319631576538086,-1.3291354179382324,-9.615007400512695
3446651954.0,-0.0018533848924562,-1.661344289779663,10.211657524108888,2.59282660484314,-2.1096012592315674,-9.658295631408691
3446660287.0,0.018245380371809,-1.487063765525818,9.804031372070312,2.656810998916626,-2.1124958992004395,-9.749022483825684
3446668620.0,-0.1553665846586227,-1.401410698890686,9.70034122467041,2.8049895763397217,-1.575186014175415,-9.824430465698242
3446676953.0,-0.2681252658367157,-1.297309398651123,9.945235252380373,2.694387435913086,-1.3908915519714355,-9.957931518554688
3446685286.0,-0.1651772707700729,-1.590370774269104,10.125664710998535,2.452460765838623,-2.0328357219696045,-10.023632049560549
3446693619.0,-0.1550145000219345,-1.468672275543213,9.961793899536133,2.561347007751465,-2.5063915252685547,-10.027167320251465
3446701952.0,0.1847257763147354,-1.5330511331558228,9.91380214691162,3.0276031494140625,-2.1533761024475098,-10.03994846343994
3446710285.0,0.1376056224107742,-1.4392346143722534,10.041033744812012,2.967358350753784,-2.1538116931915283,-10.142303466796877
3446718618.0,0.1318001002073288,-1.4176537990570068,9.967967987060549,2.804964065551758,-1.711837887763977,-10.115511894226074
3446726951.0,0.0527863018214702,-1.30203115940094,10.003015518188477,2.823918581008911,-2.194051742553711,-10.164050102233888
3446735284.0,0.0380863733589649,-1.224038004875183,9.984610557556152,2.938798189163208,-2.189517974853516,-10.227086067199709
3446743617.0,0.1975187510251999,-1.2043920755386353,10.016441345214844,2.660294771194458,-1.91641902923584,-10.312946319580078
3446751950.0,0.1038712784647941,-0.9076874256134032,10.12812042236328,2.2895028591156006,-1.749388575553894,-10.525466918945312
3446760283.0,0.0444498769938945,-1.1277437210083008,10.05829906463623,2.3040008544921875,-1.550673246383667,-10.492297172546388
3446768616.0,0.0182009413838386,-1.0871542692184448,10.04845142364502,2.180616855621338,-1.8770498037338257,-10.646417617797852
3446776949.0,0.3390852510929107,-1.2914074659347534,10.070698738098145,2.019196033477783,-1.8918546438217163,-10.693214416503906
3446785282.0,0.4129316806793213,-1.434704065322876,9.935924530029297,2.004544734954834,-2.03073525428772,-10.857683181762695
3446793615.0,0.2338187098503112,-0.933742105960846,9.686055183410645,2.167169570922852,-0.9438719749450684,-10.819671630859377
3446801948.0,0.2855999767780304,-0.986117959022522,10.149495124816896,2.26084041595459,-0.665496289730072,-10.965006828308104
3446810281.0,0.1414844542741775,-0.9258007407188416,9.903525352478027,1.8382312059402464,-1.576056718826294,-11.189566612243652
3446818614.0,0.3537530899047851,-1.488808274269104,9.808900833129885,1.453812837600708,-1.2211971282958984,-11.100172996520996
3446826947.0,0.4182755351066589,-1.669570803642273,9.707902908325195,1.7416143417358398,-0.6536369323730469,-11.17622184753418
3446835280.0,0.3276309967041015,-1.391383171081543,9.937521934509276,1.802499532699585,-0.0143567789345979,-11.188798904418944
3446843613.0,0.2363795340061187,-1.570784568786621,9.965116500854492,1.7992208003997805,-0.2406585663557052,-11.385848999023438
3446851946.0,0.3549835383892059,-1.6272145509719849,10.0962495803833,1.5994808673858645,-0.3388891518115997,-11.471040725708008
3446860279.0,0.8145119547843933,-1.8860728740692136,10.110837936401367,1.9795194864273071,0.0844757556915283,-11.385208129882812
3446868612.0,0.7198008894920349,-1.9758535623550413,9.889683723449709,2.151365280151367,0.7161996364593506,-11.383670806884766
3446876945.0,0.3836770355701446,-2.0098347663879395,9.442359924316406,2.544800043106079,1.414315700531006,-11.332674026489258
3446885278.0,0.2716922163963318,-2.313714027404785,9.839195251464844,2.7737913131713867,1.5265315771102903,-11.212234497070312
3446893611.0,0.3451043963432312,-2.040923833847046,10.03737735748291,2.687240600585937,1.2093504667282104,-11.23093318939209
3446901944.0,0.4709317684173584,-1.8825623989105225,9.777780532836914,2.913901329040528,1.385576605796814,-11.190463066101074
3446910277.0,0.2550961971282959,-1.5014598369598389,9.545162200927734,3.2509589195251465,2.3201377391815186,-11.388871192932127
3446918610.0,0.2347081452608108,-1.958287477493286,9.792089462280272,3.1009621620178223,2.6596031188964844,-11.180320739746094
3446926943.0,0.1714814305305481,-2.1979596614837646,9.958617210388184,2.818437099456787,2.134383201599121,-11.305983543395996
3446935276.0,0.2022709399461746,-2.024754285812378,9.982599258422852,3.0711472034454346,2.5955162048339844,-11.158138275146484
3446943609.0,0.1916713416576385,-1.928637146949768,9.956146240234377,3.827458381652832,3.015743017196656,-11.119203567504885
3446951942.0,0.0927807614207267,-1.823728322982788,9.958142280578612,3.869106769561768,3.060388803482056,-11.167461395263672
3446960275.0,0.3458165526390075,-2.016024351119995,10.049606323242188,3.739089727401733,2.5184690952301025,-11.13534164428711
3446968608.0,0.1763143688440323,-1.9787839651107788,9.677977561950684,3.653435468673706,2.934239387512207,-11.046639442443848
3446976941.0,0.1727103590965271,-1.810342073440552,9.800332069396973,4.267716407775879,4.147969722747803,-10.96121597290039
3446985274.0,-0.1284293681383133,-1.7186371088027954,9.993494987487791,4.296019554138184,3.8717200756073,-11.026915550231934
3446993607.0,-0.2470705211162567,-1.4796136617660522,10.106435775756836,4.001020908355713,3.5119168758392334,-11.213054656982422
3447001940.0,-0.0794775784015655,-1.4801876544952393,10.012980461120604,3.915929794311523,3.3491127490997314,-11.201322555541992
3447010273.0,-0.2306959182024002,-1.285469651222229,10.01063060760498,3.975457429885864,3.779943704605103,-11.106728553771973
3447018606.0,-0.1238655522465705,-1.54542875289917,10.081012725830078,3.998971700668335,4.094487190246582,-10.981861114501951
3447026939.0,-0.235155239701271,-1.4910888671875,9.941121101379396,3.937011241912842,3.3802595138549805,-11.266204833984377
3447035272.0,-0.0391770489513874,-1.626123309135437,9.755231857299805,3.870157241821289,3.3139188289642334,-11.19648265838623
3447043605.0,-0.1588620543479919,-1.580379843711853,9.726204872131348,4.073150634765625,3.8707468509674072,-11.288618087768556
3447051938.0,-0.3895644843578338,-1.1130867004394531,9.77098560333252,4.042592525482178,4.58415412902832,-11.340255737304688
3447060271.0,-0.4600287675857544,-1.253318428993225,10.034132957458496,4.179270267486572,4.053350925445557,-11.3443021774292
3447068604.0,-0.5804515480995178,-1.385348916053772,9.945940971374512,3.658891916275024,3.480052709579468,-11.548603057861328
3447076937.0,-0.4418487846851349,-1.5906144380569458,9.812761306762695,3.538684129714966,3.801229953765869,-11.51978588104248
3447085270.0,-0.5664587616920471,-1.3706825971603394,9.924168586730955,3.769365787506104,3.978787660598755,-11.462691307067873
3447093603.0,-0.6125874519348145,-1.033537983894348,9.94593620300293,3.808760166168213,4.020948886871338,-11.518965721130373
3447101936.0,-0.5463380813598633,-1.2964614629745483,10.085856437683104,3.4051570892333984,3.4178617000579834,-11.642633438110352
3447110269.0,-0.434040904045105,-1.1157230138778689,9.902721405029297,3.199807643890381,3.380311250686645,-11.666017532348633
3447118602.0,-0.4020111560821533,-1.1983096599578855,9.96181297302246,3.110055446624756,3.531409502029419,-11.548346519470217
3447126935.0,-0.6127792596817017,-1.1626616716384888,9.78675651550293,3.2972185611724854,3.686682939529419,-11.677468299865724
3447135268.0,-0.6305134892463684,-1.2604308128356934,9.962188720703123,3.0180742740631104,3.362483501434326,-11.735074043273926
3447143601.0,-0.5682889819145203,-1.361268162727356,9.89383602142334,2.6029443740844727,2.748048782348633,-11.754949569702148
3447151934.0,-0.6859738230705261,-0.975560426712036,9.750103950500488,2.481507062911988,2.9966604709625244,-11.775260925292969
3447160267.0,-0.9180527329444884,-1.159271478652954,9.725723266601562,2.700406789779663,3.3915810585021973,-11.77451992034912
3447168600.0,-0.9321542978286744,-1.1720683574676514,9.726248741149902,2.532172441482544,2.9058072566986084,-11.87933349609375
3447176933.0,-0.979958176612854,-1.6853961944580078,9.758928298950195,2.278540134429932,1.9627422094345093,-11.735302925109863
3447185266.0,-0.8691827654838562,-1.6480923891067505,9.348953247070312,2.440575361251831,1.7581098079681396,-11.798442840576172
3447193599.0,-0.8316789269447327,-1.4518990516662598,9.49081039428711,2.8551931381225586,2.1114070415496826,-11.749671936035156
3447201932.0,-0.7947502136230469,-1.5189721584320068,9.703584671020508,3.1098501682281494,1.717050313949585,-11.825721740722656
3447210265.0,-0.7073609232902527,-1.480908751487732,9.515817642211914,2.774815559387207,1.0985689163208008,-11.808379173278809
3447218598.0,-0.808060884475708,-1.5923283100128174,9.704522132873535,2.965308666229248,1.2466192245483398,-11.81734561920166
3447226931.0,-0.8951016664505005,-1.3572434186935425,9.498260498046877,3.111361265182495,1.5037860870361328,-11.668066024780272
3447235264.0,-1.0603030920028689,-1.3921809196472168,10.088088035583496,3.2382030487060547,1.1549203395843506,-11.588252067565918
3447243597.0,-1.0453298091888428,-1.386701226234436,9.919283866882324,2.961800098419189,0.0207475330680608,-11.684126853942873
3447251930.0,-0.8920990228652954,-1.2328435182571411,9.888802528381348,2.7334747314453125,-0.0863840281963348,-11.634180068969728
3447260263.0,-0.8617870211601257,-1.3069623708724976,9.807154655456545,2.9881060123443604,-0.0297765508294105,-11.524192810058594
3447268596.0,-0.9519833326339722,-1.2864878177642822,9.798401832580566,2.7204625606536865,-0.0153301209211349,-11.399731636047363
3447276929.0,-0.8441367745399475,-1.5505253076553345,10.063226699829102,2.631760597229004,-0.6230534911155701,-11.406135559082031
3447285262.0,-0.714688777923584,-1.323042869567871,9.736225128173828,2.681119203567505,-1.032266616821289,-11.409977912902832
3447293595.0,-0.7042192220687866,-1.215047836303711,9.897700309753418,2.651637077331543,-0.6162914037704468,-11.253499031066896
3447301928.0,-0.9212728142738342,-1.3521676063537598,9.96541976928711,2.5524585247039795,-0.4430878162384033,-11.237515449523926
3447310261.0,-0.913813292980194,-1.2596417665481567,10.185808181762695,2.475001335144043,-0.5726190805435181,-11.30252456665039
3447318594.0,-0.805776059627533,-1.558252453804016,10.282873153686523,2.3339178562164307,-1.5952675342559814,-11.22668170928955
3447326927.0,-0.7112282514572144,-1.5442503690719604,9.902573585510254,2.5111937522888184,-1.6857882738113403,-11.30406093597412
3447335260.0,-0.4898450076580047,-1.4888637065887451,9.868876457214355,2.2901175022125244,-1.3698877096176147,-11.166820526123049
3447343593.0,-0.4631502628326416,-1.345263957977295,9.85372829437256,2.414628267288208,-1.4739583730697632,-11.241896629333496
3447351926.0,-0.5487841367721558,-1.2612521648406982,9.73255729675293,2.1708579063415527,-1.3540326356887815,-11.206856727600098
3447360259.0,-0.5462266802787781,-1.4669305086135864,10.04146957397461,2.112713575363159,-1.1991945505142212,-11.13298511505127
3447368592.0,-0.6415790915489197,-1.3047633171081543,10.066977500915527,2.052673816680908,-1.302419900894165,-11.19740390777588
3447376925.0,-0.547705888748169,-1.3831769227981567,10.1246337890625,2.1152493953704834,-1.4204248189926147,-11.07227897644043
3447385258.0,-0.379658043384552,-1.5268290042877195,10.023663520812988,2.1305408477783203,-1.7492858171463013,-11.17724609375
3447393591.0,-0.3787741661071777,-1.4014289379119873,9.745899200439451,2.079517602920532,-1.4700907468795776,-11.261900901794434
3447401924.0,-0.3486711978912353,-1.5047918558120728,9.838153839111328,2.052340507507324,-1.240791916847229,-11.269866943359377
3447410257.0,-0.3240276873111725,-1.4079231023788452,9.590340614318848,2.0387654304504395,-1.4114598035812378,-11.30483055114746
3447418590.0,-0.2915440499782562,-1.9478046894073489,9.65384578704834,2.0499587059021,-1.4732413291931152,-11.16592502593994
3447426923.0,-0.4104647934436798,-2.243358612060547,9.312307357788086,2.312427520751953,-1.216842770576477,-11.178399085998535
3447435256.0,-0.6155831813812256,-2.098299980163574,9.58008861541748,2.9245567321777344,-0.8085774183273315,-11.18557071685791
3447443589.0,-0.7009903788566589,-1.9493212699890137,9.765886306762695,3.47042202949524,-0.8144943714141846,-11.255241394042969
3447451922.0,-0.476961612701416,-1.7311431169509888,9.83824634552002,3.453183889389038,-1.2962214946746826,-11.304832458496094
3447460255.0,-0.1997254788875579,-1.580324411392212,9.83387851715088,3.5884525775909424,-1.258004903793335,-11.248865127563477
3447468588.0,-0.0527658462524414,-1.6754813194274902,9.7278470993042,3.713296413421631,-0.4345327615737915,-11.265180587768556
3447476921.0,-0.0917358547449112,-1.590230941772461,9.855487823486328,4.026455402374268,0.0280219726264476,-11.2529878616333
3447485254.0,-0.2418238669633865,-1.509346604347229,9.89666748046875,3.948409557342529,-0.3747747540473938,-11.223584175109863
3447493587.0,-0.2608985900878906,-1.3465425968170166,9.852547645568848,3.8322229385375977,-0.0340285114943981,-11.163030624389648
3447501920.0,-0.2667910456657409,-1.4605377912521362,9.988049507141112,3.9480252265930176,-0.0080556767061352,-11.18190860748291
3447510253.0,-0.4079843759536743,-1.441413164138794,9.938908576965332,3.802510261535645,0.4045512676239013,-11.046382904052734
3447518586.0,-0.139890655875206,-1.4118826389312744,10.014183044433594,3.861500024795532,0.4185110032558441,-11.027888298034668
3447526919.0,-0.2275455594062805,-1.372454047203064,9.85085391998291,3.680356025695801,0.1115243807435035,-11.019923210144045
3447535252.0,-0.315582662820816,-1.3489387035369873,9.603276252746582,3.5129666328430176,0.8058750629425049,-11.024686813354492
3447543585.0,-0.2403409034013748,-1.4657831192016602,9.967013359069824,3.684607982635498,1.218033790588379,-10.974892616271973
3447551918.0,-0.4154852330684662,-1.3920918703079224,9.98139762878418,3.5721609592437744,1.1009254455566406,-11.008191108703612
3447560251.0,-0.3108610212802887,-1.368915557861328,9.96010398864746,3.329261779785156,1.1526918411254885,-11.021254539489746
3447568584.0,-0.2396674007177353,-1.352237105369568,9.913989067077637,3.5198311805725098,1.1126824617385864,-11.132905960083008
3447576917.0,-0.3269949853420257,-1.3881324529647827,10.03053855895996,3.248448848724365,1.6200748682022097,-10.967876434326172
3447585250.0,-0.3599368929862976,-1.4674888849258425,9.955484390258787,3.3081295490264893,1.5977647304534912,-11.11349105834961
3447593583.0,-0.4285408854484558,-1.3360445499420166,9.941303253173828,3.2907888889312744,1.6011714935302734,-11.091028213500977
3447601916.0,-0.2734769582748413,-1.2997616529464722,9.928302764892578,3.2489352226257324,1.6804474592208862,-11.115157127380373
3447610249.0,-0.322908490896225,-1.366632342338562,10.13629913330078,3.0746304988861084,1.6181025505065918,-11.054938316345217
3447618582.0,-0.5616395473480225,-1.0546302795410156,10.030977249145508,3.0697121620178223,2.473464250564575,-10.850919723510742
3447626915.0,-0.6513233780860901,-1.2232764959335327,10.50009536743164,3.066689968109131,2.640059471130371,-10.87891674041748
3447635248.0,-0.5321260690689087,-1.058224320411682,10.353260040283203,2.9043471813201904,1.827780604362488,-10.976840019226074
3447643581.0,-0.4144958853721618,-1.2675315141677856,10.150532722473145,2.691185712814331,1.638235569000244,-10.9700288772583
3447651914.0,-0.3423816561698913,-1.2976850271224976,9.916728019714355,2.609732151031494,2.15897274017334,-10.932655334472656
3447660247.0,-0.5338858366012573,-1.1608961820602417,9.98524284362793,2.769436836242676,2.828221559524536,-10.969796180725098
3447668580.0,-0.6491236090660095,-1.6366230249404907,10.172863006591797,2.762367248535156,2.498898983001709,-11.002273559570312
3447676913.0,-0.6516250967979431,-1.686768889427185,9.863343238830566,2.742849349975586,2.0162503719329834,-11.029016494750977
3447685246.0,-0.557754635810852,-1.634206771850586,9.843175888061523,3.1179187297821045,1.9842071533203125,-11.00619411468506
3447693579.0,-0.6711190938949585,-1.5434528589248655,9.676129341125488,3.4694483280181885,2.3426525592803955,-10.95230197906494
3447701912.0,-0.7180194854736328,-1.344465970993042,9.92597484588623,3.623364210128784,2.5114760398864746,-10.996206283569336
3447710245.0,-0.609794557094574,-1.5645257234573364,9.910635948181152,3.6220834255218506,1.9627422094345093,-11.052966117858888
3447718578.0,-0.8065149188041687,-1.464423418045044,9.934184074401855,3.64352297782898,2.159331560134888,-10.97714900970459
3447726911.0,-0.7239324450492859,-1.4720559120178225,9.911269187927246,3.9973323345184326,2.300978183746338,-10.858169555664062
3447735244.0,-0.7813779711723328,-1.165072679519653,10.22776985168457,4.214822769165039,1.866893649101257,-10.856606483459473
3447743577.0,-0.7572099566459656,-1.0394984483718872,10.120110511779783,3.9688241481781006,1.623660922050476,-10.82297706604004
3447751910.0,-0.6286328434944153,-1.1713637113571167,9.987884521484377,3.896873235702514,1.4838838577270508,-10.760682106018066
3447760243.0,-0.682396650314331,-1.0771130323410034,9.981901168823242,3.7389869689941406,1.8099019527435305,-10.657764434814451
3447768576.0,-0.6708179712295532,-1.2606014013290403,9.98566436767578,3.847207307815552,1.694074630737305,-10.51732063293457
3447776909.0,-0.5626686215400696,-1.1495102643966677,9.818360328674316,3.834041357040405,1.0111219882965088,-10.471548080444336
3447785242.0,-0.6553792953491211,-1.1559768915176392,9.685233116149902,3.705995798110962,1.1272313594818115,-10.35477352142334
3447793575.0,-0.9735537171363832,-1.25922429561615,9.718317985534668,3.498494863510132,1.793893337249756,-10.193096160888672
3447801908.0,-1.0965447425842283,-1.3051823377609253,10.004217147827148,3.635146617889404,1.8769088983535769,-10.24107265472412
3447810241.0,-1.02934992313385,-1.3747316598892212,10.18448257446289,3.7357852458953857,0.7087715864181519,-10.172707557678224
3447818574.0,-0.830521821975708,-1.4846529960632324,9.9452486038208,3.6931631565094,0.0771500766277313,-10.082263946533203
3447826907.0,-0.655798614025116,-1.2418612241744995,9.670554161071776,3.641857862472534,0.4131576716899872,-9.93718433380127
3447835240.0,-0.6789548993110657,-1.3715779781341553,9.677838325500488,3.752485513687134,0.5519099831581116,-10.010160446166992
3447843573.0,-0.6526581645011902,-1.39570415019989,9.666276931762695,3.785451412200928,0.5626680254936218,-9.853835105895996
3447851906.0,-0.6642135977745056,-1.4937446117401123,9.763503074645996,3.813371181488037,0.0192619077861309,-9.888620376586914
3447860239.0,-0.7693609595298767,-1.2839692831039429,9.610183715820312,3.781327724456787,0.0428270101547241,-9.878503799438477
3447868572.0,-0.9559769630432128,-1.1309502124786377,9.671924591064451,3.764371395111084,0.5883334279060364,-9.71656894683838
3447876905.0,-0.957142412662506,-1.2678736448287964,10.02165699005127,3.7838118076324463,0.1778908818960189,-9.633527755737305
3447885238.0,-0.8711867928504944,-1.1896427869796753,9.965309143066406,3.6366586685180655,-0.5607597231864929,-9.608348846435549
3447893571.0,-0.6050699949264526,-1.1961661577224731,9.78644847869873,3.5751068592071533,-0.6425971984863281,-9.532171249389648
3447901904.0,-0.4814561009407043,-1.176491618156433,9.502178192138672,3.654511451721192,-0.4013623297214508,-9.697486877441406
3447910237.0,-0.5849693417549133,-1.117788791656494,9.64876651763916,3.64536714553833,0.1987921148538589,-9.697537422180176
3447918570.0,-0.7813570499420166,-1.4960871934890747,9.8024263381958,3.616909742355346,0.1124465018510818,-9.525153160095217
3447926903.0,-1.064079999923706,-1.388095498085022,9.68035888671875,3.7679309844970703,-0.1206558644771575,-9.495441436767578
3447935236.0,-0.844388484954834,-1.2301907539367676,9.8716459274292,4.029964447021484,-0.3818954527378082,-9.520901679992676
3447943569.0,-0.675709068775177,-1.0571705102920532,9.71360969543457,4.239489555358887,-1.17414391040802,-9.47646141052246
3447951902.0,-0.5876300930976868,-1.053081512451172,9.530945777893066,3.957118272781372,-0.7786600589752197,-9.482763290405272
3447960235.0,-0.6164557933807373,-1.1010897159576416,9.684247970581056,3.873718023300171,-0.1030076518654823,-9.495492935180664
3447968568.0,-0.8148371577262878,-1.0485039949417114,9.900776863098145,4.145971298217773,0.0047386335209012,-9.44216251373291
3447976901.0,-0.8182122707366943,-0.9347078800201416,10.120171546936035,4.22896146774292,-0.361813873052597,-9.35312843322754
3447985234.0,-0.7944654822349548,-1.0725948810577393,10.06409740447998,4.178194046020508,-0.9748650193214417,-9.317012786865234
3447993567.0,-0.9031016230583192,-1.0312731266021729,9.9368314743042,4.126991748809815,-0.6317110657691956,-9.359813690185549
3448001900.0,-0.7856701612472534,-1.0501940250396729,10.151434898376465,4.275835514068604,-0.1513929516077041,-9.16230297088623
3448010233.0,-0.9017748832702636,-1.129184365272522,10.243070602416992,4.521501541137695,-0.7627534866333008,-9.196317672729492
3448018566.0,-0.8617740869522095,-1.1221424341201782,10.049015998840332,4.441918849945068,-1.075810790061951,-9.10605239868164
3448026899.0,-0.6144771575927734,-1.1779333353042605,10.090530395507812,4.40413761138916,-1.178575038909912,-9.100469589233398
3448035232.0,-0.6466525793075562,-0.8959033489227295,9.969329833984377,4.58576774597168,-0.785498857498169,-8.886204719543457
3448043565.0,-0.8521104454994202,-0.8282051682472229,10.151012420654297,4.379342555999756,-0.411607950925827,-8.756802558898926
3448051898.0,-1.0448167324066162,-0.9445221424102784,10.178226470947266,4.3872575759887695,-0.5966708064079285,-8.660314559936523
3448060231.0,-1.13578200340271,-0.8535978198051453,10.289074897766112,4.376499176025391,-0.9349835515022278,-8.615899085998535
3448068564.0,-0.8007839918136597,-1.0992203950881958,10.580219268798828,4.355598449707031,-1.3527005910873413,-8.500020027160645
3448076897.0,-0.6251987218856812,-0.8597307205200195,10.264577865600586,4.367354869842529,-1.816036343574524,-8.4983549118042
3448085230.0,-0.5121252536773682,-0.5082029104232788,10.189393997192385,4.205064296722412,-1.3944522142410278,-8.346670150756836
3448093563.0,-0.4805102944374084,-0.6790378093719482,10.115215301513672,4.1959967613220215,-1.4417357444763184,-8.268288612365723
3448101896.0,-0.5982090830802917,-0.6287039518356323,10.139809608459473,3.757916450500488,-1.3512920141220093,-8.208351135253906
3448110229.0,-0.6653339862823486,-0.5583831071853638,10.23300075531006,3.484945058822632,-1.5035171508789062,-8.02592658996582
3448118562.0,-0.8350513577461243,-0.3716858029365539,10.138261795043944,3.4677574634552,-1.6186788082122805,-7.966679573059082
3448126895.0,-0.6419815421104431,-0.3729768395423889,10.167328834533691,3.3279037475585938,-1.467349886894226,-7.869960784912109
3448135228.0,-0.4174244403839111,-0.7728789448738098,10.36091136932373,2.970277786254883,-2.0365750789642334,-7.714968681335449
3448143561.0,-0.4978266656398773,-0.6391100287437439,10.125483512878418,2.745615243911743,-1.9417768716812127,-7.73758602142334
3448151894.0,-0.4248279929161072,-0.4490059614181518,10.125570297241213,2.8639020919799805,-1.4241899251937866,-7.7236008644104
3448160227.0,-0.3200602531433105,-0.6431372761726379,10.232757568359377,2.900709390640259,-1.692473292350769,-7.628084182739258
3448168560.0,-0.119264893233776,-0.7291855216026306,10.010750770568848,2.563779830932617,-2.12192177772522,-7.721603393554687
3448176893.0,-0.1720106154680252,-0.97632497549057,9.792174339294434,2.6442081928253174,-1.5823063850402832,-7.581441879272461
3448185226.0,-0.3442976772785187,-0.9664666056632996,9.63778018951416,3.052217721939087,-0.6025876998901367,-7.578393936157227
3448193559.0,-0.3029266893863678,-1.044748067855835,10.031570434570312,3.232567548751831,-0.746078610420227,-7.46881628036499
3448201892.0,-0.1834882497787475,-1.2543994188308716,9.928800582885742,3.3472936153411865,-1.7661142349243164,-7.4562907218933105
3448210225.0,-0.1914847493171692,-0.9731341004371644,9.460444450378418,3.5012097358703613,-1.583407998085022,-7.371174335479736
3448218558.0,-0.3125450909137726,-0.8206284642219543,9.552417755126951,4.009037494659424,-0.0912507101893425,-7.358137130737305
3448226891.0,-0.4276218116283417,-0.9208990335464478,9.702180862426758,4.038314342498779,-0.1238832399249076,-7.47573184967041
3448235224.0,-0.2704400718212127,-1.0105069875717163,9.845288276672363,3.9057865142822266,-0.888109564781189,-7.422326564788818
3448243557.0,0.1192977055907249,-0.9360786080360411,9.650545120239258,4.123302459716797,-1.1088786125183103,-7.424759864807129
3448251890.0,0.0517833568155765,-0.7408263087272644,9.415605545043944,4.394224643707275,-0.0645094513893127,-7.164493560791016
3448260223.0,-0.1667357236146927,-0.5621005296707153,9.633331298828123,4.43246603012085,0.8641986846923828,-7.1671576499938965
3448268556.0,-0.4472028613090515,-0.7235959768295288,9.848745346069336,4.13439416885376,0.3400546312332153,-7.015444755554199
3448276889.0,-0.5299473404884338,-0.8562015295028687,9.772541046142578,4.0308356285095215,-0.0050844266079366,-6.974999904632568
3448285222.0,0.2113864570856094,-0.7853529453277588,9.9697904586792,4.115209102630615,-0.1352816075086593,-6.815834045410156
3448293555.0,0.3507194519042969,-0.6089996695518494,9.710712432861328,4.09845781326294,-0.0072360225021839,-6.819010257720947
3448301888.0,0.0280140303075313,-0.2698811292648315,9.35743522644043,3.945848226547241,1.1448795795440674,-6.802617073059082
3448310221.0,-0.2829766273498535,-0.2731128334999084,9.769293785095217,3.6328415870666495,1.8688914775848389,-6.716449737548828
3448318554.0,-0.408405989408493,-0.6237081289291382,9.993375778198242,3.2106165885925293,1.2074551582336426,-6.647470951080322
3448326887.0,-0.3246362805366516,-0.4736059606075287,9.95053768157959,2.997377872467041,0.8138411641120911,-6.644089698791504
3448335220.0,-0.10833241045475,-0.8052226305007935,9.809365272521973,3.242915868759156,1.14703106880188,-6.554771900177002
3448343553.0,-0.1619278341531753,-0.4878654181957245,9.662026405334473,3.2621266841888428,1.760901927947998,-6.508180618286133
3448351886.0,-0.1035971790552139,-0.5937167406082153,10.053065299987791,3.1605918407440186,2.0704500675201416,-6.400882244110107
3448360219.0,-0.0259582456201314,-0.8432134389877319,9.859891891479492,2.91797399520874,1.853958368301392,-6.383516311645508
3448368552.0,-0.2369679659605026,-0.834819495677948,9.836405754089355,3.057647943496704,2.27042007446289,-6.324756145477295
3448376885.0,-0.2059428691864013,-0.9498858451843262,9.83574104309082,3.229391574859619,2.642441511154175,-6.31627893447876
3448385218.0,-0.2235072553157806,-0.9119538068771362,9.976948738098145,3.225011110305786,2.385197401046753,-6.319018840789795
3448393551.0,-0.1701942533254623,-0.7325484156608582,10.00427532196045,3.1978347301483154,2.538883209228516,-6.3417134284973145
3448401884.0,-0.2239830493927002,-0.7570873498916626,10.035933494567873,3.352160930633545,3.0489909648895264,-6.195687294006348
3448410217.0,-0.4704068303108215,-0.6830165386199951,10.12497615814209,3.3889429569244385,3.2731151580810547,-6.058035373687744
3448418550.0,-0.490893006324768,-0.5238341093063354,10.21518611907959,3.431846618652344,3.3571557998657227,-5.986419200897217
3448426883.0,-0.2825410068035126,-0.8260244727134705,10.372011184692385,3.333564758300781,2.793642282485962,-6.07916784286499
3448435216.0,-0.3505161702632904,-0.6315560936927795,10.118489265441896,3.2710659503936768,2.947711706161499,-5.946793079376221
3448443549.0,-0.4981096684932709,-0.6056904196739197,9.986892700195312,3.553975820541382,3.925177335739136,-5.957961559295654
3448451882.0,-0.4636302292346954,-0.7245509624481201,10.259883880615234,3.69067907333374,3.56824278831482,-5.948688983917236
3448460215.0,-0.5321292877197266,-0.4594139754772186,10.09162425994873,3.456026554107666,2.999965190887451,-5.932295799255371
3448468548.0,-0.3450538516044616,-0.5095474720001221,9.798115730285645,3.536583185195923,3.166175842285156,-5.943592071533203
3448476881.0,-0.6561596989631653,-0.2784034311771393,9.837125778198242,3.6701619625091553,3.686273097991944,-5.921461582183838
3448485214.0,-0.8278596997261047,-0.3333793878555298,9.982175827026367,3.590885877609253,3.904096364974976,-5.870821952819824
3448493547.0,-0.7066660523414612,-0.4914316833019256,10.288251876831056,3.4395053386688232,3.1752688884735107,-5.952300548553467
3448501880.0,-0.6632936596870422,-0.3166413903236389,9.884620666503906,3.622775077819824,2.6517140865325928,-5.91946268081665
3448510213.0,-0.6570107936859131,-0.4283030331134796,9.800028800964355,3.5805630683898926,3.169275283813477,-5.8559393882751465
3448518546.0,-0.7685481309890747,-0.723823070526123,10.004216194152832,3.678358316421509,3.4847662448883057,-5.8736653327941895
3448526879.0,-0.8211790323257446,-0.4527925848960876,10.114706039428713,3.778586626052856,3.1799819469451904,-5.705174446105957
3448535212.0,-0.8199596405029297,-0.3965079188346863,10.08792209625244,3.779329299926758,2.6116530895233154,-5.739292144775391
3448543545.0,-0.9234578609466552,-0.3818631768226623,9.701038360595703,3.815906286239624,2.494211912155152,-5.832528114318848
3448551878.0,-0.9231250286102296,-0.2161837667226791,9.84376621246338,3.628308057785034,2.9663593769073486,-5.686578750610352
3448560211.0,-0.8273202776908875,-0.187384083867073,10.204751968383787,3.3863296508789062,2.2738523483276367,-5.632019519805908
3448568544.0,-0.8181877732276917,0.0441183857619762,9.951285362243652,3.28978967666626,1.662081956863403,-5.4561262130737305
3448576877.0,-0.9323038458824158,0.006267555989325,10.005410194396973,2.9683308601379395,2.045475721359253,-5.392833232879639
3448585210.0,-1.0420958995819092,-0.2672936618328094,10.039173126220703,2.502664566040039,2.1645565032958984,-5.1993184089660645
3448593543.0,-1.0904200077056885,-0.1864718198776245,10.217259407043455,2.3975181579589844,1.5249948501586914,-5.277006149291992
3448601876.0,-0.7210419774055481,-0.3855558037757873,9.908628463745115,2.375566244125366,0.6669178009033203,-5.296831130981445
3448610209.0,-0.6338635683059692,-0.6328646540641785,9.577268600463867,2.1708321571350098,0.2869306802749634,-5.218760013580322
3448618542.0,-0.7299990057945251,-0.5555616617202759,9.13185977935791,2.2950353622436523,1.2729761600494385,-5.118607521057129
3448626875.0,-0.9691095352172852,-0.8575484156608582,9.567139625549316,2.416985034942627,1.490774154663086,-5.018302917480469
3448635208.0,-1.1492658853530884,-1.064252495765686,9.567606925964355,2.5790462493896484,0.6170981526374817,-4.967100143432617
3448643541.0,-0.97946035861969,-0.8263468742370605,9.560166358947754,2.6953861713409424,0.0785332471132278,-5.029983043670654
3448651874.0,-0.7004958987236023,-0.7988828420639038,9.59681510925293,2.9388749599456787,-0.2539779543876648,-4.9324951171875
3448660207.0,-0.5679341554641724,-0.3848359882831573,9.487483978271484,3.040435552597046,-0.1782366633415222,-4.876399993896484
3448668540.0,-0.6632987856864929,-0.3833962678909302,9.572123527526855,2.778606414794922,0.1518155485391616,-4.950987815856934
3448676873.0,-0.8628183007240295,-0.4815850257873535,9.57766342163086,2.6134462356567383,0.121667630970478,-4.84197473526001
3448685206.0,-0.8810395002365112,-0.4422799944877624,9.674379348754885,2.504790544509888,-0.1835644245147705,-4.856010913848877
3448693539.0,-0.6804677248001099,-0.684097170829773,10.006966590881348,2.749329090118408,-0.6149337291717529,-4.810391426086426
3448701872.0,-0.6459040641784668,-0.6433224678039551,9.6258544921875,2.936851501464844,-0.7620363235473633,-4.8197922706604
3448710205.0,-0.7534752488136292,-0.7033707499504089,9.66118049621582,3.034287929534912,-0.1804138571023941,-4.67041015625
3448718538.0,-0.5580846071243286,-0.977858066558838,9.536638259887695,3.219017744064331,-0.406613141298294,-4.70988130569458
3448726871.0,-0.6353848576545715,-0.9160192608833312,9.468605995178224,3.1513452529907227,-1.2074934244155884,-4.739773750305176
3448735204.0,-0.5956703424453735,-0.8347844481468201,9.27635669708252,3.3830771446228027,-0.6960540413856506,-4.670691967010498
3448743537.0,-0.5729019641876221,-0.7746610045433044,9.554818153381348,3.8545584678649902,-0.5192389488220215,-4.612086772918701
3448751870.0,-0.7011653780937195,-0.3261599540710449,9.862598419189451,3.853456974029541,-0.5487977862358093,-4.636265754699707
3448760203.0,-0.5288788080215454,-0.3587969243526459,9.825262069702148,3.8909308910369873,-1.041103482246399,-4.535295486450195
3448768536.0,-0.494621992111206,-0.6027103066444397,9.749256134033203,3.982194185256958,-1.1460193395614624,-4.579684734344482
3448776869.0,-0.498066246509552,-0.658660888671875,9.709779739379885,4.226963996887207,-0.4932405054569244,-4.425460815429688
3448785202.0,-0.3832025229930877,-0.5475960373878479,9.996545791625977,4.202886581420898,-0.52372145652771,-4.457197189331055
3448793535.0,-0.4420526623725891,-0.1858728528022766,10.05731201171875,4.379547595977783,-0.7969998121261597,-4.428381443023682
3448801868.0,-0.4099449217319488,-0.0229349993169307,10.009833335876465,4.137595653533936,-0.7232819199562073,-4.388448238372803
3448810201.0,-0.4287109375,-0.2295205295085907,10.077733039855955,3.818851947784424,-0.5965170860290527,-4.229640483856201
3448818534.0,-0.5444989800453186,-0.1435896754264831,9.947803497314451,3.686502933502197,-0.3713935911655426,-4.165783882141113
3448826867.0,-0.4361049830913543,-0.1166295483708381,10.21023941040039,3.675770998001098,-0.4281803369522095,-4.016299247741699
3448835200.0,-0.478636622428894,-0.0395017676055431,10.010275840759276,3.5817666053771973,-1.0033992528915403,-3.907771587371826
3448843533.0,-0.3151488900184631,0.0929600968956947,10.08286476135254,3.3891217708587646,-0.5601193308830261,-3.806954145431519
3448851866.0,-0.3428374230861664,-0.0372634269297122,10.103271484375,2.9654369354248047,-0.3351494371891022,-3.616358518600464
3448860199.0,-0.4625789225101471,-0.1382467150688171,10.131582260131836,2.8603932857513428,-0.1786208748817443,-3.554654121398926
3448868532.0,-0.47386634349823,-0.0562428683042526,10.160393714904783,2.970226764678955,-0.2955242395401001,-3.536672592163086
3448876865.0,-0.4061733484268188,-0.2510376870632171,10.098224639892578,2.6460275650024414,-0.70606929063797,-3.5630042552948
3448885198.0,-0.431847870349884,-0.15125173330307,9.968786239624023,2.7565271854400635,-0.4741579294204712,-3.3919780254364014
3448893531.0,-0.3638064861297607,-0.2222356498241424,9.934613227844238,2.9262471199035645,-0.0400222428143024,-3.1960034370422363
3448901864.0,-0.413262128829956,-0.679976224899292,9.979337692260742,2.9363391399383545,-0.2236250936985016,-3.070314645767212
3448910197.0,-0.4951869249343872,-0.6426868438720703,9.887214660644531,2.759651899337769,-0.1582831591367721,-3.080636501312256
3448918530.0,-0.3235787153244018,-0.1709395498037338,10.118219375610352,3.043637275695801,-0.035309225320816,-3.019009113311768
3448926863.0,-0.2585442364215851,0.0683722645044326,10.196125984191896,3.393118143081665,-0.1648148000240326,-3.023133039474488
3448935196.0,-0.3313276171684265,0.1268741488456726,10.184369087219238,2.983341217041016,0.0871908590197563,-3.00525426864624
3448943529.0,-0.3017574548721313,0.1554911881685257,10.301247596740724,2.666031837463379,0.3316786885261535,-2.856409788131714
3448951862.0,-0.333393394947052,0.0964985117316246,10.198533058166504,2.520593881607056,0.4237362146377563,-2.752927780151367
3448960195.0,-0.235348030924797,-0.0811367705464363,10.16871738433838,2.501255750656128,0.3990697860717773,-2.731617450714112
3448968528.0,-0.1498809307813644,-0.3478831648826599,10.095794677734377,2.753453016281128,0.6015247106552124,-2.653186321258545
3448976861.0,-0.2668937742710113,-0.3921198546886444,9.840692520141602,2.875018835067749,0.7045707106590271,-2.5413801670074463
3448985194.0,-0.4108233153820038,-0.4790732264518738,9.700749397277832,3.407820463180542,1.0243133306503296,-2.677084684371948
3448993527.0,-0.564261794090271,-0.8210676312446594,9.706338882446287,3.5180892944335938,0.9154270887374878,-2.5996785163879395
3449001860.0,-0.5432469248771667,-0.6129714846611023,9.773689270019531,3.374573230743408,0.6523946523666382,-2.535438060760498
3449010193.0,-0.3851166665554046,-0.2178053855895996,9.66588020324707,3.836141586303711,0.7347443699836731,-2.4368231296539307
3449018526.0,-0.3350896835327148,-0.1292371898889541,9.61949062347412,4.134393692016602,0.8412739038467407,-2.375067234039306
3449026859.0,-0.4395598769187927,-0.1014918833971023,9.844297409057615,4.095025062561035,1.073851227760315,-2.325580596923828
3449035192.0,-0.502203106880188,0.0064415913075208,9.889805793762209,3.9433884620666495,1.129382848739624,-2.238287210464477
3449043525.0,-0.5106858611106873,0.1861637830734253,9.94640827178955,4.0938720703125,0.8337433934211731,-2.2758889198303223
3449051858.0,-0.423803448677063,0.401232898235321,9.914215087890623,4.135366916656494,0.8872514367103577,-2.125251531600952
3449060191.0,-0.2166177034378051,-0.0499191619455814,10.037993431091309,3.754765510559082,0.8641218543052673,-2.117925882339477
3449068524.0,-0.3493711948394775,0.0059565813280642,9.816426277160645,3.629460096359253,0.8202958703041077,-1.8814550638198853
3449076857.0,-0.4968363046646118,0.141012892127037,9.87456226348877,3.827996253967285,1.629295825958252,-1.6749789714813232
3449085190.0,-0.5760656595230103,0.0019381695892661,10.004453659057615,3.81898045539856,1.319056272506714,-1.622802734375
3449093523.0,-0.5244767665863037,0.1910915672779083,9.900304794311523,3.5120439529418945,0.7200929522514343,-1.705203413963318
3449101856.0,-0.4720369875431061,0.1806114017963409,9.802184104919434,3.278160333633423,0.7640212774276733,-1.4659663438796997
3449110189.0,-0.4609057307243347,0.1554198414087295,9.817841529846191,3.4749038219451904,1.1801501512527466,-1.2957345247268677
3449118522.0,-0.7072086334228516,0.2962751388549804,10.045437812805176,3.182901620864868,1.339496374130249,-1.2230411767959597
3449126855.0,-0.6456942558288574,0.2387563735246658,10.145340919494627,2.940745115280152,1.00251567363739,-0.996560275554657
3449135188.0,-0.473809152841568,0.3194707036018371,10.072858810424805,2.824455976486206,0.2694873511791229,-1.135748028755188
3449143521.0,-0.3721975088119507,0.321917712688446,9.93352222442627,2.629711151123047,0.7238326668739319,-1.0061912536621094
3449151854.0,-0.4426374137401581,0.1947474926710128,10.025701522827148,2.709012746810913,1.2382689714431765,-0.6445438265800476
3449160187.0,-0.7642583250999451,0.4606061577796936,10.097738265991213,2.5414187908172607,1.2464141845703125,-0.6220288872718811
3449168520.0,-0.6773810982704163,0.3992861807346344,10.080944061279297,2.458607912063598,0.7855629324913025,-0.6705935001373291
3449176853.0,-0.4450559914112091,-0.1002308502793312,9.923972129821776,2.349388837814331,0.2288887947797775,-0.6843483448028564
3449185186.0,-0.4670640826225281,-0.0537349916994571,9.79220485687256,2.251542568206787,0.7111793160438538,-0.5454936027526855
3449193519.0,-0.5529284477233887,0.3965974748134613,9.81797218322754,2.4907541275024414,1.2896255254745483,-0.4817653298377991
3449201852.0,-0.548820972442627,0.4413449168205261,10.100800514221191,2.701892137527466,0.6817485690116882,-0.5383984446525574
3449210185.0,-0.5551948547363281,0.4511889815330505,9.984868049621582,2.316679716110229,0.2632375061511993,-0.4781537353992462
3449218518.0,-0.6074069142341614,0.0827364772558212,10.146892547607422,2.0205533504486084,0.8966518640518188,-0.1630218029022216
3449226851.0,-0.7025883197784424,0.2156307101249694,10.129016876220703,2.2408103942871094,1.061838150024414,-0.1834619790315628
3449235184.0,-0.6665147542953491,0.315509021282196,10.21302604675293,2.7351648807525635,0.7350517511367798,-0.1211169213056564
3449243517.0,-0.3659486174583435,-0.345357596874237,9.930145263671877,2.608272075653076,0.0577601008117198,-0.1802089661359787
3449251850.0,-0.2409734576940536,-0.1536430865526199,9.477337837219238,2.7085771560668945,0.2078339010477066,-0.077777624130249
3449260183.0,-0.2467518001794815,-0.0150178745388984,9.817280769348145,3.101755380630493,1.2005902528762815,0.0892655998468399
3449268516.0,-0.4690952599048614,-0.0313831157982349,9.745722770690918,3.4281318187713623,1.4461026191711426,-0.0144848469644784
3449276849.0,-0.619031548500061,0.0603842586278915,9.837160110473633,3.521521806716919,1.0342772006988523,0.1014067456126213
3449285182.0,-0.4964289963245392,-0.0108119146898388,9.840170860290527,3.384409189224243,0.567227303981781,0.2627252340316772
3449293515.0,-0.4381883442401886,0.1910060048103332,9.603095054626465,3.634787559509277,0.4439971148967743,0.290900856256485
3449301848.0,-0.4417963922023773,0.5435335636138916,9.780903816223145,3.901892900466919,1.184248447418213,0.329450249671936
3449310181.0,-0.4155634045600891,0.46644327044487,9.983243942260742,3.775588989257813,1.108122706413269,0.5511926412582397
3449318514.0,-0.3216650187969208,0.4024314880371094,9.910683631896973,3.575695753097534,0.3960216641426086,0.5221717357635498
3449326847.0,-0.1253325790166854,0.3045516014099121,9.68098258972168,3.5859155654907227,0.9228039383888244,0.6633829474449158
3449335180.0,-0.2023256570100784,0.2375820726156234,9.567230224609377,3.794159412384033,1.52394437789917,0.8911704421043396
3449343513.0,-0.430480033159256,0.0970954149961471,9.779685020446776,4.016388893127441,1.6484555006027222,1.0958796739578247
3449351846.0,-0.5806831121444702,0.158102348446846,9.645861625671388,3.8663408756256095,1.2235920429229736,1.169084906578064
3449360179.0,-0.4625200927257538,-0.0792743563652038,9.647263526916504,3.95885968208313,0.8671444058418274,1.300229787826538
3449368512.0,-0.2780579030513763,0.1155508384108543,9.402496337890623,4.049713611602783,0.9432698488235474,1.574071764945984
3449376845.0,-0.2010324895381927,0.2999189794063568,9.749829292297363,4.173327445983887,1.3927229642868042,1.7581356763839722
3449385178.0,-0.2051456123590469,0.2178471386432647,9.682636260986328,4.277756690979004,1.2966439723968506,1.980518341064453
3449393511.0,-0.3371584415435791,0.3743886053562164,9.711553573608398,4.218382835388184,1.456118106842041,2.044195413589477
3449401844.0,-0.3711523413658142,0.432548314332962,9.759692192077637,4.276757717132568,1.6801401376724243,2.311838388442993
3449410177.0,-0.3264868259429931,0.4557551145553589,9.804015159606934,4.3072123527526855,1.523842215538025,2.450001716613769
3449418510.0,-0.380522072315216,0.6558821201324463,9.918663024902344,4.020487308502197,1.5968681573867798,2.6814260482788086
3449426843.0,-0.3970382511615753,0.6864457726478577,9.748353958129885,4.1159257888793945,1.6869021654129028,2.876914024353028
3449435176.0,-0.5732877850532532,0.8108479976654053,9.80394458770752,4.183931827545166,1.650043487548828,2.9585723876953125
3449443509.0,-0.6422063112258911,0.7347928881645203,9.698902130126951,4.015799522399902,1.707368016242981,3.08707857131958
3449451842.0,-0.5678516626358032,0.3921182751655578,9.602218627929688,3.816187620162964,1.2888824939727783,3.204442977905273
3449460175.0,-0.6073113679885864,0.5532553195953369,9.686002731323242,3.867186069488525,1.260220289230347,3.380976676940918
3449468508.0,-0.4464459121227264,0.8575396537780762,9.729517936706545,3.9353458881378174,1.3651362657546997,3.5432686805725098
3449476841.0,-0.4862521290779114,0.8414238095283508,9.936867713928224,3.956810235977173,1.1812260150909424,3.669188022613525
3449485174.0,-0.6290359497070312,1.1437360048294067,9.84239101409912,3.687220096588135,1.3576056957244873,3.78176212310791
3449493507.0,-0.578972578048706,1.1746968030929563,10.097797393798828,3.5820226669311523,1.493642807006836,3.829251289367676
3449501840.0,-0.5961783528327942,1.1365861892700195,10.197504997253418,3.344886541366577,1.0565104484558103,4.128887176513672
3449510173.0,-0.5398923754692078,1.1525965929031372,9.972336769104004,3.2742161750793457,1.331453561782837,4.254729747772217
3449518506.0,-0.4379763305187225,0.9085742831230164,10.074507713317873,3.3811044692993164,1.1884747743606567,4.433746814727783
3449526839.0,-0.6209539771080017,1.045952558517456,9.892399787902832,3.241584062576294,1.0103535652160645,4.432492256164551
3449535172.0,-0.5511179566383362,1.106197953224182,9.821374893188477,3.378517866134644,1.456118106842041,4.673087120056152
3449543505.0,-0.4584066271781921,0.923332929611206,10.05828857421875,3.357001781463623,1.1632192134857178,4.652313232421875
3449551838.0,-0.6690040230751038,0.9804672598838806,9.759591102600098,3.162615299224853,1.1170111894607544,4.776004314422607
3449560171.0,-0.6346684694290161,1.043812274932861,9.882466316223145,3.3692967891693115,1.3483078479766846,4.962656497955322
3449568504.0,-0.6730114817619324,1.1316756010055542,10.045066833496094,3.582740306854248,0.9513127207756042,5.061936855316162
3449576837.0,-0.7794188261032104,1.2743839025497437,10.075339317321776,3.517295837402344,1.0154250860214231,5.178122520446777
3449585170.0,-0.6481373310089111,1.262939453125,10.03396701812744,3.706610202789306,0.9614302515983582,5.308857440948486
3449593503.0,-0.480722963809967,1.1980044841766355,9.987920761108398,3.9252538681030273,0.4349809885025024,5.416462421417236
3449601836.0,-0.3547868132591247,1.180573344230652,9.91279125213623,3.83135199546814,0.6168420314788818,5.634159088134766
3449610169.0,-0.1460453867912292,0.8751715421676636,9.811117172241213,3.8587584495544434,0.9440895915031432,5.852647304534912
3449618502.0,-0.4630891978740692,0.9472495317459106,10.009239196777344,4.011497020721436,1.3851667642593384,6.209377765655518
3449626835.0,-0.7717160582542419,1.2952795028686523,9.959692001342772,4.086623668670654,1.5302202701568604,6.328561305999756
3449635168.0,-0.5185067057609558,1.1491483449935913,10.408795356750488,4.2288594245910645,1.0457526445388794,6.537035465240479
3449643501.0,-0.4741925895214081,1.0980340242385864,10.16295051574707,3.794903039932251,0.5510135293006897,6.8778076171875
3449651834.0,-0.4238567352294922,1.3371546268463137,9.941089630126951,3.760451078414917,0.7389706969261169,7.253771781921387
3449660167.0,-0.4267362654209137,1.4235073328018188,9.752588272094728,4.098226547241211,1.309912085533142,7.467267513275146
3449668500.0,-0.5551726222038269,1.3532806634902954,10.136744499206545,3.810604333877564,1.1061251163482666,7.825276851654053
3449676833.0,-0.6822972893714905,1.2573763132095337,10.00096035003662,3.137078046798706,0.7481406927108765,8.011492729187012
3449685166.0,-0.6444253325462341,1.2760674953460691,10.095666885375977,3.310742378234864,0.8836655616760254,8.187820434570312
3449693499.0,-0.6794085502624512,1.7640823125839231,10.16774559020996,3.4803600311279297,1.003591537475586,8.327880859375
3449701832.0,-0.6414042711257935,1.5535638332366943,10.32894515991211,3.20259952545166,0.8886348605155945,8.558229446411133
3449710165.0,-0.799831211566925,1.573032021522522,10.08383560180664,2.9438698291778564,0.4257342219352722,8.873976707458496
3449718498.0,-0.9197177886962892,1.4308398962020874,9.92704963684082,2.94486927986145,0.6401767134666443,9.043362617492676
3449726831.0,-0.9024202823638916,1.211457371711731,9.86396598815918,3.163357973098755,0.3916672766208648,9.253090858459473
3449735164.0,-0.8932958841323853,1.0214765071868896,9.741143226623535,3.089793920516968,0.1377021223306656,9.367561340332031
3449743497.0,-0.7651907205581665,1.3093997240066528,9.63679313659668,3.1464011669158936,-0.1110249012708664,9.501216888427734
3449751830.0,-0.6952894330024719,1.331554889678955,9.73088836669922,3.553847312927246,-0.1675043106079101,9.758999824523926
3449760163.0,-0.9329009652137756,1.5452568531036377,9.734146118164062,3.383615255355835,0.1250743269920349,9.994675636291504
3449768496.0,-1.1903157234191897,1.6230076551437378,10.024147033691406,3.327443122863769,0.2924889922142029,10.05299949645996
3449776829.0,-1.2129377126693726,1.66547691822052,10.13134479522705,3.249396562576294,-0.5740535259246826,10.090703964233398
3449785162.0,-0.907567024230957,1.822773814201355,10.05001735687256,3.2360260486602783,-1.4091033935546875,10.301278114318848
3449793495.0,-0.6982884407043457,1.7277178764343262,9.937798500061035,3.236358880996704,-1.2445828914642334,10.383934020996094
3449801828.0,-0.8049290776252747,1.7084813117980957,9.810958862304688,3.2169692516326904,-0.9142361879348756,10.628397941589355
3449810161.0,-0.899085521697998,1.819838285446167,9.945245742797852,3.10933780670166,-0.6867817640304565,10.628423690795898
3449818494.0,-0.7774280905723572,1.6938505172729492,10.128334045410156,3.141330003738404,-1.4540051221847534,10.653525352478027
3449826827.0,-0.7113826870918274,1.7085819244384766,9.85768699645996,2.7850613594055176,-1.688042163848877,10.468743324279783
3449835160.0,-0.6886881589889526,1.96427857875824,9.793466567993164,2.853041887283325,-1.0326508283615112,10.84563159942627
3449843493.0,-0.7075778245925903,1.7844293117523191,10.088737487792969,3.0549330711364746,-1.1421514749526978,10.835230827331545
3449851826.0,-0.7641355395317078,1.834471106529236,10.091412544250488,2.9407958984375,-1.8193918466567995,10.977773666381836
3449860159.0,-0.6057138442993164,1.6763432025909424,9.684082984924316,3.009493350982666,-1.9534311294555664,11.067296028137209
3449868492.0,-0.4840307533740997,1.521034836769104,9.716712951660156,3.151549816131592,-1.5779521465301514,11.183176040649414
3449876825.0,-0.496389240026474,1.6634875535964966,9.807908058166504,3.41025447845459,-1.1540366411209106,11.330227851867676
3449885158.0,-0.4350866079330444,1.5897141695022583,9.977343559265137,3.5175259113311768,-1.521575093269348,11.47486972808838
3449893491.0,-0.3190500736236572,1.690519094467163,9.88804054260254,3.4967024326324463,-1.6599693298339844,11.429585456848145
3449901824.0,-0.33505779504776,2.0122978687286377,9.704381942749023,3.458869218826294,-1.225372076034546,11.72670841217041
3449910157.0,-0.3305052816867828,1.835354566574097,9.853337287902832,3.48263955116272,-0.7846025228500366,11.87488842010498
3449918490.0,-0.2344816029071808,1.827531337738037,9.920368194580078,3.234130382537842,-1.0217647552490234,12.03828239440918
3449926823.0,-0.1136055737733841,1.9941868782043457,9.88205623626709,3.012669801712036,-1.2936855554580688,12.246755599975586
3449935156.0,0.0212993212044239,2.091447353363037,9.764662742614746,3.0319573879241943,-0.9712791442871094,12.374826431274414
3449943489.0,-0.1147690042853355,2.229036808013916,9.60753059387207,2.796127319335937,-0.3913215100765228,12.500848770141602
3449951822.0,-0.1945724189281463,2.269726753234864,9.795938491821287,2.499207019805908,0.0875494703650474,12.84249210357666
3449960155.0,-0.0029925787821412,1.9039058685302728,9.955374717712402,2.122344732284546,-0.3196272850036621,13.001351356506348
3449968488.0,0.0979333221912384,1.970967411994934,9.792038917541504,1.9211958646774288,-0.4194971621036529,13.151450157165527
3449976821.0,0.08909672498703,2.037189245223999,9.794331550598145,1.9384856224060056,0.6083894371986389,13.377958297729492
3449985154.0,0.0857885479927063,2.0173885822296143,9.7202787399292,1.963203191757202,1.1949042081832886,13.378854751586914
3449993487.0,-0.1400697529315948,2.400956392288208,9.998968124389648,1.871939897537232,1.1358890533447266,13.57559871673584
3450001820.0,-0.4812192618846893,1.4850438833236694,9.666393280029297,1.3392149209976196,1.2479770183563232,13.71678352355957
3450010153.0,-0.1825432032346725,1.6693713665008545,9.35590648651123,1.4891862869262695,1.1567646265029907,13.64439868927002
3450018486.0,0.1286376565694809,1.9869897365570068,9.675225257873535,1.8807257413864136,1.2492321729660034,13.812915802001951
3450026819.0,0.2271198332309723,1.134863257408142,9.276582717895508,1.9462209939956665,1.229252815246582,14.102993965148926
3450035152.0,-0.4539743363857269,1.2919801473617554,9.142183303833008,2.040788650512696,2.264862060546875,14.31477165222168
3450043485.0,-0.8606579303741455,1.5875591039657593,9.6598482131958,2.609502077102661,3.26491928100586,14.357295036315918
3450051818.0,-0.7620774507522583,1.7287362813949585,10.182557106018066,2.894793033599853,2.0894813537597656,14.28836441040039
3450060151.0,-0.2249106466770172,1.9853016138076784,10.049795150756836,2.676456928253174,1.0631701946258545,14.221664428710938
3450068484.0,0.2215667068958282,2.0324866771698,9.730737686157228,2.558682918548584,1.3161107301712036,14.41369342803955
3450076817.0,-0.3732618391513824,1.9382721185684204,9.459136962890623,2.434710502624512,3.010159730911255,14.56476879119873
3450085150.0,-0.9172244668006896,2.309220552444458,9.99049949645996,2.7806050777435303,4.252347946166992,14.644582748413086
3450093483.0,-0.917017102241516,2.4266350269317627,10.631391525268556,2.4169344902038574,2.6324524879455566,14.574273109436035
3450101816.0,-0.6170186996459961,2.3807830810546875,10.331806182861328,2.0042884349823,1.185862421989441,14.587822914123535
3450110149.0,-0.1679365783929824,2.369957208633423,9.578423500061035,1.744201898574829,1.689592361450195,14.63190460205078
3450118482.0,-0.1322883814573288,2.144848823547364,9.88959789276123,2.096397399902344,2.7427215576171875,14.843629837036133
3450126815.0,-0.7880042195320129,2.228924512863159,9.669639587402344,2.069220781326294,3.424546957015991,15.019550323486328
3450135148.0,-1.032170653343201,2.2479732036590576,10.16167449951172,1.8136162757873533,2.9275026321411133,14.93138599395752
3450143481.0,-0.8130393028259277,2.0465404987335205,10.266085624694824,1.6804734468460083,1.8114134073257449,14.926722526550291
3450151814.0,-0.5109187960624695,2.166016101837158,10.009651184082031,1.8681234121322632,1.8032937049865725,15.016579627990724
3450160147.0,-0.2483340054750442,2.2564682960510254,10.141989707946776,2.008207559585572,2.5239503383636475,15.135786056518556
3450168480.0,-0.4956625699996948,2.181273460388184,10.085945129394531,2.168219566345215,2.7272253036499023,15.320442199707031
3450176813.0,-0.6909669041633606,2.233823776245117,10.187975883483888,1.986512541770935,2.868206024169922,15.484089851379396
3450185146.0,-0.634630024433136,2.143200635910034,10.215458869934082,1.901524305343628,2.306485414505005,15.620101928710938
3450193479.0,-0.5393050312995911,2.112114191055298,10.2120361328125,1.9884077310562127,2.2344067096710205,15.647379875183104
3450201812.0,-0.5056108832359314,2.357069969177246,10.156451225280762,2.098907470703125,2.682861089706421,15.931879043579102
3450210145.0,-0.47404345870018,2.3025925159454346,10.209996223449709,2.032618284225464,2.626151323318481,16.136716842651367
3450218478.0,-0.589022696018219,2.415390491485596,9.986573219299316,1.934925556182861,2.351567029953003,16.296985626220703
3450226811.0,-0.6115893721580505,2.2908504009246826,10.00019359588623,1.727142333984375,2.582760810852051,16.457069396972656
3450235144.0,-0.574447512626648,2.1927754878997803,9.828895568847656,1.882441759109497,2.599409818649292,16.700714111328125
3450243477.0,-0.681061327457428,2.1798572540283203,9.92869758605957,1.817842483520508,2.634065628051758,16.718618392944336
3450251810.0,-0.6793085336685181,2.111567497253418,9.984586715698242,1.7402061223983765,2.723588228225708,17.08049964904785
3450260143.0,-0.5455533266067505,2.0000159740448,10.047811508178713,1.6397722959518433,2.5360145568847656,17.32303810119629
3450268476.0,-0.5659366250038147,2.368093729019165,10.012402534484863,1.9336189031600952,2.410274267196656,17.470293045043945
3450276809.0,-0.3773452937602997,2.209378957748413,9.880255699157717,1.9472203254699707,2.464038848876953,17.612455368041992
3450285142.0,-0.4171768426895141,1.7247247695922852,9.859362602233888,1.8151533603668213,2.4887566566467285,17.823158264160156
3450293475.0,-0.3228255808353424,1.9018532037734983,9.497827529907228,2.0219368934631348,2.805732488632202,18.01165199279785
3450301808.0,-0.2743666470050812,1.7910465002059937,9.66200351715088,2.3481087684631348,2.9669747352600098,18.28065490722656
3450310141.0,-0.5229828357696533,2.131519317626953,9.560328483581545,2.631197452545166,2.989976406097412,18.58495140075684
3450318474.0,-0.8198657631874084,2.145418167114258,9.536684036254885,2.6307876110076904,3.145403385162353,18.87695503234864
3450326807.0,-0.8881808519363403,2.068287134170532,9.8095703125,2.5494112968444824,2.83365249633789,19.00909996032715
3450335140.0,-0.8351384401321411,2.425255060195923,9.6040620803833,2.743823289871216,2.4142191410064697,19.00110626220703
3450343473.0,-0.5854151844978333,2.686096668243408,9.49978256225586,2.871100902557373,2.234740257263184,19.01975440979004
3450351806.0,-0.5221608281135559,2.5670711994171143,9.263306617736816,2.58703875541687,2.0893025398254395,19.154869079589844
3450360139.0,-0.4566837549209595,2.907444477081299,9.082505226135254,2.480585813522339,2.516291856765747,19.45662879943848
3450368472.0,-0.6330261826515198,2.501389980316162,9.443573951721191,2.079876184463501,2.740365505218506,19.56743812561035
3450376805.0,-0.8472487330436707,2.39272403717041,9.214858055114746,2.2679107189178467,2.581249713897705,19.6132869720459
3450385138.0,-0.948383927345276,2.534587383270264,9.199444770812988,2.4680604934692383,2.403282165527344,19.6815242767334
3450393471.0,-0.7954922914505005,2.304459810256958,9.289555549621582,2.7701804637908936,1.6777329444885254,19.935720443725582
3450401804.0,-0.6908557415008545,2.1863481998443604,9.007343292236328,2.7358062267303467,1.5048880577087402,20.04739761352539
3450410137.0,-0.6817730665206909,2.4415700435638428,9.132286071777344,2.90060830116272,2.1040053367614746,20.19283866882324
3450418470.0,-0.8188915252685547,2.766383647918701,9.330760955810549,3.2112579345703125,2.3140931129455566,20.19959831237793
3450426803.0,-0.9815719127655028,3.0269224643707275,9.52626132965088,3.1257827281951904,2.061203956604004,20.29680252075196
3450435136.0,-0.6769365072250366,3.133178472518921,9.847574234008787,2.897150039672852,1.6010695695877075,20.416807174682617
3450443469.0,-0.5559050440788269,3.306220769882202,9.690658569335938,2.577561378479004,1.2444937229156494,20.61567497253418
3450451802.0,-0.8988466262817383,3.838912963867188,9.758089065551758,2.5000782012939453,2.3023364543914795,20.80798721313477
3450460135.0,-1.1335818767547607,3.87262225151062,10.19318675994873,2.2142233848571777,2.9999916553497314,21.01505279541016
3450468468.0,-0.8309983611106873,3.670893669128418,10.609987258911133,1.4416722059249878,1.6343424320220947,21.11948204040528
3450476801.0,-0.531293511390686,3.7302188873291016,10.358736038208008,0.5962228178977966,0.5293183922767639,21.29007339477539
3450485134.0,-0.3188310265541076,3.72788667678833,9.649925231933594,0.2804504036903381,1.1733629703521729,21.51030731201172
3450493467.0,-0.6755617260932922,3.422473907470703,9.76180648803711,0.4421530365943908,2.695617198944092,21.84187889099121
3450501800.0,-1.0914106369018557,3.4215261936187744,10.054301261901855,-0.0995497703552246,2.918410301208496,22.01408767700196
3450510133.0,-1.2374593019485474,3.5025696754455566,10.219192504882812,-0.6306867003440857,1.504555106163025,22.046998977661133
3450518466.0,-0.9558542370796204,3.505756139755249,9.718949317932127,-0.6616799831390381,0.8420683741569519,22.21613121032715
3450526799.0,-0.7545124292373657,3.3245885372161865,9.949711799621582,-0.6874479055404663,1.3431085348129272,22.41512680053711
3450535132.0,-0.5821095705032349,3.0251598358154297,9.71358871459961,-0.7681328058242798,1.6452542543411257,22.704082489013672
3450543465.0,-0.7575151920318604,3.051844835281372,9.888373374938965,-0.7733069062232971,1.3504600524902344,22.88643264770508
3450551798.0,-0.7796329855918884,3.101053237915039,9.47950267791748,-0.6789696216583252,1.2454158067703247,22.988401412963867
3450560131.0,-0.5985879302024841,2.478407144546509,9.57221508026123,-0.6343496441841125,1.3116289377212524,22.9963436126709
3450568464.0,-0.7016828060150146,2.2968733310699463,9.676993370056152,-0.5029229521751404,1.673532485961914,23.225589752197266
3450576797.0,-0.7381312251091003,2.38470196723938,9.786415100097656,0.0440565012395381,1.8632057905197144,23.486547470092773
3450585130.0,-0.9169032573699952,2.2842814922332764,9.973669052124023,0.6949912905693054,1.577094793319702,23.4680290222168
3450593463.0,-1.226549506187439,1.912551999092102,9.731468200683594,0.9554115533828736,1.4485881328582764,23.803680419921875
3450601796.0,-0.9365085363388062,1.540482997894287,9.85655117034912,1.412216067314148,1.5004570484161377,24.16632461547852
3450610129.0,-0.6073856353759766,1.4446709156036377,9.896223068237305,2.1971640586853027,0.8036469221115112,24.37225914001465
3450618462.0,-0.5526730418205261,2.1092348098754883,9.498801231384276,2.921330690383911,0.9553346037864684,24.42935943603516
3450626795.0,-0.2956589162349701,2.3946099281311035,9.72744369506836,3.4249064922332764,1.5129311084747314,24.484840393066406
3450635128.0,-0.4496228694915771,2.7283473014831543,9.758967399597168,3.496088743209839,1.2783560752868652,24.60804748535156
3450643461.0,-0.7652929425239563,2.7941627502441406,9.902080535888672,3.192431926727295,2.0050830841064453,24.88849449157715
3450651794.0,-0.6920047402381897,2.659546136856079,10.16530704498291,3.2583372592926025,1.9467341899871824,25.196020126342773
3450660127.0,-0.8581008315086365,2.8428049087524414,10.024083137512209,3.1873605251312256,1.3866016864776611,25.42519187927246
3450668460.0,-0.747351348400116,2.8781192302703857,9.70447826385498,3.130112886428833,1.3618842363357544,25.68707275390625
3450676793.0,-0.4541779458522796,2.4414994716644287,9.599247932434082,3.475981950759888,1.0425512790679932,25.751489639282227
3450685126.0,-0.291210263967514,2.331897497177124,9.375937461853027,3.2002439498901367,0.7853327989578247,25.92451286315918
3450693459.0,-0.5845674276351929,2.446789026260376,9.100668907165527,3.476826906204224,1.5915671586990356,26.238189697265625
3450701792.0,-0.8689796328544617,2.6420798301696777,9.126887321472168,3.9953105449676514,2.18684196472168,26.242769241333008
3450710125.0,-0.84071284532547,2.738454341888428,9.736117362976074,4.297942638397217,1.6567550897598269,26.275146484375
3450718458.0,-0.6255542039871216,2.6019651889801025,9.820341110229492,4.05409574508667,1.0963923931121826,26.672016143798828
3450726791.0,-0.7442924976348877,3.0653200149536133,9.644293785095217,4.3067803382873535,1.2453137636184692,26.85533905029297
3450735124.0,-1.0731487274169922,3.477750778198242,9.50942611694336,4.632234573364258,2.420828342437744,26.97575187683105
3450743457.0,-0.859557569026947,3.3286211490631104,10.17058563232422,4.563741683959961,1.859338402748108,27.078744888305664
3450751790.0,-0.6582533121109009,3.170802593231201,9.876883506774902,3.958836078643799,0.2699742317199707,27.128387451171875
3450760123.0,-0.4735355079174042,3.440983533859253,9.452933311462402,4.001380920410156,0.6801607012748718,27.31037330627441
3450768456.0,-0.4607654809951782,3.664429664611816,9.555999755859377,4.29453706741333,1.9564677476882928,27.402767181396484
3450776789.0,-0.7054539918899536,3.952926635742188,9.816875457763672,4.116415023803711,2.135152816772461,27.66462135314941
3450785122.0,-0.7908193469047546,3.987616062164306,10.078011512756348,3.357541799545288,1.5894410610198977,27.918176651000977
3450793455.0,-0.7262025475502014,3.7862374782562256,9.683890342712402,2.929245710372925,1.1626564264297483,27.837875366210938
3450801788.0,-0.6994478106498718,3.872650384902954,9.533788681030272,3.06938099861145,1.7330857515335083,27.98600006103516
3450810121.0,-0.6591009497642517,3.726367950439453,9.740150451660156,2.975351572036743,1.8639748096466064,28.31430435180664
3450818454.0,-0.7201288938522339,3.491159439086914,9.716959953308104,2.7053258419036865,1.1930350065231323,28.51155662536621
3450826787.0,-0.6947019100189209,3.6893210411071777,9.304880142211914,2.6344003677368164,1.2041517496109009,28.4250602722168
3450835120.0,-0.5544928312301636,3.540938138961792,9.49487018585205,2.900276660919189,1.5365735292434692,28.598852157592773
3450843453.0,-0.6325017213821411,3.5183892250061035,9.34774684906006,2.9417712688446045,1.5250980854034424,28.54152488708496
3450851786.0,-0.7383778691291809,3.8555092811584473,9.563794136047363,2.7951810359954834,1.847095370292664,28.620880126953125
3450860119.0,-0.8257712721824646,4.211209297180176,9.897428512573242,2.7102696895599365,1.9496031999588013,28.646059036254883
3450868452.0,-0.9518900513648988,4.679126739501953,9.98996353149414,2.357407808303833,1.6257110834121704,28.643421173095703
3450876785.0,-0.9168857336044312,4.841493606567383,10.46970558166504,1.9118990898132324,1.956928849220276,28.72062110900879
3450885118.0,-0.6304255723953247,4.872671127319336,10.397934913635254,1.211630940437317,1.43168306350708,28.6803035736084
3450893451.0,-0.3910150825977325,5.024454593658447,10.371495246887209,0.655238151550293,1.1534353494644165,28.68931770324707
3450901784.0,-0.3743744194507599,4.886508464813232,10.152771949768066,-0.1711416393518448,2.0764451026916504,28.73466110229492
3450910117.0,-0.6539595127105713,4.584003925323486,10.03349494934082,-0.665650486946106,2.86646580696106,28.764324188232425
3450918450.0,-0.8511225581169128,4.402461528778076,10.189905166625977,-0.9565260410308838,2.6211581230163574,28.769880294799805
3450926783.0,-0.881533145904541,4.048251152038574,9.901578903198242,-1.2772932052612305,1.7754007577896118,28.78570938110352
3450935116.0,-0.8726339936256409,3.622488498687744,9.669676780700684,-1.550827980041504,1.6210238933563232,28.836837768554688
3450943449.0,-0.9484843015670776,3.706427574157715,9.458064079284668,-1.6708816289901731,2.5344533920288086,28.923152923583984
3450951782.0,-0.9843361377716064,3.580897092819214,9.844780921936035,-1.2662791013717651,2.781989812850952,28.9504337310791
3450960115.0,-0.8440896272659302,3.336942911148072,9.751370429992676,-1.025300145149231,1.4881370067596436,28.81163024902344
3450968448.0,-0.6852754354476929,3.2655138969421387,9.436346054077148,-1.355467677116394,1.2678029537200928,28.916671752929688
3450976781.0,-0.6759514808654785,3.2280659675598145,9.139101028442385,-1.1214816570281982,2.1855361461639404,29.167001724243164
3450985114.0,-0.8752652406692505,3.3131258487701416,9.305620193481444,-0.6537910103797913,2.793874502182007,29.32322120666504
3450993447.0,-0.9672942757606506,3.2267839908599854,9.702996253967283,-0.4751060009002685,2.3961880207061768,29.32942008972168
3451001780.0,-1.0460798740386963,3.144268751144409,9.729738235473633,-0.3573572635650635,1.7843914031982422,29.44232940673828
3451010113.0,-1.1666959524154663,3.182387590408325,9.716072082519531,-0.1749581843614578,1.9866160154342647,29.628087997436523
3451018446.0,-1.0282036066055298,3.327697277069092,9.754027366638184,0.0532007999718189,2.1791582107543945,29.69711303710937
3451026779.0,-0.9321104884147644,2.9067986011505127,10.264559745788574,0.0693890154361724,1.5564756393432615,29.80389976501465
3451035112.0,-0.7965262532234192,2.880122423171997,9.584707260131836,-0.0356166176497936,1.0304358005523682,29.881818771362305
3451043445.0,-0.7483379244804382,3.152855634689331,9.68430519104004,0.3426418602466583,1.7327017784118652,30.02128791809082
3451051778.0,-0.7378357648849487,2.870274543762207,9.981078147888184,0.6182001829147339,2.1130990982055664,30.15815162658692
3451060111.0,-0.7908058166503906,2.7967798709869385,10.202656745910645,0.7007547616958618,1.8829036951065063,30.336599349975582
3451068444.0,-0.6782098412513733,2.632880687713623,10.470048904418944,0.6269344687461853,1.859108328819275,30.56241607666016
3451076777.0,-0.7449350357055664,2.5928609371185303,9.874309539794922,0.951979398727417,1.6247634887695312,30.667613983154297
3451085110.0,-0.7983890175819397,3.022727727890014,9.888779640197754,1.5994566679000854,2.0128965377807617,30.726993560791016
3451093443.0,-0.7690984606742859,2.6793875694274902,9.984169960021973,1.342238187789917,1.79814612865448,30.94780921936035
3451101776.0,-0.8595920205116272,3.1541173458099365,9.780180931091309,1.0872740745544434,1.1842496395111084,31.029266357421875
3451110109.0,-0.8898710012435913,3.461003065109253,9.682744979858398,1.1075347661972046,1.4529942274093628,30.981822967529297
3451118442.0,-0.9168221354484558,3.3546743392944336,9.779239654541016,1.233889937400818,1.8250925540924072,31.10149574279785
3451126775.0,-0.677955150604248,3.0341150760650635,9.94064712524414,1.16716468334198,1.5415170192718506,31.09545135498047
3451135108.0,-0.7163289785385132,3.099658727645874,9.992148399353027,0.9806674718856812,1.1251318454742432,31.234844207763672
3451143441.0,-0.6538258790969849,3.1423161029815674,9.873693466186523,1.24495530128479,1.6506081819534302,31.238710403442383
3451151774.0,-0.7018187046051025,3.276044607162476,9.88352108001709,1.4438244104385376,1.5263792276382446,31.33963394165039
3451160107.0,-0.8379528522491455,3.1917293071746826,9.684637069702148,1.2562254667282104,1.282480239868164,31.271728515625
3451168440.0,-0.8483659029006958,2.968109369277954,9.559832572937012,1.3813000917434692,1.0724689960479736,31.266735076904297
3451176773.0,-0.8225646615028381,3.105686664581299,9.608114242553713,1.5294783115386963,1.124184012413025,31.122726440429688
3451185106.0,-0.770871639251709,3.583421468734741,9.752703666687012,1.634215235710144,1.180740475654602,31.0210189819336
3451193439.0,-0.6970216035842896,3.4624223709106445,9.683341026306152,1.519463300704956,1.0544620752334597,30.93441200256348
3451201772.0,-0.7928598523139954,3.3138935565948486,9.566235542297363,1.4482046365737915,1.1050246953964231,30.819074630737305
3451210105.0,-0.9859761595726012,3.2388055324554443,9.695213317871094,1.361371994018555,1.4939769506454468,30.93715476989746
3451218438.0,-0.9792885184288024,2.958108901977539,9.828266143798828,1.6132628917694092,1.4291218519210815,31.03789710998535
3451226771.0,-1.0750030279159546,3.099506139755249,9.766712188720703,1.7854671478271484,0.5253739953041077,30.77296638488769
3451235104.0,-0.9574686884880066,3.2672581672668457,9.58834171295166,2.044504165649414,0.5401533842086792,30.78264808654785
3451243437.0,-0.5915293097496033,3.185103416442871,9.726475715637209,1.9584662914276123,0.3617501556873321,30.6292724609375
3451251770.0,-0.6694265007972717,3.562374830245972,9.72269058227539,2.013075828552246,0.6597976684570312,30.659189224243164
3451260103.0,-0.799655020236969,3.437907695770264,9.735133171081545,1.681242823600769,1.1489529609680176,30.50849914550781
3451268436.0,-0.962385356426239,3.2761638164520264,9.868877410888672,1.984028697013855,1.0048984289169312,30.38531875610352
3451276769.0,-0.901389479637146,3.5178494453430176,10.010546684265137,2.068965673446656,0.4200481176376343,30.488056182861328
3451285102.0,-0.7183511853218079,3.483971357345581,9.93507480621338,1.7700988054275513,0.2480228245258331,30.55268287658692
3451293435.0,-0.639209508895874,3.660158157348633,9.62570571899414,1.8191242218017576,0.735641360282898,30.40680694580078
3451301768.0,-0.7493208646774292,3.7202768325805664,9.674922943115234,1.8304715156555176,1.0964947938919067,30.404273986816406
3451310101.0,-0.7149841785430908,3.1868839263916016,9.797478675842283,1.5007134675979614,0.7096941471099854,30.33229637145996
3451318434.0,-0.6671313047409058,2.994014024734497,9.471596717834473,1.5800409317016602,0.2241759598255157,30.41059875488281
3451326767.0,-0.6770614385604858,2.951782703399658,9.566922187805176,1.722379446029663,0.8514690399169922,30.4833984375
3451335100.0,-0.7104331254959106,2.983678102493286,9.800786972045898,2.076829671859741,1.0114043951034546,30.561674118041992
3451343433.0,-0.7726122140884399,3.118649482727051,9.718555450439451,2.1497786045074463,0.4774240255355835,30.510292053222656
3451351766.0,-0.642132043838501,2.970478773117065,9.899850845336914,2.075548887252808,0.4595710337162018,30.58139991760254
3451360099.0,-0.5004371404647827,2.903383255004883,9.64373016357422,2.255284070968628,0.7674286961555481,30.641027450561523
3451368432.0,-0.5188944339752197,2.9475486278533936,9.887940406799316,2.602459669113159,1.1786911487579346,30.671688079833984
3451376765.0,-0.6341291666030884,3.1024651527404785,9.999309539794922,2.670004367828369,1.204356670379639,30.723556518554688
3451385098.0,-0.5650297403335571,3.13082242012024,10.066812515258787,2.6254358291625977,0.7089257836341858,30.791667938232425
3451393431.0,-0.5613218545913696,3.417153596878052,9.883042335510254,2.449568033218384,0.7953994274139404,30.72745132446289
3451401764.0,-0.6474463939666748,3.576411008834839,9.906858444213867,2.510837316513061,1.3550453186035156,30.73382568359375
3451410097.0,-0.5807926654815674,3.450568199157715,9.866331100463867,2.4274885654449463,1.1906787157058716,30.874271392822266
3451418430.0,-0.7682065367698669,3.5017008781433105,10.060179710388184,2.139763116836548,1.0445492267608645,30.89225006103516
3451426763.0,-0.7667324542999268,3.438636302947998,9.969494819641112,1.9982192516326904,1.4204128980636597,30.90431404113769
3451435096.0,-0.6695868372917175,3.5807583332061768,10.14414405822754,2.092684745788574,1.2292282581329346,30.86410140991211
3451443429.0,-0.7027971744537354,3.78701400756836,10.08591079711914,1.9910727739334104,0.880336344242096,30.909154891967773
3451451762.0,-0.7149573564529419,3.485291719436645,9.872991561889648,1.5718955993652344,0.8496248722076416,30.71438789367676
3451460095.0,-0.784763514995575,3.328763008117676,9.668173789978027,1.50248122215271,0.9557448625564576,30.64236259460449
3451468428.0,-0.8461388349533081,3.546327352523804,9.92104148864746,1.468721628189087,1.561957597732544,30.61372756958008
3451476761.0,-0.7145566344261169,3.386326313018799,10.1383638381958,1.5934370756149292,1.0182945728302002,30.57957649230957
3451485094.0,-0.6694387793540955,3.304576873779297,9.824103355407717,1.55514395236969,0.4883101880550384,30.523740768432617
3451493427.0,-0.7123507857322693,3.2488582134246826,9.758990287780762,1.4423898458480835,0.816684901714325,30.50906181335449
3451501760.0,-0.6084281802177429,3.094062805175781,9.657713890075684,1.6945366859436035,1.1650131940841677,30.47758102416992
3451510093.0,-0.6471678614616394,3.05042028427124,9.765680313110352,2.019402503967285,0.8902491331100464,30.42422676086425
3451518426.0,-0.6919695138931274,3.0386435985565186,9.63087272644043,1.9725791215896609,0.9089984893798828,30.35066032409668
3451526759.0,-0.336164653301239,2.920794486999512,9.778122901916504,2.310610294342041,0.6698383092880249,30.47952461242676
3451535092.0,-0.2990744709968567,3.1482701301574707,9.634482383728027,2.406280040740967,0.4638997912406921,30.449281692504883
3451543425.0,-0.5258307456970215,3.2678353786468506,9.697644233703612,2.556303024291992,1.1708019971847534,30.525352478027344
3451551758.0,-0.6733903884887695,3.24271297454834,9.700554847717283,2.55509877204895,1.614184856414795,30.418107986450195
3451560091.0,-0.7485417127609253,3.24130654335022,9.990803718566896,2.6722328662872314,1.181713581085205,30.408836364746094
3451568424.0,-0.4872749149799347,3.282684087753296,10.15068244934082,2.476770162582397,0.3716884255409241,30.409399032592773
3451576757.0,-0.3719018399715423,3.4270968437194824,9.968236923217772,2.668006420135498,0.2910035848617553,30.4403133392334
3451585090.0,-0.4326503276824951,3.5715527534484863,10.064387321472168,2.651254653930664,1.316393494606018,30.63726043701172
3451593423.0,-0.3727844059467315,3.5621936321258545,10.25383472442627,2.452103614807129,1.3243082761764526,30.61023712158203
3451601756.0,-0.4484908878803253,3.5225138664245605,10.03314208984375,2.238891124725342,0.443101018667221,30.59123611450196
3451610089.0,-0.4869920611381531,3.5787904262542725,9.690677642822266,2.0386641025543213,0.5830315947532654,30.65401268005371
3451618422.0,-0.3310654759407043,3.4912476539611816,9.82161808013916,1.958107233047485,1.3436214923858645,30.66897773742676
3451626755.0,-0.4562877118587494,3.506408452987671,10.073158264160156,1.7410521507263184,1.3903673887252808,30.762285232543945
3451635088.0,-0.6094428896903992,3.461745262145996,9.901147842407228,1.4100391864776611,1.0990819931030271,30.77691078186035
3451643421.0,-0.5946394801139832,3.182089567184448,9.799055099487305,1.438189148902893,1.164603352546692,30.82191467285156
3451651754.0,-0.5723351836204529,3.1678249835968018,9.681357383728027,1.659342885017395,1.3463109731674194,30.81246566772461
3451660087.0,-0.5325829386711121,3.011763095855713,10.029335975646973,1.7104942798614502,1.0758243799209597,30.8063907623291
3451668420.0,-0.3932248651981354,3.0871052742004395,9.826722145080566,1.6786301136016846,0.6534708738327026,30.67967987060547
3451676753.0,-0.3716873824596405,3.380967617034912,9.590536117553713,2.000678539276123,0.9533883333206176,30.84993934631348
3451685086.0,-0.2235796600580215,3.207416296005249,9.700069427490234,2.091096878051758,1.2095564603805542,30.816768646240234
3451693419.0,-0.3278937339782715,2.980440855026245,9.538187980651855,2.012511968612671,0.9353814125061036,30.88743782043457
3451701752.0,-0.6313461661338806,3.2331199645996094,9.409464836120604,2.4822518825531006,1.4558119773864746,30.733652114868164
3451710085.0,-0.505066990852356,3.142372131347656,9.961851119995115,2.6141397953033447,1.6059627532958984,30.768667221069336
3451718418.0,-0.5649285912513733,3.456763505935669,9.846587181091309,2.6924424171447754,0.7983194589614868,30.702451705932617
3451726751.0,-0.4105227589607239,3.324695348739624,9.584516525268556,2.581199884414673,0.8704748153686523,30.7282943725586
3451735084.0,-0.2502551972866058,3.1099283695220947,9.539011001586914,2.67038893699646,0.9843558669090272,30.748430252075195
3451743417.0,-0.3468985259532928,3.230417490005493,9.462477684020996,2.6907262802124023,1.4328101873397827,30.67719459533692
3451751750.0,-0.3892622292041778,3.251929998397827,9.917856216430664,2.7891106605529785,1.8648717403411863,30.6917724609375
3451760083.0,-0.5044071078300476,3.2974698543548584,9.9639253616333,2.799920082092285,1.356069803237915,30.59730529785156
3451768416.0,-0.4798166751861572,3.813056230545044,9.791770935058594,2.9845988750457764,1.480657696723938,30.7114200592041
3451776749.0,-0.3543892800807953,3.388588190078736,10.295634269714355,2.6861157417297363,1.316982626914978,30.61672019958496
3451785082.0,-0.573340117931366,3.3152410984039307,9.664501190185549,2.381946563720703,1.27036452293396,30.66080093383789
3451793415.0,-0.6222955584526062,3.6412570476531982,9.824360847473145,2.5305089950561523,2.157975435256958,30.825603485107425
3451801748.0,-0.4010215103626251,3.4805378913879395,10.377090454101562,2.7368571758270264,1.4412627220153809,30.82757377624512
3451810081.0,-0.529985249042511,3.4972894191741943,9.824520111083984,2.150751829147339,0.7493706345558167,30.718406677246094
3451818414.0,-0.5506834983825684,3.4975297451019287,9.524901390075684,2.260816812515259,1.6562179327011108,30.772533416748047
3451826747.0,-0.5508695244789124,3.396699905395508,9.89847183227539,2.233306884765625,2.00580096244812,30.78044509887696
3451835080.0,-0.7411888837814331,3.528869867324829,9.936639785766602,2.1149821281433105,1.586021900177002,30.78071594238281
3451843413.0,-0.4812254011631012,3.357473134994507,9.991520881652832,2.004149436950684,1.119407057762146,30.57306480407715
3451851746.0,-0.445043683052063,3.663537979125977,9.81239414215088,2.1238958835601807,0.7856534123420715,30.691837310791016
3451860079.0,-0.4691364169120788,3.667458534240722,9.7383451461792,2.0270228385925293,1.5181955099105835,30.664506912231445
3451868412.0,-0.4133427739143371,3.153369665145874,9.978277206420898,2.0206446647644043,1.5928354263305664,30.75653648376465
3451876745.0,-0.5381069183349609,3.0991885662078857,9.911376953125,2.138418912887573,1.2631285190582275,30.72638893127441
3451885078.0,-0.4194361567497253,3.329469919204712,9.792236328125,2.3289124965667725,1.1654870510101318,30.768295288085938
3451893411.0,-0.2716542482376098,3.318986892700196,9.95299243927002,2.5009119510650635,1.1379517316818235,30.68432807922364
3451901744.0,-0.504227876663208,3.332632541656494,9.702471733093262,2.285496234893799,1.5334358215332031,30.928354263305664
3451910077.0,-0.4367552697658539,3.234973669052124,10.221452713012695,2.2948708534240723,1.7647324800491333,30.90584182739257
3451918410.0,-0.4760454893112182,3.474576711654663,10.067187309265137,2.3196396827697754,1.344402551651001,30.81339836120605
3451926743.0,-0.330479234457016,3.57995080947876,10.013076782226562,2.270357847213745,1.4652504920959473,30.875791549682617
3451935076.0,-0.2447241395711898,3.395264148712158,9.968318939208984,1.977945327758789,1.3706058263778689,30.87576484680176
3451943409.0,-0.3599152565002441,3.562201023101806,9.841646194458008,1.9830939769744875,1.4192986488342283,30.848617553710938
3451951742.0,-0.217148408293724,3.541353225708008,10.070507049560549,1.7311521768569946,1.439226508140564,30.911476135253903
3451960075.0,-0.4843667447566986,3.461310148239136,9.88578987121582,1.6240849494934082,1.7279505729675293,30.784406661987305
3451968408.0,-0.3829868733882904,3.3337271213531494,9.509078025817873,2.0584511756896973,2.0258445739746094,30.935863494873047
3451976741.0,-0.0890319272875785,3.0113370418548584,10.203654289245604,1.957275032997132,0.9953059554100036,30.821701049804688
3451985074.0,-0.6102221608161926,3.410198926925659,9.287775039672852,1.964344501495361,1.2090312242507937,30.936243057250977
3451993407.0,-0.5096653699874878,3.45135235786438,9.653072357177734,2.266874313354492,2.5236315727233887,30.96278190612793
3452001740.0,-0.5355595946311951,3.6645586490631104,10.073469161987305,2.3331387042999268,1.7893222570419312,30.587072372436523
3452010073.0,-0.3608234226703644,3.38979434967041,9.760863304138184,2.150278091430664,0.9232786297798156,30.54759788513184
3452018406.0,-0.2181831747293472,3.0037548542022705,9.604827880859377,1.929688572883606,1.0914875268936155,30.70049476623535
3452026739.0,-0.4952961504459381,3.6423065662384033,9.497817993164062,2.356140375137329,2.095694303512573,30.723392486572266
3452035072.0,-0.4814060032367706,3.6890885829925537,10.063353538513184,2.440769672393799,2.199944496154785,30.571701049804688
3452043405.0,-0.345096617937088,3.44311261177063,10.13343334197998,2.062830924987793,1.0228155851364136,30.39411735534668
3452051738.0,-0.18814417719841,3.5547518730163574,9.638731956481934,1.9078137874603271,0.9071159362792968,30.6461124420166
3452060071.0,-0.071015790104866,3.4011175632476807,9.723247528076172,2.07092547416687,1.768651843070984,30.5903549194336
3452068404.0,-0.3231665194034576,3.860280752182007,9.640817642211914,2.29919958114624,2.1680803298950195,30.58169174194336
3452076737.0,-0.3785876333713531,3.649001359939575,10.081931114196776,1.997540712356568,1.7554603815078735,30.658994674682617
3452085070.0,-0.4178987145423889,3.663251161575317,9.792084693908691,1.5567961931228638,1.1862859725952148,30.644630432128903
3452093403.0,-0.4265684187412262,3.8532543182373047,9.598600387573242,1.556001901626587,1.5563606023788452,30.741601943969727
3452101736.0,-0.2969385981559753,3.53444766998291,9.896038055419922,1.6368149518966677,1.921414852142334,30.64920997619629
3452110069.0,-0.3263273239135742,3.68579626083374,9.653364181518556,1.4961670637130735,1.3599761724472046,30.478466033935547
3452118402.0,-0.3679725229740143,3.315697193145752,9.8114595413208,1.2926106452941897,1.501546025276184,30.671470642089844
3452126735.0,-0.4383704364299774,3.334408760070801,9.613471031188965,1.486997127532959,1.4577200412750244,30.69892692565918
3452135068.0,-0.5169517993927002,3.670248746871948,9.7418794631958,1.4972174167633057,1.7474430799484253,30.59859848022461
3452143401.0,-0.2211547791957855,3.6121997833251953,9.976319313049316,1.6063082218170166,0.9940763115882874,30.5403995513916
3452151734.0,-0.1760045289993286,3.7180988788604736,9.555472373962402,1.4356918334960938,0.5868866443634033,30.50669288635254
3452160067.0,-0.076045848429203,3.5861732959747314,9.48753833770752,1.358849048614502,1.460742712020874,30.59711265563965
3452168400.0,-0.1817748546600341,3.710906505584717,9.680152893066406,1.2278577089309692,1.6738018989562988,30.74431800842285
3452176733.0,-0.4365169107913971,3.696944713592529,9.650718688964844,1.2105681896209717,1.6223430633544922,30.64967536926269
3452185066.0,-0.1019460335373878,3.1429965496063232,9.86968994140625,1.2080579996109009,0.8773267269134521,30.65631103515625
3452193399.0,-0.0689192116260528,3.2088334560394287,9.516708374023438,0.92706960439682,0.7717703580856323,30.761505126953125
3452201732.0,-0.043561790138483,2.997220516204834,9.658258438110352,1.2375913858413696,1.8278720378875728,30.8064079284668
3452210065.0,-0.2447373270988464,3.1233580112457275,9.710558891296388,1.5455511808395386,1.8299717903137207,30.73832321166992
3452218398.0,-0.2065199911594391,3.101392984390259,9.854890823364258,1.6868654489517212,1.4920945167541504,30.782793045043945
3452226731.0,-0.0085114920511841,2.92110276222229,9.821581840515137,1.6874287128448486,0.6174188256263733,30.80917358398437
3452235064.0,-0.0528879016637802,3.421133279800415,9.493650436401367,1.6530544757843018,1.385026931762695,30.837888717651367
3452243397.0,0.1254660189151764,3.5339837074279785,9.879162788391112,1.7723654508590698,2.083091974258423,30.916444778442383
3452251730.0,-0.1843737810850143,3.761367082595825,9.882874488830566,1.5088716745376587,1.7509007453918457,30.73320198059082
3452260063.0,-0.1951874047517776,3.4961187839508057,9.750545501708984,1.2844654321670532,1.8940590620040887,30.818090438842773
3452268396.0,-0.0593053810298442,3.1824984550476074,9.936988830566406,1.2334673404693604,1.3404067754745483,30.77851295471192
3452276729.0,-0.2701115608215332,3.2211859226226807,9.603880882263184,1.3095929622650146,1.7548456192016602,30.79754447937012
3452285062.0,-0.1134827136993408,3.069910049438477,9.821141242980955,1.4891231060028076,1.937398076057434,30.75689125061035
3452293395.0,-0.1561452895402908,3.080754280090332,9.64346981048584,1.591067671775818,1.4458860158920288,30.52789878845215
3452301728.0,0.0001692574005573,2.884392499923706,9.692814826965332,1.540351390838623,1.4669922590255735,30.47700500488281
3452310061.0,-0.008699519559741,2.9421586990356445,9.61003875732422,1.5295166969299316,1.5343577861785889,30.33164024353028
3452318394.0,-0.204260766506195,3.4348738193511963,9.670710563659668,1.840115308761597,2.546018600463867,30.338638305664062
3452326727.0,-0.0313347578048706,3.385483980178833,10.19513988494873,1.9282283782958984,1.8059457540512085,30.16845703125
3452335060.0,-0.1794061213731765,3.4197452068328857,9.849024772644045,1.4720383882522583,1.2999873161315918,30.00680351257324
3452343393.0,0.010312357917428,3.114565849304199,9.923497200012209,1.6394788026809692,2.017570734024048,30.087390899658203
3452351726.0,-0.0998184382915496,3.2633936405181885,9.978893280029297,1.6103553771972656,2.0148041248321533,29.86707878112793
3452360059.0,-0.0480860732495784,3.5140066146850586,10.020057678222656,1.832072377204895,2.0485382080078125,29.83523941040039
3452368392.0,0.0653740093111991,3.196120500564575,9.949422836303713,1.6341767311096191,1.3672761917114258,29.72256660461425
3452376725.0,-0.0158573444932699,3.2875471115112305,9.541461944580078,1.25173020362854,1.885964632034301,29.5044059753418
3452385058.0,0.1080919280648231,3.155191659927368,9.80529499053955,1.4636369943618774,2.498708963394165,29.548234939575195
3452393391.0,-0.2741105556488037,3.246973752975464,10.003604888916016,1.665912628173828,2.2895941734313965,29.408838272094727
3452401724.0,-0.2657078504562378,3.163084030151367,9.901968002319336,1.7262084484100342,1.9567625522613523,29.31473159790039
3452410057.0,-0.2691427767276764,3.276057243347168,9.896162033081056,1.606436252593994,1.7888354063034058,29.04117202758789
3452418390.0,-0.2703213691711426,3.3777663707733154,9.95143222808838,1.7077664136886597,2.160626173019409,29.014968872070312
3452426723.0,0.0184302423149347,3.3572194576263428,10.014684677124023,1.6359436511993408,1.7306396961212158,28.86296844482422
3452435056.0,-0.1192849650979042,3.631582021713257,9.989211082458496,1.6783355474472046,1.5101778507232666,28.79007339477539
3452443389.0,0.0123174674808979,3.441569328308105,9.752676963806152,1.3381270170211792,1.6442173719406128,28.63446807861328
3452451722.0,-0.236453965306282,3.3465378284454346,9.955307960510254,0.941259741783142,1.931148052215576,28.59643173217773
3452460055.0,-0.1168707683682441,3.406293630599976,9.987879753112791,1.0519647598266602,2.26126480102539,28.63372611999512
3452468388.0,0.0317893326282501,3.4212453365325928,10.263343811035156,0.7847822904586792,1.3377941846847534,28.384984970092773
3452476721.0,0.0783239603042602,3.610934019088745,9.788556098937988,0.6151134371757507,1.3758054971694946,28.162113189697266
3452485054.0,0.2065533697605133,3.391852855682373,9.881464004516602,0.4034884572029114,1.6673980951309204,28.16718482971192
3452493387.0,-0.148852914571762,3.4190773963928223,9.924971580505373,0.0470149591565132,2.039496421813965,28.176841735839844
3452501720.0,-0.1080311685800552,3.289270162582397,9.970593452453612,-0.0176226049661636,2.0770983695983887,28.03466033935547
3452510053.0,-0.0873252227902412,3.15378212928772,10.080955505371094,-0.045157928019762,1.2544195652008057,27.75310707092285
3452518386.0,-0.0476749315857887,3.2734763622283936,9.62741470336914,-0.3941008448600769,1.7588154077529907,27.72060203552246
3452526719.0,0.0405645780265331,3.175299406051636,9.791040420532228,-0.2827813327312469,1.939191102981568,27.581850051879883
3452535052.0,-0.2270077764987945,3.3359649181365967,9.807744026184082,-0.4431521594524383,2.0786349773406982,27.379470825195312
3452543385.0,-0.0281228758394718,2.965179443359375,9.849862098693848,-0.5696609616279602,1.6203702688217163,27.225887298583984
3452551718.0,-0.1563953161239624,3.13952898979187,9.712102890014648,-0.5930724740028381,1.0370060205459597,26.98516845703125
3452560051.0,-0.0548786185681819,3.034679412841797,9.459880828857422,-0.6537269353866577,1.7427808046340942,26.87796974182129
3452568384.0,0.0246616285294294,3.0656228065490723,9.813250541687012,-0.7967824935913086,1.6729050874710083,26.63330268859864
3452576717.0,-0.0938691422343254,3.02192497253418,9.650701522827148,-0.8596398234367371,1.5617393255233765,26.65609741210937
3452585050.0,-0.0303315185010433,2.724207162857056,9.635909080505373,-0.9529271125793456,1.3814406394958496,26.482202529907227
3452593383.0,-0.1199968233704567,2.978527784347534,9.707094192504885,-0.9800523519515992,1.502416491508484,26.11030578613281
3452601716.0,-0.0752009600400924,3.197062492370605,9.67576503753662,-1.0455225706100464,1.3818504810333252,25.94732666015625
3452610049.0,-0.0073056844994425,3.068328380584717,9.765305519104004,-1.1902942657470703,0.8867526054382324,25.81256866455078
3452618382.0,0.0935255959630012,2.701861619949341,9.515040397644045,-1.348154902458191,0.94584459066391,25.700916290283203
3452626715.0,0.3433267772197723,2.373046636581421,9.548919677734377,-1.0927038192749023,0.8673624992370605,25.549610137939453
3452635048.0,0.1888099163770675,2.4875705242156982,9.404326438903809,-1.040015459060669,1.3454270362854004,25.43122291564941
3452643381.0,0.1285967826843261,2.330272436141968,9.413345336914062,-0.7389967441558838,1.7762843370437622,25.396671295166016
3452651714.0,-0.0961689352989196,2.309448480606079,9.712042808532717,-0.5741432905197144,1.6219581365585327,25.0879135131836
3452660047.0,0.2280550152063369,1.9734127521514893,9.782949447631836,-0.366975337266922,1.5452691316604614,24.970447540283203
3452668380.0,0.352748304605484,2.146899700164795,9.659379959106444,-0.0737946555018425,0.7172630429267883,24.749755859375
3452676713.0,0.1742909103631973,2.292134046554565,9.148883819580078,0.1174797490239143,1.8285627365112305,24.56192398071289
3452685046.0,0.1286872178316116,2.2214763164520264,9.57016372680664,0.2369702160358429,2.1501238346099854,24.49965476989746
3452693379.0,0.1053292751312255,2.37491774559021,9.721911430358888,0.2100240141153335,1.4689387083053589,24.243770599365234
3452701712.0,0.444135457277298,2.13326382637024,9.744659423828123,0.3154266476631164,0.9896193146705629,24.302833557128903
3452710045.0,0.3649194538593292,2.350327014923096,9.402838706970217,0.7591165900230408,1.2412278652191162,24.195432662963867
3452718378.0,0.3235802948474884,2.1620869636535645,9.577250480651855,0.6831191182136536,2.446249961853028,24.10401725769043
3452726711.0,0.1127954646944999,2.104929208755493,9.89644718170166,0.6135251522064209,2.1475367546081543,23.970590591430664
3452735044.0,0.0866923481225967,1.9828070402145384,9.779706954956056,0.7427234649658203,1.7801260948181152,23.84147071838379
3452743377.0,0.3605763018131256,1.858761429786682,9.960058212280272,0.9865455031394958,1.6173475980758667,23.7025146484375
3452751710.0,0.2756154239177704,2.0796267986297607,9.753853797912598,1.0461753606796265,1.8763327598571773,23.510711669921875
3452760043.0,0.4088253974914551,2.042341470718384,9.782970428466797,1.0950219631195068,2.2525551319122314,23.476879119873047
3452768376.0,0.2111152857542038,2.08967399597168,9.92330837249756,0.9785794615745544,2.0551974773406982,23.297401428222656
3452776709.0,0.2189777940511703,2.0699715614318848,9.757579803466797,0.9057067632675172,2.280320882797241,23.23779296875
3452785042.0,0.3665931522846222,2.126591920852661,10.00601577758789,1.0779372453689575,1.8557137250900269,23.02007484436035
3452793375.0,0.2397533655166626,2.3465726375579834,9.650843620300291,1.0706627368927002,2.1538636684417725,22.90824317932129
3452801708.0,0.155011773109436,2.2383267879486084,9.89671802520752,0.9602909684181212,2.579854249954224,22.8059139251709
3452810041.0,-0.1335068345069885,2.2200767993927,10.014188766479492,0.8085777163505554,2.6194021701812744,22.68316650390625
3452818374.0,0.0642986074090004,1.8104783296585083,10.177475929260254,1.0350333452224731,2.2503013610839844,22.44667625427246
3452826707.0,0.0825541764497757,1.705058217048645,9.904655456542969,1.115897297859192,1.5714210271835327,22.31106948852539
3452835040.0,0.1807526499032974,1.53304922580719,9.64236068725586,1.3792630434036257,2.2917191982269287,22.153642654418945
3452843373.0,0.2612410187721252,1.580623745918274,9.994678497314451,1.56455659866333,2.5622570514678955,21.88787269592285
3452851706.0,-0.0015237843617796,2.012989282608032,9.855937004089355,1.7305883169174194,2.383162498474121,21.74492073059082
3452860039.0,0.0909348353743553,1.927838921546936,10.00299835205078,1.832148551940918,1.9509214162826536,21.40411949157715
3452868372.0,-0.1433005779981613,2.3542072772979736,9.776534080505373,1.635738492012024,2.026893377304077,21.20038604736328
3452876705.0,-0.0954173505306243,2.2312142848968506,9.960552215576172,1.556616187095642,2.3022468090057373,21.15389633178711
3452885038.0,-0.0881898626685142,2.3372609615325928,10.318791389465332,1.583613395690918,1.82935643196106,20.850133895874023
3452893371.0,-0.1817996501922607,2.1106173992156982,10.026006698608398,1.4549787044525146,1.7525906562805176,20.794172286987305
3452901704.0,0.0178440827876329,1.914329409599304,10.253944396972656,1.664016604423523,1.4612798690795898,20.64061164855957
3452910037.0,-0.0842649564146995,2.289008378982544,9.95424461364746,1.6402463912963867,1.33671772480011,20.45611000061035
3452918370.0,0.1546059995889663,1.9915069341659544,10.078701972961426,1.6639139652252195,1.4093084335327148,20.18756866455078
3452926703.0,-0.0728577673435211,2.095176935195923,9.99197006225586,1.5074622631072998,1.412894606590271,19.89080619812012
3452935036.0,0.0338834933936595,1.8885393142700195,9.97230339050293,1.6228288412094116,1.6600719690322876,19.839216232299805
3452943369.0,-0.0999535769224166,2.09211802482605,10.351283073425291,1.6151957511901855,1.1617212295532229,19.44501686096192
3452951702.0,-0.2131092250347137,2.2973451614379883,9.554489135742188,1.7628108263015747,1.8746426105499268,19.308488845825195
3452960035.0,0.1239383444190025,1.6721644401550293,10.47051239013672,2.2343943119049072,0.9367513060569764,19.16709899902344
3452968368.0,0.0537791289389133,1.9000091552734373,9.852609634399414,1.3391766548156738,0.5786129236221313,18.945613861083984
3452976701.0,-0.0528316795825958,2.0640714168548584,9.768957138061523,2.324914932250977,1.1270649433135986,18.95526695251465
3452985034.0,-0.0409922264516353,1.80551016330719,9.852021217346191,2.396301984786988,1.403647541999817,18.767465591430664
3452993367.0,-0.0677200108766555,1.9253007173538208,9.821388244628906,2.5328001976013184,0.7589628100395203,18.62825393676757
3453001700.0,0.1838517636060714,1.689285397529602,9.981225967407228,2.2709715366363525,-0.1195416823029518,18.38304901123047
3453010033.0,-0.1373864561319351,1.7719088792800903,9.245235443115234,2.0649046897888184,0.7716930508613586,18.29641914367676
3453018366.0,0.1466669738292694,2.123889446258545,10.056964874267578,2.658131122589112,1.28205668926239,18.13410186767578
3453026699.0,-0.2217482477426529,2.1531481742858887,10.02729034423828,2.223841428756714,0.3598673045635223,17.823198318481445
3453035032.0,0.040692750364542,2.109037160873413,9.814574241638184,1.8217999935150144,-0.2133409976959228,17.71236228942871
3453043365.0,-0.0092117888852953,2.036656618118286,9.736567497253418,1.523393988609314,0.0055967108346521,17.634109497070312
3453051698.0,0.0953506231307983,2.0954015254974365,9.82693099975586,1.474137783050537,0.702150285243988,17.586109161376953
3453060031.0,0.1534379422664642,2.1310336589813232,10.196590423583984,1.592988133430481,0.035539761185646,17.38337516784668
3453068364.0,-0.0238058920949697,2.21585750579834,9.833112716674805,1.0359551906585691,-0.463464081287384,17.08924674987793
3453076697.0,0.2871153056621551,2.1018311977386475,9.726978302001951,0.9750958681106568,-0.2091403007507324,17.123748779296875
3453085030.0,0.1367035806179046,1.983284592628479,9.764847755432127,0.7333739995956421,-0.1864716559648513,16.851160049438477
3453093363.0,0.0158454924821853,1.7090394496917725,9.563732147216797,0.7374723553657532,0.1384065449237823,16.743270874023438
3453101696.0,-0.0437812879681587,1.5378297567367554,9.772093772888184,0.5142186880111694,-0.2953065633773803,16.441255569458008
3453110029.0,0.0377736799418926,1.6082807779312134,9.70556640625,0.5286139249801636,-0.630289614200592,16.127685546875
3453118362.0,0.2403009384870529,1.445641279220581,9.699387550354004,0.8550161719322205,-0.8475751876831055,16.070541381835938
3453126695.0,-0.0298823788762092,1.4731409549713137,9.581929206848145,0.7109360694885254,-0.1247925832867622,15.851259231567385
3453135028.0,0.1617535650730133,1.324912428855896,9.846744537353516,0.896203875541687,-0.1898015141487121,15.646215438842772
3453143361.0,0.158497005701065,1.6928987503051758,9.966171264648438,0.8372398614883423,-0.9997493028640748,15.379417419433594
3453151694.0,0.4592658281326294,1.6422276496887207,9.774765014648438,0.8283517360687256,-0.7479614019393921,15.346579551696776
3453160027.0,0.3455807566642761,1.6154721975326538,9.893939018249512,0.8181571960449219,-0.3192558884620666,15.154779434204102
3453168360.0,0.1472971439361572,1.5975571870803833,9.72772979736328,0.8306825757026672,0.1001388654112815,15.161182403564451
3453176693.0,0.2199204564094543,1.163283348083496,10.128267288208008,0.929476797580719,-0.5240417718887329,14.9848051071167
3453185026.0,0.1850106716156005,1.3320765495300293,9.742237091064451,0.7232820987701416,-1.0007227659225464,14.730120658874512
3453193359.0,0.4934167265892029,1.0268980264663696,9.746734619140623,0.9962272644042968,-0.3802945911884308,14.669209480285645
3453201692.0,0.2176080346107483,1.0897234678268433,9.670116424560549,1.1332635879516602,-0.086909107863903,14.426616668701172
3453210025.0,0.3055247366428375,0.8027554154396057,9.774380683898926,1.316558837890625,-0.128096804022789,14.407713890075684
3453218358.0,0.3111210763454437,0.999189019203186,9.786666870117188,1.506386160850525,-0.700088381767273,14.154288291931152
3453226691.0,0.3167797029018402,1.2397581338882446,9.65250301361084,1.6846870183944702,-0.2384429425001144,14.097808837890623
3453235024.0,0.587571918964386,1.2424614429473877,10.06303882598877,1.9870887994766235,-0.2460504174232483,13.930549621582031
3453243357.0,0.4528233408927917,1.4679033756256104,9.812954902648926,1.8444689512252808,-0.1100387871265411,13.85437297821045
3453251690.0,0.6173694133758545,1.2728734016418457,10.108298301696776,1.953047633171081,0.063612975180149,13.76323699951172
3453260023.0,0.6215840578079224,1.265006422996521,10.012273788452148,1.8291771411895752,-0.154761254787445,13.526277542114258
3453268356.0,0.6146127581596375,1.28811514377594,10.07691478729248,1.7414480447769165,0.391552060842514,13.551712989807127
3453276689.0,0.5043444037437439,1.200257420539856,10.022212028503418,1.6664750576019287,0.6746662259101868,13.26744556427002
3453285022.0,0.2815202474594116,1.3357208967208862,10.13791847229004,1.619191288948059,1.046994686126709,13.15061855316162
3453293355.0,0.6403204202651978,1.241366624832153,10.43772315979004,1.389764666557312,0.5868606567382812,12.901725769042969
3453301688.0,0.4060656130313873,1.417193055152893,10.06832504272461,1.2589269876480105,0.450772225856781,12.73984432220459
3453310021.0,0.6500049829483032,1.207505226135254,9.955236434936523,1.360615611076355,1.2084413766860962,12.486186027526855
3453318354.0,0.520064651966095,1.1437373161315918,9.961847305297852,1.3794676065444946,1.101091980934143,12.33762264251709
3453326687.0,0.5088030695915222,0.8968549966812134,9.920665740966797,1.3317737579345703,1.2436864376068115,12.309907913208008
3453335020.0,0.4246799647808075,0.982894003391266,9.970739364624023,1.5714462995529177,1.0367746353149414,12.126714706420898
3453343353.0,-0.0140064042061567,1.2691023349761963,9.96120262145996,1.5611495971679688,1.6739801168441772,11.828335762023926
3453351686.0,0.1842632591724395,1.026663064956665,10.397510528564451,1.6430381536483765,1.6936519145965576,11.659127235412598
3453360019.0,0.1727727949619293,1.194250226020813,10.172077178955078,1.283951997756958,0.6928011178970337,11.356084823608398
3453368352.0,0.3586481809616089,0.8244682550430298,9.8772611618042,1.5020828247070312,1.0488646030426023,11.126324653625488
3453376685.0,0.4672105312347412,0.9904989004135132,9.80584716796875,1.5517233610153198,1.3345402479171753,10.800153732299805
3453385018.0,0.4127468168735504,0.9252015352249146,9.9063081741333,1.5600734949111938,1.831148982048035,10.833861351013184
3453393351.0,0.3935497999191284,0.8906794190406799,10.134004592895508,1.3462971448898315,1.7859654426574707,10.555177688598633
3453401684.0,0.3242947161197662,0.9481759667396544,10.069782257080078,1.2607711553573608,1.6862236261367798,10.330337524414062
3453410017.0,0.3797067999839782,0.8723797798156738,10.18946361541748,1.6954705715179443,1.5774401426315308,10.119789123535156
3453418350.0,0.0377873703837394,1.131150722503662,10.066288948059082,1.4899417161941528,1.6397594213485718,9.952655792236328
3453426683.0,-0.0331390239298343,1.0542542934417725,10.0869722366333,1.4290567636489868,1.960449814796448,9.89200210571289
3453435016.0,0.1538416892290115,1.1743590831756592,10.20729923248291,1.392453670501709,0.9245585203170776,9.597972869873049
3453443349.0,0.2089846283197403,1.094351053237915,9.81744384765625,0.9531700015068054,0.9269664883613586,9.397109031677246
3453451682.0,0.4293865263462066,0.4829574525356293,9.769364356994627,1.0231223106384275,1.242226481437683,9.24795627593994
3453460015.0,0.2972922921180725,0.4233986437320709,9.743730545043944,1.235361933708191,1.7180365324020386,9.137405395507812
3453468348.0,0.2897846102714538,0.2162437587976455,9.864453315734863,1.4809255599975586,1.5732905864715576,8.981389999389648
3453476681.0,-0.1279334127902984,0.5035439729690552,9.7921142578125,1.6714953184127808,1.287563681602478,8.732597351074219
3453485014.0,-0.1276073455810547,0.593161940574646,9.8919038772583,1.7734912633895874,1.648058295249939,8.488006591796875
3453493347.0,0.0235851611942052,0.7423596978187561,10.329272270202637,1.922053933143616,0.7863442301750183,8.166111946105957
3453501680.0,0.1742047816514969,0.7544707655906677,9.906630516052246,1.7095580101013184,0.4974156320095062,8.067933082580566
3453510013.0,0.3740613758563995,0.5839252471923828,9.774910926818848,2.0148284435272217,0.6790717840194702,8.027923583984375
3453518346.0,0.1458911746740341,0.6126382946968079,9.714552879333496,1.853074550628662,1.359744429588318,7.912096500396728
3453526679.0,0.2853051126003265,0.5350872874259949,9.95588493347168,1.8251042366027832,1.261488437652588,7.654059410095215
3453535012.0,0.2721944749355316,0.4551053047180176,10.158869743347168,1.87015962600708,0.6980264782905579,7.470943927764893
3453543345.0,0.2529491484165191,0.3777386546134949,9.954004287719728,2.0351665019989014,0.9783486127853394,7.301146984100342
3453551678.0,0.1610721498727798,0.3391217589378357,10.272534370422363,2.078326463699341,1.211515188217163,7.277223587036133
3453560011.0,-0.185232475399971,0.6102012395858765,10.06899642944336,1.893980503082276,1.255981206893921,7.046821594238281
3453568344.0,0.0514250770211219,0.5565971732139587,10.275592803955078,2.0264317989349365,0.4181651771068573,6.767780303955078
3453576677.0,0.0928642526268959,0.5401691794395447,9.846800804138184,1.9063777923583984,-0.0851160883903503,6.431900501251221
3453585010.0,0.1927796900272369,0.3339821696281433,9.567460060119627,1.9349377155303955,0.4285901486873626,6.462176322937012
3453593343.0,-0.0141153158619999,0.6676397323608398,9.758444786071776,1.8169584274291992,0.7768412232398987,6.250270366668701
3453601676.0,-0.1837497651576995,0.6773409247398376,10.056013107299805,1.7853761911392212,1.1094677448272705,6.088593006134033
3453610009.0,-0.1445090770721435,0.5478274822235107,10.52427864074707,1.5666309595108032,0.3916801214218139,5.84956169128418
3453618342.0,-0.064658798277378,0.7152004241943359,10.040736198425291,1.526928424835205,-0.1962306499481201,5.711628437042236
3453626675.0,0.1896750777959823,0.4003291726112366,10.121079444885254,1.4530571699142456,-0.3867493867874145,5.454410552978516
3453635008.0,-0.0387806147336959,0.250389039516449,9.508795738220217,1.2910983562469482,-0.4253756105899811,5.182643413543701
3453643341.0,0.142683207988739,0.0702851861715316,9.69944667816162,1.365789532661438,-0.1308118849992752,5.087717533111572
3453651674.0,0.2039240300655365,0.0790363773703575,9.946653366088867,1.6010819673538208,-0.7897637486457825,4.701531410217285
3453660007.0,0.356800377368927,0.2757387459278106,9.93092918395996,1.6504149436950684,-0.4234801828861236,4.53053092956543
3453668340.0,0.3813380599021911,0.3469246923923492,9.98850917816162,1.5189882516860962,-0.1394695192575454,4.399667739868164
3453676673.0,-0.0244298987090587,0.5637848973274231,9.93409538269043,1.6658858060836792,0.2997761964797973,4.245675086975098
3453685006.0,0.0613513477146625,0.1231431663036346,10.172094345092772,1.6869152784347534,-0.1187988296151161,4.048983097076416
3453693339.0,0.0162834096699953,0.1037598177790641,10.08347988128662,1.3942979574203491,-1.019549012184143,3.751370906829834
3453701672.0,0.3270666897296905,0.1573637872934341,9.862704277038574,1.416428804397583,-0.821499764919281,3.7446346282958975
3453710005.0,0.4054990708827972,0.1761186271905899,9.911174774169922,1.503696322441101,-0.6406375765800476,3.665614366531372
3453718338.0,0.4012762606143951,0.1963622868061065,9.89754867553711,1.5489310026168823,-0.0689535066485405,3.652883768081665
3453726671.0,0.4758414328098297,-0.3222375810146332,10.088006973266602,1.7580711841583252,-0.5773448348045349,3.413416624069214
3453735004.0,0.2007659524679184,-0.1482246667146682,9.811341285705566,1.7557146549224854,-0.572606086730957,3.2561962604522705
3453743337.0,0.0520858727395534,-0.0688854306936264,9.722457885742188,2.242820978164673,0.069171242415905,3.1805579662323
3453751670.0,-0.2339371442794799,0.3214917480945587,10.078659057617188,2.255474328994751,-0.3603922426700592,3.002692699432373
3453760003.0,-0.0312345083802938,0.4386669993400574,10.12927532196045,2.0960254669189453,-0.8745467662811279,2.9719040393829346
3453768336.0,0.3525647819042206,0.2271977663040161,9.927396774291992,1.8955943584442136,-1.8199937343597408,2.724214553833008
3453776669.0,0.3945352435111999,0.0635150223970413,9.541522979736328,1.8157804012298584,-1.1844536066055298,2.6559786796569824
3453785002.0,0.5816880464553833,-0.0836988016963005,9.7340726852417,2.0391621589660645,-0.5297792553901672,2.72357439994812
3453793335.0,0.4909979403018951,0.02401589974761,10.066389083862305,1.9213879108428955,-0.6626914739608765,2.514254808425904
3453801668.0,0.6518602967262268,-0.0052395202219486,10.069193840026855,2.0152382850646973,-0.7443240880966187,2.5240907669067383
3453810001.0,0.4403902292251587,0.1097075566649437,9.911853790283203,2.014469861984253,-0.618020236492157,2.314771175384521
3453818334.0,0.2985545992851257,0.0104157133027911,9.95370101928711,2.001585960388184,-0.0173152219504117,2.3669474124908447
3453826667.0,0.2907748222351074,-0.0298701860010623,10.131407737731934,2.14807391166687,-0.5400761961936951,2.300734758377075
3453835000.0,0.2728434801101684,0.0145457759499549,9.80821418762207,2.193462371826172,-0.8770313858985901,2.058347225189209
3453843333.0,0.6585610508918762,-0.1392645388841629,9.735732078552246,2.227247476577759,-1.113399624824524,2.1875710487365723
3453851666.0,0.687258243560791,0.0874290019273758,9.557577133178713,2.084704160690308,-0.5667405724525452,2.0944886207580566
3453859999.0,0.777920663356781,-0.1321057677268982,9.772921562194824,2.308957099914551,0.1158916130661964,2.0051462650299072
3453868332.0,0.5636006593704224,-0.1187482252717018,9.887564659118652,2.3476598262786865,0.2432455867528915,1.7229799032211304
3453876665.0,0.4827845990657806,-0.2340931296348571,9.828376770019531,2.444814682006836,0.4463152289390564,1.748568415641785
3453884998.0,0.47260183095932,-0.3165839314460754,10.004730224609377,2.62221908569336,-0.2473566979169845,1.5843558311462402
3453893331.0,0.3506086468696594,0.0003287610597908,9.680933952331545,2.519249677658081,0.3648620247840881,1.5024415254592896
3453901664.0,0.532619059085846,-0.1779702752828598,9.89676284790039,2.857665061950684,0.4639378786087036,1.424241304397583
3453909997.0,0.3258262872695923,-0.0412249006330966,9.935723304748535,2.755950689315796,0.5017188191413879,1.3361281156539917
3453918330.0,0.710659921169281,-0.2615420818328857,10.020075798034668,2.752262592315674,0.4423706829547882,1.4791067838668823
3453926663.0,0.7573406100273132,-0.0101515166461467,9.966668128967283,2.7343578338623047,0.3562299609184265,1.1799324750900269
3453934996.0,0.7355830669403076,0.2252750843763351,9.857648849487305,2.842194080352783,1.4333854913711548,1.2032159566879272
3453943329.0,0.7307382225990295,0.0422311015427112,10.287958145141602,2.775955438613892,1.5493154525756836,1.083085060119629
3453951662.0,0.5439656972885132,0.2003692835569381,10.160465240478516,2.459542751312256,1.3855634927749634,1.0744017362594604
3453959995.0,0.7493279576301575,0.1535655260086059,10.166290283203123,2.2502236366271973,1.0763230323791504,1.043126940727234
3453968328.0,0.4755195379257202,0.3873307108879089,9.816482543945312,2.0419797897338867,1.667268991470337,0.934112787246704
3453976661.0,0.5980186462402344,0.0681242868304252,9.94845485687256,2.3312671184539795,2.453805685043335,1.0190752744674685
3453984994.0,0.4956310391426086,-0.4973228871822357,10.19228458404541,2.2538092136383057,1.7482352256774902,0.8612401485443115
3453993327.0,0.3815090954303741,-0.3700611591339111,9.76318073272705,2.5600786209106445,1.6829702854156494,0.9046050906181335
3454001660.0,0.389777660369873,-0.2347737401723861,9.688156127929688,3.017036199569702,1.9228476285934448,0.9164644479751588
3454009993.0,0.4121410250663757,0.178543135523796,9.663663864135742,2.899031639099121,2.294433355331421,0.7622154951095581
3454018326.0,0.4852210283279419,0.1792508214712143,9.769989967346191,2.65779709815979,2.0007920265197754,0.7278157472610474
3454026659.0,0.3515529036521911,0.2760781049728393,9.705163955688477,2.238492012023926,1.9876006841659544,0.7326824069023132
3454034992.0,0.3553025126457214,0.0001486105611547,9.854951858520508,2.3969669342041016,2.494250059127808,0.8117790222167969
3454043325.0,0.2393096089363098,0.1390716731548309,10.131022453308104,2.54414701461792,2.358546018600464,0.7488194108009338
3454051658.0,0.2015473842620849,0.0230334978550672,10.157803535461426,2.386414051055908,2.130143642425537,0.710167407989502
3454059991.0,0.2898143827915191,-0.1645734161138534,10.135401725769045,2.433083295822144,1.7232872247695925,0.7385224103927612
3454068324.0,0.19418865442276,-0.1572086960077285,9.897581100463867,2.5615901947021484,2.315463066101074,0.7447466850280762
3454076657.0,0.3661842942237854,-0.3933064341545105,10.176828384399414,2.9030532836914062,2.452831983566284,0.9504545331001282
3454084990.0,0.1385689824819564,0.0760867223143577,9.855053901672363,2.8646068572998047,1.832557916641236,0.7357305288314819
3454093323.0,0.2263732254505157,-0.2347153723239898,9.86313247680664,2.882050037384033,2.0509190559387207,0.8426443338394165
3454101656.0,0.3416151106357574,-0.0186154153198003,10.029480934143066,2.7942440509796143,2.0301201343536377,0.5614511966705322
3454109989.0,0.3078389167785644,-0.0372241549193859,10.256474494934082,2.977590799331665,2.3734278678894043,0.6069420576095581
3454118322.0,0.1085841432213783,0.0444766506552696,10.204094886779783,2.9906795024871826,2.178810834884644,0.3350469768047333
3454126655.0,-0.0387351475656032,0.1865488886833191,10.121514320373535,3.2868311405181885,2.409825563430786,0.3110464215278625
3454134988.0,0.0132355978712439,-0.2486826926469802,10.254281997680664,3.061708211898804,1.7132467031478882,0.3690627217292785
3454143321.0,-0.2128217965364456,-0.0977664515376091,9.797325134277344,2.9411160945892334,1.6022087335586548,0.2895817160606384
3454151654.0,-0.0546856597065925,-0.2398366630077362,9.99779224395752,3.1405999660491943,1.7315353155136108,0.0393562726676464
3454159987.0,-0.1157899349927902,-0.0049467887729406,10.001260757446287,3.127408266067505,1.1537290811538696,-0.0526628643274307
3454168320.0,0.110718086361885,-0.0880221202969551,9.944809913635254,2.8218564987182617,1.1950706243515017,-0.2103184908628463
3454176653.0,0.134830504655838,-0.1534671336412429,10.084012985229492,2.619529485702514,1.080805420875549,-0.2156462371349334
3454184986.0,0.0982029736042022,0.0474382825195789,9.963184356689451,2.739173412322998,1.725695252418518,-0.121385857462883
3454193319.0,-0.018057145178318,-0.0588748082518577,10.20324993133545,2.915578842163086,1.2425336837768557,-0.2616493999958038
3454201652.0,-0.1545166075229644,-0.1548603624105453,9.977243423461914,2.7615861892700195,0.6823503971099854,-0.3492757380008697
3454209985.0,-0.0402760468423366,-0.0946366637945175,9.833520889282228,2.459901809692383,0.3838933408260345,-0.3801153004169464
3454218318.0,-0.2461864799261093,-0.2034222036600113,9.739384651184082,2.401577949523926,0.5261804461479187,-0.3447932302951813
3454226651.0,-0.2269074469804763,-0.4295680820941925,9.631312370300291,2.527471780776977,0.7604994177818298,-0.3809861540794372
3454234984.0,-0.1393487751483917,-0.847810685634613,10.015151023864746,2.794654130935669,-0.1329891234636306,-0.4934839010238647
3454243317.0,0.0124961016699671,-0.6031739711761475,9.751975059509276,2.9202146530151367,-0.3840854465961456,-0.5281911492347717
3454251650.0,0.1741517782211303,-0.4438471496105194,9.705260276794434,3.090037107467652,-0.1799656003713607,-0.5938403606414795
3454259983.0,0.0585466437041759,0.0119852051138877,9.79442310333252,3.3327317237854004,0.234306201338768,-0.5819041728973389
3454268316.0,-0.0125331887975335,-0.1486346870660781,9.931670188903809,3.295027732849121,0.0229631606489419,-0.7518802285194397
3454276649.0,-0.0653141811490058,-0.1234939619898796,10.075586318969728,2.917064428329468,-0.5056250095367432,-0.8551825284957886
3454284982.0,-0.0096654035151004,0.1011463925242424,9.833074569702148,2.95133638381958,-0.4260415732860565,-0.7664547562599182
3454293315.0,-0.0545333251357078,0.1200012117624282,9.995469093322754,2.8648626804351807,-0.3510687351226806,-0.963966190814972
3454301648.0,-0.052307154983282,0.0630475804209709,10.010924339294434,2.63407826423645,-0.2995072603225708,-0.945984959602356
3454309981.0,0.0798843055963516,-0.1754648238420486,9.84444808959961,2.481622695922852,-0.9816912412643432,-1.0157837867736816
3454318314.0,0.111062541604042,0.0171331372112035,9.608028411865234,2.4154863357543945,-0.917886197566986,-1.0386059284210205
3454326647.0,0.170732170343399,-0.2867608666419983,9.633663177490234,2.3157958984375,-0.5090060830116272,-1.0685746669769287
3454334980.0,0.087916575372219,-0.0919377580285072,9.666854858398438,2.348146677017212,-0.5401530265808105,-1.12574565410614
3454343313.0,0.2100507616996765,-0.1981492638587951,9.909050941467283,2.333341598510742,-0.7333356142044067,-1.1929062604904177
3454351646.0,0.2669484317302704,0.1284438073635101,9.768302917480469,2.358853340148926,-1.0597378015518188,-1.3821697235107422
3454359979.0,0.2504701316356659,0.2103740274906158,9.617237091064451,2.344713926315308,-0.4235313534736633,-1.3599878549575806
3454368312.0,0.0163554269820451,-0.0179203823208808,9.815075874328612,2.2281439304351807,-0.1734852194786071,-1.5210245847702026
3454376645.0,-0.0517995469272136,0.0851457491517067,9.824315071105955,1.875512719154358,-0.4713275730609894,-1.5888510942459106
3454384978.0,0.1628070771694183,-0.0802280604839325,9.76639461517334,2.0754318237304688,-0.8263920545578003,-1.6787313222885132
3454393311.0,0.1810970604419708,-0.0848854556679725,9.63009548187256,1.983348608016968,-0.9127119779586792,-1.9802364110946653
3454401644.0,0.4511954486370086,-0.275875061750412,9.784218788146973,2.07374119758606,-0.2452306896448135,-1.8799057006835933
3454409977.0,0.468852162361145,-0.4269714951515198,9.983558654785156,2.1251235008239746,-0.1009200885891914,-1.9470406770706177
3454418310.0,0.4367569983005523,-0.2950991690158844,10.021376609802246,2.132192850112915,0.269064724445343,-1.955723524093628
3454426643.0,0.4252563714981079,-0.4490132629871368,10.06100082397461,2.205705642700196,0.2108179479837417,-2.035127878189087
3454434976.0,0.3439870178699493,-0.2472024708986282,10.03961181640625,2.16221284866333,0.3854301869869232,-2.0787487030029297
3454443309.0,0.3917436897754669,-0.3625997900962829,10.077017784118652,2.408468246459961,0.720848560333252,-2.0028536319732666
3454451642.0,0.1574917584657669,-0.2825173437595367,9.99400520324707,2.199430227279663,0.8893133997917175,-1.9141005277633667
3454459975.0,0.0309171825647354,-0.2959430515766144,9.916566848754885,2.214773178100586,1.1006563901901243,-1.9260369539260864
3454468308.0,-0.0086332922801375,-0.5381841063499451,9.98001480102539,2.1245853900909424,0.9265052676200868,-1.8989112377166748
3454476641.0,0.1562582701444625,-0.687087893486023,9.942076683044434,2.2311666011810303,0.7748690843582153,-1.7908449172973633
3454484974.0,0.1390737742185592,-1.0089377164840698,9.86148166656494,2.6281614303588867,0.8839600086212158,-1.7266300916671753
3454493307.0,0.0227483082562685,-0.8155452609062195,9.93237590789795,2.944113254547119,1.4030582904815674,-1.5702295303344729
3454501640.0,0.0976506024599075,-0.8017227053642273,10.14086627960205,3.069519758224488,1.4740349054336548,-1.6628758907318115
3454509973.0,0.0317050702869892,-0.3993041813373565,10.160503387451172,3.115574359893799,1.1763720512390137,-1.6592130661010742
3454518306.0,0.1289646476507187,-0.4564103186130523,10.107966423034668,3.135758399963379,1.112541437149048,-1.525993585586548
3454526639.0,-0.1519682258367538,-0.2954019010066986,9.956124305725098,3.1526639461517334,1.4511359930038452,-1.5396716594696045
3454534972.0,-0.2366672754287719,-0.2682051658630371,10.108552932739258,3.134324073791504,1.857505798339844,-1.3861398696899414
3454543305.0,-0.1100067570805549,-0.4841598868370056,10.361926078796388,3.16477918624878,1.0988634824752808,-1.4239463806152344
3454551638.0,0.0478670708835125,-0.5096514225006104,10.019021034240724,3.232221841812134,0.9251989722251892,-1.347667217254639
3454559971.0,0.0554308257997036,-0.6444263458251953,10.005881309509276,3.2775332927703857,1.6622483730316162,-1.3555307388305664
3454568304.0,-0.240126371383667,-0.4778847694396972,9.89195156097412,3.436572551727295,2.1629557609558105,-1.25737726688385
3454576637.0,-0.2404331862926483,-0.4814184308052063,10.275067329406738,3.656316757202149,1.6999017000198364,-1.2493343353271484
3454584970.0,-0.1980409175157547,-0.603130042552948,10.117669105529783,3.610082864761353,0.7265862226486206,-1.2451592683792114
3454593303.0,-0.1075349748134613,-0.2157099395990371,9.82029151916504,3.620866060256958,0.9644910097122192,-1.379172682762146
3454601636.0,-0.1235211342573165,-0.1322804093360901,10.096844673156738,3.768763542175293,1.6988002061843872,-1.3250757455825806
3454609969.0,-0.3532842397689819,0.161226138472557,10.186107635498049,3.673145532608032,1.58891499042511,-1.4491255283355713
3454618302.0,-0.2682510614395141,0.0618958957493305,10.230567932128906,3.388955354690552,1.190485596656799,-1.4424142837524414
3454626635.0,-0.2814924716949463,0.046210803091526,10.042244911193848,3.408294200897217,0.7622924447059631,-1.4966909885406494
3454634968.0,-0.2191281020641327,0.1201510578393936,10.019346237182615,3.206120491027832,1.2344138622283936,-1.6065245866775513
3454643301.0,-0.2184246182441711,0.1301942318677902,10.127569198608398,2.966679096221924,1.4295432567596436,-1.6970454454421997
3454651634.0,-0.2079398483037948,0.3183577954769134,10.041607856750488,2.931638717651367,1.1561625003814695,-1.6870559453964231
3454659967.0,-0.1210431009531021,0.0533688776195049,9.977992057800291,2.7309257984161377,0.8816548585891724,-1.7041407823562622
3454668300.0,-0.2487533241510391,-0.0820362791419029,10.010401725769045,2.5568768978118896,1.0414364337921145,-1.7599283456802368
3454676633.0,-0.2904459834098816,0.0057709505781531,9.87928581237793,2.5421743392944336,1.3223989009857178,-1.828472137451172
3454684966.0,-0.2290769070386886,0.09306500852108,10.094352722167969,2.561436176300049,0.8851638436317444,-1.87898337841034
3454693299.0,-0.2774793207645416,0.1709662824869156,9.765883445739746,2.395840167999268,0.9331137537956238,-1.977700471878052
3454701632.0,-0.3486822843551636,-0.0571529418230056,9.844182014465332,2.106553077697754,1.283388376235962,-2.085895299911499
3454709965.0,-0.2751147449016571,0.1231309249997139,9.78785800933838,2.136393785476685,1.2246294021606443,-1.94381320476532
3454718298.0,-0.3277985155582428,-0.2938070595264435,9.783400535583496,2.073869466781616,0.5876546502113342,-1.916072964668274
3454726631.0,-0.4126838743686676,-0.5577565431594849,9.524099349975586,2.2293992042541504,0.6255125403404236,-1.9442485570907595
3454734964.0,-0.3153853118419647,-0.6395627856254578,9.584524154663086,2.500781774520874,0.6530476808547974,-1.8208134174346924
3454743297.0,-0.3594953715801239,-0.2267136573791504,9.769204139709473,2.835585355758667,0.2636601030826568,-1.9991142749786377
3454751630.0,-0.1020462661981582,0.1338286250829696,9.567901611328123,2.6391243934631348,0.4264386296272278,-2.0069522857666016
3454759963.0,-0.1230921745300293,0.0219309888780117,9.700878143310549,2.5401511192321777,0.4835326969623565,-2.0462443828582764
3454768296.0,-0.2855067253112793,0.0033247121609747,9.548523902893066,2.321866512298584,0.8707687258720398,-1.8624365329742432
3454776629.0,-0.4358091354370117,-0.1741946041584015,9.918719291687012,2.326784372329712,0.9101377725601196,-1.68644118309021
3454784962.0,-0.4944504797458648,0.1372999846935272,9.902329444885254,2.30134916305542,0.3502618372440338,-1.7892823219299316
3454793295.0,-0.3290781080722809,0.0119129223749041,9.877334594726562,2.129836320877075,0.2250082641839981,-1.7746310234069824
3454801628.0,-0.1558974385261535,-0.4001496136188507,9.86593532562256,2.071308135986328,0.1816945821046829,-1.6605195999145508
3454809961.0,-0.0990535840392112,-0.4201954007148742,9.687156677246094,2.12192177772522,0.5835307240486145,-1.5722529888153076
3454818294.0,-0.0710943862795829,-0.381337970495224,9.98162078857422,2.371814250946045,0.7057106494903564,-1.5006357431411743
3454826627.0,-0.2898635268211365,0.0389089025557041,9.841819763183594,2.259905338287353,0.6122442483901978,-1.6080873012542725
3454834960.0,-0.1949403136968612,-0.1000784561038017,9.899772644042969,2.326451301574707,0.7253311276435852,-1.657599687576294
3454843293.0,-0.2606187164783478,-0.1779124736785888,10.008039474487305,2.062573432922364,0.6628836393356323,-1.7512966394424438
3454851626.0,-0.3161274194717407,-0.0385872051119804,10.026342391967772,2.0812463760375977,1.0197666883468628,-1.612262487411499
3454859959.0,-0.4690066874027252,-0.007352870889008,10.170452117919922,2.223687171936035,0.937493860721588,-1.6991204023361206
3454868292.0,-0.4649002850055694,0.003672866616398,10.107026100158691,2.061574459075928,0.7920305728912354,-1.618870973587036
3454876625.0,-0.1692692786455154,-0.5088039040565491,10.001808166503906,2.010448694229126,0.391090989112854,-1.5797579288482666
3454884958.0,-0.0709218606352806,-0.4349964559078216,9.755207061767578,1.987139582633972,0.4915755987167358,-1.7859783172607422
3454893291.0,-0.0875770971179008,-0.215797409415245,9.648677825927734,2.2741215229034424,1.047404408454895,-1.6819586753845217
3454901624.0,-0.4176971912384033,-0.1298239827156067,9.917312622070312,2.4100561141967773,1.407950520515442,-1.854547500610352
3454909957.0,-0.3926674723625183,-0.2778762578964233,10.295275688171388,2.024562120437622,1.1985541582107544,-1.724171161651611
3454918290.0,-0.2494363635778427,-0.3721990883350372,10.325629234313965,1.9113215208053589,0.4376576542854309,-1.7890007495880127
3454926623.0,-0.2026012986898422,-0.1397532820701599,10.04387378692627,2.159856081008911,1.009034276008606,-1.7129775285720823
3454934956.0,-0.3335445523262024,-0.286915123462677,10.056771278381348,2.224353075027466,1.3030089139938354,-1.7623618841171265
3454943289.0,-0.4279448986053467,-0.2507648169994354,10.09670066833496,2.117541790008545,1.299704670906067,-1.6824709177017212
3454951622.0,-0.3056197166442871,-0.2791428565979004,10.048263549804688,1.82728111743927,0.8513532280921936,-1.7744007110595703
3454959955.0,-0.5095592141151428,-0.3414602279663086,9.722578048706056,1.957452893257141,1.1314704418182373,-1.8168433904647827
3454968288.0,-0.4772607684135437,-0.4890284836292267,9.589940071105955,2.0783004760742188,1.9424940347671509,-1.5794248580932615
3454976621.0,-0.5190148949623108,-0.8128207325935364,9.976736068725586,2.4348764419555664,1.1045242547988892,-1.5584980249404907
3454984954.0,-0.3652263581752777,-0.4646930396556854,9.649192810058594,2.44527554512024,0.5154992341995239,-1.6677939891815186
3454993287.0,-0.3885988593101501,-0.2269015163183212,9.689434051513672,2.557337999343872,0.8593704700469971,-1.6861082315444946
3455001620.0,-0.6251826882362366,-0.059704665094614,9.756449699401855,2.529751777648926,1.792292237281799,-1.6762981414794922
3455009953.0,-0.5499892830848694,-0.0615571029484272,10.107916831970217,2.445403814315796,1.5258272886276243,-1.5912845134735107
3455018286.0,-0.500938355922699,-0.3130488097667694,10.155073165893556,2.260955810546875,0.4397836327552795,-1.629885196685791
3455026619.0,-0.3657995164394378,-0.1153032928705215,9.762792587280272,2.357034921646118,0.8033009171485901,-1.6469441652297974
3455034952.0,-0.3044252693653106,-0.2872419953346252,9.875455856323242,2.594555854797364,1.3170456886291504,-1.510676383972168
3455043285.0,-0.6447141766548157,-0.2785520553588867,9.827813148498535,2.3235056400299072,1.2631020545959473,-1.5722273588180542
3455051618.0,-0.3733187317848205,-0.3722795844078064,9.940608024597168,2.5784952640533447,1.160849928855896,-1.427865505218506
3455059951.0,-0.3557459115982055,-0.2718982398509979,9.82394790649414,2.661511182785034,0.3211128413677215,-1.457680583000183
3455068284.0,-0.6118350028991699,-0.1297538131475448,9.486268043518066,2.552317380905152,1.186566710472107,-1.376047968864441
3455076617.0,-0.5272583365440369,-0.3276926577091217,9.809236526489258,2.5450687408447266,1.4445531368255615,-1.3568884134292605
3455084950.0,-0.6161218881607056,-0.0239731483161449,10.051076889038086,2.7676820755004883,1.0106736421585083,-1.481809139251709
3455093283.0,-0.4158903956413269,-0.269427090883255,9.990074157714844,2.5168418884277344,0.2921943962574005,-1.4010218381881714
3455101616.0,-0.6599711179733276,0.3460204601287842,9.544400215148926,2.630389928817749,0.5042802691459656,-1.4312210083007812
3455109949.0,-0.5163495540618896,0.0840634554624557,9.76262378692627,2.693554639816284,1.1490931510925293,-1.408757209777832
3455118282.0,-0.4522593319416046,-0.1861375123262405,10.022944450378418,2.22489070892334,0.5865788459777832,-1.3713350296020508
3455126615.0,-0.4142614006996155,-0.1883163750171661,9.685644149780272,2.2345733642578125,0.1060045138001442,-1.3150861263275146
3455134948.0,-0.5234129428863525,-0.0069379298947751,9.386431694030762,2.4232985973358154,0.6179049611091614,-1.3911088705062866
3455143281.0,-0.6830626130104065,-0.0152568072080612,9.769281387329102,2.459747791290283,1.3580540418624878,-1.4391614198684692
3455151614.0,-0.485637903213501,-0.4017415940761566,10.214499473571776,2.159881830215454,1.1140013933181765,-1.316110610961914
3455159947.0,-0.3269762396812439,-0.6127665042877197,10.15597915649414,2.1664392948150635,0.3224191963672638,-1.23837149143219
3455168280.0,-0.3601279854774475,-0.1513696610927581,9.865315437316896,2.598884344100952,0.8479208946228027,-1.2564553022384644
3455176613.0,-0.232421413064003,-0.1109006851911544,9.825075149536133,2.733640670776367,1.2146910429000854,-1.2509735822677612
3455184946.0,-0.2516426742076874,0.0349418222904205,10.103216171264648,2.3422553539276123,1.0414106845855713,-1.2779453992843628
3455193279.0,-0.2845269441604614,-0.1927677541971206,9.854844093322754,2.040954828262329,0.9188721776008606,-1.176769137382507
3455201612.0,-0.577297031879425,-0.1406559348106384,9.50844955444336,2.09769058227539,1.3275216817855835,-1.268237590789795
3455209945.0,-0.6237033605575562,-0.2967900931835174,9.801962852478027,2.529392957687378,2.004121780395508,-0.9636331796646118
3455218278.0,-0.467075765132904,-0.8181940317153931,9.90965175628662,2.444456100463867,0.9876721501350404,-0.8769034147262573
3455226611.0,-0.2392957508563995,-0.6346672177314758,9.750056266784668,2.437591552734375,0.3936523795127868,-0.8566169142723083
3455234944.0,-0.4562771618366241,-0.5610441565513611,9.283513069152832,2.8917577266693115,1.3942211866378784,-0.9211135506629944
3455243277.0,-0.9237719178199768,-0.3383597731590271,9.64004135131836,3.307758092880249,2.360748529434204,-0.9092028737068176
3455251610.0,-0.9335718750953674,-0.2116791307926178,10.230165481567385,3.065114498138428,1.926433801651001,-0.9488025307655334
3455259943.0,-0.5409333109855652,-0.0782630890607833,10.300938606262209,2.951284885406494,0.1205277889966964,-0.9274658560752868
3455268276.0,-0.1754484623670578,0.1197923421859741,9.845535278320312,3.069443702697754,0.2244191318750381,-0.9886070489883424
3455276609.0,-0.2232105433940887,0.0647838488221168,9.581669807434082,3.142418384552002,1.7006698846817017,-0.8525697588920593
3455284942.0,-0.423745721578598,-0.1540358364582061,9.845565795898438,2.850569725036621,2.2166173458099365,-0.6677118539810181
3455293275.0,-0.4065471589565277,-0.1353761404752731,9.98995876312256,2.908586263656616,1.0526810884475708,-0.6170213222503662
3455301608.0,-0.3306869864463806,-0.3497074544429779,9.684256553649902,2.9117109775543213,0.586117684841156,-0.7836419343948364
3455309941.0,-0.5125072002410889,-0.0514394454658031,9.648626327514648,2.9703166484832764,1.761631965637207,-0.5628985166549683
3455318274.0,-0.6816624999046326,0.055210568010807,10.033092498779297,3.0836081504821777,2.484004259109497,-0.4817525148391723
3455326607.0,-0.8555976152420044,0.0680194720625877,10.245522499084473,2.883253574371338,1.4878668785095217,-0.6253715753555298
3455334940.0,-0.4809049665927887,-0.0447282269597053,9.834900856018066,2.8463945388793945,0.600128710269928,-0.5644352436065674
3455343273.0,-0.2853673994541168,-0.110133558511734,9.652023315429688,2.627649068832397,0.7346803545951843,-0.6965278387069702
3455351606.0,-0.4038627743721008,0.0162121132016181,9.621515274047852,2.97100830078125,1.922540783882141,-0.5843120217323303
3455359939.0,-0.6765672564506531,-0.0242092479020357,9.944172859191896,2.919240951538086,2.359288454055786,-0.5454550981521606
3455368272.0,-0.7361087203025818,-0.1854774802923202,10.000804901123049,3.0124258995056152,1.4294664859771729,-0.4869778156280517
3455376605.0,-0.4492614567279815,-0.1818493604660034,9.737438201904297,3.0282301902771,0.4745677411556244,-0.5005277395248413
3455384938.0,-0.306893914937973,-0.3728249669075012,9.529956817626951,3.067599296569824,0.9650036096572876,-0.4449961483478546
3455393271.0,-0.4818865656852722,-0.1276184618473053,9.662909507751465,3.38075852394104,2.1242778301239014,-0.3686400651931762
3455401604.0,-0.699474036693573,-0.1817808747291565,10.14138412475586,3.5697922706604004,2.173201322555542,-0.3595470488071441
3455409937.0,-0.8552690744400024,-0.2208657413721084,10.260652542114258,3.4362905025482178,1.0488899946212769,-0.4079066514968872
3455418270.0,-0.6312993764877319,-0.0466394126415252,9.947949409484863,3.491028070449829,0.8627002239227295,-0.2655427753925323
3455426603.0,-0.3997803032398224,-0.0687738731503486,10.061054229736328,3.637900114059448,1.0128763914108276,-0.2475615441799163
3455434936.0,-0.4073221683502197,0.2470916658639907,9.941304206848145,3.691279649734497,1.5517741441726685,-0.2012766301631927
3455443269.0,-0.4533495008945465,0.2129201740026474,9.966172218322754,3.3356008529663086,1.452519178390503,-0.1956927478313446
3455451602.0,-0.6360449194908142,0.0355992093682289,9.879920959472656,3.1099140644073486,1.250346064567566,-0.0572478175163269
3455459935.0,-0.5951402187347412,-0.1242828071117401,9.77198314666748,3.041012048721313,1.3760095834732056,0.0082862051203846
3455468268.0,-0.5068204402923584,-0.3783365190029144,9.986010551452637,3.4067063331604004,0.9059115052223206,0.1541848927736282
3455476601.0,-0.6693684458732605,-0.3180131316184997,9.549824714660645,3.594432830810547,0.6772275567054749,0.1854342520236969
3455484934.0,-0.7188575267791748,-0.1036311089992523,9.610376358032228,3.6250929832458496,1.346962809562683,0.2266219407320022
3455493267.0,-0.8549662828445435,-0.1471714079380035,9.806166648864746,3.7364892959594727,1.224398851394653,0.3111232817173004
3455501600.0,-0.8461991548538208,-0.054660502821207,10.074000358581545,3.676628589630127,0.8249704241752625,0.182693526148796
3455509933.0,-0.5358803868293762,0.0314150266349315,10.205360412597656,3.707801103591919,0.3389403223991394,0.1415058225393295
3455518266.0,-0.5954932570457458,0.418982982635498,9.8267822265625,3.652448892593384,0.401515930891037,0.1997269988059997
3455526599.0,-0.5263612270355225,0.4450995326042175,9.917061805725098,3.551682233810425,1.0419228076934814,0.3074604272842407
3455534932.0,-0.5637525916099548,0.091458573937416,9.966256141662598,3.2479233741760254,0.7113969922065735,0.383944571018219
3455543265.0,-0.568678617477417,-0.0341687127947807,9.877205848693848,3.233144044876098,0.4870162308216095,0.4302550852298736
3455551598.0,-0.3122579753398895,-0.0625605434179306,9.855568885803224,3.434190273284912,0.243527352809906,0.4639378786087036
3455559931.0,-0.5351119637489319,0.1231629550457,9.795381546020508,3.5287325382232666,0.7296087145805359,0.5452630519866943
3455568264.0,-0.6448211073875427,0.2882727682590484,10.098721504211426,3.4483802318573,1.1870276927947998,0.5225944519042969
3455576597.0,-0.6988851428031921,0.1769918650388717,10.175233840942385,3.1076600551605225,0.4822008013725281,0.3734171688556671
3455584930.0,-0.7519288659095764,0.1069670096039772,9.72375202178955,3.1670849323272705,0.0690431743860244,0.402386873960495
3455593263.0,-0.4281559884548187,-0.0188923981040716,9.824999809265137,3.230736494064331,0.4496963620185852,0.3388123214244842
3455601596.0,-0.5277578234672546,0.1924399435520172,9.950788497924805,3.2467193603515625,0.4972620010375976,0.2038764953613281
3455609929.0,-0.6237722039222717,0.3954981565475464,10.060539245605469,3.0844533443450928,0.9647985696792604,0.3106878399848938
3455618262.0,-0.6201686859130859,0.1861002892255783,9.970703125,3.1471314430236816,0.7306844592094421,0.1737285405397415
3455626595.0,-0.6554652452468872,0.0727084949612617,9.757636070251465,3.1159331798553467,0.1843840628862381,0.1281608194112777
3455634928.0,-0.5735872983932495,-0.111217513680458,9.565009117126465,2.9179866313934326,0.4454443454742431,0.1438623517751693
3455643261.0,-0.5794897079467773,0.0122953383252024,9.733841896057127,3.13665509223938,0.4717757999897003,0.0387927554547786
3455651594.0,-0.7085348963737488,0.0386484153568744,9.824265480041504,3.256683349609375,0.6410346031188965,0.099729023873806
3455659927.0,-0.5647496581077576,-0.0517948046326637,9.96367359161377,3.149410963058472,0.3298217058181762,0.0583876445889472
3455668260.0,-0.5280075669288635,-0.071271538734436,9.888599395751951,2.9919090270996094,0.2207562774419784,0.1120750978589057
3455676593.0,-0.4359383881092071,0.0201198942959308,9.78379249572754,3.081815004348755,0.3181928396224975,-0.0175457503646612
3455684926.0,-0.5163794755935669,0.0239934772253036,10.030966758728027,3.27551007270813,0.4591223299503326,0.0817222148180008
3455693259.0,-0.7139902114868164,0.2512325346469879,9.954021453857422,3.0443928241729736,0.3633251488208771,0.0050331973470747
3455701592.0,-0.5586791038513184,0.2217269092798233,9.879467010498049,2.894472599029541,0.0572350062429904,-0.0134218586608767
3455709925.0,-0.5514288544654846,-0.2146123051643371,9.726273536682127,2.8265950679779053,0.0442742072045803,0.1178895235061645
3455718258.0,-0.4105967283248901,-0.4565702676773071,9.629326820373535,3.030637741088867,0.5922651290893555,0.1794661283493042
3455726591.0,-0.2755016088485718,-0.5991159081459045,9.841009140014648,3.5004796981811523,0.2544645965099334,0.2075393199920654
3455734924.0,-0.7034620642662048,-0.2884693443775177,9.53634262084961,3.556447029113769,0.3480334281921386,0.1966276913881302
3455743257.0,-0.8072267770767212,0.1962067037820816,9.77285385131836,3.60232162475586,0.8596521019935608,0.1000107824802398
3455751590.0,-0.713603675365448,0.1237900555133819,10.224482536315918,3.543486356735229,0.4618118703365326,0.1924013495445251
3455759923.0,-0.5918826460838318,0.2596417963504791,10.258993148803713,3.108863592147827,-0.0712844133377075,0.1526736617088318
3455768256.0,-0.4581201076507568,0.2184470146894455,9.972537994384766,3.106430530548096,-0.0008196554845198,0.2478048950433731
3455776589.0,-0.5559074282646179,0.2932087481021881,9.965232849121094,3.3105504512786865,0.3865828812122345,0.3264662623405456
3455784922.0,-0.5600719451904297,0.3441357910633087,10.069008827209473,3.1611168384552,0.4412179887294769,0.4104296863079071
3455793255.0,-0.4650547504425049,0.0107927732169628,10.037927627563477,2.714686393737793,-0.0551986806094646,0.4411411881446838
3455801588.0,-0.6217439770698547,0.0020381456706672,9.66809368133545,2.666480541229248,0.3192430138587951,0.5173435211181641
3455809921.0,-0.5881110429763794,0.0957783237099647,10.030606269836426,2.964962959289551,1.1583653688430786,0.5089420080184937
3455818254.0,-0.5953824520111084,0.1046119704842567,10.20192050933838,3.002436637878418,0.4581234157085418,0.4624522030353546
3455826587.0,-0.7847298979759216,0.1922247558832168,9.954763412475586,2.791093349456787,-0.0351683460175991,0.4930868446826935
3455834920.0,-0.6797430515289307,0.2041051983833313,9.81527042388916,2.7525954246521,0.2590751945972442,0.3675514459609985
3455843253.0,-0.5322550535202026,0.1819642931222915,9.916529655456545,2.785125494003296,0.4455980658531189,0.4036931991577148
3455851586.0,-0.4725002646446228,0.1739614307880401,10.236757278442385,2.664200782775879,0.2533888518810272,0.4141949713230133
3455859919.0,-0.5760354995727539,0.1902828961610794,9.828202247619627,2.3854410648345947,0.376465231180191,0.4370685219764709
3455868252.0,-0.7148621082305908,0.2605108618736267,9.94127082824707,2.6916332244873047,0.781964123249054,0.3771823942661285
3455876585.0,-0.7128824591636658,0.1531711816787719,10.024386405944824,2.564842939376831,0.7631377577781677,0.4249273836612701
3455884918.0,-0.666418731212616,-0.0699696540832519,10.02922534942627,2.454906702041626,0.0445303507149219,0.2677327692508697
3455893251.0,-0.733972430229187,-0.0181994438171386,9.801675796508787,2.4899725914001465,0.3869414627552032,0.3315378725528717
3455901584.0,-0.6999599933624268,-0.0003531195688992,9.976536750793455,2.756206750869751,0.7764315009117126,0.2858164310455322
3455909917.0,-0.7296912670135498,-0.1727063059806823,10.06837272644043,2.8082549571990967,0.2337939143180847,0.2279026508331298
3455918250.0,-0.6136850118637085,-0.1239671930670738,10.096931457519531,2.6645848751068115,0.1329506933689117,0.2586909830570221
3455926583.0,-0.385894238948822,0.0199245959520339,9.835700988769531,2.7142252922058105,0.2109972685575485,0.3171426653861999
3455934916.0,-0.513650119304657,0.1416788250207901,9.866748809814451,2.907715320587158,0.6492055654525757,0.2564369142055511
3455943249.0,-0.6814160943031311,0.1485597491264343,10.020781517028809,2.7860732078552246,1.2391270399093628,0.296881765127182
3455951582.0,-0.7824183702468872,-0.0140107227489352,10.264324188232422,2.4287803173065186,0.6923400163650513,0.1397384703159332
3455959915.0,-0.8714989423751831,0.1740846633911132,10.056095123291016,2.468789577484131,0.3018509149551391,0.2313605993986129
3455968248.0,-0.7116936445236206,-0.098133772611618,9.929161071777344,2.460131883621216,0.7023038864135742,0.3839189708232879
3455976581.0,-0.6455179452896118,-0.4887747764587402,9.865038871765137,2.732231855392456,0.5154736638069153,0.3672953248023987
3455984914.0,-0.6689198017120361,-0.4033319652080536,9.777913093566896,2.9130430221557617,0.508429765701294,0.4251323044300079
3455993247.0,-0.5855648517608643,-0.0879764705896377,9.832411766052246,2.985889911651612,0.4709561169147491,0.3671672344207763
3456001580.0,-0.5976629257202148,0.1460876911878585,9.856162071228027,3.1504359245300293,0.5695453882217407,0.2489063441753387
3456009913.0,-0.6841597557067871,0.2827326655387878,9.92728042602539,2.736048698425293,0.4992598295211792,0.3066152036190033
3456018246.0,-0.7421051263809204,0.1765149086713791,10.034811973571776,2.8262875080108643,0.4162441194057464,0.2886596322059631
3456026579.0,-0.7305153012275696,0.196344569325447,9.900042533874512,2.835559606552124,-0.1754575222730636,0.3682942688465118
3456034912.0,-0.6443290114402771,0.139806717634201,9.873106956481934,2.79111909866333,-0.1769943535327911,0.5140648484230042
3456043245.0,-0.3917519748210907,-0.2175969183444976,9.772749900817873,2.683181047439575,-0.152660846710205,0.5983100533485413
3456051578.0,-0.4066419303417206,-0.1022838130593299,9.686710357666016,2.8089210987091064,0.012973609380424,0.6900603175163269
3456059911.0,-0.5076326131820679,-0.0513336583971977,9.828319549560549,2.9249536991119385,0.2903757989406585,0.6788925528526306
3456068244.0,-0.6171572208404541,-0.1837925761938095,9.828550338745115,3.018573522567749,0.3351238071918487,0.7025087475776672
3456076577.0,-0.6347077488899231,-0.1456340104341507,10.063152313232422,3.061579942703247,0.2463192790746688,0.6060199737548828
3456084910.0,-0.469054639339447,-0.238764226436615,9.90379810333252,3.26467514038086,-0.1880853176116943,0.5486440658569336
3456093243.0,-0.4373148083686828,0.026960814371705,9.7025146484375,3.572967767715454,-0.133194014430046,0.6114501357078552
3456101576.0,-0.2533755004405975,0.2950880229473114,9.626794815063477,3.5325746536254883,0.1032637879252433,0.6714388132095337
3456109909.0,-0.1939687877893448,0.1323975771665573,9.9036283493042,3.280171632766724,0.1338728070259094,0.6466954350471497
3456118242.0,-0.3310044705867767,0.3145022094249725,9.704545974731444,3.24833345413208,0.5414721369743347,0.5866044759750366
3456126575.0,-0.4347933232784271,0.2452669739723205,9.92729663848877,3.404477596282959,0.9260697960853576,0.6858083009719849
3456134908.0,-0.664747416973114,0.1981827318668365,10.091089248657228,3.3916447162628174,0.5618354082107544,0.670260488986969
3456143241.0,-0.7299703359603882,0.2872940003871918,9.794472694396973,3.061041831970215,0.3479565978050232,0.533608615398407
3456151574.0,-0.5942169427871704,0.1044168621301651,10.023191452026367,3.1024343967437744,0.4003632962703705,0.6619614362716675
3456159907.0,-0.3810453414916992,-0.0365586280822753,9.86199188232422,3.222360372543335,0.4727491438388824,0.6150874495506287
3456168240.0,-0.2885809242725372,0.0025274660438299,10.096882820129396,3.0348386764526367,0.5392692685127258,0.6420079469680786
3456176573.0,-0.2427086383104324,0.4020028710365295,9.949539184570312,3.17989182472229,0.6600404381752014,0.5727471113204956
3456184906.0,-0.2572101354598999,0.6180053949356079,9.808001518249512,2.9754650592803955,0.9250198006629944,0.5406012535095215
3456193239.0,-0.1674668788909912,0.6482611298561096,10.068634033203123,2.6541597843170166,1.3213231563568115,0.6694920659065247
3456201572.0,-0.2023200541734695,0.434050440788269,9.91868495941162,2.4109785556793213,1.0804213285446167,0.6779191493988037
3456209905.0,-0.3976783454418182,0.4026623368263244,9.849935531616213,2.2036566734313965,1.3160465955734253,0.7584502696990967
3456218238.0,-0.6286649703979492,0.1699035763740539,9.848309516906738,2.3173837661743164,1.6883494853973389,0.8495601415634155
3456226571.0,-0.7315806746482849,-0.3443620502948761,9.882375717163086,2.433723926544189,1.2713754177093506,0.8991748690605164
3456234904.0,-0.6727915406227112,-0.2155386209487915,9.843697547912598,2.5765485763549805,0.8758658766746521,0.993179202079773
3456243237.0,-0.4862717986106872,0.0066041527315974,9.630332946777344,2.869140148162842,0.8254572153091431,1.0446124076843262
3456251570.0,-0.5562514662742615,-0.0096136955544352,9.551108360290527,2.967499017715454,1.255955696105957,1.0633366107940674
3456259903.0,-0.5884325504302979,0.4130735099315643,9.759669303894045,2.935481071472168,1.6631451845169067,1.100707769393921
3456268236.0,-0.6155210137367249,0.2799413204193115,10.077869415283203,2.815401315689087,1.2975274324417114,1.019254446029663
3456276569.0,-0.6323488354682922,0.466360479593277,9.939127922058104,2.753082275390625,1.353930115699768,1.141767501831055
3456284902.0,-0.5907103419303894,0.7238774299621582,9.916533470153809,3.007201194763184,1.5918864011764526,1.2091071605682373
3456293235.0,-0.6438648700714111,0.4155633747577667,10.01113224029541,2.652648687362671,1.4222944974899292,1.321195125579834
3456301568.0,-0.6822357773780823,0.3589181900024414,9.995155334472656,2.5445311069488525,1.319043517112732,1.4508543014526367
3456309901.0,-0.7177512645721436,0.3097368478775024,9.925211906433104,2.2353415489196777,1.4636101722717283,1.4791066646575928
3456318234.0,-0.8195495009422302,0.2121659219264984,10.012341499328612,2.480905294418335,1.599442481994629,1.4650958776474
3456326567.0,-0.7624796628952026,0.5302422642707825,10.081936836242676,2.5191726684570312,1.6499793529510498,1.4431699514389038
3456334900.0,-0.8323706388473511,0.5358593463897705,10.118887901306152,2.232600688934326,1.385256290435791,1.487149715423584
3456343233.0,-0.7426296472549438,0.3522584736347198,9.865605354309082,2.144001007080078,1.5213702917099,1.5020571947097778
3456351566.0,-0.7015605568885803,0.6031389832496643,10.003335952758787,2.172535419464112,1.5491361618041992,1.4390206336975098
3456359899.0,-0.7704695463180542,0.4573335945606231,10.024384498596191,1.9974108934402464,1.4414026737213137,1.6422696113586426
3456368232.0,-0.8822694420814514,0.6152375936508179,9.983439445495604,1.9045593738555908,1.6394519805908203,1.451955795288086
3456376565.0,-0.8571203351020813,0.7551229596138,10.13880443572998,1.6886311769485474,1.9223610162734983,1.4874314069747925
3456384898.0,-0.7646546959877014,0.3826896548271179,10.1748046875,1.709814190864563,1.5552579164505005,1.6870687007904053
3456393231.0,-0.8412937521934509,0.1730885207653045,9.806512832641602,1.643294334411621,1.5027233362197876,1.5696789026260376
3456401564.0,-0.9710939526557922,0.2361801564693451,9.750319480895996,1.637325882911682,1.85924768447876,1.5829981565475464
3456409897.0,-0.999864399433136,0.344662994146347,9.874655723571776,1.8500523567199707,1.745802402496338,1.406490445137024
3456418230.0,-1.0961341857910156,0.393615573644638,9.957901000976562,1.735812783241272,1.6055899858474731,1.4565150737762451
3456426563.0,-1.0045855045318604,0.2214989066123962,10.013863563537598,1.594242811203003,1.4648653268814087,1.4583081007003784
3456434896.0,-1.0291948318481443,0.0977194532752037,9.88487720489502,1.5775680541992188,1.2451977729797363,1.4929897785186768
3456443229.0,-0.9599499702453612,0.313300222158432,9.886866569519045,1.713451623916626,1.637992024421692,1.5462417602539062
3456451562.0,-0.7876686453819275,0.2608726322650909,10.087672233581545,1.966647982597351,1.2521133422851562,1.4368942975997925
3456459895.0,-0.8725173473358154,0.3225716650485992,9.93467617034912,1.669420599937439,1.0819836854934692,1.6012355089187622
3456468228.0,-0.8578187227249146,0.6411615610122681,9.656108856201172,1.5092802047729492,1.670419216156006,1.7261561155319214
3456476561.0,-1.1015450954437256,0.3612928986549377,9.959609031677246,1.5930900573730469,1.68194580078125,1.8034086227416992
3456484894.0,-1.2158446311950684,-0.0325667113065719,9.820114135742188,1.3599493503570557,1.4099739789962769,1.8340691328048704
3456493227.0,-1.0789191722869873,-0.1944585442543029,9.803955078125,1.4345636367797852,0.8435664772987366,1.9390616416931152
3456501560.0,-1.015856146812439,-0.190064325928688,9.628740310668944,1.8776644468307493,0.5410110950469971,2.033219814300537
3456509893.0,-1.029670476913452,0.2032877057790756,9.437373161315918,1.959117531776428,1.1513469219207764,2.0547354221343994
3456518226.0,-1.0901556015014648,0.096628338098526,9.949515342712402,2.1109585762023926,1.4204245805740356,2.065595865249634
3456526559.0,-1.160849690437317,-0.0338790491223335,9.88827896118164,1.861860275268555,0.8645188212394714,2.0009970664978027
3456534892.0,-1.191844820976257,0.2598829865455627,9.953764915466309,2.233650684356689,0.7463603615760803,2.0429532527923584
3456543225.0,-1.0212305784225464,0.5671336054801941,9.928832054138184,2.498553514480591,0.5202380418777466,2.287005424499512
3456551558.0,-0.9598469734191896,0.6393517851829529,9.920232772827148,2.1395442485809326,0.1591540575027465,2.336236000061035
3456559891.0,-0.8716955184936523,0.7049247622489929,9.832228660583496,1.8012571334838867,0.3194991648197174,2.4721195697784424
3456568224.0,-0.9254978895187378,0.4716061651706695,9.687533378601074,1.7984652519226074,0.4115567505359649,2.6181461811065674
3456576557.0,-1.0936542749404907,0.2928288877010345,9.71191692352295,1.7520520687103271,0.7474105954170227,2.5719382762908936
3456584890.0,-1.131232500076294,0.2461966127157211,9.866408348083496,1.729409098625183,0.6390110850334167,2.702544927597046
3456593223.0,-1.1059157848358154,0.1140549704432487,9.844221115112305,1.723543643951416,0.2621232867240906,2.7889163494110107
3456601556.0,-1.127630591392517,0.1738606542348861,9.935781478881836,1.917801856994629,0.2878656089305877,2.7676055431365967
3456609889.0,-1.0566415786743164,-0.0117671014741063,9.704146385192873,2.159779787063598,0.4325603544712066,3.0565593242645264
3456618222.0,-0.9214298725128174,-0.1666729897260666,9.670947074890137,2.572194099426269,-0.1566310375928878,3.041651964187622
3456626555.0,-0.7731025815010071,0.0906336531043052,9.530532836914062,2.584821939468384,-0.1782494336366653,2.97003436088562
3456634888.0,-0.6505991220474243,0.2222902774810791,9.545074462890623,2.7500338554382324,0.3549748659133911,3.1177260875701904
3456643221.0,-0.9045050144195556,0.2567584812641144,9.900981903076172,3.0938541889190674,0.7260227203369141,3.0951602458953857
3456651554.0,-1.0118077993392944,0.4629768133163452,9.896389961242676,3.165881395339966,0.8161336183547974,3.2701568603515625
3456659887.0,-1.0092579126358032,0.2561943829059601,9.922052383422852,2.988323450088501,0.0251403748989105,3.275510311126709
3456668220.0,-0.9699873328208924,0.4412395060062408,9.565024375915527,3.102281093597412,0.0271895118057727,3.403914451599121
3456676553.0,-0.9269652366638184,0.4376888275146484,9.581119537353516,3.1185460090637207,0.5397815704345703,3.5312938690185547
3456684886.0,-0.7658318281173706,0.3290733993053436,9.963902473449709,3.326584815979004,0.7117555737495422,3.4229965209960938
3456693219.0,-0.6921850442886353,0.3837240636348724,9.873968124389648,3.0853757858276367,0.2181436568498611,3.649580478668213
3456701552.0,-0.6057420372962952,0.371161550283432,9.632935523986816,3.142777442932129,0.2998018562793731,3.731725454330444
3456709885.0,-0.596134603023529,0.3430120944976806,9.483607292175291,3.308373212814331,0.9134163856506348,3.76909613609314
3456718218.0,-0.7684083580970764,0.4045824408531189,9.750192642211914,3.265930652618408,1.2952991724014282,3.982821702957153
3456726551.0,-0.7175316214561462,0.3937424719333648,9.955374717712402,3.460418939590454,1.1335707902908323,4.1697540283203125
3456734884.0,-0.6990254521369934,0.6070858836174011,9.68517780303955,3.4153382778167725,0.5563283562660217,4.167807102203369
3456743217.0,-0.7938876748085022,0.7475612163543701,9.428698539733888,3.3170053958892822,1.3315433263778689,4.373106002807617
3456751550.0,-0.7734801769256592,0.429048091173172,9.54555606842041,3.3881869316101074,1.7339937686920166,4.61595344543457
3456759883.0,-0.8460804224014282,0.0317996181547641,9.638708114624023,3.5778865814208984,1.5235989093780518,4.771766185760498
3456768216.0,-0.852365255355835,-0.0073844343423843,9.506413459777832,3.839893579483032,1.258644938468933,4.931392669677734
3456776549.0,-0.800766110420227,0.3600469529628753,9.405747413635254,4.412909507751465,1.321323037147522,5.068583011627197
3456784882.0,-0.851611316204071,0.7872051000595093,9.57282257080078,4.434221267700195,1.6453689336776731,5.129878520965576
3456793215.0,-0.6540601253509521,1.0337729454040527,9.820405960083008,4.294162750244141,1.9409829378128047,5.221039772033691
3456801548.0,-0.6832258105278015,0.7361826300621033,9.888931274414062,4.284761905670166,1.6289756298065186,5.449902057647705
3456809881.0,-0.9685547351837158,0.9254233241081238,9.624996185302734,4.263527870178223,2.0210273265838623,5.521571636199951
3456818214.0,-1.0445255041122437,0.9630991220474244,9.869956016540527,4.372978210449219,2.5668413639068604,5.788933277130127
3456826547.0,-0.9406421780586244,1.1377094984054563,9.928868293762209,4.333456039428711,1.8680849075317385,6.04051685333252
3456834880.0,-0.7409825921058655,1.2470061779022217,9.924120903015137,4.069192886352539,1.6126339435577393,6.158316135406494
3456843213.0,-0.8822445273399353,1.1057722568511963,9.718009948730469,3.965019941329956,2.2890548706054688,6.324859619140625
3456851546.0,-1.1626495122909546,1.1008588075637815,9.781472206115724,3.968451738357544,3.145824909210205,6.544833183288574
3456859879.0,-1.323639988899231,1.466203689575195,10.206513404846191,3.9860997200012207,2.8114824295043945,6.72454309463501
3456868212.0,-1.2238186597824097,1.301750421524048,10.225576400756836,3.648505210876465,1.8000019788742063,6.850438117980957
3456876545.0,-1.0122421979904177,1.3771620988845823,9.852280616760254,3.602168798446656,1.556718111038208,7.103660106658936
3456884878.0,-1.0863744020462036,1.3799792528152466,9.737098693847656,3.51128888130188,2.249377965927124,7.318537712097168
3456893211.0,-1.2104672193527222,1.240635633468628,9.920248985290527,3.5559604167938232,2.553854465484619,7.493175983428955
3456901544.0,-1.4448240995407104,1.4859877824783323,10.062163352966309,3.366952657699585,2.2287585735321045,7.527319431304932
3456909877.0,-1.38234281539917,1.6308271884918213,10.240824699401855,3.328608512878418,2.0478198528289795,7.596606731414795
3456918210.0,-1.139404296875,1.6587018966674805,10.318591117858888,3.282656192779541,1.65889310836792,7.689610481262207
3456926543.0,-1.095559000968933,1.6611500978469849,10.230623245239258,2.972595930099488,1.8120148181915283,7.943601608276367
3456934876.0,-1.1539379358291626,1.8180253505706787,10.108985900878906,2.840606212615967,2.261263370513916,8.163423538208008
3456943209.0,-1.2770811319351196,1.729953646659851,9.949707984924316,2.656721353530884,1.97776472568512,8.293697357177734
3456951542.0,-1.4675601720809937,1.8966294527053835,10.044230461120604,2.4458134174346924,1.908657789230347,8.362421035766602
3456959875.0,-1.4998141527175903,1.6188304424285889,10.125815391540527,2.050457715988159,1.9533542394638064,8.446921348571777
3456968208.0,-1.4499694108963013,1.9352904558181765,10.20933723449707,1.995105504989624,1.4175046682357788,8.60142707824707
3456976541.0,-1.3912348747253418,2.084156036376953,10.194849014282228,1.93165922164917,1.637658953666687,8.707342147827148
3456984874.0,-1.1772968769073486,1.5658864974975586,10.26614761352539,1.6480841636657717,1.3759328126907349,8.814691543579102
3456993207.0,-1.207885503768921,1.459849834442139,10.070133209228516,1.5022878646850586,1.1854910850524902,9.00674819946289
3457001540.0,-1.2248485088348389,1.5030224323272705,10.137495994567873,1.6270804405212402,1.5136094093322754,9.21629810333252
3457009873.0,-1.0953799486160278,1.5543078184127808,10.045831680297852,1.85771119594574,1.157981276512146,9.373133659362791
3457018206.0,-1.0851967334747314,1.3491637706756592,9.844624519348145,1.708508014678955,0.7596797943115234,9.603557586669922
3457026539.0,-1.160974383354187,1.0237128734588623,9.464462280273438,1.437381148338318,1.2172013521194458,9.877937316894531
3457034872.0,-1.4136799573898315,0.9469817876815796,9.65781021118164,2.0645205974578857,1.7914472818374634,10.193634033203123
3457043205.0,-1.588681936264038,1.0156012773513794,10.017666816711426,2.566687822341919,1.4998289346694946,10.460612297058104
3457051538.0,-1.6093181371688845,1.2545031309127808,10.24441909790039,2.538973093032837,0.5432907938957214,10.485867500305176
3457059871.0,-1.318100094795227,1.5774967670440674,9.821465492248535,2.5595407485961914,-0.0002817566273733,10.628436088562012
3457068204.0,-1.107355713844299,1.835229992866516,9.68295192718506,2.472375631332397,0.4356341361999511,10.81288242340088
3457076537.0,-1.0207526683807373,1.607121467590332,9.723797798156738,2.472811222076416,0.688728392124176,11.04750919342041
3457084870.0,-1.3635962009429932,1.3907777070999146,9.772395133972168,2.155604600906372,0.8842418789863586,11.396734237670898
3457093203.0,-1.492708683013916,1.7158763408660889,9.87086582183838,2.2114691734313965,0.7721796035766602,11.545042037963867
3457101536.0,-1.3881638050079346,1.8005695343017578,10.09586238861084,2.453831434249878,-0.0726675987243652,11.787968635559082
3457109869.0,-1.3410097360610962,1.85813581943512,9.684552192687988,2.218026161193848,-0.2403127700090408,11.916523933410645
3457118202.0,-1.2496135234832764,1.801030158996582,9.781146049499512,1.9096053838729856,0.1913255304098129,12.223356246948242
3457126535.0,-1.2815436124801636,1.5788047313690186,9.621328353881836,1.766985297203064,0.1749068051576614,12.229735374450684
3457134868.0,-1.4746772050857544,1.7120604515075684,9.6671142578125,1.742831110954285,0.1092575266957283,12.602627754211426
3457143201.0,-1.4267356395721436,1.5415983200073242,9.721565246582031,1.8297916650772093,-0.0852185785770416,12.75049877166748
3457151534.0,-1.2341768741607666,1.5188580751419067,9.526241302490234,1.7626566886901855,-0.5679701566696167,12.87270450592041
3457159867.0,-1.134719729423523,1.6585969924926758,9.548222541809082,1.7830456495285034,-0.5021671652793884,13.137453079223633
3457168200.0,-1.1123169660568235,1.5691308975219729,9.41804027557373,1.7435739040374756,-0.0983074307441711,13.23235321044922
3457176533.0,-1.4001295566558838,1.6601732969284058,9.476686477661133,1.993825078010559,0.0744221657514572,13.363654136657717
3457184866.0,-1.4157016277313232,1.6294444799423218,9.652786254882812,2.093208074569702,-0.0960021615028381,13.470027923583984
3457193199.0,-1.2991658449172974,1.3774802684783936,9.72797393798828,2.359468698501587,-0.8968058824539185,13.661727905273438
3457201532.0,-1.1477750539779663,1.4487428665161133,9.296122550964355,2.419610977172852,-1.0901165008544922,13.792078971862791
3457209865.0,-0.9362447261810304,1.4166147708892822,9.19444179534912,2.658719778060913,-0.4751441478729248,13.929548263549805
3457218198.0,-0.8583120703697205,1.1852282285690308,9.320157051086426,2.996135711669922,-0.2632118761539459,13.948732376098633
3457226531.0,-1.0243312120437622,1.3910101652145386,9.412833213806152,3.0496437549591064,-0.1427225321531295,14.000755310058594
3457234864.0,-1.2258434295654297,1.5695544481277466,9.726409912109377,3.1689038276672363,0.1449125409126281,14.054442405700684
3457243197.0,-1.1851221323013306,1.9745854139328003,9.879029273986816,3.4560136795043945,0.1157635450363159,14.212892532348633
3457251530.0,-0.8906987309455872,2.1659295558929443,10.103343963623049,3.3534038066864014,-0.34077188372612,14.44911003112793
3457259863.0,-0.5482612252235413,1.842852234840393,9.983162879943848,3.144417524337769,-0.4779361486434936,14.653254508972168
3457268196.0,-0.4978938400745392,1.5948283672332764,9.54416561126709,3.17077374458313,0.0690431892871856,14.931039810180664
3457276529.0,-0.8027253746986389,1.628360152244568,9.513545036315918,3.320566177368164,1.182622313499451,15.097173690795898
3457284862.0,-0.8912332057952881,1.6264148950576782,9.65718936920166,3.4965107440948486,1.2938907146453855,15.256470680236816
3457293195.0,-0.7840740084648132,1.559003472328186,9.904848098754885,3.5224831104278564,0.5173691511154175,15.307364463806152
3457301528.0,-0.7366199493408203,1.7207924127578735,9.5811128616333,3.200511693954468,0.7044812440872192,15.519013404846191
3457309861.0,-0.8326118588447571,1.6964895725250244,9.596935272216797,3.645507574081421,1.786196231842041,15.74508571624756
3457318194.0,-1.2129695415496826,1.8116846084594729,9.767199516296388,3.858644962310791,2.2003276348114014,15.904947280883787
3457326527.0,-1.1735858917236328,1.7355819940567017,10.130321502685549,3.97329306602478,1.492400884628296,16.22130584716797
3457334860.0,-1.0072590112686155,1.7919132709503174,9.885891914367676,3.8009867668151855,0.6116039752960205,16.356163024902344
3457343193.0,-0.985155999660492,2.040312051773072,9.71065902709961,3.998293399810791,1.435690999031067,16.62250328063965
3457351526.0,-0.8113990426063538,2.252269983291626,9.780760765075684,4.189145565032959,2.199635982513428,16.682851791381836
3457359859.0,-0.9140905737876892,2.0192174911499023,10.100749969482422,4.009692192077637,2.0100138187408447,16.816865921020508
3457368192.0,-1.055827260017395,2.243263006210327,10.018129348754885,3.726346731185913,1.884862184524536,17.024593353271484
3457376525.0,-1.2555121183395386,2.272286891937256,10.074627876281738,3.818379402160645,2.322840452194214,17.389883041381836
3457384858.0,-1.4426307678222656,2.429736375808716,10.336628913879396,3.907926559448242,2.4129254817962646,17.4527645111084
3457393191.0,-1.4894524812698364,2.593876361846924,10.285590171813965,3.594229221343994,1.9988200664520264,17.548612594604492
3457401524.0,-1.1794462203979492,2.28536343574524,10.144762992858888,3.3446178436279297,1.2911754846572876,17.73044776916504
3457409857.0,-1.022716760635376,2.3564319610595703,9.729723930358888,3.1770243644714355,1.5065913200378418,17.838411331176758
3457418190.0,-0.8432417511940002,2.204241752624512,9.721512794494627,3.460291624069214,2.1835501194000244,18.06460952758789
3457426523.0,-0.9133272767066956,1.926395297050476,9.703048706054688,3.5750699043273926,2.156040668487549,18.223880767822266
3457434856.0,-1.1748865842819214,2.063556909561157,9.625865936279297,3.458063840866089,2.2651827335357666,18.39500999450684
3457443189.0,-1.2115331888198853,2.347358703613281,10.039315223693848,3.510239839553833,2.4863874912261963,18.49513435363769
3457451522.0,-1.304362654685974,2.5507848262786865,10.199464797973633,3.633059740066528,2.425322771072388,18.60819435119629
3457459855.0,-1.4313312768936155,2.9163482189178467,10.352107048034668,3.526094913482666,2.488487958908081,18.664215087890625
3457468188.0,-1.191079020500183,2.965265274047852,10.322118759155272,3.3195927143096924,2.11095929145813,18.70706558227539
3457476521.0,-1.0624394416809082,2.966912269592285,10.039780616760254,2.9333302974700928,1.7048454284667969,18.797178268432617
3457484854.0,-0.9843358993530272,3.181630373001098,9.819096565246582,2.633617877960205,2.445916652679444,18.9358024597168
3457493187.0,-1.0516053438186646,3.101343870162964,9.968849182128906,2.476064920425415,2.811662673950196,19.04215240478516
3457501520.0,-1.3374558687210083,3.288620948791504,9.925941467285156,2.0204641819000244,2.8353044986724854,19.11717796325684
3457509853.0,-1.3677510023117063,3.200359582901001,10.254196166992188,1.540555715560913,2.691685676574707,19.144763946533203
3457518186.0,-1.215559482574463,3.126244306564331,10.25954532623291,1.2644599676132202,2.1237151622772217,19.207313537597656
3457526519.0,-1.2164360284805298,3.091005086898804,10.09075927734375,1.0117754936218262,1.9882926940917969,19.362871170043945
3457534852.0,-1.1464382410049438,3.0264227390289307,9.984413146972656,0.6695178151130676,2.2827281951904297,19.510608673095703
3457543185.0,-1.224361538887024,2.8368098735809326,9.86218547821045,0.4070231318473816,2.094719886779785,19.4895076751709
3457551518.0,-1.1564379930496216,2.738647699356079,9.84009838104248,0.3277214169502258,1.9797887802124023,19.641551971435547
3457559851.0,-0.9577972888946532,2.3677754402160645,9.879225730895996,0.3915264904499054,1.8358112573623653,19.72979164123535
3457568184.0,-1.1181567907333374,2.3731582164764404,9.525789260864258,0.5469281673431396,1.7855817079544067,19.8188533782959
3457576517.0,-1.1760563850402832,2.4353556632995605,9.58839225769043,0.7263814806938171,2.3662052154541016,20.0083236694336
3457584850.0,-1.21666157245636,2.1602885723114014,9.754667282104492,0.9310135841369628,1.9818122386932373,20.23813247680664
3457593183.0,-1.2341228723526,2.1999220848083496,9.681976318359377,1.150937557220459,1.4451684951782229,20.36725616455078
3457601516.0,-1.188395380973816,2.167206287384033,9.57221221923828,1.2226831912994385,1.451700210571289,20.530214309692383
3457609849.0,-1.08077871799469,2.1912331581115723,9.44086742401123,1.4883029460906982,1.338459610939026,20.721603393554688
3457618182.0,-1.0616649389266968,2.3017594814300537,9.397308349609377,1.6741340160369873,1.171710729598999,20.90991973876953
3457626515.0,-0.93960702419281,2.085240125656128,9.483875274658203,1.525161623954773,1.037338376045227,21.06954765319824
3457634848.0,-0.8932359218597412,2.009794235229492,9.421131134033203,1.9207226037979128,1.1961724758148191,21.09869766235352
3457643181.0,-1.0268468856811523,2.064873456954956,9.481606483459473,2.1000990867614746,1.5105359554290771,21.41098594665528
3457651514.0,-0.9021048545837402,1.9907883405685425,9.780096054077148,2.398787021636963,1.1631301641464231,21.71879196166992
3457659847.0,-0.90950745344162,1.9888960123062127,9.672100067138672,2.549244880676269,0.6672383546829224,21.768178939819336
3457668180.0,-0.8551034331321716,2.2465994358062744,9.482666969299316,2.729543924331665,0.8052991032600403,22.011463165283203
3457676513.0,-0.747183084487915,2.1094846725463867,9.474763870239258,2.933919668197632,0.9864429235458374,22.243885040283203
3457684846.0,-0.8628431558609009,1.9428644180297847,9.469891548156738,2.9672441482543945,0.7295065522193909,22.428335189819336
3457693179.0,-0.9141205549240112,2.081284284591675,9.463372230529783,2.9311788082122803,0.8176195025444031,22.70040512084961
3457701512.0,-0.8942930102348328,2.278877258300781,9.542964935302734,3.2960798740386963,0.7001014351844788,22.83739471435547
3457709845.0,-0.8412808775901794,2.375232219696045,9.52320957183838,3.4934630393981934,0.5103254318237305,22.94051551818848
3457718178.0,-0.6654583215713501,2.283536195755005,9.478662490844728,3.288574457168579,0.4048715233802795,23.301061630249023
3457726511.0,-0.5560806393623352,1.9986724853515625,9.337698936462402,3.3421852588653564,0.2479843199253082,23.50700187683105
3457734844.0,-0.708824098110199,2.281674385070801,9.345170021057127,3.6538593769073486,0.7568881511688232,23.622774124145508
3457743177.0,-0.744255542755127,2.3811802864074707,9.709900856018066,3.874680519104004,1.2282160520553589,23.770063400268555
3457751510.0,-0.8296273350715637,2.498042583465576,10.026548385620115,3.7806246280670166,0.7224113941192627,23.924230575561523
3457759843.0,-0.666763424873352,2.6127917766571045,9.961979866027832,3.710902452468872,0.2340245842933654,24.075204849243164
3457768176.0,-0.386115700006485,2.466493606567383,9.862178802490234,3.952522039413452,0.0272407531738281,24.312646865844727
3457776509.0,-0.4046091437339782,2.3239240646362305,9.613011360168455,4.071192741394043,0.3854816257953644,24.369871139526367
3457784842.0,-0.6966242790222168,2.5772647857666016,9.633395195007324,4.243192195892334,1.0582654476165771,24.63408088684082
3457793175.0,-0.7018717527389526,2.660536289215088,9.931977272033691,4.515574932098389,0.8217691779136658,24.541488647460938
3457801508.0,-0.7258973717689514,2.700190305709839,10.02369785308838,4.229130268096924,0.2429383546113968,24.485492706298828
3457809841.0,-0.5967976450920105,2.8413336277008057,9.890215873718262,4.170038223266602,0.6541751623153687,24.84593772888184
3457818174.0,-0.5814489126205444,2.77972674369812,9.966915130615234,4.241835117340088,0.8235109448432922,24.96993827819824
3457826507.0,-0.8252822756767273,2.959010362625122,9.944334030151367,4.435811519622803,0.934932827949524,24.859155654907227
3457834840.0,-0.8784220814704895,2.929049253463745,10.101978302001951,4.170217514038086,0.829351007938385,25.096088409423828
3457843173.0,-0.6596618890762329,2.898202657699585,10.124545097351074,4.146012306213379,0.4716223776340484,25.09091186523437
3457851506.0,-0.6586121916770935,3.462565898895264,9.88252067565918,4.017633438110352,0.6107845306396484,25.11734390258789
3457859839.0,-0.6202532052993774,3.6121745109558105,10.035947799682615,3.685211420059204,1.103013515472412,25.250076293945312
3457868172.0,-0.7297580242156982,3.521120071411133,9.975261688232422,3.261833906173706,0.7395474910736084,25.28217506408692
3457876505.0,-0.9543713331222534,3.479121446609497,10.1003999710083,2.9614040851593018,0.7477951645851135,25.4528923034668
3457884838.0,-0.8281195759773254,3.312272310256958,10.235673904418944,2.772550344467163,0.8363436460494995,25.530914306640625
3457893171.0,-0.9070419669151306,3.71000862121582,10.308442115783691,2.7491390705108643,0.382382333278656,25.54902076721192
3457901504.0,-1.0948519706726074,3.8675458431243896,10.118301391601562,2.218411445617676,0.707298994064331,25.52335548400879
3457909837.0,-0.6381882429122925,3.681630373001098,10.193482398986816,2.18375563621521,0.5162680149078369,25.61272430419922
3457918170.0,-0.5445643663406372,3.495617151260376,10.228450775146484,1.690860390663147,0.1759570837020874,25.6053466796875
3457926503.0,-0.7354298233985901,3.66769027709961,9.806368827819824,1.655128836631775,0.8185672760009766,25.704524993896484
3457934836.0,-0.6777397990226746,3.904002189636232,10.02289867401123,1.6629410982131958,1.0108791589736938,25.69105339050293
3457943169.0,-0.8383476734161377,4.091859817504883,10.113469123840332,1.278880953788757,0.3355081975460052,25.635826110839844
3457951502.0,-0.7957743406295776,3.800182819366455,9.973152160644531,0.5186757445335388,0.2267245352268219,25.825965881347656
3457959835.0,-0.9967841506004332,3.42371153831482,9.929896354675291,0.3255955874919891,0.8810406923294067,25.93221664428711
3457968168.0,-1.2724107503890991,3.494826316833496,9.893397331237791,0.6122445464134216,1.2553671598434448,26.09673309326172
3457976501.0,-1.0092246532440186,3.2599432468414307,10.315446853637695,0.7273550033569336,0.242144301533699,26.11722183227539
3457984834.0,-0.6500557661056519,3.073230743408203,9.996816635131836,0.3524648547172546,-0.9876852631568908,26.069656372070312
3457993167.0,-0.5095157027244568,3.186308145523072,9.591852188110352,0.2358687967061996,-0.2085768282413482,26.34367752075196
3458001500.0,-0.7745636701583862,3.203097105026245,9.793545722961426,0.5805085897445679,1.2604900598526,26.41324615478516
3458009833.0,-1.015313744544983,3.148988962173462,10.056340217590332,0.8537871837615967,1.0272213220596311,26.451801300048828
3458018166.0,-0.8384241461753845,3.227610349655152,10.116032600402832,0.5821223258972168,-0.2824739813804626,26.50166893005371
3458026499.0,-0.6005805730819702,3.233137845993042,9.954713821411133,0.3184491991996765,-0.6111303567886353,26.786602020263672
3458034832.0,-0.5837178826332092,3.364423990249634,9.737435340881348,0.4512079656124115,0.4455983638763428,27.01508522033692
3458043165.0,-0.7974123954772949,3.4527034759521484,10.058911323547363,0.4415768980979919,1.3201199769973757,27.097505569458008
3458051498.0,-0.7684815526008606,3.1370675563812256,10.011513710021973,0.3380696773529053,0.2469598203897476,27.20931625366211
3458059831.0,-0.6653823852539062,2.988964796066284,9.563015937805176,0.0639715939760208,-0.6070577502250671,27.263643264770508
3458068164.0,-0.4954470992088318,2.943044662475586,9.38302516937256,0.0777264460921287,0.2046706825494766,27.453649520874023
3458076497.0,-0.5260341763496399,2.8031063079833984,9.69473934173584,0.3345861732959747,1.2927896976470947,27.61891365051269
3458084830.0,-0.7347738146781921,2.925222158432007,9.751224517822266,0.5161399245262146,1.0817539691925049,27.69155502319336
3458093163.0,-0.6508597135543823,2.748159885406494,9.771431922912598,0.4852235317230224,0.1404045224189758,27.842601776123047
3458101496.0,-0.5095784068107605,2.5772526264190674,9.430682182312012,0.4936250746250152,-0.0270998813211917,27.94472885131836
3458109829.0,-0.5377570390701294,2.7282803058624268,9.286630630493164,0.79377281665802,1.093997359275818,28.08109474182129
3458118162.0,-0.5556300282478333,2.84893012046814,9.80368995666504,1.2738094329833984,1.557461857795715,28.138164520263672
3458126495.0,-0.5457332730293274,2.832606792449951,9.773954391479492,1.2568527460098269,0.4892450273036957,28.150793075561523
3458134828.0,-0.5976054668426514,2.966187000274658,9.58508014678955,1.1256310939788818,0.5386549234390259,28.336366653442383
3458143161.0,-0.4946117401123047,3.041077852249145,9.58361530303955,1.1126447916030884,1.1695085763931274,28.38429450988769
3458151494.0,-0.6893537044525146,3.065137386322021,9.804161071777344,1.2573140859603882,1.5179647207260132,28.60555076599121
3458159827.0,-0.723126232624054,3.060176134109497,9.637324333190918,1.4213733673095703,1.2174583673477173,28.58234405517578
3458168160.0,-0.5618147850036621,2.8211379051208496,9.370119094848633,1.297887086868286,0.4861201047897339,28.75370407104492
3458176493.0,-0.4793177843093872,2.886403799057007,9.146324157714844,1.441864848136902,0.5945965051651001,28.85452461242676
3458184826.0,-0.5937533378601074,2.8912391662597656,9.2193021774292,1.5438863039016724,1.5623540878295898,28.940221786499023
3458193159.0,-0.8479878306388855,2.598352432250977,9.473061561584473,1.8891921043396,1.7642970085144043,29.09747314453125
3458201492.0,-0.9353060126304626,2.486400604248047,9.529330253601074,1.9582479000091555,1.1513991355895996,29.08402442932129
3458209825.0,-0.5692725777626038,2.599912166595459,9.69729709625244,2.175713300704956,0.7474879026412964,29.17095947265625
3458218158.0,-0.1158407926559448,2.6445040702819824,9.621888160705566,2.623424768447876,0.4454703032970428,29.21388816833496
3458226491.0,-0.1500722616910934,2.9881591796875,9.466501235961914,2.73807430267334,1.2132576704025269,29.209945678710938
3458234824.0,-0.2709973454475403,2.874927043914795,9.63518524169922,2.8487019538879395,2.241157293319702,29.32900047302246
3458243157.0,-0.3820365667343139,2.837932109832764,9.882614135742188,2.957050085067749,1.9009233713150024,29.31621742248535
3458251490.0,-0.3633482158184051,2.9842474460601807,9.86361598968506,2.843169689178467,1.7600709199905396,29.490373611450195
3458259823.0,-0.3670506179332733,3.062433242797852,9.925573348999023,2.8639683723449707,2.2613418102264404,29.59344482421875
3458268156.0,-0.6553474068641663,3.236086845397949,9.819950103759766,2.90226149559021,2.805823802947998,29.73119163513184
3458276489.0,-0.8211275339126587,3.370905876159668,10.35119342803955,2.630699157714844,3.298898458480835,29.781349182128903
3458284822.0,-0.7437329888343811,3.176584482192993,10.145495414733888,2.3787059783935547,2.200507879257202,29.7369327545166
3458293155.0,-0.7093700766563416,3.137925863265991,9.922689437866213,2.325761556625366,2.034578800201416,29.781681060791016
3458301488.0,-0.6186016201972961,3.165569543838501,9.830824851989746,2.2540669441223145,2.661513090133667,29.86638641357422
3458309821.0,-0.6882736086845398,3.174090385437012,10.185068130493164,2.194846868515014,3.039605140686035,29.973222732543945
3458318154.0,-0.8810925483703613,3.423835277557373,10.16315460205078,2.342871904373169,2.793811082839966,29.95598793029785
3458326487.0,-1.0428097248077393,3.6218607425689697,10.483036994934082,1.9404972791671755,2.741583108901977,29.923301696777344
3458334820.0,-1.0053943395614624,3.716031789779663,10.385563850402832,1.8609907627105715,2.4904351234436035,29.95762252807617
3458343153.0,-1.0407811403274536,4.037646293640137,10.308497428894045,1.7977235317230225,2.5706593990325928,29.93805503845215
3458351486.0,-0.9726709127426147,3.6161742210388175,10.331829071044922,1.3814407587051392,2.3530404567718506,30.057262420654297
3458359819.0,-1.047214388847351,3.281712532043457,10.010869026184082,1.2407671213150024,1.9253590106964111,30.02562713623047
3458368152.0,-1.1503750085830688,3.4931960105896,9.979995727539062,1.1898205280303955,2.285342216491699,30.068227767944336
3458376485.0,-0.9600905179977416,3.569840431213379,10.12236785888672,1.3158169984817505,2.253427028656006,29.98974609375
3458384818.0,-0.9604068994522096,3.620774030685425,10.048653602600098,1.19294536113739,2.000229597091675,29.838184356689453
3458393151.0,-1.0750415325164795,3.611106634140015,10.20943546295166,1.1816495656967163,2.114443778991699,29.83247375488281
3458401484.0,-1.1688464879989624,3.445927143096924,10.227460861206056,1.1028345823287964,2.0952587127685547,30.05360412597656
3458409817.0,-1.352379322052002,3.679046392440796,10.338180541992188,1.1599541902542114,1.7453168630599976,29.87988471984864
3458418150.0,-1.2058147192001345,3.8868327140808105,10.346582412719728,1.1065999269485474,1.5573596954345703,29.88480567932129
3458426483.0,-0.809165358543396,3.4491569995880127,10.42001724243164,0.9587286710739136,0.9143391847610474,29.91454124450684
3458434816.0,-0.8324778079986572,3.5120317935943604,9.931159019470217,0.693544328212738,1.165256381034851,29.86059761047364
3458443149.0,-0.85648512840271,3.3429064750671387,10.112859725952148,0.8836533427238464,1.9793540239334104,29.96884155273437
3458451482.0,-0.9974169731140136,3.087583541870117,10.029511451721191,1.2261159420013428,1.7794606685638428,30.01781845092773
3458459815.0,-1.1297650337219238,3.1767032146453857,10.01618194580078,1.2153836488723757,1.402572512626648,30.099964141845703
3458468148.0,-1.0812230110168457,2.914657592773437,9.950645446777344,1.3535724878311155,1.1369527578353882,30.081546783447266
3458476481.0,-0.868100643157959,2.756769180297852,9.748383522033691,1.7442411184310913,1.2161264419555664,30.141563415527344
3458484814.0,-0.7609293460845947,2.877210855484009,9.72148895263672,1.95983636379242,1.0472259521484375,30.282569885253903
3458493147.0,-0.7048370838165283,2.786587238311768,9.537582397460938,2.2165935039520264,0.9457935094833374,30.28989219665528
3458501480.0,-0.8294352293014526,2.977917432785034,9.35666275024414,2.5869503021240234,1.1500672101974487,30.35854148864746
3458509813.0,-0.9410899877548218,2.928894758224488,9.418752670288086,2.606929063796997,1.73686420917511,30.477134704589844
3458518146.0,-0.9792895913124084,2.858234643936157,9.887344360351562,2.719837188720703,1.3892533779144287,30.58574104309082
3458526479.0,-1.0288265943527222,3.256476163864136,9.55503273010254,2.804953098297119,0.9344721436500548,30.590808868408203
3458534812.0,-0.9362807273864746,3.4036965370178223,9.872008323669434,2.925135612487793,0.8938992619514465,30.66102409362793
3458543145.0,-0.6296876668930054,3.2931113243103027,9.60576057434082,2.592995405197144,0.6772794127464294,30.77057266235352
3458551478.0,-0.5625951886177063,3.519101142883301,9.685879707336426,2.545454978942871,0.6716442108154297,31.105627059936523
3458559811.0,-0.4540558457374573,3.629913806915283,9.50625991821289,2.421431064605713,0.902915358543396,31.104480743408203
3458568144.0,-0.4785167276859283,3.6058526039123535,9.432080268859863,2.080479383468628,0.9912844896316528,31.199201583862305
3458576477.0,-0.5727840065956116,3.745994329452514,9.292845726013184,1.6712150573730469,1.39537513256073,31.38465118408203
3458584810.0,-0.4841265678405761,3.701550245285034,9.637856483459473,1.469887137413025,1.3355404138565063,31.41782569885254
3458593143.0,-0.6037135720252991,3.402313232421875,9.308486938476562,1.3089526891708374,1.161978006362915,31.48680305480957
3458601476.0,-0.9217169880867004,3.2716665267944336,9.12833309173584,1.2170997858047483,1.735865354537964,31.71635627746582
3458609809.0,-0.8231410384178162,3.049743890762329,9.22607707977295,1.326190948486328,1.7149899005889893,31.88254165649414
3458618142.0,-0.7400239706039429,2.9776716232299805,9.32484531402588,1.388433575630188,1.1321117877960205,31.74455451965332
3458626475.0,-0.7200589776039124,3.0418343544006348,9.00451946258545,1.4356664419174194,1.220481038093567,31.81371688842773
3458634808.0,-0.5961379408836365,2.894415140151977,9.226102828979492,1.968314528465271,1.6384544372558594,31.919527053833008
3458643141.0,-0.7460036277770996,3.0728180408477783,9.171710968017578,2.006710767745972,1.5090000629425049,31.83912467956543
3458651474.0,-0.7867840528488159,3.217657804489136,9.243963241577148,2.1480753421783447,1.5657353401184082,31.96368408203125
3458659807.0,-0.7541688084602356,3.0733773708343506,9.207987785339355,2.097923040390014,1.339997172355652,31.883798599243164
3458668140.0,-0.8271551132202148,3.424572706222534,9.266477584838867,2.4397449493408203,1.727463722229004,31.91552734375
3458676473.0,-0.5081605315208435,3.436815023422241,9.742975234985352,2.4299862384796143,1.7488261461257937,32.086402893066406
3458684806.0,-0.6190832853317261,3.395373582839966,9.519177436828612,2.405242681503296,1.245531678199768,32.002567291259766
3458693139.0,-0.5623135566711426,3.6526284217834473,9.522019386291504,2.4331624507904053,1.9017179012298584,32.133331298828125
3458701472.0,-0.4763049185276031,3.583124876022339,9.640300750732422,2.2878527641296387,2.060807943344116,31.98760986328125
3458709805.0,-0.3550232350826263,3.490394830703736,9.438369750976562,2.287519693374634,1.676158428192139,32.01429748535156
3458718138.0,-0.4491180777549743,3.5708160400390625,9.593622207641602,2.158398151397705,2.305551767349243,31.93606948852539
3458726471.0,-0.5656419396400452,3.659726858139038,9.557744979858398,2.1680808067321777,2.8368945121765137,32.04291534423828
3458734804.0,-0.9719919562339784,3.767883062362671,9.84615707397461,1.9881402254104608,2.8845880031585693,32.03886413574219
3458743137.0,-0.8936010003089905,3.81933856010437,9.83438205718994,1.747494101524353,2.51318097114563,31.95835304260254
3458751470.0,-0.7992833852767944,3.774624109268189,9.751457214355469,1.5667343139648438,1.8094806671142576,32.00143814086914
3458759803.0,-0.8290795087814331,3.796576499938965,9.69052791595459,1.2216336727142334,2.51584529876709,31.84342765808105
3458768136.0,-0.5661534070968628,3.829899311065674,9.988091468811035,1.3676090240478516,2.976978302001953,31.88358688354492
3458776469.0,-0.6651798486709595,3.8082492351531982,10.10898780822754,1.215844750404358,2.5514490604400635,31.87972068786621
3458784802.0,-0.8971964716911316,3.942875623703003,9.777734756469728,0.8975108861923218,2.987634658813477,31.77109718322754
3458793135.0,-0.7165663242340088,3.837517738342285,10.148354530334473,0.8041724562644958,3.085378170013428,31.677318572998047
3458801468.0,-0.7666752934455872,3.605664014816284,10.308379173278809,0.570186197757721,2.523247480392456,31.562744140625
3458809801.0,-0.6931606531143188,3.7682836055755615,9.97440242767334,0.528768002986908,2.8043901920318604,31.41482734680176
3458818134.0,-0.7253178358078003,3.6326828002929688,9.998250007629396,0.688011884689331,2.941938877105713,31.39894676208496
3458826467.0,-0.8604465126991272,3.700116634368897,10.117192268371582,0.4562282562255859,3.015169143676758,31.4495792388916
3458834800.0,-0.7952665686607361,3.831874847412109,10.334510803222656,-0.0704392120242118,2.99818754196167,31.40337562561035
3458843133.0,-0.6712575554847717,3.756739377975464,10.42063808441162,-0.1059149578213691,2.980667352676392,31.30985641479492
3458851466.0,-0.8932843208312988,3.984238862991333,10.320709228515623,-0.3334463834762573,3.653451681137085,31.17906951904297
3458859799.0,-0.548675000667572,3.718675374984741,10.495132446289062,-0.3174887895584106,3.65767765045166,31.306377410888672
3458868132.0,-0.486165702342987,3.232796669006348,10.40902328491211,-0.6852839589118958,2.7783403396606445,31.35322570800781
3458876465.0,-0.7763480544090271,3.122049570083618,9.600383758544922,-0.9358170628547668,3.320953130722046,31.32863426208496
3458884798.0,-1.0592585802078247,2.8600504398345947,9.744267463684082,-0.3008650541305542,4.262123107910156,31.36897659301757
3458893131.0,-1.217792510986328,2.5800580978393555,9.923251152038574,-0.0683388337492942,3.649531364440918,31.40326690673828
3458901464.0,-0.9702298045158386,2.805891275405884,10.02659797668457,0.0084398975595831,2.617994785308838,31.23703384399414
3458909797.0,-0.7646545171737671,2.44392728805542,9.917001724243164,0.1506758630275726,2.4454569816589355,31.32788848876953
3458918130.0,-0.8875040411949158,2.812192440032959,9.596549034118652,0.593034029006958,3.540491819381714,31.42358016967773
3458926463.0,-0.9555891156196594,2.9045519828796387,9.967534065246582,1.078987717628479,3.853985071182251,31.49020195007324
3458934796.0,-0.9363608956336976,2.4769036769866943,10.06337070465088,1.2190978527069092,2.689586877822876,31.390979766845703
3458943129.0,-0.8163018822669983,2.512737989425659,9.41258144378662,1.4218344688415527,2.174893617630005,31.48052024841309
3458951462.0,-0.7268581390380859,2.261439323425293,9.705523490905762,1.928638219833374,2.908613920211792,31.41377258300781
3458959795.0,-0.8908663988113403,2.4583873748779297,9.587327003479004,2.470661401748657,2.826059579849243,31.56200408935547
3458968128.0,-0.9983328580856324,2.780224084854126,9.749859809875488,2.721015214920044,2.449965238571167,31.58877182006836
3458976461.0,-0.932929277420044,2.4556310176849365,9.683661460876465,2.771936655044556,1.590248465538025,31.405168533325195
3458984794.0,-0.9542990326881408,2.658474922180176,9.521285057067873,2.9667327404022217,1.8423694372177124,31.640151977539062
3458993127.0,-0.8464311957359314,3.037904977798462,9.916746139526367,3.1137073040008545,2.1418771743774414,31.762025833129883
3459001460.0,-0.728499710559845,3.2890963554382324,10.017996788024902,3.042371988296509,1.4875097274780271,31.678373336791992
3459009793.0,-0.7310957908630371,3.4549951553344727,9.861005783081056,2.957229852676392,1.1954044103622437,31.633338928222656
3459018126.0,-0.5114392042160034,3.2656266689300537,10.034470558166504,2.68753719329834,1.4437602758407593,31.92372131347656
3459026459.0,-0.5529382228851318,3.0850675106048584,9.751482009887695,2.6068782806396484,1.0360839366912842,32.00231170654297
3459034792.0,-0.6364663243293762,3.306051015853882,9.795391082763672,2.722449779510498,1.4113327264785769,32.015220642089844
3459043125.0,-0.5152992606163025,3.197338342666626,9.882820129394531,2.64857816696167,1.1098016500473022,31.97459602355957
3459051458.0,-0.4532648921012878,3.1395702362060547,9.720542907714844,2.427168369293213,0.5722352862358093,31.946622848510746
3459059791.0,-0.4517605006694793,2.9476659297943115,9.66730785369873,2.4995033740997314,0.7393683791160583,31.89908790588379
3459068124.0,-0.5518512725830078,2.752187490463257,9.310309410095217,2.76371431350708,1.0608530044555664,32.14864730834961
3459076457.0,-0.8035443425178528,2.991563320159912,9.297203063964844,3.2205703258514404,1.0786805152893066,32.107154846191406
3459084790.0,-0.5140849351882935,2.921638250350952,9.660614013671877,3.281352996826172,0.5520000457763672,32.021827697753906
3459093123.0,-0.3532762229442596,3.015685796737671,9.437478065490724,3.503069877624512,-0.180682972073555,31.952953338623047
3459101456.0,-0.3203908801078796,3.1752896308898926,9.33437442779541,3.665464639663696,0.7316328883171082,32.12843704223633
3459109789.0,-0.358268678188324,3.141993761062622,9.660226821899414,3.995811462402344,0.9591131210327148,32.172157287597656
3459118122.0,-0.5256198048591614,3.193091630935669,9.63032341003418,3.8214032649993896,0.594058632850647,31.99849319458008
3459126455.0,-0.3645240068435669,3.494866371154785,9.974563598632812,4.026062488555908,0.4443689882755279,32.01683807373047
3459134788.0,-0.0949457585811615,3.618947744369507,9.80442714691162,3.788540840148926,0.2834857702255249,31.92436981201172
3459143121.0,-0.5189018845558167,3.949829816818237,9.841023445129396,3.710980892181397,0.8042749762535095,32.07004165649414
3459151454.0,-0.4023652076721191,3.839231491088867,9.748579978942873,3.495283603668213,1.1264253854751587,32.05551528930664
3459159787.0,-0.4829865396022796,3.622003555297852,9.93362045288086,3.0773608684539795,0.3074607253074646,31.96519660949707
3459168120.0,-0.2724027335643768,3.729292631149292,9.50432586669922,2.951672077178955,0.2255463451147079,32.10743713378906
3459176453.0,-0.0570039898157119,3.604705572128296,9.668535232543944,2.933024644851685,0.4677035510540008,32.03601837158203
3459184786.0,-0.3525997102260589,3.7172250747680655,9.534582138061523,3.001440525054932,0.7328624129295349,32.14204406738281
3459193119.0,-0.3766343891620636,3.663011312484741,9.611371994018556,2.702624559402466,1.0227901935577393,32.232460021972656
3459201452.0,-0.3126044869422912,3.435743570327759,9.936847686767578,2.594865083694458,0.1909927129745483,32.06037902832031
3459209785.0,-0.3897063136100769,3.741394281387329,9.486186981201172,2.44888973236084,0.1691693663597107,32.18151092529297
3459218118.0,-0.15973861515522,3.5941293239593506,9.652948379516602,2.6750376224517822,0.8421840071678162,32.02467346191406
3459226451.0,-0.2780187726020813,3.705517053604126,9.744600296020508,2.6438395977020264,0.4159883558750152,32.00702667236328
3459234784.0,-0.2900106608867645,3.648582935333252,9.55034637451172,2.571684122085572,0.6673409938812256,32.02339172363281
3459243117.0,0.0194575879722833,3.5414469242095947,9.831997871398926,2.415052652359009,0.633017897605896,31.9810733795166
3459251450.0,-0.2840462028980255,3.845347881317138,9.644969940185549,2.404064416885376,0.8891347646713257,31.962478637695312
3459259783.0,-0.2024947106838226,3.748164653778076,9.701644897460938,2.3960983753204346,1.3451454639434814,32.02359771728516
3459268116.0,-0.0293030273169279,3.61580228805542,9.978226661682127,2.3730452060699463,0.783604085445404,31.97794914245605
3459276449.0,-0.3240995407104492,3.655677556991577,9.635909080505373,2.273585081100464,0.7990751266479492,31.95802497863769
3459284782.0,-0.1861513257026672,3.347697257995605,9.89950942993164,2.355807304382324,1.334874153137207,32.0912971496582
3459293115.0,-0.4065283536911011,3.682462215423584,9.914918899536133,2.4179728031158447,1.1349035501480105,31.991756439208984
3459301448.0,-0.2181142270565033,3.6417043209075928,9.771899223327637,2.583082675933838,1.1917929649353027,32.111045837402344
3459309781.0,0.0660244151949882,3.498268842697144,9.956497192382812,2.389925479888916,0.5085326433181763,32.03719711303711
3459318114.0,-0.2336236387491226,3.726407527923584,9.454039573669434,2.3061671257019043,1.2502193450927734,32.19081115722656
3459326447.0,-0.2903144955635071,3.5576720237731934,10.026936531066896,2.504805326461792,2.4973256587982178,32.287628173828125
3459334780.0,-0.5226274728775024,3.838494300842285,10.437602996826172,2.3436145782470703,1.5706021785736084,32.29108047485352
3459343113.0,-0.5818933844566345,4.098611831665039,9.966777801513672,1.93929409980774,0.9306557774543762,32.2433967590332
3459351446.0,-0.0433603525161743,3.8883213996887207,10.148897171020508,1.7131714820861816,0.7245633602142334,32.31357955932617
3459359779.0,-0.1264910846948623,4.152292251586914,9.880852699279783,1.5552849769592283,0.9728168249130248,32.57261657714844
3459368112.0,-0.0702547058463096,4.207335948944092,9.7320556640625,1.382209539413452,1.868521809577942,32.67076873779297
3459376445.0,-0.2716780304908752,3.966768264770508,10.136649131774902,1.1017844676971436,1.3926855325698853,32.49272155761719
3459384778.0,-0.5694158673286438,4.342156887054443,9.577001571655272,0.6879861354827881,1.2559822797775269,32.56623458862305
3459393111.0,-0.1215081661939621,3.838346004486084,10.077224731445312,0.626768171787262,1.4438886642456057,32.611751556396484
3459401444.0,-0.1031966432929039,3.878075361251831,9.832744598388672,0.5171902775764465,1.088208794593811,32.555606842041016
3459409777.0,-0.1253435015678405,3.823643922805786,9.67888355255127,0.4107630550861358,1.739272117614746,32.555965423583984
3459418110.0,-0.2739219963550567,3.692612171173096,10.043211936950684,0.5056382417678833,1.901999592781067,32.58116912841797
3459426443.0,-0.4783940315246582,3.769244432449341,9.695596694946287,0.5734135508537292,1.7392719984054563,32.47066879272461
3459434776.0,-0.0378796309232711,3.509865522384644,10.270307540893556,0.4413208365440368,1.2111573219299316,32.5524787902832
3459443109.0,-0.1219358369708061,3.864147424697876,9.57086944580078,0.3525418043136596,0.9058610200881958,32.56795120239258
3459451442.0,-0.1009097322821617,3.890986204147339,9.638445854187012,0.583889901638031,2.260880947113037,32.60435104370117
3459459775.0,-0.0533477701246738,3.6404354572296143,9.974413871765137,0.3357644975185394,2.0821192264556885,32.63872528076172
3459468108.0,-0.293572187423706,3.929417133331299,10.021512031555176,0.3796673119068146,1.5830507278442385,32.540672302246094
3459476441.0,-0.0632112324237823,3.859022617340088,10.044076919555664,0.0622810758650302,1.5080779790878296,32.34231948852539
3459484774.0,-0.1429821103811264,3.777570009231568,9.69957447052002,0.3618398010730743,1.63609778881073,32.42643356323242
3459493107.0,-0.0264151599258184,3.672942876815796,9.978574752807615,0.0669428557157516,1.8584551811218264,32.43501281738281
3459501440.0,-0.0376475900411605,3.598438024520874,9.775793075561523,-0.2719978094100952,1.5449111461639404,32.426815032958984
3459509773.0,-0.1875661015510559,3.6303961277008057,9.528132438659668,0.1122544929385185,1.86923897266388,32.241554260253906
3459518106.0,0.1321829706430435,3.154124975204468,9.971820831298828,0.1486011296510696,2.129044532775879,32.24954605102539
3459526439.0,-0.0168933998793363,3.3769290447235107,9.823779106140137,0.2218579202890396,1.7487239837646484,32.195526123046875
3459534772.0,-0.0360971428453922,3.435442924499512,9.520193099975586,0.4277964830398559,2.0440046787261963,32.08673858642578
3459543105.0,-0.1428886353969574,3.177409172058105,9.863142013549805,0.5110684037208557,2.2065017223358154,32.107276916503906
3459551438.0,-0.0279520936310291,3.4699931144714355,9.506818771362305,0.6733092069625854,2.05965542793274,32.1804084777832
3459559771.0,0.2511427998542785,3.0610547065734863,10.102849960327148,0.7615246772766113,1.6026970148086548,32.157894134521484
3459568104.0,-0.0289497785270214,3.5324318408966064,9.345673561096191,0.8006632924079895,1.6337926387786863,32.0783576965332
3459576437.0,-0.0355513244867324,3.62026572227478,9.772286415100098,0.9735594987869264,2.8397374153137207,32.260555267333984
3459584770.0,0.0485503822565078,3.551079511642456,10.198820114135742,0.82563716173172,2.303016424179077,32.1441650390625
3459593103.0,-0.0990085378289222,3.4957683086395264,9.759469985961914,0.7012030482292175,1.8209047317504885,32.06521987915039
3459601436.0,0.2856341600418091,2.9881982803344727,9.659308433532717,0.8452065587043762,2.0973596572875977,32.18876266479492
3459609769.0,-0.1671968847513198,3.2031562328338623,9.72931671142578,1.0816004276275637,2.4152066707611084,32.29966354370117
3459618102.0,-0.1401693969964981,3.193198680877685,9.670480728149414,1.0976094007492063,2.9055917263031006,32.27072525024414
3459626435.0,-0.1414164453744888,3.221531867980957,10.073359489440918,1.2159217596054075,1.8892948627471924,32.254207611083984
3459634768.0,-0.1513871103525161,3.2517507076263428,9.439534187316896,1.2809817790985107,1.8307148218154907,32.15412521362305
3459643101.0,0.1168750748038292,3.263735771179199,9.74764919281006,1.5439122915267944,1.606385588645935,32.28673553466797
3459651434.0,-0.1424814611673355,3.493680238723755,9.53522777557373,1.260977268218994,2.0700550079345703,32.301513671875
3459659767.0,0.0033669709227979,3.4835004806518555,9.79112720489502,1.6035423278808594,2.2224340438842773,32.41042709350586
3459668100.0,-0.1320007592439651,3.5183942317962646,9.905994415283203,1.499829888343811,1.6429368257522583,32.3485107421875
3459676433.0,-0.1699042469263076,3.427448511123657,9.82271671295166,1.4358457326889038,1.9241303205490112,32.463706970214844
3459684766.0,0.0181408282369375,3.408013343811035,9.949033737182615,1.2766788005828855,1.8894741535186768,32.27444076538086
3459693099.0,0.0724274739623069,3.68663477897644,9.921119689941406,1.5420424938201904,1.726798176765442,32.305328369140625
3459701432.0,0.162933275103569,3.185534238815308,9.953776359558104,1.5345118045806885,1.5968313217163086,32.16483688354492
3459709765.0,-0.2304442673921585,3.271140813827514,9.40411376953125,1.4286481142044067,1.9303290843963623,32.20546340942383
3459718098.0,-0.0510311648249626,3.041905164718628,9.66122341156006,1.8390395641326904,1.868547201156616,32.316619873046875
3459726431.0,-0.0192746613174676,3.1971380710601807,9.685725212097168,1.8535884618759155,1.068306565284729,32.114349365234375
3459734764.0,-0.0837185978889465,3.392160654067993,9.759742736816406,1.653259515762329,1.6390436887741089,32.25041580200195
3459743097.0,-0.0155206779018044,3.734812021255493,10.233237266540527,1.5966264009475708,2.252684593200684,32.26250457763672
3459751430.0,-0.139750063419342,4.098514556884766,10.485125541687012,1.282774806022644,2.2748918533325195,32.106231689453125
3459759763.0,0.1980513632297516,3.961247205734253,10.682493209838867,1.3900471925735474,1.504568576812744,31.965118408203125
3459768096.0,0.4163254201412201,3.65377426147461,10.530674934387209,0.7189793586730957,1.182187557220459,31.958738327026367
3459776429.0,0.3705388605594635,3.782469511032105,10.010055541992188,0.7166229486465454,2.0786099433898926,31.89450454711914
3459784762.0,0.2568767070770263,3.744197607040405,10.147706031799316,0.6499488949775696,2.8129706382751465,31.64545440673828
3459793095.0,-0.3917469382286072,3.974526643753052,9.849689483642578,0.6422390937805176,2.398275852203369,31.55129814147949
3459801428.0,-0.2540790438652038,3.8280551433563232,10.016519546508787,0.2799254059791565,1.917957067489624,31.15645217895508
3459809761.0,-0.2468882650136947,4.123559474945068,9.67785358428955,-0.3955097794532776,1.0634912252426147,30.849851608276367
3459818094.0,-0.1219267845153808,4.165579795837402,9.534377098083496,-0.5356196761131287,1.8067911863327024,30.847719192504883
3459826427.0,-0.1612651050090789,3.9326484203338623,9.683877944946287,-0.6147934198379517,2.118875503540039,30.57575225830078
3459834760.0,-0.5255378484725952,3.804387807846069,9.659480094909668,-0.7971924543380737,1.9642932415008545,30.426010131835938
3459843093.0,-0.2342711389064788,3.388096332550049,9.93088436126709,-0.9777474403381348,1.1700977087020874,30.095483779907227
3459851426.0,-0.2955983877182007,3.524831533432007,9.718796730041504,-1.1089435815811155,0.868899405002594,29.81781959533692
3459859759.0,0.0192857161164283,3.364834785461426,9.629117965698242,-0.9115344285964966,1.565760850906372,29.491086959838867
3459868092.0,0.0984973609447479,3.148900270462036,9.860933303833008,-0.7503696084022522,1.3043419122695925,29.21847343444824
3459876425.0,-0.0457665026187896,3.033503532409668,9.642569541931152,-0.9312574863433838,1.041309118270874,28.98861122131348
3459884758.0,0.1501241475343704,3.147893190383911,9.665534973144531,-0.6983982920646667,0.8929256796836853,28.79145812988281
3459893091.0,-0.0286155138164758,3.436405658721924,9.627495765686035,-0.7159953117370605,1.4243959188461304,28.400484085083008
3459901424.0,0.1769240796566009,3.0873665809631348,10.020596504211426,-0.6764723062515259,1.4379709959030151,28.32155990600586
3459909757.0,0.0266384333372116,2.9967517852783203,9.79184341430664,-0.9824346899986268,0.7366787791252136,27.943115234375
3459918090.0,-0.0400643162429332,2.742296934127808,9.539237022399902,-0.9333577156066896,1.1450979709625244,28.012910842895508
3459926423.0,0.1364585310220718,2.6891350746154785,9.67505168914795,-0.7253443002700806,1.0484297275543213,27.68486976623535
3459934756.0,-0.0675490349531173,2.78995132446289,9.630146026611328,-0.7028038501739502,0.8818091154098511,27.26784324645996
3459943089.0,0.117474228143692,2.520385503768921,9.688275337219238,-0.740303099155426,0.928990602493286,27.13290786743164
3459951422.0,0.0342796742916107,2.671150922775269,9.551267623901367,-0.9399405717849731,0.5589413046836853,26.800254821777344
3459959755.0,0.1731936782598495,2.659901857376098,9.576737403869627,-0.8836147785186768,0.9692305326461792,26.677845001220703
3459968088.0,0.0724144205451011,2.665866136550904,9.710400581359863,-1.0215730667114258,0.8114466071128845,26.131080627441406
3459976421.0,-0.1001402735710144,2.667750597000122,9.697701454162598,-1.182763695716858,1.162387490272522,25.87196922302246
3459984754.0,0.1584040522575378,2.386690616607666,10.05197525024414,-1.1895002126693726,0.5838896036148071,25.83639144897461
3459993087.0,0.1322175860404968,2.575589418411255,9.758934020996094,-1.4969992637634275,0.1721405684947967,25.412038803100582
3460001420.0,0.1327592730522155,2.311501979827881,9.530458450317385,-1.4405453205108645,0.6109126210212708,25.217573165893555
3460009753.0,0.0372129790484905,2.2808613777160645,9.545269966125488,-1.5137251615524292,0.8294276595115662,24.997005462646484
3460018086.0,0.2323677390813827,2.1319851875305176,9.76186752319336,-1.6171040534973145,0.5087629556655884,24.56571388244629
3460026419.0,0.4157851636409759,2.059567928314209,9.805288314819336,-1.841075420379639,-0.1782751679420471,24.22576332092285
3460034752.0,0.052198838442564,2.228545427322388,9.333218574523926,-1.8485032320022583,0.5156788229942322,23.85110092163086
3460043085.0,0.1699228882789611,2.01505708694458,9.832898139953612,-1.642769694328308,1.2062901258468628,23.5067195892334
3460051418.0,0.0303919557482004,1.927582144737244,9.941815376281738,-1.9266525506973269,0.1750605851411819,22.9379825592041
3460059751.0,0.2934843897819519,1.7888667583465576,9.717970848083496,-2.028596878051758,-0.071233220398426,22.697769165039062
3460068084.0,0.2930845618247986,1.7007384300231934,9.684882164001465,-1.7559845447540283,0.7122424244880676,22.2628116607666
3460076417.0,0.1903021335601806,1.7278722524642944,9.677657127380373,-1.4676707983016968,1.4145594835281372,21.918352127075195
3460084750.0,0.3757437765598297,1.5932940244674685,10.036005973815918,-1.315470814704895,0.5740025043487549,21.48752212524414
3460093083.0,0.2270830273628235,1.6017634868621826,9.59387493133545,-1.4227688312530518,0.1324640661478042,21.041728973388672
3460101416.0,0.3113161921501159,1.4534400701522827,9.610486030578612,-1.1476974487304688,1.114719033241272,20.711713790893555
3460109749.0,0.1325846910476684,1.3583757877349854,10.00302028656006,-1.0165780782699585,1.3503445386886597,20.26280212402344
3460118082.0,0.1584950089454651,1.279361128807068,9.947884559631348,-0.9194744229316713,0.9840863943099976,19.91116714477539
3460126415.0,0.4008644223213196,1.073553204536438,9.8873929977417,-0.3413353860378265,0.1842816770076751,19.32352638244629
3460134748.0,0.2767945826053619,1.2273452281951904,9.64109992980957,-0.5171002149581909,0.7593213319778442,19.017742156982425
3460143081.0,0.3605644702911377,1.0476150512695312,9.925912857055664,-0.2031209617853164,1.5182971954345703,18.72207832336425
3460151414.0,0.1420917212963104,1.1823222637176514,10.22342014312744,0.0522402450442314,1.4269821643829346,18.332714080810547
3460159747.0,0.3260873258113861,1.075232982635498,10.085007667541504,0.1884311735630035,0.8488943576812744,17.989484786987305
3460168080.0,0.5154076218605042,1.1562693119049072,10.04661750793457,0.3512864410877228,0.3661939203739166,17.478654861450195
3460176413.0,0.4052688777446747,1.5560107231140137,9.881508827209473,0.3903482556343078,1.433206558227539,17.21649742126465
3460184746.0,0.4564553499221802,1.407747507095337,10.27178192138672,0.377592384815216,1.7688043117523191,17.1014404296875
3460193079.0,0.1708054840564727,1.3820191621780396,10.275132179260254,0.0139213381335139,1.3868701457977295,16.785253524780273
3460201412.0,0.5413622856140137,0.9117739796638488,10.20032787322998,0.2165812253952026,0.9533492922782898,16.57035255432129
3460209745.0,0.4384336173534393,0.9513776302337646,9.888010025024414,0.221345454454422,0.9074741005897522,16.273147583007812
3460218078.0,0.2793071269989013,0.912095546722412,9.737178802490234,0.534633219242096,2.091517925262451,16.12333106994629
3460226411.0,0.1736601293087005,0.5470126271247864,10.226665496826172,0.7546595335006714,2.022871971130371,15.734353065490724
3460234744.0,0.1300897896289825,0.6274446249008179,10.110605239868164,0.7831937670707703,1.2450439929962158,15.429620742797852
3460243077.0,0.5569350719451904,0.4428508877754211,9.951722145080566,1.1346979141235352,0.9041954874992372,15.261950492858888
3460251410.0,0.276505559682846,0.8399409651756287,9.747238159179688,1.2718621492385864,1.4412492513656616,14.93424129486084
3460259743.0,0.3108972907066345,0.7944144010543823,9.998680114746094,1.6640162467956543,2.370533943176269,14.771385192871094
3460268076.0,0.2350582778453827,0.6307398080825806,10.411062240600586,1.3935810327529907,1.606512188911438,14.56790542602539
3460276409.0,0.3334780931472778,0.770524799823761,10.014665603637695,1.5609188079833984,0.8756610751152039,14.569929122924805
3460284742.0,0.5361199975013733,0.612281322479248,9.943730354309082,1.882300853729248,0.984649658203125,14.414450645446776
3460293075.0,0.2446659803390503,0.8268226385116577,9.72342586517334,1.873515129089356,1.9196975231170648,14.2462158203125
3460301408.0,0.180862620472908,0.8230538964271545,10.085676193237305,2.0755088329315186,2.0738184452056885,14.252593040466309
3460309741.0,-0.1802907884120941,1.1285743713378906,10.031112670898438,1.918801069259644,1.0462265014648438,13.91869068145752
3460318074.0,-0.1096696630120277,0.7800464630126953,9.785883903503418,1.888960719108581,0.8032497763633728,13.731575965881348
3460326407.0,0.3725057244300842,0.5540911555290222,9.866284370422363,2.1988673210144043,0.4963399171829223,13.526944160461426
3460334740.0,0.1959808319807052,0.7992208003997803,9.617006301879885,2.2949202060699463,0.9122895002365112,13.212809562683104
3460343073.0,0.032967772334814,0.7908750176429749,9.888355255126951,2.413437366485596,1.488327980041504,13.077539443969728
3460351406.0,-0.0445847548544406,1.2324527502059937,10.106513023376465,2.362823963165283,1.0822912454605105,12.662309646606444
3460359739.0,0.3220870792865753,1.0298901796340942,10.12578582763672,2.4634110927581787,0.1451943069696426,12.551169395446776
3460368072.0,0.4134632349014282,0.931100845336914,9.727087020874023,2.404856443405152,-0.373250663280487,12.18027400970459
3460376405.0,-0.0036737171467393,1.0604292154312134,9.27940273284912,2.6374082565307617,1.2721951007843018,12.019851684570312
3460384738.0,-0.0387247614562511,0.940033793449402,10.096429824829102,2.942012548446656,1.5241878032684326,11.770803451538086
3460393071.0,0.0972900688648223,1.3537596464157104,10.225796699523926,2.583643913269043,-0.1470257192850113,11.446989059448242
3460401404.0,0.3956399857997894,1.1913436651229858,9.57699966430664,2.263517141342163,-0.6821327805519104,11.179551124572754
3460409737.0,0.4157851934432983,1.1730854511260986,9.39899444580078,2.4939682483673096,0.3265686929225921,10.923332214355469
3460418070.0,0.0819594115018844,0.9809846878051758,9.73830223083496,2.35270619392395,1.6146318912506104,10.758965492248535
3460426403.0,0.0399297848343849,0.9158206582069396,10.119264602661133,2.3338541984558105,1.126501441001892,10.41279125213623
3460434736.0,0.0137497168034315,1.0828595161437988,9.84282684326172,2.3454573154449463,-0.1213090270757675,9.923480033874512
3460443069.0,0.1316854655742645,0.8182975649833679,9.704116821289062,2.375272035598755,0.2650688886642456,9.751633644104004
3460451402.0,0.2225749343633651,1.0090619325637815,9.883255958557127,2.326758861541748,0.5776394605636597,9.673510551452637
3460459735.0,0.2068140208721161,1.3402442932128906,9.803719520568848,2.1768126487731934,0.6429044604301453,9.466930389404297
3460468068.0,0.1371423751115799,1.1578489542007446,9.692851066589355,2.139724016189575,0.3359435200691223,9.116272926330566
3460476401.0,0.1219170838594436,1.046044945716858,9.425790786743164,1.9675962924957275,0.4468019902706146,8.90992546081543
3460484734.0,0.2485553473234176,0.7264993190765381,9.90356731414795,1.6193450689315796,0.7414169311523438,8.9393310546875
3460493067.0,0.33226478099823,0.8835805058479309,9.915135383605955,1.6264398097991943,0.4956738352775574,8.656624794006348
3460501400.0,0.0770189240574836,0.8685317635536194,9.876590728759766,1.80709707736969,0.934061586856842,8.472433090209961
3460509733.0,0.2295049428939819,0.5462157130241394,10.036081314086914,1.838833212852478,0.8773003220558167,8.332348823547363
3460518066.0,0.3447446823120117,0.6318429112434387,10.011130332946776,1.5581010580062866,0.5091213583946228,8.053383827209473
3460526399.0,0.5569932460784912,0.6367130875587463,9.91716194152832,1.5609703063964844,0.7084770798683167,7.8516740798950195
3460534732.0,0.5809441208839417,0.6917413473129272,9.825783729553224,1.7821491956710815,1.1300361156463623,7.549911975860596
3460543065.0,0.5038161873817444,0.7512888312339783,9.720723152160645,1.7628616094589231,1.46709406375885,7.612564563751221
3460551398.0,0.4484850168228149,0.579684853553772,9.927274703979492,1.3757535219192505,1.3218098878860474,7.361518859863281
3460559731.0,0.170507937669754,0.8033475875854492,9.659642219543455,1.121711492538452,1.5161709785461426,7.37647819519043
3460568064.0,0.1031524837017059,0.893486738204956,9.776750564575195,1.0476607084274292,2.4076743125915527,7.161984443664551
3460576397.0,-0.0410740971565246,0.9228485226631165,10.132000923156738,0.945767104625702,1.956018090248108,6.928816795349121
3460584730.0,0.1038463115692138,0.5817036032676697,9.965777397155762,0.6030999422073364,1.418452262878418,6.947361469268799
3460593063.0,0.3891362249851227,0.1920856386423111,9.979327201843262,0.625307559967041,0.9367766976356506,6.743242740631104
3460601396.0,0.2041072696447372,0.3059175312519073,9.616320610046388,0.7853452563285828,1.807122707366944,6.683509349822998
3460609729.0,0.2077220529317855,0.4502096474170685,9.790499687194824,1.0594943761825562,2.423170566558838,6.537610530853272
3460618062.0,0.2501241862773895,0.4005127549171448,9.893534660339355,1.0828802585601809,1.7803046703338623,6.035802364349365
3460626395.0,0.0656350329518318,0.3415967226028442,9.481547355651855,0.946305215358734,2.103018283843994,5.977120399475098
3460634728.0,0.0208367574959993,0.0234754271805286,9.755144119262695,1.1953779458999634,2.883816957473755,5.888264179229736
3460643061.0,-0.3353502750396728,0.2973594665527344,9.929061889648438,1.7097119092941284,3.087783098220825,5.598362445831299
3460651394.0,-0.3973539173603058,0.3001936674118042,10.27771282196045,1.7367091178894043,2.669733047485352,5.488938331604004
3460659727.0,-0.0840138867497444,0.4291068315505981,10.20938777923584,1.663298726081848,1.580769658088684,5.153110504150391
3460668060.0,0.122009553015232,0.5883729457855225,9.996052742004396,1.512943148612976,1.7085846662521362,5.073449611663818
3460676393.0,0.1039904654026031,0.6290742754936218,10.070886611938477,1.466248631477356,2.4267055988311768,4.867255210876465
3460684726.0,-0.3224620521068573,0.5692251920700073,9.803573608398438,1.610226035118103,2.728851079940796,4.51593017578125
3460693059.0,-0.2917009890079498,0.3351578116416931,10.151564598083496,1.5102791786193848,2.5471434593200684,4.555914402008057
3460701392.0,-0.1293524205684662,0.1466645151376724,9.967864990234377,1.4046719074249268,1.65948224067688,4.267472743988037
3460709725.0,-0.3442011177539825,0.309329092502594,9.926810264587402,1.2219911813735962,2.413002014160156,3.980081081390381
3460718058.0,-0.3058999478816986,0.3119915425777435,10.093656539916992,1.7238765954971311,3.2115514278411865,3.985101222991944
3460726391.0,-0.4908167719841003,0.322291612625122,10.245243072509766,1.604667901992798,2.208088159561157,3.845426321029663
3460734724.0,-0.5529695153236389,0.2193962931632995,9.808425903320312,1.2880502939224243,1.5512107610702517,3.6002981662750244
3460743057.0,-0.3986091315746307,0.1410549581050872,9.567706108093262,1.312819004058838,1.7705198526382446,3.4274790287017822
3460751390.0,-0.3885072767734527,0.2326140105724334,9.97068214416504,1.4406852722167969,2.1091654300689697,3.2989468574523926
3460759723.0,-0.277367502450943,0.1207392141222953,9.992938041687012,1.2845922708511353,1.9861658811569207,3.166136741638184
3460768056.0,-0.3771467804908752,0.0634295344352722,9.771354675292969,1.43937885761261,1.679640293121338,2.9156551361083984
3460776389.0,-0.499355137348175,-0.0172057803720235,9.634284973144531,1.4538509845733645,1.7273342609405518,2.891577959060669
3460784722.0,-0.3525937497615814,-0.2148849815130233,9.895403861999512,1.5438852310180664,1.8083009719848635,2.7820773124694824
3460793055.0,-0.574631929397583,-0.0445756614208221,10.035313606262209,1.4865092039108276,1.3665834665298462,2.63097882270813
3460801388.0,-0.5371140837669373,0.098927304148674,9.844642639160156,1.579181671142578,1.2906373739242554,2.517303228378296
3460809721.0,-0.5396684408187866,0.0826129391789436,9.972414016723633,1.5779777765274048,1.0031688213348389,2.421121835708618
3460818054.0,-0.4657860100269317,-0.2491663247346878,9.932843208312988,1.175552487373352,1.029833197593689,2.3008627891540527
3460826387.0,-0.10091582685709,-0.3988270759582519,10.15496063232422,1.0753496885299685,0.8675413727760315,2.365564346313477
3460834720.0,-0.2938080430030823,-0.0554754957556724,10.04460906982422,1.5393003225326538,0.8558613061904907,2.453702688217163
3460843053.0,-0.3661266565322876,0.0827656760811805,9.820929527282717,1.702565312385559,1.0437672138214111,2.3182291984558105
3460851386.0,-0.5235145092010498,-0.1856294125318527,9.921119689941406,1.6818692684173584,0.6729499697685242,2.2105467319488525
3460859719.0,-0.4233410656452179,-0.2711617350578308,9.798470497131348,1.3897900581359863,0.4328677654266357,2.1118807792663574
3460868052.0,-0.2360178679227829,-0.4224913418292999,9.819952011108398,1.8184186220169067,0.2721128165721893,2.174609899520874
3460876385.0,-0.4012257754802704,-0.2834521532058716,9.700257301330566,2.19889235496521,0.7018172740936279,2.070488214492798
3460884718.0,-0.5875011682510376,-0.3783254027366638,9.774162292480469,2.34658432006836,0.8504054546356201,2.007067441940308
3460893051.0,-0.6983858346939087,-0.4838346838951111,9.854561805725098,2.6188888549804688,0.0586694031953811,1.9019720554351809
3460901384.0,-0.8397046327590942,-0.5011268854141235,9.729007720947266,2.6036741733551025,-0.2601893842220306,1.797542929649353
3460909717.0,-0.4689958989620209,-0.5632694959640503,9.78499698638916,3.2392401695251465,-0.2969458401203155,1.8516658544540403
3460918050.0,-0.2714500427246094,-0.4209474921226501,9.653011322021484,3.6341090202331534,-0.7232435345649719,1.7407561540603638
3460926383.0,-0.1023542732000351,-0.2980406880378723,9.6240816116333,3.646839618682861,-0.9416048526763916,1.5317184925079346
3460934716.0,-0.1473873108625412,-0.0664139688014984,9.389878273010254,3.814202547073364,-0.7526230216026306,1.527978777885437
3460943049.0,-0.5628678798675537,0.2814511656761169,9.928754806518556,3.660517454147339,0.2852273285388946,1.4887633323669434
3460951382.0,-0.4658742845058441,0.3032246232032776,10.117953300476074,3.5673582553863525,-0.0301479510962963,1.501134991645813
3460959715.0,-0.3888811767101288,0.2380487024784088,10.30463695526123,3.5193567276000977,-1.0301531553268433,1.3189152479171753
3460968048.0,-0.0903106108307838,0.1429978013038635,9.92627239227295,3.461956024169922,-1.3144713640213013,1.3627158403396606
3460976381.0,-0.0975865051150322,0.0583897717297077,9.771206855773926,3.1780223846435547,-0.927209734916687,1.2877686023712158
3460984714.0,-0.2534566521644592,0.2953493297100067,9.847939491271973,3.4119060039520264,-0.1454888582229614,1.2632044553756714
3460993047.0,-0.0815808922052383,0.079192578792572,9.937567710876465,3.26106333732605,-0.5741430521011353,1.1965818405151367
3461001380.0,-0.1013887375593185,0.1794687658548355,9.829676628112791,3.111937522888184,-1.094573140144348,1.008470892906189
3461009713.0,-0.0355047397315502,0.2474114447832107,9.659629821777344,2.7272884845733643,-0.4996825158596039,0.970971703529358
3461018046.0,-0.1444209814071655,0.1924640834331512,9.999730110168455,2.8363282680511475,0.028265306726098,0.8054267764091492
3461026379.0,-0.2988824248313904,0.2709145843982696,10.079304695129396,2.829130887985229,0.0763688459992408,0.8420296311378479
3461034712.0,-0.2533776462078094,-0.0908257290720939,10.051069259643556,2.859227418899536,-0.5823139548301697,0.6189295649528503
3461043045.0,-0.206038236618042,-0.2477431148290634,9.836822509765623,2.808972120285034,-0.5280374884605408,0.6673405170440674
3461051378.0,0.0400814116001129,-0.0629988238215446,9.969670295715332,3.039321184158325,-0.0528165511786937,0.7569646835327148
3461059711.0,0.1632713675498962,-0.0236807372421026,10.009742736816406,3.150256633758545,-0.2391345053911209,0.6682114005088806
3461068044.0,-0.0241362955421209,0.0230414532124996,9.828057289123535,3.1257693767547607,0.2392497956752777,0.5851187705993652
3461076377.0,-0.040955763310194,-0.2343211323022842,9.737959861755373,3.096748352050781,0.5005661845207214,0.4647062718868255
3461084710.0,-0.0932047665119171,-0.2407672107219696,9.941308975219728,2.869140386581421,0.5712615251541138,0.6513316631317139
3461093043.0,-0.1422905027866363,0.0780273526906967,9.836119651794434,2.9653470516204834,0.6473613381385803,0.8364455699920654
3461101376.0,-0.1993548274040222,-0.0516292117536067,10.018208503723145,2.937991142272949,0.735935389995575,0.7138814926147461
3461109709.0,-0.2757358253002167,-0.1349431574344635,9.824018478393556,3.0787415504455566,0.71465003490448,0.6632422208786011
3461118042.0,-0.0815853029489517,-0.2973301112651825,10.006495475769045,3.1220548152923584,0.4966727793216705,0.8286588788032532
3461126375.0,-0.0633269846439361,-0.4158854186534881,9.710013389587402,3.4106764793396,0.2805911302566528,0.8589606285095215
3461134708.0,-0.102886751294136,0.1080593764781951,9.73545742034912,3.591486930847168,0.9649778604507446,0.9083703756332396
3461143041.0,-0.0902417600154876,-0.0025803807657212,9.919183731079102,3.66848349571228,1.1223260164260864,0.9731488227844238
3461151374.0,-0.1203348487615585,0.1539506912231445,9.873476028442385,3.4494051933288574,0.4277705550193786,0.8926433324813843
3461159707.0,-0.0347523726522922,-0.1042592972517013,9.647232055664062,3.584263563156128,0.8056315779685974,0.8954607844352722
3461168040.0,-0.3441449105739593,0.2443042546510696,9.73277473449707,3.6190478801727295,1.655665636062622,0.9538356065750122
3461176373.0,-0.4348181486129761,0.6171837449073792,10.286900520324709,3.662874221801758,1.7473905086517334,1.0483778715133667
3461184706.0,-0.2209046185016632,0.4475460052490234,10.364683151245115,3.3380088806152344,0.5129891037940979,0.8658764958381653
3461193039.0,-0.114300787448883,0.1918034553527832,10.04478359222412,3.0989763736724854,0.0779056921601295,0.890901505947113
3461201372.0,0.0396252945065498,0.1458491384983062,9.705915451049805,3.0124008655548096,1.0440746545791626,1.1129002571105957
3461209705.0,-0.1350650340318679,0.5187970399856567,9.936175346374512,3.2224628925323486,1.7068428993225098,0.8648262023925781
3461218038.0,-0.3719265162944793,0.5071870684623718,9.936260223388672,3.306528329849243,1.4898645877838137,0.7775840759277344
3461226371.0,-0.1170981526374816,0.1514604985713958,10.223638534545898,3.110913038253784,0.8924896717071533,0.8002015352249146
3461234704.0,-0.2904600799083709,0.0028192922472953,9.996295928955078,3.083147525787353,0.7193629741668701,0.7684910893440247
3461243037.0,-0.3696347177028656,0.2436211109161377,9.84139633178711,3.287240982055664,1.6752349138259888,0.83426833152771
3461251370.0,-0.4071623384952545,0.1476995199918747,10.140925407409668,3.5064477920532227,1.3820288181304932,0.7331177592277527
3461259703.0,-0.3863087892532348,0.3989284634590149,10.240833282470703,3.214855670928955,0.8011748790740967,0.6630629301071167
3461268036.0,-0.0611071623861789,-0.0111447870731353,10.193737983703612,2.9742095470428467,0.6168035864830017,0.7223086357116699
3461276369.0,0.0406234115362167,0.1039366647601127,10.076757431030272,3.079843044281006,1.4483187198638916,0.8712042570114136
3461284702.0,0.0084335440769791,0.150478720664978,10.11240291595459,3.468794822692871,2.097537040710449,0.6150105595588684
3461293035.0,-0.280462235212326,0.1117189154028892,10.112202644348145,3.547584295272827,1.5673221349716189,0.6801732182502747
3461301368.0,-0.5433347821235657,0.2476630806922912,10.132728576660156,3.148821830749512,1.5889148712158203,0.7269448041915894
3461309701.0,-0.6355295181274414,0.2185830473899841,10.15733242034912,3.068803310394287,1.6931394338607788,0.7994587421417236
3461318034.0,-0.5311850905418396,0.4290575683116913,10.215434074401855,2.994112253189087,1.2634093761444092,0.7761498093605042
3461326367.0,-0.4526054263114929,0.2470090538263321,10.10165309906006,2.766657829284668,0.6136018633842468,0.6842203140258789
3461334700.0,-0.4138246178627014,0.0741730630397796,9.851863861083984,2.6489858627319336,0.8805533051490784,0.8223578333854675
3461343033.0,-0.4268159568309784,0.1925926804542541,10.122740745544434,2.5823631286621094,1.2669440507888794,0.9525038003921508
3461351366.0,-0.4568002223968506,0.2767717540264129,10.240351676940918,2.423401117324829,0.985008180141449,0.9459976553916932
3461359699.0,-0.412162035703659,0.565715491771698,9.918601036071776,2.2261717319488525,0.4128887057304382,0.93367737531662
3461368032.0,-0.3869730830192566,0.4164590537548065,9.936760902404783,2.0843710899353027,0.6917251944541931,0.8422344326972961
3461376365.0,-0.309192419052124,0.1728284060955047,9.950322151184082,1.8306877613067627,0.440500795841217,0.982907772064209
3461384698.0,-0.5087428092956543,0.3326822221279144,9.784860610961914,1.9088624715805047,0.5083273649215698,1.0668456554412842
3461393031.0,-0.5422894954681396,0.2196783274412155,9.89452075958252,2.080477714538574,0.6494873762130737,1.0943553447723389
3461401364.0,-0.4782975912094116,0.1472429186105728,9.993769645690918,1.9550447463989256,-0.0097846379503607,0.8637247681617737
3461409697.0,-0.2648444473743438,0.1275932192802429,9.831843376159668,1.854970097541809,-0.146077960729599,0.936238706111908
3461418030.0,-0.1563984751701355,-0.1031224876642227,9.586613655090332,2.2985832691192627,-0.0180068090558052,0.8748925924301147
3461426363.0,-0.269322395324707,-0.0573048815131187,9.560347557067873,2.583003520965576,0.4849159121513366,0.9390051364898682
3461434696.0,-0.40821173787117,-0.0188809521496295,9.707048416137695,2.595451831817627,0.6071214079856873,0.8918235898017883
3461443029.0,-0.2728240489959717,0.0598373748362064,9.684093475341797,2.560488700866699,-0.2523770630359649,0.7217963933944702
3461451362.0,-0.1552594155073166,0.054792646318674,9.744817733764648,2.726135969161988,-0.1237167492508888,0.6781752705574036
3461459695.0,-0.1344968229532241,-0.0192322023212909,9.755878448486328,3.03302001953125,0.2963438928127289,0.6499740481376648
3461468028.0,-0.2949103713035583,0.2892695069313049,9.88226318359375,3.180224895477295,0.7369855046272278,0.7001010775566101
3461476361.0,-0.1884191334247589,0.0799500793218612,10.055126190185549,2.915271520614624,0.2441420704126358,0.6145495176315308
3461484694.0,-0.0710274651646614,0.2219637185335159,9.76259422302246,2.923877954483032,-0.2769155204296112,0.6607064008712769
3461493027.0,-0.1504494100809097,-0.0578623451292514,9.87049674987793,3.088141918182373,0.431330919265747,0.815954327583313
3461501360.0,-0.21422079205513,0.0597476065158844,9.95350456237793,3.203098773956299,0.9509414434432985,0.8289919495582581
3461509693.0,-0.1196876019239425,0.1715359091758728,10.215052604675291,3.220875024795532,0.4839169979095459,0.8139564394950867
3461518026.0,-0.0217074900865554,0.2412836700677871,9.863245964050291,2.9535391330718994,-0.460697591304779,0.8712809681892395
3461526359.0,-0.1435813903808593,0.2714403569698334,9.263647079467772,2.779311180114746,-0.1608573943376541,0.7690033912658691
3461534692.0,-0.338783711194992,0.2626633942127228,9.33896827697754,2.7895054817199707,0.7866002917289734,0.7458736896514893
3461543025.0,-0.2939122021198272,0.1927023082971573,9.831340789794922,2.561692476272583,0.4263105094432831,0.6846813559532166
3461551358.0,-0.1948280930519104,0.3537023663520813,9.769434928894045,2.400963068008423,-0.1668511182069778,0.6547895073890686
3461559691.0,-0.2621944844722748,0.2080664187669754,9.727563858032228,2.306574821472168,-0.1643153131008148,0.7463347911834717
3461568024.0,-0.3419141173362732,0.1460364758968353,9.761889457702637,2.4322636127471924,0.5658568739891052,0.7899814248085022
3461576357.0,-0.1366015672683715,-0.0771318525075912,10.292303085327148,2.365948438644409,0.6262808442115784,0.8544524908065796
3461584690.0,0.0183058287948369,-0.1526312232017517,10.16078758239746,2.279141902923584,-0.3734811842441559,0.7043274641036987
3461593023.0,0.2087016105651855,0.1962904185056686,9.448287963867188,2.646424531936645,-0.2824481725692749,0.6065322756767273
3461601356.0,0.1584473997354507,-0.068382129073143,9.725055694580078,2.3990674018859863,0.6296876072883606,0.6872426867485046
3461609689.0,-0.2413691282272339,-0.1538847237825393,9.633611679077148,2.254449844360352,0.9708948731422424,0.8491759896278381
3461618022.0,-0.163930743932724,-0.0586511343717575,10.148354530334473,2.1551947593688965,0.6924424767494202,0.9046052098274232
3461626355.0,0.0038097084034234,0.286908894777298,9.978418350219728,2.5443263053894043,-0.4270661771297455,0.7337583303451538
3461634688.0,-0.0009844002779573,0.3932353854179382,9.51681900024414,2.398376226425171,0.0981665551662445,0.7841413617134094
3461643021.0,0.0928937718272209,0.0071658273227512,9.81208324432373,2.1739187240600586,0.9855461716651917,0.9046052098274232
3461651354.0,0.0246383734047412,-0.1103571653366088,10.11111831665039,2.014188289642334,0.9224839806556702,0.9351629614830016
3461659687.0,-0.0716774761676788,-0.0821316763758659,9.999817848205566,2.1782474517822266,0.7974095940589905,0.9772471785545348
3461668020.0,0.0088137807324528,-0.3307807445526123,9.983867645263672,2.6821305751800537,0.7601920962333679,0.8744571208953857
3461676353.0,-0.0193149466067552,-0.2355190068483352,9.724695205688477,2.925849914550781,0.9106500148773192,0.8725360631942749
3461684686.0,0.2498824596405029,-0.5583351254463196,10.148558616638184,3.127280712127685,1.1210198402404783,0.9519659280776978
3461693019.0,-0.0238201115280389,-0.2762260437011719,9.88346004486084,3.3583202362060547,1.3106673955917358,0.8518909215927124
3461701352.0,-0.242646649479866,-0.0801122114062309,10.026801109313965,3.7114899158477774,1.9562232494354248,0.8838832378387451
3461709685.0,-0.1491478383541107,0.0079140039160847,10.341248512268066,3.738666296005249,1.39032781124115,0.7822714447975159
3461718018.0,0.0339051559567451,0.4104717075824737,10.104178428649902,3.785386562347412,1.158083438873291,0.7994329929351807
3461726351.0,0.0468284748494625,0.2536198496818542,10.143766403198242,3.587798833847046,1.2944793701171875,0.9131858348846436
3461734684.0,-0.2920018434524536,0.3162115514278412,9.850900650024414,3.678499221801758,2.145896673202514,0.8017127513885498
3461743017.0,-0.2127491682767868,0.2636924386024475,10.338972091674805,3.855928659439087,2.177376508712769,0.7610629796981812
3461751350.0,-0.2523705959320068,0.1267010569572448,10.36876392364502,3.412290096282959,0.7449516654014587,0.6284324526786804
3461759683.0,-0.2963848710060119,0.4428177773952484,9.860308647155762,3.3833718299865723,1.0367746353149414,0.7231026887893677
3461768016.0,-0.1686773002147674,0.2206187695264816,10.045433044433594,3.4437952041625977,1.7159615755081177,0.6575558185577393
3461776349.0,-0.422425627708435,0.1655189990997314,10.137545585632324,3.2804017066955566,1.542194366455078,0.7298903465270996
3461784682.0,-0.2760334312915802,0.2363822311162948,9.87723159790039,3.104560613632202,0.8748670816421509,0.732246994972229
3461793015.0,-0.1350265890359878,0.4127209782600403,9.817728996276855,3.176229476928711,0.4752081334590912,0.6099134087562561
3461801348.0,-0.2752672433853149,0.3521701097488403,9.481928825378418,3.1238481998443604,1.366634726524353,0.550616443157196
3461809681.0,-0.3053697049617767,0.0961155742406845,10.051922798156738,2.8913733959198,1.403186321258545,0.572772741317749
3461818014.0,-0.5995016098022461,0.2087279260158538,9.997541427612305,2.798342704772949,0.8953328132629395,0.6237194538116455
3461826347.0,-0.5342117547988892,0.2681819796562195,10.17928409576416,2.9238009452819824,0.8370092511177063,0.5645249485969543
3461834680.0,-0.1628645062446594,0.1671800315380096,10.154541969299316,2.935736894607544,0.3374291062355041,0.5658056139945984
3461843013.0,-0.0585282631218433,0.053481213748455,10.043427467346191,2.794679641723633,0.2547976076602936,0.6214142441749573
3461851346.0,-0.0058128512464463,5.45685179531e-05,9.70293140411377,2.871983528137207,0.5513080358505249,0.6147032380104065
3461859679.0,-0.1957895159721374,0.2443055212497711,9.59059238433838,2.891475915908813,0.9679747223854064,0.610374391078949
3461868012.0,-0.212088257074356,0.2307743728160858,9.950521469116213,2.756181240081787,0.8071686029434204,0.6097853183746338
3461876345.0,-0.2730157077312469,0.2540514171123504,9.949455261230469,2.3657946586608887,0.4275400042533874,0.6392927765846252
3461884678.0,-0.373558908700943,0.2031628638505935,10.002887725830078,2.371301651000977,0.7724869251251221,0.6663414835929871
3461893011.0,-0.4612902998924255,0.3221297562122345,9.915215492248535,2.542942762374878,0.7047629356384277,0.8154164552688599
3461901344.0,-0.4131339490413666,0.0844478085637092,9.948862075805664,2.3693552017211914,0.2639931440353393,0.8269171714782715
3461909677.0,0.0875645875930786,-0.2404565811157226,9.901246070861816,2.399759531021118,-0.778365433216095,0.7708732485771179
3461918010.0,0.1123129874467849,-0.0767577961087226,9.487001419067385,2.4233243465423584,-0.674576461315155,0.8963574171066284
3461926343.0,-0.0274385828524827,-0.0358106344938278,9.524053573608398,3.0420618057250977,0.766365110874176,0.8893646001815796
3461934676.0,-0.2495034784078598,0.2034150660037994,9.67201042175293,3.1130900382995605,0.9090620875358582,0.7239480018615723
3461943009.0,-0.2165171205997467,0.0626726076006889,10.058883666992188,2.781897783279419,0.0768298953771591,0.6947989463806152
3461951342.0,0.0327665917575359,0.0223783142864704,9.8399658203125,2.883228063583374,-0.7252414226531982,0.692852258682251
3461959675.0,-0.1218172088265419,0.3469294309616089,9.616580963134766,3.1155238151550293,0.2202952355146408,0.7597823143005371
3461968008.0,-0.2287076711654663,0.3091507256031036,9.922816276550291,3.440491199493408,0.9320891499519348,0.7058898210525513
3461976341.0,-0.2677552998065948,0.4325301349163055,10.146708488464355,2.837327480316162,-0.1152896881103515,0.6575302481651306
3461984674.0,-0.1136092990636825,0.2218494415283203,9.862648010253906,2.5341060161590576,-0.642840564250946,0.6878063082695007
3461993007.0,-0.0158750489354133,0.3586471378803253,9.795029640197754,2.84024715423584,-0.3435125350952148,0.7515088319778442
3462001340.0,-0.1862732619047165,0.7138168215751648,9.85416030883789,2.906177997589112,0.394676923751831,0.8184131979942322
3462009673.0,-0.1697880029678344,0.426028698682785,10.194014549255373,2.6691699028015137,-0.1377021372318267,0.7883933782577515
3462018006.0,-0.3308781683444977,0.3792173564434051,9.798248291015623,2.248199939727783,-0.8184517025947571,0.6748710870742798
3462026339.0,-0.0823391675949096,-0.0416195839643478,9.879338264465332,2.297865867614746,-0.4902308583259582,0.8066563010215759
3462034672.0,-0.0438062660396099,0.0408836714923381,10.174227714538574,2.471350908279419,-0.3591115474700928,0.6468234658241272
3462043005.0,-0.0629269331693649,0.1843103766441345,9.874316215515137,2.57242488861084,-0.3272474706172943,0.741698682308197
3462051338.0,-0.1744321137666702,0.1031043976545333,10.116751670837402,2.6900198459625244,-1.064476490020752,0.7739213109016418
3462059671.0,-0.1706975251436233,0.1288865804672241,9.774847030639648,2.320150375366211,-0.573656439781189,0.6931084394454956
3462068004.0,-0.0026426701806485,0.2243462204933166,10.236356735229492,2.4890501499176025,-0.3541935980319977,0.5162932872772217
3462076337.0,-0.2335547059774398,0.1954575330018997,10.252456665039062,2.395456075668335,-0.5841582417488098,0.5154992341995239
3462084670.0,-0.2026905715465545,0.1598105132579803,10.194552421569824,2.5422255992889404,-0.4941498339176178,0.7057619094848633
3462093003.0,-0.1230781078338623,0.1050368919968605,10.43868637084961,2.41817569732666,-0.8204495310783386,0.733476459980011
3462101336.0,-0.0861705020070076,0.2748814225196838,10.203778266906738,2.110292673110962,-0.7050317525863647,0.7465397119522095
3462109669.0,0.283334344625473,0.105408027768135,10.256414413452148,2.21899962425232,-1.030639886856079,0.7860367894172668
3462118002.0,0.1783144026994705,0.0035608038306236,10.001188278198242,2.169487237930298,-0.7014458179473877,0.671771764755249
3462126335.0,-0.0124792074784636,-0.3609515130519867,9.870866775512695,2.1002774238586426,-0.4387462139129638,0.902632772922516
3462134668.0,-0.3570065200328827,-0.1114134415984153,10.036358833312988,2.1610348224639893,-0.048513364046812,0.9702800512313844
3462143001.0,-0.1967947334051132,0.0068358043208718,10.377668380737305,2.421121597290039,-0.221716821193695,0.9874415397644044
3462151334.0,0.038902148604393,-0.1261658668518066,10.421485900878906,2.413258075714112,-1.523073673248291,0.89986652135849
3462159667.0,0.1552188396453857,-0.0252352133393287,9.761736869812012,2.453190803527832,-1.2888314723968506,0.9333186745643616
3462168000.0,0.2591019868850708,-0.2061441838741302,9.809159278869627,2.6882269382476807,-0.4209955632686615,1.0550886392593384
3462176333.0,0.0792235806584358,0.0188370905816555,9.822617530822754,2.662996768951416,-0.330474853515625,0.993179202079773
3462184666.0,0.0715613961219787,0.1201767548918724,9.820440292358398,2.8568451404571533,-0.4220457673072815,0.8608816862106323
3462192999.0,-0.0876244604587555,0.0661763176321983,10.006821632385254,2.9075870513916016,-0.5113881826400757,0.948507845401764
3462201332.0,-0.2701757550239563,0.0728610977530479,10.169161796569824,2.7838704586029053,0.3683454990386963,0.872228741645813
3462209665.0,-0.287643700838089,0.0622412450611591,10.492934226989746,2.828336477279663,0.2157871127128601,0.9997107982635498
3462217998.0,-0.39689901471138,0.4440033733844757,10.346643447875977,3.041062831878662,-0.7571310997009277,0.9948952794075012
3462226331.0,-0.0124826952815055,0.1150696128606796,10.113304138183594,2.9708287715911865,-1.3415712118148804,1.000274419784546
3462234664.0,0.2139627635478973,0.2183288782835006,9.673640251159668,2.655927419662476,-1.421513319015503,0.8505846261978149
3462242997.0,0.2006265223026275,0.1318991929292678,9.667121887207031,2.829848051071167,-0.2560399174690246,0.8923872113227844
3462251330.0,0.1586719751358032,0.2807165682315826,9.941939353942873,3.0067138671875,0.1106150671839714,0.8876996636390686
3462259663.0,-0.0406999215483665,0.2911435961723327,10.176092147827148,3.0813794136047363,-0.0619864538311958,0.9288617968559264
3462267996.0,-0.0955096185207367,-0.0094104055315256,9.973836898803713,2.734844446182251,-0.3895156681537628,0.9264540076255798
3462276329.0,-0.0315908044576644,0.1880774199962616,9.781225204467772,3.0141165256500244,-0.4748111069202423,0.9011984467506408
3462284662.0,0.0812819525599479,-0.1645416915416717,9.73133945465088,3.092239618301392,-0.1313498020172119,0.8612657785415649
3462292995.0,0.0491111129522323,0.0350416079163551,9.575952529907228,3.261345624923706,-0.2458198219537735,0.8286077380180359
3462301328.0,0.1738127171993255,0.1449643671512603,9.55266571044922,3.3053762912750244,-0.070131778717041,0.8789397478103638
3462309661.0,0.1280703693628311,0.3433067500591278,9.514775276184082,3.188908338546753,-0.3182056546211242,0.6359374523162842
3462317994.0,0.1365452706813812,0.4435454905033111,9.581059455871582,2.875211000442505,0.5257706046104431,0.6738977432250977
3462326327.0,0.0402943342924118,0.1605775505304336,9.95209789276123,2.805847406387329,0.6820942163467407,0.760653018951416
3462334660.0,-0.0719355195760726,0.4599227011203766,10.002189636230469,2.700957059860229,0.4320481419563293,0.6770483255386353
3462342993.0,0.1532204300165176,0.0667433068156242,10.176140785217283,2.817168712615967,0.2766977846622467,0.7283792495727539
3462351326.0,0.3014554679393768,-0.1261911988258361,10.068631172180176,2.6957573890686035,0.0743965506553649,0.7230258584022522
3462359659.0,0.3503767848014831,0.0904968380928039,9.782889366149902,2.673396348953247,0.4204448461532593,0.8557587265968323
3462367992.0,0.1153498068451881,0.2418971210718155,9.751992225646973,2.7652487754821777,1.2092353105545044,0.7917744517326355
3462376325.0,-0.0026881704106926,0.4694966971874237,9.776043891906738,2.494096279144287,1.4113571643829346,0.6865511536598206
3462384658.0,0.2250782698392868,0.0775994658470153,10.047898292541504,2.2670774459838867,0.6935694813728333,0.6871402859687805
3462392991.0,0.2706870436668396,0.0340678729116916,9.733688354492188,1.964240312576294,0.4559205770492553,0.6895480155944824
3462401324.0,0.298785537481308,-0.0259627494961023,9.55471420288086,2.2989161014556885,1.4298505783081057,0.7973327040672302
3462409657.0,-0.0730151534080505,0.0659479945898056,9.704461097717283,2.545785903930664,1.9830156564712524,0.7693363428115845
3462417990.0,-0.0247878860682249,0.0052357902750372,9.926762580871582,2.290437698364258,1.6487243175506592,0.6685956120491028
3462426323.0,0.2631263136863708,0.0866566821932792,9.99030590057373,2.359954833984375,0.8545036315917969,0.6860901117324829
3462434656.0,0.3989198207855224,0.3893767595291137,9.735380172729492,2.597193956375122,1.2654073238372805,0.8273270726203918
3462442989.0,0.3142228424549103,0.3799682259559631,9.74911403656006,2.7653510570526123,2.34156346321106,0.7263811826705933
3462451322.0,0.2215290665626526,0.3058483004570007,10.040027618408203,2.396941900253296,2.635154485702514,0.6973347663879395
3462459655.0,0.3439579010009765,0.152635708451271,10.155948638916016,2.239388465881348,1.7917799949645996,0.6939024329185486
3462467988.0,0.1923238486051559,0.1416750103235244,9.826475143432615,2.522374629974365,1.7249009609222412,0.4776414334774017
3462476321.0,0.0027374264318495,0.262066125869751,9.8040132522583,2.911019086837769,2.8316919803619385,0.7326311469078064
3462484654.0,0.0264642667025327,0.1743245124816894,10.17000961303711,2.759177923202514,2.7488555908203125,0.6419566869735718
3462492987.0,0.3040573298931122,0.184552863240242,10.113587379455566,2.279602766036988,2.00686264038086,0.6292265057563782
3462501320.0,0.5409407615661621,0.0744853466749191,9.65245246887207,2.514638900756836,1.942903637886048,0.599744439125061
3462509653.0,0.2686662673950195,0.1546546071767807,9.523848533630373,2.957919120788574,3.4741997718811035,0.6787644624710083
3462517986.0,-0.232308343052864,0.0390910506248474,9.910640716552734,3.0798685550689697,4.10948371887207,0.8318862318992615
3462526319.0,-0.2761406302452087,0.2069202363491058,10.143716812133787,2.9289238452911377,3.134093999862671,0.6207994222640991
3462534652.0,0.0045046657323837,0.26736581325531,10.08099365234375,2.706822633743286,1.828408122062683,0.5836586952209473
3462542985.0,-0.0651242509484291,0.3987912833690643,9.551565170288086,2.553956985473633,2.385620594024658,0.5920603275299072
3462551318.0,-0.147344172000885,0.5199111700057983,9.832021713256836,2.5658421516418457,4.041888236999512,0.7724101543426514
3462559651.0,-0.2756197154521942,0.3445096313953399,10.448840141296388,2.2720980644226074,3.5882344245910645,0.5392948985099792
3462567984.0,-0.00800421833992,0.2935678362846374,10.499947547912598,1.924282193183899,2.4270896911621094,0.5829671621322632
3462576317.0,0.3422979414463043,0.0976076200604438,10.162435531616213,2.294740915298462,2.0181071758270264,0.5481830835342407
3462584650.0,0.1143888905644416,0.1133804097771644,9.710805892944336,2.4171512126922607,3.073976993560791,0.6426995992660522
3462592983.0,-0.2694684863090515,-0.0731882899999618,10.026820182800291,2.429548740386963,4.087148666381836,0.7498183250427246
3462601316.0,-0.5136510133743286,0.0497524961829185,10.102249145507812,2.0214884281158447,3.0299205780029297,0.6585804224014282
3462609649.0,-0.1218756958842277,0.0988872870802879,10.004260063171388,2.275299549102783,1.689476490020752,0.553229033946991
3462617982.0,-0.2074090242385864,-0.0742238312959671,9.547045707702637,2.111496925354004,1.831789255142212,0.4869394600391388
3462626315.0,-0.312342882156372,0.0420764125883579,9.34139633178711,2.292640686035156,3.479066610336304,0.6885491609573364
3462634648.0,-0.3817152380943298,-0.0918464064598083,10.019087791442873,2.25088882446289,3.0685975551605225,0.6738976240158081
3462642981.0,-0.3739420771598816,0.1742368191480636,9.739373207092283,2.02830171585083,1.7721081972122192,0.7790185809135437
3462651314.0,-0.2304503321647644,-0.0745905712246894,9.562445640563965,2.095564842224121,1.6117887496948242,0.7654687166213989
3462659647.0,-0.4443715810775757,0.0823821499943733,9.535391807556152,2.144564628601074,2.415332794189453,0.756862223148346
3462667980.0,-0.4058707952499389,0.0237062033265829,9.88000774383545,2.27970552444458,2.0838077068328857,0.7992794513702393
3462676313.0,-0.6029953956604004,0.0055751479230821,10.09889316558838,2.227503538131714,0.8861373066902161,0.8360871076583862
3462684646.0,-0.3726983964443207,-0.1299405246973037,9.671514511108398,2.0937204360961914,0.806067168712616,0.884830892086029
3462692979.0,-0.2569697797298431,0.03648541867733,9.591047286987305,2.603571891784668,0.7381381988525391,0.7191581726074219
3462701312.0,-0.2632957100868225,-0.2481671720743179,9.755414962768556,2.8071792125701904,1.2232203483581543,0.8924895524978638
3462709645.0,-0.3840775191783905,-0.5024195313453674,9.781909942626951,2.898468494415283,0.938236653804779,0.8700258731842041
3462717978.0,-0.5301742553710938,-0.287927895784378,9.771672248840332,3.062041044235229,0.9232778549194336,0.9464588165283204
3462726311.0,-0.4163355827331543,-0.1588242799043655,10.009421348571776,3.4961507320404053,0.6406503915786743,0.9486359357833862
3462734644.0,-0.2429048717021942,0.188777819275856,9.99820613861084,3.497150182723999,0.1624582856893539,0.7555303573608398
3462742977.0,-0.221922680735588,0.0131641020998358,9.958995819091797,3.6756296157836914,0.1984206736087799,0.8036594390869141
3462751310.0,-0.3756857216358185,0.0982502475380897,9.916976928710938,3.6351590156555176,0.2789773643016815,0.913185715675354
3462759643.0,-0.3576422333717346,0.1328839659690857,9.86863613128662,3.575631856918335,0.2592288553714752,0.7477947473526001
3462767976.0,-0.3345589339733124,0.2359185367822647,9.9843168258667,3.615795135498047,-0.3342401385307312,0.8588581085205078
3462776309.0,-0.4081006050109863,0.393720269203186,9.82747745513916,3.448944091796875,-0.2784779667854309,0.8812962174415588
3462784642.0,-0.4316750168800354,0.2303501218557357,10.063709259033203,3.4952547550201416,-0.1473074853420257,1.0049360990524292
3462792975.0,-0.483163446187973,0.2908232510089874,9.902425765991213,3.2308640480041504,-0.3020174503326416,1.007266879081726
3462801308.0,-0.2752144336700439,0.2685374021530151,9.813255310058594,3.186807632446289,-0.9774647355079652,1.037338137626648
3462809641.0,-0.1238948255777359,0.3085756301879883,9.499963760375977,3.2290964126586914,-1.5105993747711182,0.8292991518974304
3462817974.0,-0.0751596689224243,0.0612380690872669,9.451658248901367,3.043163537979126,-0.9341256022453308,0.8050170540809631
3462826307.0,-0.248898297548294,0.127609834074974,9.829693794250488,3.055790901184082,-0.4015031158924103,0.9342919588088988
3462834640.0,-0.2806643843650818,0.332376629114151,9.95838737487793,3.1707472801208496,-0.5744760632514954,0.8603949546813965
3462842973.0,-0.2179020643234253,0.266674280166626,10.06365203857422,3.1868338584899902,-1.420872926712036,0.8313997387886047
3462851306.0,-0.0584410540759563,0.2035703212022781,9.81471824645996,3.2334768772125244,-1.4703850746154783,1.0873626470565796
3462859639.0,0.0676202625036239,-0.0705086216330528,9.982714653015137,3.1001293659210205,-1.5748655796051023,1.1086480617523191
3462867972.0,-0.1146299019455909,0.1343854814767837,9.648842811584473,3.060734272003174,-1.0373252630233765,1.0799089670181274
3462876305.0,0.0065162191167473,0.2296513617038726,9.944828033447266,3.2912113666534424,-0.9493147730827332,1.1675351858139038
3462884638.0,-0.0272888522595167,0.2808400392532348,10.02432632446289,2.870011329650879,-1.5018396377563477,1.1610805988311768
3462892971.0,0.1033359244465828,0.3155941963195801,10.07122039794922,2.5990381240844727,-1.3550443649291992,1.3233723640441897
3462901304.0,0.0117605105042457,0.4559371769428253,9.9425048828125,2.7310023307800293,-1.0502347946166992,1.418580412864685
3462909637.0,-0.0951908901333808,0.3638868033885956,10.118817329406738,2.909841299057007,-0.6056486368179321,1.4370481967926023
3462917970.0,-0.0957356914877891,0.1910271644592285,10.066555976867676,2.8571271896362305,-1.511675477027893,1.506206750869751
3462926303.0,0.129818320274353,0.0554926097393035,9.959959983825684,2.794320821762085,-1.72437584400177,1.6024136543273926
3462934636.0,0.3064486384391784,0.1128894537687301,9.73039722442627,3.0585315227508545,-1.303533911705017,1.6151951551437378
3462942969.0,0.1099279150366783,0.2845179140567779,9.641250610351562,3.250100612640381,-0.3673849701881408,1.6214450597763062
3462951302.0,0.1701529771089553,0.0415780656039714,9.990859985351562,3.5179994106292725,-0.3200242221355438,1.7460068464279177
3462959635.0,0.1989929676055908,0.1850820481777191,10.012147903442385,3.279428720474243,-1.0317926406860352,1.7823280096054075
3462967968.0,0.3363127708435058,0.2842830419540405,9.66932201385498,3.4225099086761475,-0.8581024408340454,1.8217995166778564
3462976301.0,0.0652923136949539,0.481257826089859,9.852892875671388,3.68026614189148,-0.0707977414131164,1.9118335247039795
3462984634.0,0.1387320458889007,0.4375027120113373,10.0612211227417,3.6637446880340576,0.2609962224960327,1.9598346948623653
3462992967.0,0.156787633895874,0.39018714427948,10.212081909179688,3.3523011207580566,-0.8623543977737427,2.020463705062866
3463001300.0,0.4160052537918091,0.6072792410850525,9.682239532470703,3.3321166038513184,-0.7468597292900085,1.9524831771850584
3463009633.0,0.4955408573150635,0.5420814156532288,9.765429496765137,3.641255855560303,0.1164295151829719,2.0892891883850098
3463017966.0,0.2390601187944412,0.5112622380256653,9.967608451843262,3.447739839553833,0.9874415397644044,2.1381611824035645
3463026299.0,0.2914967834949493,0.368928849697113,10.291473388671877,3.398278951644897,0.2648383677005768,2.2671799659729004
3463034632.0,0.201892152428627,0.6683482527732849,9.933070182800291,3.242851734161377,-0.0642917230725288,2.041620969772339
3463042965.0,0.3916540145874023,0.5724542737007141,9.829607009887695,3.41905164718628,0.6747685074806213,2.1739695072174072
3463051298.0,0.2927342057228088,0.561138391494751,9.856388092041016,3.219107151031494,0.7432097792625427,2.082526922225952
3463059631.0,0.186158537864685,0.42679363489151,9.866462707519531,3.026539325714112,0.988747775554657,2.1732523441314697
3463067964.0,0.1889309287071228,0.5151061415672302,9.95994758605957,2.9427297115325928,0.9799109101295472,2.071897029876709
3463076297.0,0.3459662497043609,0.6114850044250488,10.053680419921877,2.856383800506592,1.28367018699646,2.0175435543060303
3463084630.0,0.3924593031406402,0.4735324382781982,10.214200019836426,2.908842086791992,1.137079834938049,2.0869836807250977
3463092963.0,0.312255322933197,0.3615286946296692,10.03451156616211,2.664302587509156,1.7046655416488647,2.3443808555603027
3463101296.0,0.3494287729263305,0.3687427937984466,10.094149589538574,2.7323343753814697,1.811323285102844,2.2772719860076904
3463109629.0,0.1810198724269867,0.6547330617904663,10.021879196166992,2.8697805404663086,2.023793458938598,2.256550073623657
3463117962.0,0.2134898006916046,0.5198007225990295,10.081412315368652,2.6112046241760254,2.023076295852661,2.2940237522125244
3463126295.0,0.0255057215690612,0.774974524974823,10.028375625610352,2.242539167404175,1.8942110538482664,2.200992584228516
3463134628.0,0.1548932045698166,0.6806849241256714,10.196743965148926,2.1242012977600098,2.3560354709625244,2.3635916709899902
3463142961.0,-0.0132930157706141,0.6532964706420898,10.13017749786377,2.1063992977142334,2.2307052612304688,2.3381567001342773
3463151294.0,-0.2068870961666107,0.5021688342094421,9.928092002868652,2.0640077590942383,2.700521469116211,2.4331860542297363
3463159627.0,-0.1738826632499694,0.2758161425590515,10.19296169281006,2.043644428253174,2.103658676147461,2.508286714553833
3463167960.0,-0.2409018129110336,0.527193546295166,9.880345344543455,2.045539617538452,2.010730266571045,2.4524986743927
3463176293.0,-0.132315993309021,0.4470406472682953,10.009434700012209,2.229783058166504,2.138289213180542,2.335134267807007
3463184626.0,-0.1841864883899688,0.4864895343780517,9.83738899230957,2.327936887741089,1.934143543243408,2.381598711013794
3463192959.0,-0.1628715097904205,0.2676486670970917,9.969707489013672,2.3589298725128174,1.6156816482543943,2.5268566608428955
3463201292.0,-0.4273632764816284,0.4875113368034363,9.7653226852417,2.346532821655273,1.6835083961486816,2.426807880401612
3463209625.0,-0.4077037572860718,0.6645537614822388,9.971046447753906,2.5277533531188965,2.065134763717652,2.5266005992889404
3463217958.0,-0.4769412279129028,0.784705638885498,10.425981521606444,2.4446096420288086,1.7365554571151731,2.657719850540161
3463226291.0,-0.1327185779809951,0.593777596950531,10.50572395324707,2.2688446044921875,1.3305697441101074,2.54494047164917
3463234624.0,-0.1576316803693771,0.7024052143096924,10.300872802734377,2.211648464202881,0.9052200317382812,2.6657888889312744
3463242957.0,-0.175569012761116,0.7730393409729004,9.950462341308594,2.442278861999512,1.598033785820007,2.7326929569244385
3463251290.0,-0.1864937990903854,0.5070422291755676,10.360429763793944,2.2824716567993164,1.312537431716919,2.602137327194214
3463259623.0,-0.1475628465414047,0.5487265586853027,10.238348960876465,2.172048807144165,0.9708181023597716,2.5910210609436035
3463267956.0,-0.1763360500335693,0.4678445160388946,10.209763526916504,2.272251844406128,0.8556051850318909,2.7117919921875
3463276289.0,-0.5020228028297424,0.7441071271896362,9.839512825012209,2.381572723388672,1.5219335556030271,2.7142763137817383
3463284622.0,-0.407245397567749,0.5225635170936584,10.09710693359375,2.3339052200317383,1.2018070220947266,2.853003025054932
3463292955.0,-0.4363222122192383,0.5269535779953003,10.051141738891602,2.005838394165039,-0.0646247193217277,2.876338005065918
3463301288.0,-0.2183076590299606,0.4132594764232635,9.660510063171388,2.051661729812622,-0.0404704920947551,2.8427574634552
3463309621.0,-0.2792583405971527,0.4880068004131317,9.661444664001465,2.237544298171997,0.6598098874092102,2.7835116386413574
3463317954.0,-0.2538094818592071,0.4561733305454254,9.912816047668455,2.3257851600646973,0.9859558343887328,2.8657588958740234
3463326287.0,-0.2712085247039795,0.3094214200973511,10.128141403198242,2.1883137226104736,-0.2208971530199051,2.730131387710572
3463334620.0,-0.0900017917156219,0.1155615821480751,9.836182594299316,2.1839592456817627,-0.313390165567398,2.9962377548217773
3463342953.0,-0.0986511930823326,0.1435695886611938,9.699528694152832,2.4134371280670166,-0.1013555228710174,3.0365803241729736
3463351286.0,-0.23261259496212,0.30825275182724,9.64826202392578,2.5295722484588623,0.3727255463600158,3.0932133197784424
3463359619.0,-0.2254728972911834,0.353121280670166,9.804065704345703,2.3819572925567627,-0.2529661655426025,3.029843807220459
3463367952.0,-0.3104870915412903,0.4126310050487518,9.668726921081545,2.1777091026306152,-0.6917635202407837,3.0662670135498047
3463376285.0,-0.072638601064682,0.2537881731986999,9.838406562805176,2.295099258422852,-0.4676646590232849,3.166725873947144
3463384618.0,-0.2676537036895752,0.5345279574394226,9.735516548156738,2.327091693878174,-0.3351622521877289,3.417796850204468
3463392951.0,-0.1884742230176925,0.4789272248744964,9.793726921081545,2.4083399772644043,-0.6205304265022278,3.283885717391968
3463401284.0,-0.0235402975231409,0.527834415435791,9.713274002075195,2.000561475753784,-1.1428046226501465,3.2461814880371094
3463409617.0,0.0320245623588562,0.3730627000331878,9.503861427307127,1.934040904045105,-0.734180748462677,3.405552864074707
3463417950.0,-0.1662397235631942,0.3532940447330475,9.694551467895508,2.3014261722564697,-0.2100623697042465,3.495408058166504
3463426283.0,-0.3234060704708099,0.4225511848926544,9.57932186126709,2.605262279510498,-0.3924612998962402,3.3941810131073
3463434616.0,-0.3293609619140625,0.1860172003507614,9.602149963378906,2.546759605407715,-1.4964861869812012,3.3564765453338623
3463442949.0,-0.1338064223527908,0.1531736105680465,9.306897163391112,2.501447916030884,-1.2895231246948242,3.4410808086395264
3463451282.0,-0.0636649131774902,0.0474570356309413,9.60810089111328,2.7988803386688232,-0.7796717286109924,3.47681188583374
3463459615.0,-0.0459340699017047,0.2542426288127899,9.638360977172852,3.22932767868042,-0.5487337708473206,3.403658390045166
3463467948.0,0.1437036395072937,0.2294925153255462,10.030835151672363,3.422535896301269,-1.0642971992492676,3.475480556488037
3463476281.0,0.0384151488542556,0.4726291000843048,9.75132179260254,3.2112951278686523,-1.3542245626449585,3.443718910217285
3463484614.0,0.1802730113267898,0.5871439576148987,9.700681686401367,3.434292793273926,-0.7789801955223083,3.4156196117401123
3463492947.0,0.0628615468740463,0.6490949988365173,9.963085174560549,3.410496950149536,-0.4701748490333557,3.3293256759643555
3463501280.0,0.0433917678892612,0.5283927917480469,10.374177932739258,3.433678150177002,-0.2279411107301712,3.446664571762085
3463509613.0,0.0713304430246353,0.7043402194976807,10.303717613220217,3.247462511062622,-0.7988824248313904,3.4276328086853027
3463517946.0,0.1400097012519836,0.7979454398155212,10.1768217086792,3.298793315887451,-0.6522921323776245,3.43313980102539
3463526279.0,0.1145615354180336,0.5502082705497742,10.067708969116213,3.335933923721313,-0.2747126817703247,3.445793390274048
3463534612.0,-0.0204389635473489,0.7908002734184265,9.918750762939451,2.943933725357056,0.0618455745279789,3.501811981201172
3463542945.0,0.0391427837312221,0.948563039302826,10.237943649291992,2.7941415309906006,-0.0399069786071777,3.3475117683410645
3463551278.0,0.1015393510460853,1.2785828113555908,10.173491477966309,2.5386650562286377,-0.1477684825658798,3.177586078643799
3463559611.0,0.2754632532596588,1.0727521181106567,10.469585418701172,2.2097527980804443,0.1342313885688781,3.2184159755706787
3463567944.0,-0.0017331161070615,0.9082762002944946,10.353717803955078,1.7544597387313845,0.5914966464042664,3.3098840713500977
3463576277.0,-0.059923131018877,0.8270241022109985,10.534914016723633,1.873847723007202,0.7464883923530579,3.5962512493133545
3463584610.0,-0.1379310935735702,0.7242249250411987,10.621214866638184,1.8251038789749143,-0.0456189513206481,3.4513258934021
3463592943.0,-0.0602048523724079,0.6657800674438477,10.25993824005127,1.7056900262832642,0.0109756980091333,3.4864680767059326
3463601276.0,-0.1115126311779022,0.8430479168891907,10.150949478149414,1.3026244640350342,0.2065915763378143,3.5105199813842773
3463609609.0,-0.1774547696113586,0.9833747744560242,10.151236534118652,1.3897899389266968,0.6583754420280457,3.439133405685425
3463617942.0,-0.0285494737327098,0.7162085175514221,10.593154907226562,0.955065131187439,0.223240852355957,3.574991464614868
3463626275.0,0.0543745160102844,0.6644885540008545,10.365521430969238,0.878990888595581,-0.0444406978785991,3.688462734222412
3463634608.0,0.0691878348588943,0.5136547684669495,10.098359107971191,1.139052152633667,0.1645074188709259,3.707545042037964
3463642941.0,-0.1414806991815567,0.4440715610980987,9.8735933303833,1.1063684225082395,0.5463643670082092,3.5166678428649902
3463651274.0,-0.2529520094394684,0.3137954175472259,10.12028980255127,1.1973246335983276,0.4398092031478882,3.706520557403565
3463659607.0,-0.2446600049734115,0.5121858716011047,10.181095123291016,1.3689143657684326,-0.0574527233839035,3.686413288116455
3463667940.0,-0.0014240884920582,0.2089003473520279,10.08238697052002,1.6363779306411743,-0.2410811334848404,3.745530605316162
3463676273.0,0.0526135601103305,0.2371982634067535,9.75058650970459,1.9846807718276973,-0.26810422539711,3.721095561981201
3463684606.0,0.1200830936431884,0.1303383409976959,9.691794395446776,2.303680419921875,0.2023908942937851,3.824551343917847
3463692939.0,0.1759822964668274,0.405181735754013,9.792902946472168,2.2409255504608154,0.0402271561324596,3.617537260055542
3463701272.0,0.2297622114419937,0.6390013694763184,9.747411727905272,2.361722230911255,0.3617114424705505,3.7149736881256095
3463709605.0,0.0960046350955963,0.6899683475494385,9.95771598815918,2.3220200538635254,0.5329681634902954,3.877905607223511
3463717938.0,-0.0077154748141765,0.8340408802032471,9.814088821411133,2.0602426528930664,0.8953583836555481,3.870657205581665
3463726271.0,0.0180934201925992,0.846886396408081,10.134843826293944,2.012548923492432,0.6133201122283936,3.742381095886232
3463734604.0,0.0485736355185508,0.938231348991394,10.006036758422852,2.054607629776001,0.4635535776615143,3.7672524452209473
3463742937.0,-0.0615211054682731,0.7430599331855774,10.019131660461426,1.856558322906494,0.6516389846801758,3.893402576446533
3463751270.0,-0.0945941284298896,0.765820324420929,9.877033233642578,1.846619963645935,0.7651100754737854,3.788947582244873
3463759603.0,-0.0178593397140502,0.0840868800878524,9.63913917541504,1.67310893535614,0.5909075736999512,3.749706029891968
3463767936.0,-0.0344157814979553,0.1220666989684104,9.489645957946776,1.84377670288086,0.1183505877852439,3.7755770683288574
3463776269.0,0.1143919304013252,0.0731123462319374,9.307073593139648,2.106860637664795,0.7039176225662231,3.930107593536377
3463784602.0,-0.0063721947371959,0.4691803753376007,9.615482330322266,2.368817090988159,0.7833473682403564,3.698221683502197
3463792935.0,0.0646575838327407,0.5224091410636902,9.482993125915527,2.3878486156463623,1.1187658309936523,3.561544418334961
3463801268.0,0.0066631869412958,0.1979040950536728,9.918373107910156,2.3904616832733154,0.9305012226104736,3.638335943222046
3463809601.0,-0.1375107020139694,0.2242750376462936,9.76477336883545,2.389590263366699,0.8919004201889038,3.782313346862793
3463817934.0,-0.1979667544364929,0.0717066973447799,9.809718132019045,2.534592628479004,0.937570571899414,3.844427585601807
3463826267.0,-0.0718881264328956,0.3650865852832794,9.683279037475586,2.764890193939209,0.6244110465049744,3.8112831115722656
3463834600.0,0.2720583379268646,0.2534568011760711,9.601165771484377,2.6712446212768555,0.2824865877628326,3.758697032928467
3463842933.0,0.3207529485225677,0.5119408369064331,9.459465980529783,2.38275146484375,0.5814815759658813,3.7806997299194336
3463851266.0,0.2842839360237121,0.5890448689460754,9.582003593444824,2.3549344539642334,1.5912460088729858,3.8326711654663086
3463859599.0,-0.0349188037216663,0.618523895740509,9.970784187316896,2.105989694595337,1.9535337686538696,3.757288455963135
3463867932.0,-0.018186891451478,0.5799312591552734,10.065645217895508,1.8616043329238887,1.452749729156494,3.9302608966827393
3463876265.0,0.0720803886651992,0.7285250425338745,10.05221176147461,1.9023308753967283,0.707349956035614,3.862639904022217
3463884598.0,0.176316812634468,0.5913801789283752,9.842228889465332,1.6583040952682495,1.2976813316345217,3.937074661254883
3463892931.0,-0.0130338463932275,0.4358347058296203,9.80477523803711,1.674902081489563,1.996155858039856,3.91466236114502
3463901264.0,0.1394948065280914,0.3909124135971069,9.800783157348633,1.9058400392532349,1.8618861436843872,3.929159879684448
3463909597.0,0.2028782218694687,0.1266290098428726,9.76927661895752,2.0582191944122314,0.8655179142951965,3.7966575622558594
3463917930.0,0.1138362810015678,0.2740617096424103,9.378567695617676,2.2706892490386963,1.4923750162124634,3.799576997756958
3463926263.0,0.109394297003746,0.5777401924133301,9.773726463317873,2.452857494354248,2.674266815185547,3.737590551376343
3463934596.0,-0.0032183125149458,1.070546269416809,10.412811279296877,2.501294136047364,2.6570029258728027,3.782492160797119
3463942929.0,0.223407581448555,0.8789292573928833,10.468280792236328,2.08547306060791,1.9459776878356927,3.702883720397949
3463951262.0,-0.0211123693734407,0.8708847165107727,10.16816520690918,2.08524227142334,2.191054582595825,3.598505735397339
3463959595.0,-0.3335347175598144,0.5528854131698608,10.244396209716797,2.105963945388794,3.093981981277466,3.700014591217041
3463967928.0,-0.8791367411613464,0.3707895874977112,10.393454551696776,2.3695857524871826,3.337188959121704,3.615436792373657
3463976261.0,-0.876266598701477,0.1773952543735504,10.773341178894045,2.4633851051330566,2.385876417160034,3.663975715637207
3463984594.0,-0.5401840806007385,0.0785286277532577,10.412849426269531,2.8052070140838623,0.8464096188545227,3.5878500938415527
3463992927.0,0.0305123813450336,0.1883064359426498,9.868952751159668,2.8958301544189453,0.5870142579078674,3.5475077629089355
3464001260.0,0.1020764112472534,0.179372027516365,9.63164520263672,3.4920530319213867,1.339944839477539,3.5230462551116943
3464009593.0,-0.0553412735462188,0.779484748840332,9.69913101196289,3.503553628921509,2.3283724784851074,3.638284683227539
3464017926.0,-0.3414181172847748,1.0929707288742063,10.013806343078612,3.2903146743774414,1.480361819267273,3.606138467788696
3464026259.0,-0.4236389696598053,1.3526177406311035,9.622093200683594,2.7754178047180176,1.1026800870895386,3.500608205795288
3464034592.0,-0.3629600703716278,1.1126102209091189,9.87685203552246,2.2074735164642334,1.4164032936096191,3.599453449249268
3464042925.0,-0.375018835067749,0.9444056153297424,10.138230323791504,1.9254096746444704,1.5690897703170776,3.747478008270264
3464051258.0,-0.1306270807981491,0.5788595080375671,10.191279411315918,1.7960573434829712,0.8918492794036865,3.797784566879273
3464059591.0,0.1239112317562103,0.6332077980041504,9.749860763549805,1.9329909086227417,-0.0981537401676178,3.712258338928223
3464067924.0,0.6514741778373718,0.2164712846279144,9.356249809265137,1.839499354362488,-0.0145488865673542,3.883310556411743
3464076257.0,0.4965812265872955,0.656182587146759,9.03244972229004,1.689502239227295,0.846537709236145,3.857388734817505
3464084590.0,0.3105454444885254,0.6084250807762146,9.391494750976562,1.5988789796829224,2.3223531246185303,4.0465240478515625
3464092923.0,-0.2366698682308197,0.390676349401474,9.837018013000488,1.6045653820037842,2.2111873626708984,4.038455486297607
3464101256.0,-0.1260010302066803,0.0433478318154811,9.969282150268556,1.7236204147338867,1.7453925609588623,4.043834686279297
3464109589.0,0.1638947129249572,-0.3078412711620331,9.880780220031738,1.9935944080352783,0.8387765884399414,4.1319990158081055
3464117922.0,0.224475473165512,0.0680576413869857,9.36684799194336,2.4299840927124023,1.1770638227462769,4.182945728302002
3464126255.0,0.2230601757764816,0.0377097092568874,9.240124702453612,2.83435583114624,2.116721868515014,4.242370128631592
3464134588.0,0.2005544155836105,0.0721545368432998,9.245684623718262,3.287856340408325,1.8996671438217163,4.1114821434021
3464142921.0,0.387476235628128,-0.2983894944190979,9.270556449890137,3.3676698207855225,1.0018879175186155,4.309505939483643
3464151254.0,0.2503199577331543,0.1266007721424102,8.572498321533203,3.5115199089050293,1.5074617862701416,4.314192771911621
3464159587.0,0.1035838276147842,0.2978562414646148,9.085684776306152,3.9396872520446777,3.0590953826904297,4.3651652336120605
3464167920.0,-0.089410126209259,0.5455588102340698,9.734929084777832,4.00164794921875,2.782973527908325,4.1527204513549805
3464176253.0,-0.0233966391533613,0.3472335338592529,10.082427978515623,3.7310848236083984,1.9792249202728271,4.253256797790527
3464184586.0,-0.131832018494606,0.5558568239212036,9.690317153930664,3.772170066833496,1.7389377355575562,4.260684967041016
3464192919.0,0.0101300682872533,0.8386738300323486,9.614765167236328,3.978877305984497,2.42150616645813,4.274490833282471
3464201252.0,0.0019286590395495,1.0173115730285645,9.71302890777588,3.915354013442993,2.1459481716156006,4.312016487121582
3464209585.0,0.274181067943573,0.9285361170768738,9.65282917022705,3.639539241790772,1.9698498249053955,4.252385139465332
3464217918.0,0.2514989674091339,0.8732074499130249,9.453753471374512,3.3304271697998047,1.7101986408233645,4.441137313842773
3464226251.0,-0.1569449305534362,0.7573911547660828,9.088303565979004,3.26313853263855,3.0136046409606934,4.467699527740479
3464234584.0,-0.302152156829834,0.5240217447280884,9.623941421508787,3.3382647037506104,3.2443883419036865,4.33171272277832
3464242917.0,-0.4610606133937835,0.4576778411865234,9.854269981384276,3.188856840133667,2.138827085494995,4.289013862609863
3464251250.0,-0.2694377899169922,0.4577073752880096,9.775702476501465,3.07758903503418,1.611378788948059,4.266678810119629
3464259583.0,-0.2631574869155884,1.079938530921936,9.581276893615724,3.366543292999268,2.063239336013794,4.220854759216309
3464267916.0,0.0723854303359985,1.2179924249649048,9.83935832977295,3.301713466644287,2.2262485027313232,4.062994480133057
3464276249.0,0.0769308432936668,1.110056757926941,9.904274940490724,2.7581281661987305,1.525238037109375,3.839586973190308
3464284582.0,0.262359082698822,0.8461889624595642,10.067564010620115,2.22857928276062,1.873924732208252,4.092143058776856
3464292915.0,0.1458883434534073,0.8536226749420166,10.017491340637209,2.265207529067993,2.361388921737671,4.152592182159424
3464301248.0,0.1746341437101364,0.6247071623802185,10.50805950164795,2.4022696018218994,3.2352702617645264,4.212146282196045
3464309581.0,0.5672193765640259,0.32576385140419,10.785053253173828,2.348761320114136,2.2721238136291504,4.131563663482666
3464317914.0,0.9756507873535156,0.297606498003006,10.67120361328125,2.2694084644317627,2.509208917617798,4.146009922027588
3464326247.0,0.6173614859580994,0.3044338226318359,10.45241355895996,2.3710200786590576,3.916685342788696,4.421260356903076
3464334580.0,0.1548915207386016,0.7430691719055176,10.211722373962402,2.9277713298797607,5.301570892333984,4.341036796569824
3464342913.0,-0.3162183761596679,0.7466462850570679,10.403450965881348,2.8914501667022705,4.229205131530762,4.359708786010742
3464351246.0,-0.2414516508579254,0.8571637272834778,9.609074592590332,2.12325382232666,2.811969518661499,4.445337772369385
3464359579.0,-0.273741602897644,0.9348905682563782,9.24117374420166,1.809786677360535,3.007175207138061,4.470337390899658
3464367912.0,-0.5259596705436707,1.0356000661849976,9.203211784362791,2.2425901889801025,4.47579288482666,4.50084400177002
3464376245.0,-0.4876949787139892,0.7314912676811218,9.93264102935791,2.525038480758667,4.533450603485107,4.436654567718506
3464384578.0,-0.727338433265686,0.4441921412944793,10.314330101013184,2.1152873039245605,2.81240463256836,4.456761837005615
3464392911.0,-0.6124281287193298,0.544184684753418,9.500885009765623,2.1828067302703857,2.571758985519409,4.49715518951416
3464401244.0,-0.8193339705467224,0.7581883668899536,9.697761535644531,2.614176273345948,3.0457763671875,4.521668434143066
3464409577.0,-0.6685581803321838,0.6578507423400879,9.83804988861084,2.650036096572876,2.7511610984802246,4.69738245010376
3464417910.0,-0.6489607691764832,0.5749000310897827,9.93717098236084,2.327731847763061,1.375983953475952,4.336041450500488
3464426243.0,-0.5234411358833313,0.5124444365501404,9.746707916259766,2.679748296737671,1.1578786373138428,4.469671249389648
3464434576.0,-0.5942590236663818,0.7908387780189514,9.578821182250977,2.9727494716644287,1.4164031744003296,4.38798713684082
3464442909.0,-0.917037844657898,0.654697060585022,10.057518005371094,2.785074234008789,1.914011120796204,4.407685279846191
3464451242.0,-0.7284627556800842,0.6692899465560913,10.033581733703612,2.8418097496032715,0.6776886582374573,4.51772403717041
3464459575.0,-0.6033549904823303,0.7324624061584473,9.97482967376709,2.872854471206665,-0.3812166750431061,4.54525899887085
3464467908.0,-0.7561782002449036,0.2483700513839721,9.455961227416992,3.051206588745117,0.1424279659986496,4.672536373138428
3464476241.0,-0.8985192179679871,0.2599757015705108,9.528748512268066,3.183375597000122,0.4115055203437805,4.761981010437012
3464484574.0,-0.6891278624534607,0.3874515891075134,9.940086364746094,3.302072048187256,-0.6830035448074341,4.5397257804870605
3464492907.0,-0.5069155693054199,0.653768002986908,9.634662628173828,3.1161129474639893,-1.8729130029678345,4.396030426025391
3464501240.0,-0.302611768245697,0.959991216659546,9.348830223083496,3.053460121154785,-0.9974440336227416,4.308199405670166
3464509573.0,-0.6214034557342529,1.0478276014328003,10.072927474975586,2.914400339126587,-0.1921067535877227,4.416162967681885
3464517906.0,-0.6970329284667969,0.7049388885498047,10.454206466674805,2.469276189804077,-0.6110019683837891,4.646152973175049
3464526239.0,-0.4877759516239166,0.683288037776947,10.207858085632324,2.326451301574707,-2.4684436321258545,4.529018878936768
3464534572.0,-0.2705587744712829,0.5399467349052429,9.738971710205078,2.5309295654296875,-2.5651888847351074,4.626148223876953
3464542905.0,-0.2534054219722748,0.3539878726005554,9.602659225463867,2.409313201904297,-1.7120298147201538,4.753604888916016
3464551238.0,-0.0847410559654235,0.6696187257766724,9.929110527038574,2.36979079246521,-1.4047359228134155,4.703529357910156
3464559571.0,0.0051226187497377,0.6799287796020508,10.046197891235352,2.292896747589112,-2.292832612991333,4.636829376220703
3464567904.0,0.1023061498999595,0.7824028134346008,9.81023120880127,2.1635704040527344,-2.143040657043457,4.582297325134277
3464576237.0,0.3339842557907104,0.4735755920410156,9.719645500183104,2.11544132232666,-1.670253038406372,4.673842430114746
3464584570.0,-0.0674599632620811,0.2765661478042602,9.86430835723877,2.0998423099517822,-1.2579917907714844,4.865795135498047
3464592903.0,-0.1870442330837249,0.2222157120704651,9.801239967346191,2.299838066101074,-1.0167313814163208,4.868638515472412
3464601236.0,-0.2727399468421936,0.5900604724884033,9.836528778076172,2.810739517211914,-1.6526302099227903,4.722099304199219
3464609569.0,0.0368794687092304,0.3848507404327392,9.64672565460205,2.957995891571045,-1.823938608169556,4.745229244232178
3464617902.0,0.0990119576454162,0.4304177165031433,9.51573371887207,2.9191904067993164,-2.044861316680908,4.73500919342041
3464626235.0,0.0918673649430275,0.6527789235115051,9.418830871582031,3.146337509155273,-1.3287384510040283,4.784905910491943
3464634568.0,-0.1164637580513954,1.2823511362075806,9.57285499572754,3.008660793304444,-0.950851559638977,4.771048069000244
3464642901.0,-0.1485825926065445,1.471833109855652,10.06628704071045,2.750699996948242,-0.9828438758850098,4.7207932472229
3464651234.0,-0.3980133831501007,1.731453776359558,10.294262886047363,2.1044270992279053,-1.0818427801132202,4.533604621887207
3464659567.0,-0.3296855688095093,1.5079550743103027,10.782867431640623,1.5137885808944702,-0.6229126453399658,4.593157768249512
3464667900.0,-0.6878253221511841,1.826060652732849,10.90977954864502,1.701412796974182,-0.8659661412239075,4.676609039306641
3464676233.0,-0.4040443897247314,1.9189318418502808,11.002883911132812,1.100963830947876,-1.566694736480713,4.569771766662598
3464684566.0,-0.0969506427645683,1.7902847528457642,10.765260696411133,0.4986707866191864,-3.13431167602539,4.431275844573975
3464692899.0,0.3639757633209228,1.4861187934875488,9.680700302124023,-0.1666205823421478,-2.5174694061279297,4.508732795715332
3464701232.0,0.8797116279602051,0.4666086435317993,9.951122283935549,-0.016828553751111,-1.3160595893859863,4.74584436416626
3464709565.0,0.282947838306427,0.5778195261955261,9.564029693603516,0.3803073763847351,-0.2359583377838134,4.620232105255127
3464717898.0,0.1182063594460487,0.3895679712295532,10.11396598815918,0.8237154483795166,0.4569451510906219,4.675276756286621
3464726231.0,0.0984476059675216,0.7149649262428284,10.504379272460938,1.1130026578903198,-0.4474551081657409,4.471131324768066
3464734564.0,0.361975610256195,0.4984375238418579,10.501035690307615,0.8440786600112915,-0.6631269454956055,4.360196113586426
3464742897.0,0.2834700047969818,0.6212444305419922,10.163702011108398,1.1704552173614502,-0.1235118359327316,4.454993724822998
3464751230.0,0.3660065829753876,0.1697780936956405,10.037755012512209,1.7742598056793213,0.7723076343536377,4.651968002319336
3464759563.0,0.596589207649231,0.0058947964571416,10.173070907592772,1.6964950561523438,-0.2298365384340286,4.66923189163208
3464767896.0,0.8144123554229736,0.0538517460227012,9.576177597045898,1.8124760389328003,-0.4520400166511535,4.857854843139648
3464776229.0,0.926739513874054,0.3917183876037597,9.520176887512209,2.175481081008911,0.8121377229690552,4.860083103179932
3464784562.0,0.6779948472976685,0.5314540863037109,9.60088062286377,2.401578187942505,2.5447874069213867,5.063563346862793
3464792895.0,0.2296142727136612,0.2990182340145111,10.072383880615234,2.360544204711914,2.637997627258301,5.069967269897461
3464801228.0,0.3492207825183868,0.1335815787315368,10.32435703277588,2.074970960617065,1.957452893257141,5.121938228607178
3464809561.0,0.5391048192977905,0.0999553501605987,10.213664054870604,2.5338499546051025,1.3701695203781128,5.2890706062316895
3464817894.0,0.1458835750818252,0.629218339920044,9.598828315734863,2.573858976364136,2.4590818881988525,5.363095283508301
3464826227.0,0.1689139902591705,0.5186596512794495,9.75583839416504,2.7816929817199707,3.489286184310913,5.588885307312012
3464834560.0,0.2796885073184967,0.280693769454956,9.776986122131348,2.5893301963806152,2.293742179870605,5.556124210357666
3464842893.0,0.5273072123527527,-0.1177437230944633,9.437305450439451,2.505853176116944,1.869083404541016,5.630789756774902
3464851226.0,0.3107202053070068,0.3517493903636932,8.840755462646484,3.210244655609131,3.160604238510132,5.74523401260376
3464859559.0,0.006170398555696,0.5848865509033203,9.49393367767334,3.7674312591552734,4.5582451820373535,5.737498760223389
3464867892.0,-0.3733745813369751,0.646523654460907,10.176909446716309,3.2981534004211426,3.78761625289917,5.749973773956299
3464876225.0,-0.0092228529974818,0.395051509141922,10.106561660766602,2.880820035934448,2.837147951126098,5.73972749710083
3464884558.0,0.090752325952053,0.6593701839447021,9.81653881072998,3.4034273624420166,2.518737316131592,5.757554531097412
3464892891.0,-0.243821695446968,0.5276161432266235,9.304201126098633,3.851395606994629,3.919221878051758,5.808297634124756
3464901224.0,-0.5221580266952515,0.5058137774467468,9.693763732910156,3.979543685913086,3.904698848724365,5.755327701568604
3464909557.0,-0.6427227854728699,0.5607481598854065,9.591031074523926,4.031310081481934,2.816016435623169,5.798487186431885
3464917890.0,-0.3516884744167328,0.5472311973571777,9.551595687866213,4.115656852722168,1.8703643083572388,5.676896095275879
3464926223.0,-0.1214188933372497,0.63336181640625,9.176730155944824,4.510014533996582,2.411209344863892,5.727894306182861
3464934556.0,-0.3474143445491791,0.4998380839824676,9.449288368225098,4.574741363525391,3.2526371479034424,5.883859634399414
3464942889.0,-0.7470123171806335,0.6246445178985596,9.668051719665527,4.485142707824707,3.382628917694092,5.784860610961914
3464951222.0,-0.7397043108940125,1.1295822858810425,10.19247341156006,4.607194423675537,2.738712787628174,5.723001956939697
3464959555.0,-0.7408866286277771,1.7673373222351074,10.4971342086792,4.308276176452637,1.8747444152832031,5.60671329498291
3464967888.0,-0.4208928346633911,2.033783197402954,10.432286262512209,3.888228178024292,1.6681655645370483,5.455588817596436
3464976221.0,-0.090406447649002,1.935693860054016,10.548129081726074,3.327532291412353,1.6730577945709229,5.622439861297607
3464984554.0,-0.0224625822156667,1.5302927494049072,10.73781394958496,2.633642673492432,1.7740546464920044,5.786242961883545
3464992887.0,-0.4111807644367218,1.7893142700195312,10.311934471130373,2.3399243354797363,2.5030357837677,5.870872020721436
3465001220.0,0.2299738973379135,1.2590399980545044,10.910218238830566,2.442432880401612,2.340052604675293,5.931835174560547
3465009553.0,0.1287882626056671,1.7412763833999634,10.331779479980469,1.986575961112976,1.0287060737609863,5.735910892486572
3465017886.0,-0.3088118731975555,1.2150150537490845,9.427419662475586,1.560611367225647,2.098740816116333,5.84182596206665
3465026219.0,-0.6500437259674072,1.1507914066314695,9.374173164367676,2.0279688835144043,3.0357353687286377,5.915620803833008
3465034552.0,-0.4607522189617157,0.7323185801506042,10.005364418029783,1.9253835678100584,2.009526252746582,5.971151828765869
3465042885.0,-0.418042778968811,0.6057726144790649,9.733784675598145,1.3530080318450928,0.1818226724863052,5.94489860534668
3465051218.0,-0.4026185572147369,1.016193389892578,8.95681381225586,1.8154215812683103,1.301574468612671,6.115206718444824
3465059551.0,-0.3914155960083008,1.0541341304779053,9.61195468902588,2.644580364227295,2.1485605239868164,6.113440036773682
3465067884.0,-0.0720584467053413,0.8291701078414917,9.858857154846191,2.345994710922241,1.071789264678955,6.122762680053711
3465076217.0,0.1634964048862457,0.6639105677604675,9.621719360351562,2.1072959899902344,-0.1489467620849609,6.2679948806762695
3465084550.0,0.0477395504713058,0.814020574092865,8.8469877243042,2.634129524230957,0.9480980634689332,6.451213836669922
3465092883.0,-0.19214428961277,0.6912000179290771,9.359979629516602,3.356887102127075,2.143847942352295,6.690939426422119
3465101216.0,-0.409168541431427,0.9269338250160216,9.555537223815918,3.128048896789551,1.5518512725830078,6.699313640594482
3465109549.0,-0.3342918753623962,0.5561221837997437,9.771549224853516,2.992421865463257,0.4698547422885895,6.792421817779541
3465117882.0,-0.0602962672710418,0.9346073865890504,9.247468948364258,3.157710075378418,0.3623005449771881,6.74185848236084
3465126215.0,-0.0032919896766543,0.75480717420578,9.350140571594238,3.586160182952881,1.2857965230941772,7.033631801605225
3465134548.0,-0.08616504073143,0.9914767146110536,9.42224407196045,3.5054752826690674,1.198810338973999,7.08073616027832
3465142881.0,-0.1915640383958816,0.8077484369277954,9.466660499572754,3.654498815536499,0.713574230670929,7.244410991668701
3465151214.0,-0.279132604598999,0.922130286693573,9.404132843017578,3.6427419185638414,0.5877059102058411,7.261752128601074
3465159547.0,-0.2299486398696899,0.961558759212494,9.626214027404783,3.905210256576538,0.9543479681015016,7.40472936630249
3465167880.0,-0.3571745753288269,1.2071369886398315,9.74656105041504,3.74066424369812,0.5887815952301025,7.348249912261963
3465176213.0,-0.0961406677961349,1.1232092380523682,9.71116065979004,3.628525257110596,0.4956994354724884,7.384698867797852
3465184546.0,-0.0447003543376922,1.5313955545425415,9.6097412109375,3.3850882053375244,0.2410684078931808,7.345690250396728
3465192879.0,-0.2008023858070373,1.3670787811279297,9.57673168182373,3.18529748916626,0.8472550511360168,7.404884815216064
3465201212.0,-0.1746589243412017,1.276885986328125,9.645326614379885,3.1114513874053955,0.6837592720985413,7.291310787200928
3465209545.0,-0.0717523321509361,1.005362629890442,9.748684883117676,2.884739637374878,0.4386822581291199,7.558365345001221
3465217878.0,-0.0224013850092887,0.6275714039802551,9.700521469116213,2.672576427459717,0.4188055396080017,7.766043663024902
3465226211.0,0.2469556331634521,0.68952876329422,9.471038818359377,2.9021570682525635,0.8496114611625671,7.712996959686279
3465234544.0,0.3352630734443664,0.6536449193954468,9.814753532409668,3.423842191696167,0.7937723398208618,7.868937015533447
3465242877.0,0.1119883880019187,0.7394192218780518,9.826323509216309,3.4783239364624023,1.126373291015625,7.843809127807617
3465251210.0,-0.1573807299137115,1.2285157442092896,9.951685905456545,3.4929745197296143,1.3497549295425415,7.652418613433838
3465259543.0,-0.1872998178005218,1.465474009513855,10.260224342346191,3.407628059387207,1.799463987350464,7.564766883850098
3465267876.0,-0.0452553629875183,1.425958275794983,10.464692115783691,2.909252166748047,1.185670018196106,7.72531795501709
3465276209.0,0.2322833389043808,1.491697907447815,10.112829208374023,2.8463945388793945,1.1112862825393677,7.878771781921387
3465284542.0,0.1816016137599945,1.1031203269958496,9.967585563659668,2.8799750804901123,1.5227792263031006,7.931281566619873
3465292875.0,-0.0440229587256908,1.2665482759475708,9.716449737548828,2.9203176498413086,2.259085893630981,7.91168737411499
3465301208.0,-0.1530473828315735,1.0215917825698853,10.150339126586914,3.0456223487854004,2.031068086624145,7.8905558586120605
3465309541.0,-0.307089626789093,1.33661949634552,10.270956039428713,3.042958498001098,1.4827184677124023,7.974748611450195
3465317874.0,0.0193732567131519,1.369713306427002,10.27519416809082,3.0784082412719727,1.4996238946914673,8.031970977783203
3465326207.0,0.0348028242588043,1.7125831842422483,10.300206184387209,3.0187017917633057,1.8018207550048828,8.026183128356934
3465334540.0,0.1230891793966293,1.537967562675476,10.210036277770996,3.001591205596924,2.244152545928955,8.095263481140137
3465342873.0,-0.0345664694905281,1.6536494493484497,10.32107162475586,2.668785572052002,1.8777669668197632,7.931229591369629
3465351206.0,-0.3319052159786224,1.4084968566894531,10.005104064941406,2.7137129306793213,2.0637264251708984,8.077410697937012
3465359539.0,-0.5246007442474365,1.6701269149780271,9.877763748168944,2.742375373840332,2.163416862487793,8.111427307128906
3465367872.0,-0.3920365273952484,1.3446255922317505,10.09421730041504,2.8250067234039307,1.69278085231781,8.233555793762207
3465376205.0,-0.1998505592346191,1.482762575149536,9.707756996154783,2.6626639366149902,1.129242181777954,8.145928382873535
3465384538.0,-0.1754508465528488,1.0075825452804563,9.72047519683838,2.8071534633636475,1.4629440307617188,8.29246711730957
3465392871.0,-0.5376473069190979,1.0630122423171997,9.686930656433104,2.875134229660034,2.116004705429077,8.192214012145996
3465401204.0,-0.6604149341583252,1.2603881359100342,10.03933811187744,3.241699457168579,2.0361907482147217,8.02439022064209
3465409537.0,-0.6668102145195007,1.6525126695632937,10.379950523376465,3.196336507797241,0.8629820942878723,7.959073543548584
3465417870.0,-0.4246180951595306,1.7000623941421509,10.027179718017578,2.7967801094055176,0.5781005024909973,7.899955749511719
3465426203.0,-0.5693458318710327,1.68924880027771,10.050342559814451,2.5364623069763184,0.9631592631340028,7.999927520751953
3465434536.0,-0.7127077579498291,1.4633581638336182,9.745911598205566,2.5718870162963867,1.3531360626220703,8.201460838317871
3465442869.0,-0.7654137015342712,1.3268585205078125,10.216818809509276,2.562230348587036,0.1973192393779754,8.132583618164062
3465451202.0,-0.6273958086967468,1.231562614440918,9.88088321685791,2.107398509979248,-0.6612058877944946,8.37374210357666
3465459535.0,-0.5648176074028015,1.417273998260498,9.893367767333984,2.09392523765564,-0.5730928778648376,8.393900871276855
3465467868.0,-0.3617714047431946,1.7668414115905762,10.098878860473633,1.9239236116409304,0.1149951219558715,8.505322456359863
3465476201.0,-0.2783626019954681,1.925271272659301,10.424086570739746,1.7191635370254517,-0.4759381413459778,8.35629940032959
3465484534.0,-0.2930229008197784,1.6671332120895386,10.166946411132812,1.048710823059082,-0.8659148216247559,8.306785583496094
3465492867.0,-0.7308049201965332,1.151254653930664,9.921324729919434,0.8040948510169983,-0.0341949984431266,8.349920272827148
3465501200.0,-0.6216227412223816,1.0087710618972778,10.357680320739746,1.252523422241211,-0.0605520568788051,8.540670394897461
3465509533.0,-0.5126829743385315,1.0432624816894531,10.220154762268066,1.5798733234405518,-2.0041089057922363,8.32194995880127
3465517866.0,-0.3124166131019592,0.9501145482063292,9.51557731628418,1.4808743000030518,-2.539702892303467,8.464237213134766
3465526199.0,-0.0663696601986885,0.7410922646522522,8.885520935058594,2.045719146728516,-1.8189692497253416,8.540207862854004
3465534532.0,-0.2539974749088287,0.6890570521354675,9.153154373168944,2.1837544441223145,-0.6878191232681274,8.584778785705566
3465542865.0,-0.4989198446273803,0.4672287106513977,9.602423667907717,2.5841052532196045,-0.9302579164505004,8.672250747680664
3465551198.0,-0.5130308866500854,0.9359110593795776,9.842853546142578,2.5180461406707764,-1.6181795597076416,8.707598686218262
3465559531.0,-0.2296680212020874,1.2857078313827517,10.160130500793455,2.7339229583740234,-1.712132453918457,8.762592315673828
3465567864.0,-0.1768190115690231,1.73269522190094,10.258024215698242,2.6889445781707764,-1.6057565212249756,8.618000984191895
3465576197.0,-0.1447895169258117,1.5052181482315063,10.273371696472168,2.7333078384399414,-1.4570401906967163,8.606395721435547
3465584530.0,0.0389924310147762,1.6903893947601318,10.248048782348633,2.5674049854278564,-1.874808669090271,8.574275970458984
3465592863.0,0.0598349906504154,1.4928723573684692,9.971848487854004,2.3924851417541504,-2.0347437858581543,8.663081169128418
3465601196.0,0.0421823151409626,1.5198456048965454,9.768893241882324,2.3746066093444824,-1.6089839935302734,8.59253978729248
3465609529.0,0.0931336283683776,1.1364284753799438,9.953652381896973,2.478395462036133,-1.065040111541748,8.843149185180664
3465617862.0,0.0165764167904853,1.2825685739517212,10.067463874816896,2.265925168991089,-1.5432578325271606,8.748888969421387
3465626195.0,0.2082449346780777,1.3186944723129272,9.886281967163086,2.2648494243621826,-1.2814804315567017,8.65042781829834
3465634528.0,0.0360948480665683,1.4496757984161377,9.985548973083496,2.327296733856201,-0.7261123657226562,8.481782913208008
3465642861.0,0.0985135734081268,1.2833997011184692,9.923225402832031,2.324427843093872,-0.4973004162311554,8.517231941223145
3465651194.0,-0.003116050735116,1.444270133972168,10.088460922241213,1.9787639379501345,-1.144700288772583,8.354787826538086
3465659527.0,0.0907824039459228,1.34467613697052,9.752546310424805,2.0507652759552,-0.9159650802612304,8.452019691467285
3465667860.0,-0.1275627762079239,1.4280753135681152,9.763202667236328,2.0896220207214355,-0.3485841453075409,8.463775634765625
3465676193.0,0.2016933858394622,0.943325400352478,9.941189765930176,2.075124740600586,-0.2860085666179657,8.629705429077148
3465684526.0,0.2565153837203979,0.8582767844200134,10.086899757385254,1.965495586395264,-0.8293632864952087,8.554861068725586
3465692859.0,0.6286860108375549,0.9518831372261048,9.640172004699709,2.0674145221710205,-0.5078790783882141,8.623353004455566
3465701192.0,0.2581492364406585,1.1771162748336792,9.872977256774902,2.285596370697021,0.3227265179157257,8.489364624023438
3465709525.0,-0.1038527861237526,1.0838546752929688,9.839902877807615,2.239977598190308,1.393478512763977,8.527043342590332
3465717858.0,-0.1272840052843094,0.9030063152313232,10.49816608428955,2.388360977172852,0.8195146322250366,8.561776161193848
3465726191.0,-0.0547265857458114,1.133832931518555,10.2090425491333,2.2143890857696533,-0.0465666800737381,8.595229148864746
3465734524.0,0.043575432151556,1.12875235080719,10.128478050231934,2.578136682510376,0.4988244175910949,8.575326919555664
3465742857.0,0.3932646512985229,0.9852088689804076,9.937736511230469,2.8914248943328857,1.0737104415893557,8.729781150817871
3465751190.0,0.4218396842479706,0.7784453630447388,10.273829460144045,3.016575813293457,0.6371157169342041,8.690437316894531
3465759523.0,0.2524397373199463,1.0472230911254885,9.802757263183594,2.866758346557617,1.0772708654403689,8.775347709655762
3465767856.0,0.1081558763980865,1.413227081298828,10.406816482543944,3.3016881942749023,1.875512957572937,8.781829833984375
3465776189.0,-0.0671441927552223,1.7801698446273804,10.479819297790527,3.034250020980835,1.9073514938354488,8.57922077178955
3465784522.0,-0.2505072057247162,1.679870843887329,10.460805892944336,2.6409687995910645,1.515889048576355,8.68167781829834
3465792855.0,-0.1140833497047424,1.736143708229065,10.187019348144531,2.472503900527954,1.3986783027648926,8.827882766723633
3465801188.0,-0.3455587923526764,1.3277078866958618,10.160146713256836,2.3581621646881104,1.5071289539337158,8.8479642868042
3465809521.0,-0.525206446647644,1.3372384309768677,9.888256072998049,2.352449893951416,1.853177189826965,8.690999984741211
3465817854.0,0.120842307806015,0.9307489991188048,10.277192115783691,2.8995957374572754,1.0395410060882568,8.849987030029297
3465826187.0,0.1185474470257759,1.290271878242493,9.85993766784668,2.7064127922058105,0.122628167271614,8.712336540222168
3465834520.0,-0.1570257395505905,1.2870619297027588,9.225573539733888,2.837737560272217,1.6990563869476318,8.684213638305664
3465842853.0,-0.4144052863121032,1.5689985752105713,9.956860542297363,3.006817102432251,3.025028944015503,8.449484825134277
3465851186.0,-0.2639171183109283,1.3534258604049685,10.744843482971191,2.819730520248413,1.9537899494171145,8.511547088623047
3465859519.0,-0.2701773345470428,1.6260356903076172,10.493083000183104,2.3377726078033447,0.309688925743103,8.365571022033691
3465867852.0,-0.4662205576896667,1.84130334854126,9.69675636291504,2.7950897216796875,1.2950429916381836,8.421128273010254
3465876185.0,-0.5683723092079163,2.148875951766968,9.979726791381836,2.867475271224976,2.060037612915039,8.400636672973633
3465884518.0,-0.2789140939712524,1.5281753540039062,10.479134559631348,1.6491599082946775,1.0840585231781006,8.38724136352539
3465892851.0,0.2330046594142913,1.6106358766555786,10.14034366607666,0.9294252395629884,-0.1395975649356842,8.433985710144043
3465901184.0,0.4714370369911194,1.2006410360336304,9.397722244262695,1.5083072185516355,0.6502814292907715,8.594740867614746
3465909517.0,-0.085530862212181,1.1678705215454102,9.41087532043457,1.8875516653060915,2.4526784420013428,8.565054893493652
3465917850.0,-0.1852585673332214,1.0105937719345093,9.92942237854004,1.9319666624069207,2.478651285171509,8.607548713684082
3465926183.0,-0.4232363402843475,1.0073946714401243,10.370807647705078,1.362254619598389,1.0802674293518066,8.309577941894531
3465934516.0,-0.1827637553215026,1.095201015472412,9.467998504638672,1.846466302871704,0.7269448041915894,8.353353500366211
3465942849.0,-0.1974218636751175,0.8581403493881226,9.558588981628418,2.24625301361084,1.3240894079208374,8.35816764831543
3465951182.0,-0.0643098428845405,0.5908664464950562,9.25990867614746,2.507697820663452,1.077270746231079,8.448305130004883
3465959515.0,0.1202075704932212,0.5959078073501587,9.130531311035156,2.422222852706909,0.4507977068424225,8.488109588623047
3465967848.0,0.1839852780103683,0.7727462649345398,8.951387405395508,2.8276712894439697,1.0899754762649536,8.615924835205078
3465976181.0,-0.0754172652959823,1.122344970703125,9.250310897827148,3.154457330703736,2.0752530097961426,8.719329833984375
3465984514.0,-0.1178675666451454,1.1546612977981567,9.780332565307615,3.311728239059448,2.4575703144073486,8.718226432800293
3465992847.0,-0.2236680090427398,1.224250316619873,10.119864463806152,3.18432354927063,1.2089537382125854,8.695124626159668
3466001180.0,-0.1887925714254379,1.1091233491897583,9.67806625366211,3.257657289505005,0.9780412912368774,8.897912979125977
3466009513.0,-0.3318364024162292,1.0271764993667605,9.847058296203612,3.5227127075195312,1.4478318691253662,8.903956413269043
3466017846.0,-0.0595508888363838,1.1415455341339111,9.61344051361084,3.649298429489136,1.3024455308914185,8.841048240661621
3466026179.0,0.0104680228978395,1.0737547874450684,9.61057949066162,3.506499528884888,0.5774089694023132,8.78923225402832
3466034512.0,0.1468862891197204,1.0295889377593994,9.005180358886719,3.596200942993164,0.8799389004707336,8.808262825012207
3466042845.0,-0.2563953697681427,0.9492857456207277,9.45835018157959,3.963123798370361,2.2362380027771,8.871273040771484
3466051178.0,-0.3018898069858551,0.9637316465377808,9.737926483154297,4.329151630401611,2.3379008769989014,8.874244689941406
3466059511.0,-0.5436689257621765,1.0151821374893188,10.245712280273438,4.305150508880615,0.8810656070709229,8.87396240234375
3466067844.0,-0.305661678314209,1.3253326416015625,9.94273567199707,3.8520872592926025,0.8380595445632935,8.727808952331543
3466076177.0,-0.0809691846370697,1.6978594064712524,10.0852632522583,4.326154708862305,0.9332931637763976,8.637645721435547
3466084510.0,0.08749271184206,1.8936033248901367,10.091383934020996,4.027647495269775,0.9255577921867372,8.618308067321777
3466092843.0,0.0725265219807624,1.6413894891738892,9.988609313964844,3.459061861038208,0.8381106853485107,8.554631233215332
3466101176.0,0.1273907572031021,2.0372884273529053,9.674175262451172,2.8992629051208496,1.1784470081329346,8.488724708557129
3466109509.0,0.1872473955154419,1.7276298999786377,9.967577934265137,2.7670679092407227,1.6699587106704712,8.616488456726074
3466117842.0,0.0538891777396202,1.753454089164734,10.118491172790527,2.547502517700196,1.649057388305664,8.632112503051758
3466126175.0,-0.1170441731810569,1.4753719568252563,10.437880516052246,2.3615684509277344,1.710966944694519,8.782033920288086
3466134508.0,-0.0487124435603618,1.8747673034667969,10.153631210327148,1.950716137886048,1.1275770664215088,8.652731895446777
3466142841.0,0.0097991600632667,1.565163493156433,10.017694473266602,1.9397789239883425,1.3271632194519043,8.559957504272461
3466151174.0,0.1445575058460235,1.3028876781463623,9.71384620666504,1.7012591361999512,1.4879693984985352,8.64054012298584
3466159507.0,0.1454554051160812,1.1372476816177368,9.843420028686523,1.931198239326477,1.4343843460083008,8.555449485778809
3466167840.0,-0.0001942809321917,1.5272361040115356,9.63647174835205,2.0656216144561768,1.4276734590530396,8.60905933380127
3466176173.0,0.0776021853089332,1.5498149394989014,9.928555488586426,2.029172420501709,1.866061091423035,8.537262916564941
3466184506.0,0.1590196788311004,1.5760788917541504,10.08827304840088,1.7756171226501465,1.786861777305603,8.500455856323242
3466192839.0,0.067317396402359,1.2653610706329346,9.845243453979492,1.9379091262817385,1.9829132556915283,8.511086463928223
3466201172.0,-0.1170864924788475,1.1705262660980225,9.758095741271973,2.5546486377716064,2.0036866664886475,8.578631401062012
3466209505.0,-0.3151489198207855,0.9111984372138976,9.65239143371582,2.8285932540893555,1.9758951663970947,8.611750602722168
3466217838.0,-0.3728228509426117,1.0255446434020996,9.851523399353027,2.6655073165893555,1.5807442665100098,8.569665908813477
3466226171.0,-0.0833210721611976,1.0519667863845823,9.695505142211914,2.893653392791748,1.356850266456604,8.56705379486084
3466234504.0,-0.176394522190094,1.2365777492523191,9.599326133728027,3.2390356063842773,1.297117829322815,8.447768211364746
3466242837.0,-0.2365585565567016,1.1719741821289062,9.45987033843994,3.3928236961364746,1.9132170677185056,8.519078254699707
3466251170.0,-0.4665309190750122,1.1177326440811155,9.748048782348633,3.211500406265259,1.742472767829895,8.545998573303223
3466259503.0,-0.4443496167659759,1.361320734024048,9.86876392364502,3.5604946613311768,1.466248631477356,8.578811645507812
3466267836.0,-0.4617189764976501,1.5078972578048706,9.897865295410156,3.62406849861145,0.9492508172988892,8.452531814575195
3466276169.0,-0.515285074710846,1.4858505725860596,9.87822437286377,3.616231203079224,0.997661828994751,8.535727500915527
3466284502.0,-0.5008889436721802,1.3313522338867188,9.925500869750977,3.3038909435272217,0.8346272110939026,8.56464672088623
3466292835.0,-0.4416105151176452,1.2279739379882812,10.003334045410156,3.04695463180542,0.7653149962425232,8.631114959716797
3466301168.0,-0.3888309597969055,1.3199739456176758,10.06600570678711,3.0107357501983643,0.6562751531600952,8.370821952819824
3466309501.0,-0.2999984622001648,1.5911945104599,9.899884223937988,3.052307605743408,0.6731037497520447,8.426072120666504
3466317834.0,-0.3530002236366272,1.558414340019226,10.16111183166504,2.8868141174316406,0.5678291916847229,8.410600662231445
3466326167.0,-0.4314655065536499,1.5061204433441162,9.951615333557127,2.441381931304932,0.5735155344009399,8.295567512512207
3466334500.0,-0.4696774780750274,1.2272902727127075,10.219435691833496,2.331087350845337,0.5263340473175049,8.560545921325684
3466342833.0,-0.5162428617477417,1.4413678646087646,10.03345775604248,2.3208160400390625,0.2577176094055176,8.606241226196289
3466351166.0,-0.4359790086746216,1.0846003293991089,10.209994316101074,2.548526763916016,0.0242694895714521,8.630191802978516
3466359499.0,-0.1877213567495346,1.067676305770874,10.088515281677246,2.178810834884644,-0.0754851475358009,8.440441131591797
3466367832.0,0.0089853480458259,1.0176945924758911,9.981480598449709,2.365359306335449,-0.0131913321092724,8.522586822509766
3466376165.0,-0.2540243566036224,1.3921048641204834,10.059768676757812,2.4555985927581787,0.4021306931972503,8.343517303466797
3466384498.0,-0.400581419467926,1.0486619472503662,10.033734321594238,2.621399402618408,0.7715392112731934,8.404633522033691
3466392831.0,-0.4396262168884277,1.093578815460205,10.156378746032717,2.3402061462402344,-0.0120899202302098,8.377788543701172
3466401164.0,-0.1659284383058548,0.9687779545783995,9.780961036682127,2.608668804168701,-0.6000646948814392,8.543896675109863
3466409497.0,-0.2451119422912597,1.1958316564559937,9.373868942260742,2.805514574050904,-0.695938766002655,8.531654357910156
3466417830.0,-0.4089170396327972,1.0784462690353394,9.58149528503418,3.1117842197418213,0.5130147933959961,8.611263275146484
3466426163.0,-0.3905855119228363,1.3435051441192627,10.143705368041992,3.0118629932403564,0.0200175270438194,8.598943710327148
3466434496.0,-0.3136957287788391,1.511154294013977,10.249274253845217,2.985044240951538,-0.5676113963127136,8.488391876220703
3466442829.0,-0.338353157043457,1.5119832754135132,10.031847953796388,2.826620578765869,-0.7356152534484863,8.358834266662598
3466451162.0,-0.0863949730992317,1.4063475131988523,9.779882431030272,3.046314001083374,-0.5076485276222229,8.462725639343262
3466459495.0,-0.1715994030237198,1.275608777999878,9.7179536819458,2.9959561824798584,-0.8286205530166626,8.395513534545898
3466467828.0,-0.2395658493041992,1.086346983909607,9.620842933654783,3.159836530685425,-0.6179691553115845,8.459320068359375
3466476161.0,-0.3343342244625091,1.3217929601669312,9.880207061767578,3.215393543243408,-0.282806783914566,8.398305892944336
3466484494.0,-0.356377363204956,1.5852982997894287,10.053468704223633,3.540233373641968,-0.2648768126964569,8.226869583129883
3466492827.0,-0.4194973409175873,1.436941623687744,10.225546836853027,3.358115673065185,-0.8069252967834473,8.252432823181152
3466501160.0,-0.2975376844406128,1.257514715194702,9.994872093200684,3.147157430648804,-0.9740069508552552,8.228508949279785
3466509493.0,-0.1166515946388244,1.1875637769699097,10.156301498413086,3.392310857772827,-1.0964174270629885,8.221772193908691
3466517826.0,0.0261955503374338,1.376046061515808,9.86195945739746,3.4123926162719727,-1.071545958518982,8.124361991882324
3466526159.0,0.0456205084919929,1.4786739349365234,9.806777954101562,3.2637789249420166,-0.6504991054534912,8.024620056152344
3466534492.0,-0.0296220928430557,1.6856001615524292,9.945676803588867,2.811943769454956,-0.3077550232410431,8.06657600402832
3466542825.0,-0.2544695138931274,1.695889592170715,10.199347496032717,2.5491416454315186,-0.2870331406593323,8.092037200927734
3466551158.0,-0.3126962184906006,1.5266603231430054,10.40144157409668,2.4962737560272217,-0.1341673731803894,8.091011047363281
3466559491.0,-0.1403473168611526,1.199529767036438,10.35984992980957,2.427730321884156,-0.2320137619972229,8.115755081176758
3466567824.0,0.0863711088895797,1.225824236869812,10.15253734588623,2.2178726196289062,-0.8289790749549866,8.09006404876709
3466576157.0,0.1419248580932617,1.145139217376709,9.740928649902344,2.344202041625977,-0.5404604077339172,8.093009948730469
3466584490.0,0.2218795865774154,1.2328468561172483,9.658713340759276,2.378217935562134,0.1459627151489257,7.933356285095215
3466592823.0,0.0745307579636573,0.9016624689102172,9.802081108093262,2.25854754447937,0.2970098257064819,7.894320011138916
3466601156.0,-0.1284296959638595,1.0569984912872314,9.778449058532717,2.3497345447540283,0.3578948676586151,7.903258800506592
3466609489.0,0.010857667773962,1.00958251953125,9.967257499694824,2.355523109436035,0.2091530114412307,8.036529541015625
3466617822.0,0.1545346677303314,1.46681809425354,9.914080619812012,2.501985788345337,-0.0099895521998405,8.053204536437988
3466626155.0,0.1689737737178802,1.122300624847412,9.92192840576172,2.43497896194458,0.5436493158340454,8.129280090332031
3466634488.0,0.0108519084751605,1.230505108833313,9.893322944641112,2.621168851852417,0.7695668935775757,8.003385543823242
3466642821.0,0.083736702799797,0.9633592963218688,10.152173042297363,2.919165134429932,0.8979710340499878,8.09731388092041
3466651154.0,0.1959875226020813,1.2420905828475952,9.860623359680176,2.866476058959961,0.1163782775402069,7.943831920623779
3466659487.0,0.4523580372333526,1.135991454124451,9.606879234313965,2.981919527053833,0.4572013020515442,7.955461025238037
3466667820.0,0.281410276889801,1.1198245286941528,9.492663383483888,3.112731456756592,1.1723507642745972,7.939657688140869
3466676153.0,-0.0385426618158817,1.1041918992996216,9.72723388671875,3.1448256969451904,2.05901312828064,8.01765251159668
3466684486.0,-0.1906712651252746,1.3863166570663452,10.060884475708008,3.1853220462799072,1.891598343849182,7.8834333419799805
3466692819.0,-0.137944221496582,1.4859330654144287,10.138479232788086,3.3771471977233887,1.206699252128601,7.769245624542236
3466701152.0,0.0909460186958313,1.24306321144104,9.99380588531494,3.46216082572937,0.9670781493186952,7.683924674987793
3466709485.0,0.2229608744382858,1.0846595764160156,9.551684379577637,3.195798873901367,1.4154554605484009,7.651369094848633
3466717818.0,-0.0549027472734451,1.1645596027374268,9.83280086517334,3.443232297897339,2.034884452819824,7.57696008682251
3466726151.0,-0.2006661593914032,1.406692385673523,9.703506469726562,3.187499523162842,2.1450514793396,7.575089454650879
3466734484.0,-0.3431104719638824,1.5774390697479248,10.27046012878418,3.0383734703063965,1.80046284198761,7.412746429443359
3466742817.0,-0.1152059361338615,1.6486097574234009,10.114401817321776,2.6475517749786377,1.6718028783798218,7.279912948608398
3466751150.0,-0.0946287214756012,1.8952704668045044,10.17796516418457,2.4255530834198,1.5510573387145996,7.322226524353027
3466759483.0,-0.0842270702123642,1.7662007808685305,10.044296264648438,2.2868263721466064,1.9682364463806152,7.16349458694458
3466767816.0,-0.2244479656219482,1.1205395460128784,10.128792762756348,1.5799503326416016,1.9473353624343872,7.20278787612915
3466776149.0,-0.2494303584098816,1.0683144330978394,9.897482872009276,1.6929091215133667,1.982298731803894,7.31364631652832
3466784482.0,-0.266124427318573,0.9642404317855836,10.05350112915039,1.886219501495361,2.0356271266937256,7.171077251434326
3466792815.0,-0.2207785248756408,1.2652140855789185,9.977294921875,1.9774061441421509,1.9413926601409912,6.987397193908691
3466801148.0,-0.1773107051849365,1.0691746473312378,9.912768363952637,1.9681081771850584,1.94646430015564,6.966855049133301
3466809481.0,-0.1803425550460815,1.0140116214752195,9.953805923461914,1.780125379562378,2.115518093109131,6.882097244262695
3466817814.0,-0.2959406673908233,0.9334441423416138,9.83124828338623,1.7350443601608276,2.1679248809814453,7.010988235473633
3466826147.0,-0.352526843547821,1.2903752326965332,9.84979248046875,1.8331981897354128,2.334392070770264,7.171231746673584
3466834480.0,-0.3610703349113464,1.206023931503296,9.97226333618164,1.9857052564620967,2.048613786697388,7.0243330001831055
3466842813.0,-0.4087189733982086,1.2945923805236816,10.013872146606444,1.6058719158172607,1.9298663139343264,6.919186592102051
3466851146.0,-0.3498530089855194,1.191275715827942,9.93649673461914,1.864908456802368,2.119872570037842,7.045900344848633
3466859479.0,-0.3536441028118133,1.401482105255127,10.064437866210938,1.921797752380371,2.0184147357940674,6.952946186065674
3466867812.0,-0.3480574190616607,1.140021562576294,9.90111255645752,2.033783197402954,1.5662208795547483,6.989599227905273
3466876145.0,-0.3341686725616455,1.146759867668152,9.68542766571045,1.657817244529724,1.5236756801605225,7.036166191101074
3466884478.0,-0.323450893163681,0.7302873134613037,9.577207565307615,1.932914137840271,1.7085846662521362,7.027380466461182
3466892811.0,-0.5121705532073975,0.8963793516159058,9.514771461486816,2.2300140857696533,2.096819877624512,6.917521953582764
3466901144.0,-0.5531818270683289,0.6700016260147095,9.68314266204834,2.612460136413574,1.964317798614502,7.025947570800781
3466909477.0,-0.5583096742630005,0.940058708190918,9.72182559967041,2.389103889465332,1.3593347072601318,6.819675445556641
3466917810.0,-0.4376091659069061,1.1364647150039673,9.714545249938965,2.6870996952056885,1.4700138568878174,6.793983936309815
3466926143.0,-0.5231886506080627,1.184454083442688,9.908156394958496,2.804797410964966,1.3252934217453003,6.645729064941406
3466934476.0,-0.4990165531635284,0.989878237247467,9.803303718566896,2.832486629486084,1.3528798818588257,6.688197135925293
3466942809.0,-0.5309107899665833,0.9123061299324036,9.717368125915527,2.7124581336975098,0.7783269882202148,6.590786457061768
3466951142.0,-0.4419353604316711,0.7952402234077454,9.529680252075195,2.8291306495666504,0.9173867106437684,6.697751522064209
3466959475.0,-0.5357811450958252,1.127712965011597,9.664514541625977,2.940911293029785,0.8687964677810669,6.583102226257324
3466967808.0,-0.5303872227668762,1.1826869249343872,9.732037544250488,2.7571804523468018,0.6973347663879395,6.529491901397705
3466976141.0,-0.6444693207740784,1.150285005569458,9.777361869812012,2.220408201217652,0.6244109869003296,6.381261348724365
3466984474.0,-0.3419903814792633,1.1653401851654053,9.80487060546875,2.121358156204224,0.6175720691680908,6.433361530303955
3466992807.0,-0.4064195156097412,1.133039116859436,10.04730224609375,2.121204376220703,0.2794897258281708,6.379571437835693
3467001140.0,-0.4357257485389709,1.1685853004455566,9.749672889709473,2.04922866821289,0.5367847084999084,6.401804447174072
3467009473.0,-0.4511851966381073,1.1195980310440063,10.02705192565918,2.270893812179565,0.4166539311408996,6.327855587005615
3467017806.0,-0.4261282086372375,0.8535937070846558,9.822145462036133,2.0298895835876465,0.1239600926637649,6.337000370025635
3467026139.0,-0.4691645801067352,1.006994128227234,9.78573989868164,1.917724847793579,-0.0182373337447643,6.320427417755127
3467034472.0,-0.4833965897560119,1.105860471725464,9.772017478942873,1.800847053527832,0.6493848562240601,6.570140361785889
3467042805.0,-0.4124265909194946,1.1199153661727903,10.270320892333984,1.8140385150909424,0.56375652551651,6.374908924102783
3467051138.0,-0.3662651777267456,1.1028350591659546,10.171317100524902,1.883683562278748,0.03203060105443,6.369427680969238
3467059471.0,-0.317336767911911,1.015431523323059,10.064319610595703,1.987472414970398,-0.0379602946341037,6.432131290435791
3467067804.0,-0.5346545577049255,1.1658402681350708,9.815167427062988,2.1621615886688232,0.3034902513027191,6.373193264007568
3467076137.0,-0.6088758111000061,1.1947448253631592,9.854474067687988,2.043875217437744,0.4209315776824951,6.455312728881836
3467084470.0,-0.4871971905231476,1.12604558467865,9.991950035095217,1.7868107557296753,-0.4090849161148071,6.359617710113525
3467092803.0,-0.3507108688354492,0.9720011949539183,9.99040699005127,1.851921916007996,-0.6947605609893799,6.448959827423096
3467101136.0,-0.1390625387430191,0.8008943200111389,9.505117416381836,2.2823948860168457,-0.2670539915561676,6.538661003112793
3467109469.0,-0.2442957460880279,0.5116615891456604,9.526408195495604,2.662817478179932,0.144169732928276,6.444401264190674
3467117802.0,-0.2291873693466186,0.8907423615455627,9.533479690551758,2.624933958053589,0.1719099134206771,6.4614338874816895
3467126135.0,-0.0519193299114704,0.9889113306999208,9.868956565856934,2.7710883617401123,-0.0709258094429969,6.401880264282227
3467134468.0,-0.0445369966328144,1.402393460273743,9.749074935913086,2.840733766555786,0.2536193430423736,6.308414459228516
3467142801.0,-0.3735739886760711,1.0954935550689695,9.917213439941406,2.964245319366455,0.9408493041992188,6.308901309967041
3467151134.0,-0.4411200582981109,1.1452250480651855,10.011587142944336,2.778388977050781,1.068075180053711,6.316407203674316
3467159467.0,-0.1977740824222564,0.7438740134239197,10.220667839050291,2.887556791305542,0.0634336546063423,6.303061485290527
3467167800.0,-0.0194926802068948,1.079593300819397,9.793608665466309,2.8714709281921387,-0.4321377575397491,6.3206071853637695
3467176133.0,0.1075964048504829,1.1065338850021362,9.406021118164062,2.9708285331726074,0.6190575957298279,6.355031967163086
3467184466.0,-0.1454932540655136,1.3891860246658323,9.68026351928711,2.793219327926636,1.2700691223144531,6.186593532562256
3467192799.0,-0.2332495898008346,1.06544029712677,9.825176239013672,2.5031638145446777,1.064002513885498,6.259286403656006
3467201132.0,-0.2007009536027908,1.2894015312194824,10.057955741882324,2.0982542037963867,0.7597822546958923,6.1009135246276855
3467209465.0,-0.3739689588546753,1.1290196180343628,10.139460563659668,2.1329867839813232,1.269479751586914,6.2313151359558105
3467217798.0,-0.5580676794052124,1.4381684064865112,10.25150203704834,2.1303486824035645,1.5340749025344849,6.128269672393799
3467226131.0,-0.4219545125961303,1.143516182899475,10.410037994384766,1.9887020587921145,0.7665956020355225,6.228908061981201
3467234464.0,-0.2580569088459015,1.1427110433578491,9.999451637268066,1.6127362251281738,-0.0474887900054454,6.141333103179932
3467242797.0,-0.0835247784852981,0.923135221004486,9.495969772338867,1.6958543062210083,0.5321741700172424,6.269198894500732
3467251130.0,-0.2682111263275146,0.8964505791664124,9.765893936157228,1.7199573516845703,1.3424291610717771,6.295120716094971
3467259463.0,-0.1880347281694412,0.956267237663269,9.959379196166992,1.7882707118988037,1.488200068473816,6.428392887115479
3467267796.0,-0.4724872410297394,1.0980497598648071,10.223649978637695,1.65830397605896,0.8898001909255981,6.370888233184815
3467276129.0,-0.5739840269088745,1.0982264280319214,9.911039352416992,1.9903669357299805,1.2066736221313477,6.369683265686035
3467284462.0,-0.8922591209411621,1.0406440496444702,10.071791648864746,2.050381183624268,1.325498342514038,6.486894607543945
3467292795.0,-0.7935075759887695,0.9092998504638672,10.113677024841309,1.9565049409866333,0.9145178198814392,6.589658737182617
3467301128.0,-0.6058851480484009,1.024185061454773,10.130011558532717,1.9078121185302728,-0.0378322266042232,6.477340698242188
3467309461.0,-0.3522729873657226,1.0119041204452517,9.688096046447754,2.226555347442627,-0.2800660133361816,6.458872318267822
3467317794.0,-0.3799232542514801,1.0211714506149292,9.915522575378418,2.383314847946167,0.4901923835277557,6.514224529266357
3467326127.0,-0.2561181783676147,1.2686586380004885,10.027090072631836,2.325939178466797,0.8017640113830566,6.465429782867432
3467334460.0,-0.286512553691864,1.6088567972183228,10.254642486572266,2.477754831314087,0.1002413183450698,6.281161785125732
3467342793.0,-0.4471995532512665,1.388792634010315,9.99965476989746,2.139108657836914,0.4231087267398834,6.272631168365479
3467351126.0,-0.7142130732536316,1.024913311004639,10.34227180480957,2.0065038204193115,1.3959629535675049,6.330544948577881
3467359459.0,-0.6072238683700562,0.9686892032623292,10.610429763793944,2.228938102722168,0.9163877367973328,6.395785331726074
3467367792.0,-0.5396082997322083,1.211029052734375,10.704753875732422,2.483748435974121,-0.2711266577243805,6.405082702636719
3467376125.0,-0.3035298883914947,1.307862639427185,9.806833267211914,2.386542320251465,-0.4744524657726288,6.274553298950195
3467384458.0,-0.2651703059673309,1.4657831192016602,9.79612922668457,1.8700824975967407,0.3507485389709472,6.130702972412109
3467392791.0,-0.1631776988506317,1.7125625610351562,9.871828079223633,1.616014838218689,1.023147702217102,6.351010799407959
3467401124.0,-0.3670571446418762,1.5490387678146362,10.15678882598877,1.124067783355713,0.5929823517799377,6.186080455780029
3467409457.0,-0.4691053032875061,1.5366947650909424,9.940624237060549,1.1488624811172483,0.5058171153068542,6.118869781494141
3467417790.0,-0.729675829410553,0.9694454669952391,9.96198272705078,0.9017364978790284,0.5042547583580017,6.2070088386535645
3467426123.0,-0.7966368794441223,0.8066530227661133,9.864145278930664,0.6825810074806213,0.6024340391159058,6.215307712554932
3467434456.0,-0.7797274589538574,0.8841313719749451,10.00398063659668,1.176039218902588,-0.1706932634115219,6.256929874420166
3467442789.0,-0.7392576336860657,0.8469865918159485,9.85521125793457,1.3047764301300049,-0.7348724603652954,6.122199058532715
3467451122.0,-0.5396007299423218,0.489309549331665,9.874006271362305,1.295785665512085,-0.7849226593971252,6.228703022003174
3467459455.0,-0.2426956593990326,0.5267550349235535,9.715360641479492,1.4118437767028809,-0.7216298580169678,6.303727149963379
3467467788.0,-0.1931822597980499,0.5639055967330933,9.840394020080566,1.8624751567840576,-0.5258346796035767,6.243585586547852
3467476121.0,-0.3680330812931061,1.1265121698379517,9.699904441833496,1.9060192108154297,-0.2154413312673568,6.224655628204346
3467484454.0,-0.6451327204704285,1.0088016986846924,9.982536315917969,1.901408553123474,0.1103589311242103,6.297246932983398
3467492787.0,-0.9326651692390442,1.1680196523666382,10.371171951293944,1.7787420749664309,-0.1775835007429123,6.368941307067871
3467501120.0,-0.8906738758087158,1.0430947542190552,10.397329330444336,1.5771068334579468,-0.7617160677909851,6.3439154624938965
3467509453.0,-0.6940977573394775,1.2278506755828855,10.228532791137695,1.799720048904419,-1.74455988407135,6.490429401397705
3467517786.0,-0.5098753571510315,1.2039635181427002,9.920662879943848,1.9809154272079468,-2.128363847732544,6.502161026000977
3467526119.0,-0.3107065558433532,1.234123945236206,9.636629104614258,1.6252615451812744,-1.653398871421814,6.435512542724609
3467534452.0,-0.1542414128780365,1.119897723197937,9.768141746520996,1.5673221349716189,-0.9476754069328308,6.439533710479736
3467542785.0,-0.2096052169799804,1.4327802658081057,9.8225736618042,1.6567671298980713,-0.6677630543708801,6.494680881500244
3467551118.0,-0.2858715951442718,1.2174861431121826,10.05700397491455,1.581640601158142,-0.5975288152694702,6.449497699737549
3467559451.0,-0.5439684987068176,1.3248249292373655,10.183368682861328,1.3140997886657717,-0.7310046553611755,6.305135726928711
3467567784.0,-0.4064060747623443,0.8784061670303345,10.266432762145996,1.2702739238739014,-0.8809502124786377,6.384258270263672
3467576117.0,-0.2613730132579803,1.0209285020828247,10.143269538879396,1.693626046180725,-1.358988642692566,6.356978893280029
3467584450.0,-0.0402567200362682,0.5395424962043762,9.641404151916504,1.7152700424194336,-1.3606537580490112,6.353111267089844
3467592783.0,0.1329604536294937,0.6553772687911987,9.463056564331056,1.687427282333374,-0.859101414680481,6.375907897949219
3467601116.0,0.4138371646404266,0.7430509328842163,9.65066909790039,2.1182332038879395,-0.4251194298267364,6.379211902618408
3467609449.0,0.3469580411911011,0.8884871602058411,9.655596733093262,2.0071187019348145,-0.3950995504856109,6.195481300354004
3467617782.0,0.3381753265857696,0.7675890326499939,9.542136192321776,2.130194664001465,0.5490025877952576,6.262692928314209
3467626115.0,0.0934670865535736,0.8385806083679199,9.806370735168455,2.037778854370117,1.0288084745407104,6.223298072814941
3467634448.0,-0.0834976211190223,0.7304494976997375,9.801348686218262,1.9890352487564087,1.1967355012893677,6.2715559005737305
3467642781.0,-0.0091515248641371,1.056193232536316,9.934239387512209,2.411336898803711,0.5360162854194641,6.079064846038818
3467651114.0,0.0395175665616989,0.4838008880615234,9.477289199829102,2.5998318195343018,0.325749009847641,6.145328521728516
3467659447.0,0.5574648380279541,0.0925639569759368,9.709909439086914,2.72792911529541,0.6837592720985413,6.342533588409424
3467667780.0,0.8181527256965637,0.428885668516159,9.349043846130373,2.792399644851685,1.0750166177749634,6.486433506011963
3467676113.0,0.3243339359760284,1.192257285118103,9.157217979431152,3.096825361251831,2.1641082763671875,6.349500179290772
3467684446.0,0.3317931890487671,1.299819827079773,9.50039005279541,3.1966700553894043,2.845831632614136,6.308851718902588
3467692779.0,0.4048190414905548,1.0594608783721924,9.769774436950684,2.5190703868865967,2.3352882862091064,6.324807643890381
3467701112.0,0.4443095922470093,0.8109825849533081,9.761106491088867,2.255269289016724,2.587050676345825,6.627953052520752
3467709445.0,-0.0905878320336341,1.1428463459014893,9.407519340515137,2.611307382583618,3.4595744609832764,6.60372257232666
3467717778.0,-0.2920943796634674,1.1789679527282717,9.629722595214844,3.1384737491607666,4.280279159545898,6.628925323486328
3467726111.0,-0.1242488175630569,0.7484796047210693,10.015796661376951,2.625241756439209,3.013374090194702,6.478878021240234
3467734444.0,0.5182304978370667,0.6989246606826782,9.3760404586792,2.2568063735961914,1.8996158838272093,6.483872413635254
3467742777.0,0.4509039223194122,0.7053939700126648,8.971993446350098,2.912787437438965,3.4863922595977783,6.484128952026367
3467751110.0,0.2156526297330856,1.0075775384902954,9.109862327575684,3.4540929794311523,5.815854072570801,6.585946559906006
3467759443.0,-0.1143500357866287,1.0774641036987305,10.128694534301758,3.3885459899902344,5.601616382598877,6.305290699005127
3467767776.0,-0.0255559142678976,1.129359006881714,10.145785331726074,2.975362777709961,4.165221214294434,6.251168251037598
3467776109.0,-0.182730495929718,1.0562044382095337,9.864484786987305,2.9841737747192383,4.338500499725342,6.276729583740234
3467784442.0,-0.3466624915599823,1.381480693817139,9.601275444030762,3.281017541885376,5.922767639160156,6.30060338973999
3467792775.0,-0.578934907913208,1.2253519296646118,10.29631805419922,3.227893114089966,5.660732746124268,6.2444047927856445
3467801108.0,-0.4435214698314667,1.1647965908050537,10.131643295288086,2.6346676349639893,4.222648143768311,6.192101001739502
3467809441.0,-0.1385985612869262,1.1444858312606812,9.81706714630127,2.6187100410461426,4.04004430770874,6.168178081512451
3467817774.0,-0.2120530009269714,1.5158008337020874,9.695377349853516,2.576984167098999,5.44598388671875,6.300756454467773
3467826107.0,-0.2458108961582183,1.5636802911758425,10.026854515075684,2.5519590377807617,6.092077732086182,6.101119041442871
3467834440.0,-0.5385411977767944,1.6394363641738892,10.257559776306152,1.916008710861206,5.420932292938232,5.971715450286865
3467842773.0,-0.8149630427360535,1.3159843683242798,10.195306777954102,1.4440923929214478,5.068122863769531,5.969744682312012
3467851106.0,-0.9408371448516846,1.473825454711914,10.015214920043944,1.6010560989379885,5.28671407699585,6.016924381256104
3467859439.0,-1.225935935974121,1.0399128198623655,10.21664810180664,1.8733102083206177,4.878398418426514,6.029860973358154
3467867772.0,-0.928250253200531,0.8010172247886658,10.014771461486816,1.4860483407974243,3.744942426681519,5.94356632232666
3467876105.0,-0.5596320629119873,0.5663321614265442,9.762938499450684,1.5766202211380005,3.013450860977173,5.99540901184082
3467884438.0,-0.8002283573150635,1.0263453722000122,9.260769844055176,1.7593010663986206,3.725885391235352,5.936957359313965
3467892771.0,-1.0913325548171997,1.0413812398910522,9.58864402770996,1.9278684854507449,4.945661067962647,5.830300331115723
3467901104.0,-1.329750418663025,1.2715953588485718,10.257487297058104,1.8884481191635127,4.33342981338501,5.782452583312988
3467909437.0,-1.196502447128296,0.9985008835792542,10.368228912353516,1.6531811952590942,2.3344430923461914,5.882680416107178
3467917770.0,-1.137202262878418,1.157093167304993,9.90831184387207,1.7032824754714966,1.5947550535202026,5.884319305419922
3467926103.0,-1.2716710567474363,0.8007984757423401,9.58608055114746,2.0645456314086914,2.4353628158569336,6.065898895263672
3467934436.0,-1.3031548261642456,0.784733235836029,9.869781494140623,2.128811836242676,2.073920488357544,6.0841875076293945
3467942769.0,-1.053295373916626,0.4656451642513275,9.64781665802002,2.0939762592315674,0.5973879098892212,6.136055946350098
3467951102.0,-0.9546301364898682,0.690318763256073,9.42682933807373,2.3188693523406982,-0.0702342391014099,6.103091239929199
3467959435.0,-1.153583526611328,0.584924578666687,9.248167991638184,2.460823774337769,1.0312162637710571,6.085596561431885
3467967768.0,-1.3725180625915527,1.0852748155593872,9.84854221343994,2.8423731327056885,1.0190752744674685,6.13014030456543
3467976101.0,-1.3285523653030396,1.0657169818878174,10.12109375,2.510514974594116,-0.2998658120632171,6.09102725982666
3467984434.0,-1.3260036706924438,1.1087515354156494,9.878097534179688,2.3049864768981934,-1.5603935718536377,6.007139682769775
3467992767.0,-1.259217619895935,0.7138279676437378,9.462331771850586,2.4824676513671875,-1.4866502285003662,6.01861572265625
3468001100.0,-1.1403223276138306,0.8188413381576538,9.629683494567873,2.612690687179565,-1.502633571624756,5.916389465332031
3468009433.0,-0.90426105260849,0.8794071674346924,9.565473556518556,2.4278836250305176,-2.315040111541748,6.029757022857666
3468017766.0,-0.8597586750984192,1.051417112350464,9.465616226196287,2.3297557830810547,-2.9640283584594727,5.892568111419678
3468026099.0,-0.6900137662887573,0.9500072002410888,9.488966941833496,2.156014204025269,-2.476973295211792,5.924482822418213
3468034432.0,-0.6658987998962402,0.9522610902786256,9.683511734008787,2.081425428390503,-2.234893321990967,5.880067348480225
3468042765.0,-0.5722069144248962,0.8254884481430054,9.775409698486328,2.040954828262329,-2.7069122791290283,5.917566776275635
3468051098.0,-0.766211986541748,0.984010636806488,9.671968460083008,1.9264849424362185,-3.017587184906006,5.71150016784668
3468059431.0,-0.6919876933097839,0.7496161460876465,9.602046012878418,1.933964252471924,-2.848200559616089,5.645389556884766
3468067764.0,-0.6475492119789124,0.546091616153717,9.878562927246094,1.9789940118789675,-3.156954288482666,5.57743501663208
3468076097.0,-0.3624523878097534,0.4224155843257904,9.73166847229004,2.0076823234558105,-3.414762020111084,5.59029483795166
3468084430.0,-0.1211637705564498,0.4207739233970642,9.534771919250488,2.203451633453369,-3.636914014816284,5.4474687576293945
3468092763.0,0.1753751337528228,0.5813093781471252,9.47524642944336,2.5199668407440186,-3.251009702682495,5.557789325714111
3468101096.0,-0.0298820901662111,0.6845369935035706,9.651774406433104,2.53315806388855,-2.6468727588653564,5.546622276306152
3468109429.0,-0.2305080294609069,0.7009180188179016,9.88891887664795,2.4827749729156494,-1.9905848503112795,5.427183151245117
3468117762.0,-0.3065932691097259,0.7819706201553345,10.226219177246094,2.639636754989624,-2.002802848815918,5.297497749328613
3468126095.0,-0.0599661767482757,0.7850304841995239,10.329375267028809,2.513972759246826,-2.526280641555786,5.401849269866943
3468134428.0,-0.0983907058835029,0.6572461128234863,10.256516456604004,2.4443023204803467,-2.5666232109069824,5.278286457061768
3468142761.0,0.0774600654840469,0.7419172525405884,9.966864585876465,2.61719822883606,-1.8592346906661987,5.4489288330078125
3468151094.0,0.0275725778192281,0.6245239973068237,10.257664680480955,2.877183198928833,-1.5867252349853516,5.344449520111084
3468159427.0,0.2476096600294113,0.5671876072883606,10.042840003967283,2.8360462188720703,-1.9353089332580569,5.406972885131836
3468167760.0,0.1906263381242752,0.5715299844741821,9.879210472106934,2.8014163970947266,-1.6882343292236328,5.226700305938721
3468176093.0,0.1523163020610809,0.807390570640564,9.965901374816896,2.9734416007995605,-0.2872124314308166,5.283436298370361
3468184426.0,-0.05641920119524,0.9203667044639589,10.506815910339355,3.1613731384277344,0.2947302162647247,5.152751922607422
3468192759.0,-0.0809706822037696,1.1041864156723022,10.926901817321776,3.0160887241363525,0.0844117179512977,5.125959396362305
3468201092.0,-0.0453835017979145,0.9791852831840516,10.797218322753906,2.7492659091949463,-0.2309891879558563,5.050115585327148
3468209425.0,0.2301173210144043,1.2184420824050903,10.542963027954102,2.8405802249908447,0.2629429399967193,5.043839931488037
3468217758.0,0.172758087515831,0.9596900939941406,10.4656400680542,2.853156805038452,0.5670350790023804,5.009439468383789
3468226091.0,0.0200946703553199,0.940164029598236,10.119098663330078,2.5362319946289062,1.1966073513031006,4.965972423553467
3468234424.0,-0.0767360106110572,0.7014784216880798,10.207012176513672,2.689533233642578,1.349345088005066,4.96481990814209
3468242757.0,-0.1719441562891006,0.9363408088684082,10.21798610687256,2.5298025608062744,1.589043140411377,4.837671279907227
3468251090.0,-0.1792803704738617,1.0160850286483765,10.324995040893556,2.4496302604675293,1.9461567401885984,4.911209583282471
3468259423.0,-0.3115245103836059,1.3443152904510498,10.278278350830078,2.282343864440918,1.892008304595948,4.76300573348999
3468267756.0,-0.3905886709690094,0.9749420285224916,10.37485694885254,2.180783271789551,2.14925217628479,4.7383131980896
3468276089.0,-0.5050446391105652,0.7885102033615112,10.184701919555664,2.114775419235229,2.096743106842041,4.797354221343994
3468284422.0,-0.5725148916244507,0.5699676275253296,10.212945938110352,2.1796815395355225,2.2472519874572754,4.881983280181885
3468292755.0,-0.7504686117172241,0.760104775428772,10.023226737976074,2.2792441844940186,2.034909963607788,4.917766571044922
3468301088.0,-0.5203831791877747,0.7061604261398315,10.105351448059082,2.3249402046203613,2.155578851699829,4.725813865661621
3468309421.0,-0.371875911951065,0.7645751237869263,10.207523345947266,2.349760055541992,1.953124046325684,4.780807495117188
3468317754.0,-0.2212006002664566,0.714076817035675,9.99570655822754,2.221356153488159,2.400911808013916,4.767257213592529
3468326087.0,-0.3453927338123321,1.0575342178344729,9.867932319641112,2.468149423599243,2.5996787548065186,4.890461921691895
3468334420.0,-0.5029976963996887,0.9442648887634276,9.882515907287598,2.572527408599853,2.775110483169556,4.9467878341674805
3468342753.0,-1.0025653839111328,0.7481333613395691,9.8993558883667,2.292768716812134,2.294331312179565,4.891255855560303
3468351086.0,-1.0264631509780884,0.7802205085754395,9.722147941589355,2.278245449066162,2.286518812179565,4.944533824920654
3468359419.0,-0.971080720424652,0.7552031874656677,9.798364639282228,2.6193501949310303,1.7949048280715942,5.042405605316162
3468367752.0,-0.5101694464683533,0.6043715476989746,9.445951461791992,2.635282516479492,1.1365678310394287,5.062410354614258
3468376085.0,-0.4947667717933655,0.2362773120403289,9.192343711853027,2.6121013164520264,1.0882848501205444,5.079905033111572
3468384418.0,-0.7231079339981079,0.504067063331604,8.99594783782959,2.9408600330352783,2.154144287109375,5.137767314910889
3468392751.0,-1.031767725944519,0.7635209560394287,9.764241218566896,3.3922085762023926,2.7939367294311523,5.079956531524658
3468401084.0,-1.1975154876708984,1.3301711082458496,10.384825706481934,3.2172632217407227,1.976740002632141,4.994584083557129
3468409417.0,-0.9808244705200196,1.1895053386688232,10.369001388549805,2.8767988681793213,0.9388514757156372,4.855857372283936
3468417750.0,-0.7366524338722229,1.245455265045166,9.941340446472168,2.5917892456054688,0.3636581003665924,4.806344509124756
3468426083.0,-0.5404180884361267,0.9648617506027222,9.519001960754396,2.582516670227051,0.8000734448432922,4.991304874420166
3468434416.0,-0.6655417680740356,1.0373362302780151,9.63511848449707,2.331907272338867,0.975607931613922,4.944226264953613
3468442749.0,-0.5828333497047424,0.9569856524467468,9.739028930664062,2.0651862621307373,0.9831640124320984,4.944713115692139
3468451082.0,-0.7189773917198181,0.887985110282898,9.760197639465332,1.893212080001831,0.7382405996322632,4.8390793800354
3468459415.0,-0.8109868764877319,0.7727317214012146,9.737533569335938,1.9796342849731443,1.233517289161682,4.911388397216797
3468467748.0,-1.0376044511795044,1.071353793144226,9.957256317138672,1.942570686340332,0.9329857230186462,4.730218887329102
3468476081.0,-1.1701480150222778,1.1934295892715454,10.002172470092772,1.81526792049408,0.7687472105026245,4.70022439956665
3468484414.0,-0.9489192366600036,1.053028225898743,9.77419090270996,1.4351017475128174,0.1687337905168533,4.434272289276123
3468492747.0,-0.6119004487991333,0.6981613039970398,9.848042488098145,1.3990367650985718,0.1365110725164413,4.489548206329346
3468501080.0,-0.473858892917633,0.3976047039031982,9.68189525604248,1.4511104822158811,0.2192450612783432,4.461346626281738
3468509413.0,-0.5294064879417419,0.5953515768051147,9.568981170654297,1.7056646347045898,0.6139091849327087,4.48867654800415
3468517746.0,-0.4800361096858978,0.6193401217460632,9.895923614501951,1.8891396522521973,0.4486717283725738,4.381122589111328
3468526079.0,-0.4857158660888672,0.6565587520599365,9.750329971313477,1.4907870292663574,0.1530066579580307,4.340652942657471
3468534412.0,-0.4295345246791839,0.6684582829475403,9.917037010192873,1.75848126411438,0.3433972597122192,4.2763352394104
3468542745.0,-0.5251508951187134,0.7538873553276062,9.875121116638184,1.9176225662231443,0.6746917963027954,4.311042785644531
3468551078.0,-0.6573888063430786,0.5489771366119385,10.005462646484377,1.938267707824707,0.7077597379684448,4.370006084442139
3468559411.0,-0.7350912690162659,0.5248948335647583,9.855097770690918,1.8129630088806152,0.1804907023906707,4.278614521026611
3468567744.0,-0.5377470850944519,0.4583683311939239,9.724370002746582,1.9725909233093264,0.1164039000868797,4.287323951721191
3468576077.0,-0.465541660785675,0.5031816959381104,9.513716697692873,2.151301383972168,0.17739138007164,4.156076431274414
3468584410.0,-0.3842361569404602,0.3834781646728515,9.48240852355957,2.2969181537628174,0.7026625275611877,4.226054668426514
3468592743.0,-0.451852023601532,0.3596791923046112,9.595370292663574,2.241642713546753,0.8078345656394958,4.177976608276367
3468601076.0,-0.4730383455753326,0.5056805610656738,9.700902938842772,2.5705552101135254,1.0581880807876587,4.120037078857422
3468609409.0,-0.4907344579696655,0.5534950494766235,9.913044929504396,2.744936943054199,1.0411291122436523,4.090452671051025
3468617742.0,-0.4425771236419678,0.7244307398796082,9.936925888061523,2.773317337036133,1.0679214000701904,4.104437351226807
3468626075.0,-0.3511978387832641,0.5388012528419495,10.14819622039795,2.760869026184082,0.6074031591415405,4.013353824615479
3468634408.0,-0.4074693024158478,0.7565644383430481,9.683277130126951,2.638432741165161,0.7667236924171448,3.9463727474212646
3468642741.0,-0.4606367945671081,0.7184101939201355,9.78853702545166,2.708052158355713,1.3726798295974731,3.918888568878174
3468651074.0,-0.6516409516334534,0.7533316612243652,9.815180778503418,2.4709157943725586,1.397679090499878,3.9206042289733887
3468659407.0,-0.524911642074585,0.4731914103031158,9.84300708770752,2.311185359954834,0.972098708152771,3.771350383758545
3468667740.0,-0.5900442600250244,0.3428281247615814,9.683978080749512,2.431239128112793,0.9209470748901368,3.787307977676392
3468676073.0,-0.6173673272132874,0.4019552171230316,9.632723808288574,2.7685787677764893,1.5860974788665771,3.898935079574585
3468684406.0,-0.64142906665802,0.6557286977767944,9.895888328552246,2.720757007598877,1.2244758605957031,3.850985288619995
3468692739.0,-0.6759788990020752,0.8454412221908569,9.949115753173828,2.5816972255706787,0.776841402053833,3.71674108505249
3468701072.0,-0.6466373801231384,0.6993145942687988,9.91464614868164,2.185291290283203,1.0666921138763428,3.707775831222534
3468709405.0,-0.6520404815673828,0.7570211291313171,10.03396987915039,2.251401662826538,1.3534690141677856,3.639155149459839
3468717738.0,-0.5306814312934875,0.4697803854942322,10.310169219970703,2.391716480255127,1.1947120428085327,3.673222303390503
3468726071.0,-0.5337493419647217,0.6132777333259583,10.078883171081545,2.2362637519836426,0.6738721132278442,3.751243352890015
3468734404.0,-0.3683590292930603,0.6151572465896606,9.920129776000977,2.356471300125122,0.8462814688682556,3.7631025314331055
3468742737.0,-0.5020817518234253,0.6491661667823792,9.759932518005373,2.2922821044921875,1.403160810470581,3.690179109573364
3468751070.0,-0.5530748963356018,0.4218749403953552,9.95437717437744,2.4063165187835693,1.6858136653900146,3.734952449798584
3468759403.0,-0.7344897985458374,0.2038618475198745,10.017184257507324,2.351809501647949,1.2797255516052246,3.7524471282958975
3468767736.0,-0.6373836398124695,0.3994535803794861,10.003625869750977,2.6608450412750244,1.219839572906494,3.91274094581604
3468776069.0,-0.6557825803756714,0.4346146881580353,10.067639350891112,2.635948419570923,0.9944855570793152,3.9663259983062735
3468784402.0,-0.5593047142028809,0.376442402601242,9.724411964416504,2.806077718734741,1.1287553310394287,3.874857664108277
3468792735.0,-0.4815840423107147,0.1823668479919433,9.674728393554688,3.1055850982666016,0.7691826820373535,4.114683151245117
3468801068.0,-0.6563701629638672,0.3398438692092895,9.606064796447754,3.236243486404419,1.0757081508636477,4.051416397094727
3468809401.0,-0.5947338342666626,0.4590122699737549,9.772650718688965,3.463595151901245,1.1729655265808103,4.048162937164307
3468817734.0,-0.6707096695899963,0.6750319600105286,9.983532905578612,3.558983087539673,1.1029105186462402,4.052799701690674
3468826067.0,-0.5429074764251709,0.622741162776947,10.07336139678955,3.593024015426636,0.977144718170166,4.064479351043701
3468834400.0,-0.6001827716827393,0.6766370534896851,9.981202125549316,3.568844556808472,0.9081655740737916,4.01637601852417
3468842733.0,-0.594422459602356,0.4929122030735016,9.906146049499512,3.6291911602020255,1.0691509246826172,4.0205512046813965
3468851066.0,-0.7288095355033875,0.5219666361808777,9.792369842529297,3.509265661239624,0.9023255109786988,3.897782325744629
3468859399.0,-0.6520359516143799,0.6977826356887817,9.722264289855955,3.578859567642212,0.934368908405304,3.965198993682861
3468867732.0,-0.503693163394928,0.5784894227981567,9.816052436828612,3.585442066192627,0.5250789523124695,3.8112058639526367
3468876065.0,-0.5059093832969666,0.7648826837539673,9.691133499145508,3.4302966594696045,0.889979362487793,3.933616161346436
3468884398.0,-0.6368415951728821,0.6670407056808472,9.816815376281738,3.434779167175293,1.3090026378631592,3.9856386184692383
3468892731.0,-0.710573673248291,0.8938292264938354,9.969070434570312,3.4329605102539062,1.0344692468643188,3.912356376647949
3468901064.0,-0.5452787280082703,0.8524871468544006,10.025805473327637,3.140164613723755,0.4394250214099884,3.8479626178741455
3468909397.0,-0.5669501423835754,1.1006537675857544,9.758761405944824,2.915271520614624,0.2848175168037414,3.771580934524536
3468917730.0,-0.4610907733440399,1.0762336254119873,9.718515396118164,3.007303476333618,1.2266528606414795,3.654575109481812
3468926063.0,-0.6256136298179626,0.7809388637542725,10.00625228881836,2.819192409515381,0.9427703022956848,3.803752422332764
3468934396.0,-0.7712116837501526,0.5095532536506653,9.850996971130373,2.378640651702881,0.971701681613922,3.866520166397095
3468942729.0,-0.6909982562065125,0.5488505363464355,9.83155632019043,2.6434531211853027,0.6360654830932617,3.805903911590576
3468951062.0,-0.5347966551780701,0.74736487865448,9.81130599975586,2.9855055809021,0.67402583360672,3.8167901039123535
3468959395.0,-0.3993691205978393,0.7452755570411682,9.744319915771484,2.7265970706939697,0.4796649813652038,3.700886011123657
3468967728.0,-0.4679483771324157,0.7559487223625183,9.567864418029783,2.6913774013519287,0.6974372863769531,3.7100555896759033
3468976061.0,-0.4612617790699005,0.6055465936660767,9.871572494506836,2.65147066116333,1.3288025856018066,3.7337489128112793
3468984394.0,-0.5743855834007263,0.5351330041885376,10.041596412658691,2.871368885040283,1.185823917388916,3.777677297592163
3468992727.0,-0.5986241698265076,0.6642348170280457,9.843199729919434,2.9075613021850586,0.7218731641769409,3.825345277786255
3469001060.0,-0.5441778302192688,0.5420438647270203,9.615047454833984,2.863863468170166,0.4317663311958313,3.843301057815552
3469009393.0,-0.6138634085655212,0.5105084776878357,9.456988334655762,2.9903724193573,1.0962508916854858,3.8607699871063232
3469017726.0,-0.3908651769161224,0.5168629884719849,9.889506340026855,3.1593234539031982,1.347449541091919,3.9080021381378174
3469026059.0,-0.5021738409996033,0.9044942259788512,9.97633934020996,3.2650339603424072,0.8993286490440369,3.8364100456237793
3469034392.0,-0.5103346705436707,1.0456819534301758,9.977937698364258,3.2354490756988525,1.080574870109558,3.916096210479736
3469042725.0,-0.5916001200675964,0.7653951048851013,9.935263633728027,3.010223388671875,1.1112864017486572,3.733390331268311
3469051058.0,-0.7662577033042908,0.8980840444564819,9.975727081298828,2.7254958152771,1.348781704902649,3.8467843532562256
3469059391.0,-0.6676008701324463,0.7397929430007935,10.061758995056152,2.9265925884246826,1.0403863191604614,3.912407875061035
3469067724.0,-0.7904343008995056,0.7394404411315918,9.92358112335205,2.983123779296875,0.7966155409812927,3.7735788822174072
3469076057.0,-0.5306200385093689,0.6101891398429871,9.863122940063477,2.814581871032715,0.8336793184280396,3.7864115238189697
3469084390.0,-0.7116553783416748,0.6196825504302979,9.872819900512695,2.650343418121338,1.0552936792373655,3.839535713195801
3469092723.0,-0.7000656127929688,0.7630603313446045,9.988364219665527,2.704184532165528,1.1687391996383667,4.054797649383545
3469101056.0,-0.651475191116333,0.5386059880256653,10.037057876586914,2.8955740928649902,0.6450304985046387,3.933847188949585
3469109389.0,-0.5264661908149719,0.596979022026062,9.88935661315918,2.6712958812713623,0.4710074067115783,3.855365753173828
3469117722.0,-0.3531609773635864,0.7558491826057434,9.827594757080078,2.6440422534942627,0.4657820761203766,3.8428139686584473
3469126055.0,-0.4831818342208862,1.0644830465316772,9.80344581604004,2.819089889526367,1.1404098272323608,3.682494878768921
3469134388.0,-0.5966857671737671,0.8580679297447205,9.97520637512207,2.5939154624938965,1.4110755920410156,3.749501466751098
3469142721.0,-0.7260574698448181,0.551472008228302,10.019940376281738,2.3275270462036133,0.8872387409210205,3.752037286758423
3469151054.0,-0.699632465839386,0.5470833778381348,10.049872398376465,2.422837972640991,0.7068377137184143,3.786949872970581
3469159387.0,-0.5227108597755432,0.2119747400283813,9.705578804016112,2.588100910186768,0.5261804461479187,3.729650497436523
3469167720.0,-0.449349969625473,0.565567672252655,9.630419731140137,2.7652487754821777,0.7011768817901611,3.873858690261841
3469176053.0,-0.2525944709777832,0.4807151556015014,9.751232147216797,2.636998414993286,0.9503266215324402,3.8220410346984863
3469184386.0,-0.3057456910610199,0.8689195513725281,9.58641242980957,2.5476558208465576,0.9864427447319032,3.7317512035369873
3469192719.0,-0.4787930846214294,0.7877355813980103,9.872422218322754,2.7050297260284424,1.3475521802902222,3.745172500610352
3469201052.0,-0.7224136590957642,0.5507071018218994,10.004222869873049,2.708333969116211,1.2355667352676392,3.8353092670440674
3469209385.0,-0.6920247673988342,0.703203558921814,9.947598457336426,2.572732448577881,1.0670506954193115,3.880390167236328
3469217718.0,-0.5902183055877686,0.6483392119407654,9.836669921875,2.7479851245880127,0.6551737189292908,3.9788002967834473
3469226051.0,-0.5257035493850708,0.710645854473114,9.439831733703612,2.736381769180298,0.5328145027160645,3.9626119136810303
3469234384.0,-0.5410279631614685,0.5025425553321838,9.606972694396973,2.809612512588501,1.1232483386993408,3.961280107498169
3469242717.0,-0.6146636009216309,0.4228026568889618,9.619836807250977,2.725239515304565,1.2700947523117063,3.933001756668091
3469251050.0,-0.5263296365737915,0.9229978322982788,9.799901962280272,3.032097816467285,1.2004494667053225,3.9080021381378174
3469259383.0,-0.5228336453437805,0.7963494658470154,10.022906303405762,3.183657169342041,0.8961524367332458,3.973369598388672
3469267716.0,-0.7931261658668518,0.9529555439949036,9.803505897521973,2.842552423477173,0.9663354754447936,3.8586950302124015
3469276049.0,-0.7612718343734741,0.9322317838668824,9.983040809631348,2.7284154891967773,1.425342679023743,3.8294694423675537
3469284382.0,-0.6716822981834412,0.9652135372161864,10.077309608459473,2.662945508956909,0.7361658811569214,3.7483997344970703
3469292715.0,-0.598167359828949,1.0004791021347046,9.71601104736328,2.4381039142608643,0.4971851706504822,3.7986810207366943
3469301048.0,-0.5793431401252747,0.5804991126060486,9.67662525177002,2.42429780960083,0.6959259510040283,3.803163290023804
3469309381.0,-0.6200265288352966,0.5730529427528381,9.59922695159912,2.250966310501098,0.8627514839172363,3.8188908100128174
3469317714.0,-0.5349245071411133,0.5769593715667725,9.867741584777832,2.354499101638794,0.9230986833572388,3.867608785629273
3469326047.0,-0.4581032395362854,0.6633539199829102,9.928165435791016,2.452115058898926,0.5282552242279053,3.707340478897095
3469334380.0,-0.4694656431674957,0.9495050311088562,9.842845916748049,2.3001456260681152,0.7993305921554565,3.6924076080322266
3469342713.0,-0.3844794631004333,0.7763451933860779,9.868939399719238,2.345226526260376,1.1303178071975708,3.673504114151001
3469351046.0,-0.5006190538406372,0.7421445250511169,9.948392868041992,2.329140901565552,1.0717124938964844,3.55557632446289
3469359379.0,-0.5250086784362793,0.4686163961887359,10.084352493286133,2.3600828647613525,1.2024987936019895,3.500121593475342
3469367712.0,-0.5112438797950745,0.4036144614219665,9.813309669494627,2.211878776550293,1.2533174753189087,3.521483898162842
3469376045.0,-0.328941285610199,0.4257395565509796,9.926596641540527,2.554392576217652,1.1561881303787231,3.670891523361206
3469384378.0,-0.1499605327844619,0.2627443075180053,9.878746032714844,2.772011041641236,0.8932068347930908,3.5065505504608154
3469392711.0,-0.2855243682861328,0.3345227539539337,9.771571159362791,2.832793474197388,1.3514198064804075,3.69927191734314
3469401044.0,-0.4276937246322632,0.498611718416214,9.738840103149414,3.0302536487579346,2.001176118850708,3.622710704803467
3469409377.0,-0.6775981187820435,0.6106464862823486,9.970090866088867,2.973287343978882,2.039853572845459,3.631317138671875
3469417710.0,-0.5816553235054016,0.9097588658332824,10.14305019378662,2.8421170711517334,1.6543080806732178,3.667151689529419
3469426043.0,-0.4476942121982574,0.7173069715499878,10.015462875366213,2.7664270401000977,1.016411304473877,3.840150594711304
3469434376.0,-0.560708224773407,0.9056100845336914,9.719661712646484,2.745192766189575,1.4047231674194336,3.731392145156861
3469442709.0,-0.7241399884223938,0.5740821361541748,9.602293968200684,2.716581583023072,2.242180347442627,3.933513641357422
3469451042.0,-0.9681528210639954,0.4916188716888428,9.825454711914062,2.5421743392944336,1.8108880519866943,3.8535211086273193
3469459375.0,-0.6630470156669617,0.5029829740524292,9.842665672302246,2.771524429321289,0.9796035885810852,3.896015167236328
3469467708.0,-0.4838439524173736,0.5023554563522339,9.78900146484375,2.863325595855713,0.629482626914978,3.838843822479248
3469476041.0,-0.6273789405822754,0.7304146885871887,9.623022079467772,3.0212886333465576,1.731586217880249,3.866455793380737
3469484374.0,-0.8682843446731567,0.4739181399345398,10.03703784942627,3.110707998275757,1.9635233879089355,3.900087118148804
3469492707.0,-1.1205744743347168,0.6853803992271423,10.007457733154297,3.031022310256958,1.097659707069397,3.9189398288726807
3469501040.0,-0.9715482592582704,0.5758162140846252,10.067975997924805,2.9769763946533203,0.6771764159202576,3.8965017795562735
3469509373.0,-0.7633328437805176,0.6559158563613892,9.951618194580078,3.0031285285949707,0.2275184392929077,3.69353461265564
3469517706.0,-0.7380069494247437,1.105087399482727,9.866372108459473,2.9928314685821533,0.5827366709709167,3.693636894226074
3469526039.0,-0.7443825602531433,0.918323576450348,10.010943412780762,2.927873611450196,0.7461042404174805,3.78613018989563
3469534372.0,-0.8201394081115723,0.8636996746063232,10.074600219726562,2.4694557189941406,0.5711590647697449,3.85270094871521
3469542705.0,-0.7297828197479248,0.7362180352210999,10.243654251098633,2.539433717727661,0.3011337518692016,3.827035665512085
3469551038.0,-0.7489314079284668,0.776202917098999,10.178656578063965,2.4229915142059326,0.2524667084217071,3.7697367668151855
3469559371.0,-0.5784838199615479,1.093735933303833,10.02535915374756,2.6172754764556885,0.2261865139007568,3.623069524765015
3469567704.0,-0.6958618760108948,1.0684726238250732,10.026183128356934,2.407597303390503,0.1064143478870391,3.5178465843200684
3469576037.0,-1.0245096683502195,0.9528302550315856,10.02039909362793,1.825334310531616,0.5372201800346375,3.6095705032348633
3469584370.0,-0.88785320520401,0.7776730060577393,10.252674102783203,1.749798059463501,0.7325286865234375,3.637054920196533
3469592703.0,-0.6785073280334473,0.69559246301651,10.4573392868042,2.1510963439941406,-0.554830014705658,3.6860294342041016
3469601036.0,-0.6233006119728088,0.8028773069381714,9.915842056274414,1.9082733392715447,-0.8032367825508118,3.637925624847412
3469609369.0,-0.4904572665691376,0.641140341758728,9.803160667419434,1.8588120937347408,-0.1294543445110321,3.655855417251587
3469617702.0,-0.4342640042304992,0.8340843915939331,9.716694831848145,1.9705159664154053,0.2023140490055084,3.7091591358184814
3469626035.0,-0.6437894105911255,0.6471685171127319,9.997733116149902,2.0183887481689453,-0.0405985601246356,3.655625343322754
3469634368.0,-0.9055144786834716,0.482465535402298,9.90045928955078,1.9467971324920648,-0.1476660668849945,3.6920485496521
3469642701.0,-0.97829669713974,0.7058507204055786,10.107523918151855,2.120794773101806,-0.0271767061203718,3.8263442516326895
3469651034.0,-0.8131206035614014,0.402594119310379,10.041765213012695,2.1894664764404297,-0.8016999959945679,3.836615562438965
3469659367.0,-0.6390986442565918,0.4117594957351684,9.561090469360352,2.2417707443237305,-1.2858089208602903,3.824934959411621
3469667700.0,-0.4485132992267608,0.228819727897644,9.470135688781738,2.491432905197144,-0.6501917839050293,3.822988748550415
3469676033.0,-0.4372931718826294,0.4773688912391662,9.589421272277832,2.790402173995972,-0.4806511402130127,3.861692190170288
3469684366.0,-0.6791321635246277,0.960749626159668,9.80776023864746,2.897956371307373,-0.3879788219928741,3.873474597930908
3469692699.0,-0.7366135120391846,0.8395897746086121,9.950864791870115,2.764890432357788,-0.2812955677509308,3.9441440105438232
3469701032.0,-0.830498993396759,0.636090874671936,10.23546314239502,2.523629903793335,-0.670170783996582,3.921372652053833
3469709365.0,-0.707488477230072,0.5597619414329529,9.833107948303224,2.5760109424591064,-0.904259443283081,3.964737892150879
3469717698.0,-0.7971652150154114,0.5318818092346191,9.967507362365724,2.745321035385132,-0.9104323983192444,3.8537771701812735
3469726031.0,-0.8676888942718506,0.895383894443512,9.878790855407717,2.697038173675537,-0.5304195880889893,3.98110556602478
3469734364.0,-0.6561915278434753,1.0042855739593506,10.288314819335938,2.3950719833374023,-1.1159610748291016,3.979748010635376
3469742697.0,-0.5494136214256287,0.8084025979042053,9.845508575439451,2.154093265533448,-1.5528374910354614,3.8883306980133057
3469751030.0,-0.5217724442481995,0.7047189474105835,9.770071029663086,2.3274502754211426,-0.9724700450897216,3.983205795288086
3469759363.0,-0.5599018931388855,0.4289494752883911,10.025626182556152,2.463923215866089,-0.6883057355880737,3.976289749145508
3469767696.0,-0.6806972026824951,0.7387883067131042,10.154738426208496,2.3225579261779785,-0.969703733921051,3.849422931671143
3469776029.0,-0.5460641384124756,0.7755428552627563,10.041666030883787,2.3722493648529053,-1.0987483263015747,3.795607089996338
3469784362.0,-0.5547928214073181,0.8393091559410095,9.976409912109377,2.371276378631592,-1.0558189153671265,3.733262300491333
3469792695.0,-0.5932309031486511,0.6241452693939209,9.964139938354492,2.347890615463257,-0.712203860282898,3.7504491806030273
3469801028.0,-0.4264403879642486,0.4254261255264282,10.271417617797852,2.146690607070923,-1.059353590011597,3.8468098640441895
3469809361.0,-0.4654738306999206,0.4734958410263061,10.07300090789795,2.336978912353516,-1.211066722869873,3.850985288619995
3469817694.0,-0.3408105671405792,0.5911825895309448,9.955141067504885,2.467572927474976,-0.9352653622627258,3.841751337051392
3469826027.0,-0.2950639426708221,0.5936585664749146,10.097366333007812,2.538025140762329,-0.7773920893669128,3.864048480987549
3469834360.0,-0.242784172296524,0.806031346321106,10.00590705871582,2.4282169342041016,-0.7680684924125671,3.7429702281951904
3469842693.0,-0.3267556726932525,0.8158444762229919,10.26159381866455,2.393765687942505,-0.3343938589096069,3.836820363998413
3469851026.0,-0.5655516982078552,0.7678218483924866,10.131134033203123,2.332470893859864,-0.0904950946569442,3.896783590316773
3469859359.0,-0.5509066581726074,0.7060533761978149,10.26880168914795,2.460695505142212,-0.1376252919435501,3.907541513442993
3469867692.0,-0.416360855102539,0.5103732347488403,9.935077667236328,2.43211030960083,-1.0202406644821167,4.100109100341797
3469876025.0,-0.4500757753849029,0.6560006737709045,9.502083778381348,2.3693552017211914,-0.7062869071960449,4.084151744842529
3469884358.0,-0.433714210987091,0.4418303072452545,9.910443305969238,2.4839017391204834,0.2033898383378982,4.076416015625
3469892691.0,-0.4244559109210968,0.6942734122276306,10.187902450561523,2.717068672180176,0.1231916695833206,4.144319534301758
3469901024.0,-0.4043675661087036,0.8636136054992676,10.254494667053224,2.8978793621063232,-0.2178490608930587,4.073317050933838
3469909357.0,-0.2135662138462066,0.7715165019035339,9.84506130218506,2.884380578994751,-0.3154136836528778,4.215270519256592
3469917690.0,-0.2849212288856506,0.6236255168914795,9.741899490356444,2.864503860473633,0.1979852169752121,4.23389196395874
3469926023.0,-0.2244726568460464,0.6345313191413879,9.885610580444336,2.899390697479248,0.5144747495651245,4.2704949378967285
3469934356.0,-0.2749775648117065,0.5843442678451538,9.936101913452148,3.24280047416687,0.0697603747248649,4.319853782653809
3469942689.0,-0.4215390086174011,0.9136500358581544,9.755744934082031,3.112398624420166,0.2085639089345932,4.239757537841797
3469951022.0,-0.3601234853267669,1.0622552633285522,9.857972145080566,3.033608675003052,0.6767408847808838,4.452765464782715
3469959355.0,-0.2948245406150818,0.8256022334098816,9.919734954833984,2.884303569793701,0.6667001843452454,4.553045749664307
3469967688.0,-0.2277685850858688,0.6338591575622559,9.920743942260742,2.7658374309539795,0.8864701986312866,4.592413902282715
3469976021.0,-0.0800781175494194,0.5454316735267639,9.936264991760254,3.197898626327514,0.8017896413803101,4.7054762840271
3469984354.0,-0.332218736410141,0.7764617204666138,9.796161651611328,3.3667993545532227,0.9623396992683412,4.752913475036621
3469992687.0,-0.3111408650875091,1.0381327867507937,9.95023250579834,3.195900678634644,1.3922233581542969,4.736776351928711
3470001020.0,-0.3131581842899322,0.9820938110351562,9.89270305633545,3.18719220161438,1.023327112197876,4.663007736206055
3470009353.0,-0.4181968569755554,0.8970328569412231,9.76634693145752,3.0724406242370605,1.2892796993255615,4.789259910583496
3470017686.0,-0.2326086312532425,0.6760005354881287,9.8738431930542,3.2519452571868896,1.500264286994934,4.889694213867188
3470026019.0,-0.2858854830265045,0.4940349161624908,9.77525234222412,3.0915746688842773,1.3756253719329834,5.020505905151367
3470034352.0,-0.2252097278833389,0.7479122281074524,9.91870403289795,3.2922616004943848,1.787604570388794,5.196833610534668
3470042685.0,-0.2064702808856964,0.7397462129592896,10.05784511566162,3.397254705429077,1.90315043926239,5.3196539878845215
3470051018.0,-0.3486028909683227,0.8786555528640747,9.83719539642334,3.7749874591827393,2.212416648864746,5.339632987976074
3470059351.0,-0.3015097379684448,0.8697569966316223,10.104534149169922,3.640000820159912,2.047640562057495,5.420984745025635
3470067684.0,-0.4675886631011963,0.9370264410972596,9.769811630249023,3.5319340229034424,2.0760977268218994,5.3981614112854
3470076017.0,-0.6241502165794373,1.0851294994354248,9.872052192687988,3.64691686630249,2.3857998847961426,5.640933990478516
3470084350.0,-0.3482475280761719,0.964063286781311,10.038043022155762,3.586057186126709,2.1961262226104736,5.733861446380615
3470092683.0,-0.3513831794261932,0.8794490694999695,9.709815979003906,3.5752224922180176,1.6187556982040403,5.737217903137207
3470101016.0,-0.4342210590839386,0.926378607749939,9.425024032592772,3.492770195007324,2.3040902614593506,5.882911682128906
3470109349.0,-0.4317882061004638,0.9342945218086244,9.60863208770752,3.79642653465271,2.71289324760437,5.906373500823975
3470117682.0,-0.6714555025100708,1.1033930778503418,9.85948657989502,3.859950304031372,2.4960944652557373,5.959420680999756
3470126015.0,-0.6843655109405518,1.2023513317108154,10.043963432312012,3.902137041091919,2.449144124984741,6.099915504455566
3470134348.0,-0.579944372177124,1.2024301290512085,9.977290153503418,3.951060771942138,2.237826347351074,6.265051364898682
3470142681.0,-0.6844907402992249,1.228344440460205,9.9158935546875,3.87298846244812,1.997052550315857,6.275040626525879
3470151014.0,-0.5114383101463318,1.3224319219589231,9.84345817565918,3.785335779190064,2.0939509868621826,6.203780651092529
3470159347.0,-0.4482215642929077,1.3167941570281982,9.817952156066896,3.715152978897095,1.9202609062194824,6.287232398986816
3470167680.0,-0.4714078903198242,1.4541524648666382,9.788037300109863,3.5609045028686523,2.311262369155884,6.541914939880371
3470176013.0,-0.3512014150619507,1.3640223741531372,9.793286323547363,3.454553604125977,2.4960176944732666,6.502366065979004
3470184346.0,-0.5332696437835693,1.2790380716323853,9.709283828735352,3.365570306777954,2.4314956665039062,6.532745838165283
3470192679.0,-0.453405499458313,1.4695816040039062,9.834957122802734,3.358680009841919,2.501678943634033,6.698904991149902
3470201012.0,-0.4497671723365783,1.2891453504562378,10.030909538269045,3.239061117172241,2.264567613601685,6.704616069793701
3470209345.0,-0.7114869356155396,1.45526385307312,9.660741806030272,3.2534055709838867,2.639534473419189,6.782945156097412
3470217678.0,-0.5537785887718201,1.4745266437530518,9.72574234008789,3.362957715988159,2.789710760116577,6.84421443939209
3470226011.0,-0.4260813891887665,1.418793559074402,9.593817710876465,3.2271249294281006,1.882787585258484,6.650084495544434
3470234344.0,-0.4908182322978973,1.5110419988632202,9.446261405944824,2.8997745513916016,2.1973299980163574,6.682843208312988
3470242677.0,-0.3300568759441376,1.5062583684921265,9.425454139709473,2.969163417816162,3.018880844116211,6.974153995513916
3470251010.0,-0.812296450138092,1.4803825616836548,9.733235359191896,2.9261314868927,2.9035398960113525,7.071026802062988
3470259343.0,-1.1232386827468872,1.6947628259658811,9.707408905029297,2.73405122756958,2.872035026550293,7.119541168212891
3470267676.0,-0.7269917130470276,1.4143891334533691,9.873248100280762,2.582850456237793,1.964650630950928,7.131170749664307
3470276009.0,-0.5588923096656799,1.3901774883270264,9.606160163879396,2.715378522872925,1.5336910486221311,7.039984226226807
3470284342.0,-0.497545063495636,1.200648546218872,9.502370834350586,2.807358503341675,2.225428581237793,7.394432067871094
3470292675.0,-0.6135706901550293,1.2169040441513062,9.564210891723633,3.005971193313598,2.470684766769409,7.4883856773376465
3470301008.0,-0.8625862002372742,1.558556079864502,9.54490089416504,3.000079870223999,2.109959602355957,7.555110454559326
3470309341.0,-0.6712820529937744,1.451266169548035,9.588994979858398,2.687150716781616,1.7178826332092283,7.597245216369629
3470317674.0,-0.4803785681724548,1.1371264457702637,9.435735702514648,2.6720128059387207,1.6491851806640625,7.649959564208984
3470326007.0,-0.6072825789451599,1.2846524715423584,9.207106590270996,2.9375557899475098,2.23160171508789,7.845217704772949
3470334340.0,-0.7786716818809509,1.209419846534729,9.61270236968994,3.182453393936157,2.7252140045166016,7.995650291442871
3470342673.0,-0.8622006773948669,1.507715344429016,9.679924011230469,3.281657695770264,1.9616789817810056,7.876365184783935
3470351006.0,-0.7204341888427734,1.5716723203659058,9.803452491760254,2.9381449222564697,1.325088381767273,8.077922821044922
3470359339.0,-0.5478790402412415,1.4747494459152222,9.688424110412598,2.9573044776916504,1.505156636238098,8.186066627502441
3470367672.0,-0.5516059994697571,1.5117024183273315,9.380975723266602,3.1991541385650635,1.9307116270065308,8.405990600585938
3470376005.0,-0.7895956635475159,1.5977203845977783,9.621759414672852,2.967601537704468,2.220818519592285,8.465672492980957
3470384338.0,-0.619982123374939,1.7215945720672607,9.896688461303713,2.792527675628662,1.741089105606079,8.317671775817871
3470392671.0,-0.7218173146247864,2.012786865234375,9.916163444519045,2.3991189002990723,1.6957006454467771,8.394463539123535
3470401004.0,-0.7171903252601624,1.942415356636048,10.09052848815918,2.1967153549194336,2.103940725326538,8.54643440246582
3470409337.0,-1.040913224220276,1.7512712478637695,9.838958740234377,2.092606544494629,2.1775176525115967,8.713990211486816
3470417670.0,-1.014396905899048,1.723725438117981,10.115087509155272,2.07397198677063,1.6129668951034546,8.726911544799805
3470426003.0,-0.906184732913971,1.4904263019561768,9.978034973144531,1.7821743488311768,0.77243572473526,8.779419898986816
3470434336.0,-0.9781424403190612,1.7133415937423706,9.78046417236328,1.7930094003677368,1.1997836828231812,8.767253875732422
3470442669.0,-0.8038103580474854,1.983966588973999,9.994075775146484,2.045565605163574,1.8509234189987185,8.81110668182373
3470451002.0,-0.8427106142044067,1.685844898223877,10.029973983764648,1.8973106145858765,1.2051626443862915,8.775297164916992
3470459335.0,-0.901375651359558,1.4825137853622437,9.901451110839844,1.436049461364746,0.8988932371139526,8.677705764770508
3470467668.0,-0.8243135213851929,1.6447845697402954,9.957626342773438,1.59511399269104,1.3416354656219482,8.983413696289062
3470476001.0,-1.0565884113311768,1.7168163061141968,10.136905670166016,1.9453883171081543,1.4178122282028198,9.057540893554688
3470484334.0,-1.2045235633850098,1.8396108150482176,10.033221244812012,1.95950186252594,1.3287001848220823,9.09165859222412
3470492667.0,-0.9816160798072816,1.5925487279891968,10.157791137695312,1.7555869817733765,0.4353779852390289,9.192373275756836
3470501000.0,-1.0942293405532837,1.4989677667617798,9.758715629577637,1.5508780479431152,0.3660658895969391,9.281511306762695
3470509333.0,-0.999614417552948,1.573359489440918,9.778078079223633,1.907479286193848,0.9006861448287964,9.600638389587402
3470517666.0,-1.035148859024048,1.5322518348693848,9.95687484741211,2.0667996406555176,0.4012341201305389,9.503482818603516
3470525999.0,-0.920806050300598,1.5840026140213013,9.968021392822266,2.22622299194336,-0.1832442432641983,9.627840995788574
3470534332.0,-0.7784603834152222,1.5390413999557495,9.616708755493164,2.046436548233032,-0.6559550166130066,9.8862886428833
3470542665.0,-0.9415521621704102,1.4069807529449463,9.411853790283203,2.157346248626709,0.3331515789031982,9.964385986328123
3470550998.0,-1.1373242139816284,1.699040412902832,9.708992004394531,2.4663310050964355,0.8091922402381897,10.122017860412598
3470559331.0,-0.9147090911865234,1.5554426908493042,10.212583541870115,2.6966798305511475,-0.1463597565889358,10.260461807250977
3470567664.0,-0.7570972442626953,1.6341711282730105,10.076995849609377,2.4683287143707275,-1.182481288909912,10.461790084838867
3470575997.0,-0.6308802366256714,1.7771124839782717,9.66666316986084,2.720142602920532,-0.5071107149124146,10.54967212677002
3470584330.0,-0.4909751713275909,1.6856430768966677,9.682644844055176,3.1001808643341064,0.0261393301188945,10.855019569396973
3470592663.0,-0.8502632975578308,1.5426539182662964,9.731602668762209,2.902182579040528,0.1319261193275451,10.839624404907228
3470600996.0,-0.8482542037963867,1.6051565408706665,9.924338340759276,2.75392746925354,-0.029200229793787,11.10299015045166
3470609329.0,-0.5572711825370789,1.7079676389694214,10.12508487701416,2.950823783874512,-0.4446887671947479,11.049558639526367
3470617662.0,-0.6569572687149048,1.9864994287490845,10.006892204284668,3.2222583293914795,-0.3208439350128174,11.287311553955078
3470625995.0,-0.7944268584251404,1.936444878578186,9.591221809387209,3.250101089477539,0.3186027109622955,11.40078353881836
3470634328.0,-0.8245680928230286,1.6600805521011353,9.67572784423828,2.9775400161743164,0.1738054305315017,11.650752067565918
3470642661.0,-0.5326233506202698,1.790347695350647,9.774369239807127,2.8577163219451904,-0.4751441478729248,11.715095520019531
3470650994.0,-0.4185956120491028,1.6549540758132937,9.643434524536133,3.05202579498291,-0.2624178230762481,11.853511810302734
3470659327.0,-0.7139185070991516,1.7253592014312744,9.435317039489746,3.643996477127075,0.1019318550825119,11.935197830200195
3470667660.0,-1.0263608694076538,1.8943194150924685,9.41340160369873,3.678909301757813,0.7659553289413452,12.157963752746582
3470675993.0,-0.8305981159210205,1.6937341690063477,9.937843322753906,3.478990077972412,-0.0736921727657318,12.198845863342283
3470684326.0,-0.5571409463882446,1.960501790046692,9.61892795562744,3.1235156059265137,-0.3870567381381988,12.367104530334473
3470692659.0,-0.3429445624351501,2.3082756996154785,9.790677070617676,3.58453369140625,0.4349810183048248,12.403566360473633
3470700992.0,-0.4554776549339294,2.157565832138061,9.945829391479492,3.91481614112854,0.880399763584137,12.746296882629396
3470709325.0,-0.805980920791626,2.0826849937438965,9.845697402954102,3.460111618041992,0.8789652585983276,12.724242210388184
3470717658.0,-0.9719721674919128,2.067909240722656,10.059880256652832,3.485636711120605,0.7919153571128845,12.950814247131348
3470725991.0,-0.8589641451835632,2.268639326095581,9.948687553405762,3.525978803634644,0.8061825037002563,13.088926315307615
3470734324.0,-0.575419545173645,2.4002156257629395,10.215076446533203,3.56779408454895,0.8503798246383667,13.159685134887695
3470742657.0,-0.1156800761818885,2.388662099838257,9.994213104248049,3.5480453968048096,0.5172411203384399,13.10653591156006
3470750990.0,-0.396191269159317,2.284390926361084,9.517688751220703,3.1884989738464355,0.775996208190918,13.274516105651855
3470759323.0,-0.7327979207038879,2.543696880340576,9.605363845825195,3.2924671173095703,2.5345160961151123,13.537420272827148
3470767656.0,-1.0264956951141355,2.4860010147094727,10.16660499572754,3.2952077388763428,2.4228127002716064,13.659011840820312
3470775989.0,-0.9828833341598512,2.7022225856781006,10.247525215148926,3.005101442337036,1.3718860149383545,13.721050262451172
3470784322.0,-0.590758204460144,2.598724842071533,10.10993766784668,2.940142869949341,1.1467622518539429,13.959413528442385
3470792655.0,-0.4338388741016388,2.5858848094940186,9.71446132659912,2.89278244972229,1.8540736436843872,14.032721519470217
3470800988.0,-0.6639106869697571,2.678469657897949,9.9271821975708,2.8306422233581543,2.9055893421173096,14.161561012268066
3470809321.0,-0.7091752290725708,2.661104917526245,9.956945419311523,2.738405227661133,3.003282308578491,14.175572395324709
3470817654.0,-0.6976562738418579,2.58217191696167,9.922287940979004,2.668785810470581,2.209599256515503,14.28571319580078
3470825987.0,-0.5687890648841858,2.8060576915740967,9.875030517578123,2.456930637359619,2.634744882583618,14.534276962280272
3470834320.0,-0.6046381592750549,2.551431179046631,9.870577812194824,2.4784719944000244,3.1803791522979736,14.60645580291748
3470842653.0,-0.981223165988922,2.65963101387024,9.635986328125,2.351861000061035,3.586134433746338,14.758834838867188
3470850986.0,-0.8553735017776489,2.4918503761291504,9.895718574523926,2.6715266704559326,3.2869858741760254,14.850354194641112
3470859319.0,-0.6873301267623901,2.2879457473754883,9.585214614868164,2.480111598968506,2.326246738433838,14.87253761291504
3470867652.0,-0.4211896955966949,2.2773256301879883,9.220307350158691,2.4846837520599365,3.073862314224243,15.026004791259766
3470875985.0,-0.4437603950500488,2.1715261936187744,9.315143585205078,3.019137620925904,3.906799077987671,15.293993949890137
3470884318.0,-0.8072308301925659,1.7475042343139648,9.282753944396973,3.2975902557373047,4.273492336273193,15.332746505737305
3470892651.0,-1.1257400512695312,2.03482437133789,9.408432006835938,3.78902530670166,3.990506887435913,15.461997985839844
3470900984.0,-1.0095901489257812,2.057978630065918,9.520105361938477,3.972525596618652,3.6189472675323486,15.550445556640623
3470909317.0,-0.8259345293045044,2.2874817848205566,9.489106178283691,4.0694499015808105,3.719482421875,15.5614595413208
3470917650.0,-0.5583993196487427,2.7618894577026367,9.599151611328123,4.247954845428467,4.289194107055664,15.81875228881836
3470925983.0,-0.5922904014587402,2.6646227836608887,9.94488525390625,4.174968242645264,4.293356895446777,16.043481826782227
3470934316.0,-0.9264233708381652,2.854328393936157,9.585149765014648,4.099623680114746,4.496490478515625,16.043724060058594
3470942649.0,-1.0916346311569214,2.889063596725464,9.69616985321045,4.237184524536133,4.815374374389648,16.366064071655273
3470950982.0,-1.2683384418487549,2.59311842918396,10.029220581054688,4.007731914520264,4.281958103179932,16.5625
3470959315.0,-1.2598304748535156,2.874967575073242,9.589428901672363,3.717919588088989,3.948652744293213,16.741350173950195
3470967648.0,-1.201913833618164,2.8632545471191406,9.717066764831545,3.63505744934082,4.123034477233887,16.844806671142578
3470975981.0,-1.0905698537826538,2.7813286781311035,9.639445304870604,3.636364221572876,3.6696627140045166,16.986711502075195
3470984314.0,-1.3985313177108765,2.931231737136841,9.34233570098877,3.56185245513916,3.673530578613281,17.137784957885742
3470992647.0,-1.491074562072754,2.7500030994415283,9.478045463562012,3.3822455406188965,3.804034948348999,17.286758422851562
3471000980.0,-1.3763302564620972,2.70430874824524,9.524974822998049,3.336242437362671,3.501070022583008,17.448486328125
3471009313.0,-1.3466204404830933,2.9284350872039795,9.701356887817385,3.42645525932312,3.220952033996582,17.61200523376465
3471017646.0,-1.2700095176696775,2.8946967124938965,9.611550331115724,3.594817876815796,3.091420888900757,17.70524024963379
3471025979.0,-1.5103546380996704,3.0952816009521484,9.557886123657228,3.583393812179565,3.3306326866149902,17.87544822692871
3471034312.0,-1.6106925010681152,3.250946044921875,9.907505989074709,3.2104504108428955,3.157556772232056,18.093015670776367
3471042645.0,-1.556859850883484,3.0875513553619385,9.965314865112305,2.9572536945343018,2.4952237606048584,18.09465408325196
3471050978.0,-1.4179764986038208,3.1592485904693604,9.77161979675293,2.9916789531707764,2.148023128509521,18.22067642211914
3471059311.0,-1.1504786014556885,3.2592966556549072,9.77549171447754,2.8900420665740967,2.4684829711914062,18.429819107055664
3471067644.0,-1.333004355430603,3.132065773010254,9.692160606384276,2.7989323139190674,2.4150516986846924,18.46455192565918
3471075977.0,-1.550882339477539,3.3167526721954346,9.565279960632324,2.889504194259644,2.3771169185638428,18.730018615722656
3471084310.0,-1.6844463348388672,3.2029128074646,9.966968536376951,2.6144843101501465,2.027252197265625,18.62727928161621
3471092643.0,-1.855423092842102,3.3532581329345703,9.740777969360352,2.1243810653686523,1.7735941410064695,18.62899398803711
3471100976.0,-1.6525547504425049,3.452333688735962,9.894169807434082,2.388796806335449,1.7206239700317385,18.73698234558105
3471109309.0,-1.2655545473098757,3.2197983264923096,10.03290843963623,2.41863751411438,0.8968954086303711,18.783626556396484
3471117642.0,-1.2370144128799438,3.082611322402954,9.582210540771484,2.335724353790283,0.4966217875480652,18.83795738220215
3471125975.0,-1.5870757102966309,3.14995551109314,9.586716651916504,2.2629544734954834,1.4725499153137207,19.02025413513184
3471134308.0,-1.6188777685165403,3.280496597290039,9.84135913848877,2.355524063110352,1.4918631315231323,19.155393600463867
3471142641.0,-1.6066831350326538,3.369666814804077,10.077881813049316,2.4111580848693848,0.3345347642898559,19.05657386779785
3471150974.0,-1.3203343152999878,3.2580580711364746,9.921600341796877,2.167426109313965,-0.1205790415406227,19.14073181152344
3471159307.0,-1.1528407335281372,3.278735399246216,9.625885009765623,2.330319881439209,-0.0784564241766929,19.31166648864746
3471167640.0,-1.4501398801803589,3.1920974254608154,9.661542892456056,2.3428454399108887,0.5302789211273193,19.466711044311523
3471175973.0,-1.7018884420394895,2.8776965141296387,9.846197128295898,2.417510986328125,0.5695968270301819,19.79744338989257
3471184306.0,-1.6922760009765625,2.571594476699829,9.779809951782228,2.5163302421569824,-0.3713296949863434,20.00550651550293
3471192639.0,-1.431886911392212,2.829944133758545,9.72169589996338,2.8540287017822266,-1.22438645362854,20.10547637939453
3471200972.0,-1.3068901300430298,2.9235265254974365,9.231086730957031,3.0829432010650635,-0.9216005206108092,20.207908630371094
3471209305.0,-1.2838866710662842,3.0990893840789795,9.39107608795166,3.436393976211548,-0.6621794104576111,20.357086181640625
3471217638.0,-1.510713815689087,3.097306728363037,9.63017463684082,3.0610175132751465,-0.4983763396739959,20.58338737487793
3471225971.0,-1.4791104793548584,2.954130411148072,9.840700149536133,3.039757490158081,-0.6892280578613281,20.77367782592773
3471234304.0,-1.56745445728302,3.222666025161743,9.77070140838623,3.3239731788635254,-1.1650383472442627,20.923778533935547
3471242637.0,-1.258158564567566,3.515378952026367,10.107542991638184,3.2797250747680664,-1.0935618877410889,21.17970466613769
3471250970.0,-1.0350346565246582,3.1998565196990967,10.01740264892578,3.2084531784057617,-1.6171810626983645,21.43227195739746
3471259303.0,-1.1370996236801147,3.410118818283081,9.738884925842283,2.9769771099090576,-1.2902406454086304,21.57611846923828
3471267636.0,-1.1666535139083862,3.34856915473938,9.855267524719238,2.9989285469055176,-0.7276751399040222,21.88172721862793
3471275969.0,-1.071099042892456,3.132263898849488,9.602359771728516,2.94083571434021,-1.0864026546478271,21.971323013305664
3471284302.0,-1.0536229610443115,3.314779758453369,9.881717681884766,2.8005974292755127,-1.3021513223648071,22.2292594909668
3471292635.0,-0.8557237386703491,3.312403917312622,9.681963920593262,2.99946665763855,-1.1285125017166138,22.49111557006836
3471300968.0,-1.005586862564087,3.3964684009552,9.79385757446289,3.1742069721221924,-0.5149999856948853,22.56039810180664
3471309301.0,-1.3522350788116455,3.5571823120117188,9.791415214538574,3.3295323848724365,-0.0078635746613144,22.75471305847168
3471317634.0,-1.311474323272705,3.234787702560425,9.8478364944458,3.0890913009643555,-0.4880282282829284,22.83506202697754
3471325967.0,-1.0734920501708984,3.3712494373321533,9.786038398742676,3.190881967544556,-0.9455243349075316,22.9844970703125
3471334300.0,-0.8134613633155823,3.6890714168548575,9.6430082321167,3.3765978813171387,-0.6912388205528259,23.015220642089844
3471342633.0,-0.8683558106422424,3.603407144546509,9.764467239379885,3.403313636779785,-0.0330551862716674,23.166061401367188
3471350966.0,-1.0127404928207395,3.862049102783203,9.665645599365234,3.4319629669189453,0.2404793500900268,23.31245994567871
3471359299.0,-0.9831857681274414,3.3404524326324463,9.965431213378906,3.233478546142578,0.2120219469070434,23.466045379638672
3471367632.0,-0.6574956774711609,3.4511377811431885,9.552451133728027,3.432116985321045,-0.1509703695774078,23.561431884765625
3471375965.0,-0.5768251419067383,3.51800274848938,9.609253883361816,3.789307832717896,0.4752851724624634,23.840499877929688
3471384298.0,-1.096857666969299,3.793916702270508,9.856136322021484,4.043067932128906,1.55320942401886,23.862682342529297
3471392631.0,-1.4112190008163452,4.429397106170654,10.144834518432615,4.07780122756958,1.909529209136963,23.96296119689941
3471400964.0,-1.528164625167847,4.551976680755615,10.638458251953123,3.46802830696106,0.9850342869758606,24.03557586669922
3471409297.0,-1.0555568933486938,4.619072914123535,10.125930786132812,2.724702835083008,0.2652227282524109,24.1666202545166
3471417630.0,-0.8016021251678467,4.387777328491211,9.728354454040527,2.5028064250946045,0.7466681599617004,24.402706146240234
3471425963.0,-0.6048668622970581,4.254277229309082,9.746000289916992,2.3490190505981445,1.9177775382995603,24.54648399353028
3471434296.0,-0.6564279794692993,3.640897750854492,9.882850646972656,2.373966932296753,1.801258206367493,24.772090911865234
3471442629.0,-1.133083462715149,3.61762809753418,9.536859512329102,2.5469272136688232,1.872426986694336,24.983625411987305
3471450962.0,-1.676116943359375,4.059685230255127,9.611741065979004,2.701035022735596,2.5270373821258545,24.929616928100582
3471459295.0,-1.5814815759658811,4.271870136260986,10.265799522399902,2.641353845596313,2.6144590377807617,24.992578506469727
3471467628.0,-1.3040590286254885,4.523421764373779,10.31956672668457,2.156758069992065,1.4584112167358398,24.98427963256836
3471475961.0,-1.0934622287750244,4.310966968536377,10.185153007507324,1.938857913017273,1.6523879766464231,25.238269805908203
3471484294.0,-1.0850828886032104,4.15866231918335,9.54552173614502,2.2268640995025635,2.220178842544556,25.38385963439941
3471492627.0,-1.1951032876968384,4.18293046951294,9.674642562866213,2.123741388320923,2.7007534503936768,25.67340660095215
3471500960.0,-1.324822187423706,4.125242233276367,9.788609504699709,1.7302557229995728,2.3564982414245605,25.78693199157715
3471509293.0,-1.127609372138977,4.226558208465576,9.765676498413086,1.5566805601119995,2.1967039108276367,25.7954216003418
3471517626.0,-1.3151930570602417,4.2973246574401855,10.039461135864258,1.3897395133972168,3.00028657913208,25.84837532043457
3471525959.0,-1.530529260635376,4.006211757659912,10.129533767700195,1.4246516227722168,3.615592241287232,26.085769653320312
3471534292.0,-1.743525743484497,4.260488510131836,10.227331161499023,1.6676028966903689,2.8299264907836914,26.22439384460449
3471542625.0,-1.6343356370925903,4.15473747253418,10.15717315673828,1.2027044296264648,2.055069923400879,26.3139705657959
3471550958.0,-1.24661386013031,4.032664299011231,9.686236381530762,1.2933146953582764,1.987179160118103,26.46794891357422
3471559291.0,-1.2310113906860352,4.112292766571045,9.691753387451172,1.4480502605438232,2.799867630004883,26.52578353881836
3471567624.0,-1.22984778881073,4.34197998046875,9.67886447906494,1.5183615684509275,3.209747314453125,26.5726318359375
3471575957.0,-1.577126383781433,4.046115875244141,9.773689270019531,1.5305540561676023,2.999326705932617,26.68707847595215
3471584290.0,-1.8299050331115725,4.052447319030762,9.809715270996094,1.1605945825576782,3.0438568592071533,26.912805557250977
3471592623.0,-1.693723201751709,4.150736331939697,9.970441818237305,1.2610024213790894,2.8968310356140137,27.01872062683105
3471600956.0,-1.4300940036773682,4.242794036865234,9.986345291137695,1.5225367546081543,2.1993167400360107,26.95354461669922
3471609289.0,-1.327040195465088,4.395886421203613,9.942440032958984,1.4275590181350708,2.273392915725708,27.135278701782227
3471617622.0,-1.162250280380249,4.333273410797119,9.744543075561523,1.4445542097091677,2.361569881439209,27.160982131958008
3471625955.0,-1.496562123298645,4.319366931915283,9.90437126159668,1.211003303527832,2.3959953784942627,27.31748390197754
3471634288.0,-1.6870231628417969,4.291384696960449,9.896818161010742,1.0185121297836304,2.474656581878662,27.472394943237305
3471642621.0,-1.5623222589492798,4.275041580200195,9.86679744720459,0.9536442756652832,2.036794185638428,27.593080520629883
3471650954.0,-1.4177788496017456,4.564851760864258,9.809493064880373,0.8042105436325073,1.5025317668914795,27.504684448242188
3471659287.0,-1.1952162981033323,4.564839839935303,9.492642402648926,0.6097984313964844,1.7396173477172852,27.660062789916992
3471667620.0,-1.5657917261123655,4.272679328918457,9.53426742553711,0.4479420185089111,2.414501905441284,27.771560668945312
3471675953.0,-2.055662155151367,4.292909145355225,9.727161407470703,0.3915907442569732,2.7416985034942627,27.948354721069336
3471684286.0,-2.077290773391724,3.9720962047576895,9.954572677612305,0.356844961643219,1.7941890954971311,27.932512283325195
3471692619.0,-1.555634379386902,3.9659903049468994,9.73850440979004,0.6294831037521362,0.2179388850927353,27.97311019897461
3471700952.0,-1.238911747932434,3.926838874816896,9.437097549438477,0.5377584099769592,0.1118446141481399,28.01895523071289
3471709285.0,-1.185014009475708,4.153411865234375,9.28977870941162,0.6633707284927368,1.1552412509918213,28.071054458618164
3471717618.0,-1.537745237350464,4.480412006378174,9.544548034667969,0.6929551959037781,1.9238992929458616,28.08409118652344
3471725951.0,-1.9471142292022705,4.523913860321045,9.882116317749023,0.3588428497314453,1.6667577028274536,28.08529663085937
3471734284.0,-1.888668417930603,4.22042989730835,9.98718547821045,-0.0313518419861793,0.7554283142089844,28.234270095825195
3471742617.0,-1.6557759046554563,4.247389793395996,10.1030855178833,-0.1617027968168258,0.2770309746265411,28.5080623626709
3471750950.0,-1.0540951490402222,4.304123878479004,9.706742286682127,0.090495154261589,0.0401887595653533,28.58045959472656
3471759283.0,-1.187845230102539,3.804743766784668,9.227070808410645,0.0314543060958385,0.2855733036994934,28.63904190063477
3471767616.0,-1.4700264930725098,3.612351655960083,9.029818534851074,0.2056312412023544,1.1817903518676758,28.73862838745117
3471775949.0,-1.3745417594909668,3.4773170948028564,9.402830123901367,0.2055031508207321,1.101489782333374,28.76380920410156
3471784282.0,-1.128230094909668,3.514094352722168,9.712977409362791,0.536913275718689,0.3061544001102447,28.88874626159668
3471792615.0,-1.2189902067184448,3.908454418182373,9.191163063049316,0.7679409384727478,0.7277010083198547,28.75619888305664
3471800948.0,-1.124522089958191,3.826162815093994,9.501856803894045,1.4206562042236328,1.556411623954773,29.062868118286133
3471809281.0,-1.3370734453201294,3.7817749977111816,9.402938842773438,1.500137209892273,0.9267877340316772,29.091014862060547
3471817614.0,-1.4223524332046509,3.6845531463623047,9.329773902893066,1.6895930767059326,0.7024709582328796,29.24492073059082
3471825947.0,-1.0853320360183716,3.4023702144622803,9.26002025604248,1.8571487665176392,0.533352792263031,29.331687927246094
3471834280.0,-1.0764925479888916,3.975017786026001,9.302513122558594,2.273969411849976,0.9618024826049804,29.332124710083008
3471842613.0,-1.0216500759124756,4.085611820220947,9.458535194396973,2.5488359928131104,1.7504653930664062,29.429533004760746
3471850946.0,-1.2437256574630735,4.136747360229492,9.674460411071776,2.3405792713165283,1.678527593612671,29.43589973449707
3471859279.0,-1.3882383108139038,4.428708553314209,9.580495834350586,2.305769681930542,1.607653260231018,29.56208038330078
3471867612.0,-1.316126585006714,4.238246440887451,10.028375625610352,2.0607945919036865,1.6179242134094238,29.739145278930664
3471875945.0,-1.3169046640396118,4.429713249206543,9.571765899658203,2.118593692779541,1.2537281513214111,29.702253341674805
3471884278.0,-1.402394413948059,4.46704626083374,9.651395797729492,2.002484083175659,1.6241613626480105,29.932546615600582
3471892611.0,-1.333624005317688,4.251677513122559,9.807210922241213,1.9294066429138184,1.336103439331055,30.050350189208984
3471900944.0,-1.4305942058563232,4.51984167098999,9.495498657226562,1.658036231994629,1.3581445217132568,30.024747848510746
3471909277.0,-1.3420294523239136,4.623741626739502,9.993377685546877,1.7674859762191772,1.6382111310958862,30.233760833740234
3471917610.0,-1.3946104049682615,4.546812534332275,9.590137481689451,1.3638051748275757,1.4287117719650269,30.266313552856445
3471925943.0,-1.5120903253555298,4.654365539550781,9.855509757995604,1.1342887878417969,1.7122743129730225,30.282203674316406
3471934276.0,-1.4045422077178955,4.546900749206543,9.939288139343262,1.062389612197876,1.8434706926345823,30.36383819580078
3471942609.0,-1.380444049835205,4.465037345886231,10.301898002624512,1.017398238182068,1.3961304426193235,30.28598403930664
3471950942.0,-1.4909628629684448,4.4198832511901855,9.841885566711426,0.8524425029754639,1.6846753358840942,30.647199630737305
3471959275.0,-1.3743433952331543,4.492321968078613,9.899611473083496,0.7750106453895569,1.7795251607894895,30.64456558227539
3471967608.0,-1.4049203395843506,4.50169563293457,9.883204460144045,0.8688482046127319,1.5540039539337158,30.459815979003903
3471975941.0,-1.2674801349639893,4.482108116149902,9.978190422058104,0.5549711585044861,1.6324090957641602,30.50259017944336
3471984274.0,-1.1248130798339844,4.435015678405762,9.884946823120115,0.3347911238670349,1.508820652961731,30.77182579040528
3471992607.0,-1.5645372867584229,4.57761287689209,9.923676490783691,0.3688068687915802,2.047616481781006,30.891576766967773
3472000940.0,-1.6242719888687134,4.669790744781494,9.698225021362305,0.3009803593158722,2.2935903072357178,30.998130798339844
3472009273.0,-1.5447372198104858,4.448191642761231,10.084738731384276,0.1183506622910499,1.6734176874160769,30.96196174621582
3472017606.0,-1.460651397705078,4.687028408050537,10.048789978027344,-0.1126514971256256,1.3232710361480713,30.91032600402832
3472025939.0,-1.3004668951034546,4.721028804779053,9.791711807250977,-0.1487035751342773,1.8212249279022217,30.935773849487305
3472034272.0,-1.4264668226242063,4.431936264038086,9.98264217376709,-0.0363338179886341,2.271190404891968,30.972551345825195
3472042605.0,-1.4678623676300049,4.553298473358154,9.737748146057127,0.0291490256786346,2.0241410732269287,31.16202545166016
3472050938.0,-1.5142970085144043,4.2448906898498535,9.877395629882812,-0.3798850178718567,1.655974507331848,31.27058792114257
3472059271.0,-1.5386453866958618,4.430568218231201,9.833514213562012,-0.1281353235244751,1.8329049348831177,31.223011016845703
3472067604.0,-1.5666005611419678,4.708919048309326,10.073267936706545,-0.1419670134782791,2.331128120422364,31.307514190673828
3472075937.0,-1.276702046394348,4.584962844848633,10.257559776306152,0.0703367516398429,2.003035068511963,31.249492645263672
3472084270.0,-1.299181342124939,4.282547950744629,9.976715087890623,-0.0210421122610569,1.3527146577835083,31.33702087402344
3472092603.0,-1.5476975440979004,4.527899742126465,9.479952812194824,-0.1119727343320846,2.01184630393982,31.40896987915039
3472100936.0,-1.63645339012146,4.286346435546875,9.828988075256348,0.0478730536997318,2.508711576461792,31.40095901489257
3472109269.0,-1.695741891860962,4.32969856262207,9.996870994567873,0.2406331449747085,1.8255410194396973,31.29282188415528
3472117602.0,-1.422237515449524,4.130091190338135,9.73244571685791,0.0891760364174842,1.1864138841629028,31.37827110290528
3472125935.0,-1.4213446378707886,3.9873180389404297,9.492757797241213,0.2871358096599579,1.2876030206680298,31.57489585876465
3472134268.0,-1.6297214031219482,4.1293158531188965,9.23439121246338,0.4655646383762359,2.381459951400757,31.6058406829834
3472142601.0,-1.5935827493667605,4.171347618103027,9.889891624450684,0.6386786103248596,1.9855272769927976,31.633310317993164
3472150934.0,-1.59576678276062,3.774747371673584,9.69600772857666,0.6842464208602905,0.9736106991767884,31.688127517700195
3472159267.0,-1.5496395826339722,4.0580034255981445,9.313417434692385,1.0673203468322754,1.212194800376892,31.7379093170166
3472167600.0,-1.391158938407898,3.885467529296875,9.578213691711426,1.3638824224472046,1.6353936195373535,31.8333740234375
3472175933.0,-1.56660258769989,4.036527633666992,9.499200820922852,1.3188525438308716,1.1481335163116455,31.86093711853028
3472184266.0,-1.4495434761047363,4.130455493927002,9.584404945373535,1.242957592010498,1.2602983713150024,31.813167572021484
3472192599.0,-1.281908631324768,3.884244680404663,9.617382049560549,1.3400099277496338,1.1662684679031372,31.858991622924805
3472200932.0,-1.367701292037964,3.921185970306397,9.36174201965332,1.4626766443252563,1.2804569005966189,31.908838272094727
3472209265.0,-1.4452531337738037,3.846132040023804,9.508967399597168,1.5982017517089844,1.6617507934570312,32.195892333984375
3472217598.0,-1.4357253313064575,3.689432144165039,9.65989875793457,1.8074445724487305,1.344851016998291,32.24723052978516
3472225931.0,-1.1954578161239624,3.9027018547058105,9.541691780090332,1.7127357721328735,1.0620566606521606,32.37348937988281
3472234264.0,-0.9673534035682678,3.687799453735352,9.658411979675291,1.926051497459412,1.0291168689727783,32.32454299926758
3472242597.0,-1.063968300819397,3.7106316089630127,9.324297904968262,2.1513288021087646,1.4215530157089231,32.51045227050781
3472250930.0,-1.0930527448654177,3.972677707672119,9.533249855041504,2.446584701538086,2.014984130859375,32.461421966552734
3472259263.0,-1.0045937299728394,3.894564867019653,9.834654808044434,2.435788154602051,1.449229121208191,32.658050537109375
3472267596.0,-1.122026801109314,4.087377548217773,9.34366512298584,2.130145788192749,1.5486509799957275,32.715415954589844
3472275929.0,-1.1006734371185305,4.173807621002197,9.533252716064451,2.6389222145080566,2.290670394897461,32.85622024536133
3472284262.0,-1.095940351486206,3.81201696395874,9.618412017822266,2.4607489109039307,2.258268356323242,32.91864013671875
3472292595.0,-1.17745840549469,3.978653907775879,9.424798011779783,2.556610584259033,1.830523133277893,32.91650390625
3472300928.0,-0.9683097004890442,4.151124000549316,9.392563819885254,2.647118091583252,2.2526330947875977,32.98103332519531
3472309261.0,-0.8923391699790955,4.03568172454834,9.348308563232422,2.763240098953247,2.59421181678772,33.031219482421875
3472317594.0,-0.9651759266853333,4.265275478363037,9.457900047302246,2.840980291366577,2.9138782024383545,33.17705154418945
3472325927.0,-0.9388442635536194,3.867215394973755,9.589396476745604,2.91480040550232,3.057753562927246,33.20883560180664
3472334260.0,-1.238573431968689,4.107323169708252,9.4153413772583,3.039003849029541,3.2375144958496094,33.201358795166016
3472342593.0,-1.4252254962921145,4.614352703094482,9.64344596862793,3.2551372051239014,3.757714509963989,33.1955451965332
3472350926.0,-1.2253406047821045,4.474621295928955,10.013216018676758,3.430517196655273,3.296093702316284,33.28206253051758
3472359259.0,-1.0980554819107056,4.413898468017578,9.727852821350098,3.056703805923462,2.67128586769104,33.339115142822266
3472367592.0,-0.9835872650146484,4.549200534820557,9.519511222839355,3.249296903610229,2.94382119178772,33.34556579589844
3472375925.0,-1.224531888961792,4.421330451965332,9.290508270263672,3.0437419414520264,3.585048198699951,33.29945373535156
3472384258.0,-1.3384544849395752,4.731911659240723,9.484933853149414,3.294429302215576,4.221307277679443,33.40924453735352
3472392591.0,-1.3274760246276855,4.687024593353272,10.034974098205566,2.9435133934021,3.4287497997283936,33.32691192626953
3472400924.0,-1.3493614196777344,4.707806587219238,9.674510955810549,2.8861124515533447,2.93749475479126,33.33363342285156
3472409257.0,-1.4895235300064087,4.905163764953613,9.661017417907717,2.693185567855835,3.8563551902771,33.33014678955078
3472417590.0,-1.5631974935531616,4.80319881439209,9.961216926574709,2.832629680633545,4.06511116027832,33.41193008422852
3472425923.0,-1.6219373941421509,4.828035354614258,9.947295188903809,2.5675857067108154,2.9469330310821533,33.0932731628418
3472434256.0,-1.4695417881011963,4.836101531982422,9.825502395629885,2.25524640083313,2.6990134716033936,33.34273910522461
3472442589.0,-1.361607551574707,5.007452011108398,9.74384880065918,2.073128461837769,3.092832326889038,33.36624526977539
3472450922.0,-1.5928655862808228,5.1471991539001465,9.903039932250977,1.86909818649292,3.645421504974365,33.33319091796875
3472459255.0,-1.5240219831466677,5.206909656524658,10.092974662780762,1.5412101745605469,3.327958583831787,33.310298919677734
3472467588.0,-1.4078562259674072,4.997552871704102,10.02839469909668,1.203818917274475,2.5542540550231934,33.42466354370117
3472475921.0,-1.5276713371276855,5.165419578552246,9.582033157348633,0.8441691398620605,2.74869155883789,33.454986572265625
3472484254.0,-1.6109079122543335,5.020732879638672,9.814558029174805,0.6717594861984253,3.320913791656494,33.4559326171875
3472492587.0,-1.793341875076294,4.725282669067383,9.976126670837402,0.2925917208194732,2.962238073348999,33.41685485839844
3472500920.0,-1.7846410274505615,4.778855800628662,9.917248725891112,0.1870737373828888,2.337928533554077,33.4993896484375
3472509253.0,-1.3913394212722778,4.351729869842529,9.994145393371582,0.2934241890907287,1.678694725036621,33.47203826904297
3472517586.0,-1.4088820219039917,4.297601699829102,9.58783721923828,0.1159941852092742,1.859403371810913,33.541656494140625
3472525919.0,-1.5757477283477783,4.665183544158936,9.76832389831543,0.371714174747467,2.8680288791656494,33.70803451538086
3472534252.0,-1.6084344387054443,4.419491291046143,9.910977363586426,0.6788035035133362,2.2999043464660645,33.75688171386719
3472542585.0,-1.6659082174301147,4.282509803771973,10.059477806091309,0.5046521425247192,1.48642098903656,33.77365493774414
3472550918.0,-1.43583345413208,4.304837703704834,9.430364608764648,0.5299590826034546,1.298438310623169,33.91530990600586
3472559251.0,-1.4717952013015747,4.090291500091553,9.455150604248049,0.8010603785514832,1.4436453580856323,34.03635787963867
3472567584.0,-1.3077597618103027,4.357883930206299,9.388915061950684,1.2949291467666626,1.7510937452316284,34.29665756225586
3472575917.0,-1.1607531309127808,4.34674882888794,9.911911964416504,1.250936508178711,1.1146429777145386,34.18464660644531
3472584250.0,-1.272831678390503,4.412143707275391,9.598609924316406,1.222607135772705,1.063670635223389,34.34730529785156
3472592583.0,-1.226508617401123,4.569693088531494,9.788722038269045,1.201360106468201,1.841204285621643,34.53998565673828
3472600916.0,-1.1125248670578003,4.499636173248291,9.834478378295898,1.2231578826904297,1.52922260761261,34.535400390625
3472609249.0,-0.9399010539054872,4.358877658843994,9.598188400268556,1.3407784700393677,0.7502416372299194,34.62046813964844
3472617582.0,-0.993590772151947,4.283817768096924,9.419272422790527,1.4097576141357422,1.3146263360977173,34.90449905395508
3472625915.0,-1.0134364366531372,4.457254409790039,9.446661949157717,1.555272340774536,1.8698153495788568,35.068660736083984
3472634248.0,-1.3312569856643677,4.639950275421143,9.679278373718262,1.542029619216919,1.906751036643982,35.100372314453125
3472642581.0,-1.169742226600647,4.931457042694092,9.671564102172852,1.3838874101638794,1.6081146001815796,35.10091018676758
3472650914.0,-0.8782426118850708,4.758385181427002,9.52017307281494,1.2070207595825195,1.0089455842971802,35.22132110595703
3472659247.0,-0.7951632738113403,4.88907527923584,9.29501247406006,0.9248028993606568,1.602991819381714,35.245018005371094
3472667580.0,-1.079648494720459,5.033103942871094,9.477781295776367,0.7107188701629639,2.598284959793091,35.440757751464844
3472675913.0,-1.1775596141815186,4.867953300476074,9.584579467773438,0.7292893528938293,2.416833877563477,35.35683059692383
3472684246.0,-1.1910797357559204,4.918196678161621,9.491512298583984,0.4085474908351898,1.6379553079605105,35.38810348510742
3472692579.0,-0.936458170413971,4.667489051818848,9.30487060546875,0.3087799549102783,1.572638988494873,35.3947868347168
3472700912.0,-1.1338731050491333,4.458032131195068,8.957688331604004,0.270307332277298,2.3400936126708984,35.34064102172852
3472709245.0,-1.195169448852539,4.719827175140381,9.45163917541504,0.6427514553070068,2.8081040382385254,35.43495559692383
3472717578.0,-1.2586946487426758,4.648824691772461,9.624876022338867,0.3920775353908539,2.042840003967285,35.39225387573242
3472725911.0,-1.1135404109954834,4.8192644119262695,9.38929843902588,0.3848542869091034,1.639440894126892,35.42903518676758
3472734244.0,-0.9707844257354736,4.807356357574463,9.270907402038574,0.3111108243465423,1.898990273475647,35.462947845458984
3472742577.0,-1.1106441020965576,5.011997222900391,9.354466438293455,-0.0953234732151031,2.5604019165039062,35.5614128112793
3472750910.0,-1.3044767379760742,5.119533061981201,9.5565824508667,-0.1185556128621101,2.8093461990356445,35.571468353271484
3472759243.0,-1.2528265714645386,5.185937404632568,9.86966609954834,-0.4679853022098541,2.394753932952881,35.49692916870117
3472767576.0,-1.1157376766204834,5.161113262176514,9.8479585647583,-0.8890069127082825,1.762081742286682,35.51468276977539
3472775909.0,-1.3015114068984983,5.138376235961914,9.47217082977295,-1.2089289426803589,2.38988733291626,35.49298477172852
3472784242.0,-1.1546955108642578,4.831053733825684,9.74622917175293,-1.0466755628585815,2.815993547439575,35.50760269165039
3472792575.0,-1.200870156288147,4.543778419494629,9.802821159362791,-0.9139809012413024,2.215992212295532,35.48627853393555
3472800908.0,-1.1939228773117063,4.451006889343262,9.534255027770996,-0.9493797421455384,2.135793685913086,35.57295608520508
3472809241.0,-0.9803710579872132,4.1959428787231445,9.404391288757324,-0.7335284352302551,2.5808677673339844,35.53620147705078
3472817574.0,-1.064978837966919,4.472651958465576,9.45713233947754,-0.3159391283988952,2.7946956157684326,35.6534423828125
3472825907.0,-1.027216553688049,4.238722324371338,9.561186790466309,-0.288365364074707,2.785512685775757,35.70576095581055
3472834240.0,-1.1038421392440796,3.982379913330078,9.50368595123291,-0.096091903746128,2.709451198577881,35.82221221923828
3472842573.0,-1.227547526359558,4.1824212074279785,9.620582580566406,0.458213597536087,2.978734016418457,35.96890640258789
3472850906.0,-1.119429349899292,4.401341438293457,9.799188613891602,0.601230800151825,3.126515388488769,35.9119758605957
3472859239.0,-0.918245017528534,4.392346858978272,9.717354774475098,0.8479984998703003,2.7671473026275635,35.893917083740234
3472867572.0,-0.7090649604797363,4.282163143157959,9.613308906555176,0.8221666812896729,2.643596887588501,36.14856719970703
3472875905.0,-0.9646605253219604,4.070598602294922,9.719316482543944,0.9244957566261292,3.629157543182373,36.39536285400391
3472884238.0,-1.3827252388000488,4.068719387054443,9.75418186187744,1.2213393449783323,4.348533630371094,36.479400634765625
3472892571.0,-1.479316234588623,4.554411888122559,10.225858688354492,1.6200000047683716,4.081403255462647,36.36298751831055
3472900904.0,-1.17816960811615,4.501774787902832,10.361024856567385,1.4798128604888916,2.734374046325684,36.41252517700195
3472909237.0,-1.185124158859253,4.517575263977051,9.676566123962402,1.2599912881851196,2.491166591644287,36.51167297363281
3472917570.0,-1.3173229694366455,4.658109188079834,9.545966148376465,1.1626570224761963,3.89989972114563,36.78335952758789
3472925903.0,-1.475665807723999,4.358323097229004,9.849602699279783,1.503531575202942,3.9888834953308105,36.75436782836914
3472934236.0,-1.5263466835021973,4.403031826019287,9.91176414489746,1.4482688903808594,2.9740335941314697,36.62254333496094
3472942569.0,-1.23583984375,4.484581470489502,9.81692600250244,1.4829893112182615,2.491243839263916,36.77911758422852
3472950902.0,-1.2320797443389893,4.363738059997559,9.72638702392578,1.389893889427185,2.966912746429444,36.8680305480957
3472959235.0,-1.6099798679351809,4.457525253295898,9.824236869812012,1.4019198417663574,3.935759544372559,36.9370002746582
3472967568.0,-1.6210674047470093,4.289669990539551,10.15984344482422,1.6748396158218384,3.541581153869629,36.8554916381836
3472975901.0,-1.580987811088562,3.949087142944336,10.162430763244627,1.6978161334991455,2.0956058502197266,36.80198669433594
3472984234.0,-1.2318685054779053,4.047518253326416,9.639670372009276,1.6972652673721311,1.940856575965881,37.01561737060547
3472992567.0,-1.134676814079285,4.163913249969482,9.455414772033691,2.0747556686401367,2.3594582080841064,36.95495223999024
3473000900.0,-1.372034788131714,4.361214637756348,9.733378410339355,2.2066431045532227,2.9762749671936035,36.89045715332031
3473009233.0,-1.4894261360168457,4.456481456756592,9.765148162841797,2.2293379306793213,2.884704351425171,36.74323272705078
3473017566.0,-1.599498629570007,4.047407627105713,9.91166877746582,2.104980230331421,2.0984997749328613,36.81010437011719
3473025899.0,-1.5240715742111206,4.524683952331543,9.75093936920166,2.2016234397888184,1.797942280769348,36.73746871948242
3473034232.0,-1.2988600730895996,4.928923606872559,9.93984603881836,2.201418161392212,1.947811365127564,36.71871566772461
3473042565.0,-1.2814894914627075,4.806634902954102,9.910870552062988,2.202800989151001,1.7072675228118896,36.641231536865234
3473050898.0,-1.333380937576294,4.680516242980957,9.527411460876465,1.843023419380188,1.6813205480575562,36.547000885009766
3473059231.0,-1.2467701435089111,4.334674835205078,9.423468589782717,1.9122328758239744,1.7075237035751345,36.66512680053711
3473067564.0,-1.2799674272537231,4.301312446594238,9.505892753601074,1.991496205329895,1.7390421628952026,36.655540466308594
3473075897.0,-1.4140543937683103,4.791941642761231,9.790582656860352,1.8387455940246584,1.972195744514465,36.59566116333008
3473084230.0,-1.5573829412460327,4.782847881317139,9.850019454956056,1.8251957893371584,1.880804419517517,36.621124267578125
3473092563.0,-1.5632400512695312,5.02484130859375,10.077025413513184,1.7820611000061035,1.6206912994384766,36.58470153808594
3473100896.0,-1.5973167419433594,5.300961494445801,10.038825988769531,1.3391908407211304,1.1187031269073486,36.564571380615234
3473109229.0,-1.3824899196624756,5.324082851409912,9.823352813720703,0.912917971611023,1.0027728080749512,36.4206428527832
3473117562.0,-1.297227144241333,5.654897212982178,9.84095287322998,0.4227890372276306,1.3475664854049685,36.36756896972656
3473125895.0,-1.279680252075195,5.714114665985107,10.122368812561035,0.0086320079863071,1.336347579956055,36.46408462524414
3473134228.0,-1.3867851495742798,5.481015205383301,10.006624221801758,-0.5926244258880615,1.0175267457962036,36.38037872314453
3473142561.0,-1.6113640069961548,5.476970195770264,9.889015197753906,-1.022047519683838,1.0708554983139038,36.46969223022461
3473150894.0,-1.6746896505355835,5.06665563583374,9.620538711547852,-1.208673119544983,1.1173710823059082,36.392539978027344
3473159227.0,-1.6043192148208618,4.7156901359558105,9.628480911254885,-1.4126266241073608,0.3238282799720764,36.36235427856445
3473167560.0,-1.4356141090393066,4.603474140167236,9.365341186523438,-1.5150196552276611,0.0454140901565551,36.34118270874024
3473175893.0,-1.4018065929412842,4.266883373260498,9.167601585388184,-1.5085904598236084,0.2827558517456054,36.40235137939453
3473184226.0,-1.4522000551223757,4.262249946594238,8.95791244506836,-0.9566031098365784,0.3778616189956665,36.44663619995117
3473192559.0,-1.4625790119171145,4.273484230041504,9.086271286010742,-0.766314685344696,0.0033810827881097,36.34008407592773
3473200892.0,-1.298898220062256,3.729206085205078,9.130860328674316,-0.7073508501052856,-0.3031576871871948,36.25020980834961
3473209225.0,-1.3214417695999146,4.013378620147705,8.973959922790527,-0.330129474401474,0.0143183730542659,36.37307357788086
3473217558.0,-1.0941418409347534,4.100507736206055,9.511262893676758,0.3036827147006988,0.4083425998687744,36.46451568603516
3473225891.0,-0.9842106103897096,4.182517528533936,9.537789344787598,0.5629758238792419,-0.0084398994222283,36.42222213745117
3473234224.0,-1.0366824865341189,4.084640026092529,9.447709083557127,0.4437671601772308,-0.0212726481258869,36.56246948242188
3473242557.0,-0.9795587062835692,4.049516677856445,9.518988609313965,0.5687390565872192,0.5824171304702759,36.64266586303711
3473250890.0,-0.8942772746086121,4.255936145782471,9.65822982788086,0.8146616220474243,0.5841076374053955,36.634647369384766
3473259223.0,-0.8896318674087524,4.439408779144287,9.80168342590332,0.9520821571350098,0.6777277588844299,36.67870330810547
3473267556.0,-0.8992224335670471,4.292835235595703,9.550905227661133,0.7961937785148621,0.6603100895881653,36.65193557739258
3473275889.0,-0.9028645157814026,4.163681983947754,9.45959186553955,0.8789277672767639,0.8421456813812256,36.80723571777344
3473284222.0,-0.8356435298919678,4.150575160980225,9.67554759979248,0.91558176279068,1.280508279800415,37.00797271728516
3473292555.0,-1.0636309385299685,3.7673861980438232,9.576786994934082,1.1164746284484863,1.1851977109909058,36.975372314453125
3473300888.0,-1.2395689487457275,3.961951494216919,9.639703750610352,1.4245116710662842,1.6942553520202637,36.97739028930664
3473309221.0,-0.998915433883667,4.295288562774658,9.85464096069336,1.7689980268478394,1.3660600185394287,37.1412239074707
3473317554.0,-0.6192000508308411,4.103463172912598,9.786480903625488,1.8270145654678345,0.5093140602111816,37.1286506652832
3473325887.0,-0.5336878895759583,4.410187721252441,9.20485782623291,1.7030030488967896,0.8575271964073181,37.13247680664063
3473334220.0,-0.8306400179862976,4.316729545593262,9.249953269958496,1.8890773057937624,2.662039041519165,37.25645446777344
3473342553.0,-1.263905048370361,4.493771076202393,9.63805103302002,1.995863676071167,2.8316829204559326,37.335330963134766
3473350886.0,-1.2512001991271973,4.660943984985352,10.424324989318848,1.8256312608718872,2.090559482574463,37.44649124145508
3473359219.0,-0.9517781138420104,4.4475297927856445,10.150529861450195,1.3831703662872314,1.1661919355392456,37.5153694152832
3473367552.0,-0.9100332260131836,4.346645355224609,9.835137367248535,1.4015870094299316,1.7230204343795776,37.67699813842773
3473375885.0,-0.8484147787094116,4.469917297363281,9.94068717956543,1.5254833698272705,2.817723274230957,37.54731750488281
3473384218.0,-0.7324203848838806,4.115365505218506,10.154973030090332,1.6998906135559082,2.458969831466675,37.55752944946289
3473392551.0,-0.9987376928329468,4.256465435028076,9.823396682739258,1.483475923538208,2.298803806304932,37.53532409667969
3473400884.0,-0.9682106375694276,4.371460914611816,9.815083503723145,1.5854207277297974,3.135416984558105,37.74467086791992
3473409217.0,-0.924260675907135,4.345510005950928,10.09189224243164,1.9953514337539675,3.0707151889801025,37.7701301574707
3473417550.0,-1.1125885248184204,4.539507865905762,9.941699981689451,1.991816759109497,2.758861780166626,37.76823806762695
3473425883.0,-1.2608088254928589,4.409135341644287,9.771380424499512,1.849632143974304,2.846283197402954,37.86903381347656
3473434216.0,-1.358647108078003,4.445313930511475,9.813528060913086,1.874375343322754,3.056422472000122,37.80348587036133
3473442549.0,-1.3029240369796753,4.533054828643799,10.007309913635254,1.947913646697998,3.136697292327881,37.87358856201172
3473450882.0,-0.9889058470726012,4.446057796478272,10.073485374450684,1.920839667320252,2.3265695571899414,37.74259948730469
3473459215.0,-0.9385834336280824,4.813403606414795,9.524842262268066,1.9690967798233032,2.0194544792175293,37.72904586791992
3473467548.0,-1.1452584266662598,5.002326965332031,9.60091781616211,1.7665135860443115,3.437741994857788,37.65924835205078
3473475881.0,-1.2031264305114746,4.809177398681641,10.13009548187256,1.4978452920913696,3.464227199554444,37.75033187866211
3473484214.0,-1.2979861497879028,5.184410572052002,10.3278226852417,1.315010666847229,2.757324457168579,37.74745941162109
3473492547.0,-1.0939196348190308,5.0227766036987305,10.250839233398438,1.202922821044922,2.3796937465667725,37.8138542175293
3473500880.0,-0.9808161854743958,5.044131278991699,9.968043327331545,1.0244169235229492,2.2575645446777344,37.68204116821289
3473509213.0,-0.956207811832428,4.940313339233398,9.75600528717041,0.5884365439414978,2.902583360671997,37.6898307800293
3473517546.0,-0.9744516015052797,4.894489288330078,9.9934663772583,0.3935376107692718,3.1405398845672607,37.60481643676758
3473525879.0,-1.0886510610580444,4.925307750701904,9.703261375427246,0.6073399186134338,3.020408868789673,37.56667709350586
3473534212.0,-1.0154471397399902,4.880436897277832,9.866439819335938,0.380551129579544,2.876635789871216,37.4804573059082
3473542545.0,-0.9980791211128236,4.592685699462891,9.505558967590332,0.132553830742836,2.7776107788085938,37.481815338134766
3473550878.0,-1.0676500797271729,4.876789569854736,9.402617454528809,0.2757375538349151,2.98892879486084,37.47920608520508
3473559211.0,-0.9731699228286744,4.674142360687256,9.902939796447754,0.320793092250824,3.292560338973999,37.48845291137695
3473567544.0,-1.052397608757019,4.564972400665283,9.504029273986816,0.3509154617786407,2.815340995788574,37.434814453125
3473575877.0,-1.2100898027420044,4.381942272186279,9.42650318145752,0.3590607643127441,3.234236478805542,37.57310485839844
3473584210.0,-0.9133735299110411,4.327192306518555,9.402854919433594,0.5883597135543823,3.126041889190674,37.38440704345703
3473592543.0,-1.0436569452285769,4.192887306213379,9.218886375427246,0.8096156716346741,2.628843307495117,37.41704177856445
3473600876.0,-0.8918560147285461,4.130617618560791,9.293603897094728,1.1835840940475464,3.080730438232422,37.6252326965332
3473609209.0,-0.9626458287239076,3.903553724288941,9.31981086730957,1.365214705467224,2.850483655929565,37.648773193359375
3473617542.0,-1.080464482307434,4.3892436027526855,9.308733940124512,1.870994210243225,2.868208408355713,37.70194625854492
3473625875.0,-1.0800607204437256,4.256823539733887,9.581154823303224,2.1865365505218506,2.7508699893951416,37.86800765991211
3473634208.0,-0.9455026984214784,4.368221759796143,9.57451343536377,2.073551654815674,2.101189374923706,37.77658462524414
3473642541.0,-0.7727850675582886,4.815704822540283,9.68796730041504,2.130389928817749,2.0093369483947754,37.87289810180664
3473650874.0,-0.7874200940132141,4.672168731689453,9.5206880569458,2.057107448577881,2.3117642402648926,38.05134963989258
3473659207.0,-1.1394753456115725,4.817772388458252,9.38619613647461,1.9319818019866943,2.8118832111358643,38.08621597290039
3473667540.0,-1.2033950090408323,4.685152530670166,9.843146324157717,1.8125680685043333,2.8450021743774414,38.20155334472656
3473675873.0,-1.0713425874710083,4.457640647888184,9.96468448638916,1.578018307685852,1.8843393325805664,38.22207260131836
3473684206.0,-0.9284631609916688,4.572875022888184,9.429336547851562,1.5048383474349976,1.3539445400238037,38.420501708984375
3473692539.0,-0.7836398482322693,4.254714488983154,9.431249618530272,1.565569519996643,2.069299697875977,38.52785110473633
3473700872.0,-1.2935131788253784,4.345355033874512,9.44082260131836,1.535908341407776,2.307640552520752,38.58113098144531
3473709205.0,-1.4976775646209717,4.722163200378418,9.71744155883789,1.289473533630371,2.4708802700042725,38.72298431396485
3473717538.0,-1.105276346206665,4.990262985229492,10.140036582946776,1.3780477046966553,1.3217220306396484,38.4556770324707
3473725871.0,-0.9853264093399048,4.895314693450928,9.974392890930176,1.1406034231185913,0.7763684988021851,38.54558563232422
3473734204.0,-1.214676856994629,4.868833541870117,9.47061824798584,0.8806697726249695,1.943098306655884,38.67941665649414
3473742537.0,-1.268507719039917,4.796947956085205,10.113221168518066,1.0631201267242432,2.310483455657959,38.79907989501953
3473750870.0,-1.3025504350662231,4.677796840667725,9.991682052612305,0.7466814517974854,1.2724910974502563,38.6925048828125
3473759203.0,-1.1048609018325806,4.894460201263428,9.861629486083984,0.7739863991737366,0.5298054814338684,38.65328598022461
3473767536.0,-0.8770942687988281,4.279866218566895,9.636409759521484,0.6174575686454773,0.9052338004112244,38.6855583190918
3473775869.0,-1.0555020570755005,4.544879913330078,9.357217788696287,0.5499382615089417,1.7641825675964355,38.70738220214844
3473784202.0,-0.955113172531128,4.656303405761719,9.822099685668944,0.6979632377624512,1.7205102443695068,38.62224578857422
3473792535.0,-1.0312306880950928,4.459679126739502,9.94993019104004,0.4399506747722626,1.1058446168899536,38.58074569702149
3473800868.0,-1.0870628356933594,4.716975688934326,9.650416374206545,0.6095171570777893,1.3236942291259766,38.6901741027832
3473809201.0,-0.9010716080665588,4.4527268409729,10.085753440856934,0.617329478263855,1.508859634399414,38.69928741455078
3473817534.0,-0.914015293121338,4.706297874450684,9.621671676635742,0.8551835417747498,1.0394269227981567,38.78865814208984
3473825867.0,-0.6273317337036133,4.711134910583496,9.844392776489258,0.8685798048973083,1.024186611175537,38.80346298217773
3473834200.0,-0.5586850047111511,4.257577419281006,9.705554008483888,0.5864642858505249,1.3920073509216309,38.79926300048828
3473842533.0,-0.5539741516113281,4.541651725769043,9.604629516601562,0.9603556394577026,1.7150288820266724,38.928688049316406
3473850866.0,-0.5665565133094788,4.524290084838867,9.757094383239746,1.16939377784729,2.0661749839782715,38.92180252075195
3473859199.0,-0.5685549974441528,4.592928886413574,9.642329216003418,1.4227958917617798,1.5590124130249023,38.973419189453125
3473867532.0,-0.592091977596283,4.557354927062988,9.543856620788574,1.2385778427124023,1.8221734762191768,38.92282485961914
3473875865.0,-0.4802428185939789,4.560091972351074,9.710288047790527,1.257045865058899,2.093172311782837,39.22430419921875
3473884198.0,-0.7056916356086731,4.598304748535156,9.479240417480469,1.5619323253631592,2.0901241302490234,39.06293487548828
3473892531.0,-0.7368699908256531,4.834256172180176,9.78177547454834,1.684420108795166,2.176137208938598,38.968299865722656
3473900864.0,-0.420499712228775,4.622769355773926,9.848655700683594,1.447129249572754,1.8772183656692505,39.078407287597656
3473909197.0,-0.4495880901813507,4.81014347076416,9.59044361114502,1.5008680820465088,1.5213083028793335,39.24623489379883
3473917530.0,-0.5376467704772949,4.745481014251709,9.596142768859863,1.4405721426010132,2.7249228954315186,39.173465728759766
3473925863.0,-0.6590346693992615,4.577446937561035,9.63808536529541,1.5719218254089355,2.619724750518799,39.116493225097656
3473934196.0,-0.7952898144721985,4.798240184783936,9.709129333496094,1.4285846948623655,2.1989850997924805,39.23173904418945
3473942529.0,-0.6385552883148193,4.812819957733154,9.832425117492676,1.3959007263183594,1.793485403060913,39.15606689453125
3473950862.0,-0.532139778137207,4.88576078414917,9.53817653656006,1.2565337419509888,1.842921018600464,39.23143005371094
3473959195.0,-0.8794227838516235,5.062772274017334,9.637895584106444,1.196211814880371,2.4165525436401367,39.341922760009766
3473967528.0,-0.7911774516105652,4.899472713470459,9.775089263916016,0.9594591856002808,2.1284432411193848,39.367923736572266
3473975861.0,-0.9096708297729492,4.971576690673828,9.519070625305176,0.8220643401145935,1.2825320959091189,39.32637786865234
3473984194.0,-0.7882074117660522,4.458211421966553,9.50572681427002,0.5218906402587891,1.660291314125061,39.392127990722656
3473992527.0,-0.6731792092323303,4.7149834632873535,9.394783973693848,0.6034209728240967,1.5220510959625244,39.33334732055664
3474000860.0,-0.8768169283866882,4.985828399658203,9.605165481567385,0.8528015613555908,1.6505581140518188,39.30686950683594
3474009193.0,-0.7351226210594177,4.608668804168701,9.675271034240724,0.6426107883453369,1.3210557699203491,39.45383834838867
3474017526.0,-0.5024431943893433,4.546358585357666,9.484898567199709,0.5051390528678894,0.7119230031967163,39.299537658691406
3474025859.0,-0.7440705299377441,4.85613489151001,9.41621208190918,0.4602372646331787,1.445951223373413,39.37438583374024
3474034192.0,-0.6661925911903381,5.086556911468506,9.770442962646484,0.4532701373100281,1.9364389181137085,39.31782913208008
3474042525.0,-0.6474553942680359,5.114709854125977,9.98983669281006,0.3767347335815429,1.0182697772979736,39.385475158691406
3474050858.0,-0.4949964880943298,4.838310718536377,9.92398166656494,-0.0283678043633699,0.5391035676002502,39.369903564453125
3474059191.0,-0.400476723909378,4.5070109367370605,9.659143447875977,-0.3910914957523346,0.9067708253860474,39.52335739135742
3474067524.0,-0.5159425735473633,4.818610668182373,9.566546440124512,0.0707978457212448,1.6682831048965454,39.565879821777344
3474075857.0,-0.3087848722934723,4.637972354888916,10.039329528808594,0.0910587236285209,1.4791470766067505,39.45759963989258
3474084190.0,-0.1149373352527618,4.675296306610107,9.834525108337402,-0.166428729891777,0.4351608157157898,39.3127326965332
3474092523.0,-0.2540771663188934,4.656454563140869,9.385055541992188,-0.2915799915790558,1.3003082275390625,39.47130584716797
3474100856.0,-0.2743659913539886,4.466164588928223,9.748409271240234,0.0362698100507259,2.5041277408599854,39.65470886230469
3474109189.0,-0.3991513550281524,4.578495025634766,9.720417022705078,0.1617285162210464,2.182617664337158,39.54277420043945
3474117522.0,-0.3300924301147461,4.384292125701904,9.978643417358398,0.178633913397789,1.8375164270401,39.51262664794922
3474125855.0,0.1022148579359054,4.239844799041748,9.53086757659912,0.4595968723297119,1.4389841556549072,39.535831451416016
3474134188.0,-0.0987592935562133,4.312535762786865,9.46298885345459,0.7631003260612488,2.3054893016815186,39.66093063354492
3474142521.0,-0.3270883560180664,4.181337356567383,9.56045627593994,1.008433818817139,3.4520859718322754,39.67214584350586
3474150854.0,-0.3495750725269317,4.22689151763916,9.912236213684082,1.3088124990463257,3.0315260887146,39.63460159301758
3474159187.0,-0.3883323669433594,4.489850521087647,9.739459991455078,1.376690149307251,2.372316837310791,39.66170120239258
3474167520.0,0.0276646576821804,4.357916831970215,9.741097450256348,1.6433091163635254,2.677997589111328,39.72837448120117
3474175853.0,-0.323819637298584,4.72261381149292,9.691054344177246,1.5427218675613403,3.3834145069122314,39.66830825805664
3474184186.0,-0.5569910407066345,5.001416206359863,10.00725269317627,1.8435357809066768,4.391412734985352,39.81648635864258
3474192519.0,-0.3558960258960724,4.668676853179932,10.413891792297363,1.5879309177398682,3.2739901542663574,39.74699020385742
3474200852.0,-0.4046976268291473,4.674638748168945,9.920239448547363,1.3143194913864136,2.3685004711151123,39.73052597045898
3474209185.0,-0.1598883420228958,4.776718616485596,9.568370819091797,1.3593748807907104,3.55305814743042,39.82967758178711
3474217518.0,-0.3741320669651031,4.813521862030029,9.844700813293455,1.4357054233551023,4.1007161140441895,39.84268951416016
3474225851.0,-0.776665985584259,4.958761692047119,9.76271629333496,1.3759984970092771,3.9529733657836914,39.90055465698242
3474234184.0,-0.7418196797370911,4.5210490226745605,10.114178657531738,0.9035178422927856,3.561177968978882,39.833621978759766
3474242517.0,-0.8468713760375977,4.547736167907715,9.555413246154783,1.110378623008728,3.029322862625122,39.875633239746094
3474250850.0,-0.6960955858230591,4.78679895401001,9.626917839050291,1.3612704277038574,3.5972681045532227,39.918251037597656
3474259183.0,-0.4221135079860687,4.5394134521484375,9.87262725830078,1.149158596992493,3.137748003005981,39.73295593261719
3474267516.0,-0.7478659749031067,4.883235931396484,9.478949546813965,1.0486994981765747,2.828737497329712,39.75570297241211
3474275849.0,-0.8169786930084229,4.985918998718262,9.578874588012695,1.0360716581344604,3.4587202072143555,39.67647933959961
3474284182.0,-0.8546170592308044,4.884624481201172,9.8959321975708,0.9379178285598756,3.1677167415618896,39.57599639892578
3474292515.0,-0.954299807548523,4.884744644165039,9.63380241394043,0.7111802697181702,2.8733835220336914,39.596439361572266
3474300848.0,-0.7466654181480408,4.745931148529053,9.978240966796877,0.6945309638977051,2.482663154602051,39.59284973144531
3474309181.0,-0.753305196762085,4.841584205627441,9.535656929016112,0.7569272518157959,2.256232738494873,39.447303771972656
3474317514.0,-0.7660506963729858,4.686557769775391,9.581342697143556,0.6545470356941223,2.8698742389678955,39.5190315246582
3474325847.0,-0.6847084760665894,4.303508758544922,9.749384880065918,0.6304184794425964,2.5771031379699707,39.540035247802734
3474334180.0,-0.7955864667892456,4.584791660308838,9.54541301727295,0.7860763072967529,2.006749629974365,39.39884185791016
3474342513.0,-0.5455387234687805,4.778918266296387,9.66027545928955,0.8612543344497681,2.068916082382202,39.46157455444336
3474350846.0,-0.4275920689105987,4.78307056427002,9.7224702835083,0.6991926431655884,2.1432995796203613,39.42404556274414
3474359179.0,-0.5575177073478699,4.796572208404541,9.65670680999756,0.5830063819885254,2.7921857833862305,39.42348861694336
3474367512.0,-0.4653828740119934,4.506079196929932,9.98793888092041,0.7015749216079712,2.4336376190185547,39.59817886352539
3474375845.0,-0.4973782300949096,4.577110290527344,9.587109565734863,0.7388692498207092,1.995659232139588,39.54991912841797
3474384178.0,-0.354263424873352,4.787690162658691,9.541515350341797,0.9384557008743286,2.481433868408203,39.65460586547852
3474392511.0,-0.147552952170372,4.798886775970459,9.712103843688965,0.8366389274597168,2.594213485717773,39.5920295715332
3474400844.0,-0.5025174021720886,4.773622989654541,9.66064739227295,0.7498578429222107,2.905785322189331,39.71382522583008
3474409177.0,-0.3857121169567108,4.579610347747803,9.781535148620604,0.7499090433120728,3.2038071155548096,39.73047637939453
3474417510.0,-0.5393518209457397,4.609145641326904,9.701449394226074,0.7940680384635925,2.725127696990967,39.86912536621094
3474425843.0,-0.5136029720306396,4.911383152008057,9.482222557067873,0.8520842790603638,3.0866732597351074,39.85280990600586
3474434176.0,-0.1559611558914184,4.721154689788818,9.880244255065918,0.9435784816741944,2.792902946472168,39.77004623413086
3474442509.0,-0.4118273258209228,4.773122787475586,9.59365940093994,0.7372555136680603,2.773333787918091,39.89617538452149
3474450842.0,-0.4448746144771576,4.753687858581543,9.517253875732422,0.7770600914955139,3.6909139156341553,39.95498275756836
3474459175.0,-0.6080504655838013,4.738377094268799,9.717691421508787,1.0026962757110596,3.548626661300659,39.92060852050781
3474467508.0,-0.5146251320838928,4.581204414367676,9.387245178222656,0.878005862236023,3.0823187828063965,40.02204132080078
3474475841.0,-0.3811462521553039,4.679070472717285,9.615718841552734,0.8069265484809875,2.613168239593506,39.95706558227539
3474484174.0,-0.7396722435951233,4.965066432952881,9.231918334960938,0.7513434290885925,3.372605323791504,40.12160873413086
3474492507.0,-0.7911993265151978,4.82687520980835,9.553374290466309,0.9271599054336548,3.971364974975586,40.15196228027344
3474500840.0,-0.7500474452972412,4.577398300170898,9.606158256530762,0.8173257112503052,2.743160009384156,40.09160614013672
3474509173.0,-0.9517288208007812,4.481845855712891,9.139904975891112,0.6439684629440308,2.4068965911865234,39.97179412841797
3474517506.0,-0.5753324627876282,4.419732093811035,9.332479476928713,0.8768021464347839,3.086519718170166,40.20531463623047
3474525839.0,-0.8135695457458496,4.809366226196289,9.568575859069824,1.2777681350708008,2.764549016952514,40.1467399597168
3474534172.0,-0.9219905734062196,4.536464691162109,9.454976081848145,1.2919068336486816,2.710655689239502,40.09273147583008
3474542505.0,-0.9448298215866088,4.427972316741943,9.544108390808104,1.3742057085037231,2.120938539505005,40.00457382202149
3474550838.0,-0.9981881976127625,4.58344841003418,9.289102554321287,1.4420833587646484,2.177802085876465,40.071067810058594
3474559171.0,-0.6337829828262329,4.554433345794678,9.771422386169434,1.6760185956954956,1.872710466384888,39.9958381652832
3474567504.0,-0.6577812433242798,4.879338264465332,9.647154808044434,1.701709866523743,1.544540524482727,39.79364013671875
3474575837.0,-0.5570302605628967,5.05613899230957,9.698882102966309,1.567055583000183,2.1836934089660645,39.91951370239258
3474584170.0,-0.7077363729476929,4.743503093719482,9.86767864227295,1.273669719696045,1.800478458404541,39.85787963867188
3474592503.0,-0.8130766749382019,4.8414835929870605,9.570952415466309,1.2255147695541382,1.9229657649993896,39.76469421386719
3474600836.0,-0.625731348991394,4.594796180725098,10.00582790374756,1.2442132234573364,1.7906168699264526,39.875732421875
3474609169.0,-0.5744048357009888,4.7504425048828125,9.755769729614258,1.3791491985321045,1.268751621246338,39.84701919555664
3474617502.0,-0.4782192707061767,4.521727085113525,9.759832382202148,1.3482840061187744,1.6046828031539917,39.87393951416016
3474625835.0,-0.3543458878993988,4.420853614807129,9.548809051513672,1.2480554580688477,1.6551942825317385,39.94320297241211
3474634168.0,-0.5996411442756653,4.522828578948975,9.411574363708496,1.4874463081359863,2.0356428623199463,39.92560577392578
3474642501.0,-0.3034282624721527,4.390079975128174,9.797128677368164,1.7193324565887451,1.643872618675232,39.8822135925293
3474650834.0,-0.4666789472103119,4.781747341156006,9.659178733825684,1.6143649816513062,1.3520748615264893,39.90785217285156
3474659167.0,-0.4719316065311432,4.868278980255127,9.75116729736328,1.5716660022735596,2.200803756713867,40.05198287963867
3474667500.0,-0.4542508423328399,4.914083480834961,9.928522109985352,1.7667700052261353,1.90918517112732,40.131744384765625
3474675833.0,-0.6226343512535095,4.860497951507568,9.863375663757324,1.5987147092819214,1.7300392389297483,40.16648483276367
3474684166.0,-0.3285743594169616,4.853663444519043,9.805158615112305,1.4165716171264648,1.509013533592224,40.14322280883789
3474692499.0,-0.3493965268135071,5.163601398468018,9.837160110473633,1.3323261737823486,1.7522464990615845,40.123626708984375
3474700832.0,-0.2977199554443359,4.924344539642334,9.942126274108888,1.2521535158157349,2.5245168209075928,40.27080535888672
3474709165.0,-0.4605602920055389,4.690642833709717,10.018183708190918,1.2761542797088623,2.2056193351745605,40.24547958374024
3474717498.0,-0.6471354961395264,4.7830681800842285,9.856916427612305,1.226718544960022,2.474338293075561,40.33355712890625
3474725831.0,-0.2815641462802887,4.681679725646973,10.087746620178224,1.4669291973114014,1.800786018371582,40.30165100097656
3474734164.0,-0.3207293748855591,5.008885383605957,9.698047637939451,1.421976089477539,1.6791691780090332,40.33051300048828
3474742497.0,-0.3915719389915466,4.791407108306885,9.94121265411377,1.4535585641860962,2.602435350418091,40.44601058959961
3474750830.0,-0.6031705141067505,4.857578754425049,9.820755958557127,1.2175487279891968,2.4948556423187256,40.411865234375
3474759163.0,-0.5630666613578796,4.936212062835693,9.781315803527832,1.1867605447769165,2.2307982444763184,40.64124298095703
3474767496.0,-0.1850919723510742,4.637307643890381,9.782962799072266,1.257020354270935,1.5184651613235474,40.60837936401367
3474775829.0,-0.3160481452941894,4.786001682281494,9.297015190124512,1.1825084686279297,2.1938366889953613,40.62861251831055
3474784162.0,-0.403516948223114,4.711271286010742,9.664703369140623,1.390137791633606,3.2933292388916016,40.64175033569336
3474792495.0,-0.6283689141273499,4.8112382888793945,9.801140785217283,1.3900609016418457,2.783554077148437,40.47746276855469
3474800828.0,-0.5681245923042297,4.622511386871338,9.58706283569336,1.3918282985687256,2.346882104873657,40.55207824707031
3474809161.0,-0.3152042627334595,4.485278606414795,9.47339916229248,1.480786681175232,1.9289084672927856,40.52554321289063
3474817494.0,-0.4933304786682129,4.645463943481445,9.031311988830566,1.7183847427368164,2.652076482772827,40.54022216796875
3474825827.0,-0.3799799978733063,4.362547874450684,9.576984405517578,2.080160617828369,3.1712772846221924,40.63496398925781
3474834160.0,-0.7179048657417297,4.485876083374023,9.722926139831545,2.2304909229278564,2.57180118560791,40.368045806884766
3474842493.0,-0.6279441714286804,4.487325668334961,9.660990715026855,2.3386855125427246,2.6137571334838867,40.47380065917969
3474850826.0,-0.3846377730369568,4.628384113311768,9.79831600189209,2.585068941116333,2.0895354747772217,40.395263671875
3474859159.0,-0.3622131049633026,4.860485553741455,9.513870239257812,2.605304718017578,2.462709903717041,40.50994873046875
3474867492.0,-0.3382063806056976,4.559597969055176,9.872740745544434,2.616728067398072,2.7120132446289062,40.5934944152832
3474875825.0,-0.4549258053302765,5.100319862365723,9.797533988952637,2.597953081130981,2.6466715335845947,40.62241363525391
3474884158.0,-0.3494828343391418,4.985153675079346,9.810922622680664,2.516909599304199,2.48957896232605,40.50343704223633
3474892491.0,-0.2817288339138031,4.953260898590088,9.601059913635254,2.2120227813720703,2.374263525009156,40.51462936401367
3474900824.0,-0.3144954144954681,4.911670684814453,9.53664207458496,2.204645872116089,3.016439199447632,40.79841232299805
3474909157.0,-0.3297294080257416,4.799037456512451,10.01789665222168,2.1562092304229736,2.931015491485596,40.78878021240234
3474917490.0,-0.5991290807723999,5.005674839019775,9.788212776184082,2.046964406967163,2.968770742416382,40.68429946899414
3474925823.0,-0.5176054239273071,4.898440837860107,9.9988374710083,2.1680428981781006,3.031115770339966,40.70609664916992
3474934156.0,-0.4683300256729126,5.160504341125488,9.774035453796388,2.0994224548339844,2.491295099258423,40.63524627685547
3474942489.0,-0.472159594297409,5.431061744689941,9.569089889526367,1.842997908592224,2.8276617527008057,40.67082595825195
3474950822.0,-0.3454732000827789,5.117005825042725,9.7666654586792,1.6778628826141355,3.0789380073547363,40.731353759765625
3474959155.0,-0.578592836856842,5.275059223175049,9.660274505615234,1.455121397972107,3.115233421325684,40.78074264526367
3474967488.0,-0.4546411037445068,4.99929141998291,9.88432502746582,1.6890820264816284,2.905324697494507,40.87308120727539
3474975821.0,-0.5663896203041077,5.2004828453063965,9.559048652648926,1.3354767560958862,2.3833565711975098,40.75384140014648
3474984154.0,-0.4221725463867187,5.297986030578613,9.538301467895508,1.333069086074829,2.808527708053589,40.75494384765625
3474992487.0,-0.4464861154556274,5.21845006942749,9.94179916381836,1.0158108472824097,2.865853071212769,40.86117172241211
3475000820.0,-0.6878132224082947,5.317142486572266,9.7507905960083,1.0540786981582642,2.9813477993011475,40.879180908203125
3475009153.0,-0.7673482298851013,4.951200008392334,9.975557327270508,1.0247758626937866,2.947127103805542,40.72136688232422
3475017486.0,-0.7492050528526306,5.182203769683838,9.626605033874512,0.8542871475219727,2.560018301010132,40.6100959777832
3475025819.0,-0.2336153090000152,4.950201034545898,9.724136352539062,1.0376085042953491,2.156824111938477,40.87984085083008
3475034152.0,-0.4520650506019592,4.95888614654541,9.335234642028809,0.9581018090248108,2.032543659210205,40.81257629394531
3475042485.0,-0.7539782524108887,4.863967418670654,9.22633171081543,1.2045111656188965,3.638328313827514,40.96672439575195
3475050818.0,-0.7284415364265442,4.759547710418701,9.81908893585205,1.3315836191177368,3.078502655029297,40.75228500366211
3475059151.0,-0.901563286781311,4.849351406097412,9.947696685791016,1.1566892862319946,2.1184537410736084,40.75947952270508
3475067484.0,-0.3820685148239136,4.700722217559815,9.620471000671388,1.5323737859725952,1.8390533924102783,40.72085189819336
3475075817.0,-0.5308904051780701,4.785286903381348,9.553668975830078,1.6463572978973389,2.436992883682251,40.66570281982422
3475084150.0,-0.6937856674194336,4.964437961578369,9.59469985961914,1.8744269609451287,3.4293158054351807,40.7905502319336
3475092483.0,-0.6745058298110962,4.806173801422119,10.05658721923828,1.86602520942688,2.2084882259368896,40.55315399169922
3475100816.0,-0.785903811454773,5.198104381561279,9.608205795288086,1.6229714155197144,1.6693331003189087,40.37825775146485
3475109149.0,-0.3396081626415252,5.177853584289551,9.65953540802002,1.6672585010528564,2.3323585987091064,40.61734008789063
3475117482.0,-0.6130418181419373,5.071282386779785,9.678481101989746,1.5562719106674194,2.52759051322937,40.78619003295898
3475125815.0,-0.8309287428855896,4.927615642547607,9.843449592590332,1.4298142194747925,2.842799663543701,40.63808441162109
3475134148.0,-0.7371208667755127,4.679742336273193,10.144904136657717,1.3551486730575562,1.715182900428772,40.54106521606445
3475142481.0,-0.7080225944519043,5.022609710693359,9.761459350585938,1.374974012374878,1.5343204736709597,40.66462707519531
3475150814.0,-0.6227453351020813,4.6957855224609375,9.671353340148926,1.621332049369812,1.9192261695861816,40.72136306762695
3475159147.0,-0.6399369835853577,4.487788200378418,9.495808601379396,1.480299949645996,2.0034971237182617,40.64495849609375
3475167480.0,-0.5464493632316589,4.386076927185059,9.896010398864746,1.7853659391403198,1.7977888584136963,40.72569274902344
3475175813.0,-0.5501561164855957,4.568481922149658,9.773282051086426,1.667540192604065,1.2764360904693604,40.6455192565918
3475184146.0,-0.5532514452934265,5.038846969604492,9.647903442382812,2.0771379470825195,1.8779616355896,40.61603546142578
3475192479.0,-0.2776486277580261,4.607625961303711,9.796531677246094,2.296088695526123,1.6187705993652344,40.679969787597656
3475200812.0,-0.5206459164619446,4.771896362304688,9.593034744262695,1.9061115980148315,1.462959051132202,40.59211349487305
3475209145.0,-0.3362635970115661,4.3996453285217285,9.523286819458008,2.2965753078460693,1.781882405281067,40.7890853881836
3475217478.0,-0.4657363295555115,4.674097537994385,9.613273620605469,2.4974939823150635,1.607346773147583,40.57712936401367
3475225811.0,-0.5259417295455933,5.079544544219971,9.633116722106934,2.674668073654175,2.0472209453582764,40.610870361328125
3475234144.0,-0.3521770238876343,5.242208957672119,9.92593765258789,2.236715078353882,1.5105504989624023,40.64595413208008
3475242477.0,-0.3669506311416626,5.485537052154541,9.576704978942873,2.0599253177642822,1.662724852561951,40.5531005859375
3475250810.0,-0.0813294351100921,5.409890651702881,9.884016036987305,1.8866958618164065,1.8019896745681765,40.53133010864258
3475259143.0,-0.2361341118812561,5.428799152374268,9.854272842407228,1.4467196464538574,1.9513722658157349,40.44017028808594
3475267476.0,-0.3203940987586975,5.449305534362793,9.80029010772705,1.2192392349243164,2.4396822452545166,40.52400588989258
3475275809.0,-0.4126956760883331,5.31783390045166,9.957489013671877,0.9848174452781676,2.2036468982696533,40.39321517944336
3475284142.0,-0.4066135585308075,5.695802211761475,9.65928840637207,0.6701462268829346,2.030263900756836,40.35612869262695
3475292475.0,-0.2346674501895904,5.340334415435791,9.86782455444336,0.321279764175415,1.979445219039917,40.26824569702149
3475300808.0,-0.468157410621643,5.490833282470703,9.400054931640623,0.0496916845440864,2.2388665676116943,40.1036262512207
3475309141.0,-0.4093644917011261,5.240960597991943,9.670099258422852,-0.0023180914577096,2.87433123588562,40.22872161865234
3475317474.0,-0.3410996198654175,5.074665069580078,9.527070045471191,-0.1129717454314231,2.2821547985076904,40.043731689453125
3475325807.0,-0.3315391838550567,5.225631237030029,9.42398166656494,-0.2594853639602661,2.3103561401367188,40.06653594970703
3475334140.0,-0.3611118197441101,4.870843887329102,9.482291221618652,-0.1218599006533622,2.547749280929565,39.96052169799805
3475342473.0,-0.5970408916473389,5.518440246582031,9.62578010559082,-0.373571366071701,2.9285309314727783,39.673919677734375
3475350806.0,-0.3608705699443817,5.328347682952881,10.079249382019045,-0.5258480906486511,3.033677339553833,39.6906623840332
3475359139.0,-0.4568572640419006,5.559963226318359,9.79588794708252,-0.9638009667396544,2.278825044631958,39.47384643554688
3475367472.0,-0.3993003666400909,5.425901889801025,9.479494094848633,-0.948048174381256,2.896026611328125,39.503074645996094
3475375805.0,-0.1940435916185379,5.33951473236084,9.623626708984377,-1.2337498664855957,2.590396881103516,39.31252670288086
3475384138.0,-0.3189944326877594,5.104302406311035,9.518525123596191,-1.7091248035430908,2.57840895652771,39.31162643432617
3475392471.0,-0.1912862062454223,5.004766464233398,9.300597190856934,-1.697598576545715,2.713550329208374,39.25676345825195
3475400804.0,-0.4413883686065674,5.10952091217041,9.258245468139648,-1.6107150316238403,3.438101053237915,39.11770248413086
3475409137.0,-0.3020070493221283,4.690830707550049,9.399161338806152,-1.6200898885726929,3.6915035247802734,39.1904525756836
3475417470.0,-0.1614494621753692,4.485480308532715,9.540440559387209,-1.7326644659042358,2.512580633163452,38.99839019775391
3475425803.0,-0.2563969492912292,4.657553672790527,9.219974517822266,-1.5216283798217771,2.858936548233032,39.05248641967773
3475434136.0,-0.339157223701477,4.5195417404174805,9.275853157043455,-1.2889482975006104,3.6425280570983887,38.9400634765625
3475442469.0,-0.4597266614437103,4.656585693359375,9.530736923217772,-1.092154026031494,3.615659236907959,38.89275741577149
3475450802.0,-0.1193853765726089,4.162949085235596,9.576106071472168,-1.1629005670547483,3.1114418506622314,38.70709991455078
3475459135.0,-0.1518404632806778,4.274570941925049,9.404237747192385,-0.9713314771652222,2.4694716930389404,38.614253997802734
3475467468.0,-0.2393926382064819,4.258738517761231,8.983475685119629,-0.5924707651138306,3.9639618396759033,38.52870178222656
3475475801.0,-0.4148456156253814,4.239680767059326,9.806214332580566,-0.3175272643566131,4.546071529388428,38.26118469238281
3475484134.0,-0.4006880521774292,4.507378578186035,9.785151481628418,-0.3962398767471313,3.728592157363892,38.0274772644043
3475492467.0,-0.2373154163360595,4.324488639831543,9.929306983947754,-0.5247979164123535,2.7522530555725098,37.93836975097656
3475500800.0,-0.470823585987091,4.795595169067383,9.447320938110352,-0.4672426879405975,3.547268867492676,37.77989196777344
3475509133.0,-0.511906623840332,4.451797008514404,9.906311988830566,-0.4375045299530029,4.4866719245910645,37.74869537353516
3475517466.0,-0.6116591691970825,4.3369245529174805,10.289971351623535,-0.7304291725158691,3.406492233276367,37.46047592163086
3475525799.0,-0.4827081561088562,4.275139331817627,9.873706817626951,-0.8012012839317322,2.751227855682373,37.25942611694336
3475534132.0,-0.3619560003280639,4.278046131134033,9.738363265991213,-0.680840015411377,2.6706202030181885,37.06474304199219
3475542465.0,-0.5880187749862671,4.631589889526367,9.58065700531006,-0.7635229229927063,3.576213121414185,36.79341125488281
3475550798.0,-0.5044838786125183,4.101501941680908,10.264029502868652,-0.9731498956680298,3.575034141540528,36.66159057617188
3475559131.0,-0.7040548920631409,4.046217441558838,10.028555870056152,-1.277831792831421,2.7544045448303223,36.42830276489258
3475567464.0,-0.6281996965408325,3.820378303527832,10.03830909729004,-1.0386711359024048,2.6483869552612305,36.39397430419922
3475575797.0,-0.4475201070308685,3.951868295669556,9.817543983459473,-0.8037115931510925,1.970787048339844,36.08729934692383
3475584130.0,-0.6687341332435608,4.263356685638428,9.69560718536377,-0.8662103414535522,2.2834861278533936,35.81563186645508
3475592463.0,-0.6355974078178406,3.835612773895264,10.053999900817873,-0.9767615795135498,2.5008232593536377,35.39176559448242
3475600796.0,-0.6891456246376038,3.982186317443848,10.112478256225586,-1.506131291389465,2.0955796241760254,35.02027893066406
3475609129.0,-0.3490956723690033,3.968744993209839,10.21056079864502,-1.175297498703003,1.7858262062072754,34.82087326049805
3475617462.0,-0.4202073216438293,4.019233703613281,9.87497615814209,-1.2254250049591064,1.5069384574890137,34.65489959716797
3475625795.0,-0.4289306700229645,3.835583925247192,9.840850830078123,-1.1176141500473022,2.222370147705078,34.40312576293945
3475634128.0,-0.5331531763076782,3.4586942195892334,10.458815574645996,-1.3694665431976318,2.01237154006958,34.35314178466797
3475642461.0,-0.6730511784553528,3.6622045040130615,10.322425842285156,-1.6362388134002686,1.551647663116455,34.01636505126953
3475650794.0,-0.4682356715202331,3.73969030380249,10.272037506103516,-1.3484883308410645,1.183545470237732,33.74382781982422
3475659127.0,-0.508141040802002,3.7752256393432617,10.01994800567627,-1.274539828300476,1.032933235168457,33.23258972167969
3475667460.0,-0.4115957617759704,3.452234029769897,10.07939624786377,-1.534832000732422,1.2076737880706787,33.119197845458984
3475675793.0,-0.5685089826583862,3.4456441402435303,10.206157684326172,-1.885772943496704,1.0111868381500244,32.65524673461914
3475684126.0,-0.6412157416343689,3.6818015575408936,9.999850273132324,-1.627888560295105,0.9887743592262268,32.418312072753906
3475692459.0,-0.4718830585479736,3.870591402053833,10.156763076782228,-1.565773844718933,0.3909375965595245,32.10566711425781
3475700792.0,-0.6252750754356384,4.122759342193604,9.922791481018066,-2.0935301780700684,0.5518207550048828,31.574169158935547
3475709125.0,-0.4767758846282959,3.66884970664978,10.040188789367676,-2.307280778884888,0.6400874257087708,31.489330291748047
3475717458.0,-0.6932265758514404,3.777013540267944,10.272653579711914,-2.4898340702056885,0.3603029549121856,31.06864547729492
3475725791.0,-0.768418550491333,3.652180433273315,9.84931468963623,-2.369190454483032,0.0927620306611061,30.7125301361084
3475734124.0,-0.6520408391952515,3.3354039192199707,9.823551177978516,-2.4432413578033447,-0.6059051752090454,30.3463191986084
3475742457.0,-0.3212872445583343,3.035472631454468,9.466886520385742,-2.556328296661377,-1.2380906343460083,30.02009963989257
3475750790.0,-0.2231465727090835,2.829830408096313,9.343405723571776,-2.5538179874420166,-1.4081947803497314,29.61762046813965
3475759123.0,-0.5924455523490906,2.8709192276000977,9.124380111694336,-2.304002046585083,-0.2716903984546661,29.065942764282227
3475767456.0,-0.3403007090091705,2.611379146575928,9.668084144592283,-1.863257646560669,-0.1818868219852447,28.76200294494629
3475775789.0,-0.3162831962108612,2.6859633922576904,9.743908882141112,-1.9423030614852903,-1.804934024810791,28.21183013916016
3475784122.0,-0.0559770949184894,2.506296873092652,9.348958015441896,-1.7974543571472168,-1.8465826511383057,27.91501235961914
3475792455.0,-0.1662072986364364,2.3991048336029053,9.17532444000244,-1.2957736253738403,-0.869552493095398,27.553361892700195
3475800788.0,-0.2318310439586639,2.305836677551269,9.655801773071287,-0.9781057238578796,-0.4059602618217468,27.366968154907227
3475809121.0,-0.0699307024478912,1.8754788637161253,9.752959251403809,-0.7237308621406555,-1.6916166543960571,26.943187713623047
3475817454.0,-0.0916205644607544,1.972211480140686,9.077128410339355,-0.5692510604858398,-2.5104012489318848,26.45284652709961
3475825787.0,-0.0331398658454418,1.8353722095489504,8.942291259765625,-0.1343467235565185,-1.236835241317749,26.16507148742676
3475834120.0,-0.245604783296585,1.809812903404236,9.574740409851074,-0.1026619151234626,-0.587462842464447,25.786928176879883
3475842453.0,0.1433212608098983,2.0825328826904297,10.014500617980955,0.1746251583099365,-1.1659605503082275,25.404098510742188
3475850786.0,0.347555011510849,2.1389272212982178,10.01578426361084,0.3154778778553009,-2.526538133621216,24.94841957092285
3475859119.0,0.2397713959217071,2.3813276290893555,9.307024002075195,0.2176827192306518,-1.4774298667907717,24.622787475585938
3475867452.0,0.1797888875007629,2.2620961666107178,9.739907264709473,0.2572310864925384,-0.42609304189682,24.49617576599121
3475875785.0,-0.0121583063155412,2.461184501647949,10.087358474731444,-0.0964632555842399,-0.8199888467788696,24.142772674560547
3475884118.0,0.3278116285800934,2.2340729236602783,10.0301513671875,-0.2936161160469055,-1.773376703262329,23.975536346435547
3475892451.0,0.6817846894264221,2.1126391887664795,9.758415222167969,-0.3239434063434601,-2.0440683364868164,23.63266563415528
3475900784.0,0.5280551910400391,1.9710731506347656,9.442577362060549,-0.5567256212234497,-0.5391798615455627,23.39711570739746
3475909117.0,0.5146211981773376,1.619515299797058,9.808565139770508,-0.4781667590141296,0.1890203356742859,23.12186622619629
3475917450.0,0.2777828276157379,1.624053120613098,10.16665744781494,-0.4257087707519531,-0.3090871274471283,22.74443817138672
3475925783.0,0.437736302614212,1.3660428524017334,9.961832046508787,-0.5163576006889343,-0.6707858443260193,22.511808395385746
3475934116.0,0.1585426181554794,1.8412420749664309,9.85521125793457,-0.1994068771600723,-0.2157231718301773,22.19685745239257
3475942449.0,0.3056572079658508,1.9185476303100584,9.97377872467041,-0.0745630711317062,0.7190046310424805,21.841537475585938
3475950782.0,0.4495455324649811,2.006251096725464,10.354825019836426,-0.0215159673243761,-0.1644178330898285,21.513032913208008
3475959115.0,0.4307351112365722,1.8237587213516235,9.798810958862305,-0.3031446039676666,-0.278887927532196,21.373924255371094
3475967448.0,0.6074841618537903,1.5463148355484009,9.6499605178833,0.0781874805688858,0.2888646721839905,21.13045692443848
3475975781.0,0.3842884600162506,1.6516335010528564,9.619818687438965,0.5405758023262024,0.8807586431503296,20.802696228027344
3475984114.0,0.4925074875354767,1.3170324563980105,9.912992477416992,0.681684672832489,0.9146462082862854,20.508363723754883
3475992447.0,0.2035475820302963,1.4039348363876345,9.90249729156494,0.3715474009513855,0.6861158609390259,19.892059326171875
3476000780.0,0.1398238390684127,1.4835867881774902,9.907029151916504,0.8859325647354126,1.3812092542648315,19.56960105895996
3476009113.0,0.3308854699134826,1.6131709814071655,10.402393341064451,1.09246027469635,1.1547027826309204,19.155574798583984
3476017446.0,0.2482817620038986,1.761196494102478,10.33753490447998,0.6782779097557068,1.0093932151794434,18.750123977661133
3476025779.0,0.4883209466934204,1.9262394905090328,10.284765243530272,1.0734801292419434,1.216586947441101,18.614370346069336
3476034112.0,0.5717942714691162,2.105781555175781,10.154589653015137,0.9667710065841676,1.457386136054993,18.083436965942383
3476042445.0,0.6308695673942566,2.0315330028533936,10.330759048461914,0.873560905456543,1.7383745908737185,17.834877014160156
3476050778.0,0.330603688955307,2.167041540145874,10.214513778686523,0.359073281288147,2.1977405548095703,17.283607482910156
3476059111.0,0.3580784797668457,1.9948569536209104,10.517319679260254,0.0957332253456115,2.7752902507781982,17.041372299194336
3476067444.0,0.2141111642122268,1.9356530904769893,10.72018337249756,0.007978837005794,2.127249956130981,16.504295349121094
3476075777.0,0.2108118534088134,1.515245795249939,10.34019947052002,-0.1183890178799629,2.382009029388428,16.15168571472168
3476084110.0,0.192970335483551,1.4357162714004517,10.321746826171877,-0.0400350578129291,2.3197150230407715,15.667576789855955
3476092443.0,-0.0678955465555191,1.71714186668396,10.052087783813477,-0.0216184183955192,2.846318244934082,15.111516952514648
3476100776.0,0.1691683977842331,1.384541153907776,10.019993782043455,0.1048006787896156,2.419457197189331,14.734195709228516
3476109109.0,0.1380198299884796,1.4384430646896362,9.922114372253418,-0.1520461291074752,1.8698264360427856,14.404563903808594
3476117442.0,0.1123659908771514,1.1630220413208008,9.484291076660156,-0.2615981996059418,2.5837719440460205,14.267398834228516
3476125775.0,-0.1094026267528534,1.140712857246399,9.640934944152832,0.1097698360681533,2.730260372161865,13.847148895263672
3476134108.0,-0.1237182915210723,1.2323623895645142,9.779706001281738,0.3384537696838379,2.6332848072052,13.55681037902832
3476142441.0,-0.0779649391770362,0.9118183255195618,10.020586967468262,0.2259047776460647,1.615451455116272,13.126106262207031
3476150774.0,-0.1980848163366317,1.1026830673217771,9.754786491394045,0.0933767184615135,1.684917449951172,12.92185878753662
3476159107.0,0.0838042199611663,0.879061758518219,9.960244178771973,0.3530026078224182,2.0256378650665283,12.821654319763184
3476167440.0,-0.0820909515023231,1.019965410232544,9.984323501586914,0.2648896276950836,1.4830771684646606,12.367642402648926
3476175773.0,0.0620505511760711,0.5524788498878479,9.834248542785645,0.1960641592741012,1.2367448806762695,12.181450843811035
3476184106.0,0.0214870870113372,0.5853898525238037,9.761128425598145,0.2976502478122711,1.0285781621932983,11.996211051940918
3476192439.0,-0.0606141723692417,0.5426855683326721,9.809602737426758,0.388811320066452,1.616014838218689,11.76260757446289
3476200772.0,0.0761508792638778,0.5498415231704712,10.004242897033691,0.7030211687088013,1.2022169828414917,11.699750900268556
3476209105.0,-0.0557984262704849,0.6222435235977173,9.908987045288086,0.6533806920051575,0.8546574115753174,11.398270606994627
3476217438.0,0.178975373506546,0.4582714736461639,9.852046012878418,0.5680598020553589,0.7296855449676514,11.324015617370604
3476225771.0,0.0514659471809864,0.5396155118942261,9.886192321777344,0.8615221381187439,0.9404139518737792,11.066438674926758
3476234104.0,0.1646805703639984,0.3205240070819855,10.023804664611816,0.9521708488464355,0.8936423063278198,10.875996589660645
3476242437.0,0.0929489806294441,0.3992196023464203,9.74963665008545,0.961545705795288,0.4543837904930115,10.540401458740234
3476250770.0,0.2734460532665252,0.2949551045894623,9.712565422058104,1.128832459449768,0.44864621758461,10.375240325927734
3476259103.0,0.1933695673942566,0.3027437329292297,9.636406898498535,1.0841354131698608,0.2770563960075378,10.148476600646973
3476267436.0,0.06417778134346,0.3230381906032562,9.603665351867676,1.0643099546432495,0.9047333002090454,9.834599494934082
3476275769.0,0.0617058835923671,0.3164798021316528,9.936649322509766,1.4224224090576172,0.4600956737995147,9.54587459564209
3476284102.0,0.1944810897111892,0.4910558760166168,9.745641708374023,1.417632818222046,-0.1109096482396125,9.216809272766112
3476292435.0,0.4160119593143463,0.4018889665603637,9.756543159484863,1.2516779899597168,-0.2410299330949783,8.837359428405762
3476300768.0,0.2901075482368469,0.4904932677745819,9.574721336364746,1.344452738761902,0.4571756720542907,8.613670349121094
3476309101.0,0.4798488914966583,0.4166024625301361,9.766805648803713,1.5659390687942505,0.7371391654014587,8.216111183166504
3476317434.0,0.2041423916816711,0.2185784429311752,9.748597145080566,1.5277228355407717,-0.076612189412117,7.948546409606934
3476325767.0,0.2033924460411071,-0.0517389141023159,9.210658073425291,1.4583594799041748,0.4482876360416412,7.570377826690674
3476334100.0,0.1432846784591674,-0.1937564611434936,9.493860244750977,1.937422633171081,0.5876033902168274,7.28255033493042
3476342433.0,0.1222637593746185,-0.1485923826694488,9.570076942443848,2.323249340057373,0.7552741169929504,6.876563549041748
3476350766.0,0.3802167475223541,-0.2319880425930023,9.78293514251709,2.5851292610168457,0.2709857821464538,6.376752853393555
3476359099.0,0.3336402773857116,0.0718551054596901,9.651053428649902,2.6550302505493164,0.3141457438468933,6.017231464385986
3476367432.0,0.4426296055316925,0.1847603023052215,9.516929626464844,2.87287974357605,0.7660321593284607,5.55543327331543
3476375765.0,0.4515711367130279,-0.062980480492115,9.943962097167969,3.038450241088867,0.8352673649787903,5.2587175369262695
3476384098.0,0.5355403423309326,-0.2163493186235427,10.055895805358888,3.0649094581604004,0.711525022983551,5.106082439422607
3476392431.0,0.5958445072174072,0.1265982091426849,9.94892120361328,3.1356050968170166,0.4363000988960266,4.774096488952637
3476400764.0,0.2735587358474731,0.4612655937671661,9.71641445159912,3.1887545585632324,1.2560580968856812,4.5175957679748535
3476409097.0,0.2500391006469726,0.2297489941120147,9.982982635498049,3.1808652877807617,1.348038673400879,4.358940601348877
3476417430.0,0.146803393959999,0.2007737755775451,10.14365005493164,2.4957871437072754,0.871357798576355,4.099058628082275
3476425763.0,0.4463666081428528,0.0619578026235103,10.161563873291016,2.4164600372314453,0.5444689989089966,4.04217004776001
3476434096.0,0.3416869640350342,0.2598236203193664,9.958503723144531,2.6121270656585693,0.8816548585891724,3.8487565517425537
3476442429.0,0.3409788608551025,0.1540369987487793,10.091482162475586,2.598295450210572,1.4929641485214231,3.761540174484253
3476450762.0,0.4490423500537872,0.0487125441431999,10.38059425354004,2.4441232681274414,0.9089084267616272,3.5922300815582275
3476459095.0,0.4686804413795471,0.0937020555138588,10.11292839050293,2.064366340637207,0.303131639957428,3.582598924636841
3476467428.0,0.5910331606864929,-0.1234965398907661,9.814400672912598,2.318305492401123,0.8145454525947571,3.284090518951416
3476475761.0,0.2778164148330688,0.0192259829491376,9.668395042419434,2.5127182006835938,1.5890687704086304,3.198923349380493
3476484094.0,0.275517463684082,-0.2299400568008422,10.118617057800291,2.515817403793335,1.4911712408065796,3.0218522548675537
3476492427.0,0.1622899174690246,-0.0847420468926429,10.156325340270996,2.25606369972229,0.5999751091003418,2.775750637054444
3476500760.0,0.3731142580509186,-0.0602167584002018,10.016338348388672,2.306164503097534,0.7585527300834656,2.719578266143799
3476509093.0,0.2742999196052551,0.3052357137203216,10.059717178344728,2.401475191116333,1.0637205839157104,2.527907133102417
3476517426.0,0.1825065016746521,0.3088427186012268,10.18727684020996,2.2729685306549072,1.5925010442733765,2.3817009925842285
3476525759.0,0.297786146402359,0.1293021291494369,10.38593292236328,2.037599563598633,0.8082700371742249,2.294689655303955
3476534092.0,0.3632352948188782,0.150115892291069,10.153359413146973,1.809274435043335,0.7059667706489563,2.060908555984497
3476542425.0,0.6141207218170166,0.0673127472400665,10.04484748840332,2.085498332977295,0.8742523193359375,1.8525880575180047
3476550758.0,0.264218121767044,0.1639929413795471,9.931066513061523,2.002124071121216,1.3684788942337036,1.5257760286331177
3476559091.0,0.094830609858036,-0.1845770329236984,10.077228546142578,1.868929982185364,1.6683193445205688,1.4630979299545288
3476567424.0,-0.0009770372416824,0.0312154814600944,10.18725872039795,1.704768180847168,0.926889419555664,1.0316261053085327
3476575757.0,0.0992618799209594,-0.2222614288330078,10.06501293182373,1.8193918466567995,0.8069891929626465,1.017256498336792
3476584090.0,0.199729323387146,-0.3585961163043976,9.918536186218262,1.993056297302246,0.6820686459541321,0.7811957001686096
3476592423.0,0.1186175867915153,-0.3365078568458557,9.867258071899414,2.167182207107544,1.342839241027832,0.4371197521686554
3476600756.0,0.1770826876163482,-0.4854237139225006,10.053092956542969,2.429343938827514,1.0398997068405151,0.2292602360248565
3476609089.0,0.1017428860068321,-0.1629019677639007,9.727596282958984,2.3875925540924072,0.5114266276359558,0.1174796968698501
3476617422.0,0.3806550204753876,-0.4061882495880127,9.842021942138672,2.7939367294311523,0.5511031150817871,-0.1709750145673751
3476625755.0,0.2285083681344986,-0.0595016628503799,9.69851779937744,2.7670929431915283,0.5810717344284058,-0.3884911239147186
3476634088.0,0.1571324169635772,-0.1422510296106338,9.706764221191406,2.555647611618042,0.941028654575348,-0.5542408227920532
3476642421.0,-0.1103872880339622,-0.0522529147565364,10.034039497375488,2.462130069732666,0.7240248322486877,-0.6901243925094604
3476650754.0,-0.0500529482960701,-0.1017120629549026,9.932293891906738,2.297071933746338,0.5358369946479797,-0.8565657138824463
3476659087.0,0.1620680391788482,-0.2682000994682312,10.083025932312012,2.213594913482666,-0.4537049233913421,-1.0520023107528689
3476667420.0,0.191100999712944,-0.1734346002340316,9.519813537597656,2.0797348022460938,-0.2992767095565796,-1.0191391706466677
3476675753.0,0.4626059234142303,-0.5715646743774414,9.631206512451172,2.0758161544799805,-0.0484365224838256,-1.1881675720214844
3476684086.0,0.3860196471214294,-0.6013440489768982,9.655427932739258,1.8875770568847656,-0.0847831144928932,-1.3584764003753662
3476692419.0,0.6271166801452637,-0.7685644626617432,9.674384117126465,2.033834218978882,-0.1143675670027732,-1.2741800546646118
3476700752.0,0.4968422651290893,-0.4953134655952453,9.690566062927246,2.261288642883301,-0.3555768132209778,-1.5216392278671265
3476709085.0,0.3892978429794311,-0.5838805437088013,9.552701950073242,2.1464855670928955,0.241862416267395,-1.3481539487838743
3476717418.0,0.2090829908847808,-0.511320173740387,9.837671279907228,1.9605776071548464,0.1186835691332817,-1.4188239574432373
3476725751.0,0.2084342390298843,-0.7487519383430481,9.87796688079834,1.9173665046691888,0.0754467323422432,-1.5644919872283936
3476734084.0,0.4367405772209167,-0.9993045926094056,9.874719619750977,2.254910945892334,-0.6386141777038574,-1.6606988906860352
3476742417.0,0.4882253408432007,-0.999087691307068,9.607772827148438,2.2406694889068604,-0.5094159245491028,-1.836233377456665
3476750750.0,0.8506508469581604,-1.074803352355957,9.51028537750244,2.433544635772705,-0.0729749575257301,-1.7892823219299316
3476759083.0,0.5997591614723206,-0.9486584067344666,9.612642288208008,2.5653555393218994,0.2963182926177978,-2.0152511596679688
3476767416.0,0.6447067856788635,-1.0112688541412354,9.830683708190918,2.608771562576294,0.7407252788543701,-1.766537070274353
3476775749.0,0.4414457082748413,-0.7415488362312317,10.125116348266602,2.7677078247070312,0.2756988406181335,-1.9905848503112795
3476784082.0,0.3608258962631225,-0.5724481344223022,10.08133316040039,2.8209340572357178,0.5930080413818359,-2.15881896018982
3476792415.0,0.47871795296669,-0.5599770545959473,10.311739921569824,2.8596115112304688,0.4544605612754822,-2.332637071609497
3476800748.0,0.5185372233390808,-0.4803107380867004,10.159192085266112,2.717605829238892,0.5865018963813782,-2.494518756866455
3476809081.0,0.5035642385482788,-0.7167274355888367,9.998867988586426,2.890092611312866,0.7461041808128357,-2.6687726974487305
3476817414.0,0.1759031862020492,-0.7951671481132507,9.646439552307127,2.764557123184204,1.1127207279205322,-2.868128061294556
3476825747.0,0.3621315956115722,-1.151202917098999,9.892906188964844,2.8836891651153564,1.1495029926300049,-3.018202304840088
3476834080.0,0.3770428597927093,-1.260409593582153,9.86669921875,3.154764413833618,0.5839149355888367,-3.226830244064331
3476842413.0,0.4806218445301056,-1.3154486417770386,9.66389274597168,3.481884002685547,0.9244049787521362,-3.472650051116944
3476850746.0,0.2863313555717468,-1.0375603437423706,9.73829460144043,4.029106140136719,1.1609010696411133,-3.651001691818237
3476859079.0,0.078269824385643,-0.7413927316665649,9.958197593688965,4.11199426651001,1.609534502029419,-3.940852642059326
3476867412.0,0.1707508713006973,-0.6717551350593567,10.341948509216309,4.041119575500488,0.8518142700195312,-4.059138774871826
3476875745.0,0.2980480194091797,-0.6341700553894043,10.181333541870115,3.876650094985962,0.7080415487289429,-4.33656644821167
3476884078.0,0.3897481560707092,-0.7566394805908203,10.194622993469238,4.23668384552002,0.9262492060661316,-4.386105060577393
3476892411.0,0.1222322881221771,-0.350373774766922,10.043764114379885,4.145753383636475,1.5716767311096191,-4.68241024017334
3476900744.0,0.197796881198883,-0.4477180540561676,10.370532035827637,4.08317756652832,1.4128938913345337,-4.740324020385742
3476909077.0,0.2512698769569397,-0.5284222960472107,10.357147216796877,3.6655123233795166,0.4543325006961822,-4.78870964050293
3476917410.0,0.4549461603164673,-0.790362536907196,10.150365829467772,3.562645673751831,0.7076061367988586,-4.853821277618408
3476925743.0,0.4142762422561645,-0.873808741569519,10.178272247314451,3.88564133644104,1.0411291122436523,-4.842268943786621
3476934076.0,0.1252864599227905,-0.7317261099815369,10.178141593933104,3.863766431808472,1.3506770133972168,-4.885249137878418
3476942409.0,0.127158373594284,-0.5516026616096497,10.32646656036377,3.746658802032471,0.6402407288551331,-4.964141845703125
3476950742.0,0.0925588831305503,-0.448822557926178,10.269505500793455,3.533215045928955,0.3853021264076233,-4.933558464050293
3476959075.0,0.2815987169742584,-0.6474942564964294,10.40410614013672,3.3908767700195312,0.5416514277458191,-4.986682415008545
3476967408.0,0.118945375084877,-0.3839799463748932,10.211644172668455,3.39328408241272,0.7648025155067444,-4.87333869934082
3476975741.0,0.1664206087589264,-0.639618992805481,10.329605102539062,3.3229730129241943,0.6059944033622742,-4.875490188598633
3476984074.0,0.147562950849533,-0.6053416728973389,10.015414237976074,2.9742352962493896,-0.0099639380350708,-4.962066650390625
3476992407.0,0.4955792129039764,-0.8569413423538208,10.106327056884766,2.9656291007995605,0.3664500713348388,-4.89411211013794
3477000740.0,0.4637918472290039,-0.6058593392372131,10.027185440063477,3.096492290496826,0.248214766383171,-4.944982051849365
3477009073.0,0.3362704217433929,-0.4101182222366333,9.995323181152344,3.155686378479004,0.7734858989715576,-4.89447021484375
3477017406.0,0.125868558883667,-0.5783023834228516,10.114405632019045,2.8066928386688232,0.4970057606697082,-4.928025722503662
3477025739.0,-0.0553678572177886,-0.5122685432434082,9.876293182373049,2.749701023101806,0.1894300729036331,-4.999437808990479
3477034072.0,0.2321814447641372,-0.7199373245239258,10.007346153259276,2.795422315597534,-0.1197209283709526,-5.040010929107666
3477042405.0,0.2932693660259247,-0.435400903224945,9.669700622558594,2.8395044803619385,-0.348481684923172,-5.173614978790283
3477050738.0,0.4166396260261535,-0.5513720512390137,9.63391399383545,2.624985218048096,-0.0858845263719558,-5.267746925354004
3477059071.0,0.3652184605598449,-0.3851494789123535,9.680560111999512,2.3707640171051025,-0.1637518107891082,-5.4107770919799805
3477067404.0,0.3990463614463806,-0.573116660118103,9.705018043518066,2.315206527709961,0.2019042074680328,-5.459110260009766
3477075737.0,0.3026328086853027,-0.7162025570869446,9.762857437133787,2.447273731231689,0.0535465627908706,-5.626781940460205
3477084070.0,0.2415733337402343,-0.7120603919029236,9.530339241027832,2.502395868301392,0.3195504248142242,-5.589872360229492
3477092403.0,0.1918286085128784,-0.7151868343353271,9.637639045715332,2.6979856491088867,-0.174330472946167,-5.758540630340576
3477100736.0,0.1479978412389755,-0.6629161238670349,9.413163185119627,2.4971444606781006,-0.1250999122858047,-5.897037029266357
3477109069.0,0.2629663944244385,-0.9005095362663269,9.727143287658691,2.628955364227295,-0.0230015832930803,-6.042577266693115
3477117402.0,0.3433543741703033,-0.7318686842918396,9.618690490722656,2.635359048843384,0.0256782695651054,-6.173312187194824
3477125735.0,0.5657048225402832,-0.768166184425354,9.817060470581056,2.688943862915039,-0.1946425586938858,-6.186888217926025
3477134068.0,0.4252029955387115,-0.5053247213363647,9.74751091003418,2.427473783493042,-0.1755087226629257,-6.409449577331543
3477142401.0,0.6332883834838867,-0.4493250846862793,9.816329002380373,2.4002459049224854,0.4392456710338592,-6.348539352416992
3477150734.0,0.3676906824111938,-0.4090083837509155,10.139104843139648,2.2066538333892822,0.1122544035315513,-6.549227237701416
3477159067.0,0.2253520488739013,-0.4672456681728363,10.055120468139648,1.8559178113937376,0.4311771988868713,-6.520999908447266
3477167400.0,0.3631951510906219,-0.6694470643997192,10.189437866210938,1.8235414028167725,0.3731609582901001,-6.459551334381104
3477175733.0,0.5166771411895752,-0.7835736870765686,9.952730178833008,1.6838927268981934,-0.1269953846931457,-6.491979122161865
3477184066.0,0.4710724353790283,-0.9428427219390868,9.721166610717772,1.5783108472824097,-0.1229739710688591,-6.584780216217041
3477192399.0,0.3838360905647278,-0.8749221563339233,9.492681503295898,1.3443758487701416,0.6462854743003845,-6.460293769836426
3477200732.0,0.5233567357063293,-1.0681122541427612,10.063194274902344,1.4576420783996582,0.7009975910186768,-6.3891377449035645
3477209065.0,0.4551197588443756,-0.9666476845741272,9.916763305664062,1.0950725078582764,0.3791803419589996,-6.606525897979736
3477217398.0,0.7819865345954895,-0.9694784879684448,9.845587730407717,1.5259296894073486,0.6144214868545532,-6.692667007446289
3477225731.0,0.5455052256584167,-1.103530764579773,9.858121871948242,1.6220085620880127,0.967897891998291,-6.752066135406494
3477234064.0,0.5755282640457153,-1.089339256286621,9.957061767578123,1.3837705850601196,1.621214509010315,-6.69015645980835
3477242397.0,0.6576849222183228,-0.985241949558258,10.221435546875,1.509895086288452,0.8843954801559448,-6.731753826141357
3477250730.0,0.679076075553894,-0.9931772351264954,9.983601570129396,1.5772606134414673,0.9967138171195984,-6.701555252075195
3477259063.0,0.6159442067146301,-1.2488263845443726,10.027230262756348,1.6445235013961792,1.412688970565796,-6.700120449066162
3477267396.0,0.5353907942771912,-1.2208099365234375,10.097444534301758,1.5811282396316528,2.083397626876831,-6.851218700408936
3477275729.0,0.6458307504653931,-1.1552577018737793,10.257189750671388,1.8435715436935425,1.9843989610672,-6.99296760559082
3477284062.0,0.5795268416404724,-1.1095179319381714,10.088079452514648,1.7701361179351809,1.850154995918274,-7.2667341232299805
3477292395.0,0.7325510382652283,-1.3381963968276978,9.753811836242676,1.866829872131348,2.295381546020508,-7.145834922790527
3477300728.0,0.568195104598999,-1.3165565729141235,9.838122367858888,1.999614119529724,2.801647186279297,-7.259817600250244
3477309061.0,0.4980022013187408,-1.7305389642715454,9.810940742492676,2.25163197517395,3.1443393230438232,-7.289400577545166
3477317394.0,0.1983894109725952,-1.7378963232040403,9.86406135559082,2.637305498123169,3.0216727256774902,-7.396417140960693
3477325727.0,0.1727559864521026,-1.7143977880477903,9.81811237335205,3.052640914916992,2.797625541687012,-7.546799182891846
3477334060.0,0.1844306588172912,-1.6344234943389893,9.928359985351562,3.253507614135742,2.4004251956939697,-7.807424545288086
3477342393.0,0.3295336663722992,-1.3601093292236328,9.77493381500244,3.580575704574585,2.6948866844177246,-7.96044397354126
3477350726.0,0.5757468342781067,-1.470250964164734,9.784810066223145,3.961715936660767,2.581902503967285,-8.005448341369629
3477359059.0,0.5063652992248535,-1.4549765586853027,9.523870468139648,3.723067760467529,2.760536193847656,-8.139180183410645
3477367392.0,0.6158484220504761,-1.5986576080322266,9.606712341308594,3.9078235626220703,3.0462119579315186,-8.059803009033203
3477375725.0,0.1738372296094894,-1.212170124053955,9.486930847167969,3.950624465942383,3.31431531906128,-8.168046951293945
3477384058.0,0.100006490945816,-1.1787564754486084,9.722801208496094,4.162044525146484,3.59151291847229,-8.1740140914917
3477392391.0,-0.0292845480144023,-1.1861845254898071,9.92888355255127,4.006387233734131,2.8958306312561035,-8.177884101867676
3477400724.0,0.1752689480781555,-1.4735047817230225,9.75468635559082,3.875370502471924,2.578649044036865,-7.958395004272461
3477409057.0,0.1081824749708175,-1.0872045755386353,9.74576473236084,3.914355516433716,2.476781845092773,-7.939005374908447
3477417390.0,0.10746481269598,-1.0519546270370483,9.642473220825195,4.057384967803955,2.831666946411133,-8.101117134094238
3477425723.0,0.1271179467439651,-1.0570520162582395,10.013467788696287,3.79158616065979,2.590867519378662,-7.979450702667236
3477434056.0,0.3229200839996338,-0.9980737566947936,9.835043907165527,3.327865600585937,2.184446096420288,-8.06039047241211
3477442389.0,0.2512692809104919,-0.8533960580825806,9.858845710754396,3.1266398429870605,2.046871900558472,-8.022814750671387
3477450722.0,-0.0696730986237526,-0.7067095637321472,9.56984519958496,3.055842399597168,2.952489137649536,-7.9056291580200195
3477459055.0,-0.0932556614279747,-0.8541943430900574,10.072890281677246,3.05489444732666,2.7739577293396,-7.926146030426025
3477467388.0,-0.2342787086963653,-0.8511693477630615,10.052255630493164,2.595964193344116,1.5646326541900637,-7.979935646057129
3477475721.0,0.0926992744207382,-0.927877962589264,9.79146671295166,2.522425889968872,1.1418696641921997,-7.98244571685791
3477484054.0,0.1504980623722076,-0.7183544039726257,9.745574951171877,2.5072875022888184,1.4359979629516602,-8.003705024719238
3477492387.0,0.0383915640413761,-0.8954743146896362,9.967479705810549,2.250581741333008,2.077839136123657,-7.867591857910156
3477500720.0,-0.2134163677692413,-0.8175184726715088,10.230180740356444,2.105297803878784,1.457385778427124,-8.023710250854492
3477509053.0,0.0456927567720413,-0.8349263072013855,10.26297092437744,2.200864791870117,1.0873372554779053,-8.030165672302246
3477517386.0,0.1437605321407318,-0.6384157538414001,10.056124687194824,2.252016305923462,0.5214417576789856,-8.10705852508545
3477525719.0,0.2264811694622039,-0.822692334651947,9.768064498901367,2.19948148727417,1.1185352802276611,-8.224499702453613
3477534052.0,0.0152113204821944,-0.9661471247673036,9.933398246765137,1.9687228202819824,1.2740392684936523,-8.296784400939941
3477542385.0,-0.0325490199029445,-1.1722819805145264,9.949295997619627,2.1115221977233887,0.9672574400901794,-8.242276191711426
3477550718.0,-0.1058151423931121,-1.3250954151153564,9.855769157409668,2.37929368019104,0.3190893530845642,-8.271733283996582
3477559051.0,-0.2826496958732605,-1.215099215507507,9.449443817138672,2.787302732467652,0.4356853663921356,-8.421602249145508
3477567384.0,-0.3516920506954193,-1.2716410160064695,9.773356437683104,2.903104782104492,0.7017404437065125,-8.429671287536621
3477575717.0,-0.2201069146394729,-1.0482254028320312,9.90514087677002,2.9304864406585693,-0.1315291076898574,-8.552184104919434
3477584050.0,0.1831889301538467,-1.0438873767852783,9.98866844177246,3.119596242904663,-0.9006989598274231,-8.647110939025879
3477592383.0,0.3741365373134613,-0.7628344297409058,9.778054237365724,3.008481979370117,-0.6110789179801941,-8.616039276123047
3477600716.0,0.3882112205028534,-0.9760577082633972,9.981024742126465,2.891091823577881,0.2688342332839966,-8.601569175720215
3477609049.0,-0.0727461799979209,-0.692112922668457,10.007874488830566,2.6922738552093506,0.3850460052490234,-8.582254409790039
3477617382.0,-0.1466915011405944,-0.9813665151596068,10.52942943572998,2.711484432220459,-0.0719759911298751,-8.493013381958008
3477625715.0,-0.0865313038229942,-0.8675251007080078,10.449005126953123,2.419379711151123,-1.2886266708374023,-8.475852966308594
3477634048.0,0.1658394485712051,-1.304467797279358,10.161581993103027,2.5429940223693848,-1.3028424978256226,-8.312920570373535
3477642381.0,0.1058938428759574,-1.435529112815857,9.87928295135498,2.4754748344421387,-0.9834585785865784,-8.167611122131348
3477650714.0,0.3154468536376953,-1.584459900856018,9.945638656616213,2.723856210708618,-0.8083595633506775,-8.041460990905762
3477659047.0,0.2869130969047546,-1.400634765625,9.99838924407959,2.731463670730591,-1.6129541397094729,-8.094636917114258
3477667380.0,0.2956181168556213,-1.059951901435852,9.78639316558838,2.65108609199524,-1.162706971168518,-8.021507263183594
3477675713.0,0.1992911249399185,-1.0114610195159912,10.272612571716309,2.5384089946746826,-0.712818443775177,-7.947302341461182
3477684046.0,-0.1307644695043563,-1.261262059211731,10.148798942565918,2.49389123916626,-0.8440146446228027,-7.808525085449219
3477692379.0,-0.0427614785730838,-1.5416866540908811,10.141541481018066,2.615021228790283,-1.5222026109695437,-7.780681610107422
3477700712.0,0.1441328376531601,-1.488700270652771,9.772927284240724,2.7757503986358643,-2.097447156906128,-7.756322860717773
3477709045.0,0.2196213454008102,-1.6636663675308228,9.67143440246582,2.824545621871948,-1.7471981048583984,-7.734115123748779
3477717378.0,0.2052032500505447,-1.4457563161849976,9.735824584960938,3.144108772277832,-1.3624980449676514,-7.591777324676514
3477725711.0,0.2437400817871093,-1.4873881340026855,10.1278076171875,3.288214445114136,-1.8783173561096191,-7.64940881729126
3477734044.0,0.28041872382164,-0.9316704273223876,9.92295265197754,3.1463370323181152,-2.3691630363464355,-7.794207096099853
3477742377.0,0.3807697296142578,-1.1325528621673584,10.119104385375977,3.104816675186157,-1.6926909685134888,-7.7448225021362305
3477750710.0,0.2042169719934463,-0.9331067800521852,9.848033905029297,2.9650909900665283,-1.242648959159851,-7.884265899658203
3477759043.0,0.3745894432067871,-1.2871052026748655,10.248515129089355,3.0640385150909424,-1.2810957431793213,-7.82435417175293
3477767376.0,0.2250322699546814,-1.296776294708252,10.047123908996582,2.887889862060547,-2.116504192352295,-8.091306686401367
3477775709.0,0.3146999180316925,-1.360721230506897,9.767986297607422,3.149308681488037,-1.7895898818969729,-7.972021102905273
3477784042.0,0.2266016751527786,-1.272027611732483,9.92483139038086,3.246693849563598,-1.381042718887329,-8.04550838470459
3477792375.0,0.4158775508403778,-1.2649856805801392,9.992924690246582,3.5847766399383545,-1.5498919486999512,-8.146915435791016
3477800708.0,0.3440636396408081,-1.240288496017456,10.010364532470703,3.6525261402130127,-2.088175296783448,-8.21848201751709
3477809041.0,0.5002766847610474,-1.2433950901031494,9.69622039794922,3.519152879714966,-1.5117778778076172,-8.353699684143066
3477817374.0,0.5710945129394531,-1.0228253602981567,10.000994682312012,3.9002413749694815,-1.026644229888916,-8.460869789123535
3477825707.0,0.6482389569282532,-1.1626685857772827,10.17733097076416,3.735337495803833,-1.0544613599777222,-8.564325332641602
3477834040.0,0.5314949750900269,-0.969840168952942,10.200363159179688,3.629986047744751,-1.0658340454101562,-8.51932144165039
3477842373.0,0.4552306830883026,-1.049058198928833,10.016168594360352,3.752242565155029,-0.5735028386116028,-8.657663345336914
3477850706.0,0.4225004613399505,-1.08381187915802,10.320113182067873,3.701552391052246,-0.6267035603523254,-8.653463363647461
3477859039.0,0.6036098003387451,-1.1535041332244873,10.18549633026123,3.647301435470581,-0.8060032725334167,-8.55981731414795
3477867372.0,0.7313296794891357,-1.275817632675171,10.128377914428713,3.8113861083984375,-1.2284077405929563,-8.49258041381836
3477875705.0,0.8251156210899353,-0.8993563652038574,9.656455993652344,3.787641286849976,-0.433290421962738,-8.317583084106445
3477884038.0,0.578072190284729,-0.9884622693061828,10.122077941894531,3.618408441543579,0.264889657497406,-8.279802322387695
3477892371.0,0.4959785938262939,-0.8969493508338928,10.066682815551758,3.2357311248779297,0.3366607129573822,-8.28489875793457
3477900704.0,0.6515259146690369,-0.9273834228515624,10.600884437561035,3.1860907077789307,-0.0916733518242836,-8.392145156860352
3477909037.0,0.4425919950008392,-0.7103211879730225,10.1751127243042,2.9574837684631348,0.0718607380986213,-8.328136444091797
3477917370.0,0.407471239566803,-0.9271539449691772,10.156572341918944,2.7846901416778564,0.7070169448852539,-8.278521537780762
3477925703.0,0.5001769065856934,-0.8726510405540466,10.086600303649902,2.680850028991699,0.3424495458602905,-8.299115180969238
3477934036.0,0.6705686450004578,-1.2258111238479614,10.120160102844238,2.518404722213745,-0.081248365342617,-8.256672859191895
3477942369.0,0.7177618145942688,-1.2828199863433838,9.812623023986816,2.626086950302124,0.3483920395374298,-8.192739486694336
3477950702.0,0.6665478348731995,-1.3286930322647097,9.935365676879885,2.914989948272705,1.3629976511001587,-8.072813034057617
3477959035.0,0.5878364443778992,-1.0665885210037231,10.313079833984377,2.9148871898651123,1.253983497619629,-8.065513610839844
3477967368.0,0.6438615322113037,-1.04399573802948,10.288826942443848,2.794218778610229,0.6744868755340576,-8.140563011169434
3477975701.0,0.459253579378128,-0.754167377948761,10.065292358398438,2.6790313720703125,1.10585618019104,-8.418861389160156
3477984034.0,0.2483002841472625,-0.9855117797851562,10.251702308654783,2.580980062484741,2.158447504043579,-8.322961807250977
3477992367.0,0.147455096244812,-0.9478450417518616,10.407529830932615,2.4594149589538574,1.8280495405197144,-8.424139022827148
3478000700.0,0.3655161261558532,-1.2173185348510742,10.336169242858888,2.744885206222534,0.7504842877388,-8.327980995178223
3478009033.0,0.5424720048904419,-1.1663029193878174,9.839884757995604,2.6417627334594727,0.6350922584533691,-8.495396614074707
3478017366.0,0.580769956111908,-1.1798007488250732,9.373801231384276,2.841118574142456,1.6133511066436768,-8.428621292114258
3478025699.0,0.2356515079736709,-1.2367780208587646,9.885719299316406,2.991960525512696,2.2161567211151123,-8.490633964538574
3478034032.0,0.1909662187099456,-1.28551983833313,9.97008991241455,2.9009275436401367,1.6309226751327517,-8.49329662322998
3478042365.0,0.1225018352270126,-0.938134789466858,10.10407257080078,2.917935609817505,1.1629250049591064,-8.657330513000488
3478050698.0,0.2372332066297531,-0.9288541078567504,9.969086647033691,2.8609695434570312,1.6620439291000366,-8.673903465270996
3478059031.0,0.2349092960357666,-0.8148780465126038,10.157506942749023,2.748497724533081,1.6648359298706057,-8.798439979553223
3478067364.0,0.2535758316516876,-1.1598942279815674,10.015018463134766,2.6857426166534424,1.4490103721618652,-8.73058795928955
3478075697.0,0.3574219644069671,-1.2908700704574585,9.932093620300291,2.6926839351654053,1.040796160697937,-8.782328605651855
3478084030.0,0.578335165977478,-1.257307052612305,9.64215850830078,2.8626601696014404,1.0132609605789185,-8.692269325256348
3478092363.0,0.4789592623710632,-1.2912328243255615,9.756296157836914,3.0165247917175293,1.412228226661682,-8.6830472946167
3478100696.0,0.4882680177688598,-1.3989773988723757,9.676522254943848,2.884483575820923,1.814295053482056,-8.38784408569336
3478109029.0,0.293567955493927,-1.2842861413955688,9.966611862182615,2.8848671913146973,1.7478258609771729,-8.247220039367676
3478117362.0,0.3071538805961609,-1.1512197256088257,9.913873672485352,2.7530312538146973,1.5214216709136963,-8.244582176208496
3478125695.0,0.2382510602474212,-1.0878145694732666,10.080326080322266,2.667940139770508,1.4227042198181152,-8.303545951843262
3478134028.0,0.3553955554962158,-1.036493182182312,9.998040199279783,2.4518840312957764,1.3468093872070312,-8.328084945678711
3478142361.0,0.4425138533115387,-1.1007949113845823,10.061286926269531,2.504495859146118,1.3094382286071775,-8.323115348815918
3478150694.0,0.3869901597499847,-1.0241663455963137,9.603191375732422,2.195741653442383,1.417709469795227,-8.26176929473877
3478159027.0,0.3903554081916809,-1.2323354482650757,9.59985065460205,2.608925104141236,1.4160701036453247,-8.124784469604492
3478167360.0,0.1845835745334625,-1.3565768003463743,9.462616920471191,2.188031911849976,1.356209635734558,-8.131085395812988
3478175693.0,0.2740817666053772,-1.628761887550354,9.68427562713623,2.5123085975646973,1.6511322259902954,-8.08587646484375
3478184026.0,0.3750188052654266,-1.131179928779602,9.728338241577148,2.661152601242065,1.1092885732650757,-8.075605392456055
3478192359.0,0.3724147081375122,-1.0651836395263672,9.66150951385498,2.822163820266724,1.3718855381011963,-8.091075897216797
3478200692.0,0.1427022665739059,-0.954569935798645,9.675360679626465,2.304320812225342,1.5368670225143433,-8.304545402526855
3478209025.0,0.2471575140953064,-1.1195669174194336,9.964581489562988,2.154605865478516,1.7988494634628296,-8.32636833190918
3478217358.0,0.1188116744160652,-1.1674854755401611,10.035409927368164,2.3058321475982666,1.369221806526184,-8.492989540100098
3478225691.0,0.2571098506450653,-1.463511347770691,9.892627716064451,2.545017719268799,1.263332486152649,-8.407001495361328
3478234024.0,0.3019295930862427,-1.2635674476623535,9.641382217407228,2.6989848613739014,0.9450243711471558,-8.475493431091309
3478242357.0,0.5298259258270264,-1.4193259477615356,9.473184585571287,2.9610190391540527,1.1739646196365356,-8.51158618927002
3478250690.0,0.435152143239975,-1.3077880144119265,9.316760063171388,3.022672176361084,1.2480666637420654,-8.52902889251709
3478259023.0,0.2208747565746307,-1.7004836797714231,9.36141872406006,3.4029409885406494,1.8912913799285889,-8.593705177307129
3478267356.0,0.0107402577996253,-1.6202787160873413,9.626675605773926,3.404836416244507,1.952048420906067,-8.686351776123047
3478275689.0,0.0905413851141929,-1.3170655965805054,9.760587692260742,3.5333690643310547,1.4099229574203491,-8.720802307128906
3478284022.0,0.1161053255200386,-1.087040901184082,9.875055313110352,3.4696404933929443,0.9949467182159424,-8.942519187927246
3478292355.0,0.1960076689720153,-1.1498992443084717,9.79323959350586,3.2491791248321533,1.3045717477798462,-8.845954895019531
3478300688.0,0.1979258507490158,-1.1260145902633667,10.236729621887209,3.364007472991944,1.612582802772522,-8.800079345703125
3478309021.0,0.367642343044281,-1.153764247894287,10.191080093383787,3.4562697410583496,1.0457910299301147,-8.801898002624512
3478317354.0,0.3948916494846344,-1.0991106033325195,9.96073055267334,3.354889154434204,0.6497948169708252,-8.704487800598145
3478325687.0,0.3602990210056305,-1.0862981081008911,9.675957679748535,3.23250412940979,1.4355372190475464,-8.479337692260742
3478334020.0,0.1198556125164032,-1.0321835279464722,10.220662117004396,2.93291974067688,1.789910078048706,-8.388996124267578
3478342353.0,0.0592836774885654,-0.7688361406326294,10.324758529663086,2.842578411102295,1.4241644144058228,-8.281364440917969
3478350686.0,-0.0454813465476036,-0.838731050491333,10.443424224853516,2.477396011352539,0.7288402915000916,-8.27739429473877
3478359019.0,0.1699125319719314,-0.8251681327819824,10.08591651916504,2.205475330352783,0.6419311165809631,-8.395040512084961
3478367352.0,0.1270646452903747,-0.8984173536300659,10.238487243652344,1.9784053564071653,0.9241743087768556,-8.328136444091797
3478375685.0,0.2012171298265457,-1.0280203819274902,9.91220760345459,1.9169822931289675,0.9675136804580688,-8.353519439697266
3478384018.0,0.3016582429409027,-1.273600697517395,9.964973449707031,2.2572929859161377,0.3830224573612213,-8.212923049926758
3478392351.0,0.1654493063688278,-1.3452939987182615,9.59097671508789,2.1950504779815674,0.4476471841335296,-8.203215599060059
3478400684.0,0.1291503012180328,-1.106446385383606,9.875662803649902,2.214491605758667,1.0125690698623655,-8.135029792785645
3478409017.0,0.0685406327247619,-0.8248322010040283,10.136568069458008,2.159062385559082,0.8023275136947632,-8.13771915435791
3478417350.0,-0.0329409055411815,-0.895668089389801,10.25924301147461,1.916264891624451,0.534171998500824,-8.22785472869873
3478425683.0,-0.0535147637128829,-0.9898190498352052,10.184569358825684,1.6819716691970823,0.4712891280651092,-8.273807525634766
3478434016.0,0.0038678876589983,-1.1725925207138062,10.134034156799316,1.8680591583251955,0.4926770329475403,-8.373754501342773
3478442349.0,-0.0079079065471887,-1.077672243118286,10.02109432220459,2.1615982055664062,0.1384577602148056,-8.451827049255371
3478450682.0,0.1528322994709015,-1.3446590900421145,9.994013786315918,2.191336154937744,0.0097462171688675,-8.536866188049316
3478459015.0,0.1775959581136703,-1.2826694250106812,9.82232666015625,1.9811458587646484,-0.0353988744318485,-8.645752906799316
3478467348.0,0.3469504415988922,-1.4718643426895142,9.6862211227417,2.418483257293701,0.0895857959985733,-8.539017677307129
3478475681.0,0.224238321185112,-1.3637512922286987,9.669979095458984,2.68520450592041,0.1763668358325958,-8.549212455749512
3478484014.0,0.2341412305831909,-1.7155488729476929,9.736452102661133,2.9928057193756104,0.4893215894699096,-8.452800750732422
3478492347.0,0.1074821650981903,-1.362972617149353,9.93990707397461,2.964118242263794,0.147883802652359,-8.604284286499023
3478500680.0,0.099987655878067,-1.203027606010437,9.842522621154783,3.2372939586639404,0.0636129528284072,-8.641220092773438
3478509013.0,0.0093001089990139,-0.9609204530715942,9.815362930297852,3.232145309448242,-0.0681082531809806,-8.81137466430664
3478517346.0,0.4159264266490936,-1.4323049783706665,9.953150749206545,2.9053335189819336,-0.142773762345314,-8.73117733001709
3478525679.0,0.6741181015968323,-1.2545089721679688,9.894902229309082,2.643479108810425,-0.7719619274139404,-8.80563735961914
3478534012.0,0.7743108868598938,-1.3677409887313845,9.484893798828123,3.0092759132385254,-0.2219730019569397,-8.563813209533691
3478542345.0,0.3836441040039062,-1.2605547904968262,9.472867965698242,3.152818441390991,0.7360379695892334,-8.536355018615723
3478550678.0,0.2615714073181152,-1.356830358505249,9.806614875793455,3.047159433364868,0.9005837440490723,-8.308362007141113
3478559011.0,0.003211276140064,-0.9932417273521424,10.22764492034912,2.5665078163146973,-0.0063011012971401,-8.31701946258545
3478567344.0,0.0563659705221653,-0.8501253724098206,9.99790382385254,2.4931232929229736,0.0529830418527126,-8.231775283813477
3478575677.0,0.2057310491800308,-0.800009548664093,10.167840003967283,2.4490411281585693,-0.0208499878644943,-8.311051368713379
3478584010.0,0.4192460179328918,-1.1814789772033691,9.954376220703123,2.009603261947632,-0.1417491734027862,-8.09939956665039
3478592343.0,0.4214416146278381,-1.1581711769104004,9.77499771118164,1.6412447690963743,-0.4962245523929596,-8.116536140441895
3478600676.0,0.4662812650203705,-1.2046135663986206,9.31747817993164,1.843622803688049,0.0982433930039405,-8.239176750183105
3478609009.0,0.3452782928943634,-1.3020179271697998,9.847108840942385,2.0810670852661133,0.7168272137641907,-8.20026969909668
3478617342.0,0.4662666320800781,-1.4626721143722534,9.891569137573242,1.9331445693969729,0.3359691202640533,-8.158773422241211
3478625675.0,0.4078855514526367,-1.2519468069076538,9.961783409118652,1.9139341115951536,-0.0948751270771026,-8.24399185180664
3478634008.0,0.5215012431144714,-1.265217661857605,9.851051330566406,2.0483062267303467,0.6593744158744812,-8.173272132873535
3478642341.0,0.2179978340864181,-1.2552586793899536,10.10873031616211,2.104478120803833,1.1958132982254028,-8.217226028442383
3478650674.0,0.2028931379318237,-1.288341403007507,10.260458946228027,2.081169366836548,1.2380000352859497,-8.39977741241455
3478659007.0,0.4064291715621948,-1.3202946186065674,10.369254112243652,2.1796560287475586,0.2772612869739532,-8.560379981994629
3478667340.0,0.7274895310401917,-1.2382652759552002,9.840685844421388,2.576651334762573,0.3109952509403229,-8.656099319458008
3478675673.0,0.7705369591712952,-1.5445483922958374,9.722973823547363,2.5430965423583984,1.1124902963638306,-8.646444320678711
3478684006.0,0.5689730048179626,-1.451522946357727,9.50563907623291,2.8271586894989014,2.049202919006348,-8.521061897277832
3478692339.0,0.3708067834377289,-1.2783812284469604,9.773433685302734,3.2012550830841064,1.7136310338974,-8.75415325164795
3478700672.0,0.1125673875212669,-1.1586812734603882,9.722034454345703,3.0441367626190186,1.5658624172210691,-8.692217826843262
3478709005.0,0.0259749870747327,-0.8960297703742981,9.989668846130373,2.851927757263184,1.788219690322876,-8.776949882507324
3478717338.0,0.1551345288753509,-0.8341454267501831,10.375720024108888,2.684948444366455,1.7887061834335327,-8.908222198486328
3478725671.0,0.238122746348381,-0.840501606464386,10.535273551940918,2.4827752113342285,1.3363590240478516,-8.940701484680176
3478734004.0,0.6041937470436096,-0.994823157787323,10.053157806396484,2.3935608863830566,1.040770411491394,-8.89871883392334
3478742337.0,0.6323533654212952,-1.399783968925476,10.16175937652588,2.2519142627716064,1.3555694818496704,-8.894134521484375
3478750670.0,0.6292680501937866,-1.0668808221817017,9.68587875366211,2.195255279541016,2.113213062286377,-8.746315002441406
3478759003.0,0.3980332314968109,-1.3694761991500854,10.014180183410645,2.352526903152466,2.4426379203796387,-8.741012573242188
3478767336.0,0.2450102567672729,-1.2490322589874268,10.004199981689451,2.08347487449646,2.1814751625061035,-8.576184272766113
3478775669.0,0.2115891873836517,-1.3211753368377686,9.972253799438477,2.0656986236572266,1.9011014699935915,-8.512635231018066
3478784002.0,0.1117088198661804,-1.4666345119476318,10.045658111572266,1.9431341886520384,2.0506627559661865,-8.520139694213867
3478792335.0,0.024805337190628,-1.6994483470916748,9.898033142089844,2.177376508712769,2.1739187240600586,-8.350957870483398
3478800668.0,0.0294711645692586,-1.506925344467163,9.85935115814209,2.220741271972656,1.7595057487487793,-8.359359741210938
3478809001.0,0.1541213393211364,-1.6468815803527832,9.857014656066896,2.234727144241333,1.163565158843994,-8.493629455566406
3478817334.0,0.2503138184547424,-1.4411189556121826,9.387235641479492,2.1782729625701904,1.2079802751541138,-8.391761779785156
3478825667.0,0.4023842811584472,-1.9375513792037964,9.527036666870115,2.69153094291687,1.6383761167526243,-8.205033302307129
3478834000.0,0.2192230224609375,-1.757279634475708,9.46299171447754,3.0023343563079834,1.4984967708587646,-8.3704252243042
3478842333.0,-0.0385229513049125,-1.96477735042572,9.39144802093506,3.1619110107421875,1.6061022281646729,-8.250140190124512
3478850666.0,-0.0961867570877075,-1.626064419746399,9.654175758361816,3.4124438762664795,1.624442219734192,-8.305622100830078
3478858999.0,0.080194167792797,-1.6075758934020996,9.98271656036377,3.4197440147399902,1.1465060710906982,-8.336127281188965
3478867332.0,0.1882134228944778,-1.3429995775222778,10.31048583984375,3.3232550621032715,0.8092176914215088,-8.30034351348877
3478875665.0,0.2224360257387161,-1.333285212516785,10.043696403503418,3.497150659561157,1.2054189443588257,-8.507538795471191
3478883998.0,0.3304521739482879,-0.9848321080207824,10.012506484985352,3.765716075897217,1.24993634223938,-8.488481521606445
3478892331.0,0.4444901347160339,-1.1808879375457764,9.913222312927246,3.684979677200317,0.7598592042922974,-8.642935752868652
3478900664.0,0.3761669993400574,-1.060640573501587,9.412383079528809,3.2471039295196533,0.957242488861084,-8.653360366821289
3478908997.0,0.180968627333641,-1.347106695175171,9.481452941894531,3.533830165863037,1.962370991706848,-8.686454772949219
3478917330.0,0.0599843151867389,-1.2669764757156372,9.696084976196287,3.54709792137146,1.7232619524002075,-8.536201477050781
3478925663.0,0.0713569223880767,-1.674141764640808,9.81899070739746,3.577502012252808,0.8938984274864197,-8.597393035888672
3478933996.0,-0.0077784750610589,-1.5785191059112549,9.55874729156494,3.5105466842651367,0.6461576223373413,-8.718369483947754
3478942329.0,0.021890414878726,-1.6480960845947266,9.588019371032717,4.017631530761719,1.5019035339355469,-8.810452461242676
3478950662.0,-0.0174677651375532,-1.5056713819503784,10.08049201965332,4.08517599105835,1.2614370584487915,-8.89400577545166
3478958995.0,0.3340590298175812,-1.578380823135376,10.035120010375977,4.080257892608643,0.6985129714012146,-8.759478569030762
3478967328.0,0.5228763222694397,-1.108912467956543,9.773399353027344,4.141373634338379,0.2714212536811828,-8.711426734924316
3478975661.0,0.6187110543251038,-1.011635422706604,9.51816463470459,4.116323471069336,1.051221251487732,-8.556001663208008
3478983994.0,0.2041179239749908,-0.8487537503242493,9.527926445007324,3.8882031440734863,1.7722620964050293,-8.478517532348633
3478992327.0,0.0428277961909771,-1.1154725551605225,10.013174057006836,3.377429246902466,1.773901343345642,-8.230802536010742
3479000660.0,-0.1568493396043777,-0.8379531502723694,10.288907051086426,3.119391202926636,0.7696437835693359,-8.337382316589355
3479008993.0,-0.1330356895923614,-1.2283315658569336,10.119466781616213,2.907023906707764,0.6982312798500061,-8.239715576171875
3479017326.0,-0.0824038013815879,-0.8346882462501526,10.237632751464844,2.880359411239624,0.742697536945343,-8.244786262512207
3479025659.0,0.2819669544696808,-0.9614901542663574,10.231006622314451,2.962631940841675,0.0133322086185216,-8.174065589904785
3479033992.0,0.4906125068664551,-0.7662180066108704,9.840845108032228,2.559976577758789,-0.3518371284008026,-8.234926223754883
3479042325.0,0.7259888648986816,-0.937837541103363,9.446599960327148,2.5897910594940186,0.2566930651664734,-7.966718196868896
3479050658.0,0.4078820943832397,-1.189946174621582,9.470155715942385,2.6103334426879883,0.9446913599967957,-8.0593900680542
3479058991.0,0.231362372636795,-1.4537737369537354,9.64071273803711,2.610845804214477,1.5005714893341064,-7.875070571899414
3479067324.0,-0.0743106231093406,-1.2598154544830322,10.173714637756348,2.684436082839966,1.0751959085464478,-7.918359756469727
3479075657.0,-0.0078138951212167,-1.0975110530853271,10.261956214904783,2.780156373977661,0.6748199462890625,-8.042691230773926
3479083990.0,-0.0148479789495468,-1.048027753829956,10.446162223815918,2.961991548538208,0.3623005449771881,-8.131135940551758
3479092323.0,0.3729715049266815,-1.2409528493881226,9.931167602539062,3.2539939880371094,0.0890735015273094,-8.045866012573242
3479100656.0,0.5619182586669922,-1.1542659997940063,9.919954299926758,3.18970251083374,-0.3360587656497955,-8.127883911132812
3479108989.0,0.5676689147949219,-1.2000280618667605,9.230354309082031,3.199307680130005,0.2530558407306671,-8.072813034057617
3479117322.0,0.531586229801178,-1.1845017671585083,9.538412094116213,3.302597045898437,1.3207470178604126,-7.984789848327637
3479125655.0,0.6717436909675598,-1.6428521871566772,9.764642715454102,3.390376806259156,1.57212495803833,-7.841606140136719
3479133988.0,0.3044344782829284,-1.4786828756332395,9.828875541687012,3.551823616027832,1.0526169538497925,-7.90938138961792
3479142321.0,0.0147742498666048,-1.735396146774292,9.548291206359863,3.822745561599731,1.6387476921081543,-7.801980972290039
3479150654.0,-0.1625110507011413,-1.6227912902832031,9.997187614440918,4.200273036956787,1.668536901473999,-7.948134899139404
3479158987.0,0.2152147740125656,-1.6293890476226809,10.058884620666504,4.262439727783203,0.7148678302764893,-8.006256103515625
3479167320.0,0.6502857804298401,-1.3627904653549194,10.08879566192627,4.492737293243408,-0.3007239401340484,-7.751341819763184
3479175653.0,0.8103281259536743,-0.7930359244346619,9.296107292175291,4.565890789031982,0.5030122995376587,-7.733052253723144
3479183986.0,0.5935493111610413,-0.5945899486541748,9.488903999328612,4.346146583557129,2.081028938293457,-7.645811080932617
3479192319.0,0.4392440915107727,-0.7322952747344971,9.715031623840332,3.8174691200256334,2.2457284927368164,-7.591355800628662
3479200652.0,0.138829618692398,-0.8359529972076416,9.956666946411133,3.108415365219116,1.6264269351959229,-7.383930683135986
3479208985.0,0.2091122418642044,-0.9535786509513856,9.853219985961914,3.031546831130981,1.8775490522384644,-7.353193283081055
3479217318.0,-0.0276897978037595,-0.9075943827629088,10.265262603759766,3.095479965209961,2.131411552429199,-7.283881187438965
3479225651.0,-0.0801784992218017,-1.0601930618286133,10.135005950927734,2.8593432903289795,2.205923795700073,-7.302274227142334
3479233984.0,0.1524726748466491,-1.1338367462158203,10.32760524749756,2.8410801887512207,1.2957217693328855,-7.3147478103637695
3479242317.0,0.3012226819992065,-1.0466320514678955,9.751747131347656,2.731784582138061,0.7564653158187866,-7.349147796630859
3479250650.0,0.2679025828838348,-1.261575698852539,9.512025833129885,2.714853048324585,1.7493244409561155,-7.313390254974365
3479258983.0,0.3608166873455047,-0.8999692797660828,9.72042179107666,2.976246118545532,2.33015251159668,-7.284444808959961
3479267316.0,0.0008912796620279,-0.9398749470710754,9.869023323059082,2.7794010639190674,1.895171999931336,-7.420406341552734
3479275649.0,-0.1752933114767074,-0.9552186727523804,9.578886985778809,2.54805326461792,2.085306406021118,-7.384982585906982
3479283982.0,-0.3619698584079742,-1.1321243047714231,9.97921657562256,2.748048782348633,2.209816694259644,-7.37245512008667
3479292315.0,-0.2177408635616302,-1.185833215713501,10.13914394378662,2.778042793273926,1.990046739578247,-7.60728645324707
3479300648.0,-0.0971868187189102,-1.1172024011611938,10.34226417541504,2.8204092979431152,1.3182624578475952,-7.522146224975586
3479308981.0,0.1245297864079475,-0.9179521203041076,9.893003463745115,3.129572868347168,1.4069130420684814,-7.720552921295166
3479317314.0,0.217913806438446,-1.132125973701477,10.150094985961914,3.2267019748687744,1.984872817993164,-7.694785118103027
3479325647.0,0.2776377499103546,-0.9408906698226928,9.942707061767578,3.0290367603302,2.123701810836792,-7.685742855072021
3479333980.0,-0.1343229115009308,-0.875577449798584,9.888237953186035,2.9109809398651123,2.1737005710601807,-7.863429546356201
3479342313.0,-0.3984260261058807,-0.5188307166099548,9.619658470153809,2.9934329986572266,2.5356554985046387,-7.907177925109863
3479350646.0,-0.6069456338882446,-1.053296685218811,10.002087593078612,2.80555272102356,2.353384733200073,-7.867860794067383
3479358979.0,-0.3211624324321747,-1.309963345527649,10.045136451721191,2.5184426307678223,1.475968837738037,-7.897572994232178
3479367312.0,0.0551692843437194,-1.5966476202011108,9.972018241882324,2.8528621196746826,0.933843731880188,-7.942781925201416
3479375645.0,0.3878067433834076,-1.4802863597869873,9.431352615356444,3.178982973098755,1.223899483680725,-7.934125423431396
3479383978.0,0.0606403574347496,-1.524556279182434,9.605113983154297,3.585249900817871,2.0557727813720703,-7.72073221206665
3479392311.0,-0.3868365883827209,-1.2215511798858645,9.859965324401855,3.211333751678467,2.604891061782837,-7.836483478546143
3479400644.0,-0.6966800689697266,-1.0257841348648071,10.426803588867188,3.407435894012451,2.196779251098633,-7.685768604278564
3479408977.0,-0.4316016435623169,-0.8247480988502502,10.38372039794922,3.1221189498901367,0.9264411926269532,-7.87774658203125
3479417310.0,0.0091573316603899,-1.2999436855316162,10.155265808105469,3.013207197189331,0.2715364992618561,-7.615739345550537
3479425643.0,-0.0050666648894548,-1.2462724447250366,9.421366691589355,2.880577325820923,0.6412012577056885,-7.394561767578125
3479433976.0,-0.5427225828170776,-1.4302501678466797,9.45935344696045,3.077294111251831,1.9264721870422363,-7.341385364532471
3479442309.0,-0.6849280595779419,-1.1198983192443848,9.89582347869873,3.2773420810699463,1.689207911491394,-7.226224899291992
3479450642.0,-0.7425937056541443,-1.182645559310913,10.368511199951172,3.006420135498047,0.569481372833252,-7.393435001373291
3479458975.0,-0.3193767368793487,-1.050934076309204,10.111597061157228,2.6904425621032715,0.1162630170583725,-7.303835391998291
3479467308.0,-0.4567723572254181,-0.939056634902954,10.053117752075195,3.165177345275879,0.3395423293113708,-7.207449436187744
3479475641.0,-0.763837456703186,-0.7607700824737549,9.821678161621094,2.8793985843658447,0.5051640272140503,-7.136830806732178
3479483974.0,-0.9825083613395692,-1.2057898044586182,10.038490295410156,2.623563766479492,-0.067531943321228,-7.343794822692871
3479492307.0,-0.7143821716308594,-1.0739558935165403,9.825154304504396,2.640776872634888,-1.007010817527771,-7.249712944030762
3479500640.0,-0.4789851605892181,-1.3164142370224,9.92893886566162,2.755067586898804,-0.9893372058868408,-7.311136245727539
3479508973.0,-0.3277536034584045,-0.8145716190338135,9.945772171020508,2.866771459579468,-0.5077382922172546,-7.396277904510498
3479517306.0,-0.4764488041400909,-0.9017266035079956,10.20395278930664,3.180622339248657,-0.3504411876201629,-7.34128475189209
3479525639.0,-0.385386973619461,-0.9305626153945924,10.39322566986084,2.7667477130889893,-0.8216663002967834,-7.363389492034912
3479533972.0,-0.5065838098526001,-0.8607664704322815,10.056689262390137,2.81787371635437,-1.1724532842636108,-7.381883144378662
3479542305.0,-0.6851596236228943,-0.7213682532310486,9.828598022460938,2.8184115886688232,-0.5210576057434082,-7.4678192138671875
3479550638.0,-0.6944742202758789,-0.910036027431488,10.22549057006836,2.7164416313171387,-0.4332776665687561,-7.551680088043213
3479558971.0,-0.6690840125083923,-0.7294156551361084,10.310763359069824,2.351515293121338,-1.0018112659454346,-7.588154315948486
3479567304.0,-0.4008334279060364,-1.2486600875854492,10.098677635192873,2.5678019523620605,-1.475777268409729,-7.544379234313965
3479575637.0,-0.2102870494127273,-1.3346028327941897,9.591309547424316,2.856269359588623,-1.2636911869049072,-7.491281509399414
3479583970.0,0.0693473815917968,-1.4202591180801392,9.516962051391602,3.350905418395996,-1.0232758522033691,-7.454933166503906
3479592303.0,-0.0316398777067661,-1.2365647554397583,9.534750938415527,2.996225595474243,-0.9710742831230164,-7.436671733856201
3479600636.0,-0.2205992192029953,-1.1993061304092407,9.658698081970217,3.0801889896392822,-0.1419669091701507,-7.25422191619873
3479608969.0,-0.578823983669281,-0.8076315522193909,10.072463989257812,3.2011396884918213,0.3641576468944549,-7.171462059020996
3479617302.0,-0.5832540392875671,-1.2026832103729248,10.560494422912598,2.926682949066162,-0.314069002866745,-7.168337345123291
3479625635.0,-0.2673342525959015,-1.1629970073699951,10.091479301452637,2.6046862602233887,-1.244531750679016,-7.117313385009766
3479633968.0,0.0896456912159919,-1.303918719291687,10.067420959472656,2.7530436515808105,-0.9611870050430298,-6.957530498504639
3479642301.0,-0.0984635278582573,-0.736337423324585,9.794195175170898,2.880244016647339,-0.2076161801815033,-6.860991477966309
3479650634.0,-0.307561993598938,-0.6435353755950928,10.164650917053224,2.8341383934021,0.500835120677948,-6.678950309753418
3479658967.0,-0.304503321647644,-0.6530260443687439,10.27971076965332,2.438449621200561,-0.1998550742864608,-6.816550254821777
3479667300.0,-0.184771329164505,-1.1519883871078491,9.85159683227539,2.1532349586486816,-0.8352673649787903,-6.721520900726318
3479675633.0,-0.3259228467941284,-1.3117210865020752,9.09710693359375,2.499386072158813,-0.1910181641578674,-6.676004886627197
3479683966.0,-0.9930724501609802,-1.632109522819519,9.468338966369627,2.846945285797119,1.1484142541885376,-6.531028747558594
3479692299.0,-1.2747842073440552,-1.3851277828216553,10.139005661010742,2.561628818511963,1.200846791267395,-6.630411624908447
3479700632.0,-0.7425623536109924,-1.119358777999878,10.996254920959473,2.6526100635528564,-0.0674550831317901,-6.6518754959106445
3479708965.0,-0.0655060485005378,-1.002456545829773,10.573143005371094,2.846484422683716,-1.2761908769607544,-6.726593017578125
3479717298.0,0.2251212000846862,-1.2994800806045532,9.778104782104492,3.1995508670806885,-0.4833278357982635,-6.707484245300293
3479725631.0,-0.2653253376483917,-1.2818026542663574,9.7948579788208,3.322934865951538,1.1774863004684448,-6.787452697753906
3479733964.0,-0.5076265931129456,-0.748924195766449,9.900904655456545,3.480872869491577,1.4266618490219116,-6.821725368499756
3479742297.0,-0.7826619148254395,-0.5898656845092773,10.638494491577148,3.2362821102142334,0.2623922526836395,-7.016752243041992
3479750630.0,-0.490910917520523,-0.7704842686653137,10.141480445861816,2.8794755935668945,0.4296788275241852,-6.814245223999023
3479758963.0,-0.5713703632354736,-1.0356096029281616,10.372859954833984,2.7007651329040527,1.0734413862228394,-6.781919956207275
3479767296.0,-0.4159368574619293,-1.0070946216583252,10.21742820739746,3.138102054595948,1.1646534204483032,-6.772928237915039
3479775629.0,-0.6183330416679382,-1.32182776927948,10.15951919555664,3.459484815597534,0.4971723556518554,-6.972926139831543
3479783962.0,-0.7054473161697388,-1.4800821542739868,9.832049369812012,3.315788745880127,0.5645122528076172,-6.855612754821777
3479792295.0,-0.6978314518928528,-1.3447850942611694,10.111687660217283,3.292940855026245,1.1975938081741333,-6.884608268737793
3479800628.0,-0.5124866366386414,-0.9905871748924256,10.248006820678713,3.4928858280181885,1.1998989582061768,-6.907020568847656
3479808961.0,-0.4406844079494476,-1.0168081521987915,10.344358444213867,3.580230474472046,0.8538250923156738,-6.897056579589844
3479817294.0,-0.4400204122066498,-1.037876009941101,9.931645393371582,3.354491949081421,0.652445912361145,-6.837298393249512
3479825627.0,-0.7731801867485046,-1.1368441581726074,9.98771858215332,3.430412530899048,1.0152204036712646,-6.884531497955322
3479833960.0,-0.6464918255805969,-0.9267701506614684,10.145910263061523,3.3883793354034424,1.0510802268981934,-6.6898627281188965
3479842293.0,-0.3578077554702759,-0.9019753336906432,10.307424545288086,3.275036334991455,-0.1345899999141693,-6.570269584655762
3479850626.0,-0.3359169960021972,-0.652534008026123,9.830814361572266,2.820230007171631,0.031172527000308,-6.564250469207764
3479858959.0,-0.6925576329231262,-0.8368586301803589,9.815446853637695,2.8298354148864746,1.3754076957702637,-6.496833324432373
3479867292.0,-0.7650730609893799,-0.9062504768371582,10.196219444274902,2.9854156970977783,1.689873456954956,-6.456003665924072
3479875625.0,-0.7721895575523376,-1.0522396564483645,10.284750938415527,3.002065420150757,0.1203869134187698,-6.498523712158203
3479883958.0,-0.6943206191062927,-0.9289789795875548,9.407357215881348,2.7769932746887207,-0.5178302526473999,-6.616016864776611
3479892291.0,-0.6907334923744202,-1.2430517673492432,9.156107902526855,2.979217290878296,0.3589066863059997,-6.5388665199279785
3479900624.0,-0.7487484216690063,-1.2926924228668213,9.583014488220217,2.8359827995300293,1.215677261352539,-6.588352680206299
3479908957.0,-0.4662932455539703,-1.3836554288864136,10.109542846679688,3.157236337661743,0.3175140619277954,-6.460615158081055
3479917290.0,-0.2974817454814911,-0.9911879897117616,9.704200744628906,3.474494457244873,-0.6021266579627991,-6.556002140045166
3479925623.0,-0.193861037492752,-1.0702033042907717,9.405431747436523,3.80630087852478,0.2311428636312484,-6.533692359924316
3479933956.0,-0.474875271320343,-1.0903258323669434,9.580480575561523,3.74467396736145,1.096366286277771,-6.621677875518799
3479942289.0,-0.5731218457221985,-1.1451923847198486,9.895538330078123,3.797695398330689,1.330864667892456,-6.642988681793213
3479950622.0,-0.6713227033615112,-0.8809656500816345,10.051173210144045,3.899613618850708,0.3316531181335449,-6.702387809753418
3479958955.0,-0.5705084204673767,-0.9545988440513612,9.798015594482422,3.959243774414064,0.345561683177948,-6.682024002075195
3479967288.0,-0.5230422019958496,-1.0128871202468872,9.748607635498049,4.017644882202148,0.4100071489810943,-6.579516887664795
3479975621.0,-0.4693609476089477,-1.058490514755249,9.602890014648438,4.088621139526367,0.5147950053215027,-6.580029010772705
3479983954.0,-0.46589395403862,-1.0282844305038452,9.56664752960205,4.0378031730651855,0.2343190610408783,-6.552058696746826
3479992287.0,-0.185810849070549,-1.001557230949402,9.444016456604004,4.077760696411133,0.5350558161735535,-6.51804256439209
3480000620.0,-0.2622779011726379,-0.908149778842926,9.934539794921877,4.001687049865723,0.780030369758606,-6.438817501068115
3480008953.0,-0.3485281467437744,-0.7383409738540649,9.795523643493652,3.974279165267944,1.3651107549667358,-6.269891262054443
3480017286.0,-0.5853375196456909,-0.6720791459083557,10.08350944519043,4.081551551818848,1.3830151557922363,-6.210184574127197
3480025619.0,-0.7335710525512695,-0.6484869718551636,9.961023330688477,3.884911298751831,0.7359738349914551,-6.116590023040772
3480033952.0,-0.6234605312347412,-0.7091951966285706,9.945623397827148,3.463249444961548,0.4549344182014465,-6.141153335571289
3480042285.0,-0.3590984940528869,-0.5498262643814087,10.047699928283691,3.2910706996917725,0.5475298762321472,-5.888136863708496
3480050618.0,-0.3048606216907501,-0.6705611944198608,9.923749923706056,3.377211093902588,0.862533688545227,-5.73281192779541
3480058951.0,-0.5488930940628052,-0.554157555103302,9.97479248046875,3.0809314250946045,1.187296748161316,-5.63224983215332
3480067284.0,-0.6017795205116272,-0.7935240864753723,10.049223899841309,3.0642051696777344,0.9945751428604126,-5.457483768463135
3480075617.0,-0.6668177843093872,-0.628886878490448,10.119815826416016,2.942000150680542,0.4373887479305267,-5.464195728302002
3480083950.0,-0.4264810383319855,-0.6661942601203918,10.18038845062256,3.0648715496063232,0.517151415348053,-5.25057315826416
3480092283.0,-0.4161516427993774,-0.4309819936752319,9.962146759033203,2.983648538589477,0.5234525203704834,-5.270987033843994
3480100616.0,-0.4297662675380707,-0.8690060377120972,9.928130149841309,2.995124101638794,0.9515433311462402,-5.208950042724609
3480108949.0,-0.6700948476791382,-1.0681159496307373,9.877039909362791,3.052243709564209,0.9042338132858276,-5.247934341430664
3480117282.0,-0.7444512844085693,-1.0206079483032229,10.035238265991213,3.3517510890960693,1.0229814052581787,-5.069454669952393
3480125615.0,-0.9394912123680116,-0.705147922039032,10.324774742126465,3.539785146713257,0.7331050038337708,-5.129903793334961
3480133948.0,-0.6595337390899658,-0.2965101599693298,10.148435592651367,3.582586765289306,0.5213521718978882,-5.087128162384033
3480142281.0,-0.4712453484535217,-0.2213680297136306,10.300713539123535,3.4879674911499023,0.0105018382892012,-5.2392258644104
3480150614.0,-0.5639651417732239,-0.3882666826248169,9.906129837036133,3.015000343322754,0.4623881876468658,-5.041738986968994
3480158947.0,-0.4743451774120331,-0.4763902127742767,10.057710647583008,3.240507841110229,0.7000370621681213,-4.990280151367188
3480167280.0,-0.5784426927566528,-0.4840100407600403,10.028103828430176,3.138230323791504,0.4257854521274566,-5.0148701667785645
3480175613.0,-0.8114655613899231,-0.5758697986602783,9.793634414672852,3.246168613433838,0.2243294864892959,-4.941869258880615
3480183946.0,-0.7464694976806641,-0.5164157152175903,9.83810329437256,3.128035545349121,0.2772740721702575,-5.096246242523193
3480192279.0,-0.6513625383377075,-0.8029502630233765,9.951242446899414,3.04494309425354,0.1690283268690109,-5.072783470153809
3480200612.0,-0.4150514900684356,-0.9986518621444702,9.838838577270508,3.1279335021972656,-0.0756004154682159,-4.97263240814209
3480208945.0,-0.2585360407829284,-1.2327903509140017,9.768503189086914,3.266634702682495,0.1071955859661102,-4.949375152587891
3480217278.0,-0.4728315770626068,-0.9238647818565368,9.383946418762209,3.570240497589112,0.3345475494861603,-4.876425743103027
3480225611.0,-0.5328315496444702,-0.8602905869483948,9.640104293823242,3.793724536895752,0.7712447047233582,-4.887260913848877
3480233944.0,-0.5424655675888062,-0.773045003414154,9.94504165649414,3.556613206863404,0.1788129657506942,-4.8624138832092285
3480242277.0,-0.4659712314605713,-0.6695744395256042,9.7974853515625,3.509176015853882,0.2060152888298034,-4.922966480255127
3480250610.0,-0.3437281250953674,-0.7673164010047913,9.855070114135742,3.63901424407959,0.3273499608039856,-4.7723798751831055
3480258943.0,-0.348039835691452,-0.7807256579399109,9.580917358398438,3.463787317276001,0.4276296496391296,-4.661394119262695
3480267276.0,-0.3859227299690246,-1.01132333278656,9.740667343139648,3.451415538787842,0.4238899946212768,-4.5770463943481445
3480275609.0,-0.4831596314907074,-0.6578373908996582,9.550122261047363,3.481614589691162,0.3745569288730621,-4.450844764709473
3480283942.0,-0.6311265826225281,-0.5609740614891052,9.743508338928224,3.454796075820923,0.789661169052124,-4.582066059112549
3480292275.0,-0.5311276912689209,-0.3308358788490295,9.90346908569336,3.400084972381592,0.6468107104301453,-4.572307586669922
3480300608.0,-0.1888136863708496,-0.3786086440086365,10.07929515838623,3.040127992630005,0.2781961858272552,-4.589033603668213
3480308941.0,-0.2935003042221069,-0.3604798316955566,9.752092361450195,2.642364263534546,0.2678736448287964,-4.595949172973633
3480317274.0,-0.226852685213089,-0.4842533469200134,9.5593843460083,2.777684211730957,1.4175430536270142,-4.620820999145508
3480325607.0,-0.5942336916923523,-0.7064520120620728,9.944458961486816,2.7583200931549072,1.3911346197128296,-4.642336845397949
3480333940.0,-0.4856963455677032,-0.6916034817695618,9.837217330932615,2.769385576248169,0.8977277278900146,-4.729989051818848
3480342273.0,-0.2939065098762512,-0.7709865570068359,9.94111156463623,2.838697671890259,0.4660254120826721,-4.951577186584473
3480350606.0,-0.4201485812664032,-0.4411138892173767,9.663150787353516,2.995584726333618,1.1676249504089355,-4.885877132415772
3480358939.0,-0.4515661299228668,-0.523698091506958,9.958663940429688,2.895510196685791,1.8153834342956543,-5.000091075897217
3480367272.0,-0.624367892742157,-0.4670537114143371,10.19616413116455,2.938541889190674,1.5306298732757568,-4.95775032043457
3480375605.0,-0.4085030555725097,-0.5868113040924072,10.111149787902832,2.8852901458740234,0.9320251941680908,-5.105621814727783
3480383938.0,-0.3708164691925049,-0.2749719023704529,9.895874977111816,2.887748956680298,0.9073073863983154,-5.191915988922119
3480392271.0,-0.3603333532810211,-0.2897261679172516,9.774871826171877,2.8930001258850098,1.8887426853179927,-5.144632816314697
3480400604.0,-0.6754520535469055,-0.524462103843689,9.959918975830078,2.6150598526000977,2.025240659713745,-5.216198444366455
3480408937.0,-0.7244757413864136,-0.8936005234718323,10.037781715393066,2.4889349937438965,1.7527308464050293,-5.098833560943604
3480417270.0,-0.5870968103408813,-0.891106128692627,10.09490203857422,2.759063243865967,0.8418375253677368,-5.184283256530762
3480425603.0,-0.5349134206771851,-0.5840323567390442,9.846881866455078,2.900428056716919,1.4808101654052734,-5.116379737854004
3480433936.0,-0.414823979139328,-0.5648070573806763,10.205703735351562,2.6644954681396484,1.6924095153808594,-5.200138568878174
3480442269.0,-0.349900335073471,-0.2838147580623626,10.119951248168944,2.7348833084106445,1.82270896434784,-5.299265384674072
3480450602.0,-0.3640426099300384,-0.6708023548126221,10.356321334838867,2.632246494293213,1.4302988052368164,-5.205413818359375
3480458935.0,-0.7162249684333801,-0.6989496946334839,9.886320114135742,2.2912447452545166,1.8785994052886963,-5.217223167419434
3480467268.0,-0.7611586451530457,-0.681329071521759,10.119802474975586,2.487245321273804,2.2883760929107666,-5.0446085929870605
3480475601.0,-0.988393008708954,-0.728813886642456,10.326961517333984,2.3669087886810303,1.4490485191345217,-4.913181781768799
3480483934.0,-0.6494536995887756,-0.6614322066307068,9.976068496704102,2.086100101470948,1.2337353229522705,-4.824018478393555
3480492267.0,-0.5736426115036011,-0.8333758115768433,9.889325141906738,2.366755247116089,0.9104836583137512,-4.710061073303223
3480500600.0,-0.6809516549110413,-0.9424224495887756,9.739623069763184,2.402512550354004,1.455810546875,-4.59733247756958
3480508933.0,-0.6357380747795105,-1.023529291152954,9.990432739257812,2.5614492893218994,1.306812763214111,-4.690901279449463
3480517266.0,-0.7579923868179321,-0.8202974200248718,9.990768432617188,2.620720386505127,0.7706042528152466,-4.773763656616211
3480525599.0,-0.8891831636428833,-0.6899691820144653,9.95204734802246,2.7368807792663574,1.003207087516785,-4.670717239379883
3480533932.0,-1.204981565475464,-0.6265193223953247,9.890421867370604,2.6116783618927,1.2096577882766724,-4.554633617401123
3480542265.0,-1.233723282814026,-0.6102456450462341,10.112295150756836,2.579763174057007,0.9711893200874328,-4.554684162139893
3480550598.0,-1.0698636770248413,-1.0991079807281494,10.09674072265625,2.544569492340088,-0.2761599123477936,-4.661394119262695
3480558931.0,-0.6939787268638611,-1.046872615814209,9.760457038879396,2.931702852249145,-0.5957230925559998,-4.714364528656006
3480567264.0,-0.588394045829773,-1.1414631605148315,9.79676342010498,3.211077213287353,-0.3118148744106293,-4.6497907638549805
3480575597.0,-0.7183812260627747,-0.4696430563926697,9.662664413452148,3.2089767456054688,0.2730989456176758,-4.786468029022217
3480583930.0,-0.7978196740150452,-0.3805716633796692,10.151040077209473,3.1264736652374268,0.1383424997329712,-4.683755397796631
3480592263.0,-0.8613229393959045,-0.5757314562797546,10.03285026550293,2.74707555770874,-0.4966472387313843,-4.56831169128418
3480600596.0,-0.8014021515846252,-0.6011646389961243,9.95297908782959,2.84187388420105,-0.4494914412498474,-4.672664165496826
3480608929.0,-0.9817418456077576,-0.6772259473800659,9.88129997253418,3.0739901065826416,-0.4719294607639313,-4.810622215270996
3480617262.0,-0.7920860648155212,-0.6260288953781128,9.661534309387209,3.1342601776123047,-0.7594748139381409,-4.786749362945557
3480625595.0,-0.5832348465919495,-0.9940541386604308,9.702932357788086,2.854860305786133,-1.6878628730773926,-4.770638942718506
3480633928.0,-0.6419902443885803,-0.9844929575920104,9.223506927490234,2.8148508071899414,-1.3671727180480957,-4.724431037902832
3480642261.0,-0.4257588386535644,-0.8604157567024231,9.554845809936523,3.110336780548096,-0.5362467765808105,-4.826247215270996
3480650594.0,-0.5216652154922485,-0.8568599224090576,9.791069984436035,3.529180765151977,-0.7314785718917847,-4.876579284667969
3480658927.0,-0.4036296308040619,-0.728450357913971,9.910104751586914,3.4157862663269043,-0.9951258897781372,-4.799633979797363
3480667260.0,-0.5040907859802246,-0.7315695285797119,9.86512565612793,3.1983213424682617,-1.0905646085739136,-4.8509392738342285
3480675593.0,-0.4705394208431244,-0.6300312280654907,9.863910675048828,3.2059547901153564,-0.2112021893262863,-4.830653190612793
3480683926.0,-0.4108247458934784,-0.6937463283538818,10.144646644592283,3.352416753768921,-0.7992025017738342,-4.836364269256592
3480692259.0,-0.3754233121871948,-0.7930915951728821,9.851534843444824,3.1398184299468994,-1.1771917343139648,-4.67292070388794
3480700592.0,-0.1768016070127487,-0.8457278609275818,9.5355806350708,3.03531265258789,-1.1845943927764893,-4.654554843902588
3480708925.0,-0.3536213934421539,-0.8256240487098694,9.37310791015625,3.2122814655303955,-0.5993603467941284,-4.583731651306152
3480717258.0,-0.2246216833591461,-0.7066808938980103,9.715149879455566,3.286204099655152,-0.0550834164023399,-4.58444881439209
3480725591.0,-0.2509559988975525,-0.9506556987762452,9.977824211120604,3.1704020500183105,-0.4745165705680847,-4.525970935821533
3480733924.0,-0.0854506567120552,-0.6359216570854187,9.905190467834473,3.08782172203064,-0.2611755430698395,-4.575330257415772
3480742257.0,-0.1533340960741043,-0.7293428778648376,9.861933708190918,3.337560176849365,0.1389828324317932,-4.651557922363281
3480750590.0,-0.4528363943099975,-0.6893595457077026,9.759236335754396,3.1712470054626465,0.5819042325019836,-4.642541885375977
3480758923.0,-0.3807508647441864,-0.9130250215530396,9.986038208007812,3.509406089782715,0.6052643656730652,-4.666080951690674
3480767256.0,-0.3679132759571075,-1.0850160121917725,9.886394500732422,3.499339818954468,-0.2306946069002151,-4.783727169036865
3480775589.0,-0.0376410111784935,-0.824262261390686,9.669228553771973,3.739729166030884,0.0365515127778053,-4.73918342590332
3480783922.0,-0.0559348203241825,-0.9997040033340454,9.66943645477295,4.062007904052734,0.7058771252632141,-4.820457935333252
3480792255.0,-0.077391393482685,-0.7517295479774475,9.742424011230469,3.991978883743286,1.4514307975769043,-4.803015232086182
3480800588.0,-0.1662020683288574,-0.8687013387680054,10.1930570602417,3.9987151622772217,1.4121640920639038,-4.801068305969238
3480808921.0,-0.3210852146148681,-0.4367748498916626,9.9680814743042,4.006834506988525,1.4185162782669067,-4.940845489501953
3480817254.0,-0.3918258547782898,-0.3525997698307037,10.232666969299316,3.9831931591033936,1.7608505487442017,-4.9851837158203125
3480825587.0,-0.610066831111908,-0.438361257314682,10.117517471313477,3.766598701477051,1.893199324607849,-4.830832004547119
3480833920.0,-0.3912772834300995,-0.4856956005096435,10.220377922058104,3.4174513816833496,1.7409228086471558,-4.860877513885498
3480842253.0,-0.2074848711490631,-0.8375657200813293,10.179566383361816,3.5545902252197266,1.248565912246704,-4.8971476554870605
3480850586.0,-0.1303148716688156,-0.656723141670227,9.895912170410156,3.611658096313477,1.8652796745300293,-4.9738874435424805
3480858919.0,-0.0866393744945526,-0.8355411887168884,10.009685516357422,3.769518613815308,2.257023811340332,-5.015920639038086
3480867252.0,-0.5129299759864807,-0.7247964143753052,10.013773918151855,3.714909315109253,2.7057085037231445,-4.901936531066895
3480875585.0,-0.758868396282196,-0.5271994471549988,10.086688041687012,3.844568490982056,2.946738243103028,-4.828500747680664
3480883918.0,-0.7406836152076721,-0.4537038505077362,10.333239555358888,3.66701078414917,2.151185750961304,-5.06264066696167
3480892251.0,-0.3772686421871185,-0.4131481349468231,10.32045555114746,3.544600486755371,1.6464831829071045,-4.896097183227539
3480900584.0,-0.3331910371780395,-0.6385003328323364,9.937808990478516,3.0705065727233887,1.9578498601913448,-4.900784492492676
3480908917.0,-0.529952883720398,-0.4986096322536468,9.75279140472412,3.303006649017334,2.758960485458374,-4.761570930480957
3480917250.0,-0.574215292930603,-0.6438613533973694,10.0745210647583,3.2021639347076416,2.602047681808472,-4.712007522583008
3480925583.0,-0.6263786554336548,-0.7678300142288208,9.892333030700684,3.210180759429932,1.843994379043579,-4.586164951324463
3480933916.0,-0.5680665373802185,-0.6521619558334351,9.95499038696289,3.03095817565918,1.949499487876892,-4.596385478973389
3480942249.0,-0.7024576663970947,-0.5787945985794067,9.829756736755373,3.250498056411743,2.3047690391540527,-4.578250408172607
3480950582.0,-0.7318751215934753,-0.1925456225872039,9.905112266540527,3.235461711883545,2.353487014770508,-4.5056328773498535
3480958915.0,-0.632088840007782,-0.4202241003513336,10.102250099182127,2.935570478439331,1.6157459020614624,-4.512190818786621
3480967248.0,-0.7293365001678467,-0.4991113841533661,9.715744972229004,2.588958740234375,1.4445915222167969,-4.566339015960693
3480975581.0,-0.7396814227104187,-0.4090807735919952,9.822369575500488,2.907292604446411,2.1901705265045166,-4.516878604888916
3480983914.0,-0.8468388319015503,-0.700384259223938,10.010579109191896,3.312945604324341,1.7122348546981812,-4.65870475769043
3480992247.0,-0.8098322153091431,-0.4942633211612701,9.821029663085938,3.069609880447388,1.125771164894104,-4.583372592926025
3481000580.0,-0.5581032037734985,-0.6470445394515991,9.763350486755373,2.887057304382324,0.9482390284538268,-4.692720413208008
3481008913.0,-0.6542349457740784,-0.1918353289365768,9.66139030456543,3.0114145278930664,1.432886004447937,-4.7219719886779785
3481017246.0,-0.7844604253768921,-0.2954911589622497,9.911601066589355,3.014129638671875,1.6555761098861694,-4.76823091506958
3481025579.0,-0.9849786162376404,-0.5653347969055176,9.96562385559082,2.784139394760132,1.2864750623703003,-4.708524227142334
3481033912.0,-0.8551746606826782,-0.5263176560401917,9.73948574066162,2.650381803512573,0.8404543399810791,-4.768205642700195
3481042245.0,-0.5726778507232666,-0.6215783357620239,9.715309143066406,2.954653263092041,0.3396703600883484,-4.848326206207275
3481050578.0,-0.6909230947494507,-0.5199097394943237,9.406475067138672,2.95140027999878,0.6903804540634155,-4.877962112426758
3481058911.0,-0.7348147034645081,-0.888189971446991,9.60225772857666,2.828733444213867,1.0482882261276243,-4.680732727050781
3481067244.0,-0.768748939037323,-1.003830075263977,9.786280632019045,2.97394061088562,0.4048329591751098,-4.817998886108398
3481075577.0,-0.7898600101470947,-0.9746188521385192,9.715846061706545,3.2166099548339844,0.2280947566032409,-4.673611640930176
3481083910.0,-0.720345675945282,-0.8833811283111572,9.60433292388916,3.4660160541534424,0.2408506721258163,-4.651865482330322
3481092243.0,-0.7869479656219482,-0.615778386592865,9.67154598236084,3.516117572784424,0.1940790861845016,-4.674560070037842
3481100576.0,-0.7399992346763611,-0.7627529501914978,9.798348426818848,3.34055757522583,-0.045682992786169,-4.697432994842529
3481108909.0,-0.6937128305435181,-0.7336384654045105,9.772977828979492,3.183004379272461,-0.2433736771345138,-4.837184429168701
3481117242.0,-0.5241012573242188,-0.7190517783164978,9.906542778015137,3.361330270767212,-0.0798267722129821,-4.659370422363281
3481125575.0,-0.5176814198493958,-0.7933924198150635,9.803698539733888,3.3935787677764893,-0.2130464166402816,-4.552507400512695
3481133908.0,-0.5724755525588989,-0.6414307355880737,9.632936477661133,3.174602746963501,-0.0222459621727466,-4.517390727996826
3481142241.0,-0.6198728680610657,-0.8169341683387756,10.010581016540527,3.149808168411255,0.1639054864645004,-4.32016134262085
3481150574.0,-0.6709007620811462,-0.7876200675964355,9.931164741516112,3.141714096069336,-0.0193003267049789,-4.341958999633789
3481158907.0,-0.5641114711761475,-0.5258983373641968,10.103113174438477,3.4225738048553467,-0.2097421586513519,-4.283634662628174
3481167240.0,-0.4931293129920959,-0.4886837601661682,10.072426795959473,3.315967798233032,-0.6029207110404968,-4.371005058288574
3481175573.0,-0.5688751935958862,-0.1494570821523666,9.938969612121582,2.9519896507263184,-0.2670156061649322,-4.410220623016357
3481183906.0,-0.5657421350479126,-0.3289183676242828,10.234834671020508,2.693259954452514,0.1557345539331436,-4.463523864746094
3481192239.0,-0.7774500250816345,-0.3121078014373779,10.158015251159668,2.544159412384033,-0.1034430861473083,-4.396158218383789
3481200572.0,-0.6025350093841553,-0.4688440263271332,10.113752365112305,2.620694875717163,-0.2356893718242645,-4.459630489349365
3481208905.0,-0.3222841918468475,-0.7339270114898682,9.88005256652832,2.842437267303467,-0.8628026843070984,-4.65580940246582
3481217238.0,-0.4327275156974792,-0.7383679747581482,9.450895309448242,2.762136459350586,-0.2642492651939392,-4.497539043426514
3481225571.0,-0.5506500601768494,-0.7761911749839783,9.746923446655272,3.033775329589844,0.4216615259647369,-4.559295177459717
3481233904.0,-0.6955125331878662,-0.6433399319648743,9.93347454071045,3.1476821899414062,0.5221462249755859,-4.638443470001221
3481242237.0,-0.5894219279289246,-0.6559141874313354,10.384943008422852,3.10447096824646,-0.1064655780792236,-4.749763011932373
3481250570.0,-0.4612559080123901,-0.6329677104949951,10.026707649230955,3.1205310821533203,-0.6327868700027466,-4.843894958496094
3481258903.0,-0.4716544449329376,-0.3659113943576813,9.882905006408691,3.3987784385681152,0.2455893009901046,-4.8316521644592285
3481267236.0,-0.4910738170146942,-0.6233639717102051,10.114168167114258,3.4448838233947754,0.3175908625125885,-4.758317947387695
3481275569.0,-0.6314386129379272,-0.7648476362228394,9.785747528076172,3.240943670272827,-0.2729580998420715,-4.794332027435303
3481283902.0,-0.3866550326347351,-0.8163366317749023,9.934197425842283,3.325265645980835,-0.2639675140380859,-4.706603050231934
3481292235.0,-0.2345948666334152,-0.7875058650970459,9.7379150390625,3.468064785003662,-0.152699276804924,-4.819202899932861
3481300568.0,-0.4135452508926391,-0.5074926018714905,9.861650466918944,3.660043954849243,0.5296511650085449,-4.756345748901367
3481308901.0,-0.6785878539085388,-0.5230169892311096,10.05129051208496,3.555870294570923,0.6513956189155579,-4.650841236114502
3481317234.0,-0.769202709197998,-0.3462080359458923,10.026827812194824,3.2289819717407227,-0.0546992048621177,-4.726146697998047
3481325567.0,-0.5892566442489624,-0.275955319404602,10.202754974365234,3.088052034378052,-0.1129459738731384,-4.792948246002197
3481333900.0,-0.2293275892734527,-0.6275781393051147,10.041451454162598,3.07749891281128,-0.1145596578717231,-4.813311576843262
3481342233.0,-0.2309425324201584,-0.5554770827293396,10.016119003295898,3.0425100326538086,0.3116995692253113,-4.654990196228027
3481350566.0,-0.3022872805595398,-0.6826422214508057,9.819128036499023,2.853092908859253,0.5656135678291321,-4.685830116271973
3481358899.0,-0.5996332168579102,-0.5828143358230591,9.72484016418457,3.06948184967041,0.5301634073257446,-4.672177791595459
3481367232.0,-0.6011098623275757,-0.7729958295822144,9.69643497467041,2.7966134548187256,0.4557284712791443,-4.555299758911133
3481375565.0,-0.4141243100166321,-1.01196026802063,9.994140625,2.875863790512085,0.2596514821052551,-4.466238498687744
3481383898.0,-0.3389821648597717,-0.7492759823799133,9.920631408691406,3.084542751312256,0.2388783246278762,-4.528660297393799
3481392231.0,-0.2931361198425293,-0.4953038990497589,10.035815238952637,3.1304948329925537,0.5600296258926392,-4.373310565948486
3481400564.0,-0.4227040112018585,-0.4828218817710876,9.858424186706545,3.164151906967163,0.9089467525482178,-4.537138938903809
3481408897.0,-0.525235652923584,-0.5395419597625732,10.081144332885742,2.817002773284912,0.8193225264549255,-4.522078514099121
3481417230.0,-0.5103088021278381,-0.8842997550964355,10.215319633483888,2.905064105987549,0.7101290822029114,-4.590365886688232
3481425563.0,-0.571111798286438,-0.6192631721496582,9.830934524536133,3.354389190673828,0.6583370566368103,-4.647587776184082
3481433896.0,-0.5040073990821838,-0.6560936570167542,9.884004592895508,3.7400882244110094,0.6564416289329529,-4.531452655792236
3481442229.0,-0.4614092707633972,-0.7989397048950195,9.594951629638672,3.485482931137085,0.5107991099357605,-4.6341400146484375
3481450562.0,-0.3904781937599182,-0.6688442230224609,9.837214469909668,3.30718207359314,0.7632273435592651,-4.546130180358887
3481458895.0,-0.2430518120527267,-0.5123698711395264,9.973759651184082,3.408409357070923,0.9859174489974976,-4.692361354827881
3481467228.0,-0.3865391612052917,-0.2349148988723755,10.30871868133545,3.720083475112915,1.1261554956436155,-4.739850521087647
3481475561.0,-0.5147032737731934,-0.0951211005449295,10.059826850891112,3.323652029037476,1.262986660003662,-4.681885719299316
3481483894.0,-0.7288809418678284,-0.1291547268629074,9.982606887817385,2.9662818908691406,0.8915289044380188,-4.631117820739746
3481492227.0,-0.6327866911888123,-0.0121893286705017,10.00623893737793,2.572181701660156,0.8848181962966919,-4.626583576202393
3481500560.0,-0.317118376493454,-0.3914158344268799,10.317121505737305,2.556915521621704,0.980359137058258,-4.861645698547363
3481508893.0,-0.285500019788742,-0.3695202171802521,10.028033256530762,2.4190852642059326,0.7926581501960754,-4.743820667266846
3481517226.0,-0.2405366748571396,-0.3421821594238281,9.808929443359377,2.601279258728028,1.1515647172927856,-4.661316871643066
3481525559.0,-0.4176744222640991,-0.5766690969467163,9.603031158447266,2.503253698348999,1.337165594100952,-4.740618705749512
3481533892.0,-0.6956961154937744,-0.6938337087631226,9.616300582885742,2.3163466453552246,1.772453784942627,-4.668514728546143
3481542225.0,-0.5864058136940002,-0.7600516676902771,9.936827659606934,2.3065364360809326,1.4593710899353027,-4.718385696411133
3481550558.0,-0.597362756729126,-0.5974059104919434,9.821847915649414,2.677532911300659,0.9994930624961852,-4.813849925994873
3481558891.0,-0.4334408342838287,-0.5586491227149963,9.778430938720703,2.5325815677642822,1.0697529315948486,-4.758804798126221
3481567224.0,-0.5059294104576111,-0.6323150992393494,9.996108055114746,2.225928544998169,1.532730221748352,-4.702991485595703
3481575557.0,-0.6190184950828552,-0.4581592082977295,9.945334434509276,2.300030469894409,1.7142581939697266,-4.660446643829346
3481583890.0,-0.5003535747528076,-0.6995847821235657,10.229689598083496,2.6610372066497803,1.149848699569702,-4.697125911712647
3481592223.0,-0.3995979726314544,-0.78630530834198,9.866300582885742,2.5962588787078857,0.3127242028713226,-4.580376148223877
3481600556.0,-0.5776736736297607,-0.6357292532920837,9.500672340393066,2.4682388305664062,1.1784085035324097,-4.490034580230713
3481608889.0,-0.5056957006454468,-0.5140995979309082,9.998223304748535,2.551485300064087,1.832442283630371,-4.30292272567749
3481617222.0,-0.6953708529472351,-0.5630853772163391,10.106938362121582,2.3420629501342773,1.361985683441162,-4.400973320007324
3481625555.0,-0.560840904712677,-0.5332126617431641,10.230314254760742,2.2474184036254883,1.1128103733062744,-4.42113208770752
3481633888.0,-0.5626949667930603,-0.483382374048233,9.994997024536133,2.4255142211914062,0.7829503417015076,-4.391419410705566
3481642221.0,-0.7964947819709778,-0.4504536092281341,9.766526222229004,2.3694448471069336,1.3637019395828247,-4.454225540161133
3481650554.0,-0.7038084864616394,-0.6563308835029602,9.979055404663086,2.468033790588379,1.3316327333450315,-4.370927810668945
3481658887.0,-0.6516746878623962,-1.0330429077148438,9.784403800964355,2.560885429382324,0.4358261823654175,-4.383991718292236
3481667220.0,-0.5130171775817871,-1.1673147678375244,9.458476066589355,2.7758400440216064,0.2266603708267212,-4.497974395751953
3481675553.0,-0.4263674318790436,-1.1105880737304688,9.444973945617676,3.116560697555542,1.108327865600586,-4.3852972984313965
3481683886.0,-0.5847592949867249,-0.6927136182785034,9.7659912109375,3.595649480819702,1.361985683441162,-4.435322284698486
3481692219.0,-0.6619366407394409,-0.4133836925029754,10.179420471191406,3.481666326522827,1.1026415824890137,-4.533732891082764
3481700552.0,-0.6292458772659302,-0.420209676027298,10.053664207458496,2.996737480163574,0.8196811676025391,-4.673663139343262
3481708885.0,-0.6777418851852417,-0.4775131344795227,9.877850532531738,3.097273349761963,0.8568985462188721,-4.531683444976807
3481717218.0,-0.5394483804702759,-0.4812335669994354,9.995349884033203,3.14652943611145,0.8829994797706604,-4.522539138793945
3481725551.0,-0.3564769625663757,-0.6658243536949158,9.836788177490234,3.0424587726593018,0.3811141550540924,-4.6555023193359375
3481733884.0,-0.3953604698181152,-0.543156087398529,9.632043838500977,2.968945980072021,0.4250682592391968,-4.68867301940918
3481742217.0,-0.3115012347698211,-0.572886049747467,9.58159351348877,2.9129018783569336,1.2097601890563965,-4.506990909576416
3481750550.0,-0.589985728263855,-0.7483181357383728,9.580754280090332,3.012413024902344,1.3367557525634766,-4.566082954406738
3481758883.0,-0.6184512376785278,-0.9493882060050964,9.71176815032959,3.0746042728424072,1.2241555452346802,-4.545053958892822
3481767216.0,-0.5942527651786804,-1.0114054679870603,9.689505577087402,3.1747310161590576,0.6504479050636292,-4.572819709777832
3481775549.0,-0.4929629564285278,-0.7050641775131226,9.5861234664917,3.2570035457611084,0.8649926781654358,-4.592644691467285
3481783882.0,-0.4576672315597534,-0.4504907131195068,9.676265716552734,3.348036527633667,1.1662417650222778,-4.5935163497924805
3481792215.0,-0.5211740136146545,-0.7444454431533813,9.697766304016112,3.1870768070220947,1.2536888122558594,-4.621461391448975
3481800548.0,-0.4387342631816864,-0.7877326607704163,9.83938217163086,3.23956036567688,0.9813838005065918,-4.735085964202881
3481808881.0,-0.3366608619689941,-0.75182044506073,9.64434051513672,3.395909547805786,0.776546835899353,-4.590365886688232
3481817214.0,-0.3109577894210815,-0.701555609703064,9.568217277526855,3.538273572921753,0.7956037521362305,-4.62835168838501
3481825547.0,-0.4533832371234894,-0.123990848660469,9.738432884216309,3.4596381187438965,1.338164448738098,-4.4713873863220215
3481833880.0,-0.4113422632217407,-0.5730773210525513,9.838725090026855,3.20492959022522,1.4963834285736084,-4.57079553604126
3481842213.0,-0.5978853702545166,-0.3680188357830047,9.938048362731934,2.917973518371582,1.3832967281341553,-4.466725826263428
3481850546.0,-0.6632415652275085,-0.363092303276062,9.75893211364746,2.974914312362671,1.4662357568740845,-4.418084621429443
3481858879.0,-0.7178154587745667,-0.3935805559158325,9.975723266601562,3.0410757064819336,1.157840371131897,-4.464932441711426
3481867212.0,-0.5938897728919983,-0.5322206616401672,10.001749038696287,2.815234899520874,0.9985454082489014,-4.465777397155762
3481875545.0,-0.409913569688797,-0.4749744832515716,9.70258617401123,2.850326538085937,0.6612827777862549,-4.53885555267334
3481883878.0,-0.4358535706996918,-0.5496678352355957,9.533616065979004,3.1441469192504883,1.029999613761902,-4.519157409667969
3481892211.0,-0.5862143039703369,-0.6906301975250244,9.60231113433838,3.1926348209381104,1.4219999313354492,-4.638776302337647
3481900544.0,-0.5185866951942444,-0.9446110725402832,10.004486083984377,3.1735270023345947,1.3107059001922607,-4.506222248077393
3481908877.0,-0.6182535886764526,-0.5991228818893433,10.052985191345217,3.4045164585113525,0.8498035669326782,-4.500690460205078
3481917210.0,-0.7273293137550354,-0.2745982706546783,10.023064613342283,3.657866954803467,1.3957452774047852,-4.565648078918457
3481925543.0,-0.687218189239502,-0.2540162205696106,10.192269325256348,3.661145448684693,1.405760645866394,-4.498154640197754
3481933876.0,-0.6569133400917053,-0.3734626770019531,10.227853775024414,3.171426296234131,0.879208505153656,-4.54840898513794
3481942209.0,-0.5104554295539856,-0.5001903176307678,10.0552339553833,3.19565749168396,0.6725529432296753,-4.606553554534912
3481950542.0,-0.5723153948783875,-0.5319386124610901,9.879822731018066,3.461687088012696,0.989682912826538,-4.540443420410156
3481958875.0,-0.6971700191497803,-0.3505032360553741,9.95748233795166,3.502516269683838,1.4307855367660522,-4.375205993652344
3481967208.0,-0.5769421458244324,-0.3901350498199463,10.060897827148438,3.218121290206909,0.8443988561630249,-4.383684158325195
3481975541.0,-0.3805369138717651,-0.5801172852516174,9.98056411743164,3.054215669631958,0.2598820328712463,-4.500484943389893
3481983874.0,-0.3959852755069732,-0.5699976682662964,9.71351146697998,3.2997026443481445,1.0166802406311035,-4.44508171081543
3481992207.0,-0.5731272101402283,-0.7518851161003113,9.909364700317385,3.395397663116455,1.6165913343429563,-4.27300500869751
3482000540.0,-0.8964522480964661,-0.5103626847267151,10.034689903259276,3.40582275390625,1.0026180744171145,-4.292984485626221
3482008873.0,-0.7425865530967712,-0.5274675488471985,9.990736961364746,3.109516859054565,0.4582898616790771,-4.244880676269531
3482017206.0,-0.404947280883789,-0.4246954917907715,9.954986572265623,3.11794376373291,0.1163654699921608,-4.163555145263672
3482025539.0,-0.3806273341178894,-0.2153717279434204,9.834293365478516,2.9796783924102783,0.9650931358337402,-4.13696813583374
3482033872.0,-0.4032532572746277,-0.3506762087345123,10.03521728515625,2.992485523223877,1.4051201343536377,-4.102234840393066
3482042205.0,-0.4176367521286011,-0.5297771096229553,10.047264099121094,2.996762752532959,0.8422728180885315,-4.153284072875977
3482050538.0,-0.5086879730224609,-0.4362290501594543,9.819185256958008,2.741389274597168,0.4463793039321899,-3.889893054962158
3482058871.0,-0.5760043263435364,-0.382755696773529,9.691753387451172,2.863492488861084,0.9904512763023376,-3.800269603729248
3482067204.0,-0.6301276087760925,-0.3771581351757049,9.820500373840332,2.943101167678833,1.1495413780212402,-3.887459754943848
3482075537.0,-0.5101127624511719,-0.4081775844097137,9.966863632202148,2.652149200439453,0.7934522032737732,-3.866609811782837
3482083870.0,-0.4755362868309021,-0.5072609186172485,9.672772407531738,2.6278412342071533,0.407343178987503,-3.976802110671997
3482092203.0,-0.6518896818161011,-0.4647721648216247,9.505047798156738,2.838672399520874,0.9396838545799256,-3.877624034881592
3482100536.0,-0.862492024898529,-0.6113497018814087,9.90305233001709,2.773535251617432,1.3774566650390625,-3.839663982391357
3482108869.0,-0.7874971628189087,-0.7066882252693176,9.918808937072754,2.977731704711914,0.4107755422592163,-3.973702907562256
3482117202.0,-0.5328826904296875,-0.7804089188575745,9.758866310119627,3.1582350730896,-0.3283616602420807,-3.998266458511353
3482125535.0,-0.3000531494617462,-0.7725797891616821,9.369685173034668,3.39526915550232,0.1228714883327484,-4.016529560089111
3482133868.0,-0.4176534116268158,-0.5766699314117432,9.497509002685549,3.646519422531128,0.9599190950393676,-4.029849052429199
3482142201.0,-0.5665609240531921,-0.2478270381689071,10.083175659179688,3.435534715652466,1.3398804664611816,-3.952826499938965
3482150534.0,-0.6756365299224854,-0.0327735841274261,10.194649696350098,3.311971664428711,0.6533423066139221,-4.007128715515137
3482158867.0,-0.7542164921760559,0.0016145806293934,9.974404335021973,3.052217721939087,0.3319860994815826,-4.22034215927124
3482167200.0,-0.5160396099090576,-0.1185883730649948,9.907988548278809,2.956907272338867,0.7113329172134399,-4.244778633117676
3482175533.0,-0.4704655110836029,-0.4241048097610473,9.965618133544922,2.8295276165008545,0.5210703611373901,-4.1662445068359375
3482183866.0,-0.5159288048744202,-0.4624234735965729,9.958877563476562,2.418367862701416,0.5212752819061279,-4.142065048217773
3482192199.0,-0.394482672214508,-0.2957498133182525,9.68421745300293,2.77020525932312,0.3230211138725281,-4.27087926864624
3482200532.0,-0.4731687605381012,-0.4196973145008087,9.619467735290527,2.8112387657165527,0.3628256320953369,-4.211991786956787
3482208865.0,-0.6237333416938782,-0.631956160068512,9.595871925354004,2.5637032985687256,0.8346142768859863,-4.089376926422119
3482217198.0,-0.745667576789856,-0.8809948563575745,10.06566333770752,2.674382448196411,0.7739341259002686,-4.109355926513672
3482225531.0,-0.8002558350563049,-0.5534643530845642,10.081427574157717,3.044712543487549,0.4986066818237304,-4.20177173614502
3482233864.0,-0.5750196576118469,-0.2925938665866852,10.065947532653809,2.8946645259857178,0.3063462376594543,-4.302742958068848
3482242197.0,-0.3040447831153869,-0.4631243646144867,9.881115913391112,2.719770669937134,0.0271510872989892,-4.277615547180176
3482250530.0,-0.1395978331565857,-0.434256762266159,9.84482479095459,2.4580187797546387,0.535183846950531,-4.299874782562256
3482258863.0,-0.2352404296398162,-0.5531543493270874,10.08119297027588,2.7844467163085938,1.1539723873138428,-4.230152130126953
3482267196.0,-0.4744769036769867,-0.6587039232254028,9.968673706054688,2.9530906677246094,1.1618103981018066,-4.087634563446045
3482275529.0,-0.6000792980194092,-0.441140204668045,10.112049102783203,2.8668222427368164,0.9273890256881714,-4.029004096984863
3482283862.0,-0.4445794820785522,-0.4655145108699798,10.020881652832031,2.7467427253723145,0.5099282264709473,-4.140323638916016
3482292195.0,-0.38531494140625,-0.4688149690628052,9.971123695373535,2.7164666652679443,0.6590030789375305,-4.122828960418701
3482300528.0,-0.5621300339698792,-0.3838223814964294,9.95431423187256,2.65514612197876,1.3576314449310305,-3.997088670730591
3482308861.0,-0.747433602809906,-0.5435047745704651,10.193434715270996,2.5904958248138428,1.382579684257507,-4.057179927825928
3482317194.0,-0.6785353422164917,-0.3686394691467285,10.233497619628906,2.758089780807495,0.6260375380516052,-4.09424352645874
3482325527.0,-0.4583452343940735,-0.450779527425766,10.050719261169434,2.6682605743408203,0.2765312790870666,-4.1013898849487305
3482333860.0,-0.4668673574924469,-0.6163252592086792,9.811226844787598,2.681118965148926,0.7154312133789062,-3.945937395095825
3482342193.0,-0.6644519567489624,-0.4433112740516662,9.643022537231444,2.842001676559448,1.5530935525894165,-4.135277271270752
3482350526.0,-0.7177677154541016,-0.5292368531227112,10.052752494812012,2.9316515922546387,1.0792300701141355,-4.025700092315674
3482358859.0,-0.7230299115180969,-0.4831700026988983,9.92591953277588,2.818718671798706,0.278221845626831,-4.139222145080566
3482367192.0,-0.6954087615013123,-0.3779871165752411,9.96008586883545,2.788186550140381,0.5349533557891846,-4.063353538513184
3482375525.0,-0.6742029786109924,-0.3932026326656341,10.13176441192627,2.9082655906677246,0.9202938079833984,-4.034817695617676
3482383858.0,-0.8697788715362549,-0.2558087110519409,10.128737449645996,2.957086563110352,0.6979367136955261,-4.105027198791504
3482392191.0,-0.7765271067619324,-0.2043697237968444,10.206805229187012,2.7072198390960693,0.4660766422748565,-4.017503261566162
3482400524.0,-0.6649050116539001,-0.1920875459909439,9.963199615478516,2.48506760597229,-0.0390232875943183,-4.341702938079834
3482408857.0,-0.6449300050735474,-0.3201438784599304,9.939545631408691,2.4838123321533203,0.1384449452161789,-4.249773025512695
3482417190.0,-0.6178223490715027,-0.4939501285552978,10.129046440124512,2.423567771911621,0.3560122847557068,-4.143294811248779
3482425523.0,-0.605285108089447,-0.5600038170814514,10.066919326782228,2.3983376026153564,-0.0784692093729972,-4.10064697265625
3482433856.0,-0.6320549845695496,-0.350969135761261,9.942453384399414,2.447875738143921,-0.2795921862125397,-4.146522045135498
3482442189.0,-0.573601484298706,-0.437821477651596,9.755157470703123,2.474668264389038,0.1420053243637085,-4.017580032348633
3482450522.0,-0.7093591094017029,-0.6829783320426941,9.906914710998535,2.4064319133758545,0.1966917216777801,-4.02249813079834
3482458855.0,-0.9171825647354126,-0.4644910991191864,9.87997817993164,2.2864291667938232,0.1454376280307769,-4.035433292388916
3482467188.0,-0.843985378742218,-0.3480761051177978,10.020133972167969,2.403793334960937,-0.304002583026886,-4.0416579246521
3482475521.0,-0.6573179960250854,-0.2996167838573456,9.933018684387209,2.248904228210449,-0.6983593106269836,-4.203795909881592
3482483854.0,-0.3586606979370117,-0.3540347516536712,9.768033027648926,1.959028005599976,-0.5836331844329834,-4.197751045227051
3482492187.0,-0.4073322117328644,-0.5041760802268982,9.792180061340332,2.042965888977051,-0.2780041098594665,-4.107255935668945
3482500520.0,-0.63059401512146,-0.3561030626296997,9.90070343017578,2.094604015350342,0.1591924577951431,-3.936203956604004
3482508853.0,-0.5912085175514221,-0.4193330705165863,10.126319885253906,2.130079984664917,-0.0836945176124572,-3.9769046306610094
3482517186.0,-0.4209359884262085,-0.6738832592964172,10.043296813964844,2.2131214141845703,-0.9701007604599,-3.9120492935180655
3482525519.0,-0.5145716071128845,-0.5908594727516174,9.670144081115724,2.080695629119873,-0.6635752320289612,-3.884232521057129
3482533852.0,-0.5831562876701355,-0.4946369230747223,9.808117866516112,2.168885469436645,0.159755989909172,-3.860769510269165
3482542185.0,-0.750697135925293,-0.506255030632019,10.119832038879396,2.253284454345703,0.0631903260946273,-3.870964527130127
3482550518.0,-0.6693468689918518,-0.6122271418571472,10.194361686706545,2.0840511322021484,-0.4958019554615021,-3.87001633644104
3482558851.0,-0.2950924932956695,-0.8484382629394531,9.921065330505373,2.2869670391082764,-1.0095211267471311,-4.012201309204102
3482567184.0,-0.3934570252895355,-0.669350266456604,9.559036254882812,2.7215638160705566,-0.491191416978836,-3.977032661437988
3482575517.0,-0.492877185344696,-0.5141397714614868,9.778812408447266,2.845101356506348,0.3314738571643829,-3.9634060859680176
3482583850.0,-0.6699491143226624,-0.5059245228767395,9.942689895629885,2.952476024627685,-0.1024185270071029,-4.044193267822266
3482592183.0,-0.6411550641059875,-0.6216071844100952,9.841656684875488,2.933854579925537,-0.7920305728912354,-4.142782211303711
3482600516.0,-0.418496698141098,-0.7355401515960693,9.79318904876709,2.9199461936950684,-0.5197001099586487,-3.948754787445069
3482608849.0,-0.3934050798416137,-0.7528514266014099,9.809526443481444,3.116971015930176,-0.0243207160383462,-3.935461044311523
3482617182.0,-0.5570249557495117,-0.473348319530487,10.042495727539062,3.123195171356201,0.2015328109264373,-3.8865890502929688
3482625515.0,-0.4844191074371338,-0.3371514976024627,10.149185180664062,3.197911262512207,-0.3328441679477691,-4.040504455566406
3482633848.0,-0.5679545402526855,-0.5560606718063354,10.083596229553224,3.091970920562744,-0.7273545265197754,-4.100620746612549
3482642181.0,-0.2973672151565552,-0.5096516609191895,9.992019653320312,2.90639591217041,-0.1196568980813026,-4.196418285369873
3482650514.0,-0.2406726479530334,-0.4605486392974853,10.141104698181152,3.1513702869415283,-0.0511132031679153,-4.095780372619629
3482658847.0,-0.4169829785823822,-0.5396251678466797,9.895227432250977,3.059620380401612,0.0523811131715774,-3.98287296295166
3482667180.0,-0.6535818576812744,-0.4733574092388153,9.906442642211914,2.824738025665283,0.2781449854373932,-4.060919284820557
3482675513.0,-0.7395971417427063,-0.6293181777000427,10.025432586669922,2.8414127826690674,0.1027130931615829,-3.86141037940979
3482683846.0,-0.6986433267593384,-0.446992814540863,10.324804306030272,2.9692530632019043,-0.1869711130857467,-3.9729857444763184
3482692179.0,-0.6386472582817078,-0.5915681719779968,10.101114273071287,2.850224018096924,-0.2569492161273956,-3.9940149784088135
3482700512.0,-0.4509027004241943,-0.7140371799468994,9.943282127380373,2.897226572036743,-0.148754671216011,-4.001238822937012
3482708845.0,-0.3395165503025055,-0.4643454551696777,9.93544578552246,2.9182558059692383,-0.018480671569705,-4.057179927825928
3482717178.0,-0.3260214626789093,-0.6554243564605713,9.978863716125488,2.891437530517578,0.0954386442899704,-4.01586389541626
3482725511.0,-0.38931405544281,-0.5374024510383606,9.975289344787598,3.02388858795166,0.2914387881755829,-3.990557193756104
3482733844.0,-0.638444721698761,-0.4992105662822723,10.127028465270996,3.151447534561157,0.1223336011171341,-3.89970326423645
3482742177.0,-0.476732075214386,-0.5901550650596619,10.204296112060549,3.0886926651000977,0.1116268411278724,-3.8012678623199454
3482750510.0,-0.2992076575756073,-0.4006775617599487,9.91476058959961,3.235743999481201,-0.3048222362995147,-3.835975170135498
3482758843.0,-0.539490818977356,-0.4109338521957397,9.844285011291504,3.0506298542022705,0.3575747311115265,-3.650425434112549
3482767176.0,-0.5299382209777832,-0.4250751733779907,9.869832038879396,2.9729928970336914,0.6142549514770508,-3.7044718265533447
3482775509.0,-0.5281952023506165,-0.2842524945735931,10.1551513671875,3.0283455848693848,0.0366027429699897,-3.735541820526123
3482783842.0,-0.4810272455215454,-0.4809241592884063,10.17705249786377,2.8068082332611084,0.0622425936162471,-3.6704819202423096
3482792175.0,-0.4871588349342346,-0.5445913672447205,9.956923484802246,3.0015273094177246,0.291182667016983,-3.677756071090698
3482800508.0,-0.5255463719367981,-0.4005638360977173,9.94745635986328,3.21481728553772,0.5211985111236572,-3.710491418838501
3482808841.0,-0.3945789039134979,-0.2932586967945099,9.94979476928711,3.270707130432129,0.0994344651699066,-3.742355108261109
3482817174.0,-0.2689995765686035,-0.2990953922271728,9.8541898727417,3.3147637844085693,-0.1225256994366645,-3.676039934158325
3482825507.0,-0.3959163129329681,-0.5007058382034302,9.681230545043944,3.334205150604248,0.5781132578849792,-3.738102912902832
3482833840.0,-0.61733078956604,-0.5579285621643066,9.868569374084473,3.5110199451446533,0.9631465673446656,-3.57419753074646
3482842173.0,-0.7647501230239868,-0.4189389646053314,10.040365219116213,3.54672646522522,0.4546014368534088,-3.556856393814087
3482850506.0,-0.5547623634338379,-0.1408061683177948,10.11091423034668,3.4866862297058105,-0.2469596266746521,-3.668252944946289
3482858839.0,-0.340144008398056,-0.3034978210926056,9.931849479675291,3.362534523010254,-0.0323892012238502,-3.634493589401245
3482867172.0,-0.4372020959854126,-0.1263828575611114,9.830500602722168,3.270655870437622,0.80116206407547,-3.603602647781372
3482875505.0,-0.2336423099040985,-0.0230319369584321,10.181822776794434,3.433972120285034,1.0043853521347046,-3.585672616958618
3482883838.0,-0.1768626570701599,-0.4017725884914398,10.178500175476074,3.179341554641724,0.0950800403952598,-3.616973638534546
3482892171.0,-0.21656034886837,-0.3472379148006439,9.816377639770508,2.9951493740081787,0.5888456702232361,-3.3633413314819336
3482900504.0,-0.3973316848278045,-0.3169498741626739,9.919610023498535,3.273268699645996,1.4118822813034058,-3.35322380065918
3482908837.0,-0.6522989869117737,-0.3813956379890442,9.969670295715332,3.250216007232666,1.278355360031128,-3.2057368755340576
3482917170.0,-0.7782006859779358,-0.2707898318767547,9.827411651611328,2.9932026863098145,0.6030871868133545,-3.2547879219055176
3482925503.0,-0.5805914998054504,-0.5178939700126648,9.716818809509276,3.031700849533081,0.3081648647785187,-3.128817558288574
3482933836.0,-0.494554728269577,-0.6555656790733337,9.603203773498535,3.2607181072235107,0.619915783405304,-3.225818395614624
3482942169.0,-0.5669893622398376,-0.5348765850067139,9.777593612670898,3.342888355255127,1.09790301322937,-3.12620496749878
3482950502.0,-0.7173307538032532,-0.4703007638454437,9.759773254394531,3.39867639541626,0.7562348246574402,-3.247488260269165
3482958835.0,-0.64748615026474,-0.3399587273597717,9.88054084777832,3.4731369018554688,0.5134117603302002,-3.1925711631774902
3482967168.0,-0.6224722266197205,-0.4619892239570617,10.023615837097168,3.380054712295532,0.5492460131645203,-3.1131927967071533
3482975501.0,-0.560856282711029,-0.5966675281524658,9.842622756958008,3.4275691509246826,0.7462451457977295,-3.0162172317504883
3482983834.0,-0.5702188611030579,-0.4687153995037079,9.855419158935549,3.876996517181397,0.7599744200706482,-2.859586477279663
3482992167.0,-0.157564640045166,-0.4062382578849792,9.950003623962402,3.744647741317749,0.2285814583301544,-3.0241832733154297
3483000500.0,-0.2165271490812301,-0.3950362503528595,9.74886989593506,3.5154001712799072,0.0301479548215866,-2.9010043144226074
3483008833.0,-0.4309229552745819,-0.0588296502828598,9.544811248779297,3.48279333114624,1.394797682762146,-2.897367238998413
3483017166.0,-0.683982253074646,-0.2401841580867767,10.16482925415039,3.4670662879943848,1.9161242246627808,-2.8288233280181885
3483025499.0,-0.9016087651252748,-0.4052285552024841,10.14939308166504,3.4651196002960205,0.9931663870811462,-2.9424736499786377
3483033832.0,-0.5650493502616882,-0.3329669833183288,10.081055641174316,3.282182455062866,0.3159515857696533,-2.9771554470062256
3483042165.0,-0.2508988678455353,-0.1555439084768295,9.775887489318848,3.4076919555664062,0.4270148873329162,-2.931024074554444
3483050498.0,-0.3325855731964111,-0.0190660674124956,9.672606468200684,3.5317423343658447,1.340111255645752,-3.002078056335449
3483058831.0,-0.4482102692127228,-0.2234505712985992,9.778429985046388,3.44537091255188,1.7505282163619995,-2.917423248291016
3483067164.0,-0.7063971757888794,-0.4210547506809234,9.820319175720217,3.370833396911621,1.2644723653793335,-3.049746036529541
3483075497.0,-0.718783438205719,-0.2310376167297363,9.6596097946167,3.2361793518066406,1.382349133491516,-3.085580587387085
3483083830.0,-0.6317418813705444,0.0860567465424537,9.975576400756836,3.49642014503479,1.5097286701202393,-3.051487922668457
3483092163.0,-0.6042053699493408,0.1553788185119629,10.123163223266602,3.2572083473205566,1.383347988128662,-3.1564037799835205
3483100496.0,-0.6408169269561768,0.1789784580469131,10.025737762451172,2.769360065460205,1.4007657766342163,-3.129406452178955
3483108829.0,-0.6083171963691711,0.0438447184860706,10.076337814331056,2.6763033866882324,1.4885201454162598,-3.1556098461151123
3483117162.0,-0.5465601682662964,-0.1406407654285431,9.988408088684082,2.6519699096679688,1.325255036354065,-3.221489667892456
3483125495.0,-0.4546052813529968,-0.0672280937433242,10.05732536315918,2.6306846141815186,1.1581220626831057,-3.154303550720215
3483133828.0,-0.5055126547813416,-0.1724043488502502,9.770875930786133,2.5152411460876465,1.54730486869812,-3.200921535491944
3483142161.0,-0.9224457740783693,-0.0685174465179443,9.752562522888184,2.4444947242736816,2.0571048259735107,-3.009993076324463
3483150494.0,-0.947529137134552,-0.0505171082913875,10.035958290100098,2.4860410690307617,1.8816473484039309,-2.9662952423095703
3483158827.0,-0.8094909191131592,-0.368139386177063,10.052688598632812,2.157410144805908,0.9212927222251892,-3.027153968811035
3483167160.0,-0.5557371973991394,-0.5467841029167175,9.788135528564451,2.310454845428467,0.5678162574768066,-3.0522046089172363
3483175493.0,-0.5225768089294434,-0.6550326347351074,9.579113960266112,2.541700601577759,1.4508671760559082,-3.0680859088897705
3483183826.0,-0.7700509428977966,-0.4164860546588897,9.77335262298584,2.8951001167297363,1.9017289876937864,-2.9919862747192383
3483192159.0,-0.9084779620170592,-0.236731469631195,9.91893196105957,2.738469123840332,1.457014560699463,-3.033813953399658
3483200492.0,-0.8731275796890259,-0.2327840328216552,9.942779541015623,2.6352181434631348,0.8379696607589722,-3.018471002578736
3483208825.0,-0.7957793474197388,-0.4221862256526947,9.85966682434082,2.803042411804199,0.8275958895683289,-2.925055980682373
3483217158.0,-0.6988258361816406,-0.3191166818141937,9.917193412780762,2.83731460571289,1.190985083580017,-2.8888888359069824
3483225491.0,-0.5652227997779846,-0.2781700789928436,9.98123264312744,2.990180015563965,0.623271107673645,-2.834816694259644
3483233824.0,-0.576177716255188,-0.1306350231170654,9.790443420410156,2.9429473876953125,0.4125172197818756,-2.699983596801758
3483242157.0,-0.586811900138855,-0.1269334107637405,9.761116027832031,2.6844229698181152,0.8252650499343872,-2.6784422397613525
3483250490.0,-0.9111446738243104,-0.3697583377361297,9.868215560913086,2.59613037109375,1.648890733718872,-2.672524929046631
3483258823.0,-0.9820141196250916,-0.6381218433380127,10.16723918914795,2.830193519592285,1.6237887144088743,-2.5124104022979736
3483267156.0,-0.786535918712616,-0.5368690490722656,10.324037551879885,3.0430986881256104,0.336775928735733,-2.661536455154419
3483275489.0,-0.4018250703811645,-0.5132952928543091,9.907968521118164,3.1778297424316406,-0.4869906306266784,-2.673319101333618
3483283822.0,-0.4087297618389129,-0.0400104597210884,9.44190788269043,3.1741926670074463,0.4059343636035919,-2.631465435028076
3483292155.0,-0.5361976623535156,-0.2937428951263428,9.806877136230469,3.263458251953125,1.8163820505142207,-2.516636848449707
3483300488.0,-0.7234375476837158,-0.5421003699302673,9.82547378540039,3.252982378005981,1.0763357877731323,-2.713815450668335
3483308821.0,-0.5930977463722229,-0.49544557929039,9.85112476348877,3.5456762313842773,0.236112043261528,-2.7638659477233887
3483317154.0,-0.2725376188755035,-0.4301113188266754,9.67580223083496,3.5952911376953125,0.2674894630908966,-2.562640428543091
3483325487.0,-0.2217061072587967,-0.0603881403803825,9.623037338256836,3.623953342437744,0.8982913494110107,-2.491227865219116
3483333820.0,-0.4557811021804809,0.0495014674961566,9.722238540649414,3.548622131347656,1.3741270303726196,-2.4925856590271
3483342153.0,-0.7471763491630554,-0.2054523676633834,9.793989181518556,3.33686900138855,0.9034909009933472,-2.4564695358276367
3483350486.0,-0.875070333480835,-0.243579626083374,9.752150535583496,3.103651285171509,0.5454807877540588,-2.5084402561187744
3483358819.0,-0.6188023686408997,0.035586729645729,9.86462116241455,3.260077714920044,0.6773941516876221,-2.5897912979125977
3483367152.0,-0.4214042425155639,0.1280349940061569,10.01380729675293,3.2059543132781982,0.4689453840255737,-2.518122673034668
3483375485.0,-0.4931852221488952,0.157021626830101,9.712363243103027,2.782858371734619,0.6771122813224792,-2.477165460586548
3483383818.0,-0.5159999132156372,-0.170948788523674,9.864657402038574,2.683834314346313,1.104280948638916,-2.191746234893799
3483392151.0,-0.5396612286567688,-0.3785352110862732,9.814658164978027,2.603379487991333,0.6920710206031799,-2.253834724426269
3483400484.0,-0.6155904531478882,-0.1398823708295822,9.709649085998535,2.71797776222229,0.4572910368442535,-2.244844675064087
3483408817.0,-0.7906622290611267,-0.0066617745906114,9.624817848205566,2.7507641315460205,0.52342689037323,-2.28198504447937
3483417150.0,-0.667098343372345,-0.0599775649607181,9.905369758605955,2.55128026008606,0.4280650317668915,-2.2276313304901123
3483425483.0,-0.488481342792511,0.066085398197174,9.978426933288574,2.2629408836364746,0.1551966518163681,-2.260059356689453
3483433816.0,-0.5486551523208618,-0.1110601499676704,9.804996490478516,2.275542974472046,0.4538586139678955,-2.2303466796875
3483442149.0,-0.7226918935775757,-0.1582991927862167,9.726451873779297,2.466702461242676,0.9166054129600524,-2.258394479751587
3483450482.0,-0.786602258682251,-0.1725703179836273,10.008584022521973,2.5244624614715576,0.7165582776069641,-2.233087539672852
3483458815.0,-0.6073445081710815,-0.3053098618984222,10.187461853027344,2.487987518310547,-0.1126898378133773,-2.2755558490753174
3483467148.0,-0.3900206685066223,0.0839147269725799,9.973278045654297,2.4838123321533203,-0.2057463675737381,-2.202862501144409
3483475481.0,-0.3063830435276031,0.250574380159378,9.709138870239258,2.397466897964477,0.3985575139522552,-2.043644428253174
3483483814.0,-0.4143595397472381,-0.1434513479471206,9.84767723083496,2.157000541687012,0.9442688822746276,-2.1260197162628174
3483492147.0,-0.4664064347743988,-0.2575012743473053,9.988039016723633,2.0090525150299072,0.7236277461051941,-2.208779573440552
3483500480.0,-0.5156027674674988,-0.2749781012535095,10.118403434753418,2.294523239135742,0.3959960639476776,-2.2161309719085693
3483508813.0,-0.6102110743522644,-0.1695666313171386,10.08188247680664,2.648281574249268,0.5614640712738037,-2.1245346069335938
3483517146.0,-0.5814529061317444,0.089518554508686,9.990344047546388,2.525333404541016,0.4294995367527008,-2.2164127826690674
3483525479.0,-0.4819519221782684,-0.3182471096515655,9.858480453491213,2.408250331878662,-0.0031377437990158,-2.159574508666992
3483533812.0,-0.5131303668022156,-0.4886282086372375,9.531994819641112,2.543185949325561,0.2688213884830475,-2.2018637657165527
3483542145.0,-0.6021795272827148,-0.3338435292243957,9.741236686706545,2.7751994132995605,0.9077939391136168,-2.242128849029541
3483550478.0,-0.5903775691986084,-0.1802024692296981,10.114190101623535,2.937363386154175,0.9042080640792848,-2.1642873287200928
3483558811.0,-0.359830230474472,0.0134840272367,10.159419059753418,2.821894407272339,0.2045296430587768,-2.344867467880249
3483567144.0,-0.2301097065210342,-0.0514316484332084,10.06544303894043,2.799021482467652,0.2128286957740783,-2.195741891860962
3483575477.0,-0.4976351857185364,-0.1730760186910629,9.858628273010254,2.6073243618011475,1.1505658626556396,-2.205244779586792
3483583810.0,-0.8234493732452393,-0.0785995945334434,10.160970687866213,2.8613405227661133,1.572995662689209,-2.126096725463867
3483592143.0,-0.4862293004989624,-0.1365168541669845,10.343280792236328,2.70737361907959,0.3788089752197265,-2.3225581645965576
3483600476.0,-0.2804658710956573,-0.3228764533996582,10.111246109008787,2.4701344966888428,-0.5006686449050903,-2.3316001892089844
3483608809.0,-0.2163636982440948,-0.0804992616176605,9.574335098266602,2.4837355613708496,0.6289063692092896,-2.24707293510437
3483617142.0,-0.524903416633606,-0.1266641914844513,9.941829681396484,2.6162633895874023,1.8155368566513064,-2.182934761047364
3483625475.0,-0.907945454120636,-0.3210946321487427,9.969191551208496,2.518084049224853,1.621073603630066,-2.116773128509521
3483633808.0,-0.7393898367881775,-0.4215948581695556,9.992554664611816,2.310788154602051,0.2995584607124328,-2.1322696208953857
3483642141.0,-0.4616731107234955,-0.4195410013198852,9.718390464782717,2.3951616287231445,0.1328098177909851,-2.1859829425811768
3483650474.0,-0.5270935297012329,-0.2615946233272552,9.543889045715332,2.6991004943847656,0.9159908294677734,-2.093823194503784
3483658807.0,-0.6337172389030457,-0.3727426528930664,9.8695707321167,2.636037588119507,1.5802958011627195,-2.0743303298950195
3483667140.0,-0.7287539839744568,-0.3651559352874756,9.938271522521973,2.5568387508392334,0.5307270288467407,-2.1424386501312256
3483675473.0,-0.510486900806427,-0.3824942708015442,9.603941917419434,2.490651845932007,-0.0086960336193442,-2.2608022689819336
3483683806.0,-0.4337117075920105,-0.4319344460964203,9.504073143005373,2.610551595687866,0.4897697567939758,-2.2477385997772217
3483692139.0,-0.5424498915672302,-0.4361914098262787,9.74724578857422,2.8996593952178955,1.3298397064208984,-2.1015071868896484
3483700472.0,-0.6972246170043945,-0.1807083040475845,10.113873481750488,2.762648820877075,1.1367852687835691,-2.2088305950164795
3483708805.0,-0.6191135048866272,-0.2090604305267334,10.059052467346191,2.7521731853485107,0.1963843703269958,-2.2089078426361084
3483717138.0,-0.4341848194599151,-0.2105778604745865,9.711071014404297,2.8452036380767822,-0.0908665135502815,-2.1987133026123047
3483725471.0,-0.3338775932788849,-0.2228744626045227,9.699901580810549,2.634065628051758,0.7219884395599365,-2.1200263500213623
3483733804.0,-0.3571411967277527,-0.457382321357727,9.813528060913086,2.7521469593048096,0.9844062328338624,-2.169564008712769
3483742137.0,-0.5924234986305237,-0.4814061224460602,9.970074653625488,2.915616989135742,0.9806665182113647,-2.094821691513061
3483750470.0,-0.7600829005241394,-0.4242597222328186,9.953620910644531,3.0539333820343018,1.0034375190734863,-1.959782958030701
3483758803.0,-0.6835209727287292,-0.2626338601112366,9.88947868347168,3.2584121227264404,0.5788561105728149,-2.178067922592163
3483767136.0,-0.3679880499839782,-0.1486814469099044,10.04408359527588,3.242889881134033,0.1571689248085022,-2.2885677814483643
3483775469.0,-0.1769672036170959,-0.0625532940030098,9.877760887145996,3.1154589653015137,0.2069629877805709,-2.2752480506896973
3483783802.0,-0.3467239439487457,0.0020756400190293,9.640710830688477,3.102344751358032,1.0110962390899658,-2.3835198879241943
3483792135.0,-0.5708006620407104,0.3350781798362732,9.912110328674316,3.212153434753418,1.506911277770996,-2.227196216583252
3483800468.0,-0.5991860628128052,-0.1393044888973236,10.12822151184082,2.971148729324341,1.0734925270080566,-2.239542245864868
3483808801.0,-0.6450034379959106,-0.2633832395076751,10.014107704162598,2.6647515296936035,0.4885915517807007,-2.2647979259490967
3483817134.0,-0.6051563620567322,-0.0610297508537769,9.875770568847656,2.727480411529541,0.9017235040664672,-2.130425214767456
3483825467.0,-0.5596071481704712,0.0590527839958667,9.92612361907959,2.839235305786133,1.0046414136886597,-2.3098020553588867
3483833800.0,-0.4872808754444122,0.0675420388579368,10.005456924438477,2.7928221225738525,0.5120540857315063,-2.3790371417999268
3483842133.0,-0.420020043849945,-0.2879680693149566,9.76748752593994,2.447619676589966,0.4342381656169891,-2.35741925239563
3483850466.0,-0.4584746062755584,-0.2842124104499817,9.759767532348633,2.421262502670288,0.8437073230743408,-2.280320167541504
3483858799.0,-0.5820338726043701,-0.1332639902830124,9.978965759277344,2.6009461879730225,1.28742253780365,-2.377192974090576
3483867132.0,-0.6146338582038879,-0.1776832044124603,10.16956615447998,2.614086151123047,1.0344308614730835,-2.4319818019866943
3483875465.0,-0.5173342823982239,-0.4124187231063843,10.141435623168944,2.305306911468506,0.6746277809143066,-2.452626943588257
3483883798.0,-0.4916105568408966,-0.2471902072429657,9.89963150024414,2.2361741065979004,0.6281635165214539,-2.3757331371307373
3483892131.0,-0.7009114623069763,-0.3608777225017547,9.847623825073242,2.592442274093628,1.258247971534729,-2.5015246868133545
3483900464.0,-0.7911161780357361,-0.4613495767116546,9.85879135131836,2.537217617034912,1.1960564851760864,-2.557593584060669
3483908797.0,-0.5690489411354065,-0.4073525667190552,10.002195358276367,2.3415768146514893,0.5756286978721619,-2.701443910598755
3483917130.0,-0.3526318967342376,-0.3225074410438537,9.867274284362791,2.3749008178710938,0.2799636125564575,-2.7123043537139893
3483925463.0,-0.5409148335456848,-0.1093997582793235,9.75766658782959,2.3959810733795166,1.3113720417022705,-2.8554110527038574
3483933796.0,-0.7132413387298584,-0.0826683863997459,9.924715995788574,2.289323329925537,1.7839288711547852,-2.7578461170196533
3483942129.0,-0.8048378825187683,-0.4400026798248291,10.293095588684082,2.1250593662261963,0.7772126793861389,-2.898237705230713
3483950462.0,-0.870051383972168,-0.5625771880149841,9.92077350616455,1.915407061576844,0.3048862516880035,-2.9875295162200928
3483958795.0,-0.6462851762771606,-0.3810679316520691,9.955329895019531,2.057053327560425,0.7638676166534424,-3.039294958114624
3483967128.0,-0.5706891417503357,-0.4100292026996612,10.02955722808838,2.3545374870300293,0.7541086673736572,-3.1895999908447266
3483975461.0,-0.5762784481048584,-0.1867312788963318,9.904805183410645,1.8182008266448968,0.4769113957881927,-3.4075255393981934
3483983794.0,-0.5224260091781616,-0.4237864017486572,9.794774055480955,1.7338275909423828,0.5469919443130493,-3.509162664413452
3483992127.0,-0.8208248615264893,-0.6476388573646545,9.820473670959473,1.602452039718628,0.9259545803070068,-3.570099115371704
3484000460.0,-0.9945284128189088,-0.415531724691391,10.092390060424805,1.7526798248291016,1.3157521486282349,-3.84322452545166
3484008793.0,-0.7561182379722595,-0.3554174602031708,10.44305419921875,1.9712460041046145,0.5421252250671387,-3.904852151870728
3484017126.0,-0.5629519820213318,-0.3465065062046051,10.150334358215332,1.5118801593780518,-0.2904269695281982,-4.183457851409912
3484025459.0,-0.5166075229644775,-0.3244567513465881,9.726428985595703,1.443976879119873,0.382830411195755,-4.207688808441162
3484033792.0,-0.668587327003479,-0.5964553356170654,9.760445594787598,1.5489696264266968,1.1263604164123535,-4.314909934997559
3484042125.0,-0.8786836862564087,-0.7137849926948547,9.968997955322266,1.6045782566070557,0.8836655616760254,-4.664057731628418
3484050458.0,-0.7351041436195374,-0.7360016703605652,10.17604923248291,1.5703574419021606,0.0924417600035667,-4.8196892738342285
3484058791.0,-0.6134373545646667,-0.780290424823761,9.791665077209473,1.6528351306915283,0.01800680719316,-4.97550106048584
3484067124.0,-0.6044225692749023,-0.3951300978660583,9.839571952819824,1.6029387712478638,0.7139967679977417,-5.020735740661621
3484075457.0,-0.7711320519447327,-0.5803112983703613,9.94967555999756,1.4734845161437988,0.9767476916313172,-5.2313618659973145
3484083790.0,-1.0065600872039795,-0.7990795969963074,10.115557670593262,1.2349648475646973,0.4244022965431213,-5.52205753326416
3484092123.0,-0.6819283366203308,-0.9150275588035583,9.89578914642334,1.2355793714523315,0.1212577745318412,-5.76564884185791
3484100456.0,-0.3181271851062774,-0.9581634402275084,10.116662979125977,1.5165421962738037,-0.2316679656505584,-5.810806751251221
3484108789.0,-0.4962343573570251,-0.8656249046325684,9.791946411132812,1.2827095985412598,0.3782197833061218,-5.893797397613525
3484117122.0,-0.6328882575035095,-0.5272969603538513,9.83047866821289,1.143983006477356,1.149362087249756,-5.900661945343018
3484125455.0,-0.5978448390960693,-0.671440064907074,10.23870849609375,1.1718512773513794,0.4942522943019867,-6.150093078613281
3484133788.0,-0.6710988879203796,-0.8813480138778687,9.797858238220217,0.7526230812072754,-0.0771116539835929,-6.34742546081543
3484142121.0,-0.735209584236145,-0.885846734046936,9.64308738708496,0.5154609084129333,0.5688153505325317,-6.552416324615479
3484150454.0,-0.696443498134613,-0.9987128376960754,9.836913108825684,0.7340526580810547,1.0174740552902222,-6.686787128448486
3484158787.0,-0.6860913038253784,-0.8558894991874695,10.010934829711914,0.59955233335495,0.5726318359375,-6.73427677154541
3484167120.0,-0.4422613680362701,-1.061941146850586,9.870277404785156,0.4947389364242553,0.178556814789772,-7.088521480560303
3484175453.0,-0.382934033870697,-1.3457472324371338,9.514436721801758,0.3594189882278442,0.3052960932254791,-7.224251747131348
3484183786.0,-0.6345237493515015,-1.378050684928894,9.662471771240234,0.5769349932670593,1.3469501733779907,-7.356344223022461
3484192119.0,-0.6660385131835938,-1.5999730825424194,9.864850997924805,0.8506743907928467,1.3064029216766355,-7.41461706161499
3484200452.0,-0.7237622141838074,-1.5689620971679688,9.954036712646484,1.0011837482452393,0.3757865130901336,-7.740891456604004
3484208785.0,-0.5622246265411377,-1.481321096420288,9.726624488830566,1.210375189781189,0.6218624711036682,-7.870884895324707
3484217118.0,-0.5734617114067078,-1.7725753784179688,9.667546272277832,1.412087321281433,1.0400662422180176,-7.894782543182373
3484225451.0,-0.6594054102897644,-1.8393666744232176,9.653573036193848,1.6455097198486328,1.3842958211898804,-7.971469402313232
3484233784.0,-0.7283018827438354,-1.8733365535736084,9.819754600524902,1.885438084602356,1.035916447639465,-8.111835479736328
3484242117.0,-0.9073809385299684,-2.067732334136963,9.853565216064451,2.0707058906555176,0.9743398427963256,-8.292543411254883
3484250450.0,-0.9359378218650818,-1.655565619468689,9.828750610351562,2.5456197261810303,1.278175950050354,-8.390186309814453
3484258783.0,-0.8418855667114258,-1.5466045141220093,10.217521667480469,2.772228717803955,1.1355302333831787,-8.356939315795898
3484267116.0,-0.821664035320282,-1.4249264001846311,9.875937461853027,2.640418291091919,0.691917359828949,-8.716819763183594
3484275449.0,-0.7646518349647522,-1.2965004444122314,9.85374355316162,2.5444672107696533,1.051029086112976,-8.954853057861328
3484283782.0,-0.6275105476379395,-1.1356933116912842,9.992539405822754,2.533017635345459,1.2153699398040771,-9.125699996948242
3484292115.0,-0.6146021485328674,-1.203716278076172,9.955015182495115,2.605762243270874,1.3371658325195312,-9.123753547668455
3484300448.0,-0.8358340263366699,-1.1876753568649292,9.915343284606934,2.3423960208892822,1.581935167312622,-9.317959785461426
3484308781.0,-0.949330747127533,-1.292112946510315,9.917691230773926,2.3478777408599854,1.723940372467041,-9.313733100891112
3484317114.0,-1.0188385248184204,-1.1675407886505127,9.960623741149902,2.0041089057922363,1.4626240730285645,-9.54567050933838
3484325447.0,-1.017803430557251,-1.0973145961761477,10.01543140411377,1.8839783668518064,1.3124991655349731,-9.6633939743042
3484333780.0,-0.8868381977081299,-1.421872854232788,9.978879928588867,1.7559325695037842,1.2159076929092407,-9.754860877990724
3484342113.0,-0.8603728413581848,-1.504093050956726,10.083677291870115,1.7539092302322388,1.6209967136383057,-9.757269859313965
3484350446.0,-0.7953801155090332,-1.4057050943374634,9.892276763916016,1.61905038356781,1.6997610330581665,-9.90383529663086
3484358779.0,-0.70121169090271,-1.455028414726257,9.646178245544434,1.834261417388916,1.369209051132202,-10.03864288330078
3484367112.0,-0.8110206723213196,-1.5054646730422974,9.540668487548828,1.7029368877410889,1.7734785079956057,-10.19304370880127
3484375445.0,-0.9263750910758972,-1.7548069953918457,9.863422393798828,1.6117759943008425,2.497439384460449,-10.13039207458496
3484383778.0,-1.12461256980896,-1.774109959602356,10.03643798828125,2.1140458583831787,2.2497243881225586,-10.330774307250977
3484392111.0,-1.3043124675750732,-1.6439239978790283,9.97508716583252,2.2854814529418945,1.8945313692092896,-10.33551025390625
3484400444.0,-1.093234896659851,-1.901910901069641,9.75765609741211,2.4119906425476074,1.542464017868042,-10.47677516937256
3484408777.0,-1.044559121131897,-2.0254876613616943,9.56692886352539,2.380023717880249,1.2864494323730469,-10.677358627319336
3484417110.0,-0.8830531239509583,-1.8098266124725344,9.59665870666504,2.719104528427124,1.8704280853271484,-10.628050804138184
3484425443.0,-0.992443025112152,-1.9818812608718872,9.640199661254885,2.883112907409668,1.7699437141418457,-10.81588077545166
3484433776.0,-1.0803508758544922,-1.5397660732269287,9.75050926208496,3.07568097114563,1.7525005340576172,-10.900663375854492
3484442109.0,-0.9651342630386353,-1.61720609664917,9.740553855895996,3.014232397079468,1.6590341329574585,-10.967618942260742
3484450442.0,-1.085064172744751,-1.6664210557937622,10.003673553466797,2.8890039920806885,1.7235817909240725,-11.113081932067873
3484458775.0,-1.2187803983688354,-1.5318292379379272,9.720552444458008,3.227393865585327,1.9137932062149048,-11.239974975585938
3484467108.0,-1.0571372509002686,-1.6109083890914917,10.266444206237791,3.150628089904785,1.8510130643844604,-11.265923500061035
3484475441.0,-0.9081810116767884,-1.396855711936951,9.90666961669922,2.942179679870605,0.8602798581123352,-11.397171020507812
3484483774.0,-0.9170975685119628,-1.268306016921997,9.621441841125488,2.612344741821289,1.2415733337402344,-11.455723762512209
3484492107.0,-0.9675334095954896,-1.6216822862625122,9.649083137512209,2.7171072959899902,1.991840124130249,-11.501934051513672
3484500440.0,-1.2449724674224854,-1.4735780954360962,9.725756645202637,2.660063505172729,2.0424790382385254,-11.621830940246582
3484508773.0,-1.4544931650161743,-1.4468847513198853,9.951556205749512,2.422389268875122,1.5452297925949097,-11.80699634552002
3484517106.0,-1.2795815467834473,-1.3244205713272097,9.803665161132812,2.352001667022705,0.9110983610153198,-12.009528160095217
3484525439.0,-1.2872445583343506,-1.3057262897491455,9.846566200256348,2.304615259170532,1.0423457622528076,-12.161986351013184
3484533772.0,-1.2297548055648804,-1.3406795263290403,9.889354705810549,2.040327787399292,1.454888939857483,-12.22873878479004
3484542105.0,-1.1901543140411377,-1.2937637567520142,10.063831329345703,2.033360719680786,1.0835591554641724,-12.427682876586914
3484550438.0,-1.0713316202163696,-1.415022611618042,9.783825874328612,1.973270058631897,0.6399717926979065,-12.58556842803955
3484558771.0,-0.9667866826057434,-1.5360509157180786,9.845012664794922,1.9232450723648071,0.8761863112449646,-12.741687774658203
3484567104.0,-1.1874240636825562,-1.7873073816299438,9.633503913879396,1.865612864494324,1.3627029657363892,-12.905617713928224
3484575437.0,-1.4117029905319214,-1.7489949464797974,10.009886741638184,1.982592821121216,1.7682788372039795,-12.968013763427734
3484583770.0,-1.1594007015228271,-1.7342394590377808,10.244582176208496,2.107897996902466,0.8147888779640198,-13.092575073242188
3484592103.0,-1.1169850826263428,-1.8171501159667969,9.939826965332031,2.024523496627808,0.1999959647655487,-13.25094985961914
3484600436.0,-1.2561911344528198,-1.9230693578720093,9.69707202911377,1.9062371253967283,1.138527274131775,-13.21334743499756
3484608769.0,-1.327669978141785,-1.846323609352112,10.090147972106934,2.253720283508301,1.8158446550369265,-13.40911865234375
3484617102.0,-1.2360279560089111,-1.8142567873001096,10.340934753417969,2.199904203414917,0.9327936172485352,-13.41751766204834
3484625435.0,-1.1468380689620972,-1.6530113220214844,10.158541679382324,2.0534937381744385,0.299123078584671,-13.628273963928224
3484633768.0,-1.1445050239562988,-1.6714839935302734,9.677274703979492,1.976984024047852,0.5446868538856506,-13.697124481201172
3484642101.0,-1.5022871494293213,-1.6132941246032717,9.858287811279297,1.9123591184616089,1.7605947256088257,-13.5828857421875
3484650434.0,-1.604609727859497,-1.5573896169662476,10.177943229675291,1.817944884300232,1.3351422548294067,-13.693180084228516
3484658767.0,-1.4696255922317505,-1.7658421993255615,10.323948860168455,1.5169010162353516,-0.1261885613203048,-13.787083625793455
3484667100.0,-1.2224068641662598,-1.7020795345306396,9.714483261108398,1.3167513608932495,-0.4843781888484955,-13.918049812316896
3484675433.0,-1.2265673875808716,-1.7994383573532104,9.35224151611328,1.4879825115203855,0.4799596965312958,-13.810443878173828
3484683766.0,-1.4936964511871338,-2.086100101470948,9.73470687866211,1.637006163597107,0.9580239057540894,-13.89059066772461
3484692099.0,-1.6395704746246338,-2.053421258926392,9.826822280883787,1.6702533960342407,0.2769155502319336,-14.077701568603516
3484700432.0,-1.5930787324905396,-2.2211031913757324,10.00041389465332,1.5775809288024902,-0.3744161128997803,-14.196063041687012
3484708765.0,-1.3029004335403442,-2.1908531188964844,9.74046516418457,1.9542381763458248,-0.6296876072883606,-14.230385780334473
3484717098.0,-1.1372143030166626,-2.018350124359131,9.8702974319458,2.192962884902954,-0.1029820367693901,-14.420750617980955
3484725431.0,-1.1522059440612793,-2.2687432765960693,9.886500358581545,2.2727513313293457,0.0557365790009498,-14.479792594909668
3484733764.0,-1.249239206314087,-2.353996515274048,9.684229850769045,2.4485673904418945,-0.2014431655406952,-14.523746490478516
3484742097.0,-1.343303084373474,-2.56433653831482,9.783282279968262,2.561654090881348,0.1883158683776855,-14.489115715026855
3484750430.0,-1.1377990245819092,-2.584691047668457,9.8554048538208,3.252855062484741,-0.3315123617649078,-14.613835334777832
3484758763.0,-1.22822904586792,-2.395061731338501,9.780806541442873,3.205186367034912,-0.461069107055664,-14.801688194274902
3484767096.0,-1.2165676355361938,-2.359051465988159,9.81100368499756,3.664142608642578,0.015189241617918,-14.805708885192873
3484775429.0,-1.145604968070984,-2.420929193496704,10.008577346801758,3.561660051345825,-0.0649705156683921,-14.831554412841797
3484783762.0,-1.169227957725525,-1.99994707107544,9.830728530883787,3.725821256637573,-0.2424771934747696,-14.935880661010742
3484792095.0,-1.3113269805908203,-1.7695902585983276,9.590906143188477,3.787527322769165,0.0829901546239852,-15.175429344177246
3484800428.0,-1.295735001564026,-1.7519890069961548,9.79137897491455,3.4659652709960938,0.0561464093625545,-15.281365394592283
3484808761.0,-1.2257652282714844,-1.7654087543487549,10.027263641357422,3.041895866394043,-0.1201179772615432,-15.259926795959473
3484817094.0,-1.0507086515426636,-1.7759472131729126,10.029647827148438,2.9326510429382324,-0.3249294459819793,-15.28669261932373
3484825427.0,-1.0367655754089355,-1.741353154182434,9.715880393981934,2.955268621444702,0.0603727623820304,-15.56596565246582
3484833760.0,-1.1587554216384888,-1.6718770265579224,9.708640098571776,2.881422758102417,0.3802177608013153,-15.554286003112791
3484842093.0,-1.2844868898391724,-1.97925078868866,9.731968879699709,2.422697067260742,0.4520144462585449,-15.806917190551758
3484850426.0,-1.1653236150741575,-2.0317180156707764,9.95041275024414,2.1766469478607178,0.1856520026922226,-15.911859512329102
3484858759.0,-1.0377591848373413,-1.772070050239563,9.885865211486816,2.256409883499145,0.0878312215209007,-16.057451248168945
3484867092.0,-1.1467894315719604,-1.9238463640213013,9.693744659423828,2.2196273803710938,0.402681440114975,-16.187288284301758
3484875425.0,-1.396229863166809,-1.8403555154800413,9.64143180847168,1.895300269126892,0.8818727731704712,-16.31976890563965
3484883758.0,-1.4009358882904053,-2.047456979751587,9.933271408081056,1.5083203315734863,0.7143299579620361,-16.326274871826172
3484892091.0,-1.283935308456421,-2.176265239715576,9.883620262145996,1.6151058673858645,0.2137764245271682,-16.66094970703125
3484900424.0,-1.3304461240768433,-1.9049972295761108,9.78720760345459,1.6875174045562744,0.4847238659858703,-16.840068817138672
3484908757.0,-1.3007543087005615,-1.996670603752136,9.757095336914062,1.7245811223983765,1.1340703964233398,-16.96240234375
3484917090.0,-1.501478672027588,-2.285942316055298,9.932053565979004,1.5183353424072266,0.939069390296936,-17.1162166595459
3484925423.0,-1.4517202377319336,-2.0500752925872803,9.933819770812988,1.5309631824493408,0.4518096148967743,-17.278255462646484
3484933756.0,-1.33588445186615,-2.291086196899414,9.75900173187256,1.484268307685852,0.2030696719884872,-17.547584533691406
3484942089.0,-1.1568081378936768,-2.4386236667633057,9.739385604858398,1.7252728939056396,0.4015800952911377,-17.756956100463867
3484950422.0,-1.1420396566390991,-2.335773229598999,9.689785957336426,1.719253420829773,0.6709650754928589,-17.80103874206543
3484958755.0,-1.3725005388259888,-2.625701665878296,9.944594383239746,1.889818787574768,0.983817458152771,-17.99176597595215
3484967088.0,-1.4894959926605225,-2.427593946456909,9.738666534423828,2.1732656955718994,0.8236258625984192,-18.158279418945312
3484975421.0,-1.327256679534912,-2.49947190284729,10.028975486755373,2.0183253288269043,0.4411540627479553,-18.46257781982422
3484983754.0,-1.1936659812927246,-2.367077112197876,9.8312406539917,2.1386096477508545,0.2952297627925873,-18.66380500793457
3484992087.0,-1.1682031154632568,-2.197988986968994,10.032368659973145,2.0907113552093506,0.9365334510803224,-18.8425407409668
3485000420.0,-1.3024139404296875,-2.24630069732666,10.11363410949707,2.1099987030029297,1.3813503980636597,-18.920610427856445
3485008753.0,-1.3045263290405271,-2.5305004119873047,10.292977333068848,1.984053492546081,0.9651958346366882,-18.931676864624023
3485017086.0,-1.2490153312683103,-2.3912506103515625,10.131756782531738,1.9678910970687864,0.6213503479957581,-19.243507385253903
3485025419.0,-1.0373376607894895,-2.4911863803863525,10.099568367004396,1.9370259046554563,0.9979822039604188,-19.31504821777344
3485033752.0,-0.9924909472465516,-2.343261480331421,9.966632843017578,2.0439395904541016,1.2935447692871094,-19.562633514404297
3485042085.0,-1.1871490478515625,-2.396936655044556,10.091438293457031,1.950755000114441,1.637825846672058,-19.665321350097656
3485050418.0,-1.3076425790786743,-2.5191612243652344,10.116381645202637,1.779575228691101,1.6153879165649414,-19.8287410736084
3485058751.0,-1.432214379310608,-2.532423496246338,10.13215446472168,1.847171306610108,1.513750672340393,-20.00243377685547
3485067084.0,-1.515712022781372,-2.4866061210632324,10.166854858398438,1.576659083366394,1.6342144012451172,-20.060884475708008
3485075417.0,-1.386115550994873,-2.5822222232818604,10.037016868591309,1.6737627983093262,1.5251232385635376,-20.229961395263672
3485083750.0,-1.2568793296813965,-2.522724151611328,10.120845794677734,1.6966105699539185,1.343159794807434,-20.488155364990234
3485092083.0,-1.2631304264068604,-2.5996227264404297,9.91160011291504,1.423716425895691,1.5527610778808594,-20.680160522460938
3485100416.0,-1.4452478885650637,-2.652878761291504,9.806001663208008,1.4002538919448853,2.100547313690185,-20.73282241821289
3485108749.0,-1.429939866065979,-2.707317352294922,9.97647762298584,1.5646716356277466,1.9930442571640008,-20.993396759033203
3485117082.0,-1.3059273958206177,-3.1681928634643555,10.023859024047852,1.5230741500854492,1.5046062469482422,-21.099796295166016
3485125415.0,-1.3291442394256592,-3.448725461959839,9.764278411865234,1.5073727369308472,1.47822368144989,-21.19206047058105
3485133748.0,-1.551149606704712,-3.1171085834503174,9.668912887573242,1.9320571422576904,2.425822496414185,-21.340316772460938
3485142081.0,-1.754850149154663,-2.8628931045532227,10.0864839553833,2.0999326705932617,2.665572166442871,-21.508935928344727
3485150414.0,-1.807403326034546,-2.851460218429565,10.296076774597168,2.0596671104431152,1.8674834966659544,-21.804420471191406
3485158747.0,-1.653260350227356,-2.8251631259918213,10.099145889282228,1.6186411380767822,1.3625497817993164,-21.888591766357425
3485167080.0,-1.5551884174346924,-3.063499927520752,9.7410306930542,1.6544495820999146,1.4002537727355957,-22.10136604309082
3485175413.0,-1.7426131963729858,-3.1725833415985107,9.534077644348145,1.9169442653656008,1.9434806108474727,-22.20392417907715
3485183746.0,-1.7802141904830933,-3.1391096115112305,9.847373962402344,1.914280652999878,1.968044996261597,-22.419214248657227
3485192079.0,-1.730390191078186,-3.062979459762573,9.94649600982666,1.8286521434783936,1.1026933193206787,-22.70033073425293
3485200412.0,-1.8962053060531616,-2.9104902744293213,9.68369197845459,1.864742636680603,1.143317461013794,-22.922740936279297
3485208745.0,-1.8528821468353271,-3.165543556213379,9.635327339172363,2.236380100250244,1.568078637123108,-22.91964340209961
3485217078.0,-1.9002779722213743,-3.566328763961792,9.783991813659668,2.310328483581543,1.1093788146972656,-23.1831111907959
3485225411.0,-1.875417947769165,-3.551220178604126,9.602031707763672,2.3247745037078857,0.3924358487129211,-23.339099884033203
3485233744.0,-1.789330005645752,-3.476605176925659,9.431553840637209,2.736959218978882,0.2741748988628387,-23.530900955200195
3485242077.0,-1.6333916187286377,-3.479830265045166,9.457646369934082,3.188282012939453,0.3385434746742248,-23.77702522277832
3485250410.0,-1.574599266052246,-3.234959125518799,9.547801971435549,3.21323037147522,0.2223060429096222,-23.9818115234375
3485258743.0,-1.5653139352798462,-3.396835803985596,9.52780055999756,3.187283515930176,0.3729434609413147,-24.130735397338867
3485267076.0,-1.7125595808029177,-3.400441169738769,9.539026260375977,3.507230758666992,0.44233238697052,-24.20726776123047
3485275409.0,-1.8958159685134888,-3.475886821746826,9.760498046875,3.6663718223571777,0.7665831446647644,-24.355342864990234
3485283742.0,-1.9125651121139529,-3.515700578689575,10.04559326171875,3.958605289459229,0.3181289434432983,-24.5244255065918
3485292075.0,-1.6415913105010986,-3.3877196311950684,9.930004119873049,4.17430305480957,-0.5805597901344299,-24.504858016967773
3485300408.0,-1.432646870613098,-3.2103214263916016,9.801274299621582,4.471556186676025,-0.4205987751483917,-24.66983985900879
3485308741.0,-1.2318055629730225,-3.334099292755127,9.711121559143066,4.437770843505859,-0.2145321369171142,-24.85282516479492
3485317074.0,-1.2938194274902344,-3.15378999710083,9.656532287597656,4.468303680419922,0.1556321829557418,-24.93828010559082
3485325407.0,-1.265202879905701,-3.27748966217041,9.874967575073242,4.474732398986816,0.1089630052447319,-24.86476325988769
3485333740.0,-1.3031331300735474,-3.4780068397521973,9.73550796508789,4.485670566558838,-0.1484473794698715,-24.97165298461914
3485342073.0,-1.4368735551834106,-3.212294101715088,9.722219467163086,4.563818454742432,0.498017817735672,-24.943347930908203
3485350406.0,-1.5233319997787476,-3.2118306159973145,9.959781646728516,4.748932838439941,0.6614623665809631,-25.014787673950195
3485358739.0,-1.63241708278656,-2.89107632637024,9.92601490020752,4.788301944732666,0.2467164397239685,-25.18683624267578
3485367072.0,-1.5945425033569336,-2.7901735305786133,10.005311965942385,4.543890476226807,-0.0333881750702858,-25.29874420166016
3485375405.0,-1.490002155303955,-2.997519969940185,9.902838706970217,4.593019485473633,-0.0641252771019935,-25.373798370361328
3485383738.0,-1.3662054538726809,-3.0489425659179688,9.815245628356934,4.622398376464844,-0.0832847282290458,-25.32282066345215
3485392071.0,-1.212658405303955,-3.117607355117798,9.64275074005127,4.639969825744629,0.0030993239488452,-25.30768585205078
3485400404.0,-1.165004014968872,-3.02915096282959,9.478864669799805,4.610538959503174,-0.0241926591843366,-25.36365127563477
3485408737.0,-1.3156133890151978,-2.8785321712493896,9.543624877929688,4.539588451385498,0.6186609864234924,-25.55258560180664
3485417070.0,-1.4155644178390503,-2.8674564361572266,9.954002380371094,4.483262538909912,0.9155044555664062,-25.674222946166992
3485425403.0,-1.4984712600708008,-2.953664302825928,10.107247352600098,4.308136940002441,0.3763245344161987,-25.706010818481445
3485433736.0,-1.565002679824829,-2.850116729736328,9.818033218383787,4.151736736297607,0.1106279492378234,-25.87614250183105
3485442069.0,-1.4943610429763794,-2.8810410499572754,9.725126266479492,4.215414047241211,0.2553228139877319,-25.96479225158692
3485450402.0,-1.3284435272216797,-2.954615831375122,9.736432075500488,4.110933780670166,0.1775836050510406,-25.970558166503903
3485458735.0,-1.190751552581787,-2.818133354187012,9.766646385192873,3.909887552261353,0.1326562017202377,-26.123476028442383
3485467068.0,-1.061353087425232,-2.6173269748687744,9.655579566955566,3.7807657718658447,0.4281677901744842,-26.269014358520508
3485475401.0,-1.0894054174423218,-2.5920870304107666,9.53606128692627,3.724772930145264,0.5726321935653687,-26.361223220825195
3485483734.0,-1.2534373998641968,-2.5810964107513428,9.716578483581545,3.429748058319092,1.1687525510787964,-26.374799728393555
3485492067.0,-1.3771629333496094,-2.935876607894897,9.89584732055664,3.328059673309326,1.0763108730316162,-26.47490119934082
3485500400.0,-1.3754156827926636,-2.819718360900879,9.811610221862791,3.381824016571045,0.6715800762176514,-26.587400436401367
3485508733.0,-1.1646016836166382,-2.625568628311157,9.861213684082031,3.516247510910034,0.4579315781593323,-26.79144287109375
3485517066.0,-0.9987592697143556,-2.7122786045074463,9.660207748413086,3.2436094284057617,0.5974780321121216,-27.02266502380371
3485525399.0,-0.8506135940551758,-2.644253253936768,9.666168212890623,3.1140782833099365,0.834333062171936,-27.125173568725582
3485533732.0,-1.0852246284484863,-2.8972153663635254,9.497936248779297,2.9944851398468018,1.5734323263168335,-27.204320907592773
3485542065.0,-1.1705724000930786,-3.1617348194122314,9.569689750671388,3.1686110496521,1.7164366245269775,-27.245586395263672
3485550398.0,-1.3916059732437134,-3.4736990928649902,9.531472206115724,3.318274736404419,1.5692825317382812,-27.299474716186523
3485558731.0,-1.3683316707611084,-3.570345878601074,9.701778411865234,3.8093767166137695,1.449459195137024,-27.331159591674805
3485567064.0,-1.1889547109603882,-3.731504201889038,9.67416286468506,4.159908294677734,1.172774076461792,-27.325040817260746
3485575397.0,-1.2294507026672363,-3.2173874378204346,9.74384880065918,4.566713809967041,1.544283151626587,-27.44102096557617
3485583730.0,-1.1482906341552734,-3.411163568496704,9.858604431152344,4.4626946449279785,1.815922737121582,-27.54965591430664
3485592063.0,-1.397869348526001,-3.158216953277588,10.061962127685549,4.668454170227051,1.4752528667449951,-27.764610290527344
3485600396.0,-1.4045233726501465,-2.996694564819336,9.666521072387695,4.792016983032227,1.8430222272872925,-27.836891174316406
3485608729.0,-1.2652424573898315,-3.358082294464112,10.088773727416992,5.023005962371826,1.823914051055908,-27.7385311126709
3485617062.0,-1.3067907094955444,-3.4626755714416504,10.045949935913086,4.929462909698486,1.7959433794021606,-27.619325637817383
3485625395.0,-1.4125717878341677,-3.339254140853882,10.093375205993652,4.89921236038208,1.9640496969223025,-27.52754592895508
3485633728.0,-1.5754684209823608,-3.28680419921875,9.916473388671877,5.485215187072754,1.9621795415878296,-27.74990463256836
3485642061.0,-1.6000410318374634,-3.3993728160858154,10.008793830871582,5.582882404327393,1.6464840173721311,-27.70431137084961
3485650394.0,-1.3308607339859009,-3.889147996902466,10.08520221710205,5.436727523803711,1.1345064640045166,-27.501190185546875
3485658727.0,-1.4668734073638916,-3.838647127151489,9.733479499816896,5.50921630859375,1.0003135204315186,-27.35288619995117
3485667060.0,-1.3966227769851685,-3.559983253479004,9.745745658874512,6.212557315826416,1.5102674961090088,-27.4351806640625
3485675393.0,-1.4377750158309937,-3.640839099884033,10.009912490844728,6.397902488708496,1.1545623540878296,-27.509002685546875
3485683726.0,-1.6101629734039309,-3.508571147918701,10.09734344482422,6.284891128540039,0.894295871257782,-27.564197540283203
3485692059.0,-1.650196194648743,-3.2334911823272705,10.063759803771973,6.2389912605285645,1.145904779434204,-27.507030487060547
3485700392.0,-1.7768999338150024,-3.202451467514038,10.203721046447754,6.573769092559815,1.1683425903320312,-27.54895782470703
3485708725.0,-1.88600492477417,-3.267803192138672,10.189056396484377,6.562448024749756,0.6591058373451233,-27.5069522857666
3485717058.0,-1.856799483299256,-3.4339475631713867,10.207633972167969,6.250389099121094,0.2439244985580444,-27.59063148498535
3485725391.0,-1.8706001043319704,-3.375157356262207,10.093340873718262,6.446696758270264,0.2281461507081985,-27.43477249145508
3485733724.0,-1.832488775253296,-3.144726514816284,10.160801887512209,6.721179962158203,0.3752743899822235,-27.558103561401367
3485742057.0,-1.5875608921051023,-3.1432251930236816,10.431234359741213,6.777581214904785,-0.1435294300317764,-27.55943298339844
3485750390.0,-1.4673746824264526,-3.260976552963257,9.979791641235352,6.501256465911865,-0.9358296394348145,-27.68938064575196
3485758723.0,-1.2702691555023191,-2.75288462638855,9.87653923034668,6.537550926208496,-0.4512590765953064,-27.72431182861328
3485767056.0,-1.496248722076416,-2.7594242095947266,10.109731674194336,6.561807632446289,0.0696963816881179,-27.88117790222168
3485775389.0,-1.6998428106307983,-2.5910449028015137,10.201292991638184,6.379716396331787,0.0172896217554807,-28.04767227172852
3485783722.0,-1.91389000415802,-2.392841100692749,10.326958656311035,5.930263042449951,-0.6633451581001282,-28.20901679992676
3485792055.0,-1.790643572807312,-2.311049461364746,10.426033973693848,5.739514350891113,-0.955065906047821,-28.138322830200195
3485800388.0,-1.5230062007904053,-2.2274506092071533,10.258098602294922,5.49256706237793,-1.3704522848129272,-28.200666427612305
3485808721.0,-1.2405329942703247,-2.173423767089844,10.33886432647705,5.040193557739258,-1.2607208490371704,-28.35770797729492
3485817054.0,-1.1668413877487185,-2.235618829727173,10.05746841430664,4.795475006103516,-1.01984441280365,-28.60821533203125
3485825387.0,-1.0923480987548828,-2.20172381401062,10.125853538513184,4.483621597290039,-0.9044520854949952,-28.93131256103516
3485833720.0,-1.1862754821777344,-2.3568241596221924,10.08983325958252,4.257011890411377,-0.9670020937919616,-28.95569610595703
3485842053.0,-1.164985418319702,-2.5273585319519043,9.73444366455078,3.908607006072998,-0.7777127623558044,-29.1992130279541
3485850386.0,-1.21437668800354,-2.3313565254211426,9.99501132965088,4.068645477294922,-0.6224648952484131,-29.282514572143555
3485858719.0,-1.1880323886871338,-2.816800594329834,9.74644374847412,3.864140748977661,-0.870846152305603,-29.47784423828125
3485867052.0,-1.1401492357254028,-2.9464731216430664,9.629324913024902,3.9786880016326895,-1.1825717687606812,-29.885496139526367
3485875385.0,-0.9217448830604552,-2.8884685039520264,9.322898864746094,4.232934474945068,-1.0858521461486816,-30.07770538330078
3485883718.0,-0.8580991625785828,-2.710195541381836,9.160866737365724,4.1850104331970215,-0.7201319336891174,-30.178932189941406
3485892051.0,-0.8046494722366333,-2.7019338607788086,9.130412101745604,4.350889205932617,-0.6653687357902527,-30.34929656982422
3485900384.0,-0.6886415481567383,-2.83504605293274,8.962860107421875,4.06554651260376,-0.529228925704956,-30.435258865356445
3485908717.0,-0.7690475583076477,-3.037484169006348,9.229658126831056,4.093619346618652,0.0232833605259656,-30.413408279418945
3485917050.0,-0.8134762048721313,-2.3765342235565186,9.149609565734863,4.221049785614014,0.2633145451545715,-30.728540420532227
3485925383.0,-0.8816192746162415,-2.0701072216033936,9.598793029785156,3.6663990020751953,0.6766005754470825,-30.82479858398437
3485933716.0,-0.9061246514320374,-2.021233558654785,9.76881217956543,3.2010650634765625,0.5880776643753052,-30.919187545776367
3485942049.0,-1.1005916595458984,-2.14063572883606,9.68851089477539,2.583376884460449,0.8127658367156982,-31.04897117614746
3485950382.0,-1.0661156177520752,-2.1786954402923584,9.75135326385498,2.119426012039185,0.6853350400924683,-31.17535781860352
3485958715.0,-0.6186437010765076,-2.49603271484375,9.515607833862305,2.020221948623657,0.3717140555381775,-31.313337326049805
3485967048.0,-0.407768189907074,-2.8939356803894043,9.453742980957031,1.3874729871749878,0.633799135684967,-31.20747184753418
3485975381.0,-0.1425970643758773,-3.0503337383270264,9.259819984436035,1.3284322023391724,1.2956715822219849,-31.27178955078125
3485983714.0,-0.5052641034126282,-3.2611851692199707,9.283645629882812,1.451918363571167,1.9794951677322388,-31.592098236083984
3485992047.0,-0.8040814995765686,-3.416066646575928,9.05849266052246,1.4843462705612185,3.154447078704834,-31.56709861755371
3486000380.0,-0.7492367029190063,-3.626012802124024,9.61878490447998,1.7193313837051392,2.543700695037842,-31.6230411529541
3486008713.0,-0.5216248631477356,-3.7941157817840576,9.359919548034668,1.5014054775238037,1.8229924440383911,-31.836334228515625
3486017046.0,-0.8578888177871704,-3.8200433254241934,8.848393440246582,1.6258138418197632,2.8078863620758057,-31.770198822021484
3486025379.0,-0.9485348463058472,-3.5653076171875,9.01101779937744,2.21942400932312,4.14420747756958,-31.89181327819824
3486033712.0,-0.8548676371574402,-3.8275978565216064,9.720775604248049,2.653022527694702,3.2756540775299072,-32.035587310791016
3486042045.0,-0.2751082479953766,-4.183664798736572,9.424816131591797,2.3127880096435547,2.2857651710510254,-32.279659271240234
3486050378.0,-0.1458694040775299,-4.320285320281982,8.964761734008789,2.6402406692504883,3.113079786300659,-32.18025588989258
3486058711.0,-0.6665551662445068,-3.949800491333008,8.886374473571777,3.427213191986084,5.441928386688232,-31.97265625
3486067044.0,-1.1168291568756104,-3.602534294128418,9.568086624145508,3.9284842014312735,6.14537239074707,-32.138858795166016
3486075377.0,-1.2823790311813354,-4.0540385246276855,10.155981063842772,3.528313159942627,4.603804588317871,-32.28432846069336
3486083710.0,-1.2720247507095337,-3.744410753250122,9.570838928222656,3.389918565750122,3.8595046997070312,-32.49533462524414
3486092043.0,-0.9211570620536804,-3.857655763626098,9.587316513061523,3.776387214660645,5.0514655113220215,-32.410247802734375
3486100376.0,-0.9252753257751464,-3.638538360595703,9.545575141906738,4.208422660827637,5.320517063140869,-32.569725036621094
3486108709.0,-1.0629936456680298,-3.829465389251709,9.873108863830566,4.022514820098877,4.879542350769043,-32.75645446777344
3486117042.0,-0.90253883600235,-3.921186447143554,9.534964561462402,3.791345834732056,4.765097618103027,-32.804962158203125
3486125375.0,-0.9211288094520568,-3.913290739059448,9.717774391174316,4.007582187652588,5.65885591506958,-32.71424102783203
3486133708.0,-1.200308084487915,-3.7871651649475098,9.906707763671877,4.490742206573486,6.383994102478027,-32.69546127319336
3486142041.0,-1.2645678520202637,-3.990427017211914,10.065698623657228,4.654060363769531,6.005366325378418,-32.96690368652344
3486150374.0,-1.2478930950164795,-4.02056884765625,9.999238014221191,4.699653148651123,4.946933746337891,-33.0467414855957
3486158707.0,-1.2923235893249512,-3.80844521522522,9.784283638000488,4.846397399902344,5.768356800079346,-33.091590881347656
3486167040.0,-1.319792628288269,-4.002186298370361,10.14919090270996,5.2682390213012695,6.413375854492188,-33.242225646972656
3486175373.0,-1.4624170064926147,-3.775303840637207,10.026187896728516,5.573458194732666,6.248112678527832,-33.54109573364258
3486183706.0,-1.361025094985962,-3.9444382190704346,10.113096237182615,5.544283390045166,5.736647129058838,-33.698036193847656
3486192039.0,-1.2120733261108398,-4.139093399047852,9.81371021270752,5.8233513832092285,5.219316005706787,-33.784481048583984
3486200372.0,-1.6647244691848757,-4.22062873840332,9.641406059265137,6.12242317199707,6.523184299468994,-33.853153228759766
3486208705.0,-1.585798740386963,-4.306368827819824,10.31336498260498,6.901174068450928,7.333055973052978,-33.78379440307617
3486217038.0,-1.352630376815796,-4.122794628143311,10.7057466506958,7.184596538543701,5.284350872039795,-33.92267608642578
3486225371.0,-1.5930978059768677,-3.7637999057769775,9.886028289794922,7.22027587890625,4.8173508644104,-34.16218948364258
3486233704.0,-1.5416961908340454,-3.71964430809021,9.70525360107422,7.5967020988464355,6.336276054382324,-34.223812103271484
3486242037.0,-1.6024739742279053,-3.404238224029541,10.502572059631348,7.73868465423584,6.527949333190918,-34.32130813598633
3486250370.0,-1.7914623022079468,-2.924206495285034,10.393248558044434,7.133137702941895,5.246390342712402,-34.330352783203125
3486258703.0,-1.7902435064315796,-2.7639784812927246,10.075512886047363,6.821411609649658,4.78039026260376,-34.481319427490234
3486267036.0,-1.938026428222656,-2.8652286529541016,9.763819694519045,6.661501884460449,5.113580226898193,-34.731597900390625
3486275369.0,-1.9412096738815308,-2.768808126449585,10.364706993103027,6.138636589050293,5.6411309242248535,-34.617557525634766
3486283702.0,-1.672574162483215,-2.8119006156921387,10.83871841430664,5.566850185394287,4.5898966789245605,-34.70344543457031
3486292035.0,-1.9232929944992063,-2.160019397735596,10.400256156921388,5.101438522338867,3.6216518878936768,-35.006103515625
3486300368.0,-1.8690605163574217,-2.003788471221924,10.016253471374512,4.920781135559082,4.70715856552124,-35.0048713684082
3486308701.0,-1.8333837985992432,-2.6769630908966064,10.600778579711914,4.413696765899658,4.079148292541504,-35.276824951171875
3486317034.0,-1.6758602857589722,-3.1004624366760254,10.261813163757324,3.630693435668945,3.1130294799804688,-35.08584213256836
3486325367.0,-1.871074080467224,-2.7245209217071533,9.888273239135742,3.4877140522003174,2.9000205993652344,-35.305606842041016
3486333700.0,-1.8435437679290767,-2.5586047172546387,9.61585521697998,3.7118911743164062,3.261669158935547,-35.50455856323242
3486342033.0,-1.942010760307312,-2.8359179496765137,9.772302627563477,3.483129978179932,2.6844003200531006,-35.62369155883789
3486350366.0,-1.908061146736145,-3.380370855331421,9.802911758422852,2.9059128761291504,1.970787048339844,-35.69502639770508
3486358699.0,-2.084293842315674,-3.5799901485443115,9.353422164916992,2.958165407180786,1.302177667617798,-35.7911262512207
3486367032.0,-2.223862409591675,-3.2018816471099854,9.216303825378418,3.7119932174682617,1.8790366649627688,-35.71794891357422
3486375365.0,-2.116041898727417,-3.571253061294556,9.524569511413574,3.5939626693725586,1.1875027418136597,-36.004573822021484
3486383698.0,-1.719342827796936,-3.597891330718994,9.641870498657228,3.469247579574585,-0.4418845176696777,-36.24289321899414
3486392031.0,-1.2720078229904177,-3.3531901836395264,9.44662094116211,3.3779067993164062,-0.8630084991455078,-36.26739883422852
3486400364.0,-1.4026130437850952,-3.3770289421081543,9.328694343566896,3.686123371124268,0.5235812067985535,-36.35454559326172
3486408697.0,-1.5139987468719482,-3.10987401008606,9.788254737854004,3.8867592811584473,1.054487943649292,-36.4249267578125
3486417030.0,-1.22244131565094,-3.043300151824951,10.170820236206056,3.690964698791504,-0.3097405135631561,-36.674110412597656
3486425363.0,-1.018789768218994,-3.3533737659454346,9.913227081298828,3.600520133972168,-1.2183552980422974,-36.814266204833984
3486433696.0,-1.3341679573059082,-3.402564287185669,9.38395881652832,3.6035680770874015,-0.0918911695480346,-36.87530517578125
3486442029.0,-1.3280386924743652,-3.444140911102295,9.834501266479492,3.825413942337036,1.08453369140625,-36.74424362182617
3486450362.0,-1.1835325956344604,-3.408810377120972,9.658475875854492,4.184217929840088,-0.7903152108192444,-37.11430740356445
3486458695.0,-1.1480454206466677,-3.992254495620728,9.138138771057127,3.912348985671997,-1.78122878074646,-37.09336471557617
3486467028.0,-1.2610336542129517,-4.235342979431152,8.17929458618164,4.0443644523620605,-0.5122469067573547,-37.01531982421875
3486475361.0,-1.504534125328064,-3.8597025871276855,8.842406272888184,4.559454441070557,0.7502034306526184,-37.137481689453125
3486483694.0,-1.418511152267456,-3.634625911712648,9.406761169433594,4.842198371887207,-0.3343302011489868,-37.34763717651367
3486492027.0,-0.9754013419151306,-4.052233695983887,9.36142635345459,4.395946025848389,-2.066622972488404,-37.50301361083984
3486500360.0,-0.9234319925308228,-3.9199724197387695,9.01218032836914,4.382345199584961,-1.4663783311843872,-37.45375442504883
3486508693.0,-0.9877241849899292,-3.723849296569824,9.111224174499512,4.898165702819824,0.473069965839386,-37.36818313598633
3486517026.0,-1.1353455781936646,-3.6287007331848153,9.701358795166016,5.526432037353516,0.1502276808023452,-37.44784164428711
3486525359.0,-1.0493083000183103,-3.6636149883270255,9.791882514953612,4.663538455963135,-1.4171222448349,-37.53631210327149
3486533692.0,-0.887294590473175,-3.886896848678589,9.419095039367676,4.587798118591309,-1.6574355363845823,-37.37653732299805
3486542025.0,-0.8576337695121765,-3.700533866882324,9.062435150146484,4.955003261566162,-0.4418845176696777,-37.553218841552734
3486550358.0,-0.9442595839500428,-3.643317699432373,9.51560878753662,5.3497700691223145,0.4582392573356628,-37.41226196289063
3486558691.0,-0.9347108006477356,-3.869891881942749,9.773879051208496,5.0334086418151855,-0.8276098370552063,-37.51930618286133
3486567024.0,-1.029551386833191,-3.6220779418945312,9.387508392333984,4.4774250984191895,-1.35833740234375,-37.68695068359375
3486575357.0,-0.9721643924713136,-3.4802865982055664,9.393601417541504,4.805211067199707,0.2236125320196151,-37.58085632324219
3486583690.0,-0.9981305599212646,-3.4885730743408203,9.914663314819336,5.197211742401123,0.540461003780365,-37.5364875793457
3486592023.0,-0.9755630493164062,-3.655593156814575,10.005658149719238,4.672426223754883,-0.5996171236038208,-37.62288665771485
3486600356.0,-1.0556232929229736,-3.3613076210021973,9.483792304992676,4.509879112243652,-0.9193859696388244,-37.678707122802734
3486608689.0,-0.8782917261123657,-3.744399309158325,9.482823371887209,4.73135232925415,-0.1649302691221237,-37.68596649169922
3486617022.0,-0.9700276851654052,-3.4358508586883545,9.624829292297363,5.030577659606934,0.3193970918655395,-37.56275939941406
3486625355.0,-1.0407522916793823,-3.581526756286621,9.925249099731444,4.71079683303833,-0.0749857723712921,-37.65058135986328
3486633688.0,-0.9561409950256348,-3.406651258468628,9.566567420959473,4.853903770446777,-0.8435674905776978,-37.649017333984375
3486642021.0,-1.0352272987365725,-3.389371871948242,9.524052619934082,4.872294425964356,-0.1651480048894882,-37.72117233276367
3486650354.0,-1.157705783843994,-3.711570978164673,10.030840873718262,4.850036144256592,0.332985520362854,-37.6749153137207
3486658687.0,-1.0971769094467163,-3.565032720565796,10.106890678405762,5.023701190948486,-0.0487823747098445,-37.680702209472656
3486667020.0,-1.0601565837860107,-3.365389823913574,10.175091743469238,5.187171936035156,-0.8449763655662537,-37.66631317138672
3486675353.0,-1.0021487474441528,-3.63863468170166,9.859188079833984,5.105513095855713,-0.3396836519241333,-37.65091323852539
3486683686.0,-0.9246169328689576,-3.582304000854492,10.004606246948242,5.437934398651123,-0.2041072994470596,-37.65424346923828
3486692019.0,-0.9486613273620604,-3.3738012313842773,10.12325954437256,5.473154544830322,-0.2284921109676361,-37.59371566772461
3486700352.0,-0.8811693787574768,-3.659546136856079,10.134163856506348,5.740413188934326,-0.7436974048614502,-37.475685119628906
3486708685.0,-1.0552587509155271,-3.3697972297668457,9.804082870483398,5.571308612823486,-0.5457760095596313,-37.52570724487305
3486717018.0,-1.0422675609588623,-3.3192131519317627,10.206575393676758,5.692309379577637,0.0645991787314415,-37.23736953735352
3486725351.0,-1.0824294090270996,-3.542240619659424,10.307448387145996,5.6433868408203125,-0.257948487997055,-37.18375778198242
3486733684.0,-1.0829821825027466,-3.4549636840820312,10.288341522216797,5.844280242919922,-0.5785367488861084,-37.20468521118164
3486742017.0,-0.9226699471473694,-3.736621141433716,10.298839569091797,6.071528434753418,-0.7706179618835449,-37.21700286865234
3486750350.0,-0.7980713248252869,-3.723935127258301,10.041175842285156,6.077342987060547,-0.689113438129425,-37.32425308227539
3486758683.0,-0.8700878620147705,-3.4033541679382324,10.14162826538086,6.347419738769531,-0.131670132279396,-37.23199081420898
3486767016.0,-0.9163709878921508,-3.383595943450928,10.316673278808594,6.492883682250977,-0.251211941242218,-37.113525390625
3486775349.0,-1.0003409385681152,-3.281403064727783,10.260703086853027,6.390759468078613,-0.6162920594215393,-37.25396728515625
3486783682.0,-0.9001418352127075,-3.347447156906128,10.153383255004885,6.265608787536621,-0.223830297589302,-37.32304763793945
3486792015.0,-0.8253566026687622,-3.5752594470977783,10.343483924865724,6.580305576324463,-0.1950398236513137,-37.092750549316406
3486800348.0,-0.9319660663604736,-3.292794942855835,10.213507652282717,6.789829254150391,-0.5013608336448669,-37.0211296081543
3486808681.0,-0.7951269149780273,-3.1886754035949707,10.177519798278809,6.793902397155762,-0.2472417205572128,-37.0455436706543
3486817014.0,-0.9073355197906494,-3.3891851902008057,10.038345336914062,6.734375,-0.2160435318946838,-37.13931274414063
3486825347.0,-1.107479453086853,-3.2448151111602783,10.2052001953125,6.65325403213501,0.4795246422290802,-37.14778900146485
3486833680.0,-0.8960848450660706,-3.2098169326782227,10.464163780212402,6.832297801971436,0.1958978921175003,-37.094512939453125
3486842013.0,-0.9419640898704528,-2.977854013442993,10.286879539489746,6.544573783874512,-0.4233654141426086,-37.308837890625
3486850346.0,-0.9411830306053162,-2.718094110488892,10.073904991149902,6.298445224761963,-0.0966298058629036,-37.26495361328125
3486858679.0,-0.804853618144989,-2.7332887649536133,10.15560245513916,5.967970371246338,0.1761236935853958,-37.35158157348633
3486867012.0,-1.0449552536010742,-2.76312518119812,10.109740257263184,5.874375820159912,0.1113964393734932,-37.389591217041016
3486875345.0,-1.1953521966934204,-2.766022205352783,10.178756713867188,5.480018138885498,0.3425651490688324,-37.318843841552734
3486883678.0,-0.9608606696128844,-2.9064419269561768,10.181507110595703,5.205804824829102,-0.3308850824832916,-37.40891647338867
3486892011.0,-0.9114904999732972,-2.830090284347534,9.97972297668457,4.939851760864258,-0.5037301182746887,-37.38183975219727
3486900344.0,-0.8992296457290649,-2.9047951698303223,9.78868293762207,4.751574993133545,0.3003016412258148,-37.32768249511719
3486908677.0,-0.9125288724899292,-3.208589553833008,10.03297233581543,4.694249629974365,0.2451797574758529,-37.43608093261719
3486917010.0,-0.9325379729270936,-3.094743013381958,9.92986297607422,4.426734924316406,-0.1458860486745834,-37.54724884033203
3486925343.0,-0.9074171185493468,-3.1836514472961426,9.71969509124756,4.1747918128967285,-0.1681192070245742,-37.62977600097656
3486933676.0,-0.8559131622314453,-3.169006109237671,9.533764839172363,4.435725212097168,0.1301204711198806,-37.68349075317383
3486942009.0,-0.945880115032196,-3.0496771335601807,9.68088436126709,4.414722442626953,0.4202277064323425,-37.74996948242188
3486950342.0,-0.8963562250137329,-3.4631001949310303,9.756422996520996,4.021286487579346,0.1471795737743377,-37.70485305786133
3486958675.0,-1.0372766256332395,-3.415440559387207,9.58182430267334,4.330194473266602,-0.1889180243015289,-37.69850158691406
3486967008.0,-1.1554913520812988,-3.453421831130981,9.54422378540039,4.368948936462402,0.3738146424293518,-37.67501831054688
3486975341.0,-1.0848329067230225,-3.405216217041016,9.623077392578123,4.803725242614746,0.1500996053218841,-37.65916061401367
3486983674.0,-1.129862666130066,-3.349050760269165,9.716018676757812,4.735821723937988,-0.4559980034828186,-37.59811782836914
3486992007.0,-0.8793268203735352,-3.3716020584106445,9.494443893432615,4.431472301483154,-0.36737260222435,-37.646732330322266
3487000340.0,-0.7594195604324341,-3.4377403259277344,9.379082679748535,4.576962947845459,-0.2688345611095428,-37.67801284790039
3487008673.0,-0.9970897436141968,-3.18105411529541,9.535573959350586,4.732132911682129,0.1237937361001968,-37.796653747558594
3487017006.0,-1.0571471452713013,-3.3792309761047363,9.705463409423828,4.530447006225586,0.1537368446588516,-37.72675704956055
3487025339.0,-1.136172890663147,-3.5084121227264404,9.74994945526123,4.697656631469727,-0.3017744719982147,-37.83425521850586
3487033672.0,-1.0085160732269287,-3.305048942565918,9.729520797729492,4.882283687591553,-0.4671913385391235,-37.79009246826172
3487042005.0,-0.8206588625907898,-3.4617836475372314,9.744085311889648,5.018667221069336,-0.3043231070041656,-37.72377014160156
3487050338.0,-0.8917237520217896,-3.572279214859009,9.52569580078125,5.203615665435791,-0.3555388450622558,-37.6681022644043
3487058671.0,-0.9256629347801208,-3.285468101501465,9.821757316589355,5.064274311065674,-0.094580702483654,-37.7037353515625
3487067004.0,-0.8043728470802307,-3.20343017578125,9.90106201171875,5.173083305358887,-0.3300014436244964,-37.88964080810547
3487075337.0,-0.8066506385803223,-3.182677745819092,9.875123977661133,5.126233577728272,-0.2796437442302704,-37.798622131347656
3487083670.0,-0.8436102271080017,-3.166917562484741,10.08659839630127,4.905336856842041,0.1561957895755767,-37.77191162109375
3487092003.0,-0.7852669954299927,-3.034901857376098,10.058394432067873,4.816532135009766,0.1929522603750229,-37.89596176147461
3487100336.0,-0.8259202241897583,-3.090254783630371,10.028180122375488,4.933128356933594,0.2223062366247177,-37.80976867675781
3487108669.0,-0.7298174500465393,-3.212274074554444,10.280136108398438,4.811639308929443,0.1503301113843917,-37.8527717590332
3487117002.0,-0.7915428280830383,-3.259251356124878,10.088740348815918,4.783285140991211,0.2041201144456863,-37.925907135009766
3487125335.0,-0.9140588641166688,-3.154146432876587,10.159425735473633,4.893221855163574,0.6765753030776978,-37.93003082275391
3487133668.0,-0.7012852430343628,-3.150308132171631,10.228341102600098,4.8313889503479,0.6111564040184021,-38.01129913330078
3487142001.0,-0.6797115802764893,-3.1972029209136963,9.988308906555176,4.802342414855957,0.17889004945755,-38.045166015625
3487150334.0,-0.7288945317268372,-3.316423416137696,9.916850090026855,4.788484573364258,1.0304619073867798,-38.12290191650391
3487158667.0,-0.6347067952156067,-3.208343267440796,10.00997543334961,4.901341438293457,1.3513574600219729,-38.18711853027344
3487167000.0,-0.9669436812400818,-3.0065126419067383,10.277666091918944,4.848165512084961,1.223362922668457,-38.14436721801758
3487175333.0,-1.097678303718567,-2.759249210357666,10.090991973876951,4.613911151885986,1.519528031349182,-38.19115829467773
3487183666.0,-0.8994914889335632,-2.9627938270568848,10.362751007080078,4.618098735809326,1.0531306266784668,-38.25338745117188
3487191999.0,-0.9582660794258118,-3.2175612449646,10.190110206604004,4.343692779541016,0.9869177341461182,-38.14316940307617
3487200332.0,-0.9164515733718872,-3.305696725845337,10.135958671569824,4.12878942489624,1.3614494800567627,-38.18089294433594
3487208665.0,-0.8814460635185242,-3.3476357460021973,10.190831184387209,4.468536853790283,1.2685720920562744,-38.09505844116211
3487216998.0,-0.8744435906410217,-3.1586661338806152,10.08180332183838,4.343040466308594,0.9463832378387452,-37.98188781738281
3487225331.0,-0.7486962676048279,-3.4815683364868164,10.075958251953123,4.159245014190674,1.0063846111297607,-38.09040069580078
3487233664.0,-0.7694776654243469,-3.597180128097534,10.055731773376465,4.281040191650391,1.4907503128051758,-37.92374801635742
3487241997.0,-0.8693574666976929,-3.395972967147827,10.09953784942627,4.33850622177124,1.8315609693527224,-37.86897659301758
3487250330.0,-0.920889675617218,-3.422882080078125,10.145770072937012,4.670352458953857,1.3385504484176636,-37.911354064941406
3487258663.0,-1.0949240922927856,-3.4794740676879883,9.998528480529783,4.286803722381592,1.1398348808288574,-37.97751998901367
3487266996.0,-0.9239100217819214,-3.2480435371398926,9.978304862976074,4.340671062469482,1.508936643600464,-37.755706787109375
3487275329.0,-0.8321225643157959,-3.3699636459350586,10.028112411499023,4.514898777008057,1.1876055002212524,-37.76072311401367
3487283662.0,-0.924315869808197,-3.268735885620117,9.834117889404297,4.445971012115479,1.1830205917358398,-37.81366729736328
3487291995.0,-0.8617403507232666,-3.212840795516968,9.736265182495115,4.274125099182129,1.5196176767349243,-37.74419784545898
3487300328.0,-0.9126394987106324,-3.2909982204437256,9.984098434448242,4.230349540710449,1.502199649810791,-37.803592681884766
3487308661.0,-0.9221906661987304,-3.1553025245666504,9.609637260437012,4.199408054351807,1.5968703031539917,-37.64386749267578
3487316994.0,-0.9180883169174194,-3.3362457752227783,9.928889274597168,4.330604076385498,1.275667428970337,-37.7333869934082
3487325327.0,-1.0956836938858032,-3.6754651069641113,9.469520568847656,4.150459289550781,1.273618221282959,-37.6992416381836
3487333660.0,-1.272119402885437,-3.679287910461426,9.554437637329102,4.222038745880127,1.616350173950195,-37.736454010009766
3487341993.0,-1.0091948509216309,-3.504334688186645,9.753368377685549,4.637065887451172,1.0627230405807495,-37.76003646850586
3487350326.0,-1.1280845403671265,-3.4871740341186523,9.715996742248535,4.655226230621338,0.5683165192604065,-37.77432632446289
3487358659.0,-1.2790254354476929,-3.1266865730285645,9.365053176879885,4.527731418609619,1.296158790588379,-37.9234733581543
3487366992.0,-1.0589381456375122,-3.2859575748443604,9.920987129211426,4.614102840423584,1.2970809936523438,-37.99271011352539
3487375325.0,-1.1743108034133911,-3.446354627609253,9.958520889282228,4.523941040039063,0.4959178566932678,-38.084129333496094
3487383658.0,-1.0223989486694336,-3.545953750610352,9.714425086975098,4.377042770385742,0.5029873847961426,-38.221466064453125
3487391991.0,-1.019686222076416,-3.346932411193848,9.599686622619627,4.806529998779297,0.7483080625534058,-38.203834533691406
3487400324.0,-1.170527458190918,-3.1923980712890625,9.873759269714355,4.8747406005859375,1.2420228719711304,-38.3177375793457
3487408657.0,-1.0298519134521484,-3.341169595718384,10.139917373657228,4.83309268951416,0.7154961824417114,-38.26482772827149
3487416990.0,-1.004823923110962,-3.382951498031616,9.708094596862791,4.645505905151367,0.0371150746941566,-38.47963333129883
3487425323.0,-1.1074424982070925,-3.031428575515747,9.576959609985352,4.840814590454102,0.7663019895553589,-38.51469802856445
3487433656.0,-1.0019841194152832,-3.3043253421783447,9.949804306030272,4.75890064239502,0.8641228675842285,-38.65396881103516
3487441989.0,-1.1372979879379272,-3.315593957901001,9.879816055297852,4.469447135925293,0.3150939345359802,-38.80413055419922
3487450322.0,-1.1563247442245483,-2.9808173179626465,9.90135383605957,4.332640647888184,0.3373526930809021,-38.853641510009766
3487458655.0,-1.0133204460144043,-3.0345263481140137,9.819639205932615,4.4033613204956055,0.445803552865982,-38.919803619384766
3487466988.0,-1.2095659971237185,-3.134878158569336,9.950814247131348,4.306053161621094,0.4016189575195312,-39.08952713012695
3487475321.0,-1.2487891912460327,-3.158203125,9.98813533782959,3.6783626079559326,0.7282136678695679,-39.08825302124024
3487483654.0,-1.2117609977722168,-3.103458881378174,10.241074562072754,3.778873443603516,0.2777867615222931,-39.10296630859375
3487491987.0,-1.1509239673614502,-3.001872539520264,10.057230949401855,3.8419477939605713,0.0475272722542285,-39.307525634765625
3487500320.0,-0.9778173565864564,-3.250261783599853,10.091750144958496,3.6139817237854,-0.2079878747463226,-39.38852310180664
3487508653.0,-0.8998439311981201,-3.5583620071411133,9.792763710021973,3.1730573177337646,0.0838995426893234,-39.39899826049805
3487516986.0,-1.0635793209075928,-3.379096746444702,9.895541191101074,3.354521989822388,0.4946372509002685,-39.57783126831055
3487525319.0,-0.9832010865211488,-3.36918044090271,9.9788236618042,3.653977870941162,0.3838042318820953,-39.71842575073242
3487533652.0,-0.9761806726455688,-3.4549410343170166,9.939923286437988,3.612316846847534,-0.3872621655464172,-39.868770599365234
3487541985.0,-0.9970964789390564,-3.578897714614868,9.75896453857422,3.26400113105774,0.074793666601181,-39.69173049926758
3487550318.0,-0.9643454551696776,-3.4312944412231445,9.974672317504885,3.427164077758789,0.3861095309257507,-39.82938766479492
3487558651.0,-1.041379690170288,-3.6847329139709473,9.948795318603516,3.721856355667114,0.2036334872245788,-39.86381149291992
3487566984.0,-0.9639087915420532,-3.5876832008361816,9.839188575744627,3.5780704021453857,-0.1966407299041748,-40.04386520385742
3487575317.0,-0.9458481669425964,-3.703841209411621,9.743762969970703,3.600738763809204,-0.0805824995040893,-40.09328079223633
3487583650.0,-0.924159049987793,-3.777589082717896,9.812455177307127,3.75871515274048,0.039676509797573,-40.02716827392578
3487591983.0,-0.8193281292915344,-3.5421218872070312,10.059746742248535,3.830793619155884,0.3014287650585174,-40.08222198486328
3487600316.0,-0.8376725316047668,-3.5851075649261475,9.85130214691162,3.772739171981812,-0.3129295706748962,-40.07048416137695
3487608649.0,-0.9445852637290956,-3.325670003890991,9.747211456298828,3.72291898727417,-0.1664159148931503,-40.3011589050293
3487616982.0,-0.7019766569137573,-3.411730527877808,9.77338695526123,3.3145506381988525,0.5260018110275269,-40.22803497314453
3487625315.0,-0.5830490589141846,-3.502410888671875,10.171883583068848,3.6207435131073,0.1732164919376373,-40.06783676147461
3487633648.0,-0.9401323795318604,-3.4920859336853027,9.884389877319336,3.154705286026001,0.3248914182186126,-40.15873718261719
3487641981.0,-1.0035516023635864,-3.482389211654663,9.801239013671877,3.2633352279663086,0.7457595467567444,-40.11613845825195
3487650314.0,-0.6608591675758362,-3.5811378955841064,9.895525932312012,3.51084566116333,0.4355963170528412,-40.14902877807617
3487658647.0,-0.7829894423484802,-3.808049201965332,10.104896545410156,3.2120296955108643,0.0613205656409263,-40.39761352539063
3487666980.0,-0.6411850452423096,-3.797187089920044,9.531464576721191,3.292112350463867,0.4213419556617737,-40.35945892333984
3487675313.0,-0.7454578876495361,-3.5150012969970703,9.745194435119627,3.831242322921753,0.8328352570533752,-40.51224899291992
3487683646.0,-0.7789167761802673,-3.592890977859497,9.85508632659912,3.709702014923096,0.9387757778167723,-40.592750549316406
3487691979.0,-0.6451067924499512,-3.77779483795166,9.780346870422363,3.336514949798584,0.4767327904701233,-40.67347717285156
3487700312.0,-0.7839327454566956,-3.849149465560913,9.731592178344728,3.7062695026397705,0.8506627082824707,-40.68503952026367
3487708645.0,-0.969383716583252,-3.46252703666687,9.806473731994627,3.886337995529175,1.6319491863250732,-40.78152847290039
3487716978.0,-0.9041478633880616,-3.340040922164917,10.061198234558104,3.9966847896575928,1.1358009576797483,-40.825469970703125
3487725311.0,-1.006028413772583,-3.313161849975586,10.04921054840088,3.689748525619507,0.5805345773696899,-41.002532958984375
3487733644.0,-0.9838303327560424,-3.331646203994751,9.826006889343262,3.430852174758911,0.9689366221427916,-41.026798248291016
3487741977.0,-0.9287967085838318,-3.5425076484680176,9.842010498046877,3.7757742404937744,1.265396237373352,-41.07104110717773
3487750310.0,-0.9047556519508362,-3.553748369216919,10.011436462402344,3.68823766708374,0.8133940696716309,-41.17898941040039
3487758643.0,-0.7476360201835632,-3.6589319705963135,9.93429183959961,3.5158281326293945,0.5760266184806824,-41.37163925170898
3487766976.0,-0.8285307884216309,-3.5077338218688965,9.68964672088623,3.61354660987854,0.9495083689689636,-41.35189056396485
3487775309.0,-1.0783923864364624,-3.3219873905181885,10.07424545288086,3.69146466255188,1.8882713317871087,-41.36349105834961
3487783642.0,-1.115087628364563,-3.3345088958740234,10.213772773742676,3.552853584289551,1.512189865112305,-41.37974548339844
3487791975.0,-1.138863444328308,-3.618867874145508,10.2664213180542,3.358838081359864,0.4513362944126129,-41.51469421386719
3487800308.0,-1.1411399841308594,-3.508289337158203,9.871049880981444,3.160096883773804,0.7868577241897583,-41.705108642578125
3487808641.0,-1.0240468978881836,-3.316955804824829,10.09939193725586,3.199209690093994,1.145354986190796,-41.71714401245117
3487816974.0,-1.1633073091506958,-3.2731142044067383,10.16177463531494,3.166910409927368,0.7611922025680542,-41.75871658325195
3487825307.0,-1.1350363492965698,-3.199625253677368,10.208170890808104,2.836063861846924,0.4015293419361114,-41.83588409423828
3487833640.0,-1.0266624689102173,-3.4196197986602783,10.131128311157228,2.527859926223755,0.3124813139438629,-41.84506607055664
3487841973.0,-1.076740264892578,-3.355630397796631,9.836933135986328,2.4161946773529053,0.6791881322860718,-41.8831672668457
3487850306.0,-0.9941951632499696,-3.512021780014038,10.2040433883667,2.358254909515381,0.8672736287117004,-41.78290939331055
3487858639.0,-1.0580270290374756,-3.7057178020477295,10.049697875976562,2.177725553512573,-0.0285214968025684,-41.905120849609375
3487866972.0,-1.2133769989013672,-3.5828962326049805,9.989481925964355,2.081582546234131,0.1628427505493164,-41.93228530883789
3487875305.0,-1.0472359657287598,-3.903330564498901,10.01823902130127,2.0764853954315186,0.3790529072284698,-41.969482421875
3487883638.0,-1.070627212524414,-3.7047953605651855,9.991141319274902,2.1940929889678955,-0.392141729593277,-41.900047302246094
3487891971.0,-0.910411298274994,-3.893763303756714,9.78012752532959,2.1653411388397217,-0.3784509003162384,-41.888916015625
3487900304.0,-0.6941187381744385,-4.032167911529541,9.732748985290527,2.3714847564697266,-0.467050701379776,-42.157691955566406
3487908637.0,-0.876135528087616,-3.8440260887146,9.791316032409668,2.377504348754883,0.2735220491886139,-42.06998825073242
3487916970.0,-0.8540349006652832,-3.8484838008880615,10.081405639648438,2.429296493530273,0.4293849170207977,-42.07247161865234
3487925303.0,-1.024547815322876,-3.754860877990722,10.007519721984863,2.4620184898376465,-0.1425306349992752,-42.09648895263672
3487933636.0,-1.0623310804367063,-3.8649868965148926,10.05215072631836,2.635708808898926,-0.2619956135749817,-42.20088958740234
3487941969.0,-0.7595847249031067,-3.950163125991821,10.095064163208008,2.490796089172364,-0.2185409963130951,-42.19667434692383
3487950302.0,-0.9408357739448548,-3.82921314239502,10.048369407653809,2.555779457092285,-0.3542454540729522,-42.14139938354492
3487958635.0,-0.8784610033035278,-3.5718367099761963,9.878305435180664,2.792020320892334,0.0438900701701641,-42.24629592895508
3487966968.0,-0.6454187035560608,-3.935100793838501,9.983199119567873,3.034970998764038,-0.7503958344459534,-42.27018356323242
3487975301.0,-0.6084639430046082,-4.070067882537842,9.615503311157228,2.473275899887085,-0.7018823623657227,-42.35684585571289
3487983634.0,-0.4380804896354675,-4.125815391540527,9.67885971069336,2.8749845027923584,0.2744697332382202,-42.42935562133789
3487991967.0,-0.5749967098236084,-4.07843542098999,9.728062629699709,3.1974682807922363,0.1644820868968963,-42.52264404296875
3488000300.0,-0.6348370909690857,-3.973414897918701,9.756718635559082,3.243715047836304,0.2380078434944152,-42.57575225830078
3488008633.0,-0.4058890342712402,-4.206693649291992,9.855463027954102,3.1305763721466064,-0.12647046148777,-42.60897064208984
3488016966.0,-0.7062341570854187,-4.032164573669434,9.577417373657228,3.2774105072021484,0.4898346066474914,-42.70025253295898
3488025299.0,-0.427856832742691,-4.076462268829346,9.817745208740234,3.905062437057495,0.7964374423027039,-42.6495361328125
3488033632.0,-0.481678307056427,-4.17399787902832,9.983872413635254,3.884148836135864,0.1771739572286605,-42.9083366394043
3488041965.0,-0.3583128452301025,-4.105131149291992,9.359041213989258,3.860353708267212,0.3654132783412933,-42.91650772094727
3488050298.0,-0.3618608713150024,-4.150513172149658,9.573493957519531,4.122041702270508,1.1130812168121338,-42.8200798034668
3488058631.0,-0.5911123752593994,-3.71161150932312,9.654595375061035,4.294860363006592,1.2329046726226809,-42.846378326416016
3488066964.0,-0.4929284751415252,-3.823934316635132,9.86706829071045,4.216020584106445,0.9114969968795776,-43.06597518920898
3488075297.0,-0.4530487954616546,-3.622315406799317,9.73202133178711,4.047682762145996,0.6895747184753418,-43.22309112548828
3488083630.0,-0.7497806549072266,-3.4357526302337646,9.697020530700684,3.90880298614502,1.4283673763275146,-43.20424270629883
3488091963.0,-0.7322883009910583,-3.493604183197021,10.03262424468994,3.989884853363037,1.774121642112732,-43.22809982299805
3488100296.0,-0.7420856952667236,-3.4740092754364014,9.992837905883787,3.6308753490448,0.541152834892273,-43.34444427490234
3488108629.0,-0.5446099638938904,-3.525968551635742,9.776506423950195,3.3160884380340576,0.4817661046981811,-43.3271369934082
3488116962.0,-0.4545997977256775,-3.600771903991699,9.598674774169922,3.154692888259888,0.8847811818122864,-43.29911804199219
3488125295.0,-0.6962833404541016,-3.488830327987671,9.641911506652832,3.311708211898804,1.5854084491729736,-43.366737365722656
3488133628.0,-0.5638599991798401,-3.76543927192688,9.989131927490234,3.09024715423584,0.8722302317619324,-43.42811584472656
3488141961.0,-0.6400681138038635,-3.771042585372925,9.72347927093506,2.692278385162353,0.2536966204643249,-43.4156379699707
3488150294.0,-0.6471160650253296,-3.904839992523194,9.464638710021973,2.885781526565552,1.0442684888839722,-43.4210319519043
3488158627.0,-0.3791248202323913,-3.874282836914064,9.973072052001951,3.1905150413513184,1.1775397062301636,-43.41427612304688
3488166960.0,-0.7088295817375183,-3.741328001022339,9.922462463378906,3.2087388038635254,0.6288433074951172,-43.432952880859375
3488175293.0,-0.6691907644271851,-4.135985374450684,9.737781524658203,3.053759813308716,0.4953545033931732,-43.380638122558594
3488183626.0,-0.6166316866874695,-3.942946195602417,9.686952590942385,2.9392640590667725,0.4479424953460693,-43.33632278442383
3488191959.0,-0.3654207289218902,-4.070481300354004,9.978830337524414,3.1934988498687744,0.6411893963813782,-43.38044357299805
3488200292.0,-0.1496275663375854,-4.180931091308594,9.759004592895508,3.3042030334472656,0.1926833987236023,-43.51576232910156
3488208625.0,-0.3010182380676269,-4.111714839935303,9.51860809326172,3.3095569610595703,0.4805366396903991,-43.4512939453125
3488216958.0,-0.2783412933349609,-4.45264196395874,9.777904510498049,3.25128436088562,1.1947652101516724,-43.394020080566406
3488225291.0,-0.4086201786994934,-4.427446365356445,9.680118560791016,3.565904378890991,1.1661028861999512,-43.35328674316406
3488233624.0,-0.3920676410198211,-4.496573448181152,9.865580558776855,4.088385105133057,1.0045535564422607,-43.30035400390625
3488241957.0,-0.3470611274242401,-4.6208906173706055,9.79622745513916,4.254262924194336,0.6997693181037903,-43.32096862792969
3488250290.0,-0.4453155696392059,-4.300511837005615,9.560888290405272,4.517090797424316,1.0495578050613403,-43.15437316894531
3488258623.0,-0.4451136291027069,-4.368578433990479,9.778603553771973,4.708391189575195,1.524561882019043,-43.17256927490234
3488266956.0,-0.6176710724830627,-4.080310344696045,10.093579292297363,4.66127347946167,1.0859812498092651,-43.26315689086914
3488275289.0,-0.4262489378452301,-3.843657732009888,9.944658279418944,4.597493648529053,0.9784014225006104,-43.25201416015625
3488283622.0,-0.2433558851480484,-3.9272806644439697,9.951526641845703,4.4884538650512695,0.9814494252204896,-43.23077392578125
3488291955.0,-0.2226638346910476,-3.744459867477417,9.74675750732422,4.416170120239258,1.4907124042510986,-43.375755310058594
3488300288.0,-0.2783311307430267,-3.836268424987793,10.220014572143556,4.123245716094971,1.8903976678848269,-43.41543197631836
3488308621.0,-0.3309020698070526,-3.47236967086792,9.992993354797363,3.908546447753906,1.831920146942139,-43.43983840942383
3488316954.0,-0.6481515765190125,-3.382880210876465,10.244437217712402,3.746805429458618,1.8404881954193115,-43.488162994384766
3488325287.0,-0.6102049946784973,-3.453263759613037,10.157914161682127,3.442981719970703,2.131709814071656,-43.64898300170898
3488333620.0,-0.610142171382904,-3.44510555267334,10.34955883026123,3.2050764560699463,1.7435766458511353,-43.6646614074707
3488341953.0,-0.1897115558385849,-3.5718038082122803,10.012094497680664,2.976161479949951,1.4855128526687622,-43.75689697265625
3488350286.0,0.0341451540589332,-3.88416051864624,9.931219100952148,2.76548433303833,1.5334627628326416,-43.74736785888672
3488358619.0,-0.0959697589278221,-3.940518140792847,9.403827667236328,2.779238700866699,2.538541316986084,-43.977027893066406
3488366952.0,-0.1463213115930557,-4.192628383636475,9.829365730285645,3.042527675628662,3.1538984775543213,-43.983245849609375
3488375285.0,-0.7637825012207031,-4.115618705749512,9.954105377197266,3.0337300300598145,3.018796682357788,-44.16797256469727
3488383618.0,-0.4466394186019897,-4.244512557983398,10.15835952758789,3.2000045776367188,3.0687825679779053,-44.11885452270508
3488391951.0,-0.4799350500106811,-4.2854084968566895,10.323628425598145,3.32349157333374,2.327044725418091,-44.42891693115234
3488400284.0,-0.2396650314331054,-4.154711723327637,9.730103492736816,3.594234704971313,2.8467841148376465,-44.51293182373047
3488408617.0,-0.0764839202165603,-4.529572010040283,9.91417121887207,3.763749361038208,2.82262921333313,-44.70426940917969
3488416950.0,-0.5052230954170227,-4.428272247314453,9.46776008605957,3.866693019866944,3.3170619010925293,-44.6173095703125
3488425283.0,-0.4859988987445831,-4.385562896728516,9.584307670593262,4.111720085144043,3.711881399154663,-44.68737030029297
3488433616.0,-0.4829294979572296,-4.312521457672119,9.910279273986816,4.265225410461426,2.988686800003052,-44.81878662109375
3488441949.0,-0.4661695957183838,-4.360930442810059,9.562119483947754,4.346256256103516,3.3301894664764404,-44.89533996582031
3488450282.0,-0.3258738219738006,-4.313969135284424,9.869478225708008,4.4559502601623535,3.672306776046753,-45.031959533691406
3488458615.0,-0.6574671268463135,-4.074502944946289,9.80595874786377,4.511532783508301,3.889925479888916,-44.95813751220703
3488466948.0,-0.6833484172821045,-4.234920501708984,9.958099365234377,4.435150623321533,3.5847058296203613,-44.835899353027344
3488475281.0,-0.5863949060440063,-4.292932033538818,9.959373474121094,4.365224838256836,2.942325592041016,-45.05603790283203
3488483614.0,-0.4360471963882446,-4.290987014770508,9.769155502319336,4.233745098114014,3.2456750869750977,-44.82212066650391
3488491947.0,-0.303860992193222,-4.301116466522217,9.838811874389648,4.411278247833252,3.333301305770874,-44.86889266967773
3488500280.0,-0.5832676887512207,-3.945436000823975,9.70896339416504,4.425481796264648,3.38344144821167,-44.942626953125
3488508613.0,-0.6758323907852173,-4.21727991104126,9.651004791259766,4.153419494628906,3.4344522953033447,-44.82450485229492
3488516946.0,-0.8702454566955566,-4.312416076660156,9.61030101776123,3.955165386199951,3.170317888259888,-44.78308868408203
3488525279.0,-0.9619132280349731,-4.490933895111084,9.507573127746582,3.883086442947388,3.5650084018707275,-44.75216674804688
3488533612.0,-0.7477701306343079,-4.701922416687012,9.843589782714844,4.103522777557373,2.940096855163574,-44.70170974731445
3488541945.0,-0.7957519888877869,-4.562914371490479,9.63814640045166,4.206851005554199,2.1571192741394043,-44.65764999389648
3488550278.0,-0.6806582808494568,-4.526360988616943,9.372182846069336,4.317939758300781,2.412954807281494,-44.70108795166016
3488558611.0,-0.8311902284622192,-4.442886829376221,9.455567359924316,4.449366569519043,2.316312313079834,-44.689849853515625
3488566944.0,-0.8426935076713562,-4.479183673858643,9.423449516296388,4.5828938484191895,2.361854314804077,-44.626094818115234
3488575277.0,-0.5526469945907593,-4.667577743530273,9.652588844299316,4.556281089782715,1.6249570846557615,-44.54605102539063
3488583610.0,-0.6827983260154724,-4.605096340179443,9.243385314941406,4.674439907073975,1.4882535934448242,-44.71402740478516
3488591943.0,-0.5194160342216492,-4.519061088562012,9.395286560058594,5.106527805328369,2.227686882019043,-44.69825744628906
3488600276.0,-0.7602828145027161,-4.258214950561523,9.820877075195312,5.053889751434326,1.994289517402649,-44.71316146850586
3488608609.0,-0.6404659152030945,-4.214259147644043,9.930697441101074,4.800487518310547,1.8535135984420776,-44.78836441040039
3488616942.0,-0.4158205091953277,-4.127089977264404,10.03627586364746,4.548494338989258,1.2170242071151731,-45.02217102050781
3488625275.0,-0.5273143649101257,-3.956414222717285,9.617758750915527,4.76611328125,1.870444297790528,-44.769561767578125
3488633608.0,-0.308211088180542,-4.130874633789063,9.841818809509276,4.764832496643066,2.143057346343994,-44.89005279541016
3488641941.0,-0.2034889608621597,-4.030226707458496,9.963254928588867,4.493474960327148,1.733920335769653,-44.94076919555664
3488650274.0,-0.2829355001449585,-3.941215753555298,9.676390647888184,4.3474225997924805,2.05507230758667,-44.94740676879883
3488658607.0,-0.2758368253707886,-3.755836963653565,10.033536911010742,4.442963600158691,2.638719081878662,-45.15026473999024
3488666940.0,-0.5305379629135132,-3.3649942874908447,9.933993339538574,4.307899475097656,2.747580051422119,-45.37498092651367
3488675273.0,-0.4983012974262237,-3.6791913509368896,10.310978889465332,3.835188388824463,2.552553415298462,-45.353397369384766
3488683606.0,-0.4471712708473205,-3.74001145362854,9.892793655395508,3.4249749183654785,2.33624005317688,-45.51524353027344
3488691939.0,-0.208588421344757,-3.9063737392425537,9.713094711303713,3.6714870929718018,2.6826987266540527,-45.58776092529297
3488700272.0,-0.2271326035261154,-4.093279838562012,9.861695289611816,3.4698007106781006,2.7873847484588623,-45.68675994873047
3488708605.0,-0.752730131149292,-4.010488033294678,9.494516372680664,3.278486728668213,3.229461431503296,-45.79490280151367
3488716938.0,-0.6904467940330505,-4.138453006744385,9.70045280456543,3.377537727355957,3.03317928314209,-45.88519287109375
3488725271.0,-0.7920735478401184,-4.151118755340576,9.62727165222168,3.483170986175537,2.1567094326019287,-46.24356460571289
3488733604.0,-0.7126367092132568,-4.368634223937988,9.26591968536377,3.3686490058898926,2.2956671714782715,-46.12381362915039
3488741937.0,-0.4698006510734558,-4.438336849212647,9.362614631652832,3.5326836109161377,2.179839611053467,-46.24650955200195
3488750270.0,-1.0131829977035522,-4.259849548339844,9.314611434936523,3.645719289779663,2.4847779273986816,-46.28007125854492
3488758603.0,-0.8078086376190186,-4.3056321144104,9.756845474243164,3.8802950382232666,2.217415809631348,-46.13122177124024
3488766936.0,-0.816965639591217,-4.3997883796691895,9.963269233703612,3.4619622230529785,1.330854058265686,-46.20798873901367
3488775269.0,-0.6439318060874939,-4.304419994354248,9.7075777053833,3.366011381149292,1.3227343559265137,-46.18944549560547
3488783602.0,-0.3554160296916961,-4.245097160339356,9.904755592346191,3.532196521759033,1.4628701210021973,-46.307315826416016
3488791935.0,-0.801834762096405,-4.217009544372559,10.00378704071045,3.305100440979004,1.889219880104065,-46.27558517456055
3488800268.0,-0.3942019641399383,-4.117343902587891,10.276817321777344,3.106550931930542,1.701966404914856,-46.14623641967773
3488808601.0,-0.7664251327514648,-4.061124801635742,10.610107421875,2.723451614379883,1.0256597995758057,-46.25591278076172
3488816934.0,-0.4522795081138611,-3.919153451919556,9.899802207946776,2.653755187988281,1.5809775590896606,-46.08448028564453
3488825267.0,-0.3249798417091369,-4.364487171173096,10.56566333770752,2.7763452529907227,1.287412405014038,-46.08581161499024
3488833600.0,-0.4856276214122772,-4.405102252960205,10.056737899780272,2.506626844406128,1.493146538734436,-46.043548583984375
3488841933.0,-0.3342816531658172,-4.3802876472473145,10.25880241394043,2.681649208068848,1.4864355325698853,-46.05866241455078
3488850266.0,-0.6837412118911743,-4.281962394714356,10.242594718933104,2.733543634414673,1.4995242357254028,-46.09031677246094
3488858599.0,-0.7993351817131042,-4.352173328399658,10.10838222503662,2.564105033874512,1.525881290435791,-46.02080154418945
3488866932.0,-0.7139668464660645,-4.417666435241699,10.202932357788086,2.582496166229248,1.1875678300857544,-46.05419921875
3488875265.0,-0.4849787950515747,-4.452117919921875,9.918848037719728,2.531113862991333,0.8962053656578064,-46.06480407714844
3488883598.0,-0.2582108676433563,-4.777747631072998,9.964506149291992,2.609570503234864,0.8412627577781677,-46.158912658691406
3488891931.0,-0.3648100197315216,-4.612133502960205,9.31478786468506,2.5369536876678467,1.3713501691818235,-46.07389068603516
3488900264.0,-0.6144266724586487,-4.748998165130615,9.78260612487793,3.086226463317871,1.758689284324646,-46.06836318969727
3488908597.0,-0.7544741630554199,-5.09980583190918,9.737377166748049,2.954953193664551,1.2226593494415283,-46.21728515625
3488916930.0,-0.6402110457420349,-5.053020477294922,9.6322021484375,3.3577377796173096,0.7209011316299438,-46.07878494262695
3488925263.0,-0.3552197217941284,-5.260397434234619,9.71448802947998,4.013002395629883,0.5707758665084839,-45.84920501708984
3488933596.0,-0.5468404293060303,-5.161622524261475,9.349041938781738,4.223321437835693,0.7396508455276489,-45.98786163330078
3488941929.0,-0.3912955820560455,-5.385646820068359,9.59659194946289,4.648467063903809,1.1337265968322754,-45.82623291015625
3488950262.0,-0.4665867388248443,-5.29410982131958,9.66352367401123,5.044361114501953,0.6753845810890198,-45.97392272949219
3488958595.0,-0.3563230037689209,-5.071850299835205,9.541102409362791,5.5570573806762695,0.8273798227310181,-45.7985725402832
3488966928.0,-0.1474291235208511,-5.163344383239746,9.815214157104492,5.696091175079346,0.855401873588562,-45.99121475219727
3488975261.0,-0.3820741176605224,-4.644546508789063,9.592551231384276,5.593633651733398,1.2696614265441897,-45.97976303100586
3488983594.0,-0.2193712145090103,-4.4773664474487305,9.83002758026123,5.7354350090026855,1.5054410696029663,-46.02996826171875
3488991927.0,-0.4717165231704712,-4.173512935638428,9.66977310180664,5.448119640350342,1.023866891860962,-46.13755035400391
3489000260.0,-0.5512142777442932,-4.4367780685424805,9.53138828277588,5.107423782348633,1.4012677669525146,-45.910064697265625
3489008593.0,-0.497961014509201,-4.406552314758301,9.631104469299316,4.856634140014648,1.2156665325164795,-46.02494430541992
3489016926.0,-0.4723344147205353,-4.204778671264648,9.47808837890625,4.671596527099609,1.1963791847229004,-46.03155517578125
3489025259.0,-0.2323746979236602,-4.477232933044434,9.54054832458496,4.623749256134033,1.047355055809021,-46.02312469482422
3489033592.0,-0.3300469219684601,-4.415336608886719,9.39380931854248,4.331925868988037,1.1512211561203003,-45.95645523071289
3489041925.0,-0.380928099155426,-4.705798625946045,9.50557804107666,4.477773666381836,1.507669448852539,-45.93498611450195
3489050258.0,-0.3792389929294586,-4.7128520011901855,9.688325881958008,4.537326812744141,1.4213749170303345,-46.02051162719727
3489058591.0,-0.1400449723005294,-4.533942699432373,9.480587005615234,4.567270278930664,0.9364455342292786,-45.92211532592773
3489066924.0,-0.0779324620962143,-4.481099605560303,9.296515464782717,4.604462146759033,0.6575570702552795,-46.11415863037109
3489075257.0,-0.3734169900417328,-4.56069803237915,8.867805480957031,4.365403652191162,1.5093857049942017,-46.18058395385742
3489083590.0,-0.4748198986053467,-4.719335556030273,9.40865993499756,4.506589889526367,2.1549935340881348,-45.96593475341797
3489091923.0,-0.5068091750144958,-4.613413333892822,9.73899745941162,4.711580276489258,1.169304609298706,-46.01015853881836
3489100256.0,-0.2746407389640808,-4.938989162445068,9.377386093139648,4.644856452941895,0.7350147366523743,-45.897010803222656
3489108589.0,0.1474298983812332,-4.901431560516357,9.344300270080566,5.245203495025635,0.4967762529850006,-45.82352066040039
3489116922.0,0.1092799752950668,-4.908689498901367,9.235312461853027,5.333009243011475,1.2979910373687744,-45.56319808959961
3489125255.0,-0.1262583136558532,-4.921119213104248,9.484464645385742,5.613664627075195,1.7556155920028689,-45.474647521972656
3489133588.0,-0.2778020203113556,-4.509677410125732,9.769293785095217,5.784665107727051,1.6217554807662964,-45.365684509277344
3489141921.0,-0.0513512790203094,-4.717060565948486,9.588098526000977,5.80426025390625,0.9443601965904236,-45.22055816650391
3489150254.0,0.2809650003910064,-4.644189834594727,9.688526153564451,6.021571636199951,0.5629634857177734,-45.078521728515625
3489158587.0,0.2088717222213745,-4.578470230102539,9.281576156616213,5.99549674987793,1.528442621231079,-44.854270935058594
3489166920.0,-0.0469343625009059,-4.427009105682373,9.906513214111328,6.238089084625244,2.4097275733947754,-44.48716354370117
3489175253.0,-0.0744966715574264,-4.298214912414551,9.81300449371338,6.267775058746338,1.761967658996582,-44.4306526184082
3489183586.0,-0.071385733783245,-4.5366058349609375,9.966745376586914,6.492642879486084,0.7592712044715881,-44.23109436035156
3489191919.0,0.1787044405937194,-4.682771682739258,9.442124366760254,6.454964637756348,1.0107523202896118,-43.892704010009766
3489200252.0,0.330316424369812,-4.434078216552734,9.710325241088867,6.879521369934082,1.8037704229354856,-43.50774765014648
3489208585.0,0.442392498254776,-4.220406532287598,9.770098686218262,7.176979064941406,1.5984973907470703,-43.42350006103516
3489216918.0,0.2575328052043915,-4.2713727951049805,9.870715141296388,7.036844730377197,1.3612581491470337,-43.21802520751953
3489225251.0,0.3608931601047516,-4.289317607879639,9.672515869140623,7.1047468185424805,1.7247501611709597,-42.99947738647461
3489233584.0,0.0979685261845588,-4.08152961730957,10.012810707092283,7.423721790313721,2.0132436752319336,-42.60957717895508
3489241917.0,0.1655519306659698,-4.044023513793945,9.828425407409668,7.606197834014893,2.1044046878814697,-42.32718276977539
3489250250.0,0.3337656259536743,-4.191701889038086,10.21865463256836,7.709704875946045,1.3815443515777588,-42.152286529541016
3489258583.0,0.2099356353282928,-3.977911710739136,9.68632698059082,7.617595672607422,1.5257782936096191,-41.89762496948242
3489266916.0,0.4555758535861969,-3.9532647132873535,9.896442413330078,7.945996284484863,2.164931297302246,-41.60380935668945
3489275249.0,0.3063054382801056,-3.85438084602356,10.02399444580078,8.08505630493164,2.035707235336304,-41.41175079345703
3489283582.0,0.4238839745521545,-3.753279685974121,9.85781478881836,7.854836463928223,1.9485163688659668,-41.22584915161133
3489291915.0,0.6380823850631714,-3.725332260131836,9.97046184539795,8.08277702331543,1.8725700378417969,-40.8782844543457
3489300248.0,0.694898247718811,-3.5107343196868896,9.771553993225098,8.210437774658203,2.4655404090881348,-40.43231201171875
3489308581.0,0.6896719336509705,-3.469058036804199,10.1475248336792,8.420063972473145,2.65429162979126,-39.99655532836914
3489316914.0,0.2247519791126251,-3.091860055923462,10.04224681854248,8.052781105041504,2.8027777671813965,-39.657325744628906
3489325247.0,0.3517134189605713,-2.981414556503296,10.220220565795898,8.18702507019043,2.712897062301636,-39.25056457519531
3489333580.0,0.4743152856826782,-2.905179500579834,10.280536651611328,7.732423305511475,1.9495404958724976,-38.9213981628418
3489341913.0,0.6321478486061096,-2.959778547286988,9.93616008758545,7.542262077331543,2.232142448425293,-38.37829208374024
3489350246.0,0.8896780014038086,-3.0623035430908203,9.94439697265625,7.453790664672852,2.5483248233795166,-38.16497802734375
3489358579.0,0.5789939165115356,-2.8774609565734863,9.94925594329834,7.230715751647949,2.858231782913208,-37.58145523071289
3489366912.0,0.5612555146217346,-3.089611768722534,10.032962799072266,7.033331394195557,2.973470449447632,-37.07944107055664
3489375245.0,0.4545639753341675,-2.94496750831604,10.058504104614258,7.131741523742676,2.6657919883728027,-36.55842208862305
3489383578.0,0.6582532525062561,-3.029327869415283,9.9407320022583,7.318597316741943,2.472096443176269,-35.923545837402344
3489391911.0,0.704768180847168,-3.041923761367798,9.990995407104492,7.419235706329346,2.1308889389038086,-35.37327194213867
3489400244.0,0.4269477427005768,-2.71168851852417,9.555988311767578,7.419003486633301,2.423198699951172,-34.71477508544922
3489408577.0,0.4133675694465637,-2.696383476257324,9.956949234008787,7.819561958312988,2.6057004928588867,-34.07120132446289
3489416910.0,0.5653576850891113,-2.575032949447632,9.971195220947266,7.667078018188477,1.4362554550170898,-33.576171875
3489425243.0,0.9115147590637208,-2.689819812774658,9.778196334838867,7.685033321380615,1.3922760486602783,-32.82306289672852
3489433576.0,0.8399931788444519,-2.633441209793091,9.59462547302246,7.647406101226807,1.7423458099365234,-32.37142562866211
3489441909.0,0.5199158787727356,-2.238348960876465,9.514188766479492,7.982542037963867,2.6010892391204834,-31.7229232788086
3489450242.0,0.6211951971054077,-2.4770660400390625,10.085748672485352,8.309636116027832,1.806714415550232,-30.998140335083008
3489458575.0,0.5667758584022522,-2.174549102783203,9.905218124389648,7.92486047744751,0.4939582049846649,-30.45076942443848
3489466908.0,0.8160049319267273,-2.207066297531128,9.65812873840332,8.170040130615234,0.7050965428352356,-29.587751388549805
3489475241.0,0.74842768907547,-1.935696363449097,9.659071922302246,8.621180534362793,1.009188890457153,-28.886754989624023
3489483574.0,0.7386869192123413,-1.78473961353302,9.758622169494627,8.704530715942383,0.971177339553833,-28.01472282409668
3489491907.0,0.8039278984069824,-1.869829773902893,9.91726303100586,8.463705062866211,0.0531367696821689,-27.42845916748047
3489500240.0,0.6680518984794617,-1.6250832080841064,9.6718111038208,8.298800468444824,0.3783097267150879,-26.72639846801757
3489508573.0,0.8935306668281555,-1.6397918462753296,9.99550437927246,8.487115859985352,0.5565336346626282,-26.0327091217041
3489516906.0,0.61016446352005,-1.2808393239974976,10.056767463684082,8.235044479370117,0.4427039325237274,-25.397911071777344
3489525239.0,0.6953369379043579,-1.1526087522506714,9.975531578063965,8.281227111816406,0.0772397592663765,-24.802839279174805
3489533572.0,0.7275093197822571,-1.0813008546829224,10.133626937866213,7.940840244293213,-0.7134593725204468,-23.99563407897949
3489541905.0,0.3712819218635559,-0.9834993481636048,9.779799461364746,7.6182026863098145,-0.1904419362545013,-23.391572952270508
3489550238.0,0.789222240447998,-0.9181463718414308,10.089923858642578,7.97782564163208,-0.3891060054302215,-22.94070816040039
3489558571.0,0.7466279864311218,-0.6293720602989197,10.147490501403809,7.718686103820801,-1.2406771183013916,-22.264514923095703
3489566904.0,0.938539981842041,-0.9099095463752748,9.745889663696287,7.26610803604126,-1.3667761087417605,-21.64913558959961
3489575237.0,0.7433249950408936,-0.8098782896995544,10.01838493347168,7.086706161499023,-0.7434535026550293,-21.1085205078125
3489583570.0,0.5654715895652771,-0.8138669729232788,9.97726058959961,7.057889461517334,-0.2228695303201675,-20.45071792602539
3489591903.0,0.7314761281013489,-0.6990097761154175,10.457176208496094,6.992958068847656,-1.4280712604522705,-20.0915584564209
3489600236.0,0.3548642098903656,-0.443516194820404,9.94661808013916,6.632077693939209,-1.9128203392028809,-19.835105895996094
3489608569.0,0.6783607602119446,-0.4278524816036224,10.11963176727295,6.317688941955566,-1.4574247598648071,-19.365442276000977
3489616902.0,0.6598998308181763,-0.2941700518131256,10.401165008544922,6.068642139434815,-1.665566325187683,-19.020957946777344
3489625235.0,0.9424002170562744,-0.2234485298395156,10.228510856628418,5.601386547088623,-1.825962781906128,-18.62634658813477
3489633568.0,1.135303616523743,-0.2836599946022033,10.310219764709473,5.547493934631348,-2.484606981277466,-18.27965545654297
3489641901.0,0.7895316481590271,-0.1872871220111847,9.864404678344728,4.94379186630249,-1.6353925466537476,-17.81321907043457
3489650234.0,0.9379823207855223,-0.5325366258621216,10.388972282409668,4.752171993255615,-1.101719856262207,-17.405902862548828
3489658567.0,0.7295416593551636,-0.3351773917675018,10.46353244781494,4.249773979187012,-2.078236818313598,-17.073352813720703
3489666900.0,0.8317335844039917,-0.4437941610813141,10.145307540893556,4.045244693756104,-2.1622519493103027,-16.80763053894043
3489675233.0,0.860862672328949,-0.2634154558181762,10.144695281982422,3.7486572265625,-2.369035482406616,-16.670183181762695
3489683566.0,0.7136938571929932,-0.2148423045873642,9.882598876953123,3.2543275356292725,-1.621662974357605,-16.35840606689453
3489691899.0,1.2377761602401731,-0.645389974117279,10.383997917175291,3.098874807357788,-2.323185920715332,-16.073448181152344
3489700232.0,1.238765835762024,-0.4724883437156677,10.012168884277344,2.6316452026367188,-2.770564079284668,-15.748324394226074
3489708565.0,1.236283779144287,-0.6289772987365723,9.665811538696287,2.8847908973693848,-1.6798840761184692,-15.380477905273438
3489716898.0,1.0116581916809082,-0.3921318650245666,9.98597526550293,2.79703688621521,-1.418081283569336,-15.325129508972168
3489725231.0,0.8970478177070618,-0.5422701835632324,10.018235206604004,2.4400763511657715,-1.7250934839248655,-15.013324737548828
3489733564.0,1.1002143621444702,-0.7986114621162415,10.302473068237305,2.29533052444458,-2.1590240001678467,-14.72506332397461
3489741897.0,1.0478322505950928,-0.6498294472694397,9.841147422790527,2.2952020168304443,-1.8739631175994875,-14.386466979980469
3489750230.0,1.2044966220855713,-0.7280380725860596,9.924121856689451,2.557415246963501,-1.521383285522461,-14.24855899810791
3489758563.0,1.1891745328903198,-0.5157797932624817,10.03245735168457,2.5364370346069336,-1.5849065780639648,-14.164545059204102
3489766896.0,1.3786180019378662,-0.7241851091384888,9.946242332458496,2.2831382751464844,-1.7083929777145386,-13.725903511047363
3489775229.0,1.3995484113693235,-0.7094685435295105,9.95237636566162,2.375349760055542,-1.4448481798171997,-13.56166648864746
3489783562.0,1.4147441387176514,-0.6711567044258118,9.654735565185549,2.604109764099121,-0.7587448954582214,-13.200963020324709
3489791895.0,1.528749704360962,-1.061737895011902,10.058156967163086,2.6410458087921143,-0.9789249300956726,-12.786114692687988
3489800228.0,0.9803945422172546,-0.898281455039978,9.828008651733398,2.32942271232605,-0.781977117061615,-12.784989356994627
3489808561.0,1.165396809577942,-0.7622362375259399,10.16813850402832,2.559080123901367,0.1196056827902793,-12.380975723266602
3489816894.0,1.0759546756744385,-0.2254774570465088,10.531904220581056,2.552061080932617,-0.4292433261871338,-12.003597259521484
3489825227.0,1.083105444908142,-0.6749282479286194,10.025938987731934,2.344714641571045,-0.6716309189796448,-11.633910179138184
3489833560.0,1.3043439388275146,-1.194664478302002,10.092031478881836,2.334801435470581,-0.8705510497093201,-11.37105655670166
3489841893.0,1.208623290061951,-1.0481772422790527,9.625797271728516,2.6227314472198486,-0.2295035868883133,-11.051955223083496
3489850226.0,1.4503304958343506,-1.2769120931625366,10.014015197753906,2.854771137237549,0.1106150820851326,-10.752062797546388
3489858559.0,1.1151306629180908,-1.0906254053115845,9.864649772644045,2.889657497406006,-0.2056311070919037,-10.469563484191896
3489866892.0,0.8723340034484863,-1.3028734922409058,9.548240661621094,3.1004114151000977,0.486734539270401,-10.285140991210938
3489875225.0,1.0206414461135864,-1.243269443511963,10.05163860321045,3.4252254962921143,0.2618159055709839,-10.072747230529783
3489883558.0,0.8309215903282166,-1.1185601949691772,9.776187896728516,3.6063950061798096,-0.2259688377380371,-9.642197608947754
3489891891.0,1.046615481376648,-1.1529176235198977,10.04633617401123,3.7654850482940674,-0.2875454127788543,-9.298940658569336
3489900224.0,1.1996651887893677,-0.7804520130157471,10.001931190490724,3.789178133010864,-0.2634168267250061,-9.108678817749023
3489908557.0,1.5004452466964722,-0.4973037540912628,9.897104263305664,4.015402793884277,-0.2143399268388748,-8.894364356994629
3489916890.0,1.4669421911239624,-0.7655998468399048,9.965972900390623,3.790125846862793,0.1480631083250045,-8.61345386505127
3489925223.0,1.1295340061187744,-0.9256398677825928,9.835482597351074,3.44020938873291,1.1819818019866943,-8.087514877319336
3489933556.0,1.4128512144088743,-1.133238434791565,10.405143737792969,3.926880359649658,1.0364928245544434,-7.799842357635498
3489941889.0,1.2260249853134155,-0.8788301944732666,10.306748390197754,3.783721685409546,0.4716476798057556,-7.5913166999816895
3489950222.0,1.4017527103424072,-0.874035656452179,10.002933502197266,4.293701648712158,0.883140504360199,-7.400491237640381
3489958555.0,1.0356861352920532,-0.6052454113960266,10.027864456176758,4.064377307891846,1.164615273475647,-7.229387283325195
3489966888.0,1.063759684562683,-0.7545744776725769,10.066253662109377,4.024343013763428,1.756073832511902,-6.854165554046631
3489975221.0,1.5928865671157837,-0.8215416073799133,10.327072143554688,4.183509826660156,0.7691828012466431,-6.372617721557617
3489983554.0,1.2894995212554932,-0.6611140370368958,9.659043312072754,4.0237531661987305,0.8671058416366577,-6.081664562225342
3489991887.0,1.3334505558013916,-0.6824666261672974,9.641952514648438,4.496131420135498,2.713995218276977,-5.740791320800781
3490000220.0,0.958132028579712,-0.4505378305912018,10.2023344039917,4.542287826538086,2.843398332595825,-5.652319431304932
3490008553.0,0.9794469475746156,-0.650604784488678,10.39507007598877,4.393878936767578,2.051149368286133,-5.287930488586426
3490016886.0,1.2600268125534058,-0.6947908997535706,10.067227363586426,4.350359916687012,1.422345519065857,-4.98632287979126
3490025219.0,1.1625676155090332,-0.433112770318985,9.383207321166992,4.9014763832092285,2.230936288833618,-4.670397758483887
3490033552.0,1.1244449615478516,-0.5430430173873901,9.726731300354004,5.404847621917725,2.9714183807373047,-4.465996265411377
3490041885.0,0.6379442811012268,-0.4187754988670349,9.815644264221191,5.099806785583496,2.687816858291626,-4.265410423278809
3490050218.0,0.8673252463340759,-0.3704481422901153,9.878376007080078,5.303900718688965,2.219050884246826,-4.018514633178711
3490058551.0,0.9910841584205629,-0.1733687669038772,10.022396087646484,5.47336483001709,1.8140897750854488,-3.81513786315918
3490066884.0,0.945734679698944,-0.107158713042736,9.589157104492188,5.517062664031982,2.550114870071411,-3.6700074672698975
3490075217.0,0.9587336778640748,-0.2493268549442291,9.949346542358398,5.630636692047119,2.590073108673096,-3.4648122787475586
3490083550.0,0.4423185586929321,0.1620952785015106,9.949577331542969,5.307923316955566,2.8519532680511475,-3.3494200706481934
3490091883.0,0.8080403208732605,0.1879792064428329,10.197388648986816,5.50187349319458,2.3009397983551025,-3.1186869144439697
3490100216.0,0.7219170928001404,0.3428601920604706,10.042142868041992,5.371087074279785,1.5895298719406128,-2.9989914894104004
3490108549.0,0.6590916514396667,0.3212273716926574,9.67714500427246,5.376133918762207,2.237569808959961,-2.823585033416748
3490116882.0,0.8478423357009888,0.1794310957193374,10.232714653015137,5.164355754852295,2.2256853580474854,-2.7282235622406006
3490125215.0,0.457525759935379,0.6622304916381836,9.997694969177246,4.803476333618164,2.1823458671569824,-2.5305330753326416
3490133548.0,0.6752299070358276,0.6214245557785034,10.189908027648926,4.693308830261231,1.909374713897705,-2.3714170455932617
3490141881.0,0.3355541527271271,0.6440552473068237,9.928918838500977,4.184046745300293,1.8088644742965696,-2.479816675186157
3490150214.0,0.5739254355430603,0.6898881793022156,9.822233200073242,4.050570964813232,1.9977437257766724,-2.1374311447143555
3490158547.0,0.4868428409099579,0.7442319393157959,10.057360649108888,3.64476490020752,1.0237882137298584,-2.299134016036988
3490166880.0,0.2615866661071777,1.1279369592666626,9.53783893585205,3.2371397018432617,1.3183518648147583,-2.152543544769287
3490175213.0,0.5305336713790894,0.8095454573631287,10.092538833618164,3.1297647953033447,1.5599709749221802,-2.1844587326049805
3490183546.0,0.2105451077222824,0.6295616030693054,10.256268501281738,2.400143623352051,1.2682247161865234,-2.1374309062957764
3490191879.0,0.7229564785957336,0.4539352655410766,10.34994888305664,2.36307954788208,0.8424138426780701,-1.992070198059082
3490200212.0,0.5590043663978577,0.5523364543914795,10.257115364074709,2.4998855590820312,0.1508806496858596,-1.9762407541275024
3490208545.0,0.5012171268463135,0.3242344856262207,9.892692565917969,2.2995822429656982,1.3505489826202393,-1.8749874830245967
3490216878.0,0.6334851980209351,0.2642270028591156,10.25522518157959,2.0428507328033447,0.9889784455299376,-1.888255953788757
3490225211.0,0.3970957696437835,0.2289522141218185,9.933789253234863,1.8516148328781128,0.7005109190940857,-1.902164340019226
3490233544.0,0.4838804006576538,0.1517745703458786,9.86247730255127,1.781534194946289,0.6041757464408875,-1.7759116888046265
3490241877.0,0.2047772705554962,0.3721112906932831,9.874311447143556,1.699286699295044,0.7233843803405762,-1.7730172872543335
3490250210.0,0.5289645195007324,-0.0623561814427375,10.268471717834473,1.6624022722244265,0.5650883913040161,-1.6163864135742188
3490258543.0,0.7339338064193726,-0.0869459956884384,10.273603439331056,1.625773787498474,-0.5149485468864441,-1.5878264904022217
3490266876.0,0.8498736023902893,-0.3375337421894073,9.748167991638184,1.7224419116973877,0.0780849903821945,-1.4993547201156616
3490275209.0,0.9235078692436218,-0.1523884832859039,9.757742881774902,1.9896241426467896,0.1929648369550705,-1.3624467849731443
3490283542.0,0.2701233923435211,0.2128654271364212,9.657601356506348,1.8547651767730715,0.5905490517616272,-1.3738197088241575
3490291875.0,0.4148595035076141,-0.1025654971599578,9.876301765441896,1.7416527271270752,0.1215779557824134,-1.2005903720855713
3490300208.0,0.3949202299118042,0.0661421716213226,9.622867584228516,1.8363229036331177,-0.7425054311752319,-1.3692857027053833
3490308541.0,0.6124318242073059,-0.4277273416519165,9.676239013671877,1.9218487739562988,-0.3125192523002624,-1.1220827102661133
3490316874.0,0.722835123538971,-0.3400186896324157,9.793996810913086,1.8893702030181885,-0.3698695600032806,-1.1548434495925903
3490325207.0,0.6875793933868408,-0.2371668666601181,9.755281448364258,2.131680965423584,-0.0321714803576469,-1.1339936256408691
3490333540.0,0.7953343391418457,-0.417534738779068,10.040051460266112,2.294203042984009,-0.4841858744621277,-1.1079436540603638
3490341873.0,0.6770204901695251,-0.2268885672092437,9.802294731140137,2.0712568759918213,-0.489155113697052,-1.0887585878372192
3490350206.0,0.8457080721855164,-0.0580737367272377,9.993694305419922,2.1597795486450195,-0.2803733944892883,-0.9671933054924012
3490358539.0,0.5762811303138733,0.5126218795776367,9.941054344177246,2.142054557800293,-0.3603410720825195,-1.12810218334198
3490366872.0,0.7015566229820251,0.0738344714045524,9.995229721069336,1.9790199995040887,-0.0945421457290649,-1.0657057762145996
3490375205.0,0.7640034556388855,-0.3450484871864319,10.047578811645508,1.775540471076965,-0.7736524343490601,-1.0199332237243652
3490383538.0,0.6761853098869324,-0.561981737613678,9.51340103149414,1.9095286130905151,-0.4137723445892334,-0.9844318628311156
3490391871.0,0.8293406963348389,-0.5168159008026123,9.645559310913086,2.55098557472229,-0.1859849542379379,-0.8948588967323303
3490400204.0,0.7081406116485596,-0.3658675849437713,9.614519119262695,2.46679162979126,-0.4479417502880096,-1.0632981061935425
3490408537.0,0.834282636642456,-0.5391271114349365,9.708951950073242,2.5225541591644287,-0.3850075900554657,-1.2222344875335691
3490416870.0,0.6415989995002747,-0.389311671257019,9.786178588867188,2.525858163833618,-0.2343958765268325,-1.081791639328003
3490425203.0,0.7329184412956238,-0.4074729382991791,9.858771324157717,2.863889217376709,0.0023949306923896,-1.142215609550476
3490433536.0,0.7488563656806946,-0.2453499436378479,10.011200904846191,2.9370694160461426,-0.5628472566604614,-1.0246975421905518
3490441869.0,0.8155212998390198,-0.4131312370300293,9.818242073059082,2.8645808696746826,-0.5475043058395386,-1.0233910083770752
3490450202.0,0.910553812980652,-0.627723753452301,9.73444938659668,3.0980546474456787,-0.2562704086303711,-1.0094826221466064
3490458535.0,0.8075440526008606,-0.6791086792945862,9.81100368499756,3.381886005401612,0.178928256034851,-0.8971898555755615
3490466868.0,0.966599702835083,-0.6671848893165588,10.00422191619873,3.53826117515564,-0.0302248019725084,-0.7449901103973389
3490475201.0,0.9227808117866516,-0.1724212169647216,9.951165199279783,3.4514029026031494,-0.2628276646137237,-0.8246758580207825
3490483534.0,1.043426275253296,-0.2747324109077453,10.009244918823242,3.587158679962158,0.042737353593111,-0.6130511164665222
3490491867.0,1.007629632949829,-0.1778528690338134,9.997183799743652,3.565591335296631,0.3390428423881531,-0.5236574411392212
3490500200.0,0.9761440753936768,-0.196946233510971,10.013506889343262,3.579294919967652,0.5403195023536682,-0.2647231519222259
3490508533.0,0.8182912468910217,-0.1185409799218177,9.975178718566896,3.603961706161499,0.210689902305603,-0.2368036210536956
3490516866.0,0.9404878616333008,-0.014246835373342,9.927358627319336,3.5849814414978027,0.5493869781494141,-0.0242822952568531
3490525199.0,1.0305707454681396,-0.0747214555740356,10.177135467529297,3.6025781631469727,0.3766189217567444,0.1323103457689285
3490533532.0,0.900694727897644,0.0414216853678226,9.68920612335205,3.602526903152466,0.8385971784591675,0.2038765102624893
3490541865.0,1.0211706161499023,-0.1426598876714706,9.880209922790527,3.9132020473480233,0.858371376991272,0.33673757314682
3490550198.0,0.998692750930786,0.0788857191801071,9.811515808105469,3.908437490463257,0.7177236676216125,0.471058577299118
3490558531.0,1.1729893684387207,-0.2570154368877411,9.969867706298828,4.139837265014648,0.8767880201339722,0.590753972530365
3490566864.0,0.9858078956604004,-0.1070706993341445,9.93100643157959,4.3955183029174805,1.1978113651275637,0.6353482604026794
3490575197.0,0.9807714223861694,-0.0979722067713737,9.936636924743652,4.816769599914551,1.8512303829193115,0.8385715484619141
3490583530.0,0.8618977069854736,0.2459191083908081,10.298995971679688,4.780397891998291,1.2814161777496338,0.8809632658958435
3490591863.0,0.8874944448471069,0.4242334961891174,10.019126892089844,4.624713897705078,1.326497197151184,0.990207850933075
3490600196.0,1.0358364582061768,0.7035477161407471,10.188459396362305,4.713365077972412,1.373115062713623,1.063387751579285
3490608529.0,0.8935340642929077,0.7455435991287231,10.169221878051758,4.47748327255249,2.21326208114624,1.260822296142578
3490616862.0,1.1111992597579956,0.6362520456314087,10.248066902160645,4.590647220611572,1.827741980552673,1.30790114402771
3490625195.0,0.8868226408958435,0.6561161279678345,9.964595794677734,4.285991668701172,1.7417809963226318,1.4813354015350342
3490633528.0,0.8779821991920471,0.3950679898262024,9.90347957611084,4.302563190460205,2.1751224994659424,1.541835904121399
3490641861.0,0.6465678215026855,0.6616373062133789,9.873000144958496,4.213349342346191,2.267410516738892,1.5787205696105957
3490650194.0,0.7627895474433899,0.5489486455917358,10.15389919281006,4.207407474517822,2.091287136077881,1.6270546913146973
3490658527.0,0.5456032156944275,0.828433632850647,9.926396369934082,3.923166036605835,1.679051399230957,1.603848218917847
3490666860.0,0.7306227684020996,0.7068735957145691,9.789398193359377,3.843915700912476,2.278604030609131,1.5961894989013672
3490675193.0,0.6056856513023376,0.8772855997085571,10.020065307617188,3.941582679748535,2.038957357406616,1.697083830833435
3490683526.0,0.6839500069618225,0.5735414028167725,9.905285835266112,3.652525663375856,2.100405693054199,1.9199535846710205
3490691859.0,0.6505836248397827,0.4580861330032348,9.98432445526123,3.512800455093384,1.7569189071655271,2.0191829204559326
3490700192.0,0.6063793301582336,0.6760438680648804,9.691667556762695,3.6147961616516113,1.9451066255569456,2.022103071212769
3490708525.0,0.7543078660964966,0.6073061227798462,10.147699356079102,3.4738664627075195,1.800975322723389,2.016544818878174
3490716858.0,0.6092069149017334,0.8206955194473267,9.93429183959961,3.1404972076416016,1.742011308670044,1.8977971076965328
3490725191.0,0.6860710978507996,0.519865870475769,9.951501846313477,3.057968139648437,1.891470193862915,2.03124737739563
3490733524.0,0.4366843700408935,0.6056070327758789,9.877535820007324,2.8059239387512207,1.8370141983032229,2.166464567184448
3490741857.0,0.519666850566864,0.5298558473587036,9.960010528564451,2.8406057357788086,1.7146551609039309,2.340333938598633
3490750190.0,0.3479823172092438,0.7829143404960632,9.914483070373535,2.570350170135498,1.3172248601913452,2.2524003982543945
3490758523.0,0.5196255445480347,0.5262659788131714,9.933516502380373,2.531338930130005,1.684532642364502,2.340333938598633
3490766856.0,0.6217091679573059,0.7220067381858826,9.997262954711914,2.356522560119629,1.2373085021972656,2.464538097381592
3490775189.0,0.5804855823516846,0.6254370212554932,9.899080276489258,2.2490196228027344,1.5018266439437866,2.455803155899048
3490783522.0,0.4834194183349609,0.5374873280525208,9.82275104522705,2.3698418140411377,1.226627230644226,2.5531883239746094
3490791855.0,0.4253008067607879,0.44684499502182,9.753689765930176,2.3418710231781006,1.401393175125122,2.5467848777771
3490800188.0,0.5952332615852356,0.2491936981678009,9.906986236572266,2.483722686767578,0.621721625328064,2.4478886127471924
3490808521.0,0.4456674754619598,0.5232470631599426,9.535176277160645,2.29604721069336,0.6455171704292297,2.412233591079712
3490816854.0,0.5325127243995667,0.2499167323112487,9.876087188720703,2.596374034881592,1.3393553495407104,2.662151336669922
3490825187.0,0.4374363720417022,0.4012318551540375,9.96139907836914,2.5943245887756348,1.1613876819610596,2.5915329456329346
3490833520.0,0.5516567230224609,0.3462821245193481,10.08193302154541,2.6426331996917725,0.899635910987854,2.5642025470733643
3490841853.0,0.4396091997623443,0.8811911344528198,10.023419380187988,2.612280368804932,0.6113989353179932,2.490689754486084
3490850186.0,0.4800934195518493,0.6663309335708618,10.01970672607422,2.7678098678588867,1.1083917617797852,2.5588743686676025
3490858519.0,0.5845518708229065,0.7134678959846497,10.159363746643066,2.5333118438720703,0.7431842684745789,2.540048360824585
3490866852.0,0.7372298240661621,0.3194533586502075,10.102179527282717,2.4922518730163574,0.4042822420597076,2.6336679458618164
3490875185.0,0.4807009696960449,0.4021638035774231,9.605815887451172,2.5588746070861816,0.3865571916103363,2.591814517974853
3490883518.0,0.3376776576042175,0.3805852234363556,9.564979553222656,2.810355424880981,1.3399702310562134,2.611973285675049
3490891851.0,0.1745891571044922,0.3299711644649505,9.995101928710938,2.5439674854278564,0.6269212365150452,2.4518074989318848
3490900184.0,0.2274604886770248,0.6019129753112793,9.862785339355469,2.3557798862457275,0.2652738392353058,2.382777214050293
3490908517.0,0.3860315680503845,0.6752960681915283,10.007102966308594,2.3064210414886475,-0.2586525678634643,2.335365056991577
3490916850.0,0.3751387000083923,0.7979636788368225,9.87148380279541,2.0824246406555176,0.4458029270172119,2.389052391052246
3490925183.0,0.3746276497840881,0.4638153314590454,10.336383819580078,1.8218507766723635,0.4762070477008819,2.320380687713623
3490933516.0,0.3411561548709869,0.5588074922561646,10.177687644958496,1.7264891862869265,-0.1181584745645523,2.30401349067688
3490941849.0,0.6540305018424988,0.2081329971551895,10.176745414733888,1.861988306045532,-0.6591311097145081,2.374913692474365
3490950182.0,0.6086178421974182,0.2038537710905075,9.796783447265623,1.8324296474456787,-0.5871039032936096,2.345943689346313
3490958515.0,0.4419463276863098,-0.1517377495765686,9.513799667358398,1.9420074224472048,-0.0141134457662701,2.464384317398072
3490966848.0,0.3070202469825744,0.0590005479753017,9.742030143737791,2.120051622390747,0.1553375273942947,2.423401117324829
3490975181.0,0.4764517247676849,-0.3057199120521545,10.01218032836914,2.227170705795288,-0.5570840239524841,2.3684844970703125
3490983514.0,0.5140992403030396,0.0090099312365055,9.920074462890623,2.1235098838806152,-1.023365497589111,2.390999317169189
3490991847.0,0.5700783729553223,-0.0527225062251091,9.780242919921877,2.445455312728882,-0.3442553281784057,2.3132858276367188
3491000180.0,0.5947976112365723,0.0312661714851856,10.039349555969238,2.7450904846191406,-0.2903373837471008,2.202965259552002
3491008513.0,0.9267619252204896,-0.3753671944141388,9.98127269744873,2.916602849960327,-0.9368404746055604,2.4679439067840576
3491016846.0,0.8743720650672913,-0.1901616156101226,9.703004837036133,3.133402109146118,-1.530424952507019,2.499142646789551
3491025179.0,0.8959531188011169,-0.1351446807384491,9.097135543823242,3.653909206390381,-0.3705099523067474,2.587076663970948
3491033512.0,0.6229469776153564,0.1185257509350776,9.5922269821167,3.930184364318848,0.2633271813392639,2.554571866989136
3491041845.0,0.8951367735862732,0.2126178443431854,9.822933197021484,3.7094407081604,-0.3619035184383392,2.643990993499756
3491050178.0,0.94314706325531,0.3025776147842407,9.983458518981934,3.4990456104278564,-0.9828438758850098,2.549269676208496
3491058511.0,1.0165504217147827,0.3408158421516418,9.348941802978516,3.708672285079956,-0.0338876321911811,2.611845254898072
3491066844.0,1.0194472074508667,0.3938505053520202,9.948904037475586,3.9338982105255127,0.7327592372894287,2.622551679611206
3491075177.0,1.0423141717910769,0.8161092400550842,10.05533504486084,3.588669776916504,0.4778207838535309,2.673447608947754
3491083510.0,0.8533560037612915,0.9716551303863524,10.117870330810549,3.2844491004943848,0.1873553246259689,2.473067283630371
3491091843.0,0.9714809656143188,1.0945367813110352,10.065876960754396,3.105738401412964,0.8344220519065857,2.6475512981414795
3491100176.0,0.7866977453231812,0.7637722492218018,10.318732261657717,2.863402366638184,1.10872483253479,2.762072324752808
3491108509.0,0.6770971417427063,0.51927649974823,9.919180870056152,2.621578454971313,1.032240867614746,2.7255210876464844
3491116842.0,0.7174423336982727,0.2870766520500183,9.902887344360352,2.809254169464112,0.3522597849369049,2.646577835083008
3491125175.0,0.884294331073761,0.3625291883945465,9.390402793884276,2.7093071937561035,0.5612975358963013,2.597424268722534
3491133508.0,0.7715123295783997,0.3412539660930633,9.656768798828123,2.7855348587036133,1.1323411464691162,2.508004665374756
3491141841.0,0.6347060799598694,0.6868901252746582,9.744929313659668,2.6221673488616943,1.8376033306121824,2.490920066833496
3491150174.0,0.7652429342269897,0.3730469048023224,10.332708358764648,2.6232175827026367,1.452903389930725,2.4167160987854004
3491158507.0,0.6767748594284058,0.3970972895622253,10.072066307067873,2.4689178466796875,0.7871127128601074,2.3054733276367188
3491166840.0,0.6002890467643738,0.38018399477005,9.983159065246582,2.72821044921875,1.1442774534225464,2.503727436065674
3491175173.0,0.5280225872993469,0.5142256617546082,10.063023567199709,2.7780556678771973,1.3586941957473757,2.452908754348755
3491183506.0,0.808148980140686,0.3456414639949798,9.943450927734377,2.7973430156707764,0.8521727919578552,2.4488871097564697
3491191839.0,0.9358583688735962,0.4723959267139435,9.779623985290527,2.4272947311401367,0.6485908627510071,2.4323151111602783
3491200172.0,0.7813074588775635,0.2061652094125747,9.679670333862305,2.372915029525757,1.5818710327148438,2.503086805343628
3491208505.0,0.8204742074012756,0.4674744009971618,10.030109405517578,2.193897485733032,2.451679229736328,2.4975287914276123
3491216838.0,0.8881195783615112,0.2881012558937073,10.646817207336426,2.3789093494415283,1.817163348197937,2.5231943130493164
3491225171.0,0.6818936467170715,0.4062805771827698,10.076689720153809,2.1439754962921143,1.303597927093506,2.5112833976745605
3491233504.0,0.5817384123802185,0.3831753432750702,10.082054138183594,2.45411229133606,1.9401116371154783,2.6080284118652344
3491241837.0,0.4624252021312713,0.6304605603218079,10.411142349243164,2.132551670074463,2.108243465423584,2.68607497215271
3491250170.0,0.5872530937194824,0.5824978351593018,10.308173179626465,2.051430940628052,1.514351725578308,2.6663520336151123
3491258503.0,0.7768951654434204,0.6163035035133362,10.052400588989258,2.270535707473755,0.9609051942825316,2.6700663566589355
3491266836.0,0.7952175736427307,-0.168069839477539,9.78299617767334,2.342331886291504,1.4981123208999634,2.836020469665528
3491275169.0,0.6133144497871399,-0.0306806862354278,9.760506629943848,2.4458906650543213,2.1655173301696777,2.770448446273804
3491283502.0,0.6752564311027527,-0.0800416097044944,9.969093322753906,2.8257498741149902,2.375784397125244,2.833305835723877
3491291835.0,0.6017950773239136,0.3237587809562683,10.345008850097656,2.9702141284942627,1.6442418098449707,2.7477030754089355
3491300168.0,0.6665753722190857,0.2382780611515045,10.140517234802246,2.9422686100006104,1.7888598442077637,2.7300546169281006
3491308501.0,0.4652948677539825,0.5858063101768494,10.289146423339844,3.0469799041748047,2.261314392089844,2.755438804626465
3491316834.0,0.4270921349525451,0.3477241098880768,10.147771835327148,3.513927459716797,2.2446138858795166,2.7685019969940186
3491325167.0,0.2745203375816345,0.2512675821781158,10.125450134277344,3.430271625518799,1.407540798187256,2.802107810974121
3491333500.0,0.5886814594268799,-0.0807675272226333,9.63320541381836,3.410547971725464,1.27012038230896,2.8818960189819336
3491341833.0,0.4916606843471527,0.1585608273744583,9.607327461242676,3.5859804153442383,1.558485507965088,2.731182098388672
3491350166.0,0.6145557761192322,0.2738227844238281,9.576385498046877,3.919221162796021,1.9296867847442627,2.851107597351074
3491358499.0,0.3062726855278015,0.4739045202732086,9.720473289489746,3.925471544265747,1.2103878259658811,2.543045282363892
3491366832.0,0.2665528357028961,0.4640030562877655,9.3639554977417,3.5202796459198,1.2232718467712402,2.604365825653076
3491375165.0,-0.0309606567025184,0.6501394510269165,9.608108520507812,3.2367043495178223,1.3046226501464844,2.5422770977020264
3491383498.0,0.0016062086215242,0.3855544924736023,9.766590118408203,3.2951560020446777,1.5411444902420044,2.637023687362671
3491391831.0,-0.0153363104909658,0.4507557153701782,10.108316421508787,3.3608057498931885,0.3731353878974914,2.563203811645508
3491400164.0,0.1460156291723251,0.6042812466621399,9.825986862182615,3.2908527851104736,-0.1929776519536972,2.6146883964538574
3491408497.0,0.3979252874851227,0.8579917550086975,9.869248390197754,3.201049327850342,-0.4603902399539947,2.4962990283966064
3491416830.0,0.7075625061988831,0.841894805431366,9.722999572753906,2.6374847888946533,-0.2010461241006851,2.619324445724488
3491425163.0,0.651797354221344,0.6660966873168945,9.965110778808594,2.307292222976685,0.2136611491441726,2.5985260009765625
3491433496.0,0.6632276773452759,0.6917221546173096,9.829919815063477,2.2668473720550537,0.6436730027198792,2.6164815425872803
3491441829.0,0.3693248033523559,0.687204122543335,10.059775352478027,2.225403547286988,0.3661171197891235,2.579033613204956
3491450162.0,0.4186027348041534,0.4703404605388641,9.794490814208984,1.863089680671692,0.211330235004425,2.606184482574463
3491458495.0,0.3281678855419159,0.3782447874546051,10.07671070098877,1.7931374311447144,-0.1808108985424041,2.497964382171631
3491466828.0,0.3703531920909881,0.4326135516166687,9.576804161071776,1.9473607540130613,-0.047258261591196,2.617172718048096
3491475161.0,0.3614608943462372,0.278690904378891,9.706562995910645,2.540919303894043,-0.0918270274996757,2.6397387981414795
3491483494.0,0.751132607460022,-0.003779211314395,9.53030776977539,2.5095932483673096,-0.404371976852417,2.5719385147094727
3491491827.0,0.6955878138542175,0.0549840182065963,9.466838836669922,2.5923781394958496,-0.7290835380554199,2.6346418857574463
3491500160.0,0.840212881565094,0.3173608481884002,9.23366641998291,2.806154727935791,0.1195032075047493,2.7995975017547607
3491508493.0,0.5762764811515808,0.516110897064209,9.805063247680664,3.214727640151977,0.4379906356334686,2.70472264289856
3491516826.0,0.4225418865680694,0.4075405299663543,9.928230285644531,2.94690489768982,0.6844764351844788,2.7792086601257324
3491525159.0,0.4631256461143493,0.6989640593528748,10.218856811523438,2.972058057785034,0.0919422879815101,2.7178878784179688
3491533492.0,0.6494923233985901,0.8130084276199341,10.06985092163086,3.062424898147583,-0.133783146739006,2.533721685409546
3491541825.0,0.624873697757721,0.5157983899116516,10.110821723937988,2.9783077239990234,0.1220390051603317,2.609334707260132
3491550158.0,0.8462981581687927,0.4553107023239136,9.820355415344238,2.953436374664306,0.3904761970043182,2.70574688911438
3491558491.0,0.8031014800071716,0.3231614530086517,9.95590591430664,3.1237971782684326,-0.0568892210721969,2.855026960372925
3491566824.0,0.8841114044189453,0.5016380548477173,9.432706832885742,2.9057424068450928,0.3101499378681183,2.694373846054077
3491575157.0,0.9498180747032166,0.476457267999649,9.787156105041504,3.095262289047241,0.906884789466858,2.6509833335876465
3491583490.0,0.8163387775421143,0.6612990498542786,9.869569778442385,2.747344493865967,1.24153470993042,2.718733310699463
3491591823.0,0.7872745990753174,0.6731003522872925,10.239960670471191,2.6415064334869385,1.2180720567703247,2.636383533477783
3491600156.0,0.6365408897399902,0.7942326068878174,10.23973274230957,2.3438944816589355,1.1377458572387695,2.557671070098877
3491608489.0,0.4421924352645874,0.3892432749271393,10.272196769714355,2.2729687690734863,1.3812603950500488,2.759101152420044
3491616822.0,0.664620041847229,0.465651273727417,10.14643383026123,2.348377227783203,0.8745597004890442,2.67378044128418
3491625155.0,0.8537130355834961,0.2228696048259735,9.980483055114746,2.4632315635681152,0.497031420469284,2.621527671813965
3491633488.0,1.0402276515960691,0.4840308725833893,9.50007152557373,2.3387715816497803,0.9952282905578612,2.714506864547729
3491641821.0,0.7625916004180908,0.32521453499794,9.692761421203612,2.1418492794036865,2.045360565185547,2.735689878463745
3491650154.0,0.6885606050491333,0.2517548501491546,10.006874084472656,2.024331569671631,2.46796989440918,2.754926443099976
3491658487.0,0.6657616496086121,0.0657367706298828,10.193299293518066,2.0859591960906982,1.6893739700317385,2.7483432292938232
3491666820.0,0.5513623356819153,0.1563845872879028,9.778499603271484,2.3827767372131348,1.474111795425415,2.8558459281921387
3491675153.0,0.287464439868927,-0.1335001438856125,9.8839111328125,2.549756526947021,2.088392972946167,2.801006555557251
3491683486.0,0.2706142067909241,0.2902514040470123,9.944624900817873,2.8026199340820312,2.062496423721313,2.757820606231689
3491691819.0,0.5100131630897522,-0.0443644672632217,10.158225059509276,3.1310458183288574,1.2762166261672974,2.887224197387696
3491700152.0,0.7543395757675171,0.1919754594564438,9.634215354919434,3.204815149307251,0.6832469701766968,2.85874080657959
3491708485.0,0.6152316331863403,-0.0124479550868272,9.577284812927246,3.495100736618042,1.8074558973312376,2.9405272006988525
3491716818.0,0.3419557809829712,0.2510384619235992,9.73473072052002,3.414902448654175,2.7000603675842285,3.01142692565918
3491725151.0,0.3661506175994873,0.3350372612476349,10.41050148010254,3.688513994216919,1.9616533517837524,2.939348697662353
3491733484.0,0.3503409028053283,0.5985222458839417,10.313578605651855,3.493384838104248,1.0337520837783811,2.7936038970947266
3491741817.0,0.2313538938760757,0.6675348281860352,9.970748901367188,3.702909469604492,1.7306898832321167,2.878873825073242
3491750150.0,0.2002170383930206,0.6978966593742371,10.3243989944458,3.71768856048584,2.1736621856689453,2.8504672050476074
3491758483.0,0.1751339435577392,0.574817955493927,10.51811981201172,3.634186267852783,1.2948124408721924,2.9630162715911865
3491766816.0,0.2606110274791717,0.5807828307151794,9.9072265625,3.364621639251709,0.5494637489318848,2.932791233062744
3491775149.0,0.1152238771319389,0.4467357099056244,9.738713264465332,3.645123481750488,1.1322388648986816,2.967524528503418
3491783482.0,0.1997337490320205,0.5505797266960144,9.816885948181152,3.5100338459014893,1.6431148052215576,2.8977513313293457
3491791815.0,0.1289185583591461,0.469776451587677,10.279205322265623,3.446152448654175,0.6656500101089478,2.7183494567871094
3491800148.0,0.0899901688098907,0.6159830093383789,9.7183837890625,3.1638574600219727,0.4853257238864898,2.6977553367614746
3491808481.0,-0.0853510349988937,0.6538111567497253,10.06399917602539,3.5027339458465576,0.980833113193512,2.608515739440918
3491816814.0,0.1041620820760726,0.5549363493919373,10.312888145446776,3.1342477798461914,0.9842398762702942,2.721269369125366
3491825147.0,0.1259133070707321,0.5574058890342712,10.534293174743652,3.1064555644989014,-0.2611370682716369,2.6566953659057617
3491833480.0,0.3783434927463531,0.6842297315597534,10.142043113708496,3.164600133895874,-0.3923331797122955,2.6247801780700684
3491841813.0,0.1923974901437759,0.6143854856491089,10.035669326782228,3.1411635875701904,-0.0041495063342154,2.788788318634033
3491850146.0,0.2287642061710357,0.7211543917655945,9.97761344909668,3.1104519367218018,0.3348677456378937,2.9130430221557617
3491858479.0,0.0900290384888649,0.6485291123390198,10.240427017211914,2.6753172874450684,-0.6669434309005737,2.8626081943511963
3491866812.0,0.2613440752029419,0.7759087681770325,9.72414779663086,2.3402316570281982,-0.8798232078552246,3.01134991645813
3491875145.0,0.2738506495952606,0.565643846988678,9.902021408081056,2.4218642711639404,-0.4813170433044433,2.955280542373657
3491883478.0,0.2845477163791656,0.8099465370178223,9.840710639953612,2.29789137840271,-0.3027602434158325,3.0363240242004395
3491891811.0,0.0394195914268493,0.9954447150230408,10.222467422485352,2.031323909759521,-0.6365393400192261,2.976463794708252
3491900144.0,0.0834800228476524,1.1201813220977783,9.91501235961914,1.8418811559677124,-1.0421150922775269,3.011068344116211
3491908477.0,0.149929478764534,0.5689876079559326,10.03876495361328,1.8886784315109253,-1.2648053169250488,3.20176649093628
3491916810.0,0.6532559394836426,0.1211391240358352,9.713212966918944,1.9797884225845337,-1.7561120986938477,3.259270668029785
3491925143.0,0.528018057346344,0.3001842200756073,9.511411666870115,2.135804891586304,-1.5889791250228882,3.292851209640503
3491933476.0,0.594768226146698,0.5212291479110718,9.370879173278809,2.689277410507202,-0.9432185888290404,3.337829351425171
3491941809.0,0.4190394282341003,0.7344284653663635,9.991442680358888,2.4930715560913086,-0.7649434208869934,3.171515703201294
3491950142.0,0.7528053522109985,0.4706334173679352,10.07142734527588,2.381906032562256,-1.1184711456298828,3.204993724822998
3491958475.0,0.5831432342529297,0.5838253498077393,10.040739059448242,2.575575351715088,-1.2195451259613037,3.300253629684448
3491966808.0,0.6899070143699646,0.4075182378292084,9.80730152130127,3.039628505706787,-0.7008823156356812,3.387828826904297
3491975141.0,0.5529879927635193,0.5102860927581787,9.826374053955078,3.0643978118896484,-0.6776758432388306,3.340595960617065
3491983474.0,0.7637125253677368,0.1618832200765609,9.790504455566406,3.2078628540039062,-0.8691678643226624,3.411418914794922
3491991807.0,0.7419552206993103,0.361900120973587,9.477295875549316,3.2060954570770264,-1.0467770099639893,3.291980266571045
3492000140.0,0.8041395545005798,0.5189778208732605,9.48575496673584,3.5835983753204346,-0.3966107964515686,3.4141340255737305
3492008473.0,0.5941669344902039,0.8060340881347656,9.721481323242188,3.419641494750977,-0.0636513829231262,3.2716169357299805
3492016806.0,0.8015760779380798,0.4855107367038727,9.90473461151123,3.062297344207764,-0.4101095497608185,3.200178623199463
3492025139.0,1.08651864528656,0.479792058467865,10.103553771972656,2.902925491333008,-0.520967960357666,3.286191463470459
3492033472.0,0.927611231803894,0.2187091559171676,9.862284660339355,3.285832643508911,0.2746742665767669,3.443513870239258
3492041805.0,0.6279810070991516,0.6208776831626892,10.065380096435549,3.202150821685791,1.177114963531494,3.484368324279785
3492050138.0,0.6455944180488586,0.6710502505302429,10.271376609802246,3.2358081340789795,0.7673384547233582,3.4360604286193848
3492058471.0,0.9160465002059937,0.7975265383720398,10.288851737976074,2.7243428230285645,-0.1642896980047226,3.4395182132720947
3492066804.0,0.9657763838768004,0.5517953634262085,10.001717567443848,2.5624356269836426,0.4350706338882446,3.628730535507202
3492075137.0,1.0176540613174438,0.6776635050773621,9.89557933807373,2.6109485626220703,1.6407326459884644,3.707186698913574
3492083470.0,0.7930852174758911,0.7916850447654724,10.08181095123291,2.64534878730774,1.636634349822998,3.622684955596924
3492091803.0,0.9030218124389648,0.7307430505752563,10.037288665771484,2.0792739391326904,1.3821569681167605,3.6532175540924072
3492100136.0,0.7010369300842285,0.684484601020813,10.171201705932615,2.067798852920532,1.63230562210083,3.708646774291992
3492108469.0,0.7455996870994568,0.526908814907074,9.972726821899414,2.33708119392395,2.3102118968963623,3.86566162109375
3492116802.0,0.4504474401473999,0.3587640821933746,10.157978057861328,2.6625871658325195,2.010935068130493,3.878391981124878
3492125135.0,0.635508120059967,0.3546513020992279,9.834218978881836,2.5477070808410645,1.6529507637023926,3.766355991363525
3492133468.0,0.5469390749931335,0.3885957896709442,9.891037940979004,2.6033411026000977,1.655255913734436,3.90582537651062
3492141801.0,0.8764879703521729,0.5965710878372192,9.82459545135498,3.0070724487304688,2.279910087585449,3.870579957962036
3492150134.0,0.6190860271453857,0.7528588175773621,10.231769561767578,3.3408002853393555,2.6547999382019043,3.800012588500977
3492158467.0,0.6392685174942017,0.918096661567688,10.04593276977539,3.287932872772217,2.764941453933716,3.807851076126098
3492166800.0,0.5592038035392761,1.0375295877456665,10.278493881225586,3.1189303398132324,2.548987865447998,3.803393840789795
3492175133.0,0.5644508600234985,0.994601309299469,10.113550186157228,2.98919415473938,2.7428364753723145,3.8193516731262207
3492183466.0,0.3307332396507263,0.9961338043212892,10.248003959655762,2.994368314743042,2.9189343452453613,4.004183769226074
3492191799.0,0.2486948817968368,0.7472025752067566,10.032976150512695,3.221105098724365,2.892193078994751,4.034971714019775
3492200132.0,0.1956921070814132,0.7725368738174438,10.048367500305176,3.172207832336426,2.4337751865386963,3.929953813552856
3492208465.0,0.4983814060688019,0.8436186909675598,9.759103775024414,3.166342258453369,1.999844431877136,4.001007556915283
3492216798.0,0.3876204490661621,1.0311729907989502,9.877592086791992,3.0182149410247803,2.434159278869629,4.02728796005249
3492225131.0,0.2264928519725799,1.0342140197753906,9.688092231750488,3.0499250888824463,2.855180263519287,3.992733955383301
3492233464.0,-0.0205755531787872,1.0298793315887451,10.116897583007812,2.753236055374145,2.925619602203369,4.0260329246521
3492241797.0,0.023950595408678,0.8352992534637451,10.091984748840332,2.736893653869629,1.9384721517562864,4.267062187194824
3492250130.0,0.0279121994972229,0.9909042716026306,9.917985916137695,2.46907114982605,1.442427158355713,4.21724271774292
3492258463.0,0.1708679497241974,0.6484830379486084,9.815810203552246,2.818039894104004,1.5641717910766602,4.3652167320251465
3492266796.0,0.1988973468542099,0.6351543664932251,9.715367317199709,2.352270603179932,1.5023133754730225,4.405789852142334
3492275129.0,0.0643615871667862,0.3120592832565307,9.761707305908203,2.606107473373413,0.927401840686798,4.451843738555908
3492283462.0,0.2897965908050537,0.742784321308136,9.410233497619627,2.532543182373047,0.981140434741974,4.499691009521484
3492291795.0,0.0820946842432022,0.920465648174286,9.686262130737305,2.7621493339538574,1.209747552871704,4.672356605529785
3492300128.0,-0.0970169156789779,1.014345645904541,9.809724807739258,2.43364691734314,1.4581032991409302,4.799915790557861
3492308461.0,-0.3753421306610107,0.8305129408836365,10.08640193939209,2.5358476638793945,0.7786599397659302,4.766360282897949
3492316794.0,-0.1221313625574112,0.904129445552826,9.70169162750244,2.845062732696533,-0.3318068087100982,4.973682880401611
3492325127.0,-0.01914325915277,0.61542809009552,9.696192741394045,2.859816551208496,-0.8731635808944702,5.113791942596436
3492333460.0,0.2273672521114349,0.775968074798584,9.239517211914062,2.679133653640747,-0.4554722905158996,5.100652694702148
3492341793.0,0.1261373460292816,0.7398107051849365,9.83771800994873,2.892730474472046,0.0580546595156192,5.263097286224365
3492350126.0,0.2076538354158401,0.9823639392852784,9.87832736968994,2.8346636295318604,-0.0886764898896217,5.149242401123047
3492358459.0,0.0185160655528306,1.2462207078933716,10.247761726379396,2.9162189960479736,-0.0785844773054122,5.173832416534424
3492366792.0,0.2425670325756073,1.3505860567092896,10.097373962402344,2.7312843799591064,-0.0984867364168167,5.276520252227783
3492375125.0,-0.0868903249502182,1.507184982299805,10.214475631713867,2.556390285491944,-0.4490174949169159,5.201162338256836
3492383458.0,0.0622332245111465,1.109304666519165,9.940333366394045,2.5688130855560303,-0.3440760374069214,5.4365315437316895
3492391791.0,0.0502272546291351,0.883382260799408,10.05077075958252,2.5344645977020264,-1.0082532167434692,5.398494720458984
3492400124.0,0.2854604125022888,0.6417672038078308,9.482285499572754,2.551549434661865,-1.2327876091003418,5.418269157409668
3492408457.0,0.2819767594337463,1.0934762954711914,9.445840835571287,2.6530840396881104,-0.7132796049118042,5.348777770996094
3492416790.0,0.1758419871330261,1.094263195991516,9.660212516784668,2.6763925552368164,0.027420038357377,5.196475028991699
3492425123.0,0.1250634640455246,1.0407003164291382,10.00369358062744,2.18836522102356,-0.0047898618504405,5.132798194885254
3492433456.0,0.1907879412174224,0.718291163444519,10.088394165039062,2.211827516555786,-0.3827791213989258,5.215429306030273
3492441789.0,0.0615278594195842,0.7447335124015808,10.022242546081545,2.55562162399292,-0.3541679978370666,5.314069747924805
3492450122.0,0.1319084167480468,0.6901292204856873,9.976035118103027,2.856947660446167,-0.5575706362724304,5.376671314239502
3492458455.0,0.3731575608253479,0.8462386727333069,10.140591621398926,2.672473907470703,-0.7809011340141296,5.327235698699951
3492466788.0,0.4863822758197784,0.8963895440101624,10.03212547302246,2.5020883083343506,-0.8557204008102417,5.405846118927002
3492475121.0,0.4328278303146362,1.2393795251846311,9.861505508422852,2.4097487926483154,-0.0673910528421402,5.297523498535156
3492483454.0,0.3140073716640472,1.0569179058074951,9.902892112731934,2.6102566719055176,0.4842755198478699,5.405563831329346
3492491787.0,0.4319387972354889,0.8805497884750366,10.205031394958496,1.9475399255752563,0.2886596322059631,5.474184513092041
3492500120.0,0.3570439517498016,0.8391998410224915,10.161429405212402,1.6735445261001587,-0.1185939088463783,5.508021354675293
3492508453.0,0.3826290071010589,1.156810283660889,9.87317943572998,2.1046574115753174,0.5498223304748535,5.407536506652832
3492516786.0,0.071327768266201,0.9802483916282654,10.128479957580566,2.4574427604675293,1.2094402313232422,5.527078628540039
3492525119.0,0.2210898399353027,0.7521439790725708,10.278136253356934,2.236622333526612,0.5935970544815063,5.531023025512695
3492533452.0,0.3054157197475433,0.713445246219635,9.98405933380127,2.1151340007781982,-0.200149655342102,5.413069248199463
3492541785.0,0.6701042652130127,0.6380782723426819,9.59381103515625,2.431597948074341,0.5824549794197083,5.535864353179932
3492550118.0,0.3186346292495727,0.7804431915283203,9.713467597961426,2.8631715774536133,1.605615496635437,5.503205299377441
3492558451.0,0.1045811548829078,0.6148695945739746,9.883539199829102,2.9590203762054443,2.369790554046631,5.444907188415527
3492566784.0,-0.1994519829750061,0.8898409008979797,10.34913444519043,3.0042295455932617,1.759428858757019,5.446930885314941
3492575117.0,-0.0345398224890232,1.0489387512207031,10.2738618850708,2.8675007820129395,1.486739993095398,5.36199426651001
3492583450.0,0.0400764718651771,1.0977864265441897,10.34300422668457,2.8079991340637207,1.427109956741333,5.41563081741333
3492591783.0,0.1652514189481735,0.8841187357902527,9.821112632751465,3.0873732566833496,1.644292950630188,5.404078006744385
3492600116.0,-0.0047903126105666,0.840225338935852,9.920577049255373,3.1059181690216064,1.6224441528320312,5.500310897827148
3492608449.0,-0.0168437790125608,1.0578460693359375,9.82192611694336,3.2406487464904785,1.9331445693969729,5.453104019165039
3492616782.0,-0.1421434730291366,1.494450569152832,10.007052421569824,2.815145492553711,2.0382657051086426,5.244476318359375
3492625115.0,-0.0953614264726638,1.3939626216888428,9.916985511779783,2.762840986251831,2.173534154891968,5.291401386260986
3492633448.0,-0.1337521970272064,0.9847943186759948,10.123513221740724,2.344407081604004,2.307035684585572,5.34726619720459
3492641781.0,-0.2199945449829101,0.5916873812675476,10.162042617797852,2.2769904136657715,1.978687286376953,5.49290943145752
3492650114.0,-0.2860887944698334,0.9703273177146912,9.989906311035156,2.276785373687744,2.004326820373535,5.439964294433594
3492658447.0,-0.2483108341693878,1.086199402809143,10.052748680114746,2.562384366989136,1.7299470901489258,5.322497367858887
3492666780.0,-0.0015798935201019,1.2273763418197632,9.901516914367676,2.208651542663574,1.410716891288757,5.259255886077881
3492675113.0,-0.2459653615951538,1.1287187337875366,9.90558910369873,1.95898962020874,1.5731621980667114,5.347829818725586
3492683446.0,-0.0791472345590591,1.0431662797927856,9.80256462097168,1.88060998916626,2.013522386550904,5.562528133392334
3492691779.0,-0.197594553232193,0.9742827415466307,10.013510704040527,1.897412896156311,1.614273190498352,5.528077602386475
3492700112.0,-0.2938894033432007,0.779914915561676,9.676466941833496,1.8783304691314693,1.671700358390808,5.571160316467285
3492708445.0,-0.5311271548271179,0.8064166903495789,9.82242488861084,2.13739275932312,1.999921202659607,5.681173324584961
3492716778.0,-0.4109983742237091,0.5956484079360962,9.976503372192385,2.328116178512573,1.6381713151931765,5.68883228302002
3492725111.0,-0.2263143211603164,0.6881368160247803,10.0103178024292,2.5058279037475586,0.8201550841331482,5.747335433959961
3492733444.0,-0.0074926833622157,0.7453457713127136,9.497377395629885,2.5815179347991943,0.8579872846603394,5.688704490661621
3492741777.0,-0.3283741474151611,1.031202793121338,9.541815757751465,2.787482023239136,1.51010000705719,5.868746280670166
3492750110.0,-0.4577689468860626,1.0095946788787842,9.91376495361328,2.7077958583831787,2.2093684673309326,5.8859076499938965
3492758443.0,-0.4768866896629333,1.2620189189910889,10.417981147766112,2.631286144256592,1.611506700515747,5.843413352966309
3492766776.0,-0.2486554831266403,1.1265681982040403,9.957340240478516,2.9087910652160645,0.6332222819328308,5.841467380523682
3492775109.0,-0.327620267868042,0.8420021533966064,9.830592155456545,2.7947819232940674,0.9944086670875548,5.980449676513672
3492783442.0,-0.1553281098604202,0.6123383045196533,9.29788875579834,3.0727219581604004,1.289125919342041,6.156291961669922
3492791775.0,-0.5626435279846191,0.7068173885345459,9.54740047454834,3.1406257152557373,1.505720138549805,6.225963115692139
3492800108.0,-0.5735819339752197,0.7650451064109802,9.657159805297852,3.5501973628997803,1.4925543069839478,6.224886894226074
3492808441.0,-0.4587401747703552,1.2324765920639038,9.91464900970459,3.6113126277923584,1.1143088340759275,6.0741472244262695
3492816774.0,-0.3467630445957184,1.1433566808700562,9.901612281799316,3.4102156162261963,0.7018172740936279,6.084367752075195
3492825107.0,-0.2802847623825073,1.3019769191741943,9.445470809936523,3.015141487121582,0.977452039718628,6.134879112243652
3492833440.0,-0.6405839323997498,0.7857486009597778,9.849512100219728,3.2929024696350098,1.4298508167266846,6.169586181640625
3492841773.0,-0.6590383052825928,0.7869587540626526,10.061351776123049,3.0960569381713867,1.740013599395752,6.281955242156982
3492850106.0,-0.617249071598053,0.9376888275146484,10.174625396728516,3.363417863845825,0.6573253273963928,6.368454456329346
3492858439.0,-0.1696123331785202,1.3601518869400024,9.839676856994627,3.357629537582397,0.1787489652633667,6.391303062438965
3492866772.0,-0.2209828346967697,1.473466873168945,9.638319969177246,3.1513831615448,0.6500763893127441,6.388791561126709
3492875105.0,-0.3637847900390625,1.2053837776184082,9.708839416503906,2.7407102584838867,1.5669894218444824,6.632870674133301
3492883438.0,-0.5971933603286743,1.210248947143555,9.970074653625488,2.549320936203003,1.6523360013961792,6.531669616699219
3492891771.0,-0.5049917697906494,1.2092385292053225,9.97363567352295,2.499987840652466,0.9824979901313782,6.748313426971436
3492900104.0,-0.7053235769271851,1.0213611125946045,9.770589828491213,2.586846113204956,0.6892918944358826,6.660943984985352
3492908437.0,-0.6036417484283447,1.0193285942077637,9.541474342346191,2.7485227584838867,0.9852131605148317,6.807354927062988
3492916770.0,-0.597602903842926,0.9594539999961852,9.829299926757812,2.875672101974488,0.9369047284126282,6.818573951721191
3492925103.0,-0.3825235664844513,1.1207857131958008,9.713082313537598,2.99759578704834,0.6295338869094849,6.810582160949707
3492933436.0,-0.3532686531543731,1.1716110706329346,9.73167324066162,2.96378493309021,0.4293842613697052,6.889397144317627
3492941769.0,-0.3992576599121094,1.2450512647628784,9.81301212310791,3.0220320224761963,1.0041934251785278,7.012577056884766
3492950102.0,-0.7346092462539673,1.5745240449905396,9.93444538116455,2.930665969848633,1.6057181358337402,7.002920627593994
3492958435.0,-0.6420242786407471,1.458921194076538,10.344231605529783,3.2106802463531494,1.083751201629639,6.977202892303467
3492966768.0,-0.6865062117576599,1.4624375104904177,10.096769332885742,2.995802640914917,0.3290276527404785,6.902076244354248
3492975101.0,-0.5649530291557312,1.288211703300476,9.593655586242676,3.068060874938965,0.742518424987793,7.104147911071777
3492983434.0,-0.6520013809204102,1.3924163579940796,9.693896293640137,3.1331722736358643,1.4042621850967407,7.107170581817627
3492991767.0,-0.437959611415863,1.3582733869552612,9.83745002746582,3.1136796474456787,1.082777976989746,7.142697334289551
3493000100.0,-0.376298725605011,1.341673731803894,10.028528213500977,2.7847156524658203,0.7819129824638367,6.932096004486084
3493008433.0,-0.3652114570140838,1.5208417177200315,9.806059837341309,2.934636116027832,1.0763230323791504,7.059270858764648
3493016766.0,-0.723727285861969,1.916797518730164,9.750859260559082,2.936403512954712,1.4349480867385864,7.038524150848389
3493025099.0,-0.8252835869789124,1.558314085006714,10.182782173156738,2.764992475509644,1.3427108526229858,6.948078632354736
3493033432.0,-0.847308337688446,1.424116611480713,10.200389862060549,2.2086002826690674,0.6363216042518616,6.962627410888672
3493041765.0,-0.4990379810333252,1.2011688947677612,9.936391830444336,2.2385432720184326,0.2677583992481231,7.18708610534668
3493050098.0,-0.4810619354248047,1.249163269996643,9.625078201293944,2.576472520828247,0.8083214163780212,7.170258522033691
3493058431.0,-0.7045418620109558,1.0903834104537964,9.747861862182615,2.7032113075256348,1.7456998825073242,7.258140563964844
3493066764.0,-0.6510049700737,1.2441425323486328,10.224204063415527,2.380728006362915,1.1830575466156006,7.40695858001709
3493075097.0,-0.5918288230895996,1.15427827835083,10.092463493347168,2.263901710510254,0.3815369307994842,7.291720390319824
3493083430.0,-0.3715092539787292,1.3726903200149536,9.849712371826172,2.4617462158203125,0.5754110813140869,7.446482181549072
3493091763.0,-0.4730520248413086,1.039097547531128,9.87588119506836,2.6251649856567383,0.9439744353294371,7.61691951751709
3493100096.0,-0.7078644037246704,1.1980589628219604,9.814444541931152,2.540381669998169,1.0714564323425293,7.538589954376221
3493108429.0,-0.6248114109039307,1.2282490730285645,9.708683967590332,2.7709603309631348,0.612525999546051,7.656312465667725
3493116762.0,-0.5303919911384583,1.1041259765625,9.865626335144045,2.7516732215881348,0.122115857899189,7.718836784362793
3493125095.0,-0.3484691679477691,0.9531035423278807,9.455422401428224,3.096261501312256,0.2596898972988128,7.840427398681641
3493133428.0,-0.401349276304245,1.1874430179595947,9.5780611038208,3.069110631942749,0.725254237651825,7.993268013000488
3493141761.0,-0.6465218663215637,1.2404056787490845,9.885692596435549,3.254455089569092,1.23446524143219,8.08279037475586
3493150094.0,-0.8715531229972839,1.569411039352417,9.966360092163086,3.457115173339844,1.26069438457489,8.138168334960938
3493158427.0,-0.6540561318397522,1.6066794395446775,10.416841506958008,3.425404787063598,0.6766896843910217,8.28232479095459
3493166760.0,-0.5130230188369751,1.5752376317977903,10.079496383666992,3.440747261047364,0.152468740940094,8.226152420043945
3493175093.0,-0.3872547447681427,1.558057188987732,9.709424018859863,3.4432578086853027,0.3378133773803711,8.381145477294922
3493183426.0,-0.3088706731796264,1.3023656606674194,9.710878372192385,3.60647177696228,0.7958727478981018,8.529450416564941
3493191759.0,-0.1090696230530738,1.4447321891784668,9.602252006530762,3.480987548828125,0.7987415194511414,8.51754093170166
3493200092.0,-0.163443237543106,1.381995677947998,9.763375282287598,3.6012978553771973,0.6513828635215759,8.507397651672363
3493208425.0,-0.6096619963645935,1.784160017967224,9.570233345031738,3.682289123535156,1.5896321535110474,8.776166915893555
3493216758.0,-0.7667332887649536,1.9391323328018188,10.07966423034668,3.777575254440308,1.7909348011016846,8.656908988952637
3493225091.0,-0.8436570763587952,2.084735870361328,10.42881965637207,3.3070414066314697,0.9088059663772584,8.803216934204102
3493233424.0,-0.667813241481781,1.8795517683029173,10.040924072265623,2.9443182945251465,0.3866341114044189,8.835618019104004
3493241757.0,-0.5877748727798462,1.641270875930786,9.939139366149902,2.8993141651153564,0.719977855682373,8.963178634643555
3493250090.0,-0.2543639242649078,1.3209997415542605,9.954177856445312,3.029920816421509,0.742851197719574,9.14785385131836
3493258423.0,-0.1940734535455703,1.4537888765335083,9.836438179016112,3.002154588699341,0.4379394054412842,9.295238494873049
3493266756.0,-0.2709185779094696,1.594050407409668,9.590829849243164,2.9875545501708984,0.8234847784042358,9.41349983215332
3493275089.0,-0.3418139815330505,1.9487887620925903,9.506266593933104,3.063449621200561,1.3127424716949463,9.44695281982422
3493283422.0,-0.3505756556987762,1.6610732078552246,10.041016578674316,2.9324076175689697,1.606409788131714,9.598026275634766
3493291755.0,-0.4217680394649505,1.5889393091201782,10.10752773284912,2.8494174480438232,1.0166162252426147,9.660037994384766
3493300088.0,-0.4610466063022613,1.5132899284362793,9.71440887451172,3.36531400680542,1.105600118637085,9.87437915802002
3493308421.0,-0.4567213058471679,1.3880105018615725,9.538836479187012,3.548660516738892,1.2183027267456057,9.980319023132324
3493316754.0,0.0224867165088653,1.3234548568725586,9.552637100219728,3.7290618419647217,1.0300638675689695,10.054037094116213
3493325087.0,0.2485732585191726,1.2490898370742798,9.783032417297363,3.7734508514404297,0.1803626418113708,10.317530632019045
3493333420.0,0.0841491594910621,1.919939994812012,9.30135440826416,3.879647731781006,0.8611122369766235,10.363661766052246
3493341753.0,-0.4374500513076782,2.261204719543457,9.46733856201172,4.219215393066406,2.801826000213623,10.423162460327148
3493350086.0,-0.823598325252533,2.243349552154541,10.17934513092041,4.359094619750977,2.53205680847168,10.539323806762695
3493358419.0,-0.6727476119995117,1.8933781385421755,10.456624031066896,3.614694118499756,1.1396158933639526,10.647774696350098
3493366752.0,-0.2939603626728058,1.807218670845032,9.83322525024414,3.713897466659546,0.1721916943788528,10.873767852783203
3493375085.0,-0.1596086621284485,2.039083242416382,9.502488136291504,4.402127265930176,1.4936559200286863,11.151556015014648
3493383418.0,-0.3692394495010376,1.770426869392395,9.648210525512695,4.485987663269043,2.524244546890259,11.200682640075684
3493391751.0,-0.3679538071155548,1.8725125789642327,9.99293613433838,4.251233100891113,1.6712136268615725,11.211132049560549
3493400084.0,-0.3752786815166473,2.2853338718414307,9.917794227600098,4.191347122192383,0.8700771927833557,11.262003898620604
3493408417.0,-0.0999645888805389,2.4708054065704346,9.595707893371582,4.3787150382995605,1.2908421754837036,11.269227027893066
3493416750.0,0.0592198707163333,2.3502776622772217,9.789199829101562,4.312911987304688,1.85630202293396,11.374781608581545
3493425083.0,-0.2998574078083038,2.203467845916748,9.592168807983398,3.8228607177734375,1.931941032409668,11.572474479675291
3493433416.0,-0.8477529287338257,2.097862482070923,9.906707763671877,3.629550218582153,1.9589383602142327,11.690862655639648
3493441749.0,-0.7765551209449768,2.097756147384644,10.06357765197754,3.992709159851074,1.97320556640625,11.957585334777832
3493450082.0,-0.6309640407562256,1.82700514793396,10.366202354431152,3.9894051551818848,1.137797236442566,12.06944179534912
3493458415.0,-0.4661865532398224,2.093412160873413,9.80064868927002,4.0783891677856445,1.2182517051696775,12.118596076965332
3493466748.0,-0.3655758500099182,2.113677740097046,9.509037017822266,4.037815570831299,1.3547242879867554,12.30788516998291
3493475081.0,-0.3475531935691833,2.1957666873931885,9.624476432800291,4.054157733917236,1.871952772140503,12.569202423095703
3493483414.0,-0.4336560368537903,2.335191249847412,9.942391395568848,3.665179967880249,1.934323072433472,12.630956649780272
3493491747.0,-0.2757814824581146,2.463661432266236,10.05832576751709,3.757211446762085,1.4818220138549805,12.64734935760498
3493500080.0,-0.1769659370183944,2.533750295639038,9.834192276000977,3.921911001205444,1.1340831518173218,12.713768005371094
3493508413.0,-0.0589197091758251,2.209182977676392,9.686553955078123,3.734440565109253,1.3627158403396606,12.916221618652344
3493516746.0,-0.4925836324691772,2.049853563308716,9.531656265258787,3.744482278823853,2.119309663772583,13.331356048583984
3493525079.0,-1.054112434387207,2.3976590633392334,9.685647010803224,4.434528350830078,2.5754988193511963,13.449254989624023
3493533412.0,-1.162208080291748,2.408705234527588,10.44993782043457,4.458657741546631,1.9243593215942385,13.376511573791504
3493541745.0,-0.8046664595603943,2.7906501293182373,10.04792022705078,4.215246677398682,0.8150579929351807,13.443315505981444
3493550078.0,-0.4495187103748321,2.989901304244995,10.11642074584961,4.0007004737854,0.9944343566894532,13.688183784484863
3493558411.0,-0.3428867757320404,2.6622660160064697,9.582438468933104,3.8591558933258057,1.768880844116211,13.7901029586792
3493566744.0,-0.6686810255050659,2.60932993888855,9.720208168029783,4.012022018432617,2.1086792945861816,14.051932334899902
3493575077.0,-0.7956184148788452,2.536871194839477,9.79245376586914,3.91363787651062,1.647802233695984,14.127264022827148
3493583410.0,-0.5578790307044983,2.595918655395508,9.594612121582031,4.21132755279541,0.7712832689285278,14.19793701171875
3493591743.0,-0.7597518563270569,2.869422674179077,9.539172172546388,3.990737438201904,1.0619280338287354,14.308103561401367
3493600076.0,-1.0046305656433103,2.954028367996216,9.832402229309082,4.065248966217041,2.3600833415985107,14.499311447143556
3493608409.0,-1.299025058746338,3.123206377029419,10.094696998596191,3.974420070648194,1.994568109512329,14.467626571655272
3493616742.0,-1.3805296421051023,3.2983341217041016,10.36312484741211,3.697274923324585,1.2780609130859375,14.434585571289062
3493625075.0,-1.102705478668213,2.9541947841644287,10.150519371032717,3.282273292541504,0.7678253054618835,14.511275291442873
3493633408.0,-0.7051976919174194,3.029685735702514,9.719698905944824,3.0387072563171387,0.7234870195388794,14.571853637695312
3493641741.0,-0.3283510506153106,2.770524263381958,9.919218063354492,2.7350759506225586,0.8779152631759644,14.824715614318848
3493650074.0,-0.5157369375228882,2.5180649757385254,9.453902244567873,2.6966030597686768,1.3502161502838137,14.861368179321287
3493658407.0,-1.1182090044021606,2.6335225105285645,9.614540100097656,2.929462194442749,2.243922472000122,14.955118179321287
3493666740.0,-1.1957321166992188,2.7512545585632324,10.023516654968262,3.216290235519409,2.064802408218384,15.041335105895996
3493675073.0,-0.9768304824829102,2.8020756244659424,10.26247787475586,2.854438066482544,0.3012362420558929,15.122353553771973
3493683406.0,-0.9772272109985352,3.0067853927612305,9.416827201843262,2.533799171447754,0.3111489713191986,15.232083320617676
3493691739.0,-0.5735278725624084,3.0401387214660645,9.40832233428955,2.612691164016724,1.543475866317749,15.350579261779783
3493700072.0,-0.6393846869468689,2.747299671173096,9.6112642288208,2.708334445953369,1.5702425241470337,15.463380813598633
3493708405.0,-1.0484837293624878,2.514469861984253,9.825139045715332,2.4893839359283447,1.440685749053955,15.653514862060549
3493716738.0,-1.283216118812561,2.750353574752808,9.591654777526855,2.650625228881836,1.6086639165878296,15.61219882965088
3493725071.0,-1.4055051803588867,3.203066349029541,10.078086853027344,3.0035641193389893,1.6366859674453735,15.593552589416504
3493733404.0,-1.365654230117798,3.395660161972046,10.315346717834473,2.6848206520080566,1.233312726020813,15.658560752868652
3493741737.0,-1.0440609455108645,3.2195372581481934,10.4198579788208,2.17261266708374,0.6378073692321777,15.7861967086792
3493750070.0,-0.7675602436065674,3.025378942489624,9.895374298095703,2.18541955947876,0.4323811829090118,16.101839065551758
3493758403.0,-0.764568030834198,2.9795053005218506,9.557662010192873,2.2319607734680176,1.096609592437744,16.04981803894043
3493766736.0,-0.7443184852600098,2.680630207061768,9.527605056762695,2.414206027984619,1.1584423780441284,16.062498092651367
3493775069.0,-0.8434646129608154,2.7958738803863525,9.294466018676758,2.5215296745300293,0.9347532391548156,15.979917526245115
3493783402.0,-1.1102993488311768,2.719746351242065,9.426691055297852,2.452320337295532,1.4592818021774292,16.15276336669922
3493791735.0,-1.2251825332641602,2.6151585578918457,9.68482780456543,2.6675567626953125,1.7229546308517456,16.158065795898438
3493800068.0,-1.3227295875549316,2.706080913543701,10.012510299682615,2.830130815505981,1.1421775817871094,16.21206283569336
3493808401.0,-1.0638561248779297,3.0389673709869385,10.051133155822754,2.8655292987823486,0.6579914093017578,16.244922637939453
3493816734.0,-0.8005160689353943,3.0057411193847656,9.821773529052734,2.805335998535156,0.5694686770439148,16.173152923583984
3493825067.0,-0.6920837163925171,3.0844287872314453,9.639900207519531,2.68115782737732,1.290150761604309,16.170154571533203
3493833400.0,-0.7602560520172119,3.17606258392334,9.920477867126465,2.573629379272461,2.0612165927886963,16.280733108520508
3493841733.0,-0.9150049090385436,2.9184484481811523,9.663396835327148,2.1780431270599365,1.949743270874024,16.2271728515625
3493850066.0,-0.9943220615386964,2.7085118293762207,9.818891525268556,2.138571262359619,2.0504329204559326,16.345176696777344
3493858399.0,-0.9028825759887696,2.6658217906951904,9.93951416015625,2.269460439682007,1.858786940574646,16.432777404785156
3493866732.0,-0.96209716796875,2.4440958499908447,9.9083890914917,2.496299743652344,1.695035099983215,16.447786331176758
3493875065.0,-1.1565505266189575,2.7504255771636963,9.893716812133787,2.5416879653930664,1.9168287515640257,16.400859832763672
3493883398.0,-1.0482232570648191,2.8802297115325928,9.836817741394045,2.521324872970581,1.8160111904144287,16.5722713470459
3493891731.0,-1.0475715398788452,2.751441478729248,9.87770938873291,2.52824068069458,1.4266235828399658,16.39827537536621
3493900064.0,-0.9085055589675904,2.81702208518982,9.651185035705566,2.4330837726593018,1.722237467765808,16.52206802368164
3493908397.0,-1.0993167161941528,2.9552481174468994,9.855178833007812,2.6043407917022705,1.9839895963668823,16.658567428588867
3493916730.0,-1.5683881044387815,3.098285675048828,9.81515121459961,2.5361557006835938,2.321687698364258,16.730749130249023
3493925063.0,-1.8145095109939573,3.4107344150543213,10.173131942749023,2.209881544113159,2.361414909362793,16.65733528137207
3493933396.0,-1.5288550853729248,3.4654552936553955,10.485687255859377,1.994362950325012,1.518296718597412,16.722806930541992
3493941729.0,-1.2468315362930298,3.3989408016204834,10.12506103515625,1.6128387451171875,0.5667278170585632,16.629236221313477
3493950062.0,-1.1472551822662354,3.037305355072021,9.908203125,1.5775681734085083,0.9380830526351928,16.91309356689453
3493958395.0,-1.0448930263519287,2.77315354347229,9.54987335205078,1.6656811237335205,1.1569823026657104,16.810535430908203
3493966728.0,-1.2681987285614014,2.700238943099976,9.523332595825195,1.479106903076172,1.4931179285049438,16.81263542175293
3493975061.0,-1.1438231468200684,2.985062599182129,9.59218406677246,1.873976230621338,1.2727075815200806,16.69939422607422
3493983394.0,-1.50790274143219,2.930356740951538,9.757176399230955,1.7446244955062866,1.2352341413497925,16.531291961669922
3493991727.0,-1.7944365739822388,3.184286594390869,9.977604866027832,1.5734955072402954,1.7998995780944824,16.650802612304688
3494000060.0,-1.563166618347168,3.503187656402588,10.47814655303955,1.552159070968628,1.125374436378479,16.57883071899414
3494008393.0,-1.108109474182129,3.503544330596924,10.219294548034668,1.2398958206176758,-0.0606801435351371,16.426349639892578
3494016726.0,-1.0485402345657349,3.199944972991944,9.833938598632812,0.8714349865913391,0.3466503322124481,16.45595932006836
3494025059.0,-0.9326779842376708,3.2888739109039307,9.40687656402588,0.883012592792511,1.4336676597595217,16.382883071899414
3494033392.0,-0.7320606708526611,2.876631498336792,10.010180473327637,0.868591845035553,1.4772374629974363,16.557777404785156
3494041725.0,-0.8879727721214294,3.079429626464844,9.414466857910156,0.5475171804428101,0.767415463924408,16.32391929626465
3494050058.0,-1.0791287422180176,2.990835666656494,9.381616592407228,0.3327417969703674,1.6472647190093994,16.29745864868164
3494058391.0,-1.0396071672439575,2.800157070159912,9.60551643371582,0.4614790678024292,2.2554492950439453,16.265851974487305
3494066724.0,-1.3831974267959597,2.39168643951416,9.97844696044922,0.3682431578636169,1.7882709503173828,16.389745712280273
3494075057.0,-1.4135797023773191,2.1360983848571777,9.59386920928955,0.4873749911785126,1.3982174396514893,16.375864028930664
3494083390.0,-1.2577883005142212,2.1365208625793457,9.34657382965088,0.9604955911636353,0.9923340678215028,16.239158630371094
3494091723.0,-0.8121119141578674,2.405372142791748,8.998359680175781,1.5954983234405518,1.0621843338012695,16.419767379760742
3494100056.0,-0.7925808429718018,2.2360057830810547,8.87269115447998,1.471038818359375,1.3970392942428589,16.350404739379883
3494108389.0,-0.7109518647193909,2.177793502807617,8.850540161132812,1.4666842222213743,2.264183521270752,16.499116897583008
3494116722.0,-1.1428085565567017,2.4738478660583496,9.361580848693848,1.7294094562530518,2.876338243484497,16.53782081604004
3494125055.0,-1.4265797138214111,2.7808306217193604,9.756807327270508,2.02433180809021,3.0011560916900635,16.700597763061523
3494133388.0,-1.3624016046524048,2.6865038871765137,9.911908149719238,2.050816774368286,2.0421078205108643,16.699880599975586
3494141721.0,-1.1614879369735718,2.4034652709960938,9.692634582519531,2.08119535446167,1.3645601272583008,16.798267364501953
3494150054.0,-0.8315927982330322,2.1557600498199463,9.57213020324707,2.077967882156372,1.613991618156433,16.8109188079834
3494158387.0,-0.6567736864089966,2.3419957160949707,9.235003471374512,2.3561644554138184,2.0392394065856934,16.837255477905273
3494166720.0,-0.6055433750152588,2.4131052494049072,9.021753311157228,2.78650975227356,2.4923810958862305,16.94808578491211
3494175053.0,-0.7354923486709595,1.9149787425994875,9.118603706359863,2.8193726539611816,2.875160455703736,16.8450927734375
3494183386.0,-1.2470173835754397,1.909619927406311,9.38314437866211,2.918653011322021,3.538235902786255,16.959251403808594
3494191719.0,-1.717597723007202,2.730794668197632,9.790388107299805,3.1882429122924805,4.464882373809815,16.85262107849121
3494200052.0,-1.5613919496536257,3.3277182579040527,10.624760627746582,3.2485897541046143,3.69855523109436,16.869062423706055
3494208385.0,-1.1549628973007202,3.175936698913574,10.399951934814451,2.9019010066986084,1.9113730192184448,16.648883819580078
3494216718.0,-0.9683780074119568,2.930762767791748,9.6559419631958,2.366230726242065,2.0069398880004883,16.81760597229004
3494225051.0,-1.0131536722183228,2.86840295791626,9.589703559875488,2.566636800765991,3.762258291244507,16.81460952758789
3494233384.0,-1.3769078254699707,2.9695119857788086,9.70688533782959,2.641865968704224,4.432992935180664,16.578577041625977
3494241717.0,-1.6382288932800293,3.028491497039795,10.208901405334473,2.211956024169922,3.8023440837860094,16.47865104675293
3494250050.0,-1.4768555164337158,3.0292930603027344,10.157854080200195,1.8775110244750977,3.007918119430542,16.496145248413086
3494258383.0,-1.4527610540390017,3.184579849243164,9.769126892089844,1.546446681022644,3.046032428741455,16.46164321899414
3494266716.0,-1.5654895305633545,3.09916090965271,9.825921058654783,1.212129831314087,3.882388830184937,16.39963150024414
3494275049.0,-1.837354063987732,2.834526777267456,10.026286125183104,1.1005542278289795,3.784977436065674,16.39653205871582
3494283382.0,-2.0951149463653564,2.7919797897338867,10.109972953796388,1.0197157859802246,3.0323805809021,16.364389419555664
3494291715.0,-2.008035659790039,2.8180277347564697,9.854765892028809,1.2279081344604492,2.4605166912078857,16.16339111328125
3494300048.0,-1.865580677986145,2.7569522857666016,9.87065315246582,1.1738110780715942,2.3463027477264404,16.2817325592041
3494308381.0,-1.4263577461242676,2.5854837894439697,9.777037620544434,1.105574607849121,2.1431305408477783,16.02525520324707
3494316714.0,-1.8957988023757928,2.773983955383301,9.386168479919434,1.1151031255722046,2.4978365898132324,16.019824981689453
3494325047.0,-1.985073447227478,2.349639177322388,9.640153884887695,1.5547716617584229,3.465414524078369,16.140724182128906
3494333380.0,-2.083079099655152,2.4624242782592773,10.216593742370604,1.5146851539611816,2.3563177585601807,16.119976043701172
3494341713.0,-2.6679186820983887,3.075010299682617,9.80913257598877,1.2607711553573608,2.073869466781616,16.09482192993164
3494350046.0,-2.371511220932007,3.039219379425049,10.007047653198242,1.588505506515503,2.1205389499664307,16.065265655517578
3494358379.0,-2.134080648422241,2.880476474761963,10.110922813415527,1.5107150077819824,0.9784768223762512,15.926305770874023
3494366712.0,-2.0857295989990234,2.136783599853516,9.776230812072754,1.0169236660003662,0.4490816295146942,16.0884952545166
3494375045.0,-2.321674346923828,2.374908685684204,9.30274772644043,1.6657323837280271,1.326676607131958,15.969542503356934
3494383378.0,-2.390231847763061,2.234227418899536,9.628317832946776,2.3679211139678955,1.3371272087097168,15.938345909118652
3494391711.0,-2.3938629627227783,2.429359674453736,10.029763221740724,2.127941370010376,0.3885295987129211,15.896671295166016
3494400044.0,-2.4347245693206787,2.484863042831421,9.887201309204102,1.6374030113220217,-0.095669187605381,15.955634117126465
3494408377.0,-2.332672119140625,3.1953670978546143,9.763147354125977,2.062932252883911,0.0122051844373345,15.870365142822266
3494416710.0,-2.4158830642700195,3.056044340133667,9.940156936645508,1.99397873878479,0.4331752061843872,15.872644424438477
3494425043.0,-2.30002760887146,2.753036499023437,10.064183235168455,1.2593882083892822,-0.5125665664672852,15.822467803955078
3494433376.0,-2.2568728923797607,2.4401841163635254,9.764004707336426,1.2584147453308103,-1.101335525512695,15.833786964416504
3494441709.0,-2.2269656658172607,2.5282094478607178,9.530762672424316,1.3898415565490725,-0.9897854328155518,15.84267520904541
3494450042.0,-2.0015125274658203,2.356801986694336,9.660099029541016,1.5373282432556152,-0.9658105373382568,15.953432083129885
3494458375.0,-1.926107168197632,2.3808703422546387,9.548879623413086,1.1049854755401611,-1.6468162536621094,15.790550231933594
3494466708.0,-1.854421854019165,2.2974190711975098,9.4645357131958,1.0113654136657717,-1.5757367610931396,15.822415351867676
3494475041.0,-1.85221004486084,2.5512609481811523,9.31877326965332,1.1236838102340698,-0.7436837553977966,15.702309608459473
3494483374.0,-2.031680107116699,2.442507743835449,9.839168548583984,1.1483759880065918,-0.5312649011611938,15.717728614807127
3494491707.0,-2.101309299468994,2.480376720428467,9.986176490783691,0.9405420422554016,-1.007459282875061,15.801512718200684
3494500040.0,-1.847697615623474,2.351857900619507,9.776212692260742,0.9917705059051514,-1.5819610357284546,15.712349891662598
3494508373.0,-1.5768948793411257,2.023478031158448,9.766122817993164,1.4678623676300049,-1.953188180923462,15.677388191223145
3494516706.0,-1.5213552713394165,2.029337406158448,9.384662628173828,1.2387686967849731,-1.4950008392333984,15.683484077453612
3494525039.0,-1.5573338270187378,2.1984784603118896,9.461596488952637,1.349217176437378,-0.5999622941017151,15.61655330657959
3494533372.0,-1.492265701293945,2.276811361312866,9.85767936706543,1.6088433265686035,-0.6264218688011169,15.6947021484375
3494541705.0,-1.5966780185699463,2.370816707611084,9.895687103271484,1.3555442094802856,-0.7339505553245544,15.585102081298828
3494550038.0,-1.639298915863037,2.628650665283203,9.936744689941406,1.5358171463012695,-0.2569108605384826,15.596602439880373
3494558371.0,-1.6283633708953855,2.681100368499756,10.005627632141112,1.5917586088180542,-0.0274584684520959,15.528826713562012
3494566704.0,-1.5673003196716309,2.427666425704956,10.125317573547363,1.4021873474121094,-0.3198449909687042,15.496907234191896
3494575037.0,-1.5737093687057495,2.122546672821045,9.755097389221191,1.3020102977752686,-0.2625715434551239,15.47593116760254
3494583370.0,-1.6156394481658936,1.939669132232666,9.561882972717283,1.612582802772522,0.1018806472420692,15.53074550628662
3494591703.0,-1.5416314601898191,2.10036849975586,9.56156063079834,1.828972101211548,0.4307674765586853,15.555105209350586
3494600036.0,-1.358411192893982,2.1228957176208496,9.73760986328125,2.006734848022461,0.31806480884552,15.397449493408203
3494608369.0,-1.4108728170394895,2.277951002120972,9.580097198486328,2.1316041946411133,0.5790227055549622,15.384514808654783
3494616702.0,-1.591037631034851,2.287714958190918,9.825417518615724,2.113187551498413,1.338228702545166,15.249013900756836
3494625035.0,-1.701751470565796,2.49971866607666,9.819212913513184,2.100533962249756,1.626312017440796,15.15485668182373
3494633368.0,-1.673189640045166,2.3163230419158936,10.27027416229248,2.1000475883483887,1.263435125350952,15.173786163330078
3494641701.0,-1.593883991241455,2.4184441566467285,10.068809509277344,1.9208502769470213,1.045124888420105,15.119508743286133
3494650034.0,-1.4676836729049685,2.608326196670532,9.796133995056152,1.8894215822219849,1.5217034816741943,14.991257667541504
3494658367.0,-1.4412007331848145,2.308923959732056,10.033865928649902,1.91767418384552,1.934374451637268,15.001197814941406
3494666700.0,-1.5175576210021973,2.336031436920166,9.772977828979492,1.5151207447052002,1.867316484451294,14.96462059020996
3494675033.0,-1.535441517829895,2.334714889526367,10.07550048828125,1.647367000579834,2.179451465606689,14.939492225646973
3494683366.0,-1.806440830230713,2.249960899353028,9.974065780639648,1.5473947525024414,2.822113037109375,14.857451438903809
3494691699.0,-1.5998482704162598,2.2700283527374268,10.377095222473145,1.639119267463684,2.674933433532715,14.72343635559082
3494700032.0,-1.5234240293502808,2.5034196376800537,10.307522773742676,1.3399450778961182,1.8151148557662964,14.623184204101562
3494708365.0,-1.5366050004959106,2.657655477523804,9.875564575195312,1.232390522956848,2.5093114376068115,14.494494438171388
3494716698.0,-1.7950546741485596,2.2850277423858643,10.119553565979004,1.1754759550094604,3.470691442489624,14.572417259216309
3494725031.0,-1.9979723691940308,2.200692892074585,10.057226181030272,1.1094937324523926,3.3129844665527344,14.545726776123049
3494733364.0,-1.939027190208435,2.099827527999878,9.923747062683104,1.23866605758667,2.0945403575897217,14.51821231842041
3494741697.0,-1.659091591835022,1.84463894367218,9.548806190490724,1.2249115705490112,1.9991530179977417,14.669341087341309
3494750030.0,-1.7056691646575928,1.933703064918518,9.463594436645508,1.4545432329177856,2.5954272747039795,14.5344820022583
3494758363.0,-1.9193766117095947,2.2148191928863525,9.834585189819336,1.5967791080474854,3.537570238113404,14.42044734954834
3494766696.0,-2.088229179382324,2.3034205436706543,10.103631973266602,1.7551007270812988,3.1446478366851807,14.482611656188965
3494775029.0,-2.0513501167297363,2.092781543731689,10.0199613571167,1.431310772895813,2.280115365982056,14.514293670654297
3494783362.0,-1.8781111240386963,1.9816577434539795,9.711221694946287,1.589453101158142,2.0059406757354736,14.551742553710938
3494791695.0,-1.8483455181121824,1.8782804012298584,9.534499168395996,1.9423922300338743,2.3177943229675293,14.623517036437988
3494800028.0,-2.082240581512451,1.9662160873413088,9.625896453857422,2.012318849563598,2.666301727294922,14.63427448272705
3494808361.0,-2.0746469497680664,2.1470842361450195,9.809613227844238,2.0299413204193115,2.207909107208252,14.467267990112305
3494816694.0,-1.992478370666504,2.088672876358032,9.621543884277344,2.1073989868164062,1.50436270236969,14.575490951538086
3494825027.0,-2.0963404178619385,1.8378324508666992,9.573474884033203,2.215670585632324,1.7435998916625977,14.657379150390623
3494833360.0,-2.167131900787353,1.9773775339126587,9.515058517456056,2.2365970611572266,2.169487953186035,14.70110321044922
3494841693.0,-2.207677364349365,2.2276611328125,9.965616226196287,2.4770636558532715,2.015187740325928,14.531126976013184
3494850026.0,-1.9045288562774656,2.261799097061157,9.918999671936035,2.529802799224853,0.8965879678726196,14.367985725402832
3494858359.0,-1.817274570465088,2.203341245651245,9.69542121887207,2.0835256576538086,0.65358567237854,14.443292617797852
3494866692.0,-1.8822455406188965,2.414708614349365,9.530118942260742,2.1673614978790283,1.492503046989441,14.361505508422852
3494875025.0,-2.209702968597412,2.5398006439208984,9.795013427734377,2.045053720474243,1.8591965436935425,14.287813186645508
3494883358.0,-2.236570119857788,2.305666208267212,10.118467330932615,1.7132467031478882,1.222298502922058,14.366116523742676
3494891691.0,-2.137495994567871,2.215277194976806,9.812921524047852,1.5473432540893557,0.4171150028705597,14.34337043762207
3494900024.0,-2.0097522735595703,2.158730983734131,9.673806190490724,1.6225210428237915,0.3449341058731079,14.285892486572266
3494908357.0,-1.94940447807312,2.1342148780822754,9.592133522033691,1.8303292989730835,0.9515560269355774,14.244807243347168
3494916690.0,-1.95796287059784,1.938206553459168,9.79380226135254,1.467068433761597,0.7484865784645081,14.166172981262209
3494925023.0,-1.9013538360595703,2.0094316005706787,9.78791618347168,1.478901982307434,0.2004698365926742,14.228849411010742
3494933356.0,-1.9022942781448364,2.345897674560547,9.736273765563965,1.4892760515213013,0.1988817751407623,14.12501049041748
3494941689.0,-2.03875470161438,2.511187791824341,9.522860527038574,1.5012633800506592,0.3317428231239319,14.077393531799316
3494950022.0,-1.8517624139785769,1.970186471939087,9.784997940063477,1.4012141227722168,0.1694766134023666,14.067916870117188
3494958355.0,-1.8031470775604248,1.6292234659194946,9.590888023376465,1.265535593032837,-0.543559730052948,14.08259391784668
3494966688.0,-1.751613736152649,1.6599758863449097,9.5496187210083,1.575160264968872,-0.0952849611639976,14.18197536468506
3494975021.0,-1.7769014835357666,2.129657506942749,9.587967872619627,2.225172758102417,0.0028816014528274,14.227286338806152
3494983354.0,-1.6748701333999634,1.9802407026290887,9.973539352416992,2.1121373176574707,-0.4553443193435669,14.068224906921388
3494991687.0,-1.6089131832122805,1.973013520240784,9.786699295043944,1.84923255443573,-0.7962185740470886,14.140019416809082
3495000020.0,-1.7313683032989502,2.243281602859497,9.668617248535156,1.763553261756897,-0.0091955112293362,14.095938682556152
3495008353.0,-1.6087814569473269,2.097402572631836,10.05932331085205,2.136854887008667,0.2873533368110657,14.319933891296388
3495016686.0,-1.502867579460144,1.9132453203201287,9.99170970916748,1.861988544464112,-0.6912257671356201,14.140864372253418
3495025019.0,-1.4830130338668823,1.98103129863739,9.65007495880127,1.63827383518219,-0.5367463231086731,14.416909217834473
3495033352.0,-1.3570961952209473,2.1464955806732178,9.588250160217283,1.974921703338623,-0.0579137876629829,14.336992263793944
3495041685.0,-1.567939281463623,2.1527209281921387,9.70004940032959,2.059730529785156,0.1874321848154068,14.291245460510254
3495050018.0,-1.6280142068862915,1.9777958393096924,9.550626754760742,1.9146515130996704,0.174240842461586,14.388476371765137
3495058351.0,-1.5259404182434082,2.0126960277557373,9.782307624816896,1.859990477561951,-0.1875474452972412,14.351799011230469
3495066684.0,-1.467720866203308,2.0012338161468506,9.671501159667969,2.130887031555176,-0.1612672358751297,14.241323471069336
3495075017.0,-1.4990345239639282,1.9378491640090945,9.595508575439451,2.0848069190979004,0.3541808724403381,14.31214714050293
3495083350.0,-1.38222074508667,2.0202133655548096,9.82912826538086,2.2993004322052,0.3924741148948669,14.377846717834473
3495091683.0,-1.4576162099838257,1.9399514198303225,9.783879280090332,2.1024036407470703,-0.1327329725027084,14.193245887756348
3495100016.0,-1.5787453651428225,2.00922966003418,9.568530082702637,2.176403284072876,0.1177870705723762,14.19834327697754
3495108349.0,-1.5030876398086548,1.9894100427627563,9.614968299865724,2.3157958984375,0.682401716709137,14.18235969543457
3495116682.0,-1.2858479022979736,1.9752699136734009,10.12085247039795,2.203528881072998,0.3692420125007629,14.167810440063477
3495125015.0,-1.24021315574646,2.1276206970214844,9.691729545593262,1.9552245140075684,0.1221159026026725,14.074295043945312
3495133348.0,-1.3277578353881836,2.1294236183166504,9.640405654907228,2.0660314559936523,0.8860347867012024,14.291834831237791
3495141681.0,-1.488689661026001,1.8417212963104248,9.83036994934082,1.9768939018249512,1.4283651113510132,14.235458374023438
3495150014.0,-1.598120093345642,2.18213963508606,10.176831245422363,1.8063288927078247,0.9560386538505554,14.096323013305664
3495158347.0,-1.5952197313308716,2.331186294555664,10.022865295410156,1.8096076250076287,0.3567679524421692,14.128623008728027
3495166680.0,-1.40086829662323,2.350855588912964,9.976564407348633,1.7561253309249878,0.4954435229301452,13.933263778686523
3495175013.0,-1.5235427618026731,2.259515285491944,9.882039070129396,1.5753397941589355,0.7378822565078735,14.013716697692873
3495183346.0,-1.735496163368225,2.260648488998413,9.89878273010254,1.3179936408996582,1.083700180053711,13.991459846496582
3495191679.0,-1.665441393852234,2.1685609817504883,10.017085075378418,1.3454009294509888,0.7439272403717041,13.872429847717283
3495200012.0,-1.8587212562561035,2.2378804683685303,10.002022743225098,1.0033996105194092,0.6399077773094177,13.879679679870604
3495208345.0,-1.6467807292938232,2.1622416973114014,10.214993476867676,1.0570613145828247,0.7445163726806641,13.860159873962402
3495216678.0,-1.623787760734558,2.285410165786743,10.349976539611816,1.0577784776687622,0.4169870615005493,13.874735832214355
3495225011.0,-1.7174121141433716,2.458848237991333,10.278952598571776,1.0287063121795654,0.4248762428760528,13.90959644317627
3495233344.0,-1.458792805671692,2.2882609367370605,10.423526763916016,0.6450561881065369,0.2233945876359939,13.758087158203123
3495241677.0,-1.3812551498413086,2.3128762245178223,10.219155311584473,0.7247676849365234,-0.1859081536531448,13.742462158203123
3495250010.0,-1.2980657815933228,2.22864294052124,9.948795318603516,0.5104533433914185,0.2627124190330505,13.73147201538086
3495258343.0,-1.4043705463409424,1.7798196077346802,9.827651977539062,0.3030036389827728,0.8501749634742737,13.70378303527832
3495266676.0,-1.4365661144256592,1.842214703559876,9.612754821777344,0.6733343005180359,0.7705147862434387,13.743870735168455
3495275009.0,-1.6396925449371338,1.7728055715560913,9.897821426391602,0.7901865839958191,0.6821969151496887,13.854578018188477
3495283342.0,-1.611423373222351,1.799078345298767,9.79214096069336,0.8813731670379639,0.7883166670799255,13.77353286743164
3495291675.0,-1.598915457725525,1.955777287483216,9.827208518981934,1.1411528587341309,0.8696162104606628,13.811110496520996
3495300008.0,-1.411151647567749,1.782297134399414,9.929204940795898,1.1765516996383667,0.6566594839096069,13.722354888916016
3495308341.0,-1.1826152801513672,1.738493800163269,9.63138484954834,1.1399489641189575,0.3564605712890625,13.763517379760742
3495316674.0,-1.0462219715118408,1.820525288581848,9.635119438171388,1.4123051166534424,0.690905749797821,13.78685188293457
3495325007.0,-1.159046292304993,1.7257328033447266,9.757044792175291,1.7659355401992798,1.10659921169281,13.746459007263184
3495333340.0,-1.474042892456055,1.769497036933899,9.826929092407228,1.5695254802703855,1.9976165294647217,13.760931968688965
3495341673.0,-1.3780150413513184,1.9356491565704343,9.929436683654783,1.938831806182861,1.6503641605377195,13.880934715270996
3495350006.0,-1.3733094930648804,1.6707388162612915,9.836201667785645,1.9540718793869016,0.9249685406684875,13.837849617004396
3495358339.0,-1.427106499671936,1.602803349494934,9.49743938446045,1.786887764930725,1.513455867767334,13.951986312866213
3495366672.0,-1.538346529006958,1.813113808631897,9.690051078796388,1.927996635437012,2.153324842453003,13.98574447631836
3495375005.0,-1.694082498550415,1.8407196998596191,9.83889865875244,2.190747261047364,2.059269666671753,13.944635391235352
3495383338.0,-1.574013113975525,1.8052929639816284,9.81046199798584,2.128069400787353,1.3253703117370603,13.96648406982422
3495391671.0,-1.4633543491363523,1.5832853317260742,9.5221529006958,1.9167519807815552,1.3174043893814087,14.206564903259276
3495400004.0,-1.6418298482894895,1.8890397548675537,9.537360191345217,2.264567375183105,2.266309261322021,14.248674392700195
3495408337.0,-1.7381378412246704,2.074755907058716,9.906793594360352,2.490638971328736,2.536949157714844,14.310507774353027
3495416670.0,-1.7555317878723145,1.8111859560012813,9.909160614013672,2.511744976043701,1.442581057548523,14.426872253417969
3495425003.0,-1.880324363708496,1.8619093894958496,9.492204666137695,2.3829822540283203,1.097070574760437,14.436838150024414
3495433336.0,-1.9956668615341189,1.8035866022109983,9.341072082519531,2.4237093925476074,1.8652675151824951,14.547185897827148
3495441669.0,-1.993106484413147,1.9179182052612305,9.75352382659912,2.788917064666748,2.058321952819824,14.534456253051758
3495450002.0,-1.8871428966522217,1.9274662733078003,9.953001976013184,2.6836938858032227,1.180931806564331,14.644776344299316
3495458335.0,-1.8866643905639648,1.8286559581756592,9.711917877197266,2.723344564437866,0.789853572845459,14.752023696899414
3495466668.0,-1.9897342920303345,2.0052497386932373,9.648479461669922,2.703416585922241,1.347629189491272,14.872511863708496
3495475001.0,-1.9030221700668333,2.290821313858032,10.014307975769045,2.942807197570801,1.3568758964538574,14.97909164428711
3495483334.0,-1.9718049764633176,2.0994341373443604,9.996576309204102,2.7916831970214844,0.7466678619384766,14.97197151184082
3495491667.0,-1.8194125890731807,2.1214587688446045,9.752163887023926,2.63623046875,0.6796610355377197,15.239075660705566
3495500000.0,-1.693253755569458,2.022412300109864,9.90506362915039,2.73154091835022,0.6702349185943604,15.259799003601074
3495508333.0,-1.9962196350097656,2.374587059020996,9.721684455871582,2.788635015487671,1.052655577659607,15.39867877960205
3495516666.0,-1.8878902196884155,2.3637261390686035,10.054518699645996,2.7293636798858643,1.1201236248016355,15.514762878417969
3495524999.0,-1.678460955619812,2.232885837554932,9.987191200256348,2.667992115020752,0.3209080100059509,15.626440048217772
3495533332.0,-1.6288888454437256,2.3192355632781982,9.756189346313477,2.523117780685425,0.2367908358573913,15.904765129089355
3495541665.0,-1.5733522176742554,2.2528634071350098,9.7080078125,2.662536144256592,1.027553677558899,16.018184661865234
3495549998.0,-1.6196163892745972,2.299779891967773,9.71792697906494,2.916193962097168,1.2495266199111938,15.972795486450195
3495558331.0,-1.500692367553711,2.2414379119873047,9.815143585205078,3.087220430374145,1.05739426612854,16.121437072753906
3495566664.0,-1.4449635744094849,2.2682909965515137,9.696942329406738,2.939580202102661,0.6409836411476135,16.153610229492188
3495574997.0,-1.6612842082977295,2.380754232406616,9.665302276611328,3.068957090377808,1.756893277168274,16.48300552368164
3495583330.0,-1.6459048986434937,2.3795299530029297,9.96260929107666,3.3616771697998047,2.107219696044922,16.693735122680664
3495591663.0,-1.4888763427734375,2.3898000717163086,9.98756504058838,3.431091547012329,1.2362585067749023,16.72411346435547
3495599996.0,-1.3176140785217283,2.420079708099365,9.646868705749512,3.561519145965576,0.8249450325965881,16.86629867553711
3495608329.0,-1.2958178520202637,2.2709364891052246,9.271795272827148,3.247488021850586,1.836886525154113,17.13524627685547
3495616662.0,-1.5675138235092163,2.6674461364746094,9.356393814086914,3.6817145347595215,2.8680522441864014,17.228626251220703
3495624995.0,-1.791409969329834,2.796426057815552,9.88157081604004,3.538851022720337,2.7944753170013428,17.339035034179688
3495633328.0,-1.5968037843704224,2.778317451477051,9.759807586669922,3.1945183277130127,1.811452031135559,17.401201248168945
3495641661.0,-1.4563798904418943,2.973787307739258,9.502114295959473,2.95451283454895,1.799848556518555,17.71190071105957
3495649994.0,-1.404248595237732,2.6773369312286377,9.275568962097168,3.072568893432617,2.7117414474487305,17.903905868530273
3495658327.0,-1.7710611820220947,2.6059410572052,9.429006576538086,3.2191851139068604,3.204918146133423,18.12818717956543
3495666660.0,-1.9285606145858765,2.396181344985962,9.42234706878662,3.1458261013031006,3.0085337162017822,18.29052925109864
3495674993.0,-1.7371290922164917,2.424182176589966,9.493167877197266,3.394041061401367,2.1242403984069824,18.26923179626465
3495683326.0,-1.3579587936401367,2.633356809616089,9.165196418762209,3.5434999465942383,2.242757558822632,18.429702758789062
3495691659.0,-1.4112915992736816,2.5865790843963623,9.33822250366211,3.53149962425232,3.0236716270446777,18.638267517089844
3495699992.0,-1.605028510093689,2.812924385070801,9.235552787780762,3.6786279678344727,3.6402838230133057,18.78478240966797
3495708325.0,-1.872280240058899,3.0821316242218018,9.81956672668457,3.623762369155884,3.38611364364624,18.947179794311523
3495716658.0,-1.9174638986587524,2.806565046310425,9.794264793395996,3.278892755508423,2.997289657592773,19.041234970092773
3495724991.0,-1.843705177307129,3.182136058807373,9.443504333496094,3.234374523162842,2.974364280700684,19.225961685180664
3495733324.0,-1.749042510986328,3.235517740249634,9.868454933166504,3.354044437408448,3.384140968322754,19.45213508605957
3495741657.0,-1.808382153511048,2.902233123779297,9.595812797546388,3.033738136291504,3.1317379474639893,19.60960960388184
3495749990.0,-2.1087324619293213,2.947188377380371,9.675049781799316,2.7385082244873047,3.5254547595977783,19.819929122924805
3495758323.0,-2.038706064224243,3.160963773727417,9.773563385009766,2.893218755722046,3.635468482971192,20.022438049316406
3495766656.0,-2.0976810455322266,3.52023983001709,9.900548934936523,2.580570697784424,3.118290662765503,19.907554626464844
3495774989.0,-2.070276260375977,3.643656253814697,9.843849182128906,2.243692636489868,3.2651631832122803,20.14712905883789
3495783322.0,-2.058674097061157,3.457078218460083,10.00065803527832,1.6872742176055908,3.2579143047332764,20.36820411682129
3495791655.0,-2.2326180934906006,3.505999088287353,10.131386756896973,1.3892781734466553,3.420641660690308,20.535694122314453
3495799988.0,-2.197856903076172,3.61613655090332,9.731958389282228,1.2472470998764038,3.425610303878784,20.748676300048828
3495808321.0,-2.2340099811553955,3.269662857055664,10.069864273071287,1.4896090030670166,2.8109452724456787,20.80120849609375
3495816654.0,-2.1286208629608154,3.1742279529571533,9.62126922607422,1.040950059890747,2.573424816131592,20.865657806396484
3495824987.0,-2.1260287761688232,3.258713960647583,9.915492057800291,0.8748928904533386,2.9735445976257324,21.026412963867188
3495833320.0,-2.3228695392608643,3.214991331100464,9.960716247558594,0.9787843823432922,3.367492437362671,21.100133895874023
3495841653.0,-2.505033016204834,3.5049808025360107,9.958080291748049,1.0449203252792358,3.303968906402588,21.165706634521484
3495849986.0,-2.342796802520752,3.078070640563965,10.338004112243652,1.066692590713501,2.6786227226257324,21.32067108154297
3495858319.0,-2.3133111000061035,3.1253905296325684,9.907377243041992,0.6245649456977844,1.8088138103485107,21.48388290405273
3495866652.0,-2.2226343154907227,3.510227680206299,9.779829025268556,0.6979753971099854,2.3887460231781006,21.69133186340332
3495874985.0,-2.3863332271575928,3.320056676864624,9.915775299072266,0.7943745255470276,2.703378438949585,21.841983795166016
3495883318.0,-2.499517679214477,2.9164865016937256,9.972128868103027,0.3990955650806427,2.3594563007354736,21.88232612609864
3495891651.0,-2.221311330795288,2.8899874687194824,10.096372604370115,0.4148354828357696,1.7675238847732544,21.94599151611328
3495899984.0,-2.1326112747192383,3.00771713256836,9.759817123413086,0.6934415698051453,1.6157082319259644,22.00216293334961
3495908317.0,-2.339858293533325,3.237907886505127,9.681761741638184,0.9352145791053772,2.559157609939575,22.23235893249512
3495916650.0,-2.343055009841919,3.0176565647125244,10.111148834228516,0.901839315891266,2.147357702255249,22.45446014404297
3495924983.0,-2.420410394668579,2.6713249683380127,9.766228675842283,0.6077876091003418,1.0332914590835571,22.48591423034668
3495933316.0,-2.2522242069244385,2.724427938461304,9.415491104125977,0.9464336037635804,0.9670531749725342,22.70576286315918
3495941649.0,-2.1515884399414062,2.5550546646118164,9.391782760620115,1.5076673030853271,1.4568229913711548,22.678327560424805
3495949982.0,-2.091373443603516,2.560776948928833,9.572763442993164,1.644101619720459,1.4862922430038452,22.9493408203125
3495958315.0,-2.043238401412964,2.584789991378784,9.726446151733398,1.730408787727356,1.0710724592208862,23.18741226196289
3495966648.0,-2.191253662109375,2.619309425354004,9.625482559204102,1.9517415761947632,0.8633666634559631,23.334028244018555
3495974981.0,-2.25771164894104,3.102924346923828,9.72204875946045,2.141901731491089,1.3760100603103638,23.44524383544922
3495983314.0,-1.9336097240448,3.35853910446167,10.137022972106934,1.976587414741516,0.9175150990486144,23.441198348999023
3495991647.0,-1.5488091707229614,3.3975746631622314,9.962154388427734,1.735582947731018,0.0422507002949714,23.56668281555176
3495999980.0,-1.5099533796310425,3.2731432914733887,9.427042007446287,1.431054949760437,0.4151684641838074,23.857297897338867
3496008313.0,-1.7422980070114136,2.9828438758850098,9.26678466796875,1.5771204233169556,1.4785311222076416,24.173751831054688
3496016646.0,-2.1828057765960693,2.8153555393218994,9.420106887817385,1.4941176176071167,1.5763649940490725,24.2866268157959
3496024979.0,-2.1937785148620605,2.753325939178467,9.710031509399414,1.5511094331741333,0.7681841850280762,24.38178062438965
3496033312.0,-2.0002963542938232,2.666992664337158,9.374269485473633,1.6965725421905518,-0.1638031154870987,24.43244361877441
3496041645.0,-1.9364293813705444,2.799968957901001,9.205765724182127,1.8741048574447632,0.4348402917385101,24.56663703918457
3496049978.0,-1.668773531913757,2.831993818283081,9.251489639282228,2.1421072483062744,0.8789145946502686,24.684389114379883
3496058311.0,-1.7417453527450562,2.582584381103516,9.15330410003662,2.1759302616119385,0.1290702074766159,24.81674766540528
3496066644.0,-1.7564553022384644,2.6569457054138184,8.912492752075195,2.291745185852051,0.290042906999588,24.90751075744629
3496074977.0,-1.4993653297424316,2.6943929195404053,9.049577713012695,2.751495361328125,0.511759877204895,25.13330268859864
3496083310.0,-1.500330090522766,2.6820530891418457,9.183327674865724,3.086991310119629,0.3293096125125885,25.16998291015625
3496091643.0,-1.70478355884552,2.818477392196656,9.246625900268556,3.157942056655884,0.7466168999671936,25.36795234680176
3496099976.0,-1.609874248504639,2.9607090950012207,9.447668075561523,3.154228448867798,0.8634948134422302,25.49515914916992
3496108309.0,-1.5682791471481323,3.1249794960021973,9.681121826171877,3.512956142425537,0.3735710382461548,25.616260528564453
3496116642.0,-1.469920635223389,3.1878821849823,9.53092098236084,3.112425804138184,0.6158305406570435,25.608884811401367
3496124975.0,-1.353099703788757,2.9237537384033203,9.616394996643066,3.1730291843414307,0.7877278327941895,26.01522827148437
3496133308.0,-1.2977972030639648,3.3960022926330566,9.41036891937256,3.18878173828125,0.8344738483428955,26.188840866088867
3496141641.0,-1.326503872871399,3.4496042728424072,9.538737297058104,3.1398329734802246,0.9713050723075868,26.13635635375977
3496149974.0,-1.3313076496124268,3.184105396270752,9.644108772277832,2.819859981536865,1.3347713947296145,26.20185279846192
3496158307.0,-1.4226959943771362,3.580683469772339,9.702653884887695,2.8903250694274902,1.7333804368972778,26.264612197875977
3496166640.0,-1.426747441291809,3.6652426719665527,10.057365417480469,2.775675296783448,1.3890222311019895,26.4707260131836
3496174973.0,-1.319149136543274,3.835613250732422,9.799615859985352,2.6463491916656494,1.1738626956939695,26.576461791992188
3496183306.0,-1.370281219482422,3.77132511138916,9.725200653076172,2.169924020767212,1.5403770208358765,26.6259994506836
3496191639.0,-1.359686017036438,3.6219286918640137,9.881658554077148,2.1281988620758057,2.0361156463623047,26.843393325805664
3496199972.0,-1.5197149515151978,3.691922426223755,9.706788063049316,2.073614835739136,2.008324146270752,26.82064819335937
3496208305.0,-1.5137306451797483,3.94602370262146,9.722003936767578,1.9697102308273315,1.85787832736969,26.721912384033203
3496216638.0,-1.4521522521972656,3.768698692321777,9.70265293121338,1.8778704404830933,1.7823292016983032,26.88754844665528
3496224971.0,-1.582442283630371,3.879559993743897,9.661210060119627,1.4582321643829346,2.207397937774658,26.9604721069336
3496233304.0,-1.5296993255615234,3.946934223175049,9.947790145874023,1.770316243171692,2.575756311416626,27.13774871826172
3496241637.0,-1.4145139455795288,3.62087345123291,10.056471824645996,1.698314547538757,2.100944757461548,27.191463470458984
3496249970.0,-1.412457823753357,3.628190279006958,9.759037971496582,1.6873514652252195,1.9283818006515503,27.32260704040528
3496258303.0,-1.4928977489471436,3.732356786727905,9.84277057647705,1.5113046169281006,2.5820059776306152,27.37923622131348
3496266636.0,-1.4378182888031006,3.86471438407898,10.023496627807615,1.6655282974243164,2.726829290390014,27.466737747192383
3496274969.0,-1.4826797246932983,3.996922492980957,10.206125259399414,1.667807936668396,2.6733977794647217,27.49803924560547
3496283302.0,-1.3176363706588743,3.5998709201812744,10.089603424072266,1.3203890323638916,2.4195735454559326,27.59618186950684
3496291635.0,-1.608719825744629,3.874389410018921,9.75240421295166,1.3840534687042236,2.4471731185913086,27.834611892700195
3496299968.0,-1.6756787300109863,4.08204984664917,9.983770370483398,1.2158572673797607,3.3553130626678467,27.995710372924805
3496308301.0,-1.5890650749206543,3.878463506698608,10.17296314239502,1.2262821197509766,2.6252553462982178,28.084205627441406
3496316634.0,-1.5768470764160156,3.697272062301636,10.061322212219238,0.7327597141265869,2.171358346939087,28.25885963439941
3496324967.0,-1.633454442024231,3.507032871246338,9.876450538635254,0.6408815383911133,2.668864250183105,28.5299129486084
3496333300.0,-1.633635640144348,3.516026496887207,9.950425148010254,1.011263370513916,2.8902482986450195,28.58477783203125
3496341633.0,-1.7173751592636108,3.551553964614868,9.975914001464844,0.8659539222717285,2.4567270278930664,28.71015739440918
3496349966.0,-1.6369616985321045,3.59490180015564,9.964016914367676,0.9022237062454224,2.122666120529175,28.70954322814941
3496358299.0,-1.4887326955795288,3.474938154220581,9.932071685791016,1.081113576889038,2.1752266883850098,29.03095054626465
3496366632.0,-1.6880128383636477,3.764715671539306,10.033881187438965,0.9829469323158264,2.741647243499756,29.20127296447754
3496374965.0,-1.7695684432983398,3.688076734542847,10.119315147399902,0.8757385015487671,2.6007561683654785,29.33473777770996
3496383298.0,-1.81505024433136,3.73714017868042,10.01033878326416,0.8901336193084717,2.020669937133789,29.45230484008789
3496391631.0,-1.8027864694595337,3.614159345626831,10.158456802368164,0.7178778052330017,2.079301118850708,29.668975830078125
3496399964.0,-1.6555157899856567,3.4745919704437256,9.951189041137695,0.829082190990448,2.0267791748046875,30.041654586791992
3496408297.0,-1.8224081993103027,3.660376787185669,9.868047714233398,0.8915682435035706,1.9913420677185056,30.168922424316406
3496416630.0,-1.7167081832885742,3.539668321609497,9.90713119506836,0.7637273669242859,1.6316919326782229,30.434226989746094
3496424963.0,-1.8318183422088623,3.4526050090789795,9.616969108581545,0.5722864270210266,1.445886254310608,30.563941955566406
3496433296.0,-1.844495177268982,3.6616384983062735,9.998014450073242,0.5270901322364807,1.685750961303711,30.581398010253903
3496441629.0,-1.7558737993240356,3.861834526062012,10.119048118591309,0.7049170732498169,1.5837934017181396,30.73863220214844
3496449962.0,-1.789038896560669,3.677175283432007,10.013198852539062,0.6561220288276672,0.912802517414093,30.94090843200684
3496458295.0,-1.7650885581970217,3.818964958190918,9.74949836730957,0.517062246799469,0.5982338190078735,31.113882064819336
3496466628.0,-1.6167820692062378,3.600565195083618,9.576895713806152,0.4957255423069,0.5036659240722656,31.26428985595703
3496474961.0,-1.675387263298035,3.502658605575561,9.668466567993164,0.6872049570083618,0.6527537703514099,31.46944808959961
3496483294.0,-1.6416088342666626,3.493555784225464,9.628764152526855,0.7559024095535278,0.8406087160110474,31.536739349365234
3496491627.0,-1.5349668264389038,3.314482450485229,9.667685508728027,1.0106743574142456,0.3502877354621887,31.55485343933105
3496499960.0,-1.4964869022369385,3.2100796699523926,9.395581245422363,1.2192513942718506,-0.1148799434304237,31.808181762695312
3496508293.0,-1.5788986682891846,3.5633654594421387,9.276172637939451,1.3124618530273438,0.2714983224868774,31.870582580566406
3496516626.0,-1.6478439569473269,3.389023303985596,9.487300872802734,1.7178843021392822,0.3630180954933166,31.881465911865234
3496524959.0,-1.6214300394058228,3.6341068744659424,9.662413597106934,1.6943447589874268,0.193579763174057,31.974653244018555
3496533292.0,-1.127273678779602,3.3632428646087646,9.7529935836792,1.985681176185608,-0.5751680731773376,32.019622802734375
3496541625.0,-0.9686735272407532,3.487459659576416,9.520947456359863,1.9729894399642944,-0.7409051656723022,32.162593841552734
3496549958.0,-1.0440685749053955,3.804458618164064,9.14778995513916,2.0890989303588867,0.7206315994262695,32.27302169799805
3496558291.0,-1.198034405708313,3.6822257041931152,9.778654098510742,2.2957546710968018,0.8872266411781311,32.3463249206543
3496566624.0,-1.343347191810608,3.550039768218994,9.739402770996094,2.3626208305358887,-0.0499734096229076,32.389854431152344
3496574957.0,-1.2873841524124146,3.677291870117188,9.684995651245115,2.2275822162628174,-0.1225385963916778,32.480224609375
3496583290.0,-1.14704167842865,3.709179639816284,9.54295253753662,2.481189250946045,0.112126424908638,32.632938385009766
3496591623.0,-1.1729917526245115,3.9364092350006095,9.604947090148926,2.4117746353149414,0.2902992069721222,32.66380310058594
3496599956.0,-1.0575318336486816,4.15270471572876,9.53917121887207,2.229170322418213,0.1366136372089386,32.74620056152344
3496608289.0,-0.8951134085655212,3.715690851211548,9.536362648010254,2.009169578552246,-0.0795322656631469,32.83705520629883
3496616622.0,-0.9277206659317015,3.859102249145508,9.2528715133667,1.8468778133392327,0.1043396890163421,33.019718170166016
3496624955.0,-0.8556829690933228,4.027818202972412,9.383506774902344,1.9610532522201536,0.5555988550186157,33.146568298339844
3496633288.0,-0.883829653263092,3.807348966598511,9.323482513427734,1.9726179838180544,0.2272880971431732,33.22132110595703
3496641621.0,-0.9000967144966125,3.748592853546143,9.346783638000488,1.645959496498108,0.3937807977199554,33.23249053955078
3496649954.0,-0.925733745098114,3.415503025054932,9.36451530456543,1.6055915355682373,0.7797621488571167,33.392913818359375
3496658287.0,-1.0495942831039429,3.301079034805298,9.534700393676758,2.1611135005950928,0.9328073859214784,33.35797882080078
3496666620.0,-0.9506697058677672,3.509671211242676,9.620699882507324,2.30304217338562,0.7532257437705994,33.439918518066406
3496674953.0,-0.6741822957992554,3.454113483428955,9.664008140563965,2.4905381202697754,0.2150188982486724,33.49565124511719
3496683286.0,-0.454797625541687,3.4387195110321045,9.300189971923828,2.6504998207092285,0.3218303918838501,33.65164566040039
3496691619.0,-0.376492440700531,3.616611003875733,9.262228965759276,2.7247297763824463,1.3639209270477295,33.97340774536133
3496699952.0,-0.592211902141571,3.3943591117858887,9.49325466156006,2.9085888862609863,1.7743382453918457,33.9341926574707
3496708285.0,-0.7465443015098572,3.638818025588989,9.4724702835083,3.05497407913208,1.8010538816452026,33.995155334472656
3496716618.0,-0.8579594492912292,3.83658218383789,9.838878631591797,2.958216428756714,1.579836368560791,34.27405548095703
3496724951.0,-0.7837231159210205,4.044014930725098,9.901196479797363,2.7368202209472656,1.3536499738693235,34.22554016113281
3496733284.0,-0.7704352736473083,4.307027816772461,9.834283828735352,2.497889757156372,1.766551494598389,34.34425354003906
3496741617.0,-0.5152878761291504,4.247315883636475,9.930063247680664,2.565178632736206,1.972976803779602,34.53423309326172
3496749950.0,-0.5026565790176392,4.015434265136719,9.752623558044434,2.2551052570343018,1.538264513015747,34.554229736328125
3496758283.0,-0.6341612935066223,4.245532035827637,9.563143730163574,1.910977244377136,2.410224914550781,34.777530670166016
3496766616.0,-0.5607973337173462,4.152076721191406,9.831618309020996,2.15505599975586,2.9707164764404297,34.907859802246094
3496774949.0,-0.5432937145233154,4.171238899230957,10.007988929748535,2.099716186523437,2.684669017791748,34.99894714355469
3496783282.0,-0.5500086545944214,4.14109468460083,9.626778602600098,2.095720291137696,2.577677965164185,35.075130462646484
3496791615.0,-0.6876357793807983,3.813687086105346,9.4738130569458,1.9925721883773804,3.194598197937012,35.16022491455078
3496799948.0,-0.8497937321662903,3.954296588897705,9.651865005493164,2.398993730545044,3.5773262977600098,35.17129135131836
3496808281.0,-0.7973732352256775,4.153970241546631,9.88298511505127,2.5691232681274414,3.5352933406829834,35.374080657958984
3496816614.0,-0.6284716129302979,4.201836109161377,9.97074031829834,2.508084297180176,2.985047578811645,35.38591003417969
3496824947.0,-0.6881372928619385,4.500100135803223,9.551819801330566,2.3364431858062744,3.4754064083099365,35.3062744140625
3496833280.0,-0.4844383001327514,4.495421886444092,9.87820053100586,2.3682308197021484,4.3244948387146,35.47233581542969
3496841613.0,-0.5487369298934937,4.403836250305176,10.055994033813477,2.087421417236328,4.120348930358887,35.57084655761719
3496849946.0,-0.9205459952354432,4.709063053131104,9.885881423950195,1.976768136024475,4.322803974151611,35.715545654296875
3496858279.0,-0.9081480503082277,4.624861717224121,10.271657943725586,1.9487202167510984,4.876482009887695,35.784881591796875
3496866612.0,-0.8929011821746826,4.71620512008667,10.328984260559082,1.715233564376831,4.404833793640137,35.71575927734375
3496874945.0,-1.0346894264221191,4.750317096710205,10.17102336883545,1.3012046813964844,4.282166957855225,35.831233978271484
3496883278.0,-0.9862269759178162,4.572469711303711,9.986589431762695,0.9954982399940492,4.67813777923584,35.80735778808594
3496891611.0,-1.0894157886505127,4.459468841552734,9.81235408782959,0.9910542964935304,4.814059734344482,35.72898864746094
3496899944.0,-1.0469554662704468,4.40683650970459,9.923114776611328,0.7589762806892395,4.5729660987854,35.894630432128906
3496908277.0,-1.002647876739502,4.203647613525391,9.776450157165527,0.6453770399093628,4.322970867156982,35.95154571533203
3496916610.0,-1.2030751705169678,4.493466377258301,9.579973220825195,0.6550080180168152,4.579445838928223,35.9063606262207
3496924943.0,-1.3259096145629885,4.475268840789795,9.935423851013184,0.6377696394920349,4.939327716827393,35.915428161621094
3496933276.0,-1.4231418371200562,4.359193801879883,9.901729583740234,0.571338951587677,4.200265407562256,35.822994232177734
3496941609.0,-1.4913400411605835,4.520463943481445,9.841577529907228,0.3085366189479828,3.99138116836548,35.78495788574219
3496949942.0,-1.3699898719787598,4.603424549102783,9.858997344970703,0.2434891760349273,3.927563190460205,35.749698638916016
3496958275.0,-1.282763123512268,4.410220623016357,9.766569137573242,0.0082734078168869,3.7429356575012207,35.65415954589844
3496966608.0,-1.4295004606246948,4.5398430824279785,9.678454399108888,-0.1651735752820968,3.8174986839294434,35.75490188598633
3496974941.0,-1.2628021240234375,4.250707626342773,9.86030101776123,-0.3957531750202179,3.584306240081787,35.74721145629883
3496983274.0,-1.4777330160140991,4.16115140914917,9.700846672058104,-0.3872748613357544,3.3700430393218994,35.69419479370117
3496991607.0,-1.4903483390808103,4.189896106719971,9.74996566772461,-0.3881201446056366,3.6186039447784415,35.80202865600586
3496999940.0,-1.4264553785324097,4.008634567260742,10.055520057678224,-0.4550757110118866,3.307159662246704,35.7580451965332
3497008273.0,-1.3785327672958374,4.046061038970947,9.97268295288086,-0.5282812714576721,2.585784912109375,35.82515335083008
3497016606.0,-1.1689695119857788,4.13972282409668,9.96737289428711,-0.70829838514328,2.59482741355896,35.838321685791016
3497024939.0,-1.2911218404769895,3.972980260848999,9.745771408081056,-0.7603977918624878,2.788163661956787,35.89759826660156
3497033272.0,-1.486394286155701,4.0706000328063965,9.75002384185791,-0.5437524318695068,3.143920421600342,35.919960021972656
3497041605.0,-1.1678566932678225,3.7779290676116943,10.101330757141112,-0.5792025327682495,2.54400897026062,36.06339645385742
3497049938.0,-0.8507629036903381,3.419870376586914,9.726301193237305,-0.4626833200454712,1.509576678276062,36.15404891967773
3497058271.0,-0.973275661468506,3.4573819637298584,9.088823318481444,-0.36468306183815,2.1206305027008057,36.319618225097656
3497066604.0,-0.9759867787361144,3.3610432147979736,9.393707275390623,0.2370344400405883,3.2779603004455566,36.47981643676758
3497074937.0,-1.183794617652893,3.1643168926239014,9.496747016906738,0.693583071231842,2.528358459472656,36.48180770874024
3497083270.0,-1.3069586753845217,3.252265453338623,9.280323028564451,0.70060133934021,1.9754230976104736,36.57780838012695
3497091603.0,-1.048871994018555,3.2172117233276367,9.383397102355955,1.3003851175308228,2.411890745162964,36.80972671508789
3497099936.0,-1.015766143798828,3.5637195110321045,9.4286527633667,1.7639775276184082,2.455075979232788,36.93510055541992
3497108269.0,-0.9463490843772888,3.881688117980957,9.557947158813477,1.9591329097747805,2.39734148979187,37.03917694091797
3497116602.0,-0.9435474276542664,3.5079381465911865,9.406516075134276,2.006749629974365,2.1403536796569824,37.131591796875
3497124935.0,-1.102217674255371,3.6348142623901367,9.501386642456056,2.335073471069336,2.2641730308532715,37.28804016113281
3497133268.0,-1.0668655633926392,3.802518367767334,9.491093635559082,2.5341989994049072,2.48176646232605,37.49327087402344
3497141601.0,-1.148074746131897,3.8953733444213854,9.638492584228516,2.594520330429077,2.327824592590332,37.43893814086914
3497149934.0,-1.2115538120269775,4.011021614074707,9.531380653381348,2.6156005859375,2.093735933303833,37.5072021484375
3497158267.0,-1.1898066997528076,3.9040892124176025,9.61112117767334,2.434021234512329,2.296113967895508,37.67028427124024
3497166600.0,-1.148681402206421,3.808377265930176,9.724459648132324,2.63550353050232,2.1652767658233643,37.7673454284668
3497174933.0,-1.1952883005142212,4.187632083892822,9.54784870147705,2.674821376800537,1.8457130193710327,37.77679443359375
3497183266.0,-1.0881386995315552,4.143697261810303,9.700865745544434,2.576103925704956,1.9198919534683228,37.83324813842773
3497191599.0,-1.166614651679993,4.14023494720459,9.30128574371338,2.4542055130004883,1.475100040435791,37.704586029052734
3497199932.0,-1.2362899780273438,4.1501641273498535,9.348153114318848,2.261201858520508,1.7631067037582395,37.72235870361328
3497208265.0,-1.2264355421066284,3.945868968963623,9.394495964050291,2.401132583618164,1.7297570705413818,37.82179260253906
3497216598.0,-1.2373504638671875,3.871514797210693,9.444547653198242,2.2912986278533936,1.4504334926605225,37.69754409790039
3497224931.0,-1.4576640129089355,4.184472560882568,9.622357368469238,2.467690706253052,1.485665798187256,37.677364349365234
3497233264.0,-1.4338728189468384,4.164653301239014,9.697823524475098,2.4882848262786865,1.3521387577056885,37.47734451293945
3497241597.0,-1.3680623769760132,4.516139507293701,9.909283638000488,2.422558784484864,0.9216653108596802,37.369667053222656
3497249930.0,-0.9806696772575378,4.472742557525635,9.808445930480955,2.1211557388305664,0.7150094509124756,37.3718376159668
3497258263.0,-0.9496111273765564,4.057177543640137,9.590245246887209,2.105454206466675,0.5406018495559692,37.339542388916016
3497266596.0,-1.0055288076400757,4.1149187088012695,9.353278160095217,2.2202188968658447,1.2962100505828855,37.14877700805664
3497274929.0,-1.0669547319412231,4.159175395965576,9.782527923583984,2.197601795196533,1.3161379098892212,37.16852951049805
3497283262.0,-1.2521730661392212,4.272164344787598,9.76657009124756,2.022284746170044,0.8166981339454651,37.1284065246582
3497291595.0,-1.1970425844192505,4.476892948150635,9.773796081542969,1.853730201721192,0.9562830328941344,37.19719314575195
3497299928.0,-0.984759509563446,4.2708821296691895,9.884839057922363,1.6123665571212769,0.9386090040206908,37.02641677856445
3497308261.0,-1.0214933156967163,4.339859008789063,9.70953369140625,1.6622891426086426,0.813918948173523,37.07490921020508
3497316594.0,-1.0135051012039185,4.381134033203125,9.904343605041504,1.428584337234497,1.2580701112747192,37.08041763305664
3497324927.0,-1.0786958932876587,4.314182281494141,9.94410228729248,1.3355919122695925,1.0551669597625732,37.0935173034668
3497333260.0,-1.2617769241333008,4.392056941986084,9.792173385620115,1.208621621131897,1.0584453344345093,36.96049499511719
3497341593.0,-0.8367993831634521,4.182053565979004,10.028645515441896,1.0675898790359497,1.2110296487808228,37.13729095458984
3497349926.0,-0.7044198513031006,3.957928419113159,9.853893280029297,1.154998540878296,0.7416098713874817,36.95818328857422
3497358259.0,-0.6979172229766846,4.091380596160889,9.478221893310549,1.341291069984436,1.2156531810760498,37.08390045166016
3497366592.0,-0.8734502196311951,4.055544376373291,9.661288261413574,1.463419795036316,1.9683538675308228,37.07252883911133
3497374925.0,-1.0301612615585327,3.983332395553589,9.827167510986328,1.741565227508545,1.886593222618103,37.10039520263672
3497383258.0,-0.9476718902587892,4.160747528076172,10.084383964538574,1.60481059551239,1.4668521881103516,37.21824264526367
3497391591.0,-0.776409387588501,4.184870719909668,9.895536422729492,1.5180808305740356,1.2932900190353394,37.220985412597656
3497399924.0,-0.8842901587486267,4.525511264801025,9.41067600250244,1.5742528438568115,1.7960213422775269,37.12065887451172
3497408257.0,-0.7243396639823914,4.621673583984375,9.893030166625977,1.5563229322433472,2.344038486480713,37.21817398071289
3497416590.0,-0.4947944581508636,4.305759429931641,10.011409759521484,0.99227112531662,1.723968267440796,37.295318603515625
3497424923.0,-0.7515546083450317,4.609960079193115,9.701672554016112,0.7475779056549072,1.822198867797852,37.36312103271485
3497433256.0,-0.8270632028579712,4.844200611114502,9.613458633422852,0.672015905380249,2.89715313911438,37.35469436645508
3497441589.0,-0.7914509177207947,4.474586009979248,10.11789321899414,0.6562631726264954,2.701997756958008,37.543601989746094
3497449922.0,-0.8767978549003601,4.355772972106934,9.977888107299805,-0.1159173548221588,2.231693983078003,37.51065444946289
3497458255.0,-0.8259389400482178,4.340940952301025,9.820594787597656,-0.2236894071102142,2.491871118545532,37.57489013671875
3497466588.0,-0.8154619932174683,4.386914253234863,9.671154022216797,0.0887278094887733,2.749512195587158,37.6591682434082
3497474921.0,-0.9429660439491272,4.418065547943115,9.485852241516112,0.0679290369153022,2.767160177230835,37.56795501708984
3497483254.0,-0.8771640062332153,3.998385190963745,9.635486602783203,-0.2588193714618683,2.323291063308716,37.62372589111328
3497491587.0,-1.099514722824097,4.073019504547119,9.260112762451172,-0.3903613686561584,2.5180230140686035,37.68971252441406
3497499920.0,-1.3220429420471191,4.134211540222168,9.519643783569336,0.156746506690979,3.4674160480499268,37.619659423828125
3497508253.0,-1.0359294414520264,3.72564435005188,9.62894344329834,0.3557181358337402,2.4782183170318604,37.651702880859375
3497516586.0,-1.1235767602920532,3.875576019287109,9.354555130004885,0.3706256449222564,1.39921772480011,37.50969696044922
3497524919.0,-1.0620136260986328,3.723921537399292,9.090859413146973,0.2911573648452759,2.344499111175537,37.67225646972656
3497533252.0,-1.1544212102890017,3.649031400680542,9.462300300598145,0.7190436124801636,2.6123220920562744,37.740699768066406
3497541585.0,-1.2458715438842771,3.9579391479492174,9.598259925842283,1.0495957136154177,2.001652479171753,37.64372253417969
3497549918.0,-0.8332692384719849,3.8649709224700928,9.70745849609375,1.0298727750778198,1.145982265472412,37.52354049682617
3497558251.0,-0.6074382066726685,3.944487810134888,9.42250156402588,1.0480334758758545,0.715918779373169,37.53742599487305
3497566584.0,-0.7729671597480774,4.321444988250732,9.441003799438477,1.1182677745819092,1.970505714416504,37.56785583496094
3497574917.0,-0.9140785336494446,4.154773235321045,9.9939546585083,1.2363238334655762,2.4312551021575928,37.54329299926758
3497583250.0,-1.1504753828048706,4.269322395324707,10.080405235290527,1.2604780197143557,1.2622966766357422,37.4837646484375
3497591583.0,-0.7752828001976013,4.067875385284424,10.026947975158691,0.994473934173584,0.500912606716156,37.59465026855469
3497599916.0,-0.3684980273246765,3.996805667877197,9.947797775268556,0.7801080942153931,0.2061436027288437,37.58604431152344
3497608249.0,-0.5639781951904297,4.410394191741943,9.444477081298828,0.9187325835227966,1.3934162855148315,37.63386535644531
3497616582.0,-0.500171959400177,4.360915184020996,10.23383617401123,1.1354420185089111,1.912322759628296,37.7781867980957
3497624915.0,-0.469723641872406,4.100646495819092,9.98507308959961,0.7149454951286316,0.5482733845710754,37.59713363647461
3497633248.0,-0.4662435948848724,4.479157447814941,9.489656448364258,0.2663627564907074,0.5559321045875549,37.65338134765625
3497641581.0,-0.1754844784736633,4.286881446838379,9.813833236694336,0.4643353819847107,1.1868113279342651,37.72981262207031
3497649914.0,-0.4676644802093506,4.563538074493408,9.678576469421388,0.1953343898057937,1.4936959743499756,37.637603759765625
3497658247.0,-0.4892052412033081,4.0676116943359375,10.078474044799805,0.16774782538414,1.6828058958053589,37.80796051025391
3497666580.0,-0.462200254201889,3.840387105941773,9.953239440917969,-0.2186305969953537,0.9397361874580384,37.64971923828125
3497674913.0,-0.5261517763137817,4.101619720458984,9.431574821472168,0.1842690408229828,1.3033818006515503,37.72773742675781
3497683246.0,-0.0980491414666175,3.741088151931762,9.84235954284668,0.5612854361534119,1.8982733488082888,37.7696647644043
3497691579.0,-0.1598866581916809,3.686148405075073,9.69761085510254,0.3512997031211853,1.0980068445205688,37.67013549804688
3497699912.0,-0.2854193747043609,4.280258655548096,9.44998836517334,0.7499601244926453,1.3428791761398315,37.792877197265625
3497708245.0,-0.1157519221305847,3.8843796253204346,9.694540977478027,0.648937463760376,1.953907489776612,37.84356689453125
3497716578.0,-0.3273490965366363,4.111223220825195,9.786919593811035,0.7670448422431946,1.776912808418274,37.78586196899414
3497724911.0,-0.3381441235542297,3.864857912063599,9.840008735656738,0.673655092716217,2.1754963397979736,38.05195999145508
3497733244.0,-0.288773238658905,4.154411315917969,10.162277221679688,0.9853809475898744,1.9683029651641848,37.939579010009766
3497741577.0,-0.2631469666957855,4.385216236114502,10.10115909576416,1.0095863342285156,2.1978578567504883,37.95970153808594
3497749910.0,0.0142566189169883,4.149461269378662,10.28360652923584,0.8352811932563782,2.0502936840057373,38.042510986328125
3497758243.0,-0.1114222928881645,4.111810207366943,9.911158561706545,0.6533687710762024,2.0863845348358154,38.19937515258789
3497766576.0,-0.4827277362346649,4.256433486938477,9.803997039794922,0.6212997436523438,2.983678102493286,38.15268325805664
3497774909.0,-0.2297348529100418,4.084245204925537,10.323112487792969,0.7673266530036926,2.9857780933380127,38.2546272277832
3497783242.0,-0.3199281990528106,4.095697402954102,10.057378768920898,0.5018346309661865,2.1435554027557373,38.112003326416016
3497791575.0,-0.1972420960664749,3.9799726009368896,9.793770790100098,0.6435328125953674,2.566805839538574,38.358055114746094
3497799908.0,-0.4207746982574463,3.825922727584839,9.681266784667969,0.973393440246582,3.1821882724761963,38.327857971191406
3497808241.0,-0.7318724393844604,3.935681581497192,9.830230712890623,0.9441930651664734,3.2112603187561035,38.496524810791016
3497816574.0,-0.6226279139518738,4.134326457977295,9.978166580200195,1.0718802213668823,2.487965106964112,38.49242782592773
3497824907.0,-0.5811271667480469,4.034980297088623,9.54798698425293,1.207482099533081,1.9268845319747925,38.31953430175781
3497833240.0,-0.5448088645935059,4.144440650939941,9.552858352661133,1.2958513498306274,2.748385429382324,38.5417366027832
3497841573.0,-0.3984980881214142,3.773561716079712,9.631186485290527,1.1440101861953735,2.786320209503174,38.44599533081055
3497849906.0,-0.6501452326774597,4.04193925857544,9.486664772033691,1.428917407989502,2.181413173675537,38.35436630249024
3497858239.0,-0.6019372940063477,3.933158874511719,9.577473640441896,1.695331573486328,2.443268299102783,38.34125518798828
3497866572.0,-0.4766474068164825,4.028931617736816,9.729373931884766,1.61725914478302,2.265940427780152,38.342430114746094
3497874905.0,-0.6030706763267517,4.291684150695801,9.738951683044434,1.706422209739685,2.248701810836792,38.26340866088867
3497883238.0,-0.3530782461166382,4.1210784912109375,9.798635482788086,1.666822910308838,2.105185508728028,38.20081329345703
3497891571.0,-0.4611385464668274,4.2635369300842285,9.50148868560791,1.7716877460479736,1.8544219732284544,38.19215393066406
3497899904.0,-0.6096281409263611,4.278000831604004,9.589404106140137,1.7700482606887815,2.48868179321289,38.28310775756836
3497908237.0,-0.331823855638504,4.266924858093262,9.96120834350586,1.7900787591934204,2.097808599472046,38.20073699951172
3497916570.0,-0.3949636816978454,4.299002170562744,9.871551513671877,1.5453087091445925,1.6653372049331665,38.133880615234375
3497924903.0,-0.591768741607666,4.381463527679443,9.516008377075195,1.7183332443237305,2.303107023239136,38.21382141113281
3497933236.0,-0.5891603231430054,4.05072546005249,9.772998809814451,1.6271461248397827,2.6908812522888184,38.27268600463867
3497941569.0,-0.794772207736969,4.221312999725342,9.871611595153809,1.4629333019256592,1.966330409049988,38.32593536376953
3497949902.0,-0.5650439858436584,4.126539707183838,9.917158126831056,1.349231481552124,1.6209222078323364,38.27002334594727
3497958235.0,-0.5103626251220703,4.469913482666016,9.676229476928713,1.5502523183822632,1.6673094034194946,38.14955520629883
3497966568.0,-0.6735597848892212,4.7101149559021,9.652878761291504,1.7509658336639404,2.310611724853516,38.25496292114258
3497974901.0,-0.5664200186729431,4.376358985900879,9.923820495605469,1.3063277006149292,2.0245261192321777,38.28280258178711
3497983234.0,-0.4411347210407257,4.197572231292725,9.642878532409668,1.1259007453918457,1.0144274234771729,38.1431770324707
3497991567.0,-0.6214002966880798,4.529818058013916,9.433406829833984,1.215268850326538,1.7246344089508057,38.3231201171875
3497999900.0,-0.3863697946071625,4.297962665557861,9.760565757751465,1.4370371103286743,1.935465335845948,38.49040985107422
3498008233.0,-0.7985367774963379,4.248548984527588,9.681756973266602,1.308376669883728,1.4580153226852417,38.148658752441406
3498016566.0,-0.6965449452400208,3.935455560684204,9.693500518798828,1.105319619178772,1.739119052886963,38.307220458984375
3498024899.0,-0.4774503409862518,3.8888731002807617,9.85845947265625,1.3649587631225586,1.3388065099716189,38.31697082519531
3498033232.0,-0.5321260094642639,4.160822868347168,9.578027725219728,1.8154879808425903,1.3288170099258425,38.26105880737305
3498041565.0,-0.255041241645813,4.070501327514648,9.820282936096191,1.926756501197815,1.4656740427017212,38.24704360961914
3498049898.0,-0.3344967365264892,4.016083240509033,9.677546501159668,1.866947054862976,1.3600407838821411,38.468788146972656
3498058231.0,-0.6223421096801758,4.370656967163086,9.598814964294434,2.055365800857544,2.0462214946746826,38.56832504272461
3498066564.0,-0.3696604669094085,4.088320732116699,9.963555335998535,2.086512565612793,2.0603349208831787,38.44179153442383
3498074897.0,-0.4366585612297058,4.166706562042236,9.730952262878418,2.0652272701263428,1.1856075525283811,38.44207382202149
3498083230.0,-0.3460395932197571,4.328400611877441,9.484704971313477,2.052138328552246,1.625635027885437,38.69173431396485
3498091563.0,-0.2294653207063675,4.31795072555542,9.76745319366455,2.0304174423217773,1.9124380350112915,38.74793243408203
3498099896.0,-0.6747277975082397,4.825512886047363,9.634661674499512,2.027062177658081,2.070401430130005,38.71027755737305
3498108229.0,-0.5643563270568848,4.301903247833252,10.002267837524414,1.7086509466171265,2.208513259887696,38.78081893920898
3498116562.0,-0.4743761718273163,4.298768520355225,9.805341720581056,1.5191823244094849,1.273464560508728,38.72526931762695
3498124895.0,-0.5572585463523865,4.605085372924805,9.543132781982422,1.6664897203445437,1.7171036005020142,38.87316131591797
3498133228.0,-0.3463792502880096,4.506878852844238,9.905757904052734,1.5487409830093384,2.296472787857056,38.78658676147461
3498141561.0,-0.6437450051307678,4.645818710327148,9.965576171875,1.461780667304993,1.8185874223709104,38.76017379760742
3498149894.0,-0.6831464171409607,4.594905376434326,9.921635627746582,1.2957744598388672,1.974270939826965,38.824851989746094
3498158227.0,-0.6209803223609924,4.519099235534668,9.92640495300293,1.0558969974517822,1.383298635482788,38.72605514526367
3498166560.0,-0.8178030252456665,4.652892589569092,9.337485313415527,1.023315668106079,1.5392383337020874,38.701927185058594
3498174893.0,-0.509355366230011,4.4953436851501465,9.76808738708496,0.8854596614837646,2.014920949935913,38.84977340698242
3498183226.0,-0.4225679636001587,4.6902570724487305,9.981873512268066,0.8865098357200623,1.2437777519226074,38.80759048461914
3498191559.0,-0.7753642201423645,4.864013195037842,9.549652099609377,0.6461710929870605,1.420054912567139,38.83545303344727
3498199892.0,-0.6057304739952087,4.600235462188721,9.649782180786133,0.4999392628669739,1.812517046928405,38.873313903808594
3498208225.0,-0.6298773288726807,4.369910717010498,9.567049026489258,0.45403853058815,0.9003672003746033,38.65501022338867
3498216558.0,-0.5196760296821594,4.37770938873291,9.396259307861328,0.4042700231075287,1.141807198524475,38.74990463256836
3498224891.0,-0.2500160038471222,4.151307582855225,9.59828281402588,0.6935062408447266,1.209966778755188,38.72116470336914
3498233224.0,-0.4748174250125885,4.50007963180542,9.548510551452637,0.8740100264549255,1.6128023862838743,38.78151321411133
3498241557.0,-0.5835064053535461,4.333040237426758,9.711849212646484,0.8186319470405579,2.059924840927124,38.67521286010742
3498249890.0,-0.5740257501602173,4.190290451049805,9.614120483398438,0.8226790428161621,1.2269747257232666,38.61765670776367
3498258223.0,-0.4946698546409607,4.468323707580566,9.760799407958984,1.1622474193572998,1.1793065071105957,38.67636489868164
3498266556.0,-0.1705288887023925,4.25214433670044,9.855291366577148,1.017911076545715,1.3052005767822266,38.65157318115234
3498274889.0,-0.5090757608413696,4.789668083190918,9.607137680053713,1.2501811981201172,1.8385921716690063,38.78069305419922
3498283222.0,-0.5518317222595215,4.873201370239258,9.85328197479248,1.2967991828918457,2.340606212615967,38.86862564086914
3498291555.0,-0.4401839971542358,4.63762092590332,10.272027969360352,0.6228622198104858,1.3745641708374023,38.65984344482422
3498299888.0,-0.5995132327079773,4.889154434204102,9.675671577453612,0.5090067982673645,1.443107843399048,38.71624755859375
3498308221.0,-0.3652762472629547,4.80916166305542,10.18823528289795,0.4300123155117035,2.241555690765381,38.81276321411133
3498316554.0,-0.3868148028850555,5.108996391296387,10.230138778686523,0.1867280155420303,1.8342889547348025,38.87933349609375
3498324887.0,-0.4774689972400665,5.02942419052124,9.93974781036377,-0.243886262178421,1.7484556436538696,38.81035614013672
3498333220.0,-0.3935820162296295,4.463189601898193,9.925508499145508,-0.5033843517303467,1.6444103717803955,38.77577590942383
3498341553.0,-0.5993500351905823,4.333244800567627,9.690768241882324,-0.6424954533576965,2.0932748317718506,38.87067413330078
3498349886.0,-0.4887301325798034,4.127790927886963,9.911673545837402,-0.3195507824420929,2.490731716156006,38.814453125
3498358219.0,-0.1525376141071319,4.135986804962158,9.996203422546388,-0.2156337052583694,1.476022243499756,38.695831298828125
3498366552.0,-0.3483725786209106,4.358412742614746,9.340415000915527,-0.2582814693450928,1.6545281410217283,38.83266830444336
3498374885.0,-0.3717875182628631,4.144815921783447,9.593534469604492,0.075024202466011,2.898510694503784,39.0035400390625
3498383218.0,-0.6691408753395081,4.097574234008789,9.645753860473633,0.2449748516082763,2.8456170558929443,38.86711502075195
3498391551.0,-0.6960468888282776,4.1165313720703125,9.853675842285156,0.2837548553943634,2.1597182750701904,38.93340301513672
3498399884.0,-0.2178312838077545,3.838998317718506,9.628294944763184,0.4056788086891174,1.5962555408477783,38.888275146484375
3498408217.0,-0.1728964447975158,3.980959177017212,9.33006191253662,0.7307751178741455,1.835544228553772,38.992706298828125
3498416550.0,-0.1257866621017456,4.016745090484619,9.328109741210938,0.9786443710327148,2.963775873184204,39.02626037597656
3498424883.0,-0.4135878980159759,3.782378435134888,9.580121994018556,1.091347098350525,2.913008451461792,38.92456817626953
3498433216.0,-0.5885720252990723,3.9556095600128174,9.413500785827637,1.2377327680587769,2.990030527114868,38.89457702636719
3498441549.0,-0.2717160284519195,3.931527853012085,9.857131958007812,1.5556058883666992,2.4922683238983154,39.01921463012695
3498449882.0,-0.4676340818405151,4.395342350006104,9.568779945373535,1.602095603942871,2.581662178039551,38.86970138549805
3498458215.0,-0.6342474222183228,4.596452713012695,9.66138744354248,1.795432209968567,3.743321180343628,39.083404541015625
3498466548.0,-0.6523588299751282,4.392801761627197,10.227933883666992,1.37712562084198,3.129346370697021,39.09810256958008
3498474881.0,-0.8122501373291016,4.700200080871582,9.805402755737305,1.1628109216690063,1.9965554475784304,39.16852188110352
3498483214.0,-0.4743408560752868,4.544530868530273,9.752445220947266,0.8316696882247925,2.3609182834625244,39.38647079467773
3498491547.0,-0.350923627614975,4.54118537902832,9.718539237976074,0.9121240973472596,2.7624988555908203,39.338340759277344
3498499880.0,-0.4241791665554046,4.56330680847168,9.665644645690918,0.5569310784339905,2.9876484870910645,39.4346809387207
3498508213.0,-0.3056818842887878,3.892480611801148,9.776973724365234,0.4468666315078735,2.7963099479675293,39.47323226928711
3498516546.0,-0.5425772666931152,4.122346878051758,9.498773574829102,0.8065677285194397,2.6008474826812744,39.55806350708008
3498524879.0,-0.4886077642440796,4.185032367706299,9.7140531539917,0.9761086702346802,3.285696506500244,39.59049224853516
3498533212.0,-0.4242282211780548,4.19637393951416,9.823062896728516,1.0600720643997192,2.9538116455078125,39.52494430541992
3498541545.0,-0.4915965795516968,4.5713324546813965,9.537639617919922,1.2104792594909668,2.662757158279419,39.42781829833984
3498549878.0,-0.1784560978412628,4.2256340980529785,9.638056755065918,1.0815879106521606,2.9058873653411865,39.35122299194336
3498558211.0,-0.2816859483718872,4.224385738372803,9.476130485534668,1.0536431074142456,2.966107130050659,39.54292678833008
3498566544.0,-0.5272498726844788,4.247293472290039,9.417352676391602,1.3569161891937256,3.861428260803223,39.54313278198242
3498574877.0,-0.501051664352417,4.0034708976745605,9.816366195678713,1.5794014930725098,3.878077268600464,39.47377014160156
3498583210.0,-0.5857515335083008,4.351657867431641,9.827080726623535,1.7526817321777344,3.27340054512024,39.30483627319336
3498591543.0,-0.462766170501709,4.128050804138184,9.589886665344238,1.7581121921539309,3.2451484203338623,39.29236602783203
3498599876.0,-0.5508405566215515,4.221679210662842,9.814526557922363,1.9899982213974,3.7373006343841553,39.328609466552734
3498608209.0,-0.9529730677604676,4.533353805541992,9.701244354248049,2.250726222991944,4.20555591583252,39.12456893920898
3498616542.0,-0.6940181851387024,4.511698246002197,10.288779258728027,2.142812967300415,3.7089977264404297,39.17823028564453
3498624875.0,-0.4809463918209076,4.7769927978515625,9.857925415039062,1.937155604362488,2.4602506160736084,39.01432037353516
3498633208.0,-0.4971969723701477,5.015779972076416,9.57788372039795,1.6374430656433103,3.08454704284668,39.08531951904297
3498641541.0,-0.5643197894096375,4.949087142944336,9.82650375366211,1.5694888830184937,4.010196208953857,39.1666259765625
3498649874.0,-1.1852505207061768,5.035248756408691,9.840173721313477,1.252537727355957,4.096873760223389,38.965423583984375
3498658207.0,-1.187419056892395,4.847326755523682,10.455180168151855,0.9604580998420716,3.538124322891236,38.9936752319336
3498666540.0,-1.057031273841858,4.976655006408691,10.206727981567385,0.5329816937446594,2.036897659301758,38.77958679199219
3498674873.0,-0.9729772210121156,5.035819053649902,9.616694450378418,0.3260696232318878,2.4870944023132324,38.81488800048828
3498683206.0,-0.6527897715568542,4.584256172180176,9.97743797302246,0.4227890968322754,2.841339349746704,38.7944221496582
3498691539.0,-0.8071897029876709,4.357079982757568,9.519244194030762,0.03667963296175,2.154237031936645,38.66171646118164
3498699872.0,-0.8148260116577148,4.317150592803955,9.480295181274414,0.3284005224704742,2.3011090755462646,38.70346450805664
3498708205.0,-0.7693237066268921,4.416543006896973,9.498844146728516,0.653573751449585,2.308511734008789,38.52542495727539
3498716538.0,-0.8532983064651489,4.775214672088623,9.637850761413574,0.6316478848457336,2.502053022384644,38.53178024291992
3498724871.0,-0.7604254484176636,4.412399768829346,9.960193634033203,0.3654900193214416,2.591754198074341,38.62104034423828
3498733204.0,-0.8449764251708984,4.532028198242188,9.741469383239746,0.3366995453834533,2.047809362411499,38.56296920776367
3498741537.0,-0.7382174730300903,4.491876125335693,9.79066562652588,0.7189669609069824,2.0748839378356934,38.60956573486328
3498749870.0,-0.4125310182571411,4.385092735290527,9.885558128356934,0.5387704968452454,1.6584982872009275,38.626312255859375
3498758203.0,-0.4007168412208557,4.540119647979736,9.394084930419922,0.4416156113147735,1.660163164138794,38.63645935058594
3498766536.0,-0.2732661366462707,4.276679515838623,9.637681007385254,0.1975628435611724,2.3301045894622803,38.94757080078125
3498774869.0,-0.3968341648578644,4.108061790466309,9.469688415527344,0.4852623343467712,2.490449905395508,38.99142456054688
3498783202.0,-0.6528521180152893,4.187704563140869,9.715668678283691,0.6439170241355896,2.8519182205200195,39.06542205810547
3498791535.0,-0.6028295159339905,4.102674007415772,9.845321655273438,0.8588465452194214,2.647670269012451,39.219085693359375
3498799868.0,-0.7013627886772156,4.375085830688477,9.631232261657717,1.1000046730041504,2.078469753265381,39.1536865234375
3498808201.0,-0.6479053497314453,4.250773906707764,9.619072914123535,1.0559738874435425,2.2801053524017334,39.339630126953125
3498816534.0,-0.6022292971611023,4.0890960693359375,9.613322257995604,0.8594867587089539,2.1325416564941406,39.44697189331055
3498824867.0,-0.6421890258789062,4.206661224365234,9.28569507598877,1.025672197341919,2.247396230697632,39.523921966552734
3498833200.0,-0.3175647258758545,3.922247886657715,9.479107856750488,1.5532493591308594,1.9908435344696045,39.75493621826172
3498841533.0,-0.3469233810901642,4.075092315673828,9.128555297851562,1.3972841501235962,1.580964207649231,39.756832122802734
3498849866.0,-0.6871120929718018,4.343800067901611,9.302621841430664,1.384451389312744,2.9960503578186035,39.90262985229492
3498858199.0,-0.7346352934837341,4.531254291534424,9.947601318359377,1.5899289846420288,3.3811092376708984,39.891639709472656
3498866532.0,-0.7547662854194641,4.71640682220459,10.110767364501951,1.7531434297561646,2.291504144668579,39.83662414550781
3498874865.0,-0.3638716638088226,4.451913833618164,9.976619720458984,1.4049172401428225,1.5150328874588013,39.82814407348633
3498883198.0,-0.2863291203975677,4.604519844055176,9.557527542114258,1.1429089307785034,1.5779929161071775,39.9571647644043
3498891531.0,-0.5006175637245178,4.963042259216309,9.483469009399414,1.2930595874786377,3.200605630874634,39.95864486694336
3498899864.0,-0.3782368898391723,4.704765796661377,9.920987129211426,1.1481853723526,3.2581863403320312,39.70695877075195
3498908197.0,-0.4924137890338897,4.3895769119262695,9.65770435333252,0.790558934211731,2.1239612102508545,39.79576873779297
3498916530.0,-0.6612889766693115,4.3307037353515625,9.261420249938965,0.7568504810333252,2.634965658187866,39.83024215698242
3498924863.0,-0.6868090629577637,4.445415019989014,9.489738464355469,1.0682945251464844,2.9750983715057373,39.90425109863281
3498933196.0,-1.0695075988769531,4.712424755096436,9.74323558807373,1.17956280708313,2.992438554763794,39.71231460571289
3498941529.0,-0.8231509923934937,4.452800273895264,9.853013038635254,0.842709481716156,2.3428094387054443,39.756446838378906
3498949862.0,-0.7779068350791931,4.409173488616943,9.576214790344238,0.7840015888214111,1.688518524169922,39.77038192749024
3498958195.0,-0.5390886664390564,4.6332173347473145,9.17877960205078,1.160761833190918,2.176572561264038,39.75081253051758
3498966528.0,-0.3945476114749908,4.49334192276001,9.388222694396973,1.224157214164734,2.193145275115967,39.5867805480957
3498974861.0,-0.7917742133140564,4.553840160369873,9.178897857666016,0.8481910228729248,2.221551418304444,39.45225143432617
3498983194.0,-0.98144268989563,4.446430683135986,9.50025463104248,1.0402978658676147,2.684298753738404,39.30387115478516
3498991527.0,-1.120142936706543,4.335396766662598,9.771809577941896,1.1034116744995115,2.2420427799224854,39.33230209350586
3498999860.0,-0.981967568397522,4.354887962341309,9.686179161071776,1.2957745790481567,1.567952036857605,39.30948257446289
3499008193.0,-0.4336620271205902,4.204537868499756,9.827272415161133,1.3839902877807615,0.7895342111587524,39.2586555480957
3499016526.0,-0.6913007497787476,4.564512729644775,9.404152870178224,1.4805816411972046,1.14979887008667,39.21421432495117
3499024859.0,-0.6609967947006226,4.420429706573486,9.609872817993164,1.71052086353302,2.5295116901397705,39.17923355102539
3499033192.0,-0.5212947726249695,4.276852607727051,10.20217514038086,1.65785813331604,1.564878225326538,39.05292510986328
3499041525.0,-0.4745770096778869,4.374660968780518,9.64500904083252,1.4977431297302246,0.88881516456604,39.1343994140625
3499049858.0,-0.162537008523941,4.21422815322876,9.682280540466309,1.6336270570755005,1.3814033269882202,39.268985748291016
3499058191.0,-0.2744255363941192,4.610411643981934,9.773561477661133,1.848966360092163,2.0932750701904297,39.26736831665039
3499066524.0,-0.4255952835083008,4.533898830413818,10.048309326171877,1.5474092960357666,2.402695655822754,39.291114807128906
3499074857.0,-0.5549361109733582,4.575104713439941,10.147889137268066,1.4792240858078003,1.95626437664032,39.25479507446289
3499083190.0,-0.4323437511920929,4.730100631713867,9.891361236572266,1.5974339246749878,1.7846229076385498,39.2988510131836
3499091523.0,0.1653237789869308,4.384345054626465,10.054647445678713,1.5012524127960205,1.4574776887893677,39.31528854370117
3499099856.0,0.0329833514988422,4.589149475097656,9.516636848449709,1.3105028867721558,1.681525707244873,39.495975494384766
3499108189.0,-0.0666475221514701,4.35227632522583,9.511465072631836,1.325256586074829,2.9872896671295166,39.7135124206543
3499116522.0,-0.3292986452579498,4.096852779388428,9.8153076171875,1.686392307281494,2.6993086338043213,39.586421966552734
3499124855.0,-0.5410718321800232,3.9736061096191406,9.56055736541748,1.811390042304993,2.5719804763793945,39.87263488769531
3499133188.0,-0.3043211698532104,3.79935359954834,9.77806568145752,1.849324941635132,2.0675837993621826,39.90846633911133
3499141521.0,-0.4217463433742523,4.376968860626221,9.46446418762207,1.961925148963928,2.209692001342773,39.85582733154297
3499149854.0,-0.4031886458396911,4.575465202331543,9.70361328125,2.316631555557251,3.0748395919799805,40.02237319946289
3499158187.0,-0.5209972262382507,4.415745258331299,10.10624885559082,2.21791410446167,2.6438794136047363,40.0291633605957
3499166520.0,-0.6266797780990601,4.450160503387451,9.81473159790039,2.0136144161224365,2.102726697921753,40.1044921875
3499174853.0,-0.2326428145170211,4.327457427978516,9.963441848754885,1.9457111358642576,1.892151951789856,40.11473846435547
3499183186.0,-0.2411229908466339,4.976584434509277,9.694738388061523,2.140277147293091,1.9677907228469849,40.08779525756836
3499191519.0,-0.3222088813781738,4.79538106918335,9.852635383605955,1.9060862064361568,2.822795391082764,40.11269378662109
3499199852.0,-0.5166322588920593,4.763446807861328,10.165274620056152,1.6324743032455444,2.474005460739136,40.12129592895508
3499208185.0,-0.6182236671447754,4.920294761657715,10.132428169250488,1.4262539148330688,2.545315980911255,39.96876525878906
3499216518.0,-0.2873671650886535,4.817689418792725,10.283002853393556,1.379584550857544,1.5701546669006348,40.18130493164063
3499224851.0,-0.2778197228908539,4.973620414733887,9.555668830871582,1.075287103652954,1.6081150770187378,39.99212646484375
3499233184.0,-0.1854316741228103,4.487197399139404,9.536712646484377,1.2243366241455078,2.1726536750793457,40.044708251953125
3499241517.0,-0.381462961435318,4.403176307678223,9.640007972717283,1.0324857234954834,2.1420445442199707,40.04360961914063
3499249850.0,-0.483854591846466,4.469913005828857,9.555903434753418,1.1930358409881592,2.4471874237060547,39.80657577514648
3499258183.0,-0.3231203556060791,4.391409397125244,9.775202751159668,1.3650614023208618,1.9020644426345823,39.74707412719727
3499266516.0,-0.3939399123191833,4.606398582458496,9.338482856750488,1.3592212200164795,1.7402591705322266,39.53565216064453
3499274849.0,-0.0731811299920082,4.519988059997559,9.641900062561035,1.604939103126526,1.92975389957428,39.65306854248047
3499283182.0,-0.1931520700454712,4.7784810066223145,9.643810272216797,1.569565773010254,2.0674045085906982,39.44369888305664
3499291515.0,-0.2707038521766662,4.866000652313232,9.818196296691896,1.469618797302246,2.4333300590515137,39.54674530029297
3499299848.0,-0.2690707445144653,4.736521244049072,9.873676300048828,1.554658055305481,1.945173263549805,39.24423599243164
3499308181.0,-0.3181927502155304,4.63417387008667,9.488931655883787,1.3766902685165403,1.9521660804748533,39.24821090698242
3499316514.0,-0.2005652338266372,4.133400917053223,9.640427589416504,1.3109383583068848,2.084002733230591,39.3023796081543
3499324847.0,-0.3684621453285217,4.351039409637451,9.653790473937988,1.4040207862854004,2.353797912597656,39.2512321472168
3499333180.0,-0.4255153834819793,4.302711009979248,9.76008415222168,1.874759554862976,2.4584832191467285,39.25059127807617
3499341513.0,-0.2982047200202942,4.490619659423828,9.99900245666504,1.774120807647705,1.5586025714874268,39.14984130859375
3499349846.0,-0.3960462212562561,4.680824279785156,9.626474380493164,1.5662356615066528,1.6485342979431152,39.11642074584961
3499358179.0,-0.1715787947177887,4.649414539337158,9.93763256072998,1.654066801071167,2.0496792793273926,39.15924835205078
3499366512.0,-0.2392434626817703,4.835963249206543,9.873313903808594,1.3816592693328855,1.9360800981521609,39.198001861572266
3499374845.0,-0.0342744886875152,4.604699611663818,9.957159996032717,1.4542244672775269,1.5123176574707031,39.2481575012207
3499383178.0,-0.275389701128006,4.658520698547363,9.70269012451172,1.1501061916351318,1.1660895347595217,39.1992301940918
3499391511.0,-0.3327665627002716,4.828248977661133,9.49611473083496,1.175003170967102,2.094888687133789,39.15935134887695
3499399844.0,-0.1672446876764297,4.6064276695251465,10.076915740966797,1.0535916090011597,1.6746864318847656,38.934940338134766
3499408177.0,-0.3505445420742035,4.53841495513916,9.55537223815918,0.630751371383667,1.1505160331726074,38.91552734375
3499416510.0,-0.0743834376335144,4.146056652069092,9.706811904907228,0.7429930567741394,1.705884575843811,38.962886810302734
3499424843.0,-0.1826889365911483,4.434608459472656,9.733087539672852,1.004002332687378,1.5279934406280518,38.83199691772461
3499433176.0,-0.0911967605352401,4.585962772369385,9.746722221374512,0.970832109451294,1.624790072441101,38.79813766479492
3499441509.0,0.000965267070569,4.290696144104004,9.937928199768066,0.7648676633834839,1.252025485038757,38.74478530883789
3499449842.0,-0.2231277376413345,4.426207065582275,9.424427032470703,0.6816468834877014,1.5616763830184937,38.70635986328125
3499458175.0,0.1116349771618843,4.406198978424072,9.906585693359377,1.0776180028915403,1.9075969457626345,38.58433151245117
3499466508.0,-0.0059098354540765,4.646666049957275,9.877558708190918,0.8937329053878784,1.4077088832855225,38.421043395996094
3499474841.0,-0.0532109886407852,4.543573379516602,9.594236373901367,0.8223460912704468,1.959491491317749,38.64901351928711
3499483174.0,-0.119928278028965,4.49365234375,9.903989791870115,0.5372848510742188,2.0381014347076416,38.5876350402832
3499491507.0,-0.2663330733776092,4.59351921081543,9.693361282348633,0.4559595882892608,2.081235885620117,38.36494445800781
3499499840.0,0.2638381123542785,4.220133304595947,9.954946517944336,0.3620576560497284,1.2772042751312256,38.24038696289063
3499508173.0,-0.0357209667563438,4.417238235473633,9.41606616973877,0.211317703127861,1.3090426921844482,38.02481842041016
3499516506.0,-0.1082100272178649,4.247646808624268,9.308537483215332,0.3041694462299347,2.6279470920562744,38.12442779541016
3499524839.0,-0.3153390288352966,4.0787672996521,9.771432876586914,0.2267118543386459,2.410404920578003,37.82733154296875
3499533172.0,-0.3250113129615783,4.001384735107422,9.60438346862793,0.3618015348911285,1.7218934297561646,37.7966423034668
3499541505.0,0.0302719082683324,3.7952380180358887,9.633326530456545,0.8639435768127441,1.1795368194580078,37.56024932861328
3499549838.0,-0.1753621697425842,4.236217498779297,9.346144676208496,1.0525670051574707,1.7319597005844116,37.39196014404297
3499558171.0,-0.2055802196264267,4.285993576049805,9.634814262390137,1.1853514909744265,2.5799202919006348,37.37260055541992
3499566504.0,-0.3626103401184082,4.188793659210205,10.15138816833496,1.0365837812423706,2.0106687545776367,37.060489654541016
3499574837.0,-0.2475465536117553,4.066821575164795,9.873437881469728,0.9570003151893616,1.536318063735962,37.19694137573242
3499583170.0,0.1304950714111328,4.123939514160156,9.959927558898926,1.2430603504180908,0.8656853437423706,36.91107940673828
3499591503.0,-0.092301070690155,4.724757671356201,9.582110404968262,1.1411668062210083,1.4461814165115356,36.71433639526367
3499599836.0,0.0263731013983488,4.662069320678711,9.937070846557615,0.859204888343811,2.3233673572540283,36.5676155090332
3499608169.0,-0.1321162581443786,4.681857109069824,10.33518886566162,0.1730499565601349,1.7543208599090576,36.42322540283203
3499616502.0,-0.0826273337006568,4.714570999145508,10.103933334350586,0.0191850829869508,1.507578730583191,36.3245849609375
3499624835.0,0.0860485658049583,4.53680944442749,10.035962104797363,-0.2609196901321411,1.3339139223098757,35.988372802734375
3499633168.0,0.0851501375436782,4.514636516571045,9.687522888183594,-0.5664466023445129,1.9498602151870728,35.96232223510742
3499641501.0,0.3869372904300689,4.163918495178223,10.08045482635498,-0.6476950645446777,1.793689846992493,35.98094177246094
3499649834.0,-0.0726432651281356,4.181022644042969,9.913028717041016,-0.9611368775367736,1.631244421005249,35.74153518676758
3499658167.0,-0.0417245551943779,4.200957298278809,9.878652572631836,-0.8128302693367004,2.431050062179565,35.70756530761719
3499666500.0,-0.0326388143002986,4.284233570098877,10.18881607055664,-0.9026082158088684,1.671510100364685,35.36802291870117
3499674833.0,-0.1978661864995956,4.562534809112549,9.533203125,-1.4334639310836792,1.5799903869628906,35.02448272705078
3499683166.0,0.1709468364715576,4.047154426574707,9.928784370422363,-1.3401509523391724,1.8127470016479488,34.93462371826172
3499691499.0,-0.1347237080335617,4.260631561279297,9.988943099975586,-1.6542589664459229,1.9988092184066768,34.64034652709961
3499699832.0,-0.3162596225738525,4.2017927169799805,9.80806827545166,-1.571345567703247,2.005033493041992,34.640960693359375
3499708165.0,-0.2458524107933044,4.084104537963867,9.7721586227417,-1.6517482995986938,1.397949457168579,34.212684631347656
3499716498.0,-0.0428799055516719,3.92707109451294,9.436345100402832,-1.7873246669769287,0.9419900178909302,34.00295639038086
3499724831.0,0.2252294570207595,3.646138429641724,9.70947551727295,-1.997668981552124,1.2533825635910034,33.97916030883789
3499733164.0,-0.2184349596500396,4.062986373901367,9.482765197753906,-1.8438811302185056,2.3215739727020264,33.64130783081055
3499741497.0,-0.2503214180469513,3.649571180343628,10.110625267028809,-1.3863590955734253,2.688293695449829,33.5488166809082
3499749830.0,-0.2308013290166854,3.482879161834717,10.13829517364502,-1.6445249319076538,0.9811285138130188,33.213829040527344
3499758163.0,0.2061923593282699,3.326579332351685,9.682719230651855,-1.604489803314209,0.4824189245700836,33.2685661315918
3499766496.0,0.4783050715923309,2.9287116527557373,9.51673698425293,-1.2783691883087158,0.839840292930603,33.07441329956055
3499774829.0,0.1015772148966789,3.127049684524536,9.20682144165039,-0.9244314432144164,2.2185020446777344,32.7829704284668
3499783162.0,0.1477332413196563,2.722205400466919,9.846123695373535,-0.4159883558750152,2.3053088188171387,32.59058380126953
3499791495.0,-0.0260748825967311,3.0258283615112305,9.851570129394531,-0.372802734375,1.0062304735183716,32.24702072143555
3499799828.0,-0.0522854551672935,3.100995779037476,9.370402336120604,-0.3379929661750793,1.4066070318222046,32.21113586425781
3499808161.0,0.0557020977139472,3.0376882553100586,9.904322624206545,0.123563177883625,1.848708987236023,31.9658260345459
3499816494.0,0.0343564376235008,3.1726105213165283,9.700970649719238,0.2451284825801849,1.886285424232483,31.80471420288086
3499824827.0,0.2526106238365173,2.7849316596984863,10.192057609558104,0.3785274624824524,1.067141056060791,31.678529739379883
3499833160.0,0.0219953786581754,2.890873908996582,9.38579559326172,0.3155419826507568,0.9562826156616212,31.58601188659668
3499841493.0,-0.0192507971078157,2.627259969711304,9.503993034362791,0.6097217798233032,2.075471878051758,31.369447708129883
3499849826.0,0.0103555768728256,2.439395904541016,10.089442253112791,0.6922252178192139,1.5935139656066897,31.16683578491211
3499858159.0,0.1021435409784317,2.416099786758423,9.714895248413086,0.9505706429481506,0.8777236342430115,30.860027313232425
3499866492.0,0.432386577129364,2.398850440979004,9.75367832183838,1.4315297603607178,0.5661775469779968,30.66328811645508
3499874825.0,0.0216995999217033,3.0221059322357178,9.481060981750488,1.4870355129241943,1.4378304481506348,30.47443008422852
3499883158.0,0.0726448372006416,3.231118440628052,9.900002479553224,1.523202896118164,2.0836939811706543,30.295717239379883
3499891491.0,0.1206692680716514,3.403027534484864,10.393574714660645,1.042500138282776,0.8178631067276001,30.007917404174805
3499899824.0,0.3468600511550903,3.486292839050293,9.728472709655762,0.657184898853302,0.5180226564407349,29.76809310913086
3499908157.0,0.5370467901229858,3.315629005432129,9.851999282836914,0.6489371061325073,0.9569997191429138,29.54076385498047
3499916490.0,0.1655750423669815,3.327901601791382,9.600205421447754,0.3376983106136322,1.7318819761276243,29.335878372192383
3499924823.0,0.0648016706109047,3.006117582321167,9.79434871673584,0.1899809092283249,1.7599810361862185,28.973154067993164
3499933156.0,-0.073444552719593,2.9999468326568604,9.771014213562012,-0.0527781657874584,0.743914783000946,28.597261428833008
3499941489.0,0.2153178751468658,3.0366628170013428,9.330025672912598,0.0054814503528177,0.5213525295257568,28.12983131408692
3499949822.0,0.4676588475704193,2.9964582920074463,9.43474006652832,0.1413394212722778,0.3900793790817261,27.583112716674805
3499958155.0,0.3266718983650207,3.021559953689575,9.310294151306152,-0.0839251056313514,1.1912164688110352,27.145957946777344
3499966488.0,0.5762077569961548,3.014216899871826,9.731205940246582,-0.1908645927906036,1.5358818769454956,26.90377616882324
3499974821.0,0.4069538116455078,3.188596248626709,9.750235557556152,-0.4370175004005432,1.055588722229004,26.56510162353516
3499983154.0,0.7628104090690613,2.921926498413086,9.58168888092041,-0.3558203279972076,1.4650324583053589,26.224891662597656
3499991487.0,0.7146242260932922,2.873281955718994,9.740771293640137,-0.623053789138794,1.5317833423614502,25.89298439025879
3499999820.0,0.5021063685417175,3.021679639816284,9.688454627990724,-0.4763353765010834,2.637704372406006,25.558229446411133
3500008153.0,0.5812852382659912,2.864370584487915,10.249322891235352,-0.5510777831077576,2.390501022338867,25.14394760131836
3500016486.0,0.3806749582290649,3.1498191356658936,9.878483772277832,-1.008087158203125,2.021502017974853,24.623414993286133
3500024819.0,0.6720858216285706,2.9053783416748047,9.649505615234377,-1.2724517583847046,2.1106395721435547,24.240402221679688
3500033152.0,0.4643591344356537,2.8862125873565674,9.555787086486816,-1.5658373832702637,2.58970308303833,23.84663391113281
3500041485.0,0.3358298242092132,2.8082871437072754,9.549341201782228,-1.7244665622711182,3.2976036071777344,23.46874618530273
3500049818.0,0.3863792419433594,2.608058214187622,9.925982475280762,-2.238287925720215,2.7679264545440674,22.94977378845215
3500058151.0,0.33730548620224,2.696167230606079,9.578439712524414,-2.252939462661743,2.499642848968506,22.60382843017578
3500066484.0,0.5579893589019775,2.3663330078125,9.58762264251709,-2.080452919006348,2.852120876312256,22.23559761047364
3500074817.0,0.1972919553518295,2.454122543334961,9.73055934906006,-2.0398287773132324,3.315840721130371,21.9269962310791
3500083150.0,0.2180415242910385,2.4007914066314697,9.983820915222168,-2.2436671257019043,3.21087384223938,21.5698356628418
3500091483.0,0.2185821831226349,2.547722101211548,10.483012199401855,-2.30895733833313,2.521876096725464,21.040332794189453
3500099816.0,0.294973611831665,2.7656729221343994,9.965617179870604,-2.6780331134796143,2.765467643737793,20.590574264526367
3500108149.0,0.6471323370933533,2.38107967376709,10.174158096313477,-2.734973669052124,2.731143951416016,20.261531829833984
3500116482.0,0.3416939079761505,2.307318687438965,9.615398406982422,-3.1296634674072266,2.737522602081299,19.83113670349121
3500124815.0,0.3038302958011627,1.724308967590332,9.430890083312988,-3.1997439861297607,3.433666467666626,19.606807708740234
3500133148.0,0.1926414370536804,1.5323747396469116,9.804561614990234,-3.08143162727356,3.228649854660034,19.2308406829834
3500141481.0,0.1557305455207824,1.443633794784546,9.62320613861084,-2.987452983856201,3.139230489730835,19.06007194519043
3500149814.0,0.1835154891014099,1.0553947687149048,9.905769348144531,-2.6118454933166504,2.786009788513184,18.72211456298828
3500158147.0,-0.3250841796398163,1.304158329963684,9.66286849975586,-2.388873815536499,3.0031163692474365,18.448429107666016
3500166480.0,-0.010451721958816,1.0448182821273804,10.19440746307373,-2.138136148452759,3.125142335891724,18.26692581176757
3500174813.0,0.0650152862071991,1.2489525079727173,10.271394729614258,-1.9242572784423828,1.437189698219299,17.87364387512207
3500183146.0,0.4385688304901123,1.2251805067062378,9.622913360595703,-1.8707488775253296,1.7208160161972046,17.590452194213867
3500191479.0,0.4421091079711914,1.1997112035751345,9.679558753967283,-1.4110244512557983,2.271854877471924,17.310819625854492
3500199812.0,0.1576833873987198,1.0117052793502808,9.698698043823242,-1.5438857078552246,3.240534543991089,17.05765151977539
3500208145.0,0.2773298621177673,0.6459277272224426,10.307014465332031,-1.262717843055725,2.512193441390991,16.730195999145508
3500216478.0,-0.1692525446414947,0.8795309662818909,10.026010513305664,-1.252421259880066,1.993454098701477,16.35971450805664
3500224811.0,-0.0725232511758804,0.6648886203765869,9.953814506530762,-0.602946400642395,2.3095080852508545,16.208486557006836
3500233144.0,-0.048865221440792,0.7331429719924927,10.274255752563477,-0.5756415724754333,1.7958142757415771,15.8189697265625
3500241477.0,-0.1130354553461074,0.5837432146072388,10.048395156860352,-0.3314354419708252,1.4124715328216553,15.628425598144531
3500249810.0,0.0259021576493978,0.4262019693851471,10.134516716003418,-0.0480907335877418,1.284989595413208,15.346668243408203
3500258143.0,0.0968294292688369,0.7451210618019104,9.89478874206543,0.3592397272586822,1.3251783847808838,14.976365089416504
3500266476.0,0.4026373028755188,0.6380651593208313,10.51174545288086,0.4140541553497314,1.3200809955596924,14.653546333312988
3500274809.0,0.1623916178941726,0.9653642773628236,10.321266174316406,0.4174352288246155,1.216394543647766,14.330244064331056
3500283142.0,0.1066097691655159,1.1023730039596558,10.262165069580078,0.5811614990234375,1.8276528120040887,14.0546875
3500291475.0,0.0392613783478736,0.856290876865387,10.603909492492676,0.4330600202083587,1.350357174873352,13.741373062133787
3500299808.0,-0.1148613542318344,0.7148970365524292,9.839771270751951,0.1721532940864563,0.6460167169570923,13.423346519470217
3500308141.0,0.1385264545679092,0.5505496859550476,9.724884033203123,0.5552654266357422,0.1645202338695526,13.203370094299316
3500316474.0,-0.1011436060070991,0.6391976475715637,9.347641944885254,0.4465074241161346,0.2143399566411972,12.757479667663574
3500324807.0,0.3248226046562195,0.236523151397705,9.53884983062744,0.9842528104782104,0.5772937536239624,12.604640007019045
3500333140.0,0.4047453105449676,0.0546531192958354,9.7964448928833,0.9973672032356262,-0.211919367313385,12.211586952209473
3500341473.0,0.1299537718296051,0.4637042284011841,9.094910621643066,1.074824571609497,0.1032765954732894,12.091200828552246
3500349806.0,0.0410903543233871,0.6330261826515198,9.395233154296877,1.575864553451538,0.5865404009819031,11.777888298034668
3500358139.0,-0.2118545472621917,0.7465211749076843,9.53371524810791,1.4411849975585938,0.1177742630243301,11.369671821594238
3500366472.0,0.1562588810920715,0.3785417973995209,9.776598930358888,1.2906757593154907,-0.7428512573242188,11.127643585205078
3500374805.0,0.1061445325613021,0.5665629506111145,9.590347290039062,1.175872802734375,-1.0443050861358645,10.81814670562744
3500383138.0,-0.1216561868786811,0.8257643580436707,9.235029220581056,1.4054789543151855,-0.0767530724406242,10.660365104675291
3500391471.0,0.1651727259159088,0.8036248683929443,9.792933464050291,1.418209195137024,-0.4764120578765869,10.305377006530762
3500399804.0,0.246341735124588,0.8423970341682434,9.762049674987791,0.9672704935073853,-1.5605090856552124,9.928155899047852
3500408137.0,0.4478169977664947,0.6753656268119812,9.506719589233398,0.8020071983337402,-1.3855379819869995,9.788683891296388
3500416470.0,0.4325208365917206,0.796593964099884,9.523198127746582,1.032842993736267,-0.7955398559570312,9.48210906982422
3500424803.0,0.3160608112812042,0.6081744432449341,9.682031631469728,1.1650636196136477,-0.6430070400238037,9.189542770385742
3500433136.0,0.2969406843185425,0.372218906879425,9.699681282043455,0.9713175892829896,-1.9356040954589844,8.935731887817383
3500441469.0,0.3471927940845489,0.3993425369262695,9.24178981781006,0.8926304578781128,-1.8443145751953125,8.746211051940918
3500449802.0,0.4994916021823883,0.2974613606929779,9.389601707458496,1.242725849151611,-1.269992113113403,8.450417518615723
3500458135.0,0.3572641313076019,0.5881061553955078,9.662762641906738,1.3832967281341553,-0.6372693777084351,8.068739891052246
3500466468.0,0.4964577555656433,0.3721617758274078,9.776788711547852,1.367672324180603,-0.8129575848579407,7.582736968994141
3500474801.0,0.6188979148864746,0.4755353331565857,9.782769203186035,1.410755276679993,-1.163590669631958,7.171090126037598
3500483134.0,0.4853306710720062,0.5550254583358765,9.60146713256836,1.4041212797164917,-0.269653856754303,6.99445390701294
3500491467.0,0.587011456489563,0.2182609289884567,10.077134132385254,1.5004819631576538,0.2395187318325042,6.75800895690918
3500499800.0,0.3661008775234222,0.3270235359668731,9.959589004516602,1.5113935470581057,-0.2257766872644424,6.336782932281494
3500508133.0,0.6171022057533264,0.2574193477630615,9.856396675109863,1.802242994308472,-0.565626323223114,6.128230571746826
3500516466.0,0.5922024250030518,0.272906482219696,9.877816200256348,1.763258457183838,-0.4758228957653045,5.724551200866699
3500524799.0,0.5489233136177063,0.4937744140625,9.713423728942873,1.458679437637329,0.7343856692314148,5.557008266448975
3500533132.0,0.6659461259841919,0.4145430028438568,10.352148056030272,1.6125696897506714,0.7477819323539734,5.169848918914795
3500541465.0,0.4858381748199463,0.403290718793869,10.134897232055664,1.3618320226669312,0.6113093495368958,4.803155422210693
3500549798.0,0.5975770354270935,-0.0462746061384677,10.151954650878906,1.3118586540222168,0.8792341947555542,4.708076000213623
3500558131.0,0.4813595116138458,0.1569817811250686,10.11551570892334,1.3462330102920532,1.293006420135498,4.371248722076416
3500566464.0,0.5195621848106384,0.2040812373161316,10.22956085205078,1.3778154850006104,1.4362157583236694,4.233879566192627
3500574797.0,0.5456261038780212,-0.0270771048963069,10.116424560546877,1.3772772550582886,0.830643892288208,3.7208001613616943
3500583130.0,0.3991264104843139,-0.1474443674087524,9.689371109008787,1.3098350763320925,1.260297179222107,3.659300804138184
3500591463.0,0.6167170405387878,-0.4711605310440063,10.03773593902588,1.4163390398025513,1.7680994272232056,3.401979923248291
3500599796.0,0.4803682863712311,-0.0846530571579933,10.129740715026855,1.4498168230056765,1.6765797138214111,3.1567749977111816
3500608129.0,0.4218713343143463,-0.0994722917675972,10.123299598693848,1.799707531929016,2.129132032394409,2.931497812271118
3500616462.0,0.454033762216568,-0.1373405009508133,10.389037132263184,1.634597897529602,2.4201605319976807,2.8453569412231445
3500624795.0,0.5078945755958557,-0.0634748563170433,10.507328033447266,1.4457699060440063,2.6604480743408203,2.6869587898254395
3500633128.0,0.7288092374801636,-0.4300251305103302,10.68612289428711,1.4985350370407104,2.511449813842773,2.5189549922943115
3500641461.0,0.5561270117759705,-0.2854048013687134,10.267353057861328,1.569358468055725,2.539830684661865,2.4159603118896484
3500649794.0,0.389319360256195,-0.3963013291358948,10.115809440612791,1.843994379043579,3.2213997840881348,2.294343948364258
3500658127.0,0.1626433432102203,-0.5083202123641968,10.296587944030762,1.800270915031433,3.2613840103149414,2.0855112075805664
3500666460.0,0.2156067937612533,-0.3565632402896881,10.124530792236328,1.889792561531067,3.1008076667785645,2.069374084472656
3500674793.0,0.4281359314918518,-0.3230707347393036,10.20253562927246,1.794661521911621,2.4320719242095947,1.8227602243423464
3500683126.0,-0.0065366514027118,-0.0311515182256698,9.632214546203612,1.8252959251403809,3.1106693744659424,1.7816237211227417
3500691459.0,-0.0425404161214828,-0.1704323142766952,9.662214279174805,1.8403829336166384,4.015620708465576,1.6582913398742676
3500699792.0,-0.2213679999113083,-0.184348464012146,10.13846206665039,1.8001171350479126,3.04811954498291,1.5189496278762815
3500708125.0,-0.3420286178588867,-0.159599632024765,9.705857276916504,1.4683871269226074,2.305383443832397,1.2914185523986816
3500716458.0,-0.1388259679079055,-0.2177190631628036,9.864988327026367,1.7172038555145264,2.530045986175537,1.0619150400161743
3500724791.0,-0.16903917491436,-0.0010207075392827,9.731165885925291,1.7473008632659912,2.604890823364258,0.841120183467865
3500733124.0,0.086354911327362,-0.3940781354904175,10.122968673706056,1.815101623535156,2.24375581741333,0.5567766427993774
3500741457.0,-0.2205753177404403,-0.4828170835971832,9.80235767364502,1.666385293006897,1.9224765300750728,0.5104148387908936
3500749790.0,-0.4538419842720032,-0.5401327610015869,9.741134643554688,1.8824925422668457,2.6887009143829346,0.2806808054447174
3500758123.0,-0.2758400440216064,-0.575675368309021,10.138426780700684,2.0653271675109863,2.2043609619140625,0.0040214350447058
3500766456.0,-0.2903287410736084,-0.3748523294925689,9.845844268798828,2.1876351833343506,1.311935544013977,-0.3650668859481811
3500774789.0,-0.17463019490242,-0.4295730292797088,9.802960395812988,2.1457302570343018,1.514134168624878,-0.5082760453224182
3500783122.0,-0.3698844909667969,-0.1113612800836563,9.656749725341797,2.1299006938934326,2.120269536972046,-0.799791693687439
3500791455.0,-0.4651858806610107,-0.0630004182457923,9.898423194885254,2.2791547775268555,1.9409189224243164,-1.0686386823654177
3500799788.0,-0.3984611332416534,-0.3405675292015075,9.984210014343262,1.921118974685669,0.8438354134559631,-1.2542394399642944
3500808121.0,-0.4261734783649444,-0.3729332685470581,9.607977867126465,1.7976325750350952,0.4992214143276214,-1.4358444213867188
3500816454.0,-0.4024297893047333,-0.5488573312759399,9.580357551574709,1.7386175394058228,1.0717252492904663,-1.5860974788665771
3500824787.0,-0.6669504046440125,-0.5810424089431763,9.665266036987305,1.943864226341248,1.2414451837539673,-1.6750813722610474
3500833120.0,-0.6089083552360535,-0.7428262233734131,9.669846534729004,2.0303890705108643,0.487259566783905,-1.934553503990173
3500841453.0,-0.4201665222644806,-0.936986207962036,9.558842658996582,1.9828746318817136,-0.6998704671859741,-2.368945598602295
3500849786.0,-0.3327340483665466,-0.8261565566062927,9.118659973144531,2.040942430496216,-0.2778504490852356,-2.4345180988311768
3500858119.0,-0.2281009256839752,-1.0222082138061523,9.689066886901855,2.2233927249908447,0.3354440331459045,-2.458159685134888
3500866452.0,-0.4258764684200287,-0.7251167893409729,9.781471252441406,2.440396308898926,0.2867257595062256,-2.6876890659332275
3500874785.0,-0.2630332708358764,-0.6803144216537476,10.052844047546388,2.6263551712036133,-0.1673762202262878,-2.806974172592163
3500883118.0,-0.1314978003501892,-0.7202107310295105,9.79689884185791,2.390115261077881,-0.7640597820281982,-2.927335500717163
3500891451.0,-0.1677012890577316,-0.7003207802772522,9.692899703979492,2.298928737640381,-0.0836432799696922,-2.929871320724488
3500899784.0,-0.178797036409378,-0.9196287393569946,9.992588996887209,2.45353627204895,0.0195180457085371,-2.944573879241944
3500908117.0,-0.4094417691230774,-0.8841722011566162,9.83656120300293,2.4621682167053223,-0.0857180282473564,-3.127894878387451
3500916450.0,-0.202047124505043,-1.0290815830230713,10.054614067077637,2.3792037963867188,-0.4616837501525879,-3.235602617263794
3500924783.0,-0.0689986869692802,-0.9533408284187316,9.728901863098145,2.2524898052215576,-0.8902609944343567,-3.286702871322632
3500933116.0,-0.0107541177421808,-1.0333918333053589,9.826590538024902,2.383199691772461,-0.1336935013532638,-3.354247808456421
3500941449.0,-0.1840125024318695,-1.2107939720153809,9.85133934020996,2.4487721920013428,0.2410043478012085,-3.431091070175171
3500949782.0,-0.4416813254356384,-1.171688675880432,9.932963371276855,2.6289937496185303,0.2772741317749023,-3.4753012657165527
3500958115.0,-0.2472349554300308,-1.3179296255111694,10.103084564208984,2.831500291824341,-0.5965171456336975,-3.65198826789856
3500966448.0,-0.1283466666936874,-1.2145735025405884,9.97948169708252,2.866463184356689,-0.880450963973999,-3.658878087997437
3500974781.0,-0.1376084238290786,-0.9829429388046264,9.877275466918944,3.1487066745758057,0.027714604511857,-3.709466457366944
3500983114.0,-0.0959700644016265,-1.0074739456176758,10.200484275817873,3.511941909790039,0.2226389199495315,-4.02108907699585
3500991447.0,-0.2569570541381836,-0.7292363047599792,10.04860782623291,3.4425790309906006,-0.2819230854511261,-4.191859722137451
3500999780.0,-0.2389533817768097,-1.1481894254684448,9.973699569702148,3.241583824157715,-0.5340439677238464,-4.3143463134765625
3501008113.0,-0.3665885925292969,-1.09784734249115,9.806703567504885,3.407769203186035,-0.2599460780620575,-4.451434135437012
3501016446.0,-0.3485510647296905,-0.906022310256958,10.152265548706056,3.524288415908813,0.2370853722095489,-4.573153018951416
3501024779.0,-0.3630149662494659,-0.7846980690956116,10.29079246520996,3.577258348464966,-0.2969073951244354,-4.8535003662109375
3501033112.0,-0.2867805063724518,-0.6497581005096436,10.078871726989746,3.506230592727661,-0.5326352715492249,-4.959877014160156
3501041445.0,-0.1726590245962143,-0.7316009998321533,10.2081298828125,3.4896836280822754,-0.3638886213302612,-5.138331413269043
3501049778.0,-0.4101648032665252,-0.6996068358421326,9.99427890777588,3.632662296295166,0.1027130931615829,-5.376108169555664
3501058111.0,-0.3072727024555206,-0.7429296374320984,10.41604995727539,3.713244676589966,0.1297104954719543,-5.295731067657471
3501066444.0,-0.3462671637535095,-0.8360874652862549,10.426302909851074,3.6739518642425537,-0.7596541047096252,-5.596748352050781
3501074777.0,-0.2551621198654175,-0.6625007390975952,10.04687786102295,3.5245957374572754,-0.577536940574646,-5.695517063140869
3501083110.0,0.0611981265246868,-0.6939790844917297,9.962324142456056,3.6734402179718018,-0.7333996295928955,-5.761833190917969
3501091443.0,-0.0675403103232383,-0.767694890499115,9.69050407409668,3.582073926925659,-0.5988480448722839,-5.986546993255615
3501099776.0,-0.1077945083379745,-0.9347313046455384,9.666105270385742,3.438198566436768,-0.2706016004085541,-6.073685646057129
3501108109.0,-0.2929810583591461,-1.0955469608306885,9.855100631713867,3.4059245586395264,0.1984078586101532,-6.204010963439941
3501116442.0,-0.2691138386726379,-0.874534010887146,10.061902046203612,3.737296104431152,0.0570429041981697,-6.263000965118408
3501124775.0,-0.2332517206668853,-0.724737823009491,10.354853630065918,3.59098744392395,-0.4291024506092071,-6.4005231857299805
3501133108.0,-0.3341158628463745,-0.3838924169540405,10.04684352874756,3.282925128936768,-0.3202419579029083,-6.447140693664551
3501141441.0,-0.1306503862142563,-0.357502818107605,10.34243106842041,3.0970683097839355,0.0554548241198062,-6.559408664703369
3501149774.0,-0.1163251176476478,-0.4010875523090362,10.417728424072266,2.7539660930633545,-0.3984934985637665,-6.539429664611816
3501158107.0,-0.0301536172628402,-0.5286877751350403,10.05292797088623,2.458787202835083,-0.4355828464031219,-6.553158283233643
3501166440.0,-0.0962105467915535,-0.892833948135376,10.002087593078612,2.104184150695801,-0.3652206063270569,-6.575597286224365
3501174773.0,-0.1237769201397895,-0.8422646522521973,9.989256858825684,2.0485494136810303,0.1254072934389114,-6.580001354217529
3501183106.0,-0.2116908431053161,-0.9924286007881165,10.164761543273926,1.8419708013534544,0.1069650426506996,-6.542758941650391
3501191439.0,-0.3447539806365967,-0.9487595558166504,9.982908248901367,1.963100790977478,-0.0376401208341121,-6.640836715698242
3501199772.0,-0.3821061253547668,-1.1745257377624512,9.960488319396973,1.9113085269927976,0.091750182211399,-6.838552474975586
3501208105.0,-0.1709961891174316,-1.5449198484420776,9.844355583190918,1.895376205444336,-0.1801320910453796,-6.914011955261231
3501216438.0,-0.0856656730175018,-1.3741686344146729,9.666566848754885,2.237377643585205,-0.2784907519817352,-6.995849132537842
3501224771.0,0.0363442711532115,-1.3893954753875732,9.603891372680664,2.397057294845581,-0.1111273691058158,-7.137291431427002
3501233104.0,-0.1415156424045562,-1.181220769882202,9.46456241607666,2.540778875350952,0.2805527746677398,-7.218207836151123
3501241437.0,-0.0375465489923954,-1.067490816116333,9.612593650817873,2.578918218612671,0.709591269493103,-7.494431972503662
3501249770.0,-0.1318511962890625,-1.1996008157730105,9.790776252746582,2.494058609008789,0.3645162284374237,-7.614537239074707
3501258103.0,-0.4084717929363251,-1.1273722648620603,9.639577865600586,2.530327796936035,0.8564887642860413,-7.730132579803467
3501266436.0,-0.4568473994731903,-1.3832656145095823,9.916182518005373,2.783831834793091,1.1687263250350952,-7.928797245025635
3501274769.0,-0.4171971380710602,-1.2544196844100952,10.050156593322754,2.759805679321289,0.5621812343597412,-8.155355453491211
3501283102.0,-0.1583153456449508,-1.543815016746521,9.837879180908203,2.877349615097046,0.063215933740139,-8.395565032958984
3501291435.0,-0.0375838987529277,-1.5830823183059692,9.55821704864502,3.0353896617889404,0.3282976746559143,-8.537725448608398
3501299768.0,-0.0771159008145332,-1.345303297042847,9.674845695495604,3.22918701171875,1.5110350847244265,-8.64576530456543
3501308101.0,-0.0958663672208786,-1.5147415399551392,9.903989791870115,3.3158655166625977,1.4749703407287598,-8.870863914489746
3501316434.0,-0.1587962806224823,-1.4033817052841189,9.936013221740724,3.377185583114624,0.921395182609558,-9.01017951965332
3501324767.0,-0.1807653754949569,-1.4434199333190918,9.83150577545166,3.2867419719696045,1.3392659425735474,-9.194677352905272
3501333100.0,-0.3628449738025665,-1.2529269456863403,10.092686653137209,3.3927595615386963,2.036024332046509,-9.276566505432127
3501341433.0,-0.5049538612365723,-1.0379408597946167,10.147685050964355,3.461174964904785,2.20405387878418,-9.503458976745604
3501349766.0,-0.5564597845077515,-1.0480196475982666,10.159902572631836,3.14204740524292,1.3378572463989258,-9.562705039978027
3501358099.0,-0.3380605280399322,-1.0067485570907593,9.942641258239746,2.900453329086304,1.0239545106887815,-9.576201438903809
3501366432.0,-0.1834498792886734,-1.2179349660873413,9.819143295288086,2.587294578552246,1.4721527099609375,-9.711088180541992
3501374765.0,-0.1989780068397522,-1.2459540367126465,9.926665306091309,2.752172946929932,2.0637900829315186,-9.740645408630373
3501383098.0,-0.2757207155227661,-1.1670780181884766,9.897012710571287,2.8270177841186523,2.212199211120605,-9.747434616088867
3501391431.0,-0.4183152616024017,-1.525484323501587,9.88819694519043,2.6136512756347656,1.6262223720550537,-9.865439414978027
3501399764.0,-0.3452424705028534,-1.3131593465805054,9.810430526733398,2.579148769378662,1.862462401390076,-9.922045707702637
3501408097.0,-0.3103122413158417,-1.3748884201049805,10.17800998687744,2.659731149673462,2.0918893814086914,-9.907600402832031
3501416430.0,-0.4920760691165924,-1.3161845207214355,10.28322696685791,2.5877296924591064,2.243166923522949,-10.000733375549316
3501424763.0,-0.3687142729759216,-1.0832371711730957,10.31790542602539,2.606120586395264,2.132129192352295,-10.028243064880373
3501433096.0,-0.2470738887786865,-0.9894388914108276,10.197251319885254,2.265989065170288,1.504939079284668,-10.00562572479248
3501441429.0,-0.2983589172363281,-0.5741674900054932,9.808366775512695,1.8624621629714968,1.8871545791625977,-9.930011749267578
3501449762.0,-0.3540546000003814,-0.8110114932060242,9.840670585632324,1.813180685043335,2.654761791229248,-9.907573699951172
3501458095.0,-0.6016507744789124,-0.944681704044342,9.925463676452637,1.456246256828308,2.3169102668762207,-9.879194259643556
3501466428.0,-0.5850341320037842,-1.163311004638672,9.83863353729248,1.1059458255767822,1.7873615026474,-9.80176067352295
3501474761.0,-0.305791825056076,-1.4624838829040527,9.506653785705566,1.2252826690673828,1.2033824920654297,-9.996506690979004
3501483094.0,-0.322685956954956,-1.2984943389892578,9.465782165527344,1.3417762517929075,1.6968151330947876,-9.998761177062988
3501491427.0,-0.4207636415958404,-1.4611724615097046,9.72104835510254,1.402917504310608,2.4003102779388428,-9.94940185546875
3501499760.0,-0.4545547366142273,-1.3665499687194824,9.979787826538086,1.5318595170974731,2.1085383892059326,-9.976502418518066
3501508093.0,-0.327185183763504,-1.3842360973358154,10.114727020263672,1.7361584901809692,1.7526030540466309,-10.037208557128906
3501516426.0,-0.2509292066097259,-1.604291915893555,9.77020263671875,1.790921688079834,1.6359045505523682,-10.140843391418455
3501524759.0,-0.2829325497150421,-1.521864414215088,9.782337188720703,2.299543619155884,2.4301507472991943,-10.188844680786133
3501533092.0,-0.17486073076725,-1.807385921478272,9.911992073059082,2.688880205154419,2.3429343700408936,-10.106903076171877
3501541425.0,-0.2585113048553467,-1.704067945480347,9.822364807128906,2.898788928985596,1.9198641777038568,-10.304672241210938
3501549758.0,-0.2326133698225021,-1.6093509197235107,9.603822708129885,3.0471465587615967,2.3870675563812256,-10.20907974243164
3501558091.0,-0.4251738488674164,-1.571674942970276,9.577261924743652,3.2301604747772217,3.060260772705078,-10.141944885253906
3501566424.0,-0.5472835898399353,-1.471754789352417,9.821281433105469,3.439044237136841,3.11715030670166,-10.292657852172852
3501574757.0,-0.4980860352516174,-1.7112641334533691,9.593976020812988,3.6968002319335938,2.186098337173462,-10.257362365722656
3501583090.0,-0.4917908608913421,-1.7080092430114746,9.370760917663574,3.762142181396485,2.024242162704468,-10.30925750732422
3501591423.0,-0.5454840064048767,-1.4864498376846311,9.260921478271484,3.7229526042938232,2.589881181716919,-10.332233428955078
3501599756.0,-0.7790566086769104,-1.3839470148086548,9.481931686401367,3.8152151107788086,2.805706739425659,-10.190458297729492
3501608089.0,-0.736853301525116,-1.3153477907180786,9.728384017944336,3.787167549133301,2.29060435295105,-10.264892578125
3501616422.0,-0.3666784465312958,-1.593713402748108,9.666037559509276,3.775794744491577,1.494129657745361,-10.155853271484377
3501624755.0,-0.3537899553775787,-1.5180236101150513,9.484232902526855,3.65597152709961,1.7140278816223145,-10.029422760009766
3501633088.0,-0.4147571325302124,-1.455200433731079,9.412712097167969,3.664987802505493,2.5648303031921387,-9.87363624572754
3501641421.0,-0.7112297415733337,-1.3880767822265625,9.706338882446287,4.032064914703369,2.526921033859253,-9.875965118408203
3501649754.0,-0.8094779849052429,-1.3467108011245728,9.806413650512695,3.603462219238281,1.914382576942444,-9.95309066772461
3501658087.0,-0.6905717849731445,-1.4659267663955688,9.879032135009766,3.3871240615844727,1.2778942584991455,-9.843154907226562
3501666420.0,-0.5602222084999084,-1.0117329359054563,9.640185356140137,3.3260860443115234,1.434755802154541,-9.816848754882812
3501674753.0,-0.428732305765152,-1.0363686084747314,9.87916374206543,3.3508548736572266,1.7834938764572144,-9.74471950531006
3501683086.0,-0.4735366404056549,-1.081343173980713,9.9027681350708,2.996712207794189,1.516055464744568,-9.754145622253418
3501691419.0,-0.6122080683708191,-0.9495729804039,9.79808235168457,2.7098584175109863,1.6344956159591677,-9.725482940673828
3501699752.0,-0.6538741588592529,-0.9220268726348876,10.078986167907717,2.77522611618042,1.7428183555603027,-9.664777755737305
3501708085.0,-0.7102580666542053,-0.8797597885131836,10.200661659240724,2.5654964447021484,1.5894145965576172,-9.807422637939451
3501716418.0,-0.5573651194572449,-0.9000431895256042,10.242643356323242,2.34334397315979,1.322027564048767,-9.685575485229492
3501724751.0,-0.685994029045105,-0.9472576975822448,9.977409362792969,2.376796245574951,1.300204157829285,-9.660550117492676
3501733084.0,-0.9112276434898376,-0.9289191961288452,9.810647010803224,2.243525505065918,1.8881022930145264,-9.806756973266602
3501741417.0,-0.7218875288963318,-1.1938517093658447,10.08834171295166,2.363835573196411,1.5629551410675049,-9.751763343811035
3501749750.0,-0.699927031993866,-1.3895107507705688,9.840499877929688,2.27344298362732,0.9877875447273254,-9.894075393676758
3501758083.0,-0.5796710252761841,-1.64545476436615,9.584270477294922,2.406252861022949,1.3043283224105835,-10.022223472595217
3501766416.0,-0.7632626891136169,-1.4806848764419556,9.652273178100586,3.092714071273804,1.7911012172698977,-10.025989532470703
3501774749.0,-1.0824519395828247,-1.2996511459350586,9.903133392333984,3.1208388805389404,1.8051891326904297,-10.125142097473145
3501783082.0,-1.0454169511795044,-1.0778708457946775,10.258851051330566,3.124987840652466,0.8642500042915344,-10.143712043762209
3501791415.0,-1.087046504020691,-0.9667096734046936,9.98867416381836,3.0643081665039062,0.401195764541626,-10.371500015258787
3501799748.0,-0.869459331035614,-0.8421522378921509,10.109566688537598,3.0879242420196533,0.9270816445350648,-10.374598503112791
3501808081.0,-0.6362207531929016,-1.011967658996582,10.087459564208984,2.920125722885132,0.78643399477005,-10.22498607635498
3501816414.0,-0.6391807198524475,-0.9063645601272584,10.051602363586426,2.818411350250244,0.8052603006362915,-10.516475677490234
3501824747.0,-0.8409103155136108,-0.8691658973693848,10.184341430664062,2.76047158241272,1.0402196645736694,-10.55658721923828
3501833080.0,-0.9822518825531006,-0.8343011140823364,10.192419052124023,2.82773494720459,1.2830426692962646,-10.56109619140625
3501841413.0,-1.102067232131958,-0.9425185918807985,10.372901916503906,2.6673641204833984,0.9794628024101256,-10.66619110107422
3501849746.0,-1.1018153429031372,-1.3765491247177124,9.97269058227539,2.4241058826446533,0.1208479776978492,-10.741086959838867
3501858079.0,-1.1842223405838013,-1.5737484693527222,9.733368873596191,2.440908670425415,0.1548636704683303,-10.601001739501951
3501866412.0,-0.9481144547462464,-1.6368143558502195,9.779939651489258,2.7032241821289062,0.1757649034261703,-10.593445777893066
3501874745.0,-0.8418633341789246,-1.576540231704712,9.787385940551758,2.943998098373413,-0.3461380004882812,-10.62864112854004
3501883078.0,-0.8447587490081787,-1.427038311958313,9.679329872131348,2.9831621646881104,-0.3964443504810333,-10.501825332641602
3501891411.0,-0.9286075830459596,-1.7407283782958984,9.665823936462402,3.0610296726226807,-0.1745994538068771,-10.413020133972168
3501899744.0,-1.2058467864990234,-1.6345365047454834,9.845130920410156,3.078498601913452,-0.0754467397928237,-10.428030014038086
3501908077.0,-1.2896058559417725,-1.6388616561889648,10.177831649780272,3.391376256942749,-0.292117565870285,-10.34521770477295
3501916410.0,-1.251980900764465,-1.4345730543136597,10.309773445129396,3.555076837539673,-1.0844171047210691,-10.339942932128906
3501924743.0,-1.079521894454956,-1.2468607425689695,10.150141716003418,3.195196866989136,-1.1494518518447876,-10.23315715789795
3501933076.0,-0.8814883232116699,-1.2664799690246582,10.19101333618164,3.3315412998199463,-1.281339406967163,-10.194786071777344
3501941409.0,-0.8746820688247681,-1.4818167686462402,9.89156436920166,3.09586501121521,-1.2964519262313845,-10.037233352661133
3501949742.0,-0.7925344109535217,-1.54756498336792,9.943735122680664,3.2281370162963867,-1.3735507726669312,-10.061208724975586
3501958075.0,-0.8796685338020325,-1.52590811252594,9.8230562210083,3.3058505058288574,-1.687299370765686,-9.984878540039062
3501966408.0,-1.0862751007080078,-1.115310788154602,9.88669776916504,3.096991777420044,-1.3714247941970823,-9.897533416748049
3501974741.0,-1.035001516342163,-1.0868656635284424,10.166330337524414,3.120506048202514,-1.639298677444458,-9.80422306060791
3501983074.0,-1.0056087970733645,-1.184108853340149,9.988908767700195,2.7455899715423584,-2.2294507026672363,-9.748893737792969
3501991407.0,-0.8597280979156494,-1.2640584707260132,9.917512893676758,2.7023022174835205,-2.314976692199707,-9.799022674560549
3501999740.0,-0.5451556444168091,-1.3428635597229004,9.777766227722168,2.794538736343384,-2.3379011154174805,-9.988771438598633
3502008073.0,-0.4448664784431457,-1.2464579343795776,9.898237228393556,2.8495330810546875,-2.2778358459472656,-9.990564346313477
3502016406.0,-0.4666410088539123,-1.2714715003967283,9.835345268249512,2.765364408493042,-2.005454063415528,-9.98974609375
3502024739.0,-0.7210896015167236,-1.257627248764038,9.83792209625244,2.86236572265625,-1.8741298913955688,-9.951683044433594
3502033072.0,-0.8163148760795593,-1.183409333229065,9.862114906311035,3.0321881771087646,-2.059577226638794,-10.096685409545898
3502041405.0,-0.7354964017868042,-1.3873345851898191,9.906346321105955,3.210949659347534,-2.515869140625,-10.093944549560549
3502049738.0,-0.4679279625415802,-1.327655792236328,9.919132232666016,3.207414388656616,-2.4033195972442627,-10.294195175170898
3502058071.0,-0.2995525300502777,-0.9329383373260498,9.905129432678224,3.302853584289551,-2.206423044204712,-10.39821434020996
3502066404.0,-0.3999705016613006,-0.9302976131439208,9.96333122253418,3.2893033027648926,-1.8755639791488647,-10.571212768554688
3502074737.0,-0.4482219219207763,-0.8358335494995117,9.954380989074709,3.031931161880493,-1.5881978273391724,-10.694392204284668
3502083070.0,-0.4023358225822449,-0.8583114743232727,10.251331329345703,2.836622953414917,-1.805201888084412,-10.571213722229004
3502091403.0,-0.547428548336029,-0.669321596622467,10.058731079101562,2.550537586212158,-1.874001622200012,-10.836499214172363
3502099736.0,-0.334284096956253,-0.4719617366790771,10.038453102111816,2.5821456909179688,-1.4830515384674072,-10.808606147766112
3502108069.0,-0.0559039637446403,-0.9206973314285278,10.151865005493164,2.371032953262329,-1.649748921394348,-10.85286808013916
3502116402.0,0.0481701716780662,-1.2163275480270386,9.894076347351074,1.957644939422608,-1.580923557281494,-10.76682949066162
3502124735.0,0.1695921123027801,-1.4513531923294067,9.683836936950684,2.29524040222168,-1.100041747093201,-10.693904876708984
3502133068.0,-0.1068374067544937,-1.5823915004730225,9.607138633728027,2.6176469326019287,-0.4039492905139923,-10.679048538208008
3502141401.0,-0.2873473763465881,-1.462234616279602,9.8053560256958,2.581172227859497,-0.1653527170419693,-10.773924827575684
3502149734.0,-0.225210964679718,-1.6272201538085938,9.96953582763672,2.3738760948181152,-0.52103191614151,-10.752586364746094
3502158067.0,-0.2578764259815216,-1.568393349647522,9.599315643310549,2.643594264984131,-0.4381443560123443,-10.739089012145996
3502166400.0,-0.1035516932606697,-1.4767777919769287,9.729536056518556,2.8889524936676025,0.3112898170948028,-10.58322525024414
3502174733.0,-0.0596666000783443,-1.7526870965957642,9.758780479431152,3.1002957820892334,0.4320609271526336,-10.60359001159668
3502183066.0,-0.0597530789673328,-1.462658405303955,9.651969909667969,2.957394361495972,0.4155397415161133,-10.664857864379885
3502191399.0,0.1645340025424957,-1.560435771942139,9.812714576721191,3.0977344512939453,0.8677847385406494,-10.453362464904783
3502199732.0,0.0655566453933715,-1.5486207008361816,9.824151039123535,3.123912811279297,1.1526920795440674,-10.358257293701172
3502208065.0,0.0510809682309627,-1.4970027208328247,9.87358570098877,3.2397656440734863,1.3510740995407104,-10.391785621643066
3502216398.0,0.0273617822676897,-1.662996530532837,9.907222747802734,3.208132266998291,1.3956942558288574,-10.135080337524414
3502224731.0,-0.1065896973013877,-1.6389682292938232,9.728294372558594,3.2946317195892334,1.7749131917953491,-10.126168251037598
3502233064.0,-0.1875786930322647,-1.6743178367614746,9.993521690368652,3.3566689491271973,2.0713722705841064,-10.068790435791016
3502241397.0,-0.3728988468647003,-1.5970747470855713,9.938459396362305,3.358564853668213,2.087099552154541,-9.965770721435549
3502249730.0,-0.3601192235946655,-1.3411865234375,9.98143196105957,3.5141963958740234,2.1401207447052,-9.868563652038574
3502258063.0,-0.1941283196210861,-1.594922423362732,9.972387313842772,3.3491127490997314,2.221036195755005,-9.924633979797363
3502266396.0,-0.139789804816246,-1.5738234519958496,9.74673557281494,3.4596636295318604,2.271496295928955,-9.822023391723633
3502274729.0,-0.2518617808818817,-1.535121202468872,9.824058532714844,3.744724988937378,2.802787065505981,-9.769566535949709
3502283062.0,-0.4112732410430908,-1.5033262968063354,9.897836685180664,3.9278407096862793,3.095557689666748,-9.909367561340332
3502291395.0,-0.4578662812709808,-1.4280914068222046,10.035447120666504,3.962087392807007,2.913747549057007,-9.997326850891112
3502299728.0,-0.3282133042812347,-1.349163293838501,10.174590110778809,3.898435592651367,2.753914833068848,-9.980728149414062
3502308061.0,-0.3900863826274872,-1.2602633237838743,9.843133926391602,4.1676926612854,2.832319974899292,-10.11802101135254
3502316394.0,-0.615652322769165,-1.128956913948059,9.913921356201172,4.173506736755371,3.475006580352783,-10.2631254196167
3502324727.0,-0.4983419775962829,-1.1924256086349487,10.062716484069824,4.114030361175537,3.3219614028930664,-10.262049674987791
3502333060.0,-0.5006923079490662,-1.2871452569961548,9.945638656616213,4.012265205383301,2.805219888687134,-10.249191284179688
3502341393.0,-0.5331295728683472,-1.103101372718811,9.762551307678224,4.021844863891602,3.2226295471191406,-10.217608451843262
3502349726.0,-0.4907315373420715,-1.1063071489334106,9.923279762268066,4.126504421234131,3.710273742675781,-10.274113655090332
3502358059.0,-0.5372895002365112,-0.9123595952987672,10.019845962524414,4.0241241455078125,3.509688138961792,-10.393245697021484
3502366392.0,-0.6372159719467163,-0.9579894542694092,9.95705509185791,3.710760354995728,3.355337142944336,-10.426082611083984
3502374725.0,-0.6359075307846069,-1.128710389137268,9.859057426452637,3.925458669662476,3.537121295928955,-10.439453125
3502383058.0,-0.5368888974189758,-1.1450998783111572,10.070294380187988,3.8966939449310303,3.513376235961914,-10.424212455749512
3502391391.0,-0.4636647999286651,-1.2392632961273191,10.059715270996094,3.824026107788086,3.129906177520752,-10.33364200592041
3502399724.0,-0.4561749100685119,-1.0273654460906982,9.74906063079834,3.8392412662506095,3.13172459602356,-10.36519718170166
3502408057.0,-0.5291061401367188,-0.8053856492042542,9.85331916809082,3.9075286388397217,3.5871713161468506,-10.270707130432127
3502416390.0,-0.8013952970504761,-1.193002700805664,9.908758163452148,3.671596050262451,3.718572378158569,-10.3055419921875
3502424723.0,-1.056152582168579,-1.1790146827697754,9.955792427062988,3.425366878509521,3.451467514038086,-10.376392364501951
3502433056.0,-0.8386678099632263,-0.9801293611526488,9.971067428588867,3.62259578704834,3.006573438644409,-10.337457656860352
3502441389.0,-0.8348095417022705,-1.0066312551498413,9.766359329223633,3.570086717605591,2.363579511642456,-10.31601905822754
3502449722.0,-0.8397282958030701,-0.9773722887039183,9.77247428894043,3.2784430980682373,2.8469200134277344,-10.093688011169434
3502458055.0,-0.7387294173240662,-0.8641095161437988,9.91009521484375,3.2114360332489014,2.922866106033325,-10.173320770263672
3502466388.0,-0.7824875712394714,-0.7939819693565369,10.106819152832031,3.2913527488708496,2.685703992843628,-10.130826950073242
3502474721.0,-0.8165186643600464,-0.682005763053894,9.972238540649414,2.956190586090088,2.430816650390625,-10.069738388061523
3502483054.0,-0.7546942234039307,-0.8925169110298157,9.988052368164062,2.8962273597717285,2.386760234832764,-9.972250938415527
3502491387.0,-0.939664661884308,-0.9233574271202089,9.81606388092041,2.783499002456665,2.18571400642395,-9.82978343963623
3502499720.0,-0.9807799458503724,-0.98552668094635,9.819411277770996,2.755861520767212,2.2517223358154297,-9.773383140563965
3502508053.0,-1.1419750452041626,-0.9428912997245787,9.772031784057615,2.659449338912964,1.551223874092102,-9.725379943847656
3502516386.0,-1.1469132900238037,-0.9059704542160034,9.688556671142578,2.682169198989868,1.5826013088226318,-9.71254825592041
3502524719.0,-0.8672887682914734,-1.0229377746582031,9.718137741088867,2.534144401550293,1.16478168964386,-9.78867244720459
3502533052.0,-0.9952455163002014,-1.077017307281494,9.550435066223145,2.609680891036988,1.1093783378601074,-9.753453254699709
3502541385.0,-1.0634454488754272,-1.0644923448562622,9.61892032623291,2.747152328491211,1.2482329607009888,-9.50655746459961
3502549718.0,-0.9937668442726136,-1.1740808486938477,9.772611618041992,2.7231521606445312,0.5603882670402527,-9.578508377075195
3502558051.0,-1.008637309074402,-1.179784893989563,9.756817817687988,2.764441967010498,0.1799656152725219,-9.528047561645508
3502566384.0,-0.9421513080596924,-1.2452878952026367,9.739474296569824,2.8776309490203857,0.0312493667006492,-9.57289695739746
3502574717.0,-1.1215696334838867,-0.9385952353477478,9.72707462310791,3.093815803527832,0.0770476311445236,-9.753325462341309
3502583050.0,-1.060045599937439,-0.8537895679473877,9.991267204284668,3.171785354614258,-0.1362037062644958,-9.671104431152344
3502591383.0,-0.9093359708786012,-1.170873999595642,10.001554489135742,2.978935718536377,-1.0632596015930176,-9.539804458618164
3502599716.0,-0.927838921546936,-1.006519794464111,9.7664213180542,2.870203256607056,-1.029653787612915,-9.47945785522461
3502608049.0,-0.7592260837554932,-0.8213056921958923,9.936275482177734,2.988643407821656,-0.633888304233551,-9.519850730895996
3502616382.0,-0.8395421504974365,-0.7217671871185303,9.992403984069824,2.922558784484864,-1.322629690170288,-9.622334480285645
3502624715.0,-0.8655208945274353,-1.027357578277588,9.955910682678224,2.4828906059265137,-1.3347195386886597,-9.58081340789795
3502633048.0,-0.7475187182426453,-1.2618272304534912,10.006059646606444,2.502946615219116,-1.648442625999451,-9.431533813476562
3502641381.0,-0.7538248300552368,-0.8922069072723389,9.9434232711792,2.7250218391418457,-1.5690128803253174,-9.452434539794922
3502649714.0,-0.5524055361747742,-1.1175940036773682,10.187162399291992,2.8041439056396484,-1.73232901096344,-9.410913467407228
3502658047.0,-0.4147217869758606,-1.2321277856826782,9.932442665100098,2.610423803329468,-2.1298110485076904,-9.335403442382812
3502666380.0,-0.467481791973114,-1.0789729356765747,9.809513092041016,2.475846290588379,-1.9898548126220703,-9.28322696685791
3502674713.0,-0.5173279643058777,-1.1535048484802246,9.67623233795166,2.6955394744873047,-1.3992671966552734,-9.269163131713867
3502683046.0,-0.638447642326355,-1.076369285583496,9.826703071594238,2.776890277862549,-1.4324121475219729,-9.264272689819336
3502691379.0,-0.3783700466156006,-1.1811954975128174,10.081735610961914,2.60629940032959,-2.0134451389312744,-9.176773071289062
3502699712.0,-0.0412486009299755,-1.173354983329773,9.889227867126465,2.488423109054565,-2.571118831634521,-9.251592636108398
3502708045.0,-0.0310852341353893,-0.888613760471344,9.595086097717283,2.802504777908325,-1.9792249202728271,-9.25617790222168
3502716378.0,-0.2461339831352234,-1.272978901863098,9.768962860107422,2.7611892223358154,-1.090001106262207,-9.17039680480957
3502724711.0,-0.455096960067749,-1.1071110963821411,9.888524055480955,2.617903232574463,-1.6347392797470093,-9.05626106262207
3502733044.0,-0.2763131856918335,-1.1719011068344116,10.044925689697266,2.567033290863037,-2.29702091217041,-8.97762393951416
3502741377.0,-0.0132514787837862,-1.324965476989746,9.623821258544922,2.6684138774871826,-2.6015992164611816,-8.968092918395996
3502749710.0,0.1022053435444831,-1.2442357540130615,9.602405548095703,3.021557807922364,-1.8659588098526,-8.872477531433105
3502758043.0,-0.0202508512884378,-1.3868720531463623,9.732185363769531,3.131392002105713,-1.630154371261597,-8.812925338745117
3502766376.0,-0.1987979561090469,-1.2125884294509888,9.642454147338867,3.017152547836304,-1.6296930313110352,-8.804061889648438
3502774709.0,-0.0953267887234687,-1.113991141319275,9.9222993850708,3.0977859497070312,-1.6762086153030396,-8.848553657531738
3502783042.0,0.1276100873947143,-0.966381013393402,9.938613891601562,3.3063883781433105,-1.999972462654113,-8.76223373413086
3502791375.0,0.0609645284712314,-1.0390050411224363,9.944273948669434,2.985288381576538,-1.434359073638916,-8.76584529876709
3502799708.0,0.233644887804985,-1.0459944009780884,9.876078605651855,3.043944835662842,-1.3694268465042114,-8.656344413757324
3502808041.0,0.0669405981898307,-1.0180904865264893,9.898859977722168,3.165971040725708,-1.238384246826172,-8.55901050567627
3502816374.0,0.0553074590861797,-1.1709378957748413,9.80375862121582,3.073068380355835,-1.1340320110321045,-8.598098754882812
3502824707.0,0.0161424726247787,-1.4160267114639282,9.733491897583008,3.244606733322144,-1.1012202501296997,-8.662851333618164
3502833040.0,0.0748618021607399,-1.362849473953247,9.8966703414917,3.512070894241333,-0.7289171814918518,-8.540389060974121
3502841373.0,0.1608203947544098,-1.2121137380599976,9.78293800354004,3.697978973388672,-0.6364754438400269,-8.560317039489746
3502849706.0,0.1469478905200958,-1.2042951583862305,9.608729362487791,3.854430675506592,-0.4682154953479767,-8.725631713867188
3502858039.0,0.2875097990036011,-1.100216507911682,9.733543395996094,4.066875457763672,0.0117825511842966,-8.70719051361084
3502866372.0,0.3241925537586212,-1.0699692964553833,9.924856185913086,4.086854457855225,-0.201904222369194,-8.683982849121094
3502874705.0,0.1355815231800079,-0.8273863792419434,9.857898712158203,4.050635814666748,0.2437194883823394,-8.638593673706055
3502883038.0,0.2862283885478973,-0.8284741640090942,9.955277442932127,4.130680084228516,0.5282936692237854,-8.625761032104492
3502891371.0,0.2966973483562469,-0.9858142733573914,9.959829330444336,4.015442371368408,0.0495123267173767,-8.743560791015625
3502899704.0,0.1475567072629928,-1.084046483039856,9.752514839172363,3.8169057369232178,0.4895137548446655,-8.562161445617676
3502908037.0,0.0989526882767677,-1.13262939453125,9.961438179016112,3.852561473846436,1.1860674619674685,-8.658906936645508
3502916370.0,0.0479265227913856,-0.7587651610374451,10.18812656402588,4.144793510437012,1.0401173830032349,-8.5082426071167
3502924703.0,0.2479714453220367,-0.8487261533737183,10.229753494262695,3.844492435455322,0.7775458693504333,-8.462675094604492
3502933036.0,0.3696321249008178,-0.8966612219810486,9.949448585510254,3.7629106044769287,0.8373550772666931,-8.509138107299805
3502941369.0,0.1234250515699386,-0.8616252541542053,9.889777183532717,3.762577533721924,2.006593942642212,-8.472742080688477
3502949702.0,0.0442300625145435,-1.0714102983474731,10.28817653656006,3.816137313842773,2.178926467895508,-8.193700790405273
3502958035.0,-0.030551504343748,-0.8755614161491394,10.471240043640137,3.5577404499053955,1.5007380247116089,-8.233940124511719
3502966368.0,0.0540226064622402,-0.7513139843940735,10.099143028259276,3.6021299362182617,1.3706178665161133,-8.19505786895752
3502974701.0,0.1635990589857101,-0.7615483999252319,10.031182289123535,3.632099151611328,1.864434838294983,-8.091858863830566
3502983034.0,-0.0660846754908561,-0.7025212049484253,9.990645408630373,3.512864828109741,2.450847148895264,-8.10748291015625
3502991367.0,-0.1098110899329185,-0.7930811643600464,10.187190055847168,3.4627628326416016,2.3611714839935303,-7.835791110992432
3502999700.0,-0.1606774479150772,-0.768009603023529,10.125289916992188,3.4426302909851074,1.8899720907211304,-8.019292831420898
3503008033.0,0.0012189394328743,-0.7026845216751099,10.149283409118652,3.4255969524383545,2.0981388092041016,-7.82646894454956
3503016366.0,0.0189022049307823,-0.8659391403198242,10.15904426574707,3.4110474586486816,2.492726325988769,-7.688355445861816
3503024699.0,-0.2268443405628204,-0.6450429558753967,10.132176399230955,3.415274381637573,2.737879991531372,-7.774061679840088
3503033032.0,0.0106161842122673,-0.6465968489646912,10.328930854797363,3.663886070251465,2.1841514110565186,-7.609310626983643
3503041365.0,-0.087343581020832,-0.6185380220413208,9.955610275268556,3.371704578399658,1.697122573852539,-7.723371505737305
3503049698.0,-0.1664460897445678,-0.52942955493927,9.806381225585938,3.2390224933624268,2.5225155353546143,-7.389591217041016
3503058031.0,-0.2722190320491791,-0.7748615741729736,10.116884231567385,3.2832326889038086,2.8260185718536377,-7.344997882843018
3503066364.0,-0.5782580971717834,-0.665573000907898,10.074377059936523,3.2297754287719727,2.345931053161621,-7.306524276733398
3503074697.0,-0.4118383526802063,-0.9621651768684388,10.140652656555176,3.219914674758911,1.8508081436157229,-7.229016780853271
3503083030.0,-0.3084656298160553,-0.8575402498245239,9.94522476196289,3.4168620109558105,1.740103006362915,-7.230194091796875
3503091363.0,-0.2572132349014282,-0.7120470404624939,9.97794246673584,3.5943174362182617,2.03853440284729,-7.0767903327941895
3503099696.0,-0.1891270279884338,-0.8502181768417358,10.037887573242188,3.574927568435669,2.0681188106536865,-7.053379058837891
3503108029.0,-0.2676737606525421,-0.5842081904411316,9.943293571472168,3.697184801101685,1.7080087661743164,-7.0590667724609375
3503116362.0,-0.0867758244276046,-0.7034929990768433,9.982311248779297,3.762705087661743,1.6413345336914062,-7.090160846710205
3503124695.0,-0.2413332611322403,-0.6976284384727478,9.774938583374023,3.708557605743408,1.8546245098114007,-6.945006370544434
3503133028.0,-0.5746783018112183,-0.4595055878162384,9.833855628967283,3.8463101387023926,2.399720907211304,-6.907351970672607
3503141361.0,-0.7213420867919922,-0.7111450433731079,10.176769256591797,3.9281485080718994,2.040327787399292,-6.831841945648193
3503149694.0,-0.7754155993461609,-0.589050829410553,10.01486110687256,3.6036415100097656,1.0472381114959717,-6.991599082946777
3503158027.0,-0.4728594124317169,-0.6075999736785889,9.808382034301758,3.608969449996948,0.821576714515686,-6.8824310302734375
3503166360.0,-0.3832020759582519,-0.6254402995109558,9.646909713745115,3.617396831512451,0.937481164932251,-6.780792713165283
3503174693.0,-0.3861790597438812,-0.6347798109054565,9.700498580932615,3.790036678314209,1.3610126972198486,-6.6107916831970215
3503183026.0,-0.3899268507957458,-0.7841017246246338,9.9848051071167,3.553283452987671,0.9247507452964784,-6.606590270996094
3503191359.0,-0.4736992418766022,-0.409927099943161,9.818323135375977,3.545906782150269,0.8077449798583984,-6.555028438568115
3503199692.0,-0.3215327560901642,-0.4065693616867065,9.83217716217041,3.5306150913238525,0.8860220909118652,-6.488534450531006
3503208025.0,-0.405396968126297,-0.7560199499130249,9.894938468933104,3.4203972816467285,0.7110767960548401,-6.38874101638794
3503216358.0,-0.5751119256019592,-0.6698108315467834,9.712318420410156,3.316966772079468,0.656774640083313,-6.172787666320801
3503224691.0,-0.4562909007072449,-0.7329291701316833,9.795494079589844,3.425903797149658,0.5119516849517822,-6.103884220123291
3503233024.0,-0.6157740950584412,-0.6717490553855896,9.549623489379885,3.4471380710601807,0.0081965550780296,-6.184646129608154
3503241357.0,-0.4465551078319549,-0.8185490369796753,9.524880409240724,3.347139835357666,0.1356017440557479,-6.067691326141357
3503249690.0,-0.4162836670875549,-0.7664249539375305,9.594417572021484,3.4252896308898926,-0.0400222428143024,-6.043231010437012
3503258023.0,-0.4630152285099029,-0.4743299782276153,9.38780403137207,3.4681930541992188,0.3149526417255401,-5.858730792999268
3503266356.0,-0.3775546550750732,-0.7646555304527283,9.698041915893556,3.643240451812744,0.1923628896474838,-5.798691272735596
3503274689.0,-0.5130220055580139,-0.8194717168807983,9.52794361114502,3.514810800552368,-0.0531879588961601,-5.667725563049316
3503283022.0,-0.4726302027702331,-0.8410030603408813,9.733887672424316,3.751537322998047,-0.1252408027648925,-5.562349319458008
3503291355.0,-0.3245522081851959,-0.7223070859909058,9.785672187805176,4.144050121307373,-0.3825101554393768,-5.550540447235107
3503299688.0,-0.470926433801651,-0.2914063930511474,9.787147521972656,4.066797733306885,-0.5489001870155334,-5.546750068664551
3503308021.0,-0.3063000738620758,-0.5639936923980713,9.810518264770508,3.99369478225708,-0.3576899766921997,-5.369192123413086
3503316354.0,-0.3928691148757934,-0.5333878397941589,9.658365249633787,3.770901918411255,-0.3981348872184753,-5.296524524688721
3503324687.0,-0.3789432942867279,-0.5326663255691528,9.916821479797363,3.752459764480591,-0.0290081240236759,-5.144247531890869
3503333020.0,-0.5731366872787476,-0.7254144549369812,10.119189262390137,4.0134687423706055,-0.2164275050163269,-4.979881286621094
3503341353.0,-0.6786172986030579,-0.5786745548248291,10.094956398010254,4.122303009033203,-0.2699355781078338,-4.788747787475586
3503349686.0,-0.4769124686717987,-0.6975994110107422,10.129069328308104,4.218151569366455,-0.9949464201927184,-4.7715349197387695
3503358019.0,-0.4364125430583954,-0.5590364336967468,9.806740760803224,4.343021869659424,-0.925685703754425,-4.740670204162598
3503366352.0,-0.3196206986904144,-0.5773569345474243,9.881673812866213,4.507567405700684,-0.479460060596466,-4.669564723968506
3503374685.0,-0.3659079074859619,-0.5723907947540283,10.019187927246094,4.619629859924316,-0.7787623405456543,-4.638622283935547
3503383018.0,-0.4946204125881195,-0.2340935915708542,10.118494033813477,4.460232257843018,-0.5640894770622253,-4.446234226226807
3503391351.0,-0.5269244313240051,-0.0611819401383399,10.25381851196289,4.437205314636231,-0.6657780408859253,-4.3712358474731445
3503399684.0,-0.4978581964969635,0.1638930588960647,10.22499179840088,4.471042156219482,-0.7236405611038208,-4.407813549041748
3503408017.0,-0.4465240836143493,0.0244024004787206,10.39051342010498,4.2726593017578125,-1.0652321577072144,-4.236095428466797
3503416350.0,-0.662996768951416,-0.2742317914962768,10.15302848815918,3.8392412662506095,-1.128524899482727,-4.195548057556152
3503424683.0,-0.8043161630630493,0.0002758991904556,10.13191032409668,4.008832931518555,-0.613704264163971,-4.063199043273926
3503433016.0,-0.4819783270359039,0.1127161905169487,10.538202285766602,4.118666648864746,-1.2863084077835083,-4.066375255584717
3503441349.0,-0.4410268068313598,0.1349398642778396,10.203014373779297,3.6640396118164062,-1.9394458532333367,-4.06168794631958
3503449682.0,-0.0856857523322105,0.0979261770844459,10.203600883483888,3.3654801845550537,-1.4624576568603516,-3.9129714965820312
3503458015.0,-0.2642149031162262,0.2500060200691223,10.340078353881836,3.114793539047241,-0.9152351021766664,-3.747836589813232
3503466348.0,-0.4404811561107635,0.4223365187644958,10.360456466674805,3.1211459636688232,-0.6125260591506958,-3.7212493419647217
3503474681.0,-0.3895014524459839,0.2922635674476623,10.678399085998535,2.7446165084838867,-1.45146906375885,-3.59171724319458
3503483014.0,-0.363211452960968,-0.1533522754907608,10.277485847473145,2.275517463684082,-1.8721572160720823,-3.51689887046814
3503491347.0,-0.384746640920639,0.0565932765603065,9.975951194763184,2.4227993488311768,-1.2935574054718018,-3.3699498176574707
3503499680.0,-0.4760375022888183,-0.1725557446479797,10.22500991821289,2.735523700714112,-1.0291672945022583,-3.471202850341797
3503508013.0,-0.4785746037960052,-0.1361943483352661,10.061664581298828,2.400899171829224,-1.5853803157806396,-3.382680177688598
3503516346.0,-0.1030704528093338,-0.2537148594856262,10.173527717590332,2.157230854034424,-1.7478514909744265,-3.4014296531677246
3503524679.0,-0.025534713640809,-0.2740738093852997,9.810157775878906,2.2999281883239746,-1.828254461288452,-3.386419773101806
3503533012.0,-0.0302545521408319,-0.1863649487495422,9.688632011413574,2.650176763534546,-0.6586316823959351,-3.31469988822937
3503541345.0,-0.0921326950192451,-0.4711693823337555,10.13794994354248,2.806295871734619,-0.6130895018577576,-3.2700541019439697
3503549678.0,-0.4854297935962677,-0.2578444480895996,9.912068367004396,2.39482855796814,-0.8338329195976257,-3.294157028198242
3503558011.0,-0.3459635376930237,-0.0824591368436813,10.063013076782228,2.595643997192383,-0.947611391544342,-3.3105499744415283
3503566344.0,-0.021574642509222,-0.0670155808329582,9.967432975769045,2.8500447273254395,-1.1816487312316897,-3.254429578781128
3503574677.0,-0.0977684929966926,-0.308463841676712,9.78657341003418,2.5854241847991943,-0.9704594612121582,-3.2120635509490967
3503583010.0,-0.0607283003628253,-0.4435527324676513,9.639655113220217,2.505200386047364,-0.6224387288093567,-3.2245118618011475
3503591343.0,-0.1183000355958938,-0.3646438717842102,9.749509811401367,2.591315031051636,-0.273649662733078,-3.2640347480773926
3503599676.0,-0.0253114309161901,-0.1731747537851333,9.811087608337402,2.70227599143982,-0.4879639744758606,-3.15845274925232
3503608009.0,-0.0314477980136871,-0.5558982491493225,9.77885627746582,2.481353282928467,-0.293372631072998,-3.200921058654785
3503616342.0,-0.1947203278541565,-0.2285301238298416,9.594372749328612,2.590418577194214,0.1042243167757988,-3.1800711154937744
3503624675.0,-0.0468594245612621,-0.3311476111412048,9.88344383239746,2.734140634536743,0.233601838350296,-3.318490982055664
3503633008.0,-0.1682998836040496,-0.4420903325080871,9.706134796142578,2.778837203979492,-0.2148650288581848,-3.272641658782959
3503641341.0,-0.131002739071846,-0.2947965860366821,9.453350067138672,2.4750523567199707,0.0805823728442192,-3.297845363616944
3503649674.0,0.0801549702882766,-0.4581628143787384,9.710390090942385,2.5919559001922607,0.1139577478170394,-3.3255093097686768
3503658007.0,0.0444929078221321,-0.3051294386386871,9.597174644470217,2.71562123298645,0.2866489291191101,-3.369616985321045
3503666340.0,0.0034318049438297,-0.4501156210899353,9.649295806884766,2.8673088550567627,0.9194486141204834,-3.3780441284179688
3503674673.0,-0.0268529132008552,-0.3266237080097198,9.714215278625488,2.652610540390014,0.8098965883255005,-3.4464597702026367
3503683006.0,-0.2063062936067581,-0.1888613253831863,9.93659496307373,2.460196256637573,0.9753644466400146,-3.468334197998047
3503691339.0,-0.1383634209632873,-0.4820073544979095,9.45024585723877,2.614445209503174,1.5404657125473022,-3.471689462661743
3503699672.0,-0.0411439500749111,-0.4879135191440582,9.985660552978516,2.846689224243164,0.8606894612312317,-3.488440990447998
3503708005.0,0.0211408361792564,-0.7800810933113098,9.60672092437744,2.594158887863159,0.986942172050476,-3.529808282852173
3503716338.0,-0.0086656901985406,-0.7862002849578857,9.621871948242188,2.9089832305908203,1.4820140600204468,-3.5365960597991943
3503724671.0,-0.0016791408415883,-0.1862717121839523,9.808202743530272,3.108722925186157,1.9305707216262813,-3.4917454719543457
3503733004.0,0.1325428634881973,-0.3019158840179443,10.053606986999512,2.914797782897949,1.862385511398316,-3.389493465423584
3503741337.0,0.0247123762965202,-0.6146433353424072,9.848541259765623,2.6685678958892822,1.6922045946121216,-3.4162347316741943
3503749670.0,-0.1930529177188873,-0.5974465608596802,9.805636405944824,2.70360803604126,3.078216314315796,-3.2784810066223145
3503758003.0,-0.285282552242279,-0.5034774541854858,10.19615650177002,3.0283966064453125,3.1516265869140625,-3.245413303375244
3503766336.0,-0.2967454195022583,-0.2698020339012146,10.244823455810549,3.030855655670166,2.187737464904785,-3.396486282348633
3503774669.0,-0.253621757030487,-0.4636665284633636,9.990199089050291,2.5580170154571533,2.221651077270508,-3.378223419189453
3503783002.0,-0.1494968384504318,-0.6322143077850342,9.89744472503662,2.664571762084961,2.863210201263428,-3.348741054534912
3503791335.0,-0.2724518775939941,-0.4903727769851684,9.977142333984377,2.8124940395355225,3.1987314224243164,-3.3538637161254883
3503799668.0,-0.3009595572948456,-0.5037353038787842,10.177505493164062,3.1098756790161133,3.2221429347991943,-3.315673351287842
3503808001.0,-0.3211967349052429,-0.4280777871608734,9.980395317077637,2.882523536682129,2.803016901016236,-3.403068780899048
3503816334.0,-0.2563426196575165,-0.1507774293422699,10.062662124633787,2.793334484100342,3.3046462535858154,-3.3839352130889893
3503824667.0,-0.3715491890907287,-0.1240669712424278,10.147993087768556,2.89763617515564,3.64050030708313,-3.283066511154175
3503833000.0,-0.7107012271881104,-0.0612017959356308,10.373638153076172,2.913952589035034,3.8180840015411377,-3.358884572982788
3503841333.0,-0.6177703142166138,0.0220307894051074,10.400805473327637,2.623333215713501,3.155033826828003,-3.446562051773072
3503849666.0,-0.5059347748756409,0.0156257506459951,10.27553939819336,2.3913707733154297,2.6653404235839844,-3.4830877780914307
3503857999.0,-0.1734505742788314,0.0215806774795055,9.931436538696287,2.4283063411712646,2.8933072090148926,-3.427555799484253
3503866332.0,-0.3104682564735412,-0.3637093007564544,9.933135032653809,2.4115548133850098,3.321859121322632,-3.403760433197021
3503874665.0,-0.8105133175849915,-0.5663375854492188,9.699559211730955,2.2840466499328613,3.944079637527466,-3.283808469772339
3503882998.0,-0.7954000234603882,-0.4013978540897369,10.142653465270996,2.494391202926636,3.6725687980651855,-3.349150896072388
3503891331.0,-0.4276276230812073,-0.4460233151912689,10.27375602722168,2.759831428527832,2.4289979934692383,-3.413954734802246
3503899664.0,-0.4987797141075134,-0.3688656985759735,9.810237884521484,2.7729458808898926,2.676456928253174,-3.4892098903656006
3503907997.0,-0.7069697976112366,-0.3786658942699432,9.817625999450684,2.9462006092071533,3.784887552261353,-3.4692301750183105
3503916330.0,-0.8365609645843506,-0.3469237387180328,10.021605491638184,2.951912641525269,3.368579626083374,-3.4889793395996094
3503924663.0,-0.9516443610191344,-0.244171068072319,10.06422519683838,2.968817949295044,2.3161416053771973,-3.547123432159424
3503932996.0,-0.6935484409332275,-0.4253636002540588,9.76783275604248,2.730093479156494,1.7663065195083618,-3.577117919921875
3503941329.0,-0.8310776352882385,-0.1642943769693374,9.71996784210205,2.8125967979431152,2.639162540435791,-3.462493896484375
3503949662.0,-0.7612901926040649,-0.1349326968193054,10.163272857666016,3.194735527038574,2.77397084236145,-3.3972034454345703
3503957995.0,-0.7900161147117615,-0.3466630578041076,9.971070289611816,2.8936145305633545,1.6806526184082031,-3.647864580154419
3503966328.0,-0.898566484451294,-0.5073880553245544,9.765507698059082,2.7414920330047607,1.3087849617004397,-3.448893070220948
3503974661.0,-0.8441643118858337,-0.2263213396072387,9.553777694702148,2.8064751625061035,1.7396165132522583,-3.4129562377929688
3503982994.0,-0.8883052468299866,-0.2661743462085724,10.003117561340332,2.960980176925659,1.656037211418152,-3.430348396301269
3503991327.0,-0.7640947103500366,-0.337873250246048,9.865636825561523,2.694899320602417,0.9159905910491944,-3.3994064331054688
3503999660.0,-0.6383170485496521,-0.6434481143951416,9.548173904418944,2.471235990524292,0.348353624343872,-3.4355993270874023
3504007993.0,-0.7894720435142517,-0.4560086727142334,9.294757843017578,2.6326568126678467,0.7722179889678955,-3.390902280807495
3504016326.0,-0.932611882686615,-0.3900897800922394,9.564302444458008,2.822253465652466,1.503709316253662,-3.3547348976135254
3504024659.0,-0.8582864999771118,-0.6042712330818176,10.060592651367188,2.798176050186157,0.8055933117866516,-3.358551502227783
3504032992.0,-0.7989240288734436,-0.4999164938926697,9.788859367370604,2.762572288513184,-0.2644797563552856,-3.245976686477661
3504041325.0,-0.7486504912376404,-0.499227911233902,9.505309104919434,2.652661323547364,-0.2989821434020996,-3.17996883392334
3504049658.0,-0.6604026556015015,-0.4673895239830017,9.281485557556152,2.957803964614868,0.4506568908691406,-3.1772027015686035
3504057991.0,-0.6909385323524475,-0.4521332383155823,9.668078422546388,2.739698886871338,0.3297833204269409,-3.3365743160247803
3504066324.0,-0.6025811433792114,-0.5956112146377563,9.494950294494627,2.770282030105591,-0.4114798903465271,-3.338751554489136
3504074657.0,-0.8307769298553467,-0.6116950511932373,9.446084976196287,2.828016519546509,-0.4332263767719269,-3.333731174468994
3504082990.0,-0.9838946461677552,-0.4115934371948242,9.35291576385498,2.8295278549194336,0.3894900977611542,-3.2653157711029053
3504091323.0,-0.8721771836280823,-0.5515228509902954,9.884895324707031,3.0027313232421875,-0.0781618431210517,-3.215521335601806
3504099656.0,-0.6816825270652771,-0.6062824130058289,9.762079238891602,2.943127155303955,-1.1299335956573486,-3.4265830516815186
3504107989.0,-0.5753841996192932,-0.5643705725669861,9.51335906982422,3.043867826461792,-0.8796313405036926,-3.34909987449646
3504116322.0,-0.5271141529083252,-0.4190857410430908,9.432777404785156,3.4760568141937256,-0.356178730726242,-3.301610946655273
3504124655.0,-0.7291882038116455,-0.1377536654472351,9.702110290527344,3.378697156906128,-0.3332283794879913,-3.3624956607818604
3504132988.0,-0.6709601283073425,-0.4729383885860443,9.758245468139648,3.027705192565918,-0.6815052032470703,-3.301457166671753
3504141321.0,-0.5337254405021667,-0.721417248249054,9.726763725280762,3.2112057209014893,-0.8686171770095825,-3.310960292816162
3504149654.0,-0.6260066032409668,-0.6648926734924316,9.642993927001951,3.312253475189209,-0.3290788829326629,-3.257093667984009
3504157987.0,-0.5951406955718994,-0.5179681777954102,9.99494457244873,3.7473628520965576,-0.2439115792512893,-3.1999993324279785
3504166320.0,-0.7100004553794861,-0.4439404010772705,10.134305000305176,3.792289733886719,-0.85294109582901,-3.204762935638428
3504174653.0,-0.5015707015991211,-0.3733889758586883,10.015077590942385,3.443603515625,-1.158134937286377,-3.3316309452056885
3504182986.0,-0.3990116417407989,-0.1763269007205963,9.928771018981934,3.6411657333374015,-0.888954758644104,-3.368053674697876
3504191319.0,-0.4743821918964386,-0.131309762597084,9.853591918945312,3.635479688644409,-0.3605075776576996,-3.242621421813965
3504199652.0,-0.5006623268127441,0.0911847725510597,10.097891807556152,3.414992570877075,-0.4780256748199463,-3.262959241867065
3504207985.0,-0.6605594158172607,-0.1578734070062637,10.24903678894043,3.1848485469818115,-0.6276896595954895,-3.2375497817993164
3504216318.0,-0.4589171409606933,0.1618415862321853,10.136581420898438,3.1528048515319824,-0.7346546649932861,-3.255863666534424
3504224651.0,-0.3012145161628723,-0.0694156736135482,10.268646240234377,3.1860010623931885,-0.5820194482803345,-3.188062906265259
3504232984.0,-0.3773393034934997,-0.1017459109425544,9.696816444396973,3.034262418746948,-0.6268187761306763,-3.103792190551758
3504241317.0,-0.493611603975296,-0.2644825875759125,9.96622085571289,2.9507598876953125,0.0315055102109909,-3.1592214107513428
3504249650.0,-0.5614532232284546,-0.2884053587913513,10.17066764831543,3.048734426498413,-0.1916072815656662,-3.1991286277771
3504257983.0,-0.6095593571662903,-0.2373994886875152,9.949088096618652,3.001399278640747,-0.4130167365074157,-3.149308919906616
3504266316.0,-0.3424650132656097,-0.1325751543045044,10.214402198791504,3.0990664958953857,-0.5750268697738647,-3.1890106201171875
3504274649.0,-0.2120463103055954,-0.2810700237751007,9.7092924118042,2.98838758468628,-0.8586276173591614,-3.0251567363739014
3504282982.0,-0.4003723263740539,-0.2941782772541046,9.902824401855469,2.787904500961304,0.1190549582242965,-3.028486013412476
3504291315.0,-0.6535360813140869,-0.199899822473526,10.159011840820312,2.908778429031372,0.7362044453620911,-2.929948568344116
3504299648.0,-0.5909947752952576,-0.0203719306737184,10.451555252075195,3.1868975162506104,-0.0476040616631507,-2.8748011589050293
3504307981.0,-0.3107396066188812,0.1357784569263458,10.451067924499512,3.0255534648895264,-0.8924384713172913,-2.7756736278533936
3504316314.0,-0.2619909644126892,-0.1008349731564521,9.98447608947754,2.385197401046753,-0.4925232827663421,-2.7294399738311768
3504324647.0,-0.3459380567073822,-0.026262791827321,9.872660636901855,2.428178548812866,0.5597223043441772,-2.629724264144897
3504332980.0,-0.3127177953720093,-0.0506715215742588,10.344572067260742,2.683398485183716,0.6890740990638733,-2.599550247192383
3504341313.0,-0.2471892833709716,-0.2924186289310455,10.102747917175291,2.415934801101685,-0.3410407602787018,-2.607362747192383
3504349646.0,-0.191499724984169,-0.4910413920879364,9.683526992797852,2.4341208934783936,-0.0890735015273094,-2.5558524131774902
3504357979.0,-0.1911107450723648,-0.34364914894104,9.502410888671877,2.572975873947144,0.8361254930496216,-2.373300075531006
3504366312.0,-0.2252867668867111,-0.3000282049179077,10.098546028137209,2.891923427581787,1.1489007472991943,-2.4729130268096924
3504374645.0,-0.6205560564994812,-0.1521367579698562,10.196521759033203,2.9819579124450684,1.0121976137161257,-2.4434826374053955
3504382978.0,-0.5150867104530334,-0.3347649574279785,9.569808959960938,3.19271183013916,0.8314124345779419,-2.3724799156188965
3504391311.0,-0.6039305925369263,-0.5345064997673035,9.955471992492676,3.671032428741455,0.404986709356308,-2.4048566818237305
3504399644.0,-0.4267355799674988,-0.6120873093605042,9.47640609741211,3.274958848953247,0.4492223858833313,-2.2070889472961426
3504407977.0,-0.2626529335975647,-0.2848714888095855,9.801898956298828,3.208438873291016,0.6183019876480103,-2.253424882888794
3504416310.0,-0.4295562207698822,0.2005891650915146,9.675761222839355,3.240021228790283,1.360705018043518,-2.1730220317840576
3504424643.0,-0.2804003953933716,0.1040862202644348,9.87820529937744,3.4308221340179443,1.3729742765426636,-2.1280949115753174
3504432976.0,-0.5131289958953857,-0.5031874179840088,10.21255874633789,3.296679973602295,0.7726789712905884,-1.9868576526641848
3504441309.0,-0.7392088770866394,-0.3472687304019928,9.825410842895508,2.9325480461120605,1.2002061605453491,-1.85512375831604
3504449642.0,-0.7118128538131714,0.3373344838619232,10.106959342956545,3.452850103378296,1.2400107383728027,-1.9719756841659544
3504457975.0,-0.3908392488956451,0.1742609441280365,10.155806541442873,3.630536317825317,0.5138472318649292,-2.0601401329040527
3504466308.0,-0.3062883019447326,-0.0920975357294082,9.689220428466797,2.87937331199646,0.0707721337676048,-2.1055798530578613
3504474641.0,-0.3900262713432312,-0.225586399435997,9.618828773498535,2.7050938606262207,1.0572019815444946,-1.8435460329055784
3504482974.0,-0.6959397196769714,-0.0270289536565542,9.736272811889648,3.1291375160217285,1.9507031440734863,-1.8431107997894287
3504491307.0,-0.6090511679649353,0.2807579338550567,10.21151638031006,3.3698596954345703,1.2446980476379397,-1.9221304655075075
3504499640.0,-0.543207049369812,-0.1376682519912719,9.955170631408691,2.65683650970459,0.1044036149978637,-2.021949291229248
3504507973.0,-0.5511874556541443,-0.1060144677758216,9.611940383911133,2.6203620433807373,0.679417610168457,-1.891496062278748
3504516306.0,-0.5255061984062195,0.0641890540719032,9.800158500671388,3.1582350730896,1.5438979864120483,-1.8212872743606567
3504524639.0,-0.8482176065444946,0.0281898826360702,10.0518798828125,3.064025402069092,1.217137098312378,-1.9042260646820068
3504532972.0,-0.7437548637390137,-0.0062731048092246,10.105338096618652,2.902118682861328,0.5836459398269653,-1.848541021347046
3504541305.0,-0.3516220450401306,-0.0907995328307151,10.057740211486816,2.68711256980896,0.0287904012948274,-1.7738497257232666
3504549638.0,-0.1713779717683792,-0.0346399471163749,9.806319236755373,2.881960391998291,0.4729669094085693,-1.6705477237701416
3504557971.0,-0.3588503897190094,0.1324232667684555,9.979474067687988,2.94307541847229,1.5496100187301636,-1.4965757131576538
3504566304.0,-0.731275200843811,0.0714943259954452,10.263585090637209,2.6974353790283203,1.6660524606704712,-1.4916579723358154
3504574637.0,-0.7252377867698669,0.228703498840332,10.241619110107422,2.8084211349487305,0.5846448540687561,-1.6466493606567385
3504582970.0,-0.3713123798370361,0.2386069148778915,10.435357093811035,2.4842989444732666,0.1606268733739853,-1.385947823524475
3504591303.0,-0.3288235366344452,0.0956517830491066,9.978283882141112,2.407097816467285,0.7447083592414856,-1.1683037281036377
3504599636.0,-0.6480281352996826,0.4753551781177521,9.95819854736328,2.352949380874634,1.5152101516723633,-1.227062702178955
3504607969.0,-0.5554007291793823,0.1638801544904709,10.185410499572754,2.283893346786499,1.29943585395813,-1.3138437271118164
3504616302.0,-0.2357334941625595,-0.3857252597808838,9.830012321472168,2.321008443832397,0.0186983924359083,-1.2180465459823608
3504624635.0,-0.3507880866527557,-0.7340444326400757,9.518223762512209,2.258432626724243,0.405242770910263,-0.9868012070655824
3504632968.0,-0.5097531676292419,-0.3212289810180664,9.31466007232666,2.591135740280152,1.911539077758789,-0.9226887822151184
3504641301.0,-0.7811658978462219,-0.096954733133316,9.921014785766602,3.549057006835937,1.959924340248108,-0.8202574253082275
3504649634.0,-0.6774201989173889,-0.4164642691612243,10.23284912109375,3.239099740982056,0.8066691756248474,-0.7732041478157043
3504657967.0,-0.486587256193161,-0.4786368012428283,9.792935371398926,3.144556999206543,-0.1105638444423675,-0.7846536636352539
3504666300.0,-0.4384057819843292,-0.1888395100831985,9.584568977355955,3.717547416687012,0.5984765887260437,-0.6436472535133362
3504674633.0,-0.2536040544509887,0.4156632721424103,9.586662292480469,3.981015920639038,1.3123197555541992,-0.5922396183013916
3504682966.0,-0.227036640048027,0.0751195102930069,10.007476806640623,3.8796849250793457,0.9062060117721558,-0.5566613078117371
3504691299.0,-0.335086315870285,-0.196395605802536,9.756591796875,3.4565131664276123,0.7118196487426758,-0.5246692299842834
3504699632.0,-0.3298393487930298,0.1497341692447662,9.867610931396484,3.706610202789306,1.4722806215286257,-0.1132533326745033
3504707965.0,-0.4952753782272339,0.2886660397052765,10.146714210510254,4.125736236572266,1.5573198795318604,-0.0380243360996246
3504716298.0,-0.5275101065635681,0.1742476969957351,9.920520782470703,3.789267301559448,1.2200316190719604,-0.0199919082224369
3504724631.0,-0.2603391408920288,0.0912159010767936,9.969352722167969,3.636376142501831,1.0122488737106323,0.0836048573255539
3504732964.0,-0.1744038462638855,-0.1046055555343627,9.718945503234863,3.7658047676086426,0.8944490551948547,0.3223807513713836
3504741297.0,-0.6085173487663269,0.3501766920089721,9.566197395324709,4.01741361618042,1.7490681409835815,0.2568595707416534
3504749630.0,-0.6251769661903381,-0.0131091140210628,9.12506866455078,4.23508358001709,1.9063138961791992,0.3926150500774383
3504757963.0,-0.226395308971405,-0.1775099486112594,9.82959270477295,4.583615779876709,0.458648532629013,0.3759913444519043
3504766296.0,-0.0595400296151638,-0.3812188506126404,9.438750267028809,3.6967484951019287,-0.1232428774237632,0.671835720539093
3504774629.0,-0.5787843465805054,-0.2262644618749618,8.861495018005371,4.345019340515137,2.2161436080932617,0.916297972202301
3504782962.0,-0.6949074864387512,0.3235489726066589,9.72792625427246,5.413055419921875,3.228033781051636,0.8773899674415588
3504791295.0,-0.5196523070335388,0.3520606160163879,10.529409408569336,5.178711414337158,0.8517245054244995,0.8652487397193909
3504799628.0,-0.2427063584327697,0.1671211868524551,9.757551193237305,4.23626184463501,-0.621491014957428,0.9544633626937866
3504807961.0,-0.3860219419002533,0.6176902055740356,9.232982635498049,4.657359600067139,1.591207504272461,1.1581220626831057
3504816294.0,-0.3824002146720886,1.0134230852127075,9.902155876159668,5.267311096191406,3.2314915657043457,1.4072459936141968
3504824627.0,-0.529774010181427,0.7753416299819946,10.307660102844238,4.710815906524658,1.5052202939987185,1.3868314027786257
3504832960.0,-0.470032662153244,0.4879256188869476,9.772428512573242,3.874690771102905,0.0278426725417375,1.4479470252990725
3504841293.0,-0.3371522724628448,0.5323211550712585,9.474933624267578,3.862063407897949,1.155637502670288,1.6431277990341189
3504849626.0,-0.7377124428749084,0.919498085975647,9.877412796020508,4.334338665008545,2.723536252975464,1.979878067970276
3504857959.0,-0.8462480902671814,1.1845513582229614,10.331025123596191,4.188209056854248,2.3105063438415527,1.976189374923706
3504866292.0,-0.5691891312599182,0.8636230230331421,10.388556480407717,3.3652491569519043,0.3194095194339752,2.110228538513184
3504874625.0,-0.4484106302261352,0.6785203218460083,9.780572891235352,2.8580360412597656,-0.0583108067512512,2.2690625190734863
3504882958.0,-0.6297406554222107,0.8681098222732544,9.47727108001709,3.0661778450012207,1.7454822063446045,2.512782335281372
3504891291.0,-0.5296213626861572,1.0898252725601196,10.156261444091797,3.766547679901123,2.203669309616089,2.59333872795105
3504899624.0,-0.5301266312599182,1.042637586593628,10.301419258117676,2.922917127609253,0.2911313772201538,2.454458475112915
3504907957.0,-0.4318729639053345,0.8748332262039185,9.724221229553224,2.10556697845459,-0.1266752183437347,2.6848843097686768
3504916290.0,-0.3699193298816681,0.7312342524528503,9.501123428344728,2.605966329574585,1.461625099182129,2.8422322273254395
3504924623.0,-0.7950988411903381,0.864654541015625,10.21257209777832,3.003166675567627,2.643798828125,2.9886178970336914
3504932956.0,-0.8305879235267639,0.8326408863067627,10.485987663269045,2.809215545654297,1.3027912378311155,3.1329028606414795
3504941289.0,-0.7853682041168213,0.8758753538131714,9.9768648147583,2.598461627960205,-0.3580229878425598,3.0734009742736816
3504949622.0,-0.5019829273223877,1.0654202699661257,9.612778663635254,2.653634548187256,0.3376724421977997,3.192763090133667
3504957955.0,-0.2922258675098419,0.9913535118103028,9.875999450683594,2.8339591026306152,1.160837173461914,3.208106279373169
3504966288.0,-0.3139544129371643,0.8563039302825928,10.074400901794434,2.799098014831543,1.1420363187789917,3.350342273712158
3504974621.0,-0.3925918638706207,0.8773152232170105,10.006592750549316,2.579916954040528,0.7448875904083252,3.353492498397827
3504982954.0,-0.5567861199378967,1.1296223402023315,9.932991981506348,2.4897801876068115,0.9262108206748962,3.55948257446289
3504991287.0,-0.7816505432128906,0.9469789266586304,10.068289756774902,2.5945427417755127,1.5181045532226562,3.650259256362915
3504999620.0,-0.541701078414917,1.0525569915771484,10.55301284790039,2.704684257507324,1.1915229558944702,3.86869740486145
3505007953.0,-0.4602080881595611,0.5752900242805481,10.419219970703123,2.3085341453552246,-0.0991655066609382,3.999355792999268
3505016286.0,-0.4081771373748779,0.5739285945892334,9.376359939575195,2.549410581588745,0.1921836137771606,4.263360977172852
3505024619.0,-0.175989344716072,0.6115082502365112,9.849323272705078,3.179777145385742,0.9097664952278136,4.409311294555664
3505032952.0,-0.4758820533752441,0.2041959464550018,9.723154067993164,2.886519432067871,0.8619446754455566,4.437538623809815
3505041285.0,-0.7242018580436707,0.5911369919776917,9.74276351928711,3.0122342109680176,1.313702940940857,4.7298994064331055
3505049618.0,-0.4884639680385589,0.709010660648346,10.26664924621582,3.246399402618408,0.8674516677856445,4.877769947052002
3505057951.0,-0.1756204813718795,0.711460292339325,10.135868072509766,3.358487606048584,0.0144976582378149,4.884993553161621
3505066284.0,-0.3574772477149963,0.6004934310913086,9.581076622009276,3.317530393600464,0.5666638016700745,5.221692562103272
3505074617.0,-0.5790989995002747,0.550754964351654,9.999951362609863,3.642600059509277,1.473151445388794,5.4371843338012695
3505082950.0,-0.865189790725708,1.0026172399520874,9.794363021850586,3.664551973342896,0.8304903507232666,5.4840850830078125
3505091283.0,-0.6206539273262024,1.037255883216858,10.209357261657717,3.6858630180358887,0.036116074770689,5.471251964569092
3505099616.0,-0.2765964567661285,0.7553585767745972,9.62243938446045,3.292300224304199,-0.2055670469999313,5.778366565704346
3505107949.0,-0.4806906580924988,0.8341192603111267,9.84711742401123,3.2430694103240967,0.9067695140838624,6.018141269683838
3505116282.0,-0.6515244245529175,1.0384453535079956,9.904437065124512,3.62546443939209,1.3231033086776731,6.295671463012695
3505124615.0,-0.7976986765861511,0.9390405416488647,10.252518653869627,3.574440717697144,0.2280179113149643,6.3674421310424805
3505132948.0,-0.8336507678031921,1.1100362539291382,9.879191398620604,3.135668992996216,-0.1390468776226043,6.502173900604248
3505141281.0,-0.6706032156944275,0.9836838841438292,9.964274406433104,3.0890769958496094,0.1957183927297592,6.75462818145752
3505149614.0,-0.6648643612861633,0.957499384880066,9.954031944274902,3.214663505554199,0.3455360531806946,6.828679084777832
3505157947.0,-0.6853970885276794,0.9948031902313232,10.03281307220459,3.3549017906188965,0.0590664371848106,7.037434577941895
3505166280.0,-0.7244833707809448,0.7676321268081665,9.779510498046877,3.3733699321746826,-0.487656682729721,7.277287483215332
3505174613.0,-0.8157950639724731,0.8493726253509521,9.540275573730469,3.3678619861602783,-0.9080886244773864,7.374081611633301
3505182946.0,-0.918160319328308,1.0127416849136353,9.673500061035156,3.2907888889312744,-0.2576408088207245,7.507967948913574
3505191279.0,-0.8909247517585754,1.04437255859375,10.019987106323242,3.410970687866211,-0.4053324460983276,7.647846698760986
3505199612.0,-0.7592066526412964,1.1054705381393433,10.019438743591309,3.494345188140869,-1.3869212865829468,7.773791790008545
3505207945.0,-0.6366906762123108,1.1487284898757937,9.913283348083496,3.4376611709594727,-1.5775935649871826,7.822638988494873
3505216278.0,-0.6696000099182129,1.1176893711090088,9.827796936035156,3.552489757537842,-1.2656378746032717,8.06533432006836
3505224611.0,-0.808163583278656,1.5704164505004885,9.967469215393066,3.673491716384888,-0.8270965218544006,8.226191520690918
3505232944.0,-0.6089606881141663,1.466393232345581,10.25340747833252,3.6700596809387207,-1.4643789529800415,8.271401405334473
3505241277.0,-0.4832602739334106,1.3292386531829834,9.960630416870115,3.385972023010254,-2.230090856552124,8.294248580932617
3505249610.0,-0.3601914048194885,1.4408249855041504,9.627836227416992,3.4415037631988525,-1.473446249961853,8.438124656677246
3505257943.0,-0.3273171186447143,1.584744215011597,10.149214744567873,3.625618934631348,-0.85578453540802,8.639913558959961
3505266276.0,-0.4370623230934143,1.5808563232421875,10.221909523010254,3.65899395942688,-1.3103091716766355,8.598392486572266
3505274609.0,-0.3784939348697662,1.531501054763794,10.018662452697754,3.3568739891052246,-1.7224421501159668,8.739988327026367
3505282942.0,-0.3507032096385956,1.320870876312256,9.832564353942873,3.4684741497039795,-1.458282232284546,9.085472106933594
3505291275.0,-0.4666593074798584,1.1925041675567627,9.937219619750977,3.4838180541992188,-1.0617741346359253,9.166644096374512
3505299608.0,-0.4973399341106415,1.1714272499084473,10.115833282470703,3.663041114807129,-0.7927222847938538,9.47739601135254
3505307941.0,-0.2611716091632843,1.149225115776062,10.269145011901855,3.95348048210144,-1.5567948818206787,9.59230136871338
3505316274.0,-0.0863175317645073,1.600965142250061,9.722932815551758,3.891827344894409,-2.0164170265197754,9.717120170593262
3505324607.0,0.0150640988722443,1.5699713230133057,9.546649932861328,3.822335720062256,-1.1125160455703735,9.772624969482422
3505332940.0,-0.0555788576602935,1.4221035242080688,9.673240661621094,3.7583513259887695,-0.5256426334381104,10.019803047180176
3505341273.0,-0.1364782899618148,1.516730785369873,9.995288848876951,3.801203489303589,-0.3878379464149475,10.270258903503418
3505349606.0,0.0544886514544487,1.6423742771148682,10.07158374786377,3.7271530628204346,-1.063029170036316,10.54310131072998
3505357939.0,0.1141784861683845,1.934586882591248,9.696414947509766,3.743905544281006,-0.9081655740737916,10.59468936920166
3505366272.0,0.2783956229686737,2.096256971359253,9.805827140808104,3.4380452632904053,0.0513309314846992,10.796913146972656
3505374605.0,0.2882090806961059,1.8996580839157104,9.837337493896484,3.382180690765381,-0.2417343556880951,10.918042182922363
3505382938.0,0.1197406649589538,1.7551782131195068,9.7698335647583,3.130136251449585,-0.1644562035799026,11.130102157592772
3505391271.0,0.1219170913100242,1.930253267288208,9.73796272277832,2.9005560874938965,0.1103973612189292,11.286324501037598
3505399604.0,0.0015801534755155,2.059155225753784,9.543139457702637,2.9698679447174072,0.4510667026042938,11.273030281066896
3505407937.0,0.1960097551345825,2.0585391521453857,9.63267707824707,3.1321091651916504,0.5610287189483643,11.455148696899414
3505416270.0,0.1066978871822357,1.9138849973678589,10.08144760131836,2.5571205615997314,0.4745293855667114,11.762442588806152
3505424603.0,-0.2881805598735809,1.5085495710372925,9.708229064941406,2.2524898052215576,1.4160573482513428,11.954265594482422
3505432936.0,0.003603262361139,2.098705053329468,9.892914772033691,2.6495108604431152,1.590490460395813,11.955496788024902
3505441269.0,0.7259319424629211,1.8532887697219849,9.90305233001709,2.6596546173095703,0.1961794644594192,12.193838119506836
3505449602.0,0.5241299271583557,1.2445744276046753,9.205612182617188,2.263812065124512,-0.0623578652739524,12.462658882141112
3505457935.0,-0.1042587831616401,1.3884528875350952,8.735764503479004,2.4306373596191406,2.8739430904388428,12.874074935913086
3505466268.0,-0.7093881964683533,1.49181067943573,9.85071086883545,3.359282255172729,4.05883264541626,12.96395778656006
3505474601.0,-0.7530644536018372,1.72855544090271,10.415250778198242,3.225395917892456,1.69248628616333,12.739830017089844
3505482934.0,-0.1599760204553604,1.6760492324829102,9.969183921813965,2.7087056636810303,0.0548656955361366,12.875611305236816
3505491267.0,0.2627696990966797,1.5747880935668943,9.336482048034668,2.849839925765991,1.052181601524353,13.16640853881836
3505499600.0,-0.2335217297077179,1.979746460914612,9.319609642028809,3.393476963043213,3.15272855758667,13.44588851928711
3505507933.0,-0.6414077281951904,2.2795701026916504,10.004790306091309,3.535737991333008,4.061598300933838,13.588915824890137
3505516266.0,-0.6377395391464233,2.1685028076171875,10.626394271850586,2.918922185897827,2.077109813690185,13.689274787902832
3505524599.0,-0.3089311122894287,2.5408477783203125,10.048261642456056,2.3533852100372314,1.011557698249817,13.692221641540527
3505532932.0,0.0528234243392944,2.6334195137023926,10.083419799804688,2.5287656784057617,2.288273572921753,13.883709907531738
3505541265.0,-0.0446618273854255,2.3705859184265137,10.08378791809082,2.500897169113159,3.133620262145996,14.134499549865724
3505549598.0,-0.5621826648712158,2.523288011550904,10.147563934326172,2.1060025691986084,2.852759838104248,14.296612739562988
3505557931.0,-0.6582724452018738,2.2244679927825928,10.132489204406738,1.5898245573043823,2.237480640411377,14.384699821472168
3505566264.0,-0.5079682469367981,2.0896873474121094,9.929747581481934,1.5416696071624756,1.8916113376617432,14.487281799316406
3505574597.0,-0.3038162887096405,2.3001034259796143,10.090326309204102,1.6265813112258911,2.4702632427215576,14.524171829223633
3505582930.0,-0.3739794492721557,2.2194395065307617,10.243744850158691,1.460780143737793,2.798868417739868,14.643253326416016
3505591263.0,-0.474906325340271,2.336655378341675,10.180364608764648,1.4714866876602173,2.901888370513916,14.89163303375244
3505599596.0,-0.5345882177352905,2.390573024749756,10.283280372619627,1.3455414772033691,2.5899837017059326,15.101644515991213
3505607929.0,-0.5377669334411621,1.961451888084412,10.361435890197754,1.2930066585540771,2.371135711669922,15.25025749206543
3505616262.0,-0.3667682707309723,1.9505863189697263,10.05707550048828,1.4265081882476809,2.416268110275269,15.365521430969238
3505624595.0,-0.1652528643608093,2.012991189956665,10.11205005645752,1.6180260181427002,2.2693963050842285,15.415624618530272
3505632928.0,-0.0638050511479377,2.04963493347168,9.922194480895996,1.7240432500839231,2.352949857711792,15.554348945617676
3505641261.0,-0.3667485117912292,2.3281469345092773,9.753049850463867,1.7456872463226318,2.9580092430114746,15.57297134399414
3505649594.0,-0.558117151260376,2.3818867206573486,10.152742385864258,1.689797043800354,3.3145337104797363,15.758161544799805
3505657927.0,-0.6491789221763611,2.179725885391236,10.136856079101562,1.7361587285995483,2.752429246902466,15.78672218322754
3505666260.0,-0.6553807854652405,2.0605642795562744,9.870808601379396,1.670483946800232,2.33414888381958,15.882442474365234
3505674593.0,-0.4280230700969696,2.032919406890869,9.849767684936523,1.8016033172607424,2.4293572902679443,16.14519500732422
3505682926.0,-0.423341304063797,2.148201465606689,9.78084945678711,1.878138780593872,2.6275346279144287,16.24934196472168
3505691259.0,-0.5232275128364563,2.1523430347442627,9.859299659729004,1.8466330766677856,2.7360873222351074,16.435787200927734
3505699592.0,-0.2863519489765167,1.9577404260635376,9.893672943115234,1.7548569440841677,2.2208056449890137,16.53583526611328
3505707925.0,-0.1951391845941543,1.965101957321167,9.695777893066406,1.7606714963912964,2.202875852584839,16.606504440307617
3505716258.0,-0.2371621131896972,1.8934364318847656,9.697918891906738,1.9010121822357176,2.9101619720458984,16.856143951416016
3505724591.0,-0.0316298827528953,1.809708595275879,10.074158668518066,2.1857142448425293,3.165996551513672,17.087080001831055
3505732924.0,-0.2339085787534713,1.8108417987823489,9.98681926727295,2.372057676315308,2.5086328983306885,17.156494140625
3505741257.0,-0.346897691488266,1.8744442462921145,9.652897834777832,2.3637077808380127,2.817156791687012,17.509178161621094
3505749590.0,-0.4315589070320129,1.924620509147644,9.573928833007812,2.4881160259246826,2.8279402256011963,17.50382423400879
3505757923.0,-0.4064465165138244,1.930508017539978,9.70577907562256,2.4993607997894287,2.8275303840637207,17.614145278930664
3505766256.0,-0.3794054090976715,2.1158461570739746,9.525050163269045,2.4119648933410645,2.5626533031463623,17.885244369506836
3505774589.0,-0.38660329580307,2.113765001296997,9.322715759277344,2.4538440704345703,2.443265438079834,17.943439483642578
3505782922.0,-0.3813053965568542,2.527339696884156,9.052258491516112,2.522285461425781,2.3583803176879883,18.0189266204834
3505791255.0,-0.3977751433849334,2.4119138717651367,9.30910873413086,2.20569372177124,2.3510799407958984,18.165672302246094
3505799588.0,-0.4060951769351959,2.234091281890869,9.162745475769045,2.1592037677764893,1.9583371877670288,18.384571075439453
3505807921.0,-0.5236093401908875,2.3751213550567627,9.168825149536133,2.2486228942871094,2.0689902305603027,18.520788192749023
3505816254.0,-0.4758007824420929,2.31736421585083,9.456005096435549,2.3222384452819824,2.116325616836548,18.627803802490234
3505824587.0,-0.3996770679950714,2.4108121395111084,9.335132598876951,2.42592453956604,1.4479217529296875,18.692352294921875
3505832920.0,-0.3246405124664306,2.280334234237671,9.344096183776855,2.282792568206787,1.3178527355194092,18.9837646484375
3505841253.0,-0.2945645451545715,2.2063422203063965,9.22707462310791,2.157897472381592,1.5402612686157229,18.94493293762207
3505849586.0,-0.5001082420349121,2.48442006111145,9.172224044799805,2.363887071609497,1.7891290187835691,19.00015640258789
3505857919.0,-0.4696986079216003,2.7045273780822754,9.540553092956545,2.408277034759521,1.812796711921692,19.003643035888672
3505866252.0,-0.3806231319904327,2.7909984588623047,9.85575008392334,2.1403515338897705,1.3797366619110107,19.10041046142578
3505874585.0,-0.3477291166782379,3.052534818649292,9.775513648986816,1.9061096906661987,1.0580220222473145,19.476842880249023
3505882918.0,-0.2887647449970245,3.553696393966675,9.82174015045166,1.7670751810073853,1.4861894845962524,19.610979080200195
3505891251.0,-0.4545084238052368,3.3773114681243896,10.047544479370115,1.3871904611587524,1.5894917249679563,19.79983329772949
3505899584.0,-0.5134475231170654,3.399341106414795,9.902249336242676,0.7390221953392029,1.3717966079711914,20.002700805664062
3505907917.0,-0.1418578773736953,3.0790247917175293,10.33488655090332,0.4162570536136627,1.2339661121368408,20.20162010192871
3505916250.0,0.007775786332786,2.9871788024902344,9.951007843017578,0.231117308139801,0.7499081492424011,20.33599281311035
3505924583.0,-0.4156917333602905,3.144271850585937,9.72082233428955,0.132502481341362,1.753320574760437,20.41639518737793
3505932916.0,-0.7434863448143005,3.021334886550904,9.905994415283203,0.1184402704238891,2.6798903942108154,20.53045654296875
3505941249.0,-0.7277746796607971,3.041827917098999,10.271099090576172,-0.255079448223114,1.5637240409851074,20.38929748535156
3505949582.0,-0.4217223823070526,3.391130447387696,10.11355972290039,-0.3917058408260345,0.4037573635578155,20.57397651672364
3505957915.0,-0.1145768612623214,2.970731973648072,9.695578575134276,-0.484045147895813,0.6360529065132141,20.650535583496094
3505966248.0,-0.2772658765316009,2.82331919670105,9.45329475402832,-0.2898891866207123,1.6393626928329468,20.97547721862793
3505974581.0,-0.3490610122680664,2.714959144592285,9.899710655212402,-0.3364047110080719,1.8544713258743288,21.19015312194824
3505982914.0,-0.1583395153284073,2.411040782928467,10.0127592086792,-0.394702672958374,0.8721394538879395,21.28238868713379
3505991247.0,-0.1560120731592178,2.637221336364746,9.631631851196287,-0.089739516377449,0.8716784119606018,21.357391357421875
3505999580.0,-0.2270114570856094,2.5954430103302,9.7776517868042,0.0637026205658912,2.227465867996216,21.6162166595459
3506007913.0,-0.1058387085795402,2.304316520690918,10.1246976852417,0.1279687732458114,2.051957368850708,21.778154373168945
3506016246.0,-0.4485918283462524,2.2809226512908936,9.968878746032717,0.3895158767700195,1.379865288734436,21.931352615356445
3506024579.0,-0.5162402391433716,1.844889521598816,9.705784797668455,0.7321575284004211,1.969889163970948,22.16239356994629
3506032912.0,-0.6125701069831848,1.5156501531600952,9.74437141418457,1.1990283727645874,2.0872280597686768,22.368894577026367
3506041245.0,-0.5906311273574829,1.4006847143173218,9.935837745666504,1.8623605966567995,1.8698400259017944,22.50201416015625
3506049578.0,-0.4098133444786072,1.088813543319702,10.02650547027588,2.458865165710449,1.3658283948898315,22.839506149291992
3506057911.0,-0.2234475910663604,1.4966208934783936,9.553208351135254,3.1919448375701904,1.1496185064315796,23.01819229125977
3506066244.0,-0.2169420421123504,2.1155765056610107,9.65470027923584,3.960089921951294,1.4948984384536743,23.17120933532715
3506074577.0,-0.279520720243454,2.355685949325561,9.663810729980469,3.980326175689697,1.7314975261688232,23.290807723999023
3506082910.0,-0.3608211278915405,2.333063125610352,9.783437728881836,3.94851326942444,1.999294400215149,23.55649948120117
3506091243.0,-0.4593958258628845,2.578803300857544,10.086405754089355,3.7841720581054688,1.9715797901153564,23.78705406188965
3506099576.0,-0.4376727342605591,2.636406183242798,10.00883674621582,3.966366052627564,1.5906703472137451,23.95175170898437
3506107909.0,-0.4726362526416778,2.6711225509643555,9.66347885131836,4.13928747177124,1.4373178482055664,24.22088432312012
3506116242.0,-0.3604625463485718,2.2114007472991943,9.7586030960083,3.96508526802063,1.5378283262252808,24.50107955932617
3506124575.0,-0.1681620925664901,2.069864749908448,9.589483261108398,3.9752798080444336,1.1805094480514526,24.68849754333496
3506132908.0,-0.4077965915203094,2.425331115722656,9.219573974609377,4.368689060211182,1.410115361213684,24.804861068725582
3506141241.0,-0.4698168635368347,2.562455415725708,9.406274795532228,4.633490085601807,2.070758581161499,24.917722702026367
3506149574.0,-0.4867319762706756,2.830579996109009,9.952171325683594,4.442022800445557,1.6141330003738403,25.08920669555664
3506157907.0,-0.6767615079879761,3.0185322761535645,10.013505935668944,4.014008522033691,1.3142415285110474,25.412715911865234
3506166240.0,-0.5927426815032959,3.3323779106140137,9.82370948791504,4.173407077789307,1.5145193338394165,25.586280822753903
3506174573.0,-0.6974535584449768,3.318934202194214,9.963269233703612,4.15793514251709,1.4766101837158203,25.752410888671875
3506182906.0,-0.4955106675624847,3.2365901470184326,9.764490127563477,3.617423295974731,1.0673201084136963,25.81252670288086
3506191239.0,-0.2356952130794525,3.148608922958374,9.766921043395996,3.533511161804199,0.722834050655365,25.94613265991211
3506199572.0,-0.3254700303077698,3.442626476287842,9.490344047546388,3.5779776573181152,1.10594642162323,25.962730407714844
3506207905.0,-0.5428733229637146,3.5116724967956543,9.59506893157959,3.5323846340179443,2.246216058731079,26.158531188964844
3506216238.0,-0.5843861103057861,3.3519744873046875,9.987955093383787,3.4183249473571777,1.692948579788208,26.19441795349121
3506224571.0,-0.6181434392929077,3.443413257598877,9.741382598876951,3.2208642959594727,0.935381293296814,26.256607055664062
3506232904.0,-0.4270100593566894,3.2885518074035645,9.603134155273438,3.4385340213775635,1.0592260360717771,26.34328269958496
3506241237.0,-0.4580731391906738,3.366043329238892,9.43194580078125,3.588376998901367,1.5373414754867554,26.34896850585937
3506249570.0,-0.4816418290138244,3.462847948074341,9.605595588684082,3.577183723449707,1.753679633140564,26.51100349426269
3506257903.0,-0.3955712020397186,3.2547500133514404,9.590259552001951,3.584739923477173,1.1549978256225586,26.52475929260254
3506266236.0,-0.5457546710968018,3.5227303504943848,9.275989532470703,3.574212551116944,1.2167282104492188,26.531192779541016
3506274569.0,-0.3168460726737976,3.655176877975464,9.5476713180542,3.6702919006347656,1.9002958536148071,26.671689987182617
3506282902.0,-0.4669020175933838,3.870209217071533,9.942875862121582,3.3921210765838623,1.4301459789276123,26.555648803710938
3506291235.0,-0.4974430501461029,4.215992450714111,9.702430725097656,3.2489116191864014,1.5263276100158691,26.845888137817383
3506299568.0,-0.4574507474899292,4.209113597869873,10.150596618652344,2.8181312084198,1.4411602020263672,26.96146011352539
3506307901.0,-0.6442574262619019,4.515564441680908,9.84816074371338,2.361429452896118,1.6959967613220217,26.848068237304688
3506316234.0,-0.6682835221290588,4.638063430786133,10.191707611083984,1.8213273286819456,2.3847126960754395,26.8309326171875
3506324567.0,-0.2287420630455017,4.4105072021484375,10.64845085144043,1.436729073524475,1.5582172870635986,26.67032623291016
3506332900.0,-0.2340088188648224,4.560494422912598,10.26152801513672,0.8615610003471375,1.0991331338882446,26.85441780090332
3506341233.0,-0.1534734666347503,4.226494312286377,10.087689399719238,0.2784781455993652,1.914793372154236,27.0802059173584
3506349566.0,-0.3549861311912536,4.139875411987305,9.752238273620604,0.2131617963314056,2.357740640640259,27.14588165283203
3506357899.0,-0.5372214913368225,3.8874123096466064,9.767112731933594,0.0762792378664016,2.189045190811157,27.225414276123047
3506366232.0,-0.3925403654575348,3.604672431945801,9.751564025878906,-0.2792337536811828,1.3074793815612793,27.357196807861328
3506374565.0,-0.6698347330093384,3.700291633605957,9.343668937683104,-0.5049209594726562,1.833211660385132,27.50901222229004
3506382898.0,-0.5157216191291809,3.644352674484253,9.835679054260254,-0.1779806315898895,2.642315149307251,27.69766426086425
3506391231.0,-0.4245348274707794,3.4622604846954346,9.98213005065918,-0.2162739336490631,1.7488644123077393,27.748123168945312
3506399564.0,-0.4306643009185791,3.361226797103882,9.572885513305664,-0.1963204592466354,1.3191598653793335,27.90455436706543
3506407897.0,-0.2918708026409149,3.177152156829834,9.410548210144045,-0.0223228204995393,1.846659660339356,28.16202545166016
3506416230.0,-0.4248611032962799,3.4141201972961426,9.447651863098145,0.0625756159424781,2.1317713260650635,28.26603889465332
3506424563.0,-0.4410821199417114,3.3866257667541504,9.762490272521973,0.1977420300245285,1.924039959907532,28.52500343322754
3506432896.0,-0.5762317776679993,3.190394639968872,9.68769359588623,0.0169054083526134,1.6773494482040403,28.58466339111328
3506441229.0,-0.6018520593643188,3.425797700881958,9.556571006774902,0.009912715293467,1.8901526927948,28.909318923950195
3506449562.0,-0.4614940583705902,3.1734931468963623,10.016847610473633,0.314235657453537,1.7131582498550415,29.10844612121582
3506457895.0,-0.4677780270576477,3.239854335784912,9.822188377380373,0.2640573382377624,1.2186750173568726,29.292871475219727
3506466228.0,-0.4574968516826629,3.2461960315704346,9.785079956054688,0.3425650596618652,1.4780449867248535,29.61738014221192
3506474561.0,-0.5461428165435791,3.2047603130340576,9.806655883789062,0.408265620470047,1.5344219207763672,29.63776969909668
3506482894.0,-0.4935013055801391,3.252046823501587,9.872084617614746,0.4700727760791778,1.8267829418182373,29.9153995513916
3506491227.0,-0.1849388182163238,2.908524513244629,10.366530418395996,0.7223475575447083,1.30122971534729,30.06424331665039
3506499560.0,-0.240087404847145,2.81766128540039,9.924548149108888,0.7705023884773254,1.146699070930481,30.26313781738281
3506507893.0,-0.2001431435346603,2.600860595703125,9.806851387023926,1.4964615106582642,1.9514217376708984,30.37583923339844
3506516226.0,-0.2870423197746277,2.634268522262573,9.968259811401367,1.6292457580566406,1.804319143295288,30.55475616455078
3506524559.0,-0.5910159349441528,2.7323479652404785,9.708898544311523,1.7826752662658691,1.8686368465423584,30.69097328186035
3506532892.0,-0.5285625457763672,3.017514705657959,9.88649082183838,2.133180618286133,1.8397181034088133,30.88218116760254
3506541225.0,-0.3716208934783935,3.387033700942993,10.00212574005127,2.299468755722046,1.134737253189087,30.963563919067383
3506549558.0,-0.2745755016803741,3.5337703227996826,9.801925659179688,2.1414031982421875,1.090245246887207,31.006572723388672
3506557891.0,-0.2979959547519684,3.511049509048462,9.9090576171875,2.0450680255889893,1.5915162563323977,31.121450424194336
3506566224.0,-0.3824504613876343,3.819651365280152,9.998808860778809,2.2926809787750244,2.265683174133301,31.03766441345215
3506574557.0,-0.1835606694221496,3.401780605316162,10.59044361114502,2.089816093444824,1.882596731185913,31.19378471374512
3506582890.0,-0.2710422575473785,3.4525487422943115,9.730083465576172,2.106670379638672,1.1574058532714844,31.21919250488281
3506591223.0,-0.4541740715503692,3.547954797744751,9.807921409606934,2.2883267402648926,2.069990634918213,31.35000801086425
3506599556.0,-0.4921713471412658,3.304383039474488,9.742945671081545,2.093965768814087,2.136869668960572,31.341915130615234
3506607889.0,-0.7140504717826843,3.682707071304321,9.85576057434082,2.0837202072143555,1.9199168682098389,31.35969352722168
3506616222.0,-0.3329370617866516,3.557947397232056,9.812737464904783,2.1771605014801025,1.204408049583435,31.336559295654297
3506624555.0,-0.4637753963470459,3.64019513130188,9.47116470336914,2.259613037109375,0.926467776298523,31.372295379638672
3506632888.0,-0.5438768267631531,3.4660611152648926,9.32046890258789,2.1326684951782227,1.990662932395935,31.46649742126465
3506641221.0,-0.6992661356925964,3.315412998199463,9.77729320526123,2.258819103240967,1.982415676116944,31.73499298095703
3506649554.0,-0.9880657196044922,3.5462892055511475,9.722469329833984,2.441371440887451,1.3680830001831057,31.56524085998535
3506657887.0,-0.7380399107933044,3.5994787216186523,9.850415229797363,2.698103427886963,0.8109217286109924,31.50858497619629
3506666220.0,-0.4873875677585602,3.719452857971192,9.780022621154783,2.6687748432159424,0.6425079703330994,31.51216697692871
3506674553.0,-0.3169975876808166,3.786022424697876,9.855717658996582,2.3125576972961426,1.2286392450332642,31.66816139221192
3506682886.0,-0.2906571924686432,3.832467794418335,9.938470840454102,2.507354021072388,1.3136271238327026,31.690832138061523
3506691219.0,-0.654876708984375,3.878316879272461,9.72438621520996,2.579150676727295,1.4568109512329102,31.762374877929688
3506699552.0,-0.5214046835899353,3.723974704742432,10.05995273590088,2.5630905628204346,1.1379388570785522,31.92240524291992
3506707885.0,-0.4539968371391296,3.948150396347046,9.99399185180664,2.284074306488037,0.4018876552581787,32.00580596923828
3506716218.0,-0.3446528613567352,4.126580715179443,9.532506942749023,2.059591054916382,0.7504721879959106,32.09090042114258
3506724551.0,-0.4189387857913971,3.87772274017334,9.643486976623535,2.1911461353302,1.2589150667190552,32.107521057128906
3506732884.0,-0.5526622533798218,3.665498733520508,9.611663818359377,1.834621548652649,1.1345067024230957,32.30910873413086
3506741217.0,-0.5420503616333008,3.3324432373046875,9.708916664123535,1.8580071926116943,0.7646624445915222,32.393638610839844
3506749550.0,-0.4782415628433227,3.55956768989563,9.49977207183838,2.035513639450073,0.5916124582290649,32.453208923339844
3506757883.0,-0.4020638167858124,3.711651802062988,9.674812316894531,2.1979849338531494,1.0367884635925293,32.60667037963867
3506766216.0,-0.2409185171127319,3.618150949478149,9.72602081298828,2.1335909366607666,0.6394599676132202,32.637638092041016
3506774549.0,-0.4787237346172333,3.5392439365386963,9.60258960723877,2.1414034366607666,1.0517469644546509,32.594173431396484
3506782882.0,-0.2393357455730438,3.444685935974121,9.838932991027832,2.5452117919921875,1.3130892515182495,32.681514739990234
3506791215.0,-0.1119662299752235,3.3978304862976074,9.90034008026123,2.802481174468994,0.5960181355476379,32.7662467956543
3506799548.0,-0.2411998957395553,3.656179428100586,9.481805801391602,2.4447021484375,1.007537007331848,32.91166305541992
3506807881.0,-0.2156130969524383,3.944796323776245,9.762951850891112,2.5813796520233154,1.4918001890182495,32.923519134521484
3506816214.0,-0.5603578686714172,4.137598037719727,9.92031955718994,2.506841897964477,1.8666388988494875,32.82098388671875
3506824547.0,-0.3120530545711517,3.732254266738892,10.39760971069336,2.4643478393554688,1.4008183479309082,32.877593994140625
3506832880.0,-0.4637994468212127,4.020979881286621,10.006200790405272,2.108002185821533,0.7002425193786621,32.86665344238281
3506841213.0,-0.5037370920181274,4.128967761993408,9.728320121765137,2.143068313598633,1.6883127689361572,32.965476989746094
3506849546.0,-0.3272286355495453,4.042769908905029,10.075857162475586,2.077162742614746,1.484935641288757,32.908538818359375
3506857879.0,-0.3425160050392151,3.93806791305542,10.038432121276855,1.9406896829605105,1.0780783891677856,32.74321746826172
3506866212.0,-0.3276537954807281,3.6744251251220703,10.196861267089844,1.6319869756698608,1.0826635360717771,32.94327163696289
3506874545.0,-0.767382025718689,4.1254096031188965,9.503329277038574,1.7506320476531982,1.5396728515625,32.7452392578125
3506882878.0,-0.6439628005027771,4.001459121704102,10.004432678222656,1.9217607975006104,2.080364465713501,32.80520248413086
3506891211.0,-0.3081081211566925,3.62427020072937,9.984382629394531,1.5863677263259888,0.4700472354888916,32.771034240722656
3506899544.0,-0.6327593326568604,3.7759735584259033,9.582797050476074,1.4031745195388794,0.7061080932617188,32.78091812133789
3506907877.0,-0.5430412292480469,3.509280204772949,9.462267875671388,2.128723859786988,1.6261465549468994,32.84554672241211
3506916210.0,-0.5454477667808533,3.760549068450928,9.930399894714355,2.30251693725586,1.2013342380523682,32.75333404541016
3506924543.0,-0.3730652630329132,3.654423952102661,9.651455879211426,1.9734758138656616,0.3772211372852325,32.786502838134766
3506932876.0,-0.1970628350973129,3.4637563228607178,9.570322036743164,2.065072774887085,0.290696233510971,32.70013427734375
3506941209.0,-0.4586833417415619,3.660805940628052,9.328548431396484,2.4647061824798584,1.4450538158416748,32.77019119262695
3506949542.0,-0.2653736472129822,3.587214231491089,10.196124076843262,2.7123703956604004,1.636955976486206,32.803462982177734
3506957875.0,-0.4284735918045044,3.840742111206055,10.099528312683104,2.5285112857818604,0.3410025835037231,32.80876159667969
3506966208.0,-0.3577224612236023,3.89396333694458,9.860270500183104,2.4669346809387207,0.5536521673202515,32.84024429321289
3506974541.0,-0.3253887295722961,3.982038021087648,9.87397003173828,2.476463556289673,0.9411702752113342,32.99121856689453
3506982874.0,-0.3144663274288177,3.9636318683624254,10.091156959533691,2.3351497650146484,1.2085319757461548,33.012908935546875
3506991207.0,0.0503716841340065,3.766904830932617,10.254179954528809,2.302798271179199,0.5461727976799011,33.124507904052734
3506999540.0,-0.0819021537899971,3.793329954147339,9.851694107055664,1.9969388246536253,0.4465077221393585,33.1587028503418
3507007873.0,-0.1839347034692764,3.967442512512207,9.894943237304688,2.097244501113892,1.605066418647766,33.370338439941406
3507016206.0,-0.2864532172679901,3.884549140930176,10.092368125915527,1.8767825365066528,1.559831619262695,33.30376434326172
3507024539.0,-0.3699470162391662,3.9149458408355713,10.15493392944336,1.6625703573226929,1.051619052886963,33.29553985595703
3507032872.0,0.0508885607123374,3.837409019470215,10.02431583404541,1.6245585680007937,0.7688119411468506,33.271484375
3507041205.0,-0.2252781391143798,3.91897225379944,9.63641357421875,1.502430081367493,1.1238768100738523,33.39016342163086
3507049538.0,-0.3156030178070068,3.787581443786621,9.798340797424316,1.7683316469192505,2.2678864002227783,33.4647216796875
3507057871.0,-0.4107793271541595,3.635671854019165,10.02082061767578,1.6566665172576904,1.4647387266159058,33.38743209838867
3507066204.0,-0.3534234166145324,3.460189819335937,9.831768989562988,1.6010066270828247,0.9873400330543518,33.4112548828125
3507074537.0,-0.0563671365380287,3.418554782867432,9.666348457336426,1.7539236545562744,0.806016743183136,33.50904846191406
3507082870.0,-0.2599972486495971,3.8335041999816895,9.475177764892578,2.057939052581787,1.4767003059387207,33.5037956237793
3507091203.0,-0.1869426220655441,3.5796077251434326,9.8783540725708,2.077892541885376,1.7841739654541016,33.52810287475586
3507099536.0,-0.3553005754947662,3.723110914230346,9.723615646362305,2.070746421813965,1.2303937673568726,33.36220169067383
3507107869.0,-0.2694346010684967,3.6284234523773193,9.673147201538086,2.252402782440185,1.3379480838775637,33.60236358642578
3507116202.0,-0.0590006932616233,3.855082035064697,9.702028274536133,2.161856412887573,0.9635956287384032,33.41712188720703
3507124535.0,-0.1415448188781738,4.0375800132751465,9.39988613128662,2.1861133575439453,1.5262385606765747,33.371246337890625
3507132868.0,-0.1325471699237823,3.570481777191162,9.83359718322754,2.261469841003418,1.7884514331817627,33.47382736206055
3507141201.0,-0.3979909121990204,3.4259400367736816,9.605300903320312,2.17279314994812,1.6017746925354004,33.525665283203125
3507149534.0,-0.374113917350769,3.40532660484314,9.756878852844238,2.596043825149536,1.6368919610977173,33.442657470703125
3507157867.0,-0.2114835977554321,3.592038154602051,9.887529373168944,2.84990668296814,0.976991891860962,33.339637756347656
3507166200.0,-0.2527110576629638,3.900362730026245,9.4939603805542,2.6915595531463623,1.3770097494125366,33.45384979248047
3507174533.0,-0.0840375125408172,3.5743863582611084,9.771302223205566,3.3006155490875244,1.356288194656372,33.36855697631836
3507182866.0,-0.1949547231197357,3.7492384910583496,9.902545928955078,2.7887911796569824,1.3525995016098022,33.39691162109375
3507191199.0,-0.3154179155826568,3.836008071899414,9.76590633392334,3.1126835346221924,1.7079205513000488,33.55835723876953
3507199532.0,-0.1858541816473007,3.89989709854126,9.85311508178711,3.389522075653076,1.4958343505859375,33.42159652709961
3507207865.0,-0.2288888990879058,3.993849515914917,9.934074401855469,3.282557249069214,1.1967623233795166,33.38863754272461
3507216198.0,-0.1178386136889457,4.127974033355713,9.842978477478027,2.989965438842773,1.3604631423950195,33.3677864074707
3507224531.0,-0.2596542537212372,4.142544269561768,9.926141738891602,2.9091267585754395,1.618193745613098,33.37257766723633
3507232864.0,-0.1274790167808532,4.127523899078369,10.10183811187744,3.059072494506836,1.4365627765655518,33.493038177490234
3507241197.0,-0.2118522971868515,4.241055011749268,9.866455078125,2.865787982940674,1.0072169303894043,33.43290328979492
3507249530.0,-0.0011145806638523,3.939611196517944,9.710959434509276,2.6293423175811768,1.3887667655944824,33.65348815917969
3507257863.0,0.0431389287114143,4.132786273956299,9.813995361328123,2.6207616329193115,1.2464795112609863,33.67300796508789
3507266196.0,-0.1183706223964691,3.984122037887573,9.862643241882324,2.2073473930358887,1.8580968379974363,33.73602294921875
3507274529.0,-0.094195544719696,4.024234771728516,9.942380905151367,2.387620449066162,1.5322322845458984,33.82000732421875
3507282862.0,-0.3374146819114685,4.22982120513916,9.910958290100098,2.157860517501831,1.4178645610809326,33.6230354309082
3507291195.0,-0.1153832599520683,3.9057693481445312,9.94969081878662,1.993622064590454,1.467120885848999,33.819236755371094
3507299528.0,0.0057255863212049,3.9985198974609375,10.024866104125977,1.949283480644226,1.190845251083374,33.70186996459961
3507307861.0,0.0298775993287563,4.031462669372559,9.939468383789062,1.892061710357666,1.845955729484558,33.88824844360352
3507316194.0,0.0279553662985563,3.966078042984009,10.074335098266602,1.898259878158569,1.6304117441177368,33.904788970947266
3507324527.0,-0.1644142568111419,4.231602191925049,9.807626724243164,1.7238013744354248,1.9057393074035645,33.84052276611328
3507332860.0,0.0953156426548957,3.791853666305542,9.887565612792969,1.6564615964889526,1.6768248081207275,33.84659576416016
3507341193.0,-0.0644443705677986,4.013294696807861,9.722001075744627,1.5174016952514648,1.793651461601257,33.76780319213867
3507349526.0,-0.1953265517950058,3.9319427013397217,9.931939125061035,1.663095474243164,2.673526763916016,33.792266845703125
3507357859.0,-0.1881444901227951,4.051838874816895,9.951786041259766,1.8995153903961184,1.9119127988815308,33.73199844360352
3507366192.0,-0.0996281877160072,4.062540531158447,9.969590187072754,1.6775163412094116,1.5014183521270752,33.71299362182617
3507374525.0,-0.0805592536926269,3.7806785106658936,9.718754768371582,1.4988569021224976,1.586175799369812,33.714962005615234
3507382858.0,-0.3837546110153198,4.013111591339111,9.52219009399414,1.5303882360458374,2.59386682510376,33.711814880371094
3507391191.0,-0.0466534495353698,3.9645535945892334,10.226515769958496,1.9410356283187864,2.405524492263794,33.50407791137695
3507399524.0,-0.0540372431278228,4.050609111785889,9.99272632598877,1.5268274545669556,0.9911563992500304,33.16530227661133
3507407857.0,0.0528754591941833,4.03729772567749,9.540992736816406,1.2348508834838867,1.6325633525848389,33.2989616394043
3507416190.0,-0.1087021231651306,4.007694721221924,9.751285552978516,1.367711901664734,2.594122648239136,33.29148483276367
3507424523.0,-0.2817259728908539,4.231744289398193,9.821962356567385,1.399806261062622,2.6825168132781982,33.14125061035156
3507432856.0,-0.046856477856636,3.8256561756134033,10.095210075378418,1.281673550605774,1.389509677886963,33.10173416137695
3507441189.0,-0.3270535767078399,3.938600063323975,9.400094985961914,0.9904906749725342,1.2239646911621094,33.05191421508789
3507449522.0,-0.0865451171994209,3.883328676223755,9.66215991973877,1.366584539413452,2.3594443798065186,33.12697982788086
3507457855.0,-0.3915922343730926,4.153182506561279,9.799506187438965,1.3980135917663574,2.115264177322388,32.903987884521484
3507466188.0,-0.2156819850206375,3.98175859451294,9.858317375183104,1.2221970558166504,1.7335858345031738,32.7606201171875
3507474521.0,-0.0617832243442535,3.887004137039185,9.740762710571287,0.9257888197898864,0.7656229138374329,32.556884765625
3507482854.0,-0.1161217391490936,4.232995986938477,9.576184272766112,0.920717179775238,1.8489012718200684,32.4565315246582
3507491187.0,-0.099623367190361,3.9746711254119873,10.091109275817873,1.3312368392944336,2.0658535957336426,32.462547302246094
3507499520.0,-0.4922676980495453,4.121784687042236,10.107063293457031,0.7791985869407654,1.5575647354125977,32.24078369140625
3507507853.0,-0.1058688908815383,3.8523199558258057,9.800731658935549,0.8439001441001892,0.9992507100105286,32.32554244995117
3507516186.0,0.0794079378247261,3.8920514583587646,9.791893005371094,0.6888826489448547,0.4823548495769501,32.220726013183594
3507524519.0,0.1506091654300689,3.86987829208374,9.13294506072998,0.724332869052887,1.2182013988494873,32.29441833496094
3507532852.0,0.063826709985733,3.875523090362549,9.714509963989258,0.6675203442573547,1.6943445205688477,32.15315246582031
3507541185.0,-0.1077854484319686,4.032391548156738,9.611787796020508,0.4073306918144226,1.6470093727111816,31.9794864654541
3507549518.0,0.0744549334049224,3.794297933578491,9.820585250854492,0.3465224504470825,1.0349054336547852,32.01493453979492
3507557851.0,0.1183048486709594,3.728076934814453,9.672574043273926,0.0884075984358787,0.9519153833389282,31.820425033569336
3507566184.0,0.2381500452756881,3.3372225761413574,9.656970024108888,0.2206540405750274,1.5689374208450315,31.89370918273925
3507574517.0,0.0170842390507459,3.2597815990448,9.83761501312256,0.304591953754425,1.560612678527832,31.75203323364257
3507582850.0,-0.1160782426595687,3.428454875946045,9.77467918395996,0.4422172904014587,1.5730609893798828,31.549524307250977
3507591183.0,0.083113744854927,3.4563777446746826,9.751591682434082,0.7390866875648499,0.803480863571167,31.46247100830078
3507599516.0,0.1742864251136779,3.5484814643859863,9.545000076293944,0.7083237767219543,1.1145914793014526,31.333240509033203
3507607849.0,0.3579881489276886,3.178112030029297,9.60018539428711,0.6969255208969116,1.3900985717773438,31.300506591796875
3507616182.0,-0.0060281963087618,3.41870641708374,9.720895767211914,0.5924450159072876,1.750106930732727,31.118980407714844
3507624515.0,0.0050414442084729,3.404426336288452,9.815112113952637,0.8286082744598389,1.8637573719024656,31.08373069763184
3507632848.0,0.040100160986185,3.467277765274048,9.943498611450195,0.8236903548240662,1.0819590091705322,30.73740196228028
3507641181.0,0.1906829923391342,3.2672877311706543,9.774136543273926,0.5634752511978149,1.2921751737594604,30.74874687194824
3507649514.0,0.2894207835197449,3.1581714153289795,9.978628158569336,0.5438545942306519,1.4093858003616333,30.48448371887207
3507657847.0,0.0830088555812835,3.4065210819244385,9.624992370605469,0.5154228210449219,1.9920846223831177,30.307973861694336
3507666180.0,0.3002602756023407,3.094184637069702,9.986272811889648,1.1037825345993042,1.326190948486328,30.18979835510254
3507674513.0,0.149510309100151,2.9814155101776123,9.671607971191406,0.4245178401470184,1.0927938222885132,29.91057014465332
3507682846.0,0.188626617193222,3.0750107765197754,9.620687484741213,0.6293038129806519,1.8888335227966309,29.82233047485352
3507691179.0,0.2037215381860733,3.288853168487549,9.869074821472168,0.9369055032730104,1.8890384435653689,29.739904403686523
3507699512.0,0.1703601479530334,3.300827741622925,9.990966796875,0.7838602662086487,1.779102087020874,29.482378005981445
3507707845.0,0.1656186580657959,3.050194501876831,9.847946166992188,0.6420084238052368,1.5300545692443848,29.25528144836425
3507716178.0,0.0621700324118137,3.1623072624206543,9.614456176757812,0.6997942328453064,1.918520331382752,29.218883514404297
3507724511.0,0.1508100628852844,2.852220296859741,9.980904579162598,0.8177990317344666,1.8181893825531008,29.15354347229004
3507732844.0,0.0837979540228843,2.9867019653320312,9.748047828674316,0.8875210881233215,1.4169164896011353,28.57063865661621
3507741177.0,0.3101958632469177,2.7468860149383545,9.790031433105469,1.014747142791748,1.6022869348526,28.45501518249512
3507749510.0,0.0755022466182708,2.979875087738037,9.819247245788574,1.2021920680999756,1.783123254776001,28.153404235839844
3507757843.0,0.0970057919621467,3.0546369552612305,9.804154396057127,1.411895990371704,2.244077444076538,27.94531440734864
3507766176.0,0.0941826403141021,2.9120516777038574,10.249482154846191,1.2961195707321167,1.6090744733810425,27.833740234375
3507774509.0,0.1097801402211189,3.195675611495972,9.789548873901367,1.3257808685302734,1.4514187574386597,27.53658866882324
3507782842.0,0.5209068655967712,2.9810736179351807,9.900394439697266,1.6310256719589231,1.2057267427444458,27.45559310913086
3507791175.0,0.2915923297405243,3.2923169136047363,9.668970108032228,1.326037049293518,1.5652741193771362,27.173480987548828
3507799508.0,0.2017789185047149,3.0306665897369385,9.89401626586914,1.0539367198944092,2.4442272186279297,27.0916690826416
3507807841.0,-0.0380986854434013,3.2517051696777344,10.174880027770996,0.8958199620246887,1.827564239501953,26.75571250915528
3507816174.0,0.1551828384399414,3.1811740398406982,10.112201690673828,0.790980875492096,1.566375494003296,26.4421443939209
3507824507.0,0.4832433462142944,2.987462043762207,10.08652114868164,0.7993822693824768,0.9978670477867126,26.245704650878903
3507832840.0,0.4914738535881042,3.208704710006714,9.69785499572754,0.4798188805580139,1.7867605686187744,26.1514949798584
3507841173.0,0.3169856369495392,3.116128444671631,10.042169570922852,0.6047140955924988,2.227376937866211,25.91733360290528
3507849506.0,0.0208617281168699,3.2897768020629883,9.91864013671875,0.2422980070114135,2.146947860717773,25.65893173217773
3507857839.0,0.3741613626480102,3.0668087005615234,10.03306484222412,0.2800277769565582,1.5803864002227783,25.440059661865234
3507866172.0,0.0084738954901695,3.169076442718506,9.82236385345459,-0.1932851076126098,1.3714765310287476,25.16042709350586
3507874505.0,0.0806896463036537,3.105057001113892,9.434958457946776,-0.1679013967514038,2.454164981842041,25.014938354492188
3507882838.0,-0.0667891055345535,3.0918242931365967,10.282395362854004,-0.0317360572516918,1.7167311906814575,24.644405364990234
3507891171.0,0.032585434615612,2.858992338180542,9.779667854309082,-0.8523908853530884,0.965746819972992,24.45155334472656
3507899504.0,0.0952174291014671,2.8135640621185303,9.76285457611084,-0.7427106499671936,1.119483470916748,24.23372840881348
3507907837.0,-0.0046226885169744,3.0221846103668213,9.58375358581543,-0.6325181722640991,1.8803032636642456,23.911909103393555
3507916170.0,0.3235774040222168,2.8246712684631348,9.877272605895996,-0.5845171809196472,1.454774022102356,23.67119026184082
3507924503.0,0.3130922615528106,2.952244997024536,9.963994026184082,-1.2399086952209473,0.8306828141212463,23.51153564453125
3507932836.0,0.4540704488754272,2.551736831665039,9.55281925201416,-1.3009986877441406,1.0191267728805542,23.40438842773437
3507941169.0,0.0546221099793911,2.928972005844116,9.612727165222168,-1.0768741369247437,1.6847898960113523,23.18229103088379
3507949502.0,-0.0232641007751226,2.8199777603149414,9.74167823791504,-1.0196775197982788,1.9267678260803225,22.879758834838867
3507957835.0,0.1854898333549499,2.427039623260498,9.954989433288574,-1.4789921045303345,0.2107668220996856,22.72991371154785
3507966168.0,0.4965698719024658,2.3546385765075684,9.588290214538574,-1.5613420009613037,0.2105363011360168,22.58432388305664
3507974501.0,0.8292491436004639,2.0365262031555176,9.413159370422363,-1.039374828338623,0.9508905410766602,22.55998992919922
3507982834.0,0.3867916166782379,2.026526927947998,9.429935455322266,-0.652830183506012,1.884324550628662,22.277307510375977
3507991167.0,0.3062540888786316,1.805342078208924,9.536592483520508,-0.7123064398765564,1.8596837520599363,22.00093078613281
3507999500.0,0.3246189057826996,2.024821281433105,9.755012512207031,-0.7248318791389465,1.0057048797607422,21.66720390319824
3508007833.0,0.5624500513076782,2.224245548248291,9.582160949707031,-0.316489577293396,1.3114876747131348,21.53293228149414
3508016166.0,0.408265620470047,2.2333011627197266,9.659849166870115,-0.1049159541726112,1.783225417137146,21.29021644592285
3508024499.0,0.1944166123867035,1.9191747903823853,9.75454330444336,-0.1563749611377716,2.276683807373047,21.362728118896484
3508032832.0,0.4219808280467987,1.6574668884277344,9.83663845062256,0.088919848203659,1.2397934198379517,21.26651954650879
3508041165.0,0.4737553298473358,1.784119725227356,9.592206001281738,0.2518520355224609,0.5690844655036926,21.00049018859864
3508049498.0,0.8110145926475525,1.5807586908340454,9.30831241607666,0.5226714015007019,1.443913221359253,20.90802001953125
3508057831.0,0.4236085414886474,1.7393238544464111,9.565682411193848,0.636014461517334,2.1434638500213623,20.57416725158692
3508066164.0,0.4896372258663177,1.70163893699646,9.693114280700684,0.7708478569984436,2.382752180099488,20.524322509765625
3508074497.0,0.4851103127002716,1.5964558124542236,10.085495948791504,0.626844584941864,1.4882771968841553,20.18995475769043
3508082830.0,0.4070605337619781,1.7168588638305664,9.584280014038086,0.8349347114562988,1.8562772274017327,20.01864624023437
3508091163.0,0.4367522299289703,1.6898531913757324,9.94548797607422,1.0704576969146729,2.1973817348480225,19.864702224731445
3508099496.0,0.3166567385196686,1.9179812669754028,10.043850898742676,0.9935635924339294,1.987857222557068,19.59623908996582
3508107829.0,0.5278888940811157,1.7378300428390503,9.955850601196287,1.058111548423767,1.638735294342041,19.52024269104004
3508116162.0,0.507897675037384,1.7515102624893188,9.81980323791504,1.0786030292510986,1.80873703956604,19.317609786987305
3508124495.0,0.5821859240531921,1.6469289064407349,9.490959167480469,1.404646635055542,2.166030168533325,19.15982437133789
3508132828.0,0.3450722694396972,1.521447777748108,9.887662887573242,1.3191463947296145,2.1549389362335205,18.85114860534668
3508141161.0,0.2445219308137893,1.568880915641785,9.773721694946287,1.2409204244613647,2.5279078483581543,18.54948806762696
3508149494.0,0.3839149475097656,1.487251043319702,10.183485984802246,1.4861254692077637,2.033066511154175,18.35259056091309
3508157827.0,0.3037338256835937,1.6084178686141968,9.991292953491213,1.3552368879318235,2.104709386825561,18.0465030670166
3508166160.0,0.3396706283092499,1.462660551071167,9.977875709533691,1.597316861152649,2.3719427585601807,17.958158493041992
3508174493.0,0.1351072043180465,1.7405649423599243,10.043865203857422,1.5803347826004028,2.207294464111328,17.66843605041504
3508182826.0,0.2128840684890747,1.6489959955215454,10.066753387451172,1.6763110160827637,2.1664907932281494,17.441261291503906
3508191159.0,0.2112516164779663,1.7572540044784546,10.149200439453123,1.6254160404205322,1.6362251043319702,17.068269729614258
3508199492.0,0.2483876496553421,1.7780704498291016,9.705978393554688,1.589965581893921,1.781457543373108,17.007844924926758
3508207825.0,0.2667474448680877,1.629897117614746,9.879034996032717,1.6094835996627808,1.7519755363464355,16.87477684020996
3508216158.0,0.0957303717732429,1.713447332382202,9.86685562133789,1.4846652746200562,2.0331687927246094,16.6639461517334
3508224491.0,0.1057387441396713,1.5304309129714966,10.050406455993652,1.4386110305786133,1.818418979644776,16.40480613708496
3508232824.0,-0.1248892322182655,1.811497569084168,10.032644271850586,1.5001875162124634,1.5295157432556152,16.084575653076172
3508241157.0,0.0746484771370887,1.5778064727783203,9.971599578857422,1.4823343753814695,1.2921230792999268,15.909733772277832
3508249490.0,0.0747089236974716,1.619495153427124,10.084331512451172,1.6519007682800293,1.0688438415527344,15.567963600158691
3508257823.0,0.2480054944753646,1.5857762098312378,10.079392433166504,1.7395014762878418,1.202703833580017,15.411664962768556
3508266156.0,0.2480535954236984,1.6791611909866333,10.154741287231444,1.7318683862686155,1.036441683769226,15.093101501464844
3508274489.0,0.2095017582178115,1.8478131294250488,10.04346752166748,1.6553585529327393,1.3065694570541382,15.024864196777344
3508282822.0,0.1574476212263107,1.8001296520233154,10.048276901245115,1.578516125679016,1.265945553779602,14.789318084716797
3508291155.0,0.1988201290369033,1.6627402305603027,9.85191822052002,1.7080470323562622,0.8281466960906982,14.567572593688965
3508299488.0,0.3715251982212066,1.2290027141571045,10.04582405090332,1.7020533084869385,0.647515058517456,14.621771812438965
3508307821.0,-0.1315797120332718,1.251905083656311,9.883337020874023,1.6674484014511108,0.8274807333946228,14.43345546722412
3508316154.0,-0.1052128598093986,1.494932770729065,9.756638526916504,1.8325066566467283,1.417325496673584,14.03441333770752
3508324487.0,0.1812836974859237,1.743430733680725,10.204730987548828,2.0623433589935303,0.0619224272668361,13.735651016235352
3508332820.0,0.2461340427398681,1.5939216613769531,9.654898643493652,1.5429377555847168,-0.4968137741088867,13.604273796081545
3508341153.0,0.2967564463615417,1.2736165523529053,9.620562553405762,1.27852201461792,0.3972128331661224,13.559115409851074
3508349486.0,0.1188434213399887,1.6261663436889648,9.855147361755373,1.480080246925354,0.7802993655204773,13.363550186157228
3508357819.0,0.1214541867375373,1.594043493270874,9.906947135925291,1.7533329725265503,0.0848727822303772,13.263551712036133
3508366152.0,0.1706690937280655,1.54960036277771,9.791784286499023,1.519039750099182,-0.7696823477745056,12.977392196655272
3508374485.0,0.1801647096872329,1.4020692110061646,9.496624946594238,1.3022408485412598,-0.1125489622354507,13.024291038513184
3508382818.0,0.2336826175451278,1.3639342784881592,9.931048393249512,1.4628674983978271,0.0915324836969375,12.9149169921875
3508391151.0,0.0832631438970565,1.4599369764328003,9.908385276794434,1.7137845754623413,-0.1006383374333381,12.637667655944824
3508399484.0,0.2742950618267059,1.1781458854675293,9.91197395324707,1.366558074951172,-0.9387106895446776,12.451504707336426
3508407817.0,0.166449561715126,1.3686383962631226,9.537115097045898,1.1862848997116089,-0.8282363414764404,12.22407341003418
3508416150.0,0.4909410178661346,1.1579524278640747,9.859519958496094,1.3039311170578003,-0.3486610054969787,12.013679504394531
3508424483.0,0.3342536389827728,1.4330511093139648,9.877243995666504,1.2074679136276243,-0.5795221328735352,11.86975383758545
3508432816.0,0.3803174197673797,1.2072147130966189,9.890589714050291,1.2246294021606443,-0.3353672325611114,11.71284008026123
3508441149.0,0.3909580409526825,1.177913784980774,9.87180233001709,1.389610767364502,-0.952695906162262,11.56755542755127
3508449482.0,0.2916914522647857,1.1980140209197998,9.783726692199709,1.320605993270874,-0.5401530265808105,11.564353942871094
3508457815.0,0.3723433911800384,1.1967706680297852,9.914138793945312,1.2666624784469604,-0.4340076148509979,11.447912216186523
3508466148.0,0.260178655385971,1.314455509185791,9.917522430419922,1.2137690782546997,-0.4246840178966522,11.350448608398438
3508474481.0,0.496455043554306,0.9028427600860596,9.986675262451172,1.26002836227417,-0.53561931848526,11.270943641662598
3508482814.0,0.3109391927719116,0.9189897179603576,9.649139404296877,1.1755526065826416,-0.7880476713180542,11.076992988586426
3508491147.0,0.3731522262096405,0.8194422125816345,9.744352340698242,1.2944282293319702,-0.1118829920887947,11.037673950195312
3508499480.0,0.3315814435482025,0.8432934284210205,9.972590446472168,1.384385585784912,-0.4769115149974823,10.72858715057373
3508507813.0,0.5449563264846802,1.0358786582946775,10.035268783569336,1.36146080493927,-0.892246425151825,10.607714653015137
3508516146.0,0.7909789681434631,0.9712984561920166,9.92759609222412,1.574596881866455,-0.979181170463562,10.547264099121094
3508524479.0,0.5625706315040588,1.18304181098938,9.627222061157228,1.68645441532135,-0.2652610540390014,10.540809631347656
3508532812.0,0.5382732152938843,0.9948447942733764,9.963067054748535,1.4946035146713257,0.2312068939208984,10.469141006469728
3508541145.0,0.4092493951320648,1.1050453186035156,10.138457298278809,1.3355391025543213,-0.1725118905305862,10.33553695678711
3508549478.0,0.7174630761146545,0.8205287456512451,10.268133163452148,1.313792705535889,-0.4587253928184509,10.24140453338623
3508557811.0,0.5700969099998474,0.8158940672874451,9.949992179870604,1.3137413263320925,-0.2359583526849746,10.10185718536377
3508566144.0,0.602362871170044,0.8153159022331238,10.028742790222168,1.5231379270553589,0.7096297144889832,9.956369400024414
3508574477.0,0.5118269920349121,0.9435573220252992,10.328717231750488,1.4947571754455566,0.1523918956518173,9.674458503723145
3508582810.0,0.6017745137214661,1.0570799112319946,10.164151191711426,1.0882850885391235,0.0079532209783792,9.50371551513672
3508591143.0,0.899012565612793,1.101781725883484,10.06843376159668,1.1492725610733032,0.2577688992023468,9.258049011230469
3508599476.0,0.6645106673240662,1.1039959192276,9.908793449401855,1.1465060710906982,1.0437161922454834,9.152979850769045
3508607809.0,0.5435356497764587,0.8072677850723267,9.997987747192385,1.35961651802063,1.4628418684005735,9.094681739807127
3508616142.0,0.2575043141841888,0.7243956327438354,9.948500633239746,1.371399164199829,1.1147445440292358,8.888230323791504
3508624475.0,0.3967312276363373,0.3226398527622223,9.990365028381348,1.7355822324752808,0.9996596574783324,8.70675277709961
3508632808.0,0.4730997681617737,0.4536789953708648,9.934277534484863,2.17937445640564,0.6626275181770325,8.482501029968262
3508641141.0,0.5491616129875183,0.5209829211235046,9.833507537841797,2.3182036876678467,1.157289743423462,8.356247901916504
3508649474.0,0.435165137052536,0.7111470699310303,10.046278953552246,2.389923572540283,1.320170521736145,8.084480285644531
3508657807.0,0.5468300580978394,0.9322686195373536,10.03717041015625,2.235726118087769,1.3495246171951294,7.68387508392334
3508666140.0,0.7290716171264648,0.9735171794891356,10.25374698638916,2.12112808227539,0.9619556069374084,7.547325134277344
3508674473.0,0.455441415309906,1.341981053352356,9.86063003540039,1.830790638923645,1.685583472251892,7.466921806335449
3508682806.0,0.4128954112529754,1.1850625276565552,10.168560028076172,1.811835765838623,2.4082634449005127,7.439796447753906
3508691139.0,0.0324058383703231,1.111087441444397,10.22490692138672,1.6893231868743896,1.885425686836243,7.38621187210083
3508699472.0,0.2486420720815658,0.7119400501251221,10.28208065032959,1.5041320323944092,1.249142289161682,7.339439392089844
3508707805.0,0.3269603252410888,1.0128461122512815,10.155335426330566,1.3675566911697388,0.7539421916007996,7.151993751525879
3508716138.0,0.5078102946281433,0.9335319995880128,9.77644157409668,1.4270844459533691,1.4016493558883667,7.035552024841309
3508724471.0,0.2736377716064453,0.7376993894577026,9.90212631225586,1.283260464668274,1.4856384992599487,7.066545486450195
3508732804.0,0.2389530688524246,0.3203345835208893,9.910127639770508,0.9161314964294434,1.6137864589691162,6.803204536437988
3508741137.0,0.6050872802734375,0.3099553287029266,9.89601993560791,1.3430439233779907,0.6286885738372803,6.723313808441162
3508749470.0,0.2974574565887451,0.4107462465763092,9.528532028198242,1.4146357774734497,1.0112885236740112,6.603004455566406
3508757803.0,0.1006204709410667,0.3680489659309387,9.602032661437988,1.738066792488098,2.1047346591949463,6.600110054016113
3508766136.0,0.0305722746998071,0.7186230421066284,10.22469711303711,1.7973123788833618,1.760888934135437,6.561073303222656
3508774469.0,0.2178125977516174,0.5418187975883484,10.385595321655272,1.5823066234588623,0.1763924211263656,6.4158148765563965
3508782802.0,0.3555812239646911,0.940900981426239,9.624068260192873,1.5814101696014404,0.0365643203258514,6.384361267089844
3508791135.0,0.5303125977516174,0.3799238801002502,9.726170539855955,1.8912655115127563,1.3143305778503418,6.454416751861572
3508799468.0,0.365106463432312,0.2251606881618499,9.987252235412598,1.7380664348602295,1.1304458379745483,6.54621696472168
3508807801.0,0.3420789241790771,0.2453704476356506,9.895845413208008,1.7093276977539062,0.9900543093681335,6.411358833312988
3508816134.0,0.4879500865936279,0.3356055319309234,10.126235961914062,2.1826274394989014,0.3191149234771728,6.179959297180176
3508824467.0,0.2395384907722473,0.5232418179512024,9.79107666015625,2.046026468276977,1.0604420900344849,5.998712539672852
3508832800.0,0.1165072917938232,0.6412054896354675,10.133225440979004,2.058449506759644,1.4464229345321655,5.991719722747803
3508841133.0,0.1486551314592361,0.8131017684936523,10.269149780273438,1.99641227722168,0.6258711218833923,5.782452583312988
3508849466.0,0.3757943212985992,0.6000580191612244,10.006179809570312,1.9132169485092163,-0.2592673003673553,5.755275726318359
3508857799.0,0.3344901204109192,0.4625996649265289,9.537846565246582,2.1445648670196533,0.1889946311712265,5.840058326721191
3508866132.0,0.1231378242373466,0.2484109699726104,9.65630054473877,2.602034568786621,1.2567752599716189,5.887880325317383
3508874465.0,-0.1384973376989364,0.4563764631748199,10.050593376159668,2.588741064071656,0.7025856375694275,5.853838920593262
3508882798.0,0.0252375192940235,0.2718068063259125,10.03460693359375,2.461489677429199,-0.2110869288444519,5.551027774810791
3508891131.0,0.2757155895233154,0.3596151173114776,9.91472339630127,2.620912551879883,-0.8296451568603516,5.459277153015137
3508899464.0,0.4294650554656982,0.2761831879615783,9.706229209899902,2.796959638595581,0.0367180109024047,5.48038387298584
3508907797.0,0.4072875678539276,0.4392307698726654,9.815967559814451,3.029818534851074,0.0884331539273262,5.269707202911377
3508916130.0,0.1165190413594245,0.8315436840057373,9.813621520996094,2.938452243804932,0.175700843334198,5.1906352043151855
3508924463.0,0.2610053718090057,0.5789727568626404,10.043838500976562,2.802978754043579,-0.0364234484732151,5.067713260650635
3508932796.0,0.3011068701744079,0.6448279023170471,10.098248481750488,2.8597652912139893,-0.2050675749778747,4.959774017333984
3508941129.0,0.3668301403522491,0.3244013786315918,9.998269081115724,3.1362967491149902,-0.2726891636848449,5.141225814819336
3508949462.0,0.2750875353813171,0.3079400658607483,9.90086269378662,3.388545513153076,-0.4212517440319061,5.140584945678711
3508957795.0,0.2770528197288513,0.1691704988479614,9.699302673339844,3.381245374679565,-0.3910269141197204,5.132081508636475
3508966128.0,0.2329958081245422,0.0434993281960487,9.845032691955566,3.680215358734131,-0.8457820415496826,5.063101291656494
3508974461.0,0.5072064995765686,0.1866680979728698,9.821271896362305,3.794377088546753,-0.5290363430976868,5.153571128845215
3508982794.0,0.6134107112884521,0.4406956434249878,10.06128978729248,3.785668611526489,-0.6621535420417786,5.041816234588623
3508991127.0,0.1852937042713165,0.8200134634971619,9.882092475891112,3.624786138534546,0.0581827461719512,5.096349716186523
3508999460.0,0.0545674860477447,0.8847069144248962,10.160999298095703,3.8098995685577393,0.0968858450651168,5.1130242347717285
3509007793.0,0.1107971966266632,0.8610366582870483,10.561841011047363,3.666074991226196,-0.6288550496101379,5.102316856384277
3509016126.0,0.4995588958263397,0.7289407849311829,10.177141189575195,3.246054172515869,-1.4645709991455078,5.201675891876221
3509024459.0,0.5087512135505676,0.9999368786811828,9.583749771118164,3.145850658416748,-1.2929041385650637,5.249394416809082
3509032792.0,0.6181401014328003,0.910065233707428,9.69559383392334,3.236499309539795,-0.1775834858417511,5.5387067794799805
3509041125.0,0.3364596366882324,0.6092462539672852,10.061820030212402,2.860380172729492,-0.4108011126518249,5.445547580718994
3509049458.0,0.6369259357452393,0.3949527442455292,10.163622856140137,2.6449902057647705,-0.7249085307121277,5.426260948181152
3509057791.0,0.5301457047462463,0.6274783611297607,10.047080993652344,2.9313316345214844,-0.8449368476867676,5.471982002258301
3509066124.0,0.3467122316360473,0.9138877987861632,9.758028030395508,3.052333116531372,0.1112554222345352,5.4379658699035645
3509074457.0,0.4467712938785553,0.8802937865257263,10.056785583496094,2.9318437576293945,-0.2266091704368591,5.232463359832764
3509082790.0,0.6541876792907715,1.0595297813415527,9.937755584716797,2.8100738525390625,-1.305045485496521,5.217044353485107
3509091123.0,0.5336722135543823,0.8290044069290161,9.843242645263672,2.454317331314087,-0.917732298374176,5.274393081665039
3509099456.0,0.7795745134353638,1.024919033050537,9.597210884094238,2.762943983078003,0.482738733291626,5.442193031311035
3509107789.0,0.8060417771339417,0.9657109379768372,10.13042163848877,3.086989641189575,-0.0979488492012023,5.390964508056641
3509116122.0,0.6547473669052124,0.785203218460083,9.814597129821776,2.701085090637207,-0.6848477721214294,5.285330772399902
3509124455.0,0.688744843006134,0.3563191592693329,9.474860191345217,2.638535261154175,0.095220923423767,5.347599506378174
3509132788.0,0.4805675148963928,0.6549514532089233,9.91854476928711,3.133223056793213,0.8633663058280945,5.274701118469238
3509141121.0,0.49981689453125,0.6383849382400513,10.202391624450684,3.0301003456115723,0.6196468472480774,5.197346687316895
3509149454.0,0.601852297782898,0.960836946964264,9.96288776397705,2.94116735458374,-0.0262033641338348,5.002908706665039
3509157787.0,0.7913886904716492,0.974768340587616,9.91265106201172,2.946085453033448,0.399082601070404,5.217555999755859
3509166120.0,0.6149369478225708,1.158928632736206,9.795723915100098,2.738968849182129,1.0846476554870603,5.171782970428467
3509174453.0,0.5445423126220703,1.1827996969223022,10.025276184082031,2.7589221000671387,1.6144267320632937,5.359228134155273
3509182786.0,0.6794896125793457,0.9552262425422668,10.1572847366333,2.641993284225464,0.804248571395874,5.227981090545654
3509191119.0,0.6718224883079529,1.0071595907211304,9.879897117614746,2.410209894180298,0.5704674124717712,5.200957298278809
3509199452.0,0.6067049503326416,0.8592585921287537,9.713491439819336,2.2057058811187744,1.4943218231201172,5.260254859924316
3509207785.0,0.252538114786148,1.0080533027648926,10.03608226776123,2.121306896209717,2.42060923576355,5.310638427734375
3509216118.0,0.4926007688045501,0.7269643545150757,10.475622177124023,1.9624476432800293,2.056938409805298,5.347599983215332
3509224451.0,0.6569095849990845,0.8093154430389404,10.168538093566896,1.8877053260803225,1.022046446800232,5.206311225891113
3509232784.0,0.5226200819015503,0.5945015549659729,9.711831092834473,2.1571669578552246,1.920004844665528,5.099269390106201
3509241117.0,0.408375084400177,0.4716532826423645,9.760224342346191,2.376450300216675,2.657515525817871,5.255771636962891
3509249450.0,0.1430276483297348,0.7864367365837097,10.073468208312988,2.107372999191284,2.550985813140869,5.331513404846191
3509257783.0,0.2646805942058563,0.997785210609436,9.877134323120115,1.9122436046600344,1.4247790575027466,5.249471187591553
3509266116.0,0.3686619699001312,0.9950113296508788,9.56329345703125,2.0013554096221924,1.692294001579285,5.371241092681885
3509274449.0,0.304207444190979,0.4095876812934875,9.861934661865234,1.6546666622161863,2.6830525398254395,5.474517345428467
3509282782.0,-0.0884656831622123,0.3554946482181549,9.98204231262207,1.6762597560882568,3.081815242767334,5.577538013458252
3509291115.0,-0.0123356375843286,0.3105017840862274,10.386114120483398,1.8720548152923584,2.785432815551758,5.398494243621826
3509299448.0,0.0462819933891296,0.6109652519226074,10.113969802856444,1.9446966648101809,1.6895534992218018,5.291759967803955
3509307781.0,0.275282472372055,0.4839049875736236,10.056415557861328,2.146357774734497,2.0878288745880127,5.221961498260498
3509316114.0,0.2070197165012359,0.408702939748764,10.016926765441896,1.9652395248413088,2.301093101501465,5.184487819671631
3509324447.0,-0.0813784226775169,0.6831881403923035,9.855928421020508,2.1672842502593994,2.9495174884796143,5.314864158630371
3509332780.0,-0.1019247993826866,0.5236257910728455,10.056065559387209,2.640225887298584,2.4328277111053467,5.166763305664063
3509341113.0,0.0250031277537345,0.4140540659427643,9.9148530960083,2.458723306655884,1.758250713348389,5.007518768310547
3509349446.0,0.1713234782218933,0.3098397552967071,9.831931114196776,2.5156381130218506,2.265540838241577,5.09027910232544
3509357779.0,-0.1878881901502609,0.4655663073062897,9.82593822479248,2.828054904937744,3.117060422897339,5.041714191436768
3509366112.0,-0.2404377609491348,0.4500123858451843,10.08133316040039,2.890502452850342,3.396460056304932,4.954343318939209
3509374445.0,-0.3888338506221771,0.4974296689033508,10.226706504821776,2.981637954711914,2.0807085037231445,4.855011940002441
3509382778.0,-0.1796458512544632,0.4173461198806762,9.70853328704834,2.6417880058288574,1.9511516094207764,4.779910564422607
3509391111.0,-0.1432137638330459,0.4209181070327759,9.719090461730955,2.8714709281921387,2.354729413986206,4.637418270111084
3509399444.0,-0.178760677576065,0.6754521727561951,9.914617538452148,3.0583267211914062,3.1318397521972656,4.57781457901001
3509407777.0,-0.2637462913990021,0.5891669392585754,10.183228492736816,2.865272521972656,2.1799633502960205,4.4759721755981445
3509416110.0,-0.3877298235893249,0.8080959916114807,9.866939544677734,2.8591766357421875,1.8141924142837524,4.467955112457275
3509424443.0,-0.2700812816619873,0.4929653108119964,9.735391616821287,2.8920395374298096,1.719931721687317,4.592286586761475
3509432776.0,-0.4567556977272033,0.5774246454238892,9.578774452209473,2.831231117248535,1.9853723049163816,4.533783912658691
3509441109.0,-0.4794150590896606,0.1793587207794189,9.603050231933594,3.001796245574951,1.8451600074768064,4.474717140197754
3509449442.0,-0.6739888787269592,0.2015105187892913,9.54354476928711,2.929743528366089,1.3212462663650513,4.440676212310791
3509457775.0,-0.4783593416213989,0.2210916429758072,9.646132469177246,3.1556098461151123,1.1981443166732788,4.394339561462402
3509466108.0,-0.4820131957530975,0.3416505455970764,9.870905876159668,3.2022531032562256,1.1147956848144531,4.316805362701416
3509474441.0,-0.4747594594955444,0.5448207855224609,9.991832733154297,3.3555033206939697,1.1315985918045044,4.296262741088867
3509482774.0,-0.2918058037757873,0.4605385363101959,9.995935440063477,3.3884942531585693,0.3337919116020202,4.322850704193115
3509491107.0,-0.2352013140916824,0.782348096370697,9.68641757965088,3.1457736492156982,0.1029051765799522,4.22431230545044
3509499440.0,-0.2378795892000198,0.7087823748588562,9.63074016571045,3.127434253692627,0.5018725395202637,4.408683776855469
3509507773.0,-0.5101213455200195,0.5561594367027283,9.706673622131348,2.7817957401275635,0.94166898727417,4.374949932098389
3509516106.0,-0.517007052898407,0.3046289086341858,9.9324369430542,2.822803974151612,0.6383963823318481,4.438395977020264
3509524439.0,-0.4640697836875915,0.5097513794898987,10.021306037902832,2.952437162399292,-0.2770947813987732,4.413498878479004
3509532772.0,-0.3389693796634674,0.716468870639801,9.822943687438965,3.011709213256836,-0.2421057671308517,4.39882230758667
3509541105.0,-0.2365557104349136,0.7974228262901306,9.873477935791016,2.9061524868011475,-0.0925186052918434,4.245469570159912
3509549438.0,-0.0932124778628349,0.6433258652687073,9.888134002685549,2.564894199371338,-0.2659526169300079,4.274721145629883
3509557771.0,-0.1934030055999755,0.8746634125709534,9.798202514648438,2.3378243446350098,-0.6172518730163574,4.063071250915527
3509566104.0,-0.2378701120615005,1.035954833030701,9.659746170043944,2.582158327102661,-0.1860105842351913,4.116912364959717
3509574437.0,-0.2791117429733276,0.8497370481491089,9.938329696655272,2.384928703308105,-0.1303508579730987,3.957515001296997
3509582770.0,-0.3319151997566223,0.9434001445770264,10.012286186218262,1.9699013233184808,-0.1366263329982757,3.9608190059661865
3509591103.0,-0.0060363747179508,0.7098414897918701,9.947853088378906,2.0734596252441406,-0.6362576484680176,3.917326211929321
3509599436.0,-0.0913756638765335,0.9508265256881714,9.74684238433838,2.1113944053649902,-0.3815240859985351,3.968452215194702
3509607769.0,-0.1940484941005706,0.7448694705963135,9.927775382995604,2.0480504035949707,0.2449361383914947,3.901368141174317
3509616102.0,-0.1198166981339454,0.6962828040122986,10.092183113098145,1.6940357685089111,-0.2539139091968536,3.6984517574310303
3509624435.0,0.175825759768486,0.7655717134475708,10.04569149017334,1.89106035232544,-0.584593653678894,3.620174884796143
3509632768.0,0.1231065392494201,0.6947725415229797,9.728949546813965,1.951074719429016,-0.3332412242889404,3.69353461265564
3509641101.0,-0.1272977143526077,0.8767447471618652,9.676300048828123,1.802537560462952,0.5643455386161804,3.719967842102051
3509649434.0,-0.3463426530361175,0.7922195196151733,10.04440689086914,1.638939380645752,0.6721302270889282,3.614795684814453
3509657767.0,-0.2878211140632629,0.7029517292976379,10.222683906555176,1.5083836317062378,-0.0746142566204071,3.682084083557129
3509666100.0,-0.0226340666413307,0.3270955979824066,10.01074504852295,1.564760684967041,-0.4087519645690918,3.61699891090393
3509674433.0,-0.0701067447662353,0.3313487768173218,9.619354248046877,1.6280536651611328,0.050344780087471,3.773271083831787
3509682766.0,-0.2566545009613037,0.3415291905403137,9.792004585266112,1.8718501329422,0.8733044862747192,3.743661642074585
3509691099.0,-0.2742575407028198,0.4100097417831421,10.083829879760742,2.011524438858032,0.4733895361423492,3.808875560760498
3509699432.0,-0.1800000816583633,0.3130243122577667,10.29039192199707,1.7364015579223633,-0.1423895210027694,3.667176961898804
3509707765.0,-0.3139359951019287,0.4706299602985382,9.9352445602417,1.772261619567871,0.0427885763347148,3.730623245239258
3509716098.0,-0.1846005618572235,0.5405527353286743,10.000749588012695,1.8938270807266235,0.5945448279380798,3.772426128387451
3509724431.0,-0.1492408365011215,0.5165743231773376,10.224315643310549,1.7353259325027466,0.1552606672048568,3.744327306747437
3509732764.0,-0.2450866252183914,0.4564492702484131,9.890929222106934,1.4183753728866575,0.0898163095116615,3.7651517391204834
3509741097.0,-0.3707872927188873,0.1201427280902862,9.95171070098877,1.3042641878128052,0.5966196060180664,3.9682984352111816
3509749430.0,-0.424873411655426,0.2913402616977691,10.033732414245604,1.5613799095153809,0.917104959487915,3.9530065059661865
3509757763.0,-0.3749531805515289,0.0470173917710781,10.29811668395996,1.7304338216781616,0.4821239411830902,3.977724552154541
3509766096.0,-0.3121856451034546,0.1409457921981811,10.10589599609375,1.6863517761230469,-0.1496639847755432,3.8422253131866455
3509774429.0,-0.1507081389427185,0.0467608943581581,10.011926651000977,1.8107856512069704,0.1896862238645553,3.808747529983521
3509782762.0,-0.3452441692352295,-0.0565382428467273,9.85895538330078,2.0443108081817627,0.3958296179771423,3.671224594116211
3509791095.0,-0.3259056210517883,0.1724602282047271,9.868245124816896,2.244537115097046,0.8630077242851257,3.803112030029297
3509799428.0,-0.2233548462390899,0.1726778447628021,10.133628845214844,2.2735836505889893,0.352772057056427,3.5136196613311768
3509807761.0,-0.2474655359983444,0.2760303914546966,10.016868591308594,2.331804752349853,0.3693957030773163,3.469973564147949
3509816094.0,-0.2640469372272491,0.2736614942550659,9.986183166503906,2.4050872325897217,0.8502774238586426,3.469077110290528
3509824427.0,-0.3604402542114258,0.4523545205593109,10.110886573791504,2.724189281463623,1.234593391418457,3.492462635040283
3509832760.0,-0.4011079668998718,0.2771422863006592,10.195310592651367,2.6726279258728027,0.6870378851890564,3.34026312828064
3509841093.0,-0.3628340065479278,0.3778951466083526,9.98288345336914,2.2850074768066406,0.4871955215930938,3.161654472351074
3509849426.0,-0.0676025077700614,0.3143168687820434,9.9979829788208,2.544889450073242,0.8950766921043396,3.165471076965332
3509857759.0,-0.2236047387123108,0.406130313873291,9.859888076782228,2.599319696426392,0.9475857615470886,3.058659553527832
3509866092.0,-0.2917916774749756,0.3643458783626556,9.806558609008787,2.7773642539978027,1.4083603620529177,3.103792190551758
3509874425.0,-0.5225263237953186,0.2901681661605835,9.895256042480469,2.589765310287476,0.929143488407135,2.910865545272827
3509882758.0,-0.5667908787727356,0.5165460109710693,9.77928638458252,2.368894100189209,1.1339805126190186,2.961991786956787
3509891091.0,-0.3691231310367584,0.3750244677066803,10.15532684326172,2.634692668914795,0.890824556350708,2.862351655960083
3509899424.0,-0.3946525156497955,0.4938697218894958,9.958195686340332,2.556133985519409,0.6577094793319702,2.9009530544281006
3509907757.0,-0.5046960115432739,0.3608835935592651,9.830745697021484,2.445582866668701,0.9298607110977172,2.911582946777344
3509916090.0,-0.6893325448036194,0.6060524582862854,9.819037437438965,2.4980664253234863,1.212206244468689,2.910020112991333
3509924423.0,-0.3913653790950775,0.6064809560775757,10.060032844543455,2.3837759494781494,0.8548110723495483,2.8946516513824463
3509932756.0,-0.3811579346656799,0.5339037179946899,9.98703670501709,2.178605794906616,0.4107114672660827,2.7873024940490723
3509941089.0,-0.2618848085403442,0.5090790390968323,9.748709678649902,2.178042411804199,0.8874948024749756,2.875543594360352
3509949422.0,-0.3550676107406616,0.5623871088027954,9.862188339233398,2.0838077068328857,1.028526782989502,2.802671194076538
3509957755.0,-0.4827739894390106,0.529521644115448,9.811148643493652,1.8810193538665767,1.0263750553131104,2.961120367050171
3509966088.0,-0.4164781272411346,0.4541924893856048,9.913182258605955,1.7232362031936646,0.5809949636459351,2.896522045135498
3509974421.0,-0.4190337657928467,0.5984879732131958,9.831525802612305,1.5475735664367676,0.6052516102790833,2.914425849914551
3509982754.0,-0.4303817451000213,0.4627024829387665,9.800858497619627,1.6630427837371826,0.8265330195426941,2.986350774765014
3509991087.0,-0.6369175910949707,0.2824441790580749,9.856629371643066,1.5619686841964722,1.2679429054260254,3.1121675968170166
3509999420.0,-0.5005278587341309,0.2989157140254974,10.099532127380373,1.7422419786453247,0.9025816321372986,3.0614264011383057
3510007753.0,-0.3440050780773163,0.2209944725036621,10.039410591125488,1.695367693901062,-0.0199534893035888,2.877413272857666
3510016086.0,-0.130250334739685,0.2599178254604339,9.59780502319336,1.8542273044586184,0.4107114672660827,2.835867404937744
3510024419.0,-0.288907915353775,0.1545357853174209,9.577383995056152,2.0372154712677,1.3372294902801514,2.9740560054779053
3510032752.0,-0.540814995765686,0.2403271943330764,9.95699691772461,2.1006619930267334,1.8619627952575684,2.942960023880005
3510041085.0,-0.5290254354476929,0.2336706072092056,10.139827728271484,2.333034038543701,0.981140434741974,2.956177234649658
3510049418.0,-0.5895967483520508,0.5276690125465393,9.880877494812012,2.4239389896392822,0.5275891423225403,2.82485294342041
3510057751.0,-0.4955776035785675,0.2658171355724334,9.824472427368164,2.344892978668213,0.9981736540794371,2.8598670959472656
3510066084.0,-0.3438294529914856,0.3022522330284118,9.783465385437012,2.286851406097412,1.0158478021621704,2.905435085296631
3510074417.0,-0.2277751713991165,0.2961335778236389,9.99009895324707,2.4604899883270264,0.9234570860862732,2.8473422527313232
3510082750.0,-0.508721649646759,0.3362650275230407,9.737972259521484,2.4512434005737305,1.097070336341858,2.726903915405273
3510091083.0,-0.7820065021514893,0.5394595265388489,9.828259468078612,2.4521400928497314,1.8510510921478271,2.781923770904541
3510099416.0,-0.7728128433227539,0.4081068038940429,10.08924961090088,2.34717345237732,1.561610221862793,2.725982427597046
3510107749.0,-0.6535153388977051,0.3966184556484222,10.137772560119627,2.220767021179199,0.9791682362556458,2.687740087509156
3510116082.0,-0.4671457409858703,0.3332836329936981,9.82803440093994,2.2550387382507324,0.8748413920402527,2.7340505123138428
3510124415.0,-0.4458731114864349,0.310693621635437,9.852373123168944,2.254680156707764,1.6120190620422363,2.694169282913208
3510132748.0,-0.3503530323505401,0.3635668456554413,9.992511749267578,2.299095392227173,1.5380192995071411,2.8051557540893555
3510141081.0,-0.7949838042259216,0.192371591925621,9.704349517822266,1.983605146408081,1.019613265991211,2.7564890384674072
3510149414.0,-0.7956113815307617,0.5811501741409302,9.66694164276123,2.134498119354248,1.5927571058273315,2.7309255599975586
3510157747.0,-0.6303726434707642,0.6417554020881653,10.0609130859375,2.269895076751709,1.0679984092712402,2.619478225708008
3510166080.0,-0.6282792687416077,0.653800368309021,9.93573760986328,1.7890645265579224,0.9066030383110046,2.699958086013794
3510174413.0,-0.4377030730247497,0.5224166512489319,9.977685928344728,1.591630220413208,1.037338137626648,2.762098550796509
3510182746.0,-0.7028326988220215,0.3777914643287658,9.844093322753906,1.5015194416046145,1.2749871015548706,2.5612573623657227
3510191079.0,-0.5081210136413574,0.1808619052171707,9.948534965515137,1.6934467554092407,1.2532918453216553,2.8582799434661865
3510199412.0,-0.6609781384468079,0.0558820590376853,9.868474006652832,1.5407090187072754,0.5850675702095032,2.6897380352020264
3510207745.0,-0.6207393407821655,0.1126434281468391,9.737570762634276,1.527671456336975,1.0102382898330688,2.7870466709136963
3510216078.0,-0.713874340057373,0.1552866846323013,9.87193202972412,1.6078696250915527,1.2210946083068848,2.760869026184082
3510224411.0,-0.8338767886161804,0.3414469361305237,9.941461563110352,1.6476229429244995,1.4189391136169434,2.8563332557678223
3510232744.0,-0.5555894374847412,0.0165898595005273,10.111506462097168,1.939548373222351,0.403616338968277,2.8199353218078613
3510241077.0,-0.3595868051052093,0.1310717016458511,9.715039253234863,1.655307054519653,-0.1127282455563545,2.614585876464844
3510249410.0,-0.2124451696872711,0.1193411871790885,9.470743179321287,2.025765895843506,0.8710249662399292,2.698498249053955
3510257743.0,-0.5853703022003174,0.3693597614765167,9.61672019958496,2.386234998703003,1.7094812393188477,2.627059936523437
3510266076.0,-0.7450059056282043,0.164645254611969,9.857270240783691,2.2097012996673584,1.6251845359802246,2.554853200912476
3510274409.0,-0.8737884163856506,-0.0441639013588428,9.980671882629396,2.0884180068969727,0.5075844526290894,2.54038143157959
3510282742.0,-0.7426672577857971,0.2533161342144012,9.736875534057615,2.3325986862182617,0.4100454747676849,2.517789602279663
3510291075.0,-0.7802872061729431,0.3898348212242126,9.756508827209473,2.5081589221954346,0.8938984274864197,2.4276278018951416
3510299408.0,-0.706279993057251,0.5454016327857971,9.818312644958496,2.47947096824646,1.0037323236465454,2.3923568725585938
3510307741.0,-0.376758724451065,0.2622917592525482,10.091143608093262,1.9238466024398804,0.3127369880676269,2.230064868927002
3510316074.0,-0.3148916661739349,0.3420091569423675,9.567996978759766,1.8173682689666748,0.334739625453949,2.275658130645752
3510324407.0,-0.2357361912727356,0.6997920870780945,9.640387535095217,2.100200653076172,1.40933358669281,2.1095755100250244
3510332740.0,-0.5266362428665161,0.4467755556106567,9.835638046264648,1.9933123588562007,1.5381731986999512,2.1187453269958496
3510341073.0,-0.6672077775001526,0.2836193442344665,10.031023025512695,1.554643154144287,1.3092076778411863,2.1173880100250244
3510349406.0,-0.6241351962089539,0.085760161280632,9.933509826660156,1.6398873329162598,0.6381146311759949,2.067209482192993
3510357739.0,-0.6817392706871033,0.1464641243219375,9.648761749267578,1.953124046325684,0.9912580251693726,2.062880754470825
3510366072.0,-0.3032046258449554,-0.0967941805720329,9.985017776489258,2.2373650074005127,1.0820093154907229,2.2059874534606934
3510374405.0,-0.4568716585636139,-0.2676203548908233,9.594862937927246,2.006683349609375,0.6121162176132202,2.0702579021453857
3510382738.0,-0.5149152874946594,0.0185199808329343,9.683547019958496,2.050278425216675,1.3663272857666016,2.096435546875
3510391071.0,-0.5897356271743774,0.2120223194360733,9.767961502075195,2.4461212158203125,1.677053689956665,1.9823497533798216
3510399404.0,-0.6921504139900208,0.4718427956104278,10.023239135742188,2.488948106765747,1.5016729831695557,1.938267707824707
3510407737.0,-0.5835586190223694,0.0614381693303585,10.007532119750977,2.015033483505249,0.8673362731933594,1.9254348278045648
3510416070.0,-0.596217930316925,0.1784954965114593,9.765010833740234,1.7534866333007812,0.7515857815742493,1.9112958908081048
3510424403.0,-0.1387206763029098,0.2086968421936035,9.985730171203612,2.001150369644165,1.33169686794281,2.146562337875366
3510432736.0,-0.2500679492950439,0.114142321050167,9.922426223754885,2.032041549682617,1.040027737617493,2.1655428409576416
3510441069.0,-0.3622120022773742,0.0584054589271545,9.72792148590088,1.664323329925537,1.3454772233963013,2.117848873138428
3510449402.0,-0.6390057802200317,-0.0808353349566459,9.68581199645996,1.6889132261276243,1.4064136743545532,2.1286582946777344
3510457735.0,-0.7197986245155334,-0.0045187640935182,9.778721809387209,1.738425374031067,1.937294363975525,2.0741257667541504
3510466068.0,-0.4738570153713226,-0.0722795352339744,9.994382858276367,1.8603746891021729,1.2766518592834473,2.032656192779541
3510474401.0,-0.4966813027858734,-0.0651298463344574,9.818666458129885,1.9716942310333248,0.8547342419624329,2.0599608421325684
3510482734.0,-0.3624199032783508,-0.1658115088939666,9.648136138916016,2.008450508117676,1.3054935932159424,1.9542765617370603
3510491067.0,-0.3925219476222992,-0.1441738903522491,9.770880699157717,2.291231870651245,1.779075264930725,1.878970503807068
3510499400.0,-0.4786036312580108,0.0482615903019905,9.764586448669434,2.3685100078582764,1.941571950912476,1.828408122062683
3510507733.0,-0.4896305799484253,-0.1892452090978622,9.896541595458984,2.6037001609802246,1.5524661540985107,1.755382061004639
3510516066.0,-0.6699721217155457,-0.0856643840670585,9.665574073791504,2.618863582611084,1.6046677827835083,1.7362481355667114
3510524399.0,-0.5473411083221436,-0.1287211030721664,9.60295581817627,2.71258544921875,1.8622444868087769,1.8657536506652832
3510532732.0,-0.4938995838165283,-0.1166385784745216,9.805055618286133,2.9748237133026123,1.657663345336914,1.6953163146972656
3510541065.0,-0.4360897839069366,-0.1744908839464187,9.764659881591797,2.9075870513916016,1.775002360343933,1.5384036302566528
3510549398.0,-0.5791850686073303,-0.1140574142336845,9.825152397155762,3.2100651264190674,1.9635487794876096,1.449368596076965
3510557731.0,-0.6029660105705261,0.0965939685702323,9.889344215393066,3.332629680633545,2.265566349029541,1.3990623950958252
3510566064.0,-0.5218943953514099,0.0864611342549324,10.03056812286377,3.256606340408325,1.803767204284668,1.4870727062225342
3510574397.0,-0.6365380883216858,0.1274219006299972,9.772302627563477,3.15963101387024,1.888012409210205,1.4165055751800537
3510582730.0,-0.5795150399208069,0.1155612543225288,9.791122436523438,3.226125478744507,2.169384717941284,1.3825666904449463
3510591063.0,-0.6972714066505432,0.0459722056984901,9.820749282836914,3.414671897888184,1.8596317768096924,1.3837705850601196
3510599396.0,-0.5738392472267151,-0.0398034192621707,9.932954788208008,3.4450502395629883,1.7650383710861206,1.4373555183410645
3510607729.0,-0.6526733040809631,-0.2279262989759445,9.728607177734377,3.277148962020874,1.3363327980041504,1.4483439922332764
3510616062.0,-0.7571210861206055,0.1154039204120636,9.724365234375,3.2842695713043213,1.993799090385437,1.3623570203781128
3510624395.0,-0.7432564496994019,0.2178491353988647,10.034438133239746,3.489107370376587,2.1865720748901367,1.3344889879226685
3510632728.0,-0.6324211955070496,0.3762238025665283,10.189724922180176,3.1145501136779785,1.4331291913986206,1.1428685188293457
3510641061.0,-0.6042946577072144,0.3579859435558319,9.913952827453612,2.8908610343933105,1.4118950366973877,1.1909722089767456
3510649394.0,-0.7394492626190186,0.1005366891622543,9.828245162963867,2.942678928375244,1.693088173866272,1.2226060628890991
3510657727.0,-0.8741567730903625,0.1748594343662262,9.89982795715332,2.7802069187164307,2.078479528427124,1.348730206489563
3510666060.0,-0.8404359221458435,-0.0093930698931217,10.038933753967283,2.6682991981506348,1.0684082508087158,1.4216798543930054
3510674393.0,-0.6136593222618103,0.1061111614108085,9.78768253326416,2.528188943862915,0.6343749761581421,1.2727073431015017
3510682726.0,-0.440933495759964,0.0126082608476281,9.774493217468262,2.314925193786621,1.0177174806594849,1.2945562601089478
3510691059.0,-0.5621085166931152,-0.3962175846099853,9.606525421142578,2.5132815837860107,1.4753670692443848,1.404287576675415
3510699392.0,-0.8601956367492676,-0.0804821625351905,9.83560562133789,2.653980493545532,1.823131799697876,1.412381887435913
3510707725.0,-0.964252471923828,-0.0666967779397964,10.124346733093262,2.857255220413208,1.2481688261032104,1.224194049835205
3510716058.0,-0.7842752933502197,0.0037909769453108,10.033793449401855,2.6229617595672607,0.3419884741306305,0.8833197951316833
3510724391.0,-0.6092301607131958,-0.1282708346843719,9.995898246765137,2.697396755218506,0.4403727054595947,1.010955572128296
3510732724.0,-0.6940622925758362,-0.0601427108049392,9.636566162109377,2.951976537704468,1.152474045753479,0.9920266270637512
3510741057.0,-0.7947984933853149,0.1205023527145385,9.779035568237305,3.067368984222412,1.285617113113403,0.9437437653541564
3510749390.0,-0.6955854892730713,-0.0065384577028453,9.956087112426758,2.92746376991272,0.4799979925155639,0.8120609521865845
3510757723.0,-0.5460801124572754,0.0735605806112289,9.7979736328125,2.745551347732544,0.3125576972961426,0.6386269927024841
3510766056.0,-0.6463508605957031,0.0055210590362548,9.76601505279541,2.8543355464935303,0.9465869665145874,0.5876033902168274
3510774389.0,-0.879646360874176,-0.0303081907331943,9.743287086486816,3.012093067169189,1.3626645803451538,0.4741322696208954
3510782722.0,-0.9879932403564452,0.0128867458552122,10.128281593322754,2.869985580444336,1.0837255716323853,0.3437814712524414
3510791055.0,-0.7158989906311035,-0.322588562965393,9.982069969177246,2.76924467086792,-0.0198766477406024,0.1692204475402832
3510799388.0,-0.504923939704895,-0.1806264668703079,9.625211715698242,2.982457399368286,-0.2386222183704376,0.024115802720189
3510807721.0,-0.5082843899726868,-0.222525879740715,9.501541137695312,3.457396984100342,0.949942409992218,0.0137676522135734
3510816054.0,-0.761550784111023,-0.1099433526396751,9.693511009216309,3.2514331340789795,1.0177432298660278,-0.0762792006134986
3510824387.0,-0.8929102420806885,0.1860750913619995,9.996070861816406,3.035325288772583,0.3646058142185211,-0.1645714491605758
3510832720.0,-0.8885128498077393,-0.0452961027622222,9.89377212524414,2.83376693725586,0.0884587541222572,-0.2120858579874038
3510841053.0,-0.7267311215400696,-0.2589002847671509,9.747365951538086,2.959455728530884,0.1772632896900177,-0.2966896891593933
3510849386.0,-0.5314580798149109,-0.6135926842689514,9.795784950256348,3.124846935272217,0.1623814553022384,-0.1805547326803207
3510857719.0,-0.6149035692214966,-0.5860729813575745,9.534134864807127,3.179943323135376,-0.198843315243721,-0.208499863743782
3510866052.0,-0.6666197776794434,-0.3725251853466034,9.579851150512695,3.553706407546997,0.5091213583946228,-0.2186175137758255
3510874385.0,-0.641261637210846,-0.3529887199401855,10.014524459838867,3.6562399864196777,0.3449340462684631,-0.291387528181076
3510882718.0,-0.7234954237937927,-0.0956669896841049,10.063069343566896,3.613720417022705,-0.1123184338212013,-0.2144167870283126
3510891051.0,-0.6508631110191345,-0.1404606848955154,10.10470485687256,3.4494564533233643,-0.2078851461410522,-0.2607017159461975
3510899384.0,-0.6977272629737854,-0.1376231610774994,9.820316314697266,3.405348300933838,-0.0344255305826664,-0.1561443656682968
3510907717.0,-0.566670298576355,0.0285319332033395,10.073737144470217,3.2675437927246094,-0.0455677211284637,-0.0426476970314979
3510916050.0,-0.3647064864635467,-0.0947398841381073,10.094193458557127,3.072517156600952,-0.6141269207000732,-0.0149330999702215
3510924383.0,-0.4985718727111816,-0.004289386793971,9.806910514831545,2.9927802085876465,-0.0988709479570388,0.0613589063286781
3510932716.0,-0.6003051996231079,-0.1460348665714264,10.145201683044434,2.8762097358703613,0.5334805250167847,0.2664777040481567
3510941049.0,-0.7789270877838135,-0.1119183078408241,10.138009071350098,2.7266478538513184,0.0816453695297241,0.2772356867790222
3510949382.0,-0.712137758731842,-0.0273390654474496,10.235217094421388,3.0236966609954834,-0.5737845301628113,0.1189653277397155
3510957715.0,-0.5424543023109436,-0.2585047483444214,9.92471408843994,2.828439235687256,-0.7472953796386719,0.1651477813720703
3510966048.0,-0.5445150136947632,-0.002253329148516,9.715468406677246,2.940091609954834,-0.213545873761177,0.0868194475769996
3510974381.0,-0.4383201897144317,-0.0326489172875881,9.827213287353516,3.2178783416748047,0.2235482484102249,0.2378665953874588
3510982714.0,-0.6259987950325012,-0.2129465192556381,9.766894340515137,3.219107151031494,-0.2399541735649109,0.0991142839193344
3510991047.0,-0.6606236696243286,-0.2807394862174988,10.007065773010254,3.2937471866607666,-0.2682066559791565,0.3551541566848755
3510999380.0,-0.587150514125824,-0.039626620709896,9.935585975646973,3.430783748626709,-0.334265798330307,0.2938593029975891
3511007713.0,-0.5848797559738159,0.1667932569980621,10.066661834716797,3.720198392868042,-0.4000687301158905,0.2345367521047592
3511016046.0,-0.4519376456737518,-0.0073526734486222,9.984932899475098,3.617178678512573,-0.1737926006317138,0.2518775761127472
3511024379.0,-0.415553867816925,-0.2046610116958618,10.012763023376465,3.605857133865357,-0.4532183408737182,0.2743669152259826
3511032712.0,-0.3750962913036346,0.0550570413470268,9.933890342712402,3.7186360359191895,-0.204760193824768,0.292271226644516
3511041045.0,-0.2540515959262848,-0.0090579707175493,9.990455627441406,3.98712420463562,-0.2463833093643188,0.1834107190370559
3511049378.0,-0.5085141658782959,0.0465070270001888,9.94851303100586,3.949957847595215,-0.0578113235533237,0.1897374093532562
3511057711.0,-0.5749569535255432,0.22857166826725,10.04078197479248,3.752190589904785,0.411633551120758,0.3274139165878296
3511066044.0,-0.5102864503860474,0.3246134519577026,10.113507270812988,3.8112058639526367,-0.3254801034927368,0.3296167552471161
3511074377.0,-0.5111234188079834,0.1648598164319992,9.916662216186523,3.6698405742645264,-0.109321542084217,0.3452157974243164
3511082710.0,-0.422175794839859,-0.1530357450246811,10.026925086975098,3.6574437618255615,0.1959360986948013,0.5677011013031006
3511091043.0,-0.4322892129421234,-0.0396770313382148,10.109689712524414,3.6539344787597656,-0.0964375883340835,0.5424710512161255
3511099376.0,-0.5490483045578003,0.4713521599769592,9.90390682220459,3.7063920497894287,0.0957075729966163,0.5848113298416138
3511107709.0,-0.4173223078250885,0.2262804359197616,9.982553482055664,3.64350938796997,0.2112021595239639,0.5887303352355957
3511116042.0,-0.5143446326255798,0.1871045231819152,10.07817840576172,3.294899702072144,0.1151231750845909,0.5981051325798035
3511124375.0,-0.5246822834014893,0.2548218071460724,10.104783058166504,3.169236898422241,0.0962198749184608,0.6174696087837219
3511132708.0,-0.4896965324878692,0.1856966912746429,10.062641143798828,3.286447525024414,-0.0195180475711822,0.6398820877075195
3511141041.0,-0.5021820068359375,0.3320039212703705,9.945470809936523,3.19720721244812,-0.0661103352904319,0.7750483155250549
3511149374.0,-0.4185583293437958,0.1093904078006744,10.105972290039062,2.7380716800689697,-0.0001280711730942,0.8254315257072449
3511157707.0,-0.6353777050971985,0.340959757566452,9.828925132751465,2.523911714553833,0.3779764771461487,0.8964598774909973
3511166040.0,-0.5890329480171204,0.4331720173358917,10.074137687683104,2.624626636505127,0.5076869130134583,0.7609348297119141
3511174373.0,-0.4897720217704773,0.1422248482704162,10.135391235351562,2.555365800857544,-0.1948218792676925,0.7836803197860718
3511182706.0,-0.6665773987770081,0.0636709108948707,9.885916709899902,2.227272748947144,-0.098230592906475,0.797050952911377
3511191039.0,-0.5768980979919434,-0.0515171699225902,9.894306182861328,2.5829524993896484,0.5060988664627075,0.834627091884613
3511199372.0,-0.4380703866481781,-0.1194988340139389,10.09370231628418,2.7270069122314453,0.1885335743427276,0.7235637307167053
3511207705.0,-0.3102833032608032,-0.1689788252115249,9.796712875366213,2.654672145843506,-0.3506845235824585,0.6744099855422974
3511216038.0,-0.2308070063591003,-0.2961404323577881,9.456260681152344,2.680619478225708,-0.2233305275440216,0.6990253329277039
3511224371.0,-0.5312334299087524,-0.1383276134729385,9.520709037780762,3.1434688568115234,0.7636500000953674,0.6008971333503723
3511232704.0,-0.6568791270256042,0.0728741586208343,9.867615699768066,3.37046217918396,1.0537313222885132,0.5734899640083313
3511241037.0,-0.6832202672958374,0.0852212682366371,10.102558135986328,3.372024774551392,0.0988069176673889,0.5696478486061096
3511249370.0,-0.4347568452358246,0.2590518295764923,9.883118629455566,3.2069153785705566,-0.1926446557044983,0.4739786386489868
3511257703.0,-0.1304908692836761,0.0748337432742118,9.971250534057615,3.2845005989074707,0.1963715404272079,0.3569727838039398
3511266036.0,-0.4451153874397278,0.1265845596790313,9.831062316894531,3.341850996017456,1.304981350898743,0.4263361692428589
3511274369.0,-0.5791687965393066,0.3427614271640777,10.178897857666016,3.437391757965088,1.6077669858932495,0.4103271961212158
3511282702.0,-0.5307161808013916,0.0404275506734848,10.226400375366213,3.179636001586914,0.7669286727905273,0.221140518784523
3511291035.0,-0.3926016688346863,0.1433294117450714,9.860937118530272,3.1247446537017822,0.4434464871883392,0.2710114121437073
3511299368.0,-0.0097131710499525,0.1013823673129081,9.792017936706545,3.2582974433898926,0.9926156997680664,0.3012618124485016
3511307701.0,-0.3120221793651581,0.3194712996482849,9.66872787475586,3.438851356506348,1.5008786916732788,0.3639398217201233
3511316034.0,-0.6185131669044495,0.3293935060501098,9.814226150512695,3.135758399963379,1.8505645990371704,0.3139408826828003
3511324367.0,-0.6541761755943298,0.0999942943453788,9.88810920715332,2.8150172233581543,1.3327982425689695,0.3922692239284515
3511332700.0,-0.5951389670372009,0.1560957580804824,9.920351028442385,2.9163472652435303,1.0474557876586914,0.3179110884666443
3511341033.0,-0.3831407427787781,0.1475123465061187,9.703046798706056,2.9805874824523926,1.3058265447616575,0.4515148997306824
3511349366.0,-0.5362058281898499,0.137221023440361,9.689635276794434,3.1047911643981934,1.6770280599594116,0.4128374755382538
3511357699.0,-0.6857022047042847,0.1288229078054428,9.81412124633789,2.9788973331451416,2.0235886573791504,0.4503366947174072
3511366032.0,-0.501258134841919,0.045003768056631,10.217110633850098,2.9038472175598145,1.3677361011505127,0.6417261958122253
3511374365.0,-0.4836452603340149,0.086384080350399,9.860501289367676,2.845395803451538,0.8435408473014832,0.6345542669296265
3511382698.0,-0.497975617647171,0.2010784149169922,9.67367458343506,3.00702166557312,1.8063031435012813,0.8472805619239807
3511391031.0,-0.5086620450019836,0.0917522758245468,9.834814071655272,3.0980544090271,1.9278937578201287,0.8448982834815979
3511399364.0,-0.7086562514305115,0.2268951386213302,9.927546501159668,2.742119312286377,1.5526965856552124,0.996713936328888
3511407697.0,-0.5995050668716431,0.2799044847488403,9.852559089660645,2.5705552101135254,1.5469077825546265,1.0766816139221191
3511416030.0,-0.6524179577827454,0.2179159075021743,9.855122566223145,2.618556022644043,1.6226234436035156,1.1462754011154177
3511424363.0,-0.7225373983383179,0.2213596552610397,10.0481595993042,2.5236549377441406,1.7487475872039795,1.2813904285430908
3511432696.0,-0.665665328502655,0.0800896883010864,10.06834602355957,2.683872699737549,1.2857195138931274,1.2865902185440063
3511441029.0,-0.7672562003135681,0.2873217165470123,9.928114891052246,2.6311070919036865,1.0671019554138184,1.5023645162582395
3511449362.0,-0.9253583550453186,0.2869095802307129,9.662355422973633,2.684077501296997,1.6806397438049316,1.6594057083129885
3511457695.0,-0.8610456585884094,0.090811476111412,10.019720077514648,2.6776225566864014,1.601312518119812,1.5005972385406494
3511466028.0,-0.5551221966743469,0.2489732056856155,9.812776565551758,2.7408125400543213,1.0144388675689695,1.4717042446136477
3511474361.0,-0.3428668975830078,0.3118269741535187,9.946246147155762,2.8686535358428955,0.7813238501548767,1.631767749786377
3511482694.0,-0.6566510796546936,0.4205072224140167,9.656042098999023,2.982175350189209,1.8268709182739256,1.629794955253601
3511491027.0,-1.00025737285614,0.7934549450874329,9.986485481262209,2.9406042098999023,2.531544685363769,1.655537724494934
3511499360.0,-0.9110486507415771,0.6012450456619263,10.60471534729004,2.919344425201416,1.1097241640090942,1.6552047729492188
3511507693.0,-0.6965430378913879,0.3239386081695556,9.978161811828612,2.4550347328186035,0.2395059019327163,1.8296887874603271
3511516026.0,-0.4949854016304016,0.3027731478214264,9.742018699645996,2.635538339614868,0.9497374892234802,1.9495891332626345
3511524359.0,-0.589616060256958,0.4107304811477661,9.796984672546388,3.117239475250244,1.8269991874694824,1.9368841648101809
3511532692.0,-0.8298682570457458,0.7367622256278992,9.942018508911133,2.87751579284668,1.7553819417953491,1.936013460159301
3511541025.0,-0.6211240887641907,0.5020508766174316,10.110610008239746,2.69778060913086,1.051477074623108,1.9735640287399288
3511549358.0,-0.5913751721382141,0.4927382171154022,9.782869338989258,2.535617113113404,0.6457988619804382,2.1337554454803467
3511557691.0,-0.5720208287239075,0.7517809271812439,9.860952377319336,2.827849864959717,1.4626367092132568,2.2885165214538574
3511566024.0,-0.7508839964866638,0.6738244295120239,9.853545188903809,2.8097918033599854,1.2234766483306885,2.236084222793579
3511574357.0,-0.9394168257713318,0.5552771091461182,9.835103034973145,2.5402534008026123,0.4564840793609619,2.4229915142059326
3511582690.0,-0.7093291282653809,0.3642075061798095,9.773519515991213,2.2049121856689453,0.3910141289234161,2.576677083969116
3511591023.0,-0.6278398633003235,0.3851045966148376,9.588800430297852,2.398350238800049,0.4171150028705597,2.758307218551636
3511599356.0,-0.5312051177024841,0.6095322370529175,9.763920783996582,2.678262710571289,0.8891341090202332,2.8320248126983643
3511607689.0,-0.5835739374160767,0.654914915561676,10.091983795166016,2.487257480621338,0.4095075726509094,3.0046396255493164
3511616022.0,-0.6296443343162537,0.6931915283203125,10.028897285461426,2.2789368629455566,0.1281608045101165,3.0596327781677246
3511624355.0,-0.8631306886672974,0.7914398908615112,9.999635696411133,2.297891139984131,0.3571776449680328,3.189215421676636
3511632688.0,-0.8289313316345215,0.4340648949146271,10.098071098327637,2.425808906555176,0.7380613684654236,3.4303226470947266
3511641021.0,-0.7251508831977844,0.3773640692234039,10.097304344177246,2.1932830810546875,-0.1216932386159896,3.645686864852905
3511649354.0,-0.320892333984375,0.598127543926239,9.870036125183104,1.8308926820755005,-0.5611310601234436,3.6972737312316895
3511657687.0,-0.2487006485462188,0.7547491788864136,9.538524627685549,2.142566680908203,-0.1397256553173065,3.715946912765503
3511666020.0,-0.5705643892288208,0.8773176670074463,9.740314483642578,2.15396499633789,0.8298884034156799,3.95441484451294
3511674353.0,-0.8285604119300842,0.8519513607025146,10.095779418945312,1.8892420530319207,0.6975653767585754,4.078926086425781
3511682686.0,-1.0656105279922483,0.68156498670578,9.947671890258787,1.606025457382202,-0.5162293314933777,4.1870436668396
3511691019.0,-0.6766396164894104,0.6114972829818726,9.866440773010254,1.769290566444397,-0.6804677844047546,4.2128119468688965
3511699352.0,-0.5671056509017944,0.2610675990581512,9.741451263427734,2.0936949253082275,-0.4089568853378296,4.4000773429870605
3511707685.0,-0.681966245174408,0.248293787240982,9.524625778198242,2.1687443256378174,0.2591776251792907,4.5683369636535645
3511716018.0,-0.5496923327445984,0.4014968872070312,9.807560920715332,2.6608195304870605,-0.059399414807558,4.614212512969971
3511724351.0,-0.4693047702312469,0.1059505566954612,9.683761596679688,2.8640942573547363,-0.9860454797744752,4.67755651473999
3511732684.0,-0.3258903622627258,0.1754530817270279,9.42623519897461,3.01865029335022,-0.6132816672325134,4.790515422821045
3511741017.0,-0.110019750893116,0.4288217723369598,9.655680656433104,3.524454593658448,0.1402251273393631,4.806703567504883
3511749350.0,-0.2266061007976532,0.5805830359458923,9.64963150024414,3.763231039047241,0.0731414556503295,4.982417583465576
3511757683.0,-0.2287732660770416,0.6938456296920776,9.70266342163086,3.9247288703918457,0.2211661338806152,5.131722927093506
3511766016.0,-0.3491644263267517,0.4550095796585083,9.892822265625,3.7538561820983887,-0.0236675553023815,5.204492568969727
3511774349.0,-0.247177854180336,0.6192471981048584,9.803272247314451,4.007257461547852,0.3055906593799591,5.403360843658447
3511782682.0,-0.3433588743209839,0.782945990562439,9.921622276306152,4.379150390625,0.5766404271125793,5.554433345794678
3511791015.0,-0.3018071353435516,0.7499537467956543,9.786406517028809,4.402177810668945,0.3389147520065307,5.823409080505371
3511799348.0,-0.2695173919200897,0.8658879995346069,9.640380859375,4.263143539428711,0.2212685793638229,6.044742107391357
3511807681.0,-0.1656131297349929,0.8536679148674011,9.731515884399414,4.186173439025879,0.6407785415649414,6.038005352020264
3511816014.0,-0.0865919068455696,1.0763518810272217,9.438311576843262,4.567620277404785,0.7270985245704651,6.306314468383789
3511824347.0,-0.0805151537060737,0.9239211082458496,9.71548557281494,4.492647647857666,0.891209065914154,6.510255813598633
3511832680.0,-0.0896666571497917,0.8802966475486755,9.630596160888672,4.193755626678467,1.1477612257003784,6.765425205230713
3511841013.0,-0.2056298851966858,1.1214855909347534,9.669829368591309,4.332788467407227,1.217841625213623,6.9004106521606445
3511849346.0,-0.2116544246673584,1.2991842031478882,9.868576049804688,4.627557277679443,1.628975749015808,7.042135238647461
3511857679.0,-0.1552363932132721,1.1662492752075195,9.784255981445312,4.5788397789001465,1.4648654460906982,7.281269550323486
3511866012.0,-0.1158812418580055,0.9783331751823424,9.78456687927246,4.286990642547607,1.4094103574752808,7.544505596160889
3511874345.0,-0.0259059313684701,1.37990403175354,9.654507637023926,4.369110107421875,1.8842731714248653,7.830593585968018
3511882678.0,-0.1616970002651214,1.4413654804229736,9.613179206848145,4.584782123565674,2.374068260192871,8.041706085205078
3511891011.0,-0.2328183054924011,1.4183624982833862,9.89890480041504,4.325438022613525,2.509772539138794,8.238448143005371
3511899344.0,-0.0589399971067905,1.5813429355621338,9.88393783569336,3.8523688316345215,2.1297600269317627,8.542309761047363
3511907677.0,-0.1680946499109268,1.748022437095642,9.684578895568848,3.702012538909912,2.34061598777771,8.650452613830566
3511916010.0,-0.2582815885543823,2.017158508300781,9.729464530944824,3.766484022140503,3.5024778842926025,8.82726764678955
3511924343.0,-0.3537311255931854,1.97758424282074,10.222212791442873,3.5757603645324707,3.3985354900360107,9.081438064575195
3511932676.0,-0.5091120600700378,1.6207457780838013,10.302459716796877,3.049976825714112,2.591225862503052,9.351719856262209
3511941009.0,-0.5652410984039307,1.964527606964112,9.910844802856444,3.072338342666626,2.537487506866455,9.610219955444336
3511949342.0,-0.5923787355422974,1.788918137550354,9.841219902038574,3.3501245975494385,3.11567759513855,9.712624549865724
3511957675.0,-0.5175439715385437,1.7245270013809204,9.863451957702637,3.255966663360596,3.0981316566467285,9.886903762817385
3511966008.0,-0.4058366119861603,1.6884186267852783,9.857385635375977,3.132864475250244,2.4446613788604736,10.11197566986084
3511974341.0,-0.6788835525512695,1.5206080675125122,9.553688049316406,3.327507257461548,2.647910118103028,10.176753997802734
3511982674.0,-0.8706095218658447,1.9768593311309808,9.75106143951416,3.5509145259857178,3.61220908164978,10.46399211883545
3511991007.0,-0.8313693404197693,2.13464903831482,10.196633338928224,3.5814976692199707,3.441439390182495,10.603205680847168
3511999340.0,-0.8110548257827759,1.931816577911377,10.35854434967041,3.194902181625366,2.386772871017456,10.73983097076416
3512007673.0,-0.6854162216186523,2.160438060760498,10.125526428222656,3.275766134262085,2.552778720855713,10.945846557617188
3512016006.0,-0.5093644261360168,2.318298578262329,10.325750350952148,3.3437206745147705,2.8651444911956787,11.11625862121582
3512024339.0,-0.6034170389175415,2.4726600646972656,10.24948024749756,3.3806304931640625,2.706310272216797,11.329163551330566
3512032672.0,-0.6699614524841309,2.5133538246154785,10.093420028686523,2.971545934677124,2.599550485610962,11.578569412231444
3512041005.0,-0.8456742167472839,2.225339651107788,10.037219047546388,2.70833420753479,2.755490064620972,11.765707969665527
3512049338.0,-1.019676685333252,2.340444564819336,9.912413597106934,2.6450672149658203,2.812559127807617,11.988911628723145
3512057671.0,-0.958228349685669,2.3202219009399414,10.182860374450684,2.603290557861328,2.607823848724365,12.328990936279297
3512066004.0,-0.9449638724327089,2.1842055320739746,10.004329681396484,2.550832509994507,1.6411685943603516,12.439082145690918
3512074337.0,-0.9683653712272644,2.195247173309326,9.847554206848145,2.427397489547729,1.945439577102661,12.779596328735352
3512082670.0,-0.7028656601905823,2.018928050994873,9.8455171585083,2.437719821929932,1.892572045326233,13.02567195892334
3512091003.0,-0.7375902533531189,1.75352144241333,9.909955024719238,2.6869211196899414,1.4029816389083862,13.323515892028809
3512099336.0,-0.7089322805404663,1.990363597869873,9.50741958618164,2.7166848182678223,1.6579203605651855,13.619285583496094
3512107669.0,-0.7701010704040527,2.19549298286438,9.990984916687012,3.061913251876831,1.856071710586548,13.984797477722168
3512116002.0,-0.9326261281967164,2.494415044784546,10.027348518371582,2.945906400680542,1.5178356170654297,14.173190116882324
3512124335.0,-0.9324691891670228,2.568502902984619,10.183371543884276,2.4118239879608154,1.3624595403671265,14.434300422668455
3512132668.0,-0.7714441418647766,2.4453299045562744,9.950835227966309,2.6117944717407227,0.8689503073692322,14.854836463928224
3512141001.0,-0.846406102180481,2.349273204803467,9.733062744140623,2.315847635269165,0.889057457447052,15.302830696105955
3512149334.0,-0.7538999319076538,2.391857862472534,9.726883888244627,2.2610583305358887,0.8452313542366028,15.575519561767578
3512157667.0,-0.707021176815033,2.4087255001068115,9.7415189743042,2.2057316303253174,0.794438362121582,15.85310173034668
3512166000.0,-0.9914875626564026,2.5931715965271,9.819343566894531,2.0112428665161133,0.9511463046073914,16.213287353515625
3512174333.0,-1.1385313272476196,2.545266628265381,9.797492027282717,1.98360538482666,1.0005820989608765,16.54520034790039
3512182666.0,-1.1253935098648071,2.4225728511810303,9.87238311767578,1.9460800886154173,0.2923993468284607,16.720731735229492
3512190999.0,-0.986366868019104,2.365081548690796,9.747605323791504,1.8298687934875488,-0.1377533972263336,17.029052734375
3512199332.0,-0.92139732837677,2.3195173740386963,9.456745147705078,1.956479549407959,-0.3919746875762939,17.389007568359375
3512207665.0,-0.9360844492912292,2.389802932739258,9.359060287475586,2.384212017059326,0.0100535899400711,17.617000579833984
3512215998.0,-0.7770551443099976,2.338587760925293,9.409503936767578,2.5405101776123047,-0.3754279613494873,17.85595703125
3512224331.0,-0.7922191619873047,2.16194486618042,9.363587379455566,2.4449174404144287,-0.7179927229881287,18.081615447998047
3512232664.0,-0.8496645092964172,2.4397451877593994,9.21392059326172,2.8543357849121094,-0.1995605677366256,18.307357788085938
3512240997.0,-0.7909714579582214,2.505894660949707,9.637544631958008,3.1411900520324707,-0.255835086107254,18.660783767700195
3512249330.0,-0.7598226070404053,2.474498748779297,9.689666748046877,3.341928482055664,-0.70021653175354,18.83267974853516
3512257663.0,-0.7498881816864014,2.5433499813079834,9.530911445617676,3.1831209659576416,-0.9135576486587524,19.17632102966309
3512265996.0,-0.588867723941803,2.4234488010406494,9.36614990234375,3.642460584640503,-0.6372054219245911,19.399394989013672
3512274329.0,-0.4253024458885193,2.352386236190796,9.389272689819336,3.990814685821533,-0.7518548369407654,19.5847396850586
3512282662.0,-0.3696078956127167,2.440948009490967,9.519777297973633,4.067939281463623,-0.4210981726646423,19.79998016357422
3512290995.0,-0.3271223604679107,2.5996689796447754,9.626425743103027,4.204155921936035,-0.1919019371271133,20.061372756958008
3512299328.0,-0.3511247932910919,3.124702453613281,9.773200988769531,4.372389793395996,-0.0326325483620166,20.268129348754883
3512307661.0,-0.3864961266517639,3.159078598022461,9.869958877563477,4.538498401641846,0.1400458961725235,20.42355728149414
3512315994.0,-0.2394381165504455,2.529043197631836,9.65528678894043,4.432173252105713,-0.1414162367582321,20.79964828491211
3512324327.0,-0.2771041691303253,2.779096364974976,9.44137191772461,4.441317558288574,0.2050292044878006,21.218826293945312
3512332660.0,-0.3205528855323791,2.9727463722229004,9.423108100891112,4.78457498550415,0.790442943572998,21.36780166625977
3512340993.0,-0.3808610439300537,3.012770175933838,9.625561714172363,4.96986722946167,0.8434129953384399,21.529783248901367
3512349326.0,-0.4279407858848572,3.2070517539978027,9.835862159729004,4.572103977203369,1.0212782621383667,21.870887756347656
3512357659.0,-0.2069061398506164,3.190514087677002,10.188362121582031,4.587370872497559,1.203062653541565,22.16983413696289
3512365992.0,-0.2358254194259643,3.348576068878174,10.05302906036377,4.542520046234131,1.3120768070220947,22.32797622680664
3512374325.0,-0.4092058539390564,3.4791419506073,9.947315216064451,4.486962795257568,1.97492253780365,22.71907997131348
3512382658.0,-0.450131207704544,3.324503898620605,10.002565383911133,4.211302280426025,1.9501278400421145,22.9785270690918
3512390991.0,-0.4641118049621582,3.517755508422852,9.95939826965332,4.122831344604492,1.7441126108169556,23.28851318359375
3512399324.0,-0.2196900993585586,3.691430807113648,9.936620712280272,3.965277910232544,1.869084715843201,23.379751205444336
3512407657.0,-0.3967413902282715,3.385033369064331,9.975509643554688,3.839818954467773,2.6499602794647217,23.826562881469727
3512415990.0,-0.8395161032676697,3.664701223373413,9.877049446105955,3.718894243240357,3.4362661838531494,23.98194122314453
3512424323.0,-0.9205545783042908,3.824685096740722,10.396629333496094,3.7589809894561768,3.2472078800201416,24.21157455444336
3512432656.0,-0.6164860129356384,3.608322143554688,10.413966178894045,3.455246925354004,1.743446707725525,24.32386779785156
3512440989.0,-0.4615442156791687,3.567408323287964,9.833741188049316,3.0685484409332275,1.885144591331482,24.61315155029297
3512449322.0,-0.3518288135528564,3.0998356342315674,9.293771743774414,3.361088991165161,2.7749578952789307,25.019859313964844
3512457655.0,-0.6642810106277466,2.96901535987854,9.16989040374756,3.954724788665772,3.215369462966919,25.11980438232422
3512465988.0,-0.8150784373283386,3.239382028579712,9.688162803649902,3.922450542449951,3.23429799079895,25.3397274017334
3512474321.0,-0.7508007287979126,3.718255043029785,9.974066734313965,4.176800727844238,3.087477684020996,25.289962768554688
3512482654.0,-0.6997047662734985,4.215974807739258,10.21782112121582,4.150084018707275,3.3006391525268555,25.58452033996582
3512490987.0,-0.6137499809265137,4.277939796447754,10.229780197143556,4.022679328918457,3.316110372543335,25.882801055908203
3512499320.0,-0.725180447101593,4.150514125823975,10.007176399230955,3.637108325958252,3.19549298286438,25.778169631958008
3512507653.0,-0.8914279937744141,4.651883602142334,9.983023643493652,3.3163411617279053,3.585931301116944,26.13689613342285
3512515986.0,-0.7811014652252197,4.844741344451904,10.405065536499023,2.951030731201172,3.7028090953826895,26.14332771301269
3512524319.0,-0.7076983451843262,5.016338348388672,10.33282470703125,2.521249294281006,3.345592498779297,26.16543197631836
3512532652.0,-0.7118807435035706,5.039928913116455,10.121626853942873,2.006120681762696,3.5968170166015625,26.479434967041016
3512540985.0,-0.767520010471344,4.682794094085693,9.91540813446045,1.3135628700256348,3.750528573989868,26.61296463012696
3512549318.0,-1.088440179824829,4.597530364990234,9.72190761566162,0.8987657427787781,4.080620288848877,26.644756317138672
3512557651.0,-1.18467116355896,4.611655235290527,9.991859436035156,0.7687221169471741,4.026291847229004,26.875280380249023
3512565984.0,-1.131218194961548,4.36838436126709,9.918959617614746,0.4570991694927215,3.444335699081421,26.83281135559082
3512574317.0,-1.1481096744537354,4.289587497711182,9.578568458557127,0.3823567032814026,3.0692145824432373,27.035831451416016
3512582650.0,-1.0534143447875977,4.1899003982543945,9.473931312561035,0.1484217643737793,3.4224607944488525,27.16971206665039
3512590983.0,-1.2026687860488892,3.9638068675994873,9.436305046081545,0.2788751721382141,3.4476137161254883,27.373857498168945
3512599316.0,-1.3627694845199585,4.107373237609863,9.595890998840332,0.2736498415470123,3.631550073623657,27.481311798095703
3512607649.0,-1.3561205863952637,3.93463134765625,9.787033081054688,0.3432950377464294,3.3064541816711426,27.531543731689453
3512615982.0,-1.2360550165176392,3.758522510528565,9.602205276489258,0.4298456013202667,2.449862480163574,27.815889358520508
3512624315.0,-1.258979082107544,3.621528387069702,9.297696113586426,0.4781028032302856,2.5091335773468018,27.982378005981445
3512632648.0,-1.1926093101501465,3.2294304370880127,9.259132385253906,0.6487705111503601,2.7894301414489746,28.15173721313477
3512640981.0,-1.2412290573120115,3.1985340118408203,9.42935276031494,0.9500454664230348,2.6888434886932373,28.28573036193848
3512649314.0,-1.0608607530593872,3.4662883281707764,9.679841995239258,1.0907444953918457,2.314798355102539,28.405014038085938
3512657647.0,-0.9058580994606018,3.410304069519043,9.744297981262209,1.4394314289093018,1.8787671327590945,28.68206214904785
3512665980.0,-1.0931031703948977,3.55051326751709,9.275235176086426,1.6856613159179688,2.1899805068969727,28.88471984863281
3512674313.0,-1.0157345533370972,3.5246241092681885,9.609771728515623,1.821980357170105,2.299250602722168,29.094600677490234
3512682646.0,-1.0565998554229736,3.1186952590942383,9.4984130859375,1.702362060546875,1.7451121807098389,29.266197204589844
3512690979.0,-1.1662644147872925,3.427449941635132,9.367035865783691,1.8047419786453247,1.6843035221099854,29.46186065673828
3512699312.0,-1.0324125289916992,3.8709328174591056,9.43770694732666,2.1213088035583496,1.9069429636001587,29.50259017944336
3512707645.0,-1.0476179122924805,3.7568089962005615,9.33215618133545,2.14016056060791,1.5677589178085327,29.57530975341797
3512715978.0,-1.153764009475708,3.8063366413116455,9.333426475524902,1.881763935089112,1.2555210590362549,29.7523250579834
3512724311.0,-1.246644377708435,3.4157395362854004,9.22574234008789,1.6182702779769895,1.4839234352111816,29.995893478393555
3512732644.0,-1.267255425453186,3.3591549396514893,9.462748527526855,2.035552501678467,1.586611270904541,30.1364688873291
3512740977.0,-0.9908371567726136,3.385780334472656,9.550503730773926,2.2515311241149902,1.0564982891082764,30.104469299316406
3512749310.0,-0.7749853134155273,3.1192312240600586,9.540933609008787,2.485236167907715,0.6633708477020264,30.0189208984375
3512757643.0,-0.8964070081710815,3.4547643661499023,9.310779571533203,2.5672266483306885,1.3784438371658323,30.27772331237793
3512765976.0,-0.9575241804122924,3.52200698852539,9.625576972961426,2.982588052749634,2.146615743637085,30.282440185546875
3512774309.0,-1.0894306898117063,3.43550705909729,10.146215438842772,3.122774600982666,1.8010022640228271,30.29017448425293
3512782642.0,-1.2456624507904053,3.734524965286255,10.005480766296388,3.188218832015991,1.1965056657791138,30.304771423339844
3512790975.0,-1.1440995931625366,3.7071032524108887,9.921687126159668,3.3434412479400635,1.0130820274353027,30.364145278930664
3512799308.0,-1.0278829336166382,3.5676863193511963,9.784799575805664,3.5726120471954346,0.8705388903617859,30.5899658203125
3512807641.0,-1.0480411052703855,3.73129153251648,9.523839950561523,3.501328229904175,0.959394872188568,30.66719436645508
3512815974.0,-1.0683708190917969,3.5362648963928223,9.61771011352539,3.5654406547546387,0.999353051185608,30.70136260986328
3512824307.0,-1.2496469020843506,3.6245369911193848,9.47619342803955,3.5861363410949707,1.036109447479248,30.74761962890625
3512832640.0,-1.2390011548995972,4.06638240814209,9.998645782470703,3.715002298355103,1.2460182905197144,30.836992263793945
3512840973.0,-1.2412217855453491,4.3354692459106445,10.32488250732422,3.639900922775269,1.0192807912826538,30.796825408935547
3512849306.0,-1.2407145500183103,4.78354549407959,10.17976188659668,3.1194961071014404,0.6658809781074524,30.88496398925781
3512857639.0,-1.300953984260559,4.996011734008789,10.326658248901367,2.755850553512573,0.7217456698417664,30.925434112548828
3512865972.0,-1.0987448692321775,4.762032508850098,10.149065971374512,2.352707862854004,0.331794261932373,30.89474868774414
3512874305.0,-0.9748492240905762,4.862615585327148,10.27593994140625,1.914627313613892,0.0437619574368,30.838144302368164
3512882638.0,-0.9397504329681396,4.84218168258667,9.97576141357422,1.3589259386062622,0.0420970357954502,31.03880882263184
3512890971.0,-1.1182410717010498,4.766220569610596,9.76751708984375,1.0198190212249756,0.4660386443138122,31.11119079589844
3512899304.0,-1.1147422790527344,4.704991340637207,9.975045204162598,0.7186207175254822,0.8752775192260742,31.135799407958984
3512907637.0,-1.194896936416626,4.575987339019775,10.151707649230955,0.3179625570774078,0.2005980461835861,31.05908966064453
3512915970.0,-1.2740533351898191,4.570090293884277,10.094930648803713,-0.059988584369421,0.1918379515409469,31.00990867614746
3512924303.0,-1.2511990070343018,5.035684585571289,10.007243156433104,-0.1238705366849899,0.6408814787864685,31.025793075561523
3512932636.0,-1.3181804418563845,4.893754482269287,10.289663314819336,-0.5033713579177856,0.1657370328903198,30.97883987426757
3512940969.0,-1.2514433860778809,4.784611701965332,9.97751235961914,-0.998341143131256,-0.3240458965301513,30.967798233032227
3512949302.0,-1.022943139076233,4.849923133850098,9.942580223083496,-1.075516939163208,-0.1786082088947296,31.035371780395508
3512957635.0,-1.0479542016983032,4.662547588348389,9.754685401916504,-1.173235535621643,0.0016265054000541,31.05855369567871
3512965968.0,-1.244229793548584,4.7100982666015625,9.600540161132812,-1.2203400135040283,0.48353311419487,30.952253341674805
3512974301.0,-1.0425843000411987,4.173618793487549,10.084542274475098,-1.5085517168045044,0.2733169198036194,31.039600372314453
3512982634.0,-1.0761576890945437,4.067759037017822,9.875622749328612,-1.6018646955490112,-0.6181745529174805,31.09037208557129
3512990967.0,-1.1897385120391846,4.230900287628174,9.618952751159668,-1.3704650402069092,0.2970869541168213,31.133115768432617
3512999300.0,-1.1173816919326782,3.9739716053009033,9.891554832458496,-0.9953187704086304,0.4270793199539184,31.21846580505371
3513007633.0,-0.9059144258499146,3.5195093154907227,9.77993106842041,-1.1727231740951538,-0.1086556762456893,31.17466354370117
3513015966.0,-0.5529524087905884,3.328895807266236,9.655393600463867,-1.1699823141098022,-0.4491459429264068,31.32304573059082
3513024299.0,-0.4098346531391144,3.22839903831482,9.19899845123291,-0.1602684110403061,0.1020856276154518,31.45332145690918
3513032632.0,-0.608269989490509,3.2710206508636475,9.288792610168455,0.506944477558136,1.0604941844940186,31.560436248779297
3513040965.0,-0.7479719519615173,3.375608205795288,9.682791709899902,0.4451117515563965,1.2582107782363892,31.756954193115234
3513049298.0,-0.8203915357589722,3.324486017227173,9.513299942016602,0.7778153419494629,0.6435198187828064,31.76742935180664
3513057631.0,-0.6772458553314209,3.434866189956665,9.532971382141112,1.2350809574127195,1.044971942901611,32.02789688110352
3513065964.0,-0.6324984431266785,3.206549882888794,9.439123153686523,1.735711932182312,1.3990890979766846,32.26921463012695
3513074297.0,-0.8369936347007751,3.217884063720703,9.30576992034912,2.1311962604522705,1.3506526947021484,32.276798248291016
3513082630.0,-0.8885246515274048,3.3529651165008545,9.276652336120604,2.483571529388428,1.37291157245636,32.54357147216797
3513090963.0,-0.7294374704360962,3.297658443450928,9.395829200744627,2.686359405517578,1.2519608736038208,32.664981842041016
3513099296.0,-0.6140652298927307,3.3585236072540283,9.192567825317385,3.013171672821045,1.3453505039215088,32.64840316772461
3513107629.0,-0.458305299282074,3.752756834030152,9.396379470825195,3.3400354385375977,1.8869383335113523,32.75258255004883
3513115962.0,-0.5486245155334473,3.629584312438965,9.5394868850708,3.369056701660156,2.061986207962036,32.96241760253906
3513124295.0,-0.7699089646339417,3.991554498672485,9.493751525878906,3.369978666305542,1.986603617668152,33.186336517333984
3513132628.0,-0.9263349175453186,3.9695732593536377,9.790213584899902,3.1570730209350586,2.4175124168396,33.31822204589844
3513140961.0,-0.9227999448776244,3.935894966125488,9.77908706665039,3.0594820976257324,2.227479934692383,33.39698028564453
3513149294.0,-0.988908588886261,4.08699369430542,9.667465209960938,2.867452621459961,2.1186962127685547,33.5784912109375
3513157627.0,-0.897436797618866,4.200986385345459,9.88980484008789,2.8032374382019043,2.3490710258483887,33.61458206176758
3513165960.0,-0.8833054304122925,4.144256114959717,9.835238456726074,2.6729888916015625,2.002638101577759,33.456642150878906
3513174293.0,-0.9021652936935424,4.287502765655518,9.808582305908203,2.4951748847961426,2.396713733673096,33.76944351196289
3513182626.0,-0.7662202715873718,4.2500481605529785,9.970402717590332,2.2495079040527344,2.495635271072388,33.850276947021484
3513190959.0,-0.96540105342865,4.57580041885376,9.79012966156006,1.8734910488128664,2.551039934158325,33.843624114990234
3513199292.0,-1.1901702880859375,4.90387487411499,10.075571060180664,1.7882723808288574,3.311091423034668,33.789756774902344
3513207625.0,-1.0404548645019531,4.5694074630737305,10.622986793518066,1.3171237707138062,2.91591477394104,33.781124114990234
3513215958.0,-1.0388908386230469,4.715404033660889,10.404648780822754,1.0351618528366089,2.079019784927368,33.67932891845703
3513224291.0,-0.8794289827346802,4.812618732452393,10.219244003295898,0.8844476342201233,2.301582098007202,33.7882194519043
3513232624.0,-0.998762547969818,4.612612724304199,9.92467975616455,0.6341450810432434,2.833770036697388,33.70625305175781
3513240957.0,-1.251520037651062,4.555875301361084,10.155488014221191,0.3550264835357666,3.2809178829193115,33.656227111816406
3513249290.0,-1.0730164051055908,4.535747051239014,10.321974754333496,0.0372047163546085,2.56948184967041,33.6313362121582
3513257623.0,-1.1129417419433594,4.638869285583496,10.193358421325684,-0.1596792936325073,2.173792600631714,33.48525619506836
3513265956.0,-1.4446327686309814,5.090689659118652,9.96048355102539,-0.3007882535457611,3.216984510421753,33.423622131347656
3513274289.0,-1.5417194366455078,5.052610874176025,10.482186317443848,-0.4082144498825073,3.778295516967773,33.27823638916016
3513282622.0,-1.750827074050903,5.035959720611572,10.93803596496582,-1.1404236555099487,2.571171998977661,33.098777770996094
3513290955.0,-1.6019527912139893,5.14091682434082,10.531060218811035,-1.6257624626159668,2.181297540664673,33.010799407958984
3513299288.0,-1.4602711200714111,5.022432327270508,10.503457069396973,-1.7584444284439087,2.0504343509674072,32.976524353027344
3513307621.0,-1.3825559616088867,4.800005435943604,9.972925186157228,-1.695766568183899,2.0928258895874023,32.93309020996094
3513315954.0,-1.198100209236145,4.421759128570557,9.89515209197998,-2.022629737854004,1.5994950532913208,32.7889289855957
3513324287.0,-1.347056269645691,3.635404109954834,9.50408172607422,-1.9725539684295648,1.593988060951233,32.71638870239258
3513332620.0,-1.820967197418213,3.68547248840332,9.43128490447998,-1.3694920539855957,2.194283962249756,32.700252532958984
3513340953.0,-1.959660172462464,4.039189338684082,9.859734535217283,-0.8300044536590576,2.57793402671814,32.552711486816406
3513349286.0,-1.7184913158416748,3.8495264053344727,10.177589416503906,-0.6711191534996033,0.8541714549064636,32.391624450683594
3513357619.0,-1.267075538635254,3.788562297821045,9.621984481811523,-0.7350267767906189,-0.2098319977521896,32.35630416870117
3513365952.0,-0.8743476271629333,3.4298243522644043,9.097504615783691,-0.3030678629875183,0.0005250922404229,32.49810028076172
3513374285.0,-0.9193694591522216,2.985727548599243,8.774910926818848,0.4638614058494568,1.0285022258758545,32.650150299072266
3513382618.0,-1.0370229482650757,3.1705801486968994,9.018535614013672,0.9361625909805298,1.1997077465057373,32.5508918762207
3513390951.0,-1.020177721977234,3.018084526062012,9.272448539733888,1.229343295097351,0.8377526998519897,32.49623107910156
3513399284.0,-1.1616801023483276,2.9454545974731445,9.394611358642578,1.3489878177642822,0.8648013472557068,32.701507568359375
3513407617.0,-1.071958065032959,3.311384916305542,9.675230026245115,1.8578407764434808,1.2953516244888306,32.782623291015625
3513415950.0,-1.0470386743545532,3.444460153579712,9.992968559265137,2.223945379257202,0.8466665744781494,32.919227600097656
3513424283.0,-0.9293086528778076,3.4183156490325928,9.581710815429688,2.394843816757202,0.2911188900470733,32.95857238769531
3513432616.0,-0.6353772878646851,3.1957108974456787,9.367634773254396,2.410391569137573,-0.0560952313244342,33.123756408691406
3513440949.0,-0.6743924021720886,3.0983991622924805,8.992586135864258,2.3283488750457764,0.3057445883750915,33.178314208984375
3513449282.0,-0.8963032364845276,3.415592670440674,9.03810691833496,2.589717149734497,1.36878764629364,33.32611083984375
3513457615.0,-0.924759030342102,3.163125991821289,9.446540832519531,2.6018319129943848,1.5555152893066406,33.48301696777344
3513465948.0,-0.9690166115760804,3.144959211349488,9.483763694763184,2.684694766998291,0.6143965125083923,33.443450927734375
3513474281.0,-0.8368772864341736,3.2443432807922363,9.272275924682615,2.783565759658813,0.6778686046600342,33.442630767822266
3513482614.0,-0.7806491255760193,3.25434684753418,9.448376655578612,3.3149845600128174,0.9985335469245912,33.70561599731445
3513490947.0,-0.9967358112335204,3.3785343170166016,9.40623378753662,3.2658567428588867,1.2156656980514526,33.62395477294922
3513499280.0,-0.8910312652587891,3.4467849731445312,9.740342140197754,3.1440351009368896,1.0584964752197266,33.65730285644531
3513507613.0,-0.6662279367446899,3.2149345874786377,9.558221817016602,3.1970055103302,0.4973905086517334,33.66585922241211
3513515946.0,-0.5922195315361023,3.368622303009033,9.251995086669922,3.3042778968811035,0.8252529501914978,33.60696792602539
3513524279.0,-0.5838652849197388,3.583080291748047,9.56676197052002,3.669332265853882,1.76199209690094,33.74529266357422
3513532612.0,-0.7953225374221802,3.7040979862213135,9.636307716369627,3.523100614547729,1.58417809009552,33.63486862182617
3513540945.0,-0.9700462222099304,4.378167152404785,9.625452995300291,3.2772037982940674,1.49990713596344,33.62948989868164
3513549278.0,-0.7994569540023804,4.281059265136719,9.854870796203612,3.0491600036621094,1.407798171043396,33.571292877197266
3513557611.0,-0.6837108135223389,4.185348510742188,9.49705982208252,2.8239846229553223,1.4835907220840454,33.63145446777344
3513565944.0,-0.4898734390735626,4.100626468658447,9.600089073181152,2.7070560455322266,1.866344690322876,33.53202438354492
3513574277.0,-0.8032271265983582,3.804841995239258,9.433100700378418,2.596607446670532,2.072744369506836,33.386512756347656
3513582610.0,-1.222155213356018,4.015618801116943,9.45539665222168,2.8367667198181152,2.864480972290039,33.288818359375
3513590943.0,-1.11659038066864,4.133563041687012,10.04192352294922,2.7614095211029053,2.929439067840576,33.21955871582031
3513599276.0,-0.8329972624778748,3.860011339187622,9.936091423034668,2.484186172485352,1.7279505729675293,33.16712188720703
3513607609.0,-0.698749303817749,3.9453089237213135,9.541258811950684,2.645504951477051,2.193464517593384,32.88047790527344
3513615942.0,-0.7031157612800598,3.880396604537964,9.59049129486084,2.936149835586548,3.312192678451538,32.90959548950195
3513624275.0,-0.9838688969612122,4.004064083099365,9.87058162689209,3.032817840576172,3.260759353637696,32.696739196777344
3513632608.0,-1.0979979038238523,4.198701858520508,9.874540328979492,2.9881720542907715,2.929080009460449,32.689697265625
3513640941.0,-0.8556818962097168,4.036044120788574,9.907400131225586,2.984663248062134,2.3897464275360107,32.57023620605469
3513649274.0,-0.7104125022888184,4.282498836517334,9.6700439453125,2.938685655593872,2.8003172874450684,32.48716735839844
3513657607.0,-0.6040124297142029,4.396064758300781,10.060166358947754,2.8952436447143555,3.834594964981079,32.4654655456543
3513665940.0,-0.6792921423912048,4.492600440979004,10.075435638427734,2.846525192260742,3.3841941356658936,32.18555450439453
3513674273.0,-0.710028350353241,4.540534496307373,10.143946647644045,2.6162784099578857,3.639772891998291,32.16352844238281
3513682606.0,-0.6153966784477234,4.487314224243164,10.21567153930664,2.25191617012024,3.4664673805236816,32.089324951171875
3513690939.0,-0.8688944578170776,4.602189064025879,10.089872360229492,1.8966716527938845,4.051548004150391,32.12479782104492
3513699272.0,-0.9422821402549744,4.622323513031006,10.289892196655272,1.8944432735443115,4.560401439666748,32.1330451965332
3513707605.0,-0.9945299625396729,4.626247882843018,10.528427124023438,1.610996127128601,3.748147487640381,32.09275817871094
3513715938.0,-1.0764070749282837,4.566187381744385,10.277050018310549,1.1866700649261477,3.704167366027832,32.18399429321289
3513724271.0,-0.9148851037025452,4.282624244689941,10.043156623840332,0.7393171191215515,3.6316282749176025,32.09012222290039
3513732604.0,-1.0789034366607666,4.316262245178223,9.760096549987791,0.7867804169654846,3.860363721847534,32.13924789428711
3513740937.0,-1.0995192527770996,4.154780864715576,9.942696571350098,0.8422352075576782,4.047604084014893,32.13228225708008
3513749270.0,-0.991842806339264,3.853702306747437,9.764311790466309,0.4999262690544128,3.27904748916626,32.02869415283203
3513757603.0,-0.988244652748108,3.999305009841919,9.42252254486084,0.4637333452701568,3.1259512901306152,32.11701202392578
3513765936.0,-0.8796073198318481,3.7607076168060303,9.662152290344238,0.5810723304748535,3.57230544090271,32.11263656616211
3513774269.0,-1.3198853731155396,3.728503227233887,9.55201816558838,0.5894994139671326,3.414419412612915,32.18161392211914
3513782602.0,-1.4748166799545288,3.8575518131256095,9.789176940917969,0.7834247946739197,3.512239456176758,32.25983428955078
3513790935.0,-1.062669277191162,3.685572624206543,9.968461036682127,0.9325000047683716,2.1103973388671875,32.21588897705078
3513799268.0,-1.1153357028961182,3.701160430908203,9.612069129943848,0.9057586789131165,1.411973237991333,32.23404693603516
3513807601.0,-0.9194580912590028,3.694746732711792,9.36031723022461,1.2168948650360107,2.4195868968963623,32.378509521484375
3513815934.0,-0.9297484755516052,3.368065357208252,9.7415132522583,1.339074969291687,2.247023344039917,32.43472671508789
3513824267.0,-1.0408605337142944,3.565094232559204,9.623602867126465,1.4561065435409546,1.5688347816467283,32.532859802246094
3513832600.0,-0.8637656569480896,3.323338270187378,9.444950103759766,2.0082221031188965,1.2790095806121826,32.57028579711914
3513840933.0,-1.0021876096725464,3.614881038665772,9.526914596557615,2.23754620552063,1.0572669506072998,32.637290954589844
3513849266.0,-1.084089994430542,3.657459735870361,9.475346565246582,2.1972551345825195,1.3282912969589231,32.76879119873047
3513857599.0,-0.9956994652748108,3.395171403884888,9.84572410583496,2.130427360534668,0.9238934516906738,32.79724884033203
3513865932.0,-0.8549264669418335,3.482424259185791,9.6422700881958,2.377272129058838,0.315273106098175,32.81904983520508
3513874265.0,-0.7847801446914673,3.501391649246216,9.407999038696287,2.7026500701904297,0.3641707897186279,32.87168884277344
3513882598.0,-0.6933121085166931,3.274266481399536,9.649491310119627,2.901161193847656,0.6773051619529724,32.935394287109375
3513890931.0,-0.7310030460357666,3.662757158279419,9.539013862609863,2.861714124679565,0.667648434638977,32.824119567871094
3513899264.0,-0.6019694209098816,3.4877891540527344,9.675140380859377,3.107201337814331,0.2127648144960403,32.81925201416016
3513907597.0,-0.6275461316108704,3.544438123703003,9.42361068725586,3.148338079452514,0.2959343194961548,32.84523010253906
3513915930.0,-0.3411333560943603,3.517902612686157,9.756133079528809,3.273771286010742,0.5657293200492859,32.83447265625
3513924263.0,-0.4149518311023712,3.397379875183105,9.89989948272705,3.2451860904693604,0.2377131581306457,32.90568161010742
3513932596.0,-0.4477583765983581,3.868093252182007,9.63872528076172,3.51226544380188,0.6032541394233704,32.92547607421875
3513940929.0,-0.3585582375526428,3.736368179321289,9.931002616882324,3.467773914337158,0.7667500972747803,32.800048828125
3513949262.0,-0.4697128534317016,3.918727397918701,9.559327125549316,3.3419055938720703,0.3450112640857696,32.829837799072266
3513957595.0,-0.2606733441352844,3.855257511138916,9.64643096923828,3.178025245666504,0.4896293878555298,32.82686233520508
3513965928.0,-0.4831784069538116,3.8531529903411865,9.513628959655762,3.0893232822418213,0.555970311164856,32.69707489013672
3513974261.0,-0.7282795906066895,4.08899450302124,9.536922454833984,3.030359268188477,1.3511650562286377,32.8425407409668
3513982594.0,-0.6336484551429749,3.8339924812316895,9.93081760406494,3.01660418510437,0.954041600227356,32.773738861083984
3513990927.0,-0.6568690538406372,3.669041156768799,9.85576057434082,2.795783519744873,0.0796219334006309,32.5664176940918
3513999260.0,-0.6301254034042358,3.5866923332214355,9.554999351501465,2.992449998855591,0.5538443326950073,32.4853515625
3514007593.0,-0.4722297489643097,3.4246373176574707,9.800403594970703,3.228536605834961,0.5816614031791687,32.319034576416016
3514015926.0,-0.4595997631549835,3.910147666931152,9.62634563446045,3.500610828399658,0.180618941783905,32.337398529052734
3514024259.0,-0.1115321666002273,3.860133171081543,9.812995910644531,3.175386905670166,-0.118927001953125,32.133689880371094
3514032592.0,-0.2008844763040542,4.338522434234619,9.48149585723877,3.0820229053497314,0.3484435677528381,32.22515869140625
3514040925.0,-0.2511612176895141,4.95320463180542,9.758440971374512,3.0366344451904297,1.281929612159729,32.07587814331055
3514049258.0,-0.1333169192075729,4.916497230529785,10.254549026489258,2.3895153999328613,0.8583464622497559,31.928924560546875
3514057591.0,-0.1683673709630966,5.082498550415039,9.975823402404783,1.5371243953704834,0.6100932359695435,31.962146759033203
3514065924.0,-0.3002679944038391,4.915985107421875,9.833873748779297,1.186798334121704,1.1645138263702393,31.92204093933105
3514074257.0,-0.4150735139846802,4.483786106109619,9.847763061523438,0.7256392240524292,1.6620965003967283,31.82567977905273
3514082590.0,-0.3771267235279083,4.324953079223633,9.834632873535156,0.4405524134635925,1.3151768445968628,31.80275154113769
3514090923.0,-0.1263441294431686,4.213916301727295,9.788991928100586,0.3603029549121856,0.7506898641586304,31.63736152648925
3514099256.0,-0.3464435338973999,4.286556243896484,9.2894287109375,0.1425049006938934,1.2583386898040771,31.606414794921875
3514107589.0,-0.4837901890277862,4.039154052734375,9.578362464904783,0.1746252030134201,2.445662260055542,31.552270889282227
3514115922.0,-0.7851483225822449,4.124205112457275,9.887702941894531,0.0511900931596756,2.2616236209869385,31.356603622436523
3514124255.0,-0.6171575784683228,4.4375200271606445,10.083170890808104,0.1272132098674774,1.589479923248291,31.247255325317383
3514132588.0,-0.2961314022541046,4.389642238616943,10.038690567016602,-0.0261265393346548,0.9218698740005492,31.149946212768555
3514140921.0,-0.3773451745510101,4.548234462738037,9.673227310180664,-0.339849978685379,1.7117880582809448,31.041906356811523
3514149254.0,-0.358351856470108,4.063068866729736,10.097636222839355,-0.3219200074672699,2.358163833618164,31.05632781982422
3514157587.0,-0.3474209904670715,3.98197340965271,10.01484203338623,-0.5281916260719299,1.6620452404022217,30.89654541015625
3514165920.0,-0.3618565201759338,3.829230308532715,9.83365535736084,-0.4622093141078949,1.3834645748138428,30.82292938232422
3514174253.0,-0.1950185298919677,3.735952377319336,9.704862594604492,-0.4376451969146728,1.8440601825714111,30.672828674316406
3514182586.0,-0.3126205503940582,3.896568775177002,9.77903652191162,-0.3915651142597198,2.3653101921081543,30.66734504699707
3514190919.0,-0.3044167757034302,3.6196908950805664,9.94370460510254,-0.5407170057296753,2.4760406017303467,30.55259704589844
3514199252.0,-0.4493295848369598,3.818156957626343,9.628517150878906,-0.4059858918190002,2.00491714477539,30.38510131835937
3514207585.0,-0.4551697671413421,3.8639378547668457,9.656869888305664,-0.3965598940849304,2.3889262676239014,30.40792465209961
3514215918.0,-0.2913490831851959,3.693536758422852,9.968201637268066,-0.5305480360984802,2.2590365409851074,30.277084350585938
3514224251.0,-0.420807421207428,3.8441991806030273,9.95742130279541,-0.7020866870880127,2.216388702392578,30.19381523132324
3514232584.0,-0.3400774896144867,3.563517093658448,9.970317840576172,-0.7971669435501099,2.350300073623657,30.18039321899414
3514240917.0,-0.375542551279068,3.659573554992676,9.677637100219728,-0.7371525764465332,2.273764371871948,29.9542179107666
3514249250.0,-0.1870797127485275,3.5525193214416504,9.529438972473145,-0.5631293654441833,2.193233013153076,29.78864860534668
3514257583.0,-0.2314254939556121,3.216507196426392,9.60690689086914,-0.7828739881515503,2.235394239425659,29.630556106567383
3514265916.0,-0.2999152839183807,3.4586329460144043,9.449817657470703,-0.6821844577789307,2.7782888412475586,29.53061294555664
3514274249.0,-0.5168253779411316,3.322256088256836,9.816658020019531,-0.5720943808555603,2.7993178367614746,29.38988494873047
3514282582.0,-0.5823009014129639,3.394428014755249,9.67526912689209,-0.5174078941345215,2.5449938774108887,29.201644897460938
3514290915.0,-0.4872452616691589,3.156165599822998,9.904335021972656,-0.5075976848602295,2.430907964706421,29.15902328491211
3514299248.0,-0.306905448436737,3.272406816482544,9.903325080871582,-0.6398696899414062,2.058553457260132,29.057079315185547
3514307581.0,-0.3212856352329254,3.528013229370117,9.890856742858888,-0.452040284872055,2.555726289749145,28.9486026763916
3514315914.0,-0.1984700411558151,3.184932231903076,9.911188125610352,-0.504626452922821,2.556725025177002,28.74266242980957
3514324247.0,-0.3395537436008453,3.0063893795013428,9.774543762207031,-0.6809293627738953,2.402271270751953,28.56072425842285
3514332580.0,-0.4034010469913482,2.939258813858032,9.655571937561035,-0.7042638063430786,2.7472949028015137,28.49748039245605
3514340913.0,-0.4843817055225372,3.0600039958953857,9.708590507507324,-0.4660769701004028,2.736229658126831,28.3160343170166
3514349246.0,-0.6632335186004639,3.3430521488189697,9.860100746154783,-0.3953047096729278,2.7338216304779053,28.203067779541016
3514357579.0,-0.7755367755889893,3.1675286293029785,10.010261535644531,-0.7009339928627014,2.608696222305298,27.9777946472168
3514365912.0,-0.8644517660140991,3.266505479812622,9.83062744140625,-0.708490252494812,2.175534009933472,27.82974624633789
3514374245.0,-0.6659367680549622,2.9288272857666016,9.98524570465088,-0.8117668628692627,1.827589631080628,27.583053588867188
3514382578.0,-0.4527044892311096,2.870271682739258,9.719402313232422,-0.7149192690849304,1.598931074142456,27.341737747192383
3514390911.0,-0.5360406041145325,2.879145860671997,9.718252182006836,-0.4888736307621002,2.0860629081726074,27.159496307373047
3514399244.0,-0.4144767224788666,2.5408947467803955,9.930233001708984,-0.4031940102577209,2.294717073440552,26.916650772094727
3514407577.0,-0.4808664917945862,2.4248054027557373,10.0027437210083,-0.3608536124229431,1.989599704742432,26.792675018310547
3514415910.0,-0.5529167652130127,2.7067136764526367,9.787426948547363,-0.3222016096115112,2.13992977142334,26.564189910888672
3514424243.0,-0.6701778173446655,3.0221593379974365,9.723152160644531,-0.2014304399490356,1.961090922355652,26.348392486572266
3514432576.0,-1.084078073501587,3.286942720413208,9.514716148376465,-0.4666915833950043,1.9883699417114256,26.052366256713867
3514440909.0,-1.2636728286743164,2.9936320781707764,9.587142944335938,-0.999058187007904,1.646317481994629,25.79276657104492
3514449242.0,-1.4724949598312378,2.964401960372925,9.503665924072266,-1.2337872982025146,1.0290141105651855,25.427867889404297
3514457575.0,-1.454868197441101,2.9539682865142822,9.584940910339355,-1.152666687965393,0.9632365107536316,25.169851303100582
3514465908.0,-1.0791292190551758,3.0205438137054443,9.92805290222168,-1.382733941078186,0.3297193944454193,24.73008346557617
3514474241.0,-0.7776078581809998,3.254150629043579,10.121888160705566,-1.88674545288086,0.0899700373411178,24.19681930541992
3514482574.0,-0.4015249013900757,3.0087804794311523,10.326749801635742,-2.0948097705841064,0.1975242495536804,23.950946807861328
3514490907.0,-0.4201139211654663,2.970244646072388,10.203645706176758,-2.019657611846924,0.6662393808364868,23.67920684814453
3514499240.0,-0.6298321485519409,2.6297075748443604,10.246661186218262,-2.143451452255249,0.8902615308761597,23.384540557861328
3514507573.0,-0.6941899657249451,2.3426945209503174,10.070884704589844,-2.301875591278076,0.3552824258804321,23.017078399658203
3514515906.0,-0.8677005171775818,2.145823240280152,9.801609992980955,-2.2055914402008057,0.2671437859535217,22.566062927246094
3514524239.0,-0.7748787999153137,1.7194722890853882,9.840529441833496,-1.8750139474868768,0.3671417534351349,22.240169525146484
3514532572.0,-0.6347653269767761,1.648457169532776,9.687023162841797,-1.6667702198028564,0.2948583960533142,21.94483757019043
3514540905.0,-0.566885769367218,1.4795243740081787,9.72115993499756,-1.366596817970276,0.2238556891679763,21.691308975219727
3514549238.0,-0.5209032893180847,1.4828168153762815,9.550850868225098,-0.9259806275367736,0.2781579196453094,21.37395095825196
3514557571.0,-0.3955044150352478,1.6437515020370483,9.784757614135742,-0.6152029633522034,0.6158304810523987,21.114013671875
3514565904.0,-0.2747144699096679,1.4647282361984253,9.817459106445312,-0.2787085771560669,0.2817950844764709,20.77244758605957
3514574237.0,-0.3457702994346618,1.5704323053359983,9.679336547851562,0.0366924032568931,0.3438840210437774,20.44584083557129
3514582570.0,-0.2754267752170563,1.5044357776641846,9.70592975616455,0.4856332242488861,0.5416772365570068,20.459209442138672
3514590903.0,-0.5941268801689148,1.478457808494568,9.60538387298584,0.5813792943954468,0.6386014819145203,20.079275131225582
3514599236.0,-0.6118094325065613,1.4184355735778809,9.968744277954102,0.5310986042022705,1.0234043598175049,19.925413131713867
3514607569.0,-0.3856835961341858,1.5765292644500732,9.948182106018066,0.6984875202178955,0.2244704067707061,19.728614807128903
3514615902.0,-0.705870509147644,2.193922519683838,9.565134048461914,0.7397010922431946,0.2873534262180328,19.51204872131348
3514624235.0,-0.4559975564479828,1.78789222240448,9.513103485107422,0.837829053401947,0.8088337182998657,19.256954193115234
3514632568.0,-0.2728954553604126,1.6307430267333984,9.773144721984863,0.4958019852638244,0.2503919899463653,18.96802520751953
3514640901.0,-0.2710214853286743,1.7293704748153689,9.494433403015137,0.5183425545692444,0.3742881119251251,18.94722557067871
3514649234.0,-0.4786413609981537,1.525967359542847,9.446727752685549,0.6395492553710938,0.9834203720092772,18.671669006347656
3514657567.0,-0.6111976504325867,1.790264368057251,9.682822227478027,0.8792985677719116,1.38238787651062,18.495004653930664
3514665900.0,-0.3321856558322906,1.2400760650634766,10.340250968933104,0.6443390250205994,0.2715749740600586,18.23558235168457
3514674233.0,-0.3287304639816284,1.4129021167755127,9.822561264038086,0.4651674330234527,-0.092595487833023,18.16435432434082
3514682566.0,-0.3342921435832977,1.6883265972137451,9.679261207580566,0.9015317559242249,0.8515326976776123,17.950345993041992
3514690899.0,-0.3039760887622833,1.5168815851211548,9.858454704284668,1.1290884017944336,0.8962294459342957,17.520511627197266
3514699232.0,-0.2665646076202392,1.5745866298675537,9.938385009765623,0.4689583480358124,0.4025406241416931,17.369848251342773
3514707565.0,-0.2490007132291793,1.3484262228012085,9.696816444396973,0.1570024788379669,0.3583560287952423,17.0806884765625
3514715898.0,-0.3972049355506897,1.5036399364471436,9.649639129638672,0.5426248908042908,1.580974817276001,16.945087432861328
3514724231.0,-0.4251300096511841,1.4131296873092651,10.042886734008787,0.8175936937332153,1.89918065071106,16.84823989868164
3514732564.0,-0.5779529213905334,1.0112789869308472,10.07660675048828,0.4693681895732879,0.9730721712112428,16.511978149414062
3514740897.0,-0.4906807541847229,1.2287129163742063,9.77527141571045,0.5803290605545044,0.9285547137260436,16.41023826599121
3514749230.0,-0.3037835657596588,0.9919936656951904,9.886165618896484,0.8797337412834167,1.325524091720581,16.143718719482422
3514757563.0,-0.3837890326976776,1.1813472509384155,9.829230308532717,1.3260875940322876,1.3023945093154907,15.795392990112305
3514765896.0,-0.3772416114807129,1.1973005533218384,9.7692289352417,1.2242454290390017,1.1711726188659668,15.471141815185549
3514774229.0,-0.4354653060436249,1.2447454929351809,9.561461448669434,1.2766008377075195,0.968794584274292,15.11715030670166
3514782562.0,-0.6277220249176025,1.425704002380371,9.516905784606934,1.2253726720809937,1.505541205406189,14.764984130859377
3514790895.0,-0.6152834296226501,1.2382709980010986,10.018047332763672,1.1596204042434692,1.8139106035232544,14.573822021484377
3514799228.0,-0.7132668495178223,1.337682008743286,10.072999000549316,1.307209849357605,1.2137179374694824,14.24467945098877
3514807561.0,-0.5667545199394226,1.4899053573608398,10.130090713500977,1.2200448513031006,0.8745086789131165,14.036310195922852
3514815894.0,-0.4867841601371765,1.4535658359527588,9.930882453918455,1.150015354156494,0.6665977835655212,13.74510097503662
3514824227.0,-0.3816468715667724,1.5507110357284546,9.860312461853027,1.1349539756774902,1.2942746877670288,13.424076080322266
3514832560.0,-0.2286093384027481,1.323577880859375,10.214826583862305,1.1406147480010986,1.573495388031006,13.156432151794434
3514840893.0,-0.2469557821750641,1.1921613216400146,10.131754875183104,1.152038812637329,1.390609860420227,12.84921646118164
3514849226.0,-0.2882303893566131,1.2329226732254028,9.957228660583496,1.1131820678710938,1.6983906030654907,12.546634674072266
3514857559.0,-0.4374052286148071,1.017966866493225,9.987451553344728,1.402289867401123,1.859068393707276,12.338597297668455
3514865892.0,-0.7608841061592102,0.9558852314949036,10.021949768066406,1.3597187995910645,1.8585304021835327,12.055659294128418
3514874225.0,-0.7807091474533081,1.0391218662261963,10.159086227416992,1.4210138320922852,1.6630172729492188,11.819472312927246
3514882558.0,-0.5739836096763611,1.0628032684326172,10.11004638671875,1.4484466314315796,1.2466832399368286,11.54073715209961
3514890891.0,-0.4725902080535888,1.2874187231063845,9.886555671691896,1.5326918363571167,1.3499853610992432,11.419862747192385
3514899224.0,-0.3549197018146515,1.053558588027954,9.875255584716797,1.4687331914901731,1.5277739763259888,11.204782485961914
3514907557.0,-0.6197213530540466,1.184203863143921,9.777162551879885,1.301754117012024,1.5521844625473022,10.994054794311523
3514915890.0,-0.6065872311592102,1.217862248420715,10.078584671020508,1.2950174808502195,1.88598895072937,10.801229476928713
3514924223.0,-0.506334125995636,0.8775924444198608,10.118902206420898,1.3176604509353638,1.2403055429458618,10.604999542236328
3514932556.0,-0.5799249410629272,0.8252251744270325,9.929472923278809,1.0949701070785522,1.3818753957748413,10.393348693847656
3514940889.0,-0.5950509905815125,0.6493151783943176,10.02199363708496,1.2662270069122314,1.7358640432357788,10.4531831741333
3514949222.0,-0.7639981508255005,0.7299154996871948,10.04220485687256,1.2677127122879028,1.3287256956100464,10.334409713745115
3514957555.0,-0.849499523639679,0.686874270439148,10.08866024017334,1.1345953941345217,0.9462795853614808,10.10254955291748
3514965888.0,-0.6196816563606262,0.6711646318435669,9.961262702941896,1.0710976123809814,0.6355019211769104,9.979496955871582
3514974221.0,-0.3994787335395813,0.9339256882667542,9.825661659240724,1.04545795917511,0.7580917477607727,9.987567901611328
3514982554.0,-0.2859476506710052,1.0245486497879028,9.815632820129396,0.9110854268074036,0.7451052665710449,9.881882667541504
3514990887.0,-0.4511436223983764,0.7149660587310791,9.641794204711914,0.8742266893386841,1.1216857433319092,9.665390968322754
3514999220.0,-0.7263408899307251,0.6308667659759521,9.703258514404297,0.8021225333213806,1.7324572801589966,9.731783866882324
3515007553.0,-0.592660665512085,0.3322418630123138,10.088838577270508,1.2274214029312134,1.2726305723190308,9.69041633605957
3515015886.0,-0.736451268196106,0.4298361539840698,9.66127872467041,1.19248366355896,0.545314371585846,9.452359199523926
3515024219.0,-0.6275462508201599,0.5763472318649292,9.497349739074709,1.564530372619629,0.6587597727775574,9.361964225769045
3515032552.0,-0.4531857371330261,0.2386630624532699,9.49693202972412,1.859606504440308,0.8776847124099731,9.19959831237793
3515040885.0,-0.5658814907073975,0.2564098834991455,9.562379837036133,1.9245129823684688,0.7258947491645813,9.083154678344728
3515049218.0,-0.632436990737915,0.087488017976284,9.48106288909912,2.2936654090881348,0.8459742069244385,8.937845230102539
3515057551.0,-0.6105388402938843,0.5823292136192322,9.407885551452637,2.773855447769165,0.9801671504974364,8.911486625671387
3515065884.0,-0.5724994540214539,0.7518674731254578,9.747186660766602,2.865605592727661,0.6255893707275391,8.781163215637207
3515074217.0,-0.4451500475406647,0.5099972486495972,9.575510025024414,2.719297170639038,0.4201375544071197,8.663901329040527
3515082550.0,-0.5266433358192444,0.8308033347129822,9.663782119750977,2.8660664558410645,0.7773025035858154,8.686927795410156
3515090883.0,-0.5038354992866516,0.9579581022262572,9.882497787475586,3.123284816741944,1.0264009237289429,8.674736022949219
3515099216.0,-0.4089662134647369,0.833892285823822,9.8286771774292,3.195875406265259,0.3711118400096893,8.501045227050781
3515107549.0,-0.2407026290893554,0.739870548248291,9.703407287597656,3.072619915008545,0.3462404906749725,8.521716117858887
3515115882.0,-0.1930417269468307,0.5769253373146057,9.704790115356444,3.2121410369873047,0.6757932901382446,8.618718147277832
3515124215.0,-0.342366099357605,0.9054388999938964,9.576433181762695,3.2433133125305176,1.437381386756897,8.46413516998291
3515132548.0,-0.4004497528076172,0.8761580586433411,9.96165370941162,3.41871976852417,1.489660143852234,8.38357925415039
3515140881.0,-0.5178993344306946,0.8581594824790955,9.8988676071167,3.177330732345581,0.757579505443573,8.326509475708008
3515149214.0,-0.6273408532142639,1.0670535564422607,9.74789333343506,3.047184705734253,1.0037578344345093,8.179791450500488
3515157547.0,-0.5222349762916565,1.2144228219985962,9.732577323913574,3.261038303375244,1.3180445432662964,8.158300399780273
3515165880.0,-0.4239478707313537,1.2034494876861572,9.844246864318848,3.0836338996887207,0.9180526733398438,8.171876907348633
3515174213.0,-0.2734122276306152,1.1689143180847168,9.595815658569336,2.773214817047119,0.699332594871521,8.107916831970215
3515182546.0,-0.0553533099591732,1.0603375434875488,9.578411102294922,2.8971877098083496,0.9919240474700928,7.987196922302246
3515190879.0,-0.4190709590911865,1.2395371198654177,9.525949478149414,2.6669158935546875,1.6488524675369265,7.902619361877441
3515199212.0,-0.7594324946403503,1.166273593902588,9.8876953125,2.522169351577759,2.4296250343322754,8.013219833374023
3515207545.0,-0.6758677363395691,0.996942698955536,10.132665634155272,2.322352647781372,1.693779706954956,7.918601989746094
3515215878.0,-0.5843339562416077,1.0473709106445312,10.192570686340332,2.1384427547454834,0.9931790828704834,7.9172444343566895
3515224211.0,-0.3775363266468048,0.6837092638015747,9.839936256408691,2.289080142974853,1.3042384386062622,7.922264575958252
3515232544.0,-0.7362546324729919,0.8379635214805603,9.700958251953123,2.421582698822021,2.009321451187134,8.03527545928955
3515240877.0,-0.5433210730552673,1.0591871738433838,10.11384391784668,2.5309042930603027,2.071897029876709,8.023416519165039
3515249210.0,-0.2061577886343002,0.8180854320526123,10.11793613433838,2.128171682357788,0.7840901613235474,7.837968349456787
3515257543.0,-0.2414968162775039,0.9349976778030396,9.539374351501465,2.0760464668273926,1.166433811187744,7.927899837493896
3515265876.0,-0.483339250087738,1.1103943586349487,9.624300956726074,2.430957317352295,2.871701955795288,7.9915008544921875
3515274209.0,-0.823248028755188,0.954297125339508,10.261876106262209,2.58126163482666,2.862428903579712,7.971853733062744
3515282542.0,-1.030315399169922,1.1339980363845823,10.31406593322754,2.065314054489136,1.780637502670288,7.931050777435303
3515290875.0,-0.754671573638916,0.9319311380386353,10.18891429901123,1.940675377845764,1.0125690698623655,8.014655113220215
3515299208.0,-0.5619946122169495,0.8614750504493713,9.772809982299805,2.1511218547821045,1.3497549295425415,7.920958518981934
3515307541.0,-0.5734380483627319,0.8643831610679626,9.77072525024414,2.489511489868164,2.2688450813293457,8.052001953125
3515315874.0,-0.6119756698608398,0.7464500069618225,9.959798812866213,2.2965595722198486,1.8319941759109497,7.889145851135254
3515324207.0,-0.6641582250595093,1.1091843843460083,9.868562698364258,2.320380687713623,1.4775186777114868,7.856128692626953
3515332540.0,-0.5447553396224976,1.1986852884292605,10.023734092712402,2.3635919094085693,1.844545125961304,7.825750827789307
3515340873.0,-0.7095870971679688,0.94469153881073,9.996904373168944,2.2516064643859863,1.9569404125213623,7.823368072509766
3515349206.0,-0.7892914414405823,1.188714623451233,10.09844207763672,2.222047805786133,2.0996885299682617,7.880692958831787
3515357539.0,-0.745026707649231,1.1309086084365845,10.160174369812012,2.3759119510650635,1.6377099752426147,7.825904369354248
3515365872.0,-0.6942392587661743,1.053754806518555,10.076220512390137,2.3947131633758545,1.141485571861267,7.776622295379639
3515374205.0,-0.6166555285453796,1.197035312652588,9.799959182739258,2.275888681411743,1.5137883424758911,7.728160381317139
3515382538.0,-0.7774102687835693,1.0568842887878418,9.749473571777344,2.284648895263672,1.7422930002212524,7.690071582794189
3515390871.0,-0.782121479511261,1.0341814756393433,9.891799926757812,2.255474328994751,1.7955193519592283,7.629340171813965
3515399204.0,-0.7732765674591064,0.9245195388793944,9.901901245117188,2.0100388526916504,1.3517018556594849,7.662717819213867
3515407537.0,-0.9364888072013856,0.9584423899650574,9.88526725769043,2.188160419464112,1.2964519262313845,7.55636739730835
3515415870.0,-1.0400844812393188,1.1215654611587524,9.838896751403809,2.2738399505615234,1.638837456703186,7.411288261413574
3515424203.0,-1.0298632383346558,1.0356231927871704,10.206477165222168,2.168411493301392,1.1542927026748655,7.317718982696533
3515432536.0,-0.8551063537597656,0.9443409442901612,10.040837287902832,1.9633697271347048,0.5096336603164673,7.212470054626465
3515440869.0,-0.694947361946106,1.1448458433151243,9.944661140441896,1.8459025621414185,0.8339354395866394,7.103019237518311
3515449202.0,-0.7057852149009705,1.2593300342559814,10.041833877563477,1.816779375076294,1.2148191928863523,7.052303791046143
3515457535.0,-0.8884501457214355,1.452649474143982,9.888256072998049,1.396347165107727,0.9167463183403016,6.816242218017578
3515465868.0,-1.0519216060638428,1.2046997547149658,10.02282428741455,0.8203086853027344,0.6362191438674927,6.664144992828369
3515474201.0,-0.9523952603340148,0.9174624681472778,10.039801597595217,0.550923764705658,0.3644008934497833,6.552748680114746
3515482534.0,-0.7994477152824402,0.8155568242073059,9.98315715789795,0.6031255722045898,0.4607360064983368,6.51845121383667
3515490867.0,-0.8678860068321228,0.7005565166473389,10.154001235961914,0.5420612096786499,0.442754864692688,6.36002779006958
3515499200.0,-1.0032404661178589,0.5341837406158447,9.769619941711426,0.5021541714668274,0.299033373594284,6.306570529937744
3515507533.0,-1.0580319166183472,0.4520729184150696,9.93779468536377,0.2759037613868713,0.0684796646237373,6.1028361320495605
3515515866.0,-1.0266849994659424,0.2723537683486938,9.893731117248535,0.2260072231292724,-0.0229247435927391,5.986316204071045
3515524199.0,-0.90957909822464,0.2770333290100097,9.635150909423828,0.5123230814933777,-0.3745313286781311,5.863213539123535
3515532532.0,-0.7490180134773254,0.4304504990577698,9.89948558807373,0.6138067245483398,-0.3673337399959564,5.563475608825684
3515540865.0,-0.460833728313446,0.4548024535179138,9.69712734222412,0.6022546291351318,-0.7079775333404541,5.5037946701049805
3515549198.0,-0.5584579110145569,0.59715336561203,9.58273696899414,0.3521572649478912,-0.5980667471885681,5.34298849105835
3515557531.0,-0.8938830494880676,0.2751524150371551,9.632384300231934,0.4751056134700775,0.2988028526306152,5.353643894195557
3515565864.0,-1.0735493898391724,-0.0719462931156158,9.668007850646973,0.655455470085144,0.0708617866039276,5.191685199737549
3515574197.0,-1.1609196662902832,-0.1436364650726318,10.029532432556152,0.9233803153038024,-0.7640981674194336,4.906521797180176
3515582530.0,-0.7598176598548889,-0.0477570295333862,9.770425796508787,1.238179326057434,-1.3331184387207031,4.742795467376709
3515590863.0,-0.3353127241134643,0.0701856836676597,9.624955177307127,1.4332059621810913,-1.5199743509292605,4.685906410217285
3515599196.0,-0.2763920128345489,0.3414360582828522,9.549778938293455,1.5656830072402954,-0.6431734561920166,4.538342952728272
3515607529.0,-0.3783627450466156,0.0140567030757665,9.64066219329834,1.4065160751342771,-0.1374716013669967,4.517518997192383
3515615862.0,-0.6423848867416382,0.1226001605391502,9.832691192626951,1.4058502912521362,-0.2570644617080688,4.186249732971191
3515624195.0,-0.5196034908294678,0.3053002953529358,10.06361198425293,1.7777689695358276,-0.4535512924194336,4.32192850112915
3515632528.0,-0.229906678199768,0.1041693091392517,10.02363109588623,1.841420292854309,-0.905796229839325,4.192422866821289
3515640861.0,-0.3013624250888824,0.1597273349761963,9.820788383483888,1.9068902730941768,-0.3224063813686371,4.337245941162109
3515649194.0,-0.5706142783164978,0.1004862338304519,9.65652847290039,1.939548373222351,0.2346904575824737,4.22713041305542
3515657527.0,-0.555181086063385,-0.349734216928482,9.86190414428711,2.22571063041687,0.0370509922504425,4.128208160400391
3515665860.0,-0.4734135568141937,-0.3730465173721313,9.774531364440918,2.4377450942993164,-0.3423342704772949,4.053158760070801
3515674193.0,-0.2807514369487762,-0.413881242275238,9.653152465820312,2.921316623687744,-0.1361396610736847,4.0254435539245605
3515682526.0,-0.3413891494274139,-0.1115763261914253,9.640216827392578,3.334909200668335,0.4606848061084747,3.9613308906555176
3515690859.0,-0.5419737100601196,0.3307677507400512,9.812793731689451,3.5612621307373047,0.7906216979026794,3.978108406066896
3515699192.0,-0.4818181991577148,0.0429284051060676,10.164834976196287,3.2470524311065674,0.465833306312561,3.910973310470581
3515707525.0,-0.5245835185050964,0.3447977900505066,9.922657012939451,3.1954140663146973,0.0352579951286315,3.767584800720215
3515715858.0,-0.6382492780685425,0.316057950258255,9.78807544708252,3.5634138584136963,0.3669110834598541,4.005976676940918
3515724191.0,-0.6272228956222534,0.0438913516700267,9.830568313598633,3.546175241470337,0.5299713015556335,4.028926849365234
3515732524.0,-0.3612470924854278,0.1463768482208252,9.87277603149414,3.5419492721557617,-0.0523042641580104,4.00267219543457
3515740857.0,-0.3639962077140808,0.0013902751961722,9.732450485229492,3.404400587081909,-0.0061218021437525,4.017861843109131
3515749190.0,-0.4734188914299011,-0.036845363676548,9.58981227874756,3.541923761367798,0.8639040589332581,4.10986852645874
3515757523.0,-0.6171049475669861,0.2025917023420334,10.049843788146973,3.695378303527832,1.2922252416610718,4.160148620605469
3515765856.0,-0.6385982632637024,0.1580229699611663,10.299545288085938,3.5383121967315674,0.3376852571964264,4.067220211029053
3515774189.0,-0.546428918838501,0.4884037375450134,10.07906723022461,3.492615938186645,-0.2793744504451751,4.066835880279541
3515782522.0,-0.4037224352359772,0.6082712411880493,9.779946327209473,3.435342788696289,0.535042941570282,4.243855953216553
3515790855.0,-0.3509403765201568,0.5122246146202087,9.991990089416504,3.3743038177490234,0.8143405914306641,4.234967708587647
3515799188.0,-0.2859280705451965,0.4821321368217468,9.953957557678224,3.059325695037842,0.4205473065376282,4.264782905578613
3515807521.0,-0.3050253093242645,0.7340408563613892,9.771259307861328,2.8760557174682617,0.4652953743934631,4.2093024253845215
3515815854.0,-0.4491900503635406,0.6370036005973816,9.855920791625977,2.887197732925415,1.3209388256072998,4.15146541595459
3515824187.0,-0.6585845947265625,0.5509021878242493,10.025806427001951,2.681156873703003,1.5681418180465698,4.275515556335449
3515832520.0,-0.5815327167510986,0.2581169307231903,10.402915000915527,2.630902051925659,1.116255521774292,4.300540447235107
3515840853.0,-0.6022637486457825,0.1880102157592773,9.941128730773926,2.9185240268707275,0.3122759163379669,4.204742431640625
3515849186.0,-0.621464729309082,0.3154288530349731,9.721906661987305,3.173360109329224,0.7654173970222473,3.9497532844543457
3515857519.0,-0.4831820428371429,0.2627332508563995,9.937814712524414,3.3073740005493164,1.241483449935913,3.9022135734558105
3515865852.0,-0.3970580101013183,0.2321643829345703,9.930770874023438,3.3305037021636963,0.8700771927833557,3.8793652057647705
3515874185.0,-0.4023101031780243,0.5647503733634949,9.85463809967041,3.402479410171509,0.7620618343353271,3.847936630249024
3515882518.0,-0.4229799807071686,0.328334242105484,9.76158618927002,3.5382866859436035,1.4061063528060913,3.915558338165283
3515890851.0,-0.4423020482063293,0.3673708140850067,10.15212631225586,3.623222827911377,1.664041519165039,3.923908710479736
3515899184.0,-0.5325391292572021,0.5008766651153564,10.404825210571287,3.83582067489624,1.4297224283218384,3.9937069416046143
3515907517.0,-0.3856598138809204,0.3254853785037994,10.438070297241213,3.961459398269653,1.224245309829712,3.9697580337524414
3515915850.0,-0.2835997641086578,0.6918898820877075,10.085579872131348,4.020756721496582,1.2891772985458374,3.8610005378723145
3515924183.0,-0.4677382111549377,0.6058468222618103,10.012049674987791,3.958718776702881,2.0484089851379395,3.878341197967529
3515932516.0,-0.5550205111503601,0.4027559161186218,9.886800765991213,4.017093181610107,2.044771432876587,3.949112892150879
3515940849.0,-0.8180040717124939,0.6260625720024109,10.03183650970459,4.056231498718262,1.807225227355957,3.894119262695313
3515949182.0,-0.954126477241516,0.6789448857307434,9.962328910827637,3.816303014755249,1.599980354309082,3.95354437828064
3515957515.0,-0.888961911201477,0.839878261089325,9.950138092041016,3.756237745285034,1.4605108499526978,3.905748605728149
3515965848.0,-0.7935137152671814,0.966309666633606,10.125654220581056,3.8889198303222656,1.4450398683547974,4.019783020019531
3515974181.0,-0.8053686618804932,0.4330803453922272,10.07538890838623,3.601323127746582,1.1141551733016968,3.924395799636841
3515982514.0,-0.9131552577018738,0.6042642593383789,9.894867897033691,3.534085512161255,1.0745043754577637,4.080667972564697
3515990847.0,-0.9878342151641846,1.008485198020935,9.984213829040527,3.6912546157836914,0.9691530466079712,4.141398906707764
3515999180.0,-0.719546914100647,1.037043213844299,10.058985710144045,3.3974850177764893,0.5049974322319031,3.833489894866944
3516007513.0,-0.590079665184021,1.0977901220321655,9.948068618774414,2.884636640548706,0.1369977444410324,3.792174816131592
3516015846.0,-0.6261341571807861,1.0081230401992798,9.833090782165527,2.4899728298187256,0.7944127321243286,3.9855878353118896
3516024179.0,-0.9532874226570128,1.0568361282348633,9.91378116607666,2.514075756072998,1.1572896242141724,4.009921550750732
3516032512.0,-0.9880892634391784,0.9466930627822876,10.287557601928713,2.3351857662200928,0.7310687303543091,3.9039812088012695
3516040845.0,-0.7130254507064819,0.5959954261779785,10.307971954345703,1.822798609733581,-0.4804205596446991,3.93661379814148
3516049178.0,-0.5346659421920776,0.6560231447219849,9.834856986999512,1.8217997550964355,-0.5404604077339172,3.8815176486968994
3516057511.0,-0.7143547534942627,0.8419829607009888,9.726279258728027,1.8632179498672483,0.685936450958252,4.081410884857178
3516065844.0,-0.6631441712379456,0.6265769004821777,9.883910179138184,1.7972102165222168,0.9119821190834044,3.9027774333953857
3516074177.0,-0.6777592301368713,0.616655707359314,10.03361701965332,1.476417064666748,-0.2346775978803634,3.81328010559082
3516082510.0,-0.4421065747737884,0.6454997658729553,9.790505409240724,1.2225288152694702,-0.493509441614151,3.935844898223877
3516090843.0,-0.4011833965778351,0.886584460735321,9.617414474487305,1.5393260717391968,0.2248289734125137,3.961843490600586
3516099176.0,-0.7729164958000183,0.805555522441864,9.831191062927246,1.4082322120666504,0.9053735733032228,3.8610005378723145
3516107509.0,-0.741654098033905,0.4164462089538574,9.901989936828612,1.1547025442123413,0.5333011746406555,3.9377403259277344
3516115842.0,-0.6391476988792419,-0.0601686351001262,9.807708740234377,1.4238312244415283,-0.5403578877449036,3.8732948303222656
3516124175.0,-0.6160179972648621,-0.1591953188180923,9.63316822052002,1.840421438217163,-0.1779676973819732,3.927751064300537
3516132508.0,-0.4109702408313751,0.0664388164877891,9.575183868408203,2.2073452472686768,0.3885551691055298,3.813332319259644
3516140841.0,-0.434883564710617,0.2064691334962844,9.82365608215332,2.5913281440734863,-0.1273283809423446,3.742509126663208
3516149174.0,-0.3747058510780334,0.2564029395580292,9.616427421569824,2.3014516830444336,-0.1197977811098098,3.7962217330932617
3516157507.0,-0.4209398031234741,0.2796660363674164,9.658897399902344,2.20662784576416,0.258204311132431,3.864637613296509
3516165840.0,-0.5048632621765137,0.560199499130249,9.848065376281738,2.5208122730255127,0.8758659958839417,3.798015117645264
3516174173.0,-0.5592275857925415,0.8739830255508423,9.871651649475098,2.502241849899292,0.5317899584770203,3.893812417984009
3516182506.0,-0.3691609799861908,0.5500480532646179,9.836596488952637,2.517943382263184,-0.2601893842220306,3.834950208663941
3516190839.0,-0.4657038450241089,0.4070470929145813,9.391480445861816,2.1214606761932373,-0.032658152282238,3.8935561180114746
3516199172.0,-0.4286089837551117,0.4976586997509002,9.44052505493164,2.4288058280944824,0.7075292468070984,3.933231830596924
3516207505.0,-0.614089846611023,0.2010726481676101,9.605292320251465,2.5405352115631104,0.6115782260894775,3.823296308517456
3516215838.0,-0.6475012302398682,0.2544710338115692,9.713634490966797,2.584258556365967,0.4305881261825561,3.875088214874268
3516224171.0,-0.3974120914936065,0.1378219872713089,9.89209270477295,2.706259250640869,0.1536469906568527,3.9062094688415527
3516232504.0,-0.4218640327453613,0.3725884556770324,9.826770782470703,2.825211763381958,0.358868271112442,3.89396595954895
3516240837.0,-0.6231628060340881,0.6331397891044617,9.665003776550291,2.934149265289306,1.043408751487732,3.834028482437134
3516249170.0,-0.4829183518886566,0.3246502876281738,9.88978672027588,2.893473625183105,0.6472845673561096,3.8959381580352783
3516257503.0,-0.4391224086284637,0.3946576416492462,9.744423866271973,2.848879337310791,-0.015522226691246,3.811334371566773
3516265836.0,-0.3901646733283996,0.5387802124023438,9.66608428955078,2.8801543712615967,0.451771080493927,3.7576982975006095
3516274169.0,-0.4368334710597992,0.7337033748626709,9.641973495483398,2.940040349960327,1.0662821531295776,3.8577728271484375
3516282502.0,-0.5452789068222046,0.8354940414428711,9.933929443359377,2.757154703140259,0.9151069521903992,3.759721755981445
3516290835.0,-0.4324550330638885,0.6997639536857605,9.90281867980957,2.21274995803833,0.5899342894554138,3.780289888381958
3516299168.0,-0.3968659937381744,0.6233150959014893,9.80889892578125,2.078198194503784,0.6394209861755371,3.72114634513855
3516307501.0,-0.4733102023601532,0.5933720469474792,9.961913108825684,1.9720271825790403,1.343863606452942,3.834233522415161
3516315834.0,-0.5904200673103333,0.369200587272644,10.14026927947998,1.9584773778915403,1.6965205669403076,3.707852840423584
3516324167.0,-0.5115408301353455,0.2558600306510925,10.252779006958008,1.764167547225952,0.7346290349960327,3.785643577575684
3516332500.0,-0.3086775243282318,0.3472994267940521,9.88978385925293,1.823951244354248,0.6377047896385193,3.663590908050537
3516340833.0,-0.1860673427581787,0.0504343956708908,9.8768310546875,2.0518667697906494,1.3046481609344482,3.638284683227539
3516349166.0,-0.3647962808609009,0.0055227670818567,9.959067344665527,2.1634681224823,1.846671223640442,3.748758792877197
3516357499.0,-0.541809618473053,0.1161281391978263,10.145981788635254,2.20847225189209,1.7848896980285645,3.760797500610352
3516365832.0,-0.5020787715911865,0.2362288385629654,10.113648414611816,2.63325834274292,1.232749104499817,3.6571881771087646
3516374165.0,-0.4055591523647308,0.3241327106952667,9.984955787658691,2.5529325008392334,1.294069766998291,3.566154956817627
3516382498.0,-0.4428465068340301,0.3912719190120697,10.001848220825195,2.7011876106262207,2.083141803741455,3.654575109481812
3516390831.0,-0.60047847032547,-0.0337564535439014,10.004064559936523,2.7157108783721924,2.17171573638916,3.732698440551758
3516399164.0,-0.9723482131958008,0.1222661808133125,9.859923362731934,2.882049560546875,1.9696192741394043,3.722555160522461
3516407497.0,-0.9091633558273317,0.0883932933211326,10.017934799194336,3.0227744579315186,1.7198039293289185,3.730956792831421
3516415830.0,-0.5302692651748657,0.2112990915775299,10.023314476013184,3.050411939620972,0.8938472270965576,3.5812158584594727
3516424163.0,-0.401372879743576,0.4952996075153351,9.916388511657717,3.067138433456421,1.0568050146102903,3.60823917388916
3516432496.0,-0.509270429611206,0.3713137209415436,9.878955841064451,2.981048583984375,1.751002073287964,3.656649827957153
3516440829.0,-0.7912622690200806,0.4155511558055877,10.06581687927246,3.186500072479248,1.884400725364685,3.6132075786590576
3516449162.0,-0.8121436834335327,0.65334153175354,10.361133575439451,3.123899221420288,1.6160917282104492,3.483728408813477
3516457495.0,-0.5903812050819397,0.5275989770889282,10.235271453857422,3.1472084522247314,0.8936166167259216,3.535930156707764
3516465828.0,-0.540962278842926,0.6089129447937012,9.879082679748535,3.070467948913574,1.1352356672286987,3.551913022994995
3516474161.0,-0.6184690594673157,0.4313456416130066,9.80721950531006,3.1367833614349365,1.7526668310165403,3.570432662963867
3516482494.0,-0.8142126798629761,0.1187856122851371,9.859734535217283,3.0187530517578125,1.6687800884246826,3.712360620498657
3516490827.0,-0.9143958687782288,0.4403202533721924,9.905071258544922,3.101102828979492,0.9704338312149048,3.4482014179229736
3516499160.0,-0.7506508231163025,0.4038147926330566,9.919129371643066,3.3904924392700195,0.8855225443840027,3.396639347076416
3516507493.0,-0.7920075058937073,0.3766493499279022,9.959728240966797,3.278737545013428,0.9691018462181092,3.4121108055114746
3516515826.0,-0.7651041746139526,0.6424838304519653,9.941554069519045,3.259321928024292,1.1837748289108276,3.3448479175567627
3516524159.0,-0.7276827096939087,0.6389247179031372,10.044808387756348,3.3281726837158203,0.8825768232345581,3.4087555408477783
3516532492.0,-0.7042577266693115,0.5929709076881409,9.790335655212402,3.2281494140625,0.4567402601242065,3.1979243755340576
3516540825.0,-0.7377378940582275,0.5795250535011292,9.855408668518066,3.08642578125,0.8570651412010193,3.3266615867614746
3516549158.0,-0.6547179818153381,0.5713034272193909,10.005765914916992,2.982585906982422,0.8969977498054504,3.313009262084961
3516557491.0,-0.6369859576225281,0.7384064793586731,9.962114334106444,2.953590154647827,0.5300993919372559,3.2393171787261963
3516565824.0,-0.7683025598526001,0.8181052207946777,9.909841537475586,2.6736268997192383,0.6744612455368042,3.2010498046875
3516574157.0,-0.8187310695648193,0.6108530163764954,9.850050926208496,2.390819549560547,0.550257682800293,3.2163405418396
3516582490.0,-0.902320384979248,0.3830220103263855,9.782394409179688,2.18644380569458,0.6023058891296387,3.1520493030548096
3516590823.0,-0.6371037364006042,0.2948568165302276,10.02468204498291,2.0847809314727783,0.3211384415626526,3.111578702926636
3516599156.0,-0.510559618473053,0.1795416474342346,9.825254440307615,2.203246593475342,-0.1672352999448776,2.9323043823242188
3516607489.0,-0.6728479266166687,0.2814681828022003,9.712220191955566,2.033501148223877,0.6248208284378052,2.9988248348236084
3516615822.0,-0.5886465311050415,0.0381808504462242,9.83336067199707,2.271201133728028,0.7839364409446716,2.9959044456481934
3516624155.0,-0.753228485584259,0.0129396170377731,10.044217109680176,2.2786550521850586,0.2815644741058349,3.0587875843048096
3516632488.0,-0.7856160998344421,0.3304228782653808,9.740180015563965,2.378422260284424,0.2325131893157959,2.9179346561431885
3516640821.0,-0.5599448680877686,0.5097686052322388,9.850732803344728,2.516380786895752,0.0429934933781623,2.7887113094329834
3516649154.0,-0.4841373562812805,0.6012796759605408,9.826510429382324,2.192821979522705,-0.1649044454097747,2.607875108718872
3516657487.0,-0.6299099326133728,0.5503589510917664,9.790267944335938,1.617910385131836,0.3834579288959503,2.682386636734009
3516665820.0,-0.9033163785934448,0.405618280172348,9.749046325683594,2.0636239051818848,0.7035590410232544,2.7039542198181152
3516674153.0,-1.0531286001205444,0.0385395437479019,9.85430908203125,1.9607313871383667,0.2754939198493957,2.6654300689697266
3516682486.0,-0.979586660861969,0.0002725997474044,9.92515468597412,1.9247946739196773,-0.6478864550590515,2.5782649517059326
3516690819.0,-0.5766095519065857,0.134094625711441,9.608697891235352,2.0651605129241943,-0.774164617061615,2.4937376976013184
3516699152.0,-0.478013128042221,0.5357202291488647,9.651239395141602,2.2737629413604736,-0.3080624341964721,2.4496560096740723
3516707485.0,-0.6910766363143921,0.325868159532547,9.703989028930664,2.1174135208129883,0.1746250391006469,2.3436124324798584
3516715818.0,-0.7535147070884705,0.1480596363544464,9.830277442932127,1.8278188705444336,-0.0053789890371263,2.301220893859864
3516724151.0,-0.6383030414581299,0.2379264831542968,10.142831802368164,2.034320592880249,-0.4898209869861603,2.264157056808472
3516732484.0,-0.5365143418312073,0.2106669247150421,9.93897819519043,2.3231983184814453,-0.4323683083057403,2.272379875183105
3516740817.0,-0.5272958278656006,0.2076920121908188,9.944082260131836,2.56712293624878,-0.1948475092649459,2.384186029434204
3516749150.0,-0.5322812795639038,0.3773380815982818,10.108755111694336,2.232344388961792,-0.3283488750457763,2.3927152156829834
3516757483.0,-0.5618590712547302,0.0767055749893188,9.921971321105955,2.300120115280152,-0.6163809895515442,2.343792200088501
3516765816.0,-0.7240914702415466,0.1633594036102295,9.838932037353516,2.442483901977539,-0.1585265100002288,2.462462902069092
3516774149.0,-0.6657407879829407,0.1025584191083908,10.011622428894045,2.698882341384888,0.0548272654414176,2.437361001968384
3516782482.0,-0.7819521427154541,0.1643232107162475,10.01133918762207,2.748138904571533,-0.5073667764663696,2.243717670440674
3516790815.0,-0.8309360146522522,0.2767754793167114,9.92271327972412,2.584770917892456,-0.5408702492713928,2.2890546321868896
3516799148.0,-0.7942785024642944,0.32447150349617,10.052401542663574,2.6131515502929688,-0.307268351316452,2.267871618270874
3516807481.0,-0.7132109999656677,0.134206011891365,10.175772666931152,2.8399910926818848,-0.4009652435779571,2.4148969650268555
3516815814.0,-0.66872638463974,0.0626863613724708,10.060579299926758,2.767246723175049,-0.8966774940490723,2.1957931518554688
3516824147.0,-0.5597431063652039,-0.1049497425556182,9.860475540161133,3.067189216613769,-0.978053867816925,2.3595707416534424
3516832480.0,-0.6378906965255737,-0.0704983621835708,9.95409870147705,3.1698250770568848,-0.5757567286491394,2.4136929512023926
3516840813.0,-0.7082688212394714,0.3342204391956329,10.153386116027832,3.12597393989563,-0.2958700060844421,2.2913851737976074
3516849146.0,-0.6697385311126709,0.2837847471237182,10.429375648498535,3.019930601119995,-0.6384347081184387,2.3528592586517334
3516857479.0,-0.6834095120429993,0.5134210586547852,10.119089126586914,2.7166075706481934,-1.0696760416030884,2.3468658924102783
3516865812.0,-0.5375750064849854,0.5159264206886292,10.110194206237791,2.656106948852539,-0.8450905084609985,2.3321633338928223
3516874145.0,-0.5146077871322632,0.2351829260587692,10.187368392944336,2.618863821029663,-0.8542860150337219,2.2914624214172363
3516882478.0,-0.5158317685127258,0.3885744512081146,9.961910247802734,2.357419013977051,-1.002259373664856,2.346994400024414
3516890811.0,-0.3793187439441681,0.3308234214782715,10.09207248687744,2.267538785934448,-1.0558189153671265,2.3918702602386475
3516899144.0,-0.5721966624259949,0.1775285005569458,9.75306510925293,2.2411046028137207,-0.6584907174110413,2.496452808380127
3516907477.0,-0.8745419383049011,0.3272311389446258,10.14789581298828,2.30562710762024,0.0907896533608436,2.549090385437012
3516915810.0,-0.8102840185165405,0.2828896939754486,10.642048835754396,2.245971202850342,-0.5162548422813416,2.5364878177642822
3516924143.0,-0.7471946477890015,0.6642102599143982,10.45298671722412,1.9801982641220093,-1.6321135759353638,2.3093924522399902
3516932476.0,-0.4276816844940185,0.8448891043663025,9.907859802246094,1.8819165229797363,-1.446205496788025,2.3078553676605225
3516940809.0,-0.3685165345668793,0.5125332474708557,9.739904403686523,1.7386301755905151,-0.7738829255104065,2.249275684356689
3516949142.0,-0.6188293099403381,0.1288855075836181,9.861387252807615,1.5228559970855713,-0.2568339407444,2.242436408996582
3516957475.0,-0.7301622033119202,-0.0381255038082599,10.038281440734863,1.616296887397766,-0.5257322192192078,2.134216547012329
3516965808.0,-0.641552209854126,-0.1381102353334427,10.061474800109863,2.144411087036133,-1.2296884059906006,2.3015801906585693
3516974141.0,-0.3136910498142242,0.0742445588111877,9.751616477966309,2.2859809398651123,-1.260271668434143,2.240182876586914
3516982474.0,-0.1506519764661789,-0.074049562215805,9.726539611816406,2.3646163940429688,-1.0096617937088013,2.211007833480835
3516990807.0,-0.2620921730995178,-0.2694516479969024,9.576683044433594,2.5101566314697266,-0.6539314985275269,2.149354934692383
3516999140.0,-0.5246771574020386,0.1322853416204452,9.68780517578125,2.7953457832336426,-0.1323487609624862,2.061856269836426
3517007473.0,-0.2915669977664947,0.1245782971382141,10.021855354309082,3.0986948013305664,-0.4316254556179046,2.045001983642578
3517015806.0,0.0416820980608463,0.1960260719060897,9.8514986038208,3.047978639602661,-0.9970853328704834,2.079120397567749
3517024139.0,0.1989271938800811,0.1920606791973114,9.618539810180664,2.91199254989624,-0.3715344369411468,2.210367202758789
3517032472.0,-0.1302216202020645,0.0294584352523088,9.551225662231444,3.164292573928833,0.8538888096809387,2.190516233444214
3517040805.0,-0.6378276348114014,0.1094500049948692,9.63612937927246,3.610646724700928,1.3249090909957886,2.2332923412323
3517049138.0,-0.5261608362197876,0.3556043207645416,10.293992042541504,3.4365720748901367,0.43317511677742,2.122382640838623
3517057471.0,-0.2784872353076935,0.2585328221321106,9.773337364196776,2.962708711624145,-0.9932431578636168,2.038470506668091
3517065804.0,-0.2614938616752624,0.4629348814487457,9.357330322265623,3.2292251586914062,0.1786464750766754,2.12302303314209
3517074137.0,-0.2472895830869674,0.3876436650753021,9.732098579406738,3.355298519134521,1.512149214744568,2.242103815078736
3517082470.0,-0.4236115217208862,0.1968731433153152,9.92075252532959,3.13516902923584,1.2355921268463137,2.0550169944763184
3517090803.0,-0.4421963691711426,0.3238823115825653,9.816065788269045,2.940911293029785,0.5251046419143677,2.058987617492676
3517099136.0,-0.28218474984169,0.532964825630188,9.59609317779541,3.0325584411621094,0.7024574875831604,1.934681415557861
3517107469.0,-0.1870056390762329,0.69169020652771,9.81316375732422,2.99662184715271,1.261462688446045,1.7733886241912842
3517115802.0,-0.3004600703716278,0.5971104502677917,9.90670680999756,2.7482669353485107,1.535611867904663,1.7873486280441284
3517124135.0,-0.3828270435333252,0.4558679163455963,9.866913795471191,2.552010536193848,1.289587140083313,1.9578626155853271
3517132468.0,-0.4554395079612732,0.4401208460330963,9.597618103027344,2.444942712783813,0.948405385017395,1.9215670824050903
3517140801.0,-0.4960708022117615,0.4180663228034973,9.644762992858888,2.086189985275269,1.384795308113098,1.8631155490875244
3517149134.0,-0.3604658246040344,0.3662620484828949,10.02106475830078,2.146998167037964,1.573264718055725,1.8474394083023071
3517157467.0,-0.2506607472896576,0.395630270242691,10.042401313781738,1.8786121606826784,1.384129285812378,1.7417038679122925
3517165800.0,-0.2563661336898803,0.3694706857204437,9.882241249084473,1.9861150979995728,1.5080254077911377,1.7628357410430908
3517174133.0,-0.1474980264902115,0.1852746158838272,9.623929023742676,1.947540044784546,2.020463705062866,1.6664749383926392
3517182466.0,-0.2486855387687683,0.0702663585543632,9.979133605957031,1.933810830116272,2.380753755569458,1.7463657855987549
3517190799.0,-0.2112085074186325,0.1370210945606231,10.0039644241333,1.884016752243042,2.2948946952819824,1.6780015230178833
3517199132.0,-0.0862093716859817,0.3184483647346496,10.131418228149414,2.008117437362671,2.0333988666534424,1.5881978273391724
3517207465.0,-0.0050409105606377,0.5652723908424377,9.84488296508789,2.1678988933563232,2.3862345218658447,1.7113507986068726
3517215798.0,-0.2480735629796981,0.2259813249111175,9.703339576721191,1.8349909782409668,3.01923942565918,1.6658600568771362
3517224131.0,-0.6623384952545166,-0.2477147281169891,9.794475555419922,1.7949813604354858,3.251790761947632,1.6153744459152222
3517232464.0,-0.731280505657196,-0.0276921894401311,10.033761978149414,1.8958759307861328,3.356758117675781,1.62323796749115
3517240797.0,-0.4284064173698425,-0.0449944473803043,10.199734687805176,2.2693824768066406,2.328704833984375,1.672519564628601
3517249130.0,-0.2914045751094818,-0.0130665758624672,9.67194938659668,2.333648920059204,2.156167984008789,1.647930383682251
3517257463.0,-0.3100870549678802,0.075901560485363,9.560113906860352,2.3315742015838623,3.043086767196656,1.7635786533355713
3517265796.0,-0.437951385974884,-0.0535192526876926,9.9772367477417,2.426552057266236,3.4903368949890137,1.800181269645691
3517274129.0,-0.7393655776977539,0.1489184647798538,9.874192237854004,2.534515857696533,3.217519760131836,1.6762597560882568
3517282462.0,-0.6719096899032593,0.2499754726886749,10.146466255187988,2.783921718597412,2.8531055450439453,1.6818177700042725
3517290795.0,-0.4857491254806518,0.2262469679117202,10.014883041381836,2.7433230876922607,2.4323151111602783,1.7257206439971924
3517299128.0,-0.5489267110824585,0.5697454214096069,9.918572425842283,2.3690221309661865,2.8530542850494385,1.792163968086243
3517307461.0,-0.723864734172821,0.4911566078662872,9.960963249206545,2.3872084617614746,3.40906286239624,1.7156800031661987
3517315794.0,-0.5616971850395203,0.2323703318834304,10.35836410522461,2.408288955688477,3.2173659801483154,1.816446304321289
3517324127.0,-0.4198373258113861,0.1597185432910919,10.266681671142578,2.387028694152832,2.457749605178833,1.7455202341079712
3517332460.0,-0.4561619460582733,0.0969309508800506,10.010821342468262,2.557747840881348,2.8568711280822754,1.815011978149414
3517340793.0,-0.6930068135261536,0.4120069742202759,9.759594917297363,2.639662504196167,3.643202543258667,1.805303931236267
3517349126.0,-0.9196296334266664,0.5599738359451294,10.169891357421877,2.6432480812072754,3.799551486968994,1.841394662857056
3517357459.0,-0.8087197542190552,0.0959407165646553,10.141546249389648,2.5279581546783447,2.4408700466156006,1.7118889093399048
3517365792.0,-0.7468355298042297,-0.0380849242210388,9.743582725524902,2.6352310180664062,1.919415712356568,1.599135160446167
3517374125.0,-0.7587221264839172,0.1634428203105926,9.40390682220459,2.985633611679077,2.6775457859039307,1.6243140697479248
3517382458.0,-0.7722399830818176,0.2730364203453064,9.771370887756348,3.050130605697632,2.667479515075684,1.6583808660507202
3517390791.0,-0.894748330116272,0.463037371635437,9.76056957244873,2.688969612121582,2.300145387649536,1.5411444902420044
3517399124.0,-0.8212674856185913,0.2937208414077759,9.754226684570312,2.6058766841888428,2.134549140930176,1.6177051067352295
3517407457.0,-0.9092215895652772,0.142268493771553,9.7001953125,2.7656073570251465,2.1897993087768555,1.551953673362732
3517415790.0,-1.232094407081604,0.333836168050766,9.776538848876951,2.5930182933807373,2.368227958679199,1.628283977508545
3517424123.0,-1.0822818279266355,0.3371772170066833,10.007294654846191,2.599550724029541,1.6329972743988037,1.5571022033691406
3517432456.0,-0.8298073410987854,0.3271066844463348,9.811694145202637,2.292948007583618,0.6846812963485718,1.4407367706298828
3517440789.0,-0.7834281921386719,0.4064374566078186,9.675232887268066,2.2152340412139893,0.9947928190231324,1.5602014064788818
3517449122.0,-0.7192484736442566,0.0063751745037734,9.701451301574709,2.0489468574523926,1.6221110820770264,1.6423463821411133
3517457455.0,-0.8692291975021362,-0.0944535136222839,9.970550537109377,2.274940729141236,1.4721908569335938,1.6820480823516846
3517465788.0,-0.9831434488296508,0.0411256179213523,9.91658878326416,2.02940320968628,0.9818321466445924,1.651567459106445
3517474121.0,-0.9093056917190552,-0.0240377448499202,9.910503387451172,2.3268613815307617,0.6054565906524658,1.5654011964797974
3517482454.0,-0.8051424622535706,0.2299059927463531,9.831132888793944,2.193974494934082,0.5885254740715027,1.689886450767517
3517490787.0,-0.7269202470779419,0.0384143441915512,10.012425422668455,2.101097345352173,0.4982609152793884,1.7350441217422483
3517499120.0,-0.7820423245429993,0.0293944347649812,9.803264617919922,2.174686908721924,0.2908368110656738,1.6705219745635986
3517507453.0,-0.8972793221473694,0.1346080005168914,9.69745635986328,2.4377195835113525,0.3408102095127105,1.623084306716919
3517515786.0,-0.8814272284507751,-0.0625998005270958,9.820117950439451,2.430983304977417,0.3268761038780212,1.5413495302200315
3517524119.0,-0.845846951007843,-0.2222354114055633,9.833440780639648,2.3404366970062256,-0.0193643607199192,1.6671152114868164
3517532452.0,-0.8557350635528564,0.1679745316505432,9.72694492340088,2.45190978050232,-0.0450554452836513,1.6741081476211548
3517540785.0,-0.8355704545974731,0.0103345001116395,9.64324951171875,2.705362796783448,-0.2396211773157119,1.7568165063858032
3517549118.0,-0.8553891181945801,-0.2869171500205993,9.53097152709961,2.664559364318848,-0.464795857667923,1.4545683860778809
3517557451.0,-0.7266212701797485,-0.245872288942337,9.91650104522705,2.861225128173828,-0.4438690543174743,1.592014193534851
3517565784.0,-0.6073715686798096,0.1505085676908493,9.991339683532717,3.123976230621338,-0.7049806118011475,1.6297954320907593
3517574117.0,-0.7870004773139954,0.6537271738052368,9.825420379638672,3.179661512374878,-0.6611546277999878,1.6178078651428225
3517582450.0,-0.689918041229248,0.3930636942386627,9.862387657165527,3.036734342575073,-0.4762967228889465,1.658022403717041
3517590783.0,-0.6135686039924622,0.0077017154544591,9.829225540161133,2.7162742614746094,-1.0147846937179563,1.6318445205688477
3517599116.0,-0.575310468673706,-0.0110940402373671,9.814680099487305,2.757667064666748,-1.1474921703338623,1.7012335062026978
3517607449.0,-0.6777448058128357,0.331772893667221,9.576148986816406,3.225741386413574,-0.7625613212585449,1.7620415687561035
3517615782.0,-0.8676955103874207,0.4129233360290527,9.647192001342772,3.2184412479400635,-0.866503894329071,1.69447124004364
3517624115.0,-0.6308109164237976,0.4316790103912353,9.973916053771973,2.8424503803253174,-1.220774531364441,1.698723316192627
3517632448.0,-0.2743401229381561,0.1650070697069168,9.950186729431152,2.56123161315918,-1.631217122077942,1.7277954816818235
3517640781.0,-0.5506406426429749,0.2814606130123138,9.700695037841797,2.9484164714813232,-0.9703953862190248,1.725900173187256
3517649114.0,-0.7988750338554382,0.4805046617984772,9.733386039733888,3.09549331665039,0.2050803899765014,1.6235710382461548
3517657447.0,-0.709036648273468,0.3740387260913849,10.291698455810549,3.0966715812683105,-0.9169129133224488,1.4415820837020874
3517665780.0,-0.437181681394577,0.2335894107818603,9.874619483947754,2.59937071800232,-2.1580755710601807,1.542527437210083
3517674113.0,-0.3050445318222046,0.3502030670642853,9.664527893066406,2.7673492431640625,-1.4379832744598389,1.6784625053405762
3517682446.0,-0.4904931783676147,0.2389939576387405,9.698681831359863,3.091958522796631,-0.1674914956092834,1.6392983198165894
3517690779.0,-0.7023546099662781,0.1358753740787506,10.038665771484377,3.0225179195404053,-0.2975605428218841,1.533921241760254
3517699112.0,-0.5801349878311157,0.231513425707817,10.233041763305664,2.699573516845703,-1.4365997314453125,1.6150413751602173
3517707445.0,-0.4545416235923767,0.50288987159729,9.901816368103027,2.5649709701538086,-1.376150369644165,1.4645322561264038
3517715778.0,-0.5155645608901978,0.7992435097694397,9.90504550933838,2.663662910461426,-0.4793448150157928,1.6059998273849487
3517724111.0,-0.5666036605834961,0.3390867412090301,10.123074531555176,2.3998618125915527,-0.1236911416053772,1.6220086812973022
3517732444.0,-0.5463544130325317,-0.2247288078069687,10.070638656616213,1.9382164478302,-1.226383924484253,1.5915021896362305
3517740777.0,-0.3154730200767517,-0.0564355589449405,9.787062644958496,2.218359470367432,-1.38775372505188,1.68630051612854
3517749110.0,-0.2145811319351196,0.1988234519958496,9.766606330871582,2.6509835720062256,-0.7072858810424805,1.6608141660690308
3517757443.0,-0.3522103428840637,0.3524662554264068,9.94734001159668,2.480188131332397,-0.1582703590393066,1.4652239084243774
3517765776.0,-0.3420400321483612,0.3212869167327881,10.174393653869627,2.0760464668273926,-0.3031956851482391,1.6375564336776731
3517774109.0,-0.3127652704715729,0.0421412624418735,10.134889602661133,1.943313717842102,-0.9159138798713684,1.6830731630325315
3517782442.0,-0.4911156594753265,0.3158425390720367,9.811591148376465,2.134600877761841,-0.3321654200553894,1.69867205619812
3517790775.0,-0.4980820715427398,0.4030757844448089,9.917424201965332,2.2627999782562256,-0.1545050740242004,1.688733696937561
3517799108.0,-0.3483512997627258,0.2073597759008407,9.93285083770752,2.106553077697754,-0.795578122138977,1.5153766870498655
3517807441.0,-0.0867059826850891,0.05795768648386,9.735883712768556,1.899871826171875,-1.015066385269165,1.5781570672988892
3517815774.0,-0.0986431613564491,-0.1672510802745819,9.588544845581056,1.9725137948989868,-0.2698203325271606,1.6118654012680054
3517824107.0,-0.36723193526268,-0.2822068035602569,9.625633239746094,2.3699700832366943,0.7114225625991821,1.651618719100952
3517832440.0,-0.360696017742157,-0.1404385715723037,9.961922645568848,2.6975245475769043,0.312019795179367,1.6469311714172363
3517840773.0,-0.1322911977767944,-0.2313897162675857,10.074374198913574,2.772011041641236,-0.7229874134063721,1.4948339462280271
3517849106.0,-0.1070482730865478,-0.025903919711709,9.588038444519045,2.7183492183685303,-0.2010461390018463,1.5203715562820437
3517857439.0,-0.2253722697496414,0.2597267031669616,9.85902500152588,3.0508220195770264,1.2379488945007324,1.4367153644561768
3517865772.0,-0.2149365693330764,0.1941469758749008,10.145026206970217,3.16398549079895,1.2349518537521362,1.5673991441726685
3517874105.0,-0.1622118055820465,-0.014189213514328,10.093388557434082,3.016088962554932,-0.063267171382904,1.5682955980300903
3517882438.0,-0.0733611658215522,-0.0579296834766864,9.802681922912598,3.028921842575073,0.2397108227014541,1.516350030899048
3517890771.0,-0.0891943126916885,0.0539919696748256,9.66813850402832,3.377889633178711,1.4628671407699585,1.6089962720870972
3517899104.0,-0.2624507248401642,0.5654460787773132,10.068184852600098,3.5612881183624268,1.820544719696045,1.619088649749756
3517907437.0,-0.2877407670021057,0.443343847990036,10.169665336608888,3.100308418273926,1.3859989643096924,1.6195238828659058
3517915770.0,-0.2086940854787826,0.2898506224155426,9.964166641235352,2.7864317893981934,0.9826261401176452,1.609713792800903
3517924103.0,-0.2383310794830322,0.3143133223056793,9.886825561523438,2.911915779113769,1.7143990993499756,1.7283077239990234
3517932436.0,-0.351538211107254,0.2344398498535156,9.9220609664917,3.0536139011383057,2.0724093914031982,1.729870080947876
3517940769.0,-0.3360137641429901,0.3496828079223633,10.030566215515137,3.2109878063201904,1.623955249786377,1.679051399230957
3517949102.0,-0.2723090946674347,0.583376407623291,9.698314666748049,2.813327074050904,1.1944814920425415,1.6753888130187988
3517957435.0,-0.277747631072998,0.3994403183460235,9.872365951538086,2.7355871200561523,1.9812732934951784,1.5713948011398315
3517965768.0,-0.5363593101501465,0.3278822004795074,9.967398643493652,2.7794134616851807,2.5719380378723145,1.5604064464569092
3517974101.0,-0.6904324293136597,0.4482675790786743,10.362467765808104,2.875543594360352,2.4209423065185547,1.512994408607483
3517982434.0,-0.6250002980232239,0.3931948542594909,10.41440773010254,2.696192979812622,1.448907732963562,1.5260834693908691
3517990767.0,-0.3856070041656494,0.6755598783493042,10.019488334655762,2.3384387493133545,1.232441544532776,1.5379681587219238
3517999100.0,-0.3709787130355835,0.6303654909133911,10.038251876831056,2.1851885318756104,2.030350685119629,1.5212422609329224
3518007433.0,-0.4977963864803314,0.2068576067686081,9.922447204589844,2.0466670989990234,2.275453329086304,1.643012523651123
3518015766.0,-0.7908985018730164,0.2136909514665603,10.145998001098633,1.8509998321533203,2.0338597297668457,1.6469569206237793
3518024099.0,-0.6794732809066772,0.3186739087104797,10.024008750915527,1.9904180765151973,1.4222431182861328,1.5383524894714355
3518032432.0,-0.4994364082813263,0.2925733029842376,10.065458297729492,1.901562213897705,1.1942509412765503,1.48697030544281
3518040765.0,-0.7338338494300842,0.4914163053035736,10.020787239074709,1.7146295309066772,1.7307922840118408,1.5647608041763306
3518049098.0,-0.8310649394989014,0.3716948628425598,10.214012145996094,1.7073042392730713,2.138622283935547,1.5719585418701172
3518057431.0,-0.8179277777671814,0.4617153406143188,10.39927864074707,1.604437232017517,1.3152014017105105,1.40285325050354
3518065764.0,-0.7473790049552917,0.4858797788619995,10.263611793518066,1.3032137155532837,0.7293525338172913,1.4756487607955933
3518074097.0,-0.5876840949058533,0.2989939749240875,10.075169563293455,1.265432834625244,0.9369046092033386,1.4735996723175049
3518082430.0,-0.5052503943443298,0.399619847536087,10.06850242614746,1.4013930559158323,1.0887458324432373,1.5256478786468506
3518090763.0,-0.6892046332359314,0.3304745852947235,10.09392547607422,1.3674544095993042,0.9268895387649536,1.395988702774048
3518099096.0,-0.7431243062019348,-0.1640935689210891,9.889198303222656,1.2232462167739868,0.7550948858261108,1.3913781642913818
3518107429.0,-0.9052333235740662,-0.0037606027908623,10.019067764282228,1.2472211122512815,1.0745556354522705,1.417837619781494
3518115762.0,-0.8943566679954529,0.0840993002057075,10.250176429748535,1.486714005470276,0.7828094363212585,1.4103068113327026
3518124095.0,-0.7222777009010315,-0.0569022521376609,10.26111125946045,1.874436855316162,0.0344383381307125,1.3317737579345703
3518132428.0,-0.4544309079647064,-0.0979314967989921,10.09895133972168,1.817163348197937,-0.0787125453352928,1.331722378730774
3518140761.0,-0.4228919148445129,-0.2190804779529571,9.97318172454834,1.7525386810302734,0.2020066678524017,1.4901463985443115
3518149094.0,-0.5421416163444519,0.0121715981513261,9.856553077697754,2.139416217803955,0.6269211769104004,1.355825424194336
3518157427.0,-0.6839274764060974,0.1789080500602722,10.125393867492676,2.333367109298706,0.6830163598060608,1.2589781284332275
3518165760.0,-0.5994675159454346,0.0053324783220887,10.125523567199709,2.1874430179595947,0.3137871921062469,1.33177387714386
3518174093.0,-0.4855983853340149,0.0541241094470024,9.947824478149414,2.1528637409210205,-0.2645950615406036,1.4153274297714231
3518182426.0,-0.5952426195144653,0.1907235831022262,9.63126277923584,2.426884651184082,0.3765932619571686,1.5505448579788208
3518190759.0,-0.49726203083992,-0.0997762754559516,9.916053771972656,2.555417060852051,0.4835327267646789,1.6227514743804932
3518199092.0,-0.4598963260650635,-0.1066697761416435,9.760908126831056,2.482313871383667,-0.2844460904598236,1.492477297782898
3518207425.0,-0.4422028362751007,-0.1594257056713104,9.58640193939209,2.6620748043060303,-0.2385710179805755,1.5913740396499634
3518215758.0,-0.3217138051986694,-0.1742062866687774,9.443022727966309,3.101384401321411,0.1682727336883545,1.7774358987808228
3518224091.0,-0.5272311568260193,-0.124370127916336,9.605469703674316,3.1675970554351807,0.2658886015415191,1.7254133224487305
3518232424.0,-0.5746839642524719,-0.1243327409029007,9.673027992248535,3.267261981964112,0.0201199799776077,1.7234665155410769
3518240757.0,-0.5078542232513428,-0.2030911296606063,9.472129821777344,3.2638299465179443,-0.2860853970050812,1.59252667427063
3518249090.0,-0.5206776857376099,-0.0700265541672706,9.526042938232422,3.548762559890747,-0.0595274791121482,1.6879395246505735
3518257423.0,-0.5113058090209961,-0.0692739561200141,9.603158950805664,3.667433500289917,0.257743239402771,1.7666521072387695
3518265756.0,-0.4070930480957031,-0.0230436734855175,9.734871864318848,3.713026285171509,-0.3470984399318695,1.6383758783340454
3518274089.0,-0.2982726991176605,0.057486068457365,9.55434799194336,3.645558834075928,-0.4642579853534698,1.736094355583191
3518282422.0,-0.3090829253196716,-0.1469812244176864,9.42023468017578,3.691894769668579,-0.036039225757122,1.7541779279708862
3518290755.0,-0.536742627620697,-0.0679987892508506,9.526697158813477,3.567921638488769,0.5321741104125977,1.789756178855896
3518299088.0,-0.6374306082725525,0.3804158568382263,9.778265953063965,3.599299192428589,0.4596602022647857,1.6667566299438477
3518307421.0,-0.5730876326560974,0.4609260559082031,9.97986125946045,3.457627058029175,-0.4202271401882171,1.5984435081481934
3518315754.0,-0.5618777871131897,0.6397203207015991,9.921978950500488,2.954794406890869,-0.5951468348503113,1.620087742805481
3518324087.0,-0.5779445171356201,0.6200543642044067,9.841642379760742,2.666736602783203,0.150419607758522,1.5572302341461182
3518332420.0,-0.6010118126869202,0.2541173994541168,9.873483657836914,2.646706342697144,-0.094439685344696,1.6644773483276367
3518340753.0,-0.6076868176460266,0.2401637285947799,9.82255744934082,2.5563645362854004,-0.3675130605697632,1.598392367362976
3518349086.0,-0.4957721829414367,0.0766491517424583,9.64670467376709,2.441689729690552,-0.6841306686401367,1.5948575735092163
3518357419.0,-0.442083865404129,-0.066028244793415,9.653130531311035,2.5295979976654053,-0.4311132133007049,1.6085867881774902
3518365752.0,-0.5513685345649719,0.1761700212955474,9.619790077209473,2.442765474319458,-0.0800957083702087,1.5537208318710327
3518374085.0,-0.486771821975708,0.2407774627208709,9.76127815246582,2.563178062438965,-0.3137231469154358,1.4912223815917969
3518382418.0,-0.495598554611206,0.0710591971874237,9.711389541625977,2.646604061126709,-0.6211196184158325,1.356824517250061
3518390751.0,-0.5569048523902893,0.0010232790373265,9.771857261657717,2.6257026195526123,-0.3000451326370239,1.2633581161499023
3518399084.0,-0.4283130764961242,-0.0046405750326812,10.102775573730469,2.7291836738586426,-0.1564005315303802,1.2633836269378662
3518407417.0,-0.4350391924381256,0.3888140022754669,10.019184112548828,2.936454057693481,-0.5754749774932861,1.2982189655303955
3518415750.0,-0.2890037000179291,0.4069482386112213,9.977426528930664,2.956382274627685,-0.5200202465057373,1.227933645248413
3518424083.0,-0.1332232505083084,0.0010699032573029,9.952914237976074,2.768117427825928,-0.3592908680438995,1.2497568130493164
3518432416.0,-0.3807772994041443,0.1509083807468414,9.99790096282959,2.7488043308258057,0.1479093879461288,1.2150496244430542
3518440749.0,-0.5387018322944641,0.4298282563686371,10.313912391662598,2.890989303588867,0.5277429223060608,1.25826096534729
3518449082.0,-0.5819856524467468,0.6839761734008789,10.526841163635254,2.9524118900299072,0.0583620332181453,1.2685065269470217
3518457415.0,-0.3619828820228576,0.7296398878097534,10.345234870910645,2.436490058898926,-0.5152559280395508,1.134390354156494
3518465748.0,-0.231614664196968,0.459105908870697,10.345964431762695,2.1782729625701904,-0.3294502794742584,1.285488843917847
3518474081.0,-0.292772114276886,0.2908113300800323,10.02151107788086,2.218589782714844,0.3389147520065307,1.367659330368042
3518482414.0,-0.4419254064559936,0.3765003383159637,10.208147048950195,2.402961015701294,0.4881945550441742,1.5370463132858276
3518490747.0,-0.3787074685096741,0.500038743019104,10.321488380432127,2.322532415390014,0.0850008428096771,1.4721654653549194
3518499080.0,-0.2992252707481384,0.4297511875629425,10.17235279083252,2.176454544067383,-0.4016312062740326,1.4173252582550049
3518507413.0,-0.3465400040149688,0.4823018610477447,10.18666172027588,2.1450257301330566,0.4057934880256653,1.562737226486206
3518515746.0,-0.4802401661872864,0.3676063120365143,10.338257789611816,2.2569854259490967,0.9196150898933412,1.5731878280639648
3518524079.0,-0.6994983553886414,0.4332574903964996,10.34539031982422,2.289771795272827,0.3287971317768097,1.4722166061401367
3518532412.0,-0.6529930830001831,0.4678018391132355,10.291258811950684,2.047076940536499,0.1039809882640838,1.4762893915176392
3518540745.0,-0.4850406646728515,0.4903959333896637,10.194395065307615,2.1441292762756348,-0.057145357131958,1.3155856132507324
3518549078.0,-0.5132410526275635,0.6780713796615601,10.375929832458496,1.9435442686080933,0.6197236180305481,1.3295965194702148
3518557411.0,-0.625455915927887,0.6028116941452026,10.429176330566406,1.8213129043579104,0.8242020606994629,1.524623155593872
3518565744.0,-0.7112442851066589,0.5726659893989563,10.479093551635742,1.6814337968826294,0.3398112654685974,1.4020849466323853
3518574077.0,-0.8095653057098389,0.696986198425293,10.418662071228027,1.3047508001327517,0.1968069970607757,1.3884581327438354
3518582410.0,-0.6640324592590332,0.8496574759483337,10.446764945983888,1.0950212478637695,0.1678628772497177,1.4640456438064575
3518590743.0,-0.5525280237197876,0.8132851719856262,10.50205421447754,0.8082956075668335,-0.2166708111763,1.4034167528152466
3518599076.0,-0.6275407075881958,0.7808475494384766,10.213208198547363,0.4269508719444275,-0.3289124071598053,1.3736786842346191
3518607409.0,-0.4570809006690979,0.1991420984268188,9.959954261779783,0.0241157989948987,-0.3790650367736816,1.3406617641448977
3518615742.0,-0.5277369022369385,-0.0922071263194084,9.825910568237305,0.1222439259290695,-0.3517858684062958,1.5366874933242798
3518624075.0,-0.4707286059856415,-0.0042774002067744,9.692846298217772,0.3617882430553436,-0.1642896831035614,1.5939866304397583
3518632408.0,-0.4150469303131103,-0.135583609342575,9.964073181152344,0.5907282829284668,-0.545634388923645,1.56637442111969
3518640741.0,-0.3546871244907379,-0.1166030913591384,9.679781913757324,0.6533294916152954,-0.7218603491783142,1.561686873435974
3518649074.0,-0.1965390592813491,-0.1314668357372284,9.59531307220459,0.6743075251579285,-0.5112601518630981,1.543091058731079
3518657407.0,-0.175714373588562,-0.3687835931777954,9.500259399414062,0.8944874405860901,-0.3454079627990722,1.5786693096160889
3518665740.0,-0.1755395531654358,-0.3005430996417999,9.371275901794434,1.2822870016098022,-0.3776307106018066,1.5862512588500977
3518674073.0,-0.2178745567798614,-0.3671860992908478,9.414079666137695,1.4535695314407349,-0.3900279402732849,1.4496504068374634
3518682406.0,-0.1815914064645767,-0.4518261849880218,9.454442024230955,1.4585129022598269,-0.269974023103714,1.5201919078826904
3518690739.0,-0.1902765184640884,-0.3134357333183288,9.478408813476562,1.6389907598495483,0.0098742870613932,1.5497251749038696
3518699072.0,-0.2357031553983688,-0.5048201084136963,9.584884643554688,1.9754339456558228,0.0503960102796554,1.6524128913879397
3518707405.0,-0.3517455458641052,-0.7215033173561096,9.457496643066406,2.224891185760498,0.0243975594639778,1.6185507774353027
3518715738.0,-0.3677472770214081,-0.6067429780960083,9.621818542480469,2.3499906063079834,0.2382507920265197,1.7232872247695925
3518724071.0,-0.1448074877262115,-0.3553798496723175,9.818526268005373,2.666480541229248,-0.025742307305336,1.5673991441726685
3518732404.0,-0.0444274172186851,-0.0847409442067146,9.685477256774902,2.8825109004974365,-0.1075285598635673,1.518066167831421
3518740737.0,0.0393321551382541,-0.0483436211943626,9.726814270019531,2.862890243530273,0.4868882298469543,1.6738518476486206
3518749070.0,-0.0187027305364608,-0.3023457527160644,9.612717628479004,2.8958816528320312,0.7001779675483704,1.632510542869568
3518757403.0,-0.1855890154838562,-0.4213781356811523,9.607850074768066,3.042497634887696,0.8731508851051331,1.6827144622802734
3518765736.0,-0.196543201804161,-0.3704749047756195,9.53453540802002,3.453016519546509,0.8321168422698975,1.7218784093856812
3518774069.0,-0.181829884648323,-0.3908055424690246,9.416739463806152,3.791790723800659,0.6804037690162659,1.7991567850112915
3518782402.0,-0.1496080607175827,-0.2870906293392181,9.513625144958496,3.8199408054351807,0.8575262427330017,1.7607609033584597
3518790735.0,-0.2368114441633224,-0.0848599821329116,9.43107795715332,3.847322225570679,1.120200276374817,1.813423991203308
3518799068.0,-0.3830029964447021,-0.1192409098148346,9.519886016845703,4.085842132568359,1.4686050415039062,1.8331211805343628
3518807401.0,-0.4358879029750824,0.0383045263588428,9.73435878753662,4.16135311126709,1.3147404193878174,1.884759545326233
3518815734.0,-0.3379149436950683,-0.0696076452732086,9.731118202209473,4.020628452301025,0.9683334231376648,1.7208541631698608
3518824067.0,-0.2054152935743332,0.1676550209522247,9.649733543395996,4.103182792663574,0.7014331221580505,1.6706758737564087
3518832400.0,-0.3136574923992157,0.5624450445175171,9.709097862243652,4.2440104484558105,1.483256459236145,1.728845715522766
3518840733.0,-0.289110392332077,0.4957484304904938,9.96538543701172,4.087737560272217,1.8059443235397337,1.602977275848389
3518849066.0,-0.4247819781303406,0.3557783961296081,10.044421195983888,3.8234243392944336,1.2441986799240112,1.604898452758789
3518857399.0,-0.4692825376987457,0.3699069023132324,9.97736358642578,3.6300368309021,1.4049279689788818,1.6183971166610718
3518865732.0,-0.3992600739002228,0.4001472294330597,10.104782104492188,3.585545063018799,1.5357398986816406,1.6515161991119385
3518874065.0,-0.4173698723316192,0.5975120067596436,10.15884494781494,3.653473854064941,1.5179892778396606,1.6455738544464111
3518882398.0,-0.3865591287612915,0.625523567199707,9.972392082214355,3.089576005935669,1.389559268951416,1.5736486911773682
3518890731.0,-0.4658844769001007,0.5321621298789978,10.00753688812256,2.8883767127990723,1.4815659523010254,1.527440905570984
3518899064.0,-0.5211375951766968,0.6038489937782288,9.845534324645996,2.746601819992065,1.86654794216156,1.4853310585021973
3518907397.0,-0.5024137496948242,0.5477030873298645,10.235386848449709,2.492764711380005,1.7329442501068115,1.4862278699874878
3518915730.0,-0.3569193482398987,0.3909171521663666,10.103744506835938,2.3920493125915527,1.3698877096176147,1.5053614377975464
3518924063.0,-0.4824396669864654,0.5293355584144592,9.96314525604248,2.328397750854492,1.5023901462554932,1.4168130159378052
3518932396.0,-0.6330364942550659,0.3827839195728302,10.220563888549805,2.3187415599823,2.1318600177764893,1.5996217727661133
3518940729.0,-0.674755334854126,0.1553352922201156,10.371578216552734,2.191669464111328,2.0490493774414062,1.572163462638855
3518949062.0,-0.6676231622695923,0.1283999383449554,10.484956741333008,2.178990125656128,1.4967551231384275,1.5556421279907229
3518957395.0,-0.4173422455787658,0.17202228307724,10.292789459228516,2.338567018508911,1.3954253196716309,1.5726499557495115
3518965728.0,-0.2858633399009704,0.3148565292358398,10.126965522766112,2.5200440883636475,1.658176064491272,1.3874080181121826
3518974061.0,-0.4624497592449188,0.4957927465438843,10.395675659179688,2.31446385383606,2.5872042179107666,1.372679591178894
3518982394.0,-0.6340735554695129,0.5516628623008728,10.566508293151855,2.0006895065307617,2.933175563812256,1.376291275024414
3518990727.0,-0.7948681116104126,0.5742300152778625,10.759385108947754,1.9351941347122192,2.5217342376708984,1.335052490234375
3518999060.0,-0.8996504545211792,0.4976344704627991,10.613561630249023,2.0081942081451416,2.5877163410186768,1.268352746963501
3519007393.0,-0.8325342535972595,0.0806250274181366,10.521989822387695,1.766985297203064,2.4807004928588867,1.4886354207992554
3519015726.0,-0.866788387298584,0.0319533683359622,10.458162307739258,2.027200698852539,2.266463041305542,1.4810024499893188
3519024059.0,-1.0056684017181396,0.2400577217340469,10.07575798034668,2.1093454360961914,2.2016074657440186,1.4746500253677368
3519032392.0,-0.945444405078888,0.0387277044355869,10.148430824279783,2.20854926109314,2.2855710983276367,1.4276479482650757
3519040725.0,-0.9187320470809937,0.2245377302169799,10.053709030151367,2.1444878578186035,1.7667548656463623,1.2485787868499756
3519049058.0,-0.9154438376426696,0.6371889710426331,9.894217491149902,2.0026872158050537,1.7081748247146606,1.207467794418335
3519057391.0,-0.9690402746200562,0.6843737959861755,9.87943172454834,2.004019260406494,2.088341474533081,1.398396372795105
3519065724.0,-1.0409274101257324,0.925970494747162,9.84933376312256,1.820647120475769,1.7793824672698977,1.4459108114242554
3519074057.0,-1.0082982778549194,0.6940777897834778,9.866822242736816,1.1901012659072876,1.286641240119934,1.535791039466858
3519082390.0,-0.8939945101737976,0.5334393978118896,9.542095184326172,1.202601194381714,1.1366701126098633,1.5251867771148682
3519090723.0,-1.0134366750717163,0.4783380925655365,9.51769733428955,1.205700397491455,1.3274959325790403,1.553234338760376
3519099056.0,-0.9658665657043456,0.2926878631114959,9.628302574157717,1.095328688621521,1.2687883377075195,1.5983153581619265
3519107389.0,-0.7877706289291382,0.2199451476335525,9.538125991821287,1.138898491859436,0.4951615631580353,1.6421412229537964
3519115722.0,-0.7888821363449097,0.2690076828002929,9.280213356018066,1.0138754844665527,0.4045384526252746,1.6115325689315796
3519124055.0,-0.7607834935188293,0.0665309876203537,9.24864387512207,1.2139482498168943,1.0001462697982788,1.6161431074142456
3519132388.0,-0.9165544509887696,0.1514455080032348,9.479588508605955,1.210772156715393,1.3370246887207031,1.6454200744628906
3519140721.0,-0.9109872579574584,0.1517549157142639,9.652066230773926,1.3157906532287598,1.1264756917953491,1.6381713151931765
3519149054.0,-0.6029058694839478,-0.1117204949259758,9.72243595123291,1.4170435667037964,0.4282059669494629,1.5543359518051147
3519157387.0,-0.4453109204769134,-0.0837737470865249,9.389541625976562,1.5058224201202393,0.3669367432594299,1.6329203844070437
3519165720.0,-0.5346514582633972,-0.0754133686423301,9.222546577453612,1.622700333595276,1.1883084774017334,1.7896026372909546
3519174053.0,-0.616712212562561,-0.2590387463569641,9.190221786499023,1.7582250833511353,1.2166889905929563,1.8080193996429443
3519182386.0,-0.6472474336624146,-0.1285718828439712,9.24797248840332,1.878509521484375,0.8395193219184875,1.7697004079818726
3519190719.0,-0.5764439105987549,-0.3722259700298309,9.11192226409912,1.7127854824066162,0.8657227158546448,1.7798690795898438
3519199052.0,-0.4073714315891266,-0.3477096557617187,9.087835311889648,2.0582449436187744,1.2508327960968018,1.7227494716644287
3519207385.0,-0.5351577401161194,-0.1886017769575119,9.208125114440918,2.1017885208129883,1.6585087776184082,1.8425214290618896
3519215718.0,-0.6058915257453918,-0.3661717176437378,9.307987213134766,2.197637796401977,1.8813273906707764,1.935552716255188
3519224051.0,-0.5499705076217651,-0.5526525378227234,9.273148536682127,2.348274707794189,1.3219635486602783,1.7836089134216309
3519232384.0,-0.5815287232398987,-0.4191967248916626,9.34156894683838,2.580493211746216,1.6980828046798706,1.972949266433716
3519240717.0,-0.4060357213020324,-0.4315323531627655,9.382540702819824,2.72106409072876,2.059192657470703,1.9649831056594849
3519249050.0,-0.4429492056369781,-0.1664892137050628,9.506659507751465,2.9021568298339844,1.870543360710144,1.8800207376480105
3519257383.0,-0.4041192829608917,-0.1329614520072937,9.36233615875244,2.961658477783203,2.1623921394348145,1.8290228843688965
3519265716.0,-0.4309201538562774,-0.2840026617050171,9.346128463745115,2.936863899230957,2.365128517150879,1.7562271356582642
3519274049.0,-0.6874039173126221,-0.416526198387146,9.41801643371582,3.0995662212371826,2.837276220321656,1.7592754364013672
3519282382.0,-0.8823479413986206,-0.3685496747493744,9.596665382385254,3.184733390808105,3.1581711769104004,1.88363254070282
3519290715.0,-0.8236257433891296,-0.3259433507919311,9.732916831970217,3.483267068862915,2.5580809116363525,1.9196460247039795
3519299048.0,-0.9073429107666016,-0.2644453942775726,9.527335166931152,3.601579189300537,2.4718377590179443,1.7744903564453125
3519307381.0,-0.673892617225647,-0.3515254557132721,9.58046531677246,3.641255378723145,2.99780011177063,1.792624831199646
3519315714.0,-0.7610202431678772,-0.4757962226867676,9.686473846435549,3.774474859237671,3.0711848735809326,1.7372982501983645
3519324047.0,-1.076837420463562,0.0666551738977432,9.529273986816406,4.068398952484131,3.100539445877075,1.7703664302825928
3519332380.0,-1.1353553533554075,0.0057751256972551,9.783639907836914,4.379790782928467,3.4178740978240967,1.7189842462539673
3519340713.0,-1.0051956176757812,-0.0288723725825548,10.00932788848877,4.269649982452393,2.7540297508239746,1.6291550397872925
3519349046.0,-0.9671786427497864,0.1305034458637237,9.8651704788208,4.065196514129639,2.659308195114136,1.7111715078353882
3519357379.0,-0.7984454035758972,0.0395765267312526,9.824164390563965,4.465368270874023,3.2188258171081543,1.832378387451172
3519365712.0,-0.8447635769844055,0.0049045318737626,9.877144813537598,4.746330738067627,3.11462664604187,1.9092464447021484
3519374045.0,-0.8531287908554077,-0.0216228701174259,10.07923698425293,4.624406814575195,3.0816617012023926,1.9810434579849243
3519382378.0,-0.9077064394950868,-0.1567804813385009,9.830854415893556,4.5184407234191895,3.106610059738159,2.110830783843994
3519390711.0,-1.1379313468933103,0.3101843893527984,9.919666290283203,4.913540363311768,3.633187294006348,2.072537422180176
3519399044.0,-1.117859959602356,0.1753835678100586,10.108183860778809,5.090816020965576,3.9078736305236816,2.085984945297241
3519407377.0,-1.1240558624267578,0.0164211802184581,10.160329818725586,4.962105751037598,3.1194427013397217,2.1684374809265137
3519415710.0,-1.0772908926010132,0.2424785047769546,9.89667797088623,5.046887874603272,3.218672037124634,2.3575470447540283
3519424043.0,-1.032638669013977,0.2583160400390625,9.973837852478027,5.364222526550293,3.580139875411988,2.402474164962769
3519432376.0,-1.140056848526001,0.2073996067047119,10.204475402832031,5.457587242126465,3.887101173400879,2.3405134677886963
3519440709.0,-1.1515586376190186,0.3683778941631317,10.351463317871094,5.438887596130371,4.0537214279174805,2.52122163772583
3519449042.0,-0.9475133419036864,0.3551336228847503,10.677966117858888,5.416168212890625,3.881901264190674,2.66404676437378
3519457375.0,-0.9966139793395996,0.5956985950469971,10.352389335632324,5.4749274253845215,3.9310288429260254,2.706233501434326
3519465708.0,-0.994743585586548,0.9214439988136292,10.478574752807615,5.149217128753662,4.420389652252197,2.841118335723877
3519474041.0,-1.2941005229949951,1.1500089168548584,10.454161643981934,4.823455333709717,4.3798933029174805,2.9561004638671875
3519482374.0,-1.8496191501617432,1.50895357131958,10.241366386413574,4.185301780700684,4.580734252929688,3.01393723487854
3519490707.0,-1.857729196548462,1.6054880619049072,10.373300552368164,3.7109007835388175,4.451510429382324,3.078356981277466
3519499040.0,-1.8593775033950808,1.4091261625289917,10.171464920043944,3.015243530273437,3.391977548599243,3.1052520275115967
3519507373.0,-1.6859396696090698,1.2283997535705566,9.90810775756836,2.546912908554077,3.119852304458618,3.260525703430176
3519515706.0,-1.5549873113632202,0.9138439297676086,9.748659133911133,2.3722498416900635,3.52161192893982,3.2866013050079346
3519524039.0,-1.903799533843994,0.8298366069793701,9.88676643371582,2.4639997482299805,3.739511489868164,3.327993392944336
3519532372.0,-2.13844633102417,0.873710036277771,9.971803665161133,2.308008909225464,3.58746600151062,3.4410550594329834
3519540705.0,-2.166691780090332,0.7539201974868774,10.274425506591797,2.1410555839538574,2.646552324295044,3.3566558361053467
3519549038.0,-2.14644455909729,0.8382586240768433,9.95479679107666,2.155911684036255,2.1338579654693604,3.3269946575164795
3519557371.0,-1.8962714672088623,0.7624110579490662,9.919928550720217,2.3084189891815186,2.132653951644897,3.4022746086120605
3519565704.0,-1.6944037675857544,0.5955367684364319,9.849095344543455,2.58538556098938,1.6225210428237915,3.294285297393799
3519574037.0,-1.8697667121887207,0.7641469836235046,9.467772483825684,2.588177442550659,1.3571062088012695,3.341620445251465
3519582370.0,-2.11141037940979,0.7505204677581787,9.592485427856444,2.4842350482940674,1.6498514413833618,3.3488948345184326
3519590703.0,-2.487642526626587,0.6893998384475708,9.69070053100586,2.591430902481079,1.5566924810409546,3.4260194301605225
3519599036.0,-2.318936824798584,0.7026442885398865,10.065067291259766,2.5835161209106445,0.996073603630066,3.479783773422241
3519607369.0,-1.9592591524124143,0.5138517618179321,9.982478141784668,2.602060556411743,-0.401477575302124,3.6414096355438232
3519615702.0,-1.8138720989227293,0.3664205074310303,9.45840835571289,2.523424863815308,-0.7264965772628784,3.77168345451355
3519624035.0,-1.8416932821273804,0.3431318402290344,9.294235229492188,2.644529104232788,0.1877139508724212,3.930799007415772
3519632368.0,-1.9325720071792605,0.3098275065422058,9.789034843444824,3.000028848648072,0.0187624283134937,3.827266216278076
3519640701.0,-1.9907567501068115,0.5747973322868347,9.67359447479248,2.9626576900482178,-1.1154487133026123,3.9989843368530273
3519649034.0,-1.924559950828552,0.5212996006011963,9.594830513000488,2.831282138824463,-1.5207682847976685,3.971781492233277
3519657367.0,-1.8141469955444336,0.4514235258102417,9.42526149749756,2.8561794757843018,-1.244288206100464,4.165578842163086
3519665700.0,-1.764963984489441,0.544026792049408,9.660096168518066,2.867603302001953,-1.2992565631866455,4.3288187980651855
3519674033.0,-1.7165199518203735,0.3418165147304535,9.75439453125,2.899109125137329,-1.752935767173767,4.539854526519775
3519682366.0,-1.5678006410598757,0.2999288737773895,9.403404235839844,2.968548536300659,-2.3232877254486084,4.641670227050781
3519690699.0,-1.5057233572006226,0.5632767081260681,9.398530006408691,2.9338419437408447,-2.0741896629333496,4.802784442901611
3519699032.0,-1.4341089725494385,0.5054783225059509,9.432622909545898,3.112142324447632,-1.7104932069778442,4.914565086364746
3519707365.0,-1.4802476167678833,0.3564814329147339,9.58902359008789,2.975951671600342,-1.8546501398086548,4.9748616218566895
3519715698.0,-1.4467248916625977,0.4929055273532867,9.66079807281494,2.943933725357056,-1.8993723392486568,5.122193813323975
3519724031.0,-1.4644700288772583,0.2819094657897949,9.561040878295898,2.977488279342652,-2.117631196975708,5.163406848907471
3519732364.0,-1.477406620979309,0.4512616395950317,9.571094512939451,3.2798385620117188,-1.939560890197754,5.196577548980713
3519740697.0,-1.3706568479537964,0.3833391964435577,9.769257545471191,3.252918243408203,-1.7077009677886963,5.360611438751221
3519749030.0,-1.364145278930664,0.3486622273921966,9.703511238098145,3.27315354347229,-2.1004440784454346,5.382101058959961
3519757363.0,-1.3443806171417236,0.5679062604904175,9.484957695007324,3.173898458480835,-1.8081344366073608,5.358177661895752
3519765696.0,-1.1915498971939087,0.2877246141433716,9.65342903137207,3.3898518085479736,-1.552786111831665,5.450952053070068
3519774029.0,-1.13754141330719,0.0748924538493156,9.74994945526123,3.449174165725708,-1.5175665616989136,5.478333950042725
3519782362.0,-1.0491257905960083,0.2215721905231475,9.92859935760498,3.4976625442504883,-1.3066847324371338,5.460686206817627
3519790695.0,-0.9893365502357484,0.519911527633667,9.805980682373049,3.782979249954224,-1.140499472618103,5.534788131713867
3519799028.0,-1.3489469289779663,0.834807276725769,9.727822303771973,3.8615896701812735,-0.7417113780975342,5.565985679626465
3519807361.0,-1.4101728200912476,0.7660107612609863,9.856425285339355,3.329735040664673,-0.417102187871933,5.3513383865356445
3519815694.0,-1.242027997970581,0.5819781422615051,9.90396785736084,3.217698574066162,-1.084890842437744,5.3669633865356445
3519824027.0,-1.278485894203186,0.7220698595046997,9.620490074157717,3.3269433975219727,-1.037145972251892,5.35661506652832
3519832360.0,-1.3789987564086914,0.6043565273284912,9.447479248046877,3.4781954288482666,-0.2246368378400802,5.50474214553833
3519840693.0,-1.4111120700836182,0.4710235893726349,9.8175630569458,3.4539897441864014,-0.301607608795166,5.3381218910217285
3519849026.0,-1.321361064910889,0.5326758027076721,9.95241355895996,3.2329649925231934,-0.7735244035720825,5.299957275390625
3519857359.0,-1.28590190410614,0.4074751734733581,9.78989315032959,3.388059139251709,-0.8102038502693176,5.363659381866455
3519865692.0,-1.3066171407699585,0.5716401934623718,9.710291862487791,3.6951732635498047,-0.0654187500476837,5.348828315734863
3519874025.0,-1.421756148338318,0.8084522485733032,10.040094375610352,3.410010576248169,0.4249018430709839,5.174908638000488
3519882358.0,-1.174556016921997,0.7289309501647949,10.219429969787598,3.423048257827759,-0.1736132800579071,5.161101818084717
3519890691.0,-1.0885077714920044,0.8496768474578857,10.001409530639648,3.43682861328125,-0.5460955500602722,5.113818645477295
3519899024.0,-1.3585500717163086,0.989415168762207,9.819108963012695,3.2711305618286133,0.347597986459732,5.254004955291748
3519907357.0,-1.57361102104187,0.9342228174209596,9.83733081817627,3.057610034942627,0.8785042762756348,5.152982711791992
3519915690.0,-1.6357501745224,1.227120041847229,10.244866371154783,2.8588690757751465,0.2618927359580993,5.056083679199219
3519924023.0,-1.5592436790466309,1.1462531089782717,10.28510856628418,2.2423343658447266,-0.070977047085762,5.111205577850342
3519932356.0,-1.534807801246643,1.318947196006775,10.167984008789062,1.9788661003112795,0.0010373764671385,5.032492637634277
3519940689.0,-1.3668986558914185,1.8274931907653809,10.308009147644045,1.984552502632141,0.3596622943878174,5.159103393554688
3519949022.0,-1.1784698963165283,1.442487716674805,10.503626823425291,1.2784192562103271,-0.1193623319268226,5.021657466888428
3519957355.0,-1.3609850406646729,1.2149003744125366,10.117732048034668,0.5770246386528015,0.0806207954883575,5.032851219177246
3519965688.0,-1.710917830467224,1.241551160812378,10.000096321105955,0.5482599139213562,1.4394559860229492,5.156337738037109
3519974021.0,-1.563202142715454,0.963594615459442,10.750638961791992,0.7973327040672302,1.202908635139465,5.231822967529297
3519982354.0,-1.2632148265838623,0.3767962157726288,10.374530792236328,0.4857611954212188,-0.5160756707191467,5.292374610900879
3519990687.0,-0.7563623189926147,-0.022179989144206,9.562150955200195,0.548618495464325,-0.8804382085800171,5.45364236831665
3519999020.0,-0.7887765765190125,-0.1685670316219329,9.208806991577148,1.4292614459991455,0.927786111831665,5.555842876434326
3520007353.0,-1.416089653968811,-0.3030141294002533,9.33158016204834,2.1832423210144043,2.082450151443481,5.774665355682373
3520015686.0,-1.589514970779419,-0.386696308851242,9.9220552444458,2.702007293701172,1.940778017044068,5.691419124603272
3520024019.0,-1.295753836631775,-0.2933689653873443,10.138044357299805,2.999439716339112,0.2154285162687301,5.7031755447387695
3520032352.0,-1.1959012746810913,0.1882307380437851,9.56361484527588,3.3330395221710205,0.2857395708560943,5.716111183166504
3520040685.0,-1.168274998664856,0.4987846612930298,9.764607429504396,3.758364200592041,2.231729984283448,5.98892879486084
3520049018.0,-1.6585016250610352,0.7738816142082214,10.2493257522583,3.828291177749634,2.946470022201538,5.991362571716309
3520057351.0,-1.9201854467391968,1.071685552597046,10.754154205322266,3.4437952041625977,1.9850903749465945,5.892080783843994
3520065684.0,-1.6490590572357178,1.283186912536621,10.58148193359375,3.192878246307373,0.7508940696716309,6.040976047515869
3520074017.0,-1.5774297714233398,1.4202920198440552,10.16067600250244,2.902259588241577,0.9710485339164734,6.049173831939697
3520082350.0,-1.570074200630188,1.516281247138977,10.11476993560791,2.271278381347656,2.187135696411133,6.135903358459473
3520090683.0,-1.5383219718933103,0.9404405355453492,10.479018211364746,1.847490668296814,2.2550387382507324,6.138131141662598
3520099016.0,-1.8705785274505613,0.899042546749115,10.223155975341797,1.561149001121521,1.3515478372573853,6.177935600280762
3520107349.0,-2.194749355316162,0.8176665902137756,10.047630310058594,1.2840800285339355,1.727411150932312,6.262514114379883
3520115682.0,-2.074144124984741,0.7445944547653198,10.094308853149414,1.3106931447982788,1.7868616580963137,6.094791889190674
3520124015.0,-2.1247305870056152,0.9111799597740172,10.191697120666504,1.0192289352416992,1.2216583490371704,6.090437889099121
3520132348.0,-1.9242969751358032,0.8249813318252563,10.035922050476074,0.7075549364089966,0.950096070766449,6.161184787750244
3520140681.0,-1.7537078857421875,0.5923131108283997,9.912646293640137,0.7373186349868774,0.999582827091217,6.05744743347168
3520149014.0,-1.708884358406067,0.5379976034164429,9.81324291229248,0.7106797695159912,1.2218374013900757,6.1116204261779785
3520157347.0,-1.7535052299499512,0.4283246994018554,9.72671127319336,0.8404927849769592,1.1898709535598757,5.907808303833008
3520165680.0,-1.9667112827301023,0.5257864594459534,9.679685592651367,1.018229842185974,1.0066522359848022,5.851713180541992
3520174013.0,-1.9195075035095213,0.5609842538833618,9.815346717834473,1.0455859899520874,1.2785730361938477,5.870539665222168
3520182346.0,-1.871793866157532,0.0852019116282463,10.009777069091797,1.0246078968048096,1.1092885732650757,5.808527946472168
3520190679.0,-1.90641725063324,0.0705657303333282,9.735821723937988,1.3853586912155151,0.6420592069625854,5.750741481781006
3520199012.0,-1.9295010566711424,0.1346955001354217,9.608102798461914,1.702565312385559,0.763829231262207,5.690445423126221
3520207345.0,-1.9474793672561648,0.0823105126619339,9.650753021240234,1.993415117263794,0.8565272688865662,5.556765079498291
3520215678.0,-1.8721802234649656,0.2826406359672546,9.64850616455078,2.0025336742401123,0.6759212613105774,5.551974773406982
3520224011.0,-1.750079870223999,0.2036560624837875,9.680091857910156,2.080939054489136,0.6517158150672913,5.386097431182861
3520232344.0,-1.7012195587158203,0.1276776194572448,9.434371948242188,2.3809070587158203,0.6631141304969788,5.407280445098877
3520240677.0,-1.8793545961380005,0.2926622331142425,9.566768646240234,2.4853620529174805,1.1311630010604858,5.347931861877441
3520249010.0,-1.767358422279358,0.4071557521820068,9.835426330566406,2.327296495437622,1.0095210075378418,5.361866474151611
3520257343.0,-1.7182048559188845,0.5102879405021667,9.860063552856444,2.4356703758239746,0.3085618913173675,5.408458709716797
3520265676.0,-1.6853411197662354,0.654123067855835,9.637707710266112,2.223635673522949,0.7435684204101562,5.329643726348877
3520274009.0,-1.6999677419662476,0.358198881149292,9.644818305969238,2.2079086303710938,1.0310114622116089,5.448826789855957
3520282342.0,-1.8656864166259768,0.1520317941904068,9.647876739501951,2.001150608062744,1.1770894527435305,5.5350189208984375
3520290675.0,-1.6814130544662476,0.1052076071500778,9.718332290649414,2.0699503421783447,0.8895951509475708,5.475721836090088
3520299008.0,-1.429246187210083,-0.0855869576334953,9.570178985595703,2.224250555038452,0.5305604338645935,5.484481334686279
3520307341.0,-1.4961355924606323,-0.19309963285923,9.138714790344238,2.6180694103240967,0.8441299796104431,5.443140506744385
3520315674.0,-1.612813115119934,-0.2627414166927337,9.356165885925291,2.833639144897461,1.6253129243850708,5.515577793121338
3520324007.0,-1.807204842567444,-0.2611302137374878,9.442744255065918,3.1818385124206543,1.7910113334655762,5.624642372131348
3520332340.0,-1.9670695066452024,-0.0909250304102897,9.683396339416504,3.5077033042907715,1.5754932165145874,5.505485534667969
3520340673.0,-1.7897673845291138,0.0124882701784372,9.781947135925291,3.761309146881104,1.3542629480361938,5.537323474884033
3520349006.0,-1.710004806518555,0.1743552088737487,9.700569152832031,3.990428686141968,0.9780666828155518,5.481432914733887
3520357339.0,-1.5422260761260986,0.4445589482784271,9.608389854431152,3.894785165786743,1.3188384771347046,5.543086528778076
3520365672.0,-1.607830047607422,0.3829601407051086,9.65858268737793,3.793327569961548,1.6103031635284424,5.687142372131348
3520374005.0,-1.9726773500442505,0.5102733969688416,9.537466049194336,3.704522609710693,1.6712646484375,5.512477397918701
3520382338.0,-2.194333076477051,0.4728433191776275,9.660784721374512,3.5991456508636475,2.3286283016204834,5.545212745666504
3520390671.0,-2.1558194160461426,0.5495126843452454,10.093710899353027,3.635902166366577,1.7037947177886963,5.495213508605957
3520399004.0,-2.097546100616455,0.7021486759185791,10.115302085876465,3.407090187072754,1.064258694648743,5.469778060913086
3520407337.0,-2.0314903259277344,0.9694686532020568,9.93415355682373,3.242416381835937,1.3206058740615845,5.54733943939209
3520415670.0,-2.0309271812438965,0.8162975311279297,9.907429695129396,3.1223111152648926,1.475597620010376,5.45656156539917
3520424003.0,-2.247208595275879,0.8434112071990967,9.961666107177734,2.77277946472168,1.6353280544281006,5.240275859832764
3520432336.0,-2.150187492370605,0.8001794815063477,10.278703689575195,2.6855885982513428,1.4287492036819458,5.195476055145264
3520440669.0,-1.9862043857574463,0.8780024647712708,10.20203971862793,2.5979878902435303,1.006421685218811,5.0910725593566895
3520449002.0,-1.8691158294677728,1.371432542800903,10.055521965026855,2.417766094207764,1.2701715230941772,5.055520534515381
3520457335.0,-1.9447286128997805,1.3036549091339111,9.96557331085205,2.097332000732422,1.451033592224121,4.817205429077148
3520465668.0,-2.4016597270965576,1.1275664567947388,9.984326362609863,1.8020000457763672,1.7094300985336304,4.766873359680176
3520474001.0,-2.53448486328125,0.8477302193641663,10.167475700378418,1.5606881380081177,1.7588398456573486,4.76469612121582
3520482334.0,-2.299870252609253,0.6094062328338623,10.172840118408203,1.5603806972503662,0.5560722351074219,4.923043251037598
3520490667.0,-2.119331121444702,0.6327506303787231,9.642024040222168,1.5898116827011108,0.0874598026275634,4.685163974761963
3520499000.0,-2.0129382610321045,0.4859169721603393,9.20668888092041,1.5873781442642212,0.6805317997932434,4.618412971496582
3520507333.0,-1.9735124111175537,-0.0350169986486434,9.62725067138672,1.7370164394378662,1.191458821296692,4.716361999511719
3520515666.0,-2.214359760284424,0.0020951041951775,9.594436645507812,1.896311521530152,0.8068869113922119,4.894303798675537
3520523999.0,-2.1319541931152344,0.1394272446632385,9.573980331420898,2.3051915168762207,0.3573057651519775,4.781370639801025
3520532332.0,-2.0462357997894287,0.2672226130962372,9.397871017456056,2.456622838973999,-0.0258447639644145,4.803655624389648
3520540665.0,-2.166339635848999,0.5561434030532837,9.44680118560791,2.1562957763671875,0.3808708488941192,4.746509552001953
3520548998.0,-1.990897297859192,0.6260663866996765,9.901856422424316,2.3251194953918457,0.7169296145439148,4.702709674835205
3520557331.0,-1.8605045080184937,0.5924479365348816,10.384015083312988,2.202068567276001,0.1327714025974273,4.870815753936768
3520565664.0,-1.8345403671264648,0.5545275807380676,9.959660530090332,1.9639075994491573,-0.1253560781478881,5.109643459320068
3520573997.0,-1.8593941926956177,0.7707779407501221,9.876737594604492,1.6769769191741943,0.4790758788585663,5.025833606719971
3520582330.0,-1.73267924785614,1.026729941368103,10.027915954589844,1.6917048692703247,0.925403892993927,4.960209846496582
3520590663.0,-1.597990870475769,0.8265405297279358,10.323480606079102,1.3537250757217407,0.8235104084014893,4.891589164733887
3520598996.0,-1.5936700105667114,0.4352705478668213,10.171009063720703,1.0539361238479614,0.8928481340408325,5.038332462310791
3520607329.0,-1.8644758462905884,0.64902663230896,9.675111770629885,1.1372079849243164,1.1466084718704224,4.848249435424805
3520615662.0,-1.9526445865631104,0.6753215193748474,9.833134651184082,1.0829826593399048,1.914318323135376,4.793768405914307
3520623995.0,-1.863634824752808,0.3623146414756775,9.957599639892578,1.0956872701644895,1.4174021482467651,4.790412425994873
3520632328.0,-1.8326832056045528,0.4064131379127502,9.704976081848145,0.764059841632843,1.0018880367279053,4.648637771606445
3520640661.0,-1.81122636795044,0.3342610895633697,9.569387435913086,0.893949568271637,1.400573492050171,4.8255295753479
3520648994.0,-1.9157475233078003,0.368103414773941,9.393020629882812,1.1039608716964722,2.0616769790649414,4.779219150543213
3520657327.0,-1.9886175394058228,0.2360197752714157,9.87236213684082,1.0491461753845217,1.9886764287948608,4.725172519683838
3520665660.0,-1.874605417251587,0.1568734794855117,9.779583930969238,0.9528111815452576,1.703897476196289,4.599868774414063
3520673993.0,-1.7934929132461548,0.138805866241455,9.75146770477295,1.3030856847763062,1.7665497064590454,4.638469219207764
3520682326.0,-1.9046630859375,0.2254664301872253,9.658217430114746,1.4065159559249878,2.2667698860168457,4.639467716217041
3520690659.0,-2.021885871887207,0.0809878334403038,9.834589958190918,1.3858197927474976,2.543352603912353,4.496950626373291
3520698992.0,-2.205681800842285,0.2113397419452667,9.86209774017334,1.42178213596344,2.15557861328125,4.444748401641846
3520707325.0,-2.0231292247772217,0.2227819859981537,9.933282852172852,1.5866353511810305,2.2356491088867188,4.461525917053223
3520715658.0,-1.8756505250930784,-0.0790103450417518,9.88169765472412,1.780842661857605,2.0210018157958984,4.431480407714844
3520723991.0,-2.035543441772461,0.3014760315418243,9.596426963806152,1.811835765838623,2.300734758377075,4.437679290771484
3520732324.0,-2.163909435272217,0.2050694227218628,9.786229133605955,1.7802791595458984,2.668478488922119,4.430097579956055
3520740657.0,-2.284873008728028,0.2373551130294799,9.895645141601562,1.7784346342086792,2.359416961669922,4.425743103027344
3520748990.0,-2.409529447555542,0.3431612849235534,9.89120101928711,1.7059463262557983,2.014136791229248,4.446848392486572
3520757323.0,-2.3526597023010254,0.345985859632492,10.00185489654541,1.5041320323944092,2.0056843757629395,4.518722057342529
3520765656.0,-2.311457395553589,0.4535579085350036,9.897690773010254,1.6491855382919312,1.87589693069458,4.314218997955322
3520773989.0,-2.3146116733551025,0.6403248906135559,9.93066692352295,1.418017029762268,1.9407267570495603,4.489240646362305
3520782322.0,-2.2803237438201904,0.3723309338092804,9.898747444152832,1.1891025304794312,1.643755316734314,4.387321472167969
3520790655.0,-2.4195303916931152,0.4049440324306488,9.848280906677246,1.110159397125244,1.5578194856643677,4.43109655380249
3520798988.0,-2.3534772396087646,0.4311817586421966,9.854369163513184,1.112848877906799,1.5935001373291016,4.435245513916016
3520807321.0,-2.1981301307678223,0.3269127309322357,9.693326950073242,1.165486216545105,1.21973717212677,4.39218807220459
3520815654.0,-2.182851791381836,0.1618933379650116,9.504280090332031,1.0914098024368286,0.9807049036026,4.328920841217041
3520823987.0,-2.221857786178589,-0.0061211856082081,9.361722946166992,1.1315985918045044,1.4663509130477903,4.410143852233887
3520832320.0,-2.399662733078003,-0.2377465814352035,9.481959342956545,1.6030542850494385,1.6656808853149414,4.447796821594238
3520840653.0,-2.5653696060180664,-0.2856890261173248,9.528908729553224,1.8221583366394043,1.2753969430923462,4.356456279754639
3520848986.0,-2.2860686779022217,-0.5364798903465271,9.451153755187988,2.1457173824310303,0.6267932057380676,4.324874401092529
3520857319.0,-2.0404303073883057,-0.6552392244338989,9.229887008666992,2.4609007835388184,0.2565906345844269,4.295469284057617
3520865652.0,-2.0249948501586914,-0.4369595348834991,9.052338600158691,2.975951671600342,0.8826025724411011,4.378484725952148
3520873985.0,-2.063716173171997,-0.4152216613292694,9.261356353759766,3.2669036388397217,1.441889405250549,4.442750930786133
3520882318.0,-2.4024174213409424,-0.2349607795476913,9.401246070861816,3.4881591796875,1.192790985107422,4.463062763214111
3520890651.0,-2.258561372756958,0.0381385944783687,9.779237747192385,3.3333213329315186,0.8751487135887146,4.410732746124268
3520898984.0,-2.056192874908448,0.2176490575075149,10.02279281616211,3.4762232303619385,0.6619102358818054,4.362296104431152
3520907317.0,-1.8813910484313965,0.4135073125362396,10.075852394104004,3.3347558975219727,0.5294334292411804,4.488088130950928
3520915650.0,-2.0573744773864746,0.62281733751297,9.924540519714355,2.856743097305298,0.8848053812980652,4.514649868011475
3520923983.0,-2.3126065731048584,0.4973626732826233,10.000019073486328,2.72365140914917,1.123043417930603,4.6004319190979
3520932316.0,-2.474759340286255,0.579486608505249,10.158073425292969,2.219127655029297,1.005038499832153,4.577404499053955
3520940649.0,-2.3147060871124268,0.4758637249469757,10.322151184082031,1.95809292793274,0.5816864371299744,4.640748500823975
3520948982.0,-2.196660280227661,0.4483769834041595,10.108757019042969,1.9767146110534668,0.3966748416423797,4.4688262939453125
3520957315.0,-2.3316125869750977,0.4797016382217407,9.871562957763672,1.7026933431625366,0.9525805711746216,4.534833908081055
3520965648.0,-2.3446006774902344,0.232615053653717,9.961211204528809,1.5840483903884888,1.0443052053451538,4.560422420501709
3520973981.0,-2.3988637924194336,0.1484557539224624,9.94773769378662,1.5082558393478394,0.5727983713150024,4.338833808898926
3520982314.0,-2.2632951736450195,0.1702514588832855,9.97412395477295,1.673749566078186,0.4886043667793274,4.259250640869141
3520990647.0,-2.091054916381836,0.0519264675676822,9.87816333770752,1.9665457010269165,0.3135311007499695,4.250080585479736
3520998980.0,-2.173457145690918,0.1554597020149231,9.928741455078123,1.937345623970032,0.5759745240211487,4.128208160400391
3521007313.0,-2.2353832721710205,0.1276234686374664,9.94571590423584,2.151045083999634,0.8263792991638184,4.134867668151856
3521015646.0,-2.314389705657959,-0.0558088049292564,10.072284698486328,2.210956573486328,0.8487404584884644,3.966813087463379
3521023979.0,-2.379079341888428,-0.0350131429731845,9.928265571594238,2.514434337615967,0.7748435139656067,3.8659181594848633
3521032312.0,-2.21702527999878,-0.2185684442520141,10.02728271484375,2.6733195781707764,0.5831208825111389,3.829725503921509
3521040645.0,-2.208605527877808,-0.0728708058595657,9.87680435180664,2.988887071609497,0.4573037922382355,3.770479679107666
3521048978.0,-2.196875810623169,-0.0382969044148922,9.902372360229492,3.157095432281494,0.9814735651016236,3.798680543899536
3521057311.0,-2.091908693313598,-0.17030830681324,9.9826021194458,3.4507627487182617,0.899072527885437,3.772144556045532
3521065644.0,-1.901030778884888,-0.2239910513162613,9.839415550231934,3.423586130142212,0.4013110399246216,3.620661973953247
3521073977.0,-1.9135429859161377,-0.0498778037726879,9.780074119567873,3.5523488521575928,0.8899282217025757,3.662541389465332
3521082310.0,-1.9327118396759035,-0.0503619909286499,9.796762466430664,3.753983974456787,1.467836618423462,3.773040533065796
3521090643.0,-2.138278245925904,0.1462969481945037,9.894783973693848,3.884309053421021,1.4889426231384275,3.644175291061402
3521098976.0,-2.1236214637756348,0.1928931623697281,10.098278045654297,3.688898086547852,1.2544188499450684,3.660031080245972
3521107309.0,-1.990127444267273,0.1980635076761245,9.82512664794922,3.6069841384887695,1.0855697393417358,3.675502061843872
3521115642.0,-2.113806962966919,0.2310344129800796,9.760135650634766,3.5882344245910645,1.4640201330184937,3.653576135635376
3521123975.0,-2.083944797515869,0.364338606595993,9.924603462219238,3.436802625656128,1.840267539024353,3.717586278915405
3521132308.0,-2.1143391132354736,0.3200315535068512,9.95846939086914,3.276073694229126,1.5690128803253174,3.608418464660645
3521140641.0,-2.1581480503082275,0.4041520357131958,9.877190589904783,3.0873734951019287,1.2575181722640991,3.761565685272217
3521148974.0,-2.005861759185791,0.3142377138137817,9.67128086090088,2.884969711303711,1.6937286853790283,3.668124914169312
3521157307.0,-2.058107614517212,0.0862789750099182,9.744287490844728,2.7564375400543213,1.5754932165145874,3.726038932800293
3521165640.0,-2.142796754837036,0.1604083627462387,9.77226734161377,2.8585355281829834,1.9426475763320925,3.83200478553772
3521173973.0,-2.186897754669189,0.0930705815553665,9.709131240844728,3.042932748794556,1.6372746229171753,3.772272109985352
3521182306.0,-2.295424222946167,0.2507006227970123,9.685771942138672,3.184195280075073,1.573469638824463,3.703037023544312
3521190639.0,-2.3495497703552246,0.328628808259964,9.621386528015137,2.969368696212769,1.7722618579864502,3.7040107250213614
3521198972.0,-2.2641193866729736,0.053935881704092,9.770944595336914,2.9997475147247314,1.6342523097991943,3.638259172439575
3521207305.0,-2.352693557739258,0.1881178170442581,9.70555019378662,3.177049160003662,1.3969876766204834,3.723964214324951
3521215638.0,-2.3287150859832764,0.2195382416248321,9.62764835357666,3.2023301124572754,1.5031328201293943,3.708390712738037
3521223971.0,-2.320784568786621,0.1130792498588562,9.7568998336792,3.395794153213501,1.473036289215088,3.76807165145874
3521232304.0,-2.405524969100952,0.3652283549308777,9.648274421691896,3.2732298374176025,1.164563775062561,3.7156903743743896
3521240637.0,-2.3365445137023926,0.2496407628059387,9.813199996948242,3.253251075744629,1.331031084060669,3.70280694961548
3521248970.0,-2.3426826000213623,0.2544264495372772,9.743985176086426,3.3070669174194336,1.0460468530654907,3.7139229774475098
3521257303.0,-2.450752019882202,0.4393773674964905,9.570609092712402,3.173257827758789,0.9759408831596376,3.674554347991944
3521265636.0,-2.442560195922852,0.4297563731670379,9.812514305114746,3.214215040206909,0.9230985641479492,3.654831171035767
3521273969.0,-2.5245730876922607,0.5913006067276001,9.736724853515623,3.0865280628204346,0.5796629786491394,3.636004686355591
3521282302.0,-2.4899673461914062,0.694109320640564,9.69384765625,2.9026436805725098,0.593417763710022,3.576221466064453
3521290635.0,-2.340251445770264,0.4524541795253753,9.868460655212402,2.7762885093688965,0.5143722891807556,3.770249128341675
3521298968.0,-2.391464233398437,0.5526744723320007,9.584712028503418,2.624370574951172,0.3060773611068725,3.632495641708374
3521307301.0,-2.3737831115722656,0.5138933658599854,9.830058097839355,2.488102674484253,0.3727255761623382,3.650835275650024
3521315634.0,-2.3346762657165527,0.4590956568717956,9.761412620544434,2.5115396976470947,0.2315911203622818,3.613720417022705
3521323967.0,-2.39754581451416,0.4760605990886688,9.698986053466797,2.188262224197388,0.1811822652816772,3.517922878265381
3521332300.0,-2.3620758056640625,0.3360027074813843,9.960291862487791,2.240720510482788,0.2264682352542877,3.4877748489379883
3521340633.0,-2.3167612552642822,0.3189885914325714,9.586551666259766,2.3074710369110107,-0.1205149665474891,3.4724066257476807
3521348966.0,-2.41379189491272,0.3559662103652954,9.77209758758545,2.1863157749176025,0.2945252954959869,3.4366745948791504
3521357299.0,-2.2875993251800537,0.2473842501640319,9.885241508483888,2.1993277072906494,0.1105126142501831,3.3881869316101074
3521365632.0,-2.312145948410034,0.1961765587329864,9.819214820861816,2.2012486457824707,-0.4258622527122497,3.3812713623046875
3521373965.0,-2.309382200241089,0.4333294928073883,9.822790145874023,2.1138272285461426,-0.2187711745500564,3.4732260704040527
3521382298.0,-2.234503746032715,0.3966913819313049,9.774989128112791,2.1191294193267822,0.0104890270158648,3.418590545654297
3521390631.0,-2.347337007522583,0.2758692800998688,10.03127670288086,2.0673630237579346,-0.1672097146511078,3.358243703842163
3521398964.0,-2.3032615184783936,0.1356144100427627,10.014777183532717,1.858735203742981,-0.1936435997486114,3.298255205154419
3521407297.0,-2.225465774536133,0.1375119686126709,9.951356887817385,1.8430336713790887,-0.4917164146900177,3.2827587127685547
3521415630.0,-2.243590831756592,0.2990009784698486,9.881091117858888,1.8710814714431765,-0.454985648393631,3.32883882522583
3521423963.0,-2.092834711074829,0.3410626649856567,9.978961944580078,1.6950088739395142,-0.2358302325010299,3.266851663589477
3521432296.0,-1.938341856002808,0.056440956890583,9.909748077392578,1.545985221862793,-0.4736839830875397,3.321538209915161
3521440629.0,-2.0965113639831543,0.1617366522550583,9.754088401794434,1.6180380582809448,-0.2391600906848907,3.303275346755981
3521448962.0,-2.170195817947388,0.129746675491333,9.931987762451172,1.721545696258545,0.1611263453960418,3.2009472846984863
3521457295.0,-2.215052366256714,0.1069644317030906,10.027645111083984,1.7793824672698977,-0.1044036149978637,3.246821880340576
3521465628.0,-2.140067338943481,0.3203392028808594,9.992697715759276,1.6365575790405271,-0.4394122064113617,3.223845958709717
3521473961.0,-1.9578192234039309,0.1246066913008689,9.859344482421877,1.4949620962142944,-0.330731064081192,3.1587862968444824
3521482294.0,-2.0232503414154053,-0.0202335119247436,9.809776306152344,1.7520263195037842,0.1077206656336784,3.215956926345825
3521490627.0,-2.1224172115325928,0.081513226032257,9.881869316101074,1.6962642669677734,0.3753894567489624,3.285320281982422
3521498960.0,-2.108452558517456,-0.0410875976085662,9.995266914367676,1.8744109869003296,0.1076694205403328,3.1799428462982178
3521507293.0,-2.022141218185425,0.1507236957550048,9.767087936401367,1.9077610969543457,-0.4302935600280761,2.9517974853515625
3521515626.0,-1.9743214845657349,0.2096458077430725,9.675647735595703,1.859760046005249,-0.0015624683583155,3.0525896549224854
3521523959.0,-1.9604113101959229,0.0377771891653537,9.860939025878906,1.968799710273743,0.5529472827911377,3.042471408843994
3521532292.0,-2.131434679031372,0.0205599777400493,9.800311088562012,2.104324579238892,0.3604306876659393,3.091394662857056
3521540625.0,-2.164440870285034,-0.0480972230434417,9.79664134979248,1.961294770240784,0.1943992525339126,2.941807746887207
3521548958.0,-2.0129640102386475,-0.0968805998563766,9.776305198669434,2.196638345718384,0.1049543321132659,2.849750518798828
3521557291.0,-2.0581841468811035,0.0993176773190498,9.640399932861328,2.1686415672302246,0.2567442655563354,2.95507550239563
3521565624.0,-2.0249080657958984,-0.0793494209647178,9.803977012634276,2.2968666553497314,0.4791270494461059,3.002154588699341
3521573957.0,-2.006373167037964,-0.2605370581150055,9.61772346496582,2.454522132873535,0.1728576421737671,2.986811637878418
3521582290.0,-2.132951736450196,-0.2861086726188659,9.543746948242188,2.4455573558807373,0.2835623621940613,2.8740322589874268
3521590623.0,-2.050663709640503,-0.3526390492916107,9.641310691833496,2.8022868633270264,0.3774898052215576,3.030971050262451
3521598956.0,-2.073578119277954,-0.331108421087265,9.566839218139648,2.961044311523437,0.1957055926322937,3.010479688644409
3521607289.0,-2.0746371746063232,-0.2008583843708038,9.654433250427246,2.992703437805176,0.2562576234340668,3.09761905670166
3521615622.0,-2.014632225036621,-0.2104471176862716,9.59423542022705,2.990346908569336,0.2244191318750381,3.148181676864624
3521623955.0,-2.1594431400299072,-0.2440488487482071,9.636730194091797,3.216366767883301,0.292143166065216,3.092214822769165
3521632288.0,-2.2534279823303223,-0.0010685743764042,9.808391571044922,3.153919219970703,0.4789734184741974,3.1596570014953613
3521640621.0,-2.1256792545318604,-0.139898344874382,9.876401901245115,3.1331207752227783,-0.0746911168098449,3.1615779399871826
3521648954.0,-2.003220558166504,-0.0923416018486023,9.776798248291016,3.248589515686035,-0.3241225481033325,3.0920095443725586
3521657287.0,-1.8929263353347776,0.1297163516283035,9.592945098876951,3.2539942264556885,0.1822324842214584,3.186039447784424
3521665620.0,-1.9497437477111816,0.0713316202163696,9.762353897094728,3.13091778755188,0.4163722395896911,3.234245538711548
3521673953.0,-2.1276447772979736,0.146079882979393,9.901037216186523,3.051206588745117,0.5920090675354004,3.1541755199432373
3521682286.0,-2.1721787452697754,0.0042900620028376,10.106581687927246,2.8940117359161377,0.5524607300758362,3.2118589878082275
3521690619.0,-1.9964555501937864,-0.0003549358807504,9.86911678314209,3.111809492111206,-0.0167517103254795,3.161526679992676
3521698952.0,-1.8792192935943604,0.3101283013820648,9.69861125946045,3.12105655670166,0.0957844331860542,3.196746587753296
3521707285.0,-1.872350692749024,0.218731939792633,9.723699569702148,2.894524097442627,0.7172370553016663,3.2112953662872314
3521715618.0,-1.9871665239334104,0.0094827748835086,9.788321495056152,2.7638401985168457,0.7677994966506958,3.0707497596740723
3521723951.0,-2.0815248489379883,0.1657463312149047,9.92618179321289,2.938042640686035,0.878094494342804,3.121953010559082
3521732284.0,-1.9537065029144287,0.0724010616540908,9.85953426361084,3.114166021347046,0.5969781875610352,3.068316698074341
3521740617.0,-1.9952219724655151,0.1228175163269043,9.719120979309082,3.237473249435425,0.4910633265972137,3.071390390396118
3521748950.0,-2.050002098083496,0.2675651013851166,9.810151100158691,3.046083450317383,1.0873627662658691,3.14764404296875
3521757283.0,-2.034351110458374,0.0871388614177703,10.007115364074709,3.0752322673797607,1.183390498161316,3.127075672149658
3521765616.0,-2.1396830081939697,0.0593167245388031,9.973596572875977,3.3203861713409424,0.9037855863571168,3.0990536212921143
3521773949.0,-2.1483638286590576,0.0982893481850624,9.838170051574709,3.337035655975342,0.8791446685791016,3.0219802856445312
3521782282.0,-2.0782811641693115,-0.0245795994997024,9.829305648803713,3.346769094467163,0.9728670716285706,2.9430885314941406
3521790615.0,-2.111550807952881,0.3463304340839386,9.919330596923828,3.4592411518096924,1.0338544845581057,2.980664253234864
3521798948.0,-2.1938419342041016,0.4573871791362762,10.114013671875,3.382270336151123,1.328700065612793,2.936377763748169
3521807281.0,-2.269104719161988,0.3018020391464233,10.085200309753418,3.415210247039795,1.1296262741088867,2.953308582305908
3521815614.0,-2.2925567626953125,0.3881978988647461,9.995781898498535,3.115575075149536,0.7128058075904846,3.026642322540283
3521823947.0,-2.1775155067443848,0.4042571783065796,10.096712112426758,3.0782294273376465,0.6877294778823853,3.025002956390381
3521832280.0,-2.176298379898072,0.5275585651397705,9.993678092956545,3.059530735015869,0.706760823726654,2.932919502258301
3521840613.0,-2.2417140007019043,0.6715905070304871,10.122737884521484,2.82198429107666,0.9179500937461852,2.917832612991333
3521848946.0,-2.168738603591919,0.4615593552589416,10.171929359436035,2.628417491912842,0.592623770236969,3.0692899227142334
3521857279.0,-2.1483333110809326,0.4032283425331116,9.951323509216309,2.445608615875244,0.2629685401916504,3.118699312210083
3521865612.0,-2.1314001083374023,0.459590196609497,9.87644100189209,2.276170492172241,0.3781557381153106,3.0481576919555664
3521873945.0,-2.1764779090881348,0.23263019323349,9.941405296325684,2.354729175567627,0.5755646228790283,3.182914018630981
3521882278.0,-2.3161563873291016,0.3469740748405456,9.864198684692385,2.3959169387817383,0.2413500994443893,3.137474298477173
3521890611.0,-2.1791131496429443,0.3248546719551086,9.859504699707031,2.2273497581481934,0.1066704839468002,3.269900321960449
3521898944.0,-2.076556444168091,0.0430857352912426,9.69484519958496,2.1338069438934326,-0.1896990239620208,3.292901992797852
3521907277.0,-2.110985040664673,0.1187257692217826,9.690775871276855,2.298967123031616,0.2947045862674713,3.2778918743133545
3521915610.0,-2.07613468170166,0.0587542243301868,9.853815078735352,2.4878978729248047,0.4763607680797577,3.397766828536988
3521923943.0,-2.035961866378784,0.0047575775533914,9.795783996582031,2.73543381690979,-0.0673142150044441,3.282323122024536
3521932276.0,-1.942457914352417,0.130769670009613,9.63935089111328,2.5603349208831787,-0.0700037106871604,3.4169516563415527
3521940609.0,-1.8171101808547967,-0.0463907346129417,9.67966365814209,2.7110490798950195,0.1963715404272079,3.47660756111145
3521948942.0,-1.9238852262496948,-0.0038276161067187,9.782024383544922,2.6990106105804443,0.5129122734069824,3.4859824180603027
3521957275.0,-2.100734233856201,0.1462720781564712,9.79713535308838,3.0092244148254395,0.6456196308135986,3.367926359176636
3521965608.0,-2.1559481620788574,-0.0541682802140712,9.833587646484377,2.971110582351685,0.3236486911773681,3.515951156616211
3521973941.0,-2.1733062267303467,0.1237740740180015,9.654892921447754,2.953052282333374,0.340067446231842,3.494179010391236
3521982274.0,-2.0059597492218018,0.1899295598268509,9.747943878173828,2.9645278453826904,0.7278413772583008,3.545637845993042
3521990607.0,-2.015249252319336,0.0431543104350566,9.738311767578123,2.8265695571899414,0.7512271404266357,3.535673856735229
3521998940.0,-2.1220202445983887,0.2422093749046325,9.659894943237305,2.943677425384521,0.9244818091392516,3.435624361038208
3522007273.0,-2.0955822467803955,0.1824274212121963,9.830486297607422,2.8267743587493896,0.824739933013916,3.5339322090148926
3522015606.0,-2.0455307960510254,0.1777607500553131,9.67524242401123,2.631465673446656,0.6238987445831299,3.538901329040528
3522023939.0,-2.0838310718536377,0.3199409246444702,9.673917770385742,2.588536262512207,0.93780118227005,3.356015920639038
3522032272.0,-2.150003433227539,0.0608803369104862,9.781926155090332,2.4308550357818604,1.1277050971984863,3.457576274871826
3522040605.0,-2.3242008686065674,0.1776492893695831,9.806610107421877,2.5220415592193604,1.095456838607788,3.3543505668640137
3522048938.0,-2.328678607940674,0.2290322035551071,9.850892066955566,2.558823585510254,0.8910296559333801,3.2598085403442383
3522057271.0,-2.2114953994750977,0.0648693814873695,9.750883102416992,2.25457763671875,0.5678547620773315,3.220977067947388
3522065604.0,-2.2992265224456787,0.1650510132312774,9.56894874572754,2.31033992767334,0.9020949006080629,3.2215664386749268
3522073937.0,-2.294356107711792,0.1034086048603057,9.810260772705078,2.408365488052368,1.1855932474136353,3.2463865280151367
3522082270.0,-2.377746820449829,-0.0097249364480376,9.793320655822754,2.4258856773376465,0.7784549593925476,2.975029468536377
3522090603.0,-2.45244574546814,0.1383517384529113,9.70489501953125,2.3239920139312744,0.7329383492469788,2.9724929332733154
3522098936.0,-2.357879877090454,0.0236515738070011,9.83348560333252,2.421454429626465,0.9448450803756714,2.9835329055786133
3522107269.0,-2.346576452255249,0.0080976281315088,9.783544540405272,2.4717607498168945,0.697616457939148,2.9999773502349854
3522115602.0,-2.3762693405151367,0.1870218068361282,9.778241157531738,2.445019483566284,0.9357776641845704,2.9705467224121094
3522123935.0,-2.4407155513763428,0.0310273338109254,9.89631175994873,2.517226219177246,0.7633681297302246,2.917832612991333
3522132268.0,-2.5813589096069336,0.1532938629388809,9.769217491149902,2.387438535690308,0.6972578763961792,2.8446528911590576
3522140601.0,-2.5602331161499023,0.199972853064537,9.933028221130373,2.291666984558105,0.9116490483283995,2.752441883087158
3522148934.0,-2.512672185897827,0.0270005315542221,9.956135749816896,2.3719677925109863,0.7888287901878357,2.621271133422852
3522157267.0,-2.488874912261963,-0.0179035142064094,9.806100845336914,2.436771869659424,0.561809778213501,2.7003419399261475
3522165600.0,-2.528747081756592,0.0968076065182685,9.860129356384276,2.190516471862793,0.7113201022148132,2.7401211261749268
3522173933.0,-2.5238192081451416,0.0329908095300197,9.793702125549316,2.211904764175415,0.6632679104804993,2.691582441329956
3522182266.0,-2.491213083267212,0.1789014935493469,9.943105697631836,2.303680419921875,0.5986175537109375,2.5861027240753174
3522190599.0,-2.4531965255737305,0.1136082112789154,9.921364784240724,2.2590856552124023,0.4901923835277557,2.715864419937134
3522198932.0,-2.543118953704834,-0.0558042004704475,9.82286262512207,2.351322889328003,0.5950827598571777,2.680388927459717
3522207265.0,-2.698801755905152,0.0911398902535438,9.803702354431152,2.3203554153442383,0.9207420349121094,2.596860885620117
3522215598.0,-2.655144214630127,0.0540913864970207,10.042128562927246,2.257241725921631,0.7733834385871887,2.632490396499634
3522223931.0,-2.5097336769104004,0.0273503176867961,9.881847381591797,2.254219055175781,0.2525179088115692,2.533952236175537
3522232264.0,-2.449770450592041,-0.0363848581910133,9.864593505859377,2.258061647415161,0.4913450181484222,2.536872386932373
3522240597.0,-2.4415414333343506,-0.0854827985167503,9.814091682434082,2.5017549991607666,0.9513766169548036,2.602547168731689
3522248930.0,-2.539685010910034,-0.0350671857595443,10.012001037597656,2.439563512802124,0.8447445034980774,2.5802366733551025
3522257263.0,-2.5322506427764893,0.123399794101715,9.854137420654297,2.356394052505493,0.4530774056911468,2.469711780548096
3522265596.0,-2.40762710571289,-0.1006858050823211,9.800299644470217,2.344099521636963,0.428385317325592,2.530596971511841
3522273929.0,-2.500293016433716,-0.1691138744354248,9.752018928527832,2.3739914894104004,0.7109360098838806,2.567558526992798
3522282262.0,-2.53003478050232,-0.0554670616984367,9.911202430725098,2.612177848815918,0.8723055720329285,2.596553325653076
3522290595.0,-2.554280996322632,-0.0868541076779365,9.917617797851562,2.6910440921783447,0.537834882736206,2.3820340633392334
3522298928.0,-2.572908878326416,0.0196032412350177,9.752721786499023,2.497708320617676,0.3939085304737091,2.358546257019043
3522307261.0,-2.583371877670288,0.1975164860486984,9.8443603515625,2.5167393684387207,0.8350112438201904,2.409851312637329
3522315594.0,-2.4692299365997314,-0.0713598728179931,9.9537935256958,2.449143648147583,0.7725381851196289,2.2018380165100098
3522323927.0,-2.456488609313965,-0.0180445630103349,9.859320640563965,2.5113091468811035,0.4368380010128021,2.2385432720184326
3522332260.0,-2.585011482238769,0.0887889862060546,9.759020805358888,2.2379026412963867,0.9260954260826112,2.20588493347168
3522340593.0,-2.588011741638184,-0.0325551182031631,9.92793083190918,2.4463260173797607,1.112695336341858,2.064648389816284
3522348926.0,-2.546128273010254,0.0750440582633018,10.038301467895508,2.2278621196746826,0.6023827791213989,2.133064031600952
3522357259.0,-2.529322624206543,0.0751302987337112,9.861351013183594,2.072537422180176,0.4752336740493774,1.9822728633880613
3522365592.0,-2.437648057937622,0.0128295216709375,9.746126174926758,2.1790671348571777,0.5802777409553528,1.868366241455078
3522373925.0,-2.522129774093628,-0.0878870636224746,9.776247024536133,2.1159534454345703,0.7670822143554688,1.783096432685852
3522382258.0,-2.60596776008606,-0.1217199116945266,9.812721252441406,2.069335699081421,0.9264026880264282,1.7804325819015503
3522390591.0,-2.604243993759156,-0.1469216495752334,9.850711822509766,2.205065488815308,0.6970017552375793,1.6154258251190186
3522398924.0,-2.564360380172729,-0.0585848540067672,9.758733749389648,2.3111343383789062,0.5543561577796936,1.4056708812713623
3522407257.0,-2.5370020866394043,-0.0470641702413558,9.778562545776367,2.2105727195739746,0.8570906519889832,1.4192463159561155
3522415590.0,-2.538948774337769,-0.2423449009656906,9.817851066589355,2.280755519866944,0.9514279961586,1.2709143161773682
3522423923.0,-2.608396291732788,-0.2209309041500091,9.788532257080078,2.3701491355896,0.8143917322158813,1.2835420370101929
3522432256.0,-2.589876890182495,-0.1211078539490699,9.80185604095459,2.465408563613892,0.8202829957008362,1.1789591312408447
3522440589.0,-2.4751296043396,-0.15554179251194,9.74924087524414,2.633309364318848,0.609298586845398,1.0932538509368896
3522448922.0,-2.42371678352356,-0.251904159784317,9.776732444763184,2.5033178329467773,0.5532290935516357,1.024044394493103
3522457255.0,-2.435600996017456,-0.1920275539159774,9.686918258666992,2.490945816040039,0.7598590850830078,1.1144626140594482
3522465588.0,-2.473362922668457,-0.2952436804771423,9.778508186340332,2.848162174224853,0.8463582992553711,1.1482477188110352
3522473921.0,-2.5783512592315674,-0.3126946985721588,9.733964920043944,2.842091560363769,0.8228188753128052,1.032727599143982
3522482254.0,-2.61306095123291,-0.2635479271411896,9.773232460021973,2.8232908248901367,0.7942333817481995,1.0589309930801392
3522490587.0,-2.52212142944336,-0.1928298622369766,9.885926246643066,2.931792497634888,0.7082976698875427,1.1119269132614136
3522498920.0,-2.532590866088867,-0.1337313950061798,9.8394775390625,3.0675737857818604,0.6683394312858582,1.091281771659851
3522507253.0,-2.571968078613281,-0.0663975328207016,9.80123805999756,2.983507871627808,0.936520516872406,1.0252737998962402
3522515586.0,-2.505455017089844,-0.0961839631199836,9.856410026550291,3.0060737133026123,0.8893902897834778,1.1043449640274048
3522523919.0,-2.5121195316314697,-0.1385909169912338,9.858997344970703,2.94933819770813,0.6116806864738464,1.189435362815857
3522532252.0,-2.5844180583953857,-0.1324336528778076,9.793553352355955,2.894984722137451,0.9120843410491944,1.0720964670181274
3522540585.0,-2.5587053298950195,-0.0158774629235267,9.94761562347412,3.028460502624512,1.004859209060669,1.1535241603851318
3522548918.0,-2.592378616333008,0.0041338144801557,9.897494316101074,3.058659791946411,0.7311455607414246,1.1249388456344604
3522557251.0,-2.6035823822021484,0.0150300757959485,9.7883882522583,2.913734674453736,0.6224130988121033,1.1257840394973757
3522565584.0,-2.6020994186401367,-0.0593378990888595,9.740252494812012,2.9615306854248047,0.8924895524978638,1.1439188718795776
3522573917.0,-2.5780043601989746,-0.1453916728496551,9.859180450439451,3.042907238006592,1.03057599067688,1.1458399295806885
3522582250.0,-2.6344106197357178,-0.120845653116703,9.8070707321167,2.970803022384644,0.8331413269042969,1.047865390777588
3522590583.0,-2.633563756942749,-0.0344967581331729,9.775142669677734,3.0438289642333984,0.8193353414535522,1.1368749141693115
3522598916.0,-2.544023275375366,0.00959038361907,9.818540573120115,3.0263092517852783,0.7218475937843323,1.1312655210494995
3522607249.0,-2.531881093978882,0.0592930540442466,9.81794261932373,2.9454705715179443,0.7579636573791504,1.119022011756897
3522615582.0,-2.564863681793213,0.110330194234848,9.862068176269531,3.0121188163757324,0.8670547604560852,1.1506555080413818
3522623915.0,-2.54453444480896,-0.024260913953185,9.870092391967772,2.930973052978516,0.8163641691207886,1.207852125167847
3522632248.0,-2.609649181365967,0.0146311968564987,9.812262535095217,2.998978614807129,0.8483562469482422,1.004167556762695
3522640581.0,-2.6119048595428467,0.1364478319883346,9.835699081420898,2.8931920528411865,0.8871362805366516,0.9863913655281068
3522648914.0,-2.6312801837921143,0.1865774691104889,9.957574844360352,2.9650142192840576,0.8272501230239868,1.009469747543335
3522657247.0,-2.6126902103424072,0.153098851442337,9.914146423339844,2.8842012882232666,0.8472037315368652,1.0095466375350952
3522665580.0,-2.6235318183898926,0.159950777888298,9.815075874328612,2.753747940063477,0.6160607933998108,0.9231753945350648
3522673913.0,-2.5660746097564697,0.1676906496286392,9.818255424499512,2.7410688400268555,0.8521215319633484,0.9494812488555908
3522682246.0,-2.515711784362793,0.0303378924727439,9.922588348388672,2.694476842880249,0.7757142782211304,0.9178732633590698
3522690579.0,-2.552343845367432,0.0088092554360628,9.804254531860352,2.633181571960449,0.6251025199890137,0.8783248662948608
3522698912.0,-2.5682373046875,0.1157297194004058,9.773774147033691,2.641404151916504,0.6457221508026123,0.8106008768081665
3522707245.0,-2.4132297039031982,0.116084448993206,9.852493286132812,2.674062490463257,0.5706723928451538,0.8629308342933655
3522715578.0,-2.36360764503479,0.0495682284235954,9.857760429382324,2.5681471824646,0.4519247412681579,0.7875735759735107
3522723911.0,-2.3989198207855225,0.0432750061154365,9.664586067199709,2.5646121501922607,0.8076040148735046,0.7716672420501709
3522732244.0,-2.393106937408448,-0.0359532870352268,9.799092292785645,2.6740365028381348,1.050862431526184,0.7904424071311951
3522740577.0,-2.345862865447998,-0.0604578331112861,9.86764430999756,2.6361019611358643,0.6216447353363037,0.6869865655899048
3522748910.0,-2.3578085899353027,0.0618248470127582,9.726197242736816,2.6657888889312744,0.3026706278324127,0.7538910508155823
3522757243.0,-2.304339408874512,0.0423068478703498,9.737638473510742,2.6767771244049072,0.7444905638694763,0.7279181480407715
3522765576.0,-2.220023393630981,-0.0417356938123703,9.86732578277588,2.6415064334869385,0.6726937890052795,0.6808647513389587
3522773909.0,-2.192075729370117,-0.0494796559214592,9.76572322845459,2.563075542449951,0.3654766976833343,0.6106561422348022
3522782242.0,-2.138066530227661,0.0604569464921951,9.631638526916504,2.6815671920776367,0.5916760563850403,0.6885746717453003
3522790575.0,-2.020801782608032,-0.0396911390125751,9.781811714172363,2.6980113983154297,0.6316598653793335,0.5835307240486145
3522798908.0,-1.9905591011047363,-0.1101070195436477,9.757417678833008,2.656567335128784,0.2523898184299469,0.6581705212593079
3522807241.0,-2.061944961547852,0.0323747098445892,9.64213752746582,2.741197109222412,0.3818698227405548,0.5668814778327942
3522815574.0,-2.076652765274048,0.1203210726380348,9.800594329833984,2.8059756755828857,0.6476431488990784,0.5689818263053894
3522823907.0,-1.9513527154922483,0.0403142310678958,9.893587112426758,2.585616111755371,0.3706507980823517,0.6137811541557312
3522832240.0,-1.939566850662232,0.0220447834581136,9.750452995300291,2.484644889831543,0.1672225296497345,0.5429834127426147
3522840573.0,-1.916531682014465,0.089070439338684,9.68149185180664,2.5294439792633057,0.4811505973339081,0.5857334733009338
3522848906.0,-1.847870111465454,0.010433436371386,9.956722259521484,2.6501383781433105,0.4816629290580749,0.6610393524169922
3522857239.0,-1.771520972251892,-0.0477293469011783,9.854313850402832,2.57992959022522,0.1545690894126892,0.5694172978401184
3522865572.0,-1.771847128868103,0.0390301048755645,9.736244201660156,2.453011274337769,0.2451153993606567,0.5343257188796997
3522873905.0,-1.7250192165374756,0.0647675171494484,9.844070434570312,2.5534188747406006,0.5647554397583008,0.5208269953727722
3522882238.0,-1.6985163688659668,-0.0537969954311847,9.9199857711792,2.493814468383789,0.4871955811977386,0.5350942015647888
3522890571.0,-1.7141166925430298,-0.0242390315979719,9.7621488571167,2.4727087020874023,0.1706036329269409,0.3437046408653259
3522898904.0,-1.7443201541900637,0.0331621877849102,9.75525188446045,2.544454336166382,0.3130955994129181,0.3965211808681488
3522907237.0,-1.6529513597488403,-0.0531290806829929,9.826319694519045,2.50539231300354,0.4242101907730102,0.4432927966117859
3522915570.0,-1.6410775184631348,-0.1271411329507827,9.828752517700195,2.508978366851806,0.2397364377975464,0.444624662399292
3522923903.0,-1.6984257698059082,-0.0304949209094047,9.74696159362793,2.631824493408203,0.2235994786024093,0.3712143301963806
3522932236.0,-1.7002484798431396,0.0538167469203472,9.842247009277344,2.6702969074249268,0.4534360468387604,0.2431943565607071
3522940569.0,-1.6090328693389893,-0.0298869349062442,9.899685859680176,2.546989679336548,0.3323831260204315,0.3613784313201904
3522948902.0,-1.6141711473464966,-0.0438090972602367,9.747143745422363,2.464076519012451,0.2037996500730514,0.3032084703445434
3522957235.0,-1.6661489009857178,0.0280331317335367,9.724242210388184,2.610206127166748,0.5419076085090637,0.1997782438993454
3522965568.0,-1.646572232246399,-0.0149015160277485,9.923294067382812,2.790530204772949,0.699563205242157,0.3750564455986023
3522973901.0,-1.663489580154419,-0.0964037254452705,9.920971870422363,2.5766000747680664,0.1562596410512924,0.189148336648941
3522982234.0,-1.692103624343872,-0.0301083419471979,9.758913040161133,2.5087225437164307,0.2836392521858215,0.1994196474552154
3522990567.0,-1.74057137966156,0.0399453528225421,9.86294651031494,2.6855368614196777,0.7268935441970825,0.1768022328615188
3522998900.0,-1.6733087301254272,-0.0422175042331218,9.996601104736328,2.719270944595337,0.6158045530319214,0.2097421586513519
3523007233.0,-1.634010672569275,-0.0802618637681007,9.865212440490724,2.5867178440093994,0.3015948235988617,0.1773657649755478
3523015566.0,-1.6285829544067385,0.0029746927320957,9.749342918395996,2.6648154258728027,0.4211108684539795,0.0303912907838821
3523023899.0,-1.6023266315460205,-0.0378846637904644,9.86159896850586,2.650010347366333,0.8959220051765442,0.1492669582366943
3523032232.0,-1.6570501327514648,-0.1425736248493194,9.935215950012209,2.69447660446167,0.6052771806716919,0.2104593515396118
3523040565.0,-1.707182765007019,-0.1230280250310897,9.800586700439451,2.601471424102783,0.5812767148017883,0.1804394870996475
3523048898.0,-1.7712223529815674,0.0417242981493473,9.8426513671875,2.824750661849976,0.7697206735610962,0.1486522257328033
3523057231.0,-1.7253719568252563,0.0241215340793132,9.9312162399292,2.8051557540893555,0.8191817402839661,0.150419607758522
3523065564.0,-1.708967685699463,-0.0478998012840747,9.95819091796875,2.7526721954345703,0.6053028106689453,0.0627164542675018
3523073897.0,-1.7382488250732422,-0.0064562764018774,9.75270175933838,2.727365493774414,0.7304795384407043,0.129723310470581
3523082230.0,-1.762411117553711,-0.0313360057771205,9.88721752166748,2.726238489151001,0.9628520011901855,0.1544410437345504
3523090563.0,-1.7488259077072144,-0.0061738733202219,9.943102836608888,2.854360580444336,0.8017895817756653,0.101675696671009
3523098896.0,-1.7743288278579712,-0.0523476190865039,9.880537986755373,2.6334378719329834,0.5674449801445007,0.1019062399864196
3523107229.0,-1.8285657167434688,0.0854942575097084,9.842384338378906,2.771037340164185,0.8785554766654968,0.1432732194662094
3523115562.0,-1.780440330505371,0.0662266165018081,9.901288032531738,2.821779489517212,1.0452274084091189,0.1253688782453537
3523123895.0,-1.829944133758545,0.0142255201935768,9.973345756530762,2.694528102874756,0.7144962549209595,0.053956389427185
3523132228.0,-1.9698855876922607,0.0023811650462448,9.690879821777344,2.6077725887298584,0.7128313779830933,0.1615617871284485
3523140561.0,-2.037090539932251,0.0048304051160812,9.869709014892578,2.736074447631836,1.1665619611740112,0.1868942677974701
3523148894.0,-1.854178547859192,0.0467509888112545,10.060967445373535,2.739685773849488,0.7503049969673157,0.0220410488545894
3523157227.0,-1.7084448337554932,-0.0984009131789207,9.909012794494627,2.502779722213745,0.1363061368465423,0.0715533569455146
3523165560.0,-1.6987119913101196,0.0059462310746312,9.730311393737791,2.670552968978882,0.9087546467781068,0.018173299729824
3523173893.0,-1.5673195123672483,-0.0383567623794078,9.909647941589355,2.931408166885376,1.1229408979415894,0.0441717505455017
3523182226.0,-1.432139873504639,-0.0683632120490074,10.032276153564451,2.8674750328063965,0.3434996902942657,-0.0108092064037919
3523190559.0,-1.2693054676055908,-0.0430224873125553,9.741068840026855,2.6380486488342285,0.0211957804858684,-0.0260240621864795
3523198892.0,-1.3629215955734253,-0.0068264440633356,9.5941801071167,2.9371204376220703,0.6561983227729797,0.0063651376403868
3523207225.0,-1.2465572357177734,-0.1208969950675964,9.944256782531738,3.071338891983032,1.0020160675048828,-0.01949243247509
3523215558.0,-1.0981416702270508,-0.1638598591089248,9.948407173156738,3.034684896469116,-0.0932870432734489,-0.1381119638681411
3523223891.0,-1.0296913385391235,0.0158692542463541,9.767678260803224,2.84903335571289,-0.3002501130104065,-0.075971819460392
3523232224.0,-1.051002860069275,0.1257593333721161,9.682656288146973,3.104688882827759,0.4151939749717712,-0.0282525047659873
3523240557.0,-0.9520675539970398,0.0357931926846504,9.961755752563477,3.1313016414642334,0.4687276482582092,-0.0418024286627769
3523248890.0,-0.8115246891975403,-0.1886989325284958,9.93149185180664,2.930281400680542,-0.4401038289070129,-0.0598092377185821
3523257223.0,-0.6167161464691162,0.0109438728541135,9.614947319030762,2.8995954990386963,-0.8872771859169006,-0.0469765067100524
3523265556.0,-0.536679208278656,0.0942077934741973,9.630199432373049,3.1826841831207275,-0.3127754330635071,0.0749856755137443
3523273889.0,-0.4736326336860657,0.0275943111628294,9.873462677001951,3.048900365829468,-0.1649044156074524,-0.0283549576997756
3523282222.0,-0.4895826578140259,-0.151541382074356,9.90001106262207,2.96268367767334,-0.896242082118988,0.002215631539002
3523290555.0,-0.4550134241580963,0.0604553259909153,9.72380828857422,3.0441365242004395,-1.102436661720276,-0.0867554098367691
3523298888.0,-0.252721905708313,0.1716915369033813,9.778936386108398,3.1016407012939453,-0.9067438840866088,0.1859977692365646
3523307221.0,-0.1795921176671981,0.0512177497148513,9.853073120117188,3.041959047317505,-1.0731594562530518,0.1739590615034103
3523315554.0,-0.1285003870725631,0.0370778925716877,9.786284446716309,2.80069899559021,-1.425252914428711,0.2327437698841095
3523323887.0,-0.1158573776483535,0.0717371851205825,9.712279319763184,2.914758920669556,-1.4766350984573364,0.1767510175704956
3523332220.0,-0.0213265046477317,0.1479540765285492,9.765646934509276,2.8822033405303955,-1.4165695905685425,0.192913606762886
3523340553.0,0.0863196402788162,0.0183706581592559,9.864649772644045,2.8866093158721924,-1.7254774570465088,0.2020066827535629
3523348886.0,0.0690789148211479,0.0782794803380966,9.79004955291748,2.781949281692505,-1.9031120538711548,0.1769559383392334
3523357219.0,0.0541870035231113,0.1751452833414077,9.766372680664062,2.987733840942383,-1.6573177576065063,0.2236763089895248
3523365552.0,0.1415848433971405,0.1841158270835876,9.96042251586914,3.0008232593536377,-1.6250439882278442,0.1609470546245575
3523373885.0,0.2768024206161499,0.0222803428769111,9.978315353393556,2.7197322845458984,-2.1953701972961426,0.1269313246011734
3523382218.0,0.3099517524242401,0.1443212330341339,9.79042625427246,2.763379096984864,-2.103057146072388,0.0719888135790824
3523390551.0,0.2940295040607452,0.1805216670036316,9.81692600250244,2.87229061126709,-1.5788357257843018,0.2790542542934418
3523398884.0,0.26109379529953,0.1471432745456695,10.007521629333496,2.800161123275757,-1.561879277229309,0.1457321941852569
3523407217.0,0.2865480780601501,0.0066430657170712,10.049195289611816,2.6100778579711914,-1.764897704124451,0.0095669170841574
3523415550.0,0.2365043312311172,0.1481983214616775,9.93188190460205,2.692478895187378,-1.801141619682312,0.0553907863795757
3523423883.0,0.2456404119729995,0.2934890687465668,10.02497673034668,2.8294126987457275,-0.978412628173828,0.1604091525077819
3523432216.0,0.2795791625976562,0.2023879438638687,10.207619667053224,2.7414534091949463,-1.2069683074951172,0.0902261435985565
3523440549.0,0.2861945927143097,0.1195151731371879,10.109436988830566,2.509234666824341,-1.4021488428115845,0.048731081187725
3523448882.0,0.2573645114898681,0.1182267963886261,9.957513809204102,2.5468618869781494,-1.0648094415664673,0.015611876733601
3523457215.0,0.1491087824106216,0.2223862409591674,10.010995864868164,2.6489861011505127,-0.4818294048309326,-0.0203377064317464
3523465548.0,0.1425460129976272,0.0759143605828285,10.167388916015623,2.547886371612549,-0.2659782469272613,-0.0379090681672096
3523473881.0,0.048946026712656,0.0560450069606304,10.097691535949709,2.2647976875305176,-0.4723264873027801,-0.1064271405339241
3523482214.0,-0.0425881370902061,0.1557216793298721,9.944007873535156,2.489229679107666,-0.0641380473971366,0.0663280636072158
3523490547.0,-0.1243964433670044,0.1482967585325241,10.087878227233888,2.57957124710083,0.5692379474639893,-0.0426476970314979
3523498880.0,-0.1252546906471252,-0.0213992334902286,10.171404838562012,2.4146921634674072,0.5155248641967773,-0.1044036149978637
3523507213.0,-0.1281923651695251,-0.0149013139307498,10.03181266784668,2.471684217453003,0.2022371888160705,-0.0705672204494476
3523515546.0,-0.1511335670948028,0.0749710574746131,9.857008934020996,2.5506527423858643,0.7387017607688904,0.0087216468527913
3523523879.0,-0.191801056265831,0.0870203301310539,9.946389198303224,2.58074951171875,1.3677362203598022,0.0385110080242157
3523532212.0,-0.2487905323505401,-0.0659300312399864,10.047577857971191,2.582824230194092,1.2655096054077148,-0.0249994918704032
3523540545.0,-0.3432551920413971,-0.1116970926523208,9.933695793151855,2.471197366714477,1.2031135559082031,0.0780849978327751
3523548878.0,-0.4288314878940582,0.1003648415207862,9.853744506835938,2.562460899353028,1.7052550315856934,0.1490364372730255
3523557211.0,-0.4485900700092315,0.0977341160178184,9.961018562316896,2.567148447036743,1.98314368724823,0.0712203830480575
3523565544.0,-0.447491705417633,0.0269577987492084,10.019765853881836,2.50288200378418,1.642499923706055,0.0395355746150016
3523573877.0,-0.4384333789348602,-0.0423837639391422,9.808048248291016,2.389410972595215,1.581358790397644,0.1518027633428573
3523582210.0,-0.4888479709625244,0.1099756136536598,9.77426815032959,2.493558645248413,1.7943154573440552,0.1591540575027465
3523590543.0,-0.4719471335411072,0.0417444556951522,9.878585815429688,2.4743993282318115,1.9626013040542605,0.1204253360629081
3523598876.0,-0.5134485363960266,-0.0243131406605243,9.954828262329102,2.303962230682373,1.7353259325027466,0.19734488427639
3523607209.0,-0.5360409021377563,0.0772617384791374,9.816079139709473,2.3341610431671143,1.6979291439056396,0.2028519213199615
3523615542.0,-0.6010454893112183,0.1107580363750457,9.79352855682373,2.505417585372925,1.723133563995361,0.0800060555338859
3523623875.0,-0.5788993835449219,0.0052115330472588,9.95245361328125,2.4988863468170166,1.8463892936706543,0.1260860711336136
3523632208.0,-0.4909525513648987,-0.0870987772941589,9.95447826385498,2.4510645866394043,1.5341774225234983,0.167376235127449
3523640541.0,-0.4983877837657928,-0.0164598636329174,9.802122116088867,2.494224548339844,1.4258548021316528,0.1127154380083084
3523648874.0,-0.5287988781929016,0.1129861921072006,9.733301162719728,2.554443836212158,1.5797195434570312,0.1672481596469879
3523657207.0,-0.521176815032959,-0.0148129714652895,9.970174789428713,2.459209680557251,1.488276720046997,0.0190185662358999
3523665540.0,-0.5020589828491211,-0.1798302829265594,9.934747695922852,2.4905359745025635,1.1948144435882568,0.1130740344524383
3523673873.0,-0.5481824278831482,-0.0537785850465297,9.783903121948242,2.620349168777466,0.9657464027404784,0.0672757923603057
3523682206.0,-0.5484747886657715,0.1268281936645507,9.835180282592772,2.7483434677124023,1.3133569955825806,0.0886124446988105
3523690539.0,-0.5131914019584656,0.0586907118558883,10.00734806060791,2.5554165840148926,1.0806517601013184,-0.0248458068817853
3523698872.0,-0.4513197243213653,-0.0870259404182434,9.976396560668944,2.493072032928467,0.579688549041748,-0.0284061897546052
3523707205.0,-0.4459886252880096,-0.0565379709005355,9.742308616638184,2.6833600997924805,0.6754088997840881,0.0619480237364769
3523715538.0,-0.5207809805870056,0.0275346487760543,9.857340812683104,2.761713743209839,0.9668989777565002,0.0198382269591093
3523723871.0,-0.5460042953491211,0.0136102652177214,9.994244575500488,2.6449899673461914,0.9868013262748718,-0.0516126863658428
3523732204.0,-0.497242271900177,-0.1183638647198677,10.021980285644531,2.4706594944000244,0.0716814398765564,-0.0052765323780477
3523740537.0,-0.4668254852294922,0.0123163592070341,9.74892807006836,2.6020348072052,0.33686563372612,-0.0464898347854614
3523748870.0,-0.5370238423347473,0.0668618306517601,9.936882019042969,2.73056697845459,0.925634503364563,-0.0783539414405822
3523757203.0,-0.5142537951469421,-0.0533817559480667,10.106939315795898,2.6589243412017822,0.7211560606956482,0.0455293096601963
3523765536.0,-0.4160958230495453,-0.1616773605346679,10.014179229736328,2.5983974933624268,-0.0581186935305595,0.0222971923649311
3523773869.0,-0.413726657629013,-0.0649838596582412,9.793172836303713,2.646449565887451,0.0483212508261203,0.0020875600166618
3523782202.0,-0.3933427631855011,0.0814291611313819,9.784034729003906,2.801877021789551,0.8253033757209778,0.1287755668163299
3523790535.0,-0.4372209012508392,-0.0446240566670894,10.034502029418944,2.6351542472839355,0.8011748194694519,0.1963971704244613
3523798868.0,-0.4481500685214996,-0.1582280248403549,9.983942031860352,2.691377639770508,0.2855091094970703,0.1603835523128509
3523807201.0,-0.4559076428413391,-0.1220358833670616,9.756824493408203,2.639585256576538,0.3016460537910461,0.1701681762933731
3523815534.0,-0.4890525043010711,0.0934889912605285,9.83935832977295,3.021800994873047,0.8279673457145691,0.137433186173439
3523823867.0,-0.466647744178772,0.1008665710687637,10.0685453414917,2.906177997589112,0.7863954305648804,0.1860233843326568
3523832200.0,-0.3878175616264343,-0.0965486690402031,9.958703994750977,2.834868192672729,0.2934750914573669,0.1370489597320556
3523840533.0,-0.3512778282165527,-0.0299500059336423,9.74766445159912,2.8167076110839844,0.3056418299674988,0.1384577453136444
3523848866.0,-0.3710089921951294,0.1059525534510612,9.664755821228027,3.035658359527588,0.8514811396598816,0.2875325977802276
3523857199.0,-0.4196854829788208,0.0286796707659959,10.073685646057127,3.0230302810668945,1.0693302154541016,0.0858717188239097
3523865532.0,-0.403721421957016,0.0248339790850877,9.984929084777832,2.796600580215454,0.6522537469863892,0.150573268532753
3523873865.0,-0.4198935627937317,0.0547890439629554,9.84479808807373,2.7846386432647705,0.4373246133327484,0.0311597175896167
3523882198.0,-0.4508595466613769,0.2030481696128845,9.787969589233398,2.904513120651245,0.9292458891868592,0.1836924701929092
3523890531.0,-0.4128956198692322,0.1346071660518646,10.01351833343506,2.9385035037994385,1.0558828115463257,0.1623558402061462
3523898864.0,-0.3922789394855499,0.022518279030919,10.050291061401367,2.6548001766204834,0.3535661101341247,0.0119746550917625
3523907197.0,-0.316944271326065,0.1544883996248245,9.72590446472168,2.6790571212768555,0.4119665622711181,-0.00668531563133
3523915530.0,-0.3418869376182556,0.1699495017528534,9.750171661376951,2.7679896354675293,0.9563202261924744,0.0728084668517112
3523923863.0,-0.3797685205936432,0.1051396578550338,9.980284690856934,2.670168876647949,1.123068928718567,0.1020343080163002
3523932196.0,-0.4109993875026703,0.0030736261978745,9.931683540344238,2.519787549972534,0.6770995259284973,0.0366667807102203
3523940529.0,-0.4262572228908539,-0.0411611460149288,9.899192810058594,2.7283642292022705,0.5269744396209717,0.087818406522274
3523948862.0,-0.3908268511295318,0.2147330343723297,9.797669410705566,2.691915273666382,0.7746641039848328,0.0298277791589498
3523957195.0,-0.3614901006221771,0.1473839581012725,9.990362167358398,2.6481406688690186,0.7547618746757507,0.0144336204975843
3523965528.0,-0.3265336751937866,0.0147356642410159,10.072800636291504,2.5869739055633545,0.4656540155410766,0.0099255163222551
3523973861.0,-0.2786484360694885,-0.0002240793546661,9.72696590423584,2.5930445194244385,0.4122227430343628,0.0354629084467887
3523982194.0,-0.3497790098190307,0.0091567263007164,9.815385818481444,2.676111221313477,0.8692061901092529,0.0717838928103447
3523990527.0,-0.4049253463745117,0.0996533334255218,9.899995803833008,2.72938871383667,1.0527321100234983,0.0632287412881851
3523998860.0,-0.4524098634719848,-0.0401558354496955,9.99756908416748,2.603546380996704,0.6259735226631165,0.1122031509876251
3524007193.0,-0.449949711561203,-0.0159689579159021,9.886382102966309,2.5952727794647217,0.5615536570549011,0.1321054250001907
3524015526.0,-0.4274487495422363,0.1425456255674362,9.774158477783203,2.7479593753814697,0.8645188212394714,0.0453756228089332
3524023859.0,-0.4562877118587494,0.0164804644882679,10.070006370544434,2.652750968933105,0.9009935259819032,0.1204253211617469
3524032192.0,-0.3953962624073028,0.0077992659062147,9.975468635559082,2.61020565032959,0.5404987931251526,0.2059256434440612
3524040525.0,-0.3046321272850036,-0.0321799106895923,9.769301414489746,2.6239092350006104,0.3242121338844299,0.0879976972937583
3524048858.0,-0.297402024269104,0.0508398935198783,9.84570026397705,2.8132243156433105,0.9391844272613524,0.1289548724889755
3524057191.0,-0.3969323933124542,0.1419121772050857,9.843058586120604,2.7313356399536133,1.0062936544418335,0.1997270137071609
3524065524.0,-0.4998435080051422,-0.0762863531708717,10.01746654510498,2.5907645225524902,0.8320143818855286,0.1446051597595214
3524073857.0,-0.5012199878692627,-0.0426923930644989,9.845589637756348,2.758025646209717,0.7522516250610352,0.139354258775711
3524082190.0,-0.4994144141674042,0.0596275925636291,9.794857025146484,2.697038173675537,0.6671355366706848,0.0946830213069915
3524090523.0,-0.5249273180961609,0.1425351202487945,10.053056716918944,2.6926069259643555,0.8248681426048279,0.2399669885635376
3524098856.0,-0.4780322313308716,0.1103350669145584,9.962968826293944,2.606133222579956,0.647822380065918,0.1159172058105468
3524107189.0,-0.4112488329410553,-0.0955781787633895,9.859671592712402,2.5794174671173096,0.3654255270957947,0.097859188914299
3524115522.0,-0.3748325109481811,0.0399477407336235,9.750506401062012,2.6268293857574463,0.6333760619163513,0.1370745748281479
3524123855.0,-0.4102720022201538,0.0962656438350677,9.80158805847168,2.737764596939087,0.9422836303710938,0.1371514201164245
3524132188.0,-0.441460907459259,0.0310713499784469,10.041531562805176,2.5950164794921875,0.8031727075576782,0.2002136558294296
3524140521.0,-0.4711397588253021,0.0010103835957124,9.898881912231444,2.615968942642212,0.5614256262779236,-0.0013063260121271
3524148854.0,-0.4715229868888855,0.0154168279841542,9.80930995941162,2.647705078125,0.6488726139068604,0.0376401171088218
3524157187.0,-0.5330159068107605,0.0569320209324359,9.963213920593262,2.749111652374268,0.9305267333984376,0.0156118748709559
3524165520.0,-0.4858152270317077,0.0545173957943916,9.975354194641112,2.719476222991944,0.5550476312637329,0.0049563543871045
3524173853.0,-0.4001564383506775,-0.1149225980043411,10.038972854614258,2.6767003536224365,0.2099983245134353,-0.0562744699418544
3524182186.0,-0.3249188959598541,0.0111701060086488,9.702223777770996,2.7304649353027344,0.2729068696498871,0.0372302904725074
3524190519.0,-0.3536933064460754,0.0478222332894802,9.828701972961426,2.724496364593506,0.8381873965263367,0.1273667812347412
3524198852.0,-0.4163291454315185,0.0054563474841415,10.03348445892334,2.6636886596679688,1.0713025331497192,0.0215287655591964
3524207185.0,-0.4238407015800476,-0.1514618396759033,9.940873146057127,2.5990889072418213,0.5430089831352234,-0.0084014683961868
3524215518.0,-0.44129079580307,-0.1037574335932731,9.884154319763184,2.756463050842285,0.4904998540878296,0.0458366759121418
3524223851.0,-0.4142495989799499,0.0976110026240348,9.872758865356444,2.918242692947388,0.7364476919174194,-0.0006147417007014
3524232184.0,-0.4066024720668793,0.1183459758758544,9.988959312438965,2.7948076725006104,0.8576798439025879,-0.0014343970688059
3524240517.0,-0.3604499399662018,-0.0805566534399986,9.963948249816896,2.589407205581665,0.4932917356491089,0.030698662623763
3524248850.0,-0.3190517723560333,-0.0990902781486511,9.721563339233398,2.671398162841797,0.4880920946598053,0.1057739779353141
3524257183.0,-0.3792020678520202,-0.0030769405420869,9.772574424743652,2.8682949542999268,0.7857039570808411,0.1692716777324676
3524265516.0,-0.430552065372467,0.1207050904631614,9.959054946899414,2.822932004928589,0.990745723247528,0.0746014565229415
3524273849.0,-0.4101075232028961,0.0284628104418516,9.980344772338867,2.619683265686035,0.4716476798057556,0.1544154286384582
3524282182.0,-0.4089265763759613,-0.0030661933124065,9.899240493774414,2.688406229019165,0.3607636988162994,0.05877186357975
3524290515.0,-0.4126285910606384,0.1018044799566268,9.740880012512209,2.7845618724823,0.9036830067634584,0.1176589876413345
3524298848.0,-0.4764426946640014,0.0777992159128189,9.988310813903809,2.87613296508789,1.0186909437179563,0.1378430128097534
3524307181.0,-0.4086798131465912,0.0192682445049285,10.032526969909668,2.594862699508667,0.5284856557846069,0.0441717468202114
3524315514.0,-0.274948388338089,0.0009570798138156,9.787236213684082,2.742708206176758,0.3130443692207336,-0.0101944664493203
3524323847.0,-0.2743121683597564,0.0819229483604431,9.746045112609863,2.8426547050476074,0.7183383703231812,0.1060557216405868
3524332180.0,-0.3634834885597229,0.2066448330879211,9.874091148376465,2.8492889404296875,1.2032928466796875,0.1470385193824768
3524340513.0,-0.4768821597099304,0.0504718050360679,10.016305923461914,2.647141695022583,0.8370604515075684,0.0382036343216896
3524348846.0,-0.4948615133762359,-0.0457499884068965,9.94509220123291,2.7070529460906982,0.4899106323719024,0.0592585280537605
3524357179.0,-0.460213154554367,0.0977352187037468,9.79114055633545,2.7797975540161133,0.670260488986969,0.0829773098230362
3524365512.0,-0.4831330776214599,0.2453318536281585,9.981221199035645,2.8610973358154297,0.960290551185608,0.0908408910036087
3524373845.0,-0.4619538187980652,0.1847381740808487,10.058347702026367,2.706028699874878,0.7891106009483337,-0.0109885074198246
3524382178.0,-0.3694546222686767,-0.0389308407902717,9.874277114868164,2.4449429512023926,0.3611991703510284,-0.0346304476261138
3524390511.0,-0.3339308798313141,-0.037819180637598,9.736486434936523,2.553751945495605,0.6337602138519287,-0.020158402621746
3524398844.0,-0.3836603760719299,0.1283422261476516,9.778425216674805,2.775315284729004,1.0081123113632202,0.0426348932087421
3524407177.0,-0.4575855433940887,0.1216957345604896,10.0641450881958,2.6141505241394043,1.017691969871521,0.0239877328276634
3524415510.0,-0.4607393741607666,0.0253772195428609,9.982470512390137,2.547041177749634,0.4128374457359314,0.0121795693412423
3524423843.0,-0.4334344565868377,-0.0216666888445615,9.788432121276855,2.493533134460449,0.5605291128158569,-0.0391641668975353
3524432176.0,-0.4834611415863037,0.0781862810254097,9.862506866455078,2.703697681427002,1.001350164413452,0.0009093052940443
3524440509.0,-0.5253382921218872,0.107569508254528,9.988697052001951,2.6873044967651367,1.0283218622207642,0.1773401349782943
3524448842.0,-0.4755512475967407,-0.1066332310438156,10.032862663269045,2.5607705116271973,0.3998510539531708,0.014612921513617
3524457175.0,-0.3183138072490692,-0.0530918203294277,9.798340797424316,2.7249064445495605,0.3041306138038635,0.0152532765641808
3524465508.0,-0.3097590804100036,0.1008176058530807,9.704144477844238,2.7896080017089844,0.7494085431098938,0.1397640705108642
3524473841.0,-0.4216432869434356,0.0846520066261291,9.974485397338867,2.703672409057617,1.1986054182052612,0.2065403908491134
3524482174.0,-0.46185502409935,-0.065631479024887,10.015985488891602,2.5770864486694336,0.8381873965263367,0.1191958338022232
3524490507.0,-0.4325621426105499,-0.1796424984931945,9.901674270629885,2.6051087379455566,0.2919382750988006,0.0386646911501884
3524498840.0,-0.4251218140125274,0.0459142215549945,9.83783721923828,2.8273634910583496,0.5929823517799377,0.1042371392250061
3524507173.0,-0.4290578365325928,0.2096718549728393,9.907552719116213,2.831538677215576,0.9945111870765686,0.040124699473381
3524515506.0,-0.445846289396286,0.0644896328449249,10.132184028625488,2.620067358016968,0.6724889874458313,0.0240133460611104
3524523839.0,-0.3560214936733246,-0.0802269354462623,9.84825325012207,2.469967842102051,0.3467270731925964,-0.029072156175971
3524532172.0,-0.353825032711029,-0.0412670969963073,9.70368480682373,2.7502901554107666,0.5733875036239624,0.1246260777115821
3524540505.0,-0.4191529154777527,0.1368462443351745,9.900005340576172,2.8339719772338867,1.0034760236740112,0.1312345266342163
3524548838.0,-0.4405815005302429,0.1489778161048889,10.038532257080078,2.6275722980499268,0.6591952443122864,0.1578989624977111
3524557171.0,-0.3928491771221161,-0.0309361163526773,10.01852035522461,2.4669198989868164,0.2693464756011963,0.0834127590060234
3524565504.0,-0.3784963488578796,0.0273143611848354,9.812235832214355,2.760561466217041,0.5584543347358704,0.1012658849358558
3524573837.0,-0.444666713476181,0.1334541738033294,9.830815315246582,2.73079776763916,0.9400295615196228,0.0415078662335872
3524582170.0,-0.4732186794281006,0.0738032832741737,10.054681777954102,2.5915842056274414,0.8878790736198425,0.0342078134417533
3524590503.0,-0.3595840632915497,-0.0464869141578674,9.909079551696776,2.599242925643921,0.2214478552341461,0.0633055791258812
3524598836.0,-0.2749067544937134,-0.0497890301048755,9.763764381408691,2.7526206970214844,0.1932978183031082,0.0567483343183994
3524607169.0,-0.3086532950401306,0.1665733456611633,9.761577606201172,2.784357070922852,1.0100845098495483,0.1507269740104675
3524615502.0,-0.433878630399704,0.1371728926897049,9.937158584594728,2.6838467121124268,1.271657109260559,-0.0160345118492841
3524623835.0,-0.4899050891399383,-0.1063805744051933,10.081151008605955,2.54289174079895,0.6696714162826538,0.0319537594914436
3524632168.0,-0.3998054265975952,-0.1409190893173217,9.824793815612791,2.6859471797943115,0.3603282272815704,-0.0007940413197502
3524640501.0,-0.3958892226219177,0.0725410878658294,9.802257537841797,2.860354423522949,0.7930038571357727,-0.0161113534122705
3524648834.0,-0.4276992380619049,0.2261929512023925,9.932291984558104,2.854821920394897,0.9794242978096008,0.0250379163771867
3524657167.0,-0.4043278396129608,0.0861836150288581,10.058550834655762,2.5866405963897705,0.5312520265579224,0.0341309644281864
3524665500.0,-0.3166824579238891,-0.119358867406845,9.866724967956545,2.4957103729248047,0.2630197703838348,0.0419945381581783
3524673833.0,-0.3270185887813568,-0.0381406247615814,9.664249420166016,2.739737033843994,0.7548131346702576,0.1274948567152023
3524682166.0,-0.4555431604385376,0.1338172703981399,9.896717071533203,2.8621985912323,1.1511420011520386,0.0649448931217193
3524690499.0,-0.5156694650650024,0.1228264942765235,10.135724067687988,2.6444520950317383,0.8368042707443237,0.1203740984201431
3524698832.0,-0.4312336444854736,-0.0254461374133825,9.959612846374512,2.663278579711914,0.1674018502235412,0.0719631910324096
3524707165.0,-0.3960177898406982,-0.0053990921005606,9.768635749816896,2.663278579711914,0.4170638024806976,0.0872548967599868
3524715498.0,-0.4575212597846985,0.1160303056240081,9.835707664489746,2.6940667629241943,1.008752703666687,0.0903798267245292
3524723831.0,-0.47642582654953,0.0963371396064758,9.99342155456543,2.63046669960022,0.9345738291740416,0.1036479920148849
3524732164.0,-0.4054950773715973,-0.0574491657316684,9.948205947875977,2.5673274993896484,0.3060773015022278,0.1944248527288437
3524740497.0,-0.2675118446350097,-0.0717729479074478,9.701242446899414,2.753415107727051,0.1971655786037445,-0.0121411485597491
3524748830.0,-0.3309509754180908,0.1027008667588234,9.754496574401855,2.7688348293304443,0.9326271414756776,0.1747018992900848
3524757163.0,-0.5047292709350586,0.1510246694087982,9.980680465698242,2.7281594276428223,1.266944169998169,0.1525199711322784
3524765496.0,-0.5569206476211548,-0.0372189059853553,10.084829330444336,2.66596794128418,0.6529709100723267,0.0966040790081024
3524773829.0,-0.4701326489448547,-0.152261734008789,9.894163131713867,2.6313633918762207,0.2790286839008331,0.1027771160006523
3524782162.0,-0.433874100446701,0.0464263521134853,9.754698753356934,2.790043592453003,0.558864176273346,0.0076202349737286
3524790495.0,-0.4559342265129089,0.2116364687681198,9.964343070983888,2.7801051139831543,0.912007749080658,-0.0103225372731685
3524798828.0,-0.400726705789566,0.1198870614171028,10.07345485687256,2.6305181980133057,0.5028971433639526,0.0407650582492351
3524807161.0,-0.2993982434272766,-0.0884289145469665,9.874792098999023,2.57611346244812,0.0620248764753341,-0.0586053729057312
3524815494.0,-0.2757366895675659,-0.0841285362839698,9.707392692565918,2.8411178588867188,0.5613743662834167,0.0339772813022136
3524823827.0,-0.3993889391422272,0.1260434687137603,9.862518310546877,2.7670161724090576,1.0808055400848389,0.0172255747020244
3524832160.0,-0.4786857962608337,0.162486732006073,10.138859748840332,2.6911723613739014,0.9626725912094116,0.0037012572865933
3524840493.0,-0.4351840615272522,-0.0384330376982688,10.0682373046875,2.556723117828369,0.4152451455593109,0.0185575131326913
3524848826.0,-0.3804958760738373,-0.0650290921330452,9.814410209655762,2.599165916442871,0.3814856112003326,-0.0349122025072574
3524857159.0,-0.4464724957942962,0.0697738453745842,9.8375244140625,2.7950894832611084,1.00037682056427,0.0474247634410858
3524865492.0,-0.5019466876983643,0.0943427383899688,10.07917594909668,2.794372081756592,1.1177412271499634,0.0523939169943332
3524873825.0,-0.4013366103172302,-0.0885898098349571,10.013592720031738,2.6108717918396,0.3591500222682953,0.0315695442259311
3524882158.0,-0.2552379071712494,-0.110921524465084,9.77940845489502,2.6134588718414307,0.2383020222187042,0.0403296127915382
3524890491.0,-0.2715212404727936,0.0378394275903701,9.6666841506958,2.8545145988464355,0.9676418900489808,0.0644326135516166
3524898824.0,-0.4642582833766937,0.1136860400438308,9.932666778564451,2.8307955265045166,1.327086329460144,0.0525219924747943
3524907157.0,-0.5082255005836487,-0.0626019909977912,10.089056015014648,2.6430435180664062,0.8579616546630859,0.0327221862971782
3524915490.0,-0.4490571320056915,-0.2040898948907852,9.869441986083984,2.7636094093322754,0.1239088624715805,0.0479114241898059
3524923823.0,-0.4009174406528473,-0.013887321576476,9.738425254821776,2.8932430744171143,0.6645485162734985,0.0977054983377456
3524932156.0,-0.4453406929969787,0.205827310681343,9.930625915527344,2.96142840385437,0.9932816624641418,0.0632031261920929
3524940489.0,-0.4584410786628723,0.1236727982759475,10.062355995178224,2.7702436447143555,0.8821670413017273,0.0239108875393867
3524948822.0,-0.3568168878555298,-0.113614298403263,9.896411895751951,2.626752614974976,0.2911697924137115,-0.0126790469512343
3524957155.0,-0.3421492278575897,-0.1082960963249206,9.638425827026367,2.8490583896636963,0.5162420868873596,0.021964207291603
3524965488.0,-0.4445478618144989,0.1255332678556442,9.79502010345459,3.0065088272094727,1.118688702583313,0.0859485566616058
3524973821.0,-0.5080053210258484,0.1606222093105316,10.079562187194824,2.82551908493042,1.0338032245635986,0.1213218346238136
3524982154.0,-0.4418471157550812,0.0206871051341295,10.102683067321776,2.6123831272125244,0.376490831375122,0.0844885557889938
3524990487.0,-0.3763849139213562,-0.0242402870208024,9.805092811584473,2.7592549324035645,0.3632482886314392,0.1193751394748687
3524998820.0,-0.4375658631324768,0.0787172242999076,9.78441333770752,2.8314616680145264,0.7884958386421204,0.1926831007003784
3525007153.0,-0.471926212310791,0.1568987369537353,9.973899841308594,2.862992763519287,0.9905152320861816,0.1998550742864608
3525015486.0,-0.4254922568798065,-0.019769798964262,9.987584114074709,2.6310300827026367,0.526231586933136,0.1275204569101333
3525023819.0,-0.3052947521209717,-0.0644287690520286,9.790604591369627,2.608566999435425,0.1287243515253067,0.0223228074610233
3525032152.0,-0.2935575842857361,0.0902722775936126,9.65828800201416,2.7182466983795166,0.7110127806663513,0.1126642227172851
3525040485.0,-0.4569643437862396,0.1651624143123626,9.92080020904541,2.7754690647125244,1.3919672966003418,0.1152000278234481
3525048818.0,-0.5464845299720764,0.0795813724398613,10.090431213378906,2.669323444366455,0.7765339016914368,0.0637410283088684
3525057151.0,-0.4701646864414215,-0.1250735819339752,9.994059562683104,2.6149184703826904,0.1695277988910675,0.0251915976405143
3525065484.0,-0.3935689926147461,0.007340095937252,9.72756290435791,2.7304134368896484,0.4643988609313965,-0.0493842475116252
3525073817.0,-0.4174123108386993,0.2518602013587951,9.860929489135742,2.875953435897827,1.0559085607528689,-0.0063779447227716
3525082150.0,-0.4159970581531524,0.2157414406538009,10.087090492248535,2.70743727684021,0.8922077417373657,0.0796218365430831
3525090483.0,-0.3231162130832672,-0.0384847857058048,9.98444652557373,2.492098569869995,0.2761854827404022,-0.0288416277617216
3525098816.0,-0.301222950220108,-0.0882122814655304,9.691298484802246,2.627546548843384,0.4544349610805511,-0.1158275753259658
3525107149.0,-0.4015972316265106,0.0897406265139579,9.786672592163086,2.8441407680511475,1.1163324117660522,-0.0699268653988838
3525115482.0,-0.4920089542865753,0.2349004298448562,10.053800582885742,2.718912363052368,1.1953524351119995,0.0090034045279026
3525123815.0,-0.4940109252929687,0.0480541177093982,10.12934684753418,2.495735883712769,0.5149357914924622,0.054622359573841
3525132148.0,-0.4168634712696075,-0.0226899050176143,9.85506820678711,2.4942502975463867,0.318090409040451,0.0348993949592113
3525140481.0,-0.4256250858306885,0.0664988383650779,9.72239589691162,2.6922738552093506,0.8845747709274292,0.0459903553128242
3525148814.0,-0.4927672147750854,0.1528716385364532,9.979219436645508,2.7573082447052,1.1751939058303833,0.1237039566040039
3525157147.0,-0.4180353283882141,0.0407764688134193,10.04493236541748,2.62257719039917,0.4981840848922729,-0.0184934753924608
3525165480.0,-0.2906209230422973,-0.0811128467321395,9.837244033813477,2.5940942764282227,0.1930929124355316,0.0851545259356498
3525173813.0,-0.2937498986721039,0.0398652665317058,9.714816093444824,2.7713451385498047,0.7153416275978088,0.0513181239366531
3525182146.0,-0.4272345900535583,0.1711777448654174,9.849703788757324,2.74301552772522,1.243993639945984,0.1095392704010009
3525190479.0,-0.548580527305603,0.0774236768484115,10.067794799804688,2.585692882537842,1.0398483276367188,0.1090526059269905
3525198812.0,-0.5126117467880249,-0.1435301750898361,10.02666187286377,2.482006788253784,0.2888645529747009,-0.0730518028140068
3525207145.0,-0.4097659587860107,-0.0922778993844986,9.74496841430664,2.703236818313598,0.292732298374176,0.1222695559263229
3525215478.0,-0.4354047477245331,0.1759511530399322,9.848840713500977,2.890655994415283,0.919051468372345,0.0602574832737445
3525223811.0,-0.4389885663986206,0.1925898790359497,10.034897804260254,2.6141505241394043,0.9170281291007996,0.0520097091794014
3525232144.0,-0.3764996528625488,-0.0398388095200061,10.019527435302734,2.42724347114563,0.3276957273483276,0.0297765508294105
3525240477.0,-0.2840302884578705,-0.1834534555673599,9.69260311126709,2.632413387298584,0.3905274271965027,0.0962967202067375
3525248810.0,-0.3635982871055603,-0.015620470046997,9.667095184326172,2.7572572231292725,0.9991729259490968,0.0132553679868578
3525257143.0,-0.4544544517993927,0.118755042552948,9.921954154968262,2.9127614498138428,1.3502161502838137,0.0638434886932373
3525265476.0,-0.4634620547294616,0.0344631820917129,10.099857330322266,2.6521875858306885,0.6345030069351196,0.1820275634527206
3525273809.0,-0.4074187874794006,-0.0712733268737793,9.874117851257324,2.6576688289642334,0.2773124873638153,0.0689919367432594
3525282142.0,-0.398792028427124,-0.0244899820536375,9.751977920532228,2.823393106460572,0.7577075958251953,0.1271618604660034
3525290475.0,-0.4827113747596741,0.1106036677956581,9.88392162322998,2.770448446273804,1.1159480810165403,0.1279302835464477
3525298808.0,-0.4699137806892395,0.0451254174113273,10.070140838623049,2.62854552268982,0.7224879264831543,-0.0643685683608055
3525307141.0,-0.3127972781658172,-0.1216806396842002,9.9069185256958,2.63238787651062,0.078674130141735,0.0476296693086624
3525315474.0,-0.2441736608743667,-0.0446106605231761,9.706679344177246,2.7130725383758545,0.5007966756820679,0.0750881284475326
3525323807.0,-0.3789269626140594,0.1450481861829757,9.858338356018066,2.8238542079925537,1.2212483882904053,0.2111509591341018
3525332140.0,-0.4947063326835632,0.0744299590587616,10.106471061706545,2.598910093307495,1.146403670310974,0.0648680478334426
3525340473.0,-0.4922233819961548,-0.1278074830770492,10.06353759765625,2.499987840652466,0.3656559884548187,0.0427629686892032
3525348806.0,-0.4017815887928009,-0.1449235081672668,9.848470687866213,2.6772639751434326,0.3606612682342529,0.0088241044431924
3525357139.0,-0.4105245769023895,0.115983135998249,9.82558822631836,2.839632511138916,0.9202555418014526,0.0413285680115222
3525365472.0,-0.4459878504276275,0.2163421213626861,10.006592750549316,2.8155038356781006,1.1426893472671509,0.1562083959579467
3525373805.0,-0.3855132460594177,-0.0175718609243631,10.002739906311035,2.538895845413208,0.5867069363594055,0.0533160343766212
3525382138.0,-0.3143084645271301,-0.1918318420648574,9.778189659118652,2.557747840881348,0.3043867647647857,0.0329014845192432
3525390471.0,-0.3828605711460113,-0.0512238033115863,9.67216682434082,2.8369686603546143,0.8053499460220337,0.0394074991345405
3525398804.0,-0.5109764337539673,0.1479629576206207,9.94112491607666,2.8677568435668945,1.3102065324783323,0.1006255224347114
3525407137.0,-0.523287296295166,0.1235150024294853,10.12486743927002,2.6527254581451416,0.7158026695251465,0.0419689267873764
3525415470.0,-0.44123175740242,-0.0257550068199634,9.942875862121582,2.6158409118652344,0.122781828045845,0.1076950505375862
3525423803.0,-0.422734260559082,-0.0082246409729123,9.727910041809082,2.8558719158172607,0.5972599983215332,0.0705544129014015
3525432136.0,-0.4743539988994598,0.1719276905059814,9.842504501342772,2.914579391479492,1.1684317588806152,0.1824373751878738
3525440469.0,-0.4745291173458099,0.1369883418083191,10.03114414215088,2.71804141998291,0.8030446171760559,0.0804671049118042
3525448802.0,-0.3604627251625061,-0.0189499258995056,9.916778564453123,2.6203746795654297,0.1618179380893707,-0.0606801286339759
3525457135.0,-0.2658970355987549,0.0327084697782993,9.68772315979004,2.766555070877075,0.3884526491165161,0.0322099030017852
3525465468.0,-0.3722462058067322,0.2117812484502792,9.722695350646973,2.897904872894287,1.0741201639175415,0.1350766569375991
3525473801.0,-0.4944601953029632,0.1798727959394455,10.029752731323242,2.70625901222229,1.1469157934188845,0.1561059355735778
3525482134.0,-0.5144671201705933,-0.0259082373231649,10.091343879699709,2.469276428222656,0.6033304929733276,0.1440160423517227
3525490467.0,-0.4161035716533661,-0.1002157926559448,9.821657180786133,2.580211639404297,0.2888645529747009,0.1159428358078002
3525498800.0,-0.3609797656536102,0.1385133117437362,9.790101051330566,2.87597918510437,0.6396259069442749,0.0253452844917774
3525507133.0,-0.395362913608551,0.2913285493850708,9.990355491638184,2.777261972427368,0.975864052772522,0.0778544694185257
3525515466.0,-0.3557011187076568,0.1197425946593284,10.09449863433838,2.579366445541382,0.57502681016922,-0.015855211764574
3525523799.0,-0.276784747838974,-0.1097686365246772,9.82154655456543,2.430957317352295,0.2629173099994659,0.0181476846337318
3525532132.0,-0.2857352793216705,-0.0679342150688171,9.70425510406494,2.6761369705200195,0.6414189338684082,0.0791351795196533
3525540465.0,-0.4052163064479828,0.1552393287420272,9.952548027038574,2.795115232467652,1.281774640083313,0.1299538165330886
3525548798.0,-0.4675266742706299,0.1602796018123626,10.15158462524414,2.6472182273864746,0.9270431399345398,0.0928644090890884
3525557131.0,-0.4271729588508606,-0.0286398064345121,10.029611587524414,2.489460229873657,0.3608405590057373,0.1220646500587463
3525565464.0,-0.3674827218055725,-0.0522461906075477,9.761374473571776,2.6014201641082764,0.5533059239387512,0.0263954680413007
3525573797.0,-0.43278768658638,0.0951342582702636,9.830020904541016,2.806411027908325,1.0857490301132202,0.1260348558425903
3525582130.0,-0.4501498937606811,0.0872707664966583,10.051466941833496,2.827773094177246,0.8488941192626953,0.0784948244690895
3525590463.0,-0.3600207567214966,-0.0592447072267532,9.973620414733888,2.587614059448242,0.2554892003536224,-0.0718991607427597
3525598796.0,-0.2438580989837646,-0.0705507844686508,9.692846298217772,2.667043924331665,0.2249570339918136,0.0963479578495025
3525607129.0,-0.3237358331680298,0.1069254651665687,9.71532917022705,2.835124254226685,0.967846691608429,0.1116140261292457
3525615462.0,-0.4943325519561767,0.1032314598560333,9.981335639953612,2.7166075706481934,1.3566197156906128,0.1080792769789695
3525623795.0,-0.5329551696777344,-0.0986825004220008,10.092823028564451,2.568121671676636,0.5690330266952515,0.113611951470375
3525632128.0,-0.4633391797542572,-0.2103870064020156,9.825695037841797,2.6178901195526123,0.1944248527288437,0.0231936909258365
3525640461.0,-0.4270617663860321,0.0005593304522335,9.730719566345217,2.810791015625,0.7115762829780579,-0.0513821579515934
3525648794.0,-0.4887544810771942,0.1951854377985,9.936444282531738,2.895292043685913,1.0351608991622925,0.1379710733890533
3525657127.0,-0.4615812301635742,0.0693758800625801,10.033438682556152,2.704210042953491,0.6795071959495544,0.0843348652124404
3525665460.0,-0.3876848518848419,-0.1652024090290069,9.830032348632812,2.4686102867126465,0.4127349853515625,0.0010886050295084
3525673793.0,-0.3782023191452026,-0.1250986456871032,9.655163764953612,2.774725914001465,0.6855522394180298,0.1781598180532455
3525682126.0,-0.4964961111545563,0.090664692223072,9.822845458984377,2.9079458713531494,1.0939968824386597,0.0760102421045303
3525690459.0,-0.5349909663200378,0.1236210912466049,10.107711791992188,2.646245241165161,0.9110599756240844,0.1064143478870391
3525698792.0,-0.5010879039764404,-0.0388855561614036,10.0527982711792,2.63282322883606,0.1980108618736267,0.1073364540934562
3525707125.0,-0.4126173853874206,-0.0573292970657348,9.744884490966797,2.7826664447784424,0.3199858367443084,0.0855643525719642
3525715458.0,-0.4620964527130127,0.065931499004364,9.81546115875244,2.848239183425904,0.9095231294631958,0.1102308556437492
3525723791.0,-0.5393299460411072,0.0668703764677047,10.02579402923584,2.838531255722046,1.0436904430389404,0.1222695559263229
3525732124.0,-0.4306975901126861,-0.0704328194260597,10.03337574005127,2.6500613689422607,0.3028755486011505,0.0136139672249555
3525740457.0,-0.2744375467300415,-0.076069638133049,9.75680160522461,2.747805595397949,0.1164039000868797,0.0313902460038661
3525748790.0,-0.2821725010871887,0.1003540530800819,9.71677303314209,2.878822088241577,0.890901505947113,0.0963991731405258
3525757123.0,-0.4422973692417145,0.1699421256780624,9.975089073181152,2.8221378326416016,1.1716846227645874,0.0781362205743789
3525765456.0,-0.488317608833313,-0.0146553143858909,10.145912170410156,2.668888092041016,0.6935951113700867,0.0306474324315786
3525773789.0,-0.4214700758457184,-0.1522872149944305,9.889005661010742,2.696192979812622,0.1218853443861007,-0.0368332713842392
3525782122.0,-0.3601734340190887,0.0640632510185241,9.743374824523926,2.880333662033081,0.4963142573833465,-0.0210036747157573
3525790455.0,-0.3888657987117767,0.2655706405639648,9.93167781829834,2.9038219451904297,1.073095679283142,0.0583108142018318
3525798788.0,-0.3827404081821441,0.1695866733789444,10.127044677734377,2.732283353805542,0.6522281169891357,0.0683003515005111
3525807121.0,-0.3094680309295654,-0.0657607242465019,9.897432327270508,2.561718463897705,0.174496978521347,0.0776495635509491
3525815454.0,-0.26136115193367,-0.0604360289871692,9.683198928833008,2.8139922618865967,0.5557135939598083,0.0048538972623646
3525823787.0,-0.3783878087997436,0.1504937261343002,9.824098587036133,2.882562160491944,1.1412807703018188,0.1044676676392555
3525832120.0,-0.4649204909801483,0.2166270017623901,10.091314315795898,2.731130838394165,1.0228147506713867,0.0216568354517221
3525840453.0,-0.3949489295482635,0.0457760170102119,10.100228309631348,2.553905487060547,0.3403235077857971,0.0197613816708326
3525848786.0,-0.3437037467956543,-0.0330971032381057,9.785293579101562,2.6217832565307617,0.4060752689838409,0.0169950444251298
3525857119.0,-0.4176103174686432,0.1036844998598098,9.747081756591797,2.7954225540161133,1.1492210626602173,0.1748299598693847
3525865452.0,-0.4901885390281677,0.1433968394994735,10.01393222808838,2.8418354988098145,1.1222492456436155,0.1078231260180473
3525873785.0,-0.4116611778736114,-0.0049873446114361,10.01695156097412,2.528471231460572,0.4617606401443481,0.0371278375387191
3525882118.0,-0.253447949886322,-0.0871734172105789,9.77651023864746,2.463615655899048,0.2092042714357376,0.0087472610175609
3525890451.0,-0.26750248670578,0.0827487111091613,9.667436599731444,2.688969612121582,0.9388513565063475,0.0444791167974472
3525898784.0,-0.4297260642051697,0.1537692248821258,9.907637596130373,2.716710090637207,1.2542906999588013,0.1021879985928535
3525907117.0,-0.5172478556632996,0.0160224717110395,10.109601020812988,2.537973642349243,0.914850890636444,0.1387138962745666
3525915450.0,-0.4612115025520324,-0.1671646982431411,9.89023780822754,2.446556568145752,0.2081284523010254,-0.0527140982449054
3525923783.0,-0.4382801949977875,-0.063743457198143,9.784590721130373,2.7991878986358643,0.6409066319465637,0.1004206165671348
3525932116.0,-0.4406572878360748,0.2310598194599151,9.8421630859375,2.8502113819122314,1.0923831462860107,0.0846934765577316
3525940449.0,-0.4932082891464233,0.1422284692525863,10.11054229736328,2.6005492210388184,0.918231964111328,0.089739479124546
3525948782.0,-0.3933095335960388,-0.0601573996245861,9.912263870239258,2.49368667602539,0.2935263514518738,0.0574655383825302
3525957115.0,-0.3450316190719604,-0.1782179623842239,9.725460052490234,2.642531394958496,0.4365562498569488,0.0711947679519653
3525965448.0,-0.4062903523445129,0.1192422211170196,9.775028228759766,2.846240997314453,1.1241447925567627,0.0838994309306144
3525973781.0,-0.4876793622970581,0.1471311002969741,10.064168930053713,2.7248294353485107,1.0291929244995115,0.0425068251788616
3525982114.0,-0.4789345562458038,0.059447344392538,10.141077995300291,2.455803155899048,0.4779744148254394,0.1092319041490554
3525990447.0,-0.4106451570987701,-0.0897829532623291,9.83583927154541,2.5084407329559326,0.2829732596874237,0.0601038038730621
3525998780.0,-0.4669511020183563,0.0335921011865139,9.765658378601074,2.822932243347168,0.8550928831100464,0.0754211246967315
3526007113.0,-0.5449675917625427,0.1266106367111206,9.951367378234863,2.7713963985443115,1.1880522966384888,0.025063531473279
3526015446.0,-0.4974580705165863,-0.0120576145127415,10.087838172912598,2.6348471641540527,0.4045128226280212,-0.0052509186789393
3526023779.0,-0.3078259825706482,-0.0738265216350555,9.845677375793455,2.6276748180389404,-0.0191082190722227,0.0566971153020858
3526032112.0,-0.2686225473880768,-0.0050999200902879,9.705276489257812,2.725725650787353,0.6456195712089539,0.1305173188447952
3526040445.0,-0.4108867347240448,0.1524275988340377,9.885908126831056,2.8781816959381104,1.3221938610076904,0.1298001110553741
3526048778.0,-0.484907865524292,-0.0038277853745967,10.127714157104492,2.6504714488983154,0.7679531574249268,0.1647123545408249
3526057111.0,-0.4480037093162536,-0.1420584321022033,9.958669662475586,2.619836807250977,0.191607266664505,0.1311832964420318
3526065444.0,-0.3817170858383178,-0.1087252348661422,9.724167823791504,2.906460285186768,0.4574062526226043,-0.0547120086848735
3526073777.0,-0.4118597209453583,0.1934569031000137,9.829891204833984,2.910353422164917,0.8718188405036926,0.1353840380907058
3526082110.0,-0.4470095932483673,0.1546205878257751,10.059069633483888,2.808537006378174,0.9851107001304626,0.071092315018177
3526090443.0,-0.3768318891525268,-0.0515091381967067,9.95190143585205,2.572604179382324,0.3403235077857971,0.1112298145890235
3526098776.0,-0.2775346934795379,-0.1647146493196487,9.715885162353516,2.681771755218506,0.2807704210281372,0.1284169554710388
3526107109.0,-0.3419514894485473,0.0422688089311122,9.723139762878418,2.8213696479797363,0.9812686443328856,0.089560180902481
3526115442.0,-0.4361739158630371,0.175405353307724,9.9862642288208,2.8825361728668213,1.1026287078857422,0.106055736541748
3526123775.0,-0.4487291872501373,0.0492176115512847,10.108126640319824,2.6350514888763428,0.5437261462211609,0.111537180840969
3526132108.0,-0.346649020910263,-0.0367999449372291,9.80366039276123,2.5645101070404053,0.1541080474853515,-0.0126534327864646
3526140441.0,-0.3968783915042877,0.024229884147644,9.772000312805176,2.7393016815185547,0.919845700263977,0.1822324842214584
3526148774.0,-0.4592590630054474,0.1959547847509384,9.930646896362305,2.815452814102173,1.1872583627700806,0.060872234404087
3526157107.0,-0.428507924079895,0.011586545035243,10.108031272888184,2.681771755218506,0.62154221534729,0.1445283144712448
3526165440.0,-0.2849949598312378,-0.0268009975552558,9.89840030670166,2.580980062484741,0.1363573968410492,0.0840531140565872
3526173773.0,-0.2424173653125763,0.0285687427967786,9.699365615844728,2.740274906158448,0.643929123878479,0.1225000843405723
3526182106.0,-0.3918660879135132,0.209714263677597,9.843116760253906,2.704696655273437,1.227113962173462,0.0634592697024345
3526190439.0,-0.5139381885528564,0.0833168253302574,10.09400463104248,2.6913774013519287,1.0589308738708496,0.1608702093362808
3526198772.0,-0.4929580986499786,-0.1053189933300018,10.010884284973145,2.5759594440460205,0.5151150226593018,0.1666334122419357
3526207105.0,-0.3964305222034454,-0.0571627169847488,9.759316444396973,2.757154703140259,0.4581234157085418,0.1013171151280403
3526215438.0,-0.4299482107162475,0.1851629912853241,9.826772689819336,2.897725820541382,0.9281190037727356,0.0575679950416088
3526223771.0,-0.4517548382282257,0.2522077262401581,10.06340789794922,2.707412004470825,1.110159397125244,0.0344895683228969
3526232104.0,-0.3991931080818176,-0.0199441462755203,10.043313026428224,2.5290088653564453,0.4472117722034454,0.0358215123414993
3526240437.0,-0.3405103087425232,-0.0987271964550018,9.752097129821776,2.5947091579437256,0.3037463724613189,0.029904618859291
3526248770.0,-0.3743409812450409,0.0395367965102195,9.735305786132812,2.847367763519287,0.9228424429893494,0.1435037553310394
3526257103.0,-0.5000300407409668,0.2367944568395614,10.000604629516602,2.8726749420166016,1.1636675596237185,0.0857948809862136
3526265436.0,-0.4831491410732269,0.0719115734100341,10.136274337768556,2.614790678024292,0.6145239472389221,0.026754068210721
3526273769.0,-0.4528487026691437,-0.0148939387872815,9.89401626586914,2.5606422424316406,0.2133537679910659,-0.0211829729378223
3526282102.0,-0.4286437034606933,0.0189095307141542,9.71187686920166,2.7553870677948,0.7023807168006897,0.0031633577309548
3526290435.0,-0.498154878616333,0.1551360189914703,9.930024147033691,2.748958110809326,1.0530141592025757,0.189788669347763
3526298768.0,-0.4897837042808532,0.0498939715325832,10.07197380065918,2.6299288272857666,0.5119645595550537,0.1356658041477203
3526307101.0,-0.3434783816337585,-0.0741747245192527,9.908592224121094,2.470121622085572,0.1492157131433487,0.013306594453752
3526315434.0,-0.2774977684020996,0.0105408057570457,9.636316299438477,2.6685807704925537,0.3880941271781921,0.0469637028872966
3526323767.0,-0.4344247877597809,0.1188380345702171,9.753402709960938,2.6671464443206787,1.1609524488449097,0.1696815192699432
3526332100.0,-0.5199486613273621,0.0655388906598091,10.041488647460938,2.476192235946656,0.8953583836555481,0.0788534283638
3526340433.0,-0.5211278796195984,-0.1828918755054474,10.004785537719728,2.561692476272583,0.3366350829601288,0.1530834883451461
3526348766.0,-0.4213864207267761,-0.1107138767838478,9.75639533996582,2.6596922874450684,0.2904525697231293,0.1166856437921524
3526357099.0,-0.3985999226570129,0.1169465333223342,9.789224624633787,2.907484292984009,0.9649266600608826,0.1000107750296592
3526365432.0,-0.4240305721759796,0.2157314121723175,10.026324272155762,2.77352261543274,0.9579851627349854,0.1000107824802398
3526373765.0,-0.3541009724140167,-0.0618576928973197,10.00582790374756,2.5396132469177246,0.3667574524879455,0.1203228682279586
3526382098.0,-0.2633910775184631,-0.173549547791481,9.75698471069336,2.664174795150757,0.3647083044052124,0.0673014000058174
3526390431.0,-0.3133363723754883,-0.0089559517800807,9.692801475524902,2.8801543712615967,0.9473809599876404,0.22823566198349
3526398764.0,-0.4584434926509857,0.1360506266355514,9.988277435302734,2.7766215801239014,1.0652319192886353,0.1072339937090873
3526407097.0,-0.4469965696334839,0.0405401438474655,10.10923957824707,2.609950065612793,0.7092710137367249,0.0101304315030574
3526415430.0,-0.3674134612083435,-0.0762030705809593,9.92973518371582,2.555955171585083,0.1741127669811248,-0.0241798385977745
3526423763.0,-0.3723722100257873,0.0102144377306103,9.789911270141602,2.7802844047546387,0.6280226707458496,0.0671733394265174
3526432096.0,-0.4551276862621307,0.0857767462730407,9.890846252441406,2.841015815734864,0.9507107734680176,0.0695298463106155
3526440429.0,-0.435123085975647,0.040872398763895,10.138927459716797,2.665891170501709,0.6665976643562317,0.0986019968986511
3526448762.0,-0.2917769849300384,-0.0860002934932708,9.909165382385254,2.585385322570801,0.162355825304985,0.0148434499278664
3526457095.0,-0.2268067598342895,-0.0226147640496492,9.742828369140623,2.726545810699463,0.4462384283542633,0.0843604877591133
3526465428.0,-0.3533959090709686,0.1169700026512146,9.784394264221191,2.7930657863616943,1.1655884981155396,0.1049287095665931
3526473761.0,-0.5126376152038574,0.0938004255294799,10.113118171691896,2.743527889251709,1.1800605058670044,0.0897138565778732
3526482094.0,-0.4964991807937622,-0.1190676987171173,10.047738075256348,2.5942482948303223,0.5075332522392273,0.1154305562376976
3526490427.0,-0.4005902409553528,-0.0944264158606529,9.80056381225586,2.730234146118164,0.1907620280981063,0.0585413388907909
3526498760.0,-0.4103024899959564,0.1415839493274688,9.847833633422852,2.902105569839477,0.7076828479766846,0.1166600361466407
3526507093.0,-0.4417505860328674,0.2449070513248443,10.024356842041016,2.74258041381836,1.1622074842453003,0.1344619393348693
3526515426.0,-0.4019406735897064,0.0176788195967674,10.06751823425293,2.621271133422852,0.5232347846031189,0.121142528951168
3526523759.0,-0.3429588377475738,-0.1394961923360824,9.76798152923584,2.6960134506225586,0.2516214251518249,0.0011142191942781
3526532092.0,-0.352406769990921,0.0364865399897098,9.674840927124023,2.8144278526306152,0.8226652145385742,0.0187111999839544
3526540425.0,-0.4717313647270202,0.1599820107221603,9.979351043701172,2.864094018936157,1.2775996923446655,0.1049287095665931
3526548758.0,-0.5125051140785217,0.1921513527631759,10.125577926635742,2.791170597076416,0.6974372267723083,0.1511624157428741
3526557091.0,-0.4542860984802246,-0.0195654388517141,9.96619987487793,2.574678897857666,0.2973428666591644,-0.0390617102384567
3526565424.0,-0.4264991879463196,0.0053808279335498,9.718704223632812,2.709153652191162,0.5575066208839417,0.0927875638008117
3526573757.0,-0.5136888027191162,0.1604510843753814,9.848237991333008,2.817450761795044,1.0642074346542358,0.105261705815792
3526582090.0,-0.5065369606018066,0.1017822623252868,10.024154663085938,2.7237281799316406,0.707939088344574,0.1101027950644493
3526590423.0,-0.3792665600776672,-0.0476516671478748,9.90964698791504,2.579775810241699,0.1786721050739288,0.0835664421319961
3526598756.0,-0.2707328498363495,0.0321328714489936,9.664719581604004,2.634949445724488,0.2492649555206298,0.0560055300593376
3526607089.0,-0.3596694469451904,0.1818300485610962,9.760055541992188,2.779285430908203,1.1826989650726318,0.1295952051877975
3526615422.0,-0.5154297947883606,0.138414666056633,9.992573738098145,2.688943862915039,1.13008713722229,0.149958536028862
3526623755.0,-0.5350707173347473,-0.0263999588787555,10.062759399414062,2.553265333175659,0.4472630023956299,0.1198618188500404
3526632088.0,-0.4227465689182281,-0.1490460485219955,9.770687103271484,2.663816452026367,0.2281587868928909,0.0224508754909038
3526640421.0,-0.413769781589508,0.1211431846022605,9.802982330322266,2.914733648300171,0.7870870232582092,0.0498837269842624
3526648754.0,-0.4659457504749298,0.2690120041370392,9.95390510559082,2.80407977104187,1.0116982460021973,0.1056202948093414
3526657087.0,-0.4204191565513611,0.0075915954075753,10.050589561462402,2.590789794921875,0.4263105094432831,0.1290060877799987
3526665420.0,-0.3072489202022552,-0.1458208560943603,9.78037452697754,2.412745952606201,0.2596386969089508,0.080902561545372
3526673753.0,-0.3019938766956329,-0.0718462914228439,9.651668548583984,2.859048128128052,0.6198003888130188,0.0302632171660661
3526682086.0,-0.4001117944717407,0.1400503367185592,9.962979316711426,2.8583054542541504,1.08987295627594,0.1411216408014297
3526690419.0,-0.433121770620346,0.1211011037230491,10.050339698791504,2.7017767429351807,0.7608067989349365,0.1225256845355033
3526698752.0,-0.397808313369751,-0.10744359344244,10.072393417358398,2.56182074546814,0.2686293125152588,0.0705544054508209
3526707085.0,-0.3545424938201904,-0.0167475398629903,9.707672119140623,2.676213502883911,0.6055845618247986,0.1299538165330886
3526715418.0,-0.449050635099411,0.0632210001349449,9.857207298278809,2.813326597213745,1.164896845817566,0.1743432879447937
3526723751.0,-0.5110710859298706,0.0537946075201034,10.104828834533691,2.7018532752990723,0.8322449326515198,0.1450406014919281
3526732084.0,-0.353400856256485,-0.0621975138783454,9.962794303894045,2.610512971878052,0.1922988593578338,0.0850520655512809
3526740417.0,-0.2356688976287841,-0.1077047735452652,9.80780029296875,2.731720209121704,0.1139193102717399,0.0282653104513883
3526748750.0,-0.2889966368675232,0.1470754742622375,9.719703674316406,2.767964124679565,0.9656183123588562,0.0419177003204822
3526757083.0,-0.4383899867534637,0.0753891915082931,10.014463424682615,2.72997784614563,1.2279080152511597,0.1160965263843536
3526765416.0,-0.5063875317573547,-0.0879215151071548,10.13758659362793,2.5843355655670166,0.5174715518951416,0.0238340478390455
3526773749.0,-0.4045421481132507,-0.1437246650457382,9.78256130218506,2.7032620906829834,0.1672993749380111,0.0459391325712204
3526782082.0,-0.4012450575828552,0.0405559688806533,9.829182624816896,2.938324451446533,0.816594660282135,0.0147922225296497
3526790415.0,-0.4767606258392334,0.266663134098053,9.914148330688477,2.7147634029388428,1.26776385307312,0.0340541265904903
3526798748.0,-0.4252780675888061,0.0613355413079261,10.07078456878662,2.629518985748291,0.7217963933944702,0.1389188021421432
3526807081.0,-0.3693009614944458,-0.1729688197374344,9.896928787231444,2.6795434951782227,0.3467783033847809,0.0137676503509283
3526815414.0,-0.3258806765079498,-0.0533713214099407,9.598604202270508,2.8212673664093018,0.566010594367981,0.0429422669112682
3526823747.0,-0.4560097455978393,0.0881982147693634,9.979186058044434,2.9006712436676025,1.2216581106185913,0.2035179138183593
3526832080.0,-0.4772546291351318,0.1934169381856918,10.056775093078612,2.7756738662719727,0.9282214641571044,0.1185298636555671
3526840413.0,-0.4342954456806183,-0.052516795694828,9.977611541748049,2.609283924102783,0.1850244402885437,0.1338215768337249
3526848746.0,-0.4006016850471496,-0.0820565000176429,9.8020658493042,2.6495492458343506,0.4084574282169342,0.0697091445326805
3526857079.0,-0.4897992312908172,0.1364993453025818,9.73964023590088,2.9694197177886963,1.1611061096191406,0.1101540103554725
3526865412.0,-0.5603768229484558,0.0568207912147045,10.066296577453612,2.8003151416778564,0.9342920780181884,0.1509574949741363
3526873745.0,-0.4086159169673919,-0.0180152114480733,10.020124435424805,2.621809244155884,0.1365110725164413,0.1045701205730438
3526882078.0,-0.2657457292079925,-0.0525433160364627,9.702936172485352,2.6596922874450684,0.2497771978378296,0.0049051260575652
3526890411.0,-0.314110517501831,0.107376754283905,9.76736545562744,2.8234190940856934,0.948712944984436,0.1671200841665268
3526898744.0,-0.4574995338916778,0.2158865928649902,9.89893913269043,2.75192928314209,1.1202768087387085,0.2236250638961792
3526907077.0,-0.5257539749145508,-0.0707297921180725,10.148365020751951,2.53892183303833,0.6341956853866577,0.1168137267231941
3526915410.0,-0.4367035925388336,-0.1060720682144165,9.83277702331543,2.653519630432129,0.3052832782268524,0.0700677409768104
3526923743.0,-0.3806756734848022,0.0820393115282058,9.69073486328125,2.805898427963257,0.6283812522888184,0.0167901311069726
3526932076.0,-0.4565334916114807,0.2562538683414459,9.994470596313477,2.946699857711792,1.1465827226638794,0.1722428947687149
3526940409.0,-0.4169650077819824,0.1771446317434311,10.039795875549316,2.6305692195892334,0.6914178729057312,0.0795962363481521
3526948742.0,-0.3361155986785888,-0.1513206511735916,9.932722091674805,2.5667898654937744,0.1793380826711654,0.0691200122237205
3526957075.0,-0.2804825603961944,-0.0389653779566288,9.68557071685791,2.6216042041778564,0.5250533223152161,0.0979872569441795
3526965408.0,-0.4012515544891357,0.1570936143398285,9.79314422607422,2.86204481124878,1.1290371417999268,0.0255758129060268
3526973741.0,-0.4495996236801147,0.2081173062324524,10.1732759475708,2.65610671043396,0.9266332983970642,0.0829260870814323
3526982074.0,-0.3867554068565368,0.0034095221199095,10.022303581237791,2.385645866394043,0.3464709222316742,0.1088989153504371
3526990407.0,-0.3810189366340637,-0.0157680995762348,9.774259567260742,2.5387678146362305,0.4284621477127075,0.0728596970438957
3526998740.0,-0.453799307346344,0.0843712091445922,9.818827629089355,2.6634063720703125,1.1744766235351562,0.174292042851448
3527007073.0,-0.5114453434944153,0.116409808397293,9.95449924468994,2.8046176433563232,0.992077648639679,0.1393542438745498
3527015406.0,-0.424201101064682,-0.0162256583571434,10.075723648071287,2.512077808380127,0.3481358885765075,0.0496275797486305
3527023739.0,-0.2627273499965668,-0.0560397580265998,9.7276029586792,2.700854539871216,0.0191978681832551,0.0297765471041202
3527032072.0,-0.2523509860038757,0.0892383754253387,9.69991970062256,2.8623270988464355,0.9073971509933472,0.033541839569807
3527040405.0,-0.4352020621299743,0.1749199330806732,9.91299057006836,2.748855829238892,1.296246886253357,0.2086919844150543
3527048738.0,-0.4922245740890503,-0.0113882068544626,10.095168113708496,2.5482449531555176,0.705249547958374,0.122346393764019
3527057071.0,-0.4325154423713684,-0.1676065176725387,9.895444869995115,2.4636926651000977,0.1895069181919098,0.0216568354517221
3527065404.0,-0.404080718755722,-0.005920210853219,9.739179611206056,2.8348939418792725,0.5267951488494873,0.0936328396201133
3527073737.0,-0.440824419260025,0.2439169734716415,9.901554107666016,2.8146843910217285,1.089949607849121,0.1052360907196998
3527082070.0,-0.4755296409130096,0.1497946679592132,10.101868629455566,2.6284942626953125,0.7686448097229004,0.0676343813538551
3527090403.0,-0.3988727331161499,-0.1025552377104759,9.932507514953612,2.466100215911865,0.1198874339461326,0.0399710163474082
3527098736.0,-0.312472939491272,-0.1503532379865646,9.692551612854004,2.600805759429932,0.4930868446826935,0.1342570185661316
3527107069.0,-0.4069448709487915,0.0722813606262207,9.805204391479492,2.901157855987549,1.1063684225082395,0.0942988097667694
3527115402.0,-0.4780603647232055,0.1659447252750396,10.061301231384276,2.749880075454712,0.9495068788528442,0.0925314277410507
3527123735.0,-0.443299263715744,-0.0229108054190874,10.126006126403809,2.5188910961151123,0.4087135195732116,0.1852549463510513
3527132068.0,-0.38875812292099,-0.0736768245697021,9.76276969909668,2.627444267272949,0.2761342525482178,0.0685564950108528
3527140401.0,-0.4567657113075256,-0.0100103318691253,9.756817817687988,2.7360997200012207,0.9454853534698486,0.1462188512086868
3527148734.0,-0.5354015827178955,0.0606104880571365,9.980816841125488,2.850262403488159,1.111055850982666,0.0994728878140449
3527157067.0,-0.4298275709152221,-0.03487204387784,10.038989067077637,2.5287013053894043,0.4089440703392029,0.0201455950736999
3527165400.0,-0.2752377092838287,-0.162892147898674,9.845041275024414,2.600293159484864,-0.018314179033041,0.0093876169994473
3527173733.0,-0.2453025132417678,0.0657579004764556,9.700976371765137,2.762585163116455,0.6931852698326111,0.0870499834418296
3527182066.0,-0.4011819064617157,0.1231858879327774,9.865214347839355,2.79634428024292,1.2378718852996826,0.1506757289171219
3527190399.0,-0.4897180795669555,-0.0047757695429027,10.164984703063965,2.7366888523101807,0.8955376744270325,0.1083354130387306
3527198732.0,-0.4343177080154419,-0.1793297529220581,9.888854026794434,2.5636134147644043,0.3122503161430359,0.0480138808488845
3527207065.0,-0.3944126665592193,-0.104746825993061,9.83111572265625,2.9088165760040283,0.4346607327461242,0.1003181561827659
3527215398.0,-0.4351684749126434,0.2201656997203827,9.835773468017578,2.907228469848633,1.049632906913757,0.0820551961660385
3527223731.0,-0.4624087512493133,0.1893382668495178,10.036500930786133,2.6783907413482666,0.8691038489341736,0.0883306860923767
3527232064.0,-0.3895128965377807,-0.0771404281258583,10.002991676330566,2.526729106903076,0.2663240134716034,0.058592565357685
3527240397.0,-0.3107165098190307,-0.127141386270523,9.63697910308838,2.5745506286621094,0.4526163041591644,0.0081581333652138
3527248730.0,-0.4154772162437439,0.0270571634173393,9.784124374389648,2.877721071243286,0.9469711780548096,0.0660463124513626
3527257063.0,-0.4969311356544494,0.1959409415721893,10.037961959838867,2.9171667098999023,1.1631553173065186,0.1120494827628135
3527265396.0,-0.504298746585846,0.1390074491500854,10.184121131896973,2.7174012660980225,0.4597627222537994,0.0493714362382888
3527273729.0,-0.3798219263553619,-0.0621806867420673,9.650163650512695,2.659461975097656,0.1906595528125763,0.0053405682556331
3527282062.0,-0.4402531087398529,0.0884496569633483,9.86005973815918,2.850032091140747,0.7853196263313293,0.0732182934880256
3527290395.0,-0.5604954361915588,0.1560850143432617,9.944196701049805,2.5607705116271973,0.9303731322288512,0.1938101202249527
3527298728.0,-0.4495667517185211,0.0104547720402479,10.286979675292969,2.660256147384644,0.2868410050868988,0.1859721541404724
3527307061.0,-0.3487406969070434,-0.0489277616143226,10.11691188812256,2.0841405391693115,-0.7527767419815063,0.1340264827013015
3527315394.0,-0.3309429585933685,-0.007539470680058,9.527233123779297,2.51371693611145,-0.4668450355529785,0.2252643853425979
3527323727.0,-0.3428842723369598,0.1441458463668823,9.552669525146484,2.8218820095062256,0.663985013961792,0.2197317034006118
3527332060.0,-0.4040974080562591,0.006889977492392,9.782726287841797,2.704824924468994,1.147171974182129,0.1347180753946304
3527340393.0,-0.4577248394489288,-0.1851327717304229,10.079682350158691,2.575831174850464,0.6749222278594971,0.1664284765720367
3527348726.0,-0.4726426303386688,-0.0903225615620613,9.854979515075684,2.7335383892059326,0.2069758176803589,0.086204707622528
3527357059.0,-0.4169537127017975,0.1753270775079727,9.89153003692627,3.057251214981079,0.3631202280521393,0.144169732928276
3527365392.0,-0.3480651676654815,0.1914899945259094,9.91061019897461,2.9041805267333984,0.8329877257347107,0.1379710882902145
3527373725.0,-0.3376956582069397,-0.0580740384757518,9.923554420471191,2.6605892181396484,0.4142462313175201,0.2052852809429168
3527382058.0,-0.3428446352481842,-0.1536314487457275,9.805891036987305,2.714942693710327,0.3904249966144562,0.1315162777900695
3527390391.0,-0.3801245093345642,0.0278110150247812,9.804802894592283,2.861276626586914,0.803608238697052,0.0715533718466758
3527398724.0,-0.423778623342514,0.1486634165048599,9.98709201812744,2.95154070854187,1.0162830352783203,0.0693761482834816
3527407057.0,-0.3713111877441406,0.0842254757881164,10.039198875427246,2.723600149154663,0.6291496753692627,0.1874065548181533
3527415390.0,-0.3892191350460052,-0.0065498566254973,9.854780197143556,2.6553125381469727,0.3376084268093109,0.0143823940306901
3527423723.0,-0.4516028761863708,0.0726336762309074,9.848979949951172,2.757744073867798,0.861624538898468,0.097449354827404
3527432056.0,-0.4727545976638794,0.1682467609643936,9.943967819213867,2.865707874298096,1.075170397758484,0.1360243856906891
3527440389.0,-0.4343294203281402,0.0399894826114177,10.109844207763672,2.5841307640075684,0.54508376121521,0.0556725412607193
3527448722.0,-0.3124154508113861,-0.0413089171051979,9.866392135620115,2.6620492935180664,0.1394310891628265,0.0323379710316658
3527457055.0,-0.3090304434299469,0.1307921856641769,9.671967506408691,2.712355136871338,0.4655002951622009,0.1260348409414291
3527465388.0,-0.3921985030174255,0.2155150920152664,9.921661376953123,2.7364330291748047,1.339381217956543,0.1661979705095291
3527473721.0,-0.4740062654018402,0.0871450304985046,10.039569854736328,2.591686725616455,1.1698148250579834,-0.0279963593930006
3527482054.0,-0.4706862866878509,-0.1166093498468399,9.996495246887209,2.4836459159851074,0.2849968075752258,-0.0251019485294818
3527490387.0,-0.4690743386745453,-0.0392678193747997,9.78643035888672,2.8134803771972656,0.4142718315124511,0.0580290481448173
3527498720.0,-0.4749728739261627,0.2529454827308655,9.843554496765137,2.835944414138794,0.7808116674423218,0.0958356633782386
3527507053.0,-0.443528264760971,0.2335419505834579,10.06426239013672,2.729337453842163,0.910240113735199,0.0654827952384948
3527515386.0,-0.3886416256427765,-0.0598753355443477,9.955856323242188,2.400322914123535,0.3708813488483429,0.0796730890870094
3527523719.0,-0.3412670493125915,-0.122005708515644,9.685367584228516,2.621117353439331,0.1440416425466537,0.1020599156618118
3527532052.0,-0.4034025967121124,0.0744600743055343,9.668984413146973,2.871957778930664,0.8304775357246399,0.1566182374954223
3527540385.0,-0.476514607667923,0.2064446955919265,9.945148468017578,2.847111940383911,1.3284950256347656,0.113816849887371
3527548718.0,-0.4726569652557373,0.1182032898068428,10.162919044494627,2.622014284133911,0.6206201314926147,0.1094368249177932
3527557051.0,-0.4264037907123565,-0.0145965367555618,9.927462577819824,2.469558000564575,0.2291833758354187,-0.0050203902646899
3527565384.0,-0.4267659187316894,0.0659983903169632,9.75800609588623,2.585948944091797,0.5495662093162537,0.1141498461365699
3527573717.0,-0.4852772653102875,0.1902966201305389,9.889472007751465,2.6535449028015137,0.9650803208351136,0.2021091431379318
3527582050.0,-0.4401889741420746,-0.0029383162036538,10.016247749328612,2.593198299407959,0.5982076525688171,0.0862303227186203
3527590383.0,-0.2914890050888061,-0.1278450489044189,9.872944831848145,2.502549171447754,0.1045957282185554,0.0566458813846111
3527598716.0,-0.2771375477313995,0.0135781215503811,9.723745346069336,2.5670201778411865,0.4296402931213379,0.2062073945999145
3527607049.0,-0.3932355940341949,0.2275046855211258,9.840449333190918,2.8080503940582275,1.0894376039505005,0.0735768899321556
3527615382.0,-0.4657532274723053,0.0775448977947235,10.063562393188477,2.548475503921509,0.960546612739563,0.1288011819124221
3527623715.0,-0.4564419686794281,-0.2043958455324173,10.00161838531494,2.5047521591186523,0.4234929978847503,0.0375120490789413
3527632048.0,-0.4079195559024811,-0.139647752046585,9.764341354370115,2.6140990257263184,0.2835623621940613,0.0731158331036567
3527640381.0,-0.3820536732673645,0.1459683179855346,9.784913063049316,2.8126609325408936,0.7814520001411438,-0.0086063835769891
3527648714.0,-0.3913138508796692,0.1786340922117233,9.999183654785156,2.712099313735962,0.8083468079566956,0.1557985842227935
3527657047.0,-0.3156979382038116,-0.0972299575805664,9.969902992248535,2.465536594390869,0.4865296483039856,0.1249846592545509
3527665380.0,-0.2697646915912628,-0.1854066997766494,9.76137351989746,2.500653982162476,0.2850480377674103,0.158616155385971
3527673713.0,-0.3582586646080017,0.0041911508888006,9.68277359008789,2.795217514038086,0.8564760684967041,0.0144336204975843
3527682046.0,-0.468551903963089,0.1520432233810424,9.967914581298828,2.8921163082122803,1.0214829444885254,0.1048262640833854
3527690379.0,-0.4395455420017242,0.0121854376047849,10.118694305419922,2.645655870437622,0.7059411406517029,0.1204509362578392
3527698712.0,-0.3819190561771393,-0.1116942837834358,9.898601531982422,2.4943270683288574,0.2670412063598633,-0.0352708026766777
3527707045.0,-0.3675876259803772,-0.0378759503364563,9.751441955566406,2.781334638595581,0.6014862656593323,0.1487290561199188
3527715378.0,-0.4538488090038299,0.0901667326688766,9.905494689941406,2.7614834308624268,1.141383171081543,-0.0456701852381229
3527723711.0,-0.4295760989189148,-0.0368057563900947,10.086602210998535,2.645092487335205,0.9533234238624572,0.0060833813622593
3527732044.0,-0.3339025676250458,-0.1523386687040329,9.901107788085938,2.616276264190674,0.2195268124341964,0.0246793162077665
3527740377.0,-0.2682792246341705,-0.0390442386269569,9.74924659729004,2.7639167308807373,0.4151683449745178,0.1367928087711334
3527748710.0,-0.3978885114192962,0.135050967335701,9.80752944946289,2.9647836685180664,1.214102029800415,0.1092831417918205
3527757043.0,-0.543485701084137,0.0165313184261322,10.043020248413086,2.669656276702881,1.1874374151229858,0.1198618039488792
3527765376.0,-0.5196698307991028,-0.2169099450111389,10.037392616271973,2.5976805686950684,0.6075056195259094,0.1125105321407318
3527773709.0,-0.435334712266922,-0.1783556938171386,9.809694290161133,2.774930953979492,0.2318472564220428,-0.0214647278189659
3527782042.0,-0.4229669570922851,0.1315437853336334,9.82523250579834,3.02402925491333,0.8291711807250977,0.0998314768075943
3527790375.0,-0.4479950666427612,0.1863680183887481,9.9909086227417,2.999619245529175,1.0200484991073608,0.1532371640205383
3527798708.0,-0.4064793884754181,-0.02279619500041,10.07227611541748,2.6483964920043945,0.4458541572093963,0.0552114807069301
3527807041.0,-0.3202801942825317,-0.1754529178142547,9.78719425201416,2.6917612552642822,0.174292042851448,0.1928879767656326
3527815374.0,-0.3754822313785553,0.0106142666190862,9.679134368896484,2.924159526824951,0.7682349681854248,0.0904822871088981
3527823707.0,-0.5134803652763367,0.141677051782608,9.95553493499756,2.971571683883667,1.3381515741348269,0.1990354061126709
3527832040.0,-0.523624062538147,0.0867446064949035,10.143328666687012,2.7148144245147705,0.7674665451049805,0.0177634730935096
3527840373.0,-0.4378953874111175,-0.0874869376420974,9.920988082885742,2.698959350585937,0.1245236098766326,0.168452039361
3527848706.0,-0.4481548964977264,0.0266966745257377,9.776761054992676,2.8002378940582275,0.556610107421875,0.1650197058916092
3527857039.0,-0.4694543778896332,0.1940869987010955,9.864982604980469,3.0369644165039062,0.9184367656707764,0.089944377541542
3527865372.0,-0.4536207020282745,0.0542257353663444,10.064006805419922,2.7246246337890625,0.5980027318000793,0.0854106694459915
3527873705.0,-0.3334199488162994,-0.0507176630198955,9.937773704528809,2.659205675125122,0.0942475795745849,0.1699120104312896
3527882038.0,-0.2466949820518493,0.044175487011671,9.692914962768556,2.794013500213623,0.2711138725280761,0.058592565357685
3527890371.0,-0.3211366534233093,0.2207587212324142,9.79562282562256,2.9726216793060303,1.0740432739257812,0.0887405201792717
3527898704.0,-0.4973176419734955,0.185700312256813,10.011245727539062,2.8435516357421875,1.1877704858779907,0.0671989470720291
3527907037.0,-0.501741349697113,-0.0431582890450954,10.09530544281006,2.692657947540283,0.3535149097442627,0.0351555421948432
3527915370.0,-0.383709967136383,-0.0449104271829128,9.843217849731444,2.8276708126068115,0.0906103551387786,0.0467843972146511
3527923703.0,-0.3291564583778381,0.255051851272583,9.766791343688965,2.9382214546203613,0.6273566484451294,0.0578241422772407
3527932036.0,-0.3602906763553619,0.3340645432472229,10.051939010620115,2.74155592918396,1.0355451107025146,0.1003181487321853
3527940369.0,-0.3011422157287597,0.1002752929925918,10.041706085205078,2.587435007095337,0.7030211091041565,0.1214755177497863
3527948702.0,-0.263211578130722,-0.0599289461970329,9.826238632202148,2.502293109893799,0.1701169461011886,-0.0639843642711639
3527957035.0,-0.3036052882671356,0.0445065684616565,9.591644287109377,2.7776968479156494,0.6934413313865662,0.1016500815749168
3527965368.0,-0.4354186058044433,0.2368063777685165,9.897446632385254,2.765453815460205,1.3684020042419434,0.1109736785292625
3527973701.0,-0.4867609441280365,0.1702282577753067,10.21021842956543,2.589714288711548,0.9401065111160278,0.0343614965677261
3527982034.0,-0.4179430603981018,-0.005702887661755,9.956466674804688,2.4737329483032227,0.2309507578611374,0.0387927591800689
3527990367.0,-0.424702376127243,0.0454584844410419,9.765113830566406,2.626624584197998,0.5452118515968323,0.0790583416819572
3527998700.0,-0.4418979585170746,0.1526823788881302,9.81986141204834,2.811405658721924,1.2234253883361816,0.0414054058492183
3528007033.0,-0.4515953361988067,0.0990660786628723,10.118024826049805,2.5669946670532227,0.9178732633590698,0.1954750418663025
3528015366.0,-0.3375288248062134,-0.0906754285097122,9.921855926513672,2.372121572494507,0.1894300878047943,0.0708105564117431
3528023699.0,-0.2932205200195312,-0.0492812283337116,9.688691139221191,2.4804184436798096,0.310329258441925,0.102085530757904
3528032032.0,-0.3810577094554901,0.1632489264011383,9.660139083862305,2.7191431522369385,1.119431734085083,0.1519308388233184
3528040365.0,-0.535420835018158,0.1137015968561172,9.952505111694336,2.6229617595672607,1.396526575088501,0.0438387654721736
3528048698.0,-0.5805414319038391,-0.1661207228899002,10.077434539794922,2.4619760513305664,0.6682626008987427,0.0344383381307125
3528057031.0,-0.4883927702903747,-0.1899745315313339,9.796152114868164,2.6392524242401123,0.3207286596298218,0.0492433682084083
3528065364.0,-0.4742820262908935,0.0330526679754257,9.74062442779541,2.7529284954071045,0.8285309076309204,0.1389700472354889
3528073697.0,-0.4906706809997558,0.1785744130611419,9.970518112182615,2.895599603652954,0.9995827078819276,0.1672737598419189
3528082030.0,-0.4637463092803955,-0.0166040156036615,10.050655364990234,2.59791111946106,0.6188271641731262,0.1448613107204437
3528090363.0,-0.3603807985782623,-0.2250806391239166,9.819918632507324,2.57780385017395,0.1395591646432876,0.0504728518426418
3528098696.0,-0.3917853534221649,-0.0701506212353706,9.637187957763672,2.767477512359619,0.6007947325706482,0.0571325533092021
3528107029.0,-0.5132227540016174,0.1157036274671554,9.88896656036377,2.80769157409668,1.1713517904281616,0.1484473049640655
3528115362.0,-0.5146723985671997,0.0969420298933982,10.152610778808594,2.812583923339844,0.9556287527084352,0.1413777768611908
3528123695.0,-0.4611794352531433,-0.0901763886213302,10.038244247436523,2.626394033432007,-0.0134730888530612,0.1326689422130584
3528132028.0,-0.4052201509475708,-0.038820419460535,9.819167137145996,2.721935272216797,0.1802345663309097,-0.016495568677783
3528140361.0,-0.4345844089984894,0.1403244733810424,9.852883338928224,2.9243388175964355,0.9979434609413148,0.0577729009091854
3528148694.0,-0.4656400680541992,0.0901524499058723,10.120070457458496,2.8545401096343994,0.7577844262123108,0.0735256671905517
3528157027.0,-0.3055186867713928,-0.0947597697377204,10.05119514465332,2.6738572120666504,0.0857948809862136,-0.0015624683583155
3528165360.0,-0.1781160831451416,-0.070836417376995,9.78940200805664,2.597552537918091,-0.0792248323559761,0.0287007521837949
3528173693.0,-0.2402711063623428,0.120309829711914,9.746353149414062,2.7814371585845947,0.945050060749054,0.1036736145615577
3528182026.0,-0.3828055560588836,0.1143547594547271,10.03669261932373,2.856102466583252,1.3601287603378296,0.1157123148441314
3528190359.0,-0.4100367724895477,-0.1081321388483047,10.152175903320312,2.548168182373047,0.5882692933082581,-0.0209012143313884
3528198692.0,-0.3580998480319977,-0.1998668909072876,9.875192642211914,2.570657730102539,0.2102800756692886,0.0666354298591613
3528207025.0,-0.3044743239879608,0.0432367548346519,9.797409057617188,2.99265193939209,0.5530496835708618,0.1116908565163612
3528215358.0,-0.3452066779136657,0.2551846504211426,9.95526885986328,2.916731357574463,1.041359543800354,0.0923265069723129
3528223691.0,-0.3118131160736084,0.0893738865852356,10.061685562133787,2.623422861099243,0.7331435084342957,0.0587974786758422
3528232024.0,-0.267823576927185,-0.1502425521612167,9.833796501159668,2.5782394409179688,0.3466758728027344,0.1309015452861786
3528240357.0,-0.3028070032596588,-0.0657443776726722,9.615728378295898,2.7783632278442383,0.7839109301567078,0.1102052554488182
3528248690.0,-0.425191581249237,0.1649355590343475,9.807373046875,2.9125566482543945,1.395963191986084,0.163790225982666
3528257023.0,-0.4970905780792236,0.1843752861022949,10.052714347839355,2.760305404663086,1.15144944190979,0.1553887724876403
3528265356.0,-0.4714460670948028,0.0226033702492713,9.995787620544434,2.582132339477539,0.4878615140914917,0.1482167541980743
3528273689.0,-0.4356376528739929,0.0080588534474372,9.723296165466309,2.723318099975586,0.5123743414878845,0.084872767329216
3528282022.0,-0.5340591073036194,0.1488215178251266,9.738003730773926,2.750417947769165,1.0314466953277588,0.1277253776788711
3528290355.0,-0.552668571472168,0.1543658971786499,9.987982749938965,2.72593092918396,1.092587947845459,0.1088220700621604
3528298688.0,-0.4503167867660522,-0.0313878990709781,9.929293632507324,2.562666177749634,0.3086643517017364,0.116506353020668
3528307021.0,-0.3062277436256408,0.0012027757475152,9.68443202972412,2.6132285594940186,0.0866913869976997,0.0394843481481075
3528315354.0,-0.3865243196487427,0.1375866830348968,9.604774475097656,2.76834774017334,0.9426933526992798,0.127853438258171
3528323687.0,-0.5425610542297363,0.1847885996103286,9.890907287597656,2.733819961547852,1.3534945249557495,0.0912763178348541
3528332020.0,-0.5885992050170898,-0.033885333687067,10.12327003479004,2.479060649871826,0.6984361410140991,0.1710646599531173
3528340353.0,-0.4983838498592376,-0.1665881127119064,9.880542755126951,2.5302894115448,0.2070526927709579,0.1331043690443039
3528348686.0,-0.4404372274875641,0.0322309955954551,9.780762672424316,2.867910623550415,0.4376832246780395,0.0410724245011806
3528357019.0,-0.4472915530204773,0.2476011663675308,9.873159408569336,2.8143765926361084,0.8971257209777832,-0.022130699828267
3528365352.0,-0.4374927878379822,0.091476947069168,10.069528579711914,2.582849740982056,0.6490518450737,0.1633803993463516
3528373685.0,-0.3295889496803283,-0.177653282880783,9.896726608276367,2.561308145523072,0.1862026751041412,0.0174561012536287
3528382018.0,-0.3211230635643005,-0.1571514308452606,9.664419174194336,2.6630992889404297,0.2763135731220245,0.1384065300226211
3528390351.0,-0.4299578666687011,0.0870405510067939,9.859548568725586,2.992549657821656,1.1008870601654053,0.1151744127273559
3528398684.0,-0.4845331013202667,0.1378104984760284,10.136502265930176,2.872213840484619,1.0172308683395386,0.1069778427481651
3528407017.0,-0.4414227902889251,-0.0340966247022151,10.169758796691896,2.586333036422729,0.3135054111480713,0.0602574832737445
3528415350.0,-0.3673503398895263,-0.1341736614704132,9.846749305725098,2.652597427368164,0.2409402877092361,0.1101284101605415
3528423683.0,-0.3760233521461487,0.0252186022698879,9.75926113128662,2.8427574634552,0.8057597875595093,0.1803882420063018
3528432016.0,-0.4278948605060577,0.0973149687051773,10.01002597808838,2.8749547004699707,1.0121335983276367,0.1187347844243049
3528440349.0,-0.3320448100566864,-0.0595739334821701,10.103954315185549,2.702749967575073,0.2591776549816131,0.0594634413719177
3528448682.0,-0.2167663872241974,-0.1057439967989921,9.84181308746338,2.6637396812438965,-0.0147025724872946,0.1119982525706291
3528457015.0,-0.2427529543638229,0.0634547993540763,9.71664810180664,2.7779018878936768,0.6950806379318237,0.1630218029022216
3528465348.0,-0.4119515717029571,0.1861531883478164,9.900273323059082,2.7945773601531982,1.3831558227539062,0.148754671216011
3528473681.0,-0.4689216017723083,0.0155783062800765,10.166131973266602,2.6132798194885254,0.9295533299446106,0.020632266998291
3528482014.0,-0.4265111982822418,-0.1666917651891708,9.958422660827637,2.607951641082764,0.2551049888134002,0.006826193537563
3528490347.0,-0.3694908618927002,-0.0317965671420097,9.755751609802246,2.8308210372924805,0.4482875168323517,0.0610771402716636
3528498680.0,-0.3828506171703338,0.2379749864339828,9.85403060913086,2.997493267059326,1.0594944953918457,0.0358471199870109
3528507013.0,-0.4010888040065765,0.2360274493694305,10.1134033203125,2.675368309020996,0.9864681363105774,0.1026234179735183
3528515346.0,-0.3120190799236297,-0.0753556415438652,9.9655179977417,2.5506784915924072,0.3322294354438782,0.1251639723777771
3528523679.0,-0.2664181292057037,-0.1121842861175537,9.707012176513672,2.6513679027557373,0.4751568436622619,0.1110249012708664
3528532012.0,-0.361314982175827,0.1122727245092392,9.722212791442873,2.9142210483551025,1.079166054725647,0.0115904407575726
3528540345.0,-0.4803267121315002,0.2363593280315399,10.008713722229004,2.8322811126708984,1.315534234046936,0.1604859828948974
3528548678.0,-0.4904817938804626,0.0752000138163566,10.122062683105469,2.5970911979675293,0.5033836960792542,0.1053641512989997
3528557011.0,-0.4061241149902344,-0.0505119860172271,9.801392555236816,2.4910998344421387,0.2455764859914779,-0.0162394251674413
3528565344.0,-0.4586530029773712,0.0692163556814193,9.686758041381836,2.61161470413208,0.8093458414077759,0.1663260459899902
3528573677.0,-0.554053008556366,0.1846543699502945,9.922164916992188,2.6813621520996094,1.14555823802948,0.1854854822158813
3528582010.0,-0.4945107996463775,0.0459310263395309,10.072876930236816,2.614816665649414,0.4890141785144806,0.0377938076853752
3528590343.0,-0.3077249526977539,-0.0569922626018524,9.874948501586914,2.5613338947296143,0.2021859735250473,0.1444258689880371
3528598676.0,-0.2686346471309662,0.0475629940629005,9.656450271606444,2.704235792160034,0.648052990436554,0.0366411618888378
3528607009.0,-0.43633833527565,0.209467127919197,9.790517807006836,2.752185583114624,1.308208703994751,-0.0098614813759922
3528615342.0,-0.5395017266273499,0.070116214454174,10.056884765625,2.5168676376342773,1.0425890684127808,0.0976542755961418
3528623675.0,-0.4927017390727997,-0.1624485105276107,9.994219779968262,2.478522777557373,0.2926554083824157,0.0290081165730953
3528632008.0,-0.4361594021320343,-0.113610029220581,9.738953590393066,2.6734731197357178,0.1799784153699875,0.1117421090602874
3528640341.0,-0.4611976146697998,0.1781221330165863,9.800992012023926,2.9462387561798096,0.9960479140281676,0.0491152964532375
3528648674.0,-0.4787803888320923,0.2075881510972976,10.045851707458496,2.6674282550811768,0.965772032737732,0.1460395753383636
3528657007.0,-0.4178262948989868,-0.1045022904872894,9.989824295043944,2.317229986190796,0.3651181161403656,0.0746783018112182
3528665340.0,-0.3019039034843445,-0.1886111050844192,9.731050491333008,2.5280611515045166,0.0852569863200187,0.0712716057896614
3528673673.0,-0.3486930131912231,0.003198088845238,9.67333984375,2.8868393898010254,0.9284520745277404,0.0631006732583046
3528682006.0,-0.5107744932174683,0.1546092629432678,9.98405647277832,2.9032583236694336,1.278470516204834,0.1754703223705291
3528690339.0,-0.5181379914283752,0.041204385459423,10.194805145263672,2.8018007278442383,0.5599144101142883,0.0299814622849226
3528698672.0,-0.4288466572761535,-0.0946439951658248,9.878286361694336,2.586153984069824,0.1979083865880966,0.1593845933675766
3528707005.0,-0.4270806610584259,-0.0359104350209236,9.741722106933594,2.733948469161988,0.5400377511978149,0.0264723151922225
3528715338.0,-0.4941236078739166,0.149405226111412,9.917652130126951,2.8307697772979736,1.117690086364746,0.116147756576538
3528723671.0,-0.4437682628631592,0.002334302989766,10.120341300964355,2.666300773620605,0.6467722058296204,-0.0116544757038354
3528732004.0,-0.2934188842773437,-0.0998628214001655,9.954206466674805,2.570939064025879,-0.0544814765453338,-0.0058144307695329
3528740337.0,-0.2181160449981689,0.0009173323051072,9.655890464782717,2.6639699935913086,0.280821681022644,0.1081304848194122
3528748670.0,-0.3186349272727966,0.166334867477417,9.849672317504885,2.848546266555786,1.1249643564224243,0.1708597391843795
3528757003.0,-0.4348272085189819,0.1101771742105484,9.98946762084961,2.6833600997924805,1.2794181108474731,0.1857160031795501
3528765336.0,-0.4551761150360107,-0.1808351725339889,10.158658981323242,2.5796220302581787,0.3079983294010162,0.1267264038324356
3528773669.0,-0.3452083766460418,-0.1596593558788299,9.78431797027588,2.7902231216430664,0.0510363690555095,0.0255245883017778
3528782002.0,-0.3745011389255523,0.1290651857852935,9.831259727478027,2.9511055946350098,0.7764058709144592,-0.0247177369892597
3528790335.0,-0.4218487739562988,0.2607710659503937,9.988310813903809,2.869037628173828,1.1333916187286377,-0.0186471659690141
3528798668.0,-0.3705775737762451,-0.0030584591440856,10.06180191040039,2.561359405517578,0.5141929388046265,0.0241414159536361
3528807001.0,-0.2656062245368957,-0.1531779319047927,9.803502082824709,2.585923194885254,0.0821576565504074,0.0492433682084083
3528815334.0,-0.3057234585285187,0.0260720718652009,9.607434272766112,2.707488775253296,0.6559934020042419,-0.0166748687624931
3528823667.0,-0.4206648766994476,0.1931813508272171,9.931941986083984,2.9174997806549072,1.2510374784469604,0.1147133335471153
3528832000.0,-0.4153334498405456,0.1445012539625167,10.104402542114258,2.6570544242858887,0.9786816239356996,0.0885099917650222
3528840333.0,-0.3716760575771332,-0.0783486142754554,9.898079872131348,2.5125131607055664,0.3404003977775574,-0.0321970917284488
3528848666.0,-0.3628705739974975,-0.0194313582032918,9.65302276611328,2.6857166290283203,0.6795328855514526,-0.0370381847023963
3528856999.0,-0.4605859518051147,0.0808679535984993,9.812091827392578,2.766452550888061,1.272066950798035,0.0990886613726615
3528865332.0,-0.4756677746772766,0.0518693104386329,10.048160552978516,2.7419142723083496,1.0131326913833618,0.0125893969088792
3528873665.0,-0.3630414605140686,-0.1506009101867675,9.975433349609377,2.6418650150299072,0.4100455045700073,0.073448821902275
3528881998.0,-0.2522567212581634,-0.0673392191529274,9.706626892089844,2.797522783279419,0.2933982908725738,0.0449145622551441
3528890331.0,-0.3351672291755676,0.1349403262138366,9.71727466583252,2.9214699268341064,1.094457983970642,0.1069010198116302
3528898664.0,-0.5138063430786133,0.1585764586925506,10.00429630279541,2.8828182220458984,1.425675392150879,0.1422486454248428
3528906997.0,-0.5442550182342529,-0.0671163946390152,10.10771942138672,2.714045763015747,0.590805172920227,0.1240113154053688
3528915330.0,-0.4459703862667084,-0.0911457166075706,9.85041046142578,2.808408737182617,0.1490364372730255,0.1231148317456245
3528923663.0,-0.4707756638526916,0.2023346871137619,9.757248878479004,2.9439849853515625,0.6254611611366272,0.1608701944351196
3528931996.0,-0.5348738431930542,0.3350628018379211,9.951810836791992,2.8596882820129395,1.0445356369018557,0.2353563904762268
3528940329.0,-0.4866341054439544,0.1466046869754791,10.10040283203125,2.491151094436645,0.6138323545455933,0.1291597932577133
3528948662.0,-0.4210869669914245,-0.1096490323543548,9.841853141784668,2.447709321975708,-0.0037396783009171,0.20697583258152
3528956995.0,-0.4093430936336517,0.0446167923510074,9.666154861450195,2.639021873474121,0.5552269220352173,0.1833082735538482
3528965328.0,-0.506495475769043,0.1781747043132782,9.886636734008787,2.738456010818481,1.2884598970413208,0.1842816025018692
3528973661.0,-0.5418161153793335,0.1925542205572128,10.137813568115234,2.6253695487976074,0.946305215358734,0.097013920545578
3528981994.0,-0.4690364599227905,-0.0692557990550994,9.998788833618164,2.3577263355255127,0.0818758979439735,0.0072104060091078
3528990327.0,-0.4073845744132995,-0.0282938424497842,9.78371524810791,2.5607192516326904,0.214660108089447,0.1043652147054672
3528998660.0,-0.4764266610145569,0.086519569158554,9.793888092041016,2.629775285720825,0.9656951427459716,0.1890458762645721
3529006993.0,-0.5038020610809326,0.0914451703429222,10.090616226196287,2.664482355117798,0.8866239786148071,0.1132789701223373
3529015326.0,-0.3605594933032989,-0.1111097931861877,9.995732307434082,2.5225796699523926,0.2221138626337051,0.0239108894020319
3529023659.0,-0.2367614060640335,-0.0936230942606926,9.807968139648438,2.655261516571045,0.1421462148427963,0.0378450341522693
3529031992.0,-0.2558128535747528,0.1028363034129142,9.67155647277832,2.7826409339904785,0.799586832523346,0.0547504238784313
3529040325.0,-0.4266718029975891,0.0818929821252822,9.974188804626465,2.869678258895874,1.2483482360839844,0.0246537029743194
3529048658.0,-0.4354727566242218,-0.1094255968928337,10.157831192016602,2.590790033340454,0.6645740866661072,0.0093620028346776
3529056991.0,-0.3391589522361755,-0.2025225907564163,9.878185272216797,2.702545166015625,0.0378962606191635,0.0180452298372983
3529065324.0,-0.3212986588478088,0.0876202285289764,9.793121337890623,2.80356764793396,0.5847601890563965,-0.030199185013771
3529073657.0,-0.3480179011821747,0.2426083832979202,9.92184066772461,2.7748286724090576,1.0692790746688845,-0.0016905395314097
3529081990.0,-0.3455376029014587,0.0872357785701751,10.096511840820312,2.64534854888916,0.7871126532554626,0.046374574303627
3529090323.0,-0.2814845144748688,-0.167441114783287,9.827165603637695,2.552676200866699,0.1368952840566635,0.015253278426826
3529098656.0,-0.2874140441417694,-0.059492714703083,9.666630744934082,2.700828790664673,0.5907026529312134,0.1061069667339325
3529106989.0,-0.3776160478591919,0.1502648293972015,9.759652137756348,2.7263920307159424,1.124580144882202,0.0541356913745403
3529115322.0,-0.4378936886787414,0.1601303517818451,10.075482368469238,2.698446750640869,0.961084485054016,0.0558774508535862
3529123655.0,-0.4030564427375793,-0.0370564013719558,9.99558925628662,2.540714740753174,0.2986235916614532,0.1018037870526313
3529131988.0,-0.3889718353748321,-0.0771443918347358,9.732274055480955,2.6331050395965576,0.4480570554733276,0.0197869967669248
3529140321.0,-0.4585935473442077,0.0817467421293258,9.716323852539062,2.703672170639038,1.0944066047668457,0.1840254962444305
3529148654.0,-0.5087316036224365,0.0368533097207546,9.989020347595217,2.672525405883789,1.0155659914016724,0.0960661917924881
3529156987.0,-0.4065276086330414,-0.0640260204672813,10.003520011901855,2.660691499710083,0.2923736870288849,0.1013939529657363
3529165320.0,-0.2740930616855621,-0.0992734208703041,9.693462371826172,2.63938045501709,0.1059276759624481,0.0279579386115074
3529173653.0,-0.2943412065505981,0.113469697535038,9.685259819030762,2.804080009460449,0.9032219648361206,0.0971932262182235
3529181986.0,-0.4526329934597015,0.1238634064793586,9.919659614562988,2.777108192443848,1.505950689315796,0.2460631728172302
3529190319.0,-0.530310332775116,-0.054752804338932,10.115232467651367,2.740607738494873,0.9397478103637696,0.1314906775951385
3529198652.0,-0.4673396050930023,-0.1809871941804886,9.909127235412598,2.725674629211426,0.2000599950551986,-0.0037909070961177
3529206985.0,-0.4365677237510681,0.0411457754671573,9.791912078857422,2.8941140174865723,0.4523089528083801,-0.0150867840275168
3529215318.0,-0.4730817079544067,0.2518775165081024,9.88266944885254,2.914170026779175,1.1350563764572144,0.1045445054769516
3529223651.0,-0.4863905906677246,0.1588051319122314,10.114546775817873,2.643580913543701,0.8977148532867432,0.0701701939105987
3529231984.0,-0.362118661403656,-0.1026598289608955,9.94723415374756,2.538306713104248,0.2252900004386901,0.115507386624813
3529240317.0,-0.334987610578537,-0.0705771148204803,9.708120346069336,2.7119712829589844,0.4309466779232025,0.113586314022541
3529248650.0,-0.4213261008262634,0.1815821379423141,9.850101470947266,2.850902795791626,1.1088018417358398,0.116070918738842
3529256983.0,-0.5092060565948486,0.1751206070184707,10.085753440856934,2.6870741844177246,0.9859302639961244,0.1061069667339325
3529265316.0,-0.4594478905200958,0.0113579742610454,10.145410537719728,2.513794183731079,0.3079471588134765,0.0229631625115871
3529273649.0,-0.416610449552536,-0.0245025642216205,9.751166343688965,2.603776693344116,0.3208823502063751,0.0881513878703117
3529281982.0,-0.459185779094696,0.0855150744318962,9.788053512573242,2.8398118019104004,0.9483030438423156,0.1383296698331833
3529290315.0,-0.5006625652313232,0.1016953662037849,10.005012512207031,2.6576950550079346,1.0959948301315308,0.0774190351366996
3529298648.0,-0.4256532490253448,-0.0495210252702236,10.081988334655762,2.4769861698150635,0.3046941757202148,0.0007300057332031
3529306981.0,-0.2765512466430664,-0.0968488976359367,9.80380153656006,2.6614856719970703,-0.0115776341408491,0.0535977929830551
3529315314.0,-0.2825454771518707,0.079130470752716,9.676180839538574,2.829975843429565,0.7704121470451355,0.0812867656350135
3529323647.0,-0.4245892167091369,0.1510852575302124,9.959956169128418,2.807640314102173,1.3461689949035645,-0.0209012161940336
3529331980.0,-0.4709795415401459,-0.0487662740051746,10.1332426071167,2.6050572395324707,0.7179029583930969,0.0493458211421966
3529340313.0,-0.3905519545078277,-0.1676971167325973,9.905375480651855,2.55393123626709,0.0555700846016407,0.0753442794084549
3529348646.0,-0.353469580411911,-0.0039827171713113,9.72667121887207,2.841655969619751,0.4561767578125,0.1025209799408912
3529356979.0,-0.3796471655368805,0.2683316767215729,9.908077239990234,2.971545696258545,1.110466718673706,-0.0472838766872882
3529365312.0,-0.3535136580467224,0.1070922464132309,10.060696601867676,2.7422986030578613,0.7096809148788452,0.1114859655499458
3529373645.0,-0.2978618741035461,-0.1007167696952819,9.933530807495115,2.5508065223693848,0.154159277677536,0.0102841155603528
3529381978.0,-0.2915796339511871,-0.0986484363675117,9.633585929870604,2.696192741394043,0.3916544318199157,0.0784435793757438
3529390311.0,-0.3955279588699341,0.1156321242451667,9.76938247680664,2.964578866958618,1.099222183227539,0.1529810279607772
3529398644.0,-0.4748529493808746,0.1749682426452636,10.03892707824707,2.759101390838623,1.1942765712738037,0.1017269343137741
3529406977.0,-0.4367499649524688,0.0112593844532966,10.113022804260254,2.5390496253967285,0.2899915874004364,0.1430426985025406
3529415310.0,-0.3614281117916107,-0.0292739514261484,9.784687042236328,2.5427892208099365,0.3076654076576233,0.0512412749230861
3529423643.0,-0.4121430516242981,0.1139063015580177,9.699628829956056,2.7489070892333984,0.8232030868530273,0.0671989470720291
3529431976.0,-0.5030844211578369,0.1175256446003913,9.99379825592041,2.757641553878784,1.148734450340271,0.1961410194635391
3529440309.0,-0.4144223630428314,-0.0550863184034824,10.002120018005373,2.573270082473755,0.3916544616222381,0.0059296954423189
3529448642.0,-0.2845577001571655,-0.0692236423492431,9.845460891723633,2.547271728515625,0.0630494430661201,-0.0286111030727624
3529456975.0,-0.3013463318347931,0.1086363494396209,9.606907844543455,2.710306167602539,0.7425438165664673,0.1123824566602706
3529465308.0,-0.4689037203788757,0.1729402393102646,9.893447875976562,2.817501783370972,1.3124606609344482,0.0514205768704414
3529473641.0,-0.5624848008155823,-0.0084864804521203,10.077516555786133,2.56807017326355,1.0358268022537231,0.080902561545372
3529481974.0,-0.5058664083480835,-0.1788367629051208,9.988563537597656,2.633233070373535,0.0994472652673721,0.1739846915006637
3529490307.0,-0.4142302870750427,-0.0068017775192856,9.740626335144045,2.748445987701416,0.3909372687339782,0.1005742996931076
3529498640.0,-0.426638513803482,0.2520374059677124,9.863876342773438,2.8966498374938965,0.9287593364715576,0.102085530757904
3529506973.0,-0.4194768965244293,0.1976538896560669,10.07535457611084,2.6530840396881104,0.9289643168449402,0.04688685759902
3529515306.0,-0.349794864654541,-0.1051924526691436,9.953229904174805,2.476217746734619,0.2704991400241852,0.0764200687408447
3529523639.0,-0.3490113317966461,-0.0994840860366821,9.752917289733888,2.618222951889038,0.3027474582195282,0.0297253169119358
3529531972.0,-0.3911180794239044,0.1317987442016601,9.728962898254396,2.859560012817383,1.0314210653305054,0.1118445545434951
3529540305.0,-0.546766996383667,0.1742609143257141,10.147275924682615,2.746422529220581,1.1927140951156616,0.0572350099682807
3529548638.0,-0.4849985539913177,0.0603895410895347,10.08440399169922,2.6196320056915283,0.5063294172286987,0.0864608511328697
3529556971.0,-0.38214111328125,-0.0907040834426879,9.859625816345217,2.5603349208831787,0.0811074748635292,0.1514953821897506
3529565304.0,-0.4451735317707062,0.0773369371891021,9.784446716308594,2.7526211738586426,0.795872688293457,0.0621273294091224
3529573637.0,-0.4744578003883362,0.1615378558635711,9.926864624023438,2.796088457107544,0.987621009349823,0.2469852715730667
3529581970.0,-0.4231515526771545,-0.0749612748622894,10.149349212646484,2.5834391117095947,0.3933450281620025,0.0315439328551292
3529590303.0,-0.2871627509593963,-0.0487577207386493,9.79669189453125,2.6302616596221924,-0.0044056484475731,0.0439668335020542
3529598636.0,-0.2866411507129669,0.0366201065480709,9.67864990234375,2.742401123046875,0.5016676783561707,0.0868194550275802
3529606969.0,-0.4385080635547638,0.1837725192308426,9.91183376312256,2.8498783111572266,1.2046502828598022,0.1258555352687835
3529615302.0,-0.5204974412918091,0.0253254901617765,10.037179946899414,2.535386800765991,0.9766835570335388,0.1175565347075462
3529623635.0,-0.4497242569923401,-0.2600432336330414,10.031289100646973,2.6096420288085938,0.2200134694576263,0.0295460186898708
3529631968.0,-0.398487776517868,0.0086112115532159,9.750621795654297,2.7850229740142822,0.2581786811351776,0.115507386624813
3529640301.0,-0.3776040375232696,0.2447818219661712,9.817224502563477,2.8522348403930664,0.9128273725509644,0.1480630934238433
3529648634.0,-0.3888324797153473,0.1969093382358551,10.114813804626465,2.729747772216797,0.8931556344032288,0.0965016335248947
3529656967.0,-0.318834513425827,-0.0596558675169944,9.85676383972168,2.514049768447876,0.4080219566822052,-0.0106811355799436
3529665300.0,-0.2901833951473236,-0.1588184088468551,9.770501136779783,2.63635778427124,0.3941390514373779,-0.058221161365509
3529673633.0,-0.3913699686527252,0.1428862810134887,9.665020942687988,2.876312017440796,1.1367212533950806,0.1021623685956001
3529681966.0,-0.4818980991840362,0.1533614695072174,10.03033447265625,2.7618930339813232,1.2052395343780518,0.0071591790765523
3529690299.0,-0.4712536334991455,0.0095055950805544,10.156736373901367,2.565124750137329,0.5231578946113586,0.052598837763071
3529698632.0,-0.3772182166576385,-0.0286985170096158,9.725042343139648,2.612229347229004,0.2198085784912109,0.0035731862299144
3529706965.0,-0.4175506830215454,0.027020052075386,9.804681777954102,2.7509303092956543,0.7959751486778259,0.0610771477222442
3529715298.0,-0.4665851891040802,0.1465381979942321,9.924516677856444,2.764838933944702,1.2602330446243286,0.1286987364292144
3529723631.0,-0.4112519323825836,-0.0643509626388549,10.012160301208496,2.5010125637054443,0.5345306396484375,0.0440692864358425
3529731964.0,-0.2952007353305816,-0.13869009912014,9.862700462341309,2.5459909439086914,0.2603815197944641,-0.0411108508706092
3529740297.0,-0.2980668544769287,0.0799170657992363,9.593530654907228,2.781283140182495,0.6720022559165955,0.0246280878782272
3529748630.0,-0.4493438005447387,0.1223331242799758,9.92123317718506,2.757949113845825,1.3607436418533323,0.087690345942974
3529756963.0,-0.5237929224967957,0.0013770206132903,10.09148406982422,2.7186310291290283,1.0370820760726929,0.0339260585606098
3529765296.0,-0.497038871049881,-0.2108910381793975,9.936952590942385,2.61271595954895,0.1344107091426849,0.0678905323147773
3529773629.0,-0.4065157473087311,-0.0624874308705329,9.833548545837402,2.9454195499420166,0.2932701706886291,0.0468868613243103
3529781962.0,-0.3570722043514251,0.2669355273246765,9.790308952331545,2.97136664390564,0.917694091796875,0.0383829325437545
3529790295.0,-0.4137800633907318,0.1329986602067947,10.112435340881348,2.6483709812164307,0.930629312992096,0.061563815921545
3529798628.0,-0.3832269608974457,-0.0903481394052505,9.972929954528809,2.580441951751709,0.3296936154365539,0.0869219079613685
3529806961.0,-0.2863504588603973,-0.154150515794754,9.65061855316162,2.610743761062622,0.3521060943603515,0.0429422669112682
3529815294.0,-0.4114667177200317,0.0956587642431259,9.821465492248535,2.8830230236053467,1.0139011144638062,0.104006603360176
3529823627.0,-0.4923046231269836,0.1814719289541244,9.984089851379396,2.790863037109375,1.267814874649048,-0.0303272567689418
3529831960.0,-0.4669540524482727,-0.0012216167524456,10.156269073486328,2.566098213195801,0.434378981590271,-0.0446712300181388
3529840293.0,-0.395980030298233,-0.0674740225076675,9.84079933166504,2.555954933166504,0.2909393012523651,0.0865889266133308
3529848626.0,-0.4272807836532593,0.0773364081978797,9.704957962036133,2.71901535987854,0.7252798676490784,0.1039553731679916
3529856959.0,-0.4891110360622406,0.0989993214607238,9.990351676940918,2.8221893310546875,1.1948657035827637,0.2959084510803222
3529865292.0,-0.4185348153114319,-0.0008143272716552,10.008539199829102,2.658488750457764,0.5408573746681213,0.1084378734230995
3529873625.0,-0.2877535820007324,-0.1528485268354416,9.891268730163574,2.669374465942383,-0.0084526967257261,-0.0560439452528953
3529881958.0,-0.2484614104032516,0.0612729974091053,9.639608383178713,2.8689095973968506,0.8367786407470703,0.1695278137922287
3529890291.0,-0.4219143986701965,0.217704176902771,9.83019733428955,2.8397860527038574,1.4198609590530396,0.2006490975618362
3529898624.0,-0.5114198923110962,-0.0079018799588084,10.121217727661133,2.681541204452514,1.1197646856307983,0.0921728163957595
3529906957.0,-0.468744695186615,-0.1593874096870422,9.981701850891112,2.614508867263794,0.2480098307132721,0.0672245547175407
3529915290.0,-0.418327122926712,-0.058995097875595,9.768260955810549,2.815375804901123,0.2573078274726867,0.0903029888868331
3529923623.0,-0.4207020699977875,0.2237576395273208,9.85420036315918,2.9046671390533447,1.0187422037124634,0.0904054418206214
3529931956.0,-0.4323845207691192,0.254177838563919,10.015625,2.760254144668579,0.9906946420669556,0.1539799869060516
3529940289.0,-0.35329669713974,-0.09136264026165,9.990004539489746,2.5502688884735107,0.3169377446174621,0.0282909236848354
3529948622.0,-0.3154246807098388,-0.1176997944712638,9.729223251342772,2.719015121459961,0.3334589302539825,0.0442485958337783
3529956955.0,-0.3692426681518554,0.1172031611204147,9.674484252929688,2.844320297241211,1.0561646223068235,0.1234478130936622
3529965288.0,-0.5110700130462646,0.2052558213472366,10.06251335144043,2.9084837436676025,1.2277543544769287,0.0462465025484561
3529973621.0,-0.4924570322036743,0.0984472632408142,10.066158294677734,2.501550674438477,0.4809200763702392,0.0089777903631329
3529981954.0,-0.4125928878784179,-0.0656003803014755,9.895515441894531,2.597629308700561,0.1352815777063369,0.0496019646525383
3529990287.0,-0.4234100580215454,0.0683426633477211,9.68438720703125,2.664379835128784,0.7080415487289429,0.0491409078240394
3529998620.0,-0.4903813004493713,0.2072679847478866,9.88515567779541,2.800212144851685,1.1808289289474487,0.218425378203392
3530006953.0,-0.4820724725723266,-0.0207829512655735,10.120044708251951,2.642864227294922,0.6362960338592529,0.0235522910952568
3530015286.0,-0.3087125420570373,-0.0709815174341201,9.86150074005127,2.59460711479187,0.0530598908662796,-0.0505368895828723
3530023619.0,-0.2382063120603561,0.0563122071325778,9.697824478149414,2.768373727798462,0.5651652812957764,0.0163290742784738
3530031952.0,-0.3859078884124756,0.2265172302722931,9.86115550994873,2.805258512496948,1.1707115173339844,0.1096417382359504
3530040285.0,-0.5022767186164856,0.0786710679531097,10.078558921813965,2.514101266860962,1.0882593393325806,0.0957076027989387
3530048618.0,-0.4652428030967712,-0.2064341902732849,10.083084106445312,2.4798295497894287,0.1831545829772949,-0.0264338925480842
3530056951.0,-0.3723778128623962,-0.0883500128984451,9.773934364318848,2.694963216781616,0.143939197063446,0.0750368982553482
3530065284.0,-0.3870788812637329,0.2109460085630417,9.81729793548584,2.80325984954834,0.8139051198959351,0.0232705306261777
3530073617.0,-0.3915298283100128,0.1938972026109695,10.082880973815918,2.716991662979126,0.922765612602234,0.0521890074014663
3530081950.0,-0.3265607059001922,-0.0497692190110683,9.967608451843262,2.4719655513763428,0.437734454870224,0.0715277567505836
3530090283.0,-0.23751300573349,-0.2229587286710739,9.817745208740234,2.5464775562286377,0.2711395025253296,0.0861022546887397
3530098616.0,-0.3173445463180542,-0.0140556208789348,9.660116195678713,2.8510308265686035,0.784346342086792,0.0983970910310745
3530106949.0,-0.4441335797309875,0.1374043822288513,9.94542121887207,2.9283089637756348,1.316020965576172,0.163815826177597
3530115282.0,-0.4597425758838653,-0.0110295778140425,10.208635330200195,2.6825406551361084,0.7296087145805359,0.1326945573091507
3530123615.0,-0.3867884874343872,-0.1209356859326362,9.88760471343994,2.5777783393859863,0.2207563072443008,0.1879188418388366
3530131948.0,-0.3838668763637543,-0.0435898825526237,9.713714599609377,2.749803304672241,0.5409342050552368,0.0554420091211795
3530140281.0,-0.496592253446579,0.0745122879743576,9.849313735961914,2.835892677307129,1.3833094835281372,0.2236506789922714
3530148614.0,-0.4822360575199127,-0.0173557046800851,10.022144317626951,2.71399474143982,0.9557055830955504,0.2574358880519867
3530156947.0,-0.3550447523593902,-0.198117509484291,9.955941200256348,2.6626639366149902,0.1848195046186447,0.0476040579378604
3530165280.0,-0.2743610143661499,-0.0455041490495204,9.632027626037598,2.770397424697876,0.3375316262245178,0.0135883530601859
3530173613.0,-0.3934270739555359,0.1792969107627868,9.735825538635254,2.936377763748169,1.2406128644943235,0.0960918068885803
3530181946.0,-0.5661073327064514,0.0721711367368698,10.036416053771973,2.8147099018096924,1.36794114112854,0.1028283461928367
3530190279.0,-0.5601298809051514,-0.1798829436302185,10.034107208251951,2.701008081436157,0.4381698966026306,0.056671492755413
3530198612.0,-0.4389753043651581,-0.187243565917015,9.803544044494627,2.8580236434936523,0.2150955349206924,0.0283677633851766
3530206945.0,-0.4352833032608032,0.1545914709568023,9.669034957885742,3.053075790405273,0.6873195171356201,0.0735768899321556
3530215278.0,-0.4674264788627624,0.2494751513004303,9.960738182067873,2.915834665298462,1.0326762199401855,0.1649684756994247
3530223611.0,-0.4560924470424652,-0.0034469296224415,10.061882019042969,2.67716121673584,0.5691867470741272,0.0278554763644933
3530231944.0,-0.3718858659267425,-0.1524303257465362,9.72790241241455,2.647090196609497,0.0536234006285667,0.0619224086403846
3530240277.0,-0.3677406013011932,-0.0043027102947235,9.68393898010254,3.0383222103118896,0.557327389717102,0.0394074991345405
3530248610.0,-0.4637527465820312,0.2021152973175048,9.90159034729004,3.0267958641052246,1.255853295326233,-0.0295075979083776
3530256943.0,-0.5034902691841125,0.1329112946987152,10.13534927368164,2.8112776279449463,0.7310943603515625,0.0635104998946189
3530265276.0,-0.4241954386234283,-0.029279937967658,10.037896156311035,2.693861961364746,0.0309291873127222,0.0239877291023731
3530273609.0,-0.3583884835243225,0.0699578300118446,9.730231285095217,2.786585569381714,0.4176017045974731,-0.0606801286339759
3530281942.0,-0.4181802570819855,0.1811960190534591,9.830771446228027,2.8711636066436768,0.94487065076828,0.0018314176704734
3530290275.0,-0.4578168988227844,0.0897768884897232,10.11049747467041,2.77144718170166,0.8204880356788635,0.0157655626535415
3530298608.0,-0.325198084115982,-0.0199322178959846,9.974102020263672,2.6850504875183105,0.2181692719459533,-0.0175969805568456
3530306941.0,-0.2669222354888916,0.0684193670749664,9.785442352294922,2.7601003646850586,0.1769559383392334,0.0421994552016258
3530315274.0,-0.296726644039154,0.2432283163070678,9.725028038024902,2.9382216930389404,0.9995571374893188,0.1808749437332153
3530323607.0,-0.4699010848999023,0.178954005241394,10.014220237731934,2.7479848861694336,1.2169708013534546,0.2183485627174377
3530331940.0,-0.4707458019256592,-0.0331707075238227,10.147913932800291,2.544992208480835,0.541113555431366,0.1223207935690879
3530340273.0,-0.3821187019348144,-0.044719111174345,9.85257339477539,2.634488105773926,0.0974749699234962,0.0525732152163982
3530348606.0,-0.3653733432292938,0.197055846452713,9.755104064941406,2.9773600101470947,0.6504606604576111,0.1257274597883224
3530356939.0,-0.4051857590675354,0.3255095779895782,9.9503812789917,2.9024643898010254,1.0591357946395874,0.1264702975749969
3530365272.0,-0.3541328310966491,0.1371465623378753,10.129014015197754,2.509925842285156,0.6020241379737854,0.0410980395972728
3530373605.0,-0.308470606803894,-0.0257195606827735,9.851961135864258,2.5306737422943115,0.2595618367195129,0.1609470397233963
3530381938.0,-0.3274523913860321,0.054374199360609,9.670724868774414,2.8154525756835938,0.688088059425354,0.0676087662577629
3530390271.0,-0.4409528076648712,0.2437508851289749,9.89559841156006,2.721627712249756,1.152576565742493,0.0863327831029892
3530398604.0,-0.4689566493034363,0.2454599142074585,10.168636322021484,2.616532564163208,0.7533787488937378,-0.0444919243454933
3530406937.0,-0.4316332340240478,0.0954750999808311,10.037725448608398,2.4449172019958496,0.2993663847446441,0.0706824883818626
3530415270.0,-0.3860854804515838,0.0190745238214731,9.755169868469238,2.5662519931793213,0.4700339734554291,0.1123568564653396
3530423603.0,-0.4585568010807037,0.1612067073583603,9.76028537750244,2.598987102508545,1.0628498792648315,0.038613460958004
3530431936.0,-0.5151689052581787,0.1518142521381378,10.031205177307127,2.565150499343872,0.9867756962776184,0.0690687894821167
3530440269.0,-0.4126490652561188,-0.0448935776948928,10.010269165039062,2.398427248001098,0.2351770997047424,0.1335910409688949
3530448602.0,-0.2674716711044311,-0.068627156317234,9.723184585571287,2.4432523250579834,0.3814344108104706,0.010079201310873
3530456935.0,-0.3250718116760254,0.1184615939855575,9.672555923461914,2.597706317901612,0.9654902815818788,0.089099109172821
3530465268.0,-0.4891587197780609,0.1595032513141632,9.91461181640625,2.594350576400757,1.1852858066558838,0.076573759317398
3530473601.0,-0.4973438382148742,-0.0898939073085784,10.048680305480955,2.387925624847412,0.6249233484268188,0.164251297712326
3530481934.0,-0.443590760231018,-0.294506698846817,9.845752716064451,2.448529005050659,0.1389188021421432,-0.0077867275103926
3530490267.0,-0.4196944534778595,-0.0619834288954734,9.710261344909668,2.731079578399658,0.5174460411071777,0.172447845339775
3530498600.0,-0.4761660993099212,0.1563078016042709,9.884881019592283,2.84201455116272,1.029090404510498,0.1145340427756309
3530506933.0,-0.4471515417098999,0.0903675481677055,10.103753089904783,2.5664825439453125,0.6545845866203308,0.1183505877852439
3530515266.0,-0.3330201804637909,-0.1912278234958648,9.870672225952148,2.360210657119751,0.2247520983219146,0.0746270716190338
3530523599.0,-0.3160536289215088,-0.2491527646780014,9.633440971374512,2.5872809886932373,0.5117083191871643,0.0858973339200019
3530531932.0,-0.4536849558353424,-0.0094604240730404,9.76388168334961,2.926515817642212,1.2013204097747805,0.0874598026275634
3530540265.0,-0.4990539252758026,0.084433801472187,10.076371192932127,2.854053735733032,1.0759644508361816,0.1609214395284652
3530548598.0,-0.4336599707603454,-0.0966114476323127,10.093756675720217,2.487769842147827,0.2884290814399719,0.1303892582654953
3530556931.0,-0.3795758485794067,-0.144498199224472,9.774251937866213,2.62913465499878,0.3825357854366302,0.1295952051877975
3530565264.0,-0.4366393685340881,-0.0274731069803237,9.751787185668944,2.843756675720215,1.0465848445892334,0.1340008825063705
3530573597.0,-0.5228656530380249,0.0427892580628395,9.96070384979248,2.878079414367676,1.0770913362503052,0.1016757041215896
3530581930.0,-0.4229256510734558,-0.1210512146353721,10.047447204589844,2.6258819103240967,0.2399669885635376,0.0830285474658012
3530590263.0,-0.2526754438877105,-0.1694968193769455,9.76679515838623,2.705183506011963,0.1065167933702468,0.0373071320354938
3530598596.0,-0.2649834752082824,0.0055962861515581,9.66552448272705,2.844422578811645,0.7138047218322754,0.0542125329375267
3530606929.0,-0.4410134553909302,0.1401111632585525,9.927160263061523,2.9143240451812744,1.2023195028305054,0.2072063684463501
3530615262.0,-0.4900998175144195,0.0077844765037298,10.121923446655272,2.6813621520996094,0.8333719968795776,0.11842742562294
3530623595.0,-0.4261316359043121,-0.2072103172540664,9.92175006866455,2.660383939743042,0.1512392461299896,0.0202480535954237
3530631928.0,-0.3595874905586242,-0.0840213447809219,9.748225212097168,2.9285905361175537,0.4307930171489715,0.089944377541542
3530640261.0,-0.4243078827857971,0.2189949452877044,9.870339393615724,3.102869987487793,0.9323964715003968,0.0900724530220031
3530648594.0,-0.4534398317337036,0.2181549817323684,10.033953666687012,2.937120199203491,0.914620280265808,0.0547760389745235
3530656927.0,-0.362623929977417,-0.0354322046041488,9.98514175415039,2.679978847503662,0.195193275809288,0.0562360510230064
3530665260.0,-0.2801656126976013,-0.0784799456596374,9.741898536682127,2.734255313873291,0.3882477581501007,0.0344383381307125
3530673593.0,-0.3712120056152344,0.1140448600053787,9.739996910095217,2.853156805038452,1.1674070358276367,-0.0196973457932472
3530681926.0,-0.5031247138977051,0.2812009751796722,10.059565544128418,2.8977513313293457,1.0060887336730957,0.0334393829107284
3530690259.0,-0.4651240110397339,0.0813867300748825,10.137004852294922,2.614355564117432,0.519110918045044,-0.080838531255722
3530698592.0,-0.3546441197395324,-0.0436876788735389,9.858183860778809,2.594990968704224,0.2756219804286957,0.0111549999564886
3530706925.0,-0.4093973040580749,0.0961118042469024,9.640487670898438,2.764531373977661,0.7870870232582092,0.0193003248423337
3530715258.0,-0.5247825384140015,0.1994328945875167,9.958209991455078,2.8935251235961914,1.176295518875122,0.1397897005081176
3530723591.0,-0.5137842893600464,0.1016105338931083,10.071131706237791,2.635077476501465,0.7018428444862366,0.065687708556652
3530731924.0,-0.3650246560573578,-0.0202888417989015,9.917071342468262,2.550781011581421,0.0013703615404665,-0.0474631786346435
3530740257.0,-0.3100151121616363,0.0302083473652601,9.68021011352539,2.735459089279175,0.3081008195877075,0.0577729009091854
3530748590.0,-0.4062784910202026,0.2646487057209015,9.746380805969238,2.874698638916016,1.1620537042617798,0.0928388014435768
3530756923.0,-0.5400057435035706,0.1408696174621582,10.03160285949707,2.6968586444854736,1.1579043865203855,0.0793913230299949
3530765256.0,-0.5217460989952087,-0.0986863002181053,10.024571418762209,2.553009033203125,0.3400417864322662,0.070682480931282
3530773589.0,-0.4013511538505554,-0.0601969547569751,9.76468563079834,2.6490371227264404,0.2372006326913833,-0.0637538358569145
3530781922.0,-0.3970441818237304,0.2362245321273803,9.765082359313965,2.853156805038452,0.8031215071678162,0.1472946554422378
3530790255.0,-0.428506463766098,0.3536549210548401,10.01454734802246,2.7811553478240967,0.975095510482788,0.1083610355854034
3530798588.0,-0.4332298636436462,0.0794597417116165,10.056157112121582,2.4891788959503174,0.4627596139907837,0.0748063772916793
3530806921.0,-0.2907573580741882,-0.1132481172680854,9.808938026428224,2.5104639530181885,0.1931441575288772,0.1131765022873878
3530815254.0,-0.3163746297359466,0.0735661536455154,9.664349555969238,2.729644775390625,0.6059943437576294,0.1894300729036331
3530823587.0,-0.3934435248374939,0.268228679895401,9.907637596130373,2.785689353942871,1.1489648818969729,0.2159920483827591
3530831920.0,-0.4534741342067718,0.1748367249965667,10.175237655639648,2.554776668548584,0.8161847591400146,0.1477813273668289
3530840253.0,-0.3885712623596191,-0.0443563945591449,9.974478721618652,2.3581361770629883,0.1173516139388084,0.0058528524823486
3530848586.0,-0.3770036399364471,-0.0133324908092617,9.75755500793457,2.478241205215454,0.5150895118713379,0.1403532177209854
3530856919.0,-0.4379037618637085,0.1413001418113708,9.788407325744627,2.600318670272827,1.165178894996643,0.1903009712696075
3530865252.0,-0.5063873529434204,0.0924052596092224,10.101179122924805,2.4169209003448486,1.048454761505127,0.0894577130675315
3530873585.0,-0.3787017166614532,-0.1044958382844924,10.004508972167969,2.2720463275909424,0.2196292430162429,0.0715277418494224
3530881918.0,-0.2366760671138763,-0.062723807990551,9.721393585205078,2.479214668273926,0.2153004705905914,0.0806720480322837
3530890251.0,-0.2998711764812469,0.0985074639320373,9.6845121383667,2.6660189628601074,1.1629503965377808,0.0742684751749038
3530898584.0,-0.4601623713970184,0.1267857402563095,9.99049186706543,2.567378759384156,1.3971924781799316,0.1075157597661018
3530906917.0,-0.5047979354858398,-0.1277785748243332,10.12701416015625,2.489075899124145,0.7035333514213562,0.0341053567826747
3530915250.0,-0.4148657321929931,-0.2124222069978714,9.843003273010254,2.5295722484588623,0.0931974053382873,-0.0443126261234283
3530923583.0,-0.3920337855815887,0.0295065864920616,9.708627700805664,2.831589698791504,0.6540210247039795,-0.090648777782917
3530931916.0,-0.4631550312042236,0.2291425615549087,9.932310104370115,2.81660532951355,1.3349754810333252,0.0587462447583675
3530940249.0,-0.4660828113555908,0.0539363101124763,10.08004093170166,2.536283254623413,0.8964598774909973,0.0533672645688056
3530948582.0,-0.3681288957595825,-0.1922471076250076,9.844836235046388,2.4640002250671387,0.1617667227983474,0.079519398510456
3530956915.0,-0.3358663618564605,-0.1122583970427513,9.653985977172852,2.69942045211792,0.4268228411674499,0.1361524760723114
3530965248.0,-0.4455739259719848,0.1175813451409339,9.789841651916504,2.86412000656128,1.3173017501831057,0.1321310251951217
3530973581.0,-0.4961419701576233,0.1322484761476516,10.112530708312988,2.658130168914795,1.1041145324707031,0.1408911049365997
3530981914.0,-0.4408290982246399,-0.0553640872240066,10.033759117126465,2.44719672203064,0.2840746939182281,0.0149971358478069
3530990247.0,-0.3929749429225921,-0.1081696823239326,9.69060230255127,2.5333120822906494,0.33686563372612,0.0974237546324729
3530998580.0,-0.4774832129478454,0.0072038881480693,9.725894927978516,2.7797722816467285,1.0212268829345703,0.1722429096698761
3531006913.0,-0.514690101146698,0.0556960478425025,10.012587547302246,2.6827199459075928,1.0253506898880005,0.1647891849279403
3531015246.0,-0.4129182696342468,-0.0989162847399711,10.105672836303713,2.595784902572632,0.3044379651546478,0.1014451682567596
3531023579.0,-0.270968347787857,-0.1533506363630294,9.770513534545898,2.6650967597961426,0.0834895893931388,0.0276761762797832
3531031912.0,-0.3004319667816162,0.0057745580561459,9.620772361755373,2.9050769805908203,0.7993819117546082,0.1695790439844131
3531040245.0,-0.4615985751152038,0.0968205854296684,9.884801864624023,2.735459327697754,1.279366970062256,0.1074901446700096
3531048578.0,-0.504681408405304,-0.0782013311982154,10.114324569702148,2.7141225337982178,0.7826812863349915,0.153314009308815
3531056911.0,-0.4220896661281585,-0.1706799566745758,9.93467140197754,2.691223621368408,0.1138680875301361,0.1025465875864029
3531065244.0,-0.3925413191318512,-0.0524685308337211,9.720441818237305,2.9425764083862305,0.4042823314666748,0.0387415289878845
3531073577.0,-0.4566498398780823,0.1908513307571411,9.87229061126709,3.0118885040283203,1.1053951978683472,0.1811310797929763
3531081910.0,-0.4654843509197235,0.1450245082378387,10.084489822387695,2.791170358657837,0.7492291331291199,-0.0020491387695074
3531090243.0,-0.365695059299469,-0.1284950822591781,9.96381378173828,2.464076519012451,0.1576684415340423,0.0636385679244995
3531098576.0,-0.2563434243202209,-0.1680015623569488,9.710155487060549,2.797881603240967,0.2984955310821533,0.005007583182305
3531106909.0,-0.3392054736614227,0.1047210469841957,9.756325721740724,3.062732458114624,0.9760688543319702,0.0727828443050384
3531115242.0,-0.4560151994228363,0.2150841355323791,10.043044090270996,3.003614902496338,1.04840350151062,0.0668659657239914
3531123575.0,-0.4385848343372345,0.0824906378984451,10.147172927856444,2.669861316680908,0.378155767917633,0.0802365839481353
3531131908.0,-0.3526524603366852,-0.0716103315353393,9.830039024353027,2.639713287353516,0.1543641984462738,-0.0239749271422624
3531140241.0,-0.3896538317203522,0.0239440985023975,9.740140914916992,2.8859429359436035,0.7807603478431702,0.0908921062946319
3531148574.0,-0.5094872713088989,0.1986755281686782,9.928936004638672,2.855897665023804,1.059135913848877,0.2241886109113693
3531156907.0,-0.4657201170921325,0.0998036116361618,10.138075828552246,2.6657629013061523,0.5179070234298706,0.0072616352699697
3531165240.0,-0.2932992875576019,-0.0602662675082683,9.895160675048828,2.7194504737854004,0.0074409348890185,0.0126918535679578
3531173573.0,-0.2313624620437622,0.0149568002671003,9.687365531921388,2.844243288040161,0.5529728531837463,0.0766762197017669
3531181906.0,-0.3754309415817261,0.2160863876342773,9.801230430603027,2.960275650024414,1.2789828777313232,0.0586950257420539
3531190239.0,-0.5089238882064819,0.137848824262619,10.045923233032228,2.7746236324310303,1.097941279411316,0.0331320129334926
3531198572.0,-0.4694575667381286,-0.1077903434634208,10.067569732666016,2.614253044128418,0.3654767572879791,0.1233453601598739
3531206905.0,-0.3650497794151306,-0.1174552142620086,9.779369354248049,2.815708875656128,0.3842006921768188,-0.0377297662198543
3531215238.0,-0.4004010558128357,0.1822716146707534,9.781700134277344,2.955357551574707,0.9267101287841796,0.1143803671002388
3531223571.0,-0.5052206516265869,0.3335310816764831,10.033550262451172,2.772420644760132,1.0816504955291748,0.0538026988506317
3531231904.0,-0.4536229968070984,0.0524434931576252,10.101901054382324,2.5272669792175293,0.4884763062000274,0.0967833846807479
3531240237.0,-0.341677188873291,-0.1539955884218216,9.792449951171877,2.475270271301269,0.163790225982666,0.0730389952659607
3531248570.0,-0.3413409292697906,0.0132174426689744,9.651756286621094,2.8429112434387207,0.9115979075431824,0.0840018913149833
3531256903.0,-0.4883640110492706,0.2421046048402786,9.931386947631836,2.903719425201416,1.232441782951355,0.1056202948093414
3531265236.0,-0.5136626362800598,0.1781810969114303,10.16779613494873,2.6360507011413574,0.8673365116119385,0.1052360907196998
3531273569.0,-0.3996730744838714,-0.0553077347576618,9.929455757141112,2.441330909729004,0.084693469107151,0.105210468173027
3531281902.0,-0.371251106262207,-0.0514716990292072,9.71074676513672,2.5590028762817383,0.509505569934845,0.1293646991252899
3531290235.0,-0.4945055842399597,0.1442452520132064,9.82618522644043,2.814197540283203,1.054012894630432,0.0924289673566818
3531298568.0,-0.5481931567192078,0.0976688787341117,10.073119163513184,2.768373966217041,0.8779407739639282,0.1180175989866256
3531306901.0,-0.3890140652656555,-0.0654885470867157,10.010189056396484,2.5592079162597656,0.1481399238109588,0.0145616931840777
3531315234.0,-0.2443015128374099,-0.0886437073349952,9.730188369750977,2.591763734817505,0.1500097811222076,0.114815816283226
3531323567.0,-0.3214801251888275,0.0946788191795349,9.675355911254885,2.852081060409546,0.9005067944526672,0.0960661992430687
3531331900.0,-0.4869905710220337,0.1261714994907379,9.963547706604004,2.7526209354400635,1.118868112564087,0.2251106798648834
3531340233.0,-0.5134437084197998,-0.1283410340547561,10.105606079101562,2.671398162841797,0.507251501083374,0.0660975277423858
3531348566.0,-0.3876450657844543,-0.2045265138149261,9.866917610168455,2.670988082885742,0.10833540558815,-0.0139341410249471
3531356899.0,-0.3655190765857696,0.0367812141776084,9.721473693847656,2.951079845428467,0.5175484418869019,-0.0087856817990541
3531365232.0,-0.4399192929267883,0.2512040734291076,9.90534782409668,2.898263692855835,1.0723016262054443,0.1484216898679733
3531373565.0,-0.439578115940094,0.1031287759542465,10.124534606933594,2.6619467735290527,0.917540431022644,0.0814148485660553
3531381898.0,-0.310666412115097,-0.1973785758018493,9.89065647125244,2.570016860961914,0.1694509536027908,0.0697603672742843
3531390231.0,-0.2651250064373016,-0.1333639621734619,9.702539443969728,2.7613041400909424,0.3283104598522186,0.1697327345609665
3531398564.0,-0.3814195990562439,0.1350342482328415,9.807842254638672,2.883586406707764,1.3008828163146973,0.2029543668031692
3531406897.0,-0.4578450620174408,0.1979903578758239,10.082127571105955,2.796037197113037,1.244301199913025,0.1414033770561218
3531415230.0,-0.4433625638484955,-0.0062362411990761,10.101847648620604,2.562256097793579,0.2300798594951629,0.0946574062108993
3531423563.0,-0.3459325432777405,-0.0883325636386871,9.77504062652588,2.627802610397339,0.2096396833658218,0.1159428358078002
3531431896.0,-0.4286211431026459,0.0685637816786766,9.714094161987305,2.761893510818481,0.7559145092964172,0.1108968406915664
3531440229.0,-0.5066720843315125,0.1538211405277252,9.976758003234863,2.805565595626831,1.1513725519180298,0.0266772247850894
3531448562.0,-0.4420137107372284,-0.0193751268088817,10.105740547180176,2.6374852657318115,0.4915499985218048,0.0597708187997341
3531456895.0,-0.2834695279598236,-0.090690754354,9.812460899353027,2.571503162384033,0.09870445728302,-0.0639075189828872
3531465228.0,-0.2678269445896148,0.066322237253189,9.632908821105955,2.919395446777344,0.5731313228607178,0.0444022752344608
3531473561.0,-0.4502501785755157,0.2088122516870498,9.86564826965332,2.74258041381836,1.4119974374771118,0.1458858698606491
3531481894.0,-0.5140572786331177,0.0056365621276199,10.141440391540527,2.667402505874634,0.8930788040161133,0.0644582137465477
3531490227.0,-0.459254115819931,-0.2079018503427505,9.958389282226562,2.64519476890564,0.1195544302463531,0.053392868489027
3531498560.0,-0.3913594186306,-0.059329867362976,9.761918067932127,2.8473424911499023,0.2904269993305206,0.0012935190461575
3531506893.0,-0.4155088067054748,0.2534794211387634,9.821276664733888,2.969214677810669,1.0937918424606323,-0.0297125112265348
3531515226.0,-0.4783174991607666,0.1922848671674728,10.053750991821287,2.8144280910491943,0.965182900428772,0.1442721784114837
3531523559.0,-0.3626987934112549,-0.0876732319593429,9.964612007141112,2.4841067790985107,0.2723945677280426,0.1357938796281814
3531531892.0,-0.3154951632022857,-0.1404514759778976,9.734328269958496,2.6573874950408936,0.237251877784729,0.0770348161458969
3531540225.0,-0.3789806962013244,0.1046784520149231,9.697078704833984,2.900901556015014,1.0265800952911377,0.0993960350751876
3531548558.0,-0.4515742063522339,0.1765890121459961,10.010000228881836,2.880897045135498,1.2167145013809204,0.141813188791275
3531556891.0,-0.4525729119777679,0.0179721172899007,10.154211044311523,2.6293654441833496,0.50235915184021,0.0667891204357147
3531565224.0,-0.306547999382019,-0.2171836048364639,9.781508445739746,2.511514186859131,0.1879700571298599,0.1182993575930595
3531573557.0,-0.3691967129707336,-0.1556580811738968,9.7494535446167,2.8156063556671143,0.7997148633003235,0.0784179866313934
3531581890.0,-0.4108131527900696,-0.0184086430817842,9.7874755859375,2.8314356803894043,1.222452163696289,0.2079235464334488
3531590223.0,-0.4271040558815002,-0.0410649552941322,10.172816276550291,2.8388900756835938,0.6190576553344727,0.2258791327476501
3531598556.0,-0.2844015657901764,-0.0799361765384674,9.843661308288574,2.663611650466919,0.0702726542949676,0.0905079022049903
3531606889.0,-0.2933982610702514,0.1050068661570549,9.795096397399902,2.908406972885132,0.5198794007301331,0.1662235856056213
3531615222.0,-0.4104710221290588,0.2075966000556945,9.83613395690918,2.884021759033203,1.2301876544952393,0.2332304418087005
3531623555.0,-0.531026303768158,0.0370728373527526,10.095913887023926,2.8145558834075928,1.030678391456604,0.2227029651403427
3531631888.0,-0.4812245070934295,-0.1445412635803222,9.908194541931152,2.832153081893921,0.3484688401222229,0.1349485963582992
3531640221.0,-0.4089250564575195,-0.0443668738007545,9.673467636108398,2.815631866455078,0.3272346556186676,0.071348451077938
3531648554.0,-0.4392789006233215,0.2456859052181244,9.835869789123535,3.0317904949188232,1.17988121509552,0.1153024807572364
3531656887.0,-0.5207309722900391,0.2621001005172729,10.095885276794434,2.835559606552124,1.1121060848236084,0.033541839569807
3531665220.0,-0.4858714044094085,0.0702145844697952,10.093302726745604,2.624011993408203,0.480484664440155,0.0248586162924766
3531673553.0,-0.375323474407196,-0.0486512668430805,9.694917678833008,2.711510181427002,0.1314138323068618,0.1196568980813026
3531681886.0,-0.3662809729576111,0.0894315838813781,9.64716911315918,2.952565908432007,0.8322705626487732,0.0247817728668451
3531690219.0,-0.4349665343761444,0.196632444858551,9.950885772705078,3.015423059463501,1.0535264015197754,0.1240369454026222
3531698552.0,-0.4904009401798248,0.1053705960512161,10.155452728271484,2.7102038860321045,0.6149337887763977,0.0435057803988456
3531706885.0,-0.4489897191524505,0.0828846916556358,9.874500274658203,2.716991662979126,0.4121202826499939,0.0741404071450233
3531715218.0,-0.4580173194408417,0.1475372910499572,9.808344841003418,2.835918426513672,0.6511779427528381,0.1530834883451461
3531723551.0,-0.501652181148529,0.2227328419685363,9.95876407623291,2.80666732788086,1.0063449144363403,-0.0284061897546052
3531731884.0,-0.4482815861701965,0.0046693282201886,10.13881492614746,2.5505247116088867,0.6542516350746155,0.0360776521265506
3531740217.0,-0.3223724961280823,-0.0326193533837795,9.865839004516602,2.6495490074157715,0.1512136310338974,0.0819527357816696
3531748550.0,-0.2860209345817566,0.1028855219483375,9.66866970062256,2.7056446075439453,0.3783094882965088,0.0520865470170974
3531756883.0,-0.3520452082157135,0.28814297914505,9.852310180664062,2.8138904571533203,1.0796527862548828,0.1219365671277046
3531765216.0,-0.4676582217216491,0.1452722698450088,10.076257705688477,2.5988588333129883,1.0133376121520996,0.1651990115642547
3531773549.0,-0.4917384088039398,-0.0752595514059066,10.062746047973633,2.486975908279419,0.4575343132019043,0.0512925088405609
3531781882.0,-0.42658132314682,-0.0061503574252128,9.797359466552734,2.6233205795288086,0.2475231736898422,0.0193259418010711
3531790215.0,-0.4184742867946625,0.1846516579389572,9.811738967895508,2.8011600971221924,0.6562751531600952,-0.0314030535519123
3531798548.0,-0.4336426556110382,0.2861611843109131,9.906464576721191,2.678391218185425,0.9646705389022828,0.115917220711708
3531806881.0,-0.3503837287425995,0.0030816388316452,10.027143478393556,2.488973617553711,0.4371197521686554,0.1125361323356628
3531815214.0,-0.2326894849538803,-0.1185540184378624,9.806513786315918,2.5059814453125,0.2139685004949569,0.0480907261371612
3531823547.0,-0.2487522363662719,-0.01059958525002,9.691737174987791,2.603187561035156,0.6601684093475342,0.1445539146661758
3531831880.0,-0.4223336279392242,0.1465071737766266,9.95045566558838,2.837660551071167,1.2180209159851074,0.1296720802783966
3531840213.0,-0.4373553991317749,-0.0208444688469171,10.093575477600098,2.68984055519104,0.8616757392883301,0.1641744524240493
3531848546.0,-0.3530654907226562,-0.1078624203801155,9.972207069396973,2.613919973373413,0.4319968521595001,0.1764692813158035
3531856879.0,-0.3258110880851745,-0.0876887664198875,9.696221351623535,2.648780584335327,0.4530517756938934,0.111947014927864
3531865212.0,-0.4566887021064758,0.1591151505708694,9.82790184020996,2.8555901050567627,1.1226078271865845,0.2235994488000869
3531873545.0,-0.5034096240997314,0.1009677201509475,10.08705234527588,2.7078983783721924,0.9674367308616638,0.2462168186903
3531881878.0,-0.3828775882720947,-0.0861743539571762,10.066862106323242,2.569786310195923,0.2306689918041229,0.1447076350450515
3531890211.0,-0.2318923324346542,-0.1018984094262123,9.66928482055664,2.6564395427703857,0.1223720163106918,0.0234498307108879
3531898544.0,-0.3072026968002319,0.0680989176034927,9.635171890258787,2.716658353805542,1.0651040077209473,0.1925806254148483
3531906877.0,-0.5200604200363159,0.1105606779456138,9.89974880218506,2.67378044128418,1.538967490196228,0.1492157280445099
3531915210.0,-0.574675440788269,-0.126993790268898,10.116551399230955,2.506622076034546,0.7606019377708435,-0.0101944664493203
3531923543.0,-0.5218750834465027,-0.157148465514183,9.87660312652588,2.739275932312012,0.2473694682121276,0.004418455529958
3531931876.0,-0.4600403308868408,0.0469637177884578,9.78461742401123,2.813403606414795,0.6674173474311829,0.0413029566407203
3531940209.0,-0.4625828266143799,0.2768407762050628,9.900611877441406,2.7863035202026367,1.110031247138977,-0.0867041870951652
3531948542.0,-0.4217974543571472,0.0058103022165596,10.053823471069336,2.562845230102539,0.7444393634796143,0.0093620037660002
3531956875.0,-0.340053528547287,-0.2263408452272415,9.844439506530762,2.5017807483673096,0.2497516125440597,-0.1050952151417732
3531965208.0,-0.3405774235725403,-0.1552996337413787,9.595129013061523,2.770525455474853,0.5710565447807312,0.0456573739647865
3531973541.0,-0.4968546032905578,0.1556227654218673,9.876173973083496,2.942576169967652,1.189409852027893,0.0413029566407203
3531981874.0,-0.5144784450531006,0.1325859278440475,10.10041332244873,2.88783860206604,1.0679214000701904,-0.0558134168386459
3531990207.0,-0.4836485385894775,-0.0700170472264289,10.099549293518066,2.5730650424957275,0.1064655780792236,-0.038318894803524
3531998540.0,-0.4073814749717712,-0.1270865947008133,9.761526107788086,2.6689138412475586,0.3606612682342529,-0.0213878881186246
3532006873.0,-0.4594435393810272,0.0360625460743904,9.803979873657228,3.025566339492798,0.9100609421730042,0.0930693224072456
3532015206.0,-0.4819523692131042,0.0743096992373466,9.943552017211914,2.770602226257324,1.0502476692199707,0.0802365988492965
3532023539.0,-0.3887369930744171,-0.1224008575081825,10.01900577545166,2.7451417446136475,0.2940386235713959,0.0802365988492965
3532031872.0,-0.2536059319972992,-0.0620786622166633,9.754969596862791,2.76437783241272,0.0582083463668823,0.0165083762258291
3532040205.0,-0.2803520858287811,0.1594288349151611,9.709772109985352,2.9971601963043213,0.9515816569328308,0.1615361720323562
3532048538.0,-0.495544970035553,0.2381320297718048,9.99820613861084,2.875312805175781,1.4818217754364014,0.1611775606870651
3532056871.0,-0.506060004234314,-0.0183184873312711,10.114973068237305,2.623473882675171,0.8007906675338745,0.1634572446346283
3532065204.0,-0.4018058478832245,-0.13638536632061,9.898674011230469,2.676623582839966,0.0653291121125221,0.1254713237285614
3532073537.0,-0.3572985827922821,0.0771382004022598,9.672307014465332,2.964194297790528,0.3303083777427673,0.1227818429470062
3532081870.0,-0.4279657006263733,0.3456588387489319,9.962027549743652,2.9615306854248047,1.220300555229187,0.0506265386939048
3532090203.0,-0.4258479177951813,0.2653668224811554,10.130200386047363,2.807870864868164,0.933037042617798,0.0562360510230064
3532098536.0,-0.3286794126033783,0.0063183736056089,9.989822387695312,2.569120407104492,0.1141498312354087,-0.0046105622313916
3532106869.0,-0.2776216864585876,0.0304187387228012,9.694924354553224,2.606158494949341,0.3333820402622223,0.0873317345976829
3532115202.0,-0.3621507585048675,0.2313308715820312,9.738641738891602,2.912325859069824,1.1275513172149658,0.1492925733327865
3532123535.0,-0.4691275060176849,0.2492778450250625,10.113479614257812,2.750136137008667,1.0587517023086548,0.035232376307249
3532131868.0,-0.4649162888526916,0.0855742022395134,10.161063194274902,2.5081329345703125,0.5734642744064331,0.0227838605642318
3532140201.0,-0.3939918279647827,0.0600362122058868,9.792890548706056,2.536462545394897,0.2885315120220184,-0.0125509742647409
3532148534.0,-0.4170601069927215,0.1839163899421692,9.805638313293455,2.7335126399993896,0.9023253917694092,0.1241906210780143
3532156867.0,-0.4746960997581482,0.2175971865653991,10.031039237976074,2.5508575439453125,1.134748935699463,-0.0031761650461703
3532165200.0,-0.423318862915039,0.0534793101251125,10.114035606384276,2.496811866760254,0.4191897809505462,-0.0179299656301736
3532173533.0,-0.3001780211925506,-0.0370202884078025,9.79957675933838,2.5336451530456543,0.1753934770822525,-0.038805566728115
3532181866.0,-0.290506362915039,0.1186272054910659,9.689579963684082,2.7249832153320312,0.6856802105903625,0.0773165673017501
3532190199.0,-0.4007061719894409,0.1623840183019638,9.82547664642334,2.6451690196990967,1.3674029111862185,0.034566406160593
3532198532.0,-0.492113709449768,-0.0430401414632797,10.14146614074707,2.5361807346343994,0.99212908744812,0.0303144473582506
3532206865.0,-0.4825468063354492,-0.1789652854204177,9.933320999145508,2.5018832683563232,0.3619163334369659,0.0041879275813698
3532215198.0,-0.4522475302219391,-0.0799558758735656,9.755929946899414,2.724726915359497,0.3970846831798553,-0.0193643607199192
3532223531.0,-0.4229547083377838,0.1405984461307525,9.830638885498049,2.823751449584961,0.8591910600662231,0.0455036833882331
3532231864.0,-0.4244073629379272,0.1137704104185104,10.045223236083984,2.6241400241851807,0.9301169514656068,-0.0515358373522758
3532240197.0,-0.3411511182785034,-0.2002378404140472,9.930327415466309,2.442202091217041,0.2277233600616455,-0.02876478433609
3532248530.0,-0.277631938457489,-0.2247850000858307,9.699226379394531,2.604417324066162,0.3748003244400024,0.0818246826529502
3532256863.0,-0.3982075452804565,-0.0083058280870318,9.756698608398438,2.849699020385742,0.8583202958106995,0.1012914925813674
3532265196.0,-0.4972464740276336,0.1551310867071151,10.010695457458496,2.777824878692627,1.0095977783203125,0.0812355428934097
3532273529.0,-0.4537857472896576,-0.0354076772928237,10.150238990783691,2.516637086868286,0.5399865508079529,0.1338471919298172
3532281862.0,-0.3872897922992706,-0.183300107717514,9.896586418151855,2.5901243686676025,0.3589451313018799,0.0980128720402717
3532290195.0,-0.3646246790885925,-0.1048613786697387,9.7555570602417,2.726648330688477,0.713036298751831,0.0969882979989051
3532298528.0,-0.4356253743171692,0.0434243381023407,9.869915962219238,2.796216487884521,1.1981443166732788,0.2388911843299865
3532306861.0,-0.3913553059101105,-0.08892422914505,10.108114242553713,2.7117152214050293,0.5881925225257874,0.1052616909146308
3532315194.0,-0.2083106935024261,-0.241346076130867,9.889888763427734,2.6620235443115234,-0.0301223415881395,0.0952977612614631
3532323527.0,-0.1840376257896423,-0.175383448600769,9.728095054626465,2.7794647216796875,0.4436257183551788,0.2264170050621032
3532331860.0,-0.3407545089721679,0.1006684601306915,9.775312423706056,2.988041400909424,1.2080825567245483,0.2751096785068512
3532340193.0,-0.4656253457069397,-0.0017782649956643,9.993375778198242,2.799290418624878,1.1650762557983398,0.1935283541679382
3532348526.0,-0.4806749522686004,-0.2974498569965362,10.06265926361084,2.713456869125366,0.4357109665870666,0.2677583992481231
3532356859.0,-0.3541333079338074,-0.2019903510808944,9.710288047790527,3.0329174995422363,0.2668362855911255,0.2417855709791183
3532365192.0,-0.394247442483902,0.0448252409696579,9.78334903717041,3.134042263031006,0.8936166167259216,0.2643516957759857
3532373525.0,-0.4611971378326416,0.2685784697532654,9.952666282653809,3.075411558151245,1.0265289545059204,0.1882262080907821
3532381858.0,-0.474862277507782,0.062943160533905,10.03485870361328,2.755873918533325,0.5494638085365295,0.1017525494098663
3532390191.0,-0.4026106894016266,-0.1411534696817398,9.8214750289917,2.802235841751098,0.3797694742679596,0.1422998905181884
3532398524.0,-0.4869642853736877,0.1497231423854828,9.637493133544922,3.079612493515014,0.8204880356788635,0.1367928236722946
3532406857.0,-0.6315414309501648,0.2794904112815857,9.93359661102295,3.1342217922210693,1.3444015979766846,0.0611027516424655
3532415190.0,-0.668029248714447,0.2919553220272064,10.146899223327637,2.8660664558410645,0.922355890274048,-0.0803518593311309
3532423523.0,-0.6296356916427612,0.1172559112310409,9.892938613891602,2.709153890609741,0.3540271818637848,-0.1042499393224716
3532431856.0,-0.5836009979248047,0.1704306453466415,9.780394554138184,2.804720401763916,0.4920878708362579,-0.2058359831571579
3532440189.0,-0.6110552549362183,0.3969952464103699,9.831565856933594,2.9118645191192627,1.0773475170135498,-0.1331171542406082
3532448522.0,-0.617543637752533,0.2389374822378158,10.121094703674316,2.7150447368621826,0.7113200426101685,-0.2276080846786499
3532456855.0,-0.5007351040840149,0.1776976734399795,9.981490135192873,2.538076162338257,0.0757797211408615,-0.2462808787822723
3532465188.0,-0.3626989424228668,0.2283274382352829,9.65286922454834,2.689533233642578,0.1121519356966018,-0.2842667996883392
3532473521.0,-0.4363369643688202,0.3268211781978607,9.82097053527832,2.711612701416016,0.7397519946098328,-0.1530963033437729
3532481854.0,-0.5377216339111328,0.3021455407142639,10.000940322875977,2.4920475482940674,0.9544760584831238,-0.1438239365816116
3532490187.0,-0.5171226859092712,-0.014143512584269,10.123188972473145,2.3060109615325928,0.2723945677280426,-0.1765076816082
3532498520.0,-0.4565372467041015,-0.0648713782429695,9.803008079528809,2.4663052558898926,0.0663024485111236,-0.175022080540657
3532506853.0,-0.3123035430908203,0.1968452334403991,9.630386352539062,2.7759809494018555,0.4489790797233581,-0.1448997110128402
3532515186.0,-0.3285964131355285,0.2873021066188812,10.09018325805664,2.635589599609375,0.6109123229980469,-0.0092723537236452
3532523519.0,-0.2385160326957702,-0.0109129669144749,9.889287948608398,2.2255570888519287,0.3089461028575897,-0.0732823312282562
3532531852.0,-0.1151430383324623,-0.3370086848735809,9.844552993774414,2.3414101600646973,-0.0461312383413314,0.0743709355592727
3532540185.0,-0.0951937735080719,-0.3405940234661102,9.368718147277832,2.765197515487671,0.5524349808692932,0.1220646351575851
3532548518.0,-0.2399335354566574,-0.0777211934328079,9.602535247802734,3.006380796432495,0.9602136015892028,0.2116632163524627
3532556851.0,-0.2259612679481506,0.01634082198143,10.116432189941406,2.844550371170044,0.7417753338813782,0.3010056614875793
3532565184.0,-0.1949478685855865,-0.089724101126194,10.088129043579102,2.723395109176636,0.3492116630077362,0.3390172123908996
3532573517.0,-0.2052931487560272,-0.0606939382851123,9.95289134979248,2.9159884452819824,0.3272346258163452,0.3865316212177276
3532581850.0,-0.2148380726575851,0.1770593076944351,9.89416790008545,3.02461838722229,0.9078837037086488,0.3429361581802368
3532590183.0,-0.2467634528875351,0.1948452889919281,10.063834190368652,2.732590675354004,0.9301681518554688,0.3723669648170471
3532598516.0,-0.1418550014495849,0.0760512426495552,10.18244171142578,2.565790891647339,0.5029996037483215,0.5173179507255554
3532606849.0,-0.1346245557069778,0.0935435593128204,9.896334648132324,2.583951234817505,0.4843268096446991,0.4744909107685089
3532615182.0,-0.2946456372737884,0.1930893361568451,9.837016105651855,2.6264710426330566,1.178805589675903,0.5257706046104431
3532623515.0,-0.536224365234375,0.1886435896158218,10.02035903930664,2.557491540908813,1.3664041757583618,0.3746722042560577
3532631848.0,-0.5917965173721313,-0.085801787674427,10.122697830200195,2.05496597290039,0.9275298714637756,0.3377364873886108
3532640181.0,-0.543484091758728,-0.3178393840789795,9.955324172973633,2.309648275375366,0.3154008686542511,0.2785163521766662
3532648514.0,-0.5180746912956238,-0.1935904324054718,9.653292655944824,2.6581811904907227,0.9357008934020996,0.1477557122707367
3532656847.0,-0.5731704831123352,-0.0038254025857895,9.804340362548828,2.8039770126342773,1.2732194662094116,0.0006275487830862
3532665180.0,-0.5635449886322021,-0.0679447799921035,9.916635513305664,2.625344038009644,0.8959988355636597,0.0676600039005279
3532673513.0,-0.5009498596191406,-0.2466614842414856,9.821215629577637,2.57124662399292,0.4253628253936767,-0.0662896335124969
3532681846.0,-0.4930156469345093,-0.3345192074775696,9.671213150024414,2.8700368404388428,0.747052013874054,-0.201379120349884
3532690179.0,-0.5632502436637878,-0.0329156033694744,9.754587173461914,3.287010431289673,1.224040150642395,-0.1554783880710601
3532698512.0,-0.6670296788215637,0.1207188814878463,9.947265625,3.028921604156494,1.1058049201965332,-0.2593185007572174
3532706845.0,-0.5353411436080933,-0.0482633970677852,10.081206321716309,2.8458054065704346,0.3921667635440826,-0.2632631063461303
3532715178.0,-0.4632319808006286,-0.108383685350418,9.82428741455078,2.9252097606658936,0.3436533808708191,-0.2468443661928177
3532723511.0,-0.5151450037956238,0.0384012199938297,9.785394668579102,3.094545602798462,0.872869074344635,-0.1075029522180557
3532731844.0,-0.5600428581237793,0.1914046555757522,10.08822250366211,3.055970430374145,0.9957918524742126,-0.082298532128334
3532740177.0,-0.4449496269226074,0.1245681643486023,10.159064292907717,2.6897127628326416,0.2751097083091736,-0.1321694552898407
3532748510.0,-0.2168475240468979,-0.044285487383604,9.872713088989258,2.5630757808685303,-0.1129331663250923,-0.1068625897169113
3532756843.0,-0.1869433373212814,0.0502891838550567,9.668249130249023,2.7560789585113525,0.5347868800163269,0.0774702578783035
3532765176.0,-0.3589669167995453,0.1282208114862442,9.857980728149414,2.8862760066986084,1.253624677658081,0.190633937716484
3532773509.0,-0.4861589968204498,0.0147763136774301,10.07510757446289,2.58471941947937,0.7301209568977356,0.1435549706220626
3532781842.0,-0.4061901867389679,-0.1369741708040237,9.933164596557615,2.6290066242218018,0.1101540252566337,0.2147881835699081
3532790175.0,-0.3494569063186645,-0.1119057983160018,9.77846336364746,2.8735454082489014,0.1860233694314956,0.2752121090888977
3532798508.0,-0.3678604960441589,0.1955502927303314,9.780460357666016,3.0682907104492188,0.865364134311676,0.3468039631843567
3532806841.0,-0.4131422340869903,0.2613239884376526,9.97846794128418,2.8267743587493896,0.7533531188964844,0.4215975403785705
3532815174.0,-0.3716218471527099,-0.0137323038652539,9.93059539794922,2.7236766815185547,0.3017484843730926,0.4006963074207306
3532823507.0,-0.2366552352905273,-0.1311500072479248,9.644210815429688,2.74411678314209,0.182462990283966,0.3013386726379394
3532831840.0,-0.2884224355220794,0.0444317013025283,9.63392734527588,3.203866720199585,0.9313207268714904,0.2441164553165435
3532840173.0,-0.4678158760070801,0.3101677298545837,9.920969009399414,3.3264825344085693,1.326522946357727,0.3204212784767151
3532848506.0,-0.5088141560554504,0.3328195512294769,10.126227378845217,2.921956777572632,0.5625526905059814,0.3173219859600067
3532856839.0,-0.4167486429214477,0.1491190642118454,9.974353790283203,2.8089466094970703,0.3303339779376983,0.1582063287496566
3532865172.0,-0.4239116609096527,0.1948095709085464,9.69571304321289,2.947417020797729,0.5265646576881409,0.1386114358901977
3532873505.0,-0.5128505825996399,0.3244410157203674,9.830137252807615,3.0255916118621826,1.2357971668243408,0.1040065959095954
3532881838.0,-0.5286406874656677,0.3061171770095825,10.10702133178711,2.8426294326782227,0.91316020488739,0.0567995682358741
3532890171.0,-0.391626238822937,0.2070414572954177,9.985209465026855,2.478010416030884,0.2160176485776901,-0.106171004474163
3532898504.0,-0.297188252210617,0.2058800756931305,9.785512924194336,2.4503469467163086,0.3860705196857452,-0.0600141510367393
3532906837.0,-0.3936943113803863,0.3418289124965668,9.814353942871094,2.575242280960083,1.3072352409362793,-0.0852697864174842
3532915170.0,-0.5373005867004395,0.2658856809139251,10.106237411499023,2.397454023361206,1.209030270576477,-0.1730753928422927
3532923503.0,-0.4910719990730285,0.0014624845935031,10.167527198791504,2.1849582195281982,0.4199325442314148,-0.1788897961378097
3532931836.0,-0.4129796922206878,-0.0952375531196594,9.79520320892334,2.243794202804565,0.0968346148729324,-0.2163122296333313
3532940169.0,-0.3809074163436889,0.0458936057984828,9.758651733398438,2.4746298789978027,0.6137555241584778,-0.1839870661497116
3532948502.0,-0.4410054385662079,0.2011173367500305,9.961333274841309,2.5151515007019043,0.976478636264801,-0.1458730697631836
3532956835.0,-0.4436254501342773,0.0002861391985788,10.105998992919922,2.219435214996338,0.6783289909362793,-0.0744862034916877
3532965168.0,-0.3604704439640045,-0.2801385819911957,9.907865524291992,2.2330362796783447,0.1216035857796669,-0.1130612269043922
3532973501.0,-0.3386955559253692,-0.2166528850793838,9.613028526306152,2.405241012573242,0.5425735712051392,0.0138444947078824
3532981834.0,-0.4476680755615234,-0.0347323901951313,9.859600067138672,2.7362537384033203,0.8774541020393372,0.0186599697917699
3532990167.0,-0.516689658164978,0.0064838374964892,10.087671279907228,2.684128522872925,0.912699282169342,-0.092160016298294
3532998500.0,-0.418586403131485,-0.1375472545623779,10.036431312561035,2.5601046085357666,0.3044123947620392,-0.0432624444365501
3533006833.0,-0.3583666086196899,-0.2234159111976623,9.81361484527588,2.576753616333008,0.290580689907074,-0.0097077954560518
3533015166.0,-0.3893837332725525,-0.0571606829762458,9.71027660369873,2.878950357437134,0.847536563873291,0.1252664178609848
3533023499.0,-0.4462234675884247,0.0111955916509032,9.97853946685791,2.876107215881348,0.9911811351776124,0.170040100812912
3533031832.0,-0.3626803755760193,-0.0480439290404319,10.112826347351074,2.688943862915039,0.3340224325656891,0.0850264430046081
3533040165.0,-0.2546577453613281,-0.0877158716320991,9.796186447143556,2.75098180770874,0.2620976865291595,0.1434013098478317
3533048498.0,-0.2840756177902221,-0.015590326860547,9.69968318939209,2.93519926071167,0.7659808993339539,0.2239836752414703
3533056831.0,-0.4563200771808624,0.131544753909111,9.828370094299316,2.869063138961792,0.9976872205734252,0.3506973087787628
3533065164.0,-0.4594475626945495,0.0197544191032648,10.06283187866211,2.5698633193969727,0.9009423851966858,0.3508509695529938
3533073497.0,-0.4061566293239593,-0.1595950424671173,9.926396369934082,2.5943763256073,0.3300778269767761,0.2264682352542877
3533081830.0,-0.3359114229679107,-0.0674774274230003,9.753289222717283,2.855513334274292,0.5500528812408447,0.3585608303546905
3533090163.0,-0.3864822685718536,0.1654843837022781,9.852291107177734,2.927130699157715,0.8417733907699585,0.2864055633544922
3533098496.0,-0.4242339432239532,0.2025588005781173,9.98949146270752,2.777031660079956,0.8828074336051941,0.2095116674900055
3533106829.0,-0.3644746840000152,-0.0550497993826866,9.942727088928224,2.5517797470092773,0.4782818257808685,0.2221906781196594
3533115162.0,-0.2654630541801452,-0.1741899102926254,9.748452186584473,2.816528558731079,0.3135822713375091,0.1765973418951034
3533123495.0,-0.3639161884784698,0.0220864135771989,9.708989143371582,2.980920553207397,0.8004065155982971,0.1746250540018081
3533131828.0,-0.4725865125656128,0.2008938789367675,9.947175979614258,2.813326597213745,1.073710322380066,0.0662256032228469
3533140161.0,-0.464507520198822,0.108507789671421,10.100711822509766,2.592045307159424,0.6033048629760742,0.0300070755183696
3533148494.0,-0.3863966763019562,-0.0779124125838279,9.94546127319336,2.660025358200073,0.3020558953285217,-0.0011270263930782
3533156827.0,-0.3633018136024475,-0.067653588950634,9.766722679138184,2.8606107234954834,0.690546989440918,0.0052637257613241
3533165160.0,-0.4617764949798584,0.1380056887865066,9.828773498535156,2.893268823623657,1.0796271562576294,0.0260880999267101
3533173493.0,-0.4649757444858551,0.1174644008278846,10.040380477905272,2.6952452659606934,0.8245093822479248,-0.028739171102643
3533181826.0,-0.3466207385063171,-0.0701977685093879,9.98828411102295,2.561052322387696,0.3295143544673919,-0.115801952779293
3533190159.0,-0.2439088821411132,-0.0517992042005062,9.725872993469238,2.7419142723083496,0.4366586804389953,0.0220666639506816
3533198492.0,-0.360440582036972,0.1744434088468551,9.799118995666504,2.893627166748047,1.050580620765686,0.0791864097118377
3533206825.0,-0.4998128414154053,0.1979562491178512,9.997173309326172,2.7636609077453613,1.3458870649337769,0.0237059742212295
3533215158.0,-0.5036347508430481,-0.078827291727066,10.084147453308104,2.574858427047729,0.4806639552116394,-0.0446456149220466
3533223491.0,-0.4187616407871246,-0.1608018726110458,9.848837852478027,2.67864727973938,0.3994667828083038,0.0427117347717285
3533231824.0,-0.4023017287254333,0.0630128681659698,9.737164497375488,2.8555901050567627,0.7200289368629456,0.0233473740518093
3533240157.0,-0.4854985773563385,0.3084677457809448,9.94712257385254,2.889554738998413,1.0815483331680298,0.1139705404639244
3533248490.0,-0.4784102737903595,0.1422744840383529,10.106155395507812,2.6001904010772705,0.6755881309509277,0.1283145099878311
3533256823.0,-0.3656535446643829,-0.1372502595186233,9.865023612976074,2.514024257659912,0.0438899882137775,0.0828236266970634
3533265156.0,-0.3261319696903229,-0.0297976788133382,9.68877124786377,2.8229575157165527,0.5966195464134216,0.1298513710498809
3533273489.0,-0.4757433831691742,0.2166835814714431,9.86899757385254,3.0297412872314453,1.2424569129943848,0.2007003426551818
3533281822.0,-0.5482145547866821,0.2513441145420074,10.092836380004885,2.7477030754089355,0.9854949116706848,0.1519052237272262
3533290155.0,-0.4986239075660705,0.0605377666652202,10.005715370178224,2.5529067516326904,0.2414013743400573,0.1512136459350586
3533298488.0,-0.4413965940475464,-0.0173347629606723,9.81583309173584,2.705106496810913,0.293321430683136,0.11297158151865
3533306821.0,-0.498446375131607,0.2048188596963882,9.79552173614502,2.858459234237671,1.0274766683578491,0.1857416331768036
3533315154.0,-0.5903607606887817,0.2528765797615051,10.042074203491213,2.7659149169921875,0.8710760474205017,0.1658393591642379
3533323487.0,-0.4939653873443603,0.0922447368502616,10.089975357055664,2.516047954559326,0.3195760250091553,0.0901492908596992
3533331820.0,-0.2862666547298431,0.002117000054568,9.816697120666504,2.489306688308716,-0.028892857953906,0.0367180071771144
3533340153.0,-0.2918579280376434,0.147006869316101,9.689411163330078,2.8132240772247314,0.5696477890014648,0.1732162684202194
3533348486.0,-0.4449290335178375,0.2569844722747803,9.930553436279297,2.645758390426636,1.3088232278823853,0.1376381069421768
3533356819.0,-0.5171539187431335,0.0899258852005004,10.109491348266602,2.5461959838867188,0.7798894047737122,0.1226537749171257
3533365152.0,-0.4117253124713897,-0.113775685429573,9.943279266357422,2.4910225868225098,-0.0099383229389786,-0.0138316862285137
3533373485.0,-0.3397690653800964,-0.0527710393071174,9.734171867370604,2.5581836700439453,0.2275952994823455,0.0537514761090278
3533381818.0,-0.383951723575592,0.2181396484375,9.834660530090332,2.71399450302124,1.021175503730774,0.1010865718126297
3533390151.0,-0.4430918395519256,0.2122630625963211,10.045663833618164,2.482902765274048,0.949096977710724,0.0288288220763206
3533398484.0,-0.3380657732486725,-0.1085035949945449,9.96656894683838,2.2812163829803467,0.2784651219844818,0.0208115670830011
3533406817.0,-0.2294905334711074,-0.232081800699234,9.734646797180176,2.4305477142333984,0.2555916309356689,-0.0196717344224452
3533415150.0,-0.26796355843544,-0.0036583165638148,9.659137725830078,2.7044663429260254,0.9081398248672484,0.1729345023632049
3533423483.0,-0.4033803045749664,0.1667139083147049,10.00393772125244,2.771626710891724,1.318172574043274,0.0107707865536212
3533431816.0,-0.400750070810318,0.011794208548963,10.129541397094728,2.503650426864624,0.4658076465129852,-0.0359623841941356
3533440149.0,-0.3230342268943786,-0.2033873945474624,9.840818405151367,2.4426631927490234,0.1866125166416168,0.0706056430935859
3533448482.0,-0.3451417982578277,-0.1091917157173156,9.6679048538208,2.6728837490081787,0.7412887811660767,0.0651241838932037
3533456815.0,-0.4406656622886657,0.0763090550899505,9.883427619934082,2.8044638633728027,1.109006643295288,0.0266516096889972
3533465148.0,-0.4447437226772308,0.0025380204897373,10.089008331298828,2.686484813690185,0.8220248222351074,0.0306474287062883
3533473481.0,-0.2812289595603943,-0.1361154615879058,9.932299613952637,2.5087220668792725,0.1008560582995414,-0.0124485176056623
3533481814.0,-0.2287134826183319,-0.112034372985363,9.744751930236816,2.799494981765747,0.3439095318317413,0.1636621654033661
3533490147.0,-0.3384453356266022,0.0822245925664901,9.776071548461914,2.80879282951355,1.1606193780899048,0.1635340750217437
3533498480.0,-0.4496266841888428,0.0455528646707534,10.009284973144531,2.741299152374268,1.2178927659988403,0.1355120986700058
3533506813.0,-0.4841830432415008,-0.1403139978647232,10.114578247070312,2.47114634513855,0.4686508774757385,0.0957844331860542
3533515146.0,-0.3971686363220215,-0.1986946910619735,9.77542781829834,2.7938594818115234,0.1950908005237579,0.0397660955786705
3533523479.0,-0.399592787027359,0.0475214608013629,9.78126335144043,2.9448559284210205,0.6326075792312622,0.1443746387958526
3533531812.0,-0.477506548166275,0.2601878046989441,9.943780899047852,2.918421983718872,1.1549842357635498,0.1832570284605026
3533540145.0,-0.5000873804092407,0.0913936495780944,10.104113578796388,2.630185127258301,0.8250473141670227,0.1739590764045715
3533548478.0,-0.3758931756019592,-0.1837575435638427,9.831955909729004,2.632695198059082,0.2670411765575409,0.0728596970438957
3533556811.0,-0.3378389775753021,-0.0733420476317405,9.693455696105955,2.8935763835906982,0.5922651886940002,0.104595735669136
3533565144.0,-0.4865218698978424,0.1546708941459655,9.83806610107422,2.972186326980591,1.2546236515045166,0.2105874270200729
3533573477.0,-0.5461917519569397,0.2104607671499252,10.12012004852295,2.754542112350464,1.0444332361221311,0.1074645295739173
3533581810.0,-0.4817849695682525,-0.0103925066068768,10.057900428771973,2.6400208473205566,0.2655043303966522,-0.0045081051066517
3533590143.0,-0.4260312914848327,-0.0758420154452323,9.75411319732666,2.6094887256622314,0.3742367923259735,0.036820463836193
3533598476.0,-0.4613020420074463,0.1094360202550888,9.771244049072266,2.998056650161743,0.9294766187667848,0.1678116619586944
3533606809.0,-0.5492151975631714,0.1948962658643722,9.946967124938965,2.865579605102539,1.009981989860535,-0.049794066697359
3533615142.0,-0.4547015428543091,0.0647854134440422,10.092034339904783,2.7228317260742188,0.3839190006256103,0.0264979284256696
3533623475.0,-0.3060809373855591,-0.0516622141003608,9.81551456451416,2.66706919670105,0.1723966002464294,-0.107016272842884
3533631808.0,-0.3079144954681396,0.0943471938371658,9.706089973449709,2.853746175765991,0.7418779730796814,0.0377681925892829
3533640141.0,-0.4950777590274811,0.2582536935806274,9.847172737121582,2.9293079376220703,1.2486555576324463,0.1628937125205993
3533648474.0,-0.5535639524459839,0.1116540133953094,10.075319290161133,2.7012646198272705,0.8426955342292786,-0.0029456370975822
3533656807.0,-0.4732342660427093,-0.1229010671377182,9.949712753295898,2.5111045837402344,0.1703218668699264,-0.0219513997435569
3533665140.0,-0.3416023254394531,-0.0328216105699539,9.739073753356934,2.7675795555114746,0.3566910326480865,0.0564665831625461
3533673473.0,-0.4018754065036773,0.244172140955925,9.791749000549316,2.957048416137696,0.9162083864212036,0.0711947679519653
3533681806.0,-0.4494471251964569,0.2744452953338623,10.055294036865234,2.754746913909912,0.9593426585197448,0.1800296604633331
3533690139.0,-0.3651084303855896,0.0293264910578727,10.061272621154783,2.552471399307251,0.2376104593276977,0.0578497536480426
3533698472.0,-0.2412026971578598,-0.1111469492316246,9.786628723144531,2.6227056980133057,0.1248053684830665,0.112177550792694
3533706805.0,-0.2925510704517364,0.1080499365925788,9.722112655639648,2.869959831237793,0.9757615923881532,0.1166088059544563
3533715138.0,-0.4378963410854339,0.2833479642868042,9.967291831970217,2.808614015579224,1.3411741256713867,0.0546735860407352
3533723471.0,-0.4742543399333954,0.1927507221698761,10.18112564086914,2.6241400241851807,0.5691354870796204,0.0655084103345871
3533731804.0,-0.3722684979438782,-0.080261543393135,9.938663482666016,2.3589556217193604,0.1747018843889236,0.0909689515829086
3533740137.0,-0.3392753601074219,-0.057181242853403,9.743049621582031,2.7121760845184326,0.5822499394416809,0.0757797062397003
3533748470.0,-0.4298673272132873,0.1774860471487045,9.839245796203612,2.800877809524536,1.194865584373474,0.1770583987236023
3533756803.0,-0.452938437461853,0.1818505674600601,10.090835571289062,2.620323657989502,0.7329641580581665,0.1499585509300232
3533765136.0,-0.2853697538375854,-0.0367615185678005,9.987913131713867,2.4902799129486084,0.0758309513330459,-0.0048667043447494
3533773469.0,-0.2003265172243118,-0.0642972216010093,9.707697868347168,2.586897134780884,0.175547182559967,0.0802878215909004
3533781802.0,-0.3102702796459198,0.1392494738101959,9.727127075195312,2.8271584510803223,1.0826241970062256,0.1304917335510254
3533790135.0,-0.5255352258682251,0.1721293330192566,9.99474811553955,2.687817096710205,1.3105652332305908,0.1367416083812713
3533798468.0,-0.5326117873191833,-0.0508787296712398,10.111371040344238,2.5895607471466064,0.5793812274932861,0.1692972928285598
3533806801.0,-0.3965840339660644,-0.1925864666700363,9.847643852233888,2.610103368759156,0.2331023514270782,0.0715277567505836
3533815134.0,-0.3563784658908844,0.0263813268393278,9.75264835357666,2.7737269401550293,0.64349365234375,0.0400478541851043
3533823467.0,-0.4507940113544464,0.2406436949968338,9.902944564819336,2.759972095489502,1.132827877998352,0.0843604728579521
3533831800.0,-0.4479524791240692,0.0976617112755775,10.076007843017578,2.579033374786377,0.6761006116867065,0.0834639891982078
3533840133.0,-0.3416640162467956,-0.1778514683246612,9.854863166809082,2.441869020462036,0.1388419717550277,0.0488335415720939
3533848466.0,-0.2871206998825073,-0.2011072784662246,9.648006439208984,2.749035120010376,0.4297684729099273,0.0842068046331405
3533856799.0,-0.4258054196834564,0.1188356950879097,9.777810096740724,2.924646377563477,1.2541882991790771,0.0931973978877067
3533865132.0,-0.5478958487510681,0.1975241899490356,10.105360984802246,2.803234577178955,1.0572402477264404,0.0218617487698793
3533873465.0,-0.5014687776565552,-0.0544286593794822,10.107970237731934,2.367254734039306,0.4582002460956573,-0.0304297134280204
3533881798.0,-0.3913205862045288,-0.1998845487833023,9.783040046691896,2.5832598209381104,0.2941154837608337,0.0082349758595228
3533890131.0,-0.4154786169528961,-0.0346001982688903,9.66811180114746,2.8227016925811768,0.7912877202033997,0.1551326215267181
3533898464.0,-0.4873757660388946,0.1092445775866508,9.968446731567385,2.879923820495605,0.9770166277885436,0.1151231899857521
3533906797.0,-0.4529117941856384,-0.0193537380546331,10.096759796142578,2.6738831996917725,0.4197020828723907,0.061205219477415
3533915130.0,-0.2854352593421936,-0.1455488801002502,9.839303016662598,2.6383814811706543,-0.0365259014070034,0.0865377038717269
3533923463.0,-0.2888396084308624,-0.0185983665287494,9.644316673278809,2.8680131435394287,0.6422641277313232,0.1064399480819702
3533931796.0,-0.4702317118644714,0.1393586844205856,9.855683326721191,2.8515944480896,1.2978605031967163,0.182411789894104
3533940129.0,-0.562603771686554,0.0450396016240119,10.101046562194824,2.79229736328125,0.7973583340644836,0.1353840380907058
3533948462.0,-0.4725465476512909,-0.1564948111772537,10.016831398010254,2.651470422744751,0.1976522356271743,0.1095905154943466
3533956795.0,-0.3691474497318268,-0.1267552226781845,9.747501373291016,2.7561304569244385,0.1279559284448623,0.1458346545696258
3533965128.0,-0.384383350610733,0.1904573887586593,9.777195930480955,3.025437831878662,0.9397478103637696,0.1111529693007469
3533973461.0,-0.4571213722229004,0.2868320345878601,10.016152381896973,2.84460186958313,1.1906650066375732,0.0164827611297369
3533981794.0,-0.3854079246520996,0.010429847985506,10.041136741638184,2.5816972255706787,0.3393757939338684,0.0490384511649608
3533990127.0,-0.2766645550727844,-0.1555219739675521,9.791939735412598,2.652341365814209,0.2002905160188675,0.0787253528833389
3533998460.0,-0.2960016429424286,0.029360169544816,9.68075466156006,2.8430395126342773,0.7979987859725952,0.0965016335248947
3534006793.0,-0.4642101526260376,0.2677175402641296,9.92760181427002,2.967216730117798,1.2310584783554075,0.006160223390907
3534015126.0,-0.5014970302581787,0.2010026425123214,10.158527374267578,2.650548219680786,0.7559144496917725,0.1400970518589019
3534023459.0,-0.4076701700687408,-0.0529302917420864,9.925125122070312,2.4521403312683105,0.1498817056417465,0.081568531692028
3534031792.0,-0.389630913734436,-0.0447581820189952,9.735694885253906,2.722242593765259,0.5261548161506653,0.0762920007109642
3534040125.0,-0.4560239911079407,0.1733149886131286,9.830045700073242,2.900184631347656,1.1067783832550049,0.0557237640023231
3534048458.0,-0.4950592517852783,0.1964576542377472,10.059738159179688,2.8568451404571533,0.8941544890403748,0.1208095327019691
3534056791.0,-0.3615976274013519,-0.005483697168529,10.0151948928833,2.498707056045532,0.0980384871363639,0.0231680776923894
3534065124.0,-0.2184904366731643,-0.0208730660378932,9.736586570739746,2.688431978225708,0.234511137008667,0.0940170511603355
3534073457.0,-0.2902378141880035,0.177821859717369,9.677894592285156,2.7835114002227783,1.0320103168487549,0.0844885557889938
3534081790.0,-0.4909365773200989,0.208151564002037,9.992249488830566,2.7418372631073,1.327060580253601,0.1255993992090225
3534090123.0,-0.5120169520378113,-0.0212351586669683,10.106884002685549,2.554853677749634,0.6936207413673401,0.0460159741342067
3534098456.0,-0.4065724909305572,-0.1588658690452575,9.878329277038574,2.59268569946289,0.1037504598498344,-0.0278682895004749
3534106789.0,-0.3816500902175903,0.0569727830588817,9.727245330810549,2.7424521446228027,0.6319416761398315,0.0619736425578594
3534115122.0,-0.4366449415683746,0.3144716024398803,9.914373397827148,2.7783119678497314,1.1804959774017334,0.0480394959449768
3534123455.0,-0.4718562364578247,0.156328409910202,10.096602439880373,2.605211019515991,0.7908523678779602,0.0444278977811336
3534131788.0,-0.3349988758563995,-0.1353682428598404,9.870262145996094,2.3150017261505127,0.2326156795024871,0.0559030659496784
3534140121.0,-0.2902496457099914,-0.126436173915863,9.671323776245115,2.627751588821411,0.3718034327030182,-0.0272279307246208
3534148454.0,-0.3884645402431488,0.1583864539861679,9.760149002075195,2.8603546619415283,1.2151776552200315,0.1505220383405685
3534156787.0,-0.5074974298477173,0.2301685959100723,10.074747085571287,2.801031827926636,1.2318781614303589,0.0995753332972526
3534165120.0,-0.4420493543148041,0.0263019260019063,10.136319160461426,2.441356897354126,0.4516173899173736,0.058618176728487
3534173453.0,-0.3883504271507263,-0.0926361307501792,9.792617797851562,2.50774884223938,0.14767886698246,0.0396636389195919
3534181786.0,-0.4089218378067016,0.0686603710055351,9.734041213989258,2.7188870906829834,0.8676181435585022,0.1632523238658905
3534190119.0,-0.5162146687507629,0.1588015556335449,9.94570541381836,2.7777485847473145,1.163590669631958,0.0238596610724926
3534198452.0,-0.4570037424564361,0.0401697568595409,10.070246696472168,2.629262924194336,0.4995160102844238,0.0601037964224815
3534206785.0,-0.3044277429580688,-0.1110560819506645,9.856584548950195,2.5332353115081787,0.0606673136353492,0.04855178296566
3534215118.0,-0.2908577919006347,0.0345416069030761,9.656195640563965,2.8161957263946533,0.5556880235671997,0.0969114601612091
3534223451.0,-0.4536598026752472,0.2146952301263809,9.848294258117676,2.7418372631073,1.317967653274536,0.0049819685518741
3534231784.0,-0.550657331943512,0.0722761899232864,10.103075981140137,2.654441595077514,0.990694522857666,0.0437619239091873
3534240117.0,-0.4807961583137512,-0.1839818954467773,9.987504959106444,2.496145725250244,0.1472178250551223,0.0095413029193878
3534248450.0,-0.3847511708736419,-0.1514118760824203,9.740967750549316,2.738327980041504,0.2700636982917785,0.0590023882687091
3534256783.0,-0.4055705070495605,0.1630669683218002,9.791837692260742,2.902233839035034,0.9331650137901306,0.0269589815288782
3534265116.0,-0.4635223746299743,0.2150907963514328,10.06926441192627,2.7786192893981934,1.0588796138763428,0.1340264827013015
3534273449.0,-0.4042444825172424,-0.0694673359394073,10.036242485046388,2.5312628746032715,0.3427312970161438,0.0254221316426992
3534281782.0,-0.2879692912101745,-0.1951849609613418,9.755475044250488,2.518635034561157,0.2209355980157852,0.0637410283088684
3534290115.0,-0.3175712823867798,-0.0014162135776132,9.690321922302246,2.761739730834961,0.8944363594055176,0.0510363690555095
3534298448.0,-0.4587288498878479,0.2228459417819976,9.931713104248049,2.827594041824341,1.2383841276168823,0.1178126707673072
3534306781.0,-0.5266216397285461,0.0955075323581695,10.171187400817873,2.5883827209472656,0.6349641680717468,0.005007583182305
3534315114.0,-0.4106498658657074,-0.1191827431321144,9.890303611755373,2.5862820148468018,0.0916093066334724,-0.0275353007018566
3534323447.0,-0.4022262990474701,-0.0818723738193512,9.711867332458496,2.6740617752075195,0.4932661354541778,0.1877139210700988
3534331780.0,-0.4656173288822174,0.1484322249889373,9.837167739868164,2.917807579040528,1.1629760265350342,0.1319261342287063
3534340113.0,-0.4957724213600158,0.0966145098209381,10.090497970581056,2.784895181655884,0.7358841896057129,0.0388439930975437
3534348446.0,-0.3276296854019165,-0.1052169725298881,9.965042114257812,2.500474214553833,0.0663280636072158,0.0782898962497711
3534356779.0,-0.2049601823091507,-0.0692747309803962,9.729719161987305,2.6766233444213867,0.2774405777454376,0.0133578237146139
3534365112.0,-0.296351283788681,0.1420115679502487,9.68731689453125,2.809920072555542,1.0089575052261353,0.1140986159443855
3534373445.0,-0.478638082742691,0.1511407792568206,10.07240104675293,2.773573637008667,1.2280616760253906,0.0845397859811782
3534381778.0,-0.4862127602100372,-0.0857034549117088,10.0366792678833,2.7021353244781494,0.6410090923309326,-0.0443638563156127
3534390111.0,-0.3958333730697632,-0.1817069202661514,9.890972137451172,2.679133653640747,0.0404832996428012,0.0762151628732681
3534398444.0,-0.3756768703460693,0.1343192309141159,9.71579647064209,2.908688545227051,0.7595517039299011,0.091020181775093
3534406777.0,-0.4544713795185089,0.2975828647613525,9.98836898803711,2.85807466506958,1.2362583875656128,0.1366391479969024
3534415110.0,-0.4263574779033661,0.1245799586176872,10.119574546813965,2.6705784797668457,0.564115047454834,0.1152512356638908
3534423443.0,-0.3114978075027466,-0.18140909075737,9.856910705566406,2.552522659301758,0.0307755060493946,0.0935560017824173
3534431776.0,-0.283657044172287,-0.0437153950333595,9.677084922790527,2.790248155593872,0.5474145412445068,0.0356422066688537
3534440109.0,-0.4111582636833191,0.2214599251747131,9.80610179901123,2.8658361434936523,1.2756274938583374,0.1717050522565841
3534448442.0,-0.5170165300369263,0.257632851600647,10.207695960998535,2.7649154663085938,1.1104153394699097,0.1698607802391052
3534456775.0,-0.4468470513820648,0.0238964967429637,9.993494033813477,2.394149780273437,0.3292069435119629,0.0464514158666133
3534465108.0,-0.3844602406024933,-0.0807454362511634,9.841955184936523,2.5762927532196045,0.452206552028656,0.0411492697894573
3534473441.0,-0.4239953756332397,0.1442819982767105,9.62075138092041,2.810919046401977,1.1395390033721924,0.2158896028995514
3534481774.0,-0.5052198171615601,0.1699052155017852,10.054302215576172,2.8391454219818115,1.0794222354888916,0.1686569303274154
3534490107.0,-0.4436902105808258,0.0197037737816572,10.019973754882812,2.564561367034912,0.4351218342781067,0.028726365417242
3534498440.0,-0.2770047783851623,-0.0600585006177425,9.804523468017578,2.5272409915924072,0.1316699683666229,-0.0352964140474796
3534506773.0,-0.3230224251747131,0.1638786494731903,9.670745849609377,2.764249801635742,0.8815267086029053,0.0170206576585769
3534515106.0,-0.4906627833843231,0.2007053196430206,9.899357795715332,2.7750844955444336,1.4159934520721436,0.1320029646158218
3534523439.0,-0.5641694068908691,0.0192198771983385,10.146441459655762,2.565150260925293,0.8973050117492676,0.1318748742341995
3534531772.0,-0.4371994733810425,-0.1889565736055374,9.881957054138184,2.5621793270111084,0.1793892979621887,0.0507546067237854
3534540105.0,-0.375125914812088,-0.0061454409733414,9.780720710754396,2.800955057144165,0.3019021451473236,0.0353604517877101
3534548438.0,-0.3841682076454162,0.2799574732780456,9.793357849121094,2.828183174133301,1.0737615823745728,0.1935283541679382
3534556771.0,-0.4661280214786529,0.2086127549409866,10.114444732666016,2.556236743927002,0.9533233642578124,0.1363573968410492
3534565104.0,-0.3739978969097137,-0.1064593568444252,9.957385063171388,2.4247589111328125,0.2467035055160522,-0.0624731183052063
3534573437.0,-0.2960096299648285,-0.2050022780895233,9.725892066955566,2.584540367126465,0.2361760437488556,-0.0232064966112375
3534581770.0,-0.3896563053131103,0.0968009904026985,9.687929153442385,2.850621223449707,0.9941524863243104,0.1273667961359024
3534590103.0,-0.5019401907920837,0.2073606252670288,10.011296272277832,2.829514741897583,1.1639492511749268,0.041482251137495
3534598436.0,-0.4885830879211426,0.0886268019676208,10.150105476379396,2.5041630268096924,0.5568663477897644,0.0629982203245163
3534606769.0,-0.3781639039516449,-0.1539420187473297,9.829476356506348,2.485618352890014,0.2996993660926819,0.1251383572816848
3534615102.0,-0.4092175960540771,-0.0003397617256268,9.708281517028809,2.747574806213379,0.6863206028938293,0.1407630294561386
3534623435.0,-0.4813291430473327,0.128961369395256,9.87877368927002,2.7858169078826904,1.1564441919326782,0.191479206085205
3534631768.0,-0.4729530811309814,0.0834646672010421,10.167304039001465,2.5643563270568848,0.5322510004043579,0.1355889588594436
3534640101.0,-0.2906515598297119,-0.1344029754400253,9.881562232971191,2.546580076217652,0.2704222798347473,0.0737305805087089
3534648434.0,-0.2569682896137237,-0.017965817824006,9.729759216308594,2.643068790435791,0.4167308211326599,0.1734468042850494
3534656767.0,-0.3487651348114013,0.1643332093954086,9.707927703857422,2.858920097351074,1.2857450246810913,0.1486265957355499
3534665100.0,-0.532423734664917,0.059923518449068,10.070414543151855,2.637254238128662,1.177038073539734,0.1114347279071807
3534673433.0,-0.4826467931270599,-0.1489233970642089,10.016560554504396,2.556928396224976,0.411428689956665,0.0121795693412423
3534681766.0,-0.3975625038146972,-0.1868802905082702,9.811437606811523,2.6803886890411377,0.1269313246011734,0.0999595448374748
3534690099.0,-0.3689332008361816,0.1719065755605697,9.73610782623291,2.957995891571045,0.8369579315185547,0.0895089507102966
3534698432.0,-0.4248093068599701,0.2570730447769165,9.99778652191162,2.802748203277588,1.0450479984283447,0.1102564707398414
3534706765.0,-0.4098246693611145,0.0482263155281543,10.052992820739746,2.528240442276001,0.5011041164398193,0.0920703709125518
3534715098.0,-0.2633053362369537,-0.2403018325567245,9.771363258361816,2.562665700912476,0.1179151162505149,0.1352047473192215
3534723431.0,-0.3078920543193817,-0.0393534824252128,9.653982162475586,3.036093711853028,0.8013797402381897,0.1755215376615524
3534731764.0,-0.4336956441402435,0.1986100822687149,9.883607864379885,2.929410219192505,1.2949914932250977,0.0989862009882927
3534740097.0,-0.5089492797851562,0.1749870330095291,10.181645393371582,2.751493692398072,0.914236068725586,0.0155862597748637
3534748430.0,-0.4252390563488006,-0.0723170712590217,10.007410049438477,2.5415854454040527,0.289351224899292,0.0090546328574419
3534756763.0,-0.3748807907104492,-0.0808509588241577,9.776787757873535,2.7211155891418457,0.391577661037445,0.1116652488708496
3534765096.0,-0.4251550734043121,0.1432225108146667,9.708691596984863,2.8228042125701904,1.0404119491577148,0.0900724679231643
3534773429.0,-0.4901436865329742,0.1266672313213348,10.069973945617676,2.795985698699951,0.957011878490448,0.0543405972421169
3534781762.0,-0.3812845647335052,-0.0108651174232363,10.031492233276367,2.6060564517974854,0.2786701023578644,-0.0133706303313374
3534790095.0,-0.2659534215927124,-0.0958283543586731,9.782039642333984,2.6940925121307373,0.0973212867975235,-0.0029200226999819
3534798428.0,-0.310304582118988,0.1636866480112075,9.661409378051758,2.8123021125793457,1.0307550430297852,0.0677624568343162
3534806761.0,-0.4711715281009674,0.1979666501283645,9.962550163269045,2.774649381637573,1.3423268795013428,0.0959125086665153
3534815094.0,-0.5658777356147766,0.0112653290852904,10.13878059387207,2.62170672416687,0.7013306021690369,0.0619736425578594
3534823427.0,-0.4295051395893097,-0.1911255270242691,9.896437644958496,2.5915329456329346,0.0559542961418628,0.0322099030017852
3534831760.0,-0.4037459790706634,0.0307841040194034,9.730377197265623,2.9460341930389404,0.5528191924095154,0.0810050219297409
3534840093.0,-0.4403440654277801,0.2992199063301086,9.890443801879885,2.9139907360076904,1.167458415031433,0.0421738438308239
3534848426.0,-0.4751568734645843,0.2061514407396316,10.183282852172852,2.6752400398254395,0.856475830078125,0.1050311550498008
3534856759.0,-0.3748500347137451,-0.0898051857948303,9.93235206604004,2.514408588409424,0.2663240134716034,0.0935559943318367
3534865092.0,-0.3092443645000458,-0.1046564280986785,9.729320526123049,2.6082592010498047,0.3702666163444519,0.0375632755458354
3534873425.0,-0.388608455657959,0.1854954659938812,9.731308937072754,2.873136043548584,1.1320850849151611,0.0515998788177967
3534881758.0,-0.5131682753562927,0.2552691698074341,10.095738410949709,2.732795476913452,1.118560791015625,0.0400734692811965
3534890091.0,-0.4912174344062805,0.0520620569586753,10.127324104309082,2.4910998344421387,0.4236722886562347,0.0761895477771759
3534898424.0,-0.3937307894229889,-0.0943448692560195,9.8302001953125,2.675675868988037,0.1185298636555671,0.0751393511891365
3534906757.0,-0.4153499603271484,0.0928014516830444,9.70415210723877,2.779003858566284,0.849278450012207,0.0857692658901214
3534915090.0,-0.4885774552822113,0.2321969121694564,9.97511386871338,2.8165283203125,1.017999291419983,0.0914043933153152
3534923423.0,-0.4568492174148559,0.0757870227098465,10.14845085144043,2.677417516708374,0.4806126654148102,0.1304148733615875
3534931756.0,-0.2901910245418548,-0.071663036942482,9.846120834350586,2.6339502334594727,0.0248330030590295,0.0091827036812901
3534940089.0,-0.2724117040634155,0.0142398346215486,9.646620750427246,2.6100523471832275,0.662704348564148,0.1215779706835746
3534948422.0,-0.444277673959732,0.2104091793298721,9.840703964233398,2.839350938796997,1.3913780450820925,0.1752910166978836
3534956755.0,-0.5456222891807556,0.118777297437191,10.103363990783691,2.605185508728028,1.1020140647888184,0.1184018105268478
3534965088.0,-0.4777668714523315,-0.1360873878002166,10.039886474609377,2.428806066513061,0.2914259731769562,-0.0214135013520717
3534973421.0,-0.3396872282028198,-0.116642951965332,9.78793716430664,2.6809775829315186,0.1256250143051147,0.0503703914582729
3534981754.0,-0.3842595219612121,0.1814663410186767,9.809492111206056,2.8615071773529053,0.7318883538246155,0.0279323253780603
3534990087.0,-0.444256991147995,0.2334915250539779,10.014641761779783,2.690967559814453,1.070815920829773,0.0487567000091075
3534998420.0,-0.3864381611347198,-0.0592282675206661,10.014185905456545,2.407007932662964,0.3809733390808105,0.070016510784626
3535006753.0,-0.2716005146503448,-0.2256627678871154,9.825421333312988,2.470147132873535,0.205669492483139,0.0745758414268493
3535015086.0,-0.3124969005584717,-0.0236677769571542,9.601303100585938,2.7943978309631348,0.7362171411514282,0.0528549738228321
3535023419.0,-0.4512166082859039,0.2086765468120575,9.97862720489502,2.873596668243408,1.292763113975525,0.1584624499082565
3535031752.0,-0.5050691366195679,0.1229323595762252,10.157265663146973,2.7188615798950195,0.7376260161399841,0.0837457478046417
3535040085.0,-0.4087855219841003,-0.1200489103794097,9.990276336669922,2.4815709590911865,0.1734980195760727,0.0287775918841362
3535048418.0,-0.3776731491088867,-0.1056015416979789,9.697542190551758,2.61927342414856,0.5047413110733032,0.1350254565477371
3535056751.0,-0.4553426504135132,0.1299980133771896,9.818495750427246,2.857228994369507,1.1349025964736938,0.0531879514455795
3535065084.0,-0.4727919101715088,0.0710995495319366,10.093399047851562,2.6647894382476807,0.9829846024513244,0.0056991665624082
3535073417.0,-0.3545853793621063,-0.0666836202144622,10.011282920837402,2.553009510040283,0.2016993016004562,0.0167389027774333
3535081750.0,-0.2395484447479248,-0.0877687409520149,9.78588581085205,2.661305904388428,0.2676559388637543,-0.0171103067696094
3535090083.0,-0.3086074888706207,0.1512025594711303,9.719808578491213,2.867731094360352,1.2028828859329224,0.1835900247097015
3535098416.0,-0.4880956411361694,0.1479910463094711,10.00415325164795,2.766554832458496,1.234285831451416,0.0649961307644844
3535106749.0,-0.529561460018158,-0.0641626864671707,10.11570644378662,2.5727319717407227,0.6190575957298279,0.1771096289157867
3535115082.0,-0.4125417470932007,-0.1857940256595611,9.860220909118652,2.709845304489136,0.1193495392799377,0.0337211415171623
3535123415.0,-0.3635917603969574,0.0626707226037979,9.687170028686523,2.897956132888794,0.6980263590812683,0.1717306524515152
3535131748.0,-0.4769679307937622,0.3100380301475525,9.963483810424805,2.8279266357421875,1.2736293077468872,0.1480118483304977
3535140081.0,-0.5030131340026855,0.1470378041267395,10.102310180664062,2.556646585464477,0.7280462384223938,0.0621017143130302
3535148414.0,-0.3436368107795715,-0.1604485958814621,9.901854515075684,2.5073134899139404,0.1316955983638763,0.1107943803071975
3535156747.0,-0.3062787652015686,-0.0621334053575992,9.632583618164062,2.7006752490997314,0.5383983850479126,0.1160452887415885
3535165080.0,-0.3961039185523987,0.1490820497274398,9.776782035827637,2.9177815914154053,1.1773453950881958,0.0462977290153503
3535173413.0,-0.4959918856620788,0.2201927900314331,10.103384017944336,2.725982189178467,1.0400532484054563,0.1107687577605247
3535181746.0,-0.4678273200988769,0.0328552834689617,10.064998626708984,2.4878978729248047,0.3892211019992828,0.0168413612991571
3535190079.0,-0.377674400806427,-0.1283772587776184,9.837621688842772,2.583515882492065,0.1729601323604583,0.0616406574845314
3535198412.0,-0.4249720871448517,0.1248573139309883,9.69620418548584,2.84334683418274,0.937775492668152,0.0799804478883743
3535206745.0,-0.5180163383483887,0.1869857609272003,9.982001304626465,2.908867597579956,0.9648498296737672,0.1234734281897544
3535215078.0,-0.423798143863678,0.0393609106540679,10.104697227478027,2.676597595214844,0.4719038605690002,0.0967833846807479
3535223411.0,-0.2741122543811798,-0.0426116175949573,9.80452823638916,2.5453250408172607,0.12864750623703,0.1549020856618881
3535231744.0,-0.2722089290618896,0.0435865186154842,9.681700706481934,2.773266315460205,0.7116018533706665,0.1121775358915329
3535240077.0,-0.4232519865036011,0.2494691908359527,9.850833892822266,2.881025075912476,1.3677359819412231,0.0653034895658493
3535248410.0,-0.5468356609344482,0.0613861419260501,10.12041473388672,2.649088144302368,0.9246609807014464,-0.0122948326170444
3535256743.0,-0.4355267882347107,-0.1825647056102752,10.038287162780762,2.538947105407715,0.2314630597829818,0.1208607703447341
3535265076.0,-0.3674103319644928,-0.0291484277695417,9.702696800231934,2.660973310470581,0.1744201332330703,0.1293390840291977
3535273409.0,-0.3937640488147735,0.2400882393121719,9.846625328063965,2.945752620697021,0.9724572896957396,0.0064163659699261
3535281742.0,-0.4420427083969116,0.2524646520614624,10.027861595153809,2.7410688400268555,1.0721222162246704,0.2311556488275528
3535290075.0,-0.4278325140476227,-0.073057547211647,10.028945922851562,2.5095932483673096,0.3685760498046875,0.0341053567826747
3535298408.0,-0.2711236476898193,-0.1918926239013672,9.8082275390625,2.581031322479248,0.1934771239757537,0.0595659054815769
3535306741.0,-0.3292613327503204,0.079691469669342,9.680562019348145,2.895881414413452,0.8570139408111572,0.0028303731232881
3535315074.0,-0.487597644329071,0.2450260072946548,9.987902641296388,2.830411195755005,1.371117115020752,0.0727060139179229
3535323407.0,-0.4951403737068176,0.1209746226668357,10.154261589050291,2.6021628379821777,0.6701836585998535,0.0799548327922821
3535331740.0,-0.406494528055191,-0.0943518653512001,9.895181655883787,2.460951566696167,0.1687337756156921,0.1271362453699112
3535340073.0,-0.36929452419281,-0.0958078578114509,9.707582473754885,2.724240303039551,0.6025108695030212,0.1161221265792846
3535348406.0,-0.491052508354187,0.1783344149589538,9.827092170715332,2.877285480499268,1.1441495418548584,0.0034195005428045
3535356739.0,-0.4913950860500335,0.0917507410049438,10.152761459350586,2.781078338623047,0.8299139142036438,0.0496275797486305
3535365072.0,-0.3273263275623321,-0.0770613998174667,9.97848892211914,2.576164484024048,0.2070270627737045,-0.012397289276123
3535373405.0,-0.2471613138914108,-0.0242982376366853,9.713017463684082,2.608822822570801,0.2754426896572113,0.0180196166038513
3535381738.0,-0.3411747217178345,0.1212542876601219,9.74567985534668,2.895087242126465,1.1749120950698853,0.1699120104312896
3535390071.0,-0.5432714819908142,0.1470539718866348,9.966338157653809,2.769193410873413,1.3036749362945557,0.0423275232315063
3535398404.0,-0.5475755929946899,-0.1222968846559524,10.13528537750244,2.51894211769104,0.5691354274749756,0.1430426836013794
3535406737.0,-0.380268931388855,-0.1720120310783386,9.845281600952148,2.6965255737304688,0.0946573987603187,-0.0016136966878548
3535415070.0,-0.3772003948688507,0.0904266759753227,9.731529235839844,2.904205799102783,0.7813494205474854,-0.0003585992963053
3535423403.0,-0.4597745239734649,0.2742604315280914,10.01431941986084,2.900005340576172,1.1615158319473269,0.1783391237258911
3535431736.0,-0.4439654052257538,0.0834722220897674,10.0762300491333,2.5783162117004395,0.6873452067375183,0.1734468191862106
3535440069.0,-0.3155268430709839,-0.1882451176643371,9.888755798339844,2.5133073329925537,0.1684264093637466,0.0301351454108953
3535448402.0,-0.2595896124839782,-0.129644364118576,9.679146766662598,2.7814881801605225,0.5007711052894592,0.0728084668517112
3535456735.0,-0.4279171824455261,0.2062565982341766,9.776531219482422,2.944522857666016,1.13083016872406,0.1387651115655899
3535465068.0,-0.5176079273223877,0.2133077979087829,10.175423622131348,2.8492891788482666,1.1110814809799194,0.1292366236448288
3535473401.0,-0.4682621359825134,-0.0216469261795282,10.072625160217283,2.487769603729248,0.3413481116294861,0.1255993992090225
3535481734.0,-0.4137655794620514,-0.1508842855691909,9.811291694641112,2.545683622360229,0.3075885474681854,0.0137164238840341
3535490067.0,-0.4006290435791015,0.0357248783111572,9.708043098449709,2.7967543601989746,0.9269406795501708,0.0241926442831754
3535498400.0,-0.4934232831001282,0.1970001757144928,9.989120483398438,2.85041618347168,1.1148724555969238,0.1055946797132492
3535506733.0,-0.4074691534042358,0.0118838995695114,10.08950138092041,2.691582202911377,0.4665249288082123,0.1353584229946136
3535515066.0,-0.2512485980987549,-0.0796018168330192,9.840099334716797,2.649165153503418,0.1331043690443039,0.0551858693361282
3535523399.0,-0.2807096540927887,0.0629696622490882,9.679980278015137,2.721166610717773,0.7214633226394653,0.0075177778489887
3535531732.0,-0.4355475604534149,0.1971836239099502,9.861236572265623,2.8888628482818604,1.5127894878387451,0.0704007223248481
3535540065.0,-0.5769656896591187,0.0759922116994857,10.127934455871582,2.7604074478149414,0.8248423933982849,0.1513417065143585
3535548398.0,-0.4747509360313415,-0.1796883642673492,9.984169960021973,2.621731996536255,0.1242930740118026,0.0129223810508847
3535556731.0,-0.3266270458698272,-0.0716512277722358,9.775259017944336,2.7739832401275635,0.3479309380054474,0.0393306575715541
3535565064.0,-0.4109119772911072,0.2504193484783172,9.761093139648438,2.937145948410034,1.1039608716964722,0.0177378579974174
3535573397.0,-0.4627307057380676,0.2517523169517517,10.07411766052246,2.8013648986816406,1.08987295627594,0.0868706852197647
3535581730.0,-0.4134961664676666,-0.0064842067658901,10.00644588470459,2.5717074871063232,0.4475190937519073,0.0499861761927604
3535590063.0,-0.2862677276134491,-0.1997842192649841,9.789125442504885,2.55490517616272,0.3855839371681213,0.1544922590255737
3535598396.0,-0.337745726108551,0.0571078360080719,9.687602996826172,2.889068126678467,0.9278117418289183,0.1712439656257629
3535606729.0,-0.5044830441474915,0.2678185105323791,9.935589790344238,2.836942911148072,1.1582118272781372,0.0900468528270721
3535615062.0,-0.5229915976524353,0.1136442944407463,10.182722091674805,2.602086067199707,0.6794816255569458,0.1170954853296279
3535623395.0,-0.3936712741851806,-0.059457391500473,9.93476104736328,2.502011299133301,0.1659418046474456,0.0319793708622455
3535631728.0,-0.3829158246517181,-0.0705834999680519,9.729494094848633,2.773624897003174,0.5975673198699951,0.1002413108944892
3535640061.0,-0.4368354082107544,0.1614696234464645,9.848904609680176,2.902592420578003,1.1492466926574707,0.1367672085762024
3535648394.0,-0.4848456084728241,0.1638471633195877,10.080142974853516,2.667043924331665,0.8526338934898376,0.0956051349639892
3535656727.0,-0.3499267697334289,-0.0892056226730346,10.022939682006836,2.5139732360839844,0.1468336135149002,0.0903029963374137
3535665060.0,-0.2151540219783783,-0.0586243011057376,9.723102569580078,2.7159926891326904,0.2743156552314758,0.0090034045279026
3535673393.0,-0.3229711353778839,0.1548712849617004,9.710214614868164,2.787379741668701,1.0126715898513794,0.0876647233963012
3535681726.0,-0.5080731511116028,0.1767405420541763,9.969810485839844,2.754977464675904,1.3130497932434082,0.0433008633553981
3535690059.0,-0.5636348128318787,-0.0490453466773033,10.091917991638184,2.5817227363586426,0.4604543149471283,0.0744477659463882
3535698392.0,-0.3905546069145202,-0.2078350484371185,9.876769065856934,2.594325065612793,0.1213986799120903,0.0774702578783035
3535706725.0,-0.3636223673820495,0.0388909988105297,9.727471351623535,2.910917043685913,0.5860152840614319,0.0389464423060417
3535715058.0,-0.4588531255722046,0.3172625303268432,9.90930461883545,2.742913007736206,1.2081083059310913,0.1470129191875457
3535723391.0,-0.4528045952320099,0.1431265622377395,10.116700172424316,2.6645846366882324,0.7635474801063538,0.1877651363611221
3535731724.0,-0.3396306931972503,-0.1434886008501052,9.879268646240234,2.4669711589813232,0.1492925733327865,0.0748576000332832
3535740057.0,-0.2839464843273163,-0.139920637011528,9.691893577575684,2.801569938659668,0.3881965577602386,0.0941707417368888
3535748390.0,-0.3785690069198608,0.1489882320165634,9.772419929504396,2.910353183746338,1.2831578254699707,0.1131252646446228
3535756723.0,-0.5272563695907593,0.2682567536830902,10.082648277282717,2.7158901691436768,1.2983214855194092,0.1250358968973159
3535765056.0,-0.4886326789855957,0.0213768482208251,10.13677215576172,2.4657671451568604,0.3645545840263366,0.0202480517327785
3535773389.0,-0.3714216947555542,-0.1146063730120658,9.7938871383667,2.62744402885437,0.1902753412723541,0.0799292176961898
3535781722.0,-0.4231696128845215,0.0619679167866706,9.709494590759276,2.765326023101806,0.8288382887840271,0.1804907321929931
3535790055.0,-0.5049614906311035,0.208185076713562,9.963187217712402,2.888401985168457,1.1644359827041626,0.0501910969614982
3535798388.0,-0.4876361489295959,0.0842973291873931,10.080384254455566,2.5832598209381104,0.4124788343906402,0.0583108142018318
3535806721.0,-0.3021438419818878,-0.0959205031394958,9.904057502746582,2.4250404834747314,0.0625115483999252,0.059693980962038
3535815054.0,-0.2621195316314697,0.0298345442861318,9.658520698547363,2.799495220184326,0.633837103843689,0.094375655055046
3535823387.0,-0.4896533191204071,0.2156959176063537,9.851621627807615,2.8449862003326416,1.1971454620361328,0.032696571201086
3535831720.0,-0.5788094997406006,0.1003860384225845,10.103827476501465,2.629186153411865,1.0226099491119385,0.106875404715538
3535840053.0,-0.5150541067123413,-0.1396752893924713,9.996695518493652,2.4065470695495605,0.1718843281269073,-0.0068390010856091
3535848386.0,-0.3909011483192444,-0.1800336092710495,9.79315948486328,2.753415107727051,0.1179663762450218,0.0335162281990051
3535856719.0,-0.400416612625122,0.1400043070316314,9.754640579223633,2.8380701541900635,0.9721499085426332,0.1695534288883209
3535865052.0,-0.5039511322975159,0.2881510257720947,10.000181198120115,2.812199831008911,1.09819757938385,0.084104336798191
3535873385.0,-0.4332238137722015,-0.0172952469438314,10.089131355285645,2.533977508544922,0.5167287588119507,0.0081069050356745
3535881718.0,-0.2816593945026397,-0.2118942886590957,9.798965454101562,2.5583882331848145,-0.0663152635097503,-0.0264851208776235
3535890051.0,-0.3057950139045715,-0.0574831776320934,9.667219161987305,2.882075309753418,0.757733166217804,0.0241926461458206
3535898384.0,-0.4523459672927856,0.2085856050252914,9.895855903625488,2.94690489768982,1.2888442277908323,0.076343223452568
3535906717.0,-0.4992975294589996,0.1665355861186981,10.151413917541504,2.680824279785156,0.842567503452301,-0.0068902298808097
3535915050.0,-0.4085096716880798,-0.1059660986065864,10.000662803649902,2.5611801147460938,0.0973469018936157,0.0203761234879493
3535923383.0,-0.3215202689170837,-0.1130047067999839,9.691960334777832,2.650419950485229,0.4560998678207397,-0.0205938443541526
3535931716.0,-0.4112405180931091,0.1199178695678711,9.774479866027832,2.88379168510437,0.9830615520477296,0.1122543886303901
3535940049.0,-0.4885589480400085,0.1693798452615738,10.071264266967772,2.83125638961792,1.0188958644866943,0.041815236210823
3535948382.0,-0.3546624779701233,-0.0271831844002008,10.012328147888184,2.485464572906494,0.2437834590673446,0.0254733581095933
3535956715.0,-0.2174489051103592,-0.0812863633036613,9.747455596923828,2.55385422706604,0.1559266448020935,0.0840018838644027
3535965048.0,-0.2807878851890564,0.1273808777332306,9.681382179260254,2.878360748291016,0.8841137290000916,0.1943992376327514
3535973381.0,-0.4923901855945587,0.2239539921283722,9.979098320007324,2.7566170692443848,1.4642250537872314,0.1051592454314231
3535981714.0,-0.5093169808387756,0.0131071051582694,10.14108657836914,2.587435007095337,0.646874725818634,0.0236291326582431
3535990047.0,-0.3893605768680572,-0.1598612368106842,9.903226852416992,2.6184282302856445,0.0407394394278526,0.0067493515089154
3535998380.0,-0.3371803760528564,-8.89064976945e-05,9.763538360595703,2.7936036586761475,0.4339691996574402,0.0761127024888992
3536006713.0,-0.4282158613204956,0.2965956628322601,9.91061019897461,2.9479551315307617,1.1991175413131714,-0.023488251492381
3536015046.0,-0.4586550891399383,0.2457119226455688,10.11923599243164,2.6686575412750244,0.8884426355361938,0.0225789491087198
3536023379.0,-0.3711287975311279,-0.0629275813698768,9.973700523376465,2.481494426727295,0.2781578004360199,0.0032658150885254
3536031712.0,-0.2965081036090851,-0.1470624357461929,9.74545192718506,2.560822010040283,0.3002628982067108,-0.0253580939024686
3536040045.0,-0.3873852491378784,0.1587278842926025,9.777817726135254,2.7638914585113525,1.2149728536605835,0.0457854457199573
3536048378.0,-0.531674861907959,0.2949753403663635,10.091976165771484,2.6966025829315186,1.182365894317627,0.0340285114943981
3536056711.0,-0.5067418813705444,0.0883722752332687,10.199952125549316,2.457545042037964,0.5163958072662354,0.0268053002655506
3536065044.0,-0.3715556561946869,-0.1108729615807533,9.895841598510742,2.3315999507904053,0.2441933006048202,-0.0176994353532791
3536073377.0,-0.3803543448448181,-0.0231220964342355,9.689737319946287,2.7044920921325684,0.7572464346885681,0.0782642886042594
3536081710.0,-0.4966952800750732,0.1596650630235672,9.919405937194824,2.803260087966919,1.2434556484222412,0.0144592355936765
3536090043.0,-0.4817734360694885,0.0626707077026367,10.102768898010254,2.516252517700196,0.6032024025917053,0.0370509847998619
3536098376.0,-0.2969951331615448,-0.1283093094825744,9.913167953491213,2.480802536010742,0.0358727350831031,-0.0321714803576469
3536106709.0,-0.2509902417659759,-0.0398818887770175,9.658997535705566,2.742708444595337,0.4996184110641479,0.0446584150195121
3536115042.0,-0.4397574961185455,0.1715001612901687,9.793620109558104,2.816579818725586,1.245248794555664,0.0795706212520599
3536123375.0,-0.5519230365753174,0.1195367574691772,10.05827808380127,2.7303109169006348,1.20949125289917,-0.0142671279609203
3536131708.0,-0.4977222084999084,-0.1131572797894477,10.029927253723145,2.417433023452759,0.2336914539337158,0.1802857816219329
3536140041.0,-0.375892162322998,-0.1466150432825088,9.766231536865234,2.5702219009399414,0.1944504678249359,0.0523939132690429
3536148374.0,-0.3991950452327728,0.1465918123722076,9.690122604370115,2.938042402267456,0.9934865832328796,0.1252151727676391
3536156707.0,-0.48971688747406,0.2831727266311645,10.003984451293944,2.8501343727111816,1.0804212093353271,0.1265471279621124
3536165040.0,-0.39303719997406,0.0576238445937633,10.064756393432615,2.4601833820343018,0.5565589070320129,0.0570044852793216
3536173373.0,-0.2840359210968017,-0.1351065635681152,9.757075309753418,2.462258100509644,0.2342037707567215,0.1605884581804275
3536181706.0,-0.3089386224746704,0.0002683599013835,9.597102165222168,2.79716420173645,0.8567320704460144,0.0755235776305198
3536190039.0,-0.4609059393405914,0.2044306546449661,9.860657691955566,2.943241834640503,1.3126912117004397,0.0269845947623252
3536198372.0,-0.5034164786338806,0.1672155857086181,10.136698722839355,2.6079261302948,0.7802480459213257,0.1097698137164115
3536206705.0,-0.4270162880420685,-0.0390665754675865,9.95644187927246,2.3473777770996094,0.202570155262947,0.073218286037445
3536215038.0,-0.3848205804824829,-0.0895426794886589,9.695067405700684,2.65787410736084,0.4677543640136719,0.153595745563507
3536223371.0,-0.4619375169277191,0.0899515077471733,9.750236511230469,2.802030801773072,1.0869271755218506,0.1460907906293869
3536231704.0,-0.4937305152416229,0.1078865155577659,10.055334091186523,2.6571054458618164,0.955500602722168,0.138918787240982
3536240037.0,-0.3467339277267456,-0.0406671129167079,10.029424667358398,2.4039855003356934,0.233460932970047,0.1313369870185852
3536248370.0,-0.2032608985900879,-0.0839682295918464,9.787360191345217,2.6010100841522217,0.2280307561159134,0.0886124372482299
3536256703.0,-0.2624680697917938,0.0750062242150306,9.723069190979004,2.902976751327514,0.9822419285774232,0.1243699267506599
3536265036.0,-0.4680329859256744,0.1359503865242004,9.978659629821776,2.7615859508514404,1.2966567277908323,0.0591304637491703
3536273369.0,-0.5123690962791443,-0.050486110150814,10.16218090057373,2.5719380378723145,0.7023806571960449,0.0559286810457706
3536281702.0,-0.4042277038097381,-0.2001211941242218,9.94438934326172,2.4888713359832764,0.1862026900053024,-0.0773549973964691
3536290035.0,-0.3808458745479584,-0.0779872834682464,9.746821403503418,2.9327914714813232,0.5928030610084534,0.0722961798310279
3536298368.0,-0.4588103592395782,0.2107832878828048,9.877504348754885,2.9610695838928223,1.2211971282958984,0.1970631033182144
3536306701.0,-0.4689159095287323,0.1737307012081146,10.142909049987791,2.6990108489990234,0.8173374533653259,0.080723263323307
3536315034.0,-0.3636935949325561,-0.1148239076137542,10.005703926086426,2.593658924102783,0.248394027352333,0.0507546104490757
3536323367.0,-0.2841001152992248,-0.2011113166809082,9.694334983825684,2.76401948928833,0.4274119436740875,0.1940406560897827
3536331700.0,-0.373088538646698,0.0285979006439447,9.787165641784668,2.9678831100463867,1.1171265840530396,0.084283635020256
3536340033.0,-0.5247113704681396,0.2042920142412185,10.002279281616213,2.928257942199707,1.1547026634216309,0.131541907787323
3536348366.0,-0.5003339648246765,0.0135902883484959,10.172039031982422,2.6836929321289062,0.5681365132331848,0.0661231502890586
3536356699.0,-0.3803040087223053,-0.1295671164989471,9.86131477355957,2.5817995071411133,0.3504667580127716,0.0853850543498992
3536365032.0,-0.4275868237018585,-0.0344868674874305,9.739298820495604,2.933150053024292,0.743927001953125,0.1191446036100387
3536373365.0,-0.4920723438262939,0.1459909826517105,9.85313320159912,2.9329962730407715,1.126501202583313,0.2066172063350677
3536381698.0,-0.4960756003856659,0.0542865917086601,10.070987701416016,2.7941927909851074,0.5279991626739502,0.0666610598564148
3536390031.0,-0.3352105617523193,-0.1175563782453537,9.878792762756348,2.607516288757324,0.1798503547906875,0.0707337036728859
3536398364.0,-0.2772175371646881,-0.0407282449305057,9.692341804504396,2.7887885570526123,0.5915992259979248,0.200700357556343
3536406697.0,-0.4387144148349762,0.1625823527574539,9.760663986206056,2.8708817958831787,1.2250391244888306,0.1068497896194458
3536415030.0,-0.5675681829452515,0.1547231525182724,10.03969955444336,2.819115400314331,1.1522947549819946,0.0936072170734405
3536423363.0,-0.5208896994590759,-0.1157245561480522,10.064715385437012,2.6164045333862305,0.409891813993454,0.1232941374182701
3536431696.0,-0.3804410099983215,-0.16292205452919,9.783992767333984,2.7243425846099854,0.272445797920227,0.0090546319261193
3536440029.0,-0.3903739750385284,0.1008658483624458,9.76297092437744,3.0531527996063232,0.8449239134788513,0.0736793503165245
3536448362.0,-0.4551402330398559,0.2783870995044708,9.960145950317385,2.9024899005889893,0.9946136474609376,0.1683495640754699
3536456695.0,-0.4003402590751648,0.065003290772438,10.076382637023926,2.6348721981048584,0.4800235629081726,0.1712183505296707
3536465028.0,-0.3100876808166504,-0.1864790022373199,9.81962776184082,2.5918917655944824,0.2135074734687805,-0.0516126900911331
3536473361.0,-0.3150637447834015,-0.0603476427495479,9.701164245605469,2.899134635925293,0.5933666229248047,0.0345920287072658
3536481694.0,-0.4757134616374969,0.1615450531244278,9.871439933776855,2.977283477783203,1.2679431438446045,0.0290849674493074
3536490027.0,-0.4896501004695892,0.1576101034879684,10.110199928283691,2.7162230014801025,0.7934650182723999,0.0535977855324745
3536498360.0,-0.3953466713428497,-0.0543400421738624,9.96811866760254,2.581902265548706,0.2624562680721283,0.0301607642322778
3536506693.0,-0.3456790745258331,-0.1114549413323402,9.740164756774902,2.806846141815185,0.4407057166099548,0.0707849338650703
3536515026.0,-0.3945207595825195,0.0615829862654209,9.779436111450195,3.115907669067383,1.0258115530014038,0.0302119888365268
3536523359.0,-0.4188776612281799,0.1196059882640838,10.062036514282228,2.932279109954834,0.8412354588508606,0.0913019329309463
3536531692.0,-0.3505537211894989,-0.0281097646802663,10.048297882080078,2.702032804489136,0.321599543094635,0.0139725664630532
3536540025.0,-0.2203095108270645,-0.0721972361207008,9.795175552368164,2.83125638961792,0.2633271515369415,-0.0137036154046654
3536548358.0,-0.2689191997051239,0.1262221187353134,9.722874641418455,3.0120673179626465,0.8802971839904785,0.1572073549032211
3536556691.0,-0.4259937107563019,0.1476272642612457,9.927841186523438,2.9933693408966064,1.4029812812805176,0.2479842156171798
3536565024.0,-0.5085836052894592,-0.0455729775130748,10.089877128601074,2.7138919830322266,0.9308084845542908,0.118581086397171
3536573357.0,-0.4181808531284332,-0.194809690117836,9.865774154663086,2.7689883708953857,0.3092278242111206,0.0551346465945243
3536581690.0,-0.3518965244293213,-0.0338490195572376,9.673502922058104,3.03545355796814,0.5934946537017822,0.1110505163669586
3536590023.0,-0.4021666049957275,0.219198539853096,9.830421447753906,3.1907784938812256,1.1077005863189695,0.1714489012956619
3536598356.0,-0.4142848551273346,0.1919470578432083,10.13504695892334,2.9953925609588623,1.041077733039856,0.0977055057883262
3536606689.0,-0.35098597407341,-0.0473436787724494,10.006685256958008,2.733768939971924,0.3092790842056274,0.0422250665724277
3536615022.0,-0.3104838728904724,-0.0764958560466766,9.722620010375977,2.792732954025269,0.4456492960453033,0.0844117179512977
3536623355.0,-0.3772198557853699,0.1241588667035102,9.754677772521973,2.980997562408448,1.0597760677337646,0.1104869991540908
3536631688.0,-0.4901934862136841,0.2364280521869659,10.051594734191896,2.9273359775543213,1.2010644674301147,0.1774938553571701
3536640021.0,-0.4640400111675262,0.141963705420494,10.226183891296388,2.70677137374878,0.6055845618247986,0.1207070797681808
3536648354.0,-0.4252238273620605,0.0294159241020679,9.89720058441162,2.641839504241944,0.2648127973079681,0.1238064095377922
3536656687.0,-0.4475795328617096,0.0969828590750694,9.785726547241213,2.9431138038635254,0.8046327233314514,0.1142266690731048
3536665020.0,-0.4800048172473907,0.2007630169391632,9.953446388244627,2.7901201248168945,1.068459391593933,0.1411472409963607
3536673353.0,-0.4548403322696686,0.0565468780696392,10.109968185424805,2.6847176551818848,0.6290215253829956,0.1334373503923416
3536681686.0,-0.3825294077396393,-0.0612155497074127,9.882448196411133,2.56889009475708,0.3359178602695465,0.0631775185465812
3536690019.0,-0.3211773335933685,0.0278045702725648,9.664962768554688,2.7618932723999023,0.7591419219970703,0.1578477323055267
3536698352.0,-0.4448378086090088,0.2015577107667923,9.817389488220217,2.8229317665100098,1.137950778007507,0.1691435873508453
3536706685.0,-0.5430747270584106,0.1055706664919853,9.99059009552002,2.797804594039917,1.010058879852295,0.1205534040927887
3536715018.0,-0.5183289647102356,-0.1137296929955482,9.985393524169922,2.653391599655152,0.5068929195404053,0.0117953568696975
3536723351.0,-0.3842554986476898,-0.1636768281459808,9.817900657653809,2.925055980682373,0.2332048118114471,0.1066448614001274
3536731684.0,-0.3997230529785156,0.1548670083284378,9.741578102111816,2.9365055561065674,0.6946709156036377,0.0283933766186237
3536740017.0,-0.4669080674648285,0.2569329440593719,9.96554183959961,2.981945276260376,0.887904703617096,-0.051484614610672
3536748350.0,-0.4522324800491333,0.065626136958599,9.970836639404297,2.6891489028930664,0.3359947204589844,-0.0639843568205833
3536756683.0,-0.3505038619041443,-0.1314209997653961,9.835948944091797,2.7581536769866943,0.4586356878280639,-0.0249994937330484
3536765016.0,-0.3674179315567016,0.0662702471017837,9.742709159851074,2.930896043777466,0.7055569291114807,-0.0292258393019437
3536773349.0,-0.4333555400371551,0.2760224938392639,9.808798789978027,3.0549967288970947,1.124170422554016,0.0472710728645324
3536781682.0,-0.4950827360153198,0.2077788263559341,10.084311485290527,2.816810131072998,0.9006348252296448,0.0542637556791305
3536790015.0,-0.4382337629795074,0.0219749901443719,9.973472595214844,2.5304174423217773,0.4395018517971039,-0.0027151089161634
3536798348.0,-0.4053824841976166,0.0241142325103282,9.86064338684082,2.7127397060394287,0.5042034387588501,0.1251639723777771
3536806681.0,-0.4223147630691528,0.1847517341375351,9.797289848327637,2.7396600246429443,0.9198968410491944,0.1316187530755996
3536815014.0,-0.4862057268619537,0.2352772504091262,10.070623397827148,2.578802585601806,0.9948440790176392,0.1235758662223815
3536823347.0,-0.410491019487381,0.013516379520297,10.114763259887695,2.454599380493164,0.4460335075855255,0.0514718107879161
3536831680.0,-0.2649305760860443,-0.0094606596976518,9.87071418762207,2.534515619277954,0.2819230854511261,0.0874854102730751
3536840013.0,-0.2885656058788299,0.0772531032562255,9.673304557800291,2.588510274887085,0.7295317649841309,0.0931973829865455
3536848346.0,-0.4182857275009155,0.086568459868431,9.821989059448242,2.557696580886841,1.164743185043335,0.2365090101957321
3536856679.0,-0.4996222555637359,-0.0678936466574668,10.04937744140625,2.5552377700805664,1.0403093099594116,0.1780317574739456
3536865012.0,-0.4282331466674804,-0.2277173101902008,9.979949951171877,2.6232690811157227,0.4692912697792053,0.1457065790891647
3536873345.0,-0.3543046116828918,-0.0991642624139785,9.754473686218262,2.735408306121826,0.4739018082618713,0.092864416539669
3536881678.0,-0.3891629576683044,0.1180396229028701,9.77773666381836,2.838838577270508,0.943333864212036,0.1172491610050201
3536890011.0,-0.4112708568572998,0.1662802100181579,9.988974571228027,2.699035882949829,0.9706642627716064,-0.010988506488502
3536898344.0,-0.3551577031612396,-0.05158381909132,10.039193153381348,2.60387921333313,0.4576111435890198,0.0333881601691246
3536906677.0,-0.2642616629600525,-0.125146135687828,9.81484317779541,2.7909140586853027,0.4559974074363708,-0.0699268579483032
3536915010.0,-0.3401212692260742,0.1195468306541442,9.803521156311035,2.914733648300171,0.9806538224220276,-0.0091442828997969
3536923343.0,-0.4695183932781219,0.3572240471839905,10.095074653625488,2.888991117477417,1.1874887943267822,-5.12284750584e-05
3536931676.0,-0.472299575805664,0.3070167005062103,10.294214248657228,2.64947247505188,0.816159188747406,0.0022924742661416
3536940009.0,-0.4140850305557251,0.1422929465770721,10.103608131408691,2.394303321838379,0.5753085017204285,-0.0606801211833953
3536948342.0,-0.3791736960411072,0.1481789350509643,9.888071060180664,2.453702926635742,0.7320676445960999,0.0290593467652797
3536956675.0,-0.4656016230583191,0.320373386144638,9.98342514038086,2.5584394931793213,1.0645147562026978,0.0268565248697996
3536965008.0,-0.4604492485523224,0.3294776678085327,10.24598503112793,2.353551387786865,0.8790934085845947,-0.0644197985529899
3536973341.0,-0.3250702023506164,0.1738291233778,10.146061897277832,2.017646074295044,0.3641703724861145,0.0257551129907369
3536981674.0,-0.318721204996109,0.1451774537563324,9.85391902923584,2.042235851287842,0.6123210191726685,0.1038785204291343
3536990007.0,-0.4316734969615936,0.2440491616725921,9.80791473388672,2.340667247772217,1.169994235038757,0.0374095886945724
3536998340.0,-0.5522581934928894,0.1764570474624633,10.051097869873049,2.15993332862854,1.1678171157836914,0.0976542681455612
3537006673.0,-0.5241918563842773,-0.0269361827522516,10.118407249450684,2.005556344985962,0.6569666862487793,0.0867682322859764
3537015006.0,-0.4573214054107666,-0.0531458035111427,9.85139274597168,2.082014560699463,0.2867641448974609,0.1109224408864975
3537023339.0,-0.4610777497291565,0.1639112383127212,9.768861770629885,2.452191114425659,0.8560405373573303,0.1038529053330421
3537031672.0,-0.4724302589893341,0.3012821674346924,9.954296112060549,2.409979343414306,1.1694562435150146,0.0196076966822147
3537040005.0,-0.4382694363594055,0.1402537226676941,10.09080410003662,2.146639347076416,0.6749223470687866,0.0011142190778627
3537048338.0,-0.3665086328983307,-0.0236109998077154,9.879942893981934,2.0042498111724854,0.3714960515499115,0.0733207538723945
3537056671.0,-0.4160726368427276,0.0781467109918594,9.700006484985352,2.322071313858032,0.8626746535301208,0.1249590590596199
3537065004.0,-0.5420463681221008,0.2657950222492218,9.925975799560549,2.36897087097168,1.2104390859603882,0.1656600832939148
3537073337.0,-0.56331866979599,0.2666507363319397,10.199821472167969,2.022999286651612,0.7110639214515686,0.141787588596344
3537081670.0,-0.4825682640075683,0.1191290915012359,10.098490715026855,1.712862253189087,0.5022310614585876,-0.0241542235016822
3537090003.0,-0.448178231716156,0.0786574631929397,9.842562675476074,1.920081615447998,0.4143999218940735,0.0855643525719642
3537098336.0,-0.5326445698738098,0.1804746985435485,9.879061698913574,1.9926464557647705,1.0492488145828247,0.1664028912782669
3537106669.0,-0.5310465693473816,0.1758284866809845,10.080073356628418,1.794238805770874,0.8170300126075745,0.1119982451200485
3537115002.0,-0.4445849657058716,0.0512429662048816,10.118226051330566,1.552056074142456,0.4744909405708313,0.1529553979635238
3537123335.0,-0.3518626391887665,0.0096348794177174,9.873254776000977,1.4876874685287476,0.5227481126785278,0.0146641498431563
3537131668.0,-0.449411392211914,0.0734537318348884,9.716141700744627,1.7918566465377808,0.7817592620849609,0.0461696572601795
3537140001.0,-0.5550245046615601,0.1040456071496009,9.905191421508787,1.7692904472351074,0.9797572493553162,-0.0422890968620777
3537148334.0,-0.5790835618972778,-0.0785345286130905,10.07910442352295,1.6218804121017456,0.5076100826263428,0.025447741150856
3537156667.0,-0.4836251437664032,-0.2057372331619262,9.94128704071045,1.5471638441085815,0.3036951720714569,-0.0521761998534202
3537165000.0,-0.4635389745235443,-0.1158502921462059,9.73277187347412,1.8694676160812376,0.3630177080631256,0.0305705890059471
3537173333.0,-0.513313353061676,0.0240538921207189,9.83913230895996,1.952560305595398,0.5604010224342346,0.0159704741090536
3537181666.0,-0.456186980009079,-0.0300205238163471,10.022690773010254,1.5960100889205933,0.4239027500152588,-0.2377256900072097
3537189999.0,-0.3850557506084442,-0.2221846431493759,9.933480262756348,1.675132393836975,0.1058508232235908,-0.1497408151626587
3537198332.0,-0.3553647398948669,-0.3045600354671478,9.745677947998049,1.933759331703186,0.2823072671890259,-0.1162117719650268
3537206665.0,-0.4258917570114136,-0.0854647234082222,9.679913520812988,2.2723541259765625,0.5280502438545227,-0.1040194109082222
3537214998.0,-0.4880925118923187,-0.0627041980624198,9.988309860229492,2.186802387237549,0.4495938420295715,-0.0513053126633167
3537223331.0,-0.440556138753891,-0.136143609881401,10.090970993041992,1.985039114952088,0.1729088872671127,-0.1497152000665664
3537231664.0,-0.4184733629226684,-0.2985470592975616,9.844730377197266,2.00988507270813,0.2294651120901107,-0.0329655185341835
3537239997.0,-0.4306142926216125,-0.208936333656311,9.738408088684082,2.3715579509735107,0.2825121879577636,0.1458602547645568
3537248330.0,-0.4596397876739502,-0.1253352463245391,9.769072532653809,2.342665433883667,0.489500880241394,-0.0545839369297027
3537256663.0,-0.4106259942054748,-0.1828248649835586,10.03961181640625,2.217103958129883,0.071348451077938,0.0188136547803878
3537264996.0,-0.2453672438859939,-0.2589934766292572,9.792346000671388,2.3214051723480225,-0.055019374936819,0.0644582137465477
3537273329.0,-0.2857271432876587,-0.2340107858180999,9.740004539489746,2.461028575897217,0.1938613355159759,0.1064399480819702
3537281662.0,-0.3893444240093231,-0.0768472775816917,9.624186515808104,2.780463457107544,0.5101203322410583,0.2088712900876999
3537289995.0,-0.5236494541168213,-0.1221203729510307,9.909729957580566,2.499629259109497,0.3191149532794952,0.2030568569898605
3537298328.0,-0.4579034745693207,-0.2375444173812866,9.925868034362791,2.513256072998047,-0.0143695874139666,0.1302868127822876
3537306661.0,-0.354073017835617,-0.3382919728755951,9.71298885345459,2.7964982986450195,-0.0359367690980434,0.2282100468873977
3537314994.0,-0.4363747835159302,-0.0979778915643692,9.667293548583984,3.1714649200439453,0.4072791337966919,0.2025445699691772
3537323327.0,-0.4378757774829864,0.0764067843556404,9.805764198303224,2.9684207439422607,0.2994688153266907,0.3307694494724273
3537331660.0,-0.3783858120441437,-0.0117877414450049,9.94117259979248,2.812174081802368,-0.0551218315958976,0.1962434500455856
3537339993.0,-0.2555108666419983,-0.2575297057628631,9.72963047027588,2.758717536926269,-0.066340871155262,0.211765706539154
3537348326.0,-0.3205430805683136,-0.185137465596199,9.65878200531006,3.062220335006714,0.3087155818939209,0.2113558501005172
3537356659.0,-0.4188247621059418,0.0945779904723167,9.733981132507324,3.338137149810791,0.6773557066917419,0.2288247793912887
3537364992.0,-0.4848439395427704,0.1139084249734878,10.01375675201416,2.9684722423553467,0.3094328045845032,0.2019810676574707
3537373325.0,-0.3680444955825805,-0.004152491223067,9.857625961303713,2.761739730834961,0.0580290481448173,0.0833871439099311
3537381658.0,-0.3432759046554565,-0.1105563417077064,9.79067325592041,2.989424705505371,0.3258258700370788,0.136844053864479
3537389991.0,-0.3632740080356598,0.1012252941727638,9.76705265045166,3.18719220161438,0.5571992993354797,0.1201435774564743
3537398324.0,-0.4032252728939056,0.1194422990083694,9.899972915649414,2.937479019165039,0.3618907332420349,0.0727316215634346
3537406657.0,-0.2972079217433929,0.0497831851243972,9.990015983581545,2.849647521972656,0.2000087350606918,0.0271126665174961
3537414990.0,-0.1798479706048965,-0.0608731023967266,9.800395965576172,2.8185009956359863,0.2504431903362274,-0.0021772100590169
3537423323.0,-0.211769551038742,0.0982262045145034,9.761590957641602,2.9749011993408203,0.5522301197052002,0.0722449496388435
3537431656.0,-0.3042868077754974,0.1695798337459564,9.769984245300291,2.88960599899292,0.959650218486786,0.0707849413156509
3537439989.0,-0.3927764594554901,0.0663628503680229,10.02358341217041,2.7734453678131104,0.6971042156219482,0.0294435620307922
3537448322.0,-0.3071594536304474,-0.1240212321281433,9.880064964294434,2.5179176330566406,0.321599543094635,0.0387415289878845
3537456655.0,-0.2794804871082306,-0.0714745372533798,9.794898986816406,3.019777297973633,0.3514401316642761,-0.0376016981899738
3537464988.0,-0.2875530421733856,0.1770130842924118,9.767930030822754,2.982764959335327,0.7463347911834717,0.0529830493032932
3537473321.0,-0.3178017139434814,0.2250570505857467,9.96464729309082,2.7985217571258545,0.7854477167129517,-0.038139596581459
3537481654.0,-0.2415860146284103,0.0140048284083604,9.940510749816896,2.6441190242767334,0.4662175178527832,0.0361801087856292
3537489987.0,-0.1775674074888229,-0.1590150594711303,9.769779205322266,2.701981544494629,0.4253371655941009,-0.062191367149353
3537498320.0,-0.23989899456501,0.0602113679051399,9.727173805236816,2.9618382453918457,0.9928206205368042,0.1674786806106567
3537506653.0,-0.3687441349029541,0.190647691488266,9.848795890808104,2.8676798343658447,1.0848779678344729,0.047808963805437
3537514986.0,-0.3889276683330536,0.1858596950769424,10.100790023803713,2.766631841659546,0.9163107872009276,0.0035219572018831
3537523319.0,-0.318122923374176,-0.0021447711624205,9.954279899597168,2.581492185592652,0.5502321720123291,-0.045414038002491
3537531652.0,-0.3546822369098663,0.0375230014324188,9.819380760192873,2.777543306350708,0.7933881282806396,0.19711434841156
3537539985.0,-0.444804310798645,0.1453619599342346,9.751191139221191,2.8819472789764404,1.1798301935195925,0.0944268777966499
3537548318.0,-0.4843936860561371,0.1819974184036255,10.049948692321776,2.7021610736846924,1.0082403421401978,0.145629733800888
3537556651.0,-0.3555117845535278,0.0673001408576965,10.038451194763184,2.62383246421814,0.4475190937519073,0.1317211985588073
3537564984.0,-0.2678577601909637,0.0072691282257437,9.835807800292969,2.642505407333374,0.5823524594306946,0.1155842393636703
3537573317.0,-0.3695961534976959,0.1947785764932632,9.707840919494627,2.825186252593994,1.033700942993164,0.1727552264928817
3537581650.0,-0.5069753527641296,0.2101649492979049,9.969085693359377,2.709819793701172,1.2428412437438965,0.2028263062238693
3537589983.0,-0.5583456158638,0.0481716804206371,10.093234062194824,2.4386160373687744,0.8311435580253601,0.1024953573942184
3537598316.0,-0.4559454917907715,-0.1514407694339752,9.925434112548828,2.4659464359283447,0.3969054222106933,0.0831053853034973
3537606649.0,-0.4562104344367981,0.0100041385740041,9.77096939086914,2.758230686187744,0.5723885297775269,0.1226793900132179
3537614982.0,-0.526904821395874,0.2415544688701629,9.886137962341309,2.741632461547852,0.9527855515480042,0.1401226669549942
3537623315.0,-0.5645983815193176,0.2244404703378677,10.069454193115234,2.472144842147827,0.8319887518882751,0.0550065673887729
3537631648.0,-0.4485677480697632,-0.0843144506216049,9.983562469482422,2.3594682216644287,0.3360459804534912,-0.0278682895004749
3537639981.0,-0.3893206715583801,-0.182046428322792,9.820293426513672,2.607362747192383,0.3917313516139984,0.0873317420482635
3537648314.0,-0.4438373148441314,0.0249773487448692,9.7548246383667,2.739429473876953,0.9568069577217102,0.0631775110960006
3537656647.0,-0.529287576675415,0.1590920686721801,10.04509449005127,2.624344825744629,1.0974801778793335,0.1122287437319755
3537664980.0,-0.5123058557510376,0.0283028408885002,10.094419479370115,2.434620380401612,0.5821219086647034,0.0591816939413547
3537673313.0,-0.4179926514625549,-0.1809946447610855,9.950206756591797,2.45493221282959,0.2363297492265701,0.0966297015547752
3537681646.0,-0.4007244408130646,-0.0902714654803276,9.735636711120604,2.670219898223877,0.5335572957992554,0.1678628772497177
3537689979.0,-0.5105761885643005,0.0427857004106044,9.871105194091797,2.7161977291107178,0.8270196914672852,0.1273155659437179
3537698312.0,-0.4551858901977539,0.0318678542971611,10.0637845993042,2.587947130203247,0.684271514415741,0.0066212802194058
3537706645.0,-0.3019939661026001,-0.1718820482492447,9.935558319091797,2.546682357788086,0.2074368894100189,0.0330551713705062
3537714978.0,-0.2157216817140579,-0.1609430313110351,9.749723434448242,2.638202428817749,0.4595578014850616,0.0893296524882316
3537723311.0,-0.3611944317817688,0.0499111413955688,9.730030059814451,2.827337741851806,1.020740032196045,0.1338471919298172
3537731644.0,-0.5000479817390442,0.0806947574019432,10.02417278289795,2.6789801120758057,1.0375685691833496,0.1296464651823043
3537739977.0,-0.4270212352275848,-0.1669788211584091,10.02411651611328,2.403498888015747,0.4305880665779114,0.0230143889784812
3537748310.0,-0.3124573528766632,-0.2785568535327911,9.847886085510254,2.6105387210845947,0.2306433767080307,0.0046489839442074
3537756643.0,-0.2821565866470337,-0.0577353648841381,9.75287628173828,2.833254814147949,0.7078878283500671,0.0175585597753524
3537764976.0,-0.3621361255645752,0.2054458260536193,9.913193702697754,2.949978828430176,1.0587773323059082,0.0523683056235313
3537773309.0,-0.3561651706695556,0.0843711718916893,10.060576438903809,2.594939708709717,0.6393953561782837,0.0730902254581451
3537781642.0,-0.2431227415800094,-0.2228981703519821,9.861462593078612,2.497605800628662,0.3098169863224029,0.0146897640079259
3537789975.0,-0.2436535507440567,-0.1898752450942993,9.659940719604492,2.791452407836914,0.6341700553894043,0.0374608188867569
3537798308.0,-0.3761443495750427,0.1000825241208076,9.78818416595459,3.0149621963500977,1.2561349868774414,0.1377149373292923
3537806641.0,-0.4669912457466125,0.1960383057594299,10.06617259979248,2.83125638961792,1.1016298532485962,0.0551346391439437
3537814974.0,-0.4150593876838684,-0.0002057629171758,10.063862800598145,2.6435296535491943,0.3605331480503082,0.0561335980892181
3537823307.0,-0.3000919222831726,-0.1529260426759719,9.7758150100708,2.7508020401000977,0.3596110343933105,0.0435057766735553
3537831640.0,-0.3404290974140167,0.0169156771153211,9.798395156860352,2.893345355987549,1.009905219078064,0.1205277889966964
3537839973.0,-0.4512451887130737,0.2013313770294189,9.923209190368652,2.816349029541016,1.0560619831085205,0.1345899850130081
3537848306.0,-0.386888176202774,0.0313442349433898,10.05463695526123,2.7248551845550537,0.5170873999595642,-0.0019210675964131
3537856639.0,-0.2426152378320694,-0.083703838288784,9.811928749084473,2.5834901332855225,0.2359199076890945,0.0095669161528348
3537864972.0,-0.26648810505867,0.0237195361405611,9.741765022277832,2.7970616817474365,0.6887283325195312,0.1013427227735519
3537873305.0,-0.4548216760158539,0.1860748380422592,9.853759765625,2.914323568344116,1.265893816947937,0.1191189959645271
3537881638.0,-0.5731387734413147,0.1283679455518722,10.076435089111328,2.656670093536377,0.977349579334259,0.0041110846213996
3537889971.0,-0.4906816184520721,-0.1119654700160026,9.996261596679688,2.6266753673553467,0.3751076459884643,0.0069798789918422
3537898304.0,-0.3753362894058227,-0.1067882850766182,9.754019737243652,2.882101058959961,0.3263381421566009,0.0803134366869926
3537906637.0,-0.4141867458820343,0.1370736509561538,9.845873832702637,2.8677570819854736,1.0314468145370483,0.0462208874523639
3537914970.0,-0.5129705667495728,0.3190304338932037,10.071067810058594,2.8796932697296143,1.1619514226913452,0.0896114110946655
3537923303.0,-0.4536547064781189,0.0235036443918943,10.07150173187256,2.5109505653381348,0.4390408396720886,-0.0176482088863849
3537931636.0,-0.3093376159667969,-0.1351664066314697,9.815241813659668,2.538921594619751,0.2049779146909713,0.0367692373692989
3537939969.0,-0.3551761507987976,-0.0375918373465538,9.663052558898926,2.8833048343658447,0.8027373552322388,0.0205810386687517
3537948302.0,-0.494006872177124,0.1882255226373672,9.94969654083252,2.907792091369629,1.266303777694702,0.0451963245868682
3537956635.0,-0.5432234406471252,0.1846399307250976,10.152411460876465,2.715429306030273,0.8180802464485168,0.0375120490789413
3537964968.0,-0.4626899361610412,-0.0308779403567314,9.972102165222168,2.516124725341797,0.3402466773986816,0.0565434284508228
3537973301.0,-0.3706589639186859,-0.0994471833109855,9.781597137451172,2.7229342460632324,0.4741579294204712,0.0361032672226429
3537981634.0,-0.467124193906784,0.1305358260869979,9.781648635864258,2.7431435585021973,0.9667451977729796,0.0055198674090206
3537989967.0,-0.5084545016288757,0.1128486916422844,10.055206298828123,2.7625081539154053,0.6172134280204773,0.0909689515829086
3537998300.0,-0.3845711946487427,-0.0160645022988319,10.010242462158203,2.514690637588501,0.2882498204708099,-0.0029200229328125
3538006633.0,-0.2369419336318969,-0.0631489977240562,9.759674072265623,2.6010618209838867,0.2019810676574707,-0.0567355342209339
3538014966.0,-0.2759299576282501,0.0374916456639766,9.77127170562744,2.703441619873047,0.9219202399253844,-0.0050972332246601
3538023299.0,-0.4586828052997589,0.2058009654283523,9.905503273010254,2.7013156414031982,1.2642803192138672,0.0902261510491371
3538031632.0,-0.5341489911079407,-0.0085901748389005,10.114744186401367,2.530315399169922,0.6956698298454285,0.1099234968423843
3538039965.0,-0.3762688338756561,-0.1752861589193344,9.93522834777832,2.586897134780884,0.1650965511798858,0.084949605166912
3538048298.0,-0.3295561969280243,-0.079093188047409,9.7213134765625,2.714635133743286,0.3014155030250549,-0.0631903186440467
3538056631.0,-0.3755537867546081,0.1756989657878875,9.865612030029297,2.9731853008270264,1.0588284730911257,0.0197613835334777
3538064964.0,-0.4259637296199798,0.2232466638088226,10.067425727844238,2.643709182739258,0.8910552859306335,0.1328482329845428
3538073297.0,-0.3742729127407074,-0.0851193591952323,9.911202430725098,2.4605932235717773,0.2261865139007568,0.0331064015626907
3538081630.0,-0.2282437682151794,-0.2124168127775192,9.761978149414062,2.491074085235596,0.3665781319141388,0.1657112836837768
3538089963.0,-0.3073491156101227,0.0518617704510688,9.640380859375,2.811047077178955,0.9785277843475342,0.101240262389183
3538098296.0,-0.4350259006023407,0.1632892191410064,10.051817893981934,2.758793830871582,1.1504762172698977,0.154978945851326
3538106629.0,-0.4458128213882446,0.0833027735352516,10.074341773986816,2.5058019161224365,0.61944180727005,0.0056479382328689
3538114962.0,-0.341687947511673,-0.1360850483179092,9.856687545776367,2.450244903564453,0.1443234235048294,0.0005250918329693
3538123295.0,-0.3494625687599182,-0.1075117364525795,9.716129302978516,2.7488045692443848,0.8031215667724609,0.1666846573352813
3538131628.0,-0.4407763481140136,0.1110371649265289,9.817903518676758,2.7947821617126465,1.2031646966934204,0.1668127179145813
3538139961.0,-0.4649348258972168,0.0254687443375587,10.116853713989258,2.7436044216156006,0.7232306599617004,0.0899699851870536
3538148294.0,-0.3055783808231354,-0.0891243815422058,9.927906036376951,2.4651782512664795,0.2727019786834717,0.0463233403861522
3538156627.0,-0.221793532371521,-0.129714086651802,9.711942672729492,2.749931573867798,0.5162677764892578,0.09811532497406
3538164960.0,-0.3300822079181671,0.0354187116026878,9.780920028686523,2.941525936126709,1.2766519784927368,0.097090758383274
3538173293.0,-0.5154735445976257,0.0769047290086746,9.998211860656738,2.656925916671753,1.1716846227645874,0.053879540413618
3538181626.0,-0.5067973136901855,-0.1561022698879242,10.117534637451172,2.569709539413452,0.4775389730930328,0.053034272044897
3538189959.0,-0.3648806810379028,-0.2231017649173736,9.89540195465088,2.701341390609741,0.2328974157571792,0.0106171006336808
3538198292.0,-0.3572858273983001,-0.0169069729745388,9.751544952392578,2.95530652999878,0.7503306269645691,0.0374095886945724
3538206625.0,-0.4319192469120025,0.1894782334566116,9.96009922027588,2.9529497623443604,1.0553191900253296,0.069657914340496
3538214958.0,-0.4575477242469787,0.0880111455917358,10.06332015991211,2.695962429046631,0.6746917963027954,0.0902005285024643
3538223291.0,-0.3436598479747772,-0.2208271324634552,9.90407657623291,2.607823848724365,0.2674254477024078,0.0805183500051498
3538231624.0,-0.2984187304973602,-0.1597247272729873,9.677016258239746,2.848417997360229,0.598514974117279,-0.0180836506187915
3538239957.0,-0.435334175825119,0.12081328779459,9.853045463562012,2.9682159423828125,1.11535906791687,0.1638414561748504
3538248290.0,-0.5152656435966492,0.2015959471464157,10.110087394714355,2.86985731124878,1.0897446870803833,0.1200411096215248
3538256623.0,-0.4516864717006683,0.0137468222528696,10.113577842712402,2.521478176116944,0.3338431417942047,0.1104613989591598
3538264956.0,-0.3742352128028869,-0.1447582244873047,9.793782234191896,2.6402511596679688,0.28556028008461,0.0700677409768104
3538273289.0,-0.3902580738067627,0.0082288552075624,9.746006965637209,2.856409788131714,0.917591631412506,0.0043672272004187
3538281622.0,-0.4854734241962433,0.1986908912658691,9.955488204956056,2.860405683517456,1.142254114151001,-0.0143695855513215
3538289955.0,-0.4271831810474396,0.0309265404939651,10.070371627807615,2.7191686630249023,0.520033061504364,-0.0102200806140899
3538298288.0,-0.2833311855792999,-0.0766176134347915,9.84835147857666,2.5234503746032715,0.181131049990654,0.0430447198450565
3538306621.0,-0.2997759878635406,-0.0182370953261852,9.73410987854004,2.857537031173706,0.7161869406700134,0.0386646911501884
3538314954.0,-0.4453963935375213,0.1655211001634597,9.83173370361328,2.855257272720337,1.186848521232605,0.1138168573379516
3538323287.0,-0.5621527433395386,0.0993612408638,10.028592109680176,2.6108973026275635,1.0390541553497314,0.0693761557340622
3538331620.0,-0.4771120846271515,-0.1289453357458114,10.02078914642334,2.620861530303955,0.1859721541404724,-0.0243847519159317
3538339953.0,-0.3125493228435516,-0.1240347102284431,9.74337387084961,2.825160264968872,0.2271342277526855,0.0428910329937934
3538348286.0,-0.3674273490905761,0.1132787242531776,9.797656059265137,2.895548105239868,0.8813729882240295,0.0040342416614294
3538356619.0,-0.4086148142814636,0.3379948735237121,9.996542930603027,2.937786340713501,1.0590332746505735,0.0423019118607044
3538364952.0,-0.406992495059967,0.0303214266896247,10.054068565368652,2.5136659145355225,0.4822775721549988,0.012794311158359
3538373285.0,-0.2618288099765777,-0.1633983552455902,9.826191902160645,2.534234046936035,0.1692204475402832,0.0693505480885505
3538381618.0,-0.269476443529129,-0.0121943783015012,9.668668746948242,2.867193460464477,0.709219753742218,0.075907789170742
3538389951.0,-0.4149345159530639,0.2343524992465973,9.875954627990724,2.9376070499420166,1.2775229215621948,0.2114839553833007
3538398284.0,-0.4901518225669861,0.2059523165225982,10.157831192016602,2.7526466846466064,0.8513532280921936,0.1033662557601928
3538406617.0,-0.4150624573230743,-0.0408225804567337,9.95511531829834,2.436105728149414,0.1530834734439849,-0.0622425936162471
3538414950.0,-0.3565251529216766,-0.1536230146884918,9.75911808013916,2.6527767181396484,0.4091745913028717,0.1221671029925346
3538423283.0,-0.4171039462089538,0.0715124383568763,9.73830223083496,2.8833048343658447,1.1279613971710205,0.1172235533595085
3538431616.0,-0.4837990999221802,0.1680327653884887,9.988409042358398,2.818680047988892,0.9718680381774902,0.1778268367052078
3538439949.0,-0.3536264598369598,-0.1501272767782211,9.971726417541504,2.638612031936645,0.2532607614994049,-0.0078891841694712
3538448282.0,-0.2273230701684951,-0.1627370566129684,9.60606861114502,2.8016977310180664,0.1823093146085739,0.0669428035616874
3538456615.0,-0.3269357085227966,-0.0951396152377128,9.615516662597656,2.899287939071656,0.8755072951316833,0.149138867855072
3538464948.0,-0.4763720035552978,0.0334359481930732,9.764528274536133,2.994931936264038,1.2507816553115845,0.2535169124603271
3538473281.0,-0.5770879983901978,-0.1348399966955185,10.079811096191406,2.795447587966919,0.7805297374725342,0.0310572534799575
3538481614.0,-0.373688131570816,-0.3860735595226288,9.86832332611084,2.926234245300293,0.0853338316082954,0.0076458500698208
3538489947.0,-0.3062655925750732,-0.2578162252902984,9.580507278442385,3.101128339767456,0.2848431169986725,0.0270614419132471
3538498280.0,-0.3415907323360443,0.037331897765398,9.654760360717772,3.456115961074829,1.1092885732650757,0.1495230942964553
3538506613.0,-0.405421108007431,0.0154524128884077,9.9763822555542,3.108684539794922,0.8973819613456726,0.1636365354061126
3538514946.0,-0.3182647228240967,-0.2161988615989685,9.906777381896973,3.0020523071289062,0.1791587769985199,0.1571305245161056
3538523279.0,-0.2433169037103653,-0.362125039100647,9.654991149902344,3.198077917098999,0.1437855064868927,0.0720912665128707
3538531612.0,-0.3262653648853302,-0.1173276007175445,9.6658353805542,3.455040454864502,1.0532959699630735,0.186868667602539
3538539945.0,-0.4978018701076507,0.0262351781129837,9.932461738586426,3.5289113521575928,1.184850573539734,0.2097934037446975
3538548278.0,-0.4158331453800201,-0.1378065198659896,10.098365783691406,3.1919307708740234,0.5270000696182251,0.1045445054769516
3538556611.0,-0.2958954572677612,-0.2804456353187561,9.751059532165527,3.2562222480773926,0.095220923423767,0.1765205115079879
3538564944.0,-0.3034269213676452,-0.266232430934906,9.577794075012209,3.6397438049316406,0.8279672265052795,0.1764692515134811
3538573277.0,-0.4236635863780975,-0.0990335196256637,9.752113342285156,3.777369499206543,1.168483018875122,0.2363041043281555
3538581610.0,-0.377989113330841,-0.1684499531984329,9.96505069732666,3.67009711265564,0.5608108043670654,0.1713976562023162
3538589943.0,-0.2187388092279434,-0.3553666770458221,9.79349422454834,3.611850500106812,0.1069522425532341,0.162816897034645
3538598276.0,-0.1787011474370956,-0.3296362161636352,9.476726531982422,3.9166340827941895,0.4640146791934967,0.2139172703027725
3538606609.0,-0.3000724613666534,-0.1617785692214965,9.576981544494627,4.137480735778809,1.3088233470916748,0.1601273864507675
3538614942.0,-0.4365158379077911,-0.1733411103487014,9.884899139404297,4.154539585113525,1.1982723474502563,0.2770563960075378
3538623275.0,-0.4030986428260803,-0.320447713136673,9.982215881347656,3.922755718231201,0.405358076095581,0.0904054418206214
3538631608.0,-0.2473231256008148,-0.3116927742958069,9.71619987487793,4.15103006362915,0.3570496141910553,0.2019298076629638
3538639941.0,-0.2571270763874054,-0.0252667311578989,9.684446334838867,4.583142280578613,1.0308833122253418,0.2098958641290664
3538648274.0,-0.3304239809513092,0.1602714210748672,9.89792251586914,4.455352783203125,1.484793186187744,0.2695770263671875
3538656607.0,-0.2789030373096466,0.0523916371166706,10.06715202331543,4.062737941741943,0.7979217767715454,0.3175012469291687
3538664940.0,-0.2019265294075012,-0.1236347258090972,9.83257293701172,3.98963475227356,0.4688813388347626,0.2898890674114227
3538673273.0,-0.2157137542963028,-0.0516394525766372,9.694355964660645,4.158843040466309,0.9530673027038574,0.3713423907756805
3538681606.0,-0.405460000038147,0.2588161528110504,9.931056022644045,4.264450073242188,1.6303845643997192,0.332459956407547
3538689939.0,-0.4572250843048095,0.3116051256656647,10.195783615112305,3.927417755126953,1.2323648929595947,0.2605864107608795
3538698272.0,-0.3631530404090881,0.1712505668401718,10.219005584716797,3.5860824584960938,0.7189018726348877,0.2009820789098739
3538706605.0,-0.3096221685409546,0.1060465425252914,9.886298179626465,3.7936086654663086,0.8751999735832214,0.2125853300094604
3538714938.0,-0.342211365699768,0.2592065930366516,9.882826805114746,3.8863580226898193,1.4247533082962036,0.3065126836299896
3538723271.0,-0.3688010573387146,0.4018241465091705,10.092013359069824,3.7300853729248047,1.2411248683929443,0.0519072450697422
3538731604.0,-0.3229281902313232,0.3297835886478424,10.147871971130373,3.470536947250366,0.7738701701164246,0.0982434079051017
3538739937.0,-0.2254669815301895,0.211640402674675,10.027074813842772,3.4647738933563232,0.8851895928382874,0.0911482647061348
3538748270.0,-0.2797898650169372,0.4245391190052032,9.871455192565918,3.6320085525512695,1.4439128637313845,0.0868450626730918
3538756603.0,-0.4818787574768066,0.5523716807365417,10.067322731018066,3.456730604171753,1.7201367616653442,-0.0287647880613803
3538764936.0,-0.5444300174713135,0.4669010043144226,10.240864753723145,3.11065673828125,1.4228323698043823,-0.0193387493491172
3538773269.0,-0.4502891004085541,0.2143821269273758,10.14328670501709,2.9719812870025635,0.9188209772109984,-0.0527909435331821
3538781602.0,-0.386553406715393,0.284310907125473,9.99098777770996,3.2293789386749268,1.186720371246338,-0.0688766837120056
3538789935.0,-0.467888206243515,0.5915848612785339,10.01486587524414,3.28206753730774,1.5297462940216064,-0.0016136969206854
3538798268.0,-0.5135015249252319,0.7323205471038818,10.206412315368652,3.000105857849121,1.4410183429718018,-0.1194135621190071
3538806601.0,-0.4275184273719787,0.4419307112693786,10.21625804901123,2.549858570098877,1.0024771690368652,0.0393562726676464
3538814934.0,-0.3643830716609955,0.2638548612594604,10.00635051727295,2.6521875858306885,0.999736487865448,-0.045414038002491
3538823267.0,-0.4871895909309387,0.4348038733005523,9.898482322692873,2.7993922233581543,1.3103089332580566,0.0428141914308071
3538831600.0,-0.6515722870826721,0.6088076233863831,10.080647468566896,2.744962215423584,1.5612261295318604,0.0125125544145703
3538839933.0,-0.6484935283660889,0.4680119454860687,10.25148105621338,2.2215096950531006,1.0249663591384888,0.0446071922779083
3538848266.0,-0.5963023900985718,0.2367215901613235,10.09060001373291,2.053685426712036,0.7186970710754395,-0.0053021470084786
3538856599.0,-0.5817025899887085,0.2965634167194366,9.89291000366211,2.368587017059326,1.0546276569366455,0.0736537426710128
3538864932.0,-0.6718139052391052,0.4188122749328613,9.957305908203123,2.418867349624634,1.2902274131774902,0.0731926783919334
3538873265.0,-0.7116533517837524,0.3913014829158783,10.1552152633667,2.145307302474976,0.9914886355400084,0.1384065151214599
3538881598.0,-0.5405083298683167,0.1539430618286132,10.10634994506836,1.8576083183288568,0.4694705009460449,0.1128947287797927
3538889931.0,-0.4556707739830017,0.1335617154836654,9.814241409301758,1.8542015552520752,0.4910377264022827,0.0607953816652298
3538898264.0,-0.5775893926620483,0.2503558695316314,9.790640830993652,2.266488552093506,1.1368749141693115,0.1329250633716583
3538906597.0,-0.7218195199966431,0.2379323244094848,9.98936367034912,2.026995182037353,1.1159993410110474,0.1236271038651466
3538914930.0,-0.6974391341209412,0.0324996747076511,10.117916107177734,1.836911916732788,0.4946492910385132,0.0493202060461044
3538923263.0,-0.5583751201629639,-0.1069460809230804,9.960161209106444,1.850538849830628,0.0437619164586067,0.0552627108991146
3538931596.0,-0.5299783945083618,0.0097889956086874,9.758126258850098,2.320406436920166,0.5883973240852356,0.0434545464813709
3538939929.0,-0.5909709334373474,0.1570760309696197,9.868941307067873,2.3483004570007324,0.9035550355911256,0.0990630611777305
3538948262.0,-0.5465535521507263,0.0649951472878456,10.013018608093262,2.032323122024536,0.5284345149993896,0.0486542396247386
3538956595.0,-0.4426535964012146,-0.1849992871284485,9.923381805419922,1.769265055656433,0.1094624400138855,0.0594378262758255
3538964928.0,-0.3604860007762909,-0.2719502747058868,9.657611846923828,2.201376914978028,0.4528724551200866,-0.0082733975723385
3538973261.0,-0.4603521823883056,-0.058028444647789,9.802818298339844,2.369765043258667,0.839237630367279,0.1683495789766311
3538981594.0,-0.5100621581077576,0.0230845194309949,10.010268211364746,2.365103244781494,0.7518418431282043,0.0180964581668376
3538989927.0,-0.3830572366714477,-0.1168216913938522,10.026973724365234,2.019336462020874,0.0936840623617172,-0.0148306423798203
3538998260.0,-0.272080659866333,-0.2803616821765899,9.817506790161133,2.049202680587769,0.2093579471111297,0.1219621822237968
3539006593.0,-0.3518078327178955,-0.2458192706108093,9.686631202697754,2.488410234451294,0.7295318245887756,0.1082585752010345
3539014926.0,-0.4533857107162475,-0.0895420461893081,9.900680541992188,2.563792943954468,0.7315809726715088,0.0036756431218236
3539023259.0,-0.3564964532852173,-0.1250903606414795,10.02524185180664,2.341691732406616,0.1809261441230774,-0.0092723537236452
3539031592.0,-0.1904572546482086,-0.2540651261806488,9.899181365966797,2.210367679595948,-0.0364234410226345,0.0060833808965981
3539039925.0,-0.1796978116035461,-0.2154511213302612,9.70380973815918,2.497580051422119,0.6123210787773132,0.0661999955773353
3539048258.0,-0.359256774187088,-0.0585697516798973,9.81163215637207,2.7073862552642822,1.109775185585022,0.0580034330487251
3539056591.0,-0.4494809508323669,-0.0609844848513603,10.002490043640137,2.516969919204712,0.7527639269828796,0.0897394716739654
3539064924.0,-0.3502982854843139,-0.2519133687019348,10.01535415649414,2.3845701217651367,0.0727060139179229,-0.0127558894455432
3539073257.0,-0.2186254560947418,-0.3335027396678924,9.804174423217772,2.50311279296875,0.2091018259525299,0.0781362280249595
3539081590.0,-0.2955673336982727,-0.0760714262723922,9.754619598388672,2.850954055786133,0.9105989336967468,0.0366667807102203
3539089923.0,-0.4104421138763428,0.1048205196857452,9.95414924621582,2.850287914276123,0.9488921761512756,0.1004718318581581
3539098256.0,-0.3688485324382782,-0.0110921617597341,10.073163986206056,2.57132339477539,0.33476522564888,-0.0786613151431083
3539106589.0,-0.2165781706571579,-0.248187705874443,9.852384567260742,2.5309042930603027,0.214301511645317,-0.057888176292181
3539114922.0,-0.2544292509555816,-0.1446889787912368,9.693062782287598,2.9219565391540527,0.8743546605110168,-0.0193643607199192
3539123255.0,-0.4277004897594452,0.0888764262199401,9.865182876586914,3.025207757949829,1.3165075778961182,0.1111785843968391
3539131588.0,-0.4837794899940491,0.160972774028778,10.103348731994627,2.8998003005981445,0.8227933049201965,0.0900468453764915
3539139921.0,-0.4067020118236542,0.0058799483813345,10.035563468933104,2.5637927055358887,0.4706231355667114,0.0741403996944427
3539148254.0,-0.3541129529476166,-0.0543806664645671,9.769441604614258,2.7497525215148926,0.6664440035820007,0.0540332347154617
3539156587.0,-0.456061989068985,0.0730575174093246,9.784268379211426,3.126588821411133,1.1696100234985352,0.0864352360367775
3539164920.0,-0.5630462765693665,0.221214473247528,9.966543197631836,3.049694538116455,1.054012894630432,0.0612052045762538
3539173253.0,-0.44880411028862,0.1049744710326194,10.016204833984377,2.6503946781158447,0.505535364151001,-0.0051228469237685
3539181586.0,-0.2879225611686706,-0.0083572017028927,9.780714988708496,2.705951452255249,0.3990057110786438,-0.0229247398674488
3539189919.0,-0.3698845505714416,0.060119766741991,9.60917854309082,3.02116060256958,0.957191288471222,0.1659418195486068
3539198252.0,-0.5598822236061096,0.154055505990982,9.719352722167969,3.027845859527588,1.2890236377716064,0.1431451588869094
3539206585.0,-0.600511372089386,0.1058446839451789,9.86829948425293,2.8383774757385254,0.7350901365280151,0.153314009308815
3539214918.0,-0.5062028169631958,-0.0744078680872917,9.82957363128662,2.749009370803833,0.3609173893928528,0.1321054250001907
3539223251.0,-0.4292539060115814,-0.1007202267646789,9.638631820678713,3.106661081314087,0.6236681342124939,0.1195800453424453
3539231584.0,-0.4902434647083282,0.1059846132993698,9.707104682922363,3.395769119262696,0.944896399974823,0.1584624797105789
3539239917.0,-0.5324505567550659,0.1871381253004074,9.861756324768066,3.2029707431793213,0.7474874258041382,0.0363081805408
3539248250.0,-0.4455436468124389,-0.0177464988082647,9.854143142700195,2.952770948410034,0.2886084318161011,0.03725590929389
3539256583.0,-0.3151400685310364,-0.1711284667253494,9.66318130493164,3.103663921356201,0.1815152615308761,0.123806394636631
3539264916.0,-0.3884019255638122,-0.1044924780726432,9.602853775024414,3.446818351745605,0.7874969244003296,0.1259580105543136
3539273249.0,-0.468515396118164,0.0929454341530799,9.70275592803955,3.488543510437012,0.9808587431907654,0.2172471284866333
3539281582.0,-0.4759424924850464,0.0304092355072498,9.892722129821776,3.1688523292541504,0.4820982813835144,0.1998038440942764
3539289915.0,-0.3619778752326965,-0.1850947439670562,9.69174098968506,3.177279472351074,0.3109440207481384,0.1729345023632049
3539298248.0,-0.3696547150611877,-0.2438256293535232,9.501458168029783,3.5191266536712646,0.5734642744064331,0.2052852660417556
3539306581.0,-0.4438228905200958,-0.1191897988319397,9.556486129760742,3.69322681427002,0.9723034501075744,0.2182460725307464
3539314914.0,-0.3962480425834656,-0.0050125569105148,9.816854476928713,3.6767306327819824,0.6349639296531677,0.0811586901545524
3539323247.0,-0.2659342885017395,-0.1072542294859886,9.911683082580566,3.499506711959839,0.0397917181253433,0.1350254714488983
3539331580.0,-0.1009810119867324,-0.1818955093622207,9.61601448059082,3.5812671184539795,0.2148650288581848,0.1505988985300064
3539339913.0,-0.2362874895334243,-0.0739045515656471,9.62684726715088,3.8603341579437256,0.8309897780418396,0.2372262328863144
3539348246.0,-0.3405555188655853,0.0593117550015449,9.805487632751465,3.793480634689331,1.008880615234375,0.1045957207679748
3539356579.0,-0.3623756766319275,-0.0098627656698226,10.115192413330078,3.5267598628997803,0.7508684992790222,0.1908644586801529
3539364912.0,-0.2601859867572784,-0.0758092850446701,10.030519485473633,3.491156578063965,0.4883482456207275,0.1785184293985366
3539373245.0,-0.2670223414897918,0.0529276616871356,9.879753112792969,3.805083990097046,0.7650587558746338,0.1876114606857299
3539381578.0,-0.3194727897644043,0.305169939994812,9.996048927307127,3.888099431991577,0.9658229947090148,0.1536725908517837
3539389911.0,-0.352433979511261,0.3519867062568664,10.209861755371094,3.392797470092773,0.8518909811973572,0.1365366727113723
3539398244.0,-0.2798233032226562,0.2338635921478271,10.236128807067873,2.9646553993225098,0.5791762471199036,0.196038544178009
3539406577.0,-0.2913995385169983,0.2286476194858551,10.127665519714355,3.0787155628204346,0.6692871451377869,0.0832590609788894
3539414910.0,-0.3781571686267853,0.460642546415329,10.092262268066406,3.208580255508423,1.1117987632751465,0.0779313221573829
3539423243.0,-0.4813161194324493,0.6448746919631958,10.323625564575195,2.9262852668762207,1.1493747234344482,0.0469893105328083
3539431576.0,-0.4874811172485351,0.6110463738441467,10.494973182678224,2.347532033920288,0.947457790374756,-0.0363978296518325
3539439909.0,-0.4657306671142578,0.5414872765541077,10.39639377593994,2.152735710144043,0.7607812285423279,-0.0691328197717666
3539448242.0,-0.5050538778305054,0.5961055755615234,10.306304931640623,2.0706677436828613,0.9684358835220336,-0.0802237913012504
3539456575.0,-0.5580535531044006,0.6758373975753784,10.33726978302002,2.0861642360687256,1.1239653825759888,0.0173536427319049
3539464908.0,-0.5322549939155579,0.6030398607254028,10.418083190917969,1.692473530769348,0.7708732485771179,-0.1550685912370681
3539473241.0,-0.4293009042739868,0.4140898883342743,10.358551025390623,1.5188599824905396,0.7177236676216125,-0.27668496966362
3539481574.0,-0.4270373284816742,0.3701855540275574,10.073739051818848,1.7187790870666504,0.8737911581993103,-0.136293351650238
3539489907.0,-0.5537492632865906,0.3504171967506408,9.92698097229004,1.94454288482666,1.1763465404510498,-0.1119854375720024
3539498240.0,-0.6743727922439575,0.196661114692688,10.019908905029297,1.7739009857177734,1.099068522453308,-0.2571156620979309
3539506573.0,-0.6837467551231384,-0.0184109918773174,10.094931602478027,1.6086124181747437,0.8697954416275024,-0.1056843400001525
3539514906.0,-0.6244114637374878,-0.0923293083906173,9.921977043151855,2.083141565322876,0.6249487996101379,-0.1546587496995926
3539523239.0,-0.6378476023674011,0.0721988752484321,9.75117301940918,2.416536569595337,0.7040712237358093,-0.1343466490507125
3539531572.0,-0.622124433517456,0.2019320875406265,9.758132934570312,2.5029079914093018,0.9106757640838624,-0.0391641668975353
3539539905.0,-0.5416632294654846,0.0648452416062355,9.91774082183838,2.30076003074646,0.5624501705169678,-0.0509979389607906
3539548238.0,-0.4558696746826172,-0.0394694022834301,9.878213882446287,2.2900278568267822,0.5669838786125183,0.0419433116912841
3539556571.0,-0.4639110565185547,0.0318063460290432,9.743767738342283,2.5525481700897217,0.5625782608985901,0.0965528637170791
3539564904.0,-0.5504629611968994,0.2157091796398162,9.832274436950684,2.675368309020996,0.7804272770881653,0.1431451439857483
3539573237.0,-0.5723615288734436,0.2894752025604248,9.993535995483398,2.341461181640625,0.636936366558075,0.2281075567007064
3539581570.0,-0.5477135181427002,0.1762704253196716,10.04450511932373,2.065468072891236,0.4159111678600311,0.2209612131118774
3539589903.0,-0.500472366809845,0.081997811794281,9.925141334533691,2.085523843765259,0.3221118152141571,0.3974944949150085
3539598236.0,-0.5135939717292786,0.1632994562387466,9.855962753295898,2.1124958992004395,0.6085813641548157,0.3429361879825592
3539606569.0,-0.5093323588371277,0.2361867427825927,9.986035346984863,1.9298405647277832,0.5192389488220215,0.4141949713230133
3539614902.0,-0.4161953330039978,0.2008732855319976,10.09298324584961,1.5320769548416138,0.303131639957428,0.3254672288894653
3539623235.0,-0.3305328786373138,0.1040237918496131,10.03124713897705,1.4380983114242554,0.2641211450099945,0.3266967535018921
3539631568.0,-0.3423209488391876,0.0822862684726715,9.83436679840088,1.5606369972229004,0.4552033543586731,0.352157324552536
3539639901.0,-0.4104873538017273,0.0745898485183715,9.834851264953612,1.4306191205978394,0.5602473616600037,0.2187327593564987
3539648234.0,-0.4608863592147827,-0.012817925773561,9.971872329711914,1.3444784879684448,0.5493869185447693,0.2193731069564819
3539656567.0,-0.4037708640098572,-0.1584140360355377,10.021126747131348,1.333438754081726,0.4080987870693207,0.0632543489336967
3539664900.0,-0.3953190743923187,-0.1917709559202194,9.870126724243164,1.7193682193756104,0.3459842801094055,-0.0462849214673042
3539673233.0,-0.4618977606296539,-0.0701582282781601,9.82948875427246,1.858735203742981,0.4017976820468902,-0.0702854543924331
3539681566.0,-0.437189519405365,-0.0390714965760707,9.848955154418944,1.7502590417861938,0.4697522521018982,-0.1481783390045166
3539689899.0,-0.3396740853786468,-0.2328822761774063,9.93398380279541,1.5341004133224487,0.1846145689487457,-0.2399028986692428
3539698232.0,-0.2762306332588196,-0.4133576452732086,9.830599784851074,1.8731049299240112,0.1617923080921173,-0.1871888041496276
3539706565.0,-0.2971339225769043,-0.3723196685314178,9.621569633483888,2.3439457416534424,0.303592711687088,-0.2488166689872741
3539714898.0,-0.3942732214927673,-0.1838201582431793,9.749703407287598,2.4832873344421387,0.6218752264976501,-0.2348057180643081
3539723231.0,-0.3919996321201324,-0.2041386663913726,9.882128715515137,2.343791961669922,0.5086602568626404,-0.3523494005203247
3539731564.0,-0.3046770393848419,-0.3724981248378753,9.895410537719728,2.354166030883789,0.2098190188407898,-0.225891962647438
3539739897.0,-0.3432489931583404,-0.4411053359508514,9.700178146362305,2.816861629486084,0.3431154787540436,-0.2391345053911209
3539748230.0,-0.4198677539825439,-0.3414337933063507,9.62778663635254,2.978794574737549,0.6281507015228271,-0.0749216303229332
3539756563.0,-0.4351225793361664,-0.2345267534255981,9.676984786987305,2.788480997085572,0.4329445958137512,-0.0169053953140974
3539764896.0,-0.2938407361507416,-0.3194922506809234,9.767745971679688,2.64365816116333,0.192298874258995,-0.0168541669845581
3539773229.0,-0.2101511508226394,-0.3851902782917022,9.655736923217772,2.8961377143859863,0.3891443014144897,0.1559522747993469
3539781562.0,-0.3073563873767853,-0.294106513261795,9.512812614440918,3.30033016204834,0.7393932938575745,0.2493418008089065
3539789895.0,-0.4308381676673889,-0.1295824348926544,9.66884422302246,3.2324013710021973,0.8832941651344299,0.1862795203924179
3539798228.0,-0.430884301662445,-0.1567258536815643,9.781596183776855,3.126230239868164,0.4307673871517181,0.3103292882442474
3539806561.0,-0.3553983569145202,-0.335259735584259,9.70204734802246,3.1179823875427246,0.2122523486614227,0.3864035606384277
3539814894.0,-0.3545680642127991,-0.2368410527706146,9.589488983154297,3.4028639793396,0.6802244186401367,0.351260781288147
3539823227.0,-0.4339751601219177,-0.0011612502858042,9.61557674407959,3.697811603546143,0.6869353652000427,0.3181671798229217
3539831560.0,-0.4742515683174133,0.1052809357643127,9.753057479858398,3.36928391456604,0.6053284406661987,0.4048458337783813
3539839893.0,-0.335913598537445,-0.0633783265948295,9.793220520019531,3.1563525199890137,0.372008353471756,0.2530814707279205
3539848226.0,-0.2774977087974548,-0.1411771029233932,9.623639106750488,3.350816249847412,0.4167820811271667,0.2688854336738586
3539856559.0,-0.3568168580532074,-0.0004237215034663,9.620333671569824,3.653422117233277,0.8306568264961243,0.4239027500152588
3539864892.0,-0.4561360478401184,0.1902091354131698,9.795198440551758,3.682161331176758,0.6077617406845093,0.3813319206237793
3539873225.0,-0.4038404822349548,0.1610562801361084,9.909982681274414,3.4430530071258545,0.5280503034591675,0.2642748951911926
3539881558.0,-0.3164049685001373,0.0333057940006256,9.889891624450684,3.3237414360046387,0.3345603346824646,0.1592564880847931
3539889891.0,-0.3315868079662323,0.0276627540588378,9.769742965698242,3.625452041625977,0.6085558533668518,0.1084122434258461
3539898224.0,-0.4127757549285888,0.2008845806121826,9.887231826782228,3.7367196083068848,0.9080373644828796,0.1318236589431762
3539906557.0,-0.4069449007511139,0.2139417678117752,10.045851707458496,3.34863829612732,0.4328677654266357,-0.0182373337447643
3539914890.0,-0.2025829851627349,0.1202213391661644,10.053616523742676,3.239367961883545,0.1452967375516891,-0.0860638245940208
3539923223.0,-0.1253520995378494,0.0630765184760093,9.842185974121094,3.14549207687378,0.3810245990753174,0.016329076141119
3539931556.0,-0.2531817257404327,0.1723916977643966,9.813104629516602,3.454886674880981,0.9614687561988832,0.0576448440551757
3539939889.0,-0.4161612093448639,0.2502821981906891,10.02746295928955,3.295079708099365,1.067076325416565,-0.0076330434530973
3539948222.0,-0.4057691395282745,0.113652266561985,10.19802474975586,3.0896530151367188,0.5865530967712402,-0.1106278598308563
3539956555.0,-0.3346225023269653,0.0373257175087928,10.060150146484377,3.059248924255371,0.4981071949005127,-0.1009713113307952
3539964888.0,-0.3251998424530029,0.1538712829351425,9.976607322692873,3.371281623840332,0.9734562039375304,-0.0278682857751846
3539973221.0,-0.4203107953071594,0.3441351652145386,10.07544994354248,3.29997181892395,1.174553632736206,0.0454780794680118
3539981554.0,-0.4028998911380768,0.3307904005050659,10.223063468933104,2.9430885314941406,0.9288618564605712,0.0034195003099739
3539989887.0,-0.3123491406440735,0.1465747654438018,10.080913543701172,2.669887065887451,0.4949567019939422,-0.0724626705050468
3539998220.0,-0.3221845328807831,0.0989417061209678,9.945965766906738,2.988938093185425,0.8557332158088684,0.025114756077528
3540006553.0,-0.4636498689651489,0.3229216039180755,9.98437213897705,3.046313762664795,1.312537431716919,0.0336186811327934
3540014886.0,-0.573703944683075,0.3803441822528839,10.194579124450684,2.8016467094421387,1.1755523681640625,0.0616406574845314
3540023219.0,-0.5451109409332275,0.3152867555618286,10.27904224395752,2.4853625297546387,0.7464373111724854,0.084334872663021
3540031552.0,-0.483758807182312,0.1568213403224945,10.018362045288086,2.4772934913635254,0.7297623753547668,0.0609490685164928
3540039885.0,-0.5426920652389526,0.2277547717094421,9.965055465698242,2.7979838848114014,1.1514495611190796,0.1536213755607605
3540048218.0,-0.5650454163551331,0.3222709000110626,10.002714157104492,2.6579763889312744,1.1665363311767578,0.1281864494085312
3540056551.0,-0.5468926429748535,0.290040522813797,10.23044776916504,2.432545661926269,0.7889825105667114,0.152699276804924
3540064884.0,-0.4088186025619507,0.1766824573278427,9.912171363830566,2.331907033920288,0.5444177389144897,0.0855643451213836
3540073217.0,-0.4511683583259582,0.2039032131433487,9.902979850769045,2.4890761375427246,0.8377519845962524,0.1605628281831741
3540081550.0,-0.562135636806488,0.3326278030872345,9.811270713806152,2.537205457687378,1.1454559564590454,0.209486037492752
3540089883.0,-0.6761069297790527,0.2169339805841446,10.07588005065918,2.352142572402954,0.9434619545936584,-0.0113727198913693
3540098216.0,-0.624503493309021,0.0727118700742721,10.075175285339355,2.2065253257751465,0.5519739389419556,0.0876903310418129
3540106549.0,-0.5003513097763062,-0.0193983670324087,9.869770050048828,2.3706870079040527,0.5839405059814453,0.037845030426979
3540114882.0,-0.5213688015937805,0.1662420332431793,9.819293022155762,2.700035095214844,0.7741262912750244,0.1879444569349289
3540123215.0,-0.5230563879013062,0.263788104057312,9.868878364562988,2.5079023838043213,0.7978962063789368,0.13722825050354
3540131548.0,-0.4477633535861969,0.1351248770952224,10.016037940979004,2.3430237770080566,0.4291537404060364,0.0292130354791879
3540139881.0,-0.3384373784065246,-0.0804037302732467,9.771265983581545,2.1623666286468506,0.4083037078380584,0.1696302741765976
3540148214.0,-0.3680275678634643,-0.0751077681779861,9.712949752807615,2.4908690452575684,0.6410346031188965,0.0807744860649108
3540156547.0,-0.4705025851726532,0.1046895831823349,9.712350845336914,2.64896011352539,0.9698957204818726,0.1831802129745483
3540164880.0,-0.4916489720344543,0.1349298954010009,10.041954040527344,2.4665353298187256,0.8043254613876343,-0.0075561986304819
3540173213.0,-0.4076080322265625,-0.0268737208098173,9.930778503417969,2.2535533905029297,0.3709069788455963,0.0413541868329048
3540181546.0,-0.3908836841583252,-0.1514326632022857,9.76285457611084,2.4735536575317383,0.5293565988540649,0.146603062748909
3540189879.0,-0.421089768409729,-0.0101638324558734,9.65360164642334,2.5765745639801025,0.8400573134422302,0.0023437025956809
3540198212.0,-0.3977995812892914,0.013816962018609,9.91443157196045,2.581492185592652,0.7096039056777954,0.0693761482834816
3540206545.0,-0.2769507467746734,0.0181892905384302,9.971552848815918,2.4421253204345703,0.4303576052188873,0.0317488461732864
3540214878.0,-0.1790139228105545,-0.1551903337240219,9.85519027709961,2.3572139739990234,0.257794439792633,0.0539563857018947
3540223211.0,-0.2316064238548278,-0.0610348358750343,9.662882804870604,2.728466272354126,0.6802499890327454,0.0607441551983356
3540231544.0,-0.3707121610641479,-0.0140311382710933,9.67503833770752,2.638176679611206,1.1349539756774902,0.0657645538449287
3540239877.0,-0.4077819287776947,-0.0780003145337104,10.014528274536133,2.5486035346984863,0.9011728167533876,0.0400734692811965
3540248210.0,-0.3644860088825226,-0.2791384756565094,9.964720726013184,2.4547786712646484,0.603304922580719,-0.0359623841941356
3540256543.0,-0.3395469784736633,-0.2522127032279968,9.85893726348877,2.857229471206665,0.5413697361946106,-0.030532170087099
3540264876.0,-0.3319664001464844,0.0104470942169427,9.75425910949707,2.9359161853790283,0.981473445892334,0.0688382536172866
3540273209.0,-0.334577739238739,0.0689701363444328,9.967370986938477,2.77925968170166,1.0778597593307495,0.037665732204914
3540281542.0,-0.271107941865921,-0.1341007351875305,9.907684326171877,2.517226219177246,0.698769211769104,0.1383552998304367
3540289875.0,-0.2530123293399811,-0.3360623717308044,9.821684837341309,2.754542112350464,0.7575794458389282,0.0200687516480684
3540298208.0,-0.324746161699295,-0.111268825829029,9.78630542755127,3.05563759803772,1.0522457361221311,0.0046489839442074
3540306541.0,-0.4329508543014526,0.0717625692486763,9.762359619140623,2.981304883956909,1.10762357711792,0.0020363319199532
3540314874.0,-0.4450045824050903,0.1211129426956176,10.12812042236328,2.8254165649414062,1.2118221521377563,0.0610003061592578
3540323207.0,-0.3809142112731933,-0.1082733869552612,10.142170906066896,2.6749839782714844,0.8142893314361572,0.0446840301156044
3540331540.0,-0.4738548099994659,-0.0788209959864616,10.033062934875488,3.071851253509521,1.177909016609192,0.1182737350463867
3540339873.0,-0.5537607073783875,0.1002198830246925,9.884730339050291,3.2447986602783203,0.9423349499702454,0.1151231899857521
3540348206.0,-0.4819531738758087,0.1734265089035034,9.90770149230957,2.8533360958099365,0.7109358906745911,0.0376913473010063
3540356539.0,-0.3503605425357818,0.0198180172592401,9.92424774169922,2.66325306892395,0.6179306507110596,0.0252940580248832
3540364872.0,-0.3309134244918823,-0.0137748513370752,10.016678810119627,3.0083022117614746,0.8538120985031128,0.0491409115493297
3540373205.0,-0.4544169902801513,0.1749418824911117,9.86344051361084,3.1015636920928955,1.1774736642837524,0.1170186325907707
3540381538.0,-0.6103078126907349,0.2093217521905899,9.98131275177002,3.121005058288574,1.1765259504318235,0.0530342794954776
3540389871.0,-0.5542581081390381,0.0711919367313385,10.000869750976562,2.6816437244415283,0.5906001925468445,0.0735256597399711
3540398204.0,-0.4584050178527832,-0.1241320893168449,9.945563316345217,2.6291348934173584,0.5174204111099243,0.0564409606158733
3540406537.0,-0.4739772975444793,0.1223994642496109,9.820958137512209,3.075744390487671,0.740187406539917,0.0317744575440883
3540414870.0,-0.5434936881065369,0.3313311338424682,9.896597862243652,3.204839944839477,1.127192735671997,-0.046412993222475
3540423203.0,-0.518457293510437,0.3089991211891174,10.08236312866211,2.9084835052490234,0.8737655878067017,0.1396103948354721
3540431536.0,-0.39240363240242,0.0227782502770423,9.882746696472168,2.4431755542755127,0.4100711047649383,0.042404368519783
3540439869.0,-0.3623542189598083,-0.0018420126289129,9.783879280090332,2.7878661155700684,0.5134245753288269,0.1076694428920745
3540448202.0,-0.4374422430992126,0.2511371076107025,9.7428617477417,3.0623996257781982,1.0988892316818235,0.120117962360382
3540456535.0,-0.5035567283630371,0.3609668910503387,9.985154151916504,2.9167568683624268,1.1487088203430176,0.0467331670224666
3540464868.0,-0.4847710132598877,0.1883323639631271,10.04779815673828,2.6074650287628174,0.5724141001701355,0.0267284531146287
3540473201.0,-0.4228118360042572,-0.0061975419521331,9.917694091796877,2.491023063659668,0.3568447530269623,0.0074665499851107
3540481534.0,-0.4301354885101318,0.1001875847578048,9.75425148010254,2.781616449356079,0.73980313539505,0.0141518637537956
3540489867.0,-0.4838531613349914,0.2243826985359192,9.87539005279541,2.8259799480438232,1.0666919946670532,0.1001900732517242
3540498200.0,-0.4154149293899536,0.2068867534399032,10.006303787231444,2.6732680797576904,0.6459013223648071,0.0339516699314117
3540506533.0,-0.2807073593139648,-0.0138308517634868,9.90721321105957,2.405983686447144,0.3347140252590179,0.0884587615728378
3540514866.0,-0.2515614628791809,0.0398491770029068,9.721550941467283,2.6582326889038086,0.5065599679946899,0.1055946946144104
3540523199.0,-0.3951820731163025,0.1949300915002823,9.74732494354248,2.755079746246338,1.1269879341125488,0.1608445942401886
3540531532.0,-0.4666802287101745,0.1687155812978744,9.97910213470459,2.716760873794556,1.211642861366272,0.1274692267179489
3540539865.0,-0.4323654174804687,-0.0710298046469688,10.024255752563477,2.4473249912261963,0.5678291916847229,0.1069778576493263
3540548198.0,-0.3713767826557159,-0.1199010238051414,9.883166313171388,2.494429588317871,0.3254416882991791,0.0476040542125701
