SampleTimeFine,Acc_X,Acc_Y,Acc_Z,Gyr_X,Gyr_Y,Gyr_Z
2049344475.0,0.0,0.0,0.0,0.0,0.0,0.0
2049352808.0,-0.6053308844566345,0.6604411005973816,10.125811576843262,2.296661853790283,-0.3912574052810669,0.2223443686962127
2049361141.0,-0.5236217379570007,0.4349929690361023,10.05199909210205,1.6135557889938354,-0.5770374536514282,0.2066940516233444
2049369474.0,-0.5862396955490112,0.4251648783683777,9.696800231933594,1.4004710912704468,-0.4501445293426513,0.4191385209560394
2049377807.0,-0.7047222256660461,0.6195530891418457,9.680927276611328,1.8752310276031487,-0.1802986115217209,0.3452670872211456
2049386140.0,-0.690216600894928,0.669105052947998,9.95700454711914,2.369047880172729,-0.0657261312007904,0.2989053428173065
2049394473.0,-0.6606252789497375,0.5776584148406982,10.088922500610352,2.236698865890503,0.0775214806199073,0.3600977063179016
2049402806.0,-0.6896277070045471,0.5194770097732544,9.932886123657228,1.789038896560669,0.0307242758572101,0.3538478314876556
2049411139.0,-0.7445644736289978,0.6031801700592041,9.778077125549316,1.7547671794891355,0.0969114527106285,0.2512884438037872
2049419472.0,-0.7275607585906982,0.6647871136665344,9.873663902282717,2.086548328399658,-0.0539179630577564,0.4895776808261871
2049427805.0,-0.6036335229873657,0.5290245413780212,10.113974571228027,2.1320135593414307,-0.2788621783256531,0.3762346506118774
2049436138.0,-0.5754176378250122,0.5418884754180908,9.961433410644531,1.8485407829284668,-0.7232179045677185,0.3770799338817596
2049444471.0,-0.6507486701011658,0.6100778579711914,9.655926704406738,1.7733886241912842,-0.6498075723648071,0.5212369561195374
2049452804.0,-0.7213455438613892,0.6876609325408936,9.633779525756836,2.116030216217041,-0.1363445520401001,0.4075608849525451
2049461137.0,-0.6928273439407349,0.610745370388031,9.785430908203123,2.156654357910156,0.1509318649768829,0.3134541809558868
2049469470.0,-0.6569732427597046,0.4283492267131805,9.88965892791748,1.9103991985321045,0.4102247655391693,0.3472649753093719
2049477803.0,-0.7191742062568665,0.4855909049510956,9.769306182861328,1.9123458862304688,0.519162118434906,0.3238535523414612
2049486136.0,-0.7811201214790344,0.6954942941665649,9.761359214782717,2.410773515701294,0.3701385259628296,0.3152471780776977
2049494469.0,-0.6925549507141113,0.7503941655158997,9.958107948303224,2.6431710720062256,0.2360479980707168,0.2656324207782745
2049502802.0,-0.5642346739768982,0.6040999889373779,10.038700103759766,2.18703293800354,-0.0813251882791519,0.2495466768741607
2049511135.0,-0.5670256018638611,0.4522512853145599,9.921550750732422,1.739808440208435,-0.1314778476953506,0.2769282758235931
2049519468.0,-0.6450146436691284,0.5081617832183838,9.59622573852539,1.7160385847091677,0.0763944610953331,0.381024569272995
2049527801.0,-0.6707934737205505,0.6308582425117493,9.651239395141602,2.4405884742736816,0.4160648584365845,0.217170313000679
2049536134.0,-0.6199604272842407,0.5699421763420105,9.983684539794922,2.694809436798096,0.6279457807540894,0.124702900648117
2049544467.0,-0.5989459156990051,0.498424768447876,9.940936088562012,2.3831353187561035,0.6969504952430725,0.2724201679229736
2049552800.0,-0.7108560800552368,0.5076454281806946,9.701763153076172,2.1130590438842773,0.9713301658630372,0.2807704210281372
2049561133.0,-0.7442652583122253,0.5122022032737732,9.832365036010742,2.2466375827789307,0.9347787499427797,0.2591520249843597
2049569466.0,-0.634994387626648,0.4443524181842804,10.042716979980469,2.4044723510742188,0.5965427160263062,0.1504708230495453
2049577799.0,-0.5838817358016968,0.3449510335922241,9.976877212524414,2.354268312454224,-0.0307883080095052,0.1442721635103225
2049586132.0,-0.5722007155418396,0.4000674188137054,9.745341300964355,2.4296255111694336,-0.0745118111371994,0.1910181641578674
2049594465.0,-0.6471733450889587,0.4295276403427124,9.572701454162598,2.5786235332489014,0.2486758232116699,0.1336166560649871
2049602798.0,-0.5977587103843689,0.3768923580646515,9.709953308105469,2.567737340927124,0.7372416853904724,0.0244487859308719
2049611131.0,-0.6142597794532776,0.2837054133415222,9.87972354888916,2.468636035919189,1.086543083190918,0.0766249820590019
2049619464.0,-0.6611060500144958,0.3139492869377136,9.829750061035156,2.58310604095459,1.104473114013672,0.06138451769948
2049627797.0,-0.697780191898346,0.5147077441215515,9.810084342956545,3.005330801010132,1.0238137245178225,0.0521633848547935
2049636130.0,-0.6514305472373962,0.641234815120697,9.994882583618164,3.199614763259888,0.7316066026687622,0.1103589460253715
2049644463.0,-0.5547802448272705,0.524677038192749,10.155892372131348,2.706003189086914,0.3207542598247528,0.075549192726612
2049652796.0,-0.5324923992156982,0.3962283134460449,9.924931526184082,2.173303842544556,0.0207603406161069,0.1328994631767273
2049661129.0,-0.6167307496070862,0.4232909977436065,9.63676929473877,2.2177700996398926,0.2900684177875519,0.048577394336462
2049669462.0,-0.6790207028388977,0.5265790224075317,9.746177673339844,2.6230382919311523,0.6389855742454529,0.1520076841115951
2049677795.0,-0.6441794633865356,0.5226764678955078,9.91354274749756,2.982893228530884,1.1288065910339355,0.1168137267231941
2049686128.0,-0.6393412351608276,0.3981200754642486,10.06424045562744,2.6917614936828613,1.248732328414917,0.1049031019210815
2049694461.0,-0.6999655961990356,0.4126943051815033,9.914999961853027,2.3228654861450195,1.1450716257095337,0.2348185181617736
2049702794.0,-0.7457337379455566,0.4863218963146209,9.825857162475586,2.482621431350708,0.8944619297981262,0.0729365348815918
2049711127.0,-0.711020290851593,0.4997395575046539,9.991357803344728,2.768296957015991,0.4849414527416229,0.0694529935717582
2049719460.0,-0.5864371061325073,0.3716658651828766,10.10076141357422,2.764454841613769,0.1817970424890518,0.0448377206921577
2049727793.0,-0.5532501935958862,0.3592864871025085,9.892828941345217,2.519557237625122,0.0786228999495506,0.0363850258290767
2049736126.0,-0.638505756855011,0.4438926577568054,9.629424095153809,2.570375680923462,0.3823821246623993,0.0585669465363025
2049744459.0,-0.6924160718917847,0.530812680721283,9.620535850524902,2.9953415393829346,1.071866154670715,-0.0284830294549465
2049752792.0,-0.686198353767395,0.4576766490936279,9.967121124267578,3.022569417953491,1.4231908321380615,-0.0033042361028492
2049761125.0,-0.6675316691398621,0.3278817534446716,10.061418533325195,2.574909448623657,1.3708611726760864,0.1128947436809539
2049769458.0,-0.731040358543396,0.4417491555213928,9.835501670837402,2.7304389476776123,0.9641069173812866,0.0068005789071321
2049777791.0,-0.7737392783164978,0.6766746640205383,9.791357040405272,3.219696521759033,0.7080415487289429,-0.0242054518312215
2049786124.0,-0.6255699992179871,0.6811661720275879,10.129843711853027,3.308961868286133,0.2110997140407562,-0.0341437682509422
2049794457.0,-0.5536133050918579,0.4967619776725769,10.061363220214844,2.4799060821533203,0.0324916578829288,0.0829004645347595
2049802790.0,-0.567793607711792,0.4089247286319732,9.728981018066406,2.0466413497924805,-0.0270486325025558,0.0474503673613071
2049811123.0,-0.6772496104240417,0.5550875067710876,9.479571342468262,2.64896011352539,0.7028418779373169,0.0531367361545562
2049819456.0,-0.7011993527412415,0.6824173331260681,9.79916763305664,3.194082498550415,1.237667202949524,0.0779056996107101
2049827789.0,-0.6193321347236633,0.5953519344329834,10.151591300964355,3.0421903133392334,1.2309560775756836,0.0701958164572715
2049836122.0,-0.6672800779342651,0.5131012201309204,10.009771347045898,2.4920473098754883,1.0642842054367063,0.071348451077938
2049844455.0,-0.7451958060264587,0.5347970128059387,9.767993927001951,2.37265944480896,0.8288638591766357,0.2257766872644424
2049852788.0,-0.7310527563095093,0.5693615674972534,9.81112003326416,2.710921049118042,0.6200566291809082,0.1152000278234481
2049861121.0,-0.6385634541511536,0.5235779881477356,10.059928894042969,2.885225534439087,0.2287735044956207,0.1698863953351974
2049869454.0,-0.5466096997261047,0.4930921494960785,9.99428939819336,2.6302618980407715,0.0269845984876155,0.1736004948616027
2049877787.0,-0.5975484251976013,0.5641411542892456,9.68284797668457,2.5052642822265625,0.1680678129196167,0.1467567682266235
2049886120.0,-0.631552517414093,0.6456480622291565,9.52427101135254,2.681541681289673,0.8648775219917297,0.0979104191064834
2049894453.0,-0.6405167579650879,0.5506629347801208,9.866405487060549,2.771114110946656,1.3284438848495483,0.1051592379808425
2049902786.0,-0.6431371569633484,0.4298415184020996,10.067142486572266,2.4986815452575684,1.385409951210022,0.0955282971262931
2049911119.0,-0.7263302803039551,0.4735907912254333,9.816373825073242,2.513998746871948,1.1702247858047483,0.0726803988218307
2049919452.0,-0.7384114861488342,0.655113160610199,9.876472473144531,2.874621868133545,0.9451268911361694,0.1517259329557418
2049927785.0,-0.6720342636108398,0.7465959191322327,10.020641326904297,3.065293788909912,0.6153691411018372,0.0906872004270553
2049936118.0,-0.5697845220565796,0.6374306082725525,10.135290145874023,2.485746383666992,0.167145699262619,0.0304425209760665
2049944451.0,-0.5379588007926941,0.5202608704566956,9.919363021850586,1.971310019493103,0.1493181884288787,0.0783411338925361
2049952784.0,-0.632577121257782,0.5716792941093445,9.610966682434082,2.13370418548584,0.4889117181301117,0.1238064095377922
2049961117.0,-0.6405937075614929,0.6741877198219299,9.741728782653809,2.781027317047119,1.1055744886398315,-0.0124741317704319
2049969450.0,-0.6370758414268494,0.6826119422912598,10.110941886901855,2.9468023777008057,1.2963491678237915,-0.0240261536091566
2049977783.0,-0.6268510222434998,0.6354823112487793,10.207564353942873,2.281267642974853,1.1208149194717407,-0.0310700666159391
2049986116.0,-0.7116191387176514,0.6564756035804749,9.930598258972168,1.990162134170532,1.0727627277374268,-0.0278170611709356
2049994449.0,-0.7367960214614868,0.6526339650154114,9.865084648132324,2.108013153076172,0.8676437139511108,-0.0099127069115638
2050002782.0,-0.6322956085205078,0.5850136280059814,10.108274459838867,2.303040027618408,0.4889885485172272,-0.1550429910421371
2050011115.0,-0.5925931930541992,0.5065587759017944,10.078269004821776,2.140876293182373,0.0977055132389068,0.0091570885851979
2050019448.0,-0.5793244242668152,0.5539601445198059,9.762269973754885,2.0316827297210693,0.0869731307029724,-0.0562488548457622
2050027781.0,-0.6995757818222046,0.6152873039245605,9.620802879333496,2.2899765968322754,0.6906238198280334,0.0923777371644973
2050036114.0,-0.7193508744239807,0.5627211332321167,9.80074977874756,2.4005274772644043,1.2557250261306765,0.096680924296379
2050044447.0,-0.6834859251976013,0.4339980483055115,10.005255699157717,2.107091188430786,1.3655589818954468,0.1161733567714691
2050052780.0,-0.7255332469940186,0.3893071711063385,9.954246520996094,2.0290956497192383,1.0660004615783691,-0.0383701249957084
2050061113.0,-0.7899994254112244,0.4981836974620819,9.76639175415039,2.2850587368011475,0.7618570327758789,-0.0059425025247037
2050069446.0,-0.7074791789054871,0.6168670058250427,9.84646701812744,2.67068099975586,0.4735688269138336,-0.1159556582570076
2050077779.0,-0.5972322821617126,0.568517804145813,10.12650203704834,2.5947093963623047,0.1035711616277694,0.024756159633398
2050086112.0,-0.5734918117523193,0.4058603346347809,9.940093994140623,1.8968491554260247,0.0529318153858184,-0.062626801431179
2050094445.0,-0.5841256976127625,0.3856627643108368,9.442001342773438,1.788731575012207,0.3362764716148376,0.0631262734532356
2050102778.0,-0.6853829026222229,0.44093918800354,9.548288345336914,2.537128210067749,0.8610608577728271,-0.0076586566865444
2050111111.0,-0.6378945112228394,0.4772884845733642,9.960235595703123,2.6401233673095703,1.2821332216262815,0.0453243888914585
2050119444.0,-0.6482521891593933,0.4542826414108276,10.09253978729248,2.3924334049224854,1.1750913858413696,0.0101816579699516
2050127777.0,-0.6928934454917908,0.4457982182502746,9.818354606628418,2.046128988265991,0.9422323703765868,0.1999831199645996
2050136110.0,-0.7242540717124939,0.4566141366958618,9.769865036010742,2.169769048690796,0.686781644821167,0.0382804721593856
2050144443.0,-0.6506410241127014,0.4463312029838562,9.938155174255373,2.323633909225464,0.4837632477283478,0.0647143721580505
2050152776.0,-0.5452714562416077,0.3763454854488373,9.963655471801758,2.234547615051269,0.1845889836549759,0.1112554371356964
2050161109.0,-0.5084560513496399,0.3827298283576965,9.881353378295898,2.257472276687622,0.226801261305809,0.099600963294506
2050169442.0,-0.5925898551940918,0.4674901068210602,9.629721641540527,2.2836501598358154,0.4108907580375671,0.063100665807724
2050177775.0,-0.6218685507774353,0.4794674813747406,9.647757530212402,2.4723501205444336,0.9733282327651978,0.0385110042989254
2050186108.0,-0.6404622793197632,0.3853660821914673,9.950212478637695,2.3444578647613525,1.2865647077560425,0.0077995350584387
2050194441.0,-0.6510934829711914,0.3145086169242859,9.989434242248535,2.000612497329712,1.1242470741271973,0.0720400288701057
2050202774.0,-0.7024440169334412,0.3817558288574219,9.869484901428224,2.276324510574341,0.8195403218269348,0.0654571875929832
2050211107.0,-0.7089893221855164,0.5145432949066162,9.900877952575684,2.647756338119507,0.7460786700248718,-0.0005122847505845
2050219440.0,-0.6084229946136475,0.497308075428009,10.127069473266602,2.6579506397247314,0.212175503373146,0.0026766874361783
2050227773.0,-0.5247210264205933,0.3376809060573578,10.004290580749512,2.186776876449585,0.1701937764883041,-0.0289440844208002
2050236106.0,-0.577495276927948,0.290712833404541,9.60760498046875,1.9417511224746704,0.2153772860765457,-0.1196697056293487
2050244439.0,-0.6551001071929932,0.3785475790500641,9.585260391235352,2.5190958976745605,0.7527127265930176,-0.0640868097543716
2050252772.0,-0.671875,0.4532058238983154,9.878216743469238,2.8412203788757324,1.281031847000122,0.0192234832793474
2050261105.0,-0.6497390866279602,0.3970464766025543,10.154223442077637,2.707718849182129,1.3185054063796997,-0.1159556433558464
2050269438.0,-0.6959871649742126,0.3865087032318115,10.020559310913086,2.368074655532837,1.070508599281311,-0.0761511176824569
2050277771.0,-0.7533721327781677,0.4672869145870209,9.876691818237305,2.3884122371673584,0.7892642617225647,-0.0808129087090492
2050286104.0,-0.7332383990287781,0.5262587070465088,9.996905326843262,2.6442983150482178,0.5726190805435181,-0.0715405642986297
2050294437.0,-0.6102771162986755,0.5073586702346802,10.22829246520996,2.498194694519043,0.3273114860057831,-0.0711051151156425
2050302770.0,-0.5643160343170166,0.5337004661560059,10.071684837341309,2.201479434967041,0.1599993258714676,0.0004226349119562
2050311103.0,-0.6302959322929382,0.6327490210533142,9.769826889038086,2.219998598098755,0.4570732116699219,-0.0693121179938316
2050319436.0,-0.6838996410369873,0.6286405324935913,9.822087287902832,2.2772462368011475,0.9077556133270264,-0.0525347925722599
2050327769.0,-0.7166135311126709,0.5176215171813965,10.006742477416992,2.0979979038238525,1.3839242458343506,-0.0679801702499389
2050336102.0,-0.7213115096092224,0.4003017544746399,10.11260986328125,1.936090350151062,1.3164819478988647,0.0816197469830513
2050344435.0,-0.787059485912323,0.4562838673591614,9.944908142089844,2.097741842269897,1.1466084718704224,0.1185554936528205
2050352768.0,-0.7960156798362732,0.553825855255127,9.960922241210938,2.4888713359832764,0.7682093381881714,0.0010117623023688
2050361101.0,-0.6913488507270813,0.5423505306243896,10.08668327331543,2.583618640899658,0.323930412530899,-0.0231552682816982
2050369434.0,-0.6358841061592102,0.4033746123313904,10.01807689666748,2.123868227005005,0.1924013197422027,-0.0434161275625228
2050377767.0,-0.6186913251876831,0.3044022917747497,9.759349822998049,2.0716664791107178,0.2471901476383209,-0.0293795261532068
2050386100.0,-0.7318789958953857,0.3685179054737091,9.490750312805176,2.504854440689087,0.630430281162262,0.0942475721240043
2050394433.0,-0.7677345871925354,0.4987172186374664,9.736504554748535,3.1097605228424072,1.21310293674469,0.1103589460253715
2050402766.0,-0.7651646733283997,0.5155147314071655,10.07510757446289,3.0453150272369385,1.4697834253311155,-0.0210292898118495
2050411099.0,-0.797088086605072,0.5097959637641907,9.96573257446289,2.6770589351654053,1.274858832359314,0.008670418523252
2050419432.0,-0.8637747764587402,0.5159404873847961,9.816777229309082,2.614457845687866,0.9051174521446228,-0.0390617102384567
2050427765.0,-0.8364761471748352,0.5438120365142822,9.864548683166504,2.80968976020813,0.4299477636814117,-0.0253324806690216
2050436098.0,-0.6689500212669373,0.5088023543357849,10.069000244140623,2.8203446865081787,0.1403019726276397,-0.0286110993474721
2050444431.0,-0.5930655598640442,0.5035555362701416,9.963007926940918,2.57654881477356,-0.2041198462247848,0.0691968575119972
2050452764.0,-0.5963058471679688,0.5849536657333374,9.664466857910156,2.526421546936035,0.0768555104732513,0.074063554406166
2050461097.0,-0.6698004007339478,0.657237708568573,9.576120376586914,2.642812728881836,0.7387530207633972,0.1165319681167602
2050469430.0,-0.6912402510643005,0.5607157945632935,9.828208923339844,2.705490827560425,1.3517272472381592,0.1020855456590652
2050477763.0,-0.673651397228241,0.474081814289093,10.00088119506836,2.248814344406128,1.4013164043426514,0.1374844014644622
2050486096.0,-0.7096717357635498,0.4800388813018799,9.869064331054688,2.225505828857422,0.9580108523368835,0.1376381069421768
2050494429.0,-0.7031630873680115,0.6263715624809265,9.872209548950195,2.531057834625244,0.7067351937294006,0.0830797776579856
2050502762.0,-0.653198778629303,0.6294263601303101,10.063580513000488,2.6242425441741943,0.2009052485227584,0.102444127202034
2050511095.0,-0.5234904885292053,0.5234704613685608,9.996996879577637,2.1142375469207764,-0.1311704963445663,0.1475251913070678
2050519428.0,-0.4963225126266479,0.4027028083801269,9.749144554138184,1.7229799032211304,-0.2066556364297866,0.0786997452378273
2050527761.0,-0.5123758316040039,0.3992765247821808,9.522671699523926,1.9033297300338743,0.3077678084373474,-0.0563513152301311
2050536094.0,-0.5530791878700256,0.449112057685852,9.564617156982422,2.346328020095825,0.9455366134643556,0.1630218029022216
2050544427.0,-0.5457417964935303,0.423112154006958,9.971109390258787,2.5266520977020264,1.1926883459091189,0.0284702237695455
2050552760.0,-0.5825758576393127,0.3965365886688232,9.9833984375,2.165926933288574,1.0157709121704102,0.1250102818012237
2050561093.0,-0.6503307819366455,0.3768812417984009,9.7371244430542,2.110215902328491,0.7799919247627258,-0.080659233033657
2050569426.0,-0.6630827188491821,0.4241065382957458,9.725996017456056,2.415589094161988,0.7183640599250793,0.0131785245612263
2050577759.0,-0.5803345441818237,0.3538154363632202,9.977136611938477,2.4394354820251465,0.308638721704483,-0.0758693590760231
2050586092.0,-0.4508098661899566,0.2917333543300628,9.900446891784668,2.3975307941436768,-0.1009713187813758,-0.0717198625206947
2050594425.0,-0.4206824004650116,0.3567534685134887,9.636579513549805,2.323812961578369,-0.1291469633579254,-0.1161861643195152
2050602758.0,-0.4954397976398468,0.4396781623363495,9.513383865356444,2.565483570098877,0.5623732805252075,-0.101534828543663
2050611091.0,-0.5187496542930603,0.376107782125473,9.7260160446167,2.68092679977417,1.086824893951416,-0.143029898405075
2050619424.0,-0.5269136428833008,0.2499942183494568,9.83659839630127,2.431392908096313,1.311948299407959,-0.0404704883694648
2050627757.0,-0.5796394348144531,0.2317329198122024,9.797738075256348,2.447401762008667,1.1093909740447998,0.0094388462603092
2050636090.0,-0.6434780359268188,0.3898303806781769,9.743517875671388,2.7699873447418213,0.9806793332099916,-0.0904438644647598
2050644423.0,-0.6299276947975159,0.4854196906089782,9.858197212219238,3.09549331665039,0.7202851176261902,-0.0379346832633018
2050652756.0,-0.5130120515823364,0.4004658758640289,10.01475429534912,2.7750844955444336,0.1664028763771057,-0.0188264623284339
2050661089.0,-0.4879010021686554,0.3212751150131225,9.813902854919434,2.2787575721740723,-0.0565050020813941,0.0294947922229766
2050669422.0,-0.5327195525169373,0.2817937135696411,9.442806243896484,2.3782947063446045,0.1992147117853164,0.0988325327634811
2050677755.0,-0.6091582775115967,0.41676065325737,9.474327087402344,2.9586620330810547,0.8370091915130615,0.1551582515239715
2050686088.0,-0.5786740779876709,0.4452515542507171,9.90930461883545,3.148514986038208,1.214793682098389,0.1420949846506118
2050694421.0,-0.6168307662010193,0.3950942456722259,9.967628479003906,2.864427089691162,1.2069554328918457,0.139482319355011
2050702754.0,-0.6906976103782654,0.4215382635593414,9.748708724975586,2.739737033843994,1.0710208415985107,0.1873297095298767
2050711087.0,-0.7271314263343811,0.4892383813858032,9.806906700134276,2.8262362480163574,0.9482005834579468,0.1842816025018692
2050719420.0,-0.6740171313285828,0.487391322851181,9.9637451171875,3.016652584075928,0.5254888534545898,0.185203731060028
2050727753.0,-0.5698016285896301,0.4151097238063812,10.010697364807127,2.8037469387054443,0.1275973170995712,0.1373051255941391
2050736086.0,-0.5432450771331787,0.413971871137619,9.805530548095703,2.6838982105255127,0.1080024242401123,0.0804415047168731
2050744419.0,-0.6209475994110107,0.5193524360656738,9.612582206726074,2.764864683151245,0.423518568277359,0.1222695559263229
2050752752.0,-0.6608141660690308,0.5818631649017334,9.690248489379885,2.938272953033448,1.0283218622207642,0.1209376156330108
2050761085.0,-0.6738561391830444,0.4787619113922119,9.943085670471191,2.912095069885254,1.4487539529800415,0.1259323805570602
2050769418.0,-0.7097223997116089,0.3853176534175873,10.080487251281738,2.6328487396240234,1.4590764045715332,0.0886380523443222
2050777751.0,-0.7594735622406006,0.4409897625446319,9.916497230529783,2.636742353439331,0.8966391682624817,0.1735748648643493
2050786084.0,-0.8130220770835876,0.6178348660469055,9.920307159423828,3.105662107467652,0.6730268597602844,0.077828861773014
2050794417.0,-0.6663296222686768,0.6407851576805115,10.130640983581545,2.9733386039733887,0.344370573759079,0.0830541625618934
2050802750.0,-0.587605893611908,0.489122211933136,10.054582595825195,2.6307997703552246,-0.0511516258120536,-0.0562232434749603
2050811083.0,-0.5810337662696838,0.3456692695617676,9.685715675354004,2.22916841506958,0.0306986588984727,0.064432606101036
2050819416.0,-0.7014603614807129,0.4611782133579254,9.560832977294922,2.60085678100586,0.6619102954864502,-0.0015112400287762
2050827749.0,-0.6910001635551453,0.5585930943489075,9.908900260925291,3.2185184955596924,1.293019413948059,0.0128967678174376
2050836082.0,-0.6978023648262024,0.5133749842643738,10.140600204467772,2.909021615982056,1.237231731414795,-0.0132681746035814
2050844415.0,-0.7302138209342957,0.4840162396430969,10.103285789489746,2.591456174850464,0.9475857615470886,-0.0527397058904171
2050852748.0,-0.7533265352249146,0.4977028369903564,9.855746269226074,2.471786499023437,0.5877314209938049,-0.0153941558673977
2050861081.0,-0.7346377968788147,0.524077296257019,9.89109230041504,2.6707067489624023,0.4089440703392029,0.0103865722194314
2050869414.0,-0.5745750069618225,0.4709479808807373,10.0775146484375,2.721038818359375,0.1448356956243515,0.0175329446792602
2050877747.0,-0.5529813170433044,0.4426729679107666,10.000722885131836,2.5793919563293457,-0.0568892210721969,-0.0528421662747859
2050886080.0,-0.547755777835846,0.5133247375488281,9.658841133117676,2.6628429889678955,0.2422722280025482,0.0023949309252202
2050894413.0,-0.6132518649101257,0.6389071345329285,9.646105766296388,2.921802759170532,0.8574749231338501,-0.0225149113684892
2050902746.0,-0.5895870327949524,0.5585682988166809,9.977596282958984,2.8284389972686768,1.2626408338546753,0.0677624568343162
2050911079.0,-0.6704006791114807,0.3563472330570221,9.98179531097412,2.3598520755767822,1.258286476135254,0.1208095327019691
2050919412.0,-0.7131068706512451,0.3801470398902893,9.772000312805176,2.403627157211304,1.0605958700180054,0.1013939529657363
2050927745.0,-0.7108907699584961,0.5638148784637451,9.810039520263672,2.937734842300415,0.673154890537262,0.178492784500122
2050936078.0,-0.6446214318275452,0.6651626229286194,10.051761627197266,3.176715612411499,0.3308974802494049,-0.0905207023024559
2050944411.0,-0.5562369227409363,0.5110893845558167,10.017318725585938,2.6150214672088623,-0.0043288059532642,0.0431215688586235
2050952744.0,-0.5392303466796875,0.3200083971023559,9.789252281188965,2.081655979156494,0.0011910619214177,0.069657914340496
2050961077.0,-0.5862368941307068,0.3912551701068878,9.459885597229004,2.305985450744629,0.4676263034343719,0.2091786414384842
2050969410.0,-0.6198788285255432,0.5397956967353821,9.52984619140625,2.9591739177703857,1.137771487236023,0.1003181412816047
2050977743.0,-0.5953724980354309,0.5502352118492126,10.042616844177246,3.1913418769836426,1.373294472694397,0.0257551167160272
2050986076.0,-0.6234824061393738,0.4444899260997772,10.123411178588867,2.615841150283813,1.0591102838516235,0.1073108464479446
2050994409.0,-0.7097330093383789,0.4008789658546448,9.806977272033691,2.292999029159546,1.0190751552581787,0.0117441257461905
2051002742.0,-0.7894583344459534,0.4782502651214599,9.739392280578612,2.679979085922241,0.684527575969696,0.0169694311916828
2051011075.0,-0.7019858956336975,0.5117838382720947,9.951515197753906,3.075335025787353,0.550770103931427,0.0812611654400825
2051019408.0,-0.5932859778404236,0.374467521905899,10.104284286499023,2.7679896354675293,0.0444022789597511,0.0970395430922508
2051027741.0,-0.5144583582878113,0.3554102182388305,9.890219688415527,2.380727767944336,-0.0436978861689567,0.0042135412804782
2051036074.0,-0.5620607733726501,0.4748207032680511,9.55225944519043,2.549654006958008,0.2290809154510498,0.1064911857247352
2051044407.0,-0.6356725692749023,0.6062316298484802,9.706743240356444,2.893934488296509,0.9495068788528442,-0.0079660266637802
2051052740.0,-0.6622567772865295,0.4190640747547149,10.004709243774414,2.81624698638916,1.2773691415786743,0.0964760109782219
2051061073.0,-0.6576090455055237,0.2419138848781585,9.993045806884766,2.3842885494232178,1.1835185289382937,0.1963203102350235
2051069406.0,-0.7309353947639465,0.3802276253700256,9.868027687072754,2.634744167327881,1.2079545259475708,0.0627164542675018
2051077739.0,-0.7626461982727051,0.5896761417388916,9.979312896728516,3.0223388671875,0.7169552445411682,-0.0693633556365966
2051086072.0,-0.6617317199707031,0.5656424164772034,10.101699829101562,2.974414587020874,0.3339456021785736,0.0071079498156905
2051094405.0,-0.5633406639099121,0.3158639669418335,10.033075332641602,2.384032249450684,-0.0034323076251894,0.018967343494296
2051102738.0,-0.5601325035095215,0.2400663346052169,9.702645301818848,2.123330354690552,0.0986532270908355,0.0189417265355587
2051111071.0,-0.633719265460968,0.4448264241218567,9.54858112335205,2.4960179328918457,0.6156253814697266,0.0308267343789339
2051119404.0,-0.6464041471481323,0.5623670220375061,9.912787437438965,3.282886743545532,1.0719172954559326,-0.0302760247141122
2051127737.0,-0.6420980095863342,0.463331788778305,10.137195587158203,3.101487159729004,1.2688395977020264,0.0072104078717529
2051136070.0,-0.6806168556213379,0.353047251701355,9.958029747009276,2.4243743419647217,1.1743998527526855,0.0002433352055959
2051144403.0,-0.7344526052474976,0.4082330167293548,9.749463081359863,2.478548526763916,0.8529667854309082,0.115430548787117
2051152736.0,-0.7665490508079529,0.5252513289451599,9.873846054077148,2.9235706329345703,0.7169040441513062,0.0657901614904403
2051161069.0,-0.6506497859954834,0.4591303467750549,10.124190330505373,2.991652727127075,0.3302827477455139,0.0810562446713447
2051169402.0,-0.5543553829193115,0.3825146555900574,9.944053649902344,2.6296212673187256,0.002625459106639,-0.0596299320459365
2051177735.0,-0.5707953572273254,0.4563138484954834,9.626660346984863,2.568044900894165,0.1927087157964706,0.0577985234558582
2051186068.0,-0.6168960332870483,0.6130068302154541,9.626068115234377,2.7753918170928955,0.7849098443984985,0.037845030426979
2051194401.0,-0.6542476415634155,0.5304474234580994,9.87074089050293,2.936300754547119,1.2556993961334229,0.1774938404560089
2051202734.0,-0.665509819984436,0.3175921440124511,9.999798774719238,2.7393784523010254,1.3620754480361938,0.0865120813250541
2051211067.0,-0.7173185348510742,0.3584750592708587,9.811767578125,2.5459907054901123,0.96244215965271,0.1500609964132309
2051219400.0,-0.7517385482788086,0.6158407330513,9.78139591217041,2.9852237701416016,0.6375767588615417,0.0285470634698867
2051227733.0,-0.675471842288971,0.7155482172966003,10.044532775878906,3.1982829570770264,0.3106878697872162,0.0722961723804473
2051236066.0,-0.6007703542709351,0.5187845230102539,10.068680763244627,2.5289318561553955,0.126162901520729,-0.0172896087169647
2051244399.0,-0.5502582788467407,0.3369554877281189,9.816313743591309,2.144564628601074,0.0964503958821296,0.0370253771543502
2051252732.0,-0.6183772087097168,0.453082412481308,9.47316074371338,2.350426197052002,0.635348379611969,0.195884883403778
2051261065.0,-0.6457266211509705,0.6098348498344421,9.702831268310549,3.0358633995056152,1.06195330619812,0.0826955586671829
2051269398.0,-0.6283798217773438,0.6084275245666504,10.049186706542969,3.2491531372070312,1.2278823852539062,-0.0296100601553916
2051277731.0,-0.6386510133743286,0.4454916715621948,10.105154991149902,2.596835136413574,1.1083662509918213,0.0467843972146511
2051286064.0,-0.6840317249298096,0.4379392862319946,9.770923614501951,2.160573482513428,1.010622501373291,0.1103589311242103
2051294397.0,-0.7439989447593689,0.5725402235984802,9.744036674499512,2.652008056640625,0.6549431085586548,0.1100003272294998
2051302730.0,-0.6540576815605164,0.5530681014060974,10.066435813903809,2.848853826522827,0.5902416110038757,0.0255501996725797
2051311063.0,-0.559791624546051,0.4007711112499237,10.081694602966309,2.651982545852661,0.106055736541748,0.0821576565504074
2051319396.0,-0.5136648416519165,0.3962917923927307,9.786779403686523,2.421377658843994,0.0937352925539016,0.0673526301980018
2051327729.0,-0.615752637386322,0.5694754123687744,9.548376083374023,2.6132285594940186,0.4929075539112091,0.0233729891479015
2051336062.0,-0.6667191982269287,0.5986592173576355,9.79779052734375,2.89306378364563,1.037876009941101,0.1115884110331535
2051344395.0,-0.6468961238861084,0.4188233911991119,10.0388765335083,2.75023889541626,1.264331579208374,0.2000343799591064
2051352728.0,-0.6590157151222229,0.2645135521888733,10.01600170135498,2.4239392280578613,1.2973995208740234,0.0419689267873764
2051361061.0,-0.6767144203186035,0.4424031376838684,9.81259536743164,2.575268030166626,0.9165925979614258,0.052957434207201
2051369394.0,-0.7213925719261169,0.6525974273681641,9.919355392456056,3.0245163440704346,0.5978490710258484,0.0642277002334594
2051377727.0,-0.6074995398521423,0.5841687321662903,10.11361598968506,2.9494662284851074,0.2453203350305557,0.0322611257433891
2051386060.0,-0.5741984844207764,0.3685733079910278,9.995200157165527,2.289822816848755,0.1988561004400253,0.000883691071067
2051394393.0,-0.5707800984382629,0.2947239577770233,9.622387886047363,2.108243465423584,0.3720083236694336,0.0248842295259237
2051402726.0,-0.6473895311355591,0.5122577548027039,9.545894622802734,2.760279655456543,0.8832941651344299,0.1191446185111999
2051411059.0,-0.6539667248725891,0.5622580051422119,9.954726219177246,3.2318379878997803,1.1492725610733032,-0.0167004838585853
2051419392.0,-0.6533661484718323,0.4438181221485138,10.140125274658203,2.8599190711975098,1.233030915260315,0.0266516096889972
2051427725.0,-0.7066400647163391,0.3328732252120971,9.92613410949707,2.2827537059783936,0.957293689250946,0.0834639891982078
2051436058.0,-0.7431735992431641,0.4235072433948517,9.712187767028809,2.460055351257324,0.8090640306472778,0.0206322651356458
2051444391.0,-0.7313869595527649,0.5498518943786621,9.889862060546877,2.968344211578369,0.5157042145729065,0.0226814057677984
2051452724.0,-0.6051899790763855,0.4155836701393127,10.104156494140623,2.8502113819122314,0.159230887889862,3.84213526558e-05
2051461057.0,-0.5418333411216736,0.33375284075737,9.928495407104492,2.5430450439453125,0.1349998265504837,0.0262930113822221
2051469390.0,-0.5382322669029236,0.4159755706787109,9.568011283874512,2.442253351211548,0.1746250540018081,0.1467567682266235
2051477723.0,-0.6421497464179993,0.5752278566360474,9.540989875793455,2.849416971206665,0.8382129669189453,0.1542617231607437
2051486056.0,-0.6288071274757385,0.4600066840648651,9.939407348632812,2.966397523880005,1.229854702949524,0.113125279545784
2051494389.0,-0.687763512134552,0.2714068293571472,9.985614776611328,2.5979366302490234,1.1969916820526123,0.0836688950657844
2051502722.0,-0.6979804635047913,0.2777069807052612,9.844064712524414,2.613049030303955,0.8445653319358826,0.1075413599610328
2051511055.0,-0.7275779843330383,0.5696829557418823,9.76867961883545,2.97674560546875,0.7619850635528564,0.18784199655056
2051519388.0,-0.6735564470291138,0.6425132155418396,10.039483070373535,3.1697745323181152,0.3659889996051788,0.013460281305015
2051527721.0,-0.5701425671577454,0.4093380868434906,10.086414337158203,2.652648687362671,0.1282632797956466,-0.005327760707587
2051536054.0,-0.5478998422622681,0.2551454305648803,9.758689880371094,2.171895265579224,0.1444770842790603,0.0488079264760017
2051544387.0,-0.5671805143356323,0.4036491513252258,9.483967781066896,2.548065662384033,0.4441636800765991,0.1513673365116119
2051552720.0,-0.6558964848518372,0.5879186391830444,9.717451095581056,3.1997432708740234,1.115282416343689,0.120322898030281
2051561053.0,-0.6171787977218628,0.5559091567993164,10.107748031616213,3.191111326217652,1.266124606132507,0.0045465268194675
2051569386.0,-0.654586672782898,0.403121143579483,10.086719512939451,2.6732680797576904,1.1615158319473269,0.1121519207954406
2051577719.0,-0.7065545916557312,0.4106411337852478,9.783462524414062,2.362183094024658,0.8814498782157898,0.0428910367190837
2051586052.0,-0.761357843875885,0.5333964824676514,9.751251220703123,2.7082056999206543,0.787650465965271,0.0089009469375014
2051594385.0,-0.6700721979141235,0.5217358469963074,10.110491752624512,3.1318907737731934,0.4734407663345337,0.0828748568892479
2051602718.0,-0.562656581401825,0.403685599565506,10.116676330566406,2.7563862800598145,0.0641252398490905,-0.0193899776786565
2051611051.0,-0.5333138108253479,0.4110170602798462,9.77117919921875,2.413770198822021,0.0297765471041202,0.0400222428143024
2051619384.0,-0.6132251620292664,0.5560727715492249,9.553471565246582,2.653212070465088,0.5594021081924438,-0.0046617910265922
2051627717.0,-0.6461807489395142,0.5876441597938538,9.794671058654783,2.9289493560791016,1.0524247884750366,-0.0077611128799617
2051636050.0,-0.6414939165115356,0.4149782955646515,10.03989315032959,2.7656586170196533,1.247195601463318,0.0232705324888229
2051644383.0,-0.679069459438324,0.3200018107891083,9.992980003356934,2.547758340835572,1.1883339881896973,0.033362541347742
2051652716.0,-0.7249566316604614,0.4818097352981567,9.835423469543455,2.6888160705566406,0.9773752093315125,0.0148178357630968
2051661049.0,-0.7465117573738098,0.7058318257331848,9.923187255859377,3.180737495422364,0.5666764974594116,-0.0007171985926106
2051669382.0,-0.6453761458396912,0.6141627430915833,10.110349655151367,2.966064453125,0.1847938895225525,-0.0358343161642551
2051677715.0,-0.57357257604599,0.3646256029605865,9.96074104309082,2.3416404724121094,0.2334353178739547,-0.0004866704111918
2051686048.0,-0.5584730505943298,0.3278696835041046,9.593016624450684,2.104913711547852,0.2830756902694702,0.0871268063783645
2051694381.0,-0.6596916913986206,0.5639306902885437,9.566572189331056,2.815708875656128,0.7035333514213562,-0.0314542800188064
2051702714.0,-0.6478163599967957,0.6223335266113281,9.93972396850586,3.2614991664886475,1.1310094594955444,0.0664305239915847
2051711047.0,-0.6247448325157166,0.5101442337036133,10.141765594482422,2.861506938934326,1.0837254524230957,0.0510619729757308
2051719380.0,-0.6758852601051331,0.4222289025783539,9.873464584350586,2.316640853881836,0.8988931179046631,0.09834586083889
2051727713.0,-0.7298758029937744,0.4921216070652008,9.6550874710083,2.379856824874878,0.7838851809501648,0.024115802720189
2051736046.0,-0.707777202129364,0.5590411424636841,9.911931037902832,2.83568811416626,0.7086562514305115,0.0882538557052612
2051744379.0,-0.6194052696228027,0.4361952245235443,10.101378440856934,2.7457051277160645,0.2613548338413238,0.0611283741891384
2051752712.0,-0.535244882106781,0.3775004744529724,9.923137664794922,2.5248849391937256,0.1413777768611908,-0.0330423638224601
2051761045.0,-0.5488714575767517,0.4672692418098449,9.59731101989746,2.3915627002716064,0.2476000189781189,0.1581294983625412
2051769378.0,-0.6472803950309753,0.6022992730140686,9.62124729156494,2.803029537200928,0.7624973058700562,0.0157655607908964
2051777711.0,-0.6360213160514832,0.466732770204544,9.916888236999512,2.8561794757843018,1.168483018875122,-0.0498965270817279
2051786044.0,-0.6298187971115112,0.2835747599601745,10.010590553283691,2.5410475730896,1.1951731443405151,0.115840382874012
2051794377.0,-0.6687153577804565,0.317704826593399,9.844767570495604,2.511488437652588,1.083802342414856,0.077009193599224
2051802710.0,-0.7323380708694458,0.5861176252365112,9.813326835632324,2.946495056152344,0.5365285277366638,0.1274436265230178
2051811043.0,-0.689294695854187,0.6338253021240234,10.044978141784668,3.0930850505828857,0.4250297844409942,0.0826699435710907
2051819376.0,-0.5830766558647156,0.4020279347896576,10.063339233398438,2.5523946285247803,0.1215011328458786,-0.0113471066579222
2051827709.0,-0.5458385348320007,0.2318195402622223,9.78980827331543,2.1267881393432617,0.1615873873233795,0.0657133162021637
2051836042.0,-0.6037980914115906,0.4057139754295349,9.48690128326416,2.4799575805664062,0.6154460906982422,0.1145596727728843
2051844375.0,-0.6318747997283936,0.5537050366401672,9.800140380859377,3.1780474185943604,1.0329067707061768,-0.01836540363729
2051852708.0,-0.617831826210022,0.5360987186431885,10.09385108947754,3.128843069076538,1.251575589179993,0.1155586242675781
2051861041.0,-0.6664894819259644,0.355553388595581,10.049463272094728,2.487462520599365,1.0097771883010864,0.1025209799408912
2051869374.0,-0.7096090912818909,0.3677319586277008,9.791508674621582,2.3363382816314697,0.8631612658500671,0.1026490405201911
2051877707.0,-0.7761213183403015,0.5261886715888977,9.79698085784912,2.7087438106536865,0.7531737089157104,0.0478602014482021
2051886040.0,-0.6623857617378235,0.4679059982299804,10.095940589904783,2.982739448547364,0.3336894512176513,0.0507289879024028
2051894373.0,-0.552017331123352,0.3225640952587127,10.04742431640625,2.763123273849488,0.1416595429182052,0.0490128435194492
2051902706.0,-0.5496186017990112,0.3975427746772766,9.737417221069336,2.5566718578338623,0.1822324693202972,0.079877994954586
2051911039.0,-0.5844734311103821,0.5558813810348511,9.561664581298828,2.6247804164886475,0.4152195751667022,0.0343102663755416
2051919372.0,-0.6405302882194519,0.535209059715271,9.790531158447266,3.05312728881836,1.007266879081726,0.045529305934906
2051927705.0,-0.6451423764228821,0.3557690680027008,10.00777816772461,2.7732150554656982,1.2162280082702637,0.0507802255451679
2051936038.0,-0.6990621089935303,0.2658242285251617,9.92877197265625,2.441638469696045,1.1902551651000977,0.1699120253324508
2051944371.0,-0.7412049174308777,0.5212308168411255,9.790645599365234,2.805591344833374,0.8810656070709229,0.0638434886932373
2051952704.0,-0.7371842265129089,0.6799203157424927,9.9782133102417,3.18829345703125,0.4174992442131042,0.0600525774061679
2051961037.0,-0.6426199674606323,0.4973235726356506,10.10521411895752,2.8305397033691406,0.2398645281791687,0.0016265040030702
2051969370.0,-0.5711064338684082,0.3452982306480407,9.876909255981444,2.2801661491394043,0.0508826710283756,0.0671220943331718
2051977703.0,-0.5734881162643433,0.3414627313613891,9.602286338806152,2.394995212554932,0.3135054409503937,0.0833615362644195
2051986036.0,-0.6387194991111755,0.5915409922599792,9.60962963104248,3.050002098083496,0.6422128677368164,0.1149694919586181
2051994369.0,-0.6358466744422913,0.6251406669616699,9.995627403259276,3.349714517593384,1.1628735065460205,0.1034430861473083
2052002702.0,-0.6451022624969482,0.4537796080112457,10.088773727416992,2.759434700012207,1.177985906600952,0.0095413029193878
2052011035.0,-0.704282820224762,0.406615287065506,9.829608917236328,2.321738243103028,1.0800114870071411,0.145373597741127
2052019368.0,-0.7474825382232666,0.5267948508262634,9.733248710632324,2.594069004058838,0.9402856826782228,0.086384005844593
2052027701.0,-0.7265212535858154,0.5502238869667053,10.003684043884276,2.938042402267456,0.6806086897850037,0.102444127202034
2052036034.0,-0.6075049638748169,0.4362498521804809,10.117471694946287,2.8478291034698486,0.2013150751590728,0.1114603504538536
2052044367.0,-0.5301137566566467,0.3824307024478912,9.862266540527344,2.3542685508728027,-0.1584240496158599,0.1778268367052078
2052052700.0,-0.5801321864128113,0.5362746715545654,9.579471588134766,2.529879570007324,0.2687573432922363,0.1286987215280532
2052061033.0,-0.6100661158561707,0.5959257483482361,9.679014205932615,2.9509520530700684,0.9127505421638488,0.0118721975013613
2052069366.0,-0.6466941237449646,0.4444463551044464,9.970601081848145,2.8277478218078613,1.179164171218872,0.1064399629831314
2052077699.0,-0.6597900390625,0.2760823667049408,9.934823989868164,2.474809169769287,1.3324397802352903,0.106696106493473
2052086032.0,-0.7152597904205322,0.408497005701065,9.834794998168944,2.632439136505127,1.0540131330490112,0.0793657153844833
2052094365.0,-0.7382121682167053,0.6557956337928772,9.947744369506836,3.122797966003418,0.8156982064247131,0.1049031019210815
2052102698.0,-0.663606584072113,0.6297115087509155,10.071905136108398,3.0057921409606934,0.3739806413650512,0.0987812951207161
2052111031.0,-0.5615063905715942,0.3643408119678497,10.027289390563965,2.406880140304565,0.0829773172736167,0.0196589268743991
2052119364.0,-0.5528227686882019,0.3097491562366485,9.69003677368164,2.1046574115753174,0.199419617652893,0.1345131546258926
2052127697.0,-0.6172501444816589,0.4821705520153045,9.531991958618164,2.611102342605591,0.6055077910423279,0.1361524760723114
2052136030.0,-0.6269684433937073,0.6101371645927429,9.840744972229004,3.2534050941467285,1.149938464164734,-0.0248201955109834
2052144363.0,-0.6196328997612,0.5166800022125244,10.104007720947266,2.9424736499786377,1.2797255516052246,0.0639971643686294
2052152696.0,-0.6782971024513245,0.3726175427436828,9.945148468017578,2.271047592163086,0.9529391527175904,0.1007792055606842
2052161029.0,-0.747355043888092,0.4527619183063507,9.717501640319824,2.458134174346924,1.0079073905944824,0.1585649251937866
2052169362.0,-0.7377992868423462,0.5296475291252136,9.91672420501709,2.79685640335083,0.7402897477149963,0.1269057095050811
2052177695.0,-0.6505574584007263,0.4417614042758941,10.15813159942627,2.8764657974243164,0.3016204237937927,0.0316976159811019
2052186028.0,-0.5373965501785278,0.3647289574146271,9.930123329162598,2.5739614963531494,-0.1097569912672042,0.0357446633279323
2052194361.0,-0.5489802956581116,0.4424651563167572,9.686275482177734,2.5309553146362305,0.1539799720048904,0.0843861028552055
2052202694.0,-0.6043853759765625,0.5748329162597656,9.646621704101562,2.693887710571289,0.6670331358909607,0.1924525648355484
2052211027.0,-0.6089274287223816,0.4795672297477722,9.842351913452148,2.923365592956543,1.259977102279663,0.0647399723529815
2052219360.0,-0.6536036729812622,0.2600494623184204,9.97585678100586,2.597757577896118,1.366942048072815,0.104416437447071
2052227693.0,-0.7002658247947693,0.3413247168064117,9.855216979980469,2.6183512210845947,1.1707115173339844,0.0048026693984866
2052236026.0,-0.7547740340232849,0.5699580311775208,9.859742164611816,2.994906187057495,0.9880563616752625,0.1675042957067489
2052244359.0,-0.6678145527839661,0.6535921692848206,10.115351676940918,3.1584272384643555,0.4996184110641479,0.0167645160108804
2052252692.0,-0.6150702834129333,0.4376980066299438,10.120109558105469,2.5427634716033936,0.1693997383117675,0.1212962120771408
2052261025.0,-0.558735191822052,0.249500498175621,9.71374225616455,2.112393379211426,-0.039061713963747,0.1311064660549163
2052269358.0,-0.6078243851661682,0.4119348526000976,9.457155227661133,2.481980800628662,0.4558437466621399,0.0436594635248184
2052277691.0,-0.6428693532943726,0.6129862666130066,9.742056846618652,3.244030237197876,0.9882612824440002,0.1236783489584922
2052286024.0,-0.6308943629264832,0.5430945754051208,10.10846710205078,3.0859389305114746,1.2295985221862793,0.0280091650784015
2052294357.0,-0.6305531859397888,0.4121726155281067,9.958303451538086,2.590559720993042,1.248604416847229,-0.0242822971194982
2052302690.0,-0.7138946652412415,0.435097336769104,9.811930656433104,2.462923526763916,1.0120055675506592,0.1088220626115799
2052311023.0,-0.7425586581230164,0.5484327077865601,9.84372329711914,2.8097918033599854,0.7932344079017639,0.1042627394199371
2052319356.0,-0.6613844633102417,0.4910063445568084,10.056841850280762,2.9676525592803955,0.3641703724861145,0.0603087246417999
2052327689.0,-0.575839102268219,0.3806781768798828,10.07160758972168,2.720731496810913,-0.092928446829319,-0.0529958568513393
2052336022.0,-0.5550215244293213,0.4645155668258667,9.711671829223633,2.4668688774108887,0.0488335415720939,-0.0150867858901619
2052344355.0,-0.5882421135902405,0.5717210173606873,9.60366153717041,2.6336684226989746,0.5553293824195862,0.052957434207201
2052352688.0,-0.6221033334732056,0.5572411417961121,9.79631519317627,2.7947821617126465,1.1381556987762451,0.0555444732308387
2052361021.0,-0.6489898562431335,0.3357095718383789,9.97995662689209,2.5817997455596924,1.2300851345062256,0.0808769538998603
2052369354.0,-0.659501850605011,0.2856273651123047,9.895699501037598,2.508517265319824,1.2380000352859497,0.103289395570755
2052377687.0,-0.736891508102417,0.5461094379425049,9.82045555114746,2.996647596359253,0.8562454581260681,0.0601037964224815
2052386020.0,-0.7018439769744873,0.6896425485610962,10.063525199890137,3.1711833477020264,0.5482855439186096,0.0093107754364609
2052394353.0,-0.6019483208656311,0.509366512298584,10.145208358764648,2.705362796783448,0.0514974147081375,-0.0070439153350889
2052402686.0,-0.5524758696556091,0.3195313215255737,9.831151008605955,2.146024465560913,0.0116672832518816,-0.054532703012228
2052411019.0,-0.5695139169692993,0.3607847690582275,9.550809860229492,2.359083890914917,0.3212921619415283,0.2719847857952118
2052419352.0,-0.6348671913146973,0.5905022025108337,9.680343627929688,3.022057056427002,0.7908267378807068,0.076496921479702
2052427685.0,-0.6042972803115845,0.5957775115966797,9.99795150756836,3.181813240051269,1.1064966917037964,0.0323123596608638
2052436018.0,-0.642392098903656,0.4404113292694092,10.07821273803711,2.680312156677246,1.2284716367721558,0.1101284101605415
2052444351.0,-0.7239238023757935,0.4375931322574615,9.817216873168944,2.3521173000335693,1.1771918535232544,0.151854008436203
2052452684.0,-0.7602807879447937,0.5028041005134583,9.77873706817627,2.5617949962615967,0.8260974884033203,0.0387927591800689
2052461017.0,-0.696965217590332,0.5421358346939087,10.018467903137209,2.9090983867645264,0.5535621047019958,-0.0661103352904319
2052469350.0,-0.625357449054718,0.396384447813034,10.130228996276855,2.6544411182403564,0.1074901223182678,0.0084655033424496
2052477683.0,-0.5217065215110779,0.3834024369716644,9.841296195983888,2.4487338066101074,0.0232961475849151,0.0671733394265174
2052486016.0,-0.56612628698349,0.5255647897720337,9.537758827209473,2.585103750228882,0.3184745609760284,0.1254969388246536
2052494349.0,-0.6358746886253357,0.5696728229522705,9.76002025604248,2.937350988388061,0.807142972946167,0.2257766872644424
2052502682.0,-0.6344572901725769,0.3893329501152038,9.978002548217772,2.7145841121673584,1.2951966524124146,0.1018550172448158
2052511015.0,-0.6957129836082458,0.2533683478832245,9.876294136047363,2.4501426219940186,1.174527883529663,0.0664049088954925
2052519348.0,-0.7063465714454651,0.4115305840969085,9.825643539428713,2.797266721725464,1.067434787750244,0.0927107259631156
2052527681.0,-0.7404401302337646,0.6580340266227722,9.964112281799316,3.09887433052063,0.6546102166175842,0.0756004080176353
2052536014.0,-0.6467732787132263,0.5734555125236511,10.108492851257324,2.9823808670043945,0.2193987518548965,0.0767786726355552
2052544347.0,-0.5665270686149597,0.3190560936927795,9.981471061706545,2.3375422954559326,0.067736841738224,0.0062370654195547
2052552680.0,-0.560698390007019,0.3378833532333374,9.612662315368652,2.1390576362609863,0.0049563539214432,0.0968602299690246
2052561013.0,-0.6031614542007446,0.496011346578598,9.565887451171877,2.789249420166016,0.7130874395370483,0.1093855872750282
2052569346.0,-0.61445152759552,0.5777268409729004,9.871674537658691,3.254404306411743,1.2283436059951782,-0.0568892210721969
2052577679.0,-0.6368938088417053,0.4558399021625519,10.13893222808838,2.926823377609253,1.2079288959503174,0.0574911497533321
2052586012.0,-0.696283757686615,0.3419573605060577,9.95859718322754,2.4236319065093994,1.1864385604858398,0.0872036665678024
2052594345.0,-0.7528454661369324,0.478876918554306,9.707889556884766,2.4151790142059326,0.9776313304901124,0.1511880308389663
2052602678.0,-0.7458620667457581,0.5302330851554871,9.994750022888184,2.930050611495972,0.7525078058242798,0.0384085439145565
2052611011.0,-0.6218347549438477,0.4016214609146118,10.147320747375488,2.8795650005340576,0.1494974792003631,0.0413285680115222
2052619344.0,-0.5085711479187012,0.3624813258647918,9.880345344543455,2.495607614517212,-0.103225365281105,0.0220922790467739
2052627677.0,-0.5323786735534668,0.4627991318702698,9.648856163024902,2.5009610652923584,0.0759334042668342,-0.0608081929385662
2052636010.0,-0.6081770062446594,0.5871785283088684,9.657538414001465,2.8506722450256348,0.7298392057418823,-0.0921856388449668
2052644343.0,-0.6110928058624268,0.4470159113407135,9.94211196899414,2.7699105739593506,1.107444167137146,0.0367692336440086
2052652676.0,-0.6454680562019348,0.2607317268848419,9.988561630249023,2.524756908416748,1.3845134973526,0.0725779384374618
2052661009.0,-0.72584468126297,0.3779166042804718,9.821101188659668,2.6533398628234863,1.116690754890442,0.1202204003930091
2052669342.0,-0.7568415403366089,0.617009162902832,9.935860633850098,3.1205954551696777,0.978655993938446,0.1579758077859878
2052677675.0,-0.6506394743919373,0.6607862710952759,10.113602638244627,3.153407096862793,0.3613272309303283,0.0272663552314043
2052686008.0,-0.5742508769035339,0.4193564355373382,10.057415008544922,2.5629732608795166,0.0466051027178764,0.0555444732308387
2052694341.0,-0.5540977120399475,0.2772027254104614,9.715974807739258,2.091005325317383,-0.0171615369617939,0.1198618039488792
2052702674.0,-0.6197307109832764,0.4598364233970642,9.461125373840332,2.559694766998291,0.498491495847702,0.1197337508201599
2052711007.0,-0.6214502453804016,0.609778642654419,9.805130958557127,3.243082523345948,1.1376947164535522,0.096168652176857
2052719340.0,-0.643309473991394,0.5458420515060425,10.116339683532717,2.990244150161743,1.2549054622650146,-0.0483340620994567
2052727673.0,-0.6583148837089539,0.397902250289917,9.960027694702148,2.4112861156463623,1.2058799266815186,0.0671733394265174
2052736006.0,-0.7262425422668457,0.4337877333164215,9.77181625366211,2.429830551147461,1.0069084167480469,0.2346392273902893
2052744339.0,-0.7711037397384644,0.5799216628074646,9.862123489379885,2.867193460464477,0.7720258831977844,0.0184038281440734
2052752672.0,-0.6558784246444702,0.4535164535045624,10.073434829711914,2.869396209716797,0.2405048310756683,-0.0164955668151378
2052761005.0,-0.5570629239082336,0.362593412399292,9.98252010345459,2.595196008682251,-0.104736603796482,0.0624603144824504
2052769338.0,-0.5485982298851013,0.4816588163375854,9.693897247314451,2.581671714782715,0.0821320489048957,0.0731670707464218
2052777671.0,-0.6206489205360413,0.5860351920127869,9.59798526763916,2.816579818725586,0.6560446619987488,0.1277510076761245
2052786004.0,-0.6339353322982788,0.5286834836006165,9.804463386535645,2.903360366821289,1.0922037363052368,0.0683003515005111
2052794337.0,-0.6386079788208008,0.2949119806289673,10.02644157409668,2.7057981491088867,1.432053565979004,0.0550321824848651
2052802670.0,-0.7012779116630554,0.3198288977146148,9.880577087402344,2.4389488697052,1.144226312637329,0.1070290803909301
2052811003.0,-0.7298645377159119,0.5943238735198975,9.827886581420898,2.862506151199341,0.8468963503837585,0.1715513467788696
2052819336.0,-0.6728414297103882,0.6808973550796509,10.084341049194336,3.113218069076538,0.5121950507164001,0.0205298084765672
2052827669.0,-0.595034122467041,0.5006766319274902,10.10754680633545,2.728851318359375,0.1089245453476905,-0.0040214350447058
2052836002.0,-0.5470624566078186,0.3084572851657867,9.79153060913086,2.151583194732666,0.0432240255177021,0.1052873209118843
2052844335.0,-0.5868561863899231,0.3835508823394775,9.51877498626709,2.4961459636688232,0.2525947988033294,0.1756239980459213
2052852668.0,-0.6585402488708496,0.5990420579910278,9.680220603942873,3.0938282012939453,0.966463565826416,0.0197869967669248
2052861001.0,-0.6445942521095276,0.5514921545982361,10.08259105682373,3.171311616897583,1.2068276405334473,-0.0195692777633667
2052869334.0,-0.6554895639419556,0.4247022271156311,10.04729175567627,2.618325471878052,1.229982852935791,0.0557749941945076
2052877667.0,-0.7459508180618286,0.4180810749530792,9.845399856567385,2.3231472969055176,1.0011965036392212,-0.0196205042302608
2052886000.0,-0.7634690403938293,0.5009438991546631,9.810358047485352,2.63576889038086,0.8077065348625183,0.0695810690522193
2052894333.0,-0.6800167560577393,0.5182556509971619,10.010111808776855,2.931997537612915,0.46311816573143,-0.0213366597890853
2052902666.0,-0.5689722895622253,0.3546057939529419,10.096303939819336,2.609052896499634,-0.0140109863132238,-0.035373255610466
2052910999.0,-0.5250128507614136,0.3917297124862671,9.780670166015623,2.379011869430542,0.0543406009674072,0.0482956394553184
2052919332.0,-0.5660680532455444,0.5570086240768433,9.55739974975586,2.6114606857299805,0.4193434417247772,-0.0149843264371156
2052927665.0,-0.6407379508018494,0.5484843850135803,9.784383773803713,2.8654773235321045,1.0842890739440918,0.058259580284357
2052935998.0,-0.6485354900360107,0.3726813793182373,10.00650405883789,2.63584566116333,1.2879990339279177,0.062921367585659
2052944331.0,-0.6777995824813843,0.2389647960662841,9.915242195129396,2.401782989501953,1.2974506616592407,0.1276997774839401
2052952664.0,-0.7080514430999756,0.4303204715251922,9.846420288085938,2.7197322845458984,0.9825235605239868,0.1233197450637817
2052960997.0,-0.7260600328445435,0.6549457311630249,9.981600761413574,3.17510199546814,0.6458756923675537,0.1107943654060363
2052969330.0,-0.6656957864761353,0.5429070591926575,10.148591995239258,2.9000821113586426,0.1813616007566452,0.0486542396247386
2052977663.0,-0.5506924390792847,0.3155950605869293,9.939983367919922,2.357905626296997,0.0353348366916179,0.0929412394762039
2052985996.0,-0.5659458041191101,0.2915497720241546,9.553467750549316,2.116389036178589,0.1231404244899749,0.0526500567793846
2052994329.0,-0.6109594106674194,0.4969757199287414,9.549556732177734,2.8053863048553467,0.7425438165664673,0.0871780514717102
2053002662.0,-0.6272353529930115,0.6087841987609863,9.86485481262207,3.199820041656494,1.2810319662094116,0.0806208103895187
2053010995.0,-0.6471531391143799,0.4743997156620025,10.137815475463867,2.78538179397583,1.1990920305252075,0.073807418346405
2053019328.0,-0.7020784616470337,0.3574158549308777,9.926996231079102,2.3588788509368896,1.1152052879333496,0.0925314277410507
2053027661.0,-0.7851274013519287,0.4629131555557251,9.732869148254396,2.448580265045166,0.9441023468971252,0.0162522327154874
2053035994.0,-0.7266067266464233,0.5373975038528442,9.938879013061523,2.966372013092041,0.6347336173057556,0.0851289182901382
2053044327.0,-0.6268509030342102,0.4415261447429657,10.144625663757324,3.006509304046631,0.1971655786037445,0.1094624251127243
2053052660.0,-0.515092670917511,0.3431369066238403,9.92320442199707,2.459594488143921,-0.007761113345623,-0.0103737656027078
2053060993.0,-0.5677999258041382,0.4626922309398651,9.612137794494627,2.533081531524658,0.2488807290792465,0.0340797454118728
2053069326.0,-0.6007559895515442,0.6169410347938538,9.647985458374023,2.899800062179565,0.8237408995628357,0.0912250876426696
2053077659.0,-0.6264210939407349,0.4603348076343536,9.951984405517578,2.8701391220092773,1.1202514171600342,0.0127943102270364
2053085992.0,-0.6406852006912231,0.2990778684616089,9.948877334594728,2.4604647159576416,1.3760606050491333,-0.00640355842188
2053094325.0,-0.7138414978981018,0.3515768349170685,9.874390602111816,2.598116159439087,1.194507122039795,0.1021879985928535
2053102658.0,-0.7546942234039307,0.6145349144935608,9.90351104736328,3.028281211853028,0.8663630485534668,0.0555444657802581
2053110991.0,-0.700448215007782,0.6903881430625916,10.043438911437988,3.2347066402435303,0.3090485334396362,-0.0223356131464242
2053119324.0,-0.580195963382721,0.4378197491168976,10.112860679626465,2.686023712158203,0.153314009308815,0.067070871591568
2053127657.0,-0.5652226805686951,0.3111827075481415,9.772807121276855,2.0973575115203857,0.1963459104299545,0.0172511879354715
2053135990.0,-0.6036636233329773,0.4504470527172088,9.43577766418457,2.519326448440552,0.5042546391487122,0.0841811895370483
2053144323.0,-0.6112868785858154,0.6186862587928772,9.76979160308838,3.2643935680389404,0.994588017463684,0.1306198090314865
2053152656.0,-0.6312610507011414,0.5896953344345093,10.12392234802246,3.103100299835205,1.274858832359314,0.0384085439145565
2053160989.0,-0.6435341238975525,0.4065007865428924,10.011762619018556,2.3652825355529785,1.2870255708694458,0.26512011885643
2053169322.0,-0.719140887260437,0.3985048830509186,9.75342082977295,2.341179609298706,0.9045539498329164,0.0175073314458131
2053177655.0,-0.7613723874092102,0.5755901336669922,9.822906494140623,2.820293664932251,0.8388791084289551,0.1771352440118789
2053185988.0,-0.685321569442749,0.5062136054039001,10.088128089904783,3.002180337905884,0.4518991410732269,0.0895089507102966
2053194321.0,-0.5555518865585327,0.3893855810165405,10.093409538269045,2.6562860012054443,0.0113343000411987,0.0770092010498046
2053202654.0,-0.5306771993637085,0.4039518535137176,9.760716438293455,2.3984529972076416,-0.0179043505340814,0.0418920814990997
2053210987.0,-0.5988898873329163,0.5781533718109131,9.518330574035645,2.73484468460083,0.4715708792209625,-0.0323763936758041
2053219320.0,-0.6194224953651428,0.5708190202713013,9.78210163116455,2.893883466720581,1.0441515445709229,0.0744221657514572
2053227653.0,-0.6492616534233093,0.3437607884407043,10.024261474609377,2.593991994857788,1.3821825981140137,0.1404556483030319
2053235986.0,-0.6805412173271179,0.2876200079917907,9.86301040649414,2.4908180236816406,1.1370288133621216,-0.0295076016336679
2053244319.0,-0.7391446232795715,0.5025403499603271,9.794325828552246,2.798880100250244,0.9838299751281738,0.0867682173848152
2053252652.0,-0.7317532896995544,0.6691904067993164,9.994224548339844,3.251534938812256,0.7259202003479004,0.0637922435998916
2053260985.0,-0.6500939130783081,0.5396788716316223,10.084044456481934,2.872111558914185,0.2606120705604553,0.0051100403070449
2053269318.0,-0.5646944642066956,0.3181494176387787,9.925226211547852,2.350784540176392,0.0874341949820518,0.0383060872554779
2053277651.0,-0.5799914598464966,0.3250332176685333,9.566570281982422,2.08744478225708,0.2756476104259491,0.122423231601715
2053285984.0,-0.6221910715103149,0.5344884395599365,9.569424629211426,2.8542072772979736,0.6609882116317749,0.0412517301738262
2053294317.0,-0.6346286535263062,0.6022917032241821,9.971864700317385,3.3264825344085693,0.9857255220413208,0.0924802049994468
2053302650.0,-0.6398099660873413,0.4377780854701996,10.111458778381348,2.727749347686768,1.00516676902771,0.0679673701524734
2053310983.0,-0.6941685080528259,0.3487180769443512,9.870460510253906,2.184215545654297,1.0532445907592771,0.0786997452378273
2053319316.0,-0.7612086534500122,0.4769513010978699,9.66395664215088,2.481186866760254,0.7878042459487915,0.16740183532238
2053327649.0,-0.74506676197052,0.5333362817764282,9.97152042388916,2.8479573726654053,0.7168015837669373,0.1448869109153747
2053335982.0,-0.6066421866416931,0.4398870766162872,10.18764877319336,2.83082127571106,0.0652266517281532,0.1263934522867202
2053344315.0,-0.5278988480567932,0.3457113206386566,9.965129852294922,2.5568771362304688,-0.0509979389607906,-0.0346048288047313
2053352648.0,-0.5658329129219055,0.4419081211090088,9.55739402770996,2.525806665420532,0.1759313642978668,0.0020619458518922
2053360981.0,-0.6602807641029358,0.5605436563491821,9.661022186279297,2.8357133865356445,0.8659020066261292,0.0943244099617004
2053369314.0,-0.6408153772354126,0.4442343115806579,9.931610107421877,2.883022785186768,1.0920244455337524,-0.0286623295396566
2053377647.0,-0.6487110257148743,0.2540701627731323,10.00887680053711,2.507800340652466,1.2877941131591797,0.0655596405267715
2053385980.0,-0.68824303150177,0.3448852598667145,9.86935043334961,2.603443622589112,1.0150023698806765,-0.0018442248692736
2053394313.0,-0.7115954756736755,0.6174256205558777,9.846790313720703,3.1326849460601807,0.7116274237632751,0.0707593262195587
2053402646.0,-0.6560438871383667,0.6626672744750977,10.050616264343262,3.102946758270264,0.4077658057212829,0.003701256820932
2053410979.0,-0.5614721775054932,0.4021227359771728,10.081850051879885,2.557952880859375,0.108591541647911,0.056338507682085
2053419312.0,-0.5407559275627136,0.2626429200172424,9.729592323303224,2.168052673339844,0.141787588596344,0.1618947684764862
2053427645.0,-0.6193912029266357,0.436305820941925,9.474361419677734,2.5967583656311035,0.6040732860565186,0.1017269343137741
2053435978.0,-0.6297141909599304,0.6004491448402405,9.801947593688965,3.3255093097686768,1.029346585273743,0.0775214955210685
2053444311.0,-0.6424583792686462,0.5553756952285767,10.11627960205078,3.185962915420532,1.2595672607421875,0.1209376156330108
2053452644.0,-0.6439892649650574,0.379197210073471,10.034807205200195,2.414180040359497,1.1636419296264648,0.1161989793181419
2053460977.0,-0.7090901732444763,0.3858886063098907,9.759846687316896,2.20552659034729,0.9792194962501526,0.1588979065418243
2053469310.0,-0.7411408424377441,0.555014967918396,9.73546314239502,2.709666013717652,0.7742543816566467,0.1075926050543785
2053477643.0,-0.6469056606292725,0.4779629707336426,10.08291721343994,3.076051950454712,0.3691651523113251,0.0149971349164843
2053485976.0,-0.5410169959068298,0.3852385282516479,10.08168601989746,2.5837972164154053,0.2205001264810562,0.0850776731967926
2053494309.0,-0.5222192406654358,0.4351514279842376,9.710481643676758,2.4865915775299072,0.1146108955144882,0.1564645618200302
2053502642.0,-0.5911444425582886,0.560113787651062,9.575043678283691,2.609873056411743,0.6669050455093384,0.1387138962745666
2053510975.0,-0.6367122530937195,0.5720188617706299,9.77047061920166,2.9261064529418945,1.1756806373596191,0.1324384063482284
2053519308.0,-0.6560431122779846,0.3467050194740295,9.983251571655272,2.682079076766968,1.2988593578338623,0.0842067971825599
2053527641.0,-0.6689582467079163,0.265308678150177,9.957115173339844,2.465537071228028,1.1805217266082764,0.1752398014068603
2053535974.0,-0.76241135597229,0.530825674533844,9.82176113128662,2.824059247970581,0.7796077132225037,0.0815173089504242
2053544307.0,-0.7108977437019348,0.685314416885376,9.973167419433594,3.103126287460327,0.5571736693382263,0.0400478579103946
2053552640.0,-0.6340031623840332,0.5765685439109802,10.106735229492188,2.840785026550293,0.205413356423378,0.0328502543270587
2053560973.0,-0.563611626625061,0.3131559491157532,9.953051567077637,2.1507887840271,0.1121519207954406,0.0752162039279937
2053569306.0,-0.5921003818511963,0.3232991695404053,9.53427791595459,2.1840617656707764,0.3292581439018249,0.1158147603273391
2053577639.0,-0.6637772917747498,0.5759893655776978,9.571316719055176,2.958200454711914,0.8662093281745911,0.1117677092552185
2053585972.0,-0.6462322473526001,0.6409991979598999,10.013079643249512,3.319361448287964,1.1686110496520996,0.0111806131899356
2053594305.0,-0.6479510068893433,0.5018853545188904,10.1057767868042,2.8446531295776367,1.2109514474868774,0.0324404314160347
2053602638.0,-0.6857396364212036,0.415382444858551,9.902711868286133,2.289080142974853,1.01628315448761,0.0829260796308517
2053610971.0,-0.7774884700775146,0.4789212048053741,9.762673377990724,2.4876928329467773,0.7722308039665222,0.0529062002897262
2053619304.0,-0.7015548944473267,0.5623094439506531,9.919315338134766,2.8648624420166016,0.5098897814750671,-0.0154197691008448
2053627637.0,-0.5954100489616394,0.4212198853492737,10.15517520904541,2.9047439098358154,0.0027023016009479,0.05377709120512
2053635970.0,-0.5217484831809998,0.3742306232452392,9.916804313659668,2.512385368347168,-0.1694637984037399,0.0027023020666092
2053644303.0,-0.5624040961265564,0.5301416516304016,9.58562469482422,2.5480401515960693,0.2762623429298401,0.090584747493267
2053652636.0,-0.6500071883201599,0.5817556977272034,9.675188064575195,2.8412718772888184,0.7829631567001343,0.1097185835242271
2053660969.0,-0.6305316686630249,0.4222234785556793,9.94400119781494,2.759126901626587,1.231570839881897,0.0785460546612739
2053669302.0,-0.6581511497497559,0.2291802763938903,9.967700958251951,2.512717962265014,1.2238867282867432,-0.044645607471466
2053677635.0,-0.685173749923706,0.3718172609806061,9.858803749084473,2.744578123092652,0.9327296018600464,0.0914043933153152
2053685968.0,-0.7486132383346558,0.5956817865371704,9.888293266296388,3.1000523567199707,0.6628835797309875,0.1531347036361694
2053694301.0,-0.651760995388031,0.6344466209411621,10.072364807128906,3.11749529838562,0.3617369830608368,0.0313902385532856
2053702634.0,-0.5636397004127502,0.3712252974510193,10.0532865524292,2.493046283721924,0.0730389952659607,0.1047238036990165
2053710967.0,-0.5365810990333557,0.2795166075229645,9.731538772583008,2.120102882385254,0.160204216837883,0.0714509114623069
2053719300.0,-0.6016335487365723,0.4351812303066253,9.49515151977539,2.6680681705474854,0.5636028051376343,0.0350018516182899
2053727633.0,-0.60698002576828,0.5710480809211731,9.812640190124512,3.195568323135376,1.0955849885940552,0.0606417097151279
2053735966.0,-0.6170967817306519,0.4927824139595032,10.155192375183104,3.032277107238769,1.10283362865448,0.0564665831625461
2053744299.0,-0.6541815400123596,0.3624213635921478,9.963035583496094,2.3572142124176025,1.098171949386597,0.0400222428143024
2053752632.0,-0.7263180017471313,0.4225542843341827,9.738347053527832,2.4282937049865723,1.1161274909973145,0.1290061026811599
2053760965.0,-0.7552791237831116,0.5464379787445068,9.875811576843262,2.7778255939483643,0.7966155409812927,0.1165319681167602
2053769298.0,-0.6378393769264221,0.4486761689186096,10.102706909179688,3.053511381149292,0.4029759764671325,0.0595402941107749
2053777631.0,-0.5633988380432129,0.3500421047210693,9.97346019744873,2.6038026809692383,0.0088497186079621,0.0050331973470747
2053785964.0,-0.5485774278640747,0.4169638752937317,9.686023712158203,2.3739402294158936,0.1359988003969192,-0.0676472038030624
2053794297.0,-0.6055302023887634,0.579459547996521,9.602410316467283,2.7678873538970947,0.6318904161453247,0.0565434284508228
2053802630.0,-0.6394116878509521,0.504263699054718,9.846612930297852,2.9192159175872803,1.1708650588989258,0.1188884750008583
2053810963.0,-0.6627710461616516,0.3101067543029785,10.017285346984863,2.650420427322388,1.2813904285430908,0.1756496131420135
2053819296.0,-0.6840351819992065,0.2953889071941376,9.880943298339844,2.491560697555542,0.9488665461540222,0.101060964167118
2053827629.0,-0.7178010940551758,0.5311230421066284,9.817002296447754,2.9469306468963623,0.8556818962097168,0.052035316824913
2053835962.0,-0.6772158741950989,0.6605951189994812,10.027016639709473,3.219747543334961,0.4786404073238373,0.0064932089298963
2053844295.0,-0.591097891330719,0.4931271970272064,10.114457130432127,2.791887760162353,-0.0390873253345489,-0.0222075432538986
2053852628.0,-0.5508431792259216,0.2999268174171448,9.81718921661377,2.26643705368042,0.1504452228546142,0.0061602238565683
2053860961.0,-0.580055832862854,0.414971649646759,9.500866889953612,2.4007582664489746,0.5928286910057068,0.0721424967050552
2053869294.0,-0.6800135374069214,0.6100708842277527,9.70433521270752,3.1018967628479004,1.0716867446899414,0.0901236832141876
2053877627.0,-0.6396817564964294,0.5693514943122864,10.085708618164062,3.1996662616729736,1.1550356149673462,0.1351279020309448
2053885960.0,-0.6428509950637817,0.4233412444591522,10.048315048217772,2.556288003921509,1.0101613998413086,0.1125873699784278
2053894293.0,-0.6873557567596436,0.4275450110435486,9.824273109436035,2.283035516738892,0.8567578196525574,0.2285686582326889
2053902626.0,-0.7361067533493042,0.5508826375007629,9.762414932250977,2.686100721359253,0.7103211283683777,0.0838481932878494
2053910959.0,-0.6146454811096191,0.5471950173377991,10.028711318969728,3.0320467948913574,0.4342765808105469,-0.0064291730523109
2053919292.0,-0.5546852946281433,0.3934612274169922,10.08237361907959,2.618940114974976,0.1606396734714508,-0.0158039815723896
2053927625.0,-0.525030255317688,0.4083829522132873,9.768996238708496,2.4140007495880127,0.0701445862650871,0.028393380343914
2053935958.0,-0.5901992917060852,0.5640612244606018,9.542527198791504,2.622500419616699,0.5328400731086731,0.0268309097737073
2053944291.0,-0.6565630435943604,0.5787235498428345,9.789057731628418,2.9423201084136963,1.2015764713287354,0.1156610772013664
2053952624.0,-0.673790693283081,0.3825424313545227,10.009048461914062,2.64888334274292,1.1542927026748655,0.0831310003995895
2053960957.0,-0.6645975708961487,0.2943913340568542,9.930176734924316,2.54289174079895,1.1082639694213867,0.063100665807724
2053969290.0,-0.7108630537986755,0.4778435826301574,9.807975769042969,2.7707555294036865,0.8729201555252075,0.0632031187415123
2053977623.0,-0.6891897320747375,0.6727112531661987,9.980154991149902,3.1015124320983887,0.4553570449352264,0.0175841730087995
2053985956.0,-0.5863200426101685,0.5697166323661804,10.07082176208496,2.8799750804901123,0.2522617876529693,0.0511388219892978
2053994289.0,-0.5203611254692078,0.3235352635383606,9.89085865020752,2.315846920013428,-0.0480266883969306,0.0230400040745735
2054002622.0,-0.5773796439170837,0.3557553589344024,9.573664665222168,2.1329357624053955,0.2464729249477386,0.1859721392393112
2054010955.0,-0.6537014245986938,0.5591967105865479,9.587407112121582,2.904282808303833,0.7632145881652832,0.0709898546338081
2054019288.0,-0.6478495001792908,0.582966148853302,9.955937385559082,3.2493832111358643,1.3566962480545044,0.0840018838644027
2054027621.0,-0.6635076999664307,0.4637769162654876,10.174269676208496,2.808767318725586,1.2665598392486572,0.0255501996725797
2054035954.0,-0.7193607687950134,0.407086968421936,9.917802810668944,2.308598279953003,1.1035765409469604,0.1508806347846985
2054044287.0,-0.7517133355140686,0.4934655427932739,9.751887321472168,2.4936611652374268,0.6600148677825928,0.0940938964486122
2054052620.0,-0.705511212348938,0.5130734443664551,9.957284927368164,2.905717134475708,0.3660914599895477,0.1350254565477371
2054060953.0,-0.5888507962226868,0.3972411751747131,10.133749008178713,2.722523927688598,0.1054922193288803,0.0698884278535842
2054069286.0,-0.5200604200363159,0.3502993583679199,9.847743034362791,2.402448892593384,0.0581058859825134,-0.0407778657972812
2054077619.0,-0.56266188621521,0.483610987663269,9.590638160705566,2.647474527359009,0.444266140460968,0.0448377169668674
2054085952.0,-0.6453262567520142,0.5813416242599487,9.725529670715332,2.71230411529541,1.0651293992996216,0.0304937437176704
2054094285.0,-0.6648391485214233,0.4107243418693542,9.97188663482666,2.7347166538238525,1.3106420040130615,0.0526244491338729
2054102618.0,-0.6687273979187012,0.2374851405620575,9.951336860656738,2.45618748664856,1.334027886390686,0.0807488709688186
2054110951.0,-0.7361611723899841,0.3939268290996551,9.854914665222168,2.6545443534851074,1.1718896627426147,-0.040905937552452
2054119284.0,-0.7532339692115784,0.6328219175338745,9.946563720703123,3.1307127475738525,0.7522516250610352,0.0240389574319124
2054127617.0,-0.6415613293647766,0.5879484415054321,10.073838233947754,2.9898855686187744,0.2391728907823562,-0.06846684217453
2054135950.0,-0.5572642087936401,0.3728043735027313,9.991778373718262,2.4578776359558105,0.0693761631846427,0.1349485963582992
2054144283.0,-0.5502679347991943,0.3200622797012329,9.641756057739258,2.19100308418274,0.0438899882137775,0.0238852743059396
2054152616.0,-0.6241995096206665,0.4772561192512512,9.482398986816406,2.8097407817840576,0.7540702223777771,-0.0187496207654476
2054160949.0,-0.6315929293632507,0.5710864663124084,9.887725830078123,3.2552237510681152,1.2953248023986816,-0.0009477267740294
2054169282.0,-0.6458361744880676,0.4859697520732879,10.147867202758787,2.949005365371704,1.2486299276351929,0.1076182052493095
2054177615.0,-0.6752286553382874,0.4039757549762726,9.92989444732666,2.476499557495117,1.1585702896118164,0.0399966314435005
2054185948.0,-0.7443742752075195,0.4844115972518921,9.78419017791748,2.4506547451019287,0.9544761776924132,0.0907128229737281
2054194281.0,-0.7129405736923218,0.5462625026702881,9.954410552978516,2.8437306880950928,0.5657031536102295,0.0103353438898921
2054202614.0,-0.620820939540863,0.4078330099582672,10.050881385803224,2.83392071723938,0.1381503790616989,0.0957075953483581
2054210947.0,-0.5368090271949768,0.3378536105155945,9.846846580505373,2.653186082839966,-0.0341437719762325,-0.0262545906007289
2054219280.0,-0.5456978678703308,0.4867380261421203,9.673409461975098,2.665583848953247,0.2031337022781372,-0.0788662284612655
2054227613.0,-0.622627317905426,0.628648042678833,9.675628662109377,2.826338768005371,0.7776866555213928,0.0247049275785684
2054235946.0,-0.6310725212097168,0.4588493704795837,9.879294395446776,2.76814341545105,1.2479127645492554,0.0622554011642932
2054244279.0,-0.6451338529586792,0.2804193794727325,9.967122077941896,2.5413291454315186,1.3930174112319946,0.0285982955247163
2054252612.0,-0.714414656162262,0.3913542330265045,9.855938911437988,2.595221519470215,1.1474794149398804,0.0175585597753524
2054260945.0,-0.7257858514785767,0.6083571910858154,9.895866394042969,3.0638086795806885,0.8160567283630371,0.1118701696395874
2054269278.0,-0.6765847206115723,0.6528449058532715,10.089279174804688,3.187345504760742,0.3687809705734253,-0.0302760284394025
2054277611.0,-0.5992739200592041,0.440439224243164,10.064085960388184,2.6523923873901367,0.0655084028840065,0.0403296127915382
2054285944.0,-0.5580552220344543,0.3547445237636566,9.67844009399414,2.202145338058472,-0.0076586557552218,0.1127410531044006
2054294277.0,-0.584546685218811,0.49228036403656,9.52208423614502,2.549551248550415,0.5968757271766663,0.0463489592075347
2054302610.0,-0.6336343884468079,0.61603182554245,9.83335781097412,3.1690316200256348,1.075554609298706,0.0374864302575588
2054310943.0,-0.6291767954826355,0.5088062882423401,10.080804824829102,2.9463415145874023,1.2267554998397827,0.0541612952947616
2054319276.0,-0.6740856766700745,0.3967354297637939,9.962465286254885,2.3777565956115723,1.0438441038131714,0.0297253206372261
2054327609.0,-0.7366994619369507,0.4842637777328491,9.806279182434082,2.4559569358825684,1.0200740098953247,0.1839998662471771
2054335942.0,-0.7504673004150391,0.5927755832672119,9.917350769042969,2.777594804763794,0.7232564091682434,0.0318000726401805
2054344275.0,-0.6569694876670837,0.4689022600650787,10.062070846557615,2.784306049346924,0.2199878692626953,-0.0196973476558923
2054352608.0,-0.5757102370262146,0.3300157487392425,9.996474266052246,2.5601046085357666,0.0218361373990774,-0.0005891274195164
2054360941.0,-0.5770567059516907,0.4408758282661438,9.701590538024902,2.5077741146087646,0.1065167784690857,0.0578497499227523
2054369274.0,-0.6133594512939453,0.5964685082435608,9.592304229736328,2.6064913272857666,0.5838636159896851,0.0992423444986343
2054377607.0,-0.6376901865005493,0.4868395328521728,9.899760246276855,2.853464365005493,1.0125690698623655,0.0459647439420223
2054385940.0,-0.65767902135849,0.2757728993892669,10.004470825195312,2.542917251586914,1.040334939956665,0.137074589729309
2054394273.0,-0.6926677823066711,0.3442969620227813,9.860249519348145,2.525729894638061,1.136080980300903,0.1414802074432373
2054402606.0,-0.7332322597503662,0.5651658773422241,9.882134437561035,2.996366024017334,0.9525806903839112,0.1173260137438774
2054410939.0,-0.6866404414176941,0.6306695342063904,10.087860107421877,3.03235411643982,0.4948542416095733,0.0189417265355587
2054419272.0,-0.5924129486083984,0.4155443012714386,10.068516731262209,2.597193956375122,0.0831566229462623,0.0205810386687517
2054427605.0,-0.5791196823120117,0.2668011486530304,9.688823699951172,2.185675382614136,0.0507802180945873,0.0998314768075943
2054435938.0,-0.632543683052063,0.4340645372867584,9.526119232177734,2.633207321166992,0.3776690661907196,0.1559010297060012
2054444271.0,-0.6469062566757202,0.6034207344055176,9.758769035339355,3.138012886047364,0.9649524092674256,0.0935559943318367
2054452604.0,-0.631070077419281,0.5121061205863953,10.07697296142578,3.0906777381896973,1.1433298587799072,0.0203761253505945
2054460937.0,-0.680984377861023,0.3737002313137054,10.036826133728027,2.498527765274048,1.2049832344055176,0.0895345583558082
2054469270.0,-0.7546404004096985,0.4208729863166809,9.826874732971191,2.38459587097168,1.067665457725525,0.1620740741491317
2054477603.0,-0.7643525004386902,0.5144293308258057,9.835590362548828,2.75561785697937,0.6861926317214966,-0.0019979104399681
2054485936.0,-0.6426581144332886,0.4686013758182525,10.086627960205078,2.8845343589782715,0.3442681431770324,0.0144080072641372
2054494269.0,-0.5501337051391602,0.3689085841178894,10.046432495117188,2.67016863822937,0.0372046753764152,-0.0673654377460479
2054502602.0,-0.5297043919563293,0.4136018455028534,9.698323249816896,2.4894347190856934,0.1589491218328476,0.0287007484585046
2054510935.0,-0.6180834770202637,0.5635573863983154,9.614789962768556,2.81358289718628,0.7222574353218079,0.0661743804812431
2054519268.0,-0.623794436454773,0.5089202523231506,9.845030784606934,2.786867380142212,1.2830299139022827,0.065867006778717
2054527601.0,-0.6535072326660156,0.2776140570640564,9.965861320495604,2.6123833656311035,1.3231419324874878,-0.0204145461320877
2054535934.0,-0.6889153718948364,0.3024003207683563,9.874143600463867,2.508235454559326,1.1934312582015991,0.0048026689328253
2054544267.0,-0.7291481494903564,0.5412466526031494,9.867730140686035,2.9576120376586914,0.9926156997680664,0.0155094200745224
2054552600.0,-0.684173047542572,0.6636494398117065,10.06611442565918,3.1901888847351074,0.4022075235843658,0.0487310774624347
2054560933.0,-0.5814687609672546,0.4796114861965179,10.064698219299316,2.7499828338623047,0.0741147920489311,-0.0949775800108909
2054569266.0,-0.5340682864189148,0.3167223632335663,9.83450698852539,2.233317852020264,0.005801623687148,0.1327713876962661
2054577599.0,-0.5698919296264648,0.4192260801792145,9.537256240844728,2.379857301712036,0.4248505532741546,0.0558006167411804
2054585932.0,-0.6039981842041016,0.5843877792358398,9.693097114562988,3.092496156692505,0.8897232413291931,0.101240262389183
2054594265.0,-0.6195963025093079,0.5445927977561951,10.049172401428224,3.241084337234497,1.219839334487915,0.1166088059544563
2054602598.0,-0.6487547755241394,0.410331666469574,10.087366104125977,2.675086498260498,1.0931259393692017,0.1774682253599167
2054610931.0,-0.7289795279502869,0.4319653809070587,9.785567283630373,2.3692781925201416,1.086619853973389,0.1722941398620605
2054619264.0,-0.748230516910553,0.5237765908241272,9.822052001953123,2.745218515396118,0.8723312616348267,0.0350786931812763
2054627597.0,-0.6587492227554321,0.5122078061103821,10.063584327697754,2.883023262023926,0.470418244600296,0.0609490722417831
2054635930.0,-0.5662432312965393,0.3509096205234527,9.986427307128906,2.6379973888397217,0.0781106129288673,0.0128711527213454
2054644263.0,-0.5440882444381714,0.4069380462169647,9.74862289428711,2.553982734680176,0.0394843444228172,0.1005742996931076
2054652596.0,-0.612118124961853,0.5599504113197327,9.64008331298828,2.744142532348633,0.4273863434791565,0.1491644829511642
2054660929.0,-0.6574979424476624,0.5620577931404114,9.759014129638672,2.8548731803894043,1.096199631690979,-0.0176994353532791
2054669262.0,-0.6590104103088379,0.3569539785385132,9.990971565246582,2.758896589279175,1.396398425102234,0.0934535339474678
2054677595.0,-0.6973077654838562,0.2766343355178833,9.943206787109377,2.5165855884552,1.3101040124893188,-0.0591176487505435
2054685928.0,-0.7145788669586182,0.4842903017997741,9.852005004882812,2.813762187957764,1.0092393159866333,0.1383809149265289
2054694261.0,-0.7003587484359741,0.6703193187713623,10.02427577972412,3.1844515800476074,0.5692379474639893,0.0202224403619766
2054702594.0,-0.6230336427688599,0.519008219242096,10.123873710632324,2.9695732593536377,0.0382548570632934,0.0154581908136606
2054710927.0,-0.5573405623435974,0.3097634315490722,9.848097801208496,2.2971229553222656,-0.1034046709537506,0.0672757923603057
2054719260.0,-0.5922908782958984,0.3874291479587555,9.518458366394045,2.3698930740356445,0.3517219126224518,0.1037248522043228
2054727593.0,-0.649871826171875,0.5359314680099487,9.640352249145508,2.8998773097991943,1.017000436782837,0.1165575832128524
2054735926.0,-0.635703980922699,0.5695492029190063,9.967366218566896,3.273998498916626,1.301215887069702,0.0706312507390976
2054744259.0,-0.6617158651351929,0.4186843335628509,10.091174125671388,2.7479846477508545,1.184927225112915,0.0202992781996727
2054752592.0,-0.7115843892097473,0.3872133791446686,9.822741508483888,2.348710298538208,0.96126389503479,0.2068477571010589
2054760925.0,-0.732770562171936,0.5030981302261353,9.78955078125,2.6129465103149414,0.7280718088150024,0.163790225982666
2054769258.0,-0.688366174697876,0.4970922768115997,10.001028060913086,2.99595594406128,0.351107120513916,0.0762919932603836
2054777591.0,-0.5574764013290405,0.4023932814598083,10.104899406433104,2.857511281967163,0.0088497186079621,-0.0408290922641754
2054785924.0,-0.5198774933815002,0.3908093571662903,9.811775207519531,2.5696070194244385,-0.1059660986065864,-0.070567212998867
2054794257.0,-0.563021183013916,0.5180738568305969,9.57818603515625,2.592865228652954,0.3929095566272735,0.0918142274022102
2054802590.0,-0.6239545941352844,0.5863834619522095,9.690370559692385,2.8071534633636475,0.9531952738761902,0.0845910161733627
2054810923.0,-0.6344869136810303,0.3770339787006378,9.972926139831545,2.894984722137451,1.2831066846847534,0.0170718859881162
2054819256.0,-0.6718261241912842,0.2882290482521057,9.956236839294434,2.464742660522461,1.3258312940597534,0.070067748427391
2054827589.0,-0.745674192905426,0.449808806180954,9.879173278808594,2.7523393630981445,1.0405399799346924,0.060206264257431
2054835922.0,-0.7211120128631592,0.6835904121398926,10.01223087310791,3.100308656692505,0.6852447986602783,0.0309291873127222
2054844255.0,-0.611660897731781,0.6046774387359619,10.106462478637695,2.972468137741089,0.1622277498245239,0.1504708230495453
2054852588.0,-0.5356411933898926,0.3718546628952026,9.997014999389648,2.35793137550354,-0.0244103651493787,0.1097441986203193
2054860921.0,-0.5462047457695007,0.3329335153102875,9.608614921569824,2.266975164413452,0.0947854742407798,0.0598476603627204
2054869254.0,-0.6435213685035706,0.528759777545929,9.546469688415527,2.8086392879486084,0.7178517580032349,0.1204253360629081
2054877587.0,-0.6399115324020386,0.6019311547279358,9.882295608520508,3.234757661819458,1.3007291555404663,0.0953745990991592
2054885920.0,-0.6284124851226807,0.4934408664703369,10.094074249267578,2.9013116359710693,1.3941699266433716,0.1024953573942184
2054894253.0,-0.6718235015869141,0.4180496037006378,9.91703987121582,2.348172187805176,1.1071112155914309,0.0770092010498046
2054902586.0,-0.7749465107917786,0.481420487165451,9.710187911987305,2.507287979125977,0.9969188570976256,0.0322867445647716
2054910919.0,-0.7314110398292542,0.5408637523651123,9.94608211517334,2.831897258758545,0.5863482356071472,0.0867169946432113
2054919252.0,-0.6367764472961426,0.4214783906936645,10.032585144042969,2.8323073387146,0.1457321941852569,0.0555444732308387
2054927585.0,-0.5442335605621338,0.3764421045780182,9.88623046875,2.489896059036255,0.0466819480061531,-0.016188196837902
2054935918.0,-0.5889500975608826,0.5336662530899048,9.536553382873535,2.558183431625366,0.3450365662574768,0.0778800845146179
2054944251.0,-0.6457025408744812,0.6367518901824951,9.656131744384766,2.9430630207061768,0.965772032737732,0.1348205357789993
2054952584.0,-0.6513383388519287,0.4667198061943054,9.90269947052002,2.728517770767212,1.2034976482391355,0.0700677335262298
2054960917.0,-0.7033944129943848,0.2746754288673401,9.967935562133787,2.524961471557617,1.2510119676589966,0.0845654010772705
2054969250.0,-0.7083770036697388,0.374878317117691,9.83806324005127,2.510515213012696,1.0055253505706787,0.0490640699863433
2054977583.0,-0.7742953300476074,0.6628113389015198,9.854660987854004,3.039910078048706,0.8289406895637512,0.0346176400780677
2054985916.0,-0.6559016108512878,0.6575959920883179,10.130785942077637,3.023516893386841,0.2868410050868988,0.1248565912246704
2054994249.0,-0.5859291553497314,0.4291548132896423,10.036544799804688,2.3791399002075195,0.0467844009399414,0.0426092818379402
2055002582.0,-0.5504254102706909,0.3076921701431274,9.710162162780762,1.9810432195663448,0.0653290972113609,0.0602830983698368
2055010915.0,-0.6134551167488098,0.4436710178852081,9.487833023071287,2.4915859699249268,0.5778443217277527,0.0476296693086624
2055019248.0,-0.6384664177894592,0.5669496655464172,9.822623252868652,3.161757469177246,1.140794038772583,0.0246024746447801
2055027581.0,-0.6058550477027893,0.5132713913917542,10.136256217956545,2.949338436126709,1.194635272026062,0.1044420450925827
2055035914.0,-0.6786248683929443,0.3860080242156982,10.012751579284668,2.389436721801758,1.0633621215820312,0.0809537917375564
2055044247.0,-0.7381148338317871,0.4500765204429626,9.778461456298828,2.391947031021118,0.9992241263389589,0.0972444489598274
2055052580.0,-0.7523043751716614,0.5413607358932495,9.856282234191896,2.6908137798309326,0.7034052610397339,0.1544666439294815
2055060913.0,-0.6217856407165527,0.4500166177749634,10.086284637451172,2.886711597442627,0.3542321026325226,-0.0092467386275529
2055069246.0,-0.5275458693504333,0.3478707671165466,10.002609252929688,2.4826979637146,-0.0479498505592346,0.0710666924715042
2055077579.0,-0.5287759304046631,0.4201431274414062,9.706744194030762,2.4524221420288086,0.0160729326307773,0.051010750234127
2055085912.0,-0.6048654317855835,0.5826212763786316,9.605819702148438,2.7664783000946045,0.4837120175361633,0.1647635698318481
2055094245.0,-0.6317998766899109,0.5055822134017944,9.87109661102295,2.903104782104492,1.1678940057754517,0.0627932995557785
2055102578.0,-0.623699426651001,0.2906073033809662,10.000409126281738,2.498886108398437,1.502722978591919,0.0867426022887229
2055110911.0,-0.7034325003623962,0.2650539875030517,9.88570499420166,2.468994617462158,1.2681479454040527,0.0618711821734905
2055119244.0,-0.7130472660064697,0.515033483505249,9.845344543457031,2.9413721561431885,0.9086520671844482,-0.012960803695023
2055127577.0,-0.692639946937561,0.6238747835159302,10.043051719665527,3.1463117599487305,0.4260031580924988,0.0578497536480426
2055135910.0,-0.5808224081993103,0.4856687188148498,10.096251487731934,2.821446657180786,0.0756004080176353,-0.0362953729927539
2055144243.0,-0.5519863367080688,0.2780729830265045,9.857178688049316,2.2071402072906494,0.0636641904711723,0.05116443708539
2055152576.0,-0.5753114819526672,0.3561147153377533,9.50898265838623,2.427345991134644,0.3344322741031647,0.0500374138355255
2055160909.0,-0.6502963900566101,0.521171510219574,9.669888496398926,3.0775632858276367,0.9614943861961364,0.0165339894592762
2055169242.0,-0.6522781252861023,0.5182653069496155,10.04659938812256,3.2183899879455566,1.2234766483306885,0.0640483945608139
2055177575.0,-0.6538180708885193,0.41551074385643,10.087382316589355,2.70044493675232,1.2255003452301023,0.0545967482030391
2055185908.0,-0.7237595915794373,0.3667560815811157,9.845356941223145,2.3228652477264404,1.0124154090881348,0.0167645160108804
2055194241.0,-0.7401654720306396,0.487255185842514,9.73682975769043,2.714378833770752,0.8746364116668701,0.1173516139388084
2055202574.0,-0.7057973146438599,0.4927299618721008,10.012872695922852,2.904564619064331,0.4076889753341675,0.0979616343975067
2055210907.0,-0.582403302192688,0.3381221294403076,10.065656661987305,2.772369623184204,0.0488847643136978,0.0143311647698283
2055219240.0,-0.5382683277130127,0.3625227808952331,9.765148162841797,2.435568332672119,0.1106663048267364,0.0174304880201816
2055227573.0,-0.5765143632888794,0.4987443089485168,9.570533752441406,2.735690116882324,0.3820747435092926,0.0332344733178615
2055235906.0,-0.6521797180175781,0.5915845036506653,9.728477478027344,3.0242087841033936,0.9887734055519104,0.028931276872754
2055244239.0,-0.6753974556922913,0.4180830717086792,9.990236282348633,2.821753740310669,1.378212332725525,0.0608722269535064
2055252572.0,-0.6807713508605957,0.248002752661705,9.973682403564451,2.481852769851685,1.2310584783554075,0.1823092997074127
2055260905.0,-0.7390556931495667,0.4147101044654846,9.796686172485352,2.6740365028381348,0.954834759235382,0.0407394394278526
2055269238.0,-0.7426272630691528,0.6293050050735474,9.922183990478516,3.2487688064575195,0.5155505537986755,0.1975753903388977
2055277571.0,-0.6437911987304688,0.6021816730499268,10.12192440032959,3.1569159030914307,0.1690155267715454,0.0958868861198425
2055285904.0,-0.5630161762237549,0.3844411373138428,9.980420112609863,2.492098808288574,-0.00668531563133,0.0445815809071064
2055294237.0,-0.5424021482467651,0.2855589091777801,9.634725570678713,2.180937051773072,0.1855623424053192,0.0262161716818809
2055302570.0,-0.6189258098602295,0.5040659308433533,9.498465538024902,2.726212739944458,0.7208229303359985,0.1494718641042709
2055310903.0,-0.621873140335083,0.6103888154029846,9.890802383422852,3.298563241958618,1.2090816497802734,0.0532391890883445
2055319236.0,-0.6505254507064819,0.4949873387813568,10.202150344848633,2.9948549270629883,1.2672514915466309,0.1023416817188263
2055327569.0,-0.696255624294281,0.4130622744560241,9.943042755126951,2.381880521774292,0.9935121536254884,0.0631775185465812
2055335902.0,-0.7293935418128967,0.4546279609203338,9.743781089782717,2.423349618911743,0.8928737640380859,0.0447096414864063
2055344235.0,-0.7429420351982117,0.590594470500946,9.848155975341797,2.9679856300354004,0.5327632427215576,0.1682727187871933
2055352568.0,-0.6337512731552124,0.4862276613712311,10.126842498779297,3.138627529144287,0.2343318462371826,0.0231936909258365
2055360901.0,-0.5128007531166077,0.3491354286670685,10.017370223999023,2.5031893253326416,-0.1578861474990844,-0.0853466391563415
2055369234.0,-0.543933093547821,0.4474250078201294,9.612150192260742,2.42288875579834,0.190633937716484,0.0970651432871818
2055377567.0,-0.580289363861084,0.5900078415870667,9.608556747436523,2.909508228302002,0.6867561340332031,0.0634336546063423
2055385900.0,-0.6093418002128601,0.5520769357681274,9.867575645446776,3.0085840225219727,1.2056492567062378,0.0048282830975949
2055394233.0,-0.637350857257843,0.3319523632526397,10.054862022399902,2.583362102508545,1.2584145069122314,0.0781618356704711
2055402566.0,-0.6784254312515259,0.2999270558357239,9.879036903381348,2.435977935791016,1.0850318670272827,0.1078231185674667
2055410899.0,-0.7742319107055664,0.5939934253692627,9.775136947631836,2.970290422439575,0.9458183646202089,0.1088733002543449
2055419232.0,-0.7323878407478333,0.6665920615196228,10.041950225830078,3.2424418926239014,0.4828155040740967,0.0736024975776672
2055427565.0,-0.6264999508857727,0.5029184222221375,10.140145301818848,2.7764675617218018,0.0763944610953331,0.055979911237955
2055435898.0,-0.5529260039329529,0.3198171854019165,9.834893226623535,2.156500816345215,-0.0540460348129272,-0.0290465410798788
2055444231.0,-0.567277729511261,0.3928103446960449,9.53980827331543,2.284623146057129,0.3499288558959961,0.153954342007637
2055452564.0,-0.6222649216651917,0.6106422543525696,9.671944618225098,3.0623483657836914,0.8446934223175049,0.0419433116912841
2055460897.0,-0.6231764554977417,0.5790510773658752,10.042622566223145,3.179405689239502,1.1721972227096558,0.0873317420482635
2055469230.0,-0.6408698558807373,0.4105258584022522,10.055521965026855,2.5597970485687256,1.2780095338821411,0.1049030944705009
2055477563.0,-0.7273356318473816,0.4123902320861816,9.808531761169434,2.2705352306365967,1.1669716835021973,-0.0850648805499076
2055485896.0,-0.7630825638771057,0.507936418056488,9.758339881896973,2.540637969970703,0.9613407254219056,0.0893808826804161
2055494229.0,-0.7245779037475586,0.5341154932975769,10.03303050994873,2.9202146530151367,0.5688281655311584,0.0792632475495338
2055502562.0,-0.610178530216217,0.410664439201355,10.100200653076172,2.70825719833374,0.0628957599401474,0.0698115974664688
2055510895.0,-0.540418803691864,0.3378323018550873,9.87250804901123,2.3132598400115967,-0.1518155634403228,0.0030609008390456
2055519228.0,-0.6007150411605835,0.5378194451332092,9.497735977172852,2.564382076263428,0.2758525013923645,-0.0289440881460905
2055527561.0,-0.6319652199745178,0.5665988922119141,9.76471710205078,2.9390671253204346,0.9041697978973388,0.0524195320904254
2055535894.0,-0.6463330984115601,0.3850045502185821,9.99981689453125,2.7751615047454834,1.2636398077011108,0.0703238919377327
2055544227.0,-0.6635093092918396,0.2435063570737838,9.964557647705078,2.5346438884735107,1.2104904651641846,-0.0211829729378223
2055552560.0,-0.7073075771331787,0.4103782176971435,9.82566261291504,2.6617414951324463,0.9526062607765198,0.0776239410042762
2055560893.0,-0.7287392020225525,0.6436006426811218,9.858037948608398,3.1737446784973145,0.6652401685714722,0.0560311451554298
2055569226.0,-0.65633225440979,0.6153279542922974,10.137447357177734,3.102306604385376,0.2796434164047241,0.0335674546658992
2055577559.0,-0.5619667172431946,0.3499209582805633,10.023051261901855,2.4071619510650635,-0.0619864538311958,0.1051080077886581
2055585892.0,-0.5888837575912476,0.310821384191513,9.624506950378418,2.2287843227386475,0.2185790687799453,0.1013939529657363
2055594225.0,-0.6480821371078491,0.4959979951381683,9.55327320098877,2.7243683338165283,0.6564287543296814,-0.022181924432516
2055602558.0,-0.6549609899520874,0.6070177555084229,9.878856658935549,3.2011520862579346,1.1445337533950806,-0.0806336104869842
2055610891.0,-0.627454400062561,0.4857402145862579,10.137240409851074,2.924262285232544,1.0792430639266968,0.0097974454984068
2055619224.0,-0.6537567377090454,0.3559376299381256,9.965219497680664,2.356778860092163,0.9479700922966005,0.1423511207103729
2055627557.0,-0.7010688185691833,0.4490754306316376,9.71426486968994,2.379242420196533,0.7364221215248108,0.0899956151843071
2055635890.0,-0.7069768309593201,0.554133415222168,9.829753875732422,2.87287974357605,0.5556623935699463,0.0660206973552703
2055644223.0,-0.6150574684143066,0.4564332067966461,10.141674995422363,2.899211168289185,0.3446267247200012,0.0242182593792676
2055652556.0,-0.5215661525726318,0.3510964512825012,9.94306182861328,2.455214262008667,0.1684776246547699,0.1431707739830017
2055660889.0,-0.5343341827392578,0.4416963458061218,9.623610496520996,2.5067243576049805,0.3354824483394623,0.1274948418140411
2055669222.0,-0.6317143440246582,0.5917306542396545,9.663527488708496,2.768527269363404,0.775534987449646,0.0868706777691841
2055677555.0,-0.6897538304328918,0.4838539958000183,9.924653053283691,2.9546918869018555,1.385153889656067,0.1626888364553451
2055685888.0,-0.6667652726173401,0.3092204630374908,9.998648643493652,2.679466962814331,1.1290627717971802,0.0410724245011806
2055694221.0,-0.6803138256072998,0.3321979343891144,9.884041786193848,2.604801177978516,0.9575753211975098,0.1239857077598571
2055702554.0,-0.7004733085632324,0.552171528339386,9.841605186462402,2.800955057144165,0.6886258721351624,0.075677253305912
2055710887.0,-0.6681504845619202,0.6534384489059448,9.992825508117676,3.1581199169158936,0.4271045923233032,-0.0442613996565341
2055719220.0,-0.5547327995300293,0.4449927508831024,10.049412727355955,2.64189076423645,0.1883798986673355,0.0779313147068023
2055727553.0,-0.5246545672416687,0.2822258174419403,9.797993659973145,2.2169246673583984,0.1653014719486236,-0.1155970469117164
2055735886.0,-0.5936880707740784,0.3975355327129364,9.499382972717283,2.43777084350586,0.6065579056739807,0.0049051265232264
2055744219.0,-0.6622273325920105,0.5809982419013977,9.717899322509766,3.1401901245117188,1.1882060766220093,-0.0025101951323449
2055752552.0,-0.6488728523254395,0.5828508734703064,10.09945011138916,3.302763700485229,1.3088746070861816,0.1038272976875305
2055760885.0,-0.6571763157844543,0.4127874970436096,10.07604694366455,2.6201443672180176,1.156674861907959,0.048398096114397
2055769218.0,-0.7171579599380493,0.3735574781894684,9.81872272491455,2.240771770477295,1.0791661739349363,0.0479882694780826
2055777551.0,-0.7474426031112671,0.5086161494255066,9.744759559631348,2.657822370529175,0.7191579937934875,0.0207091085612773
2055785884.0,-0.6708179116249084,0.5241921544075012,10.013218879699709,3.167161464691162,0.3556408584117889,-0.0369357243180274
2055794217.0,-0.5625839233398438,0.3963682353496551,10.111693382263184,2.822829484939575,0.0798523798584938,0.0018314176704734
2055802550.0,-0.5016592741012573,0.3897691667079925,9.775312423706056,2.3814706802368164,0.1294927597045898,0.1223464086651802
2055810883.0,-0.5959727168083191,0.5348712205886841,9.549590110778809,2.569735527038574,0.5232860445976257,0.1715769618749618
2055819216.0,-0.6675595641136169,0.584108829498291,9.732705116271973,2.840606212615967,1.1545745134353638,0.0140237938612699
2055827549.0,-0.6675434708595276,0.3874487280845642,10.040732383728027,2.858638286590576,1.341097354888916,0.0305705890059471
2055835882.0,-0.6697224974632263,0.2815511226654053,9.96962833404541,2.4501426219940186,1.2515244483947754,0.0678393095731735
2055844215.0,-0.7411538362503052,0.4634458124637604,9.83582878112793,2.653468370437622,0.7276107668876648,0.1124080643057823
2055852548.0,-0.714197039604187,0.6532946228981018,9.963825225830078,3.069136142730713,0.4888604879379272,-0.0272791590541601
2055860881.0,-0.6427311897277832,0.5969318151473999,10.097203254699709,2.9780776500701904,0.145629733800888,0.0266772247850894
2055869214.0,-0.5493273138999939,0.3396617174148559,9.972887992858888,2.352987766265869,-0.1994324326515197,0.0314670838415622
2055877547.0,-0.5509942173957825,0.3048835694789886,9.598334312438965,2.1702816486358643,0.2124828994274139,0.0208627972751855
2055885880.0,-0.5834463834762573,0.5327038168907166,9.559253692626951,2.8402984142303467,0.7415192723274231,0.0995241031050682
2055894213.0,-0.6200911998748779,0.5926735401153564,9.88162326812744,3.266186714172364,1.2341580390930176,0.0129992254078388
2055902546.0,-0.628765881061554,0.473093181848526,10.141929626464844,2.8571271896362305,1.2864878177642822,0.1278790533542633
2055910879.0,-0.6797834038734436,0.3786987960338592,9.929469108581545,2.332086563110352,1.0695608854293823,0.12401133030653
2055919212.0,-0.752978503704071,0.4520715475082397,9.714029312133787,2.477729082107544,0.8217175006866455,0.065021738409996
2055927545.0,-0.7228676080703735,0.5672160387039185,9.91807460784912,2.899902582168579,0.5793299078941345,0.1312857568264007
2055935878.0,-0.6078311204910278,0.4488293826580047,10.134964942932127,2.940911293029785,0.1877651661634445,-0.0792504474520683
2055944211.0,-0.5312432050704956,0.3742366433143616,9.946864128112791,2.567711591720581,-0.0428782254457473,0.0241926442831754
2055952544.0,-0.5482380390167236,0.4525917768478393,9.60719108581543,2.4496560096740723,0.3062822222709656,0.104006603360176
2055960877.0,-0.623377799987793,0.5647661089897156,9.601487159729004,2.744680643081665,0.8818084597587585,0.0715789794921875
2055969210.0,-0.6323312520980835,0.4747938811779022,9.916045188903809,2.900209903717041,1.3339509963989258,-0.0065828589722514
2055977543.0,-0.6549529433250427,0.2901933193206787,10.005049705505373,2.643043279647827,1.4362798929214478,0.1032125651836395
2055985876.0,-0.6875173449516296,0.3666046261787414,9.888165473937988,2.576804876327514,1.1315728425979614,-0.0525091812014579
2055994209.0,-0.7421268820762634,0.6145948767662048,9.883569717407228,2.988502025604248,0.8001759052276611,0.1146621257066726
2056002542.0,-0.7125107645988464,0.6367039680480957,9.99903678894043,3.015986442565918,0.3830480575561523,0.0306218154728412
2056010875.0,-0.5859968066215515,0.3980210423469543,10.005718231201172,2.5347719192504883,0.0339516662061214,0.003368271747604
2056019208.0,-0.5678743124008179,0.2965860366821289,9.73193645477295,2.216412305831909,0.2166579961776733,-0.0166492518037557
2056027541.0,-0.6083729267120361,0.4297874569892883,9.520216941833496,2.569171905517578,0.6055076718330383,0.0261649396270513
2056035874.0,-0.664124071598053,0.6112611889839172,9.77463722229004,3.1578638553619385,1.1257072687149048,0.0868194475769996
2056044207.0,-0.6173586249351501,0.5331389307975769,10.096479415893556,3.048081159591675,1.165793538093567,0.0178915448486804
2056052540.0,-0.6663463115692139,0.3732577562332153,10.022201538085938,2.3575730323791504,1.1007333993911743,0.0335930734872818
2056060873.0,-0.7181905508041382,0.4208019077777862,9.758543968200684,2.308905839920044,0.9372633099555968,0.020452968776226
2056069206.0,-0.7358148097991943,0.5353413820266724,9.817767143249512,2.7115869522094727,0.7724869251251221,0.0909689590334892
2056077539.0,-0.655796229839325,0.4631086587905884,10.066155433654783,2.840016841888428,0.3220349848270416,0.1203741058707237
2056085872.0,-0.5382928848266602,0.3541061580181122,10.025368690490724,2.6161484718322754,-0.0251019485294818,0.0329014845192432
2056094205.0,-0.5179015398025513,0.4242877960205078,9.712592124938965,2.4039344787597656,0.0735256671905517,0.0205041989684104
2056102538.0,-0.6068474054336548,0.5536934733390808,9.61696720123291,2.7885830402374268,0.5292797684669495,0.0401246957480907
2056110871.0,-0.6381790637969971,0.5069670081138611,9.81032657623291,2.816016435623169,1.117228865623474,0.0702470391988754
2056119204.0,-0.6509654521942139,0.3108149170875549,9.995502471923828,2.576932668685913,1.2091070413589478,0.1438111215829849
2056127537.0,-0.6826199293136597,0.3112335801124573,9.895591735839844,2.590021848678589,1.11410391330719,0.0350786931812763
2056135870.0,-0.7559697031974792,0.5394275784492493,9.832850456237791,2.776416778564453,0.8584995865821838,0.0627164617180824
2056144203.0,-0.6820920705795288,0.6711309552192688,10.054327964782717,3.1312508583068848,0.6044318675994873,0.1093087419867515
2056152536.0,-0.6143089532852173,0.4828366935253143,10.118178367614746,2.7707302570343018,0.1508038192987442,0.0451194755733013
2056160869.0,-0.5443625450134277,0.3007023632526397,9.850663185119627,2.124508619308472,0.0573118515312671,0.1967301219701767
2056169202.0,-0.5867878794670105,0.4109596312046051,9.561278343200684,2.3912553787231445,0.3649644255638122,0.1157635450363159
2056177535.0,-0.627429723739624,0.5872671604156494,9.69416618347168,3.051769733428955,0.8424650430679321,0.1100771874189376
2056185868.0,-0.610333263874054,0.5533199906349182,10.022581100463867,3.2012033462524414,1.2921230792999268,0.0275737252086401
2056194201.0,-0.6428869962692261,0.4293968081474304,10.03819179534912,2.714251041412353,1.2117455005645752,0.0385622307658195
2056202534.0,-0.7082889080047607,0.4158095717430115,9.804424285888672,2.3704566955566406,1.127372145652771,-0.0290209297090768
2056210867.0,-0.7647110223770142,0.5055009722709656,9.813824653625488,2.5506784915924072,0.9180783033370972,0.0373839773237705
2056219200.0,-0.6863052248954773,0.5256843566894531,10.05304718017578,2.9436264038085938,0.459276020526886,0.0023180881980806
2056227533.0,-0.5810713768005371,0.3596332669258117,10.091668128967283,2.7581284046173096,0.1116396486759185,0.0180964581668376
2056235866.0,-0.5396621227264404,0.4108568131923675,9.771527290344238,2.538332462310791,-0.0274328477680683,0.1102052554488182
2056244199.0,-0.623814046382904,0.5670135617256165,9.609124183654783,2.706284999847412,0.4348401129245758,-0.0423147156834602
2056252532.0,-0.6386730670928955,0.5817741751670837,9.748992919921877,2.8681156635284424,0.9441279768943788,0.0370253771543502
2056260865.0,-0.6482043862342834,0.3483428657054901,9.976926803588867,2.639662265777588,1.318428635597229,0.0404832996428012
2056269198.0,-0.6669025421142578,0.2506080269813537,9.885510444641112,2.468738317489624,1.2282154560089111,0.1366903781890869
2056277531.0,-0.7303940057754517,0.4855563342571258,9.81251049041748,2.86204481124878,1.066896915435791,0.2381739616394043
2056285864.0,-0.7112921476364136,0.6845430731773376,9.976208686828612,3.175870656967163,0.6429813504219055,0.1354608684778213
2056294197.0,-0.625601589679718,0.5512515902519226,10.114715576171877,2.866552829742432,0.1702450066804886,0.0050331968814134
2056302530.0,-0.561241626739502,0.3252100348472595,9.911338806152344,2.2290403842926025,0.0475015975534915,0.0760358646512031
2056310863.0,-0.5888544917106628,0.3428541123867035,9.56507682800293,2.149251937866211,0.2189120501279831,0.0379218719899654
2056319196.0,-0.6474473476409912,0.5297935009002686,9.61170482635498,2.9375813007354736,0.8984320759773254,-0.0360648445785045
2056327529.0,-0.6492655277252197,0.5783538222312927,9.97709846496582,3.25901460647583,1.2093119621276855,0.0245000161230564
2056335862.0,-0.6391491889953613,0.434447318315506,10.101146697998049,2.748702049255371,1.09635329246521,0.1233965903520584
2056344195.0,-0.6858682036399841,0.3916774988174438,9.89084243774414,2.3481974601745605,1.0822911262512207,0.059565894305706
2056352528.0,-0.7376273274421692,0.501009464263916,9.71912956237793,2.595298290252685,0.8180802464485168,0.1674274504184723
2056360861.0,-0.7046312093734741,0.5198060870170593,9.987337112426758,2.913606643676758,0.5597606897354126,0.1422230452299118
2056369194.0,-0.5923254489898682,0.3742488622665405,10.090435028076172,2.713175058364868,0.2983418107032776,0.1094624400138855
2056377527.0,-0.5412788987159729,0.3586054146289825,9.831592559814451,2.4077510833740234,0.0425580516457557,-0.0322995483875274
2056385860.0,-0.5780496597290039,0.5021756291389465,9.602895736694336,2.6443495750427246,0.4058959484100342,0.0546735823154449
2056394193.0,-0.6150214076042175,0.5714237093925476,9.71463680267334,2.896111965179444,0.898841917514801,0.004008627962321
2056402526.0,-0.6449140906333923,0.3972998857498169,9.961012840270996,2.845062732696533,1.2768311500549316,0.1390212774276733
2056410859.0,-0.6606020927429199,0.2657428085803985,9.92503833770752,2.563920736312866,1.2566471099853516,0.1411472409963607
2056419192.0,-0.7140861749649048,0.4061276316642761,9.835525512695312,2.6524693965911865,1.0587773323059082,0.1547484099864959
2056427525.0,-0.7401295304298401,0.6369622349739075,9.939517974853516,3.242493391036988,0.8082188367843628,0.1302355825901031
2056435858.0,-0.6500719785690308,0.6243487596511841,10.10073947906494,3.050002098083496,0.3105085790157318,0.0287775956094265
2056444191.0,-0.5585601329803467,0.3758251667022705,10.00156307220459,2.3979406356811523,-0.0032530080061405,0.1135863289237022
2056452524.0,-0.5615186095237732,0.3289520442485809,9.650434494018556,2.20788311958313,0.3576131165027618,0.2821279764175415
2056460857.0,-0.6420992016792297,0.4853794872760772,9.567493438720703,2.704517841339112,0.726996123790741,0.1002413183450698
2056469190.0,-0.6566075682640076,0.6230868101119995,9.838247299194336,3.2929279804229736,1.1156409978866575,0.0509339123964309
2056477523.0,-0.6482989192008972,0.4973312020301819,10.17014217376709,3.0100438594818115,1.2289068698883057,0.0576448366045951
2056485856.0,-0.684636652469635,0.417456716299057,9.98203945159912,2.410414457321167,1.201089859008789,0.0874598026275634
2056494189.0,-0.751763105392456,0.489152580499649,9.711153984069824,2.4848499298095703,0.9029146432876588,-0.0076330425217747
2056502522.0,-0.7144335508346558,0.5505255460739136,9.923583030700684,2.888735055923462,0.652458667755127,0.0683515891432762
2056510855.0,-0.6309166550636292,0.4331999123096466,10.136627197265623,2.6905834674835205,0.2420929670333862,0.0679161474108696
2056519188.0,-0.5344061255455017,0.3445822894573211,9.885719299316406,2.5242700576782227,-0.0743325129151344,-0.0033554646652191
2056527521.0,-0.5632378458976746,0.4867761433124542,9.61611557006836,2.5782394409179688,0.325544148683548,0.076087087392807
2056535854.0,-0.6404309272766113,0.5994938611984253,9.68409824371338,2.8568453788757324,0.763137698173523,0.0797243043780326
2056544187.0,-0.6525652408599854,0.4773536324501037,9.896864891052246,2.809382200241089,1.3369221687316897,0.0090034045279026
2056552520.0,-0.6702991724014282,0.2741260230541229,9.982837677001951,2.580108642578125,1.2990130186080933,0.0649448856711387
2056560853.0,-0.6970573663711548,0.3381142914295196,9.89402675628662,2.553751945495605,1.1112096309661863,0.1154561564326286
2056569186.0,-0.7318393588066101,0.6154848337173462,9.88141918182373,3.046621322631836,0.9115209579467772,0.0774702578783035
2056577519.0,-0.6675719022750854,0.6498844623565674,10.056103706359863,3.164599895477295,0.4002608358860016,0.0966040790081024
2056585852.0,-0.5719577074050903,0.4198898077011108,10.10959529876709,2.5967071056365967,-0.0916733518242836,-0.0453372001647949
2056594185.0,-0.5540412068367004,0.2949675321578979,9.742361068725586,2.192617177963257,0.1352047473192215,0.0424043647944927
2056602518.0,-0.6143770813941956,0.4148518443107605,9.445029258728027,2.5743203163146973,0.6679808497428894,0.0973469018936157
2056610851.0,-0.664999783039093,0.5877203345298767,9.756832122802734,3.186552047729492,1.213820219039917,-0.0523554980754852
2056619184.0,-0.6656910181045532,0.540523886680603,10.107049942016602,3.137833833694458,1.3768293857574463,0.0312877930700778
2056627517.0,-0.6680692434310913,0.3816463947296142,10.003728866577148,2.4426631927490234,1.0227378606796265,0.1083610206842422
2056635850.0,-0.7289772629737854,0.4395980536937713,9.789177894592283,2.420301914215088,0.7871638536453247,0.1513161063194275
2056644183.0,-0.7546098232269287,0.5554143190383911,9.848388671875,2.6434526443481445,0.7848072648048401,0.0743453130125999
2056652516.0,-0.6599786281585693,0.4929335117340088,10.059710502624512,2.918806314468384,0.2959853112697601,0.0902005359530448
2056660849.0,-0.550262451171875,0.3252288997173309,10.032047271728516,2.630953311920166,-0.0096053387969732,0.0021131741814315
2056669182.0,-0.5453544855117798,0.4188464879989624,9.743035316467283,2.511488437652588,0.1511111855506897,0.0717838853597641
2056677515.0,-0.5831871032714844,0.5854664444923401,9.594358444213867,2.791221618652344,0.6196979284286499,0.1000620052218437
2056685848.0,-0.6444407105445862,0.5562325119972229,9.78907871246338,2.9557933807373047,1.3187873363494873,0.0679929926991462
2056694181.0,-0.6682626605033875,0.3460552394390106,10.064867973327637,2.6449642181396484,1.4183754920959473,0.076496921479702
2056702514.0,-0.6789813041687012,0.2798603773117065,9.925507545471191,2.380138874053955,1.167253494262695,0.1710903048515319
2056710847.0,-0.7357426285743713,0.4957208633422851,9.79701328277588,2.807947874069214,0.9010448455810548,0.1387138962745666
2056719180.0,-0.6990517973899841,0.6737959980964661,9.99643325805664,3.19736123085022,0.6425458788871765,0.0763432383537292
2056727513.0,-0.614305853843689,0.5335230231285095,10.125686645507812,2.81683611869812,0.0379474945366382,0.0048282835632562
2056735846.0,-0.5412018299102783,0.3070337176322937,9.888381958007812,2.29243540763855,-0.0940042436122894,0.1282888948917389
2056744179.0,-0.5863017439842224,0.3458820581436157,9.524368286132812,2.3190741539001465,0.4514636695384979,0.1112810373306274
2056752512.0,-0.6473031044006348,0.5275153517723083,9.655878067016602,2.8836376667022705,0.912571132183075,0.1700144857168197
2056760845.0,-0.6319702863693237,0.564590334892273,9.99320125579834,3.2429544925689697,1.225192904472351,0.0690944045782089
2056769178.0,-0.6399126052856445,0.4089798033237457,10.08572769165039,2.7211410999298096,1.2382562160491943,0.0665585920214653
2056777511.0,-0.6867676973342896,0.3790934979915619,9.886691093444824,2.261826753616333,1.1108509302139282,0.1483960747718811
2056785844.0,-0.7564091682434082,0.5108823776245117,9.76772403717041,2.61043643951416,0.8568858504295349,0.1977803409099578
2056794177.0,-0.6930320262908936,0.53263920545578,9.94071102142334,2.979383945465088,0.4889373481273651,0.0104634156450629
2056802510.0,-0.5888575911521912,0.3760933876037597,10.088127136230469,2.8495962619781494,0.0401503108441829,-0.043108757585287
2056810843.0,-0.5246373414993286,0.3535561561584472,9.81786823272705,2.44852876663208,0.0629469752311706,0.0613845102488994
2056819176.0,-0.5744985342025757,0.5118613243103027,9.532679557800291,2.5443263053894043,0.3936524093151092,0.1766229569911956
2056827509.0,-0.6257956624031067,0.5850890874862671,9.723772048950195,2.976130962371826,0.9943575263023376,0.0598220527172088
2056835842.0,-0.6336587071418762,0.4141201078891754,10.028884887695312,2.8447041511535645,1.2298803329467771,-0.0529446229338645
2056844175.0,-0.6509826183319092,0.2574118077754974,9.93988800048828,2.5428144931793213,1.1978113651275637,0.0101560447365045
2056852508.0,-0.6999553442001343,0.3941600620746612,9.84378147125244,2.687227725982666,1.0694327354431152,0.0513181164860725
2056860841.0,-0.7185779809951782,0.6486019492149353,9.915509223937988,3.1765365600585938,0.6785339713096619,0.0811074748635292
2056869174.0,-0.6396885514259338,0.6095612049102783,10.11758041381836,3.021775484085083,0.2924249172210693,0.0542893707752227
2056877507.0,-0.552964985370636,0.3693815171718597,10.007694244384766,2.408775568008423,0.0133065963163971,0.0770348161458969
2056885840.0,-0.5643312931060791,0.2990687787532806,9.674200057983398,2.121485948562622,0.1393798589706421,0.0030865152366459
2056894173.0,-0.6325852274894714,0.4999224841594696,9.515177726745604,2.747908115386963,0.7912108302116394,0.1096929609775543
2056902506.0,-0.650065004825592,0.5857495069503784,9.866544723510742,3.207093954086304,1.3533152341842651,0.0389720574021339
2056910839.0,-0.6546235084533691,0.4505863487720489,10.154406547546388,2.870933532714844,1.3114618062973022,-0.0349378176033496
2056919172.0,-0.695147693157196,0.3824769258499145,9.928787231445312,2.444737911224365,1.0449711084365845,0.0726291686296463
2056927505.0,-0.7482388019561768,0.4841071963310241,9.764063835144045,2.467739582061768,0.8812960982322693,0.1176590025424957
2056935838.0,-0.7196611166000366,0.545301079750061,9.905372619628906,2.8314616680145264,0.4037443995475769,0.0291618090122938
2056944171.0,-0.6063758134841919,0.433555543422699,10.100811004638672,2.850441694259644,0.2157102972269058,0.0563897415995597
2056952504.0,-0.5188573002815247,0.3203735649585724,9.92518138885498,2.477447032928467,0.0080300625413656,0.0454012304544448
2056960837.0,-0.5802109241485596,0.4407516419887543,9.597488403320312,2.5006792545318604,0.2942947745323181,0.0927107259631156
2056969170.0,-0.6315498948097229,0.6031507849693298,9.616246223449709,2.9443435668945312,0.7781988978385925,0.1073620617389679
2056977503.0,-0.6587350368499756,0.4873508810997009,9.898275375366213,3.049336194992065,1.2750381231307983,0.043428935110569
2056985836.0,-0.6917094588279724,0.3172075152397156,10.00715446472168,2.6008310317993164,1.320605993270874,0.1248309835791587
2056994169.0,-0.7020925879478455,0.3610981404781341,9.873449325561523,2.475090742111206,0.9899262189865112,0.0237828157842159
2057002502.0,-0.7403880953788757,0.6072362661361694,9.854268074035645,2.999900579452514,0.565626323223114,-0.0115007925778627
2057010835.0,-0.6778168678283691,0.6564791202545166,10.064862251281738,3.1050472259521484,0.323469340801239,0.0510363616049289
2057019168.0,-0.5746304392814636,0.4628642499446869,10.0919771194458,2.6598713397979736,-0.0333497300744056,0.0869987457990646
2057027501.0,-0.5444565415382385,0.3448549807071686,9.732022285461426,2.200941562652588,0.2085895389318466,0.0694017633795738
2057035834.0,-0.59932541847229,0.4231135249137878,9.505467414855955,2.5982697010040283,0.563474714756012,-0.0022028244566172
2057044167.0,-0.6399623155593872,0.5954452157020569,9.740521430969238,3.1015894412994385,1.0390799045562744,0.1019574627280235
2057052500.0,-0.6371970772743225,0.5346978902816772,10.124798774719238,3.097235202789306,1.294530749320984,0.1662492007017135
2057060833.0,-0.6569816470146179,0.3875565826892853,10.070015907287598,2.51489520072937,1.181341290473938,0.0728340744972229
2057069166.0,-0.727579653263092,0.4331013262271881,9.81202507019043,2.311800003051758,0.9314489364624025,0.0709642395377159
2057077499.0,-0.7211167216300964,0.5636097192764282,9.797064781188965,2.7027244567871094,0.6000006794929504,0.1107431426644325
2057085832.0,-0.6392086744308472,0.4865947961807251,10.075748443603516,2.994470357894897,0.3677819669246673,0.0592073015868663
2057094165.0,-0.5564259886741638,0.3580089509487152,10.020010948181152,2.620016098022461,-0.0103737656027078,0.0842324122786521
2057102498.0,-0.5219355821609497,0.3929110467433929,9.68860149383545,2.4588003158569336,0.0682235211133956,0.0776239410042762
2057110831.0,-0.5834829807281494,0.5394633412361145,9.57227611541748,2.748984098434448,0.6065066456794739,0.0913019403815269
2057119164.0,-0.6398192048072815,0.5745320916175842,9.8358736038208,2.905461072921753,1.0542690753936768,0.0930180996656417
2057127497.0,-0.660129725933075,0.3315100371837616,10.100153923034668,2.606389045715332,1.3404057025909424,0.0773934051394462
2057135830.0,-0.6632932424545288,0.3008051514625549,9.924457550048828,2.4910483360290527,1.2102341651916504,0.094913549721241
2057144163.0,-0.731017529964447,0.4977645576000213,9.852943420410156,2.810739755630493,0.8339610695838928,0.1182993426918983
2057152496.0,-0.6811338663101196,0.6507760286331177,10.02719783782959,3.106558561325073,0.4567402601242065,0.0774958729743957
2057160829.0,-0.5882298350334167,0.495708554983139,10.071520805358888,2.8592019081115723,0.1450918465852737,0.0012935189297422
2057169162.0,-0.5268869996070862,0.2928024232387543,9.871673583984377,2.2538604736328125,-0.0047898618504405,0.0819271281361579
2057177495.0,-0.5621334910392761,0.3318137526512146,9.5347318649292,2.260110378265381,0.2465241849422454,0.0562616623938083
2057185828.0,-0.6454409956932068,0.5321589112281799,9.612421989440918,3.081840991973877,0.9471248388290404,-0.041418220847845
2057194161.0,-0.6761872172355652,0.5583639144897461,10.018954277038574,3.198103904724121,1.4383291006088257,0.0418408587574958
2057202494.0,-0.6475347280502319,0.3856264948844909,10.113882064819336,2.6838982105255127,1.249321460723877,0.1239088475704193
2057210827.0,-0.7255656719207764,0.3685957789421081,9.81310749053955,2.3127477169036865,0.994946539402008,0.1599480956792831
2057219160.0,-0.7606217265129089,0.5001989006996155,9.78248405456543,2.621066331863404,0.6955417394638062,0.1304148882627487
2057227493.0,-0.6759164333343506,0.5174652934074402,10.001290321350098,2.97210955619812,0.3743648529052734,0.0870243683457374
2057235826.0,-0.590521514415741,0.3848685622215271,10.066917419433594,2.7771334648132324,0.0598732717335224,-0.041033998131752
2057244159.0,-0.5159106850624084,0.3387362658977508,9.839802742004396,2.3892831802368164,-0.0733335614204406,0.0326197296380996
2057252492.0,-0.5965940356254578,0.4815935790538788,9.560464859008787,2.5681984424591064,0.4174223840236664,0.0482444129884243
2057260825.0,-0.6410746574401855,0.5698887705802917,9.706624984741213,2.934994697570801,1.0517590045928955,0.02905935049057
2057269158.0,-0.6610640287399292,0.4045619964599609,9.9691743850708,2.882869243621826,1.4397120475769043,0.1044420376420021
2057277491.0,-0.6861229538917542,0.2418597489595413,9.972508430480955,2.43438982963562,1.2482714653015137,0.068812645971775
2057285824.0,-0.7366272211074829,0.432903915643692,9.830684661865234,2.645656108856201,1.0768609046936035,0.1202204003930091
2057294157.0,-0.7493231296539307,0.6486050486564636,9.92745304107666,3.1300466060638428,0.6025108695030212,0.0871524363756179
2057302490.0,-0.6585004329681396,0.6018816232681274,10.107675552368164,2.980767250061035,0.2248289734125137,0.0992423593997955
2057310823.0,-0.5505304336547852,0.3619478940963745,9.98448085784912,2.4994242191314697,-0.0455164983868598,0.0540076121687889
2057319156.0,-0.5328898429870605,0.2866832911968231,9.644280433654783,2.211878776550293,0.0607441551983356,0.1229867488145828
2057327489.0,-0.610287070274353,0.5073946714401245,9.53025722503662,2.793450117111206,0.6681857705116272,0.0795706212520599
2057335822.0,-0.6303516030311584,0.6270430088043213,9.83887767791748,3.285858154296875,1.2260125875473022,0.0581571198999881
2057344155.0,-0.6299874782562256,0.4885519742965698,10.176254272460938,2.9861714839935303,1.3445552587509155,0.0151764340698719
2057352488.0,-0.6905012726783752,0.3956679701805115,9.968079566955566,2.408416986465454,1.2642803192138672,0.0871011987328529
2057360821.0,-0.7366878390312195,0.4620798528194427,9.746143341064451,2.31807541847229,0.8449752330780029,0.0410724245011806
2057369154.0,-0.7070440053939819,0.594852864742279,9.862143516540527,2.997185707092285,0.5014882683753967,0.0527268983423709
2057377487.0,-0.6141790151596069,0.4957937896251678,10.133267402648926,2.973210573196411,0.1083866357803344,0.0314158610999584
2057385820.0,-0.5361398458480835,0.3617161512374878,9.93683624267578,2.5483474731445312,-0.0005378989735618,0.0496531948447227
2057394153.0,-0.53248530626297,0.4435555040836334,9.589128494262695,2.444635391235352,0.2036972045898437,0.158155083656311
2057402486.0,-0.6485106945037842,0.6265773773193359,9.655232429504396,2.8161699771881104,0.8649542331695557,0.1504708230495453
2057410819.0,-0.6463394165039062,0.5036308169364929,9.911062240600586,2.977923631668091,1.4595375061035156,0.0826699435710907
2057419152.0,-0.6492559909820557,0.3146176040172577,10.010761260986328,2.567993640899658,1.3720393180847168,0.1093343645334243
2057427485.0,-0.6802213788032532,0.3106457591056824,9.94864273071289,2.484849691390991,1.0359549522399902,0.1159684658050537
2057435818.0,-0.7119170427322388,0.5474647283554077,9.814057350158691,2.8112266063690186,0.7758166790008545,0.0441205203533172
2057444151.0,-0.6872449517250061,0.6783819198608398,9.994550704956056,3.1879093647003174,0.2921175360679626,-0.0439027994871139
2057452484.0,-0.5795265436172485,0.4805329442024231,10.133438110351562,2.8190388679504395,0.1169930323958396,0.0245768595486879
2057460817.0,-0.5250263810157776,0.2899127900600433,9.821364402770996,2.186187744140625,0.1578221023082733,0.1063118726015091
2057469150.0,-0.5963730812072754,0.3713505864143371,9.455243110656738,2.4853110313415527,0.535478413105011,0.0563129037618637
2057477483.0,-0.6664042472839355,0.5781261324882507,9.700390815734863,3.161756992340088,1.220863938331604,-0.0380883663892746
2057485816.0,-0.6460266709327698,0.57938551902771,10.135335922241213,3.285960912704468,1.2720670700073242,0.0863583981990814
2057494149.0,-0.6659073233604431,0.4168631136417389,10.123079299926758,2.540611982345581,1.1538827419281006,0.0235010609030723
2057502482.0,-0.7107957005500793,0.3982459008693695,9.793773651123049,2.2244555950164795,0.8320912718772888,0.0621785558760166
2057510815.0,-0.7558343410491943,0.5358057618141174,9.75788402557373,2.539689779281616,0.7201826572418213,0.1288267821073532
2057519148.0,-0.711342453956604,0.5009458065032959,10.005182266235352,2.9399893283843994,0.3948306441307068,0.0768555179238319
2057527481.0,-0.5771369934082031,0.3701100945472717,10.095780372619627,2.754721164703369,0.1069266200065612,-0.0885227918624877
2057535814.0,-0.5337219834327698,0.3502313792705536,9.774322509765623,2.375553607940674,0.1438623368740081,0.1174284592270851
2057544147.0,-0.5876139998435974,0.5149503946304321,9.555208206176758,2.6160714626312256,0.4872980415821075,0.1168649494647979
2057552480.0,-0.6211365461349487,0.6006921529769897,9.738906860351562,2.9228532314300537,0.9803719520568848,0.0517279468476772
2057560813.0,-0.6593103408813477,0.4028287529945373,10.02102756500244,2.815068244934082,1.3904048204421997,0.0670708790421485
2057569146.0,-0.6714327931404114,0.2181739956140518,9.976665496826172,2.3779871463775635,1.2635886669158936,0.0846934765577316
2057577479.0,-0.7327489256858826,0.410807728767395,9.779175758361816,2.66589093208313,1.0164369344711304,0.089739479124546
2057585812.0,-0.7420737147331238,0.6168782114982605,9.935556411743164,3.197796106338501,0.5736691951751709,0.0852057486772537
2057594145.0,-0.6514877080917358,0.6143589615821838,10.077674865722656,2.951387405395508,0.3154777288436889,0.0499349534511566
2057602478.0,-0.5669671893119812,0.3531929850578308,10.003430366516112,2.3578543663024902,0.074831984937191,0.0326709561049938
2057610811.0,-0.5235604047775269,0.2716206908226013,9.622783660888672,2.182652950286865,0.1941943168640136,0.0529574304819107
2057619144.0,-0.6121746301651001,0.4854034781455993,9.495105743408203,2.8308207988739014,0.6170852780342102,0.053213570266962
2057627477.0,-0.6112830638885498,0.6471607685089111,9.894770622253418,3.3622913360595703,1.1717872619628906,0.0964504107832908
2057635810.0,-0.6300235390663147,0.4991895854473114,10.162712097167969,3.0184197425842285,1.2463757991790771,0.1343850940465927
2057644143.0,-0.6606864929199219,0.3314107656478882,9.968558311462402,2.289361953735352,1.202601194381714,0.1455272734165191
2057652476.0,-0.7480125427246094,0.4406247735023498,9.690783500671388,2.3767576217651367,0.9741734862327576,0.0866145342588424
2057660809.0,-0.7406396865844727,0.5196093916893005,9.883919715881348,2.847444772720337,0.6120905876159668,0.1162758246064186
2057669142.0,-0.6261287331581116,0.4645610451698303,10.09542179107666,2.8897080421447754,0.2609961926937103,0.0838738083839416
2057677475.0,-0.5365406274795532,0.3406981825828552,10.022199630737305,2.561692476272583,0.0691968575119972,0.073807418346405
2057685808.0,-0.54808509349823,0.4316526055335998,9.644282341003418,2.402294874191284,0.0186087414622306,-0.0018954534316435
2057694141.0,-0.6088820099830627,0.5775467157363892,9.548497200012209,2.7171196937561035,0.8150578141212463,-0.0146513432264328
2057702474.0,-0.5991570949554443,0.501639723777771,9.925677299499512,2.814863681793213,1.1860287189483645,0.092633880674839
2057710807.0,-0.654858410358429,0.2931872606277466,10.057270050048828,2.54407000541687,1.1391546726226809,0.0923008993268013
2057719140.0,-0.6789202094078064,0.293418139219284,9.900789260864258,2.617966890335083,1.12434983253479,0.132002979516983
2057727473.0,-0.712483286857605,0.5954753756523132,9.815352439880373,3.026283502578736,0.8962804675102234,0.1012146547436714
2057735806.0,-0.7110364437103271,0.7082843780517578,10.012518882751465,3.223154306411743,0.489091008901596,0.0836945176124572
2057744139.0,-0.5945842862129211,0.5118281245231628,10.083088874816896,2.805001974105835,0.2181692719459533,0.0853338316082954
2057752472.0,-0.5461174845695496,0.308225154876709,9.859105110168455,2.154374837875366,0.04891037940979,0.0634336471557617
2057760805.0,-0.5910845994949341,0.415007084608078,9.471236228942873,2.276247501373291,0.5180351138114929,0.0550578013062477
2057769138.0,-0.6510975956916809,0.6223423480987549,9.661934852600098,3.1330437660217285,1.013593673706055,0.139123722910881
2057777471.0,-0.6348667144775391,0.6113178730010986,10.10951805114746,3.247231721878052,1.1710957288742063,0.0886124446988105
2057785804.0,-0.6483363509178162,0.4466423690319061,10.119558334350586,2.55518651008606,1.191125988960266,0.1172747761011123
2057794137.0,-0.7117401361465454,0.397226870059967,9.779464721679688,2.198943614959717,0.9045538902282716,0.0316207706928253
2057802470.0,-0.7426456809043884,0.5201764702796936,9.762276649475098,2.6345138549804688,0.7090404629707336,0.0080044493079185
2057810803.0,-0.6819270253181458,0.5378912091255188,10.02086353302002,2.935429811477661,0.4494914412498474,0.1311576813459396
2057819136.0,-0.5833461284637451,0.3830062747001648,10.131579399108888,2.695322036743164,-0.0586566030979156,-0.0421610288321971
2057827469.0,-0.5520842671394348,0.3922386765480041,9.741266250610352,2.4237849712371826,0.1263678222894668,0.0212470069527626
2057835802.0,-0.6367683410644531,0.5467813611030579,9.579307556152344,2.6417369842529297,0.6376279592514038,0.0597195923328399
2057844135.0,-0.6522223949432373,0.573621392250061,9.763808250427246,3.003948211669922,1.056497573852539,0.1174540817737579
2057852468.0,-0.6772729158401489,0.360660970211029,10.028116226196287,2.7586145401000977,1.1607986688613892,0.018019612878561
2057860801.0,-0.6853390336036682,0.2786566317081451,9.966193199157717,2.355882167816162,1.0926648378372192,-0.0009221125510521
2057869134.0,-0.7124795317649841,0.4424351155757904,9.803455352783203,2.7646853923797607,0.8857275247573853,0.0461696609854698
2057877467.0,-0.7181989550590515,0.648774266242981,9.930157661437988,3.169749021530152,0.7059155106544495,-0.0467715971171855
2057885800.0,-0.6201080083847046,0.5778533220291138,10.12375259399414,2.9176025390625,0.2224980443716049,0.0294435657560825
2057894133.0,-0.5448235273361206,0.3285408020019531,9.961252212524414,2.243845224380493,-0.0006147416424937,0.0319793708622455
2057902466.0,-0.5603563189506531,0.2917767763137817,9.562018394470217,2.223661422729492,0.2805655300617218,0.0636385679244995
2057910799.0,-0.6240922808647156,0.5158833265304565,9.563554763793944,2.8172199726104736,0.8931298851966858,0.1316443532705307
2057919132.0,-0.6446008682250977,0.5742833614349365,9.938249588012695,3.2805817127227783,1.0096747875213623,0.0753698945045471
2057927465.0,-0.6311334371566772,0.4259476661682129,10.10902214050293,2.726878881454468,1.1654605865478516,0.031492706388235
2057935798.0,-0.696842610836029,0.3629428744316101,9.854276657104492,2.3754000663757324,0.9856997132301332,0.0881770029664039
2057944131.0,-0.7378999590873718,0.4638245105743408,9.759954452514648,2.476576328277588,0.8995848298072815,0.1321822702884674
2057952464.0,-0.7103946805000305,0.5267345905303955,9.944710731506348,2.949825048446656,0.4768986403942108,0.0641252398490905
2057960797.0,-0.5862182974815369,0.3898264169692993,10.059797286987305,2.948493003845215,0.181592121720314,0.0019338749116286
2057969130.0,-0.4963356852531433,0.3300945162773132,9.930649757385254,2.4743223190307617,-0.0961814522743225,0.0287007484585046
2057977463.0,-0.5545259118080139,0.4950609803199768,9.639278411865234,2.592045783996582,0.2594594061374664,-0.0317104272544384
2057985796.0,-0.6087115406990051,0.6076043248176575,9.621384620666504,2.887070178985596,0.8336793184280396,0.1255993992090225
2057994129.0,-0.6094279289245605,0.4430337250232696,9.951480865478516,2.9783592224121094,1.234157919883728,0.0992167443037033
2058002462.0,-0.6727274060249329,0.2696909308433532,10.023579597473145,2.5606422424316406,1.247169852256775,-0.0439284145832061
2058010795.0,-0.7223862409591675,0.3551441729068756,9.823769569396973,2.5930187702178955,1.1810083389282229,-0.0025101951323449
2058019128.0,-0.7376787662506104,0.6247014403343201,9.86478328704834,3.0971834659576416,0.8627258539199829,0.0666354298591613
2058027461.0,-0.6836737990379333,0.6583581566810608,10.102547645568848,3.163934230804444,0.4604798853397369,-0.0802750140428543
2058035794.0,-0.5733164548873901,0.4026569426059723,10.054327011108398,2.4088778495788574,0.1330275237560272,-0.022156311199069
2058044127.0,-0.5573729276657104,0.3252565860748291,9.646963119506836,2.1621105670928955,0.1664285063743591,0.0676600113511085
2058052460.0,-0.5905033349990845,0.4617107212543487,9.539477348327637,2.5523946285247803,0.5911381244659424,0.0036756431218236
2058060793.0,-0.6371583938598633,0.6084919571876526,9.809332847595217,3.1659066677093506,1.084929347038269,0.0373583622276783
2058069126.0,-0.6126930117607117,0.5180460810661316,10.07828140258789,3.072542905807495,1.3511124849319458,0.0409699715673923
2058077459.0,-0.676136314868927,0.3684866726398468,10.033286094665527,2.459824800491333,1.182109832763672,0.0814916864037513
2058085792.0,-0.7490972876548767,0.4545495212078094,9.736164093017578,2.347532033920288,1.0543715953826904,0.111511580646038
2058094125.0,-0.7690054774284363,0.5460627675056458,9.861648559570312,2.740377426147461,0.8065539002418518,0.0873061195015907
2058102458.0,-0.6639004945755005,0.442449539899826,10.133283615112305,2.936710357666016,0.3338687419891357,0.0115135991945862
2058110791.0,-0.5678240060806274,0.3566814959049225,10.020042419433594,2.626009464263916,-0.0536105930805206,0.053725853562355
2058119124.0,-0.5545921921730042,0.4272105097770691,9.685980796813965,2.3788838386535645,0.1108199805021286,0.0742172524333
2058127457.0,-0.625447154045105,0.6025202870368958,9.614567756652832,2.8351755142211914,0.6407528519630432,0.127341166138649
2058135790.0,-0.6338825821876526,0.532191276550293,9.854893684387209,2.873161554336548,1.1641541719436646,0.0213750805705785
2058144123.0,-0.6640049815177917,0.3197729587554931,9.999418258666992,2.622269868850708,1.3038029670715332,0.0540332347154617
2058152456.0,-0.7096508145332336,0.3615865409374237,9.838152885437012,2.6030592918396,1.08979594707489,0.1698095649480819
2058160789.0,-0.7451126575469971,0.5990055203437805,9.908628463745115,2.8419888019561768,0.9130833745002748,0.1287755668163299
2058169122.0,-0.6935724020004272,0.6869796514511108,10.038314819335938,3.09828519821167,0.4018489420413971,-0.028252501040697
2058177455.0,-0.5985673069953918,0.4833739697933197,10.033737182617188,2.62795639038086,0.0452475473284721,0.080723263323307
2058185788.0,-0.546270489692688,0.3076770603656769,9.843470573425291,2.2324726581573486,0.0135371228680014,0.1176333725452423
2058194121.0,-0.5972323417663574,0.4597107768058777,9.533411979675291,2.4013471603393555,0.3403491377830505,-0.044056486338377
2058202454.0,-0.6157170534133911,0.6125329732894897,9.70954132080078,3.1148829460144043,0.9668989777565002,0.0135115087032318
2058210787.0,-0.614107072353363,0.5642558336257935,10.058734893798828,3.0736186504364014,1.2297778129577637,0.0574399158358573
2058219120.0,-0.6491453051567078,0.4162287712097168,10.037534713745115,2.4115419387817383,1.1158201694488523,0.0906103625893592
2058227453.0,-0.6966199278831482,0.4208680093288421,9.763524055480955,2.303014278411865,0.9440511465072632,0.1121263206005096
2058235786.0,-0.752902090549469,0.5282565355300903,9.798095703125,2.689891576766968,0.809730052947998,0.1024185121059417
2058244119.0,-0.6713576912879944,0.5040352940559387,10.104066848754885,3.021544933319092,0.4735687673091888,0.1116396486759185
2058252452.0,-0.5510039329528809,0.3343413770198822,10.068132400512695,2.5538032054901123,-0.0929540619254112,-0.0235650967806577
2058260785.0,-0.5302416682243347,0.4117690622806549,9.709247589111328,2.428703546524048,0.0257551148533821,0.056005522608757
2058269118.0,-0.5589450001716614,0.5448220372200012,9.591526985168455,2.6207077503204346,0.4955458045005798,0.0473222993314266
2058277451.0,-0.5816568732261658,0.509135901927948,9.821613311767578,2.8100736141204834,0.9892858862876892,0.0254989732056856
2058285784.0,-0.6043707132339478,0.3340180218219757,9.92470932006836,2.8099710941314697,1.3365635871887207,0.1799528151750564
2058294117.0,-0.6736910343170166,0.26531782746315,9.910848617553713,2.468636035919189,1.3115639686584473,0.0814148485660553
2058302450.0,-0.739454448223114,0.4503479301929474,9.851686477661133,2.7725744247436523,1.0371077060699463,0.0743709355592727
2058310783.0,-0.7172747850418091,0.6358226537704468,9.98410701751709,3.1419830322265625,0.6648558378219604,0.0635617226362228
2058319116.0,-0.6387763023376465,0.4952335059642792,10.166862487792969,2.817066431045532,0.3473674952983856,0.0758053287863731
2058327449.0,-0.5688122510910034,0.2826767861843109,9.895788192749023,2.1678991317749023,-0.0610131062567234,0.0325684994459152
2058335782.0,-0.6036392450332642,0.3604158759117126,9.53932285308838,2.3323423862457275,0.2520568668842315,0.1212962120771408
2058344115.0,-0.635342538356781,0.5553631782531738,9.659975051879885,3.0123233795166016,0.7519698739051819,0.0792888551950454
2058352448.0,-0.6384986639022827,0.5476897358894348,9.984689712524414,3.164344310760498,1.0869529247283936,0.0153301209211349
2058360781.0,-0.6658301949501038,0.4058192670345306,10.040449142456056,2.7240610122680664,1.2021913528442385,-0.0152660831809043
2058369114.0,-0.7138234972953796,0.3805695176124573,9.844409942626951,2.403268337249756,1.017154097557068,0.1052360907196998
2058377447.0,-0.7713583707809448,0.5154388546943665,9.788418769836426,2.663637161254883,0.8183876276016235,0.1429146081209182
2058385780.0,-0.7008726596832275,0.5242084860801697,10.033875465393066,2.89011812210083,0.4439331293106079,-0.073743388056755
2058394113.0,-0.613328218460083,0.3581908941268921,10.124616622924805,2.7943978309631348,0.0435570105910301,0.0591560825705528
2058402446.0,-0.5282264947891235,0.3572699129581451,9.788463592529297,2.516329765319824,-0.174561008810997,0.0465794876217842
2058410779.0,-0.6025305986404419,0.5424606204032898,9.57233428955078,2.699650764465332,0.3770799934864044,0.0696322992444038
2058419112.0,-0.6304422616958618,0.5598772168159485,9.730019569396973,2.8483924865722656,0.9647985696792604,0.0332856960594654
2058427445.0,-0.6565960645675659,0.4027683138847351,9.975019454956056,2.685255289077759,1.2845922708511353,0.0884843692183494
2058435778.0,-0.6942674517631531,0.2662255764007568,9.895988464355469,2.54811692237854,1.1597998142242432,0.060539249330759
2058444111.0,-0.761013388633728,0.4663118124008178,9.84015941619873,2.7136101722717285,1.0308576822280884,0.1924781799316406
2058452444.0,-0.7607020139694214,0.6791918873786926,9.969353675842283,3.161142349243164,0.644774317741394,0.0211701672524213
2058460777.0,-0.6324495077133179,0.5760870575904846,10.112643241882324,3.068367719650269,0.2818205952644348,0.0115648275241255
2058469110.0,-0.545529842376709,0.3503279685974121,9.950780868530272,2.312824487686157,-0.0231296513229608,-0.0073512853123247
2058477443.0,-0.564967930316925,0.3395101726055145,9.586846351623535,2.224481105804444,0.2494954466819763,0.0602830983698368
2058485776.0,-0.6263673901557922,0.5232712030410767,9.596237182617188,2.853592157363892,0.6839385032653809,0.156464546918869
2058494109.0,-0.6200799942016602,0.5838299989700317,9.908353805541992,3.142904996871948,1.1431504487991333,0.0070311068557202
2058502442.0,-0.6207289695739746,0.4767279922962188,10.091873168945312,2.747267246246338,1.2641521692276,0.1350766569375991
2058510775.0,-0.6881200671195984,0.4204308092594147,9.887532234191896,2.3304214477539062,1.08390474319458,0.1204253211617469
2058519108.0,-0.7663697004318237,0.5079610347747803,9.803555488586426,2.583823204040528,0.8984066247940063,0.0969883054494857
2058527441.0,-0.707020103931427,0.5414823293685913,10.001157760620115,2.960352659225464,0.4815091788768768,-0.0435954257845878
2058535774.0,-0.5899592041969299,0.386260986328125,10.104143142700195,2.749880075454712,-0.0421098060905933,-0.0677496492862701
2058544107.0,-0.5179532170295715,0.3592194318771362,9.873001098632812,2.513179540634156,0.0902261510491371,-0.0451578982174396
2058552440.0,-0.5894195437431335,0.5065674185752869,9.552443504333496,2.7143023014068604,0.2781578004360199,-0.0225405264645814
2058560773.0,-0.6001154780387878,0.601266086101532,9.721455574035645,2.8094077110290527,0.8894159197807312,0.1275204718112945
2058569106.0,-0.6317353248596191,0.4510817527770996,9.973227500915527,2.864478588104248,1.317147970199585,-0.0081709418445825
2058577439.0,-0.662032425403595,0.2555930018424988,9.954654693603516,2.471632957458496,1.4148662090301514,0.1107943654060363
2058585772.0,-0.7036284804344177,0.4131951630115509,9.857114791870115,2.5424304008483887,1.078167200088501,0.0940170511603355
2058594105.0,-0.7563304901123047,0.6416397094726562,9.944799423217772,3.1904962062835693,0.7234355807304382,0.0796218439936637
2058602438.0,-0.6492247581481934,0.6092322468757629,10.135170936584473,3.024362564086914,0.2609962522983551,0.0417383946478366
2058610771.0,-0.5686883926391602,0.386193573474884,9.98905086517334,2.547502279281616,-0.075177788734436,0.044427890330553
2058619104.0,-0.546716570854187,0.3422376811504364,9.65284824371338,2.1724586486816406,0.1498048454523086,0.0013959759380668
2058627437.0,-0.6446404457092285,0.499058336019516,9.528642654418944,2.6913774013519287,0.7352438569068909,-0.0263570491224527
2058635770.0,-0.6426349878311157,0.5844981670379639,9.899456977844238,3.198718786239624,1.2401517629623413,0.0384597741067409
2058644103.0,-0.6263035535812378,0.4388322234153747,10.110285758972168,2.8317689895629883,1.165665626525879,-0.0134218605235219
2058652436.0,-0.6992015242576599,0.3835631012916565,9.949834823608398,2.3921260833740234,1.069535255432129,0.0613076724112033
2058660769.0,-0.7382401823997498,0.4626118540763855,9.772860527038574,2.465869903564453,0.8086798787117004,0.1623045951128006
2058669102.0,-0.729446291923523,0.5637840628623962,9.936102867126465,2.809766292572021,0.4586869478225708,0.0700677409768104
2058677435.0,-0.6191368103027344,0.4138340651988983,10.104119300842283,2.863914728164673,0.2306689620018005,0.0119490399956703
2058685768.0,-0.5544471740722656,0.3483306467533111,9.914565086364746,2.415050983428955,-0.0678265020251274,0.0464001893997192
2058694101.0,-0.5407066941261292,0.4411704540252685,9.618732452392578,2.44350814819336,0.2345879524946212,0.0448889434337616
2058702434.0,-0.637421190738678,0.5646651387214661,9.611839294433594,2.879462480545044,0.7312736511230469,0.1051592379808425
2058710767.0,-0.6493608355522156,0.4545700848102569,9.92333984375,2.9457271099090576,1.3679924011230469,0.1290061026811599
2058719100.0,-0.6723697185516357,0.2872942686080932,9.987913131713867,2.656183242797852,1.2518317699432373,0.1305429339408874
2058727433.0,-0.7183862924575806,0.3436436057090759,9.884007453918455,2.6544926166534424,1.1883082389831543,0.0735256597399711
2058735766.0,-0.7095333337783813,0.5672509074211121,9.874465942382812,2.964297294616699,0.6775094270706177,0.1155074015259742
2058744099.0,-0.6859069466590881,0.6404181718826294,10.063824653625488,3.219466209411621,0.4217767715454101,0.0322611331939697
2058752432.0,-0.5496184229850769,0.4350585043430328,10.067216873168944,2.609002113342285,-0.0541484951972961,0.0701189711689949
2058760765.0,-0.5444626808166504,0.2775183916091919,9.711392402648926,2.1638009548187256,-0.0124229043722152,0.0487567000091075
2058769098.0,-0.5822647213935852,0.460641473531723,9.450366973876951,2.529597759246826,0.5587873458862305,-0.0491537153720855
2058777431.0,-0.6707996726036072,0.6232548356056213,9.76448917388916,3.120159864425659,1.1205589771270752,0.035462912172079
2058785764.0,-0.6492956280708313,0.5117602348327637,10.12232780456543,3.102025032043457,1.3414305448532104,0.1140730082988739
2058794097.0,-0.667580246925354,0.3814116418361664,10.046351432800291,2.434620380401612,1.108622431755066,0.0972444489598274
2058802430.0,-0.7224604487419128,0.407403290271759,9.79858112335205,2.310903549194336,0.9069104194641112,0.0750368982553482
2058810763.0,-0.7314465641975403,0.5586445331573486,9.81412124633789,2.7579233646392822,0.5877826809883118,0.0025998449418693
2058819096.0,-0.6635037064552307,0.511206865310669,10.114386558532717,3.043752670288086,0.3480846583843231,0.02293754927814
2058827429.0,-0.5546143054962158,0.3631357848644256,10.025076866149902,2.719297170639038,0.0065700518898665,-0.0362953729927539
2058835762.0,-0.5410323143005371,0.4028922021389007,9.67054843902588,2.4887173175811768,0.213251307606697,0.0410468094050884
2058844095.0,-0.586371123790741,0.5534613728523254,9.583253860473633,2.774444103240967,0.6913922429084778,0.0208884105086326
2058852428.0,-0.6764355301856995,0.5678348541259766,9.80981731414795,2.9477756023406982,1.1005795001983645,0.0296484772115945
2058860761.0,-0.6680696606636047,0.3223598599433899,10.023937225341797,2.728236198425293,1.392735719680786,0.0649448931217193
2058869094.0,-0.6972704529762268,0.2930366098880768,9.90831470489502,2.54199481010437,1.199860453605652,0.162125289440155
2058877427.0,-0.7157583832740784,0.5078089237213135,9.861993789672852,2.8166308403015137,0.9076019525527954,0.1055434495210647
2058885760.0,-0.7225279211997986,0.6774848699569702,9.970540046691896,3.198333978652954,0.6228229403495789,0.044607188552618
2058894093.0,-0.6098179817199707,0.4991529285907745,10.115996360778809,2.799648761749268,0.0808001011610031,0.1681446433067321
2058902426.0,-0.5356119275093079,0.3009172081947326,9.88068962097168,2.2226624488830566,-0.1554015874862671,0.0949903950095176
2058910759.0,-0.5786269307136536,0.3436098992824554,9.522096633911133,2.3441765308380127,0.4220329523086548,-0.0291233863681554
2058919092.0,-0.6141607165336609,0.554448664188385,9.597855567932127,3.0568668842315674,0.8258412480354309,0.0209908634424209
2058927425.0,-0.6485080122947693,0.6014241576194763,10.02621078491211,3.367260456085205,1.2908166646957395,0.1065680310130119
2058935758.0,-0.6331972479820251,0.4214920699596405,10.098556518554688,2.6874330043792725,1.126936674118042,-0.0620120763778686
2058944091.0,-0.7061567902565002,0.3860960304737091,9.858677864074709,2.229066133499145,0.9449732303619384,0.0312365591526031
2058952424.0,-0.7518776059150696,0.4696572721004486,9.73500919342041,2.5277538299560547,0.8146991729736328,0.1080024242401123
2058960757.0,-0.724435567855835,0.5597913265228271,9.951329231262209,3.0629122257232666,0.5449300408363342,0.1122287735342979
2058969090.0,-0.6040283441543579,0.3918420374393463,10.100610733032228,2.8485467433929443,0.1971655935049057,0.0308011192828416
2058977423.0,-0.536570131778717,0.3667890131473541,9.83163070678711,2.474553108215332,-0.030378483235836,0.0749856755137443
2058985756.0,-0.546615481376648,0.4937946498394012,9.557979583740234,2.5012431144714355,0.3961113691329956,0.1002669259905815
2058994089.0,-0.6020779013633728,0.6102585792541504,9.666067123413086,2.8712401390075684,0.8946411609649658,0.1417619735002517
2059002422.0,-0.6291956901550293,0.4277120530605316,9.989293098449709,2.7794649600982666,1.2482714653015137,0.0763944685459137
2059010755.0,-0.629787266254425,0.2472583800554275,9.997617721557615,2.5428147315979004,1.0269131660461426,0.0421482250094413
2059019088.0,-0.717551052570343,0.3969900906085968,9.841073036193848,2.7566421031951904,1.023864984512329,0.0933254659175872
2059027421.0,-0.7315752506256104,0.6534097194671631,9.885347366333008,3.059991836547852,0.8236897587776184,0.1553119271993637
2059035754.0,-0.6812852025032043,0.6212478280067444,10.13272190093994,3.0346336364746094,0.4063826203346252,0.0710666924715042
2059044087.0,-0.5479180812835693,0.392034113407135,10.023412704467772,2.4533188343048096,0.0482187941670417,0.0423275232315063
2059052420.0,-0.5592921376228333,0.2952261865139007,9.671792030334473,2.1147494316101074,0.0620760954916477,0.0256526544690132
2059060753.0,-0.5985583066940308,0.4616876244544983,9.510068893432615,2.69094181060791,0.6920582056045532,0.1555168181657791
2059069086.0,-0.6381828784942627,0.6046225428581238,9.832822799682615,3.274639368057251,1.0888739824295044,0.0258575715124607
2059077419.0,-0.6246297955513,0.5051155686378479,10.139578819274902,2.9056403636932373,1.2527538537979126,0.0457086041569709
2059085752.0,-0.6830103993415833,0.3646188676357269,9.96220588684082,2.428114414215088,1.196889042854309,0.0711435377597808
2059094085.0,-0.7499216198921204,0.4080780148506164,9.716092109680176,2.329243421554565,0.9976105093955994,0.1749836653470993
2059102418.0,-0.7412159442901611,0.5433423519134521,9.83470058441162,2.894268035888672,0.7229233980178833,0.025934413075447
2059110751.0,-0.6535450220108032,0.4609300494194031,10.120245933532717,3.016831636428833,0.4208034574985504,0.005827238317579
2059119084.0,-0.5524097681045532,0.3462053537368774,9.998377799987791,2.531160354614258,0.1082841828465461,0.0810818672180175
2059127417.0,-0.5762951374053955,0.4150768518447876,9.648958206176758,2.4781644344329834,0.2132769078016281,0.0910970270633697
2059135750.0,-0.633975088596344,0.5624346137046814,9.604607582092283,2.7119455337524414,0.6548150777816772,0.1396616250276565
2059144083.0,-0.6810476183891296,0.5091081857681274,9.864407539367676,2.964552879333496,1.3454772233963013,0.1316699683666229
2059152416.0,-0.6534318327903748,0.2919994294643402,10.05013942718506,2.601958036422729,1.3165844678878784,0.0963479503989219
2059160749.0,-0.71319180727005,0.2928060591220855,9.894808769226074,2.4952232837677,1.1148723363876345,0.0553395524621009
2059169082.0,-0.7070437669754028,0.5363608598709106,9.82464599609375,2.889068126678467,0.7470008134841919,0.0683515891432762
2059177415.0,-0.7034578919410706,0.685364305973053,10.0240478515625,3.1970536708831787,0.4601213634014129,0.0063139088451862
2059185748.0,-0.5878921151161194,0.5030304789543152,10.086318016052246,2.711996555328369,0.0500374026596546,-0.0153173115104436
2059194081.0,-0.5305873155593872,0.2972027659416199,9.82587432861328,2.213825464248657,0.0590792298316955,0.0715277567505836
2059202414.0,-0.6055070161819458,0.3561298251152038,9.503096580505373,2.4125919342041016,0.4687789380550384,0.1413265466690063
2059210747.0,-0.6600715517997742,0.5951772332191467,9.663861274719238,3.076871633529663,0.9742501974105836,0.078187458217144
2059219080.0,-0.6604937314987183,0.5799547433853149,10.03847885131836,3.325483560562134,1.3084136247634888,-0.0349890440702438
2059227413.0,-0.6417174935340881,0.4408570528030395,10.100154876708984,2.613330841064453,1.202447533607483,0.0178915448486804
2059235746.0,-0.7244389057159424,0.3822796642780304,9.8399076461792,2.184650659561157,0.8342427015304565,0.0342590399086475
2059244079.0,-0.7444457411766052,0.4933367073535919,9.710968017578123,2.5006024837493896,0.5451605916023254,0.080902561545372
2059252412.0,-0.704811155796051,0.5552396774291992,9.984068870544434,3.02064847946167,0.3189868927001953,0.1035967767238617
2059260745.0,-0.5821194052696228,0.3981758058071136,10.136724472045898,2.739506721496582,0.0899443849921226,0.0038293283432722
2059269078.0,-0.5003999471664429,0.3690507411956787,9.803081512451172,2.494736909866333,0.0685821175575256,-0.0017929965397343
2059277411.0,-0.57723468542099,0.5243364572525024,9.552154541015623,2.59342885017395,0.4998234212398529,0.0386903025209903
2059285744.0,-0.6298858523368835,0.5797318816184998,9.706955909729004,2.87951397895813,1.0658210515975952,0.1014195680618286
2059294077.0,-0.6519515514373779,0.4268392920494079,9.945205688476562,2.854949712753296,1.2050857543945312,0.0409187451004982
2059302410.0,-0.6591993570327759,0.2570410072803497,10.010478019714355,2.515817165374756,1.25995135307312,0.0783411338925361
2059310743.0,-0.7164393663406372,0.3992891907691955,9.856487274169922,2.6215786933898926,0.7974352240562439,0.1233709752559661
2059319076.0,-0.7256379127502441,0.6778114438056946,9.864521026611328,3.084965467453003,0.5847601294517517,0.0683259814977645
2059327409.0,-0.6564511656761169,0.6379272937774658,10.10615062713623,3.126076459884644,0.2672717273235321,0.0768555104732513
2059335742.0,-0.5440909266471863,0.3690659701824188,10.062491416931152,2.363412857055664,0.0255501996725797,0.0663024485111236
2059344075.0,-0.5375528335571289,0.2836544513702392,9.570611953735352,2.106271266937256,0.151649072766304,0.0771884992718696
2059352408.0,-0.6122956871986389,0.4918392598628998,9.512746810913086,2.7714731693267822,0.826789140701294,0.2375848442316055
2059360741.0,-0.6312296390533447,0.6349566578865051,9.885627746582031,3.307553768157959,1.1160763502120972,0.1366391479969024
2059369074.0,-0.6415902376174927,0.5530790686607361,10.128270149230955,2.974311828613281,1.325370192527771,0.1126898229122161
2059377407.0,-0.6627075672149658,0.3709196448326111,10.015149116516112,2.349350452423096,1.1808290481567385,0.1028795763850212
2059385740.0,-0.7710466384887695,0.4334239065647125,9.760865211486816,2.1944355964660645,0.8756867051124573,-0.0240005385130643
2059394073.0,-0.75919508934021,0.5447234511375427,9.80571174621582,2.764096260070801,0.6207225322723389,0.1169417947530746
2059402406.0,-0.6539952754974365,0.4798095226287842,10.12346076965332,3.00356388092041,0.3791803419589996,0.0753698945045471
2059410739.0,-0.5482571125030518,0.3552970588207245,10.042470932006836,2.6394057273864746,-0.1253816932439804,-0.0581186935305595
2059419072.0,-0.5517507791519165,0.4253435432910919,9.664307594299316,2.4299838542938232,0.1677860468626022,0.0905847400426864
2059427405.0,-0.590027928352356,0.5753240585327148,9.531656265258787,2.7711398601531982,0.7440038919448853,0.1552862972021103
2059435738.0,-0.6361880898475647,0.5198709964752197,9.868042945861816,2.9393231868743896,1.0783976316452026,0.1729088872671127
2059444071.0,-0.6662793755531311,0.2935285568237304,10.012447357177734,2.5851805210113525,1.3618704080581665,0.0281116217374801
2059452404.0,-0.7095687985420227,0.2677620947360992,9.832925796508787,2.490638494491577,1.1454557180404663,-0.0523042641580104
2059460737.0,-0.7808811068534851,0.5270898938179016,9.857681274414062,2.928283214569092,0.8925920128822327,0.1117933243513107
2059469070.0,-0.7252205014228821,0.6935780048370361,10.022297859191896,3.208862066268921,0.5089932680130005,0.0339004397392272
2059477403.0,-0.6209445595741272,0.5067924857139587,10.058372497558594,2.8206264972686768,0.1534420698881149,0.0563897341489791
2059485736.0,-0.5504785180091858,0.2732982039451599,9.902961730957031,2.174942970275879,0.1264958977699279,0.1870991736650467
2059494069.0,-0.5577174425125122,0.3434927761554718,9.521431922912598,2.258368492126465,0.3464453220367431,0.1574122607707977
2059502402.0,-0.6297925114631653,0.5476978421211243,9.586625099182127,3.044520854949951,0.8754817843437195,0.1306710392236709
2059510735.0,-0.632999062538147,0.5717993974685669,10.031822204589844,3.292800188064575,1.187540054321289,0.0454524643719196
2059519068.0,-0.6483954787254333,0.4228430092334747,10.104714393615724,2.633207321166992,1.1975806951522827,0.0625115409493446
2059527401.0,-0.6709157824516296,0.3553192317485809,9.802074432373049,2.185957193374634,1.0874137878417969,0.0779313072562217
2059535734.0,-0.7436898350715637,0.5119485259056091,9.726152420043944,2.6602559089660645,0.8885961771011353,0.1476532518863678
2059544067.0,-0.6971285343170166,0.5277135372161865,10.04948902130127,3.075488328933716,0.5853749513626099,0.1451174616813659
2059552400.0,-0.5759016871452332,0.3654323220252991,10.135618209838867,2.846240520477295,0.0384597703814506,0.0317744575440883
2059560733.0,-0.5404691696166992,0.3468928337097168,9.793564796447754,2.4822115898132324,0.0256526563316583,0.0893808752298355
2059569066.0,-0.5955989360809326,0.5165219306945801,9.592473030090332,2.585948944091797,0.4943419396877289,0.1477044820785522
2059577399.0,-0.6538365483283997,0.5824070572853088,9.657642364501951,2.883816719055176,0.9939731359481812,0.1981645226478576
2059585732.0,-0.6429280638694763,0.4230431616306305,9.979016304016112,2.9232630729675293,1.2590551376342771,0.1299026012420654
2059594065.0,-0.6514890193939209,0.2645710110664367,10.035395622253418,2.4685845375061035,1.304033637046814,0.0308011192828416
2059602398.0,-0.6796910762786865,0.3892631232738495,9.8297700881958,2.550755023956299,0.8332950472831726,0.0736537352204322
2059610731.0,-0.6897088885307312,0.659142017364502,9.861154556274414,3.068547248840332,0.6464905142784119,0.101035363972187
2059619064.0,-0.6453638076782227,0.6216084361076355,10.07746410369873,3.055765390396118,0.3396063446998596,0.0874598026275634
2059627397.0,-0.5651777386665344,0.3799601197242737,10.036019325256348,2.414410352706909,0.168631300330162,0.0344127230346202
2059635730.0,-0.5607230067253113,0.3112185895442962,9.672200202941896,2.165645122528076,0.3675770759582519,0.1224488466978073
2059644063.0,-0.6031411290168762,0.4721551239490509,9.51717758178711,2.736893892288208,0.7795052528381348,0.1468336135149002
2059652396.0,-0.6602568030357361,0.6311893463134766,9.866209030151367,3.248384714126587,1.3013954162597656,0.0396380312740802
2059660729.0,-0.6512840986251831,0.5126633644104004,10.153535842895508,2.9834821224212646,1.2051368951797483,0.1298001259565353
2059669062.0,-0.6584200263023376,0.371210902929306,9.953909873962402,2.3800621032714844,0.9496861696243286,0.0851545259356498
2059677395.0,-0.7178856730461121,0.4395575523376465,9.755348205566406,2.342076063156128,0.8087311387062073,-0.0115776341408491
2059685728.0,-0.7065616250038147,0.5645427107810974,9.815071105957031,2.788890600204468,0.7401362061500549,0.1028283536434173
2059694061.0,-0.6215671300888062,0.4605386853218078,10.063140869140623,2.9317922592163086,0.2754170298576355,-0.0466947443783283
2059702394.0,-0.5357779860496521,0.3259138762950897,10.00348949432373,2.6340267658233643,0.1252407878637313,0.04391560703516
2059710727.0,-0.5608658194541931,0.4248813390731811,9.655668258666992,2.463871955871582,0.3835859596729278,0.1174028441309928
2059719060.0,-0.6470162868499756,0.5583253502845764,9.569610595703123,2.7788245677948,0.7107822299003601,0.1216804385185241
2059727393.0,-0.6771090626716614,0.5500112771987915,9.902329444885254,3.0837106704711914,1.314125418663025,-0.0421354137361049
2059735726.0,-0.6720274686813354,0.3359233736991882,10.0596923828125,2.6389706134796143,1.3508564233779907,0.1052360832691192
2059744059.0,-0.6937261819839478,0.2931132316589355,9.86890983581543,2.4755773544311523,1.0553960800170898,0.0949391573667526
2059752392.0,-0.7282058000564575,0.5630648136138916,9.80037784576416,2.916167736053467,0.7282510995864868,0.1254457086324691
2059760725.0,-0.6904769539833069,0.673508882522583,10.010184288024902,3.0804576873779297,0.4011829495429992,0.1021367609500885
2059769058.0,-0.6062464714050293,0.4651335775852203,10.058530807495115,2.675957679748535,0.1510599553585052,0.0264723151922225
2059777391.0,-0.5379910469055176,0.2871401011943817,9.80479621887207,2.2238152027130127,0.0771884992718696,0.0459647439420223
2059785724.0,-0.5782788991928101,0.3932909667491913,9.540057182312012,2.433544635772705,0.5350173711776733,0.2089225202798843
2059794057.0,-0.6472610831260681,0.5763513445854187,9.648126602172852,3.0167551040649414,0.9992240071296692,0.0499349534511566
2059802390.0,-0.6429924368858337,0.5665727257728577,10.03274631500244,3.192110300064087,1.3101810216903689,0.0414054132997989
2059810723.0,-0.6512162685394287,0.3928556740283966,10.130298614501951,2.6842565536499023,1.1271159648895264,0.0591048412024974
2059819056.0,-0.7280243635177612,0.3905360102653503,9.859748840332031,2.243000268936157,0.9949465990066528,0.051010750234127
2059827389.0,-0.7301005721092224,0.5241454839706421,9.728021621704102,2.640712261199951,0.5997188687324524,0.0475016012787818
2059835722.0,-0.6619712710380554,0.5213593244552612,10.037665367126465,3.050745010375977,0.3087667822837829,0.0281372349709272
2059844055.0,-0.5596875548362732,0.3630871176719665,10.106964111328123,2.844883441925049,-0.0179299656301736,-0.0570685192942619
2059852388.0,-0.5162249207496643,0.3659299612045288,9.765324592590332,2.479009866714477,-0.0156246852129697,-0.0051996898837387
2059860721.0,-0.5732136964797974,0.5074329972267151,9.556715965270996,2.6778273582458496,0.548516035079956,0.0749344453215599
2059869054.0,-0.6377753615379333,0.5888611674308777,9.7681245803833,2.9015676975250244,1.12596333026886,0.0289568901062011
2059877387.0,-0.6477895975112915,0.3943064212799072,10.001097679138184,2.717580556869507,1.276677489280701,0.0596427544951438
2059885720.0,-0.6627151966094971,0.2709057927131653,9.946179389953612,2.5329535007476807,1.111850023269653,0.071758285164833
2059894053.0,-0.7089473009109497,0.4671641290187835,9.854385375976562,2.8605849742889404,0.8847797513008118,0.0574911572039127
2059902386.0,-0.6913428902626038,0.6803585886955261,9.940744400024414,3.112628698348999,0.5767684578895569,0.0823881775140762
2059910719.0,-0.6251280903816223,0.5744958519935608,10.084684371948242,2.9719560146331787,0.1571817547082901,0.0990118235349655
2059919052.0,-0.5386102795600891,0.3229641318321228,9.937948226928713,2.292819738388061,0.1134326383471489,0.0261649396270513
2059927385.0,-0.5720700025558472,0.3305427730083465,9.61302661895752,2.176608085632324,0.2261864989995956,0.0064163655042648
2059935718.0,-0.6468600630760193,0.5293863415718079,9.55494499206543,2.860405921936035,0.7654173970222473,0.0787765830755233
2059944051.0,-0.6369106769561768,0.6009102463722229,9.939772605895996,3.391465902328491,1.194199800491333,0.0370253808796405
2059952384.0,-0.6440053582191467,0.4814929068088531,10.17104721069336,2.8932430744171143,1.2885370254516602,-0.0322739370167255
2059960717.0,-0.6817595362663269,0.3733602166175842,9.9108247756958,2.326015949249268,0.9351373314857484,0.0898931622505188
2059969050.0,-0.7340548038482666,0.4588692188262939,9.68224048614502,2.4576215744018555,0.807732105255127,0.1416082829236984
2059977383.0,-0.7199515700340271,0.5619039535522461,9.947149276733398,2.904615879058838,0.4983121454715729,0.1097697988152504
2059985716.0,-0.6100331544876099,0.4274109601974487,10.092559814453123,2.810739755630493,0.3237254917621612,-0.0071463724598288
2059994049.0,-0.5396433472633362,0.3667843341827392,9.861618995666504,2.5292904376983643,0.110871210694313,0.0513181164860725
2060002382.0,-0.5746148824691772,0.4703653454780578,9.65085220336914,2.482365369796753,0.4380674660205841,0.0725267082452774
2060010715.0,-0.6488117575645447,0.5912027955055237,9.670764923095703,2.7508792877197266,0.8559636473655701,0.0679161474108696
2060019048.0,-0.6451177597045898,0.4708693623542785,9.92712116241455,2.859227418899536,1.3050323724746704,0.1219365671277046
2060027381.0,-0.652958333492279,0.2753303050994873,10.021981239318848,2.6019582748413086,1.195326805114746,0.0654059499502182
2060035714.0,-0.7086977362632751,0.3899980187416076,9.891998291015623,2.6192221641540527,1.0728907585144043,0.1670176237821579
2060044047.0,-0.7577086091041565,0.6240891218185425,9.861777305603027,2.967755079269409,0.7757656574249268,0.0074153216555714
2060052380.0,-0.6789610385894775,0.6704311966896057,10.080914497375488,3.1064817905426025,0.396316260099411,0.1021111458539962
2060060713.0,-0.5699682235717773,0.4056622684001922,10.0687837600708,2.443150043487549,0.1498817056417465,0.0692480877041816
2060069046.0,-0.5584366917610168,0.2878037989139557,9.700666427612305,2.124380826950073,0.1652502417564392,0.0631006732583046
2060077379.0,-0.586714506149292,0.4409555494785309,9.500282287597656,2.5936591625213623,0.6503326296806335,0.0409699715673923
2060085712.0,-0.6453638672828674,0.6069015264511108,9.809825897216797,3.1650357246398926,1.0285779237747192,0.0837969705462455
2060094045.0,-0.6265078186988831,0.5241485238075256,10.121807098388672,3.0083537101745605,1.221709370613098,0.1084634736180305
2060102378.0,-0.655554473400116,0.3762784898281097,9.982513427734377,2.425783157348633,1.137489676475525,0.0392025858163833
2060110711.0,-0.7304474711418152,0.3986821174621582,9.755640983581545,2.374631881713867,0.8751744627952576,0.105261705815792
2060119044.0,-0.7546743750572205,0.5216281414031982,9.854978561401367,2.6876120567321777,0.6732573509216309,0.1286987215280532
2060127377.0,-0.6471580266952515,0.4625289142131805,10.034289360046388,2.8114826679229736,0.273470401763916,0.0185575149953365
2060135710.0,-0.5363383293151855,0.3227161169052124,10.00408935546875,2.606133222579956,0.1618947684764862,0.0243719443678855
2060144043.0,-0.5198302268981934,0.4267792999744415,9.709851264953612,2.450833797454834,0.1084890887141227,0.0917373821139335
2060152376.0,-0.6124857664108276,0.5808303356170654,9.578476905822754,2.849724531173706,0.5125792622566223,0.0604367889463901
2060160709.0,-0.636993408203125,0.5280707478523254,9.807056427001951,2.860098361968994,1.159569263458252,0.0361288785934448
2060169042.0,-0.6483205556869507,0.2978573143482208,10.041120529174805,2.6221165657043457,1.3173528909683228,0.1316699683666229
2060177375.0,-0.6971584558486938,0.2695559561252594,9.880084991455078,2.526498317718506,1.251908540725708,0.0790583342313766
2060185708.0,-0.7432603240013123,0.5569121837615967,9.81316089630127,2.869626760482788,0.8640577793121338,0.1187860071659088
2060194041.0,-0.7132611870765686,0.6680272221565247,10.057682991027832,3.2095022201538086,0.5173947811126709,0.0355141423642635
2060202374.0,-0.6126189231872559,0.4782348275184631,10.149703025817873,2.788557767868042,0.1089501529932022,0.0628445297479629
2060210707.0,-0.5522298216819763,0.2907149195671081,9.796034812927246,2.2042715549468994,0.0329527147114276,0.1607677638530731
2060219040.0,-0.6210737228393555,0.3581307828426361,9.527527809143066,2.336031198501587,0.4278474152088165,0.1091806814074516
2060227373.0,-0.6407695412635803,0.5628149509429932,9.695013046264648,3.0809695720672607,1.0863637924194336,0.0866913795471191
2060235706.0,-0.6046503782272339,0.5571807026863098,10.004899978637695,3.3321688175201416,1.206161618232727,0.0433008633553981
2060244039.0,-0.6262772083282471,0.4078275561332702,10.073025703430176,2.701417922973633,1.17988121509552,0.0509851388633251
2060252372.0,-0.7111642360687256,0.4159440696239471,9.85072422027588,2.3716089725494385,1.1518592834472656,0.1094112023711204
2060260705.0,-0.7494558095932007,0.522385835647583,9.752758979797363,2.540355682373047,0.8680792450904846,-0.0059681166894733
2060269038.0,-0.68198162317276,0.4889093935489654,10.015990257263184,2.9578933715820312,0.5372201800346375,0.0152532765641808
2060277371.0,-0.5761817693710327,0.3357551395893097,10.0819091796875,2.651700973510742,0.1710390597581863,0.0550578013062477
2060285704.0,-0.5441865921020508,0.3879455626010895,9.757535934448242,2.534618139266968,0.0702214315533638,0.0965528562664985
2060294037.0,-0.6023902297019958,0.5644023418426514,9.580889701843262,2.893883466720581,0.3797950744628906,0.0073640928603708
2060302370.0,-0.6630265712738037,0.5775829553604126,9.790002822875977,2.887787103652954,0.8651849031448364,0.1790050864219665
2060310703.0,-0.6531277894973755,0.3423365652561188,9.972444534301758,2.6908650398254395,1.305314302444458,0.0871524363756179
2060319036.0,-0.6857002973556519,0.2767129838466644,9.85948657989502,2.535386562347412,1.1192779541015625,0.0959125012159347
2060327369.0,-0.7216255068778992,0.4664348363876343,9.8792142868042,2.8261594772338867,0.9258649349212646,-0.0021515958942472
2060335702.0,-0.7015547156333923,0.689224362373352,9.99220085144043,3.226330518722534,0.5385008454322815,0.135127916932106
2060344035.0,-0.6148738861083984,0.5532338619232178,10.084415435791016,2.867680072784424,0.2053108960390091,0.0485005564987659
2060352368.0,-0.5394830107688904,0.3175103366374969,9.881624221801758,2.332521677017212,0.0389720574021339,-0.0374480113387107
2060360701.0,-0.5982435345649719,0.3648828864097595,9.595891952514648,2.146101713180542,0.2833831012248993,0.1870735734701156
2060369034.0,-0.620539128780365,0.5482370257377625,9.58934211730957,2.9102766513824463,0.8376495838165283,0.1405325233936309
2060377367.0,-0.6308363676071167,0.5841450691223145,9.928452491760254,3.232811450958252,1.1915614604949951,0.0658157840371131
2060385700.0,-0.6392244100570679,0.4597232043743133,10.129384994506836,2.8311798572540283,1.145378828048706,0.0089009469375014
2060394033.0,-0.6921634078025818,0.4075454771518707,9.846570014953612,2.3297812938690186,1.0938432216644287,0.1106919273734092
2060402366.0,-0.7392644882202148,0.5223734974861145,9.718961715698242,2.609360694885254,0.8045560121536255,0.1118701696395874
2060410699.0,-0.6764715313911438,0.5146255493164062,10.028996467590332,2.906536817550659,0.5890889167785645,0.0260880980640649
2060419032.0,-0.598271906375885,0.3866300582885742,10.107813835144045,2.7668111324310303,0.1775706708431244,0.0813123807311058
2060427365.0,-0.5283460021018982,0.3744104504585266,9.839531898498535,2.449527740478516,0.0248586144298315,0.0447352565824985
2060435698.0,-0.5811668634414673,0.5019852519035339,9.593084335327148,2.72541880607605,0.4340204000473022,0.1282632797956466
2060444031.0,-0.6496815085411072,0.608943521976471,9.746766090393066,2.923340320587158,0.8899538516998291,0.1174540817737579
2060452364.0,-0.6651474833488464,0.4073003828525543,9.946764945983888,2.7138919830322266,1.3549546003341677,0.0364618599414825
2060460697.0,-0.6723167300224304,0.2704526484012604,9.897619247436523,2.488769054412842,1.1529864072799685,-0.0169053953140974
2060469030.0,-0.7239270806312561,0.4073024094104767,9.872028350830078,2.774802923202514,1.031549334526062,0.1211169064044952
2060477363.0,-0.731697142124176,0.6453353762626648,9.932748794555664,3.118802070617676,0.537988543510437,0.0710666924715042
2060485696.0,-0.6418142914772034,0.6126958727836609,10.090582847595217,2.963656425476074,0.2523898184299469,0.053034272044897
2060494029.0,-0.5842981934547424,0.3679126501083374,9.987258911132812,2.3912811279296875,0.0034963435027748,-0.0538155101239681
2060502362.0,-0.5912413001060486,0.3060275912284851,9.596524238586426,2.1536061763763428,0.1646354794502258,0.0452219285070896
2060510695.0,-0.6331119537353516,0.5345763564109802,9.517035484313965,2.697857618331909,0.8208209276199341,0.0801085233688354
2060519028.0,-0.6607280969619751,0.5970980525016785,9.916475296020508,3.1927249431610107,1.105600118637085,0.0417127832770347
2060527361.0,-0.6446453332901001,0.4773439168930053,10.118215560913086,2.9584827423095703,1.1498870849609375,0.1370489746332168
2060535694.0,-0.6733152270317078,0.3689372837543487,9.905597686767578,2.402935266494751,1.0906925201416016,0.0883563011884689
2060544027.0,-0.7475870251655579,0.4751843512058258,9.777132034301758,2.390820026397705,0.8024299740791321,0.1114091277122497
2060552360.0,-0.727176308631897,0.5526515245437622,9.927650451660156,2.864837169647217,0.6319416761398315,0.1151744127273559
2060560693.0,-0.6150469183921814,0.4427406787872314,10.0637845993042,2.9520022869110107,0.1168649345636367,0.0154325757175683
2060569026.0,-0.5238091945648193,0.3234023749828338,9.960090637207031,2.6654813289642334,0.0114879859611392,0.0074409358203411
2060577359.0,-0.5294809341430664,0.4474086463451385,9.5887451171875,2.5592591762542725,0.1806443929672241,0.0576448440551757
2060585692.0,-0.6198238134384155,0.5891833305358887,9.652761459350586,2.9598658084869385,0.7680556774139404,0.0832078456878662
2060594025.0,-0.6448522210121155,0.4994216561317444,9.951475143432615,2.9344820976257324,1.1736571788787842,0.1023672968149185
2060602358.0,-0.6590681076049805,0.2758726775646209,10.024120330810549,2.582491397857666,1.1972222328186035,0.0570044852793216
2060610691.0,-0.6843094229698181,0.3287310004234314,9.823643684387209,2.5294442176818848,1.0475581884384155,0.034233421087265
2060619024.0,-0.702110767364502,0.5649101734161377,9.859085083007812,3.0366573333740234,0.7125239968299866,0.0655084028840065
2060627357.0,-0.6659906506538391,0.6924734711647034,10.08581829071045,3.1502816677093506,0.4070485830307007,0.0126150101423263
2060635690.0,-0.5586418509483337,0.4576135277748108,10.123785972595217,2.678006887435913,0.1542617380619049,-0.0657005161046981
2060644023.0,-0.5294384360313416,0.3266505300998688,9.79582691192627,2.1247646808624268,0.1744457483291626,0.1350766718387603
2060652356.0,-0.5996962785720825,0.4053028523921966,9.50213623046875,2.439333438873291,0.5343257784843445,0.0860766395926475
2060660689.0,-0.6823514103889465,0.5867436528205872,9.687265396118164,3.097337007522583,1.101706624031067,0.0493970476090908
2060669022.0,-0.6528609991073608,0.5701361894607544,10.136042594909668,3.138345718383789,1.4723190069198608,0.1817970424890518
2060677355.0,-0.6470485329627991,0.4151343107223511,10.106963157653809,2.480085611343384,1.145455837249756,0.1200155094265937
2060685688.0,-0.712107241153717,0.402302622795105,9.798312187194824,2.210162878036499,0.9067054986953736,0.0712203830480575
2060694021.0,-0.7390446662902832,0.5607894659042358,9.770977020263672,2.6859729290008545,0.6559677720069885,0.0524195358157157
2060702354.0,-0.655587911605835,0.503761351108551,10.028998374938965,2.878822326660156,0.3240841329097748,0.0059809242375195
2060710687.0,-0.5591244697570801,0.3423248529434204,10.064494132995604,2.723907232284546,-0.0119106182828545,-0.0258447621017694
2060719020.0,-0.5459334254264832,0.3641173541545868,9.7302885055542,2.4893579483032227,0.2118681669235229,-0.0148818716406822
2060727353.0,-0.6371278762817383,0.5444905161857605,9.585397720336914,2.704952955245972,0.7077853083610535,0.0786997452378273
2060735686.0,-0.6966304183006287,0.5477619171142578,9.785717010498049,2.9812536239624023,1.1803935766220093,0.089765079319477
2060744019.0,-0.6882478594779968,0.3755665719509125,10.07599639892578,2.643068790435791,1.3284438848495483,0.0201712101697921
2060752352.0,-0.6863285899162292,0.2353280037641525,9.944538116455078,2.4467101097106934,0.9796804189682008,0.1403276026248932
2060760685.0,-0.740382969379425,0.4336853921413421,9.829268455505373,2.69396448135376,0.7153927683830261,-0.0152148567140102
2060769018.0,-0.7218092679977417,0.6885943412780762,9.964876174926758,3.1497697830200195,0.401823341846466,-0.0951056629419326
2060777351.0,-0.6208422780036926,0.5739439725875854,10.085111618041992,2.848520517349243,-0.0038421351928263,0.0379987172782421
2060785684.0,-0.5132569670677185,0.3348051011562347,9.949359893798828,2.1633141040802,-0.0683900117874145,0.0037780997809022
2060794017.0,-0.5356277823448181,0.3275689780712127,9.598105430603027,2.160522222518921,0.2400438040494918,-0.0760230496525764
2060802350.0,-0.6006029844284058,0.5227410197257996,9.561366081237791,2.8838937282562256,0.8547598123550415,0.0657901614904403
2060810683.0,-0.6234990954399109,0.5936205387115479,9.974976539611816,3.333244562149048,1.3298527002334597,0.00254861661233
2060819016.0,-0.654304027557373,0.4727319777011871,10.15743350982666,2.828439235687256,1.1875656843185425,0.0337467528879642
2060827349.0,-0.6595562696456909,0.3616070449352264,9.93247890472412,2.27314829826355,0.9180270433425904,0.1665565818548202
2060835682.0,-0.7329465746879578,0.4574396312236786,9.710469245910645,2.502241849899292,0.8135977387428284,0.2001368254423141
2060844015.0,-0.6949092745780945,0.5560747981071472,9.924033164978027,2.902336359024048,0.5029996037483215,0.0580034330487251
2060852348.0,-0.5774408578872681,0.4109950959682464,10.12653636932373,2.9854798316955566,0.1997013986110687,0.004008627962321
2060860681.0,-0.5167803764343262,0.3412800431251526,9.884921073913574,2.4579548835754395,0.0170462746173143,0.1049799472093582
2060869014.0,-0.5422019362449646,0.4263200759887695,9.595263481140137,2.507416009902954,0.4186518490314483,0.0745502337813377
2060877347.0,-0.6467034220695496,0.5879319310188293,9.589402198791504,2.8551547527313232,0.9535538554191588,0.1644305884838104
2060885680.0,-0.6498950719833374,0.4593665599822998,9.974815368652344,3.037400007247925,1.257108211517334,-0.0803774744272232
2060894013.0,-0.6393419504165649,0.2649905979633331,10.054227828979492,2.544351816177368,1.418631672859192,0.1122800111770629
2060902346.0,-0.6900753974914551,0.3568027019500732,9.82030200958252,2.6395084857940674,1.122044324874878,0.023962115868926
2060910679.0,-0.7071194648742676,0.5916815996170044,9.862070083618164,3.0169341564178467,0.6001543402671814,0.1415058374404907
2060919012.0,-0.6826484799385071,0.6629669070243835,10.034011840820312,3.12943172454834,0.3301290571689605,0.1198105886578559
2060927345.0,-0.5434608459472656,0.459440678358078,10.063735008239746,2.588203191757202,0.04166154935956,0.0732951238751411
2060935678.0,-0.5495666265487671,0.278897762298584,9.792163848876951,2.210214138031006,0.1081817299127578,0.133719116449356
2060944011.0,-0.6226400136947632,0.4597203135490417,9.45866584777832,2.504547119140625,0.7441831827163696,0.0403808392584323
2060952344.0,-0.6777580380439758,0.6220474243164062,9.751830101013184,3.165726900100708,1.3209643363952637,0.1094880327582359
2060960677.0,-0.6782911419868469,0.5386825799942017,10.125116348266602,3.1246678829193115,1.3780075311660769,0.1325408816337585
2060969010.0,-0.6729333400726318,0.3883784711360931,10.058945655822754,2.5186092853546143,0.8800410628318787,0.0324660390615463
2060977343.0,-0.714836061000824,0.3945132493972778,9.76140308380127,2.271329402923584,0.7936955094337463,0.0698884427547454
2060985676.0,-0.7198898792266846,0.5411714315414429,9.82205867767334,2.7349987030029297,0.54390549659729,0.1078743636608123
2060994009.0,-0.6252003312110901,0.5497342944145203,10.05581760406494,2.961479663848877,0.2136611193418502,0.1419668942689895
2061002342.0,-0.5421773195266724,0.3520482778549194,10.042391777038574,2.653468132019043,0.0377681888639926,0.0794937759637832
2061010675.0,-0.549544632434845,0.3804104924201965,9.672842979431152,2.388796329498291,0.3001860380172729,-0.0394971519708633
2061019008.0,-0.6293414235115051,0.544487714767456,9.565272331237791,2.7044150829315186,0.9418482780456544,0.0357958935201168
2061027341.0,-0.7043624520301819,0.5440431833267212,9.826269149780272,3.034505605697632,1.206596851348877,0.051190048456192
2061035674.0,-0.6889291405677795,0.3712634444236755,10.058077812194824,2.8199610710144043,1.269403100013733,0.0938633680343627
2061044007.0,-0.685777485370636,0.2951608300209045,9.976612091064451,2.4564945697784424,0.947662591934204,0.0945037230849266
2061052340.0,-0.7020549178123474,0.4744486212730407,9.806724548339844,2.679159164428711,0.7810676097869873,-0.035859927535057
2061060673.0,-0.6866474747657776,0.6906106472015381,9.878503799438477,3.1497952938079834,0.4845317006111145,-0.0578369498252868
2061069006.0,-0.5871052742004395,0.5342994928359985,10.087631225585938,2.9015421867370605,0.2738033533096313,-0.106529600918293
2061077339.0,-0.5245545506477356,0.3184583485126495,9.927388191223145,2.2561147212982178,0.164020761847496,0.0316207706928253
2061085672.0,-0.5606854557991028,0.3271545469760895,9.535743713378906,2.2186925411224365,0.4419864416122436,0.158155083656311
2061094005.0,-0.6210251450538635,0.537192165851593,9.562576293945312,2.9335856437683105,1.1132330894470217,0.1015988737344741
2061102338.0,-0.6619750261306763,0.6522713899612427,9.99751091003418,3.286933898925781,1.3959885835647583,0.045273158699274
2061110671.0,-0.6678641438484192,0.4616282284259796,10.17229461669922,2.6920688152313232,1.1989638805389404,0.0657645463943481
2061119004.0,-0.7018029093742371,0.3433773815631866,9.914819717407228,2.240208625793457,0.9718169569969176,0.0764456912875175
2061127337.0,-0.7529577612876892,0.4402292370796203,9.731365203857422,2.3679211139678955,0.7143426537513733,0.0399454049766063
2061135670.0,-0.7222356200218201,0.5453226566314697,9.896734237670898,2.911454916000366,0.4519760310649872,0.0295460205525159
2061144003.0,-0.6036975979804993,0.463521659374237,10.075517654418944,2.977488279342652,0.141633927822113,-0.0463617630302906
2061152336.0,-0.4971499145030975,0.3551029562950134,9.915791511535645,2.514100790023804,0.0561848245561122,0.0695298388600349
2061160669.0,-0.534160315990448,0.4449880421161651,9.541414260864258,2.4345178604125977,0.299622505903244,0.0411748848855495
2061169002.0,-0.6442937850952148,0.5798828601837158,9.567499160766602,2.835457563400269,0.9332162141799928,0.0735768899321556
2061177335.0,-0.6436876654624939,0.4519935846328735,9.95192813873291,2.919651508331299,1.2764469385147097,-0.0207731444388628
2061185668.0,-0.6668909192085266,0.2680037915706634,10.059736251831056,2.6154565811157227,1.284387469291687,0.004674598108977
2061194001.0,-0.7138028144836426,0.3370594978332519,9.841115951538086,2.4980154037475586,0.9991216063499452,-0.0225661415606737
2061202334.0,-0.7265032529830933,0.5753664970397949,9.844834327697754,3.06667709350586,0.7358072996139526,0.0
2061210667.0,-0.7050773501396179,0.6793850660324097,10.067687034606934,3.1238224506378174,0.3571521043777466,-0.0443638525903224
2061219000.0,-0.5891979932785034,0.4249734282493591,10.062261581420898,2.6672489643096924,-0.0047130193561315,0.0168413612991571
2061227333.0,-0.5504707098007202,0.2746510505676269,9.722164154052734,2.07374119758606,0.2319240868091583,0.0850264504551887
2061235666.0,-0.6024559140205383,0.4337995946407318,9.50727367401123,2.582875490188598,0.5435981154441833,0.1018293872475624
2061243999.0,-0.6523943543434143,0.5965704917907715,9.757183074951172,3.1962597370147705,1.0794734954833984,0.0546992048621177
2061252332.0,-0.6516568660736084,0.5737673044204712,10.092665672302246,3.116266250610352,1.302035570144653,0.0650729611515998
2061260665.0,-0.6545473337173462,0.3737094700336456,10.085139274597168,2.5145366191864014,1.1491442918777466,0.0523426905274391
2061268998.0,-0.7320195436477661,0.3563330173492431,9.756698608398438,2.1425154209136963,0.9602904319763184,0.2260840386152267
2061277331.0,-0.7527264952659607,0.5281036496162415,9.686553001403809,2.737841844558716,0.6332479119300842,-0.0215415731072425
2061285664.0,-0.6963682770729065,0.5253509283065796,10.06545066833496,3.145287036895752,0.4291280508041382,0.1025721952319145
2061293997.0,-0.5922876596450806,0.398807555437088,10.13385772705078,2.7780303955078125,0.0350530818104743,0.0432240217924118
2061302330.0,-0.5450170040130615,0.386161208152771,9.732064247131348,2.404318332672119,0.1579501628875732,0.0773165673017501
2061310663.0,-0.6088494658470154,0.5404247641563416,9.524566650390623,2.6899685859680176,0.4640403389930725,0.2088200598955154
2061318996.0,-0.6623972058296204,0.5966129302978516,9.771636009216309,3.03412127494812,1.1048059463500977,0.0692224651575088
2061327329.0,-0.6623039841651917,0.3686264753341675,10.076440811157228,2.7041847705841064,1.3659175634384155,0.1105126217007637
2061335662.0,-0.6825748682022095,0.2775369584560394,9.949908256530762,2.567430019378662,1.060877561569214,0.0994728729128837
2061343995.0,-0.7201316356658936,0.5160331130027771,9.807785034179688,2.700803756713867,0.734987735748291,0.2024165093898773
2061352328.0,-0.6917981505393982,0.6798083782196045,9.943160057067873,3.0992586612701416,0.4197020232677459,0.0436850786209106
2061360661.0,-0.6076392531394958,0.6013455390930176,10.05026149749756,2.9246716499328613,0.1559010297060012,0.0265235397964715
2061368994.0,-0.5295186638832092,0.331860601902008,9.971476554870604,2.256908655166626,0.1709878146648407,-0.0131657160818576
2061377327.0,-0.5316282510757446,0.310498982667923,9.621607780456545,2.141413927078247,0.4180371165275574,0.0802878141403198
2061385660.0,-0.6130278706550598,0.5289719104766846,9.531649589538574,2.933304071426392,0.7507404685020447,0.1665309518575668
2061393993.0,-0.6389097571372986,0.6344767808914185,9.975951194763184,3.404836416244507,1.258517146110535,0.1079768165946006
2061402326.0,-0.6276260018348694,0.4955424070358276,10.221020698547363,2.855539321899414,1.1749122142791748,0.0532135777175426
2061410659.0,-0.6406493186950684,0.3767511248588562,9.92789077758789,2.271278381347656,0.9027097225189208,0.0603343360126018
2061418992.0,-0.6902370452880859,0.4261619746685028,9.694184303283691,2.453344345092773,0.8495090007781982,0.140558123588562
2061427325.0,-0.6592555642127991,0.561152994632721,9.898398399353027,2.8593297004699707,0.3999278247356415,0.0676600039005279
2061435658.0,-0.5666363835334778,0.459431916475296,10.130386352539062,2.9929850101470947,0.3575363159179687,0.0562104359269142
2061443991.0,-0.5146506428718567,0.3516022562980652,9.907064437866213,2.634974956512451,0.1591796725988388,0.1473971307277679
2061452324.0,-0.5780661702156067,0.4616758525371551,9.615694046020508,2.415512084960937,0.4533591866493225,0.014612921513617
2061460657.0,-0.6489728689193726,0.5672457218170166,9.621826171875,2.729926824569702,1.1494003534317017,0.1169930323958396
2061468990.0,-0.6960377097129822,0.4850919544696808,9.905132293701172,2.9608395099639893,1.407745599746704,0.0694017708301544
2061477323.0,-0.6925542950630188,0.2690730392932892,10.094765663146973,2.5852575302124023,1.2660218477249146,0.0495507344603538
2061485656.0,-0.7080094814300537,0.3645959496498108,9.877399444580078,2.4894344806671143,0.9409518241882324,0.064791202545166
2061493989.0,-0.7577955722808838,0.6143531799316406,9.776741981506348,2.8920648097991943,0.5514872670173645,0.1118445619940757
2061502322.0,-0.7011656165122986,0.6637299060821533,9.998770713806152,3.1117072105407715,0.4111469089984894,-0.0445175431668758
2061510655.0,-0.6049863696098328,0.4242362380027771,10.02415657043457,2.572450637817383,0.1836924999952316,0.0051868828013539
2061518988.0,-0.5671115517616272,0.2452147901058197,9.718209266662598,2.0249717235565186,0.1718074679374694,0.0982433930039405
2061527321.0,-0.654077410697937,0.3840707540512085,9.464991569519045,2.649369955062866,0.662909209728241,0.0591560751199722
2061535654.0,-0.7101956009864807,0.6046116948127747,9.719032287597656,3.223590135574341,1.310846924781799,-0.0032017796766012
2061543987.0,-0.6820363998413086,0.5431839823722839,10.164597511291504,3.1883704662323,1.2270629405975342,0.1037504747509956
2061552320.0,-0.7069455981254578,0.3815157115459442,10.06768035888672,2.306267499923706,1.0019904375076294,0.0480138845741748
2061560653.0,-0.7369242906570435,0.3544809520244598,9.801409721374512,2.2437427043914795,0.6718229055404663,0.0862559303641319
2061568986.0,-0.7601574063301086,0.5027269721031189,9.78288745880127,2.744757652282715,0.5164470672607422,0.1478837877511978
2061577319.0,-0.6605046391487122,0.5190284848213196,9.98988914489746,3.131199598312378,0.3042074739933014,-0.0643941909074783
2061585652.0,-0.5250425338745117,0.3750123679637909,10.145838737487791,2.7497780323028564,-0.0588359050452709,0.0528293624520301
2061593985.0,-0.5266106128692627,0.3780229389667511,9.768214225769045,2.419072151184082,0.0521633848547935,0.1130228117108345
2061602318.0,-0.5829538702964783,0.5304063558578491,9.506781578063965,2.592353105545044,0.5826855301856995,0.0730902254581451
2061610651.0,-0.6467751860618591,0.5592782497406006,9.82302474975586,2.927309989929199,1.1997836828231812,0.1060045138001442
2061618984.0,-0.6355286240577698,0.3843562602996826,10.08130931854248,2.7474215030670166,1.1077772378921509,0.0093107754364609
2061627317.0,-0.6416290998458862,0.2652587592601776,10.01229763031006,2.4887688159942627,0.96925550699234,0.0900980681180954
2061635650.0,-0.7170301079750061,0.4582479000091553,9.806713104248049,2.7594597339630127,0.7976400852203369,0.0666098147630691
2061643983.0,-0.6776126623153687,0.6949899196624756,9.92713451385498,3.128535509109497,0.4715452194213867,0.03203060105443
2061652316.0,-0.5963389277458191,0.5549924969673157,10.09634494781494,2.794295310974121,0.1662235856056213,0.0876134932041168
2061660649.0,-0.5177621841430664,0.3281906247138977,9.927921295166016,2.344918966293335,0.0796474665403366,-0.0833487212657928
2061668982.0,-0.539116382598877,0.3193771243095398,9.60177230834961,2.283777952194214,0.3217532038688659,0.0896370187401771
2061677315.0,-0.6167302131652832,0.5457071661949158,9.587788581848145,2.990397930145264,0.9740710258483888,0.1833082735538482
2061685648.0,-0.6320679783821106,0.6255064606666565,9.943964004516602,3.3826024532318115,1.3843594789505005,0.0204017348587512
2061693981.0,-0.6203235983848572,0.4374535977840423,10.178279876708984,2.825518846511841,1.3147403001785278,-0.0374480113387107
2061702314.0,-0.6739016771316528,0.3875029683113098,9.896180152893066,2.30091404914856,0.9052711725234984,0.0909433364868164
2061710647.0,-0.7321928143501282,0.4502487182617187,9.6729154586792,2.469353437423706,0.791851282119751,0.0810562521219253
2061718980.0,-0.7152577042579651,0.5378597974777222,9.915809631347656,2.966679573059082,0.6681601405143738,-0.0272023193538188
2061727313.0,-0.6144649982452393,0.4378723204135895,10.105630874633787,2.94815993309021,0.235843077301979,0.0382292456924915
2061735646.0,-0.5318032503128052,0.3726084232330322,9.890395164489746,2.5575175285339355,0.0997546389698982,0.0330807864665985
2061743979.0,-0.578334391117096,0.4888171851634979,9.549864768981934,2.63702392578125,0.4418327808380127,0.0079019917175173
2061752312.0,-0.6485980153083801,0.594755232334137,9.662561416625977,2.876542806625366,0.873073935508728,0.0042903842404484
2061760645.0,-0.6660662293434143,0.4726444482803345,9.929003715515137,2.926516056060791,1.3639194965362549,0.1138424724340438
2061768978.0,-0.6738404631614685,0.2830259501934051,9.94564437866211,2.58259391784668,1.1301896572113037,0.0331832431256771
2061777311.0,-0.7451210021972656,0.3660690188407898,9.858062744140623,2.55820894241333,1.0335216522216797,0.101035363972187
2061785644.0,-0.7682948112487793,0.6426430344581604,9.863885879516602,3.094264030456543,0.7331690788269043,0.104595735669136
2061793977.0,-0.6979679465293884,0.6793159246444702,10.031028747558594,3.147746324539185,0.4194715619087219,-0.037960298359394
2061802310.0,-0.6045106649398804,0.4002424478530884,10.07737636566162,2.4769604206085205,0.1106150671839714,0.0145360780879855
2061810643.0,-0.5805503726005554,0.294236958026886,9.7057523727417,2.0660057067871094,0.2069758176803589,0.0284702200442552
2061818976.0,-0.6147116422653198,0.4327538907527923,9.5188627243042,2.6293399333953857,0.5808667540550232,0.0563641302287578
2061827309.0,-0.6456852555274963,0.6151919960975647,9.789752960205078,3.199333429336548,1.0879775285720823,0.1513161063194275
2061835642.0,-0.6473384499549866,0.5391508340835571,10.141606330871582,3.0946223735809326,1.1578786373138428,0.0619736425578594
2061843975.0,-0.6739276647567749,0.3459837734699249,10.012725830078123,2.456776857376098,0.9540406465530396,0.1444514840841293
2061852308.0,-0.7317977547645569,0.439884752035141,9.721041679382324,2.333418369293213,0.8871362805366516,0.1155330017209053
2061860641.0,-0.7626506090164185,0.5515792369842529,9.842459678649902,2.8707797527313232,0.6441596746444702,0.205874428153038
2061868974.0,-0.6637256741523743,0.4936811923980713,10.109925270080566,2.938349723815918,0.2777736186981201,0.0113599142059683
2061877307.0,-0.53500896692276,0.3747546076774597,9.996918678283691,2.5534703731536865,-0.0252044070512056,0.0280347820371389
2061885640.0,-0.5266495943069458,0.4033927619457245,9.71963119506836,2.392997026443481,0.1242162212729454,0.0102841136977076
2061893973.0,-0.5985093712806702,0.5729260444641113,9.608566284179688,2.790632724761963,0.5970293879508972,0.0059040812775492
2061902306.0,-0.6065108776092529,0.5328267216682434,9.80512237548828,2.900824785232544,1.0609800815582275,-0.004175120498985
2061910639.0,-0.6023625731468201,0.3142414689064026,10.077325820922852,2.681234121322632,1.1976577043533323,0.0649192780256271
2061918972.0,-0.6459041237831116,0.2933465838432312,9.888468742370604,2.4907922744750977,1.0293720960617063,-0.0178018920123577
2061927305.0,-0.6936889886856079,0.517797589302063,9.794892311096191,2.8732895851135254,0.8216407299041748,0.053879540413618
2061935638.0,-0.6570440530776978,0.6472784876823425,10.0120210647583,3.2499213218688965,0.5220309495925903,0.0746783018112182
2061943971.0,-0.5983641743659973,0.510674238204956,10.136521339416504,2.7630720138549805,0.1599481105804443,0.0237059760838747
2061952304.0,-0.5453197956085205,0.2983630895614624,9.842596054077148,2.176736354827881,0.1027515083551406,0.0017545752925798
2061960637.0,-0.5694379806518555,0.3518467247486114,9.523277282714844,2.22865629196167,0.4623753726482391,0.1313370019197464
2061968970.0,-0.6444674134254456,0.5678374767303467,9.681946754455566,2.988579511642456,0.9688969254493712,0.0600781925022602
2061977303.0,-0.6375409364700317,0.5409958362579346,9.99752712249756,3.1354002952575684,1.2778815031051636,0.0884843841195106
2061985636.0,-0.6617496609687805,0.3802801370620727,10.088520050048828,2.7026731967926025,1.1985028982162476,0.124088168144226
2061993969.0,-0.7031426429748535,0.3707993030548095,9.88829517364502,2.272507905960083,0.9508132338523864,0.0550065711140632
2062002302.0,-0.7255736589431763,0.4844436049461365,9.691908836364746,2.631234884262085,0.7984596490859985,0.0370509885251522
2062010635.0,-0.6917065382003784,0.5082458257675171,9.97683811187744,2.9636054039001465,0.5341207981109619,0.0888685882091522
2062018968.0,-0.6084184050559998,0.3400570750236511,10.09725570678711,2.787174701690674,0.2133794128894806,0.0513181239366531
2062027301.0,-0.5574796199798584,0.3737610578536987,9.741104125976562,2.506237745285034,0.1980364769697189,0.0840018913149833
2062035634.0,-0.5930379033088684,0.5120309591293335,9.541902542114258,2.716402292251587,0.4801260232925415,0.0241670310497283
2062043967.0,-0.6570217609405518,0.5812699198722839,9.774088859558104,2.9538462162017822,1.0338032245635986,0.0768042802810669
2062052300.0,-0.666677713394165,0.4042219221591949,9.973877906799316,2.796574831008911,1.042486548423767,0.0335162207484245
2062060633.0,-0.7041310667991638,0.2553310394287109,9.934176445007324,2.509106636047364,1.1185096502304075,0.1664285063743591
2062068966.0,-0.742605447769165,0.4371953308582306,9.816214561462402,2.784562110900879,0.8177729845046997,-0.0070183011703193
2062077299.0,-0.7253845930099487,0.6684849858283997,9.944109916687012,3.1835803985595703,0.6439803242683411,0.0640740022063255
2062085632.0,-0.6547414660453796,0.5953072309494019,10.130343437194824,3.0280251502990723,0.1514697819948196,0.0394074991345405
2062093965.0,-0.5602613687515259,0.3555851876735687,9.975150108337402,2.3684585094451904,0.0316207706928253,0.036333791911602
2062102298.0,-0.5841675400733948,0.3381285369396209,9.57155704498291,2.060063123703003,0.1538262814283371,0.0969882905483245
2062110631.0,-0.6181058287620544,0.5378525257110596,9.568867683410645,2.7205522060394287,0.7225391268730164,-0.0033042361028492
2062118964.0,-0.6522975564002991,0.6318020820617676,9.96959114074707,3.2799925804138184,1.15985107421875,0.0469124726951122
2062127297.0,-0.6343346834182739,0.4659416079521179,10.154943466186523,2.776108980178833,1.2243732213974,-0.018186105415225
2062135630.0,-0.6808698773384094,0.3971364200115204,9.930325508117676,2.325913429260254,1.0174357891082764,0.0288544353097677
2062143963.0,-0.7392451167106628,0.494128406047821,9.749171257019045,2.4347739219665527,0.8198220729827881,0.1033918634057045
2062152296.0,-0.6964518427848816,0.5427226424217224,9.967925071716309,2.8886072635650635,0.5231323838233948,0.0279067102819681
2062160629.0,-0.60863196849823,0.4302362501621246,10.104599952697754,2.8779513835906982,0.1090013682842254,0.0321330577135086
2062168962.0,-0.548884391784668,0.3493670225143432,9.900300979614258,2.449758052825928,0.1234734132885932,0.0331832394003868
2062177295.0,-0.5858551859855652,0.503629744052887,9.626378059387209,2.6069271564483643,0.3615065217018127,0.1198618039488792
2062185628.0,-0.639369785785675,0.6296101212501526,9.69051742553711,2.913734674453736,0.9435644149780272,0.1013427227735519
2062193961.0,-0.647166907787323,0.4589678943157196,10.00383186340332,2.856870651245117,1.2547260522842407,0.1199898868799209
2062202294.0,-0.6754518151283264,0.2740203738212585,9.956902503967283,2.564894199371338,1.1883339881896973,0.1628681123256683
2062210627.0,-0.7095358967781067,0.3542479872703552,9.860142707824709,2.592865228652954,1.029833197593689,0.1102052554488182
2062218960.0,-0.7224506735801697,0.6330033540725708,9.840543746948242,2.9488003253936768,0.8775052428245544,0.0765225291252136
2062227293.0,-0.6535057425498962,0.6441740393638611,10.095836639404297,3.1402156352996826,0.4105065166950226,0.0374864302575588
2062235626.0,-0.566311240196228,0.414767861366272,10.020709037780762,2.471018075942993,-0.0395483784377574,0.1022904515266418
2062243959.0,-0.5979299545288086,0.298453688621521,9.701379776000977,2.1127519607543945,0.127802237868309,0.1232172846794128
2062252292.0,-0.6328297853469849,0.4517341256141662,9.499245643615724,2.502062559127808,0.7351669669151306,0.0797755271196365
2062260625.0,-0.6733605861663818,0.5637689232826233,9.78391933441162,3.1858599185943604,1.233158826828003,0.0928131714463234
2062268958.0,-0.6464135646820068,0.4775059819221496,10.121615409851074,3.0100443363189697,1.276344656944275,-0.0141646731644868
2062277291.0,-0.6899721026420593,0.3818602561950683,9.955060958862305,2.4186882972717285,0.9108806848526,0.1177102178335189
2062285624.0,-0.7332887649536133,0.4530791044235229,9.784756660461426,2.4611053466796875,0.8343453407287598,0.0389976762235164
2062293957.0,-0.7096865773200989,0.5489902496337891,9.816285133361816,2.8042593002319336,0.5517434477806091,0.1275460869073867
2062302290.0,-0.6230189204216003,0.4342381358146667,10.04350471496582,2.914733648300171,0.1690923869609832,-0.0075818141922354
2062310623.0,-0.5285099148750305,0.3041211068630218,9.949312210083008,2.569120407104492,-0.0238212365657091,-0.0542765632271766
2062318956.0,-0.5731501579284668,0.3977226018905639,9.657757759094238,2.5589518547058105,0.1288524121046066,-0.0417768210172653
2062327289.0,-0.6105595231056213,0.5864195823669434,9.619778633117676,2.8170924186706543,0.7128826379776001,0.116070918738842
2062335622.0,-0.6697170734405518,0.5184327363967896,9.87106227874756,2.917089939117432,1.1335196495056152,0.0613589063286781
2062343955.0,-0.6446558833122253,0.304122120141983,10.04716968536377,2.622372627258301,1.201371669769287,0.0943500325083732
2062352288.0,-0.6843799352645874,0.313792884349823,9.869608879089355,2.469839811325073,1.0052177906036377,0.1286731213331222
2062360621.0,-0.6968318223953247,0.5538324117660522,9.862319946289062,2.873673915863037,0.6150874495506287,0.0309548005461692
2062368954.0,-0.6523286700248718,0.6656373143196106,10.040193557739258,3.0728759765625,0.371572881937027,0.0138188796117901
2062377287.0,-0.5730278491973877,0.4931263029575348,10.05675220489502,2.767502546310425,0.0269077531993389,0.0335162244737148
2062385620.0,-0.5179924368858337,0.3161391317844391,9.785144805908203,2.207882881164551,0.0453756116330623,0.1364854276180267
2062393953.0,-0.6109703779220581,0.4152507781982422,9.518229484558104,2.4714789390563965,0.5340951681137085,0.0294435620307922
2062402286.0,-0.6440165638923645,0.5779168605804443,9.704519271850586,3.0290238857269287,1.3002938032150269,0.0891759619116783
2062410619.0,-0.6528395414352417,0.5309657454490662,10.070155143737791,3.095595121383667,1.403544783592224,0.0434801615774631
2062418952.0,-0.6665144562721252,0.3750116229057312,10.079668045043944,2.568070411682129,1.1714799404144287,0.0489616096019744
2062427285.0,-0.7243907451629639,0.4259396195411682,9.808619499206545,2.3185622692108154,0.9048612117767334,-0.0062242592684924
2062435618.0,-0.7483518123626709,0.5507461428642273,9.853010177612305,2.617915630340576,0.6912897825241089,0.0529318153858184
2062443951.0,-0.6532831788063049,0.5217052102088928,10.013067245483398,2.811431169509888,0.2418367713689804,0.1159940659999847
2062452284.0,-0.5748330354690552,0.3411442339420318,10.022576332092283,2.6172494888305664,-0.0196205042302608,0.0281884651631116
2062460617.0,-0.5525752902030945,0.4198264479637146,9.685847282409668,2.3455593585968018,0.0581571198999881,0.0731158256530761
2062468950.0,-0.6227314472198486,0.5544212460517883,9.57501983642578,2.743220567703247,0.5443665385246277,0.1074901446700096
2062477283.0,-0.6338241696357727,0.5661038756370544,9.804311752319336,2.9194207191467285,1.1551380157470703,0.022476490586996
2062485616.0,-0.6720376014709473,0.3786145448684692,10.025440216064451,2.726186990737915,1.2451719045639038,0.0581315085291862
2062493949.0,-0.7066737413406372,0.3087978959083557,9.913018226623535,2.511027574539185,1.162899136543274,0.021118938922882
2062502282.0,-0.7183358073234558,0.5175108909606934,9.810319900512695,2.7716522216796875,0.8566808700561523,0.1369208842515945
2062510615.0,-0.7178820371627808,0.6473768353462219,9.974629402160645,3.2150347232818604,0.5044339895248413,0.036487478762865
2062518948.0,-0.6018452644348145,0.5283023715019226,10.087592124938965,2.874442338943481,0.024628086015582,0.0049563539214432
2062527281.0,-0.5360453724861145,0.3235009908676147,9.835423469543455,2.301912784576416,0.0349762365221977,0.0381011739373207
2062535614.0,-0.5717558860778809,0.3852540552616119,9.530214309692385,2.327065944671631,0.4212132692337036,0.0122564109042286
2062543947.0,-0.6596534848213196,0.6001875400543213,9.647188186645508,2.962913990020752,0.8854456543922424,0.0982690081000328
2062552280.0,-0.6490628719329834,0.5588640570640564,10.013035774230955,3.182300090789795,1.1977089643478394,-0.0148050291463732
2062560613.0,-0.6378642320632935,0.4054054319858551,10.081403732299805,2.597424030303955,1.1805216073989868,0.1094624102115631
2062568946.0,-0.6959251165390015,0.3918138146400451,9.813016891479492,2.262620687484741,0.918949007987976,0.1794917434453964
2062577279.0,-0.7473398447036743,0.5028036236763,9.77950382232666,2.5205302238464355,0.6369363069534302,0.0609234534204006
2062585612.0,-0.6752172112464905,0.5172879099845886,10.02793025970459,2.9177050590515137,0.4457517564296722,0.0508826784789562
2062593945.0,-0.5991102457046509,0.346657931804657,10.07380199432373,2.6937854290008545,0.0460415892302989,0.1134070381522178
2062602278.0,-0.5457384586334229,0.3421163558959961,9.816068649291992,2.4966068267822266,0.0095669170841574,0.0458878986537456
2062610611.0,-0.5911256670951843,0.5142515897750854,9.554012298583984,2.647653818130493,0.4271558225154876,0.1009072810411453
2062618944.0,-0.6278990507125854,0.5270692706108093,9.756053924560549,2.921008825302124,1.1485037803649902,0.030237603932619
2062627277.0,-0.6412037014961243,0.3918185532093048,9.994026184082031,2.8522348403930664,1.2750126123428345,0.0715533718466758
2062635610.0,-0.6718175411224365,0.2375589907169342,9.950594902038574,2.4915096759796143,1.2198909521102903,0.0829773247241973
2062643943.0,-0.7013518810272217,0.4174420535564422,9.899389266967772,2.701956033706665,0.8704612851142883,0.027087053284049
2062652276.0,-0.7069132328033447,0.6538708806037903,9.963123321533203,3.121260643005371,0.6248720288276672,0.0906871929764747
2062660609.0,-0.6168684363365173,0.5337649583816528,10.146998405456545,2.968702793121338,0.2677071988582611,0.1390468776226043
2062668942.0,-0.5575180649757385,0.3263280689716339,9.976896286010742,2.27660608291626,0.0522658452391624,0.0530855022370815
2062677275.0,-0.5752740502357483,0.3046857714653015,9.59894847869873,2.2469701766967773,0.2713187932968139,0.0548016540706157
2062685608.0,-0.6195982694625854,0.5157737731933594,9.62617301940918,2.9009785652160645,0.785780668258667,0.0433520935475826
2062693941.0,-0.6375410556793213,0.6090478301048279,9.918933868408203,3.298332452774048,1.3308005332946775,0.0695298537611961
2062702274.0,-0.6443372368812561,0.4192335605621338,10.14353370666504,2.8164258003234863,1.176807522773743,0.0836688950657844
2062710607.0,-0.7190031409263611,0.3802957236766815,9.900979042053224,2.372787475585937,1.0846219062805176,0.1053385436534881
2062718940.0,-0.8010056614875793,0.4888530969619751,9.719923973083496,2.4346461296081543,0.9829078912734984,0.0360264219343662
2062727273.0,-0.7197546362876892,0.5427054762840271,10.015064239501951,3.002282857894897,0.6637032628059387,-0.0670836865901947
2062735606.0,-0.6429102420806885,0.4356643259525299,10.04914093017578,2.9093034267425537,0.249802827835083,-0.0059168888255953
2062743939.0,-0.5540526509284973,0.3473627269268036,9.860310554504396,2.4903059005737305,-0.0315823554992675,0.0139725664630532
2062752272.0,-0.5931813716888428,0.4788190126419067,9.605918884277344,2.5823888778686523,0.2668618857860565,0.0776239335536956
2062760605.0,-0.6620179414749146,0.6037617921829224,9.603859901428224,2.8870959281921387,0.7141376733779907,0.0853850543498992
2062768938.0,-0.6488692164421082,0.4373837113380432,9.926996231079102,2.7791318893432617,1.1332122087478638,0.0402015447616577
2062777271.0,-0.6768068671226501,0.291476309299469,9.925348281860352,2.5453505516052246,1.2420214414596558,0.11297158151865
2062785604.0,-0.7166460156440735,0.4064361453056335,9.81002712249756,2.658104419708252,1.0193824768066406,0.0911482498049736
2062793937.0,-0.7303071618080139,0.6155747175216675,9.906695365905762,2.976694345474243,0.7808884382247925,0.0441205203533172
2062802270.0,-0.673583447933197,0.6613993644714355,10.05709457397461,3.1046628952026367,0.1557217538356781,0.0677880644798278
2062810603.0,-0.5531432032585144,0.3639343082904815,10.03585147857666,2.449271440505981,-0.0628061071038246,0.0135883511975407
2062818936.0,-0.5679883360862732,0.3501820266246795,9.666655540466309,2.1842153072357178,0.1028283387422561,0.1248821914196014
2062827269.0,-0.5918521881103516,0.5023893117904663,9.493505477905272,2.689430952072144,0.5126305222511292,0.126111701130867
2062835602.0,-0.608762264251709,0.6104422807693481,9.879237174987791,3.359832286834717,1.0821118354797363,0.0931461751461029
2062843935.0,-0.6183121800422668,0.5497061610221863,10.116085052490234,2.9644503593444824,1.1735035181045532,0.1260604560375213
2062852268.0,-0.6484749913215637,0.367761492729187,10.01013469696045,2.3266820907592773,1.1589288711547852,0.1252151876688003
2062860601.0,-0.7136192321777344,0.4859723448753357,9.739641189575195,2.374068260192871,0.9119052886962892,0.0878952518105506
2062868934.0,-0.7161211967468262,0.5585261583328247,9.85409450531006,2.8449602127075195,0.6532270312309265,0.0701189711689949
2062877267.0,-0.6237237453460693,0.4797120094299316,10.152402877807615,2.8216257095336914,0.3525927364826202,-0.014881869778037
2062885600.0,-0.5387966632843018,0.3652208149433136,9.94565200805664,2.582798719406128,-0.0883435010910034,0.0771116539835929
2062893933.0,-0.5454728603363037,0.4554474353790283,9.69502067565918,2.564253807067871,0.1802345812320709,0.1306197941303253
2062902266.0,-0.5848057270050049,0.6036935448646545,9.666780471801758,2.6801328659057617,0.7696694135665894,0.0663024485111236
2062910599.0,-0.6275071501731873,0.5110152363777161,9.854131698608398,2.8392226696014404,1.2742440700531006,0.0336186811327934
2062918932.0,-0.6320891380310059,0.2768876254558563,10.028618812561035,2.539766550064087,1.2886136770248413,0.1116396337747573
2062927265.0,-0.6870104074478149,0.3270552158355713,9.864513397216797,2.50480318069458,1.1460959911346436,0.0614101253449916
2062935598.0,-0.7104270458221436,0.5737115740776062,9.857706069946287,2.969829797744751,0.9054248332977296,0.1405325084924698
2062943931.0,-0.7038686275482178,0.6711302995681763,10.068885803222656,3.1797897815704346,0.609734058380127,0.0113855265080928
2062952264.0,-0.5805140733718872,0.4569415748119354,10.118084907531738,2.610103368759156,0.1523918807506561,0.1030844822525978
2062960597.0,-0.534693717956543,0.2766210436820984,9.803682327270508,2.152991533279419,0.0491921380162239,0.0959125012159347
2062968930.0,-0.6052738428115845,0.4054192900657654,9.505046844482422,2.455214500427246,0.3859937489032745,-0.0023565096780657
2062977263.0,-0.6205260753631592,0.5808281302452087,9.735193252563477,3.1636271476745605,1.088438630104065,0.0200687535107135
2062985596.0,-0.6517684459686279,0.5296217799186707,10.073515892028809,3.158094644546509,1.2468113899230957,-0.0801213383674621
2062993929.0,-0.6436798572540283,0.3843123316764831,10.018200874328612,2.507544040679932,1.1972222328186035,0.1393286287784576
2063002262.0,-0.7405130863189697,0.3627882897853851,9.821037292480469,2.3286798000335693,1.058854103088379,0.1705523878335952
2063010595.0,-0.7686998844146729,0.4915253818035126,9.752448081970217,2.6328229904174805,0.7950530052185059,-0.0030737081542611
2063018928.0,-0.6869456768035889,0.4867276549339294,10.043194770812988,3.0895252227783203,0.5184962153434753,0.1067473217844963
2063027261.0,-0.5687126517295837,0.3167218863964081,10.079051971435549,2.635845899581909,-0.0040726633742451,0.0151764350011944
2063035594.0,-0.546785295009613,0.3593185544013977,9.705235481262209,2.4800596237182617,-0.0577600970864295,0.228209987282753
2063043927.0,-0.6187199950218201,0.5189346671104431,9.557987213134766,2.709768533706665,0.5395510792732239,0.1737798005342483
2063052260.0,-0.6555493474006653,0.54210364818573,9.727965354919434,2.889913320541382,0.9638252854347228,0.1214242726564407
2063060593.0,-0.6548547744750977,0.3448721468448639,10.021845817565918,2.7321043014526367,1.366071343421936,0.0818759053945541
2063068926.0,-0.6828546524047852,0.2506733536720276,9.915364265441896,2.486949920654297,1.2860267162322998,0.0075946203432977
2063077259.0,-0.7529615759849548,0.4554100334644317,9.775299072265623,2.846804618835449,0.978809654712677,0.0801597535610199
2063085592.0,-0.7148950099945068,0.6694521307945251,9.949196815490724,3.278404474258423,0.5993602871894836,-0.0079916408285498
2063093925.0,-0.6080339550971985,0.5537208318710327,10.140494346618652,2.978589534759521,0.2116376012563705,-0.0477193221449852
2063102258.0,-0.5569152235984802,0.310352474451065,9.91973876953125,2.348914861679077,-0.0607825741171836,0.149138867855072
2063110591.0,-0.6043058633804321,0.2976881861686706,9.568902015686035,2.265079498291016,0.2489063143730163,0.1449893712997436
2063118924.0,-0.6494648456573486,0.5563754439353943,9.624079704284668,2.903284311294556,0.7931320071220398,0.0557493865489959
2063127257.0,-0.6383609771728516,0.5756828784942627,9.97099781036377,3.2615504264831543,1.3364355564117432,0.0241670329123735
2063135590.0,-0.631546676158905,0.4553519189357757,10.125044822692873,2.951823234558105,1.2173551321029663,0.0717070549726486
2063143923.0,-0.6938116550445557,0.3812682926654815,9.940082550048828,2.2827279567718506,0.9487897157669068,0.0825931057333946
2063152256.0,-0.7266550660133362,0.4772883355617523,9.758967399597168,2.555391550064087,0.7173651456832886,0.0586950182914733
2063160589.0,-0.6703718304634094,0.5461503863334656,9.936274528503418,2.979665756225586,0.516216516494751,0.1572073698043823
2063168922.0,-0.5953471660614014,0.4324188828468323,10.121241569519045,2.8622243404388428,0.1623814553022384,0.0698884427547454
2063177255.0,-0.5229700207710266,0.3661737740039825,9.889667510986328,2.458082914352417,0.0137164238840341,-0.0897266641259193
2063185588.0,-0.594124436378479,0.4707182347774505,9.519553184509276,2.572629928588867,0.3398624658584595,0.0536490194499492
2063193921.0,-0.6458405256271362,0.6032146215438843,9.687026023864746,2.908073902130127,0.848638117313385,0.1348973661661148
2063202254.0,-0.6525641679763794,0.4723203778266907,9.978631973266602,3.0389881134033203,1.272425651550293,0.0973212867975235
2063210587.0,-0.6726449728012085,0.2776446640491485,9.989084243774414,2.5488595962524414,1.14320170879364,0.0086960336193442
2063218920.0,-0.7032298445701599,0.3660679459571838,9.84302806854248,2.6743693351745605,0.9836506843566896,0.1517259180545807
2063227253.0,-0.7259388566017151,0.6445786356925964,9.867093086242676,3.0345823764801025,0.5786640048027039,0.1179151162505149
2063235586.0,-0.6636821627616882,0.655060887336731,10.035270690917969,3.1467983722686768,0.2448080629110336,-0.0731030255556106
2063243919.0,-0.5733503699302673,0.4420340657234192,10.026620864868164,2.6564908027648926,0.039100132882595,0.0547504238784313
2063252252.0,-0.5784664750099182,0.303909420967102,9.701746940612791,2.1367523670196533,0.0766505971550941,0.0167645178735256
2063260585.0,-0.6060521006584167,0.4741499722003937,9.483686447143556,2.534822940826416,0.700843870639801,0.0504984632134437
2063268918.0,-0.6588647961616516,0.641762912273407,9.782828330993652,3.2915191650390625,1.193508267402649,0.1193239241838455
2063277251.0,-0.6603724360466003,0.5787048935890198,10.173376083374023,3.135477066040039,1.2718621492385864,0.0661487653851509
2063285584.0,-0.686647891998291,0.4144697785377502,10.024858474731444,2.4196102619171143,1.054679036140442,0.0979616418480873
2063293917.0,-0.7256412506103516,0.4318730235099792,9.728981971740724,2.228989124298096,0.8931555151939392,0.0742684751749038
2063302250.0,-0.7579882144927979,0.5561774969100952,9.808428764343262,2.760458946228028,0.5480550527572632,0.1458346545696258
2063310583.0,-0.6587878465652466,0.512843668460846,10.062864303588867,2.969240427017212,0.3846873939037323,-0.0079147992655634
2063318916.0,-0.5480065941810608,0.3892156481742859,10.029438972473145,2.5976548194885254,0.0566971153020858,0.0018314179033041
2063327249.0,-0.5301510691642761,0.4267495572566986,9.70610809326172,2.372121572494507,0.1615361720323562,0.0785972848534584
2063335582.0,-0.6219461560249329,0.5652826428413391,9.615274429321287,2.4772937297821045,0.7469239234924316,0.0975262075662612
2063343915.0,-0.6654556393623352,0.5610319375991821,9.790582656860352,2.826902389526367,1.233722448348999,0.0940170511603355
2063352248.0,-0.6628868579864502,0.3516629636287689,10.045811653137209,2.825723886489868,1.31689190864563,0.0728084668517112
2063360581.0,-0.6857445240020752,0.2831245064735412,9.999330520629885,2.492841482162476,1.0386955738067627,0.1114603504538536
2063368914.0,-0.7099264860153198,0.4984320998191833,9.83426570892334,2.640814781188965,0.6305328011512756,0.0551858618855476
2063377247.0,-0.6876376271247864,0.6849575042724609,9.965631484985352,3.072747707366944,0.4506953060626983,0.0588230900466442
2063385580.0,-0.6033497452735901,0.5255388617515564,10.090832710266112,2.72990083694458,-0.0384469665586948,-0.0068133864551782
2063393913.0,-0.5291703343391418,0.2907474935054779,9.88669776916504,2.100226402282715,0.1204509511590004,-0.0019210675964131
2063402246.0,-0.5758517384529114,0.3215513527393341,9.507684707641602,2.256626844406128,0.4254140555858612,0.0651498138904571
2063410579.0,-0.6464730501174927,0.5453469753265381,9.647926330566406,2.9053330421447754,0.9790400862693788,0.0387927591800689
2063418912.0,-0.6482428312301636,0.5979171395301819,10.045427322387695,3.301841735839844,1.352086067199707,-0.0061218026094138
2063427245.0,-0.6503786444664001,0.4454227387905121,10.136918067932127,2.7157108783721924,1.200116515159607,0.0394587256014347
2063435578.0,-0.6947855949401855,0.3514057695865631,9.914796829223633,2.212980270385742,0.9910531044006348,0.1099234819412231
2063443911.0,-0.7284992337226868,0.4613408148288727,9.752359390258787,2.3953025341033936,0.7109359502792358,0.0271638948470354
2063452244.0,-0.6923582553863525,0.4942277669906616,9.913655281066896,2.966013193130493,0.3445242643356323,0.1503683775663375
2063460577.0,-0.5930121541023254,0.3961158990859985,10.096360206604004,3.014577627182007,0.2585885226726532,-0.0212598126381635
2063468910.0,-0.4926201403141022,0.3472426831722259,9.883272171020508,2.506109476089477,0.1503939777612686,-0.0080940974876284
2063477243.0,-0.5520095229148865,0.4664053320884704,9.543845176696776,2.5147416591644287,0.3420653343200683,0.1262653768062591
2063485576.0,-0.6371216177940369,0.5779260396957397,9.644851684570312,2.917166948318481,1.0101101398468018,0.0808001086115837
2063493909.0,-0.6581573486328125,0.413576602935791,9.969481468200684,2.8234188556671143,1.370425581932068,0.0907896533608436
2063502242.0,-0.6691168546676636,0.2542483508586883,10.015647888183594,2.4854390621185303,1.2714776992797852,0.0172511879354715
2063510575.0,-0.7198336720466614,0.358313649892807,9.815988540649414,2.616558074951172,1.0187933444976809,0.1601530015468597
2063518908.0,-0.757996678352356,0.636051595211029,9.91661548614502,3.0082767009735107,0.6578376293182373,0.055979911237955
2063527241.0,-0.6855316162109375,0.6460963487625122,10.077573776245115,3.109837055206299,0.3582535088062286,-0.0301735680550336
2063535574.0,-0.5759985446929932,0.4021770656108856,9.956050872802734,2.4974265098571777,0.1026234403252601,0.0409955866634845
2063543907.0,-0.3791808784008026,0.4297879934310913,9.094218254089355,2.160214900970459,0.4891678690910339,0.1181712672114372
2063552240.0,-0.5139527320861816,0.7625502943992615,7.40054178237915,3.774756908416748,3.834796905517578,0.9273504614830016
2063560573.0,-0.8825482130050659,0.3023368418216705,12.240039825439451,2.0276358127593994,3.888484477996826,0.4275400042533874
2063568906.0,-0.7564364671707153,0.7358651161193848,12.474258422851562,-2.055311679840088,1.637325882911682,-0.5655879378318787
2063577239.0,-1.054001808166504,0.1185048073530197,9.932624816894531,-0.8734710216522217,-1.395258545875549,-0.4364153146743774
2063585572.0,-0.8759584426879883,0.4042396545410156,8.701003074645996,4.208303928375244,-3.845977544784546,-0.1567591279745102
2063593905.0,-0.7886286973953247,0.5126746892929077,9.823372840881348,5.754096984863281,-6.080691337585449,-0.1425944417715072
2063602238.0,-0.1885743886232376,0.7064962983131409,9.530452728271484,4.260351657867432,-4.36804723739624,-0.0029456373304128
2063610571.0,-0.3953397274017334,-0.0696308240294456,8.489623069763184,5.053957939147949,-1.8871031999588013,-0.0117569342255592
2063618904.0,-0.4805271625518799,-0.1146492138504982,7.6000542640686035,7.664894580841064,0.3109953105449676,-0.1139577478170394
2063627237.0,-0.6608320474624634,-0.1849881112575531,7.385630130767822,14.545392990112305,2.921803951263428,-0.3336255252361297
2063635570.0,-0.4315433204174042,0.303983062505722,9.359822273254396,21.15581703186035,4.98902702331543,-0.002330896211788
2063643903.0,-0.3938080072402954,-0.0985917747020721,10.36509609222412,25.725505828857425,6.41950798034668,0.3639400899410248
2063652236.0,-0.0347326099872589,0.6736845374107361,9.85925006866455,26.92637634277344,9.424110412597656,0.7010236382484436
2063660569.0,-0.4705027937889099,0.9347561597824096,11.69155979156494,24.562650680541992,13.6629638671875,1.8455711603164675
2063668902.0,-0.5442524552345276,1.21470308303833,10.35202693939209,19.28436851501465,16.231584548950195,2.4289357662200928
2063677235.0,-0.6295568943023682,0.9527645111083984,10.393111228942873,12.85721206665039,17.161659240722656,1.6537965536117554
2063685568.0,-0.9708908200263976,0.6631513237953186,10.452847480773926,4.674483299255371,15.286128997802734,0.3860962390899658
2063693901.0,-1.2581641674041748,1.0022461414337158,11.616538047790527,-4.066106796264648,11.144486427307127,-0.7583863139152527
2063702234.0,-1.3101364374160769,1.6985156536102295,12.468099594116213,-12.074295997619627,4.645539283752441,-0.7574642300605774
2063710567.0,-1.0823975801467896,1.734980225563049,12.393385887145996,-18.083446502685547,-2.433378219604492,0.8105497360229492
2063718900.0,-1.3964635133743286,1.12495219707489,12.076587677001951,-21.67920684814453,-9.300762176513672,1.265279769897461
2063727233.0,-1.4791663885116575,0.7892956733703613,11.818769454956056,-24.067407608032227,-15.909653663635254,-0.1727425158023834
2063735566.0,-1.3306498527526855,0.8369640111923218,12.024046897888184,-26.034950256347656,-20.795499801635746,-0.8801828026771545
2063743899.0,-1.2871540784835815,0.7500373721122742,12.183256149291992,-24.75454902648925,-24.344078063964844,-0.8339236378669739
2063752232.0,-1.365915060043335,-0.1374895572662353,10.558582305908203,-19.89090919494629,-26.292552947998047,-1.3516134023666382
2063760565.0,-1.0988043546676636,-0.2853122353553772,8.821269989013672,-12.365843772888184,-23.59413146972656,-2.5280494689941406
2063768898.0,-1.153575778007507,-0.3104073703289032,6.700545310974121,-6.041632175445557,-18.82657241821289,-3.684557914733887
2063777231.0,0.1139081642031669,0.2935719192028045,5.301841735839844,-0.8219610452651978,-13.254115104675291,-4.12122917175293
2063785564.0,1.4131076335906982,0.8347938060760498,4.855124473571777,3.9559268951416016,-8.296708106994629,-2.8631591796875
2063793897.0,1.2771172523498535,0.7784736156463623,5.055417537689209,8.40578556060791,-2.726148843765259,-0.4315486848354339
2063802230.0,-0.0050286874175071,-0.2220980674028396,5.040976047515869,12.242592811584473,5.681455612182617,0.8581665754318237
2063810563.0,-0.3166922628879547,-0.5021079182624817,5.925877094268799,16.62483787536621,15.846163749694824,0.0536746568977832
2063818896.0,0.0491554513573646,-0.0863824486732482,8.132523536682129,20.77883529663086,24.572052001953125,-0.3266330063343048
2063827229.0,-0.2852903604507446,-0.0148201826959848,12.109103202819824,22.06629180908203,28.70271873474121,-0.1410065293312072
2063835562.0,-0.8127593398094177,0.0553344637155532,13.845556259155272,20.61570167541504,26.353578567504883,-0.1496129035949707
2063843895.0,-0.8662304282188416,0.4321306943893432,12.535687446594238,20.151744842529297,21.515140533447266,-0.355295330286026
2063852228.0,-0.7588900327682495,0.6617178916931152,11.570162773132324,20.86166381835937,16.669790267944336,0.278721421957016
2063860561.0,-0.696479320526123,0.845527172088623,11.278149604797363,18.894258499145508,12.696737289428713,1.7188568115234375
2063868894.0,-0.9172062873840332,0.8693045973777771,11.079385757446287,13.56821060180664,8.878113746643066,2.939836263656616
2063877227.0,-0.9378857612609864,0.895104169845581,11.080052375793455,6.621728897094727,5.656072616577148,3.7377195358276367
2063885560.0,-1.3276910781860352,0.6853336095809937,11.559332847595217,-0.659233570098877,2.132193088531494,2.6470649242401123
2063893893.0,-1.3001422882080078,0.6744199991226196,11.34530544281006,-7.107719421386719,-1.973039150238037,0.5133476853370667
2063902226.0,-0.810976505279541,0.8166688084602356,10.76016616821289,-10.92716121673584,-5.289672374725342,-0.2648255527019501
2063910559.0,-0.8183765411376953,0.7960529327392578,10.599570274353027,-12.073321342468262,-7.865542411804199,0.1415570676326751
2063918892.0,-1.0822292566299438,0.7000398635864258,10.936138153076172,-12.262176513671877,-10.87370491027832,0.1438367515802383
2063927225.0,-0.9933127760887146,0.6235142350196838,10.835532188415527,-12.133670806884766,-13.069436073303224,-0.2904399037361145
2063935558.0,-0.7424694895744324,0.5094546675682068,10.586873054504396,-11.03753662109375,-14.33314037322998,-0.2139813899993896
2063943891.0,-0.761152446269989,0.2646816372871399,9.48407745361328,-8.613556861877441,-14.658544540405272,-0.2184894979000091
2063952224.0,-0.6941325068473816,0.1474141627550125,7.809257984161377,-4.087264537811279,-13.014570236206056,-0.3961242139339447
2063960557.0,-0.3382260203361511,0.2820243537425995,6.961877346038818,1.483717441558838,-8.687605857849121,-0.5586465001106262
2063968890.0,0.0150202838703989,0.3081084489822387,7.350964069366455,5.481715202331543,-3.3383285999298096,-0.3878507614135742
2063977223.0,-0.0682160183787345,0.237182542681694,7.918113231658935,7.160984992980957,2.126199245452881,-0.0177506655454635
2063985556.0,-0.441881775856018,0.2183747589588165,8.517870903015137,7.574987888336182,6.741858959197998,-0.0711819678544998
2063993889.0,-0.6537002921104431,0.3510404825210571,9.477139472961426,8.241496086120605,9.142399787902832,-0.3038104474544525
2064002222.0,-0.8531892895698547,0.2249922305345535,10.77171802520752,9.32080364227295,8.836234092712402,-0.403142511844635
2064010555.0,-0.847248911857605,0.1304215937852859,10.937098503112791,10.335253715515137,5.311098575592041,-0.4550880789756775
2064018888.0,-0.7518664002418518,0.2301016896963119,9.923120498657228,12.48500919342041,2.7758023738861084,-0.3170530498027801
2064027221.0,-0.6305944919586182,0.4961926341056824,9.525712966918944,15.15226936340332,2.025791645050049,0.2010077387094497
2064035554.0,-0.3393652737140655,0.4509126543998718,9.645153045654297,17.299102783203125,3.540669202804565,0.810396134853363
2064043887.0,-0.194385752081871,0.6008722186088562,9.556419372558594,17.557294845581055,6.349271297454834,1.161798119544983
2064052220.0,-0.2807949185371399,0.4952015280723572,9.52114486694336,16.53451919555664,9.851889610290527,1.415148377418518
2064060553.0,-0.4927093684673309,0.7840988636016846,9.579068183898926,14.235027313232422,13.382122993469238,1.2065460681915283
2064068886.0,-0.609076738357544,0.9267608523368835,10.864937782287598,10.009522438049316,15.427319526672363,1.047327995300293
2064077219.0,-0.7441065311431885,0.702925980091095,11.189312934875488,4.144832611083984,14.699692726135254,0.8031729459762573
2064085552.0,-1.171372413635254,0.7636454105377197,11.359004020690918,-0.856796145439148,11.279881477355955,0.4304600059986114
2064093885.0,-1.3672653436660769,1.034138560295105,11.513556480407717,-4.576367378234863,5.194451332092285,0.189532533288002
2064102218.0,-1.227006912231445,1.1083930730819702,10.98818302154541,-5.864917278289795,-1.6401309967041016,0.3992875516414642
2064110551.0,-1.106628656387329,0.7270196080207825,10.764427185058594,-5.143646240234375,-7.708450794219971,0.5878339409828186
2064118884.0,-0.9027352333068848,0.5775442123413086,10.583706855773926,-4.213747501373291,-11.914233207702637,0.2317960560321808
2064127217.0,-0.6865511536598206,0.6938231587409973,9.82971477508545,-3.51122522354126,-12.783221244812012,0.1994708776473999
2064135550.0,-0.6560352444648743,0.814836859703064,9.493042945861816,-2.9848015308380127,-10.507088661193848,0.227262333035469
2064143883.0,-0.4490034282207489,0.8196752071380615,9.501066207885742,-4.325501441955566,-7.924839973449707,-0.0722065418958664
2064152216.0,-0.3908527791500091,0.7273065447807312,8.966535568237305,-4.439843654632568,-4.182702541351318,-0.0316079668700695
2064160549.0,-0.5392752885818481,0.6012187004089355,8.2737455368042,-3.711451530456543,-0.6479889154434204,-0.0082477834075689
2064168882.0,-0.6745386123657227,0.540775716304779,9.07614517211914,-2.3330981731414795,2.108960628509521,0.0283165369182825
2064177215.0,-0.6256001591682434,0.5689774751663208,9.826817512512209,-1.16847026348114,3.007431507110596,-0.2696923017501831
2064185548.0,-0.6059157252311707,0.4633537828922272,10.121755599975586,0.7840389013290405,2.6825404167175293,-0.2090377658605575
2064193881.0,-0.6810019016265869,0.4411399364471435,10.07441520690918,2.658129930496216,1.3423011302947998,-0.1242034286260604
2064202214.0,-0.7267892956733704,0.6084718704223633,9.999340057373049,3.5030670166015625,0.1358194947242736,-0.1398025006055832
2064210547.0,-0.7258866429328918,0.5691657066345215,9.963034629821776,3.1359379291534424,-0.6627171039581299,-0.1257146596908569
2064218880.0,-0.6277271509170532,0.4277974367141723,9.860004425048828,2.139979600906372,-0.675216794013977,-0.2278129905462265
2064227213.0,-0.5963183641433716,0.3464980125427246,9.743021965026855,1.219711422920227,-0.2326797097921371,-0.208704799413681
2064235546.0,-0.6500574946403503,0.4694339334964752,9.710535049438477,1.2694542407989502,0.3298985362052917,-0.1113706901669502
2064243879.0,-0.6716001033782959,0.5286175012588501,9.809353828430176,2.0137267112731934,0.8229981064796448,-0.0012038688873872
2064252212.0,-0.5497209429740906,0.430126428604126,9.975692749023438,2.685742139816284,0.8963829278945923,0.1073108315467834
2064260545.0,-0.5596780180931091,0.26931893825531,9.935232162475586,2.8294382095336914,0.6741794943809509,0.0458622872829437
2064268878.0,-0.6093421578407288,0.2820162177085876,9.727121353149414,2.593095541000366,0.4721856713294983,0.0278298649936914
2064277211.0,-0.6812391877174377,0.4748735725879669,9.682271003723145,2.4885380268096924,0.7962312698364258,0.0785204395651817
2064285544.0,-0.6147472858428955,0.4829307198524475,9.944087028503418,2.4530625343322754,0.8046071529388428,0.0639203265309333
2064293877.0,-0.634128212928772,0.3734984099864959,10.029181480407717,2.289182662963867,0.6450816988945007,0.1045188903808593
2064302210.0,-0.7207093834877014,0.3564581274986267,9.865385055541992,2.1967921257019043,0.83022141456604,0.1155586242675781
2064310543.0,-0.7906079888343811,0.3978756666183471,9.64779281616211,2.6593339443206787,0.922355890274048,0.1773145347833633
2064318876.0,-0.7241281270980835,0.4441481530666351,9.88874340057373,2.845396041870117,0.9396966695785522,0.2465242147445678
2064327209.0,-0.6427768468856812,0.3640303909778595,10.071335792541504,2.681976795196533,0.7250749468803406,0.2468827962875366
2064335542.0,-0.6296080350875854,0.3638933897018432,9.886366844177246,2.432084321975708,0.2364577949047088,0.095169685781002
2064343875.0,-0.6468933820724487,0.487540602684021,9.730252265930176,2.513870477676392,0.2589983344078064,-0.0081709409132599
2064352208.0,-0.6967488527297974,0.512842059135437,9.716066360473633,2.708513259887696,0.4758484959602356,0.0873573571443557
2064360541.0,-0.6631371974945068,0.3518316149711609,9.878679275512695,2.680567979812622,0.7859342694282532,0.1186323314905166
2064368874.0,-0.6951085925102234,0.2731462717056274,9.828741073608398,2.5251922607421875,0.8979453444480896,0.0220410507172346
2064377207.0,-0.7619967460632324,0.4150152504444122,9.73687744140625,2.687150716781616,1.0975826978683472,0.0195820834487676
2064385540.0,-0.7780027985572815,0.6091731190681458,9.910895347595217,3.0075337886810303,1.0353403091430664,0.1103076934814453
2064393873.0,-0.7079001665115356,0.5784431099891663,10.112821578979492,2.99272894859314,0.6111940741539001,0.0345664098858833
2064402206.0,-0.6512433886528015,0.3329941928386688,9.99470329284668,2.643990993499756,0.1324384063482284,0.0122820260003209
2064410539.0,-0.6264091730117798,0.3521020412445068,9.74858570098877,2.4041647911071777,-0.0005891273031011,0.0274456515908241
2064418872.0,-0.6627345681190491,0.5111730694770813,9.648174285888672,2.6984212398529053,0.3144018948078155,0.0591304637491703
2064427205.0,-0.643317699432373,0.6090229153633118,9.91278839111328,2.917909622192383,0.6748454570770264,-0.0369613394141197
2064435538.0,-0.6257222890853882,0.5086159110069275,10.01980686187744,2.8227014541625977,0.7583478093147278,-0.2050419449806213
2064443871.0,-0.654140055179596,0.3656265139579773,9.84858226776123,2.664686918258667,0.9243535399436952,-0.1065552160143852
2064452204.0,-0.7193623781204224,0.4982905983924866,9.690126419067385,2.734229803085327,1.0154378414154053,0.0545967482030391
2064460537.0,-0.71519935131073,0.5764209628105164,9.929972648620604,2.941551685333252,0.998942255973816,-0.0536618195474147
2064468870.0,-0.6399174332618713,0.4403233826160431,10.146584510803224,2.78330659866333,0.6031255722045898,-0.0506393387913703
2064477203.0,-0.5651581883430481,0.3928173184394836,9.96112060546875,2.562819480895996,0.0791351795196533,0.0528805926442146
2064485536.0,-0.5694499611854553,0.4933516383171081,9.710152626037598,2.6794919967651367,0.0010886050295084,0.0969882905483245
2064493869.0,-0.6505611538887024,0.6358389854431152,9.712271690368652,2.9719045162200928,0.529996931552887,0.0381267890334129
2064502202.0,-0.6225973963737488,0.5572366714477539,9.876895904541016,2.9889121055603027,0.9207932949066162,0.0830541476607322
2064510535.0,-0.650047779083252,0.3238545656204223,9.891646385192873,2.6304919719696045,1.0221744775772097,0.0389720574021339
2064518868.0,-0.6489706039428711,0.3973748981952667,9.743908882141112,2.633232831954956,1.2958369255065918,0.1234990283846855
2064527201.0,-0.6933498382568359,0.7080892324447632,9.8325777053833,3.0322515964508057,1.0374919176101685,0.1434269100427627
2064535534.0,-0.6819601655006409,0.7647091746330261,10.09134006500244,3.243492364883423,0.679712176322937,0.0535465627908706
2064543867.0,-0.6209496855735779,0.5690143704414368,10.012983322143556,2.827081680297852,0.2261865139007568,0.1252664178609848
2064552200.0,-0.5874577164649963,0.3760296404361725,9.799747467041016,2.298377990722656,0.0850520655512809,0.1769047081470489
2064560533.0,-0.648029088973999,0.5038214325904846,9.552677154541016,2.329371452331543,0.3330235183238983,0.0883306935429573
2064568866.0,-0.6966561079025269,0.7185930609703064,9.733176231384276,2.8091259002685547,0.7725124955177307,0.0773677974939346
2064577199.0,-0.6757740378379822,0.6276679039001465,10.09814453125,2.944445848464966,0.8692061901092529,0.0524963699281215
2064585532.0,-0.7000901103019714,0.4813636243343353,9.968753814697266,2.501985549926758,0.8919772505760193,0.0887405201792717
2064593865.0,-0.7262942790985107,0.5258747935295105,9.746800422668455,2.5029079914093018,0.9423605799674988,0.0685308873653411
2064602198.0,-0.7368385195732117,0.6300597190856934,9.833632469177246,2.6891233921051025,0.9084216952323914,0.192529410123825
2064610531.0,-0.7021898627281189,0.5866773128509521,10.034643173217772,2.707821846008301,0.6456196308135986,0.1123824641108512
2064618864.0,-0.6067975759506226,0.4146084487438202,10.020474433898926,2.489409208297729,0.1202204152941703,0.0102585013955831
2064627197.0,-0.5819989442825317,0.4782478511333465,9.740747451782228,2.439948081970215,-0.1356273740530014,0.0503960065543651
2064635530.0,-0.6393609642982483,0.6533796191215515,9.645081520080566,2.6339502334594727,0.3473930954933166,0.1083097979426384
2064643863.0,-0.6965179443359375,0.6372353434562683,9.81164264678955,2.7581536769866943,1.0695862770080566,0.0059809237718582
2064652196.0,-0.6856954097747803,0.4085257947444916,9.91714096069336,2.5248851776123047,1.3749337196350098,0.0530855059623718
2064660529.0,-0.6871408820152283,0.288242369890213,9.895674705505373,2.294331312179565,1.179471492767334,0.0245256312191486
2064668862.0,-0.7226706743240356,0.4892900288105011,9.84418773651123,2.628084897994995,0.97076678276062,0.0285214520990848
2064677195.0,-0.729119062423706,0.6659381985664368,10.022732734680176,2.884124755859375,0.6358606219291687,0.0607441626489162
2064685528.0,-0.63272625207901,0.5325438380241394,10.16802215576172,2.839094638824463,0.0985251665115356,0.0267796851694583
2064693861.0,-0.5847219824790955,0.2756496369838714,9.931317329406738,2.348146438598633,-0.0414438284933567,-0.0245128218084573
2064702194.0,-0.584092378616333,0.3119130134582519,9.59171199798584,2.233317852020264,0.1332836747169494,-0.0389080196619033
2064710527.0,-0.6359232664108276,0.493367999792099,9.669066429138184,2.641634464263916,0.674384355545044,0.0690431669354438
2064718860.0,-0.6446707844734192,0.5337044596672058,10.008705139160156,2.929999351501465,1.0642842054367063,-0.0526884868741035
2064727193.0,-0.6435551047325134,0.3428730368614197,10.03809928894043,2.6584632396698,1.0735822916030884,0.0624603144824504
2064735526.0,-0.6901670694351196,0.311970442533493,9.756749153137209,2.422888994216919,0.9920266270637512,0.1048262640833854
2064743859.0,-0.7504058480262756,0.4521727859973907,9.742194175720217,2.7387380599975586,1.0828802585601809,0.0344639495015144
2064752192.0,-0.7206276059150696,0.5106641054153442,10.004612922668455,2.849007368087769,0.8109851479530334,-0.0079916408285498
2064760525.0,-0.6401535272598267,0.3542994856834411,10.054121971130373,2.7538249492645264,0.3154777288436889,0.0961942672729492
2064768858.0,-0.5580393075942993,0.3165448307991028,9.856841087341309,2.696218490600586,0.0311341043561697,-0.0058656600303947
2064777191.0,-0.6072661280632019,0.4752504825592041,9.675209045410156,2.75805139541626,0.2662215530872345,0.1676835864782333
2064785524.0,-0.657093346118927,0.5856594443321228,9.67083740234375,3.1226186752319336,0.7918000221252441,0.1226025372743606
2064793857.0,-0.6592074632644653,0.4434136152267456,9.978044509887695,3.042753219604492,1.2590548992156982,0.0965016260743141
2064802190.0,-0.7038764357566833,0.2776280343532562,9.938921928405762,2.5176873207092285,1.2335431575775146,0.0801853612065315
2064810523.0,-0.7020951509475708,0.4064823687076568,9.718430519104004,2.648550271987915,1.3227574825286863,0.1264958977699279
2064818856.0,-0.7543094158172607,0.6793808937072754,9.896050453186035,3.0689826011657715,1.0158478021621704,0.149830475449562
2064827189.0,-0.7160289883613586,0.6803951263427734,10.136816024780272,3.2799413204193115,0.5230042934417725,-0.0053021470084786
2064835522.0,-0.6163722276687622,0.4166823923587799,10.015342712402344,2.730285167694092,-0.0310700647532939,-0.0106042930856347
2064843855.0,-0.575858473777771,0.3613896667957306,9.633283615112305,2.3412563800811768,0.018173299729824,0.0506777614355087
2064852188.0,-0.6304094791412354,0.5471789836883545,9.534546852111816,2.635333299636841,0.5075845122337341,0.0810562521219253
2064860521.0,-0.6653669476509094,0.6723263263702393,9.900407791137695,3.055022716522217,0.9124687910079956,0.0626396089792251
2064868854.0,-0.6681628823280334,0.5370968580245972,10.048282623291016,2.895471572875977,1.1351076364517212,-0.0132937878370285
2064877187.0,-0.6782810688018799,0.4346903860569,9.89089012145996,2.672295093536377,1.1786519289016724,-0.033657107502222
2064885520.0,-0.7383662462234497,0.5038321018218994,9.773987770080566,2.5964510440826416,1.0082147121429443,-0.0589127354323864
2064893853.0,-0.7385656833648682,0.6370526552200317,9.854663848876951,2.8915011882781982,0.5937763452529907,0.0139981796965003
2064902186.0,-0.6799564957618713,0.5190984606742859,10.130800247192385,2.7185540199279785,0.473620057106018,0.0208884086459875
2064910519.0,-0.5735849142074585,0.3930887877941131,10.00831413269043,2.497938632965088,-0.0127815036103129,0.0104890298098325
2064918852.0,-0.5554366111755371,0.4996858835220337,9.685431480407717,2.507441759109497,0.0568507984280586,0.0978335738182067
2064927185.0,-0.6181617975234985,0.6244021058082581,9.671250343322754,2.849647760391236,0.5618354678153992,0.0183013714849948
2064935518.0,-0.6386665105819702,0.581375241279602,9.881643295288086,2.89880108833313,1.0737613439559937,0.0919678956270217
2064943851.0,-0.6437588334083557,0.3755508959293365,9.948400497436523,2.6029059886932373,1.275627374649048,0.0419177003204822
2064952184.0,-0.658932626247406,0.3605274856090545,9.884660720825195,2.535386562347412,1.1694306135177612,0.0547760389745235
2064960517.0,-0.6937806010246277,0.5996719598770142,9.87430191040039,2.7812318801879883,0.9103426933288574,0.1569255888462066
2064968850.0,-0.6986405849456787,0.7333412766456604,10.020129203796388,3.1997430324554443,0.70489102602005,0.0326197296380996
2064977183.0,-0.6004762053489685,0.5346219539642334,10.115376472473145,2.839837551116944,0.1601273864507675,0.0414822548627853
2064985516.0,-0.5598242282867432,0.3482846617698669,9.844762802124023,2.2870051860809326,-0.0347072854638099,0.0738586485385894
2064993849.0,-0.6036801338195801,0.4337303936481476,9.544840812683104,2.28493070602417,0.3369936645030975,0.0621785558760166
2065002182.0,-0.6761729717254639,0.6513221263885498,9.715459823608398,2.77454686164856,0.9088314771652222,0.0663536787033081
2065010515.0,-0.6801776885986328,0.6151431202888489,10.101189613342283,2.937479019165039,1.2160743474960327,0.1483960747718811
2065018848.0,-0.6668025851249695,0.4295056164264679,9.992015838623049,2.6977553367614746,1.0202021598815918,0.0498837232589721
2065027181.0,-0.6989120841026306,0.4474062025547027,9.812636375427246,2.575242280960083,1.069970726966858,0.0680954456329345
2065035514.0,-0.7191826701164246,0.5551601648330688,9.77859592437744,2.5741665363311768,0.7966923117637634,0.0904054418206214
2065043847.0,-0.6892284750938416,0.5641157627105713,10.01960277557373,2.7471909523010254,0.5180094242095947,0.1577452719211578
2065052180.0,-0.5918728709220886,0.3961747288703918,10.043583869934082,2.6094629764556885,0.1248053535819053,0.0004994775517843
2065060513.0,-0.5765198469161987,0.3764934837818146,9.780288696289062,2.4735023975372314,0.0677624568343162,0.0277786366641521
2065068846.0,-0.6371419429779053,0.5371053218841553,9.572306632995604,2.6262660026550293,0.4616069197654724,0.0569532513618469
2065077179.0,-0.6947230696678162,0.6171148419380188,9.74647045135498,2.844678401947021,1.069637656211853,0.0992167368531227
2065085512.0,-0.7128164768218994,0.3972938060760498,9.980124473571776,2.6987032890319824,1.1515520811080933,-0.0018186108209192
2065093845.0,-0.6885325312614441,0.248298779129982,9.906766891479492,2.2782199382781982,1.1415369510650637,0.1687593907117843
2065102178.0,-0.6958544254302979,0.4151272177696228,9.846101760864258,2.575319290161133,0.997200608253479,0.0429422669112682
2065110511.0,-0.7073270678520203,0.6326947212219238,9.945746421813965,3.0978238582611084,0.598028302192688,-0.009349194355309
2065118844.0,-0.646128237247467,0.5782704949378967,10.083720207214355,2.9797165393829346,0.2341012954711914,-0.0533032193779945
2065127177.0,-0.5595888495445251,0.3219197988510132,9.946477890014648,2.426090717315674,0.0754723474383354,0.0715789794921875
2065135510.0,-0.5845726132392883,0.2871071696281433,9.607304573059082,2.1804757118225098,0.0905335173010826,0.148754671216011
2065143843.0,-0.6462850570678711,0.4861293137073517,9.54098129272461,2.659590005874634,0.7377027869224548,0.0830285400152206
2065152176.0,-0.6670735478401184,0.5890740156173706,9.929176330566406,3.094648122787476,1.3374602794647217,0.1315675228834152
2065160509.0,-0.6755207777023315,0.4453802704811096,10.12562370300293,2.866322755813598,1.2195833921432495,0.1335654258728027
2065168842.0,-0.6910463571548462,0.3084360659122467,9.85207462310791,2.566994428634644,1.086107611656189,0.1371258199214935
2065177175.0,-0.737052321434021,0.4447073638439178,9.749311447143556,2.581748485565185,0.8586788773536682,0.1168137118220329
2065185508.0,-0.7335337996482849,0.5707237124443054,9.936067581176758,2.773009777069092,0.6470284461975098,0.0158936344087123
2065193841.0,-0.6521719098091125,0.4484443962574005,10.09203815460205,2.7875587940216064,0.2018786072731018,0.0988325327634811
2065202174.0,-0.531500518321991,0.3172937929630279,9.90088176727295,2.551318645477295,-0.1003053337335586,0.0303656738251447
2065210507.0,-0.5602155327796936,0.4344615638256073,9.627317428588867,2.598013401031494,0.1593077331781387,0.0742684751749038
2065218840.0,-0.6324667930603027,0.6072613596916199,9.637520790100098,2.970675230026245,0.7299160957336426,0.0524451546370983
2065227173.0,-0.664943277835846,0.546324610710144,9.908716201782228,2.9335856437683105,1.266636848449707,0.1020343154668808
2065235506.0,-0.7272939085960388,0.3471942245960235,10.018428802490234,2.6181461811065674,1.3731919527053833,0.0634592622518539
2065243839.0,-0.7286348342895508,0.3629659116268158,9.86246395111084,2.4429962635040283,1.271272897720337,0.0697859823703765
2065252172.0,-0.7694188356399536,0.600701093673706,9.857141494750977,2.9451887607574463,0.9532209038734436,0.1288523972034454
2065260505.0,-0.7435678839683533,0.7106665372848511,10.067134857177734,3.3031225204467773,0.4812787175178528,0.085513137280941
2065268838.0,-0.6355786919593811,0.4999106228351593,10.079367637634276,2.934584617614746,0.0099255153909325,-0.0693889632821083
2065277171.0,-0.5737137198448181,0.3222619295120239,9.766813278198242,2.310877799987793,-0.1290957480669021,-0.075792521238327
2065285504.0,-0.5883795619010925,0.4405405223369598,9.54816722869873,2.500807523727417,0.3570496737957001,0.1065936461091041
2065293837.0,-0.6431002616882324,0.6647502183914185,9.74050998687744,2.8835866451263428,0.9278116226196288,0.058618176728487
2065302170.0,-0.6510913968086243,0.6033040285110474,10.037687301635742,3.0808417797088623,1.1668180227279663,0.019812611863017
2065310503.0,-0.6733577251434326,0.4284511506557464,9.983868598937988,2.720654487609864,1.236924171447754,-0.0070439153350889
2065318836.0,-0.729547917842865,0.4400618076324463,9.806729316711426,2.4792401790618896,1.117382526397705,0.1514185518026352
2065327169.0,-0.7654395699501038,0.5837177634239197,9.784918785095217,2.7146096229553223,0.8701284527778625,0.0229631625115871
2065335502.0,-0.7244707942008972,0.5907151699066162,10.02102756500244,2.975029468536377,0.5464925169944763,0.0359495803713798
2065343835.0,-0.6344041228294373,0.4370726943016052,10.106823921203612,2.644810676574707,0.079698696732521,0.0012422904837876
2065352168.0,-0.5501857995986938,0.4213384687900543,9.791193008422852,2.4822371006011963,-0.0222843848168849,0.1291085630655288
2065360501.0,-0.5656603574752808,0.5828043222427368,9.581193923950195,2.684307813644409,0.3257490396499634,0.1149951070547103
2065368834.0,-0.639543354511261,0.6245355010032654,9.797226905822754,2.927284479141236,0.8219224214553833,0.0860510244965553
2065377167.0,-0.6373193264007568,0.4352973401546478,9.99754810333252,2.577112197875977,1.2016021013259888,-0.006736543495208
2065385500.0,-0.6494792699813843,0.3048459887504577,9.84600830078125,2.36912488937378,1.3189153671264648,0.0162010043859481
2065393833.0,-0.7022484540939331,0.5058116912841797,9.800787925720217,2.6917872428894043,1.2991411685943604,0.1829240471124649
2065402166.0,-0.7629328966140747,0.7189594507217407,9.968974113464355,3.0686497688293457,0.805759847164154,0.1052104830741882
2065410499.0,-0.7006931900978088,0.6260649561882019,10.077428817749023,2.916372537612915,0.4783329963684082,0.0178146995604038
2065418832.0,-0.6121091842651367,0.3557797074317932,9.926411628723145,2.372095823287964,0.1443234086036682,-0.0332985073328018
2065427165.0,-0.6097919344902039,0.3602089285850525,9.648600578308104,2.165389060974121,0.1572842001914978,0.1510087251663208
2065435498.0,-0.654696524143219,0.5527533292770386,9.64691925048828,2.560053586959839,0.583249032497406,0.0414310321211814
2065443831.0,-0.6556437015533447,0.6439793109893799,9.932782173156738,3.0640132427215576,0.9348042607307434,0.0887917429208755
2065452164.0,-0.6466268301010132,0.4860174059867859,10.04750919342041,2.8709588050842285,1.1321619749069214,0.0726803988218307
2065460497.0,-0.6983636617660522,0.3637701869010925,9.820013046264648,2.380676746368408,1.0401045083999634,0.0701445862650871
2065468830.0,-0.7291370630264282,0.4767363965511322,9.697999954223633,2.472222089767456,1.1527814865112305,0.0862815603613853
2065477163.0,-0.7466980814933777,0.5663056373596191,9.939704895019531,2.736970901489258,0.8231519460678101,0.1233709752559661
2065485496.0,-0.673554539680481,0.4445344507694244,10.15640640258789,2.615431308746338,0.2860982120037079,0.015253278426826
2065493829.0,-0.5826188921928406,0.336526095867157,9.958008766174316,2.5119752883911133,-0.1012530699372291,0.0263442397117614
2065502162.0,-0.5808402895927429,0.4243737459182739,9.67573070526123,2.5958619117736816,0.1037760823965072,0.1085147112607956
2065510495.0,-0.6648129820823669,0.6012431979179382,9.69761848449707,2.88120436668396,0.5296383500099182,0.0814660713076591
2065518828.0,-0.6722310185432434,0.4774747788906097,9.860681533813477,2.8336644172668457,1.0226610898971558,0.0555188544094562
2065527161.0,-0.6904494762420654,0.246665671467781,9.8793363571167,2.510643243789673,1.2284971475601196,0.0170975029468536
2065535494.0,-0.7168272733688354,0.3011666238307953,9.789446830749512,2.572092056274414,1.2519854307174685,0.0390489026904106
2065543827.0,-0.8104134798049927,0.5415722727775574,9.801992416381836,3.037835597991944,0.8465889096260071,0.0193003267049789
2065552160.0,-0.7353474497795105,0.4810371100902557,9.91124153137207,3.2305057048797607,0.4519759714603424,0.0596939735114574
2065560493.0,-0.6513786911964417,0.1682487279176712,9.746150016784668,2.997544527053833,0.1912743002176284,-0.0150867858901619
2065568826.0,-0.4371415674686432,0.213307648897171,9.413101196289062,2.690967559814453,0.0734232068061828,0.0487054698169231
2065577159.0,-0.5264012217521667,0.4716363549232483,9.672049522399902,3.018010139465332,0.28556028008461,0.1770071685314178
2065585492.0,-0.5458676218986511,0.6224092841148376,9.959518432617188,3.1001551151275635,0.6920838952064514,0.1797735095024109
2065593825.0,-0.4416810274124145,0.4793879687786102,9.903244018554688,3.248486995697021,0.7900069952011108,0.1913255304098129
2065602158.0,-0.44119992852211,0.4055543839931488,9.80129623413086,3.0756423473358154,0.934804379940033,0.2633271813392639
2065610491.0,-0.5894532799720764,0.5208156704902649,9.845219612121582,2.999286413192749,1.026938796043396,0.2366883605718612
2065618824.0,-0.6962634921073914,0.7223097681999207,9.936253547668455,2.940680503845215,1.2398185729980469,0.0861278623342514
2065627157.0,-0.6079391241073608,0.6554935574531555,10.293410301208496,2.81417202949524,1.0959434509277344,0.1869454830884933
2065635490.0,-0.5079152584075928,0.465680867433548,10.340829849243164,2.336389780044556,0.4176017045974731,0.1760594546794891
2065643823.0,-0.5632427930831909,0.4358696043491363,9.91126823425293,2.211033344268799,0.2266219407320022,0.1898911148309707
2065652156.0,-0.6098639369010925,0.5697440505027771,9.679856300354004,2.6663265228271484,0.4602750241756439,0.2051828354597091
2065660489.0,-0.6382207274436951,0.5111780762672424,9.963662147521973,2.9851980209350586,0.8524545431137085,0.1147133484482765
2065668822.0,-0.655650794506073,0.3173250257968902,10.049280166625977,2.624678134918213,1.1653836965560913,0.1197081357240676
2065677155.0,-0.6861972212791443,0.3430952727794647,9.779268264770508,2.442483901977539,1.2294193506240845,0.1439648121595382
2065685488.0,-0.7866979241371155,0.4787870645523071,9.745779991149902,2.967524290084839,1.334821701049805,0.1239857077598571
2065693821.0,-0.7886887788772583,0.5309783220291138,9.979987144470217,3.247846841812134,1.135312557220459,0.069888450205326
2065702154.0,-0.685818612575531,0.4393161833286285,10.043099403381348,3.096645832061768,0.545775294303894,-0.006326715927571
2065710487.0,-0.6688383221626282,0.3685866892337799,9.818319320678713,2.9284117221832275,0.3458305895328522,0.0233729910105466
2065718820.0,-0.6666282415390015,0.4507835209369659,9.583105087280272,2.936889886856079,0.3468295633792877,-0.019159447401762
2065727153.0,-0.6774968504905701,0.6225019097328186,9.710702896118164,3.4095239639282227,0.6852961182594299,-0.0146257299929857
2065735486.0,-0.6405726075172424,0.617302656173706,9.915743827819824,3.3644940853118896,0.8271989822387695,0.0531623475253582
2065743819.0,-0.6659181118011475,0.4927917122840881,9.838765144348145,3.0520002841949463,0.9766068458557128,0.1256250292062759
2065752152.0,-0.7243949174880981,0.5008289813995361,9.604008674621582,2.8568708896636963,1.0574452877044678,0.1950652301311493
2065760485.0,-0.8037698864936829,0.5549831986427307,9.648043632507324,3.051206350326538,1.3557231426239014,0.1098978817462921
2065768818.0,-0.8028820753097534,0.5888662934303284,9.97421646118164,3.121081829071045,1.0548837184906006,0.1883798986673355
2065777151.0,-0.7158712148666382,0.5494229793548584,10.159819602966309,2.8857126235961914,0.5078406929969788,0.1007023751735687
2065785484.0,-0.6904958486557007,0.5761860609054565,9.895784378051758,2.5691208839416504,0.127213105559349,0.0854106694459915
2065793817.0,-0.7032705545425415,0.6949754953384399,9.609023094177246,2.7511098384857178,0.3175012767314911,0.0679161474108696
2065802150.0,-0.7095690369606018,0.6627413630485535,9.784605979919434,2.8386080265045166,0.4797674417495727,0.095400221645832
2065810483.0,-0.6727589964866638,0.4765402972698211,9.94726848602295,2.5006022453308105,0.8870337605476379,0.0115904407575726
2065818816.0,-0.7130763530731201,0.4163778424263,9.790298461914062,2.226274251937866,0.9848545789718628,-0.0270998626947402
2065827149.0,-0.7495945692062378,0.4875832796096802,9.704473495483398,2.531339645385742,0.9768885374069214,0.185203731060028
2065835482.0,-0.8104228973388672,0.6004438996315002,9.863683700561523,2.9907820224761963,0.8229213953018188,0.2038252800703048
2065843815.0,-0.727580726146698,0.5446277260780334,10.01601505279541,2.929436445236206,0.6949782967567444,0.1140473932027816
2065852148.0,-0.6305354237556458,0.328898012638092,9.892059326171877,2.6071577072143555,0.1921964138746261,0.0740635618567466
2065860481.0,-0.6046178340911865,0.3432199954986572,9.543292045593262,2.5209403038024902,-0.0775599032640457,0.0035988001618534
2065868814.0,-0.6058696508407593,0.3867284953594208,9.479811668395996,3.06844449043274,0.2647871375083923,-0.0012294832849875
2065877147.0,-0.5750880241394043,0.4208613634109497,9.743444442749023,3.4188473224639893,0.3912958800792694,-0.0033042365685105
2065885480.0,-0.5191819071769714,0.3689447343349457,9.81186294555664,3.4017372131347656,0.5692123770713806,-0.056274477392435
2065893813.0,-0.5547618865966797,0.3329629302024841,9.63939380645752,3.19736123085022,0.8112413287162781,0.0302632246166467
2065902146.0,-0.5880991220474243,0.3103258907794952,9.505292892456056,3.3587565422058105,0.8837295770645142,-0.048334065824747
2065910479.0,-0.5828719139099121,0.2328564673662185,9.700648307800291,3.5747861862182617,0.8549134135246277,0.0813892185688018
2065918812.0,-0.4707266390323639,0.0938520655035972,9.81450653076172,3.385215997695923,0.4766168892383575,0.1050824075937271
2065927145.0,-0.3882316946983337,0.0433364734053611,9.48723030090332,3.3595759868621826,-0.1080152317881584,0.2326157093048095
2065935478.0,-0.4547113180160522,0.1347374618053436,9.281526565551758,3.757338762283325,0.0810818448662757,0.2505712211132049
2065943811.0,-0.5106714367866516,0.1042105630040168,9.279436111450195,3.854621648788452,0.3625310361385345,0.2232408225536346
2065952144.0,-0.4601578116416931,-0.0084365373477339,9.373160362243652,3.746734857559204,0.95765221118927,0.3951635956764221
2065960477.0,-0.5166346430778503,-0.1504249274730682,9.42003059387207,3.5296285152435303,0.996483325958252,0.2697306871414184
2065968810.0,-0.5429370999336243,-0.0722978040575981,9.298382759094238,3.679190397262573,0.9268125891685486,0.4076889455318451
2065977143.0,-0.5971534252166748,0.1265652924776077,9.312347412109377,4.384530067443848,0.7697718739509583,0.3796414136886596
2065985476.0,-0.5697512626647949,0.2383748292922973,9.679862022399902,4.61997652053833,0.6368083953857422,0.3269529044628143
2065993809.0,-0.4867728650569916,0.2306885868310928,9.751145362854004,4.15051794052124,0.0073128640651702,0.2846125662326813
2066002142.0,-0.4702827930450439,0.3109839856624603,9.575760841369627,3.964916706085205,-0.2428229451179504,0.3649644255638122
2066010475.0,-0.4572607576847076,0.5068404674530029,9.569696426391602,3.9799013137817374,0.0688638687133789,0.3605331480503082
2066018808.0,-0.4838346540927887,0.6876340508460999,9.932750701904297,4.140374660491943,0.4633486866950989,0.1785440146923065
2066027141.0,-0.4286817610263824,0.8106047511100769,10.177474975585938,4.104104518890381,0.7213608622550964,0.2261608839035034
2066035474.0,-0.4646823406219482,0.9496279358863832,10.227739334106444,3.828546524047852,0.8475877046585083,0.3349957168102264
2066043807.0,-0.5882777571678162,1.090808391571045,10.257335662841797,3.495536088943481,1.0031944513320925,0.1234221830964088
2066052140.0,-0.6438515186309814,1.1676517724990845,10.378613471984863,3.4155433177948,0.9399272203445436,0.1465518623590469
2066060473.0,-0.6047421097755432,1.103075623512268,10.65042781829834,3.0939817428588867,0.8675926327705383,0.0657645463943481
2066068806.0,-0.5380359292030334,1.0615835189819336,10.6414794921875,2.6850507259368896,0.4138619899749756,-0.0873701572418212
2066077139.0,-0.5769299268722534,1.171281099319458,10.405096054077148,2.58413028717041,0.3933193683624267,-0.0107579780742526
2066085472.0,-0.6325100064277649,1.226040959358215,10.345515251159668,2.7595880031585693,0.5756158828735352,-0.1018934175372123
2066093805.0,-0.7025609016418457,1.1498794555664062,10.487959861755373,2.5355658531188965,1.0733516216278076,-0.1670048087835312
2066102138.0,-0.7595160007476807,0.9963196516036988,10.518951416015623,1.9963607788085933,1.391147494316101,-0.0206450745463371
2066110471.0,-0.8582885265350342,1.0013656616210938,10.355705261230469,1.988881468772888,1.6217525005340576,-0.0748704075813293
2066118804.0,-0.9690841436386108,1.102618932723999,10.355040550231934,2.3592119216918945,1.5844324827194214,-0.1961794197559356
2066127137.0,-0.998403787612915,1.110534906387329,10.608777046203612,2.5297770500183105,1.2963491678237915,-0.1439007669687271
2066135470.0,-0.957703173160553,0.9581435918807985,10.629681587219238,2.24766206741333,0.7849098443984985,-0.1159300282597541
2066143803.0,-0.9316253662109376,0.8314160704612732,10.34326457977295,1.8234903812408447,0.5378349423408508,-0.1286859214305877
2066152136.0,-0.9472062587738036,0.8496245741844177,10.031797409057615,1.9046872854232788,0.5570198893547058,-0.0387287214398384
2066160469.0,-1.010080099105835,0.8956260085105896,10.164628028869627,2.314848184585572,0.9643887877464294,-0.06846684217453
2066168802.0,-0.9646856188774108,0.825675368309021,10.34182071685791,2.362311363220215,1.198195457458496,-0.0372687131166458
2066177135.0,-0.9673709869384766,0.7318174242973328,10.224159240722656,2.055990695953369,1.2737574577331543,0.0777007788419723
2066185468.0,-1.0443309545516968,0.6853556632995605,9.919700622558594,1.978917360305786,1.269121170043945,0.0345920212566852
2066193801.0,-1.1273106336593628,0.6876555681228638,9.912421226501465,2.1722023487091064,1.1585445404052734,0.1506501287221908
2066202134.0,-1.070124268531799,0.6576406955718994,10.085331916809082,2.018773078918457,0.9138005375862122,0.1931697428226471
2066210467.0,-0.9333012104034424,0.5556129813194275,10.10214138031006,1.836527705192566,0.5970038175582886,0.3099194467067718
2066218800.0,-0.8975438475608826,0.5692444443702698,9.851905822753906,1.7273344993591309,0.0187624283134937,0.2581274807453155
2066227133.0,-0.8917667865753174,0.6553734540939331,9.645865440368652,1.7698283195495603,0.108514703810215,0.3000579476356506
2066235466.0,-0.9085779786109924,0.5768229365348816,9.769923210144045,1.770545482635498,0.5258474349975586,0.3760553896427154
2066243799.0,-0.8566745519638062,0.337206482887268,9.827075958251951,1.3342326879501345,0.8270708918571472,0.3490579426288605
2066252132.0,-0.8196514248847961,0.2597626447677612,9.677023887634276,1.2711961269378662,0.956294596195221,0.4096356630325317
2066260465.0,-0.8501925468444824,0.2701833546161651,9.683740615844728,1.5459342002868652,0.845820426940918,0.3752869367599487
2066268798.0,-0.8170987367630005,0.351374477148056,9.751102447509766,1.931505560874939,0.4218536615371704,0.2476000189781189
2066277131.0,-0.7228779792785645,0.2675644159317016,9.908602714538574,1.849616765975952,0.1956543326377868,0.2286454737186432
2066285464.0,-0.6486197113990784,0.0637818947434425,9.744688987731934,1.346604347229004,-0.0996137559413909,0.0829260796308517
2066293797.0,-0.6171830296516418,0.0411216951906681,9.435437202453612,1.334027886390686,-0.1184146031737327,0.0863071680068969
2066302130.0,-0.6062571406364441,0.1004146933555603,9.450575828552246,1.8090437650680544,0.2369444668292999,0.0183782130479812
2066310463.0,-0.5477356910705566,0.1249099895358085,9.744210243225098,2.1817052364349365,0.6946708559989929,-0.1204893514513969
2066318796.0,-0.5178437232971191,0.0490092895925045,9.797127723693848,2.1690261363983154,0.6477967500686646,-0.0889582261443138
2066327129.0,-0.5694908499717712,0.0195656064897775,9.637868881225586,2.1300668716430664,0.513526976108551,-0.2440011948347091
2066335462.0,-0.5822963714599609,0.0694932639598846,9.570672988891602,2.4493484497070312,0.5782029628753662,-0.2600357234477997
2066343795.0,-0.5575552582740784,0.0956358388066291,9.803951263427734,2.6128697395324707,0.4496707320213318,-0.2757884562015533
2066352128.0,-0.4410500824451446,0.0136821055784821,9.936493873596191,2.64519476890564,0.1474227309226989,-0.3424879014492035
2066360461.0,-0.3731489181518554,0.0333141610026359,9.784612655639648,2.6487298011779785,-0.0021515958942472,-0.3281183838844299
2066368794.0,-0.4000152945518493,0.1687776297330856,9.56828498840332,2.952821731567383,-0.0384469702839851,-0.332626461982727
2066377127.0,-0.4354998767375946,0.2434723824262619,9.656451225280762,3.2225656509399414,0.3948818743228912,-0.3941774666309356
2066385460.0,-0.4146382212638855,0.1789442747831344,9.83420181274414,3.134657382965088,0.9151581525802612,-0.3398496806621551
2066393793.0,-0.458891212940216,0.1253692209720611,9.766363143920898,2.887889623641968,0.9936657547950744,-0.1857032030820846
2066402126.0,-0.5412666201591492,0.2791354656219482,9.73829746246338,3.1542775630950928,0.981473445892334,-0.2447696179151535
2066410459.0,-0.622704029083252,0.4831959009170532,9.881770133972168,3.5402069091796875,0.9828565716743468,-0.1232556849718093
2066418792.0,-0.5834173560142517,0.5186410546302795,10.092622756958008,3.726038217544556,0.7934392690658569,-0.101560428738594
2066427125.0,-0.5066295266151428,0.4075137972831726,10.081292152404783,3.1521260738372803,0.3553334772586822,-0.0732567086815834
2066435458.0,-0.4716846644878387,0.4170068502426147,9.796125411987305,2.7921693325042725,0.154031217098236,0.121526725590229
2066443791.0,-0.4936951994895935,0.6035844683647156,9.679617881774902,3.2608842849731445,0.2775430679321289,0.1342057734727859
2066452124.0,-0.507135808467865,0.6993556022644043,9.933639526367188,3.541257858276367,0.7431843280792236,0.1084634885191917
2066460457.0,-0.5448071956634521,0.6752498745918274,10.081952095031738,3.371563196182251,0.941438376903534,0.1645330339670181
2066468790.0,-0.6059670448303223,0.680799663066864,9.953407287597656,3.074617624282837,1.1505273580551147,0.2746998965740204
2066477123.0,-0.6967233419418335,0.7444679737091064,9.783868789672852,3.154892921447754,1.3428905010223389,0.3591244220733642
2066485456.0,-0.7730985879898071,0.7722824811935425,9.976433753967283,3.256171464920044,1.3250372409820557,0.3649132251739502
2066493789.0,-0.7092939019203186,0.7781047821044922,10.187697410583496,3.220669984817505,0.891080915927887,0.4140925705432892
2066502122.0,-0.6542385220527649,0.7219883799552917,10.1122465133667,2.996263265609741,0.3365069925785064,0.3201906979084015
2066510455.0,-0.6508041024208069,0.7822341918945312,9.772294998168944,2.901029825210572,0.1806956231594085,0.3978530764579773
2066518788.0,-0.6571767330169678,0.8511067032814026,9.719470024108888,3.1292524337768555,0.3207542300224304,0.3478284776210785
2066527121.0,-0.6610047817230225,0.7718368768692017,9.896160125732422,3.035581350326538,0.8052987456321716,0.4075608849525451
2066535454.0,-0.6815596222877502,0.6727988719940186,9.908062934875488,2.7237792015075684,1.1582629680633545,0.3924228847026825
2066543787.0,-0.7236824035644531,0.6278855204582214,9.740922927856444,2.668298721313477,1.4173507690429688,0.2552586793899536
2066552120.0,-0.7895563244819641,0.7463234663009644,9.7815523147583,3.1115784645080566,1.392018437385559,0.2624562382698059
2066560453.0,-0.8468707799911499,0.7809397578239441,9.94329071044922,3.138345718383789,0.9886709451675416,0.1691948324441909
2066568786.0,-0.7896736264228821,0.6625120639801025,9.942438125610352,2.690404176712036,0.5951083302497864,0.120117962360382
2066577119.0,-0.7056595087051392,0.5091730952262878,9.772088050842283,2.394406080245972,0.2397108227014541,0.1381759941577911
2066585452.0,-0.6960647702217102,0.556520938873291,9.55056381225586,2.3846981525421143,0.2239324748516082,0.2122267633676529
2066593785.0,-0.7166743278503418,0.5977408289909363,9.687606811523438,2.6614089012146,0.5222870707511902,0.0153045048937201
2066602118.0,-0.6726437211036682,0.6110175251960754,9.816547393798828,2.797574043273926,0.670695960521698,-0.0170078538358211
2066610451.0,-0.6386183500289917,0.4883413910865783,9.868085861206056,2.477805852890014,0.8703077435493469,0.1125617623329162
2066618784.0,-0.6695727109909058,0.4278745651245117,9.67917251586914,2.327552795410156,0.8852152228355408,-0.0450298264622688
2066627117.0,-0.7002642750740051,0.4622987806797027,9.707018852233888,2.5878446102142334,0.8193097710609436,-0.1063503101468086
2066635450.0,-0.6500796675682068,0.4299624860286712,9.971089363098145,2.4172282218933105,0.7214890122413635,-0.1287883669137954
2066643783.0,-0.5876418948173523,0.3242679238319397,9.97199249267578,2.3300373554229736,0.1897118389606475,-0.0543534122407436
2066652116.0,-0.5093517303466797,0.2778175175189972,9.795074462890623,2.2936136722564697,0.0330039411783218,-0.0586565993726253
2066660449.0,-0.5619915723800659,0.319555789232254,9.639825820922852,2.545555591583252,0.2942435443401336,-0.0949263572692871
2066668782.0,-0.5699965357780457,0.3806949257850647,9.70003604888916,2.7757248878479004,0.5811229348182678,0.0176354013383388
2066677115.0,-0.5706685185432434,0.2564853131771087,9.958881378173828,2.630364418029785,1.0579063892364502,0.0243207160383462
2066685448.0,-0.6146520376205444,0.124532975256443,9.850822448730469,2.531442165374756,1.054935097694397,-0.0977183133363723
2066693781.0,-0.6130717396736145,0.2574594020843506,9.768976211547852,2.7961905002593994,1.1204050779342651,0.0037524853833019
2066702114.0,-0.6718798279762268,0.4195478558540344,10.003568649291992,3.1590678691864014,0.9387745261192322,0.0480138845741748
2066710447.0,-0.6284445524215698,0.4517565667629242,10.0993070602417,3.1122190952301025,0.525002121925354,-0.0903926342725753
2066718780.0,-0.5595030784606934,0.2769792377948761,9.996920585632324,2.7340762615203857,0.237892210483551,0.0095669170841574
2066727113.0,-0.5466001033782959,0.2873860001564026,9.696533203125,2.64719295501709,0.3230595588684082,0.0208884105086326
2066735446.0,-0.6158922910690308,0.4053265750408172,9.650511741638184,2.918063402175904,0.7036101818084717,0.1287499666213989
2066743779.0,-0.6483347415924072,0.5234371423721313,9.918477058410645,3.2239744663238525,1.169687032699585,0.1383040696382522
2066752112.0,-0.6266313195228577,0.4616306722164154,10.120221138000488,3.1794567108154297,1.2372572422027588,0.0671733319759368
2066760445.0,-0.6843407154083252,0.39462611079216,9.958337783813477,2.91383695602417,1.0007610321044922,0.1924781799316406
2066768778.0,-0.7599769830703735,0.4808864593505859,9.79943561553955,3.0660624504089355,0.943308174610138,0.1091550588607788
2066777111.0,-0.7346030473709106,0.5602845549583435,9.987370491027832,3.200127124786377,0.814647912979126,0.0985507667064666
2066785444.0,-0.6353651881217957,0.5009742975234985,10.157800674438477,3.1766133308410645,0.3462916612625122,0.0896882489323616
2066793777.0,-0.5715370178222656,0.4534985721111297,9.918451309204102,3.062143564224243,0.0716045871376991,0.0359495766460895
2066802110.0,-0.6191532015800476,0.5894101858139038,9.705628395080566,3.164369821548462,0.267860859632492,0.1565926223993301
2066810443.0,-0.6554504036903381,0.6539303660392761,9.694175720214844,3.338367462158203,0.740341067314148,0.0572862364351749
2066818776.0,-0.6493064761161804,0.5742176175117493,9.84315013885498,3.2097322940826416,1.4053122997283936,0.1572073549032211
2066827109.0,-0.6791373491287231,0.4622714519500732,10.004912376403809,2.858125925064087,1.3699133396148682,0.1200667396187782
2066835442.0,-0.7375394105911255,0.505315363407135,9.83115577697754,2.861558437347412,1.305570363998413,0.1593077331781387
2066843775.0,-0.8093161582946777,0.7448267936706543,9.782851219177246,3.4554240703582764,0.9484822154045104,0.0994984954595565
2066852108.0,-0.7467538118362427,0.8037348985671997,10.105935096740724,3.56343960762024,0.7162892818450928,0.1566950976848602
2066860441.0,-0.6442843675613403,0.6835758090019226,10.111451148986816,2.9831748008728027,0.2501358091831207,0.0512668937444686
2066868774.0,-0.6187497973442078,0.5780021548271179,9.807235717773438,2.527087450027466,-0.033503420650959,0.0008324626251123
2066877107.0,-0.6619406342506409,0.6882732510566711,9.583026885986328,2.7159671783447266,0.3613272309303283,0.0211701672524213
2066885440.0,-0.7124502658843994,0.8249577879905701,9.822587013244627,2.9751317501068115,0.8878278732299805,0.0827467888593673
2066893773.0,-0.681259036064148,0.7705984711647034,10.095457077026367,2.9047186374664307,1.287358641624451,0.0454012304544448
2066902106.0,-0.7357307076454163,0.6550391316413879,10.018725395202637,2.6418139934539795,1.2324416637420654,0.0940682739019393
2066910439.0,-0.7951174378395081,0.6325374841690063,9.842698097229004,2.364847183227539,1.1130026578903198,0.122986763715744
2066918772.0,-0.7950450778007507,0.7046029567718506,9.954581260681152,2.6343343257904053,1.058956503868103,0.1547484099864959
2066927105.0,-0.754666268825531,0.6491259336471558,10.098344802856444,2.401219129562378,0.5106325745582581,0.0380243323743343
2066935438.0,-0.6497827172279358,0.5360130071640015,10.077290534973145,2.428703546524048,-0.1081945374608039,-0.02822688780725
2066943771.0,-0.6157958507537842,0.5199663639068604,9.766509056091309,2.306625843048096,-0.0454396530985832,0.0302376076579093
2066952104.0,-0.6304154992103577,0.565375804901123,9.603070259094238,2.529469966888428,0.2561039626598358,-0.0314542837440967
2066960437.0,-0.6441395878791809,0.5269993543624878,9.735660552978516,2.6374847888946533,0.7227441072463989,0.0583108067512512
2066968770.0,-0.647363007068634,0.3756105303764343,9.880767822265623,2.497912883758545,1.0822142362594604,0.0946830213069915
2066977103.0,-0.673599898815155,0.30352783203125,9.80918788909912,2.458082914352417,1.188615798950195,0.0827467888593673
2066985436.0,-0.7137312889099121,0.4629614651203155,9.780522346496582,2.851210117340088,0.924020767211914,0.0610259138047695
2066993769.0,-0.6993799209594727,0.602095365524292,9.966492652893066,3.116983652114868,0.5977978706359863,0.0398429445922374
2067002102.0,-0.6129562854766846,0.5192402601242065,10.041500091552734,2.9997212886810303,-0.025101950392127,-0.0430831424891948
2067010435.0,-0.5129671692848206,0.3946493268013,9.818963050842283,2.592813730239868,-0.1024825572967529,0.0921215936541557
2067018768.0,-0.4951945543289184,0.3485556840896606,9.52593231201172,2.368074655532837,0.2070014327764511,0.1356914043426513
2067027101.0,-0.5570707321166992,0.5137327909469604,9.569063186645508,2.809561491012573,0.6544309258460999,0.0263186246156692
2067035434.0,-0.5599516034126282,0.6437428593635559,9.871400833129885,3.146337509155273,1.1532937288284302,0.0565178096294403
2067043767.0,-0.6106016635894775,0.5128491520881653,10.087804794311523,2.871701955795288,1.262589693069458,0.0624090880155563
2067052100.0,-0.6620208024978638,0.4662954807281494,9.870102882385254,2.479188919067383,1.2976555824279783,0.0478089712560176
2067060433.0,-0.7309754490852356,0.5132899284362793,9.786518096923828,2.452755212783813,1.1406915187835691,0.1296720653772354
2067068766.0,-0.6754395365715027,0.5805333256721497,10.05153751373291,2.663201332092285,0.760012686252594,0.1051080077886581
2067077099.0,-0.6054172515869141,0.4919121563434601,10.171607971191406,2.5820560455322266,0.2002136707305908,0.0705287978053093
2067085432.0,-0.5429038405418396,0.3813456892967224,9.967123985290527,2.3479928970336914,-0.1089117228984832,0.0848215371370315
2067093765.0,-0.5898966789245605,0.4916135668754577,9.672029495239258,2.514587879180908,0.2234714180231094,0.0412773415446281
2067102098.0,-0.6608973741531372,0.5968451499938965,9.777543067932127,2.829386711120605,0.9411566257476808,0.0180964563041925
2067110431.0,-0.6987966299057007,0.4462447762489319,9.970710754394531,2.5457603931427,1.3508563041687012,-0.0105786779895424
2067118764.0,-0.7357156872749329,0.2873505651950836,9.989897727966309,2.393996000289917,1.5001616477966309,0.0604111701250076
2067127097.0,-0.7710736989974976,0.3289103507995605,9.92373752593994,2.592659950256348,1.3531873226165771,0.055672537535429
2067135430.0,-0.8082054257392883,0.5503093004226685,9.96407413482666,3.1004111766815186,1.0145670175552368,0.0101816589012742
2067143763.0,-0.7554689645767212,0.5996978282928467,10.094805717468262,3.1928272247314453,0.5350173711776733,0.0089009460061788
2067152096.0,-0.6492358446121216,0.408917635679245,10.038504600524902,2.6674280166625977,-0.0601166114211082,0.0052893394604325
2067160429.0,-0.6325467228889465,0.3348202407360077,9.730820655822754,2.504547119140625,-0.1057611852884292,-0.0911610648036003
2067168762.0,-0.7022801637649536,0.4270217716693878,9.495447158813477,2.702237606048584,0.4732101857662201,0.0684796571731567
2067177095.0,-0.7153705954551697,0.6367499828338623,9.807694435119627,3.153329849243164,1.1093653440475464,0.0723217949271202
2067185428.0,-0.7181529402732849,0.6136046051979065,10.08165168762207,3.1126034259796143,1.2096961736679075,0.0396124124526977
2067193761.0,-0.7131346464157104,0.4391481280326843,9.986407279968262,2.769372701644897,1.1284222602844238,0.1229355260729789
2067202094.0,-0.7669676542282104,0.5083765387535095,9.754732131958008,2.63156795501709,0.9025559425354004,0.124267466366291
2067210427.0,-0.7999240756034851,0.6327813863754272,9.864693641662598,2.814811944961548,0.6897016763687134,0.0818502902984619
2067218760.0,-0.7108604311943054,0.5970582365989685,10.05797290802002,2.8665788173675537,0.1848963648080825,0.0899700000882148
2067227093.0,-0.5970665216445923,0.4545598924160003,9.90841579437256,2.7059519290924072,-0.0579394027590751,-0.0298918131738901
2067235426.0,-0.5349934101104736,0.495825320482254,9.701034545898438,2.6233201026916504,-0.1039681658148765,0.0235266722738742
2067243759.0,-0.6165006756782532,0.6362384557723999,9.60002613067627,2.7466013431549072,0.3624798059463501,0.0748832076787948
2067252092.0,-0.6458169221878052,0.6355718374252319,9.763304710388184,2.864760160446167,0.9936914443969728,0.174855574965477
2067260425.0,-0.6472172737121582,0.3906980156898498,9.96228313446045,2.5862820148468018,1.168355107307434,0.1880469322204589
2067268758.0,-0.6607134938240051,0.3427065014839172,9.861173629760742,2.351758480072021,1.244685411453247,0.1260604709386825
2067277091.0,-0.6897974014282227,0.5139002799987793,9.783530235290527,2.850902795791626,0.930680513381958,0.0291874203830957
2067285424.0,-0.6769356727600098,0.6701353788375854,9.985013008117676,3.2236154079437256,0.5032556653022766,0.2813851833343506
2067293757.0,-0.5871228575706482,0.5657880902290344,10.115944862365724,3.017139196395874,0.2061817944049835,0.0948367118835449
2067302090.0,-0.5523667931556702,0.3851035833358764,9.851265907287598,2.4714794158935547,0.0939658284187316,0.0768299028277397
2067310423.0,-0.5617436170578003,0.4381192028522491,9.544638633728027,2.393509149551392,0.340861439704895,0.1173516139388084
2067318756.0,-0.5852440595626831,0.6149840354919434,9.699402809143066,2.933432102203369,1.015950322151184,0.1521613746881485
2067327089.0,-0.619971752166748,0.6447091698646545,9.961877822875977,3.116727113723755,1.2720156908035278,0.1539031267166137
2067335422.0,-0.6288224458694458,0.5333987474441528,10.035545349121094,2.8753390312194824,1.3100528717041016,0.0884587690234184
2067343755.0,-0.6743019819259644,0.4684627652168274,9.903264999389648,2.513153553009033,1.157263994216919,0.2177338004112243
2067352088.0,-0.7665717601776123,0.5912168025970459,9.826349258422852,2.6045961380004883,0.9566531777381896,0.1324640065431594
2067360421.0,-0.7262341976165771,0.6324440240859985,9.998043060302734,2.847777843475342,0.7362172603607178,0.0709898620843887
2067368754.0,-0.6458266377449036,0.4789001047611236,10.134796142578123,2.616225004196167,0.1525199562311172,0.0945549458265304
2067377087.0,-0.5788568258285522,0.4505226612091064,9.864750862121582,2.4307007789611816,-0.1159812435507774,0.0262673962861299
2067385420.0,-0.5685445666313171,0.5622549653053284,9.62863826751709,2.6262147426605225,0.3322550654411316,0.0086191901937127
2067393753.0,-0.6747467517852783,0.6347845196723938,9.773741722106934,2.8695499897003174,0.8122146129608154,0.0688382536172866
2067402086.0,-0.6960862874984741,0.5189507603645325,9.979547500610352,2.592070817947388,1.3816702365875244,0.0149971349164843
2067410419.0,-0.7204557061195374,0.3608004152774811,9.946727752685549,2.3493762016296387,1.2924302816390991,0.1055946946144104
2067418752.0,-0.7664197683334351,0.5122371315956116,9.841562271118164,2.71548080444336,1.0245822668075562,0.1350254565477371
2067427085.0,-0.7807513475418091,0.716254711151123,10.007977485656738,3.12943172454834,0.7233843803405762,-0.0223868414759635
2067435418.0,-0.7322896718978882,0.6862856149673462,10.106328964233398,3.014526605606079,0.2514933943748474,0.0465794876217842
2067443751.0,-0.5929239392280579,0.4696994721889496,9.950916290283203,2.478292465209961,-0.0263570491224527,0.018480671569705
2067452084.0,-0.600708544254303,0.3864828050136566,9.69013786315918,2.164210557937622,0.0733719691634178,-0.0223356131464242
2067460417.0,-0.647500216960907,0.580299973487854,9.577156066894531,2.662202835083008,0.6197747588157654,0.0100535862147808
2067468750.0,-0.6873126029968262,0.7391656041145325,9.866366386413574,3.1064045429229736,1.1192779541015625,-0.0496660023927688
2067477083.0,-0.6868009567260742,0.6396299004554749,10.133380889892578,2.882664442062378,1.1946096420288086,0.0665073618292808
2067485416.0,-0.668169379234314,0.4963070452213287,9.958096504211426,2.566072702407837,1.1350563764572144,0.199137881398201
2067493749.0,-0.7226890921592712,0.4882349073886871,9.75959587097168,2.361721992492676,0.9257112145423888,0.0451707020401954
2067502082.0,-0.7106942534446716,0.6205843687057495,9.87133502960205,2.6989591121673584,0.5487208962440491,0.1179919764399528
2067510415.0,-0.6431598663330078,0.5236537456512451,10.071748733520508,2.7341530323028564,0.163559690117836,-0.0237700100988149
2067518748.0,-0.5566313862800598,0.379719078540802,9.937685012817385,2.42583441734314,-0.1055306494235992,0.0582851879298687
2067527081.0,-0.5341947078704834,0.4774378836154938,9.641324043273926,2.4598500728607178,0.1948090493679046,0.1670688390731811
2067535414.0,-0.6243585348129272,0.6160854697227478,9.656907081604004,2.691863775253296,0.7744336128234863,0.2381739616394043
2067543747.0,-0.6471866965293884,0.557635486125946,9.877605438232422,2.697857618331909,1.1340574026107788,0.1274948418140411
2067552080.0,-0.6615309119224548,0.3032891750335693,9.950319290161133,2.4059579372406006,1.3540068864822388,0.0756516456604003
2067560413.0,-0.6761191487312317,0.2325187623500824,9.82111644744873,2.3205347061157227,1.1612855195999146,0.1318236589431762
2067568746.0,-0.7087430357933044,0.4988684058189392,9.795570373535156,2.8762097358703613,0.7949250340461731,0.0957075953483581
2067577079.0,-0.6572101712226868,0.641464114189148,10.026472091674805,3.20847749710083,0.4419608414173126,0.1846914589405059
2067585412.0,-0.5810436010360718,0.4685050845146179,10.106454849243164,2.892218589782715,0.0864096209406852,0.1331043690443039
2067593745.0,-0.5638623833656311,0.3117077648639679,9.83369255065918,2.244537115097046,0.0254477430135011,0.0893808677792549
2067602078.0,-0.5976647734642029,0.3300688862800598,9.51342487335205,2.3730692863464355,0.5967475771903992,0.0197869967669248
2067610411.0,-0.6739240288734436,0.5104901194572449,9.653782844543455,2.923800706863404,1.1366701126098633,0.0222459621727466
2067618744.0,-0.6595892310142517,0.5481526255607605,10.053388595581056,3.112091064453125,1.3169429302215576,0.0477321222424507
2067627077.0,-0.6932036280632019,0.4300411641597748,10.06595516204834,2.8375062942504883,1.1582627296447754,0.037358358502388
2067635410.0,-0.7191324234008789,0.4187962412834167,9.813838958740234,2.5431480407714844,0.9836251735687256,0.0961686447262764
2067643743.0,-0.7671247720718384,0.5404039621353149,9.83039665222168,2.617608070373535,1.0024515390396118,0.0714509114623069
2067652076.0,-0.7289146184921265,0.5671878457069397,10.016705513000488,2.9307427406311035,0.4663199782371521,0.1448100805282592
2067660409.0,-0.6335674524307251,0.4213137626647949,10.047037124633787,2.737943887710572,0.1515209972858429,-0.0054046036675572
2067668742.0,-0.5496044158935547,0.4045722782611847,9.812898635864258,2.5766258239746094,0.0130248395726084,-0.0279963612556457
2067677075.0,-0.6325153112411499,0.5920906066894531,9.648622512817385,2.8089466094970703,0.4024636745452881,0.0282653104513883
2067685408.0,-0.6660040020942688,0.6652261018753052,9.75064182281494,2.9572274684906006,0.937698781490326,0.0553139448165893
2067693741.0,-0.735035240650177,0.489538311958313,9.953054428100586,2.7245988845825195,1.2860267162322998,0.0457086041569709
2067702074.0,-0.7117312550544739,0.3315587043762207,9.908198356628418,2.4390769004821777,1.1786518096923828,-0.0408547036349773
2067710407.0,-0.7636170387268066,0.4519241154193878,9.792707443237305,2.656977415084839,0.9613662958145142,0.1033918634057045
2067718740.0,-0.7454978823661804,0.7402486205101013,9.896676063537598,3.1725666522979736,0.8482795357704163,0.134897381067276
2067727073.0,-0.6557425856590271,0.682224452495575,10.088071823120115,3.2121660709381104,0.3823308646678924,-0.0788406208157539
2067735406.0,-0.5766593813896179,0.4485014379024505,9.95174789428711,2.72365140914917,-0.022950354963541,-0.1063503101468086
2067743739.0,-0.5768498182296753,0.4149604141712188,9.586237907409668,2.312030553817749,0.010745171457529,-0.0276633761823177
2067752072.0,-0.637837827205658,0.5992614030838013,9.604304313659668,2.756770372390747,0.5735155940055847,0.0376657359302043
2067760405.0,-0.6421005129814148,0.6989796757698059,9.956928253173828,3.033916473388672,1.173375368118286,0.1085403338074684
2067768738.0,-0.6465680003166199,0.5321916937828064,10.04316234588623,2.861635446548462,1.0988636016845703,0.059873279184103
2067777071.0,-0.6588397026062012,0.4460242092609405,9.847153663635254,2.6498055458068848,0.9361875653266908,0.2139172703027725
2067785404.0,-0.7173532247543335,0.6286409497261047,9.818509101867676,2.682002544403076,0.8690268993377686,0.2051059752702713
2067793737.0,-0.7302805781364441,0.6851499080657959,9.950931549072266,2.852874755859375,0.6570947170257568,0.0882794559001922
2067802070.0,-0.7009695172309875,0.5677439570426941,10.023181915283203,2.7055933475494385,0.3346884250640869,0.0279579386115074
2067810403.0,-0.5633760094642639,0.5812820196151733,9.916519165039062,2.5370261669158936,0.0760102570056915,0.0316720046103
2067818736.0,-0.5998101830482483,0.8121352195739746,9.643936157226562,2.7321038246154785,0.2145832479000091,0.0931461676955223
2067827069.0,-0.6861055493354797,0.8949460983276367,9.81894588470459,2.8531055450439453,0.7929782867431641,0.0848727747797966
2067835402.0,-0.6934629678726196,0.6570653319358826,10.058616638183594,2.47327208518982,1.0497097969055176,0.0847703143954277
2067843735.0,-0.6766355037689209,0.3971452116966247,9.813284873962402,2.087111711502075,1.0692534446716309,0.099139891564846
2067852068.0,-0.6572871804237366,0.4321826100349426,9.76180362701416,2.400912284851074,1.092869758605957,0.026728456839919
2067860401.0,-0.7234405875205994,0.6662701964378357,9.932044982910156,2.864042997360229,0.7433891296386719,0.0392282009124755
2067868734.0,-0.6633468866348267,0.7047438621520996,10.110430717468262,2.9209578037261963,0.4085598886013031,-0.0550449900329113
2067877067.0,-0.5926998257637024,0.4395958483219147,10.083769798278809,2.528137922286988,0.0411236546933651,0.1438367366790771
2067885400.0,-0.5325685143470764,0.353748470544815,9.734021186828612,1.948206067085266,0.1924781948328018,0.0879464820027351
2067893733.0,-0.5939173698425293,0.4306117594242096,9.55421257019043,2.2097012996673584,0.6421104073524475,0.0073640919290483
2067902066.0,-0.6173363924026489,0.6022449731826782,9.834053993225098,2.801928758621216,0.8916956186294556,0.0864096209406852
2067910399.0,-0.6069145202636719,0.4208021461963653,10.156734466552734,2.8120205402374268,1.1255792379379272,0.0624603144824504
2067918732.0,-0.6182258725166321,0.2911404967308044,9.910116195678713,2.4729645252227783,1.08331561088562,0.1513417065143585
2067927065.0,-0.7125922441482544,0.4228252172470093,9.740679740905762,2.364642143249512,0.9269919991493224,0.1100259572267532
2067935398.0,-0.7525420784950256,0.5921590924263,9.927650451660156,2.676187992095948,0.913595736026764,0.0382804758846759
2067943731.0,-0.7147029042243958,0.4753593206405639,10.166322708129885,2.739275932312012,0.6551737189292908,0.0974749699234962
2067952064.0,-0.5760708451271057,0.2903949916362762,10.040360450744627,2.351834774017334,0.1372538655996322,-0.032222706824541
2067960397.0,-0.5523266792297363,0.3422417044639587,9.65931510925293,2.4039344787597656,0.0962711125612258,0.1157379299402237
2067968730.0,-0.6206322312355042,0.4650055766105652,9.647790908813477,2.74265718460083,0.5120158195495605,0.0400478579103946
2067977063.0,-0.6718612313270569,0.5327562689781189,9.79115867614746,2.929077625274658,0.9392868876457214,0.1406349688768386
2067985396.0,-0.7071629166603088,0.3534424304962158,9.97339916229248,2.701546192169189,1.158390998840332,0.0993448123335838
2067993729.0,-0.7415931224822998,0.3410443067550659,9.880815505981444,2.5023953914642334,1.244839072227478,0.0431471802294254
2068002062.0,-0.7790113687515259,0.4872081875801086,9.836554527282717,2.759946584701538,1.234772562980652,0.1146877333521843
2068010395.0,-0.7280019521713257,0.5860390067100525,9.98304843902588,3.1122193336486816,0.7456688284873962,0.0436850786209106
2068018728.0,-0.6557893753051758,0.4903936088085174,10.043755531311035,2.9798195362091064,0.1697839647531509,-0.0652394592761993
2068027061.0,-0.557431697845459,0.3052121698856354,9.90333652496338,2.421633720397949,-0.1116268336772918,-0.0865248814225196
2068035394.0,-0.6280596256256104,0.4316701591014862,9.55069065093994,2.4076743125915527,-0.0429038442671299,0.085948571562767
2068043727.0,-0.6419389247894287,0.5874558091163635,9.653800010681152,2.9101483821868896,0.7427999973297119,0.0140237929299473
2068052060.0,-0.6838343143463135,0.6183900237083435,9.95371437072754,3.0663695335388184,1.2352592945098877,-0.0372687131166458
2068060393.0,-0.6904550790786743,0.5129738450050354,10.038294792175291,2.8149917125701904,1.2372828722000122,-0.0414438359439373
2068068726.0,-0.7201293110847473,0.4889605939388275,9.862862586975098,2.5895862579345703,1.1372079849243164,-0.0045593339018523
2068077059.0,-0.7848658561706543,0.5481740832328796,9.783249855041504,2.721013069152832,0.8354722857475281,-0.0039189783856272
2068085392.0,-0.7076698541641235,0.5849472880363464,9.994897842407228,2.843167543411255,0.4099942445755005,-0.0028175658080726
2068093725.0,-0.6016815304756165,0.4680550396442413,10.090553283691406,2.658360719680786,-0.0526372492313385,-0.0303016379475593
2068102058.0,-0.5401021838188171,0.4862580001354217,9.81684112548828,2.642505407333374,-0.1532499641180038,-0.0103993797674775
2068110391.0,-0.5902829766273499,0.6118495464324951,9.652743339538574,2.716095209121704,0.2185278683900833,0.0054942537099123
2068118724.0,-0.641792356967926,0.674518883228302,9.769246101379396,2.855897665023804,0.9119564890861512,0.0107964007183909
2068127057.0,-0.646702766418457,0.5202116966247559,9.900276184082031,2.4842348098754883,1.3756252527236938,0.1454504281282425
2068135390.0,-0.6661797165870667,0.3476034700870514,9.883557319641112,2.4726316928863525,1.302291750907898,0.118581086397171
2068143723.0,-0.7386701107025146,0.5215606093406677,9.838030815124512,2.634334087371826,1.0988891124725342,0.1208351477980613
2068152056.0,-0.7740619778633118,0.7320236563682556,9.96912670135498,3.1650869846343994,0.8302470445632935,0.1342826336622238
2068160389.0,-0.693435549736023,0.7104907035827637,10.189593315124512,3.0594284534454346,0.3771055936813354,-0.0117313209921121
2068168722.0,-0.6149105429649353,0.5018772482872009,9.968477249145508,2.359186172485352,-0.1037632673978805,0.0157143343240022
2068177055.0,-0.5843448042869568,0.4374195635318756,9.605391502380373,2.166055202484131,0.0104890298098325,0.0310572609305381
2068185388.0,-0.636714518070221,0.6120391488075256,9.605107307434082,2.481417655944824,0.453256756067276,0.1007535979151725
2068193721.0,-0.6615042090415955,0.6878684759140015,9.935256004333496,3.027820587158203,1.0915378332138062,0.0790327340364456
2068202054.0,-0.6353705525398254,0.5180395245552063,10.06551456451416,2.806769371032715,1.193200707435608,0.0374608151614666
2068210387.0,-0.689188539981842,0.4618492722511291,9.91955852508545,2.5068013668060303,1.0956618785858154,0.1071059331297874
2068218720.0,-0.7650454640388489,0.573947012424469,9.829489707946776,2.478804588317871,1.0353401899337769,-0.008017255924642
2068227053.0,-0.7825093269348145,0.6856271624565125,9.936755180358888,2.71517300605774,0.6987435221672058,0.1990866363048553
2068235386.0,-0.6605424880981445,0.5368292331695557,10.135505676269531,2.60866928100586,0.2883522808551788,0.095220923423767
2068243719.0,-0.540287435054779,0.3879859447479248,9.92951488494873,2.415358304977417,-0.0959509164094924,0.0044440696947276
2068252052.0,-0.5696413516998291,0.4800785779953003,9.560076713562012,2.411567449569702,0.0376145020127296,0.0202480535954237
2068260385.0,-0.6222138404846191,0.6275542974472046,9.620433807373049,2.6927602291107178,0.7275851368904114,0.0455805324018001
2068268718.0,-0.6575918793678284,0.5752342939376831,9.93440055847168,2.6541340351104736,1.1265779733657837,-0.0587846711277961
2068277051.0,-0.6455361843109131,0.4033260941505432,10.013665199279783,2.213287830352783,1.2664318084716797,-0.0615253970026969
2068285384.0,-0.7063160538673401,0.3942555785179138,9.86306095123291,2.2558844089508057,1.2101573944091797,0.0395355746150016
2068293717.0,-0.7572934627532959,0.5708251595497131,9.871891975402832,2.680747509002685,0.8235361576080322,0.0352067686617374
2068302050.0,-0.6962151527404785,0.6466999053955078,10.030868530273438,2.8204472064971924,0.4548960030078888,-0.0038677488919347
2068310383.0,-0.5918481945991516,0.4623189568519592,10.078102111816406,2.528573513031006,0.0002433352346997,-0.0121155334636569
2068318716.0,-0.5551087260246277,0.3500334620475769,9.785117149353027,2.062394142150879,-0.1005358695983886,0.0116160558536648
2068327049.0,-0.6275304555892944,0.4274384975433349,9.511873245239258,2.31638503074646,0.3959832489490509,0.0914556235074997
2068335382.0,-0.6541509032249451,0.5661865472793579,9.778031349182127,2.823700428009033,0.9705618023872375,-0.0428782254457473
2068343715.0,-0.6280787587165833,0.535857081413269,10.093894004821776,2.800955057144165,1.3417119979858398,0.0820551961660385
2068352048.0,-0.6671255230903625,0.422053724527359,9.981060028076172,2.5629727840423584,1.1115682125091553,0.0689663216471672
2068360381.0,-0.742162823677063,0.4305858612060547,9.820171356201172,2.333162307739258,0.954860270023346,0.1393798738718032
2068368714.0,-0.7594939470291138,0.470090240240097,9.857110023498535,2.581671476364136,0.7987414598464966,0.0168157424777746
2068377047.0,-0.6777918338775635,0.41280198097229,10.003564834594728,2.6126649379730225,0.4744653403759002,0.053444106131792
2068385380.0,-0.552424967288971,0.3669174313545227,9.997794151306152,2.5370259284973145,-0.0814788863062858,0.0723218023777008
2068393713.0,-0.5638334155082703,0.4448839426040649,9.769598007202148,2.476935148239136,-0.1012530699372291,0.0745758488774299
2068402046.0,-0.6117444038391113,0.5246450901031494,9.632927894592283,2.798291206359864,0.5557136535644531,0.0076202349737286
2068410379.0,-0.6411271691322327,0.4897549152374267,9.800986289978027,2.7904531955718994,1.1901013851165771,0.0971419736742973
2068418712.0,-0.686336100101471,0.342413067817688,9.965394973754885,2.5445568561553955,1.2327747344970703,0.0447096526622772
2068427045.0,-0.7258593440055847,0.3293927013874054,9.85256004333496,2.537973642349243,1.136004090309143,0.1305685639381408
2068435378.0,-0.7349957227706909,0.5186195373535156,9.808894157409668,2.8770549297332764,0.871152937412262,0.0829773172736167
2068443711.0,-0.7181069850921631,0.7039857506752014,10.085290908813477,3.25783634185791,0.4083037376403808,0.0202992819249629
2068452044.0,-0.7364833354949951,0.4527291357517242,9.81898593902588,3.102434635162353,0.1652502417564392,-0.0876775309443473
2068460377.0,-0.4632905721664428,0.9786405563354492,9.446372985839844,3.451864242553711,0.2093323469161987,-0.363773375749588
2068468710.0,-0.6728847622871399,1.5689617395401,9.9860258102417,3.718687057495117,1.2425849437713623,-0.2349337488412857
2068477043.0,-0.2751628458499908,0.6319776773452759,9.90823745727539,3.0702121257781982,1.6967511177062988,0.0783411487936973
2068485376.0,-0.6263368725776672,0.5625201463699341,8.989748001098633,2.481724977493286,2.295560836791992,0.030365677550435
2068493709.0,-1.0339008569717407,-0.5390970706939697,10.756409645080566,2.035345554351806,1.634201169013977,0.1284425854682922
2068502042.0,-0.8694638013839722,0.7212998270988464,10.377615928649902,0.8935140371322632,0.9418482184410096,-0.243898719549179
2068510375.0,-0.9457740187644958,0.6129067540168762,10.536444664001465,1.8215692043304443,-0.3897718489170074,-0.1084506809711456
2068518708.0,-0.1990775763988495,0.4487789571285248,9.034528732299805,3.0375795364379883,-0.8247783780097961,-0.0253837089985609
2068527041.0,-0.7184361815452576,0.4696574509143829,9.618800163269045,3.498430728912353,-0.0491537190973758,0.2167604863643646
2068535374.0,-0.6955470442771912,-0.1307752579450607,9.673815727233888,2.38518500328064,0.374185562133789,0.1312601417303085
2068543707.0,-0.4271857142448425,0.3903832137584686,9.714086532592772,1.8258978128433228,1.201960802078247,0.160076156258583
2068552040.0,-0.7657648921012878,0.4872691631317138,10.513822555541992,2.010448455810547,1.2265504598617554,0.1886616498231887
2068560373.0,-0.664460301399231,0.5424548983573914,9.57563304901123,2.886711597442627,0.8434895277023315,0.0957075953483581
2068568706.0,-0.668342649936676,0.363975465297699,9.858699798583984,3.4009430408477783,1.2198652029037476,0.239557147026062
2068577039.0,-0.8662176132202148,-0.052364706993103,9.695902824401855,2.576676845550537,0.7114994525909424,-0.1139065027236938
2068585372.0,-0.7591053247451782,0.5170994997024536,9.751853942871094,2.476243495941162,1.0339313745498655,-0.0395483747124671
2068593705.0,-0.6844947934150696,0.4689688384532928,10.354354858398438,2.639021873474121,0.3749027848243713,-0.0530470833182334
2068602038.0,-0.5217110514640808,0.6246983408927917,9.948731422424316,2.988041639328003,-0.1512264460325241,0.0215031541883945
2068610371.0,-0.4384289681911468,0.6068529486656189,9.853219032287598,3.1298413276672363,-0.1758161038160324,0.0634080320596695
2068618704.0,-0.7339313626289368,0.290984570980072,9.397074699401855,2.928180932998657,0.2078466862440109,0.0067749647423624
2068627037.0,-0.5806174278259277,0.5790363550186157,9.44597625732422,3.000233888626098,1.3957581520080566,0.1325408518314361
2068635370.0,-0.7607675194740295,0.3442618250846863,10.439476013183594,2.511027574539185,1.6975451707839966,0.051932867616415
2068643703.0,-0.6870924830436707,0.6166936755180359,9.974263191223145,2.482057809829712,1.2904835939407349,-0.1809645593166351
2068652036.0,-0.6678100824356079,0.7016558647155762,9.888044357299805,3.234219789505005,1.0263495445251465,0.1384577602148056
2068660369.0,-0.7117735743522644,0.461230605840683,10.138484954833984,3.16288423538208,0.2441421002149582,-0.0002817565982695
2068668702.0,-0.5923305749893188,0.6515185236930847,9.805309295654297,2.4301891326904297,0.1530578732490539,-0.0007428128737956
2068677035.0,-0.6402786374092102,0.3909006416797638,9.842450141906738,2.287517786026001,0.0185575131326913,0.0306730456650257
2068685368.0,-0.5155029892921448,0.5127964019775391,9.608811378479004,2.341230869293213,0.4677543640136719,0.0873573571443557
2068693701.0,-0.5787353515625,0.5929105877876282,9.808080673217772,2.981688976287842,0.8326547741889954,0.2001112252473831
2068702034.0,-0.6527523994445801,0.6121169328689575,9.94100570678711,3.1324286460876465,1.0903595685958862,0.1469104439020156
2068710367.0,-0.7178976535797119,0.4654154777526855,9.934518814086914,2.7654025554656982,1.3653284311294556,0.2202183753252029
2068718700.0,-0.7318546772003174,0.362446129322052,9.804424285888672,2.4247076511383057,1.4235237836837769,0.1274948418140411
2068727033.0,-0.7931915521621704,0.5202159285545349,9.863536834716797,2.6284172534942627,1.023608922958374,-0.0231552682816982
2068735366.0,-0.6886900663375854,0.6203446388244629,10.063623428344728,2.93461012840271,0.4412692487239837,-0.0273047741502523
2068743699.0,-0.5954751372337341,0.6289496421813965,10.141535758972168,2.997467517852783,0.0074153211899101,0.1045444905757904
2068752032.0,-0.5265765190124512,0.432633638381958,9.92191219329834,2.75825572013855,-0.337851732969284,0.1183761730790138
2068760365.0,-0.5750734806060791,0.5685961246490479,9.410353660583496,2.5950422286987305,0.2946533858776092,0.0790839567780494
2068768698.0,-0.6714774966239929,0.6012367010116577,9.689746856689451,2.817143440246582,1.140384078025818,0.2294394969940185
2068777031.0,-0.7053263783454895,0.5495690107345581,9.957277297973633,2.708179950714112,1.5239572525024414,0.0335674509406089
2068785364.0,-0.7236460447311401,0.5439876914024353,9.97935676574707,2.758666038513184,1.638760328292847,0.1237039566040039
2068793697.0,-0.769865870475769,0.4974102973937988,10.019454956054688,2.769014358520508,1.116998314857483,0.1306197941303253
2068802030.0,-0.8219897150993347,0.6773545145988464,9.888741493225098,2.7750844955444336,0.6272798180580139,0.0001921067741932
2068810363.0,-0.6970545053482056,0.6034795641899109,9.979971885681152,2.581594944000244,0.2050035297870636,0.016021704301238
2068818696.0,-0.6391504406929016,0.3651285171508789,9.924583435058594,2.4325714111328125,-0.081017829477787,0.0243719462305307
2068827029.0,-0.5506519079208374,0.3866679668426513,9.788594245910645,2.291103839874268,0.0269077531993389,0.0531111136078834
2068835362.0,-0.5758795738220215,0.5256770253181458,9.644264221191406,2.6455795764923096,0.4109932482242584,0.0233729910105466
2068843695.0,-0.6459012627601624,0.642948567867279,9.644572257995604,3.067804336547852,1.1307787895202637,-0.0052509186789393
2068852028.0,-0.6482175588607788,0.523619532585144,10.073134422302246,2.7654025554656982,1.4027764797210691,0.0828236266970634
2068860361.0,-0.7233499884605408,0.2597110569477081,9.998435020446776,2.155015230178833,1.304571509361267,0.0479626543819904
2068868694.0,-0.7710518836975098,0.3573995232582092,9.70571994781494,2.358213186264038,1.017589449882507,0.0570301003754138
2068877027.0,-0.7328197360038757,0.5863683223724365,9.983287811279297,3.0548689365386963,0.7423645853996277,0.0544174388051033
2068885360.0,-0.6852551698684692,0.607836902141571,10.17357349395752,3.0421383380889893,0.1412753015756607,-0.003534764284268
2068893693.0,-0.5551539063453674,0.4474923610687256,9.999723434448242,2.763481378555298,-0.2434120774269104,-0.0484365187585353
2068902026.0,-0.5345999598503113,0.3733350038528442,9.686541557312012,2.4851317405700684,-0.0297893565148115,-0.0526372492313385
2068910359.0,-0.614811360836029,0.5002755522727966,9.561721801757812,2.5713489055633545,0.6681601405143738,0.0920703634619712
2068918692.0,-0.6446545124053955,0.615939199924469,9.743905067443848,3.009941577911377,1.2804173231124878,-0.0006659702048636
2068927025.0,-0.6630756258964539,0.5148770809173584,10.062057495117188,3.020212888717652,1.4811558723449707,0.1338727921247482
2068935358.0,-0.6795834898948669,0.4582879841327667,10.032546997070312,2.659257173538208,1.1990920305252075,0.1322591006755828
2068943691.0,-0.73420250415802,0.5301231741905212,9.868608474731444,2.5814919471740723,0.9612381458282472,0.1449125260114669
2068952024.0,-0.721631646156311,0.607268214225769,9.854890823364258,2.7985987663269043,0.4492353200912475,0.040124699473381
2068960357.0,-0.6690194010734558,0.5148932337760925,10.051210403442385,2.739352941513061,0.2696282267570495,0.126752033829689
2068968690.0,-0.5915601253509521,0.3744660317897796,9.93947410583496,2.4440464973449707,0.063817873597145,0.0757797136902809
2068977023.0,-0.5587778091430664,0.477727860212326,9.580853462219238,2.512077569961548,0.3048478066921234,0.0976542681455612
2068985356.0,-0.6210174560546875,0.6422263979911804,9.71224308013916,2.958456993103028,0.7767131924629211,0.040124699473381
2068993689.0,-0.6637696623802185,0.5802686214447021,9.942790985107422,2.9087910652160645,1.1372848749160769,0.1002413183450698
2069002022.0,-0.6577152013778687,0.3776980936527252,9.909912109375,2.576523303985596,1.151628851890564,0.1291085630655288
2069010355.0,-0.6866949796676636,0.3751822412014007,9.837172508239746,2.3932018280029297,1.0225330591201782,0.0053405673243105
2069018688.0,-0.7408046722412109,0.5887467861175537,9.89422607421875,2.7970616817474365,0.7386761903762817,0.2187583893537521
2069027021.0,-0.7046757936477661,0.6809555888175964,9.995485305786133,3.1719775199890137,0.4700340330600738,0.0605904757976532
2069035354.0,-0.601416826248169,0.5259822607040405,10.014715194702148,2.9311776161193848,0.0562104359269142,0.0978079587221145
2069043687.0,-0.5666179656982422,0.378688782453537,9.80378532409668,2.427064180374145,0.0615382045507431,0.0282140783965587
2069052020.0,-0.6264193654060364,0.4869878590106964,9.5595064163208,2.3632588386535645,0.5376555919647217,-0.0326581485569477
2069060353.0,-0.6539002060890198,0.6355056762695312,9.710980415344238,2.796396017074585,0.9929742813110352,0.0301607642322778
2069068686.0,-0.6748210787773132,0.6230257749557495,10.043745040893556,2.954973697662353,1.19896399974823,0.0785716623067855
2069077019.0,-0.6716833710670471,0.4873514473438263,10.013176918029783,2.628032922744751,1.153037428855896,-0.022489296272397
2069085352.0,-0.7161585092544556,0.4881131947040558,9.787086486816406,2.541149616241455,0.913211464881897,0.0025998449418693
2069093685.0,-0.7377901673316956,0.6234444379806519,9.86439609527588,2.656337022781372,0.7148293256759644,-0.0063523300923407
2069102018.0,-0.6978811621665955,0.5484060645103455,10.052401542663574,2.596553325653076,0.3244171142578125,0.0675319358706474
2069110351.0,-0.59688401222229,0.3838731348514557,9.900690078735352,2.5520615577697754,0.173907846212387,-0.0068902289494872
2069118684.0,-0.5539820194244385,0.4099571108818054,9.727960586547852,2.5561087131500244,0.1653783172369003,-0.0442101694643497
2069127017.0,-0.6294921040534973,0.5579591989517212,9.68476390838623,2.735689878463745,0.5754622220993042,-0.0018442248692736
2069135350.0,-0.6730425357818604,0.6146185398101807,9.839473724365234,2.762866973876953,1.0440490245819092,0.059284146875143
2069143683.0,-0.6840977072715759,0.4345216751098633,9.972021102905272,2.6207587718963623,1.2935572862625122,0.1287243366241455
2069152016.0,-0.7308757305145264,0.2959612309932709,9.89082145690918,2.4359521865844727,1.1125928163528442,0.0543662197887897
2069160349.0,-0.7854562997817993,0.4580734074115753,9.794178009033203,2.5990381240844727,0.9496350288391112,0.0594378337264061
2069168682.0,-0.7446123361587524,0.6481563448905945,9.935328483581545,3.056226253509521,0.6647277474403381,0.1353584229946136
2069177015.0,-0.6642853021621704,0.581260085105896,10.07073211669922,3.0308938026428223,0.2391985356807708,0.1006255149841308
2069185348.0,-0.6050542593002319,0.3879554569721222,9.90803050994873,2.466150999069214,-0.1117805019021034,0.0700421258807182
2069193681.0,-0.647963285446167,0.3657883405685425,9.544214248657228,2.3800363540649414,0.2715493142604828,0.1531859338283538
2069202014.0,-0.6751306056976318,0.5477297902107239,9.637639045715332,2.7529540061950684,0.9002506136894226,-0.0197229627519845
2069210347.0,-0.6927738785743713,0.593442976474762,10.006157875061035,2.991192102432251,1.1120294332504272,0.0378450341522693
2069218680.0,-0.657437264919281,0.4612922966480255,10.00385284423828,2.752800703048706,1.108443260192871,0.0789302736520767
2069227013.0,-0.6843936443328857,0.4486441314220428,9.853177070617676,2.675650119781494,0.9529648423194884,0.0865120813250541
2069235346.0,-0.7578822374343872,0.5321431159973145,9.860819816589355,2.592147827148437,0.8064257502555847,0.0896370112895965
2069243679.0,-0.703994870185852,0.5802389979362488,9.94406795501709,2.7341530323028564,0.3976994156837463,-0.0023565096780657
2069252012.0,-0.6176667213439941,0.4394184648990631,10.032076835632324,2.681592464447021,0.1594101935625076,0.0229631625115871
2069260345.0,-0.5650657415390015,0.3700335323810577,9.90692901611328,2.495863914489746,-0.035706240683794,-0.0025614232290536
2069268678.0,-0.5971234440803528,0.4872594773769378,9.62893772125244,2.678877592086792,0.3282848596572876,0.0721681118011474
2069277011.0,-0.6352940201759338,0.6356292366981506,9.700857162475586,2.9529500007629395,0.7872663140296936,0.0831822305917739
2069285344.0,-0.6414452195167542,0.5206454992294312,10.004535675048828,2.7301316261291504,1.2047271728515625,0.0200687535107135
2069293677.0,-0.6584987640380859,0.3303759694099426,9.916908264160156,2.470736503601074,1.1921762228012085,-0.0709002092480659
2069302010.0,-0.6784791946411133,0.4017086923122406,9.802152633666992,2.6286990642547607,0.8723310828208923,0.1012914851307869
2069310343.0,-0.6955173015594482,0.627730131149292,9.94651985168457,2.9388363361358643,0.7169039845466614,0.0929412543773651
2069318676.0,-0.645557701587677,0.6351402997970581,10.027902603149414,3.0216987133026123,0.3172707259654999,0.0715789869427681
2069327009.0,-0.5455219745635986,0.4559998512268066,9.96927547454834,2.6718595027923584,0.03203060105443,0.027215126901865
2069335342.0,-0.5540346503257751,0.3549122810363769,9.731656074523926,2.2786295413970947,0.2331791669130325,0.0520097017288208
2069343675.0,-0.6019251346588135,0.4991934299468994,9.52811050415039,2.572348117828369,0.707503616809845,0.0844373255968093
2069352008.0,-0.6510058045387268,0.6269327402114868,9.830294609069824,3.005356788635254,1.1080846786499023,0.0118465842679142
2069360341.0,-0.6608082056045532,0.5221785306930542,10.066367149353027,2.868781566619873,1.2317757606506348,0.1023416817188263
2069368674.0,-0.6649635434150696,0.4278404414653778,9.95868968963623,2.6701176166534424,1.0948933362960815,0.0264210850000381
2069377007.0,-0.7421841025352478,0.4911032617092132,9.781782150268556,2.626650094985962,0.8869569897651672,-0.0120643060654401
2069385340.0,-0.7443751096725464,0.6155062317848206,9.850582122802734,2.81632399559021,0.5790226459503174,0.1065680310130119
2069393673.0,-0.6726983785629272,0.5444339513778687,10.059054374694824,2.887044668197632,0.3454720079898834,-0.0275865327566862
2069402006.0,-0.5702933669090271,0.4074791073799133,9.88324737548828,2.5938639640808105,0.0206066537648439,0.0369741506874561
2069410339.0,-0.5680797696113586,0.4872266054153442,9.69918155670166,2.5857186317443848,0.1375868618488311,0.0632031261920929
2069418672.0,-0.6598446369171143,0.623292088508606,9.656852722167969,2.79355263710022,0.9028378129005432,0.0692737028002739
2069427005.0,-0.688675582408905,0.6190820932388306,9.866334915161133,2.789223909378052,1.274884581565857,0.2097677886486053
2069435338.0,-0.7176837921142578,0.4166237711906433,10.014570236206056,2.5788793563842773,1.349140167236328,0.1500866115093231
2069443671.0,-0.7266905307769775,0.4114134311676025,9.822603225708008,2.445915937423706,1.137464165687561,0.0792888551950454
2069452004.0,-0.7429636120796204,0.609719455242157,9.87405014038086,2.8975718021392822,0.7644696235656738,0.0745246186852455
2069460337.0,-0.7149403095245361,0.7152872681617737,10.016246795654297,3.021391153335572,0.3732122182846069,0.0346176400780677
2069468670.0,-0.6318903565406799,0.5758607387542725,10.040082931518556,2.8775672912597656,0.0800316855311393,0.1013427227735519
2069477003.0,-0.5935423970222473,0.3869107961654663,9.837787628173828,2.3269636631011963,0.1731138080358505,-0.0014343970688059
2069485336.0,-0.602756917476654,0.456730842590332,9.616856575012209,2.407264232635498,0.3617626428604126,0.0960661992430687
2069493669.0,-0.6796891093254089,0.6498356461524963,9.735767364501951,2.817655324935913,1.026503324508667,0.0766505971550941
2069502002.0,-0.6980000138282776,0.6167988181114197,9.991373062133787,3.0039994716644287,1.2884089946746826,0.0671733394265174
2069510335.0,-0.6928833723068237,0.5003932118415833,10.092086791992188,2.708128929138184,1.1052159070968628,0.0213238503783941
2069518668.0,-0.7304900884628296,0.4538981318473816,9.863792419433594,2.4305477142333984,0.8775052428245544,0.0878696367144584
2069527001.0,-0.7609655857086182,0.5519405603408813,9.809988975524902,2.542558431625366,0.6755626201629639,0.0778032317757606
2069535334.0,-0.6968933343887329,0.6082901954650879,10.013724327087402,2.743425369262696,0.5308166146278381,0.0310828741639852
2069543667.0,-0.5983465909957886,0.4309570789337158,10.017574310302734,2.5552122592926025,-0.0367051996290683,0.0524963699281215
2069552000.0,-0.5240241289138794,0.4284474551677704,9.812917709350586,2.5788283348083496,0.0103609589859843,-0.0218745563179254
2069560333.0,-0.5844993591308594,0.532862663269043,9.607090950012209,2.720654487609864,0.4705719649791717,0.0705800279974937
2069568666.0,-0.6262394785881042,0.6281343698501587,9.809179306030272,2.868448495864868,0.928913116455078,0.0821576565504074
2069576999.0,-0.6530441641807556,0.4669138193130493,9.959676742553713,2.579852819442749,1.207749605178833,0.0927107259631156
2069585332.0,-0.688782811164856,0.296363890171051,9.949615478515623,2.3638992309570312,1.245761156082153,0.1224488466978073
2069593665.0,-0.6858909726142883,0.4652056992053985,9.82627773284912,2.6551332473754883,1.0113141536712646,-0.0507417991757392
2069601998.0,-0.7290753722190857,0.6485643982887268,9.935969352722168,2.9951107501983643,0.6093754768371582,0.0261905547231435
2069610331.0,-0.6376436352729797,0.6233688592910767,10.059088706970217,2.988912343978882,0.1970375180244445,-0.0195948928594589
2069618664.0,-0.5620408654212952,0.388858824968338,9.915186882019045,2.5242700576782227,0.0018058033892884,0.0810818597674369
2069626997.0,-0.5475244522094727,0.3505959212779999,9.660754203796388,2.2059106826782227,0.2337683290243148,-0.0292514599859714
2069635330.0,-0.6321772933006287,0.5283278822898865,9.558258056640623,2.7215769290924072,0.9476115107536316,0.0556469298899173
2069643663.0,-0.646348237991333,0.6085299849510193,9.920916557312012,3.080073356628418,1.222298502922058,0.141044795513153
2069651996.0,-0.6673423051834106,0.5052160620689392,10.053674697875977,2.878309726715088,1.2012436389923096,-0.0418024323880672
2069660329.0,-0.693635880947113,0.4091257154941559,9.91425895690918,2.538281202316284,1.098171949386597,0.030032692477107
2069668662.0,-0.7327080965042114,0.4701493680477142,9.74812126159668,2.6008822917938232,0.942642331123352,0.1712695807218551
2069676995.0,-0.7299724221229553,0.5562366843223572,9.89688491821289,2.852875232696533,0.6493593454360962,0.0701702013611793
2069685328.0,-0.6497065424919128,0.4606839418411255,10.05142307281494,2.752083301544189,0.4193434417247772,0.064432606101036
2069693661.0,-0.5697660446166992,0.3675088882446289,9.883462905883787,2.6057233810424805,-0.0242310650646686,0.0283933766186237
2069701994.0,-0.5571275353431702,0.4727876484394073,9.68185329437256,2.747011661529541,0.2112277746200561,0.121987797319889
2069710327.0,-0.6279059648513794,0.601172149181366,9.70828342437744,2.867680072784424,0.8409793376922607,0.0758053287863731
2069718660.0,-0.6751293540000916,0.5293262600898743,9.923789024353027,2.744911193847656,1.2506023645401,0.0213750805705785
2069726993.0,-0.6915555000305176,0.3441275358200073,9.956501007080078,2.4663310050964355,1.2589781284332275,0.0221947357058525
2069735326.0,-0.7406559586524963,0.3994475305080414,9.864449501037598,2.6079518795013428,1.0711232423782349,0.0296484772115945
2069743659.0,-0.7647198438644409,0.5988243222236633,9.895221710205078,3.02956223487854,0.7443369030952454,0.0544686689972877
2069751992.0,-0.7349721789360046,0.6919907927513123,10.049386978149414,3.147029161453247,0.4026686251163482,0.0748319998383522
2069760325.0,-0.6468037366867065,0.5010196566581726,10.023160934448242,2.702596426010132,0.1696558892726898,0.0437875352799892
2069768658.0,-0.5971542596817017,0.3776596188545227,9.768760681152344,2.2743520736694336,0.1854342669248581,0.011820969171822
2069776991.0,-0.6143521666526794,0.483368456363678,9.606087684631348,2.5537264347076416,0.5521788597106934,0.0647399723529815
2069785324.0,-0.6531384587287903,0.6160950064659119,9.813071250915527,2.946674346923828,0.937673032283783,0.0677624642848968
2069793657.0,-0.6486414074897766,0.623299777507782,10.029373168945312,2.996622085571289,1.0440490245819092,0.0188648849725723
2069801990.0,-0.6595211625099182,0.4420258402824402,9.98482894897461,2.729004383087158,0.9714838862419128,0.0498068816959857
2069810323.0,-0.7283055782318115,0.4960946440696716,9.74265956878662,2.545427799224853,0.7446955442428589,0.1303636580705642
2069818656.0,-0.7524620294570923,0.5827716588973999,9.85389518737793,2.728235960006714,0.8169019818305969,0.0557749941945076
2069826989.0,-0.6869959235191345,0.5449721217155457,10.032123565673828,2.743195056915283,0.4777182638645172,0.0605648607015609
2069835322.0,-0.5666717290878296,0.4429678916931152,9.986974716186523,2.611332893371582,0.1953469812870025,0.0040342421270906
2069843655.0,-0.5384650230407715,0.4586302042007446,9.724377632141112,2.595887422561645,0.1670176237821579,-0.0290209297090768
2069851988.0,-0.6094343066215515,0.6443198323249817,9.634668350219728,2.7548749446868896,0.6226436495780945,0.0785460472106933
2069860321.0,-0.6217859983444214,0.5827248692512512,9.859773635864258,2.827184200286865,0.8942056894302368,0.0488335378468036
2069868654.0,-0.6407651901245117,0.4148425459861755,9.943178176879885,2.635564088821411,1.1289857625961304,0.0943500399589538
2069876987.0,-0.6732861995697021,0.3544168472290039,9.864418029785156,2.5317494869232178,1.208082675933838,0.0853338316082954
2069885320.0,-0.7406567335128784,0.5557962656021118,9.857177734375,2.921802997589112,1.1298822164535522,0.1106150671839714
2069893653.0,-0.7116950154304504,0.7365807890892029,10.014863967895508,3.055304527282715,0.5709285140037537,0.0666610524058342
2069901986.0,-0.641793966293335,0.5478208661079407,10.090471267700195,2.865195751190185,0.0551090314984321,0.0406369864940643
2069910319.0,-0.5719701647758484,0.381124198436737,9.860762596130373,2.4282937049865723,0.1475764214992523,0.016149777919054
2069918652.0,-0.6029177308082581,0.4218529462814331,9.57060718536377,2.284571647644043,0.3373010158538818,0.009182701818645
2069926985.0,-0.6621596217155457,0.5828641653060913,9.71168613433838,2.742708444595337,0.8295043110847473,0.0638178661465644
2069935318.0,-0.6793469786643982,0.6143534183502197,9.983777046203612,3.0525381565093994,1.2357205152511597,0.076087087392807
2069943651.0,-0.6536420583724976,0.4680847525596618,10.057403564453123,2.757615804672241,1.1356455087661743,0.0055198674090206
2069951984.0,-0.7185929417610168,0.4216071963310241,9.834863662719728,2.4720425605773926,1.0450992584228516,0.0497812628746032
2069960317.0,-0.7921805381774902,0.5025250911712646,9.789193153381348,2.43262243270874,0.8146479725837708,-0.0040726638399064
2069968650.0,-0.7493562698364258,0.5179658532142639,10.019219398498535,2.684102773666382,0.4606079459190368,0.0548784956336021
2069976983.0,-0.6429102420806885,0.4227035045623779,10.038243293762209,2.6910955905914307,0.1898911297321319,0.0675831586122512
2069985316.0,-0.5608383417129517,0.3879944682121277,9.819424629211426,2.6108460426330566,0.0831309929490089,0.0307242721319198
2069993649.0,-0.601728081703186,0.5066003799438477,9.657811164855955,2.773112297058105,0.4260031580924988,0.14790940284729
2070001982.0,-0.6721954941749573,0.6021106243133545,9.744794845581056,2.7596137523651123,0.8816804885864258,0.1326945573091507
2070010315.0,-0.6968032717704773,0.4121625125408172,9.979101181030272,2.6504456996917725,1.2497824430465698,0.0286239050328731
2070018648.0,-0.7124781608581543,0.3153570592403412,9.894491195678713,2.4880259037017822,1.1611829996109009,0.1528273373842239
2070026981.0,-0.7352858781814575,0.4385539591312408,9.82655906677246,2.661332130432129,1.0173077583312988,0.0666866675019264
2070035314.0,-0.7296756505966187,0.6277424097061157,9.951992988586426,3.1737446784973145,0.6748710870742798,0.1444770842790603
2070043647.0,-0.636015772819519,0.6261937022209167,10.071121215820312,3.007918119430542,0.0639715492725372,0.0341821983456611
2070051980.0,-0.573834240436554,0.3800809681415558,9.940463066101074,2.486335277557373,0.0177890863269567,-0.0011270262766629
2070060313.0,-0.5790196657180786,0.3692615330219269,9.624130249023438,2.2977631092071533,0.0910457894206047,-0.0225149113684892
2070068646.0,-0.6160966753959656,0.571642279624939,9.549370765686035,2.6669671535491943,0.6698250770568848,0.0733207538723945
2070076979.0,-0.6509563326835632,0.6053742170333862,9.907610893249512,3.1563267707824707,1.2233229875564575,0.0779569149017334
2070085312.0,-0.6512434482574463,0.5380248427391052,10.059433937072754,2.974439859390259,1.126065731048584,0.074908822774887
2070093645.0,-0.6843121647834778,0.4169140458106994,9.948583602905272,2.637305498123169,0.9715094566345216,0.0429934933781623
2070101978.0,-0.7377841472625732,0.5190525054931641,9.830487251281738,2.53382420539856,0.6973603367805481,0.0596171282231807
2070110311.0,-0.6844576001167297,0.6098158359527588,9.90461254119873,2.741401672363281,0.5920602083206177,0.0857436507940292
2070118644.0,-0.5935751795768738,0.4592832922935486,10.081222534179688,2.810175895690918,0.17657171189785,0.1007023602724075
2070126977.0,-0.5157829523086548,0.4250411987304687,9.833617210388184,2.620553970336914,0.0822601169347763,-0.0196205042302608
2070135310.0,-0.5560184121131897,0.5340343713760376,9.662333488464355,2.814556121826172,0.3024400770664215,-0.0049947760999202
2070143643.0,-0.6086296439170837,0.6588271856307983,9.736581802368164,2.897905111312866,0.8461278080940247,0.045606143772602
2070151976.0,-0.667954683303833,0.5398515462875366,9.915243148803713,2.771293878555298,1.186848521232605,0.0365643203258514
2070160309.0,-0.6964256763458252,0.3648420572280884,9.908976554870604,2.532773971557617,1.3195557594299316,0.1016244813799858
2070168642.0,-0.6911699771881104,0.4309088289737701,9.870080947875977,2.557671070098877,1.133289098739624,0.0499605648219585
2070176975.0,-0.7189621925354004,0.6753444075584412,9.895179748535156,3.00384521484375,0.8272757530212402,0.052189003676176
2070185308.0,-0.667602002620697,0.7153220176696777,10.097955703735352,3.076820611953736,0.3275676667690277,0.0891247317194938
2070193641.0,-0.5998770594596863,0.4671209752559662,10.008995056152344,2.66066575050354,-0.0167260970920324,0.0256526581943035
2070201974.0,-0.5527584552764893,0.3907178938388824,9.699213981628418,2.256063461303711,0.1697839498519897,0.0604367814958095
2070210307.0,-0.6241700649261475,0.476975530385971,9.553441047668455,2.5228867530822754,0.6329149603843689,0.0843860954046249
2070218640.0,-0.6701423525810242,0.6173620820045471,9.836243629455566,2.9685487747192383,1.148170828819275,-0.0297381300479173
2070226973.0,-0.6879928708076477,0.5567572712898254,10.104818344116213,2.893909215927124,1.3585662841796875,0.0556469298899173
2070235306.0,-0.7140858173370361,0.441785603761673,9.940808296203612,2.637561559677124,1.2107208967208862,0.1047494038939476
2070243639.0,-0.748336136341095,0.497536689043045,9.806455612182615,2.498476505279541,1.040181279182434,0.1739078313112259
2070251972.0,-0.7851449847221375,0.5604786276817322,9.895852088928224,2.7044920921325684,0.698974072933197,-0.0122436042875051
2070260305.0,-0.6874479651451111,0.4898087382316589,10.014324188232422,2.745577096939087,0.3159131705760956,0.0922496691346168
2070268638.0,-0.5778234601020813,0.3664300739765167,9.94689655303955,2.655081987380981,-0.0452091284096241,-5.12284750584e-05
2070276971.0,-0.5921860933303833,0.4669248163700104,9.707417488098145,2.616660594940185,0.1317468285560608,0.090943343937397
2070285304.0,-0.6578088402748108,0.6010929346084595,9.647705078125,2.8597140312194824,0.7273033857345581,0.0778288543224334
2070293637.0,-0.6805111765861511,0.584411084651947,9.809229850769045,2.819422960281372,1.230238914489746,0.0708105564117431
2070301970.0,-0.7322701215744019,0.3635120987892151,10.023178100585938,2.5652530193328857,1.295939564704895,0.1080792769789695
2070310303.0,-0.7457801103591919,0.3877142071723938,9.862519264221191,2.478881359100342,1.116127371788025,-0.0465154498815536
2070318636.0,-0.7436096668243408,0.5845181941986084,9.862789154052734,2.9636056423187256,0.7992281913757324,-0.0202864743769168
2070326969.0,-0.7019780278205872,0.6675886511802673,10.084373474121094,3.135272026062012,0.3321269750595093,0.1096929609775543
2070335302.0,-0.5956131219863892,0.5179896950721741,10.0347318649292,2.7033133506774902,-0.0604752078652381,-0.0425452403724193
2070343635.0,-0.5436569452285767,0.3727963268756866,9.784751892089844,2.357675313949585,0.036154493689537,-0.0170590803027153
2070351968.0,-0.5964459180831909,0.4168395698070526,9.59791088104248,2.482595682144165,0.3213690221309662,0.0805695801973342
2070360301.0,-0.6525235176086426,0.6080294847488403,9.7203369140625,2.8749032020568848,1.0233527421951294,0.0774958655238151
2070368634.0,-0.6451691389083862,0.6133965849876404,9.991738319396973,3.0089685916900635,1.277804613113403,0.0461440458893775
2070376967.0,-0.6563475131988525,0.4930587112903595,10.021899223327637,2.7511351108551025,1.049325466156006,0.0805695727467536
2070385300.0,-0.7111547589302063,0.4582473039627075,9.864315032958984,2.463589906692505,0.9632617235183716,0.1929904520511627
2070393633.0,-0.7625541090965271,0.5689528584480286,9.80694580078125,2.661818742752075,0.7130618691444397,0.0514461919665336
2070401966.0,-0.6864864826202393,0.5330899357795715,10.028766632080078,2.796677589416504,0.4084061682224273,0.103750467300415
2070410299.0,-0.6000959873199463,0.4090505838394165,9.992198944091797,2.649139404296875,0.0648168250918388,0.0406625978648662
2070418632.0,-0.5338938236236572,0.4441540837287903,9.688331604003906,2.6662497520446777,0.1408911049365997,0.0525219924747943
2070426965.0,-0.5921916365623474,0.5808852910995483,9.649707794189451,2.814863681793213,0.6234889030456543,0.0843604877591133
2070435298.0,-0.6471289992332458,0.6315075159072876,9.80320644378662,2.8801543712615967,0.8874180316925049,0.1252151876688003
2070443631.0,-0.6674744486808777,0.4497568011283874,9.942312240600586,2.6021885871887207,1.416172742843628,0.1900704354047775
2070451964.0,-0.7008259296417236,0.339842289686203,9.924062728881836,2.466458797454834,1.2006288766860962,0.0267796851694583
2070460297.0,-0.7547073364257812,0.5342437624931335,9.82455825805664,2.6931960582733154,0.9372889399528505,0.0815941467881202
2070468630.0,-0.7249414920806885,0.6973300576210022,9.953451156616213,3.136962652206421,0.5716201066970825,0.0001921067741932
2070476963.0,-0.6580359935760498,0.6417269110679626,10.09809684753418,2.9046671390533447,0.2281587868928909,0.0751137360930442
2070485296.0,-0.5972118973731995,0.4432218074798584,9.959437370300291,2.384160280227661,-0.0485389754176139,0.0429678820073604
2070493629.0,-0.5982025265693665,0.4022197723388672,9.598206520080566,2.309289693832397,0.3774129450321197,0.0979104116559028
2070501962.0,-0.6791964173316956,0.568019449710846,9.636082649230955,2.75082802772522,0.8956146240234375,0.0747807621955871
2070510295.0,-0.67351895570755,0.5940261483192444,10.056230545043944,3.0224926471710205,1.2558019161224363,0.1347692906856537
2070518628.0,-0.7005890607833862,0.4778233468532562,10.070252418518066,2.713200569152832,1.1379252672195437,0.0233986042439937
2070526961.0,-0.7193010449409485,0.4369272887706756,9.838407516479492,2.4766275882720947,0.8396474719047546,0.1301587373018264
2070535294.0,-0.7453219890594482,0.5240058302879333,9.863490104675291,2.588254451751709,0.8480744957923889,0.0462208874523639
2070543627.0,-0.6963919997215271,0.5646502375602722,9.977240562438965,2.699112892150879,0.5414465665817261,0.0149715216830372
2070551960.0,-0.6226966977119446,0.3971797227859497,9.977855682373049,2.702263116836548,0.2691927850246429,0.0097462153062224
2070560293.0,-0.551539957523346,0.3682903945446014,9.850387573242188,2.560283899307251,0.1490108221769333,-0.0042775771580636
2070568626.0,-0.5927139520645142,0.5361572504043579,9.636146545410156,2.745781898498535,0.4375807642936706,0.0351811535656452
2070576959.0,-0.6492441892623901,0.6198917031288147,9.695603370666504,2.926259994506836,0.9938451647758484,0.0406626015901565
2070585292.0,-0.6636938452720642,0.4861423373222351,9.952617645263672,2.8649139404296875,1.1291651725769043,0.0588743239641189
2070593625.0,-0.6803694367408752,0.3592215180397033,9.941059112548828,2.5057764053344727,1.1885132789611816,0.0750368982553482
2070601958.0,-0.7088772058486938,0.4594049751758575,9.782957077026367,2.597117185592652,0.8760195970535278,0.0292642656713724
2070610291.0,-0.7089747190475464,0.6580581665039062,9.90162754058838,2.977001428604126,0.5750011205673218,0.0099255144596099
2070618624.0,-0.6117530465126038,0.6553719639778137,10.068004608154297,3.0126051902771,0.1773657798767089,0.0732439085841178
2070626957.0,-0.5437159538269043,0.4567949771881103,9.928023338317873,2.505955934524536,-0.0628317221999168,0.0838225856423378
2070635290.0,-0.5219696760177612,0.3945004045963287,9.581247329711914,2.3071892261505127,0.0469380803406238,0.025140369310975
2070643623.0,-0.5885815620422363,0.5166621804237366,9.595335960388184,2.716146469116211,0.7884702086448669,0.1673506200313568
2070651956.0,-0.650123119354248,0.6215802431106567,9.839018821716309,2.8594324588775635,1.1730422973632812,0.0360008105635643
2070660289.0,-0.6326937079429626,0.5262326598167419,9.99600887298584,2.808485507965088,1.31151282787323,-0.0158039815723896
2070668622.0,-0.6854546070098877,0.4344728291034698,9.949871063232422,2.5956058502197266,1.1408708095550537,0.0621785596013069
2070676955.0,-0.7115132212638855,0.524318277835846,9.803194999694824,2.505622625350952,0.834498941898346,0.0829517021775245
2070685288.0,-0.6932289600372314,0.5950248837471008,9.865119934082031,2.683616399765014,0.6200309991836548,0.121142528951168
2070693621.0,-0.6044759154319763,0.494830310344696,10.051016807556152,2.7393527030944824,0.1639182865619659,0.0125893969088792
2070701954.0,-0.5453264117240906,0.3772217035293579,9.94342803955078,2.519275665283203,0.0039061713032424,0.0689151063561439
2070710287.0,-0.5171103477478027,0.4782218039035797,9.63222312927246,2.622833490371704,0.3136334717273712,0.1003693789243698
2070718620.0,-0.6153634786605835,0.6133507490158081,9.6487455368042,2.845472574234009,0.8624440431594849,0.1311576813459396
2070726953.0,-0.6793907284736633,0.5737155079841614,9.948737144470217,2.7685017585754395,1.4038264751434326,0.1307990849018097
2070735286.0,-0.7042155861854553,0.3653037250041961,10.00111484527588,2.5661749839782715,1.3653796911239624,0.0191210266202688
2070743619.0,-0.7093531489372253,0.3866181969642639,9.849658012390137,2.600343942642212,1.1623866558074951,0.0225277189165353
2070751952.0,-0.7487848401069641,0.5662944912910461,9.886863708496094,2.846855640411377,0.7208486795425415,0.1309271603822708
2070760285.0,-0.7359775304794312,0.6625664234161377,10.026571273803713,2.992805957794189,0.4242869913578033,0.1480118632316589
2070768618.0,-0.6365935802459717,0.4971224665641784,9.970169067382812,2.7292866706848145,0.1138680875301361,0.0093620037660002
2070776951.0,-0.6297777891159058,0.3704430162906647,9.81563949584961,2.459030866622925,0.2366371303796768,0.0018570320680737
2070785284.0,-0.7046964764595032,0.4651118814945221,9.612422943115234,2.41597318649292,0.6523562073707581,0.1122287735342979
2070793617.0,-0.7384347915649414,0.6198473572731018,9.755941390991213,2.9012346267700195,1.2571594715118408,0.0057247811928391
2070801950.0,-0.7292423844337463,0.5612332820892334,10.129179954528809,2.865041732788086,1.4234726428985596,0.0051356540061533
2070810283.0,-0.7734405994415283,0.443680852651596,10.075970649719238,2.6088225841522217,1.0510162115097046,0.0506521463394165
2070818616.0,-0.8188835382461548,0.4512351155281067,9.832868576049805,2.4099280834198,0.7435684204101562,0.0465538725256919
2070826949.0,-0.8183391094207764,0.5198553204536438,9.859525680541992,2.637101173400879,0.5660874247550964,0.0916349291801452
2070835282.0,-0.7588953971862793,0.5027936697006226,10.079167366027832,2.8499038219451904,0.2540804147720337,-0.03083954192698
2070843615.0,-0.6660887598991394,0.3797577917575836,10.008142471313477,2.518686532974243,0.0889198184013366,-0.0631390884518623
2070851948.0,-0.6013485193252563,0.3836850225925445,9.751166343688965,2.7144558429718018,0.0592073015868663,0.0765993669629097
2070860281.0,-0.6488743424415588,0.5245019793510437,9.68389129638672,2.91752552986145,0.6057382225990295,0.0179683864116668
2070868614.0,-0.6680958271026611,0.5537856817245483,9.836151123046877,2.884610891342163,0.8285308480262756,-0.0224636830389499
2070876947.0,-0.6541913151741028,0.3822036683559418,9.94230842590332,2.7488813400268555,1.0985050201416016,0.1279815286397934
2070885280.0,-0.6586999297142029,0.3272693157196045,9.902365684509276,2.581594944000244,0.9698446393013,0.0361801125109195
2070893613.0,-0.6811824440956116,0.5027980208396912,9.83754539489746,2.8022611141204834,0.7999197244644165,0.0984483137726783
2070901946.0,-0.6484798192977905,0.6662861108779907,9.930353164672852,3.20058822631836,0.4207265973091125,0.0670452564954757
2070910279.0,-0.5586130023002625,0.5879437923431396,10.003328323364258,3.093290328979492,0.0622297823429107,-0.0270486325025558
2070918612.0,-0.504727840423584,0.4005060195922851,9.920169830322266,2.5093882083892822,-0.0076330425217747,0.0150995925068855
2070926945.0,-0.5042756199836731,0.4188320934772491,9.613654136657717,2.440741777420044,0.1780061274766922,0.0845653936266899
2070935278.0,-0.5487315058708191,0.5895779132843018,9.623579978942873,2.9248766899108887,0.7374210357666016,0.0291874222457408
2070943611.0,-0.5660346150398254,0.6330308318138123,9.972792625427246,3.1073012351989746,1.1816743612289429,0.1245236098766326
2070951944.0,-0.5733084082603455,0.5412622690200806,9.991740226745604,2.8140437602996826,1.1378482580184937,0.1428377628326416
2070960277.0,-0.6134064793586731,0.4857510030269623,9.818428993225098,2.569504499435425,1.0418205261230469,0.0537514723837375
2070968610.0,-0.680539608001709,0.5455315709114075,9.77618408203125,2.539741039276123,0.9286312460899352,0.1114347279071807
2070976943.0,-0.6877415776252747,0.6154575943946838,9.925365447998049,2.731207132339477,0.6905212998390198,0.0165852177888155
2070985276.0,-0.6003467440605164,0.5452082753181458,9.953207015991213,2.6845383644104004,0.4419351816177368,-0.0391385518014431
2070993609.0,-0.5371779203414917,0.4601239562034607,9.879450798034668,2.6307997703552246,0.2481891512870788,0.052880585193634
2071001942.0,-0.5400686860084534,0.5897177457809448,9.68132209777832,2.621322631835937,0.3876074254512787,0.1077975183725357
2071010275.0,-0.6478542685508728,0.6171407103538513,9.67805004119873,2.798290967941284,0.9131346344947816,-0.0119106182828545
2071018608.0,-0.7112839221954346,0.5394079685211182,9.89805507659912,2.743502378463745,1.3115640878677368,0.0210420954972505
2071026941.0,-0.7108438611030579,0.3792334198951721,10.019733428955078,2.4901773929595947,1.3905072212219238,-0.0322739332914352
2071035274.0,-0.7605004906654358,0.4327231049537658,9.824546813964844,2.520812511444092,1.158314228057861,0.0713996812701225
2071043607.0,-0.8048956394195557,0.6377958655357361,9.804916381835938,2.964399099349976,0.867310643196106,0.1212449669837951
2071051940.0,-0.7709428071975708,0.660426139831543,10.078214645385742,2.96952223777771,0.5024616718292236,0.0750112906098365
2071060273.0,-0.70719313621521,0.4699532985687256,9.976240158081056,2.497631311416626,0.0628701448440551,-0.0139853740110993
2071068606.0,-0.6563778519630432,0.3694176375865936,9.630202293395996,2.337234735488892,0.1243955269455909,-0.0193387456238269
2071076939.0,-0.6879510283470154,0.4689357876777649,9.65609359741211,2.5855135917663574,0.6246159076690674,0.0391513556241989
2071085272.0,-0.7364031076431274,0.5907267928123474,9.905457496643066,2.970700740814209,1.0080097913742063,-0.0363209843635559
2071093605.0,-0.7161571383476257,0.5482442378997803,9.963730812072754,2.8350729942321777,1.1460704803466797,-0.0142671279609203
2071101938.0,-0.7116838097572327,0.4323520064353943,9.945399284362791,2.654057741165161,0.9428728222846984,0.0280091688036918
2071110271.0,-0.796565592288971,0.4635862112045288,9.842853546142578,2.4518074989318848,0.8352161645889282,0.1333605200052261
2071118604.0,-0.7904399633407593,0.5244215130805969,9.820226669311523,2.618786573410034,0.6197747588157654,0.0094900736585259
2071126937.0,-0.6972247958183289,0.4666222929954529,10.022310256958008,2.832460880279541,0.4966472387313843,0.0799292251467704
2071135270.0,-0.5977453589439392,0.3643736243247986,10.049296379089355,2.6740877628326416,0.2117144763469696,0.1302611976861953
2071143603.0,-0.5728341341018677,0.407952070236206,9.768115043640137,2.630107879638672,0.0084142759442329,-0.0387287177145481
2071151936.0,-0.6121902465820312,0.5133076906204224,9.636032104492188,2.888120412826538,0.5182656645774841,0.0660463124513626
2071160269.0,-0.6553218960762024,0.4728708565235138,9.932415008544922,2.938375473022461,0.9868268966674804,0.1275460869073867
2071168602.0,-0.6835241317749023,0.3472667634487152,10.032086372375488,2.634539604187012,1.0635926723480225,-0.0233089532703161
2071176935.0,-0.6799640655517578,0.3299116790294647,9.847265243530272,2.679594755172729,1.1551378965377808,0.0041110846213996
2071185268.0,-0.6980977654457092,0.5389071106910706,9.86768913269043,3.0974655151367188,0.9017364382743835,0.2186046689748764
2071193601.0,-0.6806649565696716,0.6730186939239502,10.074396133422852,3.296820878982544,0.5775113105773926,0.0643813759088516
2071201934.0,-0.59317946434021,0.6061213612556458,10.095884323120115,2.9931387901306152,0.1486522257328033,-0.0048667043447494
2071210267.0,-0.5351791381835938,0.4360170364379883,9.895939826965332,2.518276691436768,-0.0599629245698452,0.0421738401055336
2071218600.0,-0.5366351008415222,0.4871978759765625,9.653816223144531,2.46643328666687,0.2794897556304931,0.0137932663783431
2071226933.0,-0.5761032700538635,0.6506096124649048,9.678873062133787,2.82206130027771,0.7818617224693298,0.0296228602528572
2071235266.0,-0.5462437272071838,0.675530195236206,9.95604133605957,3.160732746124268,1.1457631587982178,0.0394075028598308
2071243599.0,-0.5830309391021729,0.6082063317298889,10.106303215026855,2.7973179817199707,1.084980607032776,0.0240901913493871
2071251932.0,-0.6074618101119995,0.555473268032074,9.805185317993164,2.3975307941436768,1.0069340467453003,-0.0690815970301628
2071260265.0,-0.6529399156570435,0.6366029381752014,9.693931579589844,2.699394702911377,0.8611378073692322,0.1123824641108512
2071268598.0,-0.6036483645439148,0.6441646218299866,9.98388385772705,2.737175226211548,0.5688281059265137,-0.03434868901968
2071276931.0,-0.5475682616233826,0.5142962336540222,10.086067199707031,2.623473882675171,0.2302335649728775,-0.0892656147480011
2071285264.0,-0.4701188802719116,0.4409888088703155,9.76806354522705,2.5872299671173096,0.1504964381456375,-0.059245727956295
2071293597.0,-0.5525182485580444,0.5686047673225403,9.599367141723633,2.768425226211548,0.6066604256629944,-0.0063267163932323
2071301930.0,-0.6357818841934204,0.635668933391571,9.796187400817873,2.8016467094421387,1.131675362586975,-0.0068646152503788
2071310263.0,-0.7012403607368469,0.5061080455780029,9.902676582336426,2.655799388885498,1.3708868026733398,-0.0927747562527656
2071318596.0,-0.7251700162887573,0.3322075307369232,9.954224586486816,2.4644863605499268,1.3658661842346191,0.0178403165191411
2071326929.0,-0.7686536908149719,0.4443524479866028,9.918706893920898,2.722601413726806,1.2755506038665771,0.0182757563889026
2071335262.0,-0.8181840181350708,0.6638125777244568,9.964115142822266,3.0437779426574707,0.928938627243042,-0.0158039834350347
2071343595.0,-0.7343295812606812,0.6629905700683594,10.021414756774902,3.1073269844055176,0.6154716610908508,0.0988837555050849
2071351928.0,-0.6667340397834778,0.4748872816562652,10.053489685058594,2.6920688152313232,0.2198853939771652,-0.0240005385130643
2071360261.0,-0.696968138217926,0.3839000165462494,9.739819526672363,2.3075222969055176,0.3532074689865112,-0.0376016944646835
2071368594.0,-0.7671515941619873,0.5305867791175842,9.56367015838623,2.6463732719421387,0.9110599756240844,0.0966553092002868
2071376927.0,-0.8357377648353577,0.6442436575889587,9.853890419006348,3.000617742538452,1.419143795967102,0.1679909527301788
2071385260.0,-0.9017360806465148,0.552205502986908,10.106721878051758,2.7473702430725098,1.4570529460906982,0.1743433028459549
2071393593.0,-0.936623215675354,0.420026421546936,9.876112937927246,2.4723241329193115,1.481821894645691,0.2795665860176086
2071401926.0,-0.9834694266319276,0.4183990955352783,9.725197792053224,2.4711976051330566,0.9848545789718628,0.1909157186746597
2071410259.0,-0.9774134159088136,0.4493013024330139,9.906416893005373,2.4576730728149414,0.5728752017021179,0.2116888463497162
2071418592.0,-0.9320411086082458,0.3759512603282928,9.983480453491213,2.6056463718414307,0.1375100165605545,0.2701917588710785
2071426925.0,-0.7942338585853577,0.2991416752338409,9.779003143310549,2.5321593284606934,0.0116928992792963,0.1910950094461441
2071435258.0,-0.7793141603469849,0.33428555727005,9.601973533630373,2.549858570098877,0.0091570885851979,0.378898561000824
2071443591.0,-0.8201574087142944,0.3848995268344879,9.537915229797363,2.600805282592773,0.4347119927406311,0.3085106313228607
2071451924.0,-0.798940896987915,0.2679022252559662,9.70934772491455,2.698575019836426,0.8485868573188782,0.3287459313869476
2071460257.0,-0.7421160340309143,0.1252091825008392,9.913030624389648,2.572092294692993,0.8962549567222595,0.4711866974830627
2071468590.0,-0.6403868794441223,0.1591003835201263,9.83684253692627,2.659538984298706,0.4659101665019989,0.3490836322307586
2071476923.0,-0.5307317972183228,0.3726900517940521,9.834909439086914,3.1497950553894043,-0.0634720772504806,0.2647103071212768
2071485256.0,-0.3934834897518158,0.4695724844932556,10.044167518615724,3.4989430904388428,-0.6066988706588745,0.2802325487136841
2071493589.0,-0.2838944792747497,0.3783948719501495,10.066990852355955,3.1603479385375977,-0.6876397132873535,0.1376637071371078
2071501922.0,-0.2189226746559143,0.3497145473957062,9.692803382873535,2.8394789695739746,-0.5013474225997925,0.0573630779981613
2071510255.0,-0.2420394569635391,0.424055278301239,9.570189476013184,3.1159586906433105,0.1928623914718628,-0.1110377162694931
2071518588.0,-0.3318072259426117,0.5974427461624146,9.816123962402344,3.633391857147217,0.9127504229545592,-0.0012038690038025
2071526921.0,-0.347563087940216,0.6683517098426819,10.104482650756836,3.83200478553772,1.3655332326889038,-0.0965656638145446
2071535254.0,-0.352245956659317,0.6934519410133362,10.147601127624512,3.458292961120605,1.153191089630127,-0.1391109079122543
2071543587.0,-0.4609400033950805,0.7294178605079651,10.0223388671875,3.1820945739746094,0.8201038241386414,-0.2161072939634323
2071551920.0,-0.5232406854629517,0.7912470698356628,9.877787590026855,3.095646858215332,0.5211344361305237,-0.1998422592878341
2071560253.0,-0.4863223731517792,0.7363373041152954,9.976058959960938,3.04377818107605,0.4600445032119751,-0.208064466714859
2071568586.0,-0.4460262358188629,0.6567612886428833,10.031623840332031,2.8796422481536865,0.1642000675201416,-0.2815004885196686
2071576919.0,-0.4820336997509002,0.7130563855171204,9.679193496704102,2.760869026184082,0.3364813923835754,-0.0751521736383438
2071585252.0,-0.5846242904663086,0.8435459733009338,9.622923851013184,2.915527582168579,1.0745301246643066,-0.1833979338407516
2071593585.0,-0.72118079662323,0.8001993298530579,9.817774772644045,2.734050273895264,1.5189111232757568,-0.085064873099327
2071601918.0,-0.7822644114494324,0.622604489326477,9.904069900512695,2.2779126167297363,1.8457235097885127,-0.0658029690384864
2071610251.0,-0.8544279336929321,0.5199127197265625,9.869037628173828,2.173713207244873,1.636224389076233,0.0187368094921112
2071618584.0,-0.9032167792320251,0.6580782532691956,9.821403503417969,2.518481492996216,1.321784257888794,0.0263698566704988
2071626917.0,-0.8924228549003601,0.7418748140335083,9.942355155944824,2.9110448360443115,0.8878021240234375,0.0443510450422763
2071635250.0,-0.8265718221664429,0.6773782968521118,9.99685287475586,2.57360315322876,0.4045896530151367,0.1034430861473083
2071643583.0,-0.7380071878433228,0.5171313285827637,9.79127025604248,2.143181562423706,0.2553355097770691,0.1360756009817123
2071651916.0,-0.7673959136009216,0.4819625914096832,9.54957103729248,2.123202085494995,0.4670627415180206,0.2021859437227249
2071660249.0,-0.8316620588302612,0.5915603637695312,9.573931694030762,2.5851292610168457,1.182340383529663,0.1859721541404724
2071668582.0,-0.8257616758346558,0.6372515559196472,9.910484313964844,2.867884874343872,1.461176872253418,0.2652226090431213
2071676915.0,-0.8225770592689514,0.6303573250770569,10.070392608642578,2.778850078582764,1.355825662612915,0.2310788333415985
2071685248.0,-0.8812611103057861,0.639676570892334,9.90742015838623,2.479983329772949,1.1129257678985596,0.3566910326480865
2071693581.0,-0.9107301235198976,0.690167248249054,9.877108573913574,2.576753616333008,0.7893410921096802,0.2940642237663269
2071701914.0,-0.8295281529426575,0.7221975922584534,9.957362174987791,2.469865560531616,0.491319477558136,0.2841002941131592
2071710247.0,-0.720546543598175,0.5755481719970703,10.09312915802002,2.34666109085083,-0.0406754054129123,0.1801321059465408
2071718580.0,-0.6105315685272217,0.5923044085502625,9.868642807006836,2.363924741744995,-0.2184637784957885,0.1885591745376587
2071726913.0,-0.6086546182632446,0.6987909078598022,9.716336250305176,2.40808367729187,0.0970907509326934,0.2255717515945434
2071735246.0,-0.6493682861328125,0.7593047618865967,9.828906059265137,2.452703952789306,0.5910612940788269,0.0873317420482635
2071743579.0,-0.6300550699234009,0.5495913624763489,10.011696815490724,2.141132354736328,1.0859283208847046,0.0751905888319015
2071751912.0,-0.6677483916282654,0.3954780995845794,10.001784324645996,1.83073890209198,1.13310968875885,-0.0617303028702735
2071760245.0,-0.6721051335334778,0.4077508747577667,9.867354393005373,2.065467834472656,0.705249547958374,0.0581315085291862
2071768578.0,-0.679823637008667,0.5031611919403076,10.015292167663574,2.5228617191314697,0.3640423715114593,-0.0696194916963577
2071776911.0,-0.5878386497497559,0.5436098575592041,10.088842391967772,2.495633602142334,-0.0874726027250289,-0.1222311183810234
2071785244.0,-0.5338285565376282,0.3372733891010284,10.014946937561035,2.099739789962769,-0.3092406690120697,-0.1799656152725219
2071793577.0,-0.4779500067234039,0.2232758104801178,9.745885848999023,1.772850751876831,-0.1327329576015472,-0.1917481571435928
2071801910.0,-0.5398402810096741,0.2836806178092956,9.656765937805176,2.1187968254089355,0.4206241369247436,-0.1109096482396125
2071810243.0,-0.5452085733413696,0.3125864267349243,9.917085647583008,2.485157251358032,0.9052455425262452,-0.1881365776062011
2071818576.0,-0.5354630351066589,0.2561593949794769,10.045950889587402,2.555596113204956,1.2340041399002075,-0.1781726032495498
2071826909.0,-0.5672547817230225,0.2503851950168609,9.994141578674316,2.515458822250366,1.0652319192886353,-0.1330915540456771
2071835242.0,-0.6417550444602966,0.2714756727218628,9.821880340576172,2.440716505050659,0.8891596794128418,-0.1145724654197692
2071843575.0,-0.6352717876434326,0.2609207928180694,9.915958404541016,2.5941457748413086,0.7098601460456848,-0.1051976606249809
2071851908.0,-0.5791423916816711,0.1754478365182876,10.037020683288574,2.5791614055633545,0.4363256692886352,-0.0548656955361366
2071860241.0,-0.5279374122619629,0.1662181168794632,9.895551681518556,2.621988296508789,0.2443725913763046,-0.0536362044513225
2071868574.0,-0.5417276620864868,0.3052779734134674,9.657310485839844,2.91383695602417,0.4747214615345001,0.0642020851373672
2071876907.0,-0.6277934908866882,0.4105422496795654,9.71501350402832,3.165189504623413,0.9689737558364868,0.014612921513617
2071885240.0,-0.6335463523864746,0.3638856410980224,9.853382110595703,3.0267701148986816,1.371680736541748,0.1137144044041633
2071893573.0,-0.6898159980773926,0.2740222215652466,9.867403984069824,2.81609320640564,1.4156092405319214,0.2432199716567993
2071901906.0,-0.7264755964279175,0.32457235455513,9.81533908843994,2.799853801727295,1.221479058265686,0.2213966697454452
2071910239.0,-0.778216540813446,0.5473566651344299,9.762248039245604,3.2652902603149414,0.9949722290039062,0.1896606087684631
2071918572.0,-0.719214677810669,0.6247312426567078,9.963482856750488,3.4164140224456787,0.6915715336799622,0.2145576626062393
2071926905.0,-0.6494841575622559,0.5734339356422424,9.985772132873535,2.9468793869018555,0.3256978094577789,0.1878932267427444
2071935238.0,-0.6371781826019287,0.4542315006256103,9.703128814697266,2.6154568195343018,0.3434485197067261,0.2246240675449371
2071943571.0,-0.6593587398529053,0.574283242225647,9.47108554840088,2.8019540309906006,0.7083232998847961,0.3258258700370788
2071951904.0,-0.7074132561683655,0.6328822374343872,9.746288299560549,3.233349084854126,1.027092456817627,0.2465754598379135
2071960237.0,-0.7321406006813049,0.6977401375770569,9.988974571228027,3.142751693725586,1.2431998252868652,0.2149674743413925
2071968570.0,-0.7357020974159241,0.6263734102249146,9.940701484680176,2.9448304176330566,1.1537548303604126,0.1042115092277526
2071976903.0,-0.7360202074050903,0.6829741597175598,9.840067863464355,2.7543628215789795,0.9922827482223512,0.1399690061807632
2071985236.0,-0.7781926393508911,0.7210562229156494,9.909259796142578,2.7728562355041504,0.6254100203514099,0.0144080072641372
2071993569.0,-0.7163366079330444,0.6851192712783813,9.994420051574709,2.69204330444336,0.3993643522262573,-0.0480523072183132
2072001902.0,-0.6313626170158386,0.616305410861969,9.951824188232422,2.6241142749786377,0.0958868861198425,-0.0889326184988021
2072010235.0,-0.579908013343811,0.6271575689315796,9.793346405029297,2.712586164474488,0.1009585112333297,-0.018467865884304
2072018568.0,-0.6177082657814026,0.7342991828918457,9.670562744140623,2.7922463417053223,0.3896565735340118,-0.0500246025621891
2072026901.0,-0.6681253910064697,0.7230632305145264,9.830790519714355,2.812558174133301,1.167637586593628,-0.0139853721484541
2072035234.0,-0.6851027607917786,0.5632954239845276,10.013561248779297,2.484362840652466,1.1530888080596924,0.1225000694394111
2072043567.0,-0.7162957787513733,0.4694443643093109,9.897428512573242,2.2932043075561523,1.0588797330856323,-0.1298129558563232
2072051900.0,-0.7020478248596191,0.5723508596420288,9.817830085754396,2.5863592624664307,0.7198240160942078,-0.0780978053808212
2072060233.0,-0.6633308529853821,0.7141717076301575,10.01503086090088,2.79928994178772,0.3706763982772827,0.0001921067450894
2072068566.0,-0.583371102809906,0.6031439304351807,10.076619148254396,2.651777744293213,0.1213218346238136,0.0013191329780966
2072076899.0,-0.5021499395370483,0.4433417618274688,9.83491325378418,2.0870864391326904,-0.0805311650037765,-0.0437747277319431
2072085232.0,-0.5341681241989136,0.3809120059013366,9.629932403564451,2.1314244270324707,0.2176057249307632,0.0051612681709229
2072093565.0,-0.6139706969261169,0.4903013110160827,9.67327117919922,2.4914584159851074,0.950633943080902,0.0453243926167488
2072101898.0,-0.6520319581031799,0.514157772064209,9.92953395843506,2.845985174179077,1.3739861249923706,0.0722193419933319
2072110231.0,-0.6674460768699646,0.3770731687545776,10.04953670501709,2.6213481426239014,1.3605386018753052,0.0919935256242752
2072118564.0,-0.6958786249160767,0.3457491993904114,9.98793125152588,2.4573144912719727,1.0628498792648315,0.1771864593029022
2072126897.0,-0.7571473121643066,0.4270271062850952,9.878392219543455,2.5153050422668457,0.8489710688591003,0.1187604069709777
2072135230.0,-0.7260212898254395,0.447473406791687,10.003475189208984,2.778644800186157,0.5428296327590942,0.1812334954738617
2072143563.0,-0.6399847269058228,0.3677134811878204,10.118311882019045,2.7647364139556885,0.3027218282222748,-0.0334778018295764
2072151896.0,-0.5566611886024475,0.3704355955123901,9.84303855895996,2.684999227523804,0.1424535661935806,0.1111529693007469
2072160229.0,-0.6054573059082031,0.4757880568504333,9.670509338378906,2.8874287605285645,0.5952876210212708,0.1598456352949142
2072168562.0,-0.6843287348747253,0.5970968008041382,9.842799186706545,3.019214153289795,0.9024023413658142,0.2399157285690307
2072176895.0,-0.7130275368690491,0.4941703975200653,9.973383903503418,2.7929887771606445,1.1725811958312988,0.1753934770822525
2072185228.0,-0.7434505224227905,0.3980055153369903,9.88333511352539,2.631516933441162,1.334079027175903,0.1094624251127243
2072193561.0,-0.7617045640945435,0.4853302240371704,9.922500610351562,2.690839529037476,0.9899260997772216,0.1520589143037796
2072201894.0,-0.790382444858551,0.6886984705924988,9.897445678710938,2.965142250061035,0.5315337777137756,0.1417363584041595
2072210227.0,-0.7209497094154358,0.6920839548110962,9.998628616333008,2.923340082168579,0.2544646263122558,0.0858717262744903
2072218560.0,-0.6291379928588867,0.5013196468353271,9.92697811126709,2.621220111846924,-0.1105254366993904,0.1273411810398101
2072226893.0,-0.6109809875488281,0.4142350852489471,9.671762466430664,2.261493682861328,0.0173024144023656,-0.0103737646713852
2072235226.0,-0.6415717601776123,0.5647169947624207,9.514076232910156,2.577547788619995,0.5308422446250916,0.0281372386962175
2072243559.0,-0.648044764995575,0.5981322526931763,9.856961250305176,2.9044620990753174,1.0730699300765991,0.0967321544885635
2072251892.0,-0.6705740690231323,0.4815115630626678,10.007116317749023,2.7739837169647217,1.088387370109558,0.0374608188867569
2072260225.0,-0.6903461813926697,0.4178697466850281,9.818887710571287,2.472222089767456,0.9753516912460328,0.0403040014207363
2072268558.0,-0.7092271447181702,0.4077537357807159,9.715481758117676,2.556723356246948,0.6668282747268677,-0.0047130193561315
2072276891.0,-0.726661741733551,0.4741786122322082,9.843608856201172,2.7070021629333496,0.5808412432670593,0.0329014845192432
2072285224.0,-0.6309449672698975,0.4000315070152282,10.005105018615724,2.7690653800964355,0.3501338064670563,-0.0797883346676826
2072293557.0,-0.5586922764778137,0.3357966840267181,9.815221786499023,2.6126902103424072,0.2039277255535125,-0.0081453267484903
2072301890.0,-0.547059178352356,0.3974141180515289,9.684731483459473,2.760458946228028,0.3259795904159546,0.0129736103117465
2072310223.0,-0.596564531326294,0.5218828320503235,9.73671054840088,2.9213674068450928,0.6530733108520508,-0.0181092638522386
2072318556.0,-0.6224707365036011,0.4619843661785126,9.83613109588623,2.892961502075196,1.1030642986297607,0.0714509114623069
2072326889.0,-0.6328450441360474,0.3494524955749511,9.946160316467283,2.6990106105804443,1.2808527946472168,0.1372538805007934
2072335222.0,-0.6447073817253113,0.3900099992752075,9.935502052307127,2.836712598800659,1.1846455335617063,0.1098978817462921
2072343555.0,-0.6924099922180176,0.5885779857635498,9.87043285369873,3.106584310531616,0.8132648468017578,0.0204529669135808
2072351888.0,-0.658647358417511,0.6984660625457764,9.988118171691896,3.287574291229248,0.6335809230804443,0.2162225544452667
2072360221.0,-0.5667915344238281,0.5560083389282227,10.099857330322266,2.93166446685791,0.1852293461561203,0.1059532910585403
2072368554.0,-0.5695115923881531,0.4553594887256622,9.789185523986816,2.5641257762908936,0.280821681022644,0.0846678614616394
2072376887.0,-0.6318722367286682,0.5261816382408142,9.58419704437256,2.715403318405152,0.8188742995262146,0.070272646844387
2072385220.0,-0.6897656917572021,0.6925680637359619,9.834345817565918,3.1043813228607178,1.169968605041504,0.0529830493032932
2072393553.0,-0.6815047264099121,0.6827844381332397,10.028191566467283,3.0334296226501465,1.2352592945098877,0.101906232535839
2072401886.0,-0.6939013600349426,0.5786908268928528,9.99498462677002,2.850902795791626,1.1782163381576538,0.1382272094488144
2072410219.0,-0.7497311234474182,0.5715429186820984,9.849111557006836,2.5649454593658447,0.8530179858207703,0.1749324053525924
2072418552.0,-0.7534308433532715,0.6826568841934204,9.866793632507324,2.62288498878479,0.7670055031776428,-0.0008452698239125
2072426885.0,-0.6932851076126099,0.6233343482017517,10.022821426391602,2.7261617183685303,0.4213669598102569,0.077342189848423
2072435218.0,-0.5955058336257935,0.5079336762428284,9.995455741882324,2.6482174396514893,0.1803370267152786,0.0544174388051033
2072443551.0,-0.5806986689567566,0.5319204330444336,9.749521255493164,2.5468618869781494,0.1349998414516449,0.0565178133547306
2072451884.0,-0.677456259727478,0.6573520302772522,9.649447441101074,2.711791753768921,0.7315808534622192,-0.0426989234983921
2072460217.0,-0.7266448140144348,0.6308799982070923,9.800515174865724,2.729593515396118,1.2140506505966189,0.0584388710558414
2072468550.0,-0.7322922348976135,0.4652453064918518,9.99271297454834,2.4971189498901367,1.3548520803451538,0.0771116465330123
2072476883.0,-0.7377316355705261,0.38063845038414,9.931448936462402,2.3797800540924072,1.0846476554870603,0.000268949457677
2072485216.0,-0.7563337087631226,0.5508620142936707,9.828617095947266,2.742990016937256,0.7864211201667786,0.1071827709674835
2072493549.0,-0.7271354794502258,0.656472384929657,10.034567832946776,2.9777700901031494,0.4520272016525268,0.0520097017288208
2072501882.0,-0.6291735768318176,0.5614157915115356,10.060474395751951,2.7349982261657715,0.02793232165277,-0.0423403307795524
2072510215.0,-0.5792471170425415,0.367256611585617,9.827288627624512,2.415255784988404,-0.0665713995695114,0.054622359573841
2072518548.0,-0.566467821598053,0.3982464373111725,9.584417343139648,2.3912041187286377,0.4495426714420318,-0.0222075413912534
2072526881.0,-0.6659189462661743,0.5697139501571655,9.678173065185549,2.898776054382324,1.0894887447357178,0.0653547272086143
2072535214.0,-0.6957924365997314,0.5644426345825195,9.95551300048828,2.970982313156128,1.4246509075164795,0.1020086929202079
2072543547.0,-0.6950910091400146,0.4915106296539306,10.008049011230469,2.7180159091949463,1.2530611753463743,0.0730389878153801
2072551880.0,-0.7162050008773804,0.4436841905117035,9.905869483947754,2.497349739074707,0.945536732673645,0.113637551665306
2072560213.0,-0.7628644704818726,0.5195448994636536,9.763387680053713,2.5793917179107666,0.6614491939544678,0.055979911237955
2072568546.0,-0.6745164394378662,0.544792652130127,9.910699844360352,2.6161227226257324,0.4645782113075256,0.1700145006179809
2072576879.0,-0.5780555605888367,0.447640061378479,10.05960464477539,2.644580364227295,-0.023437026888132,0.0761127099394798
2072585212.0,-0.5258274078369141,0.4202181398868561,9.747568130493164,2.487283229827881,-0.0113214934244751,-0.0227198265492916
2072593545.0,-0.575251579284668,0.5537311434745789,9.54001235961914,2.642172336578369,0.4920110702514648,0.0912763252854347
2072601878.0,-0.6573399901390076,0.5963442325592041,9.761378288269045,2.8199350833892822,1.1127208471298218,0.138893187046051
2072610211.0,-0.688281238079071,0.4338514506816864,9.997151374816896,2.575626373291016,1.228804349899292,0.1303892582654953
2072618544.0,-0.6944811344146729,0.3232975006103515,9.912032127380373,2.418995380401612,1.1714541912078855,0.1168649345636367
2072626877.0,-0.7003205418586731,0.44168621301651,9.865482330322266,2.72070574760437,0.8685147762298584,0.0527269057929515
2072635210.0,-0.6990883946418762,0.6507968306541443,10.003484725952148,2.97666883468628,0.4095844328403473,0.1395591646432876
2072643543.0,-0.5887616276741028,0.6016249656677246,10.016114234924316,2.918498992919922,0.1349485963582992,-0.0506393425166606
2072651876.0,-0.5164873003959656,0.4065873622894287,9.928547859191896,2.514946460723877,-0.0763816535472869,-0.0370381847023963
2072660209.0,-0.5268351435661316,0.3487477004528045,9.670394897460938,2.3291406631469727,0.2375079840421676,0.0161497741937637
2072668542.0,-0.6241127848625183,0.4914842844009399,9.618239402770996,2.6501128673553467,0.7754581570625305,0.0586950257420539
2072676875.0,-0.6403243541717529,0.5982129573822021,9.871923446655272,3.0893971920013428,1.3491402864456177,0.135512113571167
2072685208.0,-0.6507955193519592,0.5241039991378784,10.177984237670898,3.067599296569824,1.4733693599700928,0.0365899391472339
2072693541.0,-0.6951966881752014,0.4530906081199646,10.034977912902832,2.6917614936828613,1.0960716009140017,-0.0181604921817779
2072701874.0,-0.7469086050987244,0.510405957698822,9.802098274230955,2.565483570098877,0.8310410380363464,-0.0106042940169572
2072710207.0,-0.7238059043884277,0.5787146687507629,9.969253540039062,2.740325927734375,0.4607360064983368,0.1488058865070343
2072718540.0,-0.640180766582489,0.4807152152061462,10.080140113830566,2.7082059383392334,0.0796474665403366,0.0221691224724054
2072726873.0,-0.5048901438713074,0.3999985158443451,9.80380153656006,2.641096830368042,0.1201179474592208,-0.0922880843281745
2072735206.0,-0.5297120809555054,0.5102287530899048,9.576608657836914,2.8028504848480225,0.3162205219268799,0.1596663296222686
2072743539.0,-0.6804147958755493,0.6399974226951599,9.720215797424316,2.918396234512329,0.9629032015800476,0.0567227192223072
2072751872.0,-0.7254974842071533,0.5566818714141846,9.931123733520508,2.6576945781707764,1.429312825202942,0.0894064903259277
2072760205.0,-0.750393807888031,0.3562754094600677,9.864527702331545,2.406777620315552,1.4412490129470823,0.0137164238840341
2072768538.0,-0.7819951772689819,0.4422213435173034,9.883851051330566,2.676187992095948,1.053218960762024,0.1450918316841125
2072776871.0,-0.7794535160064697,0.6449586749076843,9.962176322937012,3.048029899597168,0.7416986227035522,0.1069266200065612
2072785204.0,-0.7142513394355774,0.7109622955322266,9.955299377441406,3.079509973526001,0.0515486486256122,0.0711435377597808
2072793537.0,-0.6043070554733276,0.4954647719860077,10.005000114440918,2.71591591835022,0.0007300057332031,0.0479882694780826
2072801870.0,-0.5933976173400879,0.3635022342205047,9.773825645446776,2.2348036766052246,0.0682491287589073,-0.0114751756191253
2072810203.0,-0.6551082134246826,0.4833435118198395,9.508593559265137,2.578751564025879,0.5645249485969543,0.0050331973470747
2072818536.0,-0.7219661474227905,0.624776303768158,9.783947944641112,3.0389881134033203,1.1729655265808103,0.0997546464204788
2072826869.0,-0.726114809513092,0.5942120552062988,10.12987232208252,3.144851922988892,1.3861528635025024,0.1445283442735672
2072835202.0,-0.6935232877731323,0.4800042808055877,10.031436920166016,2.6080541610717773,1.1629502773284912,0.2244191020727157
2072843535.0,-0.739275336265564,0.5077952146530151,9.859807968139648,2.57611346244812,0.7997916340827942,0.0108732422813773
2072851868.0,-0.7671840190887451,0.6128745675086975,9.922420501708984,2.6997532844543457,0.5036142468452454,0.029904618859291
2072860201.0,-0.6731006503105164,0.5257584452629089,10.002163887023926,2.8092029094696045,0.2426820993423462,-0.0121411466971039
2072868534.0,-0.5841533541679382,0.4533571302890777,9.91757869720459,2.7007524967193604,0.0037524856161326,-0.0034835361875593
2072876867.0,-0.5476142168045044,0.5009374618530273,9.731738090515137,2.6654813289642334,0.2619952261447906,0.0963735654950141
2072885200.0,-0.6176116466522217,0.6411784887313843,9.595285415649414,2.825724124908448,0.7687216997146606,0.0692993104457855
2072893533.0,-0.6664845943450928,0.627203643321991,9.77493953704834,2.76076602935791,1.294069528579712,0.041149266064167
2072901866.0,-0.6708266735076904,0.4607421159744262,10.01474952697754,2.498579263687134,1.362433910369873,-0.0327093787491321
2072910199.0,-0.7061001062393188,0.3626955151557922,9.865943908691406,2.450603485107422,1.0079073905944824,0.0403296127915382
2072918532.0,-0.7185233235359192,0.5672420859336853,9.75674533843994,2.7659659385681152,0.6980263590812683,0.2136867642402649
2072926865.0,-0.6761854887008667,0.7011891603469849,9.986350059509276,2.997775077819824,0.2462680786848068,0.038101177662611
2072935198.0,-0.5884867906570435,0.5850769281387329,10.032527923583984,2.732872724533081,-0.0591945014894008,0.0699652880430221
2072943531.0,-0.5240656733512878,0.3759750425815582,9.75632095336914,2.329345703125,-0.049358632415533,0.0389976762235164
2072951864.0,-0.5331873297691345,0.3790779411792755,9.563932418823242,2.3707640171051025,0.6331710815429688,0.126137301325798
2072960197.0,-0.6153718829154968,0.5449600219726562,9.69602870941162,2.5919172763824463,1.0356218814849854,0.013972564600408
2072968530.0,-0.6106452345848083,0.583645761013031,9.94626808166504,2.962990522384644,1.3683252334594729,0.0604111701250076
2072976863.0,-0.6050910353660583,0.4560353755950928,10.120861053466797,2.797778606414795,1.1284478902816772,0.0502167046070098
2072985196.0,-0.6465657949447632,0.4342101812362671,9.913580894470217,2.3693552017211914,0.856578528881073,-0.059245727956295
2072993529.0,-0.6755785346031189,0.5309417247772217,9.765666961669922,2.6631760597229004,0.6621151566505432,0.0534440986812114
2073001862.0,-0.6452826261520386,0.5457153916358948,9.98932933807373,2.7517244815826416,0.5028714537620544,0.077419027686119
2073010195.0,-0.5904218554496765,0.43458092212677,10.037900924682615,2.669349193572998,0.3766188621520996,0.0398429408669471
2073018528.0,-0.5203868746757507,0.4053438305854797,9.8187894821167,2.6948866844177246,0.3245707750320434,0.0947342589497566
2073026861.0,-0.5755077600479126,0.5275320410728455,9.70754051208496,2.6308507919311523,0.5912917852401733,0.126393437385559
2073035194.0,-0.6843642592430115,0.6237865090370178,9.799079895019531,2.837890625,1.1257327795028689,0.0457086041569709
2073043527.0,-0.7305718660354614,0.5001724362373352,9.98861598968506,2.732539415359497,1.3671469688415527,0.0504216253757476
2073051860.0,-0.7272695899009705,0.3354682624340057,9.963210105895996,2.4885122776031494,1.2572875022888184,0.164891630411148
2073060193.0,-0.7549792528152466,0.4042551219463348,9.854291915893556,2.684692144393921,1.0698426961898804,0.1803370267152786
2073068526.0,-0.7709896564483643,0.6090748906135559,9.929131507873535,2.997851610183716,0.6530988812446594,0.0106170987710356
2073076859.0,-0.703533411026001,0.6465793251991272,10.020429611206056,3.0236449241638184,0.3656559884548187,0.1283145099878311
2073085192.0,-0.6545988917350769,0.4278513193130493,9.968515396118164,2.5398433208465576,0.3079215288162231,-0.0102200787514448
2073093525.0,-0.6605879664421082,0.341702252626419,9.630130767822266,2.449937582015991,0.3113794326782226,-0.014548884704709
2073101858.0,-0.7328348159790039,0.4943688809871673,9.517492294311523,2.674318313598633,0.9771702885627748,0.0243207179009914
2073110191.0,-0.7558097839355469,0.6064409613609314,9.817533493041992,3.059197425842285,1.222324013710022,0.0106683289632201
2073118524.0,-0.7374730706214905,0.5394555330276489,10.063159942626951,2.952284097671509,1.020714521408081,0.0735256671905517
2073126857.0,-0.765751838684082,0.4333666265010834,9.941842079162598,2.5993452072143555,0.8421063423156738,0.1474995613098144
2073135190.0,-0.7636186480522156,0.4861930906772613,9.73866081237793,2.6309022903442383,0.655455470085144,0.0885356068611145
2073143523.0,-0.767075777053833,0.595590353012085,9.83698844909668,2.744373083114624,0.3902969062328338,-0.012397289276123
2073151856.0,-0.6505823135375977,0.4957495927810669,9.976449966430664,2.779951333999634,0.1716794073581695,0.0757540985941886
2073160189.0,-0.5710383057594299,0.4309885799884796,9.873072624206545,2.5358476638793945,-0.0462080799043178,0.0477577447891235
2073168522.0,-0.5446774363517761,0.4984433948993683,9.661775588989258,2.670860290527344,0.3604819476604461,0.0238596610724926
2073176855.0,-0.6132574677467346,0.6375214457511902,9.650388717651367,2.947340488433838,0.696822464466095,0.1894813030958175
2073185188.0,-0.6482794284820557,0.6128247380256653,9.896777153015137,2.8192949295043945,1.0847244262695312,0.047885812819004
2073193521.0,-0.6684345602989197,0.4074065387248993,9.979961395263672,2.576856136322021,0.9760432243347168,0.0786485075950622
2073201854.0,-0.6686832904815674,0.4011803567409515,9.851532936096191,2.556825876235962,0.9576267004013062,0.1268288940191269
2073210187.0,-0.6540020108222961,0.6072691679000854,9.861416816711426,2.9866325855255127,0.5987967848777771,0.1681958585977554
2073218520.0,-0.6031444668769836,0.7079187035560608,10.016517639160156,3.0749762058258057,0.3304364383220672,0.1453479826450348
2073226853.0,-0.5172199606895447,0.5748326778411865,10.05580234527588,2.8063340187072754,0.0797243043780326,0.0284189935773611
2073235186.0,-0.4922073781490326,0.4260827004909515,9.803492546081545,2.340923309326172,0.1259836107492447,0.0092083178460598
2073243519.0,-0.5411312580108643,0.4429072141647339,9.618057250976562,2.430727005004883,0.5954669713973999,-0.0612692534923553
2073251852.0,-0.6304400563240051,0.6175554394721985,9.716901779174805,2.953590154647827,1.1726324558258057,0.1087196171283721
2073260185.0,-0.6222119927406311,0.6404632329940796,10.081085205078123,3.079791784286499,1.3674800395965576,0.1310552507638931
2073268518.0,-0.6386970281600952,0.4979475736618042,10.110915184020996,2.763481378555298,1.163616180419922,0.0306474287062883
2073276851.0,-0.6795522570610046,0.4700658023357391,9.884891510009766,2.5312371253967285,0.8063745498657227,0.0493458248674869
2073285184.0,-0.7134235501289368,0.5874767899513245,9.792274475097656,2.5788795948028564,0.7446698546409607,0.0260880999267101
2073293517.0,-0.7065231204032898,0.6015353798866272,9.955273628234863,2.818526268005371,0.5383727550506592,0.0331320092082023
2073301850.0,-0.5999932885169983,0.4626118838787079,10.017956733703612,2.6401491165161133,0.2089225053787231,0.0771372690796852
2073310183.0,-0.5937061309814453,0.4502884745597839,9.760088920593262,2.544992208480835,0.2407610267400741,-0.0570429041981697
2073318516.0,-0.6515695452690125,0.5953815579414368,9.62987232208252,2.7129955291748047,0.7212839722633362,0.0253452863544225
2073326849.0,-0.7333257794380188,0.6433892250061035,9.809036254882812,2.8027219772338867,1.1590824127197266,0.2096653133630752
2073335182.0,-0.755772590637207,0.4680340886116028,9.98256778717041,2.6148934364318848,1.317276120185852,0.0452219322323799
2073343515.0,-0.7449601888656616,0.3329945802688598,9.934284210205078,2.478036403656006,1.1123110055923462,-0.0030993225518614
2073351848.0,-0.7781487107276917,0.4800675213336944,9.842511177062988,2.686689853668213,0.8591142296791077,0.0434545502066612
2073360181.0,-0.7707827687263489,0.6539667248725891,9.891130447387695,2.918012380599976,0.5092750787734985,0.0934535413980484
2073368514.0,-0.6973118185997009,0.6025347113609314,10.022228240966797,2.808997869491577,0.1467567682266235,0.0637410283088684
2073376847.0,-0.6056155562400818,0.4053408801555633,9.9056978225708,2.4001693725585938,-0.041674368083477,0.019991910085082
2073385180.0,-0.6479311585426331,0.3419273495674133,9.599695205688477,2.3727619647979736,0.309868186712265,0.0119746532291173
2073393513.0,-0.7119821906089783,0.4927178919315338,9.58867073059082,2.668171167373657,0.9458184838294984,0.1104613989591598
2073401846.0,-0.725368320941925,0.6120882630348206,9.91378402709961,3.0585062503814697,1.264203429222107,0.1614080965518951
2073410179.0,-0.6945445537567139,0.5090335607528687,10.087342262268066,2.8663737773895264,0.9969956874847412,0.0865120813250541
2073418512.0,-0.7211296558380127,0.3971071541309356,9.90705108642578,2.4720938205718994,0.7942590713500977,0.1398665308952331
2073426845.0,-0.731381893157959,0.4900471866130829,9.753944396972656,2.6359739303588867,0.5037935972213745,0.1264959126710891
2073435178.0,-0.6904990673065186,0.56720370054245,9.895872116088867,2.85984206199646,0.3989545106887817,0.052701286971569
2073443511.0,-0.6283608078956604,0.4597128629684448,10.051788330078123,2.774700403213501,0.1741383671760559,0.0783155187964439
2073451844.0,-0.5224725008010864,0.3792840838432312,9.866337776184082,2.622526168823242,-0.032222706824541,0.1033918559551239
2073460177.0,-0.5509847402572632,0.4779181480407715,9.652776718139648,2.68151593208313,0.4734407663345337,0.0365130938589572
2073468510.0,-0.600487232208252,0.6136162877082825,9.704562187194824,2.858920097351074,0.8265842199325562,0.1031357198953628
2073476843.0,-0.6264102458953857,0.548250138759613,9.958907127380373,2.760561466217041,1.004603147506714,-0.021285431459546
2073485176.0,-0.6536896824836731,0.3592051863670349,9.980297088623049,2.6227567195892334,1.254521131515503,0.0256526563316583
2073493509.0,-0.6624447703361511,0.3921665251255035,9.878844261169434,2.5710160732269287,1.074299454689026,0.1257274746894836
2073501842.0,-0.6969336867332458,0.6105018258094788,9.911206245422363,2.925004482269287,0.5828646421432495,0.1055946797132492
2073510175.0,-0.651197612285614,0.6704851388931274,10.039286613464355,3.02064847946167,0.2282100468873977,0.0258575696498155
2073518508.0,-0.5720139741897583,0.4871468245983124,10.0123872756958,2.712713718414306,0.0935816094279289,0.0341565832495689
2073526841.0,-0.5361247658729553,0.3563928008079529,9.738283157348633,2.2085490226745605,0.2195523977279663,0.041482251137495
2073535174.0,-0.5931360721588135,0.4913283884525299,9.586008071899414,2.5838489532470703,0.6800194978713989,0.0459647439420223
2073543507.0,-0.6508126258850098,0.6532654762268066,9.7732515335083,3.101435661315918,1.1544464826583862,0.0645862892270088
2073551840.0,-0.6616660356521606,0.5999579429626465,10.046133041381836,3.062220573425293,1.2808526754379272,-0.0154197691008448
2073560173.0,-0.675532341003418,0.4654827117919922,9.969385147094728,2.6585400104522705,1.0176151990890503,0.0596171282231807
2073568506.0,-0.7473421096801758,0.4797110259532928,9.818612098693848,2.4827237129211426,0.8733044862747192,0.0244744010269641
2073576839.0,-0.7780402898788452,0.5818657279014587,9.808501243591309,2.667095422744751,0.7445418238639832,0.0005507061141543
2073585172.0,-0.7350805997848511,0.5514805316925049,10.026265144348145,2.7968053817749023,0.5175739526748657,0.230566531419754
2073593505.0,-0.6224931478500366,0.4495955407619476,9.967411041259766,2.6538782119750977,0.3595598638057709,0.0657901614904403
2073601838.0,-0.5803773403167725,0.4918873906135559,9.724584579467772,2.602444648742676,0.2355612963438034,-0.0425196290016174
2073610171.0,-0.6370123624801636,0.634198009967804,9.670620918273926,2.775238037109375,0.6064297556877136,0.0828748494386673
2073618504.0,-0.6789299249649048,0.6222784519195557,9.861650466918944,2.725008726119995,1.1078797578811646,0.1174540817737579
2073626837.0,-0.6874991655349731,0.4224905669689178,10.007623672485352,2.538460493087769,1.0867480039596558,0.0552627108991146
2073635170.0,-0.6911395192146301,0.3492490649223327,9.848422050476074,2.488128423690796,1.1743998527526855,0.0310572609305381
2073643503.0,-0.7668139934539795,0.5566487312316895,9.82701015472412,2.8565123081207275,0.9704337120056152,0.1163782849907875
2073651836.0,-0.7410101294517517,0.7042016386985779,9.975729942321776,3.08383846282959,0.6460549831390381,0.0921984389424324
2073660169.0,-0.669402003288269,0.5864865183830261,10.044410705566406,2.8301808834075928,0.1884823739528656,0.0071335639804601
2073668502.0,-0.6125243902206421,0.3900747001171112,9.85287094116211,2.294971227645874,0.0002433352055959,0.0766249820590019
2073676835.0,-0.6326367259025574,0.4195189177989959,9.622492790222168,2.304525375366211,0.3955221772193908,0.0805695727467536
2073685168.0,-0.6849023103713989,0.5909126400947571,9.704473495483398,2.847701072692871,0.8884425163269043,0.0676856115460395
2073693501.0,-0.6812541484832764,0.5828003883361816,9.999524116516112,2.99516224861145,1.1326487064361572,0.1399177610874176
2073701834.0,-0.6411721706390381,0.4821150600910187,10.042908668518066,2.733999252319336,1.0981974601745603,0.1001388505101203
2073710167.0,-0.6988885998725891,0.4590111374855041,9.81944751739502,2.6380486488342285,0.9546297192573548,0.1025978103280067
2073718500.0,-0.75086909532547,0.553534209728241,9.804116249084473,2.707770586013794,0.8382129669189453,0.1409423351287841
2073726833.0,-0.6856628656387329,0.5765243768692017,9.992987632751465,2.6997787952423096,0.6185710430145264,0.0787253528833389
2073735166.0,-0.6013849973678589,0.4318038821220398,10.017565727233888,2.630671739578247,0.053111121058464,0.0122051825746893
2073743499.0,-0.5326754450798035,0.4108249843120575,9.754117965698242,2.635615348815918,0.0086704194545745,0.0746783092617988
2073751832.0,-0.6074662804603577,0.5488387942314148,9.666980743408203,2.697883367538452,0.3470344841480255,0.0938377529382705
2073760165.0,-0.6450117826461792,0.6105826497077942,9.791932106018066,2.7787985801696777,0.8372139930725098,0.0417640097439289
2073768498.0,-0.6771414279937744,0.445497989654541,9.94028663635254,2.6427104473114014,1.1246826648712158,0.0543662197887897
2073776831.0,-0.6879815459251404,0.3229486644268036,9.865778923034668,2.5183019638061523,1.2408175468444824,0.0169182028621435
2073785164.0,-0.7454432249069214,0.4743937253952026,9.84476375579834,2.7023913860321045,1.1478891372680664,-0.0230015832930803
2073793497.0,-0.7419013977050781,0.670711100101471,9.997170448303224,3.0141677856445312,0.6697225570678711,0.0346432514488697
2073801830.0,-0.6464181542396545,0.6510627865791321,10.039079666137695,2.920906543731689,0.1925549954175949,0.0744733810424804
2073810163.0,-0.5773731470108032,0.383922815322876,9.955472946166992,2.425168514251709,-0.0472838804125785,0.0059040808118879
2073818496.0,-0.5861022472381592,0.360838770866394,9.63683795928955,2.281344652175904,0.175316646695137,-0.0724882930517196
2073826829.0,-0.6478431224822998,0.5167412757873535,9.59726333618164,2.693964719772339,0.8502517938613892,0.0431984104216098
2073835162.0,-0.6750428676605225,0.6456137895584106,9.867690086364746,3.0995402336120605,1.213512897491455,0.1013939529657363
2073843495.0,-0.6847813725471497,0.5224692225456238,10.055977821350098,2.8610970973968506,1.2100805044174194,-0.0084014683961868
2073851828.0,-0.7033883333206177,0.4490993618965149,9.889601707458496,2.6291093826293945,1.050145149230957,0.0888173580169677
2073860161.0,-0.7621371746063232,0.5022935271263123,9.764342308044434,2.51210355758667,0.8309130072593689,0.0350274667143821
2073868494.0,-0.7366728186607361,0.5857082009315491,9.923105239868164,2.755899667739868,0.5475426316261292,0.0494995079934597
2073876827.0,-0.663407027721405,0.4800416529178619,10.020665168762209,2.7327699661254883,0.0835920572280883,0.0243975576013326
2073885160.0,-0.534039318561554,0.3953063786029815,9.851231575012209,2.689533233642578,-0.1120622754096984,0.048731081187725
2073893493.0,-0.5704197883605957,0.5248428583145142,9.659465789794922,2.7375853061676025,0.1854342371225357,0.0835408270359039
2073901826.0,-0.6581385135650635,0.6356580257415771,9.755390167236328,2.8210878372192383,0.8030958771705627,0.1539287269115448
2073910159.0,-0.6834402680397034,0.5314267873764038,9.912420272827148,2.780822277069092,1.1195597648620603,0.0594122223556041
2073918492.0,-0.6876198053359985,0.3595151603221893,9.941436767578123,2.495530605316162,1.314842700958252,0.1659930348396301
2073926825.0,-0.7145026326179504,0.4282068014144897,9.889817237854004,2.6088225841522217,1.0964045524597168,-0.0536105930805206
2073935158.0,-0.7080369591712952,0.6585549116134644,9.926875114440918,3.012451648712158,0.7285840511322021,-0.070567212998867
2073943491.0,-0.6833376884460449,0.7431328296661377,10.07716178894043,3.083992481231689,0.1965252161026001,0.115251250565052
2073951824.0,-0.6032345294952393,0.5410250425338745,9.995623588562012,2.6403281688690186,-0.0851417183876037,0.0189161133021116
2073960157.0,-0.5851212739944458,0.3670949339866638,9.692964553833008,2.2181544303894043,-0.0021259819623082,0.0328502617776393
2073968490.0,-0.661913275718689,0.4949320256710052,9.503292083740234,2.478907346725464,0.697257936000824,0.139712855219841
2073976823.0,-0.6958357691764832,0.6246271729469299,9.785271644592283,2.985121488571167,1.3958094120025637,0.1353584378957748
2073985156.0,-0.6680742502212524,0.5635751485824585,10.09931755065918,2.9931640625,1.4861761331558228,0.03144146874547
2073993489.0,-0.6828257441520691,0.4785746335983276,10.04979419708252,2.5899195671081543,0.9736611843109132,0.0232449173927307
2074001822.0,-0.7030666470527649,0.5014920234680176,9.79998016357422,2.420557975769043,0.6676735281944275,0.0997034162282943
2074010155.0,-0.7053718566894531,0.5928640961647034,9.849945068359377,2.6044938564300537,0.3511583805084228,0.0941707417368888
2074018488.0,-0.616016685962677,0.5316377878189087,10.014699935913086,2.7330007553100586,0.243783488869667,0.1459627151489257
2074026821.0,-0.554265558719635,0.4153260588645935,9.902033805847168,2.5724761486053467,0.0838225856423378,0.0890735015273094
2074035154.0,-0.5572022795677185,0.4759376943111419,9.69324016571045,2.6014199256896973,0.3316146731376648,0.0841555669903755
2074043487.0,-0.665639340877533,0.6309988498687744,9.632867813110352,2.89298677444458,0.8827818036079407,0.1191446036100387
2074051820.0,-0.721213161945343,0.5839051604270935,9.871936798095703,2.8544375896453857,1.3013696670532229,0.0875366553664207
2074060153.0,-0.7035722136497498,0.4125616252422333,9.990147590637209,2.5139729976654053,1.4001381397247314,0.0558262206614017
2074068486.0,-0.7084724307060242,0.3287538290023803,9.90988826751709,2.535642623901367,0.967949151992798,-0.0276889838278293
2074076819.0,-0.718129575252533,0.5393691658973694,9.84857177734375,2.8123278617858887,0.4746702015399933,0.0378706492483615
2074085152.0,-0.656994640827179,0.7168161869049072,9.96822452545166,3.086425542831421,0.1675299108028412,0.0226301755756139
2074093485.0,-0.5708865523338318,0.569279670715332,10.00882625579834,2.8567428588867188,-0.0165724102407693,0.0741404071450233
2074101818.0,-0.5340592861175537,0.3612029552459717,9.78998565673828,2.313387632369995,0.1279046684503555,0.1110761240124702
2074110151.0,-0.6128575205802917,0.3736125528812408,9.536421775817873,2.254219055175781,0.6170597076416016,0.0908664986491203
2074118484.0,-0.7048828601837158,0.5510615110397339,9.669711112976074,2.808716297149658,1.3275985717773438,0.076163925230503
2074126817.0,-0.7133957147598267,0.5791704654693604,10.02755069732666,3.089909315109253,1.4558234214782717,0.0646887496113777
2074135150.0,-0.7076553702354431,0.4606863558292389,10.141083717346191,2.8008527755737305,1.242354393005371,0.0528549775481224
2074143483.0,-0.7129663825035095,0.4305480122566223,9.906744956970217,2.4994499683380127,0.5855542421340942,0.1065168008208274
2074151816.0,-0.7235628962516785,0.5501890182495117,9.783968925476074,2.4833898544311523,0.561169445514679,0.0281884670257568
2074160149.0,-0.6762059926986694,0.5567965507507324,9.959399223327637,2.6545186042785645,0.3361228406429291,0.0253452882170677
2074168482.0,-0.5858191847801208,0.4053485989570617,9.958965301513672,2.6486783027648926,0.1695533990859985,0.1520845144987106
2074176815.0,-0.5536788105964661,0.4071528017520904,9.737643241882324,2.6263680458068848,0.3025937676429748,0.0918142199516296
2074185148.0,-0.6147908568382263,0.555929958820343,9.628555297851562,2.753876209259033,0.8366250395774841,0.0396892577409744
2074193481.0,-0.7021113634109497,0.6210797429084778,9.80744171142578,2.8543355464935303,1.1541903018951416,0.0577985234558582
2074201814.0,-0.7124202251434326,0.4642083346843719,10.019493103027344,2.6581811904907227,1.4687329530715942,0.144810065627098
2074210147.0,-0.7357902526855469,0.3117524683475494,9.948126792907717,2.450321674346924,1.1411782503128052,0.0624346919357776
2074218480.0,-0.7373499870300293,0.4781966209411621,9.8436918258667,2.697114944458008,0.6097853183746338,0.024602472782135
2074226813.0,-0.6969497799873352,0.68458491563797,9.950119018554688,3.15338134765625,0.3299753963947296,0.0836945101618766
2074235146.0,-0.6214994788169861,0.6499769687652588,10.025213241577148,2.970034599304199,0.0579265877604484,0.011078156530857
2074243479.0,-0.5551108121871948,0.4118281304836273,9.861133575439451,2.570452690124512,0.1056971400976181,0.0020875602494925
2074251812.0,-0.5825790166854858,0.4160352647304535,9.600704193115234,2.3465330600738525,0.3392989635467529,0.0002177210117224
2074260145.0,-0.6765071749687195,0.5520294308662415,9.609622955322266,2.7053115367889404,1.0838534832000732,0.0841043442487716
2074268478.0,-0.7041100263595581,0.6377414464950562,9.93271827697754,3.01158094406128,1.4642506837844849,0.1065680235624313
2074276811.0,-0.6741723418235779,0.5172606110572815,10.111169815063477,2.954281806945801,1.307593822479248,0.110205240547657
2074285144.0,-0.6869017481803894,0.450216144323349,9.944314002990724,2.5462214946746826,0.8308362364768982,0.1894301027059555
2074293477.0,-0.7154272198677063,0.5696577429771423,9.798089981079102,2.584181785583496,0.5190083980560303,-0.0099383238703012
2074301810.0,-0.686262845993042,0.5978183746337891,9.892840385437012,2.706540822982788,0.2603302597999573,0.0604367814958095
2074310143.0,-0.6096192598342896,0.4612079560756683,9.958060264587402,2.703441619873047,0.0192234851419925,-0.0127815036103129
2074318476.0,-0.5382421612739563,0.4156212210655212,9.80739974975586,2.659461975097656,0.2400694340467453,0.0611027590930461
2074326809.0,-0.5966102480888367,0.5400039553642273,9.672710418701172,2.8062572479248047,0.5629624724388123,0.0605648607015609
2074335142.0,-0.6727767586708069,0.6497916579246521,9.743943214416504,2.881178617477417,1.1110045909881592,0.0936584398150444
2074343475.0,-0.6644530296325684,0.5148792862892151,9.982534408569336,2.848341464996338,1.4151992797851562,0.0697091445326805
2074351808.0,-0.7123607397079468,0.3460812866687774,9.95322608947754,2.517815351486206,1.142945647239685,-0.0107323657721281
2074360141.0,-0.7183629870414734,0.451659083366394,9.88066864013672,2.573807954788208,0.8156981468200684,0.1826166957616806
2074368474.0,-0.7404986619949341,0.6614301204681396,9.91872787475586,2.951746225357056,0.5173178911209106,0.045452456921339
2074376807.0,-0.6276267170906067,0.6782998442649841,9.99573040008545,2.979229688644409,0.1741127371788025,0.0368716903030872
2074385140.0,-0.5717674493789673,0.4766004681587219,9.915066719055176,2.5961694717407227,0.0213238522410392,0.0278298687189817
2074393473.0,-0.5959488749504089,0.3773293495178222,9.670270919799805,2.33280348777771,0.3142226040363312,0.0158424042165279
2074401806.0,-0.6789987683296204,0.522994339466095,9.597870826721191,2.602547407150269,0.9219714999198914,0.0842580273747444
2074410139.0,-0.7152826189994812,0.6140127182006836,9.886392593383787,2.9046926498413086,1.4140979051589966,0.0903286039829254
2074418472.0,-0.6901487112045288,0.5269948840141296,10.092434883117676,2.973236322402954,1.2338248491287231,0.1078487336635589
2074426805.0,-0.7153452634811401,0.4498339295387268,9.985136032104492,2.6323108673095703,0.9225351810455322,0.0789814963936805
2074435138.0,-0.7460843920707703,0.5213878154754639,9.850369453430176,2.502164840698242,0.4619399011135101,0.055672537535429
2074443471.0,-0.7170248031616211,0.5959053039550781,9.879345893859863,2.6553380489349365,0.3235462307929992,0.0519584752619266
2074451804.0,-0.6180103421211243,0.4815538823604584,9.977914810180664,2.632669448852539,0.1278278529644012,-0.0355269499123096
2074460137.0,-0.570061981678009,0.3534832000732422,9.837331771850586,2.6327719688415527,0.1260860860347747,-0.0079916417598724
2074468470.0,-0.5811191201210022,0.4757156670093536,9.673091888427734,2.6856143474578857,0.3873257040977478,0.014612921513617
2074476803.0,-0.6264331936836243,0.6128618121147156,9.689445495605469,2.9382219314575195,0.8536584973335266,0.1184786483645439
2074485136.0,-0.6883423328399658,0.5421395897865295,9.923412322998049,2.803208827972412,1.2530611753463743,0.0924033522605896
2074493469.0,-0.692088782787323,0.3496324717998504,9.95261001586914,2.464256048202514,1.183979630470276,0.0503703951835632
2074501802.0,-0.7068394422531128,0.3657097518444061,9.8118257522583,2.5898680686950684,0.9220484495162964,0.0630750507116317
2074510135.0,-0.7094532251358032,0.5808144211769104,9.867329597473145,2.985735893249512,0.578330934047699,0.1139449253678321
2074518468.0,-0.655998170375824,0.6744326949119568,10.00513744354248,2.9922165870666504,0.1956543177366256,-0.0683900043368339
2074526801.0,-0.5590062141418457,0.4849959313869476,9.954936027526855,2.7864575386047363,-0.0848087295889854,0.0448633357882499
2074535134.0,-0.5446577072143555,0.3676541149616241,9.66610336303711,2.3026556968688965,0.0903798341751098,-0.0513821579515934
2074543467.0,-0.6133067607879639,0.4626403152942657,9.531492233276367,2.4279863834381104,0.7749459147453308,0.0189673416316509
2074551800.0,-0.6751390099525452,0.5772655010223389,9.768909454345703,2.977078437805176,1.2318013906478882,0.0483468659222126
2074560133.0,-0.6965083479881287,0.5700806379318237,10.02370834350586,2.9979543685913086,1.35843825340271,-0.0005635131965391
2074568466.0,-0.6939210295677185,0.4652453362941742,10.020357131958008,2.745551347732544,1.0266826152801514,0.1115371957421302
2074576799.0,-0.7271456122398376,0.4986151158809662,9.85823917388916,2.579622507095337,0.687806248664856,0.0551602579653263
2074585132.0,-0.731571614742279,0.5770081281661987,9.840856552124023,2.655747890472412,0.3720595836639404,0.0275993403047323
2074593465.0,-0.6444361805915833,0.4954869449138641,9.975064277648926,2.818654537200928,0.157924547791481,0.0608722269535064
2074601798.0,-0.5733531713485718,0.3550716340541839,9.940999031066896,2.716837882995605,-0.0828620567917823,0.0860254168510437
2074610131.0,-0.5746870040893555,0.4152355492115021,9.703120231628418,2.5907390117645264,0.3983654379844665,0.0961174219846725
2074618464.0,-0.6519098877906799,0.5832128524780273,9.671353340148926,3.0305607318878174,0.8603692054748535,0.1382015794515609
2074626797.0,-0.7177984714508057,0.5929417014122009,9.951781272888184,2.921854019165039,1.3353595733642578,0.0100023578852415
2074635130.0,-0.7051138877868652,0.3980171382427215,10.048226356506348,2.710587978363037,1.3120763301849363,0.0738586485385894
2074643463.0,-0.750877320766449,0.3665781915187835,9.893695831298828,2.466689348220825,1.0070619583129885,0.0901749208569526
2074651796.0,-0.7620601058006287,0.5588548183441162,9.846236228942873,2.861020565032959,0.7334252595901489,0.0511644296348094
2074660129.0,-0.7167106866836548,0.6914508938789368,10.041998863220217,3.181018829345703,0.4445991218090057,0.0227326340973377
2074668462.0,-0.6218762397766113,0.564677357673645,10.074846267700195,2.913222312927246,0.0592585280537605,0.1215779706835746
2074676795.0,-0.588347852230072,0.4203855097293854,9.793078422546388,2.4085707664489746,-0.0245128236711025,-0.018647164106369
2074685128.0,-0.6470514535903931,0.5210714340209961,9.56438446044922,2.464076519012451,0.5161139965057373,0.153314009308815
2074693461.0,-0.6959219574928284,0.6333308219909668,9.757521629333496,2.7968311309814453,1.078576922416687,0.118145652115345
2074701794.0,-0.6515296101570129,0.587965726852417,10.0770845413208,2.914323806762696,1.246683120727539,0.0636641830205917
2074710127.0,-0.6880407333374023,0.4992572963237762,10.082022666931152,2.6419930458068848,1.0424609184265137,0.0970139130949974
2074718460.0,-0.7265254855155945,0.5200297832489014,9.889666557312012,2.4575703144073486,0.6787644028663635,0.1083866357803344
2074726793.0,-0.7232949137687683,0.6188315153121948,9.873452186584473,2.5029847621917725,0.4753874242305755,0.0856411978602409
2074735126.0,-0.6441442966461182,0.5651473999023438,10.024540901184082,2.6715261936187744,0.2572309672832489,0.0437875390052795
2074743459.0,-0.5675943493843079,0.4591483473777771,9.96010971069336,2.474553108215332,0.1328994482755661,0.017199957743287
2074751792.0,-0.5675884485244751,0.4823531806468963,9.746716499328612,2.543480634689331,0.1903009414672851,-0.0283549595624208
2074760125.0,-0.6136642098426819,0.6188092231750488,9.6836519241333,2.715506076812744,0.6829139590263367,0.0567227266728878
2074768458.0,-0.6564387679100037,0.5806354284286499,9.850942611694336,2.7410430908203125,1.1940970420837402,0.1643281280994415
2074776791.0,-0.6625128388404846,0.3966054320335388,9.981624603271484,2.621962785720825,1.2430973052978516,0.039433117955923
2074785124.0,-0.7096083164215088,0.3701521456241607,9.863306999206545,2.549602508544922,1.084980607032776,0.1023672893643379
2074793457.0,-0.7049692273139954,0.5471376776695251,9.857758522033691,2.8961377143859863,0.7965130805969238,-0.0263826642185449
2074801790.0,-0.6713637113571167,0.6972324252128601,9.98744297027588,3.161167860031128,0.4460590779781341,0.0483724810183048
2074810123.0,-0.594715416431427,0.5928934812545776,9.980265617370604,2.8283369541168213,0.0726803988218307,0.0619480274617672
2074818456.0,-0.5602344870567322,0.4262804985046386,9.786280632019045,2.413309097290039,0.1213986650109291,0.0763688385486602
2074826789.0,-0.6446685194969177,0.4594990611076355,9.509740829467772,2.385901927947998,0.5997956991195679,0.0808769464492797
2074835122.0,-0.7067584991455078,0.5493001341819763,9.642642974853516,2.7752127647399902,1.2374365329742432,0.1198105886578559
2074843455.0,-0.7356065511703491,0.5801723599433899,9.94507122039795,2.9985175132751465,1.5455501079559326,0.0903285965323448
2074851788.0,-0.73917156457901,0.5033567547798157,10.03332233428955,2.7355105876922607,1.2022937536239624,0.0383060872554779
2074860121.0,-0.7361776828765869,0.4979294240474701,9.913392066955566,2.5376405715942383,0.7529431581497192,0.0122051816433668
2074868454.0,-0.7537383437156677,0.553777813911438,9.804883003234863,2.611205101013184,0.5027946829795837,0.1658393740653991
2074876787.0,-0.6718779802322388,0.5350648760795593,9.931855201721191,2.669297695159912,0.175956979393959,0.0868962928652763
2074885120.0,-0.5702854990959167,0.4052420258522033,9.94763469696045,2.527471780776977,0.0086448043584823,0.0709898620843887
2074893453.0,-0.5650616884231567,0.4063826501369476,9.692355155944824,2.4466333389282227,0.0266259983181953,0.0694530010223388
2074901786.0,-0.6177306771278381,0.5262618660926819,9.609000205993652,2.755592107772827,0.6020753383636475,0.0277017932385206
2074910119.0,-0.6860565543174744,0.5701054334640503,9.785024642944336,2.877080202102661,1.270248293876648,0.0250379126518964
2074918452.0,-0.7198784351348877,0.408634603023529,9.95617961883545,2.642735719680786,1.453774333000183,0.1332836747169494
2074926785.0,-0.7541398406028748,0.2852488458156585,9.960529327392578,2.4007837772369385,1.2379487752914429,0.1521613746881485
2074935118.0,-0.754710853099823,0.4492614865303039,9.881972312927246,2.799187421798706,0.6935694813728333,0.0597708187997341
2074943451.0,-0.7345454096794128,0.6302667260169983,9.981581687927246,3.115805387496948,0.4431647062301636,0.0513693504035472
2074951784.0,-0.6212226152420044,0.5769717693328857,10.06430721282959,2.850954055786133,-0.0841939970850944,0.0689407140016555
2074960117.0,-0.5493965148925781,0.3936516046524048,9.916695594787598,2.4409470558166504,-0.2434376776218414,-0.0303272567689418
2074968450.0,-0.5732139945030212,0.3730994760990143,9.59788703918457,2.335416316986084,0.2940898537635803,0.0633055791258812
2074976783.0,-0.6640122532844543,0.5226026773452759,9.604267120361328,2.6080029010772705,0.9543735980987548,0.0366411618888378
2074985116.0,-0.675426721572876,0.5832095742225647,9.977302551269531,3.0698790550231934,1.4619965553283691,-0.028892857953906
2074993449.0,-0.6624507904052734,0.5146743655204773,10.14296531677246,2.8466763496398926,1.3473472595214844,0.0387415289878845
2075001782.0,-0.7382607460021973,0.4559338688850403,9.97792911529541,2.584437847137451,0.9960989952087402,0.0043672267347574
2075010115.0,-0.7731069326400757,0.5613401532173157,9.891319274902344,2.6276745796203613,0.6906494498252869,0.0336699150502681
2075018448.0,-0.6975764632225037,0.5686383247375488,10.007023811340332,2.71760630607605,0.3787961304187774,0.1022904515266418
2075026781.0,-0.6049885749816895,0.4454730451107025,10.025908470153809,2.7075655460357666,-0.0482572168111801,0.0165083762258291
2075035114.0,-0.5311062932014465,0.3941368460655212,9.796510696411133,2.5838489532470703,-0.0813764184713363,0.0282140802592039
2075043447.0,-0.5466558337211609,0.5262583494186401,9.659006118774414,2.833280324935913,0.4168588817119598,0.0408931262791156
2075051780.0,-0.6275783777236938,0.6324575543403625,9.742837905883787,2.8097920417785645,0.9796292781829834,0.0239621195942163
2075060113.0,-0.6734313368797302,0.4976800084114074,9.97201156616211,2.781641960144043,1.3022149801254272,-0.0041751200333237
2075068446.0,-0.7072216272354126,0.3418141603469848,9.946978569030762,2.44711971282959,1.2470673322677612,0.1073108315467834
2075076779.0,-0.7473379969596863,0.4583549797534942,9.890949249267578,2.750853538513184,1.113770842552185,0.0138957230374217
2075085112.0,-0.7629002928733826,0.6530295610427856,9.93252182006836,3.0034868717193604,0.724946916103363,0.0592585355043411
2075093445.0,-0.6793755888938904,0.6744212508201599,10.032068252563477,3.060683250427246,0.1411216259002685,0.0582595728337764
2075101778.0,-0.5649695992469788,0.4853099584579468,9.904556274414062,2.6437859535217285,0.0948879271745681,0.0912250950932502
2075110111.0,-0.5784091949462891,0.4158735275268554,9.628867149353027,2.2287073135375977,0.1111529767513275,0.0157399475574493
2075118444.0,-0.6366369128227234,0.5570971369743347,9.526145935058594,2.650932550430298,0.7457969188690186,-0.0155990701168775
2075126777.0,-0.6345730423927307,0.6710988879203796,9.83613109588623,3.135451316833496,1.317711591720581,0.0281884670257568
2075135110.0,-0.6629063487052917,0.5528759360313416,10.024975776672363,2.910660743713379,1.3219890594482422,0.1531090885400772
2075143443.0,-0.7115325927734375,0.5152420401573181,9.908061027526855,2.495274543762207,1.0911023616790771,0.1722941547632217
2075151776.0,-0.7736127972602844,0.5520501136779785,9.756569862365724,2.6226799488067627,0.9597525596618652,0.2053365111351013
2075160109.0,-0.7589725255966187,0.5993722677230835,9.869489669799805,2.748394727706909,0.713420569896698,0.0498837269842624
2075168442.0,-0.6670029759407043,0.4961605966091156,9.971843719482422,2.769859313964844,0.3891954720020294,0.0950928479433059
2075176775.0,-0.5914977788925171,0.4272750318050384,9.846909523010254,2.601215362548828,0.1850500553846359,0.0721681118011474
2075185108.0,-0.6077535152435303,0.5169684290885925,9.643094062805176,2.6473209857940674,0.2812058627605438,0.0489872246980667
2075193441.0,-0.6415916681289673,0.6482282876968384,9.686234474182127,2.8244175910949707,0.5928798317909241,0.0170718859881162
2075201774.0,-0.6668924689292908,0.5680441856384277,9.901300430297852,2.734895944595337,1.1257585287094116,0.1455785036087036
2075210107.0,-0.6812904477119446,0.3519540429115295,9.949776649475098,2.4623351097106934,1.2594904899597168,0.0935816094279289
2075218440.0,-0.7286825776100159,0.3928870260715484,9.852378845214844,2.479521989822388,1.0312162637710571,0.1282889097929
2075226773.0,-0.7452532649040222,0.6304484009742737,9.90755558013916,2.9883999824523926,0.8082955479621887,0.1111785843968391
2075235106.0,-0.7040123343467712,0.6798430681228638,10.083503723144531,3.060299158096313,0.5487209558486938,0.0555188581347465
2075243439.0,-0.5976216793060303,0.4971653521060943,10.050387382507324,2.699087142944336,-0.1228714734315872,0.0192490983754396
2075251772.0,-0.5941234827041626,0.364651471376419,9.79281520843506,2.226837396621704,0.0669684112071991,0.0923521220684051
2075260105.0,-0.6197916865348816,0.4382678568363189,9.594576835632324,2.4790608882904053,0.5140137076377869,0.0846166238188743
2075268438.0,-0.6549599766731262,0.5956262350082397,9.815227508544922,2.916090965270996,0.904758870601654,0.0923265069723129
2075276771.0,-0.6622406840324402,0.569035530090332,10.10433578491211,3.039679527282715,1.1757317781448364,0.1206814646720886
2075285104.0,-0.6681021451950073,0.4576174616813659,10.016925811767578,2.689353704452514,0.992999792098999,0.1405581086874008
2075293437.0,-0.7181353569030762,0.4807601273059845,9.819623947143556,2.484055757522583,0.8619062900543213,0.109231911599636
2075301770.0,-0.737467348575592,0.5321723222732544,9.8843355178833,2.6379714012146,0.7703865170478821,0.1000107824802398
2075310103.0,-0.6557943820953369,0.4878228902816772,10.035684585571287,2.6060307025909424,0.4332776069641113,0.1392517834901809
2075318436.0,-0.5663586854934692,0.3414227366447449,9.945942878723145,2.596630334854126,0.066712275147438,0.0370509885251522
2075326769.0,-0.5508596301078796,0.4248251914978027,9.727088928222656,2.7180416584014893,0.142274260520935,0.0040342416614294
2075335102.0,-0.6097462177276611,0.5557942986488342,9.692697525024414,2.9162960052490234,0.6360143423080444,-0.0003585992963053
2075343435.0,-0.6592614054679871,0.560556173324585,9.845005989074709,2.764967203140259,1.149912714958191,0.1048774942755699
2075351768.0,-0.6709446907043457,0.3676795959472656,9.918725967407228,2.5999348163604736,1.0469948053359983,0.1493950486183166
2075360101.0,-0.712340772151947,0.33077272772789,9.850101470947266,2.598961591720581,1.11005699634552,-0.0199278779327869
2075368434.0,-0.7150906324386597,0.5666929483413696,9.869279861450195,2.954973697662353,0.8922334313392639,0.1201947852969169
2075376767.0,-0.6813656091690063,0.6807335615158081,10.02163028717041,3.2004857063293457,0.4964422881603241,0.0438643768429756
2075385100.0,-0.6127001047134399,0.5491786003112793,10.032453536987305,2.8648881912231445,0.0790839493274688,0.0703238844871521
2075393433.0,-0.5716272592544556,0.4083727896213531,9.78318691253662,2.388002634048462,0.0607441626489162,-0.030532170087099
2075401766.0,-0.6078207492828369,0.4572302401065826,9.549217224121094,2.4587490558624268,0.4963398873806,0.0115648275241255
2075410099.0,-0.677751362323761,0.6044438481330872,9.709129333496094,3.014347076416016,1.113770842552185,0.0372815169394016
2075418432.0,-0.6709678173065186,0.6101098656654358,9.962852478027344,3.107096672058105,1.3228857517242432,0.0129992254078388
2075426765.0,-0.679452121257782,0.5045964121818542,9.967728614807127,2.7030062675476074,1.0046542882919312,0.1131765022873878
2075435098.0,-0.7252560257911682,0.4953742027282715,9.830334663391112,2.49670958518982,0.9270944595336914,0.103084497153759
2075443431.0,-0.7500491738319397,0.5937714576721191,9.836296081542969,2.645630359649658,0.6837592720985413,0.0648680552840232
2075451764.0,-0.6889084577560425,0.5489545464515686,9.978012084960938,2.733999490737915,0.5454679131507874,0.1253944784402847
2075460097.0,-0.6283789277076721,0.4124086499214172,9.92869758605957,2.5930187702178955,0.0055454820394515,0.0696322917938232
2075468430.0,-0.5676395893096924,0.4506753981113434,9.71842098236084,2.6005749702453613,0.1588978916406631,0.1109480634331703
2075476763.0,-0.6059166789054871,0.6246746778488159,9.673504829406738,2.791144847869873,0.6165987253189087,0.1740103214979171
2075485096.0,-0.6682708263397217,0.6273292303085327,9.860584259033203,2.890092372894287,1.080574870109558,0.1066192463040351
2075493429.0,-0.6846781373023987,0.4440933763980865,9.935049057006836,2.574678897857666,1.1896916627883911,0.0187880415469408
2075501762.0,-0.7169392704963684,0.3716621100902557,9.884469032287598,2.481724977493286,1.0586748123168943,-0.0028944087680429
2075510095.0,-0.7624339461326599,0.5444428324699402,9.898886680603027,2.859970092773437,0.895896315574646,0.0543149821460247
2075518428.0,-0.7226906418800354,0.6732677817344666,10.022624015808104,3.027230739593506,0.5838379859924316,0.0134346652776002
2075526761.0,-0.6329306960105896,0.5851343870162964,10.064604759216309,2.926848888397217,0.0982946306467056,0.2019554376602172
2075535094.0,-0.5895241498947144,0.3940012454986572,9.860654830932615,2.469711780548096,-0.1074260994791984,-0.02561423368752
2075543427.0,-0.6035722494125366,0.4134778380393982,9.596570014953612,2.353858709335327,0.3363533616065979,0.1168905645608902
2075551760.0,-0.6468280553817749,0.5818710327148438,9.68723201751709,2.749342441558838,0.8815780282020569,0.0442998185753822
2075560093.0,-0.653489351272583,0.6024243831634521,9.997224807739258,2.900466203689575,1.259285569190979,0.0654827952384948
2075568426.0,-0.6608163714408875,0.4959085881710052,10.064135551452637,2.78766131401062,1.2674564123153689,0.0967833921313285
2075576759.0,-0.7375910878181458,0.4790497720241546,9.882758140563965,2.5017294883728027,1.1112350225448608,0.0818758979439735
2075585092.0,-0.7785235047340393,0.588284969329834,9.797284126281738,2.524910449981689,0.7868821620941162,0.1635084748268127
2075593425.0,-0.7259230613708496,0.5539242625236511,9.974812507629396,2.7711400985717773,0.5690330266952515,0.0668403431773185
2075601758.0,-0.6105875372886658,0.3992910087108612,9.998209953308104,2.671679973602295,0.2530558407306671,0.0638178661465644
2075610091.0,-0.5642502903938293,0.4129794538021087,9.777201652526855,2.5812106132507324,-0.0885227993130683,-0.0546863973140716
2075618424.0,-0.5741307139396667,0.5782968401908875,9.64620876312256,2.862147569656372,0.394676923751831,0.0108732422813773
2075626757.0,-0.6125542521476746,0.6290494203567505,9.780354499816896,2.876542806625366,0.9759665131568908,-0.0445431508123874
2075635090.0,-0.6559500098228455,0.4590712785720825,9.909637451171877,2.6192989349365234,1.22150456905365,0.0630238205194473
2075643423.0,-0.7220895290374756,0.3369023501873016,9.859870910644531,2.429804801940918,1.2258076667785645,0.0311084911227226
2075651756.0,-0.7593834400177002,0.4890917837619781,9.802485466003418,2.707104206085205,1.0945345163345337,0.1121262907981872
2075660089.0,-0.7603662014007568,0.6556650400161743,9.928596496582031,3.116061210632324,0.7376771569252014,0.0260112546384334
2075668422.0,-0.6581340432167053,0.6000834703445435,10.073892593383787,2.9734671115875244,0.3793596625328064,0.075907789170742
2075676755.0,-0.5921323895454407,0.417370080947876,9.89344882965088,2.6187100410461426,-0.075357086956501,-0.0076842703856527
2075685088.0,-0.5780099034309387,0.4143402576446533,9.60647678375244,2.350144624710083,0.129748910665512,0.1058252155780792
2075693421.0,-0.6448192000389099,0.5581771731376648,9.61609935760498,2.7384817600250244,0.7941821217536926,0.0374864302575588
2075701754.0,-0.6290556788444519,0.5968765616416931,9.907527923583984,2.914451837539673,1.0909743309020996,0.122192695736885
2075710087.0,-0.6631854176521301,0.478120356798172,10.012805938720703,2.839351177215576,0.9167463183403016,0.108386643230915
2075718420.0,-0.6956109404563904,0.4581605792045593,9.856950759887695,2.5200436115264893,1.0361084938049316,0.0588743165135383
2075726753.0,-0.764024019241333,0.5474612712860107,9.831575393676758,2.6244988441467285,1.0243772268295288,0.1294927597045898
2075735086.0,-0.705632746219635,0.5654833912849426,9.975055694580078,2.7495217323303223,0.7374210357666016,0.0752674266695976
2075743419.0,-0.6607513427734375,0.4065098166465759,10.019254684448242,2.70825719833374,0.2086407542228698,0.0593865998089313
2075751752.0,-0.5904090404510498,0.3812402486801147,9.80541706085205,2.699906826019287,0.0301351454108953,0.1480630785226822
2075760085.0,-0.5804910659790039,0.5295435190200806,9.63678741455078,2.771268129348755,0.3705995380878448,-0.0301735717803239
2075768418.0,-0.6667924523353577,0.6382365822792053,9.782559394836426,2.867987632751465,0.8870338201522827,-0.0372174829244613
2075776751.0,-0.6751163601875305,0.473308265209198,9.955150604248049,2.7053370475769043,1.245402455329895,-0.0287903975695371
2075785084.0,-0.6978049874305725,0.329649955034256,9.917553901672363,2.5336196422576904,1.1235556602478027,0.1827960014343261
2075793417.0,-0.7423096895217896,0.4593658447265625,9.841137886047363,2.641122341156006,1.0947396755218506,0.0640227869153022
2075801750.0,-0.7267523407936096,0.6661020517349243,9.984325408935549,3.039192914962769,0.7357048988342285,0.0936840698122978
2075810083.0,-0.6657474040985107,0.6221149563789368,10.107375144958496,2.972134828567505,0.3905273973941803,0.0975262075662612
2075818416.0,-0.5761907696723938,0.4290100336074829,9.940320014953612,2.628571033477783,-0.0916221141815185,0.1059532761573791
2075826749.0,-0.5972644090652466,0.3980658054351806,9.63059425354004,2.430086612701416,0.1379967033863067,0.1373563408851623
2075835082.0,-0.6567195653915405,0.5538316965103149,9.601200103759766,2.70088005065918,0.7486144304275513,0.0105914855375885
2075843415.0,-0.668805718421936,0.6214715242385864,9.868515014648438,2.962555408477783,1.2830297946929932,0.0179683864116668
2075851748.0,-0.6858201026916504,0.5223142504692078,10.0648832321167,2.84916090965271,1.156930923461914,0.155491217970848
2075860081.0,-0.7208056449890137,0.4783500134944916,9.941423416137695,2.5306224822998047,0.970151960849762,0.0722705647349357
2075868414.0,-0.7565600872039795,0.5487857460975647,9.808182716369627,2.6166603565216064,0.8143917322158813,0.2312068939208984
2075876747.0,-0.7335860133171082,0.6024206876754761,9.950834274291992,2.714712142944336,0.543854296207428,0.1479350179433822
2075885080.0,-0.6273812055587769,0.4661112129688263,10.030939102172852,2.678596258163452,0.2764160335063934,0.0422762967646122
2075893413.0,-0.5563887357711792,0.4169403612613678,9.82945156097412,2.5829780101776123,-0.0259216073900461,0.0388439856469631
2075901746.0,-0.556640625,0.5425930619239807,9.660459518432615,2.668170928955078,0.2942947745323181,0.1487034559249878
2075910079.0,-0.6421663761138916,0.6497231125831604,9.728389739990234,2.862736463546753,0.8651847839355469,0.1104357689619064
2075918412.0,-0.6477707028388977,0.5123523473739624,9.891648292541504,2.765991687774658,1.34119975566864,0.0780337750911712
2075926745.0,-0.6995771527290344,0.3656854927539825,9.909797668457031,2.481724977493286,1.3526239395141602,0.0232961475849151
2075935078.0,-0.7326516509056091,0.4713104665279388,9.817776679992676,2.6658146381378174,1.1051902770996094,0.1378173977136612
2075943411.0,-0.7620497345924377,0.6479805111885071,9.949254035949709,3.0360426902771,0.8482537865638733,0.0389976724982261
2075951744.0,-0.6796165704727173,0.6393465399742126,10.06589698791504,3.049207925796509,0.2265194952487945,0.0580546595156192
2075960077.0,-0.5862681269645691,0.4416662454605102,9.971036911010742,2.598346471786499,-0.0116032483056187,0.0184550583362579
2075968410.0,-0.557911217212677,0.3932895958423614,9.67350959777832,2.32816743850708,0.1153793334960937,0.0555700846016407
2075976743.0,-0.6106060743331909,0.535841703414917,9.580103874206545,2.6268293857574463,0.6201333999633789,0.0503447763621807
2075985076.0,-0.6229968667030334,0.6387871503829956,9.79345989227295,3.0320210456848145,1.1580324172973633,0.074703924357891
2075993409.0,-0.6576611399650574,0.5289167761802673,10.012990951538086,2.85881781578064,1.2859755754470823,0.0217849072068929
2076001742.0,-0.6889134645462036,0.452079564332962,9.94444465637207,2.542276859283448,1.1758599281311035,0.040790669620037
2076010075.0,-0.7751801609992981,0.512661337852478,9.819551467895508,2.513179302215576,0.9952796101570128,-0.0198510326445102
2076018408.0,-0.7559055685997009,0.5881935358047485,9.908666610717772,2.706873893737793,0.66426682472229,0.1011890396475792
2076026741.0,-0.6579907536506653,0.4777962565422058,10.030406951904297,2.668426990509033,0.2623538076877594,-0.0349890440702438
2076035074.0,-0.5858388543128967,0.382949560880661,9.871170997619627,2.560232400894165,-0.0209012143313884,0.0770348086953163
2076043407.0,-0.5438157916069031,0.5090116262435913,9.685285568237305,2.6180179119110107,0.1777499616146087,0.0917373746633529
2076051740.0,-0.6316156387329102,0.609832763671875,9.698753356933594,2.9301018714904785,0.6754345297813416,0.036000806838274
2076060073.0,-0.6645265817642212,0.4870651662349701,9.879651069641112,2.7838447093963623,1.1822378635406494,0.067070871591568
2076068406.0,-0.7000837922096252,0.3262622058391571,9.938963890075684,2.477857112884521,1.391787886619568,0.0710666999220848
2076076739.0,-0.7148556709289551,0.3904055953025818,9.861732482910156,2.6201443672180176,1.1808290481567385,0.1625607460737228
2076085072.0,-0.7491559982299805,0.6272084712982178,9.926005363464355,2.9596095085144043,0.8960500955581665,0.1312601417303085
2076093405.0,-0.6815370321273804,0.677100658416748,10.083555221557615,3.064730167388916,0.4126581251621246,0.101906232535839
2076101738.0,-0.5851953625679016,0.488444060087204,10.010133743286133,2.711996793746948,-0.1188756674528122,-0.059758011251688
2076110071.0,-0.5880415439605713,0.3827216029167175,9.713284492492676,2.2986600399017334,0.0495251268148422,0.0787765830755233
2076118404.0,-0.6637654304504395,0.494808554649353,9.534844398498535,2.5838489532470703,0.5189315676689148,0.084924004971981
2076126737.0,-0.6979886889457703,0.6172060370445251,9.796964645385742,2.966064214706421,1.356081485748291,0.0199406798928976
2076135070.0,-0.6808534264564514,0.5145348906517029,10.025232315063477,3.011017322540283,1.3600263595581057,0.1064911857247352
2076143403.0,-0.6957849860191345,0.4438872337341308,10.002004623413086,2.656747341156006,1.0984537601470947,0.0713484659790992
2076151736.0,-0.7392110824584961,0.5392997860908508,9.816548347473145,2.6723461151123047,0.7451821565628052,0.0824906453490257
2076160069.0,-0.7158859968185425,0.59745192527771,9.90578842163086,2.7020583152771,0.4349169433116913,-0.0379602946341037
2076168402.0,-0.6510289311408997,0.4852022230625152,10.028858184814451,2.6501383781433105,0.135384052991867,0.0594378337264061
2076176735.0,-0.5461870431900024,0.3708585798740387,9.87483024597168,2.6063125133514404,-0.0916989743709564,-0.0188520774245262
2076185068.0,-0.572867751121521,0.4717708528041839,9.65367031097412,2.732590675354004,0.2593313455581665,0.1341545581817627
2076193401.0,-0.6375234723091125,0.6298692226409912,9.674006462097168,2.951592445373535,0.7940541505813599,0.0648936703801155
2076201734.0,-0.6940305233001709,0.5699517130851746,9.879738807678224,2.837071180343628,1.3266764879226685,0.0657133236527443
2076210067.0,-0.717532217502594,0.3595052659511566,9.973638534545898,2.5310068130493164,1.3913780450820925,0.0190697982907295
2076218400.0,-0.7264149188995361,0.4035826027393341,9.864173889160156,2.536897897720337,1.0839815139770508,0.0948367118835449
2076226733.0,-0.7355653047561646,0.6164292693138123,9.930438995361328,2.920214891433716,0.706325352191925,0.0775471031665802
2076235066.0,-0.6832057237625122,0.6876914501190186,10.041404724121094,3.044879198074341,0.2699356079101562,0.1099747121334075
2076243399.0,-0.5661047101020813,0.5124878883361816,9.991934776306152,2.637279987335205,-0.056966058909893,0.0705287903547287
2076251732.0,-0.5400131344795227,0.3738707602024078,9.721693992614746,2.2093429565429688,0.0691456273198127,0.1285962611436844
2076260065.0,-0.5973262190818787,0.502618670463562,9.50796890258789,2.5268824100494385,0.5669070482254028,0.0282396934926509
2076268398.0,-0.661266565322876,0.5933012962341309,9.738884925842283,2.956894636154175,1.18997323513031,0.0833615362644195
2076276731.0,-0.6661274433135986,0.5570886731147766,10.044349670410156,2.982585906982422,1.4986249208450315,0.1493950337171554
2076285064.0,-0.705710232257843,0.4902156889438629,10.020956993103027,2.6799278259277344,1.1385143995285034,-0.0506393425166606
2076293397.0,-0.7648818492889404,0.494766503572464,9.843144416809082,2.4870526790618896,0.8651336431503296,0.0819271430373191
2076301730.0,-0.753911018371582,0.5929762125015259,9.924772262573242,2.647833108901977,0.6804549694061279,0.1104357838630676
2076310063.0,-0.6711047887802124,0.5056531429290771,10.023268699645996,2.7719085216522217,0.1721660792827606,0.0803902745246887
2076318396.0,-0.5843411684036255,0.3935463726520538,9.933938026428224,2.6397647857666016,-0.0420841909945011,0.0022668598685413
2076326729.0,-0.5412682294845581,0.4214242696762085,9.6995210647583,2.589919090270996,0.1170698553323745,-0.0219513997435569
2076335062.0,-0.6057716012001038,0.637366533279419,9.650856018066406,2.8617117404937744,0.6243853569030762,-0.0162650384008884
2076343395.0,-0.6669622659683228,0.5893952250480652,9.831598281860352,2.9423201084136963,1.2709143161773682,0.1251383572816848
2076351728.0,-0.6922585964202881,0.3896200954914093,9.964673042297363,2.6528022289276123,1.3943235874176023,0.0606673136353492
2076360061.0,-0.7398822903633118,0.3488885760307312,9.905755996704102,2.490561485290528,1.1993991136550903,0.0530342645943164
2076368394.0,-0.7635706663131714,0.5658982992172241,9.913151741027832,2.841066837310791,0.8255595564842224,0.061230830848217
2076376727.0,-0.7225255370140076,0.6806855201721191,10.070645332336426,3.131455659866333,0.442601203918457,-0.0390360951423645
2076385060.0,-0.612808346748352,0.5692570805549622,10.051663398742676,2.868525266647339,-0.0916989669203758,0.0512668937444686
2076393393.0,-0.5708450078964233,0.3856521248817444,9.812655448913574,2.294382333755493,-0.0840403065085411,0.074473388493061
2076401726.0,-0.6059004664421082,0.4472927153110504,9.588659286499023,2.4033453464508057,0.4351986944675445,0.0886380597949028
2076410059.0,-0.6643341779708862,0.5792255401611328,9.700563430786133,2.7627644538879395,1.0926392078399658,0.0761895477771759
2076418392.0,-0.6621184349060059,0.5851891040802002,10.006744384765623,2.904231548309326,1.488891363143921,0.1358194798231125
2076426725.0,-0.6561018824577332,0.4787186682224273,10.04624843597412,2.651188850402832,1.1265525817871094,0.0339516699314117
2076435058.0,-0.6983722448348999,0.4832438826560974,9.850778579711914,2.471888780593872,0.9600343108177184,0.0897907018661499
2076443391.0,-0.7659925818443298,0.5693874359130859,9.827253341674805,2.5889461040496826,0.8197195529937744,0.0683515891432762
2076451724.0,-0.6979280710220337,0.5501666069030762,9.968012809753418,2.797497272491455,0.3190125226974487,0.1077719032764434
2076460057.0,-0.6163948774337769,0.3993025124073028,10.006068229675291,2.660512208938598,0.1117164939641952,0.0677624642848968
2076468390.0,-0.5462577939033508,0.3932381272315979,9.734146118164062,2.553342342376709,0.0522146187722682,0.0408418998122215
2076476723.0,-0.614437460899353,0.5798442959785461,9.622246742248535,2.7479846477508545,0.6283043622970581,0.0944268703460693
2076485056.0,-0.647022545337677,0.6357192397117615,9.810824394226074,2.9057939052581787,1.009187936782837,0.027087053284049
2076493389.0,-0.6622318625450134,0.4471409320831299,9.974235534667969,2.692683696746826,1.3334901332855225,0.1035199388861656
2076501722.0,-0.7142907977104187,0.3274946510791778,9.885225296020508,2.502190589904785,1.3222196102142334,0.1094368249177932
2076510055.0,-0.736391544342041,0.4835003912448883,9.864108085632324,2.7262892723083496,0.8856249451637268,0.0074665490537881
2076518388.0,-0.7141674160957336,0.6933081746101379,9.955955505371094,3.1294829845428467,0.5755646824836731,-0.0001536854106234
2076526721.0,-0.630935788154602,0.6101066470146179,10.058335304260254,2.838223934173584,0.1375356316566467,0.028393380343914
2076535054.0,-0.5654596090316772,0.4030520915985107,9.861079216003418,2.450757026672364,-0.1719227284193039,0.0221178904175758
2076543387.0,-0.5704889297485352,0.4111034572124481,9.593988418579102,2.3636176586151123,0.3698567748069763,0.1171979382634162
2076551720.0,-0.6451554298400879,0.574030339717865,9.643196105957031,2.7144558429718018,0.9617760181427002,0.0879720821976661
2076560053.0,-0.6566314101219177,0.6111894249916077,9.96178150177002,3.004460096359253,1.3812347650527954,0.1384833604097366
2076568386.0,-0.6789377927780151,0.4983651041984558,10.057514190673828,2.849186658859253,1.3728333711624146,0.0839250460267067
2076576719.0,-0.7302061319351196,0.4489098787307739,9.857272148132324,2.5170469284057617,1.0271179676055908,0.0817990526556968
2076585052.0,-0.7661124467849731,0.540726900100708,9.814126968383787,2.641071081161499,0.8058366179466248,0.0886380597949028
2076593385.0,-0.7193505764007568,0.5944123864173889,9.94611644744873,2.769526243209839,0.5732338428497314,0.0765225291252136
2076601718.0,-0.6242877244949341,0.4477154612541199,10.017536163330078,2.633796453475952,0.0256526563316583,-0.0386262685060501
2076610051.0,-0.5552507042884827,0.4094935655593872,9.811835289001465,2.605262279510498,-0.0331960506737232,-0.0910842195153236
2076618384.0,-0.5899826288223267,0.5246118307113647,9.664703369140623,2.697601556777954,0.3949843049049377,0.0417640134692192
2076626717.0,-0.6593488454818726,0.6146256327629089,9.737537384033203,2.8536434173583984,0.918103814125061,0.1978571563959121
2076635050.0,-0.7004503607749939,0.4898917078971863,9.941685676574709,2.726853132247925,1.3071073293685913,0.1821044236421585
2076643383.0,-0.7127627730369568,0.3652843832969665,9.952143669128418,2.53779411315918,1.13664448261261,0.0916861519217491
2076651716.0,-0.7535910606384277,0.46944659948349,9.872057914733888,2.59363341331482,0.9015058875083924,0.041379801928997
2076660049.0,-0.7553703188896179,0.675288200378418,9.987248420715332,3.0423693656921387,0.6842203140258789,0.0391513593494892
2076668382.0,-0.6578007340431213,0.6432506442070007,10.067112922668455,2.8943190574646,0.0385110042989254,0.0270614419132471
2076676715.0,-0.5708537697792053,0.4136224091053009,9.909677505493164,2.58310604095459,-0.2240733206272125,0.0344383381307125
2076685048.0,-0.5929645299911499,0.3705837726593017,9.650129318237305,2.3312156200408936,0.1392517834901809,-0.0055582881905138
2076693381.0,-0.6628421545028687,0.5504712462425232,9.588129997253418,2.653442859649658,0.7903656959533691,0.0654571801424026
2076701714.0,-0.690384566783905,0.6046345233917236,9.900431632995604,3.045673370361328,1.304699420928955,-0.0126790469512343
2076710047.0,-0.6933501362800598,0.5058243274688721,10.072083473205566,2.898699283599853,1.2928913831710815,0.0886380597949028
2076718380.0,-0.6917816400527954,0.4393368363380432,9.946632385253906,2.608540773391724,1.0833669900894165,0.2216271609067917
2076726713.0,-0.7433372139930725,0.5215076804161072,9.81584358215332,2.6345138549804688,0.6322746276855469,0.1085403189063072
2076735046.0,-0.717944324016571,0.5655162930488586,9.91636562347412,2.8635048866271973,0.4051019251346588,0.1463213115930557
2076743379.0,-0.6325259804725647,0.4814925789833069,10.021722793579102,2.723113536834717,0.080108530819416,0.0505753085017204
2076751712.0,-0.5220003128051758,0.4095954000949859,9.834013938903809,2.6019837856292725,0.0104378014802932,-0.0423147156834602
2076760045.0,-0.5484001040458679,0.5167396068572998,9.646465301513672,2.737021923065185,0.3634787797927856,0.1212962120771408
2076768378.0,-0.6310799717903137,0.6358507871627808,9.69655418395996,2.918473243713379,0.8731763958930969,0.0804414972662925
2076776711.0,-0.6633025407791138,0.5663583278656006,9.942209243774414,2.749572992324829,1.2855144739151,0.1357170194387436
2076785044.0,-0.6957153081893921,0.3866478502750397,10.00920867919922,2.563459873199463,1.2045990228652954,-0.0222075432538986
2076793377.0,-0.6995604634284973,0.43074631690979,9.867712020874023,2.5079286098480225,0.989644467830658,0.0594634488224983
2076801710.0,-0.723817765712738,0.6360217928886414,9.885330200195312,2.9306914806365967,0.7076829075813293,0.1271106451749801
2076810043.0,-0.6509936451911926,0.6874144673347473,10.044395446777344,3.025720357894897,0.4182164371013641,0.0811587125062942
2076818376.0,-0.5696686506271362,0.4858318269252777,10.015018463134766,2.604365825653076,0.0186343565583229,0.0751649811863899
2076826709.0,-0.5563181638717651,0.3778999447822571,9.675086975097656,2.2892849445343018,0.0674807056784629,0.0766249746084213
2076835042.0,-0.5929195880889893,0.4961830079555511,9.557757377624512,2.450577974319458,0.5504883527755737,-0.0150355575606226
2076843375.0,-0.6695062518119812,0.6516205072402954,9.790658950805664,2.9925241470336914,1.2644596099853516,0.1555168330669403
2076851708.0,-0.6923145651817322,0.565843403339386,10.069555282592772,2.9318184852600098,1.3919416666030884,0.1960898041725158
2076860041.0,-0.6858130693435669,0.4400007724761963,10.008822441101074,2.5066730976104736,1.0997343063354492,0.0873061195015907
2076868374.0,-0.7595428824424744,0.4762243926525116,9.820646286010742,2.400271415710449,0.9408493041992188,0.0232193041592836
2076876707.0,-0.7595723867416382,0.5681785345077515,9.837066650390623,2.639021873474121,0.6118600368499756,0.0652522668242454
2076885040.0,-0.674818754196167,0.526556134223938,10.017481803894045,2.723676919937134,0.2946533858776092,-0.0529958568513393
2076893373.0,-0.587666392326355,0.3975162804126739,9.931166648864746,2.651496171951294,0.0177378579974174,-0.0007684270967729
2076901706.0,-0.5710049867630005,0.4490389823913574,9.661909103393556,2.5301358699798584,0.1925550252199173,0.1069778576493263
2076910039.0,-0.6457338929176331,0.5878753066062927,9.634943962097168,2.733154296875,0.7882141470909119,0.0520865507423877
2076918372.0,-0.6885184645652771,0.5785067677497864,9.851422309875488,2.869396448135376,1.213820219039917,0.0222971905022859
2076926705.0,-0.7142782211303711,0.407417356967926,9.998531341552734,2.5792124271392822,1.310513973236084,0.0935559943318367
2076935038.0,-0.7369686961174011,0.3412680029869079,9.891677856445312,2.5119240283966064,1.058956503868103,0.0584644936025142
2076943371.0,-0.7826141715049744,0.5387656688690186,9.833614349365234,2.8905277252197266,0.857628583908081,0.1512392312288284
2076951704.0,-0.7312949299812317,0.683098554611206,9.987696647644045,3.027794599533081,0.5283832550048828,0.0759846270084381
2076960037.0,-0.6424692273139954,0.5550004243850708,10.058462142944336,2.8311028480529785,0.1976778507232666,0.0043928413651883
2076968370.0,-0.5797219276428223,0.3567658066749573,9.823785781860352,2.36802339553833,-0.0995881557464599,0.0709130093455314
2076976703.0,-0.590891420841217,0.393844872713089,9.565165519714355,2.4538567066192627,0.4491072595119476,0.0604880228638649
2076985036.0,-0.6331531405448914,0.5535305738449097,9.6964111328125,2.964911699295044,0.9955869317054749,0.0565946549177169
2076993369.0,-0.6624159216880798,0.6084400415420532,10.01862335205078,3.0923428535461426,1.1765259504318235,0.0871012136340141
2077001702.0,-0.6525970101356506,0.4582691490650177,10.048197746276855,2.6810543537139893,1.1184327602386477,0.0720912590622901
2077010035.0,-0.6968274116516113,0.4102771282196045,9.84902286529541,2.428908109664917,0.8971000909805298,0.161536157131195
2077018368.0,-0.7492668032646179,0.5076237320899963,9.782510757446287,2.6169679164886475,0.7276363372802734,0.0818758979439735
2077026701.0,-0.699482262134552,0.5689240097999573,9.960979461669922,2.7941670417785645,0.4913194179534912,0.0088497176766395
2077035034.0,-0.593019425868988,0.4376257658004761,10.031447410583496,2.6787240505218506,0.1359219402074813,0.0128455394878983
2077043367.0,-0.533312976360321,0.3882869780063629,9.821714401245115,2.6253693103790283,0.04391560703516,-0.0010501835495233
2077051700.0,-0.5750911235809326,0.5265732407569885,9.650429725646973,2.7382514476776123,0.2569748163223266,0.0999339371919632
2077060033.0,-0.6306955814361572,0.5955721735954285,9.767621040344238,2.8652210235595703,0.9540660977363586,0.1981645226478576
2077068366.0,-0.6428204774856567,0.4751445651054382,9.988171577453612,2.787635564804077,1.3539555072784424,0.022143505513668
2077076699.0,-0.6724187135696411,0.3588218986988067,9.926773071289062,2.6166093349456787,1.1749120950698853,0.0090802460908889
2077085032.0,-0.7028185725212097,0.4859634935855865,9.820505142211914,2.699625253677368,1.0144646167755127,0.0950160175561904
2077093365.0,-0.7188916206359863,0.6932615637779236,9.945511817932127,3.056943893432617,0.6158302426338196,-0.0179043505340814
2077101698.0,-0.6500584483146667,0.6815600991249084,10.055816650390623,2.913862466812134,0.2818462252616882,0.0816197544336319
2077110031.0,-0.5803237557411194,0.4497012495994568,9.909878730773926,2.5499613285064697,0.1281352192163467,0.0623578540980815
2077118364.0,-0.583254873752594,0.3856098651885986,9.646679878234863,2.340820789337158,0.3879916071891784,0.0925314202904701
2077126697.0,-0.6647986769676208,0.5503187775611877,9.58523178100586,2.662638187408448,0.929578959941864,0.0683772042393684
2077135030.0,-0.6871496438980103,0.6724262237548828,9.914073944091797,3.081149101257324,1.1473768949508667,0.1126386150717735
2077143363.0,-0.6846201419830322,0.580894410610199,10.076478958129885,2.9761054515838623,1.231673240661621,0.1333092898130417
2077151696.0,-0.699979305267334,0.4626975059509277,9.925019264221191,2.5203511714935303,0.8426186442375183,0.1161733567714691
2077160029.0,-0.7929126620292664,0.5224449634552002,9.75722885131836,2.456367015838623,0.6781497001647949,-0.1191062033176422
2077168362.0,-0.7548837661743164,0.5801946520805359,9.91131591796875,2.7278265953063965,0.6531757712364197,-0.0090674394741654
2077176695.0,-0.6853460073471069,0.5090376734733582,10.05744171142578,2.8948311805725098,0.1443746387958526,0.1129203587770462
2077185028.0,-0.5813171863555908,0.416977047920227,9.880755424499512,2.634565114974976,0.1190421655774116,-0.0291746128350496
2077193361.0,-0.5989776849746704,0.5099340081214905,9.660497665405272,2.656977415084839,0.4127861857414245,-0.0527140945196151
2077201694.0,-0.6951472759246826,0.6307287216186523,9.701306343078612,2.830360174179077,0.8064256906509399,0.0811074748635292
2077210027.0,-0.7152882218360901,0.5371812582015991,9.894938468933104,2.769116401672364,1.2193272113800049,0.0618199557065963
2077218360.0,-0.7300825715065002,0.3553988039493561,9.9403076171875,2.555954933166504,1.208671808242798,0.0761127024888992
2077226693.0,-0.7426309585571289,0.4092150330543518,9.875935554504396,2.6325411796569824,1.0201765298843384,0.0653291046619415
2077235026.0,-0.7325323224067688,0.6568101048469543,9.892329216003418,2.970393180847168,0.73122239112854,0.0269845947623252
2077243359.0,-0.6747815608978271,0.6671851277351379,10.03646183013916,2.9847631454467773,0.3024144768714905,0.0133834388107061
2077251692.0,-0.589290201663971,0.5152690410614014,9.975482940673828,2.636153221130371,-0.0165467970073223,0.0452219322323799
2077260025.0,-0.5707660913467407,0.3623651564121246,9.742399215698242,2.222226858139038,-0.01949243247509,0.0234242174774408
2077268358.0,-0.6020039319992065,0.4935628473758697,9.572999000549316,2.4530882835388184,0.6210299134254456,0.0622554011642932
2077276691.0,-0.6618754863739014,0.6395418643951416,9.817063331604004,2.8689095973968506,1.0410009622573853,0.0605136305093765
2077285024.0,-0.6466671824455261,0.5900739431381226,10.10739517211914,2.984865427017212,1.205188274383545,0.0911226421594619
2077293357.0,-0.6616177558898926,0.4597179293632507,9.989089012145996,2.555750131607056,0.9764787554740906,0.106106974184513
2077301690.0,-0.7350109219551086,0.4681098163127899,9.829937934875488,2.472426652908325,0.8483050465583801,0.0126918535679578
2077310023.0,-0.7591695189476013,0.5501588582992554,9.860428810119627,2.639585256576538,0.7388554811477661,0.0453756190836429
2077318356.0,-0.6557101011276245,0.516478419303894,10.04715347290039,2.779003858566284,0.4027710556983948,0.0381011739373207
2077326689.0,-0.5655097961425781,0.399497926235199,10.010485649108888,2.547630071640014,0.1385089606046676,0.09729565680027
2077335022.0,-0.5304155945777893,0.4786055982112884,9.722993850708008,2.662561416625977,0.2642236649990082,0.0104378014802932
2077343355.0,-0.577905535697937,0.5901740789413452,9.682646751403809,2.8378140926361084,0.7068889141082764,-0.0149074848741292
2077351688.0,-0.6362356543540955,0.5765677094459534,9.885324478149414,2.764045238494873,1.0796784162521362,0.0315439365804195
2077360021.0,-0.6617385149002075,0.3691704869270324,9.976608276367188,2.522784471511841,1.2714520692825315,0.0049051260575652
2077368354.0,-0.7053025364875793,0.342290997505188,9.856194496154783,2.587665319442749,1.1187657117843628,-0.0033298500347882
2077376687.0,-0.7422294616699219,0.5743973255157471,9.90588092803955,2.855564594268799,1.0286293029785156,0.0839762687683105
2077385020.0,-0.7003194689750671,0.6755078434944153,10.042323112487791,3.1087355613708496,0.5316362380981445,0.0810050144791603
2077393353.0,-0.6332083344459534,0.5470144152641296,10.03543758392334,2.7800025939941406,0.1862795054912567,0.0910457968711853
2077401686.0,-0.5991016626358032,0.3800468742847442,9.804678916931152,2.2597005367279053,0.1050824075937271,0.0887149050831794
2077410019.0,-0.6295244693756104,0.4274402558803558,9.547256469726562,2.3150784969329834,0.4073559939861297,-0.0126278176903724
2077418352.0,-0.6865232586860657,0.5818033218383789,9.710586547851562,2.8966243267059326,1.0126203298568726,0.0744733810424804
2077426685.0,-0.6690305471420288,0.557343602180481,9.998017311096191,3.0309200286865234,1.2241427898406982,0.206950232386589
2077435018.0,-0.6922125220298767,0.4679742157459259,10.033082962036133,2.7828714847564697,1.0982999801635742,0.0855899676680564
2077443351.0,-0.7298477292060852,0.4828325510025024,9.822099685668944,2.532825231552124,0.886009156703949,0.0503191649913787
2077451684.0,-0.7717077732086182,0.5591810941696167,9.832093238830566,2.678903102874756,0.8320655822753906,0.068146675825119
2077460017.0,-0.6890891194343567,0.4948858916759491,10.00408172607422,2.782026052474976,0.383765310049057,0.025729501619935
2077468350.0,-0.6183701753616333,0.4034756422042846,9.9739351272583,2.6539034843444824,0.1823349446058273,-0.0803262442350387
2077476683.0,-0.5768558382987976,0.417851835489273,9.730480194091797,2.676572322845459,0.1703730970621109,0.0383317023515701
2077485016.0,-0.6509255766868591,0.5843976736068726,9.635530471801758,2.799802541732788,0.4915755987167358,0.0518816374242305
2077493349.0,-0.6807111501693726,0.6067980527877808,9.798460960388184,2.9052305221557617,1.052143096923828,0.1356657892465591
2077501682.0,-0.715769350528717,0.4385771751403808,9.951887130737305,2.598474502563477,1.2556993961334229,0.0450426302850246
2077510015.0,-0.7258582711219788,0.3559048175811767,9.881409645080566,2.5139729976654053,1.1568540334701538,0.0698628276586532
2077518348.0,-0.7337542176246643,0.5367951989173889,9.84633445739746,2.7850232124328613,0.8993542790412903,0.1424791812896728
2077526681.0,-0.7209935188293457,0.6964471936225891,10.017022132873535,3.051462411880493,0.4803821444511413,0.0698884353041648
2077535014.0,-0.6083624362945557,0.6109700798988342,10.063695907592772,2.8899900913238525,0.1016244813799858,0.0395868048071861
2077543347.0,-0.5625971555709839,0.4071895182132721,9.863333702087402,2.5015246868133545,-0.1794533282518386,0.0676856115460395
2077551680.0,-0.5727327466011047,0.4413363933563232,9.594697952270508,2.2985317707061768,0.3083313703536987,0.1551838368177414
2077560013.0,-0.6469247937202454,0.5954705476760864,9.669631958007812,2.835457563400269,0.8935653567314148,1.28071169456e-05
2077568346.0,-0.6452441811561584,0.6122350096702576,10.01487922668457,3.033302068710327,1.2442755699157717,0.1006255224347114
2077576679.0,-0.6442379951477051,0.4984186291694641,10.133539199829102,2.7543115615844727,1.1310094594955444,0.0938633754849433
2077585012.0,-0.7136276364326477,0.4790118932723999,9.923715591430664,2.565483570098877,0.886931300163269,0.0143823940306901
2077593345.0,-0.7319690585136414,0.5648725628852844,9.83928680419922,2.5667643547058105,0.7880091667175293,0.0035219576675444
2077601678.0,-0.677345871925354,0.5688679814338684,10.014093399047852,2.8379933834075928,0.4055629968643188,0.0668659657239914
2077610011.0,-0.5899296998977661,0.4271549880504608,10.024312019348145,2.5739617347717285,0.0340797379612922,0.0259600263088941
2077618344.0,-0.5136352181434631,0.4369627237319946,9.772724151611328,2.518993377685547,-0.0155222257599234,0.0230912305414676
2077626677.0,-0.5718981027603149,0.545522928237915,9.643025398254396,2.724803686141968,0.4901411533355713,0.0839250385761261
2077635010.0,-0.6436508297920227,0.6173443794250488,9.788795471191406,2.881255865097046,1.0559085607528689,0.0573630779981613
2077643343.0,-0.66581791639328,0.465110033750534,9.993703842163086,2.637049436569214,1.3128191232681274,0.106901004910469
2077651676.0,-0.7059569954872131,0.3318129777908325,9.91939926147461,2.4602856636047363,1.2430460453033447,-0.0117825474590063
2077660009.0,-0.7435421347618103,0.4667462408542633,9.86255931854248,2.6639952659606934,1.1469669342041016,0.1122287586331367
2077668342.0,-0.7418336868286133,0.6516227126121521,9.963264465332031,3.093034029006958,0.5864251255989075,0.1025209799408912
2077676675.0,-0.6505588889122009,0.6042025685310364,10.047348976135254,3.060964822769165,0.1780061274766922,0.0939658135175705
2077685008.0,-0.5932446122169495,0.4024942815303802,9.86678695678711,2.463923215866089,0.0146385366097092,0.0186343565583229
2077693341.0,-0.6020989418029785,0.3830624520778656,9.613347053527832,2.36087703704834,0.3970847129821777,-0.0023052811156958
2077701674.0,-0.6776744723320007,0.536828339099884,9.607412338256836,2.6706554889678955,0.9989168047904968,0.1344619393348693
2077710007.0,-0.6888580322265625,0.5844345092773438,9.917974472045898,3.142342090606689,1.4173253774642944,0.0108476299792528
2077718340.0,-0.695372998714447,0.4847231805324554,10.051045417785645,2.900107860565185,1.38687002658844,0.0430959537625312
2077726673.0,-0.7539512515068054,0.457128494977951,9.912586212158203,2.586256504058838,0.868898868560791,0.1066448614001274
2077735006.0,-0.7868236303329468,0.5443782806396484,9.752668380737305,2.5909693241119385,0.693338930606842,0.0698115974664688
2077743339.0,-0.7502267360687256,0.5746779441833496,9.908334732055664,2.7912473678588867,0.3987752199172973,0.0810306295752525
2077751672.0,-0.6431203484535217,0.471210241317749,10.014724731445312,2.6995227336883545,0.2223187685012817,0.0627676844596862
2077760005.0,-0.573772668838501,0.401966392993927,9.812989234924316,2.604084253311157,-0.1045060828328132,0.0934535413980484
2077768338.0,-0.5858187675476074,0.5214452743530273,9.607150077819824,2.665276527404785,0.3864291608333587,0.0436594635248184
2077776671.0,-0.6228525638580322,0.636314332485199,9.73001480102539,2.835278034210205,0.9137494564056396,0.1216548085212707
2077785004.0,-0.6655973792076111,0.514872133731842,9.90915870666504,2.7207822799682617,1.214537262916565,0.0973469018936157
2077793337.0,-0.6884325742721558,0.369970828294754,9.949566841125488,2.490561962127685,1.308746576309204,0.0700165182352066
2077801670.0,-0.7288810610771179,0.4390057623386383,9.832624435424805,2.6446568965911865,0.9266334176063538,0.1353072077035904
2077810003.0,-0.7574470639228821,0.6662703156471252,9.93704319000244,3.035555839538574,0.6976933479309082,0.0436594635248184
2077818336.0,-0.6746055483818054,0.642324686050415,10.076042175292969,3.0282557010650635,0.3035670816898346,0.1092831268906593
2077826669.0,-0.5916708707809448,0.4657548666000366,9.978179931640623,2.6045963764190674,-0.0274840760976076,0.1032637804746627
2077835002.0,-0.5590614080429077,0.4002593159675598,9.687846183776855,2.283214569091797,-0.0065316297113895,-0.0051740752533078
2077843335.0,-0.5959286093711853,0.5307990312576294,9.634927749633787,2.6608963012695312,0.4688045084476471,-0.0194412041455507
2077851668.0,-0.6196818351745605,0.6335062384605408,9.870262145996094,2.9500300884246826,1.0571634769439695,0.0528037436306476
2077860001.0,-0.6304674744606018,0.5485039353370667,10.046692848205566,2.96893310546875,1.2803404331207275,0.1052360832691192
2077868334.0,-0.6695939898490906,0.4678384661674499,9.948938369750977,2.5736544132232666,1.1249388456344604,-0.0025614234618842
2077876667.0,-0.7291476726531982,0.5317462682723999,9.79647445678711,2.4553675651550293,0.8431053161621094,0.0101048154756426
2077885000.0,-0.7255288362503052,0.5832480192184448,9.923029899597168,2.736637592315674,0.7434147596359253,0.0707081034779548
2077893333.0,-0.6762614250183105,0.466663509607315,10.034687995910645,2.698626041412353,0.4824313223361969,0.1173516288399696
2077901666.0,-0.557163417339325,0.404715895652771,9.879788398742676,2.586487293243408,0.1413009315729141,-0.0158295966684818
2077909999.0,-0.5553209781646729,0.511613130569458,9.682207107543944,2.7014694213867188,0.1375356316566467,0.0066981227137148
2077918332.0,-0.6328333616256714,0.6496488451957703,9.702022552490234,2.7498035430908203,0.735346257686615,0.0908921137452125
2077926665.0,-0.6513929963111877,0.5771255493164062,9.901158332824709,2.8296172618865967,1.1474792957305908,0.1086171567440033
2077934998.0,-0.6694828867912292,0.3519785702228546,9.942150115966797,2.565765380859375,1.2222217321395874,0.1180175989866256
2077943331.0,-0.7260881066322327,0.3643791377544403,9.79089069366455,2.531672716140747,1.1319059133529663,0.0446328036487102
2077951664.0,-0.776685893535614,0.5771872997283936,9.826465606689451,2.983481884002685,0.8791701793670654,0.0160985477268695
2077959997.0,-0.7424735426902771,0.6686998009681702,10.029075622558594,3.1229772567749023,0.5774345993995667,0.0773678049445152
2077968330.0,-0.6247850656509399,0.5154399871826172,10.030441284179688,2.70766830444336,0.2149418741464615,-0.0140878306701779
2077976663.0,-0.5903785228729248,0.3704836964607239,9.770352363586426,2.3106472492218018,-0.0224124547094106,0.0109500857070088
2077984996.0,-0.6119563579559326,0.4849627017974853,9.549477577209473,2.4827237129211426,0.5445713996887207,-0.0409827753901481
2077993329.0,-0.6614334583282471,0.5994967818260193,9.768542289733888,2.872162342071533,0.9246609807014464,0.0355141349136829
2078001662.0,-0.6695507168769836,0.5826603174209595,10.03256130218506,2.956254243850708,1.1453789472579956,0.0986020043492317
2078009995.0,-0.6912862658500671,0.4422603249549866,9.942708969116213,2.508696794509888,0.9797829389572144,-0.0047386335209012
2078018328.0,-0.7332148551940918,0.4837159216403961,9.798423767089844,2.448298215866089,1.104293704032898,0.191684141755104
2078026661.0,-0.777790367603302,0.5859100222587585,9.846739768981934,2.653775691986084,0.7528408169746399,0.2024421244859695
2078034994.0,-0.7055202722549438,0.5466657280921936,10.04062271118164,2.836123466491699,0.522107720375061,0.0421226099133491
2078043327.0,-0.6208593249320984,0.393452525138855,10.012505531311035,2.611384153366089,0.1081048846244812,0.0360520370304584
2078051660.0,-0.5574808716773987,0.4253489673137665,9.748369216918944,2.551037073135376,-0.0089649828150868,-0.0353476516902446
2078059993.0,-0.6201463937759399,0.5863857865333557,9.622196197509766,2.8676798343658447,0.4193178415298462,0.056492194533348
2078068326.0,-0.6582069396972656,0.5990384221076965,9.826337814331056,2.8937554359436035,1.0888996124267578,0.1084378734230995
2078076659.0,-0.6435941457748413,0.4340513944625854,9.949943542480469,2.5577733516693115,1.2277286052703855,0.1256762593984604
2078084992.0,-0.6676995158195496,0.3397715389728546,9.856549263000488,2.6085410118103027,1.1616439819335938,0.2238556146621704
2078093325.0,-0.7525230646133423,0.5428248643875122,9.82314395904541,2.7771337032318115,1.0329325199127195,0.0377425737679004
2078101658.0,-0.7268994450569153,0.6981985569000244,9.989771842956545,3.070596218109131,0.6702861189842224,0.095144085586071
2078109991.0,-0.6531301140785217,0.6018568873405457,10.065162658691406,2.923544883728028,0.2360479980707168,0.1285706609487533
2078118324.0,-0.5667720437049866,0.3932860493659973,9.87244987487793,2.41538405418396,0.0669171884655952,0.0457086041569709
2078126657.0,-0.5725664496421814,0.4081707894802093,9.579462051391602,2.3127732276916504,0.3004165589809418,0.1741639822721481
2078134990.0,-0.6521085500717163,0.6028718948364258,9.638371467590332,2.825212001800537,0.9286057353019714,0.1292366236448288
2078143323.0,-0.6582526564598083,0.6469434499740601,9.993618965148926,3.1342477798461914,1.2354387044906616,0.1190421804785728
2078151656.0,-0.6705611348152161,0.4906898438930511,10.06159496307373,2.743450880050659,1.0846219062805176,0.0285470634698867
2078159989.0,-0.695769727230072,0.4392375946044922,9.850781440734863,2.404420852661133,1.0630803108215332,0.0112318415194749
2078168322.0,-0.7834141254425049,0.5626404285430908,9.766541481018066,2.477754592895508,0.7989720702171326,0.0205810386687517
2078176655.0,-0.7550400495529175,0.5818784236907959,10.003520011901855,2.843090295791626,0.5603498220443726,0.0495507419109344
2078184988.0,-0.643132209777832,0.4368836879730224,10.044249534606934,2.695655107498169,0.2165555357933044,0.0668915808200836
2078193321.0,-0.5673199892044067,0.3852197527885437,9.82942008972168,2.631721973419189,-0.0407010205090045,-0.0683643966913223
2078201654.0,-0.6190040111541748,0.5124217867851257,9.624834060668944,2.7087693214416504,0.3783862888813019,0.0767018347978591
2078209987.0,-0.6663759350776672,0.6054087281227112,9.757052421569824,2.841886520385742,0.8291968107223511,0.0480651073157787
2078218320.0,-0.6629537343978882,0.4898827075958252,9.932494163513184,2.6544673442840576,1.084391474723816,0.0282396972179412
2078226653.0,-0.6977207064628601,0.2956611812114715,9.93674087524414,2.512641191482544,1.1268854141235352,0.0301351491361856
2078234986.0,-0.7015242576599121,0.4400902092456817,9.786504745483398,2.7171194553375244,1.0642074346542358,-0.0216696448624134
2078243319.0,-0.7455006837844849,0.6534183621406555,9.928317070007324,3.017241716384888,0.8148272633552551,0.0634336471557617
2078251652.0,-0.6684983372688293,0.6315755844116211,10.084087371826172,3.002026557922364,0.311994194984436,0.0563129037618637
2078259985.0,-0.5833922624588013,0.4264598786830902,9.953618049621582,2.631516933441162,0.1186579465866088,-0.0410596206784248
2078268318.0,-0.5786761045455933,0.3477348983287811,9.678282737731934,2.3584437370300293,0.0761639326810836,0.0082349767908453
2078276651.0,-0.622880220413208,0.5167702436447144,9.58208179473877,2.722191333770752,0.6822991967201233,0.0176610145717859
2078284984.0,-0.6411033272743225,0.6340087652206421,9.861394882202148,3.0974910259246826,1.0731980800628662,-0.0497684590518474
2078293317.0,-0.6571322679519653,0.5344831347465515,10.064748764038086,2.9856083393096924,1.2082107067108154,0.039458729326725
2078301650.0,-0.6876622438430786,0.4198575615882873,9.942052841186523,2.6483709812164307,1.010725021362305,0.0898419320583343
2078309983.0,-0.7466599941253662,0.5022498965263367,9.781072616577148,2.497657060623169,0.847613513469696,-0.0501526705920696
2078318316.0,-0.7482696771621704,0.5962711572647095,9.864906311035156,2.777825355529785,0.7346547245979309,0.1563621014356613
2078326649.0,-0.6537408232688904,0.5236384272575378,10.056793212890623,2.804438591003418,0.2494954764842987,0.0502679347991943
2078334982.0,-0.5744330286979675,0.4135040938854217,9.931001663208008,2.6258819103240967,-0.0429038405418396,0.0323123596608638
2078343315.0,-0.555500328540802,0.485500156879425,9.687950134277344,2.639636516571045,0.2733167111873626,0.0177890881896018
2078351648.0,-0.6486950516700745,0.643530011177063,9.682411193847656,2.9194211959838867,0.7587834000587463,0.1100771874189376
2078359981.0,-0.6634001731872559,0.5808364748954773,9.888671875,2.7237794399261475,1.1276026964187622,0.0750625133514404
2078368314.0,-0.6865227818489075,0.4005760252475738,9.975991249084473,2.5947864055633545,1.2011668682098389,-0.0109885074198246
2078376647.0,-0.71876060962677,0.3851554989814758,9.870265007019045,2.530827045440674,1.0394383668899536,0.1237295567989349
2078384980.0,-0.7659784555435181,0.6205738186836243,9.866738319396973,2.785689115524292,0.8418503403663635,0.0142543232068419
2078393313.0,-0.719327449798584,0.7413457632064819,10.018780708312988,2.9517714977264404,0.3790266215801239,-0.0124229043722152
2078401646.0,-0.6453295946121216,0.5313119888305664,10.056836128234863,2.7404797077178955,0.1172491610050201,-0.0076842703856527
2078409979.0,-0.5742945671081543,0.3754772543907165,9.822539329528809,2.292102575302124,0.027548111975193,-0.0111421924084424
2078418312.0,-0.615845799446106,0.4353194832801819,9.590794563293455,2.419456720352173,0.3835603892803192,0.0173536445945501
2078426645.0,-0.6512520909309387,0.6379604339599609,9.750144958496094,2.9431395530700684,0.7840901613235474,0.0511132068932056
2078434978.0,-0.6513084769248962,0.6406508684158325,10.0313720703125,3.0082767009735107,1.1610548496246338,0.0611539855599403
2078443311.0,-0.6661136150360107,0.4920729994773865,10.015018463134766,2.638458251953125,0.9429495930671692,0.0510875955224037
2078451644.0,-0.7298099398612976,0.4824570119380951,9.776216506958008,2.3098533153533936,1.0135680437088013,0.0864608436822891
2078459977.0,-0.775352954864502,0.5680225491523743,9.793746948242188,2.5629220008850098,0.7697461843490601,0.0838225930929184
2078468310.0,-0.7214992642402649,0.5758149027824402,10.010400772094728,2.812532663345337,0.6261783838272095,0.0835920497775077
2078476643.0,-0.5987976789474487,0.4282793700695038,10.04251194000244,2.733435869216919,0.0874854177236557,0.0292898789048194
2078484976.0,-0.5343421697616577,0.4205111861228943,9.798927307128906,2.618760824203491,0.0428654178977012,0.0114879831671714
2078493309.0,-0.5632768869400024,0.5791845321655273,9.637089729309082,2.622731208801269,0.3687297403812408,0.0705031901597976
2078501642.0,-0.634865403175354,0.6052388548851013,9.806093215942385,2.7962422370910645,0.7961544990539551,0.083668902516365
2078509975.0,-0.6513708233833313,0.404648095369339,9.95229434967041,2.669989585876465,1.1709164381027222,0.0733975917100906
2078518308.0,-0.6719856858253479,0.2888128459453583,9.868936538696287,2.405317544937134,1.137617588043213,0.065277874469757
2078526641.0,-0.6897741556167603,0.4636278748512268,9.809490203857422,2.829310178756714,1.067204236984253,0.0888429805636406
2078534974.0,-0.7366665005683899,0.6779784560203552,9.975868225097656,3.0605294704437256,0.7558888792991638,0.0737561956048011
2078543307.0,-0.6406154036521912,0.6070513129234314,10.11618709564209,2.945854663848877,0.3035670816898346,0.0235266741365194
2078551640.0,-0.5938689112663269,0.3797527849674225,9.908007621765137,2.362183094024658,0.0048026689328253,-0.0211573559790849
2078559973.0,-0.6076111793518066,0.3536010980606079,9.629762649536133,2.3130805492401123,0.2886340022087097,0.1146621257066726
2078568306.0,-0.6692704558372498,0.5176318883895874,9.63436222076416,2.779644012451172,0.8068612217903137,0.0298533923923969
2078576639.0,-0.6824156045913696,0.5814324617385864,9.937667846679688,3.0112736225128174,1.0982999801635742,0.2145064026117324
2078584972.0,-0.6589253544807434,0.4787144362926483,10.077352523803713,2.8946266174316406,1.13141930103302,0.0754467323422432
2078593305.0,-0.6935689449310303,0.4185551404953003,9.87977695465088,2.56048846244812,0.9299375414848328,-0.0586565993726253
2078601638.0,-0.7614331841468811,0.5231635570526123,9.808548927307127,2.49412202835083,0.9193075895309448,0.0616150386631488
2078609971.0,-0.744871199131012,0.5711429119110107,9.939599990844728,2.727954864501953,0.6016143560409546,0.1100003346800804
2078618304.0,-0.6639184951782227,0.4841022789478302,10.060169219970703,2.692453145980835,0.2915284037590027,0.0211957804858684
2078626637.0,-0.587702751159668,0.4034975171089172,9.859373092651367,2.674856185913086,0.0551346391439437,-0.0508442595601081
2078634970.0,-0.6196878552436829,0.5405212640762329,9.652070999145508,2.766017198562622,0.3298473060131073,0.0767274424433708
2078643303.0,-0.703440248966217,0.6323015689849854,9.743395805358888,2.958508014678955,0.8788115978240967,-0.0176225937902927
2078651636.0,-0.7149111032485962,0.5274789929389954,9.92992115020752,2.781411409378052,1.1478636264801023,0.0592585355043411
2078659969.0,-0.7016309499740601,0.3434778749942779,9.952099800109863,2.5479631423950195,1.1371312141418457,0.0318769142031669
2078668302.0,-0.7098147869110107,0.4508038759231567,9.864362716674805,2.6946816444396973,0.912519872188568,0.097090758383274
2078676635.0,-0.7413783073425293,0.6649866104125977,9.941973686218262,3.03478741645813,0.694568395614624,0.0695298388600349
2078684968.0,-0.6462592482566833,0.6760566830635071,10.041736602783203,3.082660436630249,0.209895834326744,0.0392025932669639
2078693301.0,-0.5681886672973633,0.4615280926227569,9.945591926574709,2.6066198348999023,-0.0296356715261936,0.0414566434919834
2078701634.0,-0.5725545883178711,0.386847972869873,9.683794975280762,2.304218053817749,0.1485241502523422,-0.0733335614204406
2078709967.0,-0.643244206905365,0.5135201215744019,9.57381534576416,2.6069529056549072,0.634477436542511,-0.0316848121583461
2078718300.0,-0.6811913847923279,0.6376550197601318,9.837162971496582,2.998799562454224,1.214972972869873,0.0242694895714521
2078726633.0,-0.6659608483314514,0.5586535930633545,10.123326301574709,2.916090965270996,1.263947367668152,0.1032894104719162
2078734966.0,-0.6840031743049622,0.4666539132595062,9.98166561126709,2.4711716175079346,0.939081847667694,0.0233986023813486
2078743299.0,-0.7367873191833496,0.526859700679779,9.79373836517334,2.502216339111328,0.8038387298583984,0.0178403165191411
2078751632.0,-0.7091948986053467,0.607686460018158,9.91504192352295,2.7402493953704834,0.5561491250991821,0.1429658532142639
2078759965.0,-0.619965136051178,0.5225347876548767,10.034619331359863,2.786841630935669,0.1565670073032379,0.1490108221769333
2078768298.0,-0.5279627442359924,0.4116275012493133,9.905126571655272,2.656670093536377,0.0434545464813709,-0.0306602399796247
2078776631.0,-0.5660684108734131,0.5133829116821289,9.665740966796877,2.628596544265747,0.2923480272293091,0.0486030057072639
2078784964.0,-0.6202609539031982,0.6456835865974426,9.716072082519531,2.8583309650421143,0.9588047862052916,0.1189909279346466
2078793297.0,-0.6748067736625671,0.541440486907959,9.91415309906006,2.7497265338897705,1.228983759880066,0.1009328961372375
2078801630.0,-0.6808003187179565,0.3563191890716553,9.961397171020508,2.420429944992065,1.4300298690795898,0.0806464105844497
2078809963.0,-0.7177297472953796,0.3922295570373535,9.865411758422852,2.486104965209961,1.0277072191238403,0.0946317911148071
2078818296.0,-0.745400071144104,0.6297620534896851,9.914531707763672,2.934353828430176,0.8301700949668884,0.0142030948773026
2078826629.0,-0.655156135559082,0.7002672553062439,10.064069747924805,3.0721585750579834,0.3283616900444031,0.0988581478595733
2078834962.0,-0.5902045965194702,0.5026335716247559,9.977517127990724,2.6088738441467285,0.161766692996025,0.0562616623938083
2078843295.0,-0.5851168036460876,0.3685949146747589,9.735713958740234,2.3060882091522217,0.1356914192438125,0.0465794876217842
2078851628.0,-0.6434758305549622,0.457618236541748,9.550689697265623,2.464460849761963,0.8562966585159302,-0.0021003670990467
2078859961.0,-0.7101093530654907,0.5730260610580444,9.800105094909668,2.8642477989196777,1.340636134147644,0.0034195003099739
2078868294.0,-0.7267823815345764,0.5149412751197815,10.053041458129885,2.9587645530700684,1.4614074230194092,0.0194283984601497
2078876627.0,-0.7103030681610107,0.4482853412628174,10.016618728637695,2.677161693572998,1.1720434427261353,0.1136887818574905
2078884960.0,-0.7530643939971924,0.4875576794147491,9.896733283996582,2.5886895656585693,0.9176939725875854,0.0384853854775428
2078893293.0,-0.7311062812805176,0.580218493938446,9.896538734436035,2.706489562988281,0.5518971085548401,0.0082605900242924
2078901626.0,-0.6676601767539978,0.4853312969207763,10.032655715942385,2.688713312149048,0.1958336383104324,-0.1279687136411667
2078909959.0,-0.5637614130973816,0.3743716180324554,9.91071891784668,2.558823585510254,0.0043159988708794,-0.0108860498294234
2078918292.0,-0.5598568320274353,0.4431091248989105,9.63982391357422,2.7471396923065186,0.1314394623041153,0.0203761272132396
2078926625.0,-0.6554564237594604,0.5895209312438965,9.644890785217283,2.8145558834075928,0.8720495104789734,0.1301587224006652
2078934958.0,-0.7004164457321167,0.5274216532707214,9.874014854431152,2.8859689235687256,1.3280085325241089,0.0686333402991294
2078943291.0,-0.7409234046936035,0.3507831990718841,9.986809730529783,2.586487293243408,1.3698108196258545,0.0831822305917739
2078951624.0,-0.7651881575584412,0.3736524283885956,9.90750503540039,2.653903722763061,1.0425890684127808,0.0035475715994834
2078959957.0,-0.7681030035018921,0.594882607460022,9.916060447692873,2.8386850357055664,0.6146520376205444,0.0226045623421669
2078968290.0,-0.6719633936882019,0.6653535962104797,10.04579734802246,3.094289302825928,0.321138471364975,0.0811587050557136
2078976623.0,-0.557569146156311,0.5090731382369995,9.98897647857666,2.738302707672119,-0.2256870418787002,0.050677765160799
2078984956.0,-0.5650045275688171,0.3732841610908508,9.726122856140137,2.4582109451293945,0.02793232165277,0.1011890396475792
2078993289.0,-0.6013234257698059,0.5098972320556641,9.536285400390623,2.514587879180908,0.508276104927063,0.0888942033052444
2079001622.0,-0.6923872232437134,0.5974166989326477,9.771014213562012,2.9935481548309326,1.371731877326965,0.1010353490710258
2079009955.0,-0.6911246180534363,0.553459882736206,10.031526565551758,3.052435398101806,1.4690146446228027,0.1134326383471489
2079018288.0,-0.7091798782348633,0.4647265672683716,10.036648750305176,2.6883294582366943,1.2238867282867432,0.0968602374196052
2079026621.0,-0.7666820287704468,0.5437297821044922,9.933246612548828,2.561180353164673,0.7914670705795288,0.0099255172535777
2079034954.0,-0.7654637694358826,0.6119787693023682,9.88027000427246,2.637331485748291,0.3828431665897369,0.0391769707202911
2079043287.0,-0.6451749801635742,0.5179633498191833,9.992783546447754,2.694784164428711,0.0358983501791954,0.103519931435585
2079051620.0,-0.5479428172111511,0.3993654251098633,9.909209251403809,2.638150930404663,-0.0741532072424888,0.0185575131326913
2079059953.0,-0.526874303817749,0.4668071269989013,9.66823387145996,2.650343418121338,0.2101776301860809,0.0142543232068419
2079068286.0,-0.6007173657417297,0.6199946403503418,9.662736892700195,2.927335739135742,0.7530969381332397,0.1375100165605545
2079076619.0,-0.6238150596618652,0.578167736530304,9.8649320602417,2.841963529586792,1.15867280960083,0.1020343154668808
2079084952.0,-0.6527369022369385,0.4162060022354126,9.960165023803713,2.486335515975952,1.4003175497055054,0.1250615119934082
2079093285.0,-0.7432072758674622,0.3803504109382629,9.89442539215088,2.42826771736145,1.3009341955184937,0.1017525419592857
2079101618.0,-0.7716745138168335,0.5877046585083008,9.905678749084473,2.8734688758850098,0.8166971206665039,0.034720093011856
2079109951.0,-0.7199187278747559,0.6624094843864441,10.049704551696776,3.0253102779388428,0.475464254617691,0.0555956996977329
2079118284.0,-0.6114009618759155,0.506953239440918,10.006107330322266,2.751929521560669,0.0222459621727466,0.0133322086185216
2079126617.0,-0.5651975274085999,0.3976234793663025,9.749482154846191,2.359058141708374,-0.0871396213769912,0.0205298084765672
2079134950.0,-0.5828984975814819,0.4883516728878021,9.574668884277344,2.615046739578247,0.4908072054386139,0.0407394394278526
2079143283.0,-0.6275107860565186,0.599776029586792,9.766660690307615,2.858176946640014,1.0954310894012451,-0.0013831686228513
2079151616.0,-0.6506869792938232,0.5394558310508728,9.986501693725586,2.9485952854156494,1.371962547302246,0.0666610524058342
2079159949.0,-0.6913588047027588,0.4714691638946533,9.988495826721191,2.673959970474243,1.282210350036621,0.0982690155506134
2079168282.0,-0.772861897945404,0.5144003629684448,9.855379104614258,2.504623889923096,1.0229941606521606,0.0652778819203376
2079176615.0,-0.7936967015266418,0.5901455879211426,9.88230323791504,2.6723203659057617,0.7155207991600037,0.1015220209956169
2079184948.0,-0.702756404876709,0.5160892605781555,10.016736030578612,2.774265050888061,0.4477240145206451,-5.12284677824e-05
2079193281.0,-0.6288976669311523,0.3951154351234436,9.947373390197754,2.6368446350097656,-0.0881898254156112,0.0050331973470747
2079201614.0,-0.5839571356773376,0.4678404927253723,9.70071792602539,2.6412248611450195,0.105261705815792,0.1266496032476425
2079209947.0,-0.6123281717300415,0.6234449148178101,9.673033714294434,2.749803304672241,0.5339670777320862,0.0892527997493743
2079218280.0,-0.6191319227218628,0.5876395106315613,9.83815574645996,2.7365095615386963,1.091307282447815,0.0351811498403549
2079226613.0,-0.6511960029602051,0.3883281648159027,9.925285339355469,2.5151000022888184,1.1871044635772705,0.0343102663755416
2079234946.0,-0.6882920861244202,0.3949995338916778,9.854615211486816,2.398683786392212,1.1330074071884155,0.1150719597935676
2079243279.0,-0.7433896660804749,0.5948094129562378,9.872729301452637,2.8622756004333496,1.0226868391036987,0.1107687652111053
2079251612.0,-0.6646063327789307,0.6782646179199219,10.059277534484863,3.0859389305114746,0.6617053151130676,0.0713996738195419
2079259945.0,-0.5584591627120972,0.5188804864883423,10.038729667663574,2.742349624633789,0.0444791205227375,0.0678649172186851
2079268278.0,-0.5347988605499268,0.3867408037185669,9.78732204437256,2.324581384658813,-0.0809922143816948,0.0739867091178894
2079276611.0,-0.6052117943763733,0.4930708706378937,9.596710205078123,2.3661532402038574,0.4760277569293976,0.1010865718126297
2079284944.0,-0.6172895431518555,0.6128444671630859,9.760412216186523,2.938400983810425,1.097044825553894,0.1005230695009231
2079293277.0,-0.5960245132446289,0.5653279423713684,10.088262557983398,2.938683032989502,1.2503461837768557,0.1015220284461975
2079301610.0,-0.6455202102661133,0.4316014051437378,10.04818344116211,2.584489107131958,1.1561626195907593,0.0917117744684219
2079309943.0,-0.6962311267852783,0.5002899765968323,9.793585777282717,2.524730920791626,1.011032223701477,0.0887661278247833
2079318276.0,-0.7052625417709351,0.5745585560798645,9.892539024353027,2.7450904846191406,0.8698723316192627,0.1126642227172851
2079326609.0,-0.6576097011566162,0.469225138425827,10.090668678283691,2.801057815551758,0.4765912890434265,0.0812355577945709
2079334942.0,-0.5870383381843567,0.4246432185173034,9.953133583068848,2.603494882583618,0.056338507682085,0.0288032051175832
2079343275.0,-0.5694236755371094,0.5150561928749084,9.695195198059082,2.637152194976806,0.2948839068412781,0.0542381443083286
2079351608.0,-0.6423598527908325,0.6231354475021362,9.675230979919434,2.8207035064697266,0.9266590476036072,0.0782130658626556
2079359941.0,-0.648171067237854,0.5712276101112366,9.85312843322754,2.839402198791504,1.241765379905701,0.0884075313806533
2079368274.0,-0.6505451798439026,0.381028413772583,9.919066429138184,2.575191259384156,1.3278805017471311,0.1659930646419525
2079376607.0,-0.721189558506012,0.4252175092697143,9.848434448242188,2.5275230407714844,1.1115168333053589,0.1450149714946746
2079384940.0,-0.7567718029022217,0.6223626732826233,9.797901153564451,2.83530330657959,0.9974054098129272,-0.0245384350419044
2079393273.0,-0.698837399482727,0.6705749034881592,10.023907661437988,3.008455991744995,0.5113241672515869,0.0497044250369071
2079401606.0,-0.5929681062698364,0.4939728081226349,10.073286056518556,2.572604179382324,0.158974751830101,0.0387927591800689
2079409939.0,-0.5600458383560181,0.3767540156841278,9.784567832946776,2.166823387145996,0.0013959758216515,0.044940173625946
2079418272.0,-0.6138598322868347,0.4559385776519775,9.521848678588867,2.370353937149048,0.4233136177062988,0.0848727598786354
2079426605.0,-0.6633216738700867,0.5831038355827332,9.68008804321289,2.8164005279541016,1.143534779548645,0.1033662557601928
2079434938.0,-0.6233168244361877,0.5523025393486023,10.02142333984375,2.9920883178710938,1.2721182107925415,0.0939914360642433
2079443271.0,-0.6635366678237915,0.4574639499187469,10.015096664428713,2.727647066116333,0.956294596195221,0.0627164542675018
2079451604.0,-0.7421330213546753,0.4575971662998199,9.7583646774292,2.404446601867676,0.8456156253814697,0.0449657887220382
2079459937.0,-0.7589709162712097,0.5320922136306763,9.796486854553224,2.7139179706573486,0.759167492389679,0.2055670469999313
2079468270.0,-0.6486790180206299,0.4812803268432617,9.983642578125,2.8433213233947754,0.414937824010849,0.1228074580430984
2079476603.0,-0.5429172515869141,0.3829104304313659,9.989401817321776,2.656106472015381,-0.0191338323056697,0.0497300326824188
2079484936.0,-0.5046993494033813,0.4794952571392059,9.722987174987791,2.708820581436157,0.0163546875119209,-0.0076586566865444
2079493269.0,-0.5746594667434692,0.5827147364616394,9.663009643554688,2.843679428100586,0.3942415118217468,0.1068753898143768
2079501602.0,-0.6002614498138428,0.5932995080947876,9.85140323638916,2.8167591094970703,1.033854603767395,0.2211661338806152
2079509935.0,-0.6066461801528931,0.4109378755092621,9.99731159210205,2.617992639541626,1.10357666015625,0.1073876917362213
2079518268.0,-0.6286113262176514,0.3872049152851105,9.884910583496094,2.537153720855713,1.1930469274520874,0.0687358006834983
2079526601.0,-0.6651768684387207,0.5885167121887207,9.895341873168944,2.9564332962036133,0.961186945438385,0.1220134049654007
2079534934.0,-0.6682494878768921,0.690131425857544,10.03412628173828,3.0552783012390137,0.5835049748420715,0.1143547371029853
2079543267.0,-0.5615924596786499,0.5894451141357422,10.091338157653809,2.708871841430664,0.1240625455975532,0.1204509362578392
2079551600.0,-0.4774365723133087,0.4000793993473053,9.91159439086914,2.3474550247192383,-0.153864711523056,0.1061325743794441
2079559933.0,-0.4968438446521759,0.4491137862205505,9.611353874206545,2.342127084732056,0.217221513390541,0.1148926392197609
2079568266.0,-0.5197773575782776,0.6234732270240784,9.679594039916992,2.8513126373291016,0.8662862777709961,0.104006603360176
2079576599.0,-0.488622635602951,0.6372397541999817,10.01023769378662,3.034121513366699,1.1606451272964478,0.0645350664854049
2079584932.0,-0.470459520816803,0.4984404742717743,10.048184394836426,2.591789484024048,0.9641326665878296,0.0493714399635791
2079593265.0,-0.5381342768669128,0.4901489019393921,9.833192825317385,2.4828004837036133,0.8743290305137634,0.0939401984214782
2079601598.0,-0.5692747831344604,0.5936347246170044,9.768985748291016,2.611947536468506,0.8293249011039734,0.1114091128110885
2079609931.0,-0.5110093355178833,0.5649843811988831,10.015153884887695,2.8079476356506348,0.4924464523792267,0.0771884992718696
2079618264.0,-0.4591518342494964,0.4546791911125183,10.038278579711914,2.6910955905914307,0.0409699715673923,0.1989841908216476
2079626597.0,-0.4484728574752807,0.4515141248703003,9.759238243103027,2.61970853805542,0.1019574552774429,0.1883542835712433
2079634930.0,-0.5133037567138672,0.5996013879776001,9.630501747131348,2.75318455696106,0.5409854650497437,0.1421205848455429
2079643263.0,-0.4955691993236542,0.6829095482826233,9.87088680267334,2.8282601833343506,0.9058858752250672,0.1278790682554245
2079651596.0,-0.4627213180065155,0.4705970883369446,10.029690742492676,2.5678656101226807,0.9554238319396972,0.1239857152104377
2079659929.0,-0.51718670129776,0.3589564859867096,9.916203498840332,2.4902799129486084,0.7078621983528137,0.1964483857154846
2079668262.0,-0.5544901490211487,0.51503586769104,9.849136352539062,2.6977553367614746,0.6272286176681519,0.1804907321929931
2079676595.0,-0.5016013383865356,0.6582770347595215,10.002941131591797,3.016550064086914,0.5898574590682983,0.2481379210948944
2079684928.0,-0.3080026805400848,0.6039543151855469,10.07883071899414,2.8510820865631104,0.2552074193954468,0.1759057492017746
2079693261.0,-0.2860414981842041,0.4182362556457519,9.895061492919922,2.464409828186035,-0.1142651066184043,0.1214755177497863
2079701594.0,-0.3787811696529388,0.4354967176914215,9.62412452697754,2.287773847579956,0.1631754785776138,0.1472434103488922
2079709927.0,-0.4189342260360718,0.5170881748199463,9.629651069641112,2.6191964149475098,0.9272992610931396,0.0799548253417015
2079718260.0,-0.3907577097415924,0.4924801588058471,9.872848510742188,2.898212194442749,1.3528541326522827,0.220269575715065
2079726593.0,-0.419625848531723,0.4756953418254852,9.980027198791504,2.8983917236328125,1.1935337781906128,0.2561295628547668
2079734926.0,-0.4839475154876709,0.5138944983482361,9.88886547088623,2.674625396728516,0.9215616583824158,0.3430642783641815
2079743259.0,-0.4453903138637543,0.5933166146278381,9.867952346801758,2.5733466148376465,0.5890377163887024,0.194604143500328
2079751592.0,-0.3598467409610748,0.4886302053928375,9.985276222229004,2.6152262687683105,0.1131508871912956,0.2793872952461242
2079759925.0,-0.2327744662761688,0.4157244563102722,9.923649787902832,2.663381099700928,-0.1973832994699478,0.1083097979426384
2079768258.0,-0.1998584121465683,0.4534082412719726,9.782134056091309,2.712918758392334,-0.0949775800108909,0.2012382298707962
2079776591.0,-0.2351017594337463,0.5756157636642456,9.784612655639648,2.8703441619873047,0.2299262136220932,0.2804374694824219
2079784924.0,-0.256617933511734,0.5420840382575989,9.852971076965332,2.7160184383392334,0.8436688184738159,0.3867621421813965
2079793257.0,-0.2824724614620209,0.3958604335784912,9.851157188415527,2.626675844192505,1.0252994298934937,0.4301783144474029
2079801590.0,-0.3528449535369873,0.3940975368022918,9.860365867614746,2.5813896656036377,1.2570825815200806,0.308664321899414
2079809923.0,-0.4125192761421203,0.5475890040397644,10.009347915649414,2.8473165035247803,1.0436391830444336,0.2870715260505676
2079818256.0,-0.3199115395545959,0.6001471281051636,10.10761547088623,2.9520022869110107,0.4694961607456207,0.2898634970188141
2079826589.0,-0.2301830202341079,0.5204734802246094,10.063404083251951,2.804464101791382,-0.1002028957009315,0.296881765127182
2079834922.0,-0.1834517121315002,0.4610980153083801,9.8076171875,2.573372602462769,-0.3080112040042877,0.3168353140354156
2079843255.0,-0.2053482979536056,0.5113294124603271,9.670167922973633,2.5636138916015625,0.1940918862819671,0.319755345582962
2079851588.0,-0.1270614117383957,0.5196702480316162,9.772353172302246,2.778465747833252,0.5601449012756348,0.2609194219112396
2079859921.0,-0.0802438184618949,0.4382850527763366,9.914034843444824,2.8320765495300293,0.9210495352745056,0.3477773070335388
2079868254.0,-0.1578821092844009,0.4762866795063019,9.84949779510498,2.762789726257324,0.8776589632034302,0.4285902082920074
2079876587.0,-0.2444450557231903,0.6193352937698364,9.828583717346191,2.8576648235321045,0.735115647315979,0.377848356962204
2079884920.0,-0.2234182804822921,0.5817525386810303,10.013080596923828,2.813326835632324,0.5259755253791809,0.3519011735916137
2079893253.0,-0.1220901533961296,0.4633461236953735,10.019465446472168,2.6489346027374268,0.2138404548168182,0.3542320728302002
2079901586.0,-0.1205939650535583,0.4538887739181518,9.85689640045166,2.521785259246826,-0.0555828846991062,0.4022843539714813
2079909919.0,-0.1446160972118377,0.6068347096443176,9.773754119873049,2.8811020851135254,0.0296228639781475,0.4766937494277954
2079918252.0,-0.1592767089605331,0.6013204455375671,9.884645462036133,3.0357608795166016,0.2133537679910659,0.4142206311225891
2079926585.0,-0.0306221339851617,0.4670778810977936,9.967134475708008,2.7869441509246826,0.4529237151145935,0.4581489861011505
2079934918.0,-0.0861411616206169,0.4534705281257629,9.82834243774414,2.5444796085357666,0.5227224826812744,0.419548362493515
2079943251.0,-0.1526807993650436,0.5997031331062317,9.79685115814209,2.72098708152771,0.5518970489501953,0.4166795313358307
2079951584.0,-0.1054992079734802,0.6681969165802002,9.995560646057127,3.007380247116089,0.4956226646900177,0.2842539846897125
2079959917.0,-0.0034432420507073,0.5606013536453247,10.129322052001951,2.868499517440796,0.3604562878608703,0.4580465257167816
2079968250.0,-0.0135290948674082,0.5266290903091431,9.92160701751709,2.559079885482788,-0.1116012334823608,0.5155249238014221
2079976583.0,-0.0533132404088974,0.6359710097312927,9.683542251586914,2.8146331310272217,0.0529062040150165,0.4810225367546081
2079984916.0,-0.0182383432984352,0.6725589632987976,9.84011936187744,2.899698257446289,0.2743156552314758,0.5162677764892578
2079993249.0,0.1172109022736549,0.5696349143981934,10.010787963867188,2.669477224349976,0.369549423456192,0.4558694064617157
2080001582.0,0.1144888401031494,0.5391772985458374,9.878631591796877,2.554494857788086,0.2900940179824829,0.4626571834087372
2080009915.0,0.009222206659615,0.6802061796188354,9.763314247131348,2.7413763999938965,0.409917414188385,0.5894219875335693
2080018248.0,-0.0096825705841183,0.7500368356704712,9.909852981567385,2.769526720046997,0.3627103865146637,0.531559407711029
2080026581.0,0.1168830245733261,0.6072767972946167,10.052574157714844,2.6678380966186523,0.5593252778053284,0.4446502923965454
2080034914.0,0.1056567206978797,0.5611013174057007,9.966891288757324,2.4576728343963623,0.0849496126174926,0.5747706294059753
2080043247.0,0.0094321090728044,0.685126543045044,9.781197547912598,2.531083583831787,0.0022668596357107,0.4755410552024841
2080051580.0,0.0242798998951911,0.7677786350250244,9.911755561828612,2.679415464401245,0.3451389968395233,0.554893970489502
2080059913.0,0.1122223734855651,0.6231628656387329,10.092330932617188,2.4907665252685547,0.3565373122692108,0.480817586183548
2080068246.0,0.1681556105613708,0.4695987105369568,10.000858306884766,2.190132141113281,0.3014411032199859,0.5823780298233032
2080076579.0,0.0573001317679882,0.5683213472366333,9.722041130065918,2.256370782852173,0.2594850063323974,0.547875702381134
2080084912.0,0.0412251502275466,0.7462183237075806,9.846211433410645,2.5994222164154053,0.5706467032432556,0.5390387773513794
2080093245.0,0.2041356265544891,0.6901838183403015,10.212453842163086,2.540560722351074,0.7750484347343445,0.4596090316772461
2080101578.0,0.3055299520492553,0.5718672275543213,10.142901420593262,2.129657030105591,0.0593097619712352,0.5337110161781311
2080109911.0,0.1739536970853805,0.5167945027351379,9.82383155822754,2.004736423492432,0.0581315085291862,0.7288658022880554
2080118244.0,0.0571529157459735,0.5899163484573364,9.731245994567873,2.281267642974853,0.5651909112930298,0.6825296878814697
2080126577.0,0.1132194921374321,0.5413198471069336,10.043400764465332,2.4234778881073,0.8278136253356934,0.7059924006462097
2080134910.0,0.3085564970970154,0.4053902626037597,10.104296684265137,2.2431282997131348,0.5385008454322815,0.7844744324684143
2080143243.0,0.2385753095149994,0.4222039878368377,9.827192306518556,2.3239667415618896,0.2340500652790069,0.7264068722724915
2080151576.0,0.0716444849967956,0.6256341338157654,9.780614852905272,2.4328527450561523,0.4370940923690796,0.8204879760742188
2080159909.0,0.0602991878986358,0.5950175523757935,10.016374588012695,2.410261392593384,0.6921607255935669,0.8853431940078735
2080168242.0,0.1978082060813903,0.4069335758686065,10.058048248291016,2.100123882293701,0.6803781390190125,0.97135591506958
2080176575.0,0.206020712852478,0.2755416631698608,9.888504981994627,2.2472777366638184,0.3897333741188049,0.97632497549057
2080184908.0,0.0730667561292648,0.4137480854988098,9.761448860168455,2.452857494354248,0.4161416888236999,0.8314252495765686
2080193241.0,0.0438352786004543,0.5572420954704285,9.899542808532717,2.6842823028564453,0.6365265846252441,0.8889548778533936
2080201574.0,0.2122678607702255,0.4121013581752777,10.078527450561523,2.554341077804565,0.5950314998626709,0.8950254917144775
2080209907.0,0.2247664928436279,0.2478032559156417,9.831954002380373,2.183882474899292,0.1439648121595382,0.9896700978279114
2080218240.0,0.0780580937862396,0.3409173786640167,9.57172966003418,2.324991464614868,0.1491132825613021,1.0929977893829346
2080226573.0,0.0115241101011633,0.4853511154651642,9.756990432739258,2.734716415405273,0.716878354549408,1.1225823163986206
2080234906.0,0.1237029507756233,0.3878795206546783,10.080252647399902,2.6493442058563232,0.767799437046051,1.1779601573944092
2080243239.0,0.2289535254240036,0.2771695554256439,10.02985382080078,2.564638376235962,0.1862283051013946,1.136951923370361
2080251572.0,0.1363762319087982,0.3555432856082916,9.667299270629885,2.545504093170166,0.042660504579544,1.1676119565963743
2080259905.0,0.0498748198151588,0.5057958960533142,9.717187881469728,2.913273572921753,0.1983438283205032,1.190229415893555
2080268238.0,0.1703058034181594,0.4595489799976349,10.073816299438477,2.794295310974121,0.2064123153686523,1.1405377388000488
2080276571.0,0.3131341338157654,0.3453342020511627,10.091163635253906,2.562512159347534,-0.0359623879194259,1.2182514667510986
2080284904.0,0.1781088262796402,0.3612815141677856,9.744799613952637,2.5054945945739746,-0.1272258907556533,1.2086973190307615
2080293237.0,0.0246497169137001,0.5482380986213684,9.72401523590088,2.8600730895996094,0.4056910574436188,1.1772174835205078
2080301570.0,0.1193943321704864,0.4971835613250732,10.140458106994627,2.8163492679595947,0.7857038974761963,1.2180209159851074
2080309903.0,0.3457913100719452,0.3487330973148346,10.281825065612791,2.634129762649536,0.4494914412498474,1.2160487174987793
2080318236.0,0.319458395242691,0.3905289471149444,9.906319618225098,2.543019771575928,-0.0745630413293838,1.163180947303772
2080326569.0,0.1093444526195526,0.5662512183189392,9.693570137023926,2.9041035175323486,0.0895857885479927,1.2178927659988403
2080334902.0,0.0920755192637443,0.525848388671875,9.931638717651367,2.957124948501587,0.5328657031059265,1.1218392848968506
2080343235.0,0.2396952360868454,0.3174584805965423,9.979096412658691,2.6822588443756104,0.677842378616333,1.1167422533035278
2080351568.0,0.2354598641395568,0.2378284037113189,9.825618743896484,2.580698251724243,0.4681642353534698,1.1055744886398315
2080359901.0,0.0793972313404083,0.4215667247772217,9.7282075881958,2.998338460922241,0.6175976395606995,0.9912325143814088
2080368234.0,0.0905089378356933,0.4916093647480011,9.98496913909912,3.3657233715057373,0.6477711796760559,1.1018604040145874
2080376567.0,0.2827730774879455,0.348055899143219,10.110983848571776,3.216059446334839,0.2878399789333343,0.9571145176887512
2080384900.0,0.2895626723766327,0.2433128356933593,9.878622055053713,2.9544098377227783,-0.0549169145524501,0.9588816165924072
2080393233.0,0.0740706697106361,0.427670419216156,9.650843620300291,3.139293670654297,0.1937076598405838,0.9427703619003296
2080401566.0,0.028346512466669,0.5194907188415527,9.782384872436523,3.4365718364715576,0.7901862263679504,0.9610075354576112
2080409899.0,0.2062155157327652,0.3934386968612671,10.101768493652344,3.446305513381958,0.8811168074607849,1.0210474729537964
2080418232.0,0.2017223536968231,0.3053886890411377,9.95216178894043,3.295207500457764,0.4836095869541168,0.9449476003646852
2080426565.0,0.0295989867299795,0.4868325889110565,9.712053298950195,3.299485206604004,0.2256229966878891,0.9186161756515504
2080434898.0,-0.0144491447135806,0.6378981471061707,9.827561378479004,3.51600193977356,0.4742603898048401,0.8900561928749084
2080443231.0,0.1368068903684616,0.568911612033844,10.090301513671877,3.4300148487091064,0.5096592307090759,0.7686191201210022
2080451564.0,0.2517302632331848,0.6231382489204407,10.009800910949709,3.045084238052368,0.0221947357058525,0.9350347518920898
2080459897.0,0.087766982614994,0.7408735752105713,9.78343391418457,3.20619797706604,-0.1288908272981643,0.9789119958877563
2080468230.0,0.0526174046099185,0.8029764890670776,9.876959800720217,3.266494035720825,0.3317940235137939,0.7677483558654785
2080476563.0,0.177683025598526,0.6296655535697937,10.13971710205078,3.0510270595550537,0.7056337594985962,0.8486636877059937
2080484896.0,0.2845743596553802,0.5634885430335999,10.03522491455078,2.7692959308624268,0.3268504738807678,0.8106777667999268
2080493229.0,0.1809404194355011,0.7028422355651855,9.738993644714355,2.924466609954834,0.0712203681468963,0.7919793128967285
2080501562.0,0.0632328316569328,0.8029404878616333,9.844457626342772,3.0608370304107666,0.3463684618473053,0.6955929398536682
2080509895.0,0.1794853210449218,0.5480126142501831,10.032963752746582,2.922443389892578,0.7304283380508423,0.8582945466041565
2080518228.0,0.2661742269992828,0.3636678755283355,9.867849349975586,2.509772539138794,0.3080496191978454,0.7697975039482117
2080526561.0,0.1793472021818161,0.4403299391269684,9.735569953918455,2.7656073570251465,0.2809753715991974,0.7792235016822815
2080534894.0,0.026565920561552,0.7343752980232239,9.905603408813477,3.116394281387329,0.6255380511283875,0.6706190705299377
2080543227.0,0.1213527023792266,0.7092841267585754,10.08919620513916,3.259910821914673,0.6214653849601746,0.6403430104255676
2080551560.0,0.2551141381263733,0.5599145889282227,9.983445167541504,2.7936806678771973,0.4293586313724518,0.6829652190208435
2080559893.0,0.1806366443634033,0.523661196231842,9.845712661743164,2.5179686546325684,0.3486993610858917,0.6025108695030212
2080568226.0,0.0812359154224395,0.6986458897590637,9.89188003540039,2.692453145980835,0.5241312980651855,0.6742051243782043
2080576559.0,0.0936028733849525,0.6497644782066345,9.990774154663086,2.8682949542999268,0.6806086897850037,0.7151366472244263
2080584892.0,0.2350039929151535,0.4229773581027984,9.996315956115724,2.7082314491271973,0.4483644068241119,0.639677107334137
2080593225.0,0.1375090926885604,0.4272590577602386,9.9380464553833,2.696781873703003,0.3516962230205536,0.6494616866111755
2080601558.0,0.0817902609705925,0.6465975046157837,9.93464183807373,2.7214741706848145,0.6479504704475403,0.687421977519989
2080609891.0,0.1344427168369293,0.5677743554115295,10.062470436096191,2.8120458126068115,0.5978490114212036,0.6611673831939697
2080618224.0,0.1819736212491989,0.3374227285385132,10.00539493560791,2.697652816772461,0.2646078467369079,0.5880131721496582
2080626557.0,0.1130583137273788,0.3720594644546509,9.7183837890625,2.608284950256348,0.1095905005931854,0.548183023929596
2080634890.0,0.1083203628659248,0.5737479329109192,9.80459690093994,2.769731283187866,0.4681129455566406,0.6194674372673035
2080643223.0,0.174909695982933,0.6582748293876648,9.945860862731934,2.944497346878052,0.3945232629776001,0.541600227355957
2080651556.0,0.2680863440036773,0.5852660536766052,10.008404731750488,2.811994791030884,0.0049307406879961,0.4954176843166351
2080659889.0,0.206310898065567,0.4551300704479217,9.777342796325684,2.4478118419647217,0.0408418998122215,0.4561767578125
2080668222.0,0.1959338039159774,0.4234054684638977,9.768935203552246,2.532236099243164,0.3585864901542663,0.5266671180725098
2080676555.0,0.2515873610973358,0.3260599076747894,9.882806777954102,2.7999563217163086,0.7344753742218018,0.6930059194564819
2080684888.0,0.2968057692050934,0.3375205099582672,9.780959129333496,2.9206247329711914,0.5549708604812622,0.5096593499183655
2080693221.0,0.2210277169942855,0.4442820847034454,9.724353790283203,3.065268278121948,0.5557648539543152,0.5316618084907532
2080701554.0,0.2714322209358215,0.4668776094913482,9.920004844665527,3.0557398796081543,0.4430110454559326,0.520827054977417
2080709887.0,0.3937048614025116,0.3132794797420501,9.858137130737305,2.693426609039306,0.2353820353746414,0.5281527638435364
2080718220.0,0.4973437190055847,0.2806176841259002,9.651851654052734,2.7846133708953857,0.0575679950416088,0.4586869478225708
2080726553.0,0.2773914933204651,0.3732039928436279,9.63819408416748,3.029305934906006,0.2550537586212158,0.504946231842041
2080734886.0,0.3094311654567718,0.305774450302124,9.850226402282717,3.150435447692871,0.8037618398666382,0.5094543099403381
2080743219.0,0.4567786455154419,0.1748725771903991,9.766830444335938,3.018548011779785,0.8208465576171875,0.5266671180725098
2080751552.0,0.4398541748523712,0.2481159716844558,9.692744255065918,3.262190103530884,0.6252050399780273,0.715213418006897
2080759885.0,0.3185611069202423,0.4281880855560303,9.844975471496582,3.566000938415528,0.5111960768699646,0.6438522338867188
2080768218.0,0.4723904132843017,0.4981412291526794,10.041723251342772,3.3970754146575928,0.2102800756692886,0.7045068144798279
2080776551.0,0.620434045791626,0.4549063444137573,10.007060050964355,3.161296129226685,0.0195564702153205,0.7384199500083923
2080784884.0,0.5129234790802002,0.4955350756645202,9.717366218566896,3.081763982772827,0.088305078446865,0.6840922236442566
2080793217.0,0.4231767654418945,0.5707951784133911,9.53777027130127,3.195312261581421,0.7402386665344238,0.7614472508430481
2080801550.0,0.6060270071029663,0.3975949585437774,9.79807949066162,3.3869314193725586,1.2634860277175903,0.8734325170516968
2080809883.0,0.7067662477493286,0.3367843925952911,10.018555641174316,3.2094767093658447,1.0277072191238403,0.794438362121582
2080818216.0,0.5623457431793213,0.6770134568214417,9.85748291015625,3.31772255897522,0.7595517635345459,0.7729736566543579
2080826549.0,0.5251794457435608,1.020808219909668,9.722826957702637,3.628089904785156,0.7929013967514038,0.7308381199836731
2080834882.0,0.7486127614974976,0.8102894425392151,10.014693260192873,3.4064245223999023,1.043664813041687,0.7220525145530701
2080843215.0,0.9043512344360352,0.5981543064117432,10.002890586853027,2.880589723587036,0.7166990637779236,0.626306414604187
2080851548.0,0.7983644604682922,0.6309380531311035,9.632402420043944,2.653775691986084,0.826404869556427,0.4917036592960357
2080859881.0,0.760482668876648,0.6835910677909851,9.55100154876709,2.744168519973755,1.5531065464019775,0.451156347990036
2080868214.0,0.7680107355117798,0.3348100185394287,9.745866775512695,3.0308938026428223,2.3976075649261475,0.5012065172195435
2080876547.0,0.7974691390991211,-0.0979384332895279,9.705962181091309,2.873007297515869,2.466714382171631,0.4702644646167755
2080884880.0,0.7822288274765015,-0.1294392645359039,9.518515586853027,3.1678273677825928,2.522655963897705,0.4791782200336456
2080893213.0,0.7708911299705505,-0.0182053763419389,9.700780868530272,3.9455530643463135,2.308777570724488,0.4927282631397247
2080901546.0,0.5220696330070496,0.252484381198883,9.968046188354492,4.221392631530762,2.052481412887573,0.3960089087486267
2080909879.0,0.3189617693424225,0.5831465721130371,9.81314182281494,4.420619487762451,2.4012703895568848,0.4497219026088714
2080918212.0,0.2524819076061249,0.7065911889076233,9.850191116333008,4.277436256408691,3.003026008605957,0.4378369450569153
2080926545.0,0.3850387036800384,0.5677223205566406,10.190936088562012,3.8146896362304688,2.828362464904785,0.2369701117277145
2080934878.0,0.3200999796390533,0.449708878993988,9.935016632080078,3.44896936416626,2.4051640033721924,0.2354844808578491
2080943211.0,0.0326355993747711,0.4870230555534363,9.706801414489746,3.8294436931610094,2.101123094558716,0.2113558650016784
2080951544.0,-0.054337128996849,0.6126007437705994,9.845829963684082,4.195034980773926,2.4361572265625,0.242502748966217
2080959877.0,-0.0589712634682655,0.5002841949462891,10.007730484008787,4.201003551483154,2.4039857387542725,0.1438111215829849
2080968210.0,-0.0933536514639854,0.4077262878417969,10.023838996887209,3.967043399810791,2.335877656936645,-0.0153685407713055
2080976543.0,-0.4063224792480469,0.6497042775154114,9.91540813446045,3.842122793197632,2.5470669269561768,-0.0523298867046833
2080984876.0,-0.4927363991737366,0.5186669826507568,10.204286575317385,3.9776477813720703,2.7852792739868164,-0.1895453482866287
2080993209.0,-0.4477697312831878,0.2765105366706848,10.194523811340332,3.934692621231079,2.6236789226531982,-0.0956179425120353
2081001542.0,-0.5176538825035095,0.3596863150596618,9.914626121520996,4.012457370758057,2.2259411811828613,-0.0398557521402835
2081009875.0,-0.4945549070835113,0.7434419989585876,10.087591171264648,4.4045090675354,1.831712245941162,0.011820969171822
2081018208.0,-0.3925007283687591,0.813659131526947,10.271546363830566,4.442596912384033,0.9577546715736388,-0.0251531768590211
2081026541.0,-0.3696337640285492,0.6448150873184204,10.123839378356934,3.7439937591552734,0.4911913573741913,0.0578753538429737
2081034874.0,-0.4369569420814514,0.6290730834007263,9.862648963928224,3.2868316173553467,0.5806106925010681,0.1805931627750396
2081043207.0,-0.3174531161785126,0.7585719227790833,9.987295150756836,3.4418747425079346,1.0109299421310425,0.3782326281070709
2081051540.0,-0.3029368817806244,0.8402092456817627,10.352537155151367,3.567178964614868,0.8690012693405151,0.4690862894058227
2081059873.0,-0.4824794232845306,1.003665566444397,10.37977409362793,3.460777997970581,0.7246907949447632,0.4465457797050476
2081068206.0,-0.3700451552867889,1.0982434749603271,10.317566871643066,3.2568371295928955,0.4357878267765045,0.6285861730575562
2081076539.0,-0.2306719422340393,0.9326704740524292,10.29481315612793,2.8888888359069824,-0.1927727311849594,0.693108320236206
2081084872.0,-0.191861405968666,0.6597784161567688,10.095413208007812,2.376424789428711,-0.9846624732017516,0.5981564521789551
2081093205.0,-0.2485044151544571,0.6211553812026978,10.073579788208008,2.163826465606689,-1.0417821407318115,0.7641367316246033
2081101538.0,-0.1187689378857612,0.7307953834533691,10.349935531616213,2.1586012840271,-0.9509541392326356,0.9403114318847656
2081109871.0,-0.1457081437110901,0.7302524447441101,10.204389572143556,2.409364700317383,-0.7083873152732849,1.0060118436813354
2081118204.0,-0.2406440675258636,0.7711257338523865,10.151910781860352,2.616276502609253,-0.1013299152255058,0.906141996383667
2081126537.0,-0.1410517990589141,0.8744789361953735,10.543721199035645,2.43556809425354,0.2039533257484436,0.983573853969574
2081134870.0,-0.1724473536014557,0.6915674805641174,10.718048095703123,1.9420584440231323,-0.2465882450342178,1.0547813177108765
2081143203.0,-0.2089425176382064,0.5853872895240784,10.302449226379396,2.101123094558716,-0.9246482849121094,0.9819858074188232
2081151536.0,-0.174308106303215,0.3888534605503082,10.041840553283691,2.592250347137451,-1.056100606918335,0.9507876634597778
2081159869.0,0.0486485734581947,0.0488552935421466,10.006263732910156,2.8678338527679443,-1.4737406969070437,1.0171797275543213
2081168202.0,0.0475862175226211,0.2636772990226745,9.619232177734377,3.217980146408081,-1.6645663976669312,0.9553467631340028
2081176535.0,-0.095349296927452,0.6272023320198059,9.749265670776367,3.391183614730835,-0.9878641366958618,0.9301937818527222
2081184868.0,0.0553347021341323,0.7220399379730225,10.072404861450195,3.33229660987854,-0.4720703363418579,0.8778126239776611
2081193201.0,0.1869653910398483,0.3819908201694488,10.43000602722168,2.9225456714630127,-0.4885658919811249,0.8142637610435486
2081201534.0,0.0499152913689613,0.414002388715744,10.18909740447998,2.8134546279907227,-0.845961332321167,0.8845235705375671
2081209867.0,-0.043727807700634,0.6816988587379456,10.179227828979492,3.4213063716888428,-0.4823416769504547,0.8956915140151978
2081218200.0,-0.0275033861398696,0.7495598793029785,10.39271640777588,3.70221734046936,-0.4989652931690216,0.6811721324920654
2081226533.0,-0.0084615210071206,0.8458960652351379,10.210676193237305,3.6443545818328857,-0.6653297543525696,0.4560998678207397
2081234866.0,0.0366422273218631,1.139651894569397,10.066627502441406,3.203841209411621,-0.3731737732887268,0.4062033593654632
2081243199.0,0.1967336982488632,1.320634126663208,10.269707679748535,3.006253242492676,-0.2076802104711532,0.3458562195301056
2081251532.0,-0.0332289449870586,1.157586932182312,10.016915321350098,2.5393569469451904,-0.2944868505001068,0.058438878506422
2081259865.0,-0.1860336810350418,1.030817627906799,9.665578842163086,2.1109840869903564,0.1345899850130081,-0.0536362044513225
2081268198.0,-0.0427409298717975,0.8725548982620239,9.741799354553224,1.9612690210342407,0.6603989601135254,-0.1526864320039749
2081276531.0,-0.1803333461284637,0.6659067273139954,9.881861686706545,1.7515909671783447,0.4119921624660492,-0.17768594622612
2081284864.0,-0.1137040555477142,0.6550426483154297,9.916318893432615,1.664758801460266,-0.0577344894409179,-0.3590091168880462
2081293197.0,0.111695572733879,0.7234950661659241,10.134410858154297,1.8141411542892456,-0.6578760743141174,-0.4176657497882843
2081301530.0,0.1425739824771881,0.726682722568512,10.213680267333984,1.6672178506851196,-1.5435137748718262,-0.5147180557250977
2081309863.0,0.1573691517114639,0.7145744562149048,9.73483180999756,1.5546432733535769,-1.4967167377471924,-0.6532142162322998
2081318196.0,0.3810824155807495,0.6983080506324768,9.42336082458496,1.6727246046066284,-0.8403773903846741,-0.3837012350559234
2081326529.0,0.484602153301239,0.5620807409286499,9.54712963104248,1.811835527420044,-0.4820598661899566,-0.2942306995391845
2081334862.0,0.266622394323349,0.2896687090396881,9.5499906539917,1.508947253227234,0.1195544302463531,-0.3561147153377533
2081343195.0,0.2701881527900696,0.2157652676105499,9.247454643249512,1.5718557834625244,0.738676130771637,-0.143157958984375
2081351528.0,0.3115064203739166,0.0893019959330558,9.342240333557127,2.2290148735046387,0.5624245405197144,-0.0516382940113544
2081359861.0,0.0262837279587984,0.0199043937027454,9.64061450958252,2.5606677532196045,0.1362549066543579,0.104134663939476
2081368194.0,0.1108667179942131,-0.1116248667240142,9.659723281860352,2.4899725914001465,-0.2170038074254989,0.2920919358730316
2081376527.0,0.4603663980960846,-0.1778686344623565,9.58349323272705,2.7841267585754395,-0.9203963875770568,0.3295399248600006
2081384860.0,0.4258206486701965,-0.1435342133045196,9.78117847442627,3.159759521484375,-1.5878522396087646,0.5914711356163025
2081393193.0,0.5177794098854065,0.1730330884456634,9.65040683746338,3.342413663864136,-1.5273765325546265,0.6779446601867676
2081401526.0,0.8211153149604797,0.3418225646018982,9.355914115905762,3.9448611736297607,-1.346796631813049,0.677791178226471
2081409859.0,0.6563025116920471,0.4674367606639862,9.433150291442873,4.167269706726074,-0.7754965424537659,0.7587576508522034
2081418192.0,0.2338882386684417,0.4432423710823059,9.609661102294922,3.757877111434937,0.7327591776847839,0.7849865555763245
2081426525.0,0.249035894870758,0.2527358531951904,9.54605770111084,3.358832359313965,1.7265912294387815,0.8884936571121216
2081434858.0,0.1776947230100631,0.2455431818962097,9.591171264648438,3.727396488189697,1.8013849258422852,0.9481236338615416
2081443191.0,-0.0127600152045488,0.5692325234413147,10.11409854888916,4.26580810546875,1.0605958700180054,1.146864652633667
2081451524.0,0.0628967732191085,0.8215872049331665,10.238274574279783,4.0569748878479,-0.3834195435047149,0.9846752882003784
2081459857.0,0.0521315112709999,0.8624008893966675,9.752570152282717,3.8014981746673584,-1.465211033821106,0.8204111456871033
2081468190.0,0.0330976694822311,0.892577588558197,9.904553413391112,3.047825336456299,-1.251511573791504,0.8515068888664246
2081476523.0,0.1834721863269806,0.9188995361328124,10.136171340942385,2.119206666946411,-0.9488537311553956,0.8059135675430298
2081484856.0,0.1080948784947395,0.9391120672225952,9.619810104370115,2.093592405319214,-0.4580593705177307,0.6846557259559631
2081493189.0,-0.0909150317311286,0.8971494436264038,9.988717079162598,2.55534029006958,0.7018172740936279,0.6597074270248413
2081501522.0,0.1008340790867805,0.8809354901313782,10.422737121582031,2.364232063293457,0.7887519001960754,0.4475190937519073
2081509855.0,-0.0371549017727375,0.8647174835205078,10.117534637451172,1.8919569253921509,-0.0085807684808969,0.3123527765274048
2081518188.0,-0.2032667249441146,1.0111223459243774,10.217552185058594,1.749669909477234,-0.3208182752132416,0.128442570567131
2081526521.0,0.0620804168283939,0.8520863056182861,10.449358940124512,1.4090518951416016,-0.9372249245643616,0.0117441276088356
2081534854.0,0.1686571836471557,0.7094743251800537,10.117578506469728,1.2560068368911743,-1.8639477491378784,-0.2584988474845886
2081543187.0,0.1619014292955398,0.6826546788215637,9.851452827453612,1.3946822881698608,-1.5569868087768557,-0.4460462927818298
2081551520.0,0.3510560691356659,0.6444099545478821,9.995628356933594,1.8443145751953125,-1.02549147605896,-0.5497583150863647
2081559853.0,0.3576838672161102,0.6349442601203918,10.016327857971191,1.9478472471237185,-0.5608235597610474,-0.7568749189376831
2081568186.0,0.1732352674007415,0.4684199392795563,10.03184700012207,1.994106650352478,0.2766465544700622,-0.733540415763855
2081576519.0,0.3570935130119324,0.0121907088905572,10.198890686035156,2.059755802154541,0.6406248211860657,-0.657773494720459
2081584852.0,0.2320078462362289,0.0296665970236063,9.992317199707031,2.587972402572632,0.0263442397117614,-0.7721922993659973
2081593185.0,0.1256671100854873,0.2890812456607818,9.945340156555176,3.4170289039611816,-0.2810137867927551,-0.9470095634460448
2081601518.0,0.4729703962802887,0.2270244061946869,10.299869537353516,3.63687515258789,-0.870627760887146,-0.8597416281700134
2081609851.0,0.5891871452331543,0.1479732245206833,10.15512752532959,3.486955165863037,-1.6213810443878174,-0.9429879784584044
2081618184.0,0.333667904138565,0.6197057962417603,9.933915138244627,3.2924153804779053,-1.0495432615280151,-0.5550093054771423
2081626517.0,0.3476603925228119,1.0093399286270142,10.001103401184082,3.443232297897339,0.2013919353485107,-0.4654363095760345
2081634850.0,0.3517678380012512,0.6939526200294495,10.00846004486084,3.810796022415161,0.5645248889923096,-0.4879511296749115
2081643183.0,0.3392949104309082,0.2113675326108932,10.289186477661133,3.246027708053589,0.87699294090271,-0.4003760814666748
2081651516.0,0.3721086084842682,0.1731175780296325,10.22230339050293,2.7525696754455566,0.4021306931972503,-0.2220242023468017
2081659849.0,0.0410126633942127,0.9339736104011536,9.953073501586914,3.357244968414306,-0.1550429761409759,-0.0932358279824256
2081668182.0,-0.0057424530386924,1.3834863901138306,10.286425590515137,3.9671199321746826,0.0050588110461831,-0.0167517103254795
2081676515.0,0.3412089943885803,0.8213280439376831,10.737149238586426,3.2366018295288086,-0.2892615497112274,0.1008304357528686
2081684848.0,0.5133762955665588,0.2912650406360626,10.227839469909668,1.712247610092163,-0.7724741697311401,0.1215011328458786
2081693181.0,0.3544153869152069,0.3441309630870819,9.556049346923828,1.698825716972351,-0.518509030342102,0.4657564163208008
2081701514.0,0.3590032756328583,0.4956224262714386,9.628595352172852,2.7191176414489746,0.1853830367326736,0.4541276097297668
2081709847.0,0.1956285685300827,0.6233536005020142,9.809139251708984,3.6849019527435294,0.520980715751648,0.6032536029815674
2081718180.0,0.1927094757556915,0.39802947640419,10.239160537719728,3.3685662746429443,1.051477074623108,0.666008472442627
2081726513.0,0.4012728929519653,0.1774401068687439,10.009746551513672,2.372787475585937,0.7537117004394531,0.7873687744140625
2081734846.0,0.264521986246109,0.3663852512836456,9.464983940124512,2.606107473373413,-0.0697731748223304,0.8484331965446472
2081743179.0,0.1129101142287254,0.4744223058223724,9.815768241882324,3.227893114089966,-0.3022480010986328,0.8468450307846069
2081751512.0,0.2897443175315857,0.4557251632213592,9.895901679992676,3.277610540390014,-0.6038811802864075,0.8576030731201172
2081759845.0,0.3484798371791839,0.3401683270931244,9.682557106018066,3.346538543701172,-0.7404307723045349,0.9167720079421996
2081768178.0,0.0681401342153549,0.2870311439037323,9.581789016723633,3.219568490982056,-0.1812463253736496,1.056984305381775
2081776511.0,0.0510101653635501,0.3716102242469787,9.260372161865234,3.2453362941741943,0.5120413303375244,0.7993049621582031
2081784844.0,-0.0221681501716375,0.2941186726093292,9.477404594421388,3.592050313949585,0.6869097352027893,0.8118047118186951
2081793177.0,-0.0684597939252853,0.1846773028373718,10.110295295715332,3.454297542572021,0.1785696446895599,0.8319119811058044
2081801510.0,0.2468342036008834,0.0777012482285499,10.16692352294922,3.089653253555298,-0.9032347798347472,0.6978213787078857
2081809843.0,0.3222773373126983,0.4194654822349548,9.423282623291016,3.653806686401367,-1.9757285118103027,0.634964108467102
2081818176.0,0.396512508392334,0.4311780035495758,9.614831924438477,4.140221118927002,-2.266040086746216,0.7108078598976135
2081826509.0,0.5962607860565186,0.5019368529319763,9.819477081298828,3.507190227508545,-2.0225000381469727,0.5893450379371643
2081834842.0,0.5545875430107117,0.3971783816814422,9.555341720581056,3.080560207366944,-1.4515844583511353,0.3750820755958557
2081843175.0,0.531754195690155,0.2807545661926269,9.361594200134276,3.2799668312072754,0.0166364442557096,0.4420632719993591
2081851508.0,0.561692476272583,0.4007172584533691,9.59669303894043,3.763742446899414,0.6248975992202759,0.4380930066108703
2081859841.0,0.2520175874233246,0.8268779516220093,10.004317283630373,4.237888336181641,0.6970017552375793,0.1451174765825271
2081868174.0,0.3356138467788696,0.9360730051994324,10.069780349731444,4.01991081237793,0.2287478893995285,-0.0241286065429449
2081876507.0,0.808602511882782,0.4478051364421844,10.063961029052734,3.542896747589112,-1.2785600423812866,-0.3001475930213928
2081884840.0,0.3989278674125671,0.3649604320526123,9.58044719696045,2.984250783920288,-1.767279863357544,-0.2148522138595581
2081893173.0,0.0425981171429157,0.9024046659469604,9.064515113830566,3.091599464416504,-0.4964807033538818,-0.2688213884830475
2081901506.0,0.4669386446475982,1.3696058988571167,9.307910919189451,4.181152820587158,0.5770503282546997,-0.52434903383255
2081909839.0,0.5201445817947388,1.2991927862167358,10.54886245727539,4.025341033935547,0.4223915338516235,-0.6762670278549194
2081918172.0,0.2442844808101654,0.8766064643859863,10.864855766296388,2.137623310089112,0.4040005505084991,-0.7011128664016724
2081926505.0,0.078940711915493,1.163892149925232,9.675362586975098,1.503466010093689,0.4538457989692688,-0.8148657083511353
2081934838.0,0.0831752642989158,1.3989839553833008,9.37280559539795,3.096491813659668,0.6180842518806458,-0.8178368806838989
2081943171.0,0.0798461884260177,1.006717085838318,10.411434173583984,3.2375752925872803,0.1734980195760727,-0.8479849100112915
2081951504.0,0.2938232123851776,0.6408111453056335,10.422422409057615,1.8056113719940183,-0.6786235570907593,-0.9325885772705078
2081959837.0,0.323904275894165,0.8452650904655457,9.726433753967283,1.4707564115524292,-1.150975465774536,-0.6914049983024597
2081968170.0,0.0904419124126434,1.2590875625610352,10.03986358642578,2.0784800052642822,-0.3750180900096893,-0.6242957711219788
2081976503.0,0.1391552537679672,1.178199052810669,10.193982124328612,2.1103439331054688,0.1487290561199188,-0.620965838432312
2081984836.0,0.2290087938308715,0.825375497341156,9.830448150634766,1.9912123680114744,0.7969741225242615,-0.3564733266830444
2081993169.0,-0.0045720087364315,0.4094715416431427,10.24349594116211,1.6630170345306396,0.9741734862327576,-0.2314246147871017
2082001502.0,0.0088480664417147,0.3061488270759582,10.276932716369627,1.249321460723877,0.6816076040267944,-0.2810137569904327
2082009835.0,0.1290958523750305,0.7746588587760925,9.7619047164917,2.296482563018799,-0.1196953207254409,-0.0556085035204887
2082018168.0,0.3428092896938324,0.8624409437179565,10.574908256530762,3.174487829208374,-1.1287682056427002,0.104775033891201
2082026501.0,0.3396105468273163,0.576215386390686,10.624037742614746,2.1153132915496826,-1.883235573768616,0.1707060784101486
2082034834.0,0.0546340458095073,0.6925224661827087,9.57105541229248,1.2146655321121216,-1.1855037212371826,0.3979043364524841
2082043167.0,0.1881454288959503,0.7979815602302551,9.328651428222656,1.713015913963318,0.688011109828949,0.5724396705627441
2082051500.0,0.3415746986865997,0.5412268042564392,10.13611888885498,2.1767616271972656,1.046123743057251,0.6744868159294128
2082059833.0,0.2452339231967926,0.6092936396598816,10.453720092773438,1.933452010154724,0.3976481854915619,0.8085004687309265
2082068166.0,0.06959730386734,0.8133036494255066,10.171006202697754,1.832480430603028,0.2225748896598816,1.0436903238296509
2082076499.0,-0.1506047248840332,0.4389593303203583,10.155420303344728,1.813321590423584,-0.0866017341613769,0.9300656914711
2082084832.0,0.0712845474481582,0.0835458263754844,9.83993434906006,1.6604554653167725,-0.2888773381710052,0.8948460817337036
2082093165.0,0.5155465602874756,-0.0761391147971153,9.88479232788086,1.7995409965515137,-0.8391223549842834,1.1127464771270752
2082101498.0,0.4805925786495209,0.2227780371904373,10.031662940979004,2.544018745422364,-1.7701740264892578,0.7110127210617065
2082109831.0,0.3536297678947449,0.5155458450317383,10.026650428771973,2.935429811477661,-1.299384593963623,0.7039688229560852
2082118164.0,0.2694914042949676,0.6204013228416443,9.94621753692627,2.795729875564575,-0.0389336384832859,0.8252778649330139
2082126497.0,0.0535023361444473,0.9172630906105042,9.52680778503418,2.59009861946106,1.311077356338501,0.617725670337677
2082134830.0,0.0061564557254314,0.6606525182723999,9.642501831054688,2.5174567699432373,2.3497350215911865,0.6174183487892151
2082143163.0,0.1053283140063285,0.1863867491483688,10.2080659866333,2.021898031234741,1.4724215269088743,0.4486204981803894
2082151496.0,0.146379753947258,0.224231481552124,10.024784088134766,1.9250249862670896,-0.149920105934143,0.2634040117263794
2082159829.0,0.1063835471868515,0.5807259678840637,9.924810409545898,2.757487773895264,-1.2659580707550049,0.3337150812149048
2082168162.0,0.0011739333858713,0.7367507815361023,9.957708358764648,3.0385525226593018,-1.838487148284912,0.1924013048410415
2082176495.0,-0.0344188213348388,0.9053131341934204,9.463528633117676,2.499372959136963,-0.7872791290283203,-0.1234862357378006
2082184828.0,0.1665419638156891,0.801668643951416,9.567876815795898,2.2312686443328857,0.7189274430274963,-0.150534838438034
2082193161.0,0.2581680417060852,0.4141556918621063,9.991024017333984,1.6008256673812866,0.7236918210983276,-0.3384921252727508
2082201494.0,-0.030529037117958,0.5260157585144043,9.735069274902344,1.5798733234405518,0.6633703112602234,-0.3108031749725342
2082209827.0,-0.2959525883197784,0.781922459602356,9.621339797973633,2.506237745285034,0.7640085816383362,-0.3747106492519378
2082218160.0,-0.0491003468632698,0.6521185040473938,10.151097297668455,2.8940885066986084,0.2954218089580536,-0.4262977540493011
2082226493.0,-0.0128372311592102,0.5330380201339722,10.175300598144531,2.143488883972168,-0.8689628839492798,-0.4734535217285156
2082234826.0,0.0759950205683708,0.6709223389625549,10.05959415435791,1.4120486974716189,-1.5483803749084473,-0.5724781155586243
2082243159.0,0.0496180988848209,0.7356921434402466,9.583081245422363,1.5876599550247192,-1.6999913454055786,-0.860817551612854
2082251492.0,0.1518224775791168,0.752666711807251,9.741700172424316,2.3653335571289062,-1.0959818363189695,-0.8068228363990784
2082259825.0,0.3965182900428772,0.4618888795375824,10.201709747314451,2.1020190715789795,-0.4904100894927978,-0.8019816279411316
2082268158.0,0.1411412358283996,0.565009355545044,9.768754959106444,1.8813269138336184,-0.2124444544315338,-0.8521343469619751
2082276491.0,-0.2763651609420776,0.8389734625816345,9.739686012268066,2.032092571258545,0.8234848380088806,-0.76053786277771
2082284824.0,0.059993639588356,0.6540154218673706,10.078913688659668,1.986550569534301,1.0700474977493286,-0.8929634094238281
2082293157.0,0.3474954962730407,0.2830533981323242,9.91288948059082,2.223687171936035,-0.7224239110946655,-0.8803356289863586
2082301490.0,0.1062282472848892,0.2533307671546936,9.870814323425291,2.3419222831726074,-1.8568270206451416,-0.8206031918525696
2082309823.0,0.0968474969267845,0.3448165357112884,9.62374782562256,2.0290701389312744,-1.895197391510009,-0.701369047164917
2082318156.0,0.0769220516085624,0.6231797337532043,9.353023529052734,2.450501203536988,-0.8796696066856384,-0.5988095998764038
2082326489.0,0.3570898771286011,0.499017059803009,9.981467247009276,2.3806512355804443,-0.216645210981369,-0.4434592425823211
2082334822.0,0.2834807634353637,0.2884024083614349,9.832391738891602,2.055427312850952,-0.4120049774646759,-0.3672825396060943
2082343155.0,0.0582815147936344,0.2211233377456665,9.458972930908203,2.204425096511841,-0.1319133043289184,-0.2037612348794937
2082351488.0,0.028235025703907,0.0109674772247672,9.97488784790039,2.586615085601806,0.0074921632185578,0.2205257713794708
2082359821.0,0.1528586596250534,0.0580395497381687,10.2982759475708,2.442202091217041,-0.592329204082489,-0.0106299081817269
2082368154.0,0.4006530046463012,0.4545822441577911,9.855692863464355,2.9093034267425537,-1.5984050035476685,0.0821576565504074
2082376487.0,0.4970504641532898,0.3357385694980621,10.114849090576172,3.2387020587921143,-2.1006743907928467,0.5013858079910278
2082384820.0,0.2802122235298157,0.4418202936649322,9.927401542663574,2.476346015930176,-1.7823411226272583,0.4230831563472748
2082393153.0,0.209280788898468,0.7684243321418762,9.37560749053955,2.41530704498291,-0.614639163017273,0.5487977266311646
2082401486.0,0.5056490302085876,0.3293887376785278,9.88544750213623,2.7187845706939697,-0.0338876321911811,0.6661109924316406
2082409819.0,0.2950448989868164,0.0104671139270067,9.96983242034912,2.434569358825684,-0.2938977479934692,0.7538910508155823
2082418152.0,0.2470618784427642,0.325414776802063,9.646614074707031,2.613330841064453,0.0762663781642913,0.8056573867797852
2082426485.0,0.3628900945186615,0.4795512855052948,10.030202865600586,3.2075295448303223,-0.3243274390697479,0.8689756989479065
2082434818.0,0.1772139072418213,0.8585966229438782,10.41647243499756,3.089858055114746,-1.006280779838562,0.6233351826667786
2082443151.0,0.3775153160095215,0.4499696791172027,10.24449062347412,2.2980451583862305,-1.425303936004639,0.5769221782684326
2082451484.0,0.2290502935647964,0.2331822514533996,9.405316352844238,2.269075393676758,-1.1533833742141724,0.4177041351795196
2082459817.0,0.0937614738941192,0.6495300531387329,9.30043601989746,3.071646213531494,-0.0767402499914169,0.5000027418136597
2082468150.0,0.151410311460495,0.4220974147319793,9.70474910736084,3.46305775642395,0.4339435994625091,0.4592504501342773
2082476483.0,0.1863258183002472,0.629254937171936,9.782482147216797,3.366159200668335,-0.0573758892714977,0.2451666593551635
2082484816.0,0.1441182196140289,0.841564416885376,9.661836624145508,3.0079691410064697,-0.4610050022602081,0.0258063413202762
2082493149.0,0.1459018737077713,0.5365868210792542,9.579619407653809,2.7470626831054688,-0.9759023785591124,-0.141134425997734
2082501482.0,0.0276117175817489,0.3753427267074585,9.488465309143066,2.686946153640747,-1.275998830795288,-0.2684884071350097
2082509815.0,-0.0315226577222347,0.2298580259084701,9.517037391662598,2.881383419036865,-0.9782587885856628,-0.0634976848959922
2082518148.0,-0.0490700863301754,0.524965763092041,8.79946517944336,3.5659751892089844,-1.4380344152450562,-0.3517602980136871
2082526481.0,-0.0432414859533309,0.689446210861206,8.692646980285645,4.341497898101807,-1.4781464338302612,-0.3464325368404388
2082534814.0,0.213881030678749,0.1907386034727096,8.833019256591797,3.764460563659668,-2.106796741485596,-0.120847962796688
2082543147.0,-0.1482861638069152,0.0012639712076634,8.369245529174805,2.994675636291504,-3.234898567199707,-0.4582898914813995
2082551480.0,-0.0946149602532386,0.055012822151184,8.994629859924316,2.875748872756958,-3.510354518890381,-0.3268376886844635
2082559813.0,-0.0665054470300674,-0.0194801744073629,10.089776039123535,2.506827116012573,-3.4950883388519287,-0.1594742387533188
2082568146.0,-0.0279016159474849,0.8413649201393127,9.82026195526123,2.976720094680786,-4.030195236206055,-0.3308846950531006
2082576479.0,0.2917461991310119,0.8259016871452332,10.21198272705078,4.267703533172607,-4.200119972229004,-0.258524477481842
2082584812.0,0.3670701384544372,0.1587604582309723,10.46476936340332,3.507498264312744,-4.685330390930176,-0.3217404186725616
2082593145.0,0.5656327605247498,0.5376136302947998,10.248620986938477,2.543173313140869,-4.241640567779541,-0.1648532152175903
2082601478.0,0.9526535272598268,0.4360996186733246,10.626233100891112,2.6365630626678467,-3.889598608016968,-0.1072468012571334
2082609811.0,1.1720176935195925,0.7148022055625916,10.67021942138672,3.353479623794556,-4.2096991539001465,-0.4785507917404175
2082618144.0,1.263236165046692,0.4277490377426147,10.445671081542969,3.8221943378448486,-3.946666955947876,-0.2749175727367401
2082626477.0,0.8845714926719666,0.5419528484344482,9.78210735321045,3.679318904876709,-2.659423589706421,-0.2360864281654358
2082634810.0,0.8212833404541016,0.9117339849472046,9.673099517822266,3.738999366760254,-0.7007797360420227,-0.4147712588310241
2082643143.0,1.2445331811904907,0.4616525769233703,10.486896514892578,3.617920875549317,0.2157102823257446,-0.2399285435676574
2082651476.0,0.7174440622329712,0.3961218893527984,10.96928882598877,2.862813711166382,-0.1396744400262832,-0.2454612404108047
2082659809.0,0.813209056854248,0.5547200441360474,10.992204666137695,2.732616662979126,-0.2095756828784942,-0.0573246628046035
2082668142.0,1.176845908164978,0.4852441549301147,10.818798065185549,3.5607755184173584,-0.9283623099327089,0.1280839890241623
2082676475.0,1.30954110622406,0.4933591783046722,10.525927543640137,4.077927112579346,-2.057976007461548,-0.0259984489530324
2082684808.0,1.089724898338318,0.553460419178009,10.350290298461914,3.809259414672852,-1.507576823234558,0.1660186648368835
2082693141.0,0.7603397369384766,0.7821279764175415,10.246987342834473,2.99846625328064,0.220346450805664,0.1518027633428573
2082701474.0,0.8886357545852661,1.2005492448806765,10.64897918701172,2.530007839202881,2.511360645294189,0.2795153558254242
2082709807.0,1.036316156387329,1.1007747650146484,11.24215030670166,2.2849559783935547,3.169620513916016,0.3296423554420471
2082718140.0,0.6721617579460144,1.2215169668197632,10.990735054016112,2.6841540336608887,2.546708106994629,0.0491409078240394
2082726473.0,0.7229376435279846,0.716266930103302,11.232690811157228,2.307112216949463,2.800211906433105,0.4008755087852478
2082734806.0,0.7818914651870728,0.6033166646957397,10.853185653686523,1.689348578453064,2.3424859046936035,0.38560950756073
2082743139.0,0.908401608467102,1.302180290222168,10.448720932006836,2.127018928527832,1.7936495542526243,0.3911933898925781
2082751472.0,0.9990710020065308,0.7176188230514526,10.661421775817873,2.3716089725494385,1.6064095497131348,0.2581018209457397
2082759805.0,0.5396438241004944,0.1870898306369781,9.71615505218506,1.8445963859558103,1.999229431152344,-0.1039425581693649
2082768138.0,0.6517328023910522,-0.2053258121013641,9.51930046081543,2.130118131637573,4.048701286315918,0.4622985422611236
2082776471.0,0.3394727706909179,-0.0113013451918959,9.543615341186523,2.912633180618286,5.004496097564697,0.4226476550102234
2082784804.0,0.0813241600990295,0.5784546732902527,9.975403785705566,4.139171123504639,4.909672737121582,-0.0336827225983142
2082793137.0,0.2437530308961868,0.5132583975791931,10.161327362060549,4.505147457122803,4.0766215324401855,0.1199386715888977
2082801470.0,0.0402117818593978,0.3114525973796844,10.242125511169434,4.348592281341553,2.771498203277588,0.1264958977699279
2082809803.0,0.0535880774259567,0.489169031381607,10.360466003417969,3.603987455368042,2.2328569889068604,0.0163034610450267
2082818136.0,-0.0361396223306655,0.9177985191345216,9.676101684570312,3.8457086086273193,1.81852126121521,-0.0414694435894489
2082826469.0,0.1999898850917816,1.4639278650283811,10.16234302520752,4.99163818359375,2.079120397567749,-0.1917481571435928
2082834802.0,0.7085177302360535,1.3375071287155151,11.101273536682127,4.304280281066895,1.8372451066970823,-0.1240497529506683
2082843135.0,-0.023535756394267,1.5783439874649048,10.328367233276367,2.939272165298462,1.8808661699295044,-0.4616966843605041
2082851468.0,0.1655069589614868,1.4974217414855957,9.937521934509276,2.1770179271698,3.545739889144897,-0.2656195759773254
2082859801.0,0.2500149607658386,1.6349282264709473,9.88422393798828,2.1317830085754395,4.1572794914245605,-0.1675939261913299
2082868134.0,0.1631432920694351,1.5626291036605835,10.684656143188477,1.9067617654800413,3.604293823242188,-0.3530409634113312
2082876467.0,-0.0896659344434738,1.1433871984481812,10.623242378234863,0.478768527507782,2.95420503616333,-0.1514825969934463
2082884800.0,-0.2477821856737136,1.1930201053619385,9.805277824401855,-0.1441569179296493,2.719937324523926,-0.3201267421245575
2082893133.0,0.3685608804225921,0.7331197261810303,9.78954029083252,0.0765993744134903,2.08037543296814,-0.1220262125134468
2082901466.0,0.1788139194250106,0.059776309877634,9.694998741149902,0.0812099203467369,0.7797613143920898,-0.3154905140399933
2082909799.0,0.1314620971679687,0.0050642127171158,9.50886058807373,-0.1211553215980529,0.7021245956420898,-0.3445114493370056
2082918132.0,0.0819501206278801,-0.010493142530322,9.237924575805664,0.1080792769789695,1.6135815382003784,0.1490620374679565
2082926465.0,0.1242240294814109,0.4888128638267517,9.03829574584961,1.091281771659851,2.29561185836792,-0.1706164330244064
2082934798.0,0.3170066475868225,0.3705899715423584,9.597444534301758,1.765858173370361,2.257498025894165,-0.1700273007154464
2082943131.0,-0.0397151410579681,-0.0917369052767753,9.281835556030272,1.2520878314971924,1.4992140531539917,-0.5416130423545837
2082951464.0,0.1199969723820686,-0.0148710366338491,9.371740341186523,1.1457886695861816,1.8923156261444087,-0.2022755891084671
2082959797.0,0.0210141465067863,-0.0647152140736579,10.029671669006348,1.573418378829956,1.4653263092041016,0.0379731059074401
2082968130.0,-0.0363880172371864,0.5000590085983276,9.900784492492676,2.5565953254699707,0.7505354285240173,-0.4060368537902832
2082976463.0,0.5470010638237,0.0784308984875679,9.641816139221191,3.509316921234131,0.3113794922828674,-0.2594722509384155
2082984796.0,0.3804199397563934,-0.0207775924354791,9.415094375610352,3.356323480606079,-0.4543196856975555,-0.311059296131134
2082993129.0,0.5178952217102051,0.2491800487041473,9.29631805419922,2.810790777206421,0.1570024490356445,-0.2311940938234329
2083001462.0,0.6252570748329163,-0.023465497419238,9.104623794555664,2.947878122329712,0.927094340324402,-0.0671349018812179
2083009795.0,0.3681727051734924,0.4320694804191589,9.232826232910156,3.671351909637451,1.3652514219284058,-0.3424879014492035
2083018128.0,0.3244193196296692,0.3361295759677887,10.038336753845217,4.062533378601074,2.2064743041992188,-0.0666226297616958
2083026461.0,0.0470800213515758,0.5077471733093262,9.798240661621094,3.69927191734314,2.425424814224243,-0.0629085674881935
2083034794.0,0.706631600856781,0.6876570582389832,10.077523231506348,3.750833034515381,1.8523061275482176,-0.0544558614492416
2083043127.0,0.2887951135635376,0.5008305907249451,10.076346397399902,3.3560922145843506,0.3300009965896606,0.0709642320871353
2083051460.0,0.2347354143857956,0.4431363642215729,9.61658763885498,2.784485340118408,-0.2799380123615265,-0.1701041460037231
2083059793.0,0.3119511306285858,0.4064975082874298,8.96937084197998,3.0716207027435303,0.4559205770492553,0.1413265466690063
2083068126.0,0.0008486891747452,0.4774636030197143,9.503777503967283,3.252227067947388,1.182084321975708,0.2997506260871887
2083076459.0,0.1682709604501724,0.5077617764472961,9.73260498046875,2.875108242034912,1.7768466472625732,0.2741875648498535
2083084792.0,0.2691772282123565,0.409775972366333,9.262958526611328,2.865400552749634,1.1752195358276367,0.1737541705369949
2083093125.0,0.4152774214744568,0.5666411519050598,9.66507339477539,3.1774327754974365,0.1236527189612388,0.1841791570186615
2083101458.0,-0.2320378869771957,0.3494300842285156,9.83073902130127,2.4697885513305664,-0.4075737297534942,0.2092042714357376
2083109791.0,0.2432498782873153,0.5804601311683655,9.663119316101074,2.1410298347473145,0.1335398107767105,0.192298874258995
2083118124.0,0.6164905428886414,0.5694788098335266,9.949403762817385,2.5112833976745605,-0.3246348202228546,0.4292817413806915
2083126457.0,0.3976756334304809,0.9014644622802734,10.104023933410645,2.5764718055725098,-0.939530074596405,0.0908921062946319
2083134790.0,0.661866307258606,0.4355873465538025,9.925752639770508,2.4723498821258545,-0.8230109810829163,-0.0022796667180955
2083143123.0,0.4978208541870117,0.1509341150522232,9.754496574401855,2.309289693832397,0.1298513561487198,0.0999339297413826
2083151456.0,0.5602070093154907,0.6203704476356506,9.96894073486328,2.2454593181610107,1.1508347988128662,0.1019062399864196
2083159789.0,0.3864810168743133,0.7956995964050293,9.817752838134766,2.958866834640503,1.369273066520691,-0.2440268397331237
2083168122.0,0.1274279505014419,0.8961507081985474,10.082134246826172,3.5985307693481445,1.6017476320266724,-0.4707127809524536
2083176455.0,0.570016622543335,0.5236979126930237,10.62250804901123,2.9901158809661865,1.6617618799209597,-0.2955370247364044
2083184788.0,0.4208229482173919,0.600386381149292,10.447599411010742,2.373786687850952,0.550334632396698,-0.4953024983406067
2083193121.0,0.5062046051025391,1.2134324312210083,10.121429443359377,2.493225574493408,-0.1166984513401985,-0.5321869850158691
2083201454.0,0.2015822082757949,0.958887815475464,9.740966796875,3.096005439758301,0.2467291355133056,-0.5710949897766113
2083209787.0,0.4911000430583954,0.7317830324172974,10.233549118041992,2.908996105194092,1.1076492071151731,-0.4813427627086639
2083218120.0,0.3842737376689911,0.4552533030509949,10.340316772460938,2.0547869205474854,1.6016710996627808,-0.3363917469978332
2083226453.0,-0.0686440020799636,0.7213024497032166,9.870379447937012,2.068797826766968,2.184394836425781,-0.5607724189758301
2083234786.0,0.4128161966800689,0.4342400431632995,9.952529907226562,2.794602155685425,2.352756977081299,-0.3662066459655761
2083243119.0,0.715352475643158,-0.0876786932349205,9.968912124633787,3.1119372844696045,0.790391206741333,-0.3083953559398651
2083251452.0,0.8638723492622375,0.1060856357216835,10.370490074157717,2.8587660789489746,-0.8627130389213562,-0.3154392838478088
2083259785.0,0.4255018532276153,0.2171036750078201,9.89533233642578,2.3035266399383545,-0.9349963665008544,-0.1581934988498687
2083268118.0,0.6959323287010193,0.7643246054649353,9.613959312438965,3.040858030319214,0.5002332329750061,-0.1807084381580352
2083276451.0,0.7096433639526367,0.4389891624450683,9.984148025512695,3.555755138397217,1.7135794162750244,0.165864959359169
2083284784.0,0.3721368610858917,0.1885147839784622,9.943177223205566,3.077665090560913,2.6549789905548096,0.0346688590943813
2083293117.0,0.3440025746822357,0.2129834145307541,9.606236457824709,2.947622060775757,3.3137009143829346,0.0945293381810188
2083301450.0,0.2064536213874817,0.847946286201477,10.178496360778809,3.442028045654297,3.1344265937805176,0.4684459269046783
2083309783.0,0.7372945547103882,1.1149415969848633,10.894550323486328,3.7284204959869385,1.43069589138031,0.1556705087423324
2083318116.0,0.3513360619544983,1.0214622020721436,10.687722206115724,3.1615006923675537,-0.2887492775917053,0.0254221260547637
2083326449.0,0.0192360896617174,0.9915812611579896,10.326147079467772,2.240746021270752,0.3550004661083221,0.00900340359658
2083334782.0,0.3043514490127563,1.0984421968460083,9.73111343383789,2.1860084533691406,1.943031907081604,0.2332304120063781
2083343115.0,0.6007794737815857,1.4074358940124512,10.095507621765137,2.94941520690918,2.350067615509033,0.1688362210988998
2083351448.0,0.269447386264801,1.2686935663223269,10.165048599243164,2.719348192214966,2.24015736579895,0.2607145011425018
2083359781.0,-0.2092107087373733,1.183721661567688,9.999847412109377,1.5790278911590576,2.8925259113311768,0.1043908149003982
2083368114.0,0.2335794568061828,1.2898770570755005,10.075106620788574,0.7127289175987244,3.053741931915283,0.2188352048397064
2083376447.0,0.0229923315346241,0.8842387199401855,10.311243057250977,0.8431054353713989,2.0184402465820312,0.1461164057254791
2083384780.0,0.2847332060337066,0.5146113038063049,10.514042854309082,0.7633682489395142,1.054602026939392,0.2884803116321563
2083393113.0,0.2715936303138733,0.420508474111557,9.773106575012209,1.076374053955078,0.1493181735277176,0.25653937458992
2083401446.0,0.6759651303291321,0.6605936288833618,9.64203929901123,1.631178617477417,-0.2388527542352676,0.3117124736309051
2083409779.0,0.5715908408164978,0.2942321896553039,9.632847785949709,1.5583573579788208,-0.0879336670041084,0.2700380980968475
2083418112.0,0.4530610740184784,-0.0618506334722042,9.565289497375488,1.205597996711731,1.0157709121704102,0.1322334706783294
2083426445.0,0.1290109753608703,-0.0990823358297348,9.289121627807615,1.4186060428619385,2.9961612224578857,0.5617074370384216
2083434778.0,-0.1361550092697143,0.3849021196365356,9.516345024108888,2.722729206085205,4.209456443786621,0.4320481419563293
2083443111.0,0.3953646421432495,0.6509811282157898,10.376569747924805,3.5331382751464844,3.344412326812744,0.4590199291706085
2083451444.0,0.2636553049087524,0.3899069130420685,10.492938995361328,3.1054060459136963,0.9370071887969972,0.3113282322883606
2083459777.0,0.0620652846992015,0.292013555765152,10.04779052734375,2.0676190853118896,-0.4578288197517395,0.0932998359203338
2083468110.0,0.0117958430200815,0.4221314787864685,9.242759704589844,1.8371168375015257,-0.1404684633016586,0.2088712751865387
2083476443.0,0.5202397704124451,0.4436348378658294,9.547554969787598,2.793194055557251,0.1658649891614914,0.136844053864479
2083484776.0,0.6101667881011963,0.4131464064121246,9.58383560180664,3.1563267707824707,-0.0537642799317836,0.2576663792133331
2083493109.0,0.5194060206413269,0.1195406392216682,9.797548294067385,2.931126594543457,0.8120609521865845,0.2261609137058258
2083501442.0,0.2295683771371841,0.1540610492229461,9.695201873779297,2.236468315124512,1.6944456100463867,0.0995241105556488
2083509775.0,0.002863326575607,0.726293683052063,9.595316886901855,2.573730945587158,3.162346124649048,0.109846644103527
2083518108.0,0.0068338583223521,0.6391836404800415,10.175901412963867,3.0340442657470703,3.020853281021118,0.3293862640857696
2083526441.0,-0.1175166517496109,0.7513973712921143,10.476398468017578,3.010018348693848,1.9852440357208248,0.1151231750845909
2083534774.0,0.6740896105766296,0.3191556334495544,10.75943660736084,2.1534268856048584,-0.0390617102384567,-0.097564622759819
2083543107.0,0.2805720567703247,0.4501706957817077,10.11698055267334,1.555513858795166,-1.6181535720825195,0.0157655607908964
2083551440.0,0.5241523385047913,0.9391592741012572,9.221909523010254,2.0371131896972656,-1.352611064910889,0.0430447235703468
2083559773.0,0.3031326234340668,1.184348225593567,9.168269157409668,3.1208770275115967,0.0351555384695529,0.1511624157428741
2083568106.0,0.1267296522855758,0.8196273446083069,10.13527488708496,2.375886917114258,1.855559468269348,-0.0539691969752311
2083576439.0,0.1657226234674453,0.6425232887268066,9.615015983581545,0.8190791010856628,3.202406644821167,-0.059450626373291
2083584772.0,-0.2740458250045776,0.8620368838310242,9.539742469787598,0.9889271855354308,3.495280504226685,-0.2981497347354889
2083593105.0,0.0927451327443122,0.7737213969230652,10.343389511108398,1.6989281177520752,2.4565460681915283,-0.2184126079082489
2083601438.0,0.0749095454812049,0.7565099000930786,10.521635055541992,1.8233108520507808,0.1797991096973419,-0.313518226146698
2083609771.0,0.4204649627208709,0.7975282073020935,10.447904586791992,1.5197820663452148,-1.7905373573303225,-0.0418792702257633
2083618104.0,0.2290137410163879,0.4384799003601074,9.6293306350708,1.0975059270858765,-2.551075220108032,-0.1792740374803543
2083626437.0,0.4233785271644592,0.2257813215255737,8.924332618713379,1.2316478490829468,-1.459319829940796,-0.3114691376686096
2083634770.0,0.5107987523078918,0.0949646830558776,8.890237808227539,1.74301016330719,0.5200330018997192,-0.0891887694597244
2083643103.0,0.3393127620220184,0.1218019723892211,9.349912643432615,2.2011208534240723,1.7562527656555176,0.0649961307644844
2083651436.0,0.1431025713682174,0.127062901854515,9.83752727508545,2.691453695297241,2.518096685409546,0.1187859922647476
2083659769.0,0.3715223371982574,-0.2262512892484665,9.922683715820312,2.873212575912476,1.7199573516845703,0.0559799186885356
2083668102.0,0.218877375125885,0.0854489281773567,9.720941543579102,3.4017109870910645,0.3164766430854797,0.197498545050621
2083676435.0,0.1639900207519531,0.4750081896781921,10.077527046203612,3.9648399353027344,-0.4604414701461792,0.3906810879707336
2083684768.0,0.4313612282276153,0.8141704201698303,10.303569793701172,3.938995838165283,-1.3680307865142822,0.4068949818611145
2083693101.0,0.340686172246933,1.0178626775741575,10.122690200805664,3.542948007583618,-1.4006119966506958,0.3031316101551056
2083701434.0,0.6235876679420471,0.6700549721717834,9.939318656921388,2.6937084197998047,-0.5477091670036316,0.3679869174957275
2083709767.0,0.6047989726066589,0.9185587167739868,9.24101448059082,2.6035971641540527,0.2609193921089172,0.4382723569869995
2083718100.0,0.7434895038604736,1.2990026473999023,9.766927719116213,3.194108009338379,1.3211952447891235,0.7291733026504517
2083726433.0,0.2758966386318207,1.146908164024353,10.44573211669922,2.421377897262573,1.7808681726455688,0.7807091474533081
2083734766.0,-0.1655687689781189,0.9937667846679688,10.225420951843262,1.6120446920394895,1.9452859163284304,0.4470837116241455
2083743099.0,-0.1663638055324554,0.8457592725753784,9.847495079040527,1.1791385412216189,2.4041905403137207,0.6798657774925232
2083751432.0,-0.0540676154196262,1.1093283891677856,9.912567138671877,1.4491381645202637,1.649057149887085,0.7546337842941284
2083759765.0,0.1798338294029235,1.2780762910842896,9.954832077026367,1.8029731512069704,-0.6347719430923462,0.4115055203437805
2083768098.0,0.2877364158630371,0.9452104568481444,10.422208786010742,1.2855656147003174,-1.7944304943084717,0.6031767129898071
2083776431.0,0.2104440927505493,0.7462468147277832,10.186655044555664,-0.5380526185035706,-2.049830198287964,0.5174203515052795
2083784764.0,0.1573483049869537,0.912195086479187,9.302108764648438,-0.33610999584198,-0.9815374612808228,0.2514677345752716
2083793097.0,0.0887450873851776,0.8368895649909973,9.365297317504885,0.7170832753181458,0.7844486832618713,0.454691082239151
2083801430.0,0.1974270343780517,0.7215372323989868,9.978014945983888,1.0853904485702517,1.8467735052108765,0.4224171340465545
2083809763.0,0.6694059371948242,0.4553142189979553,10.481096267700195,0.5338134765625,1.0914098024368286,0.3189868927001953
2083818096.0,0.1682274639606475,0.6654859781265259,10.41824436187744,-0.1184658333659172,-0.0703623071312904,0.3330234587192535
2083826429.0,0.0242050867527723,0.3015850484371185,9.919941902160645,-0.1772761046886444,-0.3663603961467743,0.2817949652671814
2083834762.0,0.535855233669281,0.0455564558506011,9.644078254699709,0.7676714062690735,-0.2615981698036194,0.3690882921218872
2083843095.0,0.6940219402313232,0.1935403048992157,9.988408088684082,1.4039801359176636,-1.1036148071289062,0.2739826738834381
2083851428.0,0.5422713160514832,0.0799187123775482,9.910707473754885,1.1608242988586426,-1.0716739892959597,0.2822048366069793
2083859761.0,0.790403425693512,0.1727626174688339,9.070463180541992,1.4382264614105225,-0.3079343438148498,0.2565906047821045
2083868094.0,0.7610860466957092,0.0730669274926185,9.235115051269531,2.078505277633667,0.408278077840805,0.3319732844829559
2083876427.0,0.4379508793354034,-0.2608969509601593,10.07094383239746,1.749900460243225,1.4938606023788452,0.3283104300498962
2083884760.0,0.6339148283004761,-0.0417246744036674,9.76431941986084,1.1890512704849243,1.7961598634719849,0.3609686195850372
2083893093.0,0.4478931725025177,0.5022236704826355,9.675192832946776,2.589663028717041,1.837039828300476,0.4071254134178161
2083901426.0,0.4105633199214935,0.0290737021714448,10.02737045288086,2.8609182834625244,1.2205311059951782,0.1882774382829666
2083909759.0,0.4099183976650238,0.0816560834646225,9.621176719665527,2.761483192443848,0.6217727065086365,0.1623814404010772
2083918092.0,0.4988449811935425,0.2091012895107269,9.807015419006348,2.4343385696411133,0.6482835412025452,0.4055885970592499
2083926425.0,0.3456341624259949,0.8628953695297241,9.74120044708252,2.1038379669189453,0.685500979423523,0.3994411826133728
2083934758.0,0.5481401681900024,0.8157567977905273,9.870970726013184,2.2968153953552246,0.7231795191764832,0.195423811674118
2083943091.0,0.4396629929542541,0.5302220582962036,9.64231014251709,2.0850627422332764,0.8374702334403992,0.3666805922985077
2083951424.0,0.2409804761409759,-0.267005980014801,9.840163230895996,1.342839002609253,1.8664710521698,0.3359434902667999
2083959757.0,0.1307118684053421,0.0957994908094406,9.425771713256836,1.2970151901245115,2.683821201324463,0.330641359090805
2083968090.0,0.3080866634845733,0.1542771905660629,10.114778518676758,2.652904272079468,2.545708656311035,0.4077145159244537
2083976423.0,0.2383773028850555,0.1927860528230667,10.536664009094238,3.0314834117889404,1.692985773086548,0.1809005439281463
2083984756.0,0.295084685087204,0.1344055384397506,10.044272422790527,2.925388813018799,0.5369895696640015,0.0242438726127147
2083993089.0,-0.0261679198592901,-0.1338133364915847,9.465484619140623,2.8423991203308105,0.7335277199745178,0.1127154529094696
2084001422.0,0.4199201166629791,-0.7396252155303955,9.6173095703125,2.609079122543335,1.044689416885376,0.4972620010375976
2084009755.0,0.3856949210166931,-0.3878763616085052,9.030312538146973,3.450916290283203,0.8362919688224792,0.453640878200531
2084018088.0,0.299438327550888,0.3093615174293518,9.72815990447998,4.879217624664307,0.9725341200828552,0.5277684926986694
2084026421.0,0.5286063551902771,-0.0729819759726524,9.858328819274902,4.522923469543457,0.8268916606903076,0.7982804775238037
2084034754.0,0.1536377370357513,-0.134501963853836,8.950422286987305,4.126620292663574,1.141383171081543,0.5905746221542358
2084043087.0,0.0509095266461372,-0.1424008309841156,9.901076316833496,3.826702833175659,2.3206627368927,0.7675690650939941
2084051420.0,0.1526255011558532,0.0392427556216716,10.610672950744627,3.524531841278076,2.5268571376800537,0.8718445897102356
2084059753.0,0.2677003741264343,0.2374544441699981,10.48385524749756,4.8463544845581055,1.425214409828186,0.7407764792442322
2084068086.0,0.1932318359613418,0.8019046783447266,10.229662895202637,5.939723491668701,0.4678568542003631,0.7076573371887207
2084076419.0,0.3091885149478912,0.7332620620727539,10.335052490234377,5.5372724533081055,-0.0540460348129272,0.7230001091957092
2084084752.0,0.3935673236846924,0.6946716904640198,10.297891616821287,3.977980375289917,0.130722239613533,0.8990212082862854
2084093085.0,0.3235536515712738,1.1611206531524658,9.439804077148438,3.2609357833862305,1.1250669956207275,0.7464373111724854
2084101418.0,0.2447715252637863,1.0882172584533691,9.72710132598877,4.0569748878479,2.105656623840332,0.8349344730377197
2084109751.0,0.2086388170719146,0.4755859971046448,10.20973300933838,3.625785112380981,2.995290517807007,0.90196692943573
2084118084.0,0.2436555922031402,0.5677202343940735,9.63863468170166,3.532984495162964,2.8297455310821533,0.905322253704071
2084126417.0,0.0150081794708967,0.4540797173976898,10.21922779083252,3.81115460395813,2.545529842376709,0.9460489749908448
2084134750.0,-0.1067859753966331,0.4652283191680908,10.152440071105955,3.442232847213745,1.5552066564559937,0.6967200040817261
2084143083.0,-0.140129879117012,0.4087625741958618,9.695584297180176,3.8262925148010254,0.8169274926185608,0.7241528034210205
2084151416.0,-0.1687658578157425,0.9334192276000975,9.744988441467283,4.145420551300049,0.8059903383255005,0.7957959175109863
2084159749.0,0.3202427327632904,1.105466604232788,10.118125915527344,4.238041877746582,0.4185750186443329,0.6486164927482605
2084168082.0,0.3629399836063385,0.8906493186950684,10.4689302444458,3.5102899074554443,-0.1134454533457756,0.4699315428733825
2084176415.0,-0.0975974947214126,0.9744942784309388,10.309946060180664,2.6325926780700684,0.6943122744560242,0.5221589803695679
2084184748.0,-0.3292930126190185,1.3088210821151731,9.66017723083496,3.1153697967529297,2.2711501121521,0.3779508173465729
2084193081.0,-0.0503333024680614,1.1141366958618164,10.47708511352539,4.150979042053223,3.1017942428588867,0.4050250649452209
2084201414.0,-0.203003704547882,1.2900460958480835,10.525447845458984,3.689923048019409,2.4813406467437744,0.3428081572055816
2084209747.0,-0.0442641675472259,1.378510355949402,10.856091499328612,3.3013803958892822,1.4875339269638062,0.3136335015296936
2084218080.0,-0.1942125409841537,1.367750644683838,10.643179893493652,2.356471061706543,-0.022156311199069,0.0548272654414176
2084226413.0,0.0603811778128147,0.9977714419364928,10.043792724609377,2.12000036239624,-0.6214525699615479,0.1336422711610794
2084234746.0,0.3379086852073669,0.3475468754768371,9.462639808654783,2.3546013832092285,-0.7013177275657654,0.2450898140668869
2084243079.0,0.0411276295781135,0.5673044919967651,8.927712440490723,2.9281554222106934,-0.1757392734289169,0.2833062410354614
2084251412.0,-0.2218725681304931,0.7426652908325195,9.16186809539795,3.438621282577514,1.4853310585021973,0.2446287721395492
2084259745.0,0.1583457589149475,0.4311626553535461,10.39540672302246,3.033045530319214,2.338541030883789,0.1629961878061294
2084268078.0,0.2714836299419403,0.7165431380271912,10.344016075134276,2.484055757522583,1.9004610776901243,0.3149142265319824
2084276411.0,0.4108222126960754,0.5000956058502197,10.462458610534668,2.910942792892456,0.7705914974212646,0.6105537414550781
2084284744.0,-0.2168282717466354,0.2957889437675476,10.087763786315918,3.144185781478882,-0.3367759883403778,0.1909669339656829
2084293077.0,0.1680285483598709,-0.0879832878708839,9.889602661132812,3.218518018722534,0.1717818528413772,0.4180115163326263
2084301410.0,0.3105993866920471,0.1182032227516174,9.205718994140623,3.683544635772705,0.9072945713996888,0.9386208057403564
2084309743.0,0.6018783450126648,0.5214611887931824,9.737921714782717,4.465393543243408,0.2577176392078399,1.135005235671997
2084318076.0,-0.0579253174364566,0.8674043416976929,9.579132080078123,4.337988376617432,0.6926218271255493,0.9952027797698976
2084326409.0,-0.0677901729941368,0.2837550044059753,10.005718231201172,3.1644721031188965,1.8180855512619016,1.104037523269653
2084334742.0,-0.1795286834239959,0.6588042378425598,9.733064651489258,2.280857801437378,2.710895299911499,1.2560324668884275
2084343075.0,-0.0762463882565498,0.857175350189209,10.426541328430176,2.917320728302002,2.616737604141236,1.7320475578308103
2084351408.0,-0.1726378500461578,0.9889948964118958,10.4889497756958,3.198692560195923,1.297066330909729,1.722262620925903
2084359741.0,0.0443309508264064,1.2868058681488037,10.263211250305176,3.577040195465088,-0.2488166391849517,1.6839691400527954
2084368074.0,-0.2505515515804291,0.975831151008606,10.44886589050293,2.655568599700928,-0.6753706336021423,1.7596852779388428
2084376407.0,0.1507613211870193,0.805693507194519,10.345500946044922,0.8896465301513672,-0.313338965177536,1.6763620376586914
2084384740.0,0.4178549945354461,0.9097485542297364,8.820158004760742,0.9353678226470948,-0.1545050889253616,1.7002090215682983
2084393073.0,0.6351770162582397,1.0803654193878174,9.190350532531738,2.7373297214508057,0.4512332081794739,1.7845823764801023
2084401406.0,0.4087339341640472,0.7805532813072205,10.396652221679688,2.414999485015869,0.8065025806427002,1.70515239238739
2084409739.0,0.1772463172674179,0.733768880367279,10.020082473754885,0.7641622424125671,1.2175854444503784,1.390174150466919
2084418072.0,0.0967166200280189,1.1491674184799194,9.00633716583252,0.846973180770874,2.154477834701538,1.347885251045227
2084426405.0,0.124863751232624,1.2726072072982788,9.738410949707031,1.9926464557647705,2.542353630065918,1.3150732517242432
2084434738.0,-0.3149961531162262,0.9338061213493348,10.276227951049805,1.8982069492340088,1.7415246963500977,0.9838555455207824
2084443071.0,0.398762971162796,0.3964686095714569,10.175895690917969,1.004295825958252,0.9258906245231628,1.1905112266540527
2084451404.0,0.0604847893118858,-0.333480030298233,9.652233123779297,0.8872387409210205,-0.5091598033905029,1.144687294960022
2084459737.0,-0.0039670057594776,0.2188191711902618,9.2850341796875,1.5768764019012451,-0.8496754765510559,0.919794499874115
2084468070.0,-0.2444476336240768,0.57567298412323,9.55152416229248,2.641198873519897,0.2926298379898071,0.8634686470031738
2084476403.0,0.1944663226604461,1.1326230764389038,9.886432647705078,3.259373188018799,1.203984260559082,0.6348615884780884
2084484736.0,0.0880405083298683,0.6191826462745667,10.147841453552246,2.6273674964904785,1.4908894300460815,0.6883441209793091
2084493069.0,0.0252553224563598,0.588447093963623,10.20246410369873,1.6072293519973757,1.698467254638672,0.4858124256134033
2084501402.0,0.0459970533847808,0.5377373695373535,9.832106590270996,1.7028214931488037,1.4185547828674316,0.3200370669364929
2084509735.0,0.1281507313251495,0.4318349957466125,9.83907699584961,2.647448778152466,0.8263791799545288,0.7690545320510864
2084518068.0,-0.2043361365795135,0.6758909821510315,10.32484245300293,2.953026533126831,0.6366546154022217,0.7829118371009827
2084526401.0,0.4901830852031708,0.4688071310520172,10.512819290161133,2.316384792327881,-0.3438966870307922,0.6982312202453613
2084534734.0,0.4405010342597961,0.0330482982099056,9.563387870788574,2.329627275466919,-0.8124834895133972,0.5312520861625671
2084543067.0,0.6205869913101196,-0.3068988621234894,9.707809448242188,2.261801481246948,-0.1902113258838653,0.6567362546920776
2084551400.0,0.0340279377996921,0.5751679539680481,9.530950546264648,2.748368978500366,1.488046169281006,0.7777121663093567
2084559733.0,-0.0263224393129348,0.9986106157302856,9.992385864257812,3.450019836425781,2.7997255325317383,0.6379609107971191
2084568066.0,0.2966775596141815,0.9616878628730774,10.321163177490234,3.5165398120880127,3.289008617401123,0.6997936964035034
2084576399.0,0.1240671500563621,0.4311906099319458,10.672691345214844,2.5624096393585205,1.6923198699951172,0.7935419082641602
2084584732.0,-0.2565940320491791,0.5024181604385376,9.76188850402832,1.6863515377044678,0.95555180311203,0.7442343235015869
2084593065.0,-0.308469295501709,1.1076054573059082,9.310705184936523,2.454599380493164,0.6946452856063843,1.1827244758605957
2084601398.0,0.1217256709933281,1.5117896795272827,10.665331840515137,2.943549394607544,-0.0403168052434921,0.7747153639793396
2084609731.0,0.1506199538707733,0.9499077796936036,10.8372163772583,1.3642781972885132,-1.0567153692245483,0.9107525944709778
2084618064.0,-0.0004077120393048,0.5179874300956726,9.562249183654783,0.1711671203374862,-0.5664588212966919,0.9178476333618164
2084626397.0,-0.3090028166770935,0.5511909127235413,9.070806503295898,0.6443644762039185,0.9890296459197998,1.1421513557434082
2084634730.0,-0.1260910481214523,0.4805138409137726,9.559773445129396,1.5256991386413574,2.1335506439208984,1.3377418518066406
2084643063.0,0.1412424743175506,0.1272711753845214,9.946894645690918,1.96362566947937,1.0531420707702637,1.2470929622650146
2084651396.0,0.2916857600212097,0.4569963812828064,10.017901420593262,2.0953598022460938,-0.7364605069160461,1.384948968887329
2084659729.0,-0.2082978636026382,-0.3297602534294128,9.550607681274414,1.5940890312194824,-1.8771905899047847,1.568705439567566
2084668062.0,-0.319133847951889,0.4604658782482147,9.201582908630373,1.82308042049408,-0.5837740302085876,1.6240578889846802
2084676395.0,-0.2371851652860641,0.6677331924438477,9.92506980895996,2.29384446144104,0.5218003392219543,1.84805428981781
2084684728.0,0.4656161367893219,0.6679971814155579,10.042437553405762,2.575472831726074,-0.2866745293140411,1.5493154525756836
2084693061.0,0.4662421345710754,0.7691562175750732,10.216660499572754,2.742913246154785,-1.1594794988632202,1.6120702028274536
2084701394.0,0.3437859117984772,0.8478302359580994,10.173848152160645,1.9019979238510127,-1.372000813484192,1.8580951690673828
2084709727.0,-0.2797450125217438,0.8092508316040039,9.411083221435549,1.883145928382873,-0.7106925845146179,1.7461353540420532
2084718060.0,0.0550701878964901,0.7864524126052856,9.530421257019045,2.411695718765259,0.4050763249397278,1.7272319793701172
2084726393.0,0.0546176061034202,0.6781907081604004,9.64698314666748,2.574909448623657,0.6356044411659241,1.975408315658569
2084734726.0,0.4114016890525818,0.4999967515468597,10.71397876739502,2.045719146728516,-0.1877267360687255,1.8850923776626587
2084743059.0,0.2311193645000457,0.6156162619590759,10.13809585571289,1.4420430660247805,-1.4798368215560913,1.662812113761902
2084751392.0,0.4181442558765411,0.5417474508285522,9.414770126342772,2.170947313308716,-1.8624621629714968,1.6914231777191162
2084759725.0,0.2754845023155212,0.1055179089307785,9.718098640441896,2.653698682785034,-1.0941376686096191,1.893263339996338
2084768058.0,0.0023814928717911,0.2219646424055099,9.722434997558594,2.1566803455352783,-0.3662579655647278,1.8299707174301147
2084776391.0,0.2025198638439178,0.3154889345169067,8.588947296142578,2.8559744358062744,0.8525058627128601,1.665860295295715
2084784724.0,0.3254528045654297,-0.0154859293252229,9.487271308898926,3.8136138916015625,0.6817356944084167,1.8038698434829712
2084793057.0,0.2303016632795334,0.5573436617851257,10.544602394104004,3.3422861099243164,-0.4287822842597961,1.4814631938934326
2084801390.0,-0.4741861522197723,0.5826915502548218,10.12506103515625,2.872598171234131,-0.6293930411338806,1.4679902791976929
2084809723.0,0.0669635832309722,1.021357774734497,9.795244216918944,3.319566488265991,-0.1260220557451248,1.4860996007919312
2084818056.0,0.6650822758674622,0.7318796515464783,10.498353958129885,3.583828449249268,-0.8397882580757141,1.670854926109314
2084826389.0,0.5026411414146423,0.6734902262687683,10.863385200500488,2.7202186584472656,-2.069885969161988,1.3492424488067627
2084834722.0,0.6070628762245178,0.6784890294075012,9.673822402954102,1.6805627346038818,-1.9295203685760496,1.3725003004074097
2084843055.0,0.3652425706386566,0.9495428800582886,8.745563507080078,2.913785696029663,-0.4152323603630066,1.373294472694397
2084851388.0,0.4205771386623382,0.7101184129714966,9.589919090270996,3.376327514648437,1.494295954704285,1.8729768991470337
2084859721.0,0.2842907905578613,0.2081757187843322,10.118490219116213,2.068567276000977,1.4655568599700928,1.7479795217514038
2084868054.0,-0.0205875430256128,0.148369014263153,9.517807006835938,1.315457463264465,1.2350801229476929,1.541938543319702
2084876387.0,0.1960747241973877,0.3616180121898651,9.796501159667969,2.273967742919922,1.1733497381210327,1.5148898363113403
2084884720.0,0.3011734187602997,0.3361596167087555,10.738057136535645,3.0416007041931152,-0.2979447841644287,1.532845377922058
2084893053.0,0.1520517766475677,0.8317362666130066,10.26644802093506,2.951412439346313,-1.3833990097045898,1.657279133796692
2084901386.0,-0.0697628259658813,0.7535189986228943,9.713465690612791,2.9104044437408447,-0.8114332556724548,1.4919394254684448
2084909719.0,0.1979448944330215,0.9224082231521606,10.286099433898926,2.3699188232421875,-0.1519180238246917,1.2807502746582031
2084918052.0,0.1874777674674987,1.5417722463607788,10.36691188812256,1.822235107421875,0.7502537965774536,1.1153079271316528
2084926385.0,0.6316962242126465,1.3621768951416016,10.460386276245115,1.7212638854980469,0.8920542001724243,1.467401146888733
2084934718.0,0.5319442749023438,1.14812970161438,10.3431978225708,1.724542498588562,0.5812254548072815,1.4290053844451904
2084943051.0,0.4870012998580932,0.4970439076423645,10.400012016296388,0.8008930087089539,0.2432455867528915,1.3687862157821655
2084951384.0,0.0663068518042564,-0.3265415728092193,9.664556503295898,0.2988284826278686,0.6880367994308472,1.3769060373306274
2084959717.0,0.0509078502655029,-0.0362870544195175,8.954323768615723,1.3794161081314087,1.5538491010665894,1.3053141832351685
2084968050.0,0.0008149024797603,0.6646765470504761,9.515384674072266,3.342184066772461,2.322737455368042,1.6001853942871094
2084976383.0,0.05594152957201,0.4161176681518554,10.753177642822266,3.0931878089904785,1.5463441610336304,1.3648672103881836
2084984716.0,0.4956085979938507,0.2534728646278381,10.338438987731934,1.6971863508224487,-0.043134368956089,1.431156873703003
2084993049.0,0.4289737939834595,0.1579361855983734,9.209562301635742,1.7377592325210571,-1.018959879875183,1.5476505756378174
2085001382.0,0.2197640687227249,-0.1416924595832824,9.689247131347656,2.5006537437438965,-0.6715795993804932,1.5867122411727903
2085009715.0,-0.0699435248970985,-0.1152933090925216,9.645027160644531,2.986171245574951,0.8264048099517822,1.7260023355484009
2085018048.0,0.2229138761758804,-0.854543924331665,9.55592155456543,3.790433168411255,2.220229148864746,2.095820903778076
2085026381.0,0.5309212803840637,-0.478765070438385,9.686848640441896,4.721356391906738,2.086548328399658,2.052507162094116
2085034714.0,0.3782238960266113,0.2312141060829162,10.054483413696287,5.416526794433594,0.7681324481964111,2.0051722526550293
2085043047.0,0.1712357997894287,0.1205308437347412,9.696377754211426,5.298189163208008,-0.1612928360700607,1.730407953262329
2085051380.0,0.140709713101387,-0.0081382654607295,9.990817070007324,5.021247863769531,0.0983458533883094,1.708635926246643
2085059713.0,0.271077036857605,-0.1223084777593612,10.019333839416504,4.547179698944092,1.1160249710083008,2.17038369178772
2085068046.0,0.5653208494186401,0.4683400690555572,9.510661125183104,5.519932270050049,1.344555377960205,2.374913692474365
2085076379.0,0.4342723786830902,1.4697332382202148,10.16380786895752,6.68958044052124,1.072250485420227,2.1191298961639404
2085084712.0,0.0114281484857201,1.5415356159210205,10.482056617736816,5.807323455810547,1.2292912006378174,1.84385359287262
2085093045.0,-0.0591215342283248,1.0824096202850342,10.135663032531738,3.941684722900391,2.025509595870972,1.7429847717285156
2085101378.0,0.0071197864599525,1.101802110671997,9.741107940673828,2.6573615074157715,2.859637260437012,2.5147159099578857
2085109711.0,-0.0024427087046205,1.2116097211837769,9.806866645812988,2.831026077270508,2.105400562286377,2.510284662246704
2085118044.0,-0.4488598704338074,1.5889780521392822,9.58501434326172,3.5564723014831543,0.8260462284088135,1.9420584440231323
2085126377.0,-0.0587000213563442,1.5619326829910278,10.283242225646973,3.248486995697021,0.034720093011856,1.8154215812683103
2085134710.0,-0.1488460600376129,0.7328463792800903,10.42424488067627,1.5325125455856323,-0.3973280191421509,1.8686225414276123
2085143043.0,-0.1114634945988655,0.332561194896698,9.59708023071289,0.2568979561328888,0.3253135979175567,2.1064250469207764
2085151376.0,-0.2943088412284851,1.398632526397705,8.924098014831543,1.666782259941101,0.9530161023139954,2.0896732807159424
2085159709.0,-0.362226665019989,1.2696706056594849,10.68523120880127,3.3492019176483154,1.2364373207092283,1.7410634756088257
2085168042.0,-0.2622327804565429,0.5601261258125305,11.221915245056152,2.1546823978424072,0.731606662273407,1.4113060235977173
2085176375.0,-0.0141480937600135,0.2814507782459259,9.898848533630373,1.3952200412750244,0.2720359861850738,1.5587668418884275
2085184708.0,0.3618587851524353,0.5873414874076843,9.609177589416504,2.2383384704589844,0.1919658780097961,1.912730097770691
2085193041.0,0.0031909141689538,0.7587509155273438,9.88914966583252,3.047440767288208,-1.0017213821411133,1.922975778579712
2085201374.0,-0.2009844779968261,0.241197258234024,9.316158294677734,3.154457330703736,-1.0732364654541016,1.4696041345596311
2085209707.0,-0.0636141449213028,-0.3946014046669006,9.25615406036377,3.2192864418029785,0.7189274430274963,1.6495695114135742
2085218040.0,0.0396915040910244,-0.2553108334541321,10.022014617919922,3.100872039794922,1.7357357740402222,1.909528374671936
2085226373.0,-0.2629183828830719,0.4456941187381744,9.280954360961914,4.326666831970215,1.5947037935256958,1.999921202659607
2085234706.0,-0.2838013470172882,0.6105884909629822,10.009479522705078,6.125836372375488,1.0084964036941528,1.9951311349868768
2085243039.0,0.1838921904563903,0.7395099997520447,11.010695457458496,5.259998798370361,-0.4379778206348419,1.83545196056366
2085251372.0,0.3556422293186188,0.2947100698947906,10.700167655944824,3.3624961376190186,-2.0369465351104736,1.9823497533798216
2085259705.0,0.1943905055522918,0.687126874923706,9.719108581542969,3.362649917602539,-1.6964309215545654,2.22865629196167
2085268038.0,0.012357035651803,0.9808405637741088,9.583971977233888,4.601712226867676,-0.582877516746521,2.0505857467651367
2085276371.0,0.2187125086784362,1.8048920631408687,10.061655044555664,5.208180904388428,1.396680235862732,1.9554802179336548
2085284704.0,0.4875531792640686,1.8504780530929563,10.618836402893066,4.822021007537842,1.929481744766236,2.1683602333068848
2085293037.0,0.1367993503808975,1.5588964223861694,10.853041648864746,2.9578678607940674,1.941956043243408,2.0656983852386475
2085301370.0,-0.4207810759544372,1.5560956001281738,9.701252937316896,1.3328239917755127,2.159113645553589,1.997334122657776
2085309703.0,-0.5040635466575623,1.080824375152588,9.650961875915527,1.775437831878662,2.796011447906494,1.962473034858704
2085318036.0,0.3427910804748535,0.8034384846687317,10.596880912780762,2.2738399505615234,1.6657578945159912,2.292384386062622
2085326369.0,0.2553073465824127,0.5762349367141724,10.991052627563477,2.175481081008911,-1.1648584604263306,2.2452542781829834
2085334702.0,-0.4224783182144165,1.6455258131027222,9.577763557434082,2.1904397010803223,-1.7439708709716797,1.8565326929092407
2085343035.0,-0.3137053251266479,1.7129253149032593,9.212054252624512,2.347045421600342,0.4221610128879547,2.052840232849121
2085351368.0,-0.2691347897052765,1.355139970779419,9.897647857666016,1.362254619598389,1.8114769458770752,1.6696767807006836
2085359701.0,-0.1947750300168991,1.1310545206069946,9.77153491973877,-0.1511752158403396,2.313260316848755,1.596112608909607
2085368034.0,0.0392012670636177,0.7304974794387817,10.21982192993164,0.0517279431223869,2.122152090072632,2.0588340759277344
2085376367.0,-0.3884108662605285,1.491260290145874,10.515265464782717,0.7342191338539124,0.876250147819519,1.9515613317489624
2085384700.0,-0.3519496321678161,1.5818508863449097,10.592365264892578,1.3093100786209106,-0.3561403155326843,1.6068449020385742
2085393033.0,-0.0915582627058029,1.3284528255462646,10.2171630859375,1.0984280109405518,-0.6129229664802551,1.6912952661514282
2085401366.0,0.2487373948097229,0.4860424697399139,9.676114082336426,-0.1912870854139328,-1.1403456926345823,1.8890113830566408
2085409699.0,0.0277688354253768,0.5552523136138916,8.980134963989258,-0.2048114091157913,-0.6043166518211365,1.6859160661697388
2085418032.0,0.27420374751091,0.4182482063770294,9.468461990356444,0.1377405673265457,0.3863267004489898,1.6876580715179443
2085426365.0,0.2686819434165954,0.3888346254825592,9.773152351379396,0.686346173286438,1.0243772268295288,1.983681559562683
2085434698.0,-0.181787684559822,0.3948962688446045,9.652759552001951,1.218866229057312,1.5179893970489502,1.7654484510421753
2085443031.0,-0.1057330071926117,0.1461379379034042,9.295263290405272,1.4868934154510498,1.889856576919556,1.9343740940094
2085451364.0,0.1051187962293624,-0.1348330825567245,9.564749717712402,1.8755637407302856,1.613735318183899,2.178170680999756
2085459697.0,0.4068678319454193,-0.5494414567947388,10.429817199707031,1.424369215965271,0.1426072418689727,2.466484308242798
2085468030.0,-0.3216009140014648,-0.0384007729589939,10.07906436920166,1.5168110132217407,-0.7544928789138794,2.335441827774048
2085476363.0,0.0342212989926338,0.6240431070327759,9.155168533325195,2.9603779315948486,-0.6285476088523865,2.0472559928894043
2085484696.0,0.8679229617118835,0.2636350989341736,9.658000946044922,4.419159889221191,0.0115135991945862,2.3424859046936035
2085493029.0,0.6296824812889099,-0.011337854899466,10.108619689941406,3.155404806137085,-0.0652650669217109,2.562870502471924
2085501362.0,-0.0266717746853828,0.1848751604557037,9.29676628112793,1.6272083520889282,1.1962487697601318,2.4414079189300537
2085509695.0,-0.2885037958621979,0.8870533108711243,8.288135528564453,2.790581226348877,3.278097152709961,2.438769817352295
2085518028.0,-0.0912322849035263,0.2429926544427871,10.038866996765137,4.12385368347168,3.9943480491638175,2.634488344192505
2085526361.0,0.0606450363993644,-0.215303897857666,10.341519355773926,2.772907495498657,2.2256338596343994,2.669451713562012
2085534694.0,-0.28335040807724,0.2497477531433105,9.208465576171877,2.743809223175049,0.5769221186637878,2.655568122863769
2085543027.0,0.1820473670959472,0.6655495762825012,10.048712730407717,3.3971521854400635,-0.6028310656547546,2.8487770557403564
2085551360.0,-0.5337037444114685,0.8192473649978638,10.231698989868164,2.803746700286865,-0.9398374557495116,2.580800771713257
2085559693.0,0.1784777343273162,0.9319910407066344,9.98294734954834,2.18260145187378,-0.1913639456033706,2.497426271438598
2085568026.0,0.1381857842206955,1.413479208946228,9.599040985107422,2.3809070587158203,1.2324416637420654,2.7407612800598145
2085576359.0,-0.2271319776773452,1.4739322662353516,10.43341064453125,2.057014942169189,2.111675977706909,2.333495140075684
2085584692.0,-0.0182019993662834,1.0933809280395508,10.480995178222656,0.995048999786377,2.9540510177612305,2.5300588607788086
2085593025.0,0.3296763896942138,1.4059953689575195,10.060823440551758,1.0305503606796265,2.0826807022094727,2.627187967300415
2085601358.0,0.0107432380318641,0.969651997089386,10.568788528442385,1.216560959815979,0.5180606842041016,2.538050413131714
2085609691.0,-0.9308941960334778,0.6320120096206665,9.112588882446287,0.7740492820739746,0.3922691643238067,1.9547886848449707
2085618024.0,-0.1828418523073196,-0.3512048125267029,9.173294067382812,1.0166162252426147,1.801154375076294,2.0023033618927
2085626357.0,0.4521680772304535,-0.3013539314270019,10.218283653259276,1.2214787006378174,1.3172248601913452,2.511616468429565
2085634690.0,-0.1241864562034607,-0.2346648275852203,10.062807083129885,1.3261131048202517,-0.4432031512260437,2.121281623840332
2085643023.0,-0.0429205484688282,0.0996850728988647,8.628105163574219,3.5581629276275635,-0.3603410422801971,1.753640055656433
2085651356.0,-0.4469861090183258,-0.1243280917406082,9.281938552856444,4.702197074890137,1.261385798454285,1.938626050949097
2085659689.0,-0.3562143743038177,0.1163752600550651,10.348134994506836,3.599017858505249,2.365692377090454,2.0457193851470947
2085668022.0,-0.1830758303403854,0.5019486546516418,9.619428634643556,3.214164018630981,2.3962502479553223,2.035217523574829
2085676355.0,0.0909722447395324,0.3750001490116119,9.879698753356934,4.61559534072876,0.7222061157226562,2.076738119125366
2085684688.0,0.2743287682533264,0.2192872166633606,10.493456840515137,4.904216766357422,-0.9703185558319092,2.119770050048828
2085693021.0,-0.3974628746509552,-0.1235012039542198,9.746661186218262,3.9428634643554688,-1.263037919998169,2.146409034729004
2085701354.0,-0.1381093859672546,0.5707565546035767,8.950251579284668,4.299900531768799,-0.061346098780632,2.180706262588501
2085709687.0,-0.0651108771562576,0.9041760563850404,9.286362648010254,4.949732780456543,1.415583252906799,2.2959446907043457
2085718020.0,0.0043535679578781,0.704186737537384,10.374140739440918,4.495823860168457,1.6493135690689087,2.297635316848755
2085726353.0,-0.4263253211975097,0.924297332763672,10.429935455322266,3.2320427894592285,1.749541997909546,2.4664077758789062
2085734686.0,-0.6077396869659424,0.8982313275337219,10.28322696685791,2.835457324981689,1.490633249282837,2.374042510986328
2085743019.0,-0.4172596335411072,1.146698236465454,10.364113807678224,3.519024610519409,0.7803761959075928,2.409928321838379
2085751352.0,-0.122270792722702,0.7456911206245422,10.901987075805664,3.2975640296936035,-0.2565778195858001,2.582568407058716
2085759685.0,0.4819236397743225,0.6149609088897705,10.335600852966309,2.8823318481445312,-2.30902099609375,2.466689348220825
2085768018.0,0.5063768625259399,0.5854926109313965,9.68367862701416,2.8348424434661865,-2.87568473815918,2.6340014934539795
2085776351.0,-0.8150915503501892,0.7551277875900269,9.227102279663086,2.7972919940948486,-0.4875156581401825,2.567378759384156
2085784684.0,-0.4810663759708404,0.1358669996261596,9.254199981689451,2.820626974105835,2.9815866947174072,2.52027440071106
2085793017.0,-0.0804129838943481,0.48183274269104,9.63045883178711,3.5447921752929688,4.542030811309815,2.853259325027466
2085801350.0,0.1436423063278198,1.213300704956055,11.722692489624023,3.9267523288726807,2.1996607780456543,2.802722454071045
2085809683.0,-0.3727304935455322,1.6807749271392822,11.203243255615234,3.111783742904663,-0.553651750087738,2.402551412582397
2085818016.0,-0.3048122227191925,1.3360306024551392,10.164917945861816,2.729055881500244,-1.837616324424744,2.148406744003296
2085826349.0,0.1451108306646347,0.8963077068328857,9.927261352539062,2.326707363128662,-1.626990556716919,2.511949300765991
2085834682.0,0.101206786930561,0.4888843595981598,9.752405166625977,1.590503215789795,-0.7969101071357727,2.5049314498901367
2085843015.0,-0.0693965256214141,0.8137914538383484,9.117941856384276,2.17010235786438,0.473620057106018,2.278270959854126
2085851348.0,0.1065808534622192,1.1651926040649414,9.801024436950684,3.3532748222351074,1.9963351488113403,2.301554203033448
2085859681.0,0.0134366955608129,0.7640782594680786,10.491681098937988,3.1175215244293213,2.157320499420166,2.120922803878784
2085868014.0,-0.2342533469200134,0.84383624792099,10.108830451965332,2.4219672679901123,1.6349695920944214,1.9415208101272583
2085876347.0,-0.3672767579555511,0.7089371681213379,9.782500267028809,2.331907033920288,1.4821548461914062,2.096384286880493
2085884680.0,-0.3658884465694427,1.080558180809021,9.954556465148926,2.3716089725494385,1.05900776386261,2.1493544578552246
2085893013.0,0.1117142662405967,1.4303710460662842,10.37878131866455,2.834996700286865,-0.152635246515274,1.8733868598937988
2085901346.0,-0.0275384224951267,0.3672672212123871,10.654436111450195,1.8175476789474487,-1.230149269104004,1.872490406036377
2085909679.0,0.1641144901514053,0.14150071144104,9.221043586730955,1.1130026578903198,-0.9037984013557434,1.8324040174484253
2085918012.0,-0.0123902792111039,0.8016214370727539,8.935972213745117,2.5861284732818604,0.51606285572052,2.169999599456787
2085926345.0,0.0528558231890201,1.1416244506835938,10.178174018859863,3.170082092285156,1.9006403684616089,2.1357533931732178
2085934678.0,0.3521841168403625,0.4667568504810333,10.007485389709473,2.9036166667938232,1.6800248622894287,1.826666235923767
2085943011.0,0.1757814884185791,0.1715787649154663,9.944605827331545,2.10365891456604,1.5702935457229614,2.162802219390869
2085951344.0,-0.4463611841201782,0.18628691136837,9.941990852355955,1.5793097019195557,2.1470746994018555,2.5715792179107666
2085959677.0,-0.6832071542739868,0.8164556622505188,9.021964073181152,2.9064857959747314,2.5997042655944824,2.08052921295166
2085968010.0,0.4675240218639374,1.1623992919921875,10.255191802978516,4.551021575927734,1.502134084701538,2.028019905090332
2085976343.0,0.0940451025962829,0.6930364370346069,10.872406005859377,3.4770424365997314,-0.5321357250213623,2.1155946254730225
2085984676.0,0.1224272102117538,1.1026747226715088,9.805170059204102,1.3655844926834106,-0.6233991980552673,2.2313456535339355
2085993009.0,-0.1127495467662811,1.2471369504928589,9.156917572021484,1.280365824699402,0.6822479367256165,2.2726101875305176
2086001342.0,-0.4502352178096771,1.8175729513168333,9.69412612915039,2.019054412841797,2.589995861053467,2.2038354873657227
2086009675.0,-0.206752598285675,1.0440348386764526,10.303834915161133,1.7719032764434814,3.8462977409362793,2.270177125930786
2086018008.0,0.0999922901391983,0.6090351343154907,10.615450859069824,1.0012218952178955,2.9635279178619385,2.1332428455352783
2086026341.0,-0.3438906669616699,1.144877314567566,9.976438522338867,0.8933348059654236,1.853100299835205,2.2380566596984863
2086034674.0,-0.3631817698478699,0.8683831095695496,10.18148708343506,0.8962805867195129,1.1719666719436646,2.223738431930542
2086043007.0,-0.1506741195917129,0.5500374436378479,9.97073745727539,0.7111408114433289,0.3256209790706634,2.2208950519561768
2086051340.0,-0.1379277110099792,-0.0466527491807937,9.18364429473877,0.533967137336731,-0.0204401575028896,2.1303486824035645
2086059673.0,-0.5382787585258484,-0.3387313485145569,9.295106887817385,1.087208867073059,1.3167123794555664,2.037548065185547
2086068006.0,0.3985374569892883,-0.7051849365234375,9.453234672546388,1.243430256843567,2.067824363708496,2.3565993309021
2086076339.0,-0.3724976181983948,-0.3957473933696747,8.91806411743164,3.148284435272217,1.7112231254577637,2.399708271026612
2086084672.0,-0.8081003427505493,-0.1774894297122955,9.62851333618164,4.15587043762207,2.175429582595825,2.103632926940918
2086093005.0,-0.7711018323898315,0.4537623822689056,9.11113452911377,4.409861564636231,3.095262289047241,2.0923116207122803
2086101338.0,0.0990879908204078,0.442869633436203,10.255940437316896,4.542697429656982,1.5547455549240112,2.2269654273986816
2086109671.0,0.0795383602380752,-0.0648285672068595,10.834142684936523,3.121388912200928,-0.7598205804824829,2.379549264907837
2086118004.0,-0.4823015332221985,-0.2426733970642089,9.274266242980955,2.373377084732056,-1.4841912984848022,2.2357513904571533
2086126337.0,-0.5014634728431702,0.5890903472900391,8.62948226928711,4.259993076324463,0.1964227706193924,2.5445053577423096
2086134670.0,-0.289517730474472,0.6342858076095581,9.847268104553224,5.567087650299072,1.3844622373580933,2.526190996170044
2086143003.0,-0.1941706091165542,0.7463193535804749,9.927027702331545,5.175983905792236,1.3493707180023191,1.9829388856887813
2086151336.0,-0.214247927069664,0.7943999767303467,9.939115524291992,4.3845038414001465,1.2533173561096191,2.230884552001953
2086159669.0,-0.3094325065612793,0.9131283164024352,9.457310676574709,3.496433019638061,1.0661028623580933,2.4741430282592773
2086168002.0,-0.6014881134033203,0.1641292870044708,10.030394554138184,2.98373818397522,0.4005682170391083,2.142207860946656
2086176335.0,-0.3150745630264282,0.4772182703018188,9.668855667114258,3.236857891082764,-0.331115186214447,2.221970796585083
2086184668.0,-0.2428850680589676,0.4645436704158783,10.13214111328125,4.099314689636231,-0.8157109022140503,2.462642192840576
2086193001.0,-0.3381886482238769,1.1310065984725952,10.209369659423828,4.212069034576416,-0.4576751887798309,2.274454355239868
2086201334.0,-0.2238496094942093,1.9570659399032595,9.818718910217283,4.509962558746338,-0.0996393784880638,1.8065592050552368
2086209667.0,-0.1286022067070007,1.4988595247268677,10.359413146972656,3.517820358276367,0.5009503364562988,1.709045648574829
2086218000.0,-0.00880744215101,0.7563316822052002,10.375665664672852,1.3374345302581787,0.8986114859580994,2.191669464111328
2086226333.0,-0.5466324090957642,0.9055470824241638,9.778740882873535,1.0208938121795654,1.1156920194625854,1.9396507740020752
2086234666.0,-0.5358932614326477,0.6927038431167603,9.743278503417969,2.16456937789917,1.4628417491912842,1.980915188789368
2086242999.0,0.0841558650135994,0.1637486964464187,9.832887649536133,3.6297802925109854,0.5365029573440552,1.773772954940796
2086251332.0,0.0196113362908363,-0.0229254383593797,10.297374725341797,3.4998905658721924,-0.8359717130661011,1.7576359510421753
2086259665.0,-0.1352345943450927,0.2759509682655334,9.713823318481444,2.384237289428711,-1.1504120826721191,1.939701795578003
2086267998.0,-0.4049006104469299,0.5997608304023743,8.95799732208252,2.8147096633911133,-0.4210467636585235,2.002328634262085
2086276331.0,-0.5999802947044373,0.1844589859247207,9.912755012512209,3.471074342727661,1.332593321800232,2.030350923538208
2086284664.0,-0.2557396292686462,-0.1893408447504043,10.125493049621582,3.0135273933410645,1.56821870803833,1.939445734024048
2086292997.0,0.0432897098362445,1.0408588647842407,9.964289665222168,4.105463027954102,0.3652206063270569,1.809709906578064
2086301330.0,0.0739941298961639,1.665239930152893,10.818312644958496,4.702683925628662,-0.7672488689422607,1.8155754804611208
2086309663.0,-0.0864276140928268,1.4960850477218628,10.513571739196776,3.7599265575408936,-1.731881022453308,1.759941339492798
2086317996.0,0.2626252770423889,1.348097324371338,9.745353698730469,2.146537065505981,-1.3363460302352903,1.963497757911682
2086326329.0,-0.1959180533885955,0.5859971642494202,9.178813934326172,1.3757790327072144,-0.2840618789196014,2.0226666927337646
2086334662.0,-0.0196385607123374,0.6169641017913818,9.725916862487791,1.2898430824279783,1.2059053182601929,1.998409628868103
2086342995.0,0.0206043105572462,0.98188978433609,9.785638809204102,2.227221727371216,1.9241282939910889,2.19948148727417
2086351328.0,0.1520835906267166,1.0492995977401731,10.786250114440918,3.3829867839813232,0.9564225673675536,1.950767159461975
2086359661.0,0.0573823899030685,0.7452524900436401,10.714759826660156,2.6030850410461426,-0.2659269869327545,1.826717495918274
2086367994.0,-0.4600574076175689,0.7318355441093445,9.86624526977539,1.5411957502365112,0.1346412301063537,1.6762083768844604
2086376327.0,0.4377178847789764,0.0073680081404745,9.60243034362793,1.551518201828003,0.4360952079296112,2.103044033050537
2086384660.0,0.5588924288749695,-0.7008402943611145,9.566441535949709,2.278834342956543,-0.2029671818017959,2.178375244140625
2086392993.0,0.3451915383338928,-0.0858318582177162,9.849081993103027,3.4141340255737305,-0.9922186136245728,1.8697749376297
2086401326.0,-0.0555682554841041,0.1623893678188324,9.368330001831056,4.521796703338623,0.4091745913028717,2.1502256393432617
2086409659.0,-0.0497499518096447,0.500765860080719,9.242958068847656,5.119427680969238,1.9130630493164065,2.121588706970215
2086417992.0,-0.0052652135491371,1.0764998197555542,10.358953475952148,4.9141035079956055,3.285858154296875,2.2474827766418457
2086426325.0,0.1819588243961334,1.5151277780532837,10.781061172485352,3.5051932334899902,2.507211208343506,2.0751757621765137
2086434658.0,-0.2936371564865112,1.0708974599838257,10.647626876831056,2.821932792663574,1.7831987142562866,2.07181978225708
2086442991.0,-0.256536602973938,1.603945255279541,10.352971076965332,2.5650224685668945,1.0477375984191897,2.2288100719451904
2086451324.0,0.0650408640503883,1.5255472660064695,10.385165214538574,2.81660532951355,0.4897569715976715,2.1078081130981445
2086459657.0,0.4479531049728393,0.7451784014701843,9.998284339904783,2.236699104309082,-0.9126351475715636,2.293639659881592
2086467990.0,0.4711032807826996,0.4761750698089599,9.79283618927002,1.6801785230636597,-0.7001138925552368,2.567122459411621
2086476323.0,-0.3340060710906982,0.6648049354553223,9.651055335998535,0.9704594612121582,0.8881864547729492,2.5584139823913574
2086484656.0,-0.4953932464122772,1.0667109489440918,9.29876708984375,1.5374304056167605,3.26659631729126,2.322737216949463
2086492989.0,0.0333430282771587,1.2716671228408811,9.641247749328612,2.9711620807647705,4.272621154785156,2.242820978164673
2086501322.0,0.0575194992125034,0.600854218006134,11.064509391784668,2.83207631111145,2.756514072418213,2.178990125656128
2086509655.0,-0.3966045081615448,0.6947769522666931,10.541970252990724,1.3346681594848633,0.7847304940223694,2.234163522720337
2086517988.0,-1.0061657428741455,0.8830260634422302,9.284446716308594,0.9674111604690552,0.4020282328128814,2.455777406692505
2086526321.0,-0.2412361055612564,0.6565570831298828,9.23724365234375,2.2532458305358887,0.3548211753368377,2.141798257827759
2086534654.0,0.4874763190746307,0.0264634564518928,10.157960891723633,3.035606861114502,-1.3841676712036133,1.879611134529113
2086542987.0,0.3990035653114319,0.0062301461584866,10.108230590820312,1.908759951591492,-2.2683968544006348,1.9233087301254272
2086551320.0,-0.5584056973457336,0.9868987202644348,9.157687187194824,2.443380355834961,-0.3413096666336059,2.05025315284729
2086559653.0,-0.8696464896202087,1.467240810394287,9.05138111114502,3.694328546524048,2.7473702430725098,1.732764720916748
2086567986.0,0.0909023582935333,1.5556278228759766,9.984003067016602,4.2477240562438965,3.6153600215911865,1.6145548820495603
2086576319.0,0.153252363204956,0.6931465864181519,10.918259620666504,2.7732150554656982,1.1433298587799072,1.5251356363296509
2086584652.0,-0.2903609573841095,0.5145846009254456,10.406314849853516,0.6250770092010498,-0.6196339726448059,1.860221028327942
2086592985.0,-0.825334370136261,1.172210931777954,9.263294219970703,1.0734286308288574,-0.8674772381782532,1.7485429048538208
2086601318.0,-0.1164247319102287,1.0382918119430542,9.826397895812988,2.564535617828369,-1.2330180406570437,1.625415325164795
2086609651.0,0.2022083103656768,0.8191330432891846,10.202613830566406,2.919164657592773,-2.119296073913574,1.4177862405776978
2086617984.0,0.1770151853561401,0.8059043288230896,10.165273666381836,1.505950689315796,-1.5037349462509155,1.5170414447784424
2086626317.0,0.2360392361879348,0.8700094819068909,9.65028476715088,0.592239499092102,0.0462465025484561,1.6586625576019287
2086634650.0,0.3037819564342499,0.6647863388061523,9.838677406311035,1.114206314086914,1.1168445348739624,1.729024887084961
2086642983.0,-0.0393903851509094,0.4166070520877838,9.51670742034912,1.5982131958007812,1.410691261291504,1.5390442609786987
2086651316.0,-0.4386593401432037,-0.1309335678815841,9.520097732543944,2.055427074432373,1.6603530645370483,1.3571062088012695
2086659649.0,-0.1786699444055557,-0.0379857383668422,9.585220336914062,2.156654357910156,2.224250555038452,1.876793384552002
2086667982.0,-0.0955679267644882,-0.1610036343336105,10.023484230041504,2.3246071338653564,0.7204131484031677,1.920670747756958
2086676315.0,-0.0785870403051376,0.5576757192611694,10.36370849609375,2.60152268409729,-0.8231391310691833,1.872925877571106
2086684648.0,-0.4804473519325256,0.557739794254303,9.770251274108888,2.517303228378296,-1.173003911972046,1.8831971883773804
2086692981.0,-0.2591080069541931,0.2402882426977157,9.212477684020996,2.495607614517212,-0.3192814290523529,1.95337986946106
2086701314.0,0.2329673618078231,0.823115348815918,9.418054580688477,3.132454395294189,0.6025364398956299,1.9042774438858032
2086709647.0,0.524498462677002,0.5064956545829773,10.689898490905762,2.5078771114349365,0.4856330752372741,2.08155369758606
2086717980.0,-0.4713878929615021,1.0047792196273804,9.43713665008545,1.8816345930099487,0.7629583477973938,1.939112663269043
2086726313.0,-0.2341433018445968,1.2727583646774292,9.193608283996582,2.488896131515503,1.9600650072097776,1.87146544456482
2086734646.0,0.2087363600730896,0.350785881280899,10.299251556396484,2.260904550552368,2.200890064239502,2.196202754974365
2086742979.0,0.502875030040741,0.0616021119058132,10.433937072753906,1.136004090309143,0.3494422137737274,2.216668605804444
2086751312.0,0.0454885140061378,0.22984279692173,9.589804649353027,1.4060804843902588,-1.0146054029464722,2.157704591751098
2086759645.0,-0.6560609340667725,0.7817434668540955,9.058274269104004,2.949697256088257,0.5004637837409973,1.7432411909103394
2086767978.0,0.0772460401058197,0.1354039460420608,9.707889556884766,3.306836128234864,1.8388843536376955,1.8743345737457275
2086776311.0,0.2869597971439361,0.4291203618049621,9.68214225769043,2.93194580078125,1.7670363187789917,1.840523600578308
2086784644.0,-0.1313433349132537,-0.0085561722517013,9.942041397094728,2.184394836425781,1.0428965091705322,2.006478309631348
2086792977.0,-0.4017953276634216,0.4167433381080627,9.654332160949709,1.9748958349227903,1.3713476657867432,1.7976454496383667
2086801310.0,0.2087399512529373,0.6564618945121765,9.527719497680664,2.9873242378234863,0.827045202255249,1.8713887929916384
2086809643.0,-0.0921481624245643,0.6299809813499451,10.21017360687256,3.6267318725585938,0.1049543097615242,1.7470827102661133
2086817976.0,-0.2627477049827575,0.8300493955612183,10.204020500183104,2.9067163467407227,0.219014510512352,1.4396352767944336
2086826309.0,-0.1931303143501281,-0.0298124160617589,9.860575675964355,2.1770689487457275,1.008419632911682,1.6798967123031616
2086834642.0,-0.1531650274991989,0.2826989293098449,9.778467178344728,2.3811631202697754,1.7370420694351196,1.52667236328125
2086842975.0,-0.2894366681575775,0.3074978590011596,9.91380214691162,3.1574535369873047,1.796543836593628,1.8452107906341555
2086851308.0,-0.2969041466712951,0.277437686920166,9.91532039642334,3.869478464126587,1.2466065883636477,1.541093349456787
2086859641.0,0.0860142335295677,0.1559976488351822,10.059163093566896,3.8608977794647217,0.5895757079124451,1.6907061338424685
2086867974.0,0.2167422175407409,0.0881591662764549,10.486353874206545,3.098848819732666,-0.3865956664085388,1.8637046813964844
2086876307.0,-0.4695192575454712,0.8757979273796082,9.672662734985352,3.065371036529541,-0.3842391669750213,1.4625600576400757
2086884640.0,0.0278213825076818,1.0378326177597046,9.75284194946289,3.7359251976013184,0.7577330470085144,1.5159910917282104
2086892973.0,0.0701919272541999,0.6009032130241394,10.105201721191406,4.001008033752441,0.9640044569969176,1.6994662284851074
2086901306.0,0.1351977288722992,1.0032472610473633,10.685040473937988,3.390825033187866,0.610374391078949,1.5943963527679443
2086909639.0,-0.2553809583187103,1.0531585216522217,9.924006462097168,2.4457366466522217,0.5751804113388062,1.7117607593536377
2086917972.0,-0.0058311130851507,1.5914618968963623,9.660988807678224,2.980818033218384,0.540242612361908,1.3839755058288574
2086926305.0,0.4585112035274505,0.9641151428222656,10.404937744140623,3.1051244735717773,-0.2623153924942016,1.5529526472091677
2086934638.0,-0.3531158566474914,0.0032046376727521,10.3820161819458,1.635379195213318,-0.7282382845878601,1.272425651550293
2086942971.0,-0.1288724094629287,-0.0358251146972179,9.44792652130127,1.1128743886947632,0.3023632168769836,1.6271826028823853
2086951304.0,0.0861641317605972,0.3634420335292816,9.007553100585938,3.152151584625244,1.063848853111267,1.9429548978805544
2086959637.0,-0.3407403528690338,1.0263962745666504,10.13740348815918,5.065714359283447,0.4810481369495392,1.4247534275054932
2086967970.0,0.0443346574902534,0.5439373254776001,10.487217903137209,4.187863349914551,0.2317191809415817,1.244249939918518
2086976303.0,0.366123616695404,0.1482250392436981,9.802119255065918,2.9645018577575684,-0.5110040307044983,1.5198848247528076
2086984636.0,0.0481917709112167,0.4704811573028564,9.664510726928713,2.7456283569335938,-0.7568237781524658,1.748645305633545
2086992969.0,-0.7279222011566162,0.2038449048995971,9.557740211486816,3.2335026264190674,-0.0280732046812772,1.5823580026626587
2087001302.0,0.0615622773766517,0.769202709197998,9.536629676818848,4.200875282287598,0.988824725151062,1.4807974100112915
2087009635.0,0.3724602460861206,0.5298616886138916,10.378413200378418,4.995634078979492,-0.1159556582570076,1.7081491947174072
2087017968.0,0.511350154876709,1.0587338209152222,11.15038776397705,4.024367332458496,-1.423075556755066,1.461330533027649
2087026301.0,0.1154549419879913,1.3686174154281616,9.909611701965332,2.8631722927093506,-1.3477699756622314,1.4931434392929075
2087034634.0,0.583469808101654,1.4338992834091189,9.16930866241455,3.407602071762085,-0.5440462827682495,1.2868717908859253
2087042967.0,0.8133896589279175,1.15703022480011,10.077858924865724,3.1029982566833496,0.5447763800621033,1.651106595993042
2087051300.0,0.2824417948722839,0.5095639228820801,10.04071807861328,1.838372111320496,0.9952539801597596,1.4153274297714231
2087059633.0,-0.2817944288253784,0.1267878413200378,9.120282173156738,1.8578643798828125,2.282266855239868,1.475597858428955
2087067966.0,-0.3126190602779388,0.3585674464702606,9.898438453674316,2.897469520568848,3.59960675239563,1.7500543594360352
2087076299.0,-0.3043482005596161,0.708407998085022,10.345173835754396,3.67716646194458,2.4434828758239746,1.4057477712631226
2087084632.0,0.5583993196487427,0.9952850937843324,11.037795066833496,3.832414150238037,-0.1683623343706131,1.2627687454223633
2087092965.0,0.2469547986984253,0.8230724930763245,10.306252479553224,2.593454122543335,-2.3678054809570312,1.338228464126587
2087101298.0,0.1118142753839492,0.569970428943634,9.739075660705566,1.5895298719406128,-1.840433955192566,1.101425051689148
2087109631.0,0.1383717507123947,0.7097050547599792,9.026973724365234,1.207749605178833,0.0898931622505188,1.1183558702468872
2087117964.0,1.156141757965088,0.4542179703712463,9.797951698303224,2.4117980003356934,1.166459560394287,1.1903830766677856
2087126297.0,0.2527078986167907,0.9757598638534546,9.81103515625,3.141906499862671,1.5369951725006104,0.8778895735740662
2087134630.0,-0.2503591477870941,1.0944225788116455,10.38077163696289,2.487616062164306,2.926310777664185,0.9467405080795288
2087142963.0,-0.6730782389640808,1.0989670753479004,9.554123878479004,1.6293598413467407,4.566903114318848,0.8603694438934326
2087151296.0,0.2081225514411926,1.2715903520584106,10.539972305297852,1.757251858711243,3.8081326484680176,1.150066375732422
2087159629.0,0.1890782564878463,1.0146307945251465,10.962882995605469,1.1033971309661863,0.351132720708847,0.7843462228775024
2087167962.0,0.2204789519309997,1.2136316299438477,10.252975463867188,0.8351905941963196,-2.25973916053772,0.414937824010849
2087176295.0,0.0489120185375213,0.779411792755127,9.603824615478516,0.6266651153564453,-2.145627737045288,0.2071295231580734
2087184628.0,0.226931095123291,1.0133646726608276,9.120633125305176,0.6398307681083679,-0.0604239776730537,0.2012126147747039
2087192961.0,0.2562689185142517,0.1955393254756927,9.224282264709473,0.6312756538391113,2.344714403152466,0.3801536858081817
2087201294.0,-0.1815863698720932,0.0409125536680221,9.303241729736328,0.5402169823646545,4.097931861877441,0.4638353884220123
2087209627.0,-0.0894617885351181,-0.2244767546653747,10.150514602661133,0.9722011089324952,4.694897651672363,0.3680893778800964
2087217960.0,-0.1893337219953537,0.0445226207375526,10.418329238891602,1.652540683746338,2.9580469131469727,0.3745953440666199
2087226293.0,-0.497818261384964,0.3019328415393829,10.715251922607422,2.5082356929779053,0.5985406637191772,0.0008324627415277
2087234626.0,-0.4335446357727051,-0.0935007557272911,9.619548797607422,2.332009792327881,-0.5661002397537231,0.2280563414096832
2087242959.0,0.204400822520256,0.2359021306037902,9.383642196655272,2.489588499069214,-0.9827414155006408,0.3476492464542389
2087251292.0,0.1941753178834915,0.5653756260871887,10.052597045898438,2.277963638305664,-1.443925857543945,0.0825931057333946
2087259625.0,-0.0969210192561149,0.3020359575748443,9.90365505218506,1.4182984828948977,-0.6503965854644775,0.0021387883462011
2087267958.0,0.0802863240242004,0.3874667882919311,9.274959564208984,1.7727738618850708,1.3848977088928225,0.1092062890529632
2087276291.0,0.0352417454123497,0.8762990236282349,10.088732719421388,2.6651737689971924,2.7330002784729004,0.2603558599948883
2087284624.0,-0.1357191801071167,0.7778581380844116,10.468926429748535,2.549833059310913,2.139492988586426,0.0552370995283126
2087292957.0,0.1126168593764305,0.741680383682251,10.286152839660645,1.682714343070984,1.170071005821228,0.1063118726015091
2087301290.0,-0.468847393989563,0.5486445426940918,9.835137367248535,1.0410264730453491,0.0620248764753341,0.2075137197971344
2087309623.0,-0.5033455491065979,0.8931970596313477,9.40955924987793,1.1611831188201904,-0.0638050585985183,0.0062882951460778
2087317956.0,0.2818291783332824,0.210386574268341,10.028743743896484,1.3191457986831665,-0.6702988743782043,0.0768555104732513
2087326289.0,0.5572598576545715,0.4314561486244201,9.828534126281738,0.9729695320129396,-2.059666156768799,0.1228842809796333
2087334622.0,-0.1900931149721145,0.0912759751081466,9.491734504699709,1.2372827529907229,-1.504759430885315,-0.1517643332481384
2087342955.0,0.0029183598235249,0.2473238557577133,9.25499153137207,0.9832663536071776,0.36365807056427,-0.1345003545284271
2087351288.0,0.1898310184478759,0.0388777516782283,9.598196029663086,1.6367368698120115,1.4354089498519895,-0.1581679135560989
2087359621.0,0.1978196948766708,0.0594203807413578,10.05512523651123,1.689860701560974,1.4775443077087402,-0.0422378703951835
2087367954.0,-0.2830270230770111,0.1340435743331909,10.09067153930664,1.9996905326843264,0.929835081100464,-0.1000492051243782
2087376287.0,-0.2232657819986343,0.1880921274423599,9.634573936462402,2.227375268936157,0.4740810394287109,-0.120438128709793
2087384620.0,-0.1199705079197883,0.1336914002895355,9.978989601135254,2.7384562492370605,-0.060244683176279,-0.0129608027637004
2087392953.0,0.0153743075206875,0.0326139330863952,10.309308052062988,2.1796305179595947,-1.3247426748275757,-0.2113174498081207
2087401286.0,0.1177161931991577,0.1305734366178512,9.582938194274902,2.2376978397369385,-1.8391532897949217,-0.410826712846756
2087409619.0,0.42153400182724,0.0912039279937744,9.481273651123049,2.9131457805633545,-1.323077917098999,-0.515486478805542
2087417952.0,0.169544905424118,-0.0692955702543258,10.042672157287598,2.7090511322021484,-0.0912635177373886,-0.0040982780046761
2087426285.0,0.4803033769130707,-0.0677795261144638,9.840699195861816,2.332470655441284,0.3925253450870514,-0.1082969903945922
2087434618.0,0.5527956485748291,0.3590162694454193,9.698423385620115,3.281222343444824,0.8149297833442688,-0.1824758350849151
2087442951.0,0.3984609544277191,0.1282840967178344,10.392570495605469,3.6744000911712646,0.3809220790863037,-0.2866232991218567
2087451284.0,-0.2094761580228805,-0.4033240973949432,10.24065113067627,3.034736394882202,1.1935337781906128,-0.4884890615940094
2087459617.0,0.1393862962722778,-0.2393114119768142,9.736005783081056,2.970034599304199,2.0013556480407715,0.0631775185465812
2087467950.0,0.094365194439888,1.046092510223389,9.787013053894045,4.558706283569336,1.487866997718811,-0.1230507940053939
2087476283.0,0.4589526057243347,1.038048267364502,10.673625946044922,4.861005783081055,-0.2085767239332199,-0.2824225723743438
2087484616.0,0.0714411661028862,0.8290525674819946,10.328791618347168,3.2496142387390137,-0.911559522151947,-0.549835205078125
2087492949.0,0.4039855897426605,0.7242717742919922,9.55752182006836,1.7330207824707031,-0.6534704566001892,-0.7207590341567993
2087501282.0,0.3614701628684997,0.5778356790542603,9.223931312561035,1.4199377298355105,0.922560691833496,-0.2719207108020782
2087509615.0,0.109983243048191,-0.0484364591538906,10.005399703979492,1.7157825231552124,1.9681084156036377,-0.325275182723999
2087517948.0,-0.3044675588607788,-0.3352928161621094,9.842941284179688,2.0508675575256348,3.0339159965515137,-0.1891098916530609
2087526281.0,0.1505158692598343,-0.3298850953578949,9.966351509094238,3.411368131637573,2.6124086380004883,-0.0537130534648895
2087534614.0,0.0849501714110374,-0.0578126311302185,10.316888809204102,4.209353923797607,0.9694347977638244,-0.2870587408542633
2087542947.0,0.131345734000206,-0.0479702651500701,10.238852500915527,3.776191473007202,-0.6267547607421875,-0.3882093429565429
2087551280.0,0.3536908626556396,0.2542190849781036,9.539955139160156,3.701653957366944,-1.1210325956344604,-0.6570563316345215
2087559613.0,0.2879326939582824,0.3519483208656311,9.836565017700195,4.028209686279297,0.0329783260822296,-0.6506271362304688
2087567946.0,0.5415875911712646,0.1935588121414184,10.180913925170898,3.69476318359375,1.3299293518066406,-0.3255312740802765
2087576279.0,0.0051613310351967,0.3487355411052704,9.23069953918457,4.103311061859131,2.2815496921539307,-0.4776542484760284
2087584612.0,-0.263845682144165,0.5942955613136292,9.390342712402344,4.851554393768311,3.848269939422608,-0.4152324497699737
2087592945.0,-0.4899357557296753,1.005190372467041,10.14400577545166,4.653299331665039,4.112992763519287,-0.498401790857315
2087601278.0,0.100389152765274,0.7488652467727661,10.526578903198242,4.000239372253418,2.2888240814208984,-0.4372861981391907
2087609611.0,-0.2573785185813904,0.0913306400179863,9.799158096313477,3.1956191062927246,0.2898122370243072,-0.2098061889410019
2087617944.0,-0.413981169462204,-0.0493454970419406,9.688348770141602,3.001027822494507,-0.9209085702896118,-0.1712055504322052
2087626277.0,-0.3754538297653198,-0.10160893201828,9.708544731140137,3.180763006210327,-0.834921658039093,-0.1741255670785904
2087634610.0,0.2077768892049789,0.4448805451393127,9.6312894821167,3.945834398269653,-0.429499477148056,-0.3444089889526367
2087642943.0,0.3856483101844787,0.2725989520549774,10.070708274841309,4.8592376708984375,-0.3771183788776397,-0.3902072608470917
2087651276.0,0.3793286979198456,0.3921009004116058,10.238120079040527,4.191859722137451,0.1825398504734039,-0.2466907203197479
2087659609.0,-0.0526380389928817,0.3936033248901367,9.578123092651367,3.496022701263428,1.608842849731445,-0.0493330173194408
2087667942.0,0.0105159357190132,0.5527048110961914,9.388358116149902,3.736028671264648,2.8862764835357666,-0.036449059844017
2087676275.0,-0.0668321251869201,0.5104904174804688,9.436007499694824,4.50796365737915,2.774853706359864,0.0452219285070896
2087684608.0,-0.3030864596366882,0.7013720273971558,10.025031089782717,4.576508522033691,1.4862277507781982,-0.2633655965328216
2087692941.0,-0.5586403608322144,1.2366212606430054,10.32614040374756,3.777702569961548,1.0757594108581543,-0.1342698037624359
2087701274.0,-0.254723459482193,1.4193488359451294,9.911712646484377,3.0628607273101807,0.5934433937072754,-0.2934879064559936
2087709607.0,0.3134676516056061,1.0895215272903442,10.485742568969728,2.8432185649871826,-0.2155694216489792,-0.0918782651424408
2087717940.0,-0.0578113980591297,0.6726959943771362,10.19795036315918,1.8819419145584104,-0.99764883518219,-0.2471773475408554
2087726273.0,-0.1948463916778564,0.7847198247909546,9.282922744750977,1.9428781270980835,0.4489278495311737,-0.5758336186408997
2087734606.0,-0.4463126361370086,1.2785321474075315,9.287290573120115,3.1381402015686035,2.361363172531128,-0.4819573760032654
2087742939.0,-0.707688570022583,0.671568751335144,10.270426750183104,3.150819778442383,3.436162233352661,-0.4196124076843261
2087751272.0,-0.0687433183193206,0.2759984731674194,10.313328742980955,2.2362122535705566,2.963195323944092,-0.3539118468761444
2087759605.0,-0.2593186199665069,0.6235125064849854,9.917125701904297,2.775443315505981,0.8666704893112183,-0.5586209297180176
2087767938.0,-0.1616296470165252,0.5460179448127747,10.553333282470703,2.704030990600586,-0.8945260047912598,-0.6323642134666443
2087776271.0,-0.6290921568870544,0.552313506603241,9.642833709716797,2.823495626449585,-1.184581637382507,-0.9655542969703674
2087784604.0,0.0721768662333488,0.3201057612895965,10.09796142578125,3.133888959884644,-0.0633440092206001,-0.6972706913948059
2087792937.0,-0.366339772939682,0.3569514155387878,9.3324613571167,3.141880512237549,1.1836210489273071,-0.4398220181465149
2087801270.0,0.0139670865610241,0.8372668027877808,9.85285472869873,4.073931694030762,2.225147485733032,-0.6546999216079712
2087809603.0,-0.4698569178581238,0.9771684408187866,10.3714599609375,4.028107643127441,2.570298910140991,-0.6185325384140015
2087817936.0,-0.503328263759613,0.4374799132347107,10.538932800292969,3.223435878753662,2.4241693019866943,-0.5450452566146851
2087826269.0,-0.2333652377128601,0.5392022728919983,10.056144714355469,2.8268253803253174,1.4957304000854492,-0.4905382096767425
2087834602.0,-0.5212352871894836,1.084280014038086,10.214591026306152,3.159093141555786,0.6034329533576965,-0.6408937573432922
2087842935.0,-0.0275571178644895,1.0109002590179443,10.152185440063477,3.3910810947418213,0.2285429835319519,-0.5234268307685852
2087851268.0,-0.2047257125377655,0.6799789667129517,10.075679779052734,2.922110080718994,-0.3123399615287781,-0.4816756844520569
2087859601.0,-0.3254595398902893,0.9664580821990968,9.97183322906494,1.822824239730835,0.7460017800331116,-0.4307802021503448
2087867934.0,-0.6464143395423889,0.6964342594146729,9.366460800170898,1.6297953128814695,2.603443622589112,-0.0784307867288589
2087876267.0,-0.5536161065101624,0.7402361631393433,9.552473068237305,2.273045301437378,3.093571901321411,-0.4315998554229736
2087884600.0,-0.5437065958976746,0.4411161243915558,10.31332778930664,2.385594606399536,2.8949079513549805,-0.3308846354484558
2087892933.0,-0.3118854165077209,0.3694707453250885,10.489790916442873,1.7240556478500366,1.2297265529632568,-0.3971999585628509
2087901266.0,-0.2696363925933838,0.6273567080497742,10.167366027832031,1.6683706045150757,-0.6558781266212463,-0.3245836198329925
2087909599.0,-0.9517929553985596,0.5033863186836243,9.18502140045166,1.894057393074036,-1.0552808046340942,-0.5779339671134949
2087917932.0,-0.1330571174621582,0.574100911617279,9.37875747680664,2.404984712600708,0.1271618604660034,-0.5020133852958679
2087926265.0,-0.0107311820611357,0.2718913555145263,9.994236946105955,1.9937736988067627,0.4539482593536377,-0.405831903219223
2087934598.0,-0.2240878194570541,0.7886072993278503,10.01259708404541,1.633739948272705,0.8757635354995728,-0.5998597741127014
2087942931.0,-0.498761773109436,0.8502509593963623,9.97830295562744,1.7188559770584106,2.1127259731292725,-0.4667425751686096
2087951264.0,-0.6326338052749634,1.201518177986145,9.393935203552246,2.584335327148437,2.4682259559631348,-0.7447339296340942
2087959597.0,-0.028164405375719,0.477983146905899,10.401527404785156,2.5110788345336914,2.0544283390045166,-0.5151791572570801
2087967930.0,-0.2141847312450409,0.166575402021408,10.452049255371094,0.9574472904205322,0.4920878708362579,-0.5186882615089417
2087976263.0,-0.3868328928947449,0.3098039329051971,8.89348030090332,0.9620321393013,-0.58979332447052,-0.8966774940490723
2087984596.0,-0.3707630634307861,0.0134179042652249,8.95315933227539,2.1842920780181885,0.3187819421291351,-0.5964018702507019
2087992929.0,-0.6134330034255981,-0.2616635859012604,9.41855239868164,2.425680637359619,1.1693793535232544,-0.599398672580719
2088001262.0,-0.6668201088905334,-0.647657036781311,9.429058074951172,2.212698459625244,2.267538547515869,-0.3942286372184753
2088009595.0,-0.5825390815734863,-0.2416690438985824,9.64012622833252,2.580416202545166,2.28654408454895,-0.3424110412597656
2088017928.0,-0.1058780401945114,0.3628532886505127,10.34262466430664,3.749680519104004,1.165588617324829,-0.6648430228233337
2088026261.0,-0.0544775538146495,0.8909023404121399,10.169015884399414,4.2065110206604,-0.6095932126045227,-0.6895865201950073
2088034594.0,-0.4602563083171844,0.6958345770835876,10.375545501708984,3.2880868911743164,-0.9394789934158324,-0.6995760798454285
2088042927.0,-0.6408839225769043,0.3684726357460022,9.06845474243164,1.5657598972320557,0.2220626324415207,-0.7019069194793701
2088051260.0,-0.4152266979217529,0.5458810329437256,8.86474323272705,2.3300373554229736,2.4088523387908936,-0.5193542242050171
2088059593.0,-0.03550910577178,0.3276905119419098,10.515259742736816,2.68579363822937,2.2832915782928467,-0.1883158683776855
2088067926.0,-0.6309272646903992,0.2200178354978561,10.25570583343506,2.430035352706909,1.1503225564956665,-0.56464022397995
2088076259.0,-0.2298714518547058,0.037788301706314,9.607635498046877,2.796703100204468,0.5957486629486084,-0.497325986623764
2088084592.0,-0.5716751217842102,0.0108904326334595,9.538911819458008,2.8340487480163574,0.3446523249149322,-0.3651565015316009
2088092925.0,-0.423114538192749,0.4917057752609253,9.201822280883787,2.903105020523072,0.4219048917293548,-0.6287526488304138
2088101258.0,0.1241483762860298,0.1569593250751495,9.797286987304688,3.033276319503784,0.5745657682418823,-0.3357514142990112
2088109591.0,-0.4723588824272156,0.3695403933525085,10.22143840789795,2.664098262786865,-0.081683799624443,-0.4965319633483886
2088117924.0,-0.5209170579910278,0.1631200760602951,9.727910041809082,2.190004348754883,1.2377183437347412,-0.3370321393013
2088126257.0,-0.5834540724754333,0.2104407697916031,9.21420192718506,3.284320831298828,2.504751682281494,-0.1545306593179702
2088134590.0,-0.026002774015069,0.8343638777732849,10.142471313476562,4.457709789276123,1.5403249263763428,-0.4310619831085205
2088142923.0,-0.2229778468608856,0.4604440331459045,10.647809028625488,3.842890739440918,0.2415294200181961,-0.3265046179294586
2088151256.0,-0.5171248316764832,0.8770796060562134,9.803970336914062,2.6069271564483643,0.2513909339904785,-0.5058043003082275
2088159589.0,-0.4600050747394562,0.8936147689819336,9.286455154418944,3.067087173461914,0.9535026550292968,-0.4386181235313415
2088167922.0,0.0111803645268082,0.588671863079071,9.80313777923584,3.1649844646453857,1.3364354372024536,-0.2985082864761352
2088176255.0,0.1118711903691291,0.1763975918292999,9.87663745880127,2.716146469116211,0.4752849638462066,-0.4975309371948242
2088184588.0,-0.2699774205684662,0.4237863421440124,9.394112586975098,2.822112798690796,0.5460826754570007,-0.3023504316806793
2088192921.0,-1.043163776397705,0.2113481014966964,9.608040809631348,3.089627265930176,2.29730224609375,-0.0597836188971996
2088201254.0,-0.5561515688896179,0.3216394484043121,9.660452842712402,3.4727652072906494,3.057533264160156,-0.4735560119152069
2088209587.0,-0.2432722449302673,-0.2147888243198394,9.972650527954102,3.875779867172241,2.39520001411438,-0.0495123192667961
2088217920.0,-0.7239906787872314,0.3458788394927978,10.053162574768066,4.046703338623047,1.0379527807235718,-0.1931569576263427
2088226253.0,-0.5754958391189575,0.4971950948238373,9.906818389892578,3.947985887527466,0.0640740096569061,-0.3699720203876495
2088234586.0,-0.5458253622055054,0.2120560705661773,9.89543342590332,4.017298221588135,-0.2583195567131042,-0.3530665934085846
2088242919.0,-0.4978235363960266,0.632307231426239,9.835719108581545,3.520766258239746,-0.1679012924432754,-0.2020963132381439
2088251252.0,-0.6514812111854553,1.2764619588851929,9.493624687194824,3.7886650562286377,1.1851576566696167,-0.0220026262104511
2088259585.0,-0.3967943489551544,1.2267777919769287,10.197465896606444,3.940122365951538,1.3938113451004028,-0.1665693521499633
2088267918.0,-0.4912242889404297,0.9498809576034546,10.969165802001951,2.741248369216919,1.511073350906372,-0.3036311864852905
2088276251.0,-0.4014759361743927,0.6783531904220581,10.4892578125,1.449932336807251,0.9201530814170836,-0.12812240421772
2088284584.0,-0.5598158240318298,0.7332748174667358,9.839475631713867,2.333879470825196,0.3508253991603851,-0.2102672755718231
2088292917.0,-0.5899969935417175,0.7661814093589783,9.923120498657228,3.066369771957397,0.3722388744354248,-0.2367011755704879
2088301250.0,-0.3179699778556824,0.3041216135025024,10.342474937438965,2.7189383506774902,0.3065895736217499,-0.2639803290367126
2088309583.0,-0.2226163744926452,0.9066410064697266,10.02394962310791,1.967262864112854,0.2675791084766388,-0.4773980975151062
2088317916.0,-0.4879598021507263,0.9042539000511168,9.533817291259766,2.2283997535705566,0.3987752199172973,-0.3583687543869018
2088326249.0,-0.5843846201896667,1.1951329708099363,9.550115585327148,2.5282914638519287,1.3188642263412476,-0.6911232471466064
2088334582.0,-0.3258050084114074,0.8600740432739258,10.09383773803711,2.097075700759888,1.6573306322097778,-0.3876202404499054
2088342915.0,-0.3573634326457977,0.5984925031661987,9.974595069885254,1.4267511367797852,0.6344005465507507,-0.5703520774841309
2088351248.0,-0.1670331954956054,0.6094651222229004,10.192879676818848,1.4468584060668943,0.2763903737068176,-0.6352074146270752
2088359581.0,-0.312042772769928,-0.1907019466161728,10.155928611755373,1.4726264476776123,0.2730093002319336,-0.7068760991096497
2088367914.0,-0.1469474583864212,0.2764607965946197,9.759506225585938,1.9159575700759888,0.5758720636367798,-0.7605634331703186
2088376247.0,-0.6796281337738037,0.3271928429603576,9.829976081848145,2.9232888221740723,1.2342859506607056,-0.6278561353683472
2088384580.0,-0.665724515914917,0.3699122667312622,9.643317222595217,3.095928192138672,2.166387796401977,-0.9186545014381408
2088392913.0,-0.0499550625681877,0.3411383032798767,9.87305736541748,3.253866195678711,2.319509744644165,-0.6823119521141052
2088401246.0,-0.4130949378013611,0.0864591896533966,10.286916732788086,2.6050829887390137,0.9998389482498168,-0.7887647747993469
2088409579.0,-0.4635905921459198,0.6591414213180542,9.716731071472168,2.1401588916778564,0.4580465853214264,-0.8510586619377136
2088417912.0,-0.4188586473464966,0.8080750703811646,9.903631210327148,2.946776866912842,0.8773516416549683,-0.5152302980422974
2088426245.0,-0.310007244348526,0.3650991916656494,9.859546661376951,2.8785150051116943,0.543623685836792,-0.6153563261032104
2088434578.0,0.0204143226146698,0.4245383441448211,9.929057121276855,2.406726360321045,1.214511752128601,-0.4484028220176697
2088442911.0,-0.2598724067211151,0.4733565747737884,10.178768157958984,1.795954704284668,1.1783701181411743,-0.3935627043247223
2088451244.0,-0.7767767310142517,1.1226612329483032,9.949044227600098,2.087188959121704,2.3514764308929443,-0.4068821370601654
2088459577.0,-0.4889359176158905,1.256234049797058,9.714905738830566,2.5499866008758545,2.729542255401612,-0.3541167974472046
2088467910.0,-0.3599581718444824,0.7154631614685059,10.097071647644045,2.5912516117095947,1.85586678981781,-0.5334677696228027
2088476243.0,-0.246572807431221,-0.0065019340254366,10.243335723876951,0.7485631704330444,0.7999197244644165,-0.3402082622051239
2088484576.0,-0.4363091289997101,-0.2397418320178985,9.248868942260742,-0.2686933279037475,0.5518202781677246,-0.1908772587776184
2088492909.0,-0.3474552631378174,0.5650819540023804,9.004439353942871,1.7615039348602295,0.5654983520507812,-0.2996609508991241
2088501242.0,-0.3529721796512604,-0.0969782546162605,10.11411952972412,3.293747663497925,1.2639729976654053,-0.2060665488243103
2088509575.0,-0.4246671795845032,0.01721010543406,9.964271545410156,2.6674022674560547,1.8767932653427124,-0.5780876278877258
2088517908.0,-0.7405827045440674,0.2957900762557983,9.578812599182127,2.723907232284546,2.99324107170105,-0.1869326680898666
2088526241.0,-1.197163701057434,0.165557250380516,9.424934387207031,2.713533639907837,3.9556961059570312,-0.2154925763607025
2088534574.0,-0.9405063390731812,0.0747897773981094,9.919702529907228,3.2693114280700684,3.156224489212036,-0.3147733211517334
2088542907.0,-0.5050984621047974,0.3059145212173462,10.355989456176758,3.300432682037353,1.061825394630432,-0.1704883575439453
2088551240.0,-0.6056279540061951,0.5276495814323425,10.49303913116455,3.2323246002197266,-0.94818776845932,-0.2644926011562347
2088559573.0,-0.8663274645805359,0.3661768734455108,9.692703247070312,2.8468809127807617,-1.6335477828979492,-0.6118472218513489
2088567906.0,-0.3800746202468872,0.3644728064537048,9.034351348876951,3.297230958938598,-0.4150786995887756,-0.4059600234031677
2088576239.0,-0.6431959867477417,0.426308125257492,9.578932762145996,3.402223825454712,1.2460942268371582,0.1014451831579208
2088584572.0,-0.7825208306312561,1.313015341758728,10.221505165100098,3.3391356468200684,2.237774610519409,-0.1373179107904434
2088592905.0,-0.6066343784332275,0.9217628836631776,10.223737716674805,3.4081149101257324,1.9657515287399288,-0.129351869225502
2088601238.0,-1.2174763679504397,0.5297949910163879,10.154924392700195,2.703210830688477,1.503312110900879,-0.3465605676174164
2088609571.0,-0.5136693120002747,0.6031594276428223,10.439888954162598,1.9535847902297967,0.6399332284927368,-0.2327309399843216
2088617904.0,-0.400863766670227,0.0969626605510711,9.870816230773926,1.8349909782409668,-1.0472122430801392,-0.0743068903684616
2088626237.0,-0.104547269642353,0.2564811408519745,9.324471473693848,2.79257869720459,-2.567647218704224,-0.2605223655700683
2088634570.0,-0.4705074727535248,0.1224397867918014,9.665124893188477,3.39815092086792,-1.923270344734192,-0.1728192418813705
2088642903.0,-0.7122566103935242,-0.0128734735772013,9.400834083557127,2.505161762237549,0.1518539786338806,-0.3388251066207886
2088651236.0,-0.445260614156723,0.818202018737793,8.40964412689209,3.507805347442627,2.161726236343384,-0.2572437524795532
2088659569.0,-0.7404289841651917,0.5406792163848877,10.436047554016112,4.1754913330078125,2.802107810974121,-0.0693121179938316
2088667902.0,-0.6728560328483582,-0.1371355652809143,10.63919162750244,2.522169589996338,1.6943689584732056,-0.2841643095016479
2088676235.0,-0.0512232445180416,0.0270566549152135,9.982322692871094,2.8843295574188232,-0.5532675385475159,-0.2477921098470688
2088684568.0,-0.5965266227722168,0.2210040390491485,10.162520408630373,3.794377565383911,-2.035691261291504,-0.2167988717555999
2088692901.0,-0.8177903890609741,1.1085644960403442,9.464638710021973,4.232021808624268,-1.907594561576844,-0.6775733232498169
2088701234.0,-0.4960558116436004,0.921133279800415,9.425933837890623,4.442033767700195,-0.0122692175209522,-0.4928691387176513
2088709567.0,0.066040001809597,1.2384155988693235,9.921428680419922,3.475787878036499,0.9206141233444214,-0.4005810618400574
2088717900.0,0.1373278796672821,0.9854673743247986,9.955992698669434,2.3877205848693848,0.2004698365926742,-0.5314953923225403
2088726233.0,-0.6733716726303101,0.8567348718643188,9.212526321411133,2.092593193054199,0.2378665953874588,-0.6615132093429565
2088734566.0,-0.8821828365325928,0.6893380284309387,9.30324649810791,2.692965507507324,1.745008111000061,-0.4945084154605865
2088742899.0,-0.1052747666835784,0.5186649560928345,10.429584503173828,2.796626329421997,1.8041257858276367,-0.4142334163188934
2088751232.0,0.1188345402479171,1.0297847986221311,10.50346851348877,2.671346664428711,-0.7399440407752991,-0.555957019329071
2088759565.0,-0.2134690880775451,0.7798925042152405,9.77683925628662,2.5759084224700928,-2.053108930587769,-0.7981651425361633
2088767898.0,-0.5834179520606995,0.1803139001131057,9.540146827697754,1.689041018486023,-0.3108799457550049,-0.6906622052192688
2088776231.0,-0.5530197620391846,-0.1141218245029449,9.524518966674805,0.9694091081619264,1.4268537759780884,-0.5469407439231873
2088784564.0,-0.4426899254322052,0.4126540124416351,9.12573528289795,1.9705159664154053,2.635538339614868,-0.2600357234477997
2088792897.0,-0.3575711250305176,0.617829442024231,10.441569328308104,3.663667917251587,2.319843053817749,-0.1928751915693283
2088801230.0,-0.1860988736152649,0.2556060254573822,11.234935760498049,2.7619192600250244,0.6982569098472595,-0.061422936618328
2088809563.0,-0.4302768111228943,-0.0731540620326995,10.12778091430664,1.6644001007080078,-0.5888968110084534,-0.1119085848331451
2088817896.0,-0.6926458477973938,1.0506877899169922,9.298710823059082,2.452678203582764,-0.4462511837482452,-0.5804442167282104
2088826229.0,-0.7502351403236389,0.6304881572723389,10.089481353759766,2.9440362453460693,0.8057342767715454,-0.4360823333263397
2088834562.0,-0.8324875831604004,1.3276134729385376,9.550084114074709,2.9989781379699707,2.264874219894409,-0.3364429175853729
2088842895.0,-0.5209842920303345,1.368383765220642,10.542523384094238,2.721397638320923,2.318357229232788,-0.2151595950126648
2088851228.0,-0.7306628823280334,1.1349129676818848,10.970136642456056,0.9859302639961244,1.3288536071777344,-0.1571177095174789
2088859561.0,-0.8486418724060059,1.075301170349121,10.23870849609375,0.2189888805150985,-0.0858076810836792,-0.5910228490829468
2088867894.0,-0.4531967043876648,0.5812900066375732,9.716673851013184,0.8044533729553223,-0.5895884037017822,-0.4468403160572052
2088876227.0,-0.004834646359086,-0.4171608388423919,10.200027465820312,0.9697421789169312,-1.483960747718811,-0.152379110455513
2088884560.0,-0.444989413022995,-0.2009992450475692,9.339308738708496,0.8135209679603577,-1.799579381942749,-0.6350536942481995
2088892893.0,-0.6174915432929993,-0.0832897201180458,8.634872436523438,1.952765226364136,0.0989349856972694,-0.5746553540229797
2088901226.0,-0.3990709781646728,-0.7477544546127319,9.529988288879396,2.767836093902588,2.101379156112671,-0.1206943020224571
2088909559.0,-0.5226626992225647,-0.5257026553153992,9.84205436706543,2.998594284057617,2.2414119243621826,-0.3156441748142242
2088917892.0,-0.5996729731559753,-0.5937297344207764,9.917667388916016,3.64210057258606,1.843904614448548,-0.0855259299278259
2088926225.0,-1.1623233556747437,-0.3515059649944305,9.972052574157717,4.457991600036621,0.8063233494758606,-0.3183337152004242
2088934558.0,-0.4986011683940887,0.6175786256790161,10.39813995361328,4.87857723236084,0.2039277404546737,-0.0558902658522129
2088942891.0,0.2040746062994003,0.5507106781005859,10.582902908325195,5.05313777923584,-1.838743567466736,0.1805675476789474
2088951224.0,-0.0920981392264366,0.7804994583129883,9.875495910644531,4.724814414978027,-3.833759069442749,-0.4439715147018432
2088959557.0,-0.5059699416160583,0.544348955154419,9.233263969421388,4.149903297424316,-1.5879802703857422,-0.1464878320693969
2088967890.0,-0.9357890486717224,0.2687023282051086,9.055212020874023,3.6155905723571777,2.33362340927124,0.1441441178321838
2088976223.0,-0.5243349075317383,1.3688756227493286,9.527149200439451,4.537216663360596,4.332763195037842,0.144528329372406
2088984556.0,-0.5068778991699219,1.6993786096572876,10.87704086303711,5.399775981903076,3.0974655151367188,-0.0076074283570051
2088992889.0,-1.0153366327285769,0.9297841787338256,11.288667678833008,3.8449649810791016,0.5897548794746399,-0.3514784872531891
2089001222.0,-1.0382721424102783,1.266174554824829,10.228204727172852,1.864959478378296,-0.2215375155210495,-0.1362677216529846
2089009555.0,-0.5604655146598816,1.4974772930145264,9.65016269683838,1.7409610748291016,-1.4838582277297974,0.0378962568938732
2089017888.0,0.2369041293859481,0.8701935410499573,10.2090482711792,1.925357818603516,-3.194299697875977,-0.3760937452316284
2089026221.0,-0.2053073048591613,0.0496396049857139,9.271543502807615,1.1260145902633667,-3.801767110824585,-0.2949990928173065
2089034554.0,-1.0907012224197388,-0.5421926379203796,8.599905967712402,1.1649225950241089,-0.5919449925422668,-0.147128164768219
2089042887.0,-0.7803921699523926,-0.4602186381816864,8.93853759765625,2.090313673019409,3.127382755279541,0.2635064423084259
2089051220.0,-0.58004230260849,-0.0258535128086805,10.260366439819336,3.576733589172364,3.633289813995361,0.3928839862346649
2089059553.0,-0.5953293442726135,0.2926970720291137,10.765771865844728,4.436885356903076,1.0948933362960815,-0.2291449457406997
2089067886.0,-0.5239008069038391,-0.1045060083270073,10.919459342956545,4.204026222229004,-1.4160830974578855,-0.3733274638652801
2089076219.0,-0.1927310079336166,-0.0372925288975238,10.50116729736328,2.7728819847106934,-3.29363226890564,-0.160831794142723
2089084552.0,-0.5849384665489197,0.5198250412940979,9.10286808013916,3.102537155151367,-3.267019033432007,-0.1998422592878341
2089092885.0,-0.3512610495090484,1.5440902709960938,8.883262634277344,4.584167003631592,-1.59164297580719,-0.578318178653717
2089101218.0,-0.4072669446468353,1.2577028274536133,10.48413372039795,4.940307140350342,0.7607811689376831,-0.3440504074096679
2089109551.0,-1.1775662899017334,0.666192889213562,10.745429039001465,2.1875967979431152,2.2113921642303467,-0.5902800559997559
2089117884.0,-0.5493270754814148,1.3567802906036377,10.13376235961914,1.3113592863082886,3.255966663360596,-0.2135458886623382
2089126217.0,-0.514169454574585,0.9731730818748474,10.299107551574709,2.8942418098449707,1.2239633798599243,-0.0957460030913353
2089134550.0,-0.7565947771072388,0.9253015518188475,11.311715126037598,3.0998735427856445,-1.6428714990615845,-0.4397196173667907
2089142883.0,-1.09870707988739,1.012340426445007,10.339035987854004,1.812015056610108,-2.6355767250061035,-0.7601537108421326
2089151216.0,-0.3062591254711151,0.4042348563671112,9.794179916381836,1.4577701091766355,-2.408250331878662,-0.8715243339538574
2089159549.0,0.7503267526626587,0.180077388882637,9.681512832641602,1.6986721754074097,-2.6531994342803955,-0.5691226720809937
2089167882.0,-0.4514188468456268,-0.3705992698669433,9.469026565551758,2.0203869342803955,-1.886411428451538,-0.2434889078140258
2089176215.0,-1.2905932664871216,-0.0010809788946062,8.722646713256836,2.4847984313964844,1.2059309482574463,-0.4665889143943786
2089184548.0,-1.0049790143966677,0.7779470086097717,9.035207748413086,4.296801090240479,4.182663917541504,-0.2911057770252228
2089192881.0,-0.8513306975364685,0.6848412156105042,11.066960334777832,4.501279354095459,2.908099174499512,-0.629546582698822
2089201214.0,-0.3469266295433044,0.7170663475990295,11.123929977416992,2.89278244972229,-0.1240753754973411,-0.4550881385803222
2089209547.0,-0.3038321733474731,0.3950008749961853,9.99283504486084,2.193487882614136,-3.393962860107422,-0.1493053883314132
2089217880.0,-0.2081972658634185,-0.0454635024070739,9.95482063293457,2.014162302017212,-5.237880706787109,0.0655340254306793
2089226213.0,-0.1198511347174644,0.1126521527767181,9.426371574401855,2.234752655029297,-4.159393787384033,0.242118552327156
2089234546.0,0.361701488494873,0.4288949966430664,9.391297340393066,3.226433277130127,-2.984954833984375,0.0312621779739856
2089242879.0,-0.5976993441581726,1.061908721923828,9.420805931091309,3.903109550476074,0.3041561841964721,-0.0817862376570701
2089251212.0,-1.0542670488357544,1.2469104528427124,9.570149421691896,3.621173858642578,4.283865451812744,0.1078743487596511
2089259545.0,-0.9424911141395568,1.4524582624435425,10.570825576782228,2.705157995223999,5.390913009643555,0.1295439898967743
2089267878.0,-0.4286785423755646,1.1314008235931396,11.095735549926758,1.5577425956726074,2.7078983783721924,0.3667062222957611
2089276211.0,-0.2340271174907684,0.5499617457389832,10.67567253112793,1.1457374095916748,-2.0360498428344727,0.1691179871559143
2089284544.0,-0.3343763351440429,0.2589247822761535,9.948060035705566,1.0350841283798218,-5.625091075897217,-0.0901108831167221
2089292877.0,-0.5800467133522034,-0.1517053693532943,9.120146751403809,1.4929640293121338,-5.324507713317871,0.3307181894779205
2089301210.0,0.101514883339405,-0.006723023019731,8.331164360046387,2.215029001235962,-2.9620039463043213,0.1743688732385635
2089309543.0,-0.2790463268756866,0.6219585537910461,8.415772438049316,3.903468608856201,-0.3919490277767181,0.1877395361661911
2089317876.0,-1.381552815437317,1.0406343936920166,9.433477401733398,3.720993280410767,2.758307456970215,-0.037115029990673
2089326209.0,-0.8482421636581421,1.2250161170959473,10.40036678314209,2.655158758163452,4.877193927764893,-0.0847831293940544
2089334542.0,-0.4831651449203491,0.6170501112937927,10.836980819702148,2.191157102584839,2.601804494857788,0.0715533792972564
2089342875.0,-0.3868818879127502,0.5560659170150757,11.07565212249756,1.80650794506073,-1.650658130645752,0.0680442228913307
2089351208.0,-0.6131256222724915,0.7326517105102539,9.870176315307615,2.167976140975952,-5.056148052215576,-0.2095244526863098
2089359541.0,-0.1140205785632133,0.9228521585464478,9.820611953735352,2.4668431282043457,-5.534314632415772,-0.2396980226039886
2089367874.0,0.1621979773044586,0.9501368403434752,9.897101402282717,2.0082714557647705,-4.102017402648926,-0.0848087295889854
2089376207.0,-0.1899223178625106,-0.3102200329303741,9.583571434020996,0.9843935370445251,-1.4326810836791992,-0.1070418953895568
2089384540.0,-0.2302125543355941,0.188871681690216,8.747495651245117,1.100502848625183,2.29568862915039,0.1402251273393631
2089392873.0,-0.2806220948696136,0.2569946348667145,9.566239356994627,3.0784597396850586,3.9218339920043945,0.3623262047767639
2089401206.0,-0.501822292804718,0.7851616144180298,10.667598724365234,3.631086587905884,2.6281614303588867,-0.243924394249916
2089409539.0,-0.249310091137886,0.9398270845413208,11.211809158325195,3.2452850341796875,0.5725677609443665,-0.4078042209148407
2089417872.0,-0.4155652225017547,-0.0614715404808521,10.295424461364746,1.6832265853881836,-1.5246360301971436,-0.2057079076766967
2089426205.0,-0.5953841805458069,0.0302191078662872,9.187204360961914,1.468092679977417,-1.682803988456726,-0.0252300221472978
2089434538.0,-0.406223326921463,0.1471996903419494,9.358759880065918,2.449476718902588,-0.9728798866271972,0.0604111701250076
2089442871.0,-0.429984837770462,0.2089875340461731,9.51795482635498,2.9693174362182617,-0.9322556257247924,-0.3138512074947357
2089451204.0,0.0385962091386318,0.0792237296700477,9.643858909606934,3.419308423995972,-0.0002049139002338,-0.1209504306316375
2089459537.0,-0.8667680621147156,-0.6427165269851685,9.656039237976074,2.7067971229553223,0.9442559480667114,0.3836884498596191
2089467870.0,-1.4720433950424194,0.2210728824138641,9.459415435791016,2.431495189666748,2.308828830718994,0.2845357060432434
2089476203.0,-0.6336519122123718,0.6989532113075256,10.228364944458008,3.734977960586548,2.3589816093444824,0.2414269596338272
2089484536.0,-0.3872396945953369,0.8831040263175964,11.067020416259766,4.589033603668213,-0.8180418014526367,-0.3154649138450622
2089492869.0,-0.0346993207931518,1.1110905408859253,11.571771621704102,3.304915189743042,-3.4177072048187256,-0.352477490901947
2089501202.0,-0.8580161333084106,0.9364760518074036,9.7803955078125,2.0296075344085693,-3.5634007453918457,-0.2017376869916916
2089509535.0,-0.5134474635124207,1.0477842092514038,8.867973327636719,2.229783296585083,-1.2161896228790283,-0.176840677857399
2089517868.0,-0.1901405304670334,0.1877860128879547,9.239319801330566,2.5404326915740967,0.7419547438621521,0.1867405921220779
2089526201.0,-0.4846732914447784,0.1022255793213844,9.762299537658691,2.4689176082611084,0.8080906867980957,-0.257448673248291
2089534534.0,-0.0030078431591391,-0.0007343258475884,10.184453964233398,2.6539292335510254,0.7976145148277283,0.1108968257904052
2089542867.0,-0.4655206799507141,-0.0017199022695422,10.295679092407228,2.840528964996338,-0.2247649133205413,0.3425007164478302
2089551200.0,-0.5203379392623901,1.138344645500183,10.264534950256348,3.448047637939453,-0.9593299627304076,0.0292386524379253
2089559533.0,-1.3461061716079712,0.8292919397354126,9.906990051269531,3.552476644515991,-0.3112897872924804,-0.19717837870121
2089567866.0,-0.436318039894104,0.551900327205658,10.370718955993652,2.644759178161621,0.5912661552429199,-0.1172363460063934
2089576199.0,0.4064481556415558,0.3293250799179077,10.235148429870604,2.17171573638916,-0.6420720219612122,0.2860982120037079
2089584532.0,-0.4402708113193512,0.6026821732521057,10.045795440673828,2.2096760272979736,-2.365551471710205,0.2175032943487167
2089592865.0,-0.2662698924541473,0.4902627766132355,9.284278869628906,2.54752779006958,-1.859286189079285,0.3662707805633545
2089601198.0,0.1212301924824714,-0.4211294949054718,8.862472534179688,3.051487922668457,-1.0050514936447144,0.3979299366474151
2089609531.0,0.2890732288360595,-0.4480396509170532,9.823211669921877,2.89129638671875,-0.9019796252250672,0.5150126218795776
2089617864.0,-0.6689472794532776,0.5059662461280823,9.64676284790039,2.9566383361816406,0.5962353944778442,0.1997782438993454
2089626197.0,-0.3154210746288299,0.7292802929878235,9.511741638183594,3.8768296241760254,1.991929531097412,0.019658925011754
2089634530.0,-0.21156607568264,0.6165152788162231,10.02442741394043,4.788107395172119,2.3171279430389404,0.4368124008178711
2089642863.0,-0.3781833350658417,-0.0564416013658046,10.944350242614746,3.3596012592315674,1.0998623371124268,0.5828135013580322
2089651196.0,-0.5755193829536438,0.4731303453445434,10.076111793518066,2.15094256401062,-0.0852697864174842,0.2196036279201507
2089659529.0,-0.0298138577491045,1.0556864738464355,10.049378395080566,3.3697187900543213,-0.799855649471283,0.4278473556041717
2089667862.0,-0.1650350391864776,1.0013583898544312,10.462933540344238,3.878571748733521,-1.720790147781372,0.0503447838127613
2089676195.0,-0.0833472236990928,0.8686014413833618,10.39715576171875,3.2182366847991943,-0.8232415318489075,-0.0224380698055028
2089684528.0,-0.3127544820308685,0.6616260409355164,9.97299575805664,1.9562232494354248,1.3157905340194702,0.4889116585254669
2089692861.0,-0.5223798155784607,1.5756498575210571,9.706280708312988,2.220100879669189,3.3740477561950684,0.4022843539714813
2089701194.0,-0.1780146062374115,1.1346372365951538,10.413253784179688,2.8977510929107666,3.4000461101531982,0.1460395753383636
2089709527.0,-0.5580539107322693,0.6281062364578247,10.482501983642578,2.55393123626709,1.9022793769836424,-0.2952809035778045
2089717860.0,-0.5457301735877991,0.1918674707412719,10.166279792785645,1.6032079458236694,1.1013481616973877,-0.0695170387625694
2089726193.0,-0.5687844157218933,0.0554802455008029,9.686769485473633,1.4987530708312988,0.8326804041862488,0.2860982120037079
2089734526.0,-0.2885020077228546,0.857868492603302,9.356547355651855,2.653391599655152,-0.1426969021558761,-0.102200798690319
2089742859.0,0.0067475689575076,0.628014326095581,10.05516242980957,3.753881454467773,-0.7996762990951538,0.075677253305912
2089751192.0,-0.5011439323425293,0.4191590845584869,9.895928382873535,2.904897689819336,-0.6266266703605652,-0.6245518922805786
2089759525.0,-0.6268662214279175,0.6204606890678406,9.177139282226562,2.3036036491394043,2.2028884887695312,-0.3475596010684967
2089767858.0,0.0970734059810638,0.0451109446585178,9.65721035003662,2.569940090179444,3.637900114059448,0.2257766872644424
2089776191.0,-0.0334052182734012,0.6796663403511047,9.645461082458496,3.7389228343963614,2.224071502685547,-0.0674935132265091
2089784524.0,-0.2654228508472442,0.1167187392711639,10.624871253967283,4.301206588745117,0.9987375140190125,0.1365366876125335
2089792857.0,-0.8312166929244995,-0.1618120074272155,9.343587875366213,3.315340518951416,0.7482559084892273,-0.1808108985424041
2089801190.0,-0.8266083598136902,0.7462570667266846,9.21254539489746,3.950650215148926,1.9683644771575928,-0.1093215644359588
2089809523.0,-0.4707147777080536,1.3607292175292969,10.25771141052246,3.928058385848999,2.048229694366455,0.0760614797472953
2089817856.0,-0.3833090364933014,1.5672664642333984,10.40105152130127,3.849627494812012,1.0912816524505615,-0.3134157955646515
2089826189.0,0.2978974878787994,1.4715791940689087,10.591620445251465,2.7439119815826416,0.1253432631492614,-0.1361908912658691
2089834522.0,-0.3185661733150482,1.1434248685836792,10.10103702545166,1.3037261962890625,0.0086448043584823,0.0392025858163833
2089842855.0,-1.1118288040161133,0.8571861386299133,9.59054183959961,0.6521000266075134,1.763553023338318,-0.0895729884505271
2089851188.0,-1.1599526405334473,0.8620762228965759,8.634223937988281,1.448344349861145,4.195266246795654,-0.0900084301829338
2089859521.0,-0.5574344992637634,0.6315971612930298,9.898754119873049,2.9832510948181152,4.239398956298828,-0.0958484560251236
2089867854.0,-0.1103863790631294,0.6629639863967896,11.268905639648438,1.7552282810211182,1.438047170639038,0.1458346247673034
2089876187.0,-0.8680118918418884,0.1554097831249237,9.922697067260742,0.0347969345748424,-1.131688117980957,-0.0366027429699897
2089884520.0,-0.1544730961322784,0.3142396211624145,8.910282135009766,0.7142913341522217,-1.785004734992981,-0.1989457458257675
2089892853.0,-0.7510979771614075,-0.1843484789133072,9.352314949035645,1.6860185861587524,-1.1523075103759766,-0.0322995483875274
2089901186.0,-1.0113232135772705,1.063319206237793,9.511736869812012,1.6818180084228516,1.0600581169128418,-0.5059580206871033
2089909519.0,-1.1416853666305542,2.37619686126709,9.277183532714844,2.942960500717163,4.06427526473999,-0.5786256194114685
2089917852.0,-0.4386275112628937,1.92786967754364,11.061110496520996,2.576523303985596,3.96379017829895,-0.6031384468078613
2089926185.0,-0.8296268582344055,1.280662178993225,11.596022605895996,-0.329399049282074,2.1883649826049805,-0.2638522386550903
2089934518.0,-0.6130946278572083,0.8543828129768372,10.633622169494627,-2.475949048995972,-0.1389828473329544,-0.0233345702290534
2089942851.0,-0.6343836784362793,0.4368452429771423,9.023863792419434,-1.0040522813796997,-1.884746551513672,-0.2890053987503052
2089951184.0,0.4050112962722778,-0.6888262033462524,9.726545333862305,0.7481789588928223,-3.748130798339844,-0.0792504400014877
2089959517.0,-0.3084318041801452,-1.3142485618591309,9.14255714416504,0.3903993666172027,-3.6030521392822266,-0.3136975467205047
2089967850.0,-0.136061429977417,-0.5469421148300171,8.226061820983887,1.0621325969696045,-0.897189736366272,-0.1996373385190963
2089976183.0,-0.0524786710739135,-0.0076497178524732,8.391324043273926,2.91752552986145,2.12207555770874,0.0475784428417682
2089984516.0,-1.2095710039138794,0.3901435136795044,9.722159385681152,3.2485382556915283,4.259071350097656,-0.2389808297157287
2089992849.0,-0.8687427639961243,0.7968486547470093,10.368135452270508,2.441536426544189,5.174242973327637,0.0251659881323575
2090001182.0,-0.69537353515625,0.6732747554779053,10.915131568908691,1.9120899438858032,2.7921950817108154,-0.1080152317881584
2090009515.0,-0.2532019913196563,0.5505455136299133,11.267765045166016,1.2905092239379885,-1.2175981998443604,-0.1256634443998336
2090017848.0,-0.3101156949996948,0.3279659748077392,10.402585983276367,0.7184151411056519,-3.872462034225464,0.1130484119057655
2090026181.0,0.2754542231559753,0.27983358502388,9.618364334106444,1.3899694681167605,-4.615198612213135,-0.0471558086574077
2090034514.0,0.6544550061225891,-0.1093391776084899,9.569890022277832,1.8264613151550293,-3.521111965179444,0.2132257223129272
2090042847.0,0.0076034720987081,0.2695548832416534,8.982433319091797,1.5430655479431152,-0.5356448292732239,0.0571069382131099
2090051180.0,-0.3450854122638702,0.3501148521900177,9.16606330871582,1.9954899549484253,3.98691987991333,-0.0543790236115455
2090059513.0,-0.7815977334976196,0.3088588714599609,9.601226806640623,2.10778284072876,7.171794414520264,0.0455805324018001
2090067846.0,-1.158943772315979,0.5697407126426697,10.679981231689451,2.512385368347168,7.53170108795166,0.094785489141941
2090076179.0,-0.5723407864570618,0.63325035572052,11.529552459716797,2.2385175228118896,4.601456165313721,0.2767490148544311
2090084512.0,-0.7723962068557739,0.7612094879150391,11.082472801208496,2.452293872833252,-0.1144956201314926,-0.0777648165822029
2090092845.0,0.0251401849091053,-0.0923101902008056,10.400620460510254,1.9529447555541992,-4.072048664093018,-0.3943824172019958
2090101178.0,0.1683419495820999,-0.6870467662811279,9.154032707214355,1.5098695755004885,-4.897646903991699,0.001191062037833
2090109511.0,-0.7404751181602478,-0.2186771035194397,8.268322944641113,2.2065768241882324,-2.486732721328736,-0.0249738823622465
2090117844.0,-0.8632748126983643,0.6196813583374023,8.534788131713867,3.6087257862091056,2.8476755619049072,0.201673686504364
2090126177.0,-1.3374531269073486,1.179522156715393,9.873493194580078,4.767744541168213,6.351268291473389,-0.2550153732299804
2090134510.0,-0.7077184319496155,1.7405691146850586,11.468186378479004,3.870503425598145,6.856791019439697,-0.3792188167572021
2090142843.0,-0.1415739357471466,1.3936724662780762,11.844501495361328,2.089186668395996,3.6735293865203857,-0.2801429033279419
2090151176.0,-0.0767213925719261,1.0738420486450195,10.977890014648438,0.7332714796066284,-1.4196176528930664,-0.4503494799137115
2090159509.0,-0.0607238374650478,0.6552214622497559,9.651366233825684,0.3080240190029144,-4.443250179290772,-0.317949503660202
2090167842.0,-0.6115394234657288,0.0189917329698801,8.537370681762695,0.806553840637207,-3.705611228942871,-0.5907922983169556
2090176175.0,-0.1271059513092041,-0.8382202386856079,8.427530288696289,1.1877448558807373,-0.5945832133293152,-0.2673357725143432
2090184508.0,-0.570458710193634,-0.3953794240951538,8.098376274108887,2.5409703254699707,2.776672840118408,-0.2297852784395218
2090192841.0,-0.7853614687919617,0.2822979092597961,9.120182991027832,4.045601844787598,4.983697414398193,-0.3414633572101593
2090201174.0,-1.0104098320007324,0.5757154226303101,10.387773513793944,4.284173488616943,5.496700286865234,-0.1539671719074249
2090209507.0,-0.9680787324905396,0.2548227608203888,11.153639793395996,2.80305552482605,3.2694907188415527,-0.416487455368042
2090217840.0,0.090841107070446,0.207418143749237,10.472227096557615,1.581358790397644,-0.2314502149820327,-0.2407737970352172
2090226173.0,0.2568806111812591,-0.0507348142564296,9.649738311767578,2.55856728553772,-4.569399833679199,-0.4757075309753418
2090234506.0,0.1150519549846649,0.6215812563896179,9.789745330810549,3.117085695266724,-4.8011579513549805,-0.2337298989295959
2090242839.0,-0.4686477184295654,0.6874854564666748,9.674617767333984,2.7067456245422363,-1.7238892316818235,0.0502935498952865
2090251172.0,-0.2279019355773925,1.4138323068618774,9.081063270568848,2.741683959960937,2.3095972537994385,-0.1686697453260421
2090259505.0,-0.3031262457370758,1.2921721935272217,9.66446018218994,3.015397310256958,5.863699436187744,0.1333349049091339
2090267838.0,-0.4356544911861419,0.5764891505241394,10.459964752197266,1.7655508518218994,5.947817802429199,0.097270056605339
2090276171.0,-1.0701584815979004,1.3279229402542114,10.172226905822754,0.8302982449531555,4.710393905639648,-0.0860894471406936
2090284504.0,-0.2911938428878784,1.1376240253448486,10.87374210357666,1.0392848253250122,2.037061929702759,0.2639419138431549
2090292837.0,-0.9363756775856018,0.6937921047210693,10.428608894348145,1.054064154624939,-1.4052225351333618,-0.0410596169531345
2090301170.0,-0.668830931186676,0.4553829431533813,9.71100902557373,0.4663455188274383,-2.41037654876709,-0.1882134079933166
2090309503.0,-0.2536827325820923,-0.2910634875297546,8.711254119873047,0.0616662688553333,-1.505732774734497,-0.0885996297001838
2090317836.0,-0.1300029158592224,0.2276535332202911,8.57895565032959,0.7385479807853699,-0.1960769593715667,-0.3316018581390381
2090326169.0,-0.1457655578851699,0.0004959474899806,9.6174955368042,1.7239278554916382,1.674466609954834,-0.048513364046812
2090334502.0,-1.0967540740966797,-0.5107195973396301,9.524590492248535,1.8069177865982056,3.1947739124298096,-0.2011741995811462
2090342835.0,-0.447761982679367,-0.3762305378913879,9.26025104522705,2.5199413299560547,4.207355976104736,-0.0220282431691885
2090351168.0,-0.3899552822113037,-0.1607404947280883,9.94489574432373,3.840611219406128,2.439333438873291,-0.0245384350419044
2090359501.0,-1.0243922472000122,0.494944155216217,10.6066255569458,3.5928704738616943,0.2541060149669647,-0.5945063829421997
2090367834.0,-0.9224070310592652,0.6872121691703796,9.966002464294434,3.1036384105682373,-0.2617518603801727,-0.5724781155586243
2090376167.0,-0.4605694115161896,0.5706291198730469,9.58478546142578,2.92503023147583,-0.824317216873169,-0.5994499325752258
2090384500.0,-0.1445084363222122,0.907393753528595,10.193514823913574,2.530493974685669,-0.852083146572113,-0.2769667208194732
2090392833.0,-0.602149248123169,0.9849618077278136,9.760870933532717,1.817624568939209,-0.2853169739246368,-0.4729411900043487
2090401166.0,-0.4315102994441986,0.7292295098304749,9.117692947387695,2.1347031593322754,0.8495857119560242,-0.4962245523929596
2090409499.0,-0.1550625413656234,0.3718658983707428,10.116950035095217,2.0651094913482666,2.000356674194336,0.1585136950016021
2090417832.0,-0.4864434003829956,0.1998718976974487,10.673235893249512,0.9720730781555176,0.8745852708816528,-0.0559671036899089
2090426165.0,-0.8219689726829529,1.1201566457748413,10.01018238067627,0.8906453251838684,0.8267378211021423,-0.4665632843971252
2090434498.0,-0.0730985477566719,0.5486332774162292,9.651914596557615,1.657433032989502,0.4849158525466919,-0.2742003798484802
2090442831.0,0.8752310276031494,-0.301494836807251,9.887580871582031,1.8979763984680176,-1.3168532848358154,-0.3810116946697235
2090451164.0,0.43267422914505,-0.777380645275116,9.963785171508787,0.911111056804657,-2.250850915908813,0.0986532196402549
2090459497.0,-0.7866054177284241,-0.8463102579116821,8.557619094848633,0.6319159865379333,0.2444750517606735,0.1429146230220794
2090467830.0,-1.3651859760284424,0.210879698395729,7.487242221832275,3.396409034729004,4.421388626098633,-0.140852689743042
2090476163.0,-0.7958053350448608,0.5024577975273132,10.391589164733888,5.799023628234863,6.23994779586792,-0.1738694161176681
2090484496.0,-0.931712806224823,0.2887250483036041,11.739699363708496,3.911767721176148,4.408888816833496,-0.4319328665733337
2090492829.0,0.5241733193397522,0.9167662858963012,11.267860412597656,1.9547632932662964,0.9329858422279358,-0.0927235335111618
2090501162.0,0.1992269605398178,1.1695271730422974,10.590290069580078,2.2639522552490234,-3.307309627532959,-0.2236890792846679
2090509495.0,0.0161248259246349,0.8175365328788757,10.461655616760254,2.162776470184326,-4.153885841369629,-0.548810601234436
2090517828.0,-0.0266261883080005,-0.2324870079755783,9.303878784179688,1.543962001800537,-1.287858247756958,-0.3259667456150055
2090526161.0,-0.2249754667282104,0.2273436039686203,8.510766983032227,2.683436393737793,2.7640955448150635,-0.3994283080101013
2090534494.0,-0.4721081554889679,0.1801770031452179,9.171086311340332,3.8450677394866943,6.52193546295166,0.0149971358478069
2090542827.0,-0.6330536007881165,0.4967927932739258,9.30095100402832,4.354663372039795,7.0611653327941895,-0.2295035421848297
2090551160.0,-1.132107496261597,0.5827025771141052,9.895902633666992,4.475178241729736,5.516141414642334,-0.5575451254844666
2090559493.0,-1.381288766860962,-0.0287935324013233,10.469470024108888,2.705490827560425,3.7348499298095694,-0.2075009196996688
2090567826.0,-0.7753121256828308,0.4666123986244201,9.612272262573242,1.951125979423523,0.5837611556053162,-0.4966343641281128
2090576159.0,-0.2072493731975555,1.3589534759521484,10.868669509887695,3.173590898513794,-2.633143186569214,-0.3826766908168793
2090584492.0,-0.9207391738891602,1.14967143535614,10.909746170043944,2.5705039501190186,-3.818826675415039,-0.522197425365448
2090592825.0,-0.015572509728372,0.6370601654052734,9.58473014831543,2.36028790473938,-1.8602594137191768,-0.5098513960838318
2090601158.0,0.7798492312431335,0.0582848154008388,9.783971786499023,2.3398733139038086,0.0252428296953439,0.0887149050831794
2090609491.0,0.0203598979860544,0.0966615453362464,9.227093696594238,1.6210607290267944,1.6223927736282349,0.3212921619415283
2090617824.0,-0.4324208796024322,0.210160806775093,8.189773559570312,2.6986262798309326,4.021396636962891,0.2559758722782135
2090626157.0,-0.9138681888580322,-0.1363499164581298,9.177868843078612,3.591768503189087,5.494471073150635,0.2648383975028991
2090634490.0,-0.6536898612976074,-0.2617300152778625,10.549809455871582,2.877516031265259,4.914231777191162,0.4164746701717376
2090642823.0,-0.9268693923950196,-0.2712636590003967,10.581396102905272,2.544197797775269,2.5836434364318848,0.3814343512058258
2090651156.0,-0.9662272334098816,0.5675871968269348,10.19105339050293,3.6255288124084473,-0.065931037068367,0.0352067686617374
2090659489.0,-0.1194393336772918,0.45330610871315,10.63893985748291,4.640031814575195,-1.399203181266785,0.1764180660247802
2090667822.0,0.4971713721752167,0.0416425615549087,10.501383781433104,3.987047910690308,-2.789620876312256,0.2629173398017883
2090676155.0,0.3695077896118164,0.3455971777439117,9.633382797241213,3.286216735839844,-2.1371490955352783,0.3409638702869415
2090684488.0,-0.5636934041976929,0.5486382842063904,8.141237258911133,3.925240993499756,1.4833589792251587,0.2780297398567199
2090692821.0,-0.717038631439209,0.836899995803833,9.064641952514648,5.313814640045166,5.709862232208252,0.2691672146320343
2090701154.0,-0.5520903468132019,1.6000854969024658,10.877967834472656,4.535423278808594,7.387209892272949,0.4345583319664001
2090709487.0,-0.5251197218894958,1.963949918746948,11.100506782531738,3.4689488410949707,5.2582316398620605,-0.0088112978264689
2090717820.0,-0.500932514667511,1.2045392990112305,10.820533752441406,2.5327484607696533,2.390820264816284,0.0578241422772407
2090726153.0,-0.2057948261499405,0.0220667403191328,10.61981201171875,0.764853835105896,-0.4338794946670532,0.692852258682251
2090734486.0,-0.7586804628372192,0.3112558424472809,9.741756439208984,0.6573765277862549,-1.4823468923568726,0.3164510130882263
2090742819.0,-0.7212812304496765,0.8070141077041626,9.169297218322754,2.136547327041626,-0.6174567937850952,0.1349742114543914
2090751152.0,-0.5686715841293335,0.4435777068138122,9.107876777648926,3.6339035034179688,1.5150434970855713,0.0277017895132303
2090759485.0,-0.4342955648899078,-0.001633383333683,9.423553466796877,3.2455413341522217,3.430015087127685,0.2197317332029342
2090767818.0,-0.1698260456323623,-0.6912487149238586,9.539813041687012,1.7152446508407593,3.794812917709351,0.658734142780304
2090776151.0,-1.1040176153182983,-0.1969310343265533,9.346851348876951,1.8183673620224,2.5025746822357178,0.1687081754207611
2090784484.0,-1.2039556503295898,0.4184428453445434,10.143138885498049,3.344540596008301,2.531723737716675,0.2924761474132538
2090792817.0,-1.2707650661468506,0.5915261507034302,10.455814361572266,4.523512840270996,1.7536146640777588,-0.0375248566269874
2090801150.0,-0.7619580030441284,1.0289709568023682,10.633111000061035,4.354432582855225,0.0835920572280883,-0.4601085484027862
2090809483.0,-0.8327222466468811,1.0839682817459106,9.639519691467283,3.661618709564209,-0.7747793793678284,-0.3850587904453277
2090817816.0,-0.5916290283203125,0.4384527504444122,9.709884643554688,2.5231175422668457,-0.6580809354782104,-0.2315014749765396
2090826149.0,0.183651328086853,0.3908405303955078,9.675228118896484,1.7408841848373413,-0.6977829933166504,0.0996265709400177
2090834482.0,-0.0513171106576919,0.1282563060522079,9.653679847717283,2.246535062789917,-1.463955998420715,0.0278554819524288
2090842815.0,-0.2493987679481506,0.3942297399044037,9.40774631500244,3.0964150428771973,-0.3546546995639801,-0.0895473659038543
2090851148.0,-0.2051206529140472,0.4037795066833496,9.177249908447266,4.098957061767578,1.1954805850982666,-0.1134710684418678
2090859481.0,-0.1307201087474823,0.2180192172527313,9.926474571228027,3.8425838947296143,2.4487085342407227,0.0212726220488548
2090867814.0,-0.135973647236824,0.4419147074222564,10.39792251586914,2.715864419937134,2.588561773300171,0.1149438843131065
2090876147.0,-0.7823975086212158,1.1424973011016846,9.714823722839355,2.7474725246429443,2.0160579681396484,-0.1760978549718856
2090884480.0,-0.7460887432098389,1.2378405332565308,10.075828552246094,3.623504638671875,2.028865098953247,-0.3491476476192474
2090892813.0,0.2995107173919678,0.1839562803506851,10.361857414245604,3.1142940521240234,0.8978942036628723,0.1375868618488311
2090901146.0,0.3489004075527191,0.3259339928627014,9.696911811828612,2.381317138671875,-1.3421603441238403,0.1579757928848266
2090909479.0,0.0280498657375574,1.077054738998413,9.408645629882812,2.8997747898101807,-1.3288922309875488,0.0602318756282329
2090917812.0,-0.6766369342803955,0.497826874256134,9.292438507080078,2.693273067474365,0.9145946502685548,0.0656108558177948
2090926145.0,-0.681877851486206,0.8667572736740112,9.103890419006348,2.3249659538269043,4.336503028869629,0.3692420423030853
2090934478.0,-0.6531214714050293,0.7342965602874756,9.76018238067627,2.5268571376800537,5.675384998321533,0.5350430011749268
2090942811.0,-0.8421517610549927,0.9669930934906006,10.607748031616213,2.467611312866211,4.596000671386719,0.0555956996977329
2090951144.0,-0.8400258421897888,1.2717732191085815,10.91299057006836,1.8205188512802124,2.68143892288208,0.2666825950145721
2090959477.0,-0.3436440229415893,1.3169599771499634,10.987116813659668,1.0715843439102173,-0.0112958792597055,0.4560486972332001
2090967810.0,0.1958798319101333,1.2645015716552734,10.073929786682127,0.520878255367279,-2.7115228176116943,0.3915776312351227
2090976143.0,-0.1342666000127792,0.3763262927532196,9.52544403076172,0.5677779316902161,-2.9738640785217285,0.3995436728000641
2090984476.0,-0.2853701114654541,-0.6886401176452637,9.028505325317385,-0.2901837229728699,-0.1924653798341751,0.3757224380970001
2090992809.0,-0.4894092679023742,0.1842514276504516,8.346390724182129,1.0172052383422852,3.4645683765411377,0.845513105392456
2091001142.0,-1.1136237382888794,1.414516568183899,10.037888526916504,3.2707204818725586,6.096790313720703,0.3349445760250091
2091009475.0,-1.3479729890823364,2.203088760375977,10.279027938842772,3.749066114425659,6.290920734405518,-0.2965104281902313
2091017808.0,-0.6270548701286316,1.342338800430298,10.9509859085083,2.6276235580444336,4.727632522583008,-0.1001772806048393
2091026141.0,-0.8281490206718445,0.6779536008834839,10.43679904937744,0.0134346652776002,1.284822702407837,0.2424259036779403
2091034474.0,-0.3628528714179992,-0.1898782700300216,9.79590892791748,-1.5602912902832031,-1.8237593173980715,0.3853021264076233
2091042807.0,-0.3275555372238159,-1.2551462650299072,8.665168762207031,-0.5100562572479248,-4.327806949615479,0.470443844795227
2091051140.0,-1.349471092224121,-0.7455365061759949,8.169550895690918,1.5400683879852295,-3.394090414047241,-0.0155734531581401
2091059473.0,-1.0886890888214111,0.0676248744130134,8.985310554504395,3.558034896850586,0.6067883968353271,0.2101519852876663
2091067806.0,-0.6098088622093201,0.0839220583438873,10.565584182739258,4.240270137786865,3.2283287048339844,-0.0309932269155979
2091076139.0,0.0959434136748313,0.3275105059146881,10.97066593170166,3.305248022079468,3.280043601989746,0.3709069788455963
2091084472.0,-0.0105659337714314,-0.7454133629798889,10.780479431152344,2.307189464569092,1.440224528312683,0.8964855074882507
2091092805.0,-0.4447207450866699,-0.6668819785118103,9.641196250915527,2.408083915710449,-0.7935547232627869,0.726996123790741
2091101138.0,-0.3568337857723236,-0.6416676640510559,9.266217231750488,3.7559561729431152,-1.5124181509017944,0.9583181142807008
2091109471.0,0.1108909472823143,-0.8269852995872498,9.208877563476562,4.8546528816223145,-1.728243708610535,0.9397479295730592
2091117804.0,-0.2715082168579101,-0.2181737869977951,9.035468101501465,5.523824691772461,-0.8326931595802307,0.7036101818084717
2091126137.0,-1.1554768085479736,-0.2311722934246063,9.502004623413086,4.959927558898926,2.142848491668701,0.9507876634597778
2091134470.0,-1.2851654291152954,0.477942407131195,9.314291000366213,4.244650363922119,4.903831958770752,0.623847484588623
2091142803.0,-0.3499577939510345,0.9631235599517822,10.345086097717283,5.535838127136231,4.0797200202941895,0.5872703194618225
2091151136.0,-0.3974660038948059,0.6301499009132385,11.614424705505373,5.333024978637695,0.3402210772037506,0.4481082856655121
2091159469.0,-0.4483783841133117,0.6868892908096313,11.227099418640137,3.526247978210449,-2.2364559173583984,0.6751784682273865
2091167802.0,-0.3096455931663513,0.6733367443084717,9.671393394470217,2.919267177581787,-3.091536045074463,0.6261783838272095
2091176135.0,-0.268884003162384,1.7125450372695925,9.26490592956543,3.868453979492188,-2.277771711349488,0.1591796875
2091184468.0,-0.099807396531105,1.533137559890747,10.341449737548828,3.9497790336608887,-0.0570941269397735,0.2378665953874588
2091192801.0,-0.3475101888179779,0.8801326751708984,9.7618408203125,2.406777620315552,1.6087660789489746,-0.0244359821081161
2091201134.0,-0.72467440366745,1.227974772453308,8.92176628112793,2.19971227645874,3.847578287124634,0.4270021319389343
2091209467.0,-1.066634178161621,0.1962455362081527,9.932891845703123,1.867367386817932,4.7266845703125,0.7733321785926819
2091217800.0,-0.9955859780311584,-0.0997970551252365,9.979443550109863,1.223476767539978,2.499014377593994,0.0877671763300895
2091226133.0,-0.6347739696502686,0.0777167081832885,9.44275951385498,2.04008412361145,-0.4669730961322784,0.0215031504631042
2091234466.0,-0.109081856906414,0.2097247391939163,10.280389785766602,3.375328779220581,-3.266404628753662,0.0151252076029777
2091242799.0,-0.0746646076440811,0.0679190307855606,10.663721084594728,2.81932020187378,-4.725109577178955,0.1455016732215881
2091251132.0,0.3377684950828552,-0.8468722105026245,9.37282371520996,1.959245562553405,-3.6160640716552734,0.6792511343955994
2091259465.0,0.4990879595279693,-0.8997615575790405,8.20405101776123,3.090754747390747,-1.3035852909088137,0.7234613299369812
2091267798.0,-0.0644347891211509,-0.2125986814498901,8.66658878326416,5.291632652282715,1.5936537981033323,0.5860152840614319
2091276131.0,-0.5050646662712097,0.4450793862342834,9.788163185119627,6.32135009765625,3.87782883644104,0.3091253936290741
2091284464.0,-1.0763307809829712,1.0457713603973389,10.06131362915039,6.537687301635742,5.540371417999268,-0.0526372492313385
2091292797.0,-0.8265116214752197,1.3469518423080444,10.865277290344238,5.948661804199219,5.615190982818604,0.1205277740955352
2091301130.0,-0.5838164687156677,1.274926781654358,11.046436309814451,4.645640850067139,2.9630162715911865,0.250878632068634
2091309463.0,0.2591913640499115,0.6586368680000305,10.54128074645996,3.630753517150879,-1.3590656518936155,0.3377877175807953
2091317796.0,0.5477378368377686,-0.0654919743537902,9.994544982910156,3.2251017093658447,-5.173871040344238,0.4038980603218078
2091326129.0,-0.3647701740264892,-0.2280166447162628,9.08444595336914,3.3881616592407227,-5.172129154205322,0.1148670390248298
2091334462.0,-0.740881621837616,0.0824220180511474,8.423234939575195,4.1665778160095215,-0.2438987493515014,0.1730882078409195
2091342795.0,-0.6887900829315186,0.8739134669303894,9.025503158569336,5.684990406036377,5.143505096435547,0.1627400517463684
2091351128.0,0.127614751458168,0.979995608329773,10.732897758483888,6.072713851928711,6.921159744262695,0.2601766288280487
2091359461.0,-0.2914987802505493,0.3107874691486358,11.28683090209961,4.6327314376831055,4.874427795410156,0.3662195801734924
2091367794.0,-0.936298966407776,0.0616280436515808,10.704391479492188,3.0703911781311035,2.89447283744812,0.5483623743057251
2091376127.0,-0.5935251116752625,0.7322584986686707,9.389077186584473,3.6701483726501465,0.8948973417282104,0.942565381526947
2091384460.0,-0.3005268275737762,0.753530740737915,10.369503021240234,5.132491111755371,-1.6995558738708496,0.6520744562149048
2091392793.0,0.0715394392609596,1.0394340753555298,11.005870819091797,4.128130912780762,-3.207081317901612,0.1776219010353088
2091401126.0,-0.2539223432540893,0.3626159429550171,9.764615058898926,2.5967326164245605,-1.7706351280212402,0.2208843678236007
2091409459.0,-0.2092845737934112,0.636565089225769,8.822870254516602,2.6883039474487305,1.9548144340515137,0.4405776858329773
2091417792.0,-0.4195054173469543,0.8266198635101318,9.197726249694824,3.97116756439209,5.385047435760498,0.7822459936141968
2091426125.0,-1.38407564163208,0.2724905014038086,9.847131729125977,4.479892253875732,6.568374633789063,0.5698527693748474
2091434458.0,-1.3812824487686155,1.1832890510559082,10.06324863433838,4.697279930114746,6.102400302886963,0.3185770809650421
2091442791.0,-0.8368691802024841,1.0343726873397827,10.834272384643556,4.507580280303955,3.1968743801116943,0.3578436970710754
2091451124.0,-0.781634509563446,0.8671301603317261,10.78415584564209,3.2482566833496094,-1.476455807685852,0.0915580838918685
2091459457.0,-0.6996703743934631,0.6673400402069092,9.403069496154783,1.958784461021424,-3.962266206741333,0.3326392769813537
2091467790.0,-0.8703853487968445,-0.2804978191852569,9.111557006835938,1.8550981283187864,-3.586095333099365,0.3914495706558227
2091476123.0,-0.9207302927970886,-0.0093877939507365,8.904655456542969,2.1618800163269043,-1.1985924243927002,0.2884291112422943
2091484456.0,-0.7517111897468567,0.4347533583641052,9.544930458068848,3.534392833709717,1.433487892150879,0.4860941171646118
2091492789.0,-0.3408095836639404,1.0480960607528689,9.977620124816896,5.054264545440674,2.0619330406188965,0.2609706223011017
2091501122.0,-0.4638117253780365,1.06480073928833,10.497133255004885,5.048450469970703,1.056215763092041,0.1176589876413345
2091509455.0,-0.8000699281692505,0.5574454069137573,10.60049533843994,3.188857078552246,-0.0525348000228405,-0.1093984097242355
2091517788.0,-0.6444639563560486,0.2554936408996582,9.49061393737793,1.9689533710479736,-0.7524181604385376,-0.1641360074281692
2091526121.0,-0.4773927927017212,1.0573365688323977,9.379115104675291,3.3863942623138428,-0.7023935317993164,0.1276229470968246
2091534454.0,-0.7303177714347839,2.20857310295105,10.447029113769531,4.633577346801758,-1.4764301776885986,-0.4658717215061188
2091542787.0,-0.7686324715614319,2.537116765975952,10.596726417541504,3.782158851623535,-0.7001649737358093,-0.7241143584251404
2091551120.0,-0.6570345163345337,1.928056001663208,10.277101516723633,1.910117506980896,0.3300265967845917,-0.5122334361076355
2091559453.0,-0.2547341883182525,1.40403151512146,10.099778175354004,-0.0047898613847792,0.5122718811035156,-0.5611822605133057
2091567786.0,0.0997535586357116,0.119516834616661,10.353595733642578,-0.9286696910858154,-0.0686205327510833,-0.0057632029056549
2091576119.0,-0.7068224549293518,-0.3294813930988312,9.155896186828612,-0.2972019612789154,-1.2544828653335571,-0.2152107954025268
2091584452.0,-0.602348804473877,0.6694628000259399,8.808481216430664,2.2853403091430664,-0.8987009525299072,-0.247587189078331
2091592785.0,-1.127392292022705,1.438982605934143,10.353912353515623,3.657059669494629,0.5575066208839417,-0.1989713758230209
2091601118.0,-1.253083348274231,2.230027437210083,11.22928524017334,1.4195536375045776,0.9882611632347108,-1.0392718315124512
2091609451.0,-0.6992903351783752,2.2651658058166504,10.569530487060549,-0.4550880789756775,1.828254461288452,-0.6798530220985413
2091617784.0,0.4646701514720917,1.6829781532287598,10.80474853515625,-0.9734689593315125,-0.5304195880889893,-0.3256337642669678
2091626117.0,0.6694414615631104,0.7031427621841431,11.039374351501465,-1.6452791690826416,-4.19809627532959,-0.5062140822410583
2091634450.0,0.3277992904186249,-1.0016238689422607,9.50289821624756,-2.18379282951355,-4.890756607055664,0.1771608740091323
2091642783.0,-0.1931476145982742,-1.9124616384506223,7.5865888595581055,-1.0282834768295288,-3.1261661052703857,0.19688381254673
2091651116.0,-0.1254056692123413,-1.0955098867416382,7.538978099822998,1.9408804178237915,0.2562063932418823,0.0253196712583303
2091659449.0,-0.9291832447052002,-0.6916667222976685,9.4680814743042,3.8737564086914062,3.664564609527588,-0.0665457844734191
2091667782.0,-1.053245186805725,0.4566664695739746,10.215721130371094,3.7298293113708496,5.862573146820068,-0.4049610495567322
2091676115.0,-0.4225361049175262,1.4910708665847778,11.390690803527832,3.862460136413574,5.142224311828613,-0.0334521904587745
2091684448.0,-0.0384816415607929,0.8542108535766602,11.907652854919434,2.4787793159484863,0.8107033371925354,0.0526500567793846
2091692781.0,0.3131058812141418,0.0234034564346075,9.965068817138672,1.022558569908142,-3.86434268951416,0.1592821031808853
2091701114.0,0.1260918527841568,-1.258204221725464,9.03162670135498,0.9702800512313844,-5.604062080383301,0.3499032258987427
2091709447.0,0.1507970690727234,-1.1931066513061523,8.40418529510498,0.8933861255645752,-4.1159772872924805,0.4546911418437958
2091717780.0,0.0186317395418882,-0.0515251010656356,7.913394451141357,3.079253673553467,-1.0896040201187134,0.5439566969871521
2091726113.0,-0.2686229944229126,0.3256598114967346,9.244596481323242,5.003651142120361,2.833971738815308,0.4949823319911957
2091734446.0,-0.8029919862747192,0.4878356456756592,9.944904327392578,4.317420482635498,5.9670281410217285,0.5260267853736877
2091742779.0,-0.1365564912557602,-0.2030473798513412,10.539426803588867,2.82846474647522,6.830203056335449,0.9159266948699952
2091751112.0,-0.5119431614875793,0.5628548860549927,10.609895706176758,2.433851718902588,3.947012662887573,0.9727902412414552
2091759445.0,-0.3298936784267425,1.0351470708847046,11.216459274291992,2.964911699295044,-0.200789988040924,0.6721047759056091
2091767778.0,-0.1493187993764877,0.4809927642345428,10.217663764953612,2.846036195755005,-3.539426565170288,0.4268484711647033
2091776111.0,-0.2349515557289123,0.577852189540863,9.451311111450195,2.8551037311553955,-3.7445709705352783,-0.1342442035675048
2091784444.0,0.5074121356010437,0.7657104730606079,9.66556453704834,2.1673355102539062,-0.81832355260849,0.5067648887634277
2091792777.0,-0.2985319197177887,0.1675901859998703,9.056085586547852,1.9132423400878904,1.6902706623077393,0.3130443692207336
2091801110.0,-0.7302007675170898,1.4383035898208618,8.691060066223145,3.058813571929932,5.375364780426025,0.0911738723516464
2091809443.0,-1.4519696235656738,1.119809865951538,9.915000915527344,3.515617609024048,8.069828987121582,0.1134326457977294
2091817776.0,-1.2094272375106812,0.9781845808029176,10.422329902648926,2.9332525730133057,6.880047798156738,-0.8554130792617798
2091826109.0,-0.16627137362957,0.1390167325735092,10.996018409729004,1.99198055267334,3.2103471755981445,-0.3255825042724609
2091834442.0,-0.1984798610210418,-0.6856012940406799,10.575241088867188,1.205597996711731,-2.1657092571258545,-0.2840618789196014
2091842775.0,-0.6237398386001587,-0.264837771654129,9.200403213500977,1.935962557792664,-4.811788082122803,-0.511311411857605
2091851108.0,-0.6381146311759949,-0.3532695174217224,8.349848747253418,3.5607502460479736,-3.2306723594665527,-0.4530389904975891
2091859441.0,-0.3816936016082763,-0.9046640396118164,8.098971366882324,4.7014031410217285,-0.3130315840244293,-0.7709372639656067
2091867774.0,-0.1149546355009079,-1.0118522644042969,8.406084060668945,5.143837928771973,2.6960136890411377,-0.3746594190597534
2091876107.0,-1.0999573469161987,-0.8967152237892151,9.678144454956056,5.147731304168701,4.901322364807129,-0.1101924479007721
2091884440.0,-1.343611478805542,0.4918938875198364,10.35390853881836,4.935414791107178,5.658940315246582,-0.2687445878982544
2091892773.0,-0.3574278950691223,1.1287729740142822,10.964676856994627,6.222428321838379,2.828926086425781,-0.4678184390068054
2091901106.0,-0.0094269663095474,0.5112453699111938,11.298632621765137,6.621650695800781,-2.152492046356201,-0.8720366358757019
2091909439.0,0.4473341405391693,-0.3391668796539306,10.8140230178833,4.479276657104492,-5.126278877258301,-0.461952656507492
2091917772.0,-1.0193150043487549,-0.2814460694789886,8.575658798217773,3.569894790649414,-3.419090747833252,-0.057119745761156
2091926105.0,-1.1353713274002075,1.3545993566513062,7.7918291091918945,5.326467514038086,0.919999361038208,-0.1387779265642166
2091934438.0,-0.5635578036308289,2.0001866817474365,9.394390106201172,7.238134384155273,4.737288951873779,-0.1007664054632186
2091942771.0,0.0065434630960226,1.0474272966384888,11.702777862548828,5.3963942527771,3.498097419738769,-0.3047837615013122
2091951104.0,-0.0742794424295425,1.0805833339691162,11.025527000427246,1.9292001724243164,1.4743938446044922,-0.0730518028140068
2091959437.0,-0.3864607810974121,0.6709866523742676,9.552980422973633,1.145891189575195,-0.3676667213439941,0.545519232749939
2091967770.0,-0.6778157949447632,0.5504134297370911,9.31173610687256,2.534362316131592,-1.397640824317932,0.2677327692508697
2091976103.0,-0.2405141144990921,0.793950080871582,9.939435005187988,3.678037643432617,-1.2115788459777832,0.3362252712249756
2091984436.0,0.0333226844668388,0.1259299218654632,10.099312782287598,3.395179510116577,-0.744708240032196,0.4559461772441864
2091992769.0,0.0481384582817554,0.0994647666811943,9.415094375610352,2.81852650642395,-0.1616258174180984,0.4623497724533081
2092001102.0,-0.0608436278998851,-0.3565633893013,9.108271598815918,3.067138433456421,1.4727802276611328,0.6618590950965881
2092009435.0,-0.2322181314229965,-0.7079759836196899,8.98117733001709,3.711285352706909,1.9893428087234497,0.7105005383491516
2092017768.0,-0.3689369261264801,-0.3345477283000946,9.657308578491213,4.843562126159668,2.324837684631348,0.5990016460418701
2092026101.0,-0.3922676742076874,0.6260538101196289,10.661030769348145,5.178827285766602,2.146127223968506,0.4380674362182617
2092034434.0,-0.5110187530517578,1.1929975748062134,10.83648681640625,5.324982166290283,1.2328516244888306,0.032004989683628
2092042767.0,-0.3892106115818023,1.082809567451477,10.68182373046875,4.854730129241943,1.4734206199645996,0.2717030048370361
2092051100.0,-0.3133091628551483,0.4666806161403656,10.75401496887207,3.9926064014434814,1.419297695159912,0.4894496500492096
2092059433.0,-0.8338353037834167,0.7890167832374573,10.062350273132324,3.645174264907837,1.7080724239349363,0.5244643092155457
2092067766.0,-0.9299973249435424,0.9413976073265076,9.813522338867188,4.569156646728516,2.6166348457336426,0.3471881151199341
2092076099.0,-0.9783728122711182,0.7944824695587158,9.928075790405272,5.100652694702148,2.685870409011841,0.1937588900327682
2092084432.0,-0.7656859159469604,1.0979806184768677,10.658493995666504,4.749941825866699,1.6830216646194458,0.0765993744134903
2092092765.0,-0.6969707012176514,1.0286253690719604,10.777166366577148,3.324612855911255,0.4722368717193603,0.0956819877028465
2092101098.0,-0.8614121079444885,1.2569509744644165,10.142999649047852,2.4815711975097656,0.1280327588319778,0.3081264495849609
2092109431.0,-1.312287211418152,1.2586872577667236,10.19960117340088,2.832614660263061,0.3617626428604126,0.0227070190012455
2092117764.0,-0.8767913579940796,0.78241366147995,9.875913619995115,2.7177085876464844,0.8287357091903687,-0.0649320781230926
2092126097.0,-0.2144651412963867,0.5631962418556213,10.13000774383545,3.174692153930664,0.4744652807712555,0.2932958006858825
2092134430.0,-0.4206893742084503,0.3629516959190368,11.493165969848633,2.3202781677246094,-0.6393313407897949,0.7496134042739868
2092142763.0,-1.2422220706939695,1.6543920040130615,9.605100631713867,1.9584003686904907,-0.7950401902198792,0.3803841769695282
2092151096.0,-0.4885450005531311,1.8394933938980105,10.02349090576172,3.755725622177124,0.0562104359269142,-0.1770455837249755
2092159429.0,0.0662068426609039,1.1166969537734983,10.996302604675291,2.890810012817383,-0.3825998306274414,-0.0443382449448108
2092167762.0,0.3165633976459503,1.1441901922225952,10.712592124938965,0.782245934009552,-0.7115890979766846,0.0006787772872485
2092176095.0,-0.384036123752594,1.1361433267593384,9.332200050354004,0.8507639765739441,-0.3716881573200226,-0.0857564508914947
2092184428.0,-0.7106663584709167,1.1914032697677612,8.740423202514648,2.060600996017456,1.6268240213394165,-0.0206194575875997
2092192761.0,-0.7477151155471802,0.5738969445228577,10.208795547485352,2.448119163513184,3.467411756515503,0.2645566165447235
2092201094.0,-0.9619559049606324,1.1622692346572876,11.373411178588867,0.7869845628738403,2.715992212295532,-0.0793785154819488
2092209427.0,-1.1414505243301392,1.911260843276977,10.654458999633787,0.6937999725341797,1.4588971138000488,-0.4315230548381805
2092217760.0,-0.705731213092804,1.97241473197937,10.67303466796875,2.0337061882019043,0.2548232078552246,-0.6350024938583374
2092226093.0,0.1454221755266189,1.661035656929016,10.922016143798828,1.7838904857635498,-1.817099332809448,-0.7182230949401855
2092234426.0,0.1283798366785049,0.2335552871227264,10.162190437316896,-0.002407738007605,-2.80253005027771,-0.289056658744812
2092242759.0,-0.5183675289154053,-0.3577374219894409,8.115245819091797,-1.0369666814804075,-1.6691771745681765,-0.1219749897718429
2092251092.0,-0.4795837104320526,-0.0513215437531471,7.633535861968994,0.8059390783309937,0.7838083505630493,-0.1945657134056091
2092259425.0,-0.6170088648796082,-0.2368735373020172,8.846010208129883,2.656644344329834,2.760792016983032,-0.198638379573822
2092267758.0,-0.8136689066886902,-0.3264275789260864,10.088128089904783,2.6105387210845947,2.8908865451812744,-0.1224360391497612
2092276091.0,-1.100900650024414,0.6547828912734985,10.248393058776855,2.0960769653320312,2.572783231735229,-0.3295015394687652
2092284424.0,-0.3582357466220855,0.8571817874908447,11.025103569030762,2.103325605392456,0.5838380455970764,0.037179060280323
2092292757.0,0.1200634986162185,0.7308030128479004,10.680155754089355,1.9452345371246336,-2.366345167160034,-0.1003053337335586
2092301090.0,0.4017424881458282,0.6871432065963745,9.892498970031738,1.7530510425567627,-4.731077194213867,-0.1946169435977935
2092309423.0,-0.1063260659575462,0.0679131597280502,8.73141860961914,1.6471363306045532,-3.870951652526856,-0.0721040666103363
2092317756.0,-0.3894508481025696,-0.2675592303276062,7.780218601226807,1.553131937980652,-0.036705195903778,0.0980128720402717
2092326089.0,-0.2071616649627685,-0.5238650441169739,8.120716094970703,2.154374837875366,3.496432542800904,0.5504883527755737
2092334422.0,-0.4497914910316467,0.0229968056082725,9.272659301757812,2.8776180744171143,4.312450408935547,0.5168824195861816
2092342755.0,-0.7823935747146606,0.5278353691101074,10.41260051727295,2.960865020751953,3.291288375854492,0.0685052797198295
2092351088.0,-0.6231133341789246,0.7994630932807922,9.97091007232666,2.5292394161224365,1.052040696144104,0.0031377435661852
2092359421.0,-0.0837218314409256,0.3817921578884125,10.119954109191896,2.670501708984375,-1.3958477973937988,-0.1308631300926208
2092367754.0,-0.5907105207443237,0.0053148823790252,9.964287757873535,1.3955018520355225,-2.7198731899261475,0.0985507741570472
2092376087.0,-0.8569517135620117,0.0097050815820693,8.6361083984375,1.019023895263672,-1.4966654777526855,0.0977567210793495
2092384420.0,-0.4072560966014862,0.5588411688804626,8.303210258483887,2.8007757663726807,0.5982332825660706,0.1031613275408744
2092392753.0,-0.1270532310009002,0.4154469966888428,10.271127700805664,3.746760606765747,0.7545568943023682,-0.0987428724765777
2092401086.0,-0.5944135785102844,0.1698228418827057,10.362525939941406,2.100380182266236,0.4877334535121918,-0.2989949584007263
2092409419.0,-0.4285890758037567,-0.0948313996195793,9.446260452270508,1.40159809589386,1.1174081563949585,0.17739138007164
2092417752.0,-0.2522560954093933,-0.1603811532258987,9.420686721801758,2.595759391784668,0.7206181287765503,-0.0286110993474721
2092426085.0,0.5220361351966858,0.0795053988695144,10.38314151763916,3.3723061084747314,-0.7997788190841675,-0.1273795813322067
2092434418.0,0.2938906252384186,-0.3883594274520874,10.186683654785156,3.333756685256958,-2.254667282104492,-0.3641575872898102
2092442751.0,-0.125978484749794,-0.1591423451900482,8.937088012695312,3.12105655670166,-1.471256136894226,-0.507930338382721
2092451084.0,-0.417971521615982,0.2214051336050033,8.305082321166992,3.9143800735473633,1.767138957977295,-0.4213285744190216
2092459417.0,-0.1676210463047027,-0.671942412853241,9.347593307495115,4.272927761077881,4.035970687866211,-0.0319153368473053
2092467750.0,-0.4498754739761352,-0.490276038646698,9.498802185058594,3.9490621089935294,4.379611492156982,0.1123312413692474
2092476083.0,-0.5155680179595947,-0.2148171216249466,9.8185453414917,4.779142379760742,3.0155510902404785,0.2287991493940353
2092484416.0,-0.4026444852352142,-0.4846644997596741,10.259017944335938,4.998809814453125,0.817670464515686,0.1809773743152618
2092492749.0,-0.5563538074493408,-0.086011067032814,9.804853439331056,5.031262874603272,-1.2494111061096191,0.1992403119802475
2092501082.0,-0.1707725375890731,-0.4552918970584869,9.516584396362305,5.336355209350586,-1.7891544103622437,0.0988837555050849
2092509415.0,-0.0455369018018245,-0.2573796808719635,9.304553031921388,5.30741024017334,-0.975594997406006,0.414553552865982
2092517748.0,-0.5292689204216003,0.4881596863269806,9.800223350524902,5.437914848327637,0.9109575152397156,0.3478285074234009
2092526081.0,-0.7865756750106812,1.3171603679656982,10.033638954162598,5.463477611541748,3.1827096939086914,0.3464453220367431
2092534414.0,-0.4120202362537384,1.5311466455459597,10.597576141357422,6.000352382659912,3.881338357925415,0.2852273285388946
2092542747.0,0.1072745099663734,0.8681173324584961,11.148147583007812,4.907008647918701,2.2122373580932617,0.5002332329750061
2092551080.0,-0.3365409076213836,0.8754072785377502,10.069652557373049,3.70190954208374,0.0357190445065498,0.4178065359592438
2092559413.0,-0.2263653725385666,0.6341834664344788,9.57978057861328,3.763947725296021,-0.8446549773216248,0.3038232326507568
2092567746.0,-0.503799319267273,0.5191351175308228,8.96760082244873,4.127080917358398,-0.5207117795944214,0.2699356377124786
2092576079.0,-0.7037286162376404,0.6052598357200623,9.022825241088867,5.18064546585083,0.9188465476036072,0.0524963699281215
2092584412.0,-0.6792895197868347,0.4775332808494568,9.816971778869627,5.377645015716553,2.73535680770874,-0.0376529209315776
2092592745.0,-0.8127840161323547,0.9639173746109008,9.590616226196287,5.056826114654541,2.705439567565918,-0.4038083851337433
2092601078.0,-0.2716140747070312,0.6062445044517517,10.404500007629396,4.972862720489502,2.293280601501465,-0.2367011457681656
2092609411.0,-0.6455598473548889,0.3399490416049957,10.586295127868652,4.171931266784668,0.500924825668335,-0.2197445482015609
2092617744.0,-0.9021300673484802,0.7070643305778503,9.952492713928224,4.41731595993042,-0.6002952456474304,-0.493150919675827
2092626077.0,-0.8292909264564514,0.7426787614822388,9.491451263427734,5.180875778198242,0.1178382784128189,0.0367692336440086
2092634410.0,-0.736250638961792,0.6700071096420288,10.168780326843262,5.195168972015381,0.0705800205469131,0.0618455708026886
2092642743.0,-0.30225470662117,0.6340872049331665,10.433165550231934,4.247416973114014,-0.1978187412023544,0.1356145739555359
2092651076.0,-0.2017625272274017,0.6817357540130615,10.366823196411133,3.825985193252564,-0.6978853940963745,0.2248289436101913
2092659409.0,-0.0225929394364357,1.1517729759216309,10.534088134765623,3.959256172180176,-0.7168911695480347,0.4223403036594391
2092667742.0,-0.5831173062324524,1.4814636707305908,10.526744842529297,4.2064595222473145,0.295037567615509,0.7022014856338501
2092676075.0,-0.9065396189689636,1.6555343866348269,10.897794723510742,3.6393344402313232,1.2757552862167358,0.203133687376976
2092684408.0,-0.3908469378948211,1.9992705583572388,10.755927085876465,2.9610183238983154,2.423401117324829,0.1107431426644325
2092692741.0,0.2240008264780044,1.5235306024551392,11.251035690307615,2.7373032569885254,1.1322898864746094,0.1615873724222183
2092701074.0,-0.1259113103151321,1.7513474225997925,11.346342086791992,1.7067149877548218,-0.5755775570869446,0.198779284954071
2092709407.0,-0.6432121992111206,1.9410810470581048,10.284027099609377,1.3895338773727417,-0.3850075900554657,0.2829220592975616
2092717740.0,-0.4169476628303528,1.0996663570404053,9.647313117980955,1.7379387617111206,0.8176960945129395,-0.131247341632843
2092726073.0,0.027596928179264,0.2216300517320633,9.420699119567873,2.1049904823303223,1.6205742359161377,-0.3110592663288116
2092734406.0,0.4389914572238922,-0.419248878955841,10.465743064880373,1.978840708732605,1.6444212198257446,0.1477301269769668
2092742739.0,-0.8822979927062988,0.4633411169052124,10.123773574829102,1.9539436101913448,1.7273601293563845,0.1465262174606323
2092751072.0,-0.8839134573936462,1.4156162738800049,9.668950080871582,3.5849554538726807,3.100385427474976,-0.0985379666090011
2092759405.0,-0.5610811710357666,1.1381479501724243,10.195330619812012,4.649303913116455,3.277994394302368,-0.3088564276695251
2092767738.0,-0.0825120732188224,0.7981410026550293,10.999377250671388,3.089012622833252,1.474035143852234,-0.3923076391220093
2092776071.0,0.0171705316752195,1.6943118572235107,9.981757164001465,1.7277698516845703,-0.030711468309164,-0.356729507446289
2092784404.0,-0.2996951341629028,2.1564040184021,9.684381484985352,2.015571594238281,-0.4962245523929596,-0.3255825340747833
2092792737.0,-0.7669963836669922,2.153749704360962,10.11487865447998,1.742318630218506,0.9258136749267578,-0.4132344424724579
2092801070.0,-0.4779717028141022,1.2091294527053833,10.181727409362791,0.447621613740921,2.463077545166016,-0.4142590463161468
2092809403.0,-0.2721170485019684,0.4107140898704529,9.720414161682127,-0.6120778322219849,2.993727922439575,-0.1190293505787849
2092817736.0,-0.982373058795929,0.9027751684188844,10.421173095703123,-0.5160244107246399,3.010505199432373,0.0113086849451065
2092826069.0,-1.361401081085205,1.209193229675293,10.757206916809082,-0.1010993868112564,3.23816466331482,-0.5358498692512512
2092834402.0,-0.6151407957077026,1.6786103248596191,10.577357292175291,0.8473829030990601,2.1859829425811768,-0.8647621273994446
2092842735.0,0.1676769405603408,1.21289324760437,11.49502658843994,0.2556941211223602,-0.1223079860210418,-0.5645889639854431
2092851068.0,-0.4849244654178619,1.039211392402649,10.235759735107422,-1.990507960319519,-1.649223804473877,-0.4951232075691223
2092859401.0,-0.3754335939884186,0.9859281778335572,8.312164306640625,-1.973628044128418,-0.3964059054851532,-0.7082080245018005
2092867734.0,0.0627304315567016,-0.2220600098371505,8.61765193939209,-0.7231154441833496,1.1246825456619265,-0.4531158208847046
2092876067.0,-0.4120275378227234,-1.1419860124588013,9.176434516906738,-0.827339768409729,1.9618582725524905,-0.2642876505851745
2092884400.0,-0.7995999455451965,-0.7083107829093933,8.686488151550293,-0.2508146166801452,3.407705307006836,-0.0887020975351333
2092892733.0,-1.0659514665603638,-0.4037217795848846,9.028841972351074,1.8105807304382324,4.214630603790283,-0.0970267280936241
2092901066.0,-0.8661884069442749,-0.1496686935424804,10.02100944519043,2.5427632331848145,3.0198538303375244,-0.4320352971553802
2092909399.0,-0.6479982137680054,-0.1337793171405792,10.467965126037598,2.21274995803833,0.7529688477516174,-0.637999415397644
2092917732.0,-0.4447331726551056,-0.1982094496488571,10.088322639465332,1.6741080284118652,-1.1109662055969238,-0.3520933091640472
2092926065.0,-0.2456067502498626,-0.055970661342144,9.13350772857666,1.838833212852478,-1.76172137260437,-0.0824266076087951
2092934398.0,-0.0420679748058319,-0.2823451161384582,8.674369812011719,2.759997844696045,-1.742843747138977,-0.1486394256353378
2092942731.0,0.1944832354784011,-0.020540677011013,8.683186531066895,3.3029942512512207,-0.9031067490577698,-0.0178531222045421
2092951064.0,-0.037558477371931,-0.4913252294063568,8.78891658782959,2.8862762451171875,0.554099977016449,0.038254864513874
2092959397.0,-0.5296578407287598,-0.4912232160568237,8.361357688903809,2.541867017745972,2.63871431350708,0.2244703322649002
2092967730.0,-1.1492044925689695,0.1658990383148193,9.06851863861084,3.3316824436187744,5.070581912994385,0.6042270660400391
2092976063.0,-1.4648360013961792,0.5900758504867554,10.375338554382324,3.786642789840698,4.880677223205566,0.6379610300064087
2092984396.0,-1.66552734375,0.6783512830734253,10.661703109741213,3.411418914794922,2.94705867767334,0.2513653039932251
2092992729.0,-0.5022162795066833,0.9178335070610046,11.08678913116455,2.738584518432617,-0.2889029383659363,0.5234140753746033
2093001062.0,0.0031587840057909,0.7509787082672119,11.033023834228516,1.6049751043319702,-4.739094734191895,0.3661683201789856
2093009395.0,0.1519958078861236,0.8725597858428955,9.638595581054688,0.9682053923606871,-7.203927040100098,0.1528273373842239
2093017728.0,-0.4494724571704864,0.0270090233534574,8.68664836883545,0.9178733825683594,-4.51358699798584,0.2110228836536407
2093026061.0,-0.1385007500648498,-0.3542518317699432,8.313278198242188,0.7810420393943787,0.2786188423633575,0.2964975535869598
2093034394.0,-0.1682019382715225,-0.2638779282569885,8.345865249633789,1.9578114748001096,3.829418182373047,0.6222850680351257
2093042727.0,-0.7782377600669861,-0.3339898884296417,9.627995491027832,3.470896005630493,5.039665699005127,0.3623518049716949
2093051060.0,-1.0487167835235596,-0.394537091255188,9.8878755569458,3.7800588607788086,4.487191200256348,0.1991890966892242
2093059393.0,-1.1962003707885742,-0.1714006960391998,9.937210083007812,3.983282804489136,2.259085893630981,0.2029544115066528
2093067726.0,-0.8172176480293274,-0.239381194114685,10.097295761108398,3.531856775283813,-1.0920370817184448,0.0795193836092948
2093076059.0,-0.5687682628631592,-0.237799733877182,9.421026229858398,3.3698208332061768,-4.266537666320801,-0.0288160108029842
2093084392.0,-0.0858500674366951,0.3854197859764099,9.351048469543455,4.1455488204956055,-5.56553840637207,-0.2203080505132675
2093092725.0,0.4722064733505249,-0.0798134058713913,10.003318786621094,4.368494510650635,-4.929945945739746,0.1450918316841125
2093101058.0,-0.2516256868839264,0.1331331580877304,9.10041618347168,4.325027942657471,-2.520543336868286,-0.0955923274159431
2093109391.0,-0.2418817281723022,0.7199217677116394,8.772882461547852,5.110001564025879,1.2176365852355957,-0.1893148124217987
2093117724.0,-0.5461098551750183,0.7128949165344238,9.73322868347168,5.578921794891357,4.525203227996826,0.0661743804812431
2093126057.0,-0.4315996170043945,1.0817140340805054,10.685894012451172,5.192479610443115,4.56633996963501,-0.0828620642423629
2093134390.0,-0.4483622610569,1.1944509744644165,11.185195922851562,4.740618705749512,2.180937051773072,-0.0352451913058757
2093142723.0,-0.8087494373321533,1.509520411491394,11.09504222869873,4.152669906616211,-0.9675264954566956,-0.2176185250282287
2093151056.0,-0.7472349405288696,1.4013400077819824,10.266597747802734,3.790945529937744,-2.3813812732696533,-0.1852677762508392
2093159389.0,-0.0666791275143623,0.7593472003936768,10.01142406463623,3.3016364574432373,-3.117201566696167,-0.0952081158757209
2093167722.0,0.1690500676631927,0.4396775066852569,9.389726638793944,3.0383479595184326,-3.3096156120300293,-0.1232300847768783
2093176055.0,0.1450478285551071,-0.3257623314857483,9.246769905090332,3.207068681716919,-1.8725287914276123,0.1282888948917389
2093184388.0,-0.6605766415596008,0.2121001183986663,8.909584045410156,3.618125915527344,1.0095977783203125,-0.0148306405171751
2093192721.0,-0.2361628115177154,0.7567060589790344,9.780571937561035,4.659165382385254,3.2559151649475098,0.1282632797956466
2093201054.0,-0.6732010841369629,1.0151740312576294,10.302911758422852,5.178493976593018,3.344745635986328,0.240043818950653
2093209387.0,-0.5195297598838806,1.3188989162445068,11.092247009277344,4.389216899871826,1.7280771732330322,0.2982393205165863
2093217720.0,-0.546072781085968,1.1237187385559082,10.856649398803713,2.9431140422821045,0.0361288785934448,0.4552289545536041
2093226053.0,-0.0299740619957447,1.113675594329834,10.525463104248049,2.09753680229187,-2.3862478733062744,0.1780061423778534
2093234386.0,0.1627478003501892,1.5316699743270874,10.627765655517578,2.3937909603118896,-3.374521493911743,0.3207798302173614
2093242719.0,-0.344763308763504,1.505876541137695,10.308435440063477,2.047794342041016,-2.392113447189331,0.2535937428474426
2093251052.0,-0.1848199367523193,1.3804280757904053,9.558762550354004,1.9178274869918823,0.6001287698745728,0.2380459159612655
2093259385.0,-0.1611091941595077,1.0927306413650513,10.072071075439451,1.6916794776916504,3.1088638305664062,0.6502301692962646
2093267718.0,-0.3467792272567749,0.1652751713991165,10.563920974731444,0.782092273235321,3.873755931854248,0.5664460062980652
2093276051.0,-0.8218759298324585,0.4182228744029999,9.749701499938965,1.1221212148666382,3.308347702026367,0.45722696185112
2093284384.0,-0.8945574760437012,1.358915090560913,10.305915832519531,2.704286575317383,2.3447906970977783,0.3778227567672729
2093292717.0,-0.4818429052829742,1.6590336561203003,10.813349723815918,3.2651617527008057,-0.5004252791404724,-0.3995052278041839
2093301050.0,-0.0001221448183059,0.765950620174408,11.325277328491213,1.964676022529602,-2.378870964050293,-0.3533996343612671
2093309383.0,-0.0407342053949832,0.2039089649915695,9.997973442077637,-0.1279430985450744,-2.76357102394104,-0.1314266175031662
2093317716.0,-0.0928582102060318,0.817119300365448,9.023797988891602,0.8504822254180908,-1.0551782846450806,-0.2615981698036194
2093326049.0,0.1206190735101699,0.9549850821495056,9.548380851745604,2.717862606048584,1.1757317781448364,-0.2930268347263336
2093334382.0,-0.1136030703783035,0.9626925587654114,10.021965980529783,3.183350086212158,2.8128912448883057,-0.5225560665130615
2093342715.0,-0.1941750794649124,0.4617702960968017,9.976640701293944,2.3441507816314697,4.037943363189697,-0.536899983882904
2093351048.0,-0.2153987437486648,-0.2531821131706238,10.187870025634766,1.2005265951156616,4.178053379058838,-0.1014579907059669
2093359381.0,-0.8003893494606018,0.0395292341709136,9.674097061157228,1.31681489944458,2.268717050552368,-0.3825486004352569
2093367714.0,-0.9192646145820618,0.4173806309700012,9.92077350616455,2.673729181289673,1.9014856815338133,-0.4229166805744171
2093376047.0,-0.4951126873493194,0.7186064124107361,10.000211715698242,3.33834195137024,0.5879107713699341,-0.61384516954422
2093384380.0,-0.1387516856193542,0.6623278260231018,10.006463050842283,2.969624757766724,-0.7334635853767395,-0.6005257964134216
2093392713.0,-0.0084762275218963,0.4950340390205383,9.97682762145996,1.1707115173339844,-0.8444756865501404,-0.2240733206272125
2093401046.0,-0.4042429327964782,0.4477536678314209,9.066529273986816,0.4676774740219116,-0.1607036888599395,-0.3546547293663025
2093409379.0,-0.4820899963378906,0.7456848621368408,9.12450885772705,1.591476321220398,1.9188776016235352,-0.2703582346439361
2093417712.0,-0.555059015750885,0.5800103545188904,10.08890438079834,2.287235975265503,3.3307852745056152,-0.2861878573894501
2093426045.0,-0.2730505764484405,0.554492712020874,10.37928867340088,2.1331920623779297,2.8245203495025635,-0.540229856967926
2093434378.0,0.112108401954174,0.6083825826644897,10.436346054077148,1.785299301147461,1.5437827110290527,-0.003483535721898
2093442711.0,-0.558630108833313,0.4728958904743194,10.367386817932127,0.9554237127304076,-0.0855515450239181,-0.3137743771076202
2093451044.0,-0.5268287062644958,1.0715886354446411,9.363651275634766,0.8324242830276489,0.2442957758903503,-0.6110788583755493
2093459377.0,0.3602180778980255,1.0527080297470093,9.892109870910645,1.7285127639770508,0.7229746580123901,-0.2265066802501678
2093467710.0,-0.080433540046215,0.8375837206840515,10.400547981262209,1.075400948524475,0.5493869185447693,-0.5028586387634277
2093476043.0,-0.4248754978179931,0.6813271641731262,9.55716323852539,-0.0867297872900962,2.067670583724976,-0.5889224410057068
2093484376.0,-0.5327388048171997,0.078600138425827,8.681500434875488,0.3045404553413391,4.198826313018799,-0.3548596501350403
2093492709.0,-0.38375985622406,-0.4109224379062652,8.88368034362793,1.3933759927749634,4.091989517211914,-0.1556577235460281
2093501042.0,-0.1178681179881095,-0.9751320481300354,9.964532852172852,2.021949529647827,2.5763185024261475,-0.0637794435024261
2093509375.0,-0.6986768245697021,-1.5049090385437012,9.743237495422363,1.6381710767745972,0.5481574535369873,-0.0747423321008682
2093517708.0,-0.8090969324111938,-0.7272003889083862,8.481345176696777,2.945265769958496,0.4089184999465942,-0.053149539977312
2093526041.0,-0.6859100461006165,0.1985788494348526,8.94365119934082,5.283871173858643,1.1543951034545898,-0.1693357080221176
2093534374.0,-0.5115047097206116,0.6203219890594482,10.483753204345703,5.45684289932251,1.1453276872634888,-0.3656175434589386
2093542707.0,-0.5627027153968811,0.6766428351402283,10.221158027648926,3.9633803367614746,1.4870728254318235,-0.1078871712088584
2093551040.0,-0.5357886552810669,0.6218562126159668,9.384812355041504,3.293260097503662,1.8838626146316528,0.052470751106739
2093559373.0,-0.433843582868576,0.4473212659358978,9.414817810058594,3.475095510482788,1.334821701049805,-0.1518155485391616
2093567706.0,-0.5472928881645203,0.1351071000099182,9.664155960083008,3.7068021297454834,0.7487168908119202,-0.2240989357233047
2093576039.0,-0.7184522747993469,0.1885866969823837,9.536789894104004,3.5822153091430664,0.5567126870155334,0.1766485869884491
2093584372.0,-0.919348955154419,1.0362043380737305,9.53451442718506,4.11560583114624,0.6128845810890198,0.3402722775936126
2093592705.0,-1.033643364906311,1.667569279670715,10.516775131225586,4.140323638916016,0.6433655619621277,-0.0487438924610614
2093601038.0,-0.7877484560012817,1.582181692123413,10.792766571044922,2.422812223434448,0.5266926884651184,-0.3262740969657898
2093609371.0,-0.3600383102893829,0.8495504260063171,10.275933265686035,1.1575970649719238,0.3170657753944397,-0.0873445495963096
2093617704.0,-0.0283610709011554,1.2989919185638428,10.394495964050291,1.3314664363861084,-0.581596851348877,-0.0277402177453041
2093626037.0,-0.2961659133434295,1.007873773574829,10.591513633728027,1.2722463607788086,-1.3727948665618896,-0.0088625261560082
2093634370.0,-0.6513664126396179,0.7180310487747192,9.452239990234377,1.3245760202407837,-0.3330875039100647,-0.1353456228971481
2093642703.0,-0.0675371438264846,-0.0958123281598091,9.36201286315918,1.4093592166900637,0.9013522267341614,0.0851801410317421
2093651036.0,0.0421183668076992,-0.2332454770803451,9.419989585876465,1.817931890487671,0.9394660592079164,0.1891739219427108
2093659369.0,-0.2532596886157989,-0.3526831567287445,9.879770278930664,1.856045842170716,0.3971614837646484,0.1564389318227768
2093667702.0,-0.6819561719894409,0.0112267974764108,9.253847122192385,2.608438491821289,1.246145248413086,0.2217552363872528
2093676035.0,-0.6834927201271057,0.3056851029396057,9.886370658874512,3.5752475261688232,1.628719449043274,0.1721916943788528
2093684368.0,-0.8945878744125366,0.3594110310077667,10.666674613952637,3.238830804824829,1.5280556678771973,0.2119193822145462
2093692701.0,-0.652284562587738,0.2010422050952911,9.886157989501951,2.842808961868286,0.9000969529151917,0.0885612219572067
2093701034.0,-0.4789474308490753,0.5187271237373352,9.7467041015625,3.862869501113892,0.1163526475429534,0.1685544550418853
2093709367.0,-0.0890242978930473,0.570799708366394,10.85426902770996,3.8661484718322754,-1.4079890251159668,0.4025917053222656
2093717700.0,-0.4190504848957062,1.024922490119934,10.001524925231934,3.0787668228149414,-2.374183177947998,0.2600484788417816
2093726033.0,-0.3018326759338379,1.7530125379562378,9.398935317993164,3.276381254196167,-1.3148812055587769,0.1195288300514221
2093734366.0,-0.3967118263244629,0.963059902191162,9.77191162109375,2.942371368408203,0.5833770036697388,0.4221610128879547
2093742699.0,-0.8160040378570557,1.4253038167953491,10.256064414978027,1.53676438331604,2.131398677825928,0.0261905565857887
2093751032.0,-0.4638375639915466,1.9879415035247805,10.616456985473633,1.0580087900161743,2.916705846786499,0.1936820447444915
2093759365.0,-0.3839475810527801,1.4900075197219849,10.883928298950195,1.287819743156433,1.078039050102234,0.0224252622574567
2093767698.0,0.2638061642646789,1.5739856958389282,10.99068832397461,1.0753495693206787,-1.291572093963623,-0.5753213167190552
2093776031.0,0.2559183537960052,0.2448108941316604,10.578882217407228,-0.0810178369283676,-2.830808401107788,-0.3777843713760376
2093784364.0,0.5841871500015259,-0.5042911767959595,9.156907081604004,-0.630801796913147,-2.4286136627197266,-0.1978443413972854
2093792697.0,0.1780199557542801,-0.4804350137710571,8.023565292358398,1.056804895401001,-0.3130315244197845,-0.2141093909740448
2093801030.0,0.0582905374467372,-0.293925791978836,8.781682014465332,2.816553831100464,1.97422993183136,-0.3083953857421875
2093809363.0,-0.4067578017711639,0.2460635900497436,8.961463928222656,3.46958875656128,4.410604953765869,-0.4829820096492767
2093817696.0,-0.5769449472427368,-0.1657466739416122,9.843476295471191,3.384985446929932,5.732657909393311,-0.2253284454345703
2093826029.0,-0.4246352612972259,-0.1324126720428466,10.4020357131958,2.3520658016204834,4.826272964477539,-0.304322749376297
2093834362.0,-0.3799354434013366,0.3646791577339172,10.000017166137695,2.6400978565216064,1.8207496404647827,-0.3673081398010254
2093842695.0,-0.4806525111198425,0.7474709749221802,10.595266342163086,3.5624663829803467,-0.4307289719581604,-0.2712035179138183
2093851028.0,-0.3818459510803222,1.1690332889556885,10.389623641967772,3.121465921401977,-1.9098485708236688,-0.5696093440055847
2093859361.0,0.2803564369678497,0.9942182898521424,10.050561904907228,2.6515984535217285,-1.2461068630218506,-0.560234546661377
2093867694.0,0.3634573817253113,0.1564684063196182,9.76136875152588,1.4869447946548462,0.3596622943878174,-0.0787893906235694
2093876027.0,-0.3426122367382049,0.4934501349925995,9.15085506439209,1.1977088451385498,2.839658260345459,-0.1152896881103515
2093884360.0,-0.9476023316383362,0.9751754999160768,9.33147144317627,2.5707345008850098,5.688652992248535,-0.3331643640995025
2093892693.0,-0.6563014984130859,0.4649040400981903,10.798528671264648,2.78714919090271,6.938167095184326,-0.3251983225345611
2093901026.0,-0.0700443536043167,0.2415056377649307,11.023245811462402,2.2166943550109863,4.297441482543945,-0.270281434059143
2093909359.0,-0.1949733048677444,0.001035293797031,10.676812171936035,1.6221110820770264,1.0585724115371704,-0.1782494485378265
2093917692.0,-0.7734284996986389,0.3122321963310241,9.439895629882812,1.5921168327331543,-0.881539523601532,-0.3455616235733032
2093926025.0,-0.3761720359325409,0.2541753947734833,9.012117385864258,2.4437901973724365,-0.1941302865743637,-0.3743264377117157
2093934358.0,-0.1879464834928512,-0.0076191974803805,9.183090209960938,2.5516774654388428,0.8520703315734863,-0.1400842666625976
2093942691.0,-0.38184854388237,0.0399382971227169,9.23715114593506,2.327629566192627,2.2420778274536133,-0.0605520494282245
2093951024.0,-0.8844897747039795,0.4790396094322204,8.996711730957031,2.5101821422576904,4.499845027923584,0.0250635277479887
2093959357.0,-0.8780861496925354,-0.0301440190523862,10.015002250671388,2.9176025390625,5.437633037567139,0.2861494421958923
2093967690.0,-0.8529850244522095,0.3308601677417755,10.02809238433838,2.8941140174865723,3.796478271484375,0.1278790682554245
2093976023.0,-0.6337900757789612,0.2957068979740143,10.54127597808838,3.365108728408813,1.211387038230896,0.3088949024677276
2093984356.0,-0.6246272325515747,0.1738439053297042,9.93985366821289,3.130379438400269,-1.4768654108047483,-0.0600909925997257
2093992689.0,-0.7955152988433838,0.5162665247917175,9.473668098449709,3.18255615234375,-1.4045567512512207,-0.1079383939504623
2094001022.0,-0.2440878450870514,0.161596193909645,9.854896545410156,3.0934441089630127,-0.1545306742191314,0.1305173188447952
2094009355.0,-0.3777922987937927,0.4445183575153351,9.403579711914062,3.2279956340789795,0.6818381547927856,0.0814916938543319
2094017688.0,-0.7203575968742371,1.2091954946517944,9.039164543151855,4.239168643951416,2.469711780548096,0.0260880980640649
2094026021.0,-1.0573242902755735,0.5087307691574097,10.168395042419434,4.137429237365723,4.066144943237305,0.2979063689708709
2094034354.0,-0.922982096672058,0.2283618748188018,10.220078468322754,2.607516288757324,3.4599838256835938,0.1544666588306427
2094042687.0,-0.5492762327194214,0.3986059427261352,9.999343872070312,2.952796459197998,1.5814614295959473,0.5375531911849976
2094051020.0,-0.7048227190971375,0.6297605633735657,10.463627815246582,3.357552528381348,-1.211374044418335,0.1275204867124557
2094059353.0,-1.2322522401809692,1.1621872186660769,9.74135971069336,3.391721487045288,-2.403972864151001,-0.1064783707261085
2094067686.0,-0.6620427370071411,0.9322020411491394,9.486567497253418,3.1530230045318604,-1.3566068410873413,0.0281116254627704
2094076019.0,-0.1419688463211059,0.955321490764618,9.578208923339844,2.394149780273437,-0.7591547966003418,0.0078251492232084
2094084352.0,-0.5920838713645935,1.48904287815094,9.716038703918455,2.0467183589935303,-0.1895197480916977,0.0510107539594173
2094092685.0,-0.9157242178916932,1.4787014722824097,10.021369934082031,1.5609956979751587,1.169994235038757,0.2455509006977081
2094101018.0,-1.3583229780197144,1.50776207447052,9.374664306640623,1.6713929176330566,1.9849110841751096,-0.1580910682678222
2094109351.0,-0.5294386744499207,1.0265343189239502,10.747137069702148,1.52859365940094,1.3521372079849243,-0.1292494386434555
2094117684.0,-0.1171404644846916,-0.081649012863636,10.808425903320312,0.1925293952226638,-1.6942535638809204,0.0648936629295349
2094126017.0,-0.1776262521743774,-0.2095890790224075,9.129837989807127,0.4423450231552124,-3.8722832202911377,-0.0902389362454414
2094134350.0,-0.2917224764823913,-0.4903039336204529,9.237754821777344,1.6338934898376465,-3.483023166656494,0.2908367812633514
2094142683.0,-0.1803518682718277,-0.6909906268119812,9.0388765335083,2.1998655796051025,-2.418393611907959,-0.1602938771247863
2094151016.0,-0.2970882952213287,-0.1447595804929733,8.8181734085083,3.114191770553589,-0.478473961353302,-0.349583089351654
2094159349.0,-0.5872207283973694,0.2480650842189788,9.79468822479248,3.431372880935669,2.5147929191589355,0.1761362999677658
2094167682.0,-0.5308195352554321,0.8116385340690613,9.86779499053955,3.5249154567718506,2.9180891513824463,0.0171231180429458
2094176015.0,-0.3223423659801483,0.8713988661766052,10.709881782531738,3.590128898620605,1.701002597808838,-0.2333712577819824
2094184348.0,0.4893749058246612,0.3533450067043304,11.234902381896973,2.664405584335327,-1.4731260538101196,-0.1132917776703834
2094192681.0,0.0556879378855228,-0.272916704416275,10.260674476623535,1.9620634317398071,-3.9589364528656006,-0.1936948746442794
2094201014.0,0.1566164791584015,0.3174810409545898,9.45120334625244,2.2764008045196533,-2.9209189414978027,0.1491132527589798
2094209347.0,0.1802417784929275,1.000978708267212,9.227670669555664,3.685977697372437,-0.925211787223816,0.1904802471399307
2094217680.0,-0.1638439148664474,1.2378644943237305,9.445910453796388,4.453278064727783,1.4991116523742676,-0.5826725959777832
2094226013.0,-0.1638373732566833,0.4244315028190613,10.134193420410156,3.2227706909179688,4.277308464050293,-0.1972808390855789
2094234346.0,-0.2373236566781997,0.1920833885669708,10.111241340637209,1.6097393035888672,4.937027931213379,-0.2067068666219711
2094242679.0,-0.5454801917076111,1.1807911396026611,10.167016983032228,2.084909200668335,3.991274356842041,-0.2792720198631286
2094251012.0,-0.7047742009162903,0.8005201816558838,10.73679256439209,3.118673801422119,1.829253435134888,-0.4492736756801605
2094259345.0,-0.6723379492759705,0.396247386932373,10.35704517364502,3.153919219970703,-0.1857800334692001,-0.8399932980537415
2094267678.0,0.0295401997864246,0.1106455400586128,10.148855209350586,2.185598373413086,-0.7149701118469238,-0.1909541189670562
2094276011.0,0.1628385186195373,0.0017756286542862,9.448389053344728,1.9205683469772337,-1.2759220600128174,-0.1200795397162437
2094284344.0,-0.6068128943443298,0.7167810201644897,8.530734062194824,2.769731283187866,-0.0845269709825515,-0.6521640419960022
2094292677.0,-0.3692532181739807,0.2385734766721725,9.52069091796875,3.5276567935943604,2.79952073097229,-0.1304020881652832
2094301010.0,-0.5332790613174438,-0.5331354737281799,10.015704154968262,2.594529867172241,3.838229179382324,-0.2515573799610138
2094309343.0,-0.5672513246536255,0.3096861541271209,10.182933807373049,2.7310538291931152,4.180409908294678,-0.0157015267759561
2094317676.0,-0.503494143486023,0.6255630850791931,10.772221565246582,3.721787214279175,3.017472267150879,0.0972956791520118
2094326009.0,-0.5834757685661316,0.981672704219818,10.626662254333496,4.084765911102295,0.5310470461845398,-0.3994795680046081
2094334342.0,-0.5372653603553772,1.1867786645889282,10.662936210632324,3.65521502494812,-0.1686953604221344,-0.4302166700363159
2094342675.0,-0.0938486158847808,0.6900262236595154,10.561738014221191,2.0399560928344727,-0.323559045791626,-0.2799636125564575
2094351008.0,-0.0361147038638591,0.8881613612174988,9.64497184753418,1.5646071434020996,-0.0027663374785333,-0.3031444549560547
2094359341.0,-0.4502111673355102,1.3364297151565552,9.612689971923828,2.4011423587799072,1.989419221878052,-0.0117825474590063
2094367674.0,-0.3964714705944061,1.0936341285705566,10.29205322265625,2.289182424545288,3.419769287109375,-0.0267668738961219
2094376007.0,-0.7787280082702637,1.3084346055984497,9.935674667358398,1.8488739728927608,4.390190601348877,-0.401631236076355
2094384340.0,-0.4831720888614654,0.3204243183135986,10.46063232421875,1.0820348262786863,3.956899881362915,0.0347457081079483
2094392673.0,-0.8814150094985962,0.0410943105816841,9.42331886291504,0.4019001126289367,2.2186410427093506,-0.1368056237697601
2094401006.0,-1.1465109586715698,0.4415440857410431,9.451776504516602,1.7771542072296145,1.4083348512649536,-0.0225405283272266
2094409339.0,-1.0850149393081665,-0.1052674129605293,9.807628631591797,2.08449935913086,0.6545076966285706,0.089329645037651
2094417672.0,-0.8921255469322205,0.0020722274202853,8.827381134033203,2.3695602416992188,-0.6124364137649536,-0.4804718494415283
2094426005.0,-0.6685861945152283,-0.0690575614571571,9.169930458068848,3.0794076919555664,-0.3060645163059234,-0.0473094917833805
2094434338.0,-0.8698974847793579,-0.3910315036773681,9.446673393249512,2.4443793296813965,-0.1028155386447906,0.2279538810253143
2094442671.0,-0.8078622221946716,0.1864532232284546,9.09490203857422,2.818270444869995,0.0903798267245292,0.071886345744133
2094451004.0,-0.7187168598175049,0.5429851412773132,9.977290153503418,4.015760898590088,0.4937784075736999,0.2816157341003418
2094459337.0,-0.2716454267501831,0.3877587914466858,10.53850269317627,3.686925411224365,-0.8389686346054077,-0.1028667613863945
2094467670.0,-0.5118794441223145,0.3635933995246887,10.060866355895996,3.4397225379943848,-1.4083473682403564,-0.1437983065843582
2094476003.0,-0.3564059734344482,0.0756943151354789,9.794424057006836,3.013374090194702,-0.6313140392303467,0.4064850509166717
2094484336.0,-0.3496301174163818,0.1815927773714065,9.25703239440918,3.2795567512512207,-0.3788345456123352,0.2296188026666641
2094492669.0,-0.1522710621356964,0.6371435523033142,9.669254302978516,4.218369960784912,-0.3111361265182495,0.1557729840278625
2094501002.0,-0.736364483833313,0.5961660742759705,10.109413146972656,4.065581321716309,-0.0055326744914054,0.0504728481173515
2094509335.0,-0.8900089859962463,0.8110030889511108,10.107282638549805,3.024490594863892,1.102987289428711,-0.1438495516777038
2094517668.0,-0.4123776853084564,1.052567958831787,10.082012176513672,3.045647621154785,1.637377142906189,0.3411175608634949
2094526001.0,-0.2986752986907959,0.6759346127510071,10.458273887634276,2.8048226833343506,0.0485261715948581,0.3053089082241058
2094534334.0,-0.3250123560428619,0.8809908032417297,9.988648414611816,2.6552867889404297,-1.6838799715042114,0.1016244813799858
2094542667.0,-0.3534325361251831,0.0879962965846061,9.96988010406494,1.9790199995040887,-1.7203289270401,0.1568231731653213
2094551000.0,-0.3302376866340637,0.24825419485569,8.984898567199707,1.7622467279434204,-1.2461838722229004,0.1849219650030136
2094559333.0,-0.2472981214523315,0.128406748175621,8.836533546447754,2.879846811294556,-0.122103065252304,0.2197573482990265
2094567666.0,-0.3788581192493438,-0.1510061621665954,9.690319061279297,3.1665470600128174,0.8550928831100464,0.2756988406181335
2094575999.0,-0.8344253301620483,0.282492995262146,9.76212215423584,2.939271926879883,1.2139226198196411,-0.1598328202962875
2094584332.0,-0.6444547176361084,0.5826469659805298,10.10599136352539,3.175896167755127,1.9261261224746704,0.2551305294036865
2094592665.0,-0.4879845082759857,0.608818769454956,10.443876266479492,3.283296823501587,0.3014155030250549,0.1083866357803344
2094600998.0,-0.2415682822465896,0.8890442848205566,10.275948524475098,3.424687147140503,-1.2494367361068726,-0.0067109293304383
2094609331.0,-0.3760111927986145,0.6653546094894409,10.014141082763672,3.1619105339050293,-1.9171485900878904,-0.1350894719362259
2094617664.0,-0.6663777232170105,1.2195119857788086,9.60710334777832,2.626752614974976,-1.317417025566101,-0.3730969727039337
2094625997.0,-0.2877683043479919,1.4024698734283447,9.733925819396973,2.787994146347046,0.3070762753486633,-0.159269317984581
2094634330.0,0.1166046187281608,0.9885159730911256,10.28273105621338,2.36625599861145,0.6229767203330994,-0.2855987250804901
2094642663.0,-0.2648917138576507,1.183212161064148,10.12921905517578,1.76872718334198,0.2697819471359253,-0.4752721488475799
2094650996.0,-0.7485806345939636,1.1449466943740845,10.348895072937012,1.5060784816741943,1.383411884307861,-0.3992234468460083
2094659329.0,-0.0214372165501117,0.5100118517875671,10.476868629455566,0.9927693009376526,1.1004514694213867,-0.4511435031890869
2094667662.0,-0.1983937621116638,0.6039554476737976,9.76530647277832,1.5914250612258911,0.074831984937191,-0.5381549596786499
2094675995.0,-0.1808880269527435,0.5590808391571045,10.551715850830078,2.0100643634796143,-0.1345003396272659,-0.3246860206127167
2094684328.0,-0.618949830532074,0.0017381408251821,9.766312599182127,1.381388545036316,0.1945016682147979,-0.5053688287734985
2094692661.0,-0.1784629076719284,0.075394719839096,9.247895240783691,1.7888598442077637,1.199501872062683,-0.3434613347053528
2094700994.0,-0.424124151468277,0.4615892469882965,9.876943588256836,2.6186840534210205,1.6493133306503296,-0.3321910202503204
2094709327.0,-0.8197572231292725,0.7249768972396851,10.256855010986328,2.5754215717315674,1.3371272087097168,-0.704468309879303
2094717660.0,-0.6467695236206055,0.9651604294776917,10.12843894958496,2.603034019470215,2.159984588623047,-0.4806255400180816
2094725993.0,-0.3065627217292785,0.7670836448669434,10.513812065124512,2.0437982082366943,1.4651470184326172,-0.2656964361667633
2094734326.0,0.2396184504032135,0.8683567047119141,10.471840858459473,1.5837665796279907,-0.8485739827156067,-0.4718654453754425
2094742659.0,-0.3483149111270904,0.1989993453025818,10.196541786193848,1.038772463798523,-1.2007696628570557,-0.1757136583328247
2094750992.0,-0.3787072002887726,-0.5066501498222351,9.380810737609863,0.6209786534309387,0.341501772403717,-0.0229759681969881
2094759325.0,-0.5095487833023071,0.161993145942688,8.716315269470215,2.53802490234375,2.0420565605163574,-0.0731030255556106
2094767658.0,-0.7133633494377136,0.3257577121257782,10.045258522033691,3.89742374420166,3.077717065811157,-0.0555572733283042
2094775991.0,-0.6140538454055786,-0.0857197791337966,9.930952072143556,3.050591230392456,2.386106491088867,-0.0240261480212211
2094784324.0,-0.4138590693473816,0.4244599044322967,9.716219902038574,2.952514410018921,1.6842255592346191,-0.0205426178872585
2094792657.0,-0.3324393332004547,0.1974001079797744,10.67725944519043,2.27189302444458,0.2295931875705719,0.3579973578453064
2094800990.0,-0.9161428213119508,0.3391226828098297,9.770275115966797,1.600134015083313,-0.8234720230102539,-0.036192912608385
2094809323.0,-0.1774666160345077,0.1424353271722793,9.268917083740234,2.600600481033325,-0.3811142146587372,0.1954750418663025
2094817656.0,-0.2728656530380249,-0.3071745038032532,9.514063835144045,3.4167983531951904,-0.0990502536296844,0.3386586308479309
2094825989.0,-0.514369785785675,-0.0461813323199749,9.890853881835938,3.268773317337036,0.4248504936695099,0.2216783910989761
2094834322.0,-0.9500850439071656,-0.3257206380367279,9.403361320495604,3.134246826171875,2.0085270404815674,0.4389894902706146
2094842655.0,-0.9158167243003844,0.1338757276535034,9.354116439819336,3.8144593238830566,2.793654680252075,0.4951359927654266
2094850988.0,-0.8485883474349976,0.7621544599533081,10.009521484375,4.708524703979492,1.9984866380691528,0.3920387029647827
2094859321.0,-0.2166464179754257,0.315980851650238,10.702654838562012,3.891301393508911,-0.197588175535202,0.2961645424365997
2094867654.0,-0.7809227108955383,0.7030393481254578,9.84954071044922,2.934866189956665,-2.13407564163208,0.1173516139388084
2094875987.0,-0.9696961045265198,1.2561806440353394,9.81784439086914,2.927309989929199,-1.3110902309417725,0.2654787600040436
2094884320.0,-0.4640702903270721,0.9567073583602904,9.843080520629885,2.930614471435547,-0.2255077362060547,0.2029800117015838
2094892653.0,-0.2864643633365631,0.9923189282417296,9.917487144470217,3.020007848739624,-0.1207198873162269,-0.0030224795918911
2094900986.0,-0.1010350286960601,0.6557349562644958,10.113236427307127,2.5893301963806152,0.0166876725852489,0.0506521500647068
2094909319.0,-0.5695837736129761,0.2293974012136459,9.658886909484863,2.248584032058716,0.1375100165605545,-0.2079875767230987
2094917652.0,-0.6664243340492249,0.2662486433982849,9.638175964355469,2.345456838607788,0.9207420349121094,-0.0333753451704978
2094925985.0,-0.1890239715576172,0.2732680141925812,9.545109748840332,3.073593139648437,0.7654686570167542,0.0128967678174376
2094934318.0,-0.5354523062705994,0.3510590493679046,9.685580253601074,3.976084470748901,-0.5043442845344543,-0.5413824915885925
2094942651.0,-0.7508538961410522,0.3762968778610229,10.097596168518066,3.217570781707764,-0.2434889376163482,-0.3668471276760101
2094950984.0,-0.4454949796199798,0.2143621891736984,9.71338939666748,2.5032920837402344,0.2260584533214569,-0.2751224935054779
2094959317.0,-0.1522954702377319,0.6982824206352234,9.622737884521484,3.260167121887207,-0.294871062040329,-0.353117823600769
2094967650.0,-0.2209160774946212,1.1410748958587646,10.159797668457031,3.794146299362183,-0.4997080564498901,-0.3199473619461059
2094975983.0,-0.5616341233253479,0.9346965551376344,9.784059524536133,3.404554843902588,-0.4891038239002228,-0.7331050038337708
2094984316.0,-0.5677499175071716,1.0308164358139038,9.996397972106934,2.4166901111602783,0.8679510951042175,-0.4716092646121979
2094992649.0,-0.2253963351249694,0.8456648588180542,10.382099151611328,1.721776247024536,1.427571177482605,-0.12371676415205
2095000982.0,-0.2477967888116836,0.8566712141036987,10.312716484069824,1.7668060064315796,0.3111745417118072,-0.3271706402301788
2095009315.0,-0.5910990834236145,0.8940944671630859,9.709246635437012,2.2186923027038574,-0.3691779375076294,-0.3866212368011474
2095017648.0,-0.5091193318367004,0.8304161429405212,9.93786334991455,2.5936079025268555,0.4310491979122162,-0.3291172981262207
2095025981.0,-0.1993642002344131,0.0729232057929039,10.79790210723877,1.376009464263916,0.1792612224817276,-0.309983491897583
2095034314.0,-0.3143528997898102,0.58649742603302,9.729942321777344,0.7045579552650452,0.0388696044683456,-0.2360095530748367
2095042647.0,-0.5045367479324341,0.0864344462752342,9.286931991577148,1.9194411039352417,0.4312540292739868,-0.2724329829216003
2095050980.0,-0.2892987132072449,-0.2373302578926086,9.68038845062256,2.896726369857788,0.8681560754776001,-0.1989969760179519
2095059313.0,-0.4069204032421112,-0.2592020332813263,10.249628067016602,2.835559606552124,0.9054760336875916,-0.1366263329982757
2095067646.0,-0.5755261778831482,0.1825919896364212,9.946322441101074,2.676495313644409,0.8657996654510498,-0.2515317797660827
2095075979.0,-0.4319050312042236,0.9126311540603638,9.486611366271973,3.921244621276856,0.8323473930358887,-0.3648235499858856
2095084312.0,-0.2123863101005554,0.805047869682312,10.240015983581545,4.296852111816406,0.079698696732521,-0.269845962524414
2095092645.0,-0.3415398597717285,0.1895584464073181,10.508191108703612,2.5653297901153564,0.0170718878507614,-0.1718459278345108
2095100978.0,-0.1924328953027725,-0.1688500344753265,9.527015686035156,1.516964554786682,-0.1234093829989433,-0.0761255025863647
2095109311.0,-0.4120615720748901,0.747198760509491,9.225011825561523,3.112910509109497,0.6423153281211853,0.0149459047242999
2095117644.0,-0.3517538905143738,0.5338603258132935,10.1031494140625,4.205973148345947,0.8603694438934326,-0.1719227433204651
2095125977.0,-0.7007172703742981,0.8559467792510986,10.126541137695312,3.547661066055298,1.432181477546692,-0.134628415107727
2095134310.0,-0.4323602020740509,0.9091452360153198,10.05405616760254,2.4611053466796875,1.7786654233932495,0.0267796851694583
2095142643.0,-0.6405680775642395,0.6925747990608215,10.08928108215332,1.7596850395202637,1.4279295206069946,0.180541917681694
2095150976.0,-0.6528399586677551,0.604272186756134,10.399560928344728,1.4976770877838137,0.5836331248283386,0.099319189786911
2095159309.0,-0.6066616773605347,0.5597084760665894,10.082533836364746,1.929712414741516,0.0824137926101684,0.1868174076080322
2095167642.0,-0.1945285350084304,0.1484842598438263,10.05290699005127,2.3857994079589844,-0.7489089369773865,0.0486030094325542
2095175975.0,0.0311548765748739,0.6265260577201843,9.694469451904297,2.606517553329468,-0.960585117340088,0.1297745257616043
2095184308.0,-0.4469982087612152,0.3252031505107879,9.35027313232422,2.561692476272583,-0.4890013039112091,0.0390232875943183
2095192641.0,-0.5029253959655762,0.4947342276573181,8.81978702545166,1.952970266342163,1.3987293243408203,0.1510599553585052
2095200974.0,-0.8459854125976562,0.3566969633102417,9.4758939743042,2.104299068450928,2.6541342735290527,0.10334063321352
2095209307.0,-0.789081335067749,0.2068370282649994,10.423545837402344,1.729434609413147,2.852413892745972,0.0141006372869014
2095217640.0,-0.3550760447978973,0.3537841439247131,10.435606002807615,2.091543197631836,1.5699348449707031,0.1619203686714172
2095225973.0,-0.411728948354721,0.7454476356506348,10.66132640838623,3.03278923034668,-0.715507984161377,0.2026982605457306
2095234306.0,-0.4176335632801056,0.811686635017395,10.023118019104004,2.6697847843170166,-2.1469855308532715,-0.1160837188363075
2095242639.0,-0.4725944399833679,0.9731140732765198,9.348111152648926,2.4717607498168945,-1.10556161403656,-0.3271962404251098
2095250972.0,-0.1108933985233306,0.8073318600654602,9.974075317382812,1.854713797569275,0.5439566969871521,-0.0160857401788234
2095259305.0,0.0264674089848995,0.3681657314300537,9.857165336608888,1.0628498792648315,1.568269968032837,0.0067237364128232
2095267638.0,-0.3604715466499328,0.8980435729026794,9.43699550628662,1.8547908067703247,2.114621639251709,-0.5564948916435242
2095275971.0,-0.8233120441436768,0.8862241506576538,9.969992637634276,2.669272422790528,3.25863003730774,-0.2342165857553482
2095284304.0,-1.0977877378463743,0.0979624837636947,10.153861045837402,2.046871900558472,3.645814895629883,-0.2714340686798095
2095292637.0,-0.8025823831558228,0.1566685736179351,9.746123313903809,1.854508876800537,2.769244432449341,-0.2113942801952362
2095300970.0,-0.7744243741035461,0.0075392508879303,10.022957801818848,2.3349039554595947,1.015284299850464,-0.2567058801651001
2095309303.0,-0.7479255795478821,-0.2335781306028366,9.727129936218262,2.812225341796875,-1.0359677076339722,-0.3851100206375122
2095317636.0,-0.4047463238239288,0.0722424387931823,9.920507431030272,3.398637533187866,-1.4892628192901611,-0.3579845428466797
2095325969.0,-0.7361162900924683,0.3119611442089081,9.418354988098145,3.339289665222168,-0.9541302919387816,-0.4567530453205108
2095334302.0,-0.8501284718513489,0.6065212488174438,9.374539375305176,3.727549314498901,1.014336347579956,-0.6691461801528931
2095342635.0,-0.5127381086349487,0.7097059488296509,10.01447296142578,3.603859186172485,3.0683934688568115,-0.3651565313339233
2095350968.0,-0.8508296012878418,0.9768868684768676,10.507705688476562,3.130892276763916,3.197770833969116,-0.1727936416864395
2095359301.0,-0.5699847340583801,1.3635262250900269,10.535696983337402,2.957995891571045,1.541093349456787,-0.4342893958091736
2095367634.0,-0.996581733226776,1.2885550260543823,10.386236190795898,3.058788299560547,0.3011593818664551,-0.3342401683330536
2095375967.0,-0.5512601137161255,0.2579120695590973,10.40308666229248,1.831276655197144,-0.6880751252174377,-0.4800876080989837
2095384300.0,-0.6860435009002686,0.1494514942169189,9.312615394592283,1.3733967542648315,-0.7786983251571655,-0.1042499244213104
2095392633.0,-0.4737105667591095,0.1342909485101699,9.39128589630127,2.080298662185669,-0.6689925193786621,-0.0913403630256652
2095400966.0,-0.5499540567398071,0.1852488964796066,9.59582805633545,2.51151442527771,0.0676856189966201,-0.121437095105648
2095409299.0,-0.4231400787830353,0.2331440895795822,9.77346134185791,2.7730355262756348,0.8735094666481018,-0.0862431302666664
2095417632.0,-0.784008800983429,0.1114178150892257,9.773444175720217,2.5909948348999023,1.6639646291732788,0.1316699683666229
2095425965.0,-1.1368807554244995,0.1695691645145416,9.779458999633787,2.478599786758423,2.0377020835876465,-0.2293498814105987
2095434298.0,-0.53992760181427,0.1471920609474182,9.916511535644531,2.965449571609497,1.3612556457519531,-0.0519968979060649
2095442631.0,-0.4205624163150787,0.5061160326004028,10.452611923217772,3.1766390800476074,-0.153634175658226,0.0477065183222293
2095450964.0,-0.4303263127803802,0.6454446315765381,10.107505798339844,2.8759539127349854,-1.926677227020264,0.0356165952980518
2095459297.0,-0.7909829020500183,0.630469799041748,9.644645690917969,2.723984241485596,-1.3787888288497925,0.0821832790970802
2095467630.0,-0.5410982370376587,-0.0244019012898206,9.891317367553713,1.6716233491897583,0.3565117120742798,0.3850972056388855
2095475963.0,-0.5529528856277466,0.2388193309307098,9.29123306274414,2.091005325317383,1.098351240158081,0.2227285802364349
2095484296.0,-0.6891533732414246,0.519316554069519,10.225396156311035,3.267441272735596,1.764526128768921,0.0344895683228969
2095492629.0,-0.7469742298126221,0.7701448798179626,10.259576797485352,3.046083450317383,1.1707371473312378,0.0916861593723297
2095500962.0,-0.8213639855384827,0.4904152154922485,10.015337944030762,2.9177818298339844,0.8114206194877625,0.0187880434095859
2095509295.0,-0.5117362141609192,0.38167804479599,10.340279579162598,2.215515851974488,0.2171958982944488,0.3212409019470215
2095517628.0,-0.5571755170822144,0.56527179479599,9.891773223876951,1.769264817237854,-1.1890383958816528,-0.0950800329446792
2095525961.0,-0.4634026288986206,0.5489324331283569,9.277506828308104,2.4697890281677246,-1.348205327987671,-0.2058872431516647
2095534294.0,-0.1581423431634903,0.9333735704421996,9.934374809265137,3.1026394367218018,-0.5916631817817688,-0.0480523072183132
2095542627.0,-0.3796176612377167,0.5425082445144653,9.90911102294922,2.47880482673645,-0.2901836931705475,-0.2819359004497528
2095550960.0,-0.3172639012336731,0.2379411607980728,9.50018310546875,1.6540775299072266,1.396167874336243,0.0550321824848651
2095559293.0,-0.4644018411636352,0.8193522691726685,9.289764404296877,2.129298686981201,2.018798589706421,-0.1149822995066642
2095567626.0,-0.601384162902832,0.720686674118042,10.000207901000977,2.658155679702759,1.8647801876068115,-0.3121863007545471
2095575959.0,-0.4939493536949157,-0.3925872445106506,10.23440170288086,2.054889440536499,1.2165865898132324,-0.3373138904571533
2095584292.0,-0.6829718947410583,-0.5038355588912964,9.7649564743042,1.659021258354187,0.6456452012062073,-0.1074004843831062
2095592625.0,-0.3867982029914856,0.2851003110408783,9.04069995880127,2.81829571723938,0.0766762122511863,-0.0754339173436164
2095600958.0,-0.6286295056343079,0.5702093243598938,9.490793228149414,4.7701520919799805,-0.3349061012268066,-0.1888793706893921
2095609291.0,-0.8033648729324341,0.3812572360038757,10.235671997070312,3.839458465576172,-0.0022540527861565,-0.5376172065734863
2095617624.0,-0.7617159485816956,-0.1077800244092941,9.86514663696289,2.3075990676879883,1.2609246969223022,-0.4013750553131103
2095625957.0,-0.2283546775579452,0.2671631276607513,9.93966293334961,2.578085422515869,2.186264514923096,-0.0867041796445846
2095634290.0,-0.400164932012558,1.015194296836853,10.081965446472168,3.8399195671081534,1.1594411134719849,0.0875878632068634
2095642623.0,-0.8769494295120239,1.7108479738235474,10.132596015930176,4.6177473068237305,0.2116888463497162,-0.3663091957569122
2095650956.0,-0.6031115055084229,1.425338864326477,10.477852821350098,3.555217266082764,0.1933234333992004,-0.6383323073387146
2095659289.0,-0.5299469828605652,0.9865630269050598,9.999102592468262,1.2397418022155762,0.3253392279148102,-0.6451969742774963
2095667622.0,-0.4882816672325134,0.4968364834785461,9.862626075744627,0.1764180362224578,1.0868247747421265,-0.1198746114969253
2095675955.0,-0.502444326877594,0.3157980144023895,9.587449073791504,0.8721262812614441,0.8651847839355469,-0.0246408935636281
2095684288.0,-0.5849692225456238,0.0985894128680229,9.640495300292969,2.5405352115631104,0.8486636281013489,-0.0557878017425537
2095692621.0,-0.4107916057109833,-0.0690341368317604,10.395462036132812,3.05356240272522,0.770540177822113,-0.0090674385428428
2095700954.0,-0.7293245792388916,0.3491545021533966,9.758041381835938,2.3857738971710205,0.3594061732292175,-0.4224299490451813
2095709287.0,-0.6978006958961487,0.8592008352279663,9.521123886108398,2.6571569442749023,1.302701473236084,-0.179632619023323
2095717620.0,-0.6634163856506348,0.5888941884040833,10.125886917114258,2.40536904335022,1.789192795753479,0.1281608343124389
2095725953.0,-0.7623084187507629,0.4975328743457794,10.03029727935791,1.841804027557373,1.0730698108673096,0.0648680478334426
2095734286.0,-0.8500353693962097,0.9308671355247498,9.922213554382324,2.2935116291046143,0.8809376358985901,0.1118189468979835
2095742619.0,-1.0196021795272827,0.5754068493843079,10.342453002929688,2.317845106124878,0.5294590592384338,0.0714252963662147
2095750952.0,-0.6184606552124023,0.4133791029453277,9.78734016418457,1.828100562095642,0.2834855616092682,0.1941174864768982
2095759285.0,-0.447903573513031,0.3876533210277557,9.63265609741211,2.538460493087769,-0.4522961974143982,0.2518263459205627
2095767618.0,-0.5450290441513062,0.1149880960583686,10.441617965698242,1.9315568208694456,-0.637128472328186,0.2148906141519546
2095775951.0,-0.3083865046501159,0.1661404222249984,9.279107093811035,1.8650107383728027,-0.6738080978393555,0.0608210004866123
2095784284.0,-0.5629240274429321,0.2648409008979797,9.376748085021973,3.1350929737091064,0.0560311451554298,-0.0732054859399795
2095792617.0,-0.4917199909687042,0.0540473610162735,10.120538711547852,2.840195894241333,1.160721778869629,0.1219109371304512
2095800950.0,-0.6492969989776611,0.1679252684116363,9.432180404663086,2.843397855758667,1.6267215013504028,0.0617174953222274
2095809283.0,-0.4595769941806793,0.44981649518013,9.845582008361816,3.3720498085021973,1.6583293676376345,0.1122031509876251
2095817616.0,-0.133384108543396,0.3835523724555969,10.465486526489258,3.401942014694214,0.3550261259078979,-0.0898035168647766
2095825949.0,-0.1169388964772224,0.8760714530944824,9.874667167663574,3.2216947078704834,-1.362165093421936,-0.4432799816131592
2095834282.0,-0.340385377407074,0.9217455983161926,9.500346183776855,3.1514599323272705,-0.920754849910736,-0.2096268832683563
2095842615.0,-0.4076105058193207,0.9004495143890381,9.088438034057615,2.774982213973999,0.6994863748550415,-0.2834727466106415
2095850948.0,-0.3762334287166595,1.122378945350647,9.232935905456545,2.587332248687744,2.1179513931274414,-0.2385453730821609
2095859281.0,-0.6379817724227905,0.9702484011650084,9.894774436950684,1.9067620038986208,3.1361429691314697,-0.2721000015735626
2095867614.0,-0.854356050491333,0.841408371925354,9.920636177062988,1.2774972915649414,2.8293614387512207,-0.2784779667854309
2095875947.0,-0.8417090773582458,0.9359349012374878,10.356689453125,1.3812092542648315,2.2509920597076416,-0.3579333126544952
2095884280.0,-0.4816009104251861,0.6873595714569092,10.281103134155272,1.117280125617981,0.470418244600296,-0.4213029146194458
2095892613.0,-0.5593405365943909,0.5809717178344727,9.572486877441406,1.411638855934143,-1.137348771095276,-0.6455811858177185
2095900946.0,-0.4083987176418304,0.6590772271156311,10.144655227661133,1.1984261274337769,-0.8415301442146301,-0.465077668428421
2095909279.0,-0.5968618392944336,0.0431387946009635,9.649285316467283,0.1046725735068321,0.076753057539463,-0.4417686760425567
2095917612.0,-0.2584083676338196,0.0251687578856945,8.840095520019531,0.8467170000076294,1.4173765182495115,-0.459416925907135
2095925945.0,-0.2217575162649154,0.0732653886079788,9.566905975341797,2.001765489578247,2.0410830974578857,-0.1197209432721138
2095934278.0,-0.987552523612976,-0.2195830196142196,10.06432819366455,1.7963135242462158,2.0056073665618896,-0.5022950768470764
2095942611.0,-0.976025938987732,0.3202589452266693,9.67119026184082,1.7330464124679563,2.9135043621063232,-0.3662579655647278
2095950944.0,-0.697429358959198,-0.0865260511636734,10.347827911376951,2.4111320972442627,2.4795732498168945,0.0429678782820701
2095959277.0,-0.5407042503356934,-0.8120256662368774,10.49752426147461,2.093540906906128,0.2664264440536499,-0.2493289858102798
2095967610.0,-0.4855217039585113,0.0596571043133735,9.517475128173828,2.852234601974488,-0.7062612771987915,-0.1524815410375595
2095975943.0,-0.6714088320732117,0.0181574523448944,10.00421905517578,3.801830530166626,-0.791915237903595,-0.2167732417583465
2095984276.0,-0.5761322379112244,0.382862776517868,9.850101470947266,3.459599256515503,0.0851545259356498,-0.2523002028465271
2095992609.0,-0.7677149176597595,0.7493342757225037,9.73525619506836,3.42834997177124,1.7652945518493652,-0.3209207355976105
2096000942.0,-0.4475680887699127,0.4842900335788727,10.086886405944824,3.103151559829712,2.672576665878296,0.0406369864940643
2096009275.0,-0.4012198746204376,0.6931161284446716,10.14148235321045,3.014910221099853,2.141977310180664,-0.077687956392765
2096017608.0,-0.5029190182685852,0.8389590382575989,10.735486030578612,3.11846923828125,1.0676909685134888,0.0555700846016407
2096025941.0,-0.7664706707000732,0.5259276032447815,10.549148559570312,2.542199850082397,0.1469104290008545,-0.0884715616703033
2096034274.0,-0.9055335521697998,0.2249806076288223,9.690546989440918,2.104555368423462,0.6528171896934509,-0.0295844450592994
2096042607.0,-0.18185356259346,0.363443374633789,9.445100784301758,2.902618169784546,1.080472469329834,0.1524943560361862
2096050940.0,-0.4271505177021026,0.1003086417913436,9.762578010559082,3.4284780025482178,0.5003100037574768,0.0341565832495689
2096059273.0,-0.6842775344848633,-0.0875372514128685,10.188465118408203,2.8746471405029297,0.6334015727043152,-0.1051208153367042
2096067606.0,-1.2159240245819092,-0.369358092546463,9.59109878540039,2.2187180519104004,1.8375012874603271,0.0181476864963769
2096075939.0,-0.8453387022018433,0.0564948245882988,9.271502494812012,3.4810900688171387,2.6934523582458496,0.3262869417667389
2096084272.0,-0.6736030578613281,0.1791894435882568,10.236761093139648,4.824044227600098,2.129913091659546,0.5896780490875244
2096092605.0,-0.8498426675796509,0.5849549770355225,10.882231712341309,4.184098243713379,0.4572013318538666,0.2243166714906692
2096100938.0,-1.0558600425720217,0.6609983444213867,10.131141662597656,3.394078493118286,-0.6205817461013794,0.0738586485385894
2096109271.0,-0.7656276822090149,1.0591301918029783,9.670961380004885,3.4306557178497314,-0.3483535945415497,0.1332324594259262
2096117604.0,-0.418316900730133,0.5605896711349487,10.520010948181152,3.2407002449035645,-0.5793170928955078,0.2056182622909546
2096125937.0,-0.6968002319335938,0.4181965887546539,9.786263465881348,2.354499101638794,-0.5495278835296631,0.1845889836549759
2096134270.0,-0.6467800736427307,0.8850089907646179,9.608195304870604,2.9898085594177246,0.7397775053977966,0.1701681613922119
2096142603.0,-0.3427412807941437,0.1792904436588287,10.572547912597656,2.889375686645508,1.228983759880066,0.3229058980941772
2096150936.0,-0.5433467030525208,0.3921402990818023,10.145902633666992,2.4774727821350098,0.6585547924041748,-0.0280475877225399
2096159269.0,-0.385475754737854,0.6007046103477478,9.93720817565918,3.0614774227142334,0.505330502986908,0.0667378827929496
2096167602.0,-0.4939800202846527,0.5109319686889648,9.73581314086914,3.201228618621826,0.3475723564624786,0.1226281523704528
2096175935.0,-0.2524096667766571,0.2356348186731338,9.923335075378418,3.028537034988404,0.2662471532821655,-0.1052488759160041
2096184268.0,-0.4454497694969177,0.320373922586441,9.510655403137209,2.630082368850708,0.4338923096656799,0.118811622262001
2096192601.0,-0.7400450110435486,0.3565863668918609,9.027291297912598,3.0595052242279053,1.1221212148666382,-0.1960257440805435
2096200934.0,-0.7021867632865906,0.7767173051834106,9.45178508758545,3.73771905899048,2.2366225719451904,-0.0611411780118942
2096209267.0,-1.039363145828247,1.074880599975586,10.083369255065918,3.6944310665130615,2.1237916946411133,-0.2884931266307831
2096217600.0,-0.6137823462486267,0.2018297612667083,10.237139701843262,2.8723673820495605,1.1911258697509766,-0.3463557064533233
2096225933.0,-0.4124055504798889,0.2959057986736297,9.76276683807373,2.384237051010132,-0.1301459223031997,0.0198894534260034
2096234266.0,-0.6262347102165222,0.4973625838756561,9.754046440124512,3.1365787982940674,-0.9914246201515198,-0.1343722939491272
2096242599.0,-0.6981275081634521,0.6220242977142334,9.494752883911133,3.97444486618042,-0.8275958299636841,-0.4027582108974457
2096250932.0,-0.381265640258789,0.414916455745697,9.749781608581545,3.697683572769165,-0.0890606939792633,-0.5315977931022644
2096259265.0,-0.6072900295257568,0.3545540571212768,9.46877384185791,2.9785385131835938,1.0968143939971924,-0.3929992318153381
2096267598.0,-0.5985711216926575,1.110203504562378,9.355429649353027,3.1196727752685547,2.0411853790283203,-0.2361888587474823
2096275931.0,-0.7484124302864075,0.8081191182136536,10.307805061340332,3.6444058418273926,1.9475910663604736,-0.310649424791336
2096284264.0,-0.6188065409660339,0.3688660860061645,10.584887504577637,3.0068421363830566,1.0542947053909302,-0.3296296000480652
2096292597.0,-0.2943128049373626,0.0110833402723073,9.996908187866213,2.3623623847961426,-0.1544282287359237,-0.1161093190312385
2096300930.0,-0.5989646911621094,0.9539000988006592,9.539969444274902,3.0697505474090576,-0.6166626811027527,-0.1437983065843582
2096309263.0,-0.2630637288093567,0.7915699481964111,9.765265464782717,3.524172782897949,-0.6184045076370239,-0.3059107959270477
2096317596.0,-0.416118711233139,0.0624762848019599,9.55678653717041,2.9433958530426025,0.105441004037857,-0.5433291792869568
2096325929.0,-0.1783841103315353,0.1804772317409515,9.559345245361328,2.3332390785217285,1.5041319131851196,-0.0891887694597244
2096334262.0,-0.6048139333724976,0.2458047568798065,9.2549467086792,2.880282163619995,2.456059455871582,-0.0204145461320877
2096342595.0,-0.9365506768226624,0.6413554549217224,9.855926513671877,3.9923501014709473,2.874621868133545,-0.1869839280843734
2096350928.0,-0.204910472035408,0.4591369926929474,10.55156135559082,3.745915651321411,2.183447360992432,0.0497044287621974
2096359261.0,-0.4786067008972168,0.4864576160907745,10.15333652496338,3.2958731651306152,0.3413993716239929,-0.2977911233901977
2096367594.0,-0.5346095561981201,0.8178495168685913,9.97216796875,2.873161554336548,-0.1378301978111267,-0.0642661154270172
2096375927.0,-0.8679278492927551,0.5106246471405029,9.725064277648926,2.372326374053955,0.4484924674034118,-0.0925954654812812
2096384260.0,-0.967157781124115,1.3718748092651367,9.06627082824707,2.781027317047119,1.4834612607955933,-0.2462296336889267
2096392593.0,-0.6217464208602905,1.4040992259979248,10.296419143676758,3.322306871414185,2.393637180328369,-0.2064251154661178
2096400926.0,-0.2040494829416275,0.3683507740497589,11.06276512145996,1.5329735279083252,1.411229133605957,-0.2049651145935058
2096409259.0,-0.4579106271266937,0.4677316546440124,10.155370712280272,0.5851187109947205,0.4295891225337982,-0.1065808311104774
2096417592.0,-0.6168254017829895,0.3392808139324188,9.72507667541504,1.4093592166900637,0.5140136480331421,0.0695810690522193
2096425925.0,-0.5545598268508911,-0.2525197267532348,9.513165473937988,2.3747596740722656,0.7752532958984375,-0.1703858971595764
2096434258.0,-0.1977381408214569,-0.2229211628437042,9.675432205200195,3.065396308898926,1.3685814142227173,0.0258063431829214
2096442591.0,-0.3538126945495605,-0.3850579261779785,9.963807106018066,2.7104854583740234,1.25272798538208,0.2257254272699356
2096450924.0,-0.7065817713737488,0.3018844723701477,8.894353866577148,3.008865594863892,1.5991606712341309,-0.2587037682533264
2096459257.0,-0.6985329389572144,0.1508025228977203,9.225584983825684,4.161250591278076,2.6495749950408936,0.0604880228638649
2096467590.0,-0.7186069488525391,-0.104829154908657,10.202173233032228,3.52161192893982,2.424041748046875,0.1139705553650856
2096475923.0,-0.691834568977356,0.1560927182435989,9.560457229614258,3.2170069217681885,1.1175363063812256,-0.0498965308070182
2096484256.0,-0.922571301460266,0.3899761140346527,9.474886894226074,3.622633695602417,1.2246804237365725,0.2515445947647095
2096492589.0,-0.8900331854820251,0.4545896351337433,10.13274383544922,3.8077738285064697,0.9068335294723512,0.2160176485776901
2096500922.0,-0.4720856249332428,0.8693435788154602,9.581184387207031,3.9458084106445312,0.2316679060459137,0.0727572217583656
2096509255.0,-1.0371580123901367,0.7656479477882385,9.954769134521484,3.984332323074341,0.3072811663150787,0.1780317425727844
2096517588.0,-1.073611617088318,0.5182181000709534,9.93956184387207,2.9260294437408447,0.8448470830917358,-0.004175120498985
2096525921.0,-0.8217642903327942,0.7333878874778748,9.119418144226074,2.912172079086304,1.4120999574661257,0.0564153492450714
2096534254.0,-0.1219405159354209,1.1660969257354736,10.18459129333496,3.786104202270508,0.4250297844409942,0.0303912870585918
2096542587.0,-0.766489565372467,0.9841498732566832,10.843911170959473,2.7927842140197754,-1.243238091468811,-0.2470492720603943
2096550920.0,-1.1275241374969482,0.9394400715827942,9.675071716308594,1.5540285110473633,-0.5028586983680725,-0.3196913003921509
2096559253.0,-1.1110715866088867,0.4600083231925964,9.272052764892578,1.8162156343460083,1.5652474164962769,-0.1099875345826149
2096567586.0,-0.455566942691803,0.0479198060929775,10.254060745239258,2.1520698070526123,1.7423701286315918,0.2512628734111786
2096575919.0,-0.5529015064239502,0.6223374605178833,10.039588928222656,2.562793731689453,0.028931276872754,0.070451945066452
2096584252.0,-0.6255035996437073,0.5466856956481934,9.887503623962402,3.028537034988404,-1.3723337650299072,-0.1248949840664863
2096592585.0,-0.442726731300354,0.467852920293808,9.748302459716797,2.6492416858673096,-1.181892156600952,-0.1434653252363205
2096600918.0,-0.7393624186515808,0.4743379354476928,9.620537757873535,2.117259740829468,-0.7517008781433105,-0.164366528391838
2096609251.0,-0.5815574526786804,0.0908849313855171,9.57180881500244,1.9830669164657595,0.2292858213186264,0.0827467814087867
2096617584.0,-1.0006341934204102,0.3241434097290039,9.155335426330566,2.7264180183410645,1.2926095724105835,-0.0923905596137046
2096625917.0,-0.548302173614502,1.2710543870925903,10.32079792022705,3.942248582839966,1.6990052461624146,-0.0505625046789646
2096634250.0,-0.2539116144180298,0.7918650507926941,11.403257369995115,3.0784595012664795,0.1858440786600113,0.1553119122982025
2096642583.0,-0.6550498604774475,0.5137811899185181,10.490835189819336,1.5229071378707886,-1.4809125661849976,-0.3141842186450958
2096650916.0,-0.8287039399147034,0.67624831199646,9.32337474822998,1.8103244304656985,-0.6329020857810974,-0.112600177526474
2096659249.0,-0.4653184115886688,0.9714199900627136,9.894257545471191,2.741760730743408,0.1794661581516266,0.1118701845407486
2096667582.0,-0.1020525395870208,1.138975977897644,10.72714614868164,2.6549792289733887,-0.1164166927337646,0.0501910969614982
2096675915.0,-0.3915964066982269,0.50304114818573,10.248023986816406,1.6784110069274902,-0.3626207113265991,-0.0966937318444252
2096684248.0,-0.7895880341529846,0.1393302232027053,9.300333976745604,1.183339238166809,0.5653958916664124,-0.3211256563663482
2096692581.0,-0.7633719444274902,0.5826106667518616,9.524091720581056,1.9392921924591064,2.1690773963928223,-0.0341181643307209
2096700914.0,-0.5382606983184814,0.3836067318916321,10.62624740600586,2.4152815341949463,1.9536619186401367,0.0395868048071861
2096709247.0,-0.6764839887619019,0.0321499183773994,10.19908332824707,2.5474507808685303,0.3345091044902801,-0.1594998389482498
2096717580.0,-0.3112383186817169,-0.1751777082681656,9.729578971862791,2.511514186859131,-0.5110808610916138,-0.1180816292762756
2096725913.0,-0.5929843783378601,-0.3417980670928955,9.65959644317627,2.6989336013793945,-1.043626308441162,-0.0590151958167552
2096734246.0,-0.2213069349527359,-0.0171257331967353,9.445181846618652,3.184809923171997,-0.8279033303260803,-0.2604455351829529
2096742579.0,-0.3068589568138122,0.4059392511844635,9.064729690551758,4.434784889221191,-0.0302760284394025,-0.1920555531978607
2096750912.0,-0.409258097410202,0.3975772559642792,9.969544410705566,4.599458694458008,1.2045480012893677,-0.1184402331709861
2096759245.0,-0.5184623599052429,0.6087545156478882,10.259745597839355,3.746837854385376,2.230936050415039,-0.1208223551511764
2096767578.0,-0.6413060426712036,0.7922233939170837,10.474570274353027,3.319540977478028,2.7349987030029297,0.0803390517830848
2096775911.0,-0.5191552639007568,1.0774749517440796,10.31714916229248,3.699041366577149,2.027840614318848,0.0739354938268661
2096784244.0,-0.5598872900009155,0.9093663096427916,10.448741912841797,3.840816020965576,0.5681877732276917,-0.0087088402360677
2096792577.0,-0.5720453858375549,0.9588683843612672,10.549182891845703,3.1400365829467773,0.2322570830583572,0.0687358006834983
2096800910.0,-0.4276392757892608,0.5186680555343628,10.220327377319336,1.938190579414368,-0.3301162123680115,-0.1031741350889206
2096809243.0,-0.460430771112442,0.721979022026062,9.126242637634276,1.9757922887802124,0.3457025289535522,0.0557493790984153
2096817576.0,-0.2786505818367004,0.4369855523109436,9.738412857055664,2.650753259658813,1.6373515129089355,0.3212921619415283
2096825909.0,-0.8355023860931396,0.2769837081432342,9.839667320251465,2.251145601272583,2.321277379989624,0.2531326711177826
2096834242.0,-0.8672083020210266,0.5133522748947144,9.790657043457031,2.1918740272521973,3.039039134979248,0.1671200692653656
2096842575.0,-0.9229103922843932,-0.0817404687404632,10.027616500854492,2.3778076171875,3.027743339538574,0.4848390221595764
2096850908.0,-0.8610879778862,-0.0712375491857528,10.041237831115724,2.554494857788086,1.5624555349349976,0.5236189961433411
2096859241.0,-0.6676411628723145,0.0882876366376876,9.72987174987793,3.13916563987732,-0.0746655017137527,0.5344282388687134
2096867574.0,-0.6559552550315857,0.0677321329712867,9.796135902404783,3.414876937866211,-1.2780990600585938,0.2734191417694092
2096875907.0,-0.4419977962970733,0.4961020648479461,9.623109817504885,3.279710531234741,-1.3162899017333984,0.3376083970069885
2096884240.0,-0.5480616092681885,0.6237322092056274,9.580862998962402,3.097081184387207,0.0371022224426269,0.5007454752922058
2096892573.0,-0.4889624118804931,0.5056391358375549,9.283280372619627,3.0522048473358154,1.2959650754928589,0.425004243850708
2096900906.0,-1.0830529928207395,0.7936915159225464,9.472238540649414,3.360856533050537,2.7743163108825684,0.2895305156707763
2096909239.0,-0.6142510175704956,0.500595211982727,10.601235389709473,3.2548396587371826,3.3774805068969727,0.5060476660728455
2096917572.0,-0.2986879348754883,-0.00360909383744,10.234248161315918,2.890810012817383,1.0441771745681765,0.5281015634536743
2096925905.0,-0.9778326153755188,0.5712904930114746,10.274124145507812,3.330785751342773,-0.4269124865531921,0.5903440713882446
2096934238.0,-0.6277360916137695,0.4513389468193054,10.053872108459473,2.9938302040100098,-0.8628155589103699,0.6190576553344727
2096942571.0,-0.7533075213432312,0.9188300967216492,8.723337173461914,3.560314416885376,-0.9162467122077942,0.0542125254869461
2096950904.0,-0.408221423625946,1.2789744138717651,9.71226406097412,4.139247417449951,0.2364065647125244,0.3618650734424591
2096959237.0,-0.3955320715904236,0.3484092652797699,10.255539894104004,2.272763729095459,0.9619296789169312,0.3959576189517975
2096967570.0,-0.7139559388160706,0.5645821690559387,9.04131317138672,1.4663509130477903,1.1885645389556885,0.2599204778671264
2096975903.0,-0.5776425004005432,1.030066967010498,9.571450233459473,2.80443811416626,2.3505282402038574,0.7988694906234741
2096984236.0,-0.7917056083679199,0.3652501106262207,10.537065505981444,3.1309690475463867,1.2978605031967163,0.4047945737838745
2096992569.0,-0.4228261709213257,0.4168420135974884,9.795161247253418,2.820601224899292,0.1964996010065078,0.2295163720846176
2097000902.0,-0.6274719834327698,0.2499206066131591,9.812793731689451,2.6351540088653564,-0.0687229931354522,0.6851423382759094
2097009235.0,-0.9776179194450378,0.3527294397354126,9.654531478881836,2.442714214324951,0.0472966842353343,0.2664520740509033
2097017568.0,-0.76045823097229,0.2724029421806335,8.835577964782715,3.0152437686920166,0.5631930232048035,0.3716497421264648
2097025901.0,-0.5951713919639587,-0.0372488349676132,9.857608795166016,3.749731540679932,0.9166949391365052,0.513091504573822
2097034234.0,-0.8812772035598755,0.1388131231069564,10.104305267333984,3.089550733566284,0.4147328734397888,0.4709561765193939
2097042567.0,-0.6785144209861755,0.5399798154830933,9.305985450744627,3.9272639751434326,0.2088456600904464,0.1919146478176117
2097050900.0,-0.7224507927894592,0.622645378112793,10.167765617370604,4.577942848205566,0.1859465390443802,0.3844312727451324
2097059233.0,-0.5190714001655579,0.4498310685157776,10.607863426208496,3.333475112915039,-0.0683900117874145,0.7582966685295105
2097067566.0,-0.8701775670051575,0.9201342463493348,9.403310775756836,3.1177518367767334,-0.4471221268177032,0.6540210843086243
2097075899.0,-0.5977129936218262,1.3823546171188354,9.834823608398438,3.767200708389282,0.1549276858568191,0.5519739985466003
2097084232.0,-0.3751856982707977,0.6842694878578186,10.295806884765623,3.2247681617736816,-0.2099855095148086,0.6162400841712952
2097092565.0,-0.5822446346282959,0.5451896786689758,10.204736709594728,2.016237497329712,-0.6704782843589783,0.4984402060508728
2097100898.0,-0.5717679858207703,0.8243153095245361,9.344393730163574,1.91096293926239,-0.0092723546549677,0.4892959892749786
2097109231.0,-0.2249255776405334,0.340036541223526,9.36862850189209,3.0684189796447754,0.4345327317714691,0.5864251255989075
2097117564.0,-0.3464199304580688,-0.1206661909818649,10.077430725097656,3.013834953308105,0.3885038793087005,0.8783761262893677
2097125897.0,-0.3036940991878509,-0.5125856995582581,9.896202087402344,2.2541422843933105,0.399057000875473,1.1292420625686646
2097134230.0,-0.9774757623672484,0.4965386688709259,8.889245986938477,3.6341090202331534,0.5043827295303345,0.6213117241859436
2097142563.0,-0.6443843841552734,0.8041660785675049,9.986608505249023,4.992278575897217,1.0674861669540403,0.6366802453994751
2097150896.0,-0.5936776995658875,0.7520277500152588,9.95279312133789,4.40302324295044,0.7706682682037354,0.6375511288642883
2097159229.0,-0.5217880010604858,0.986200213432312,9.986004829406738,3.677499294281006,0.1006511226296424,0.6089911460876465
2097167562.0,-0.6566538214683533,0.919687271118164,9.934309005737305,2.8296172618865967,0.1847682893276214,1.0293720960617063
2097175895.0,-0.8736532330513,0.5329529643058777,9.735754013061523,2.537076950073242,0.2358430474996566,0.8451801538467407
2097184228.0,-0.3580410480499267,0.4109555780887604,9.870447158813477,3.043931722640991,0.3876329958438873,0.8971513509750366
2097192561.0,-0.3034621477127075,0.8045652508735657,10.477205276489258,3.6516036987304688,-0.1138040423393249,0.9515560269355774
2097200894.0,-0.3898821771144867,0.8670040965080261,10.51095199584961,3.527682065963745,-0.5524221658706665,0.9301169514656068
2097209227.0,-0.5723403096199036,0.8980921506881714,9.858464241027832,2.7164790630340576,0.2512628734111786,1.1540364027023315
2097217560.0,-0.3784530460834503,0.6085348129272461,9.54639720916748,2.662100315093994,1.049018144607544,0.9654389023780824
2097225893.0,-0.3538849949836731,0.1835260093212127,9.666563987731934,2.7705509662628174,1.2675589323043823,0.9931023716926576
2097234226.0,-0.5292956233024597,0.841853678226471,9.862662315368652,2.9586360454559326,1.395783543586731,0.9535794854164124
2097242559.0,-0.7297099828720093,1.107070803642273,9.96556282043457,3.5346486568450928,1.1213270425796509,0.8775563836097717
2097250892.0,-0.796432375907898,0.9512538909912108,10.150715827941896,3.346230745315552,0.7133179903030396,0.816312849521637
2097259225.0,-0.7323819994926453,0.734603762626648,10.263912200927734,2.133678674697876,0.8231262564659119,0.9182831645011902
2097267558.0,-0.3509567379951477,0.1664343327283859,9.364381790161133,2.102429151535034,0.3275932371616363,0.9780666828155518
2097275891.0,-0.3717523515224457,0.5279043912887573,9.328577995300291,3.4978418350219727,-0.2855987548828125,0.8237410187721252
2097284224.0,-0.3055824935436249,0.8275192975997925,10.617905616760254,3.731955289840698,-0.089777871966362,1.1090834140777588
2097292557.0,-0.4032686352729797,0.6799887418746948,9.959102630615234,3.076538562774658,0.1060045138001442,0.8040436506271362
2097300890.0,-0.0660499185323715,0.5817878842353821,9.58692455291748,3.1290218830108643,0.8816036581993103,0.7188250422477722
2097309223.0,-0.238902598619461,0.5717484951019287,9.737485885620115,3.1642932891845703,1.4116647243499756,0.8834222555160522
2097317556.0,-0.8172993659973145,0.220110148191452,9.375042915344238,3.4028382301330566,1.8681869506835933,0.5085834264755249
2097325889.0,-0.7039827704429626,0.2375882863998413,9.844331741333008,3.527887344360352,3.233605146408081,0.7117299437522888
2097334222.0,-0.7983992695808411,0.979202389717102,10.37671947479248,3.4745328426361084,2.6426591873168945,0.9094462990760804
2097342555.0,-0.5604495406150818,1.6621135473251345,10.39472198486328,3.8395609855651855,1.1552916765213013,0.5521020889282227
2097350888.0,-0.3222211003303528,1.1149778366088867,10.66880226135254,3.2773797512054443,-0.3589322566986084,0.6228997707366943
2097359221.0,-0.1065315082669258,0.8050184845924377,10.352839469909668,1.6017221212387085,-0.9684229493141174,0.5252583026885986
2097367554.0,-0.4285130202770233,0.5507404804229736,9.599345207214355,0.6951318979263306,-0.1750989109277725,0.5565844178199768
2097375887.0,-0.8693154454231262,1.441897749900818,9.228116989135742,1.3360002040863037,2.541995048522949,0.6879343390464783
2097384220.0,-0.7646774649620056,1.261633038520813,9.736897468566896,2.5982182025909424,4.170010566711426,0.5788176655769348
2097392553.0,-0.9507556557655334,0.3762147724628448,10.509146690368652,1.9024332761764529,4.159867286682129,0.5078918933868408
2097400886.0,-0.8124706149101257,0.1775792241096496,10.80604648590088,0.1229099109768867,3.0273590087890625,0.8608815670013428
2097409219.0,-0.8439710736274719,0.2076112627983093,9.963574409484863,0.0388696044683456,1.1047548055648804,0.9861352443695068
2097417552.0,-1.051466464996338,0.8455423712730408,9.66582489013672,1.9012805223464968,-0.7706554532051086,0.6341699957847595
2097425885.0,-0.3299337327480316,0.8303790092468262,10.19102382659912,2.759255170822144,-1.581525444984436,0.3086643517017364
2097434218.0,-0.3742749392986297,-0.1438392847776413,9.844759941101074,1.5326404571533203,-1.6430249214172363,0.3505435585975647
2097442551.0,-0.3852449655532837,-0.4149149656295776,8.808003425598145,0.5470304489135742,0.107259601354599,0.9059369564056396
2097450884.0,-1.0489314794540403,-0.1138666868209838,8.03418254852295,1.708891987800598,2.8397347927093506,1.1575969457626345
2097459217.0,-0.9345529079437256,0.2942998111248016,9.147821426391602,3.970578193664551,3.843761920928955,0.9754540920257568
2097467550.0,-0.7688682675361633,0.6418612599372864,10.688648223876951,4.4076337814331055,2.704952955245972,0.7069401144981384
2097475883.0,-0.4927739202976227,0.6695539951324463,11.10791301727295,3.0265910625457764,0.2425283938646316,0.7222062349319458
2097484216.0,-0.256600946187973,0.4403437077999115,10.2626371383667,2.019003629684448,-1.5965863466262815,0.9105219841003418
2097492549.0,-0.32244873046875,0.5079644322395325,9.668787956237791,2.365795135498047,-2.3243894577026367,0.7631633877754211
2097500882.0,-0.4323849081993103,0.5129774808883667,9.4985933303833,2.953692674636841,-1.2067378759384155,0.7270985245704651
2097509215.0,-0.32681405544281,0.175767570734024,9.707661628723145,3.277405261993408,1.2783167362213137,0.9811147451400756
2097517548.0,-0.3611716330051422,0.5363097190856934,9.88017749786377,3.212985754013061,2.99692964553833,1.1433298587799072
2097525881.0,-0.6750410199165344,0.7381328344345093,9.55984592437744,3.4559876918792725,3.570918798446656,1.0682799816131592
2097534214.0,-0.683401346206665,0.0128438184037804,9.763641357421877,3.562901735305786,3.1633968353271484,0.871844470500946
2097542547.0,-0.4476687014102936,-0.0969750210642814,10.199702262878418,3.2469499111175537,1.6520540714263916,1.0348790884017944
2097550880.0,-0.5954316854476929,-0.3090773820877075,10.349138259887695,2.89785385131836,0.0546479746699333,1.427366018295288
2097559213.0,-0.850132942199707,0.1416695117950439,9.74979019165039,3.8365638256073,-0.6287782192230225,1.2976553440093994
2097567546.0,-0.8365901112556458,0.3383358120918274,9.420422554016112,4.863874435424805,0.4095331728458404,1.339765191078186
2097575879.0,-0.3789423406124115,0.7255448698997498,9.377774238586426,5.149985313415527,1.168969750404358,1.2478872537612915
2097584212.0,-0.6029321551322937,1.3517829179763794,9.912014961242676,4.634217262268066,1.5568716526031494,0.9984045028686525
2097592545.0,-0.6744693517684937,1.4445815086364746,10.475150108337402,3.044904947280884,1.8275883197784424,0.882090151309967
2097600878.0,-0.4136829972267151,1.1295686960220337,9.930256843566896,2.122357130050659,1.5857388973236084,0.7768926024436951
2097609211.0,-0.6564931273460388,1.4135186672210691,9.981868743896484,2.464512348175049,1.3338487148284912,1.154651403427124
2097617544.0,-1.0300079584121704,1.171890377998352,10.24229335784912,2.3883097171783447,1.0540897846221924,1.10283362865448
2097625877.0,-0.7206485867500305,0.7414582967758179,9.78914737701416,2.0710771083831787,0.7432097792625427,0.8297858834266663
2097634210.0,-0.1180736646056175,0.696922242641449,10.301987648010254,1.611814260482788,0.4806895554065704,1.1511677503585815
2097642543.0,-0.448783665895462,0.5306121706962585,10.006147384643556,0.7651867866516113,-0.2961517572402954,1.2225544452667236
2097650876.0,-0.6721673011779785,0.7388958930969238,9.086965560913086,1.32462739944458,0.2289528250694275,0.8111900091171265
2097659209.0,-0.7381532788276672,0.3493344783782959,9.792780876159668,2.116389036178589,1.793342351913452,0.6569923162460327
2097667542.0,-0.6209957003593445,-0.2150463014841079,10.234296798706056,1.3658918142318726,2.620016098022461,0.9402088522911072
2097675875.0,-0.4035562574863434,0.2574717700481415,9.413773536682127,1.8820958137512207,2.1257123947143555,0.7966923713684082
2097684208.0,-0.69586580991745,0.8155030012130737,9.608037948608398,3.5364677906036377,0.9099841117858888,0.5881412625312805
2097692541.0,-0.8811706304550171,0.3937041163444519,10.156158447265623,3.466541051864624,0.542624831199646,0.4751056730747223
2097700874.0,-0.6484045386314392,-0.2796058058738708,9.938560485839844,2.109883069992065,0.4930099844932556,0.7330666780471802
2097709207.0,-0.4942817389965057,0.134263277053833,9.112603187561035,2.343228816986084,0.6560958623886108,0.8985601663589478
2097717540.0,-0.8310188055038452,0.9009599089622498,9.377180099487305,4.23117733001709,0.6883953809738159,0.7710013389587402
2097725873.0,-1.0096368789672852,0.7502614855766296,10.437057495117188,4.406071186065674,1.3405083417892456,0.323879212141037
2097734206.0,-0.6369209289550781,0.6862555146217346,10.264429092407228,3.149308443069458,1.9496145248413088,0.4333544373512268
2097742539.0,-0.8375198841094971,0.7007699608802795,10.083094596862791,2.667530536651612,1.5295156240463257,0.6352458596229553
2097750872.0,-0.6230151653289795,1.24846351146698,10.450490951538086,2.878796339035034,0.8627001047134399,0.6875500679016113
2097759205.0,-0.6827526092529297,0.9614178538322448,10.361283302307127,3.001309633255005,-0.3146965205669403,0.541753888130188
2097767538.0,-0.2688470780849457,0.4960877001285553,10.02678680419922,2.767861604690552,-0.9676034450531006,0.2918614149093628
2097775871.0,-0.0724500939249992,0.8261956572532654,9.879653930664062,2.400604486465454,-0.5037807822227478,0.6144469976425171
2097784204.0,-0.7793734669685364,1.210608720779419,9.494111061096191,2.2920000553131104,0.5291004776954651,0.7369598746299744
2097792537.0,-1.0656461715698242,1.2252161502838137,9.254239082336426,2.55731201171875,2.7690651416778564,0.8030189871788025
2097800870.0,-0.6947853565216064,1.096450924873352,10.135367393493652,2.279423713684082,3.732800960540772,1.056830644607544
2097809203.0,-0.9916608929634094,1.0077996253967283,10.531777381896973,1.041922926902771,2.310314416885376,1.1285759210586548
2097817536.0,-1.09519362449646,0.9077597856521606,10.18047046661377,0.5433419942855835,0.7556071877479553,0.8587300181388855
2097825869.0,-0.4250353574752807,0.8911296129226685,9.952777862548828,0.9953306913375854,-1.15476655960083,0.8612145781517029
2097834202.0,-0.469512015581131,0.1212813481688499,10.291841506958008,1.2041893005371094,-2.5022289752960205,1.1049597263336182
2097842535.0,-0.9070277214050292,0.2499032020568847,9.428980827331545,0.53440260887146,-1.7683556079864502,1.1896405220031738
2097850868.0,-0.6092069149017334,0.4304786324501037,9.004060745239258,1.4525192975997925,0.6345798969268799,1.2475285530090332
2097859201.0,-0.2679441571235657,0.0878560692071914,9.323988914489746,2.392305612564087,1.374267816543579,1.358591914176941
2097867534.0,-0.4641159772872925,0.1117288395762443,10.144710540771484,2.367997646331787,1.4222943782806396,1.2818259000778198
2097875867.0,-0.5031082630157471,0.6885206699371338,10.22779655456543,1.880789279937744,0.8673107624053955,1.0197155475616455
2097884200.0,-0.9046650528907776,0.9482330083847046,9.606420516967772,2.5760369300842285,0.685782790184021,0.9740965962409972
2097892533.0,-0.7520332336425781,0.4194927513599396,10.14626121520996,2.541534185409546,0.9146203994750975,1.425112009048462
2097900866.0,-0.7955607175827026,0.2798482179641723,9.97354221343994,1.4789786338806152,0.8681048154830933,1.6094831228256226
2097909199.0,-0.3493612408638,0.1981396526098251,9.59467601776123,1.7386813163757324,-0.0669812262058258,1.3760350942611694
2097917532.0,0.149151861667633,0.56010901927948,10.187095642089844,2.9078691005706787,-1.1943405866622925,1.279930591583252
2097925865.0,0.1614620089530944,0.8403181433677673,10.313302993774414,3.07912540435791,-2.3334310054779053,0.8998664617538452
2097934198.0,-0.1993604153394699,0.8507031798362732,9.016118049621582,2.620016098022461,-0.7972686886787415,1.1832879781723022
2097942531.0,-0.7710526585578918,0.9427849054336548,8.77161693572998,2.309084892272949,2.708923101425171,1.400214910507202
2097950864.0,-0.963986337184906,0.8305653929710388,9.530044555664062,1.6705220937728882,5.222781658172607,1.3084648847579956
2097959197.0,-0.9270342588424684,-0.200467824935913,10.28254508972168,1.035442590713501,5.2238054275512695,1.47762131690979
2097967530.0,-0.7916971445083618,-0.2693995535373688,10.19446849822998,1.4179142713546753,2.6258559226989746,1.3214255571365356
2097975863.0,-0.6607017517089844,0.4993643760681152,10.118021965026855,3.0655500888824463,-0.5598503351211548,1.3592578172683716
2097984196.0,-0.4340732991695404,1.3189271688461304,10.22317600250244,3.917351722717285,-2.8246865272521973,1.1515519618988037
2097992529.0,-0.2321994751691818,0.8719826936721802,10.091291427612305,2.7255725860595703,-3.733889818191528,0.6971554756164551
2098000862.0,-0.2471107840538025,0.4023955762386322,9.000449180603027,1.126834273338318,-2.18924880027771,0.4530005156993866
2098009195.0,-0.503771960735321,0.8758712410926819,8.462773323059082,0.8768136501312256,2.1308865547180176,0.7684910297393799
2098017528.0,-0.4563320875167846,0.8769609928131104,9.393978118896484,1.966776251792908,4.996889114379883,1.0766814947128296
2098025861.0,-0.9950481057167052,1.0817642211914062,9.959086418151855,2.749905586242676,5.090227127075195,0.9097535610198976
2098034194.0,-1.0414679050445557,0.5144665837287903,10.63865089416504,2.362490653991699,4.18543004989624,0.9125968217849731
2098042527.0,-0.5768444538116455,-0.220620796084404,10.34356689453125,0.940081000328064,1.1352614164352417,0.9516586065292358
2098050860.0,-0.7805227637290955,0.1877614557743072,9.48026180267334,0.9920777082443236,-2.053877592086792,0.821205198764801
2098059193.0,-0.9516806602478028,0.3573570549488067,9.617087364196776,1.8692883253097528,-2.692030191421509,0.6282787322998047
2098067526.0,-0.7575384378433228,0.109724722802639,9.647622108459473,2.1762497425079346,-1.669817566871643,0.5924188494682312
2098075859.0,-0.2507107555866241,0.2997212707996368,9.746485710144045,2.2463302612304688,0.205285295844078,0.9388002157211304
2098084192.0,-0.7612195611000061,0.1714764535427093,9.828810691833496,1.8556618690490725,1.808454871177673,1.370118260383606
2098092525.0,-1.0074636936187744,0.5792759656906128,9.395855903625488,2.0272257328033447,2.8865065574646,1.0324714183807373
2098100858.0,-0.5197006464004517,0.6691838502883911,10.308439254760742,2.908099412918091,2.8170154094696045,1.2841057777404783
2098109191.0,-0.608383297920227,0.0395112410187721,10.90326690673828,2.410542726516724,0.4277449548244476,1.269070029258728
2098117524.0,-0.2539872527122497,-0.1445000022649765,10.269268035888672,1.6305382251739502,-1.6808319091796875,1.2392295598983765
2098125857.0,-0.3679683208465576,0.6631805300712585,9.108549118041992,2.5892786979675293,-2.3024630546569824,1.4892498254776
2098134190.0,-0.7017380595207214,0.6248746514320374,9.946096420288086,3.452376127243042,-1.2030237913131714,1.4586154222488403
2098142523.0,-0.5922684669494629,0.6523078680038452,10.055987358093262,2.275043487548828,0.914953351020813,1.4674524068832395
2098150856.0,-0.9846687316894532,0.6632497906684875,9.71744155883789,2.120922803878784,2.698780059814453,1.1398975849151611
2098159189.0,-0.6381281614303589,0.4524584114551544,10.396929740905762,2.391050338745117,3.757441997528076,1.290355563163757
2098167522.0,-0.3020986020565033,-0.034480020403862,10.65699863433838,2.5455808639526367,2.297737598419189,1.6128127574920654
2098175855.0,-0.5722651481628418,0.5098585486412048,10.28294277191162,3.1584277153015137,-0.324660450220108,1.372705340385437
2098184188.0,-0.6104918718338013,0.476175844669342,9.563895225524902,3.4155428409576416,-1.714539885520935,1.4617915153503418
2098192521.0,-0.7928037047386169,0.192377507686615,9.157705307006836,3.481653213500977,-1.038605809211731,1.3122299909591677
2098200854.0,-0.3235614895820617,0.0224262978881597,9.580577850341797,2.797471523284912,-0.0199022609740495,1.3290842771530151
2098209187.0,-0.314829409122467,0.2834177315235138,9.056079864501951,3.0626559257507324,0.9295023083686828,1.3383567333221436
2098217520.0,-0.2702174186706543,0.9804619550704956,9.76061725616455,4.181947231292725,1.5175026655197144,1.4005993604660034
2098225853.0,-0.7943027019500732,0.7067210078239441,10.687417984008787,3.658853054046631,1.9116544723510744,1.5449098348617554
2098234186.0,-0.7114004492759705,0.5310134887695312,9.832427024841309,2.615252017974853,1.525827407836914,1.3008317947387695
2098242519.0,-0.686429500579834,0.1848113685846328,9.560739517211914,2.9697012901306152,1.3239357471466064,1.3799028396606443
2098250852.0,-0.2304434031248092,-0.0451356694102287,10.23130226135254,3.086630821228028,0.3427056670188904,1.6670129299163818
2098259185.0,-0.3888526558876037,0.497578501701355,9.853405952453612,3.5095722675323486,-1.1255918741226196,1.54383385181427
2098267518.0,-0.5741402506828308,1.1573224067687988,9.938846588134766,4.073572635650635,-0.7956037521362305,1.2274469137191772
2098275851.0,-0.4175742268562317,0.7037262320518494,9.787872314453123,3.337214946746826,0.4657820761203766,1.1596461534500122
2098284184.0,-0.7065073847770691,0.3545173406600952,8.934945106506348,2.9079713821411133,1.7763088941574097,0.8800923228263855
2098292517.0,-0.4602216184139251,0.4155208766460418,9.442139625549316,3.0293314456939697,3.3268918991088867,1.3120251893997192
2098300850.0,-0.745347261428833,0.7578033804893494,10.237662315368652,3.5821123123168945,2.931971788406372,1.322808861732483
2098309183.0,-0.8551816940307617,1.176719069480896,10.564149856567385,4.018835067749023,1.251217007637024,0.8790422081947327
2098317516.0,-0.9990666508674622,0.9908637404441832,10.176103591918944,3.668457984924317,0.3165791034698486,1.1542927026748655
2098325849.0,-0.6844967603683472,0.7116571068763733,9.692875862121582,2.9032070636749268,-0.3402851223945617,0.7817080616950989
2098334182.0,-0.2547243237495422,1.4992011785507202,9.54334545135498,2.791733741760254,-0.4396427273750305,0.9270687103271484
2098342515.0,-0.3712611198425293,1.3111306428909302,10.259851455688477,2.677135944366455,-0.816735565662384,0.6940048933029175
2098350848.0,-0.3791793286800384,0.7776349782943726,9.866351127624512,1.632177710533142,-0.0975134000182151,0.6047649383544922
2098359181.0,-0.3638735115528106,1.0766128301620483,9.25331211090088,1.9275352954864504,1.521344780921936,0.7811444997787476
2098367514.0,-0.7355363368988037,0.9642252922058104,10.017162322998049,2.224301815032959,2.8905792236328125,1.0178711414337158
2098375847.0,-0.7646043300628662,1.0210182666778564,10.153552055358888,1.8118867874145508,3.168775081634521,1.159005641937256
2098384180.0,-0.9872419238090516,0.7035506367683411,10.11559772491455,1.823720932006836,2.495530843734741,1.1424589157104492
2098392513.0,-0.6362453103065491,0.3788692355155945,10.295933723449709,1.4389948844909668,0.6126284599304199,1.0891300439834597
2098400846.0,-0.5594078898429871,0.1389147639274597,9.86894702911377,1.3286230564117432,-1.1075083017349243,0.8918747901916504
2098409179.0,-0.4606527388095855,0.2580147385597229,9.822617530822754,1.579949975013733,-1.7953271865844729,1.043920874595642
2098417512.0,-0.7705790400505066,0.3628797829151153,9.238816261291504,1.8945183753967283,-0.733335554599762,1.0827009677886963
2098425845.0,-0.8116927742958069,0.3587801456451416,9.34115982055664,2.6133053302764893,1.6207791566848757,1.2366424798965454
2098434178.0,-0.5973211526870728,-0.1677087843418121,10.440352439880373,2.214107275009156,2.9017980098724365,1.4192719459533691
2098442511.0,-0.9961600303649902,0.0319398455321788,10.055697441101074,2.027661323547364,2.5014736652374268,1.5609188079833984
2098450844.0,-0.6736739873886108,0.7792745232582092,10.03951930999756,3.2391631603240967,1.3619215488433838,1.6166552305221558
2098459177.0,-0.4260700643062591,0.7404072284698486,10.64764404296875,4.116553783416748,-1.0017727613449097,1.4171204566955566
2098467510.0,-0.1230999678373336,0.2024736702442169,10.491061210632324,2.624600887298584,-2.716747999191284,1.39519464969635
2098475843.0,-0.6935837268829346,0.5883515477180481,9.26341438293457,1.4616379737854004,-1.7028344869613647,1.4624576568603516
2098484176.0,-0.5536811947822571,1.08132803440094,9.299883842468262,2.0371127128601074,0.8402877449989319,1.5617893934249878
2098492509.0,-0.5654839873313904,0.2942191660404205,9.939949035644531,2.794987201690674,2.522835731506348,1.8571215867996216
2098500842.0,-0.4825483560562134,0.1878240406513214,10.64301300048828,2.4833128452301025,2.9994654655456543,1.893314838409424
2098509175.0,-0.4161961674690246,0.593267560005188,10.389825820922852,2.2429490089416504,2.0849859714508057,1.952765226364136
2098517508.0,-0.6579763889312744,0.8987889885902405,10.103017807006836,2.992575168609619,0.3065127432346344,1.6259020566940308
2098525841.0,-0.3908067047595978,0.918499231338501,9.975067138671877,2.8495194911956787,-0.6832853555679321,1.4428883790969849
2098534174.0,-0.2152859568595886,0.137097418308258,9.62897777557373,2.0576300621032715,-1.2270500659942627,1.3779561519622805
2098542507.0,-0.7179510593414307,0.3772341012954712,9.328307151794434,1.4417355060577393,0.1247285157442092,1.3270094394683838
2098550840.0,-0.7656465172767639,1.2211850881576538,9.486531257629396,2.0553247928619385,2.52498745918274,1.5782594680786133
2098559173.0,-0.6408492922782898,1.0215733051300049,9.82038116455078,3.065908908843994,3.218979358673096,1.357695460319519
2098567506.0,-0.63060462474823,0.8975006937980652,10.196096420288086,3.0437779426574707,2.643632173538208,1.057112216949463
2098575839.0,-0.3598253130912781,0.8772732615470886,10.637309074401855,1.6864285469055176,1.394477367401123,1.1219675540924072
2098584172.0,-0.1722830235958099,0.582834780216217,10.157416343688965,0.9114185571670532,-0.6648942828178406,1.0809590816497805
2098592505.0,-0.2636445462703705,0.7640830874443054,9.536660194396973,1.3605897426605225,-1.1070984601974487,0.9973798990249634
2098600838.0,-0.5542482137680054,0.9144643545150756,9.589219093322754,2.011806011199951,0.0660719126462936,0.83577960729599
2098609171.0,-0.3528315722942352,0.4518440067768097,9.718149185180664,1.6997989416122437,1.6634268760681152,0.6819149851799011
2098617504.0,-0.307945966720581,0.636273980140686,9.638579368591309,1.2198907136917114,3.376532554626465,1.0460981130599976
2098625837.0,-0.6575948596000671,0.6945081949234009,9.420608520507812,1.399574637413025,3.897859334945679,1.0753753185272217
2098634170.0,-0.7309787273406982,0.1078110039234161,9.652410507202148,1.7818411588668823,3.276841640472412,0.8998150825500488
2098642503.0,-0.8033909797668457,0.1980484277009964,9.918730735778809,1.6823300123214722,2.0249717235565186,0.9722010493278505
2098650836.0,-1.1412898302078247,-0.2966324090957641,9.95718765258789,1.4582568407058716,0.8432334065437317,1.0038602352142334
2098659169.0,-0.4228071868419647,0.1309553682804107,9.428539276123049,1.893263339996338,0.105031169950962,1.2182769775390625
2098667502.0,-0.4070324599742889,0.4286294877529144,9.576967239379885,3.0205202102661133,-0.6588749885559082,1.2962212562561035
2098675835.0,-0.6671284437179565,0.2395655214786529,10.07502269744873,2.583592653274536,-0.3096248507499695,1.0747860670089722
2098684168.0,-0.9001173377037048,0.5258268713951111,9.40768814086914,1.8675212860107424,1.409589767456055,1.0564720630645752
2098692501.0,-0.5059823393821716,0.6501883268356323,9.56452751159668,2.419738292694092,3.143904209136963,1.4109985828399658
2098700834.0,-0.9351837635040284,0.8007150292396545,9.870917320251465,2.909610748291016,3.160707235336304,1.4675036668777466
2098709167.0,-1.0253299474716189,0.9644430875778198,10.147859573364258,2.710280656814575,2.3589556217193604,1.235899567604065
2098717500.0,-0.90926855802536,0.4264432489871979,10.12181568145752,2.236494302749634,0.8807327151298523,1.3886116743087769
2098725833.0,-0.947543740272522,-0.0859541371464729,10.14659309387207,1.689578890800476,-0.6416109800338745,1.2721949815750122
2098734166.0,-0.5043070316314697,-0.0585925802588462,9.848492622375488,1.6054619550704956,-1.098056674003601,1.5252636671066284
2098742499.0,-0.3789461255073547,-0.0208837855607271,9.36887550354004,2.987118721008301,-1.5079354047775269,1.5192439556121826
2098750832.0,-0.5745364427566528,0.4796191453933716,9.641225814819336,3.7005014419555664,-0.519661545753479,1.413841724395752
2098759165.0,-0.6864255666732788,0.887866735458374,9.776164054870604,3.194287061691284,1.4972416162490845,1.4340256452560425
2098767498.0,-0.4882616102695465,1.0245527029037476,9.481130599975586,3.0683417320251465,2.4945316314697266,1.1882827281951904
2098775831.0,-0.2725085616111755,0.5744306445121765,9.990665435791016,2.6419928073883057,2.2472519874572754,1.6760544776916504
2098784164.0,-1.007333517074585,0.4634690582752228,10.220616340637209,1.637992024421692,1.5397614240646362,1.6006208658218384
2098792497.0,-0.8717193603515625,0.8094251155853271,9.58789348602295,1.9282267093658447,0.3830736875534057,1.3827459812164309
2098800830.0,-0.669499397277832,0.6314612030982971,9.87135410308838,3.1761269569396973,-0.1440032422542572,1.467964768409729
2098809163.0,-0.2697444260120392,0.0834308415651321,10.853204727172852,2.4663052558898926,-1.141421675682068,1.5938329696655271
2098817496.0,-0.3426936864852905,0.0994351059198379,9.647612571716309,1.6699072122573853,-1.2342987060546875,1.6388883590698242
2098825829.0,-0.925091564655304,0.7519649267196655,8.93951416015625,2.611281394958496,0.63222336769104,1.4541840553283691
2098834162.0,-0.8237894773483276,1.0250132083892822,10.242361068725586,3.132275581359864,2.4943783283233643,1.3750874996185305
2098842495.0,-0.5408218502998352,0.7719792127609253,10.39514446258545,2.696474313735962,2.305166006088257,1.117228865623474
2098850828.0,-0.5530959367752075,0.45778888463974,9.724711418151855,2.411772489547729,1.2205567359924316,1.0173077583312988
2098859161.0,-0.734890341758728,0.2557744085788727,10.261606216430664,2.296687364578247,0.6112709045410156,1.4287747144699097
2098867494.0,-0.7813780903816223,0.3192492723464966,10.218716621398926,1.9215670824050903,-0.3108799457550049,1.3579514026641846
2098875827.0,-0.5917856693267822,0.5122580528259277,9.755735397338867,3.047722816467285,-0.6025492548942566,1.4386875629425049
2098884160.0,-0.3828016817569732,0.6264104247093201,9.821822166442873,3.803572654724121,-0.685897946357727,1.3740884065628052
2098892493.0,-0.4922488033771515,0.5082008242607117,9.807550430297852,3.363776922225952,-0.0195692777633667,1.2733477354049685
2098900826.0,-0.8046945333480835,0.4947521388530731,9.633493423461914,2.436695098876953,1.472728967666626,1.435204029083252
2098909159.0,-0.8126102685928345,0.7350485920906067,10.021504402160645,2.11316180229187,2.5118730068206787,1.574801683425903
2098917492.0,-0.8547688126564026,0.972218930721283,9.849325180053713,2.8533358573913574,1.859785437583924,1.4448860883712769
2098925825.0,-0.6419890522956848,0.8699430823326111,10.646269798278809,3.5560107231140137,0.5146795511245728,1.3606151342391968
2098934158.0,0.0209074839949607,0.3946044743061065,10.930671691894531,2.4443538188934326,-1.2388837337493896,1.498701810836792
2098942491.0,-0.0001704095629975,0.1651290506124496,9.858189582824709,1.4382522106170654,-2.685422420501709,1.4761101007461548
2098950824.0,-0.1875919252634048,0.7178229093551636,9.08265781402588,2.2827789783477783,-1.7571364641189575,1.506078600883484
2098959157.0,-0.2671117186546325,0.4817045927047729,9.302496910095217,3.065678119659424,0.505330502986908,1.4239851236343384
2098967490.0,-0.2254235744476318,-0.3010765612125397,9.83127212524414,2.809638023376465,2.6631500720977783,1.5778752565383911
2098975823.0,-0.6510201096534729,-0.0048773759044706,9.49383544921875,2.2489678859710693,4.088479995727539,1.9248456954956048
2098984156.0,-0.7643991708755493,0.1031934171915054,9.575276374816896,2.957355737686157,4.067605018615723,1.87361741065979
2098992489.0,-0.7755662798881531,0.4400687515735626,9.816044807434082,4.1259284019470215,2.1416189670562744,1.7330976724624634
2099000822.0,-0.9166966676712036,0.2794802784919739,10.42372989654541,3.940430402755737,-0.0024077384732663,1.7043328285217283
2099009155.0,-0.5664370059967041,0.2662875652313232,10.123953819274902,2.690685987472534,-1.2186486721038818,1.660942316055298
2099017488.0,-0.1681521087884903,0.2732832729816437,9.77055549621582,2.714686155319214,-1.979672908782959,1.7100958824157717
2099025821.0,-0.2878738641738891,0.2845410406589508,9.47642421722412,3.3543248176574707,-1.6455864906311035,1.733917236328125
2099034154.0,-0.5376719832420349,0.2418766766786575,9.15838623046875,4.097445487976074,0.2376616895198822,1.5716512203216553
2099042487.0,-0.4878159165382385,0.362015962600708,9.422222137451172,4.459527969360352,2.4481444358825684,1.7895768880844116
2099050820.0,-0.6453964710235596,0.8290712237358093,10.180703163146973,4.018553256988525,3.3778648376464844,2.2223551273345947
2099059153.0,-0.63257896900177,1.1056406497955322,10.239194869995115,3.710670709609986,2.5228869915008545,1.9137548208236688
2099067486.0,-0.5726252198219299,1.019522190093994,10.050772666931152,3.6963002681732178,0.4476215541362762,1.8120917081832888
2099075819.0,-0.4053186476230621,0.8675858378410339,10.620829582214355,3.111015558242798,-1.3276625871658323,1.7343013286590576
2099084152.0,-0.383433848619461,1.0048789978027344,10.169270515441896,2.0841662883758545,-2.2484943866729736,1.586686611175537
2099092485.0,-0.3535545468330383,1.288644313812256,9.421553611755373,2.571297645568848,-1.465595245361328,1.7570979595184326
2099100818.0,-0.3230051100254059,1.2934075593948364,9.28142261505127,3.108582258224488,0.3062053918838501,1.6439090967178345
2099109151.0,-0.0860516279935836,0.9051052927970886,9.770370483398438,2.5933518409729004,1.375983953475952,1.5227792263031006
2099117484.0,-0.451433390378952,0.9018862843513488,9.713953018188477,1.80591893196106,2.116593837738037,1.537379264831543
2099125817.0,-0.3234550356864929,1.3098673820495603,9.717710494995115,1.6278488636016846,2.4504754543304443,1.7233643531799316
2099134150.0,-0.5643206238746643,1.3590383529663086,9.96768569946289,2.386260747909546,1.4200148582458496,1.4444507360458374
2099142483.0,-0.5062359571456909,0.50046706199646,10.242233276367188,1.8367069959640503,-0.0897266641259193,1.247887134552002
2099150816.0,-0.4888378977775574,0.1656219065189361,9.50234031677246,1.122326135635376,-0.4166411161422729,1.322270750999451
2099159149.0,-0.3830437660217285,0.0088027380406856,9.566587448120115,1.6205228567123413,-0.362262099981308,1.5028510093688965
2099167482.0,-0.4093609452247619,0.227324441075325,9.594037055969238,2.448810338973999,0.0429678782820701,1.5080764293670654
2099175815.0,-0.2860020697116852,0.8525357246398926,9.652697563171388,3.510085105895996,0.6862693428993225,1.3025989532470703
2099184148.0,-0.1701823472976684,0.4478717744350433,10.284258842468262,3.400481700897217,1.156649112701416,1.3694522380828855
2099192481.0,-0.3396019339561462,0.052464623004198,10.05001735687256,2.029582500457764,1.278316855430603,1.5159655809402466
2099200814.0,-0.2826091945171356,0.2231310904026031,9.84984016418457,2.1849582195281982,1.530079007148743,1.654282569885254
2099209147.0,-0.4462869763374328,0.3064629733562469,9.838648796081545,3.119006872177124,1.2084155082702637,1.722954273223877
2099217480.0,-0.5009185671806335,0.3775638937950134,10.073737144470217,3.781083822250366,0.8709481358528137,1.7127344608306885
2099225813.0,-0.234627366065979,0.3885955214500427,10.28341007232666,3.51784610748291,0.5018981099128723,1.9593735933303835
2099234146.0,-0.222519651055336,0.3790843188762665,10.158303260803224,2.798419237136841,0.48448047041893,2.016826868057251
2099242479.0,-0.1854347139596939,0.6030828356742859,9.893860816955566,2.672755479812622,0.5569942593574524,1.9302759170532229
2099250812.0,-0.4841198027133941,1.068987488746643,9.479230880737305,3.2812728881835938,1.314586520195007,1.7997456789016724
2099259145.0,-0.4252051413059234,1.0839848518371582,10.098684310913086,3.570330142974853,2.0651862621307373,1.866855263710022
2099267478.0,-0.7122986316680908,0.9009422063827516,10.39431381225586,2.281549453735352,2.4385900497436523,2.0196692943573
2099275811.0,-0.7817233800888062,0.9997939467430116,9.98012351989746,1.4655824899673462,2.2538862228393555,1.9499989748001096
2099284144.0,-0.5763862729072571,1.145169973373413,9.910512924194336,1.9065570831298828,1.4908125400543213,2.081271886825561
2099292477.0,-0.5411075949668884,0.9520416855812072,10.39233112335205,2.1557579040527344,0.1741895973682403,1.9516894817352293
2099300810.0,-0.4594751894474029,0.1260610818862915,10.490849494934082,1.0752215385437012,-0.9697292447090148,1.7651152610778809
2099309143.0,-0.4913314878940582,0.3148193061351776,9.427472114562988,0.6812745332717896,-0.5136166214942932,1.9388822317123413
2099317476.0,-0.4021292924880981,0.2657161951065063,9.35845947265625,1.9124995470047,0.778429388999939,1.9724626541137693
2099325809.0,-0.4690154194831848,0.5528419613838196,9.72556972503662,2.797701358795166,1.4380725622177124,2.020822048187256
2099334142.0,-0.6077669262886047,0.6073446869850159,9.797941207885742,3.033839225769043,1.6066910028457642,1.800104022026062
2099342475.0,-0.5236028432846069,0.3317150473594665,10.211221694946287,2.231653213500977,1.7673182487487793,1.8204421997070312
2099350808.0,-0.5315259099006653,0.041308119893074,10.106515884399414,1.5115598440170288,1.1194316148757937,1.9700803756713867
2099359141.0,-0.6508824825286865,0.1306585371494293,9.353761672973633,2.465024471282959,0.3470344841480255,1.814935207366944
2099367474.0,-0.4311661720275879,0.1408373713493347,9.926292419433594,3.7622828483581534,-0.1748940050601959,2.005786895751953
2099375807.0,-0.5374618768692017,0.2113150656223297,10.318358421325684,3.820427417755127,-0.3781429827213287,2.0356786251068115
2099384140.0,-0.6404861211776733,0.487442135810852,9.656627655029297,3.394103765487671,0.0726035386323928,2.0380859375
2099392473.0,-0.4844866096973419,0.6657624840736389,9.401396751403809,3.5668203830718994,0.9697932600975036,1.931633472442627
2099400806.0,-0.5120922923088074,0.4859914183616638,9.847654342651367,3.506626605987549,0.956883668899536,1.7413963079452517
2099409139.0,-0.4389167129993438,0.806065559387207,9.703712463378906,3.4273252487182617,0.6744099259376526,1.9470020532608032
2099417472.0,-0.5737704038619995,0.5117495656013489,10.071351051330566,3.474660396575928,0.2178874760866165,1.982682466506958
2099425805.0,-0.625856876373291,0.7241908311843872,9.865318298339844,3.089038610458374,-0.1442849934101104,1.890241265296936
2099434138.0,-0.4937390983104706,0.5322303175926208,9.76125144958496,3.0559449195861816,-0.2304256707429886,1.8192896842956543
2099442471.0,-0.406645804643631,0.5737981200218201,9.85321044921875,3.104176044464112,-0.5008606910705566,1.9092978239059448
2099450804.0,-0.1907649934291839,0.5757116079330444,10.148868560791016,3.0603506565093994,-0.3322934806346893,1.8878077268600464
2099459137.0,0.1931415796279907,0.4503615200519562,9.863722801208496,2.8478291034698486,-0.6338242292404175,2.025919437408448
2099467470.0,-0.3494676351547241,0.6652299165725708,9.60047721862793,2.928616762161255,-0.5358498692512512,1.9810434579849243
2099475803.0,-0.4130061566829681,1.1306257247924805,9.543291091918944,2.8114826679229736,0.9621859192848206,1.923974871635437
2099484136.0,-0.277499794960022,0.7886925339698792,9.777304649353027,2.839888334274292,1.6963921785354614,1.9637278318405151
2099492469.0,-0.0595969967544078,0.7096913456916809,10.33710479736328,2.3774492740631104,1.2306742668151855,1.743599534034729
2099500802.0,-0.353577196598053,0.7391606569290161,10.141056060791016,1.92996883392334,0.6072238087654114,2.0673375129699707
2099509135.0,-0.6545535326004028,0.6840041279792786,9.916053771972656,2.1182074546813965,0.7515088319778442,1.895568490028381
2099517468.0,-0.3756324350833893,0.1967615783214569,9.79505729675293,2.448349714279175,0.6829139590263367,1.859145283699036
2099525801.0,-0.4308362007141113,0.0784833207726478,9.643392562866213,2.836456060409546,0.7167503237724304,1.797978401184082
2099534134.0,-0.2592299580574035,0.3596923947334289,10.096567153930664,2.773880958557129,0.7733321785926819,2.0630857944488525
2099542467.0,-0.5061990022659302,0.7371695041656494,9.53408432006836,2.911915779113769,0.3866084814071655,1.7897820472717283
2099550800.0,-0.5591124892234802,0.6214398741722107,9.744227409362791,3.4805004596710205,0.8836269974708557,1.7334561347961426
2099559133.0,-0.531520426273346,0.3159416019916534,10.31910514831543,2.543557643890381,1.537328004837036,2.0674402713775635
2099567466.0,-0.4730884730815887,0.5550658702850342,9.79531955718994,2.2669239044189453,0.9032219648361206,2.077096700668335
2099575799.0,-0.5582423806190491,0.7072013020515442,9.526836395263672,3.322178602218628,0.6833236813545227,1.90056312084198
2099584132.0,-0.3591911792755127,0.883321225643158,10.093670845031738,3.6553430557250977,0.2983417510986328,1.977687954902649
2099592465.0,-0.24123015999794,0.5860591530799866,10.463332176208496,2.8592276573181152,-0.5044211745262146,1.9716429710388184
2099600798.0,-0.5630348920822144,0.45273357629776,10.04452419281006,1.755740523338318,-0.2557325065135956,2.1465368270874023
2099609131.0,-0.5305286645889282,0.4169579148292541,9.10780906677246,2.165466070175171,0.4627340734004974,2.1347033977508545
2099617464.0,-0.2007186859846115,0.3998172581195831,9.534245491027832,3.5183587074279785,1.0344951152801514,2.2019407749176025
2099625797.0,-0.2991466522216797,0.0302961803972721,10.621095657348633,3.2602694034576416,0.7205924391746521,2.178272724151612
2099634130.0,-0.2465410083532333,0.1375612765550613,10.06254768371582,2.6015992164611816,0.1836412400007248,2.152069568634033
2099642463.0,-0.4185651242733001,0.3689697384834289,9.373324394226074,3.252021312713623,0.4813810586929321,2.160189151763916
2099650796.0,-0.3462694585323334,0.4323190748691559,9.801993370056152,3.887946605682373,1.0446637868881226,2.283470869064331
2099659129.0,-0.2299995422363281,0.3049124181270599,9.849888801574709,3.737104415893554,0.7113969922065735,2.104478359222412
2099667462.0,-0.2335496097803115,0.4815476536750793,9.951286315917969,3.692381858825684,0.5490283370018005,2.065391063690185
2099675795.0,-0.1889481991529464,0.2906465828418731,10.191941261291504,3.86471438407898,0.846486508846283,2.183293581008911
2099684128.0,-0.2881349623203277,0.4573195278644562,9.590814590454102,4.004978179931641,1.0703293085098269,2.109088897705078
2099692461.0,-0.3568727076053619,0.9960949420928956,9.601804733276367,4.661265850067139,1.6354049444198608,2.097946882247925
2099700794.0,-0.1578443199396133,1.1064140796661377,10.013103485107422,4.456044673919678,1.73425030708313,2.091773748397827
2099709127.0,-0.2194985300302505,0.8663287162780762,10.204440116882324,3.724143505096436,1.3085674047470093,1.830124497413636
2099717460.0,-0.2319992035627365,0.4594568014144897,10.06690788269043,2.637895107269287,1.3564915657043457,2.037727832794189
2099725793.0,-0.5316751003265381,0.6103075742721558,9.358991622924805,2.797291755676269,1.6637852191925049,2.12345814704895
2099734126.0,-0.5359283685684204,0.8953166604042053,9.266901016235352,4.060176372528076,2.118130922317505,1.957452893257141
2099742459.0,-0.4304128289222717,0.7127798199653625,10.129311561584473,4.328152656555176,2.326528310775757,2.068182945251465
2099750792.0,-0.7436712980270386,0.7681054472923279,10.231175422668455,3.0477993488311768,1.7303566932678225,2.00258469581604
2099759125.0,-0.5396666526794434,0.5468422770500183,9.852042198181152,2.248506784439087,1.6605067253112793,2.13252592086792
2099767458.0,-0.6760367751121521,0.5888959765434265,9.23292350769043,2.75828218460083,1.0529884099960327,2.1344473361968994
2099775791.0,-0.6003369092941284,0.6021729707717896,9.900532722473145,3.43600869178772,0.8561173677444458,2.199814319610596
2099784124.0,-0.6283997893333435,0.3712115883827209,10.20335292816162,3.0994889736175537,0.736422061920166,2.3401036262512207
2099792457.0,-0.6142565011978149,0.5368639826774597,10.028321266174316,2.703108549118042,0.7596029043197632,2.412924766540528
2099800790.0,-0.4807471334934234,0.5603530406951904,9.833253860473633,2.963118314743042,0.9262747168540956,2.432340621948242
2099809123.0,-0.6593710780143738,0.478165864944458,9.540461540222168,3.434292316436768,1.019126296043396,2.410133123397827
2099817456.0,-0.4394264817237854,0.2603630721569061,10.093823432922363,3.534931182861328,0.8873412013053894,2.420583724975586
2099825789.0,-0.6986842155456543,0.5438618063926697,10.254115104675291,3.1528429985046387,0.885829746723175,2.329678535461426
2099834122.0,-0.5419343113899231,0.944985330104828,9.983195304870604,3.515618085861206,1.0218158960342407,2.376680850982666
2099842455.0,-0.518074095249176,0.7688659429550171,9.954362869262695,3.971628189086914,0.8302726149559021,2.4068033695220947
2099850788.0,-0.757268488407135,0.5063190460205078,9.881463050842283,3.7016799449920654,0.7741006016731262,2.320636987686157
2099859121.0,-0.5338965654373169,1.0680087804794312,9.747793197631836,3.28854775428772,1.1132843494415283,2.427115201950073
2099867454.0,-0.4499671161174774,1.0080963373184204,10.067069053649902,3.504347801208496,0.9098817110061646,2.484311819076538
2099875787.0,-0.4632584452629089,0.7421020865440369,10.09761905670166,3.056098222732544,0.2676047086715698,2.300196647644043
2099884120.0,-0.4822942614555359,0.7050107717514038,9.80041217803955,2.9410645961761475,0.4311771392822265,2.51333236694336
2099892453.0,-0.5607926845550537,0.8387624025344849,9.629387855529783,3.149999618530273,0.8313226699829102,2.4962220191955566
2099900786.0,-0.5497742295265198,0.8654070496559143,9.712568283081056,3.4837539196014404,0.8917980790138245,2.341717481613159
2099909119.0,-0.5348480939865112,0.6999838352203369,9.861313819885254,3.341824769973755,0.9417969584465028,2.2625949382781982
2099917452.0,-0.699522852897644,0.4408696889877319,9.827391624450684,2.835584878921509,1.227651596069336,2.3808810710906982
2099925785.0,-0.5441383719444275,0.7856321930885315,9.69971752166748,2.878566026687622,0.9987373948097228,2.459978580474853
2099934118.0,-0.6828068494796753,0.91372948884964,9.829959869384766,3.6586737632751465,0.676331102848053,2.322173833847046
2099942451.0,-0.5480889081954956,0.6290205717086792,9.96383285522461,3.5018115043640137,0.1751117259263992,2.2481226921081543
2099950784.0,-0.499886006116867,0.2719739973545074,9.999642372131348,2.966371774673462,0.1987536549568176,2.25752329826355
2099959117.0,-0.3591222167015075,0.309950977563858,9.75064468383789,2.6946051120758057,0.2973684966564178,2.383929967880249
2099967450.0,-0.3060546815395355,1.3223060369491575,9.250354766845703,3.7913296222686768,0.1635084599256515,2.28434157371521
2099975783.0,-0.7119531035423279,0.8850350975990295,10.116816520690918,4.551098346710205,0.6213116645812988,2.124431848526001
2099984116.0,-0.4778836965560913,0.3945206701755523,10.131189346313477,2.966320514678955,1.295170783996582,2.27645206451416
2099992449.0,-0.260804533958435,0.5349648594856262,9.275242805480955,2.434953212738037,1.339048147201538,2.426039457321167
2100000782.0,-0.3906430900096893,1.0891529321670532,9.71203327178955,3.3081939220428467,0.962057888507843,2.5064170360565186
2100009115.0,-0.622989296913147,1.0870085954666138,10.290781021118164,3.824141502380371,0.4325860440731048,2.333111047744751
2100017448.0,-0.4814335405826568,0.1405673027038574,9.992713928222656,3.163344621658325,0.4261567592620849,2.313387632369995
2100025781.0,-0.4423224329948425,0.063700221478939,9.620645523071287,2.361440420150757,0.6483860015869141,2.55047345161438
2100034114.0,-0.5142399668693542,0.6697101593017578,9.3578462600708,3.0213143825531006,1.1546257734298706,2.671910762786865
2100042447.0,-0.5112120509147644,0.7636016607284546,9.42015266418457,4.19913387298584,1.087695837020874,2.4336726665496826
2100050780.0,-0.378000408411026,0.7078726887702942,10.44228744506836,4.36677885055542,0.7796075940132141,2.4206860065460205
2100059113.0,-0.7119855880737305,0.6198233366012573,10.565279006958008,2.7503409385681152,1.003373622894287,2.7245476245880127
2100067446.0,-0.9060913920402528,0.7237492799758911,9.89334487915039,2.300709009170532,1.456822395324707,2.7326419353485107
2100075779.0,-0.7471376657485962,1.0022355318069458,9.594958305358888,3.369258403778076,1.724388837814331,2.797522783279419
2100084112.0,-0.5160573720932007,0.8765639066696167,10.224035263061523,3.914508581161499,0.8354723453521729,2.6389706134796143
2100092445.0,-0.1750145107507705,0.5218856930732727,10.58548069000244,3.0776398181915283,-0.6535983085632324,2.560642004013061
2100100778.0,-0.0828978642821312,0.5265097618103027,9.877232551574709,2.091492176055908,-1.1401665210723877,2.689046621322632
2100109111.0,-0.334358662366867,0.8305859565734863,9.07277011871338,2.812225103378296,-0.4523729979991913,2.8033881187438965
2100117444.0,-0.5080038905143738,0.635713517665863,9.509809494018556,3.59092378616333,1.143406629562378,2.712662696838379
2100125777.0,-0.5298051834106445,0.2637424767017364,9.70440673828125,3.23757553100586,2.334007501602173,2.6691699028015137
2100134110.0,-0.3307946622371673,0.2742446362972259,9.912132263183594,2.9324076175689697,2.6909420490264893,2.626983404159546
2100142443.0,-0.6629387140274048,0.7244792580604553,9.882452964782717,3.170722723007202,2.2307567596435547,2.76115083694458
2100150776.0,-0.5266112089157104,1.1122957468032837,10.042683601379396,3.861589193344116,1.06733238697052,2.466382026672364
2100159109.0,-0.3679168820381164,0.6481108069419861,10.239654541015623,3.5685622692108154,0.091199479997158,2.595785140991211
2100167442.0,-0.3320659697055816,0.4529344439506531,10.124993324279783,2.6675562858581543,-0.4309594929218292,2.653186321258545
2100175775.0,-0.311754822731018,0.5561875104904175,9.77467155456543,2.5422515869140625,0.1442465633153915,2.6057233810424805
2100184108.0,-0.6232011914253235,1.011821746826172,9.421122550964355,3.360882520675659,1.4117926359176636,2.5692741870880127
2100192441.0,-0.7282992601394653,1.313093900680542,9.96795654296875,4.168985843658447,2.8709843158721924,2.44366192817688
2100200774.0,-0.5435518026351929,1.261831283569336,10.523887634277344,3.6856961250305176,3.137935876846313,2.27527403831482
2100209107.0,-0.6722908020019531,1.050911784172058,10.451869010925291,2.6365630626678467,2.3026301860809326,2.3128502368927
2100217440.0,-0.7449188232421875,1.006309986114502,10.616798400878906,1.7592241764068604,1.637838363647461,2.6951940059661865
2100225773.0,-0.8057416081428528,1.2379498481750488,9.985051155090332,1.9307630062103271,0.8788116574287415,2.605339288711548
2100234106.0,-0.4288791120052337,1.2651264667510986,9.783540725708008,2.884406089782715,-0.2368292063474655,2.318664312362671
2100242439.0,-0.4173453450202942,0.6211715340614319,9.923054695129396,2.723856210708618,-0.7518545985221863,2.375272035598755
2100250772.0,-0.5954885482788086,0.3684878349304199,9.358116149902344,1.3940163850784302,0.1406349688768386,2.250556230545044
2100259105.0,-0.4253497123718261,0.6214327216148376,9.169353485107422,1.4088214635849,1.8910094499588013,2.606184720993042
2100267438.0,-0.6834201216697693,0.925772786140442,9.586862564086914,2.667709827423096,2.5575942993164062,2.696141481399536
2100275771.0,-0.5670964121818542,0.6817131638526917,10.386272430419922,3.077921867370605,2.097895622253418,2.771165609359741
2100284104.0,-0.5275294780731201,0.173991858959198,10.081329345703123,2.5627427101135254,1.226704239845276,2.662100315093994
2100292437.0,-0.5287683606147766,0.126445472240448,9.623748779296877,2.241898775100708,0.1214243024587631,2.8054633140563965
2100300770.0,-0.5950123071670532,0.480051577091217,9.43110179901123,2.8152475357055664,-0.2448464632034301,2.800955057144165
2100309103.0,-0.1385600268840789,0.7055838108062744,9.469654083251951,3.6834425926208496,-0.6427637338638306,2.7959859371185303
2100317436.0,-0.380213588476181,0.6829996109008789,9.933237075805664,3.79673433303833,-0.2527869045734405,3.01947021484375
2100325769.0,-0.6673224568367004,0.7535445094108582,10.09984016418457,2.550447940826416,1.2006288766860962,3.128048896789551
2100334102.0,-0.4207974374294281,0.5372775793075562,9.281432151794434,2.5078258514404297,2.1246113777160645,3.164984941482544
2100342435.0,-0.5166597962379456,0.4727979600429535,9.619519233703612,3.5511958599090576,2.2383384704589844,3.287574052810669
2100350768.0,-0.336068719625473,0.7707657217979431,10.495339393615724,3.749987840652466,1.2731939554214478,3.4029407501220703
2100359101.0,-0.238971322774887,0.5849987864494324,10.506375312805176,3.4179766178131104,-0.4068821668624878,3.36162543296814
2100367434.0,-0.5437110066413879,0.6003285050392151,10.0006103515625,3.013835191726685,-1.1114273071289062,3.2943623065948486
2100375767.0,-0.2743560373783111,0.6237053275108337,9.49814510345459,2.966064453125,0.0099511304870247,3.3517637252807617
2100384100.0,-0.3293443024158478,0.8980240821838379,9.36013412475586,3.876855134963989,1.0202276706695557,3.270873785018921
2100392433.0,-0.3661775588989258,1.4129151105880735,9.968705177307127,4.092604160308838,1.987549424171448,3.312753200531006
2100400766.0,-0.8845265507698059,1.4456374645233154,10.490056037902832,3.148540496826172,2.7280056476593018,3.258758306503296
2100409099.0,-0.7772097587585449,1.7863280773162842,10.10411262512207,2.1401591300964355,2.611409902572632,3.076590061187744
2100417432.0,-0.6258514523506165,1.3344019651412964,10.02956199645996,2.048793077468872,1.6895534992218018,3.2882916927337646
2100425765.0,-0.8021361827850342,0.9591835141181946,10.204318046569824,1.5268516540527344,0.1005230695009231,2.972134828567505
2100434098.0,-0.3227389752864837,1.0441231727600098,9.963032722473145,1.144636154174805,-1.0736463069915771,3.163780689239502
2100442431.0,-0.4720005095005035,0.5869178175926208,10.045990943908691,1.209337592124939,-1.5523251295089722,3.3592681884765625
2100450764.0,-0.4060271978378296,0.1848806887865066,9.598356246948242,0.9809099435806274,-0.958945631980896,3.265289783477783
2100459097.0,-0.4685142636299133,0.1553891748189926,8.815905570983887,1.7643980979919434,0.5294334292411804,3.235576868057251
2100467430.0,-0.5266456604003906,-0.0442216917872428,9.454787254333496,2.525934934616089,1.6445236206054688,3.225254774093628
2100475763.0,-0.3874067068099975,0.4551330506801605,9.843438148498535,2.8493916988372803,1.7535890340805054,3.250561714172364
2100484096.0,-0.5028063654899597,0.5472145676612854,10.37119960784912,3.146901130676269,0.7520980834960938,3.217058658599853
2100492429.0,-0.4771296679973602,0.3948759436607361,10.206151008605955,2.750469446182251,-0.2790158689022064,3.327148199081421
2100500762.0,-0.3912111818790436,0.4431095719337463,9.29430866241455,2.937479019165039,-0.987095832824707,3.270259380340576
2100509095.0,-0.3581887185573578,0.4703640043735504,9.42281723022461,3.88541030883789,-0.714073657989502,3.2351419925689697
2100517428.0,-0.0436017848551273,0.5122818350791931,9.989002227783203,3.695122241973877,-0.3427440822124481,3.407013177871704
2100525761.0,-0.0115832900628447,0.6206793189048767,9.674179077148438,3.490849018096924,-0.470123678445816,3.4055280685424805
2100534094.0,-0.3645714819431305,0.6456100344657898,9.16741943359375,3.8447091579437256,0.4024636149406433,3.442847490310669
2100542427.0,-0.2957448959350586,0.696273922920227,9.484410285949709,3.998958349227905,1.57418692111969,3.612797975540161
2100550760.0,-0.5136643648147583,0.5896701216697693,9.96210479736328,3.684159278869629,1.4790555238723757,3.448431491851806
2100559093.0,-0.6463078260421753,0.9944077730178832,10.10609245300293,3.7821335792541504,1.330083250999451,3.361496925354004
2100567426.0,-0.4351784884929657,1.2616512775421145,10.304584503173828,3.997472524642944,0.5000283122062683,3.4028894901275635
2100575759.0,-0.3341874182224273,1.2546186447143557,10.26515293121338,3.877700328826904,-0.5932000875473022,3.5321645736694336
2100584092.0,-0.4372727870941162,1.507231593132019,10.027082443237305,3.32663631439209,-1.0366593599319458,3.3904411792755127
2100592425.0,-0.2428226768970489,1.6449702978134155,10.06937026977539,2.794679641723633,-0.2778632342815399,3.505577325820923
2100600758.0,-0.0926945954561233,1.4352360963821411,9.877178192138672,2.2393627166748047,0.0486798509955406,3.318182945251465
2100609091.0,-0.4292638003826141,1.3563038110733032,9.827320098876951,1.9890862703323364,0.762113094329834,3.354785680770874
2100617424.0,-0.058756273239851,1.1664291620254517,9.78453540802002,1.6438064575195312,1.751796007156372,3.607163429260254
2100625757.0,-0.3987781703472137,0.851523756980896,9.996044158935549,1.808967113494873,1.3968595266342163,3.7740654945373535
2100634090.0,-0.4235718846321106,0.4755060076713562,10.318798065185549,1.0828800201416016,0.915439784526825,3.676448822021485
2100642423.0,-0.4490759372711181,0.8196093440055847,9.61624526977539,1.3450162410736084,0.6749991178512573,3.83974027633667
2100650756.0,-0.648554265499115,0.6634399890899658,10.111297607421877,2.250915050506592,0.331256091594696,3.532139301300049
2100659089.0,-0.4642986953258514,0.5249817371368408,10.119458198547363,1.7653456926345823,0.5194181799888611,3.5266058444976807
2100667422.0,-0.1401513516902923,0.8614717125892639,9.658775329589844,1.9051995277404783,0.1928623765707016,3.4591381549835205
2100675755.0,-0.0824751108884811,1.051779866218567,9.764082908630373,2.4506547451019287,0.2261609137058258,3.72565484046936
2100684088.0,-0.2146525979042053,0.7207717895507812,10.025994300842283,2.073075294494629,0.5577116012573242,3.822963237762451
2100692421.0,-0.2929990589618683,0.1523569822311401,9.650038719177246,1.7694698572158811,0.7320164442062378,3.763820171356201
2100700754.0,-0.2403379529714584,0.11903977394104,9.2838773727417,2.1006107330322266,1.3494987487792969,4.064018726348877
2100709087.0,-0.2854162454605102,0.3164404034614563,9.717622756958008,3.0275895595550537,1.554950475692749,4.097957134246826
2100717420.0,-0.4875585436820984,0.5262852907180786,10.07116985321045,3.271078824996948,1.1286784410476685,3.822220087051392
2100725753.0,-0.3721145391464233,0.6314383149147034,9.900691986083984,3.295335292816162,0.9030426740646362,3.852675437927246
2100734086.0,-0.4975646436214447,0.4506209194660187,10.19685173034668,2.7748286724090576,1.005038499832153,3.9203484058380127
2100742419.0,-0.1313466280698776,0.6542779207229614,9.92138957977295,2.5828757286071777,0.6889588832855225,3.9988820552825928
2100750752.0,-0.1727689355611801,0.8943306803703308,9.91002368927002,3.403248310089112,0.2004954218864441,3.936152696609497
2100759085.0,-0.3580610156059265,0.7773425579071045,9.944519996643066,3.428708553314209,0.3445754647254944,3.971653461456299
2100767418.0,-0.0765152871608734,0.3422845304012298,9.689818382263184,3.161091089248657,0.7658016085624695,4.004978179931641
2100775751.0,-0.1655621826648712,0.7188335657119751,9.874642372131348,2.78212833404541,1.413688063621521,4.22843599319458
2100784084.0,-0.5829927325248718,1.33319354057312,9.660216331481934,2.9928057193756104,2.1642873287200928,4.307199954986572
2100792417.0,-0.5573760867118835,0.8868856430053711,10.046080589294434,3.490003824234009,2.403370857238769,4.15640926361084
2100800750.0,-0.6932249069213867,0.642769992351532,10.247809410095217,2.5802879333496094,1.831712245941162,4.039428234100342
2100809083.0,-0.6580092906951904,0.7207512855529785,9.754538536071776,2.070206642150879,1.42362642288208,4.205127716064453
2100817416.0,-0.5030802488327026,1.0437612533569336,9.92604637145996,2.775801658630371,0.812342643737793,4.357121467590332
2100825749.0,-0.996817409992218,1.4168055057525637,10.164688110351562,3.199768543243408,0.1300818920135498,3.977647304534912
2100834082.0,-0.6547315120697021,1.3692805767059326,10.033514976501465,2.6815927028656006,0.353873461484909,4.093705654144287
2100842415.0,-0.3250478506088257,1.1101032495498655,9.77015495300293,2.2970974445343018,0.2120730876922607,4.225926399230957
2100850748.0,-0.0831882879137992,1.0361111164093018,9.72640609741211,1.9222843647003167,-0.6865127682685852,4.228795051574707
2100859081.0,-0.3149092197418213,1.1844216585159302,9.688591003417969,1.851307392120361,-0.5353118777275085,4.294469833374023
2100867414.0,-0.2100152373313903,1.0532556772232056,10.011131286621094,1.9044313430786133,0.191428005695343,4.270341396331787
2100875747.0,-0.567141056060791,0.9702975749969482,9.682401657104492,1.7448803186416626,1.0997087955474854,4.311708450317383
2100884080.0,-0.6050584316253662,1.1575037240982056,9.652873992919922,2.336876153945923,2.0416722297668457,4.355969429016113
2100892413.0,-0.6474773287773132,0.8199224472045898,10.149642944335938,2.1637496948242188,1.963728308677673,4.439062118530273
2100900746.0,-0.4183258414268493,0.6573328971862793,10.349105834960938,1.5363290309906006,0.7736139893531799,4.539137363433838
2100909079.0,-0.1790920495986938,0.6285439729690552,10.23565673828125,1.6402974128723145,-0.7690674662590027,4.501381874084473
2100917412.0,-0.1850036084651947,0.4755454361438751,9.958524703979492,1.9605774879455569,-1.7678431272506714,4.647843360900879
2100925745.0,-0.1312259286642074,0.0200656298547983,9.042675018310549,2.5790586471557617,-1.2070707082748413,4.712134838104248
2100934078.0,-0.3686477839946747,0.1568132191896438,9.07471752166748,2.9857869148254395,0.4745933413505554,5.166608810424805
2100942411.0,-0.7338049411773682,0.7315466403961182,9.9089994430542,3.0700838565826416,2.5384862422943115,5.1355390548706055
2100950744.0,-0.7787100672721863,0.9365919232368468,9.805683135986328,3.5662825107574463,3.0538954734802246,4.983774185180664
2100959077.0,-0.4324756860733032,0.7707424163818359,10.172435760498049,3.9999828338623047,2.02394700050354,4.874042987823486
2100967410.0,-0.7112872004508972,0.503379225730896,10.44723892211914,3.061733722686768,0.2807448506355285,5.171782970428467
2100975743.0,-0.5404741764068604,0.8014130592346191,9.862561225891112,2.4920217990875244,-1.069189429283142,5.220731735229492
2100984076.0,-0.4221968948841095,0.7421178221702576,9.889564514160156,3.578014373779297,-1.7208155393600464,5.365273475646973
2100992409.0,-0.3248844146728515,0.8085579872131348,10.529078483581545,3.3959221839904785,-1.5596506595611572,5.534147262573242
2101000742.0,-0.1068329736590385,1.2388345003128052,9.567276000976562,3.162832975387573,-0.8408384323120117,5.430973529815674
2101009075.0,-0.2641646265983581,1.4280847311019895,9.619270324707031,3.790433168411255,0.225341260433197,5.028573989868164
2101017408.0,-0.6253760457038879,1.7679773569107056,10.361668586730955,2.861379384994507,2.3304474353790283,5.11356258392334
2101025741.0,-0.3239911496639251,1.6382746696472168,10.691197395324709,1.948948860168457,3.2369091510772705,5.347240447998047
2101034074.0,-0.3040841519832611,1.327039361000061,10.635597229003906,1.5815380811691284,1.8637300729751587,5.390553951263428
2101042407.0,-0.5216618180274963,1.144856333732605,10.268584251403809,1.5276713371276855,0.5609645247459412,5.381563186645508
2101050740.0,-0.3753930032253265,0.7586618661880493,10.04294490814209,1.6028492450714111,-0.4115183055400848,5.367578506469727
2101059073.0,-0.1304586678743362,1.2399117946624756,9.4227933883667,2.180398941040039,-1.2430588006973269,5.049142360687256
2101067406.0,-0.0799272209405899,1.189517378807068,9.516112327575684,2.626650333404541,-0.7398415803909302,5.127445220947266
2101075739.0,-0.2677318155765533,1.016424536705017,9.349847793579102,1.71281099319458,0.5680853128433228,5.215455532073975
2101084072.0,-0.2575283348560333,1.0528371334075928,8.672157287597656,1.4644300937652588,2.0342698097229004,5.139124870300293
2101092405.0,-0.32614466547966,0.3477414548397064,9.352571487426758,2.0071957111358643,3.0483884811401367,5.451003551483154
2101100738.0,-0.5793890357017517,0.2909140884876251,10.225892066955566,1.930608868598938,2.658821582794189,5.49782657623291
2101109071.0,-0.8045755624771118,1.1166003942489624,9.491374015808104,3.1019480228424072,1.5282349586486816,5.235767364501953
2101117404.0,-0.5008869171142578,1.0341475009918213,9.868419647216797,4.551995277404785,0.5569943785667419,5.397854804992676
2101125737.0,-0.0611414052546024,0.4186817705631256,10.307601928710938,3.4629805088043213,-0.9670397639274596,5.373904705047607
2101134070.0,-0.3085756599903106,0.3228689134120941,9.580723762512209,1.9051228761672967,-1.282812237739563,5.683658123016357
2101142403.0,-0.1820511817932129,0.6518582701683044,8.842194557189941,2.5556986331939697,0.0775983184576034,5.961674213409424
2101150736.0,0.0004978301003575,0.9100236296653748,9.16085433959961,4.537984848022461,1.0394384860992432,5.891133785247803
2101159069.0,-0.3395048379898071,1.2090468406677246,9.695860862731934,5.588782787322998,1.7746950387954712,5.933934688568115
2101167402.0,-0.4227019846439361,1.3644320964813232,10.437922477722168,4.494696140289307,2.8072047233581543,6.3687615394592285
2101175735.0,-0.6075907349586487,1.3933751583099363,10.102696418762209,2.913427829742432,2.749112367630005,6.558154582977295
2101184068.0,-0.5750340819358826,1.0338823795318604,9.869606018066406,2.5676863193511963,1.937857866287232,6.588404178619385
2101192401.0,-0.4347438812255859,0.8374126553535461,9.971174240112305,2.9070494174957275,0.8338330984115601,6.8704938888549805
2101200734.0,-0.216748371720314,0.8150033354759216,10.287484169006348,3.200025081634521,-0.5824421644210815,7.200380325317383
2101209067.0,-0.4319425225257873,1.1920335292816162,10.16457462310791,3.247514247894287,-1.2197757959365845,7.183679580688477
2101217400.0,-0.3736478090286255,1.8162187337875368,10.06352424621582,3.15891432762146,-0.1226665824651718,7.160165309906006
2101225733.0,-0.1239046081900596,1.858513712882996,9.568206787109377,2.95259165763855,1.4794399738311768,7.396328926086426
2101234066.0,0.1272688657045364,0.8395330905914307,9.84994411468506,2.247713088989258,2.232600688934326,7.602931976318359
2101242399.0,-0.3479695320129394,0.7894258499145508,10.066828727722168,1.1787288188934326,2.407623052597046,7.607595443725586
2101250732.0,-0.0934821590781211,1.0004606246948242,10.01913833618164,1.6717002391815186,2.737969398498535,7.825238704681396
2101259065.0,-0.0563766248524189,1.1176185607910156,10.085721015930176,3.3064777851104736,1.695419192314148,8.089091300964355
2101267398.0,-0.8371031880378723,1.2014073133468628,10.142370223999023,3.65700888633728,1.4545172452926636,7.92198371887207
2101275731.0,-0.4748802483081817,0.8235990405082703,9.114866256713867,2.874621868133545,2.1826531887054443,8.007996559143066
2101284064.0,-0.1645199656486511,0.3412917852401733,9.297880172729492,2.734332323074341,1.9722833633422847,8.093266487121582
2101292397.0,-0.1642061918973922,0.6996074318885803,10.25472354888916,2.427448511123657,1.555821418762207,8.325740814208984
2101300730.0,-0.4503704309463501,1.3174158334732056,9.679951667785645,2.93291974067688,0.9564995765686036,8.31511116027832
2101309063.0,-0.3916536867618561,1.1202313899993896,9.39019012451172,4.527431964874268,1.1586216688156128,8.03189468383789
2101317396.0,0.0135110020637512,0.7104882597923279,9.692145347595217,4.662239074707031,1.9759972095489504,8.385523796081543
2101325729.0,-0.2153296917676925,0.8035995364189148,10.133081436157228,3.5685625076293945,2.300811767578125,8.641948699951172
2101334062.0,-0.6119984984397888,1.4034223556518557,9.47288990020752,3.1754612922668457,2.4802138805389404,8.574251174926758
2101342395.0,-0.7718987464904785,1.4582418203353882,9.05611515045166,4.54689884185791,3.1786885261535645,8.555937767028809
2101350728.0,-0.2921766638755798,0.8502478003501892,10.206788063049316,4.620206356048584,2.611947536468506,8.52724838256836
2101359061.0,-0.2610780000686645,0.9335729479789734,10.17501735687256,3.326533794403076,1.3419171571731567,8.773554801940918
2101367394.0,-0.616673469543457,1.5472571849822998,9.456777572631836,3.5508882999420166,0.7431073784828186,9.017170906066896
2101375727.0,-0.8717279434204102,1.819355010986328,9.874502182006836,4.189093112945557,1.382054567337036,8.977520942687988
2101384060.0,-0.4837913811206817,1.9807887077331543,10.283387184143066,3.828214406967163,1.7335585355758667,8.75595760345459
2101392393.0,-0.0909200236201286,1.4415000677108765,10.133950233459473,3.390748977661133,1.3427623510360718,8.8887939453125
2101400726.0,-0.4887592792510986,1.622241497039795,9.720983505249023,3.089986562728882,1.1207895278930664,8.830880165100098
2101409059.0,-0.5773893594741821,1.8323794603347776,10.070528984069824,3.1728737354278564,1.902356505393982,9.125007629394531
2101417392.0,-0.4989711344242096,1.707291603088379,10.061336517333984,2.973672151565552,2.0960259437561035,9.138813972473145
2101425725.0,-0.4417688250541687,1.5399127006530762,9.787924766540527,3.265315532684326,1.8171379566192627,9.184714317321776
2101434058.0,-0.4045028388500213,1.3880407810211182,9.926396369934082,2.999337673187256,1.6286171674728394,9.30745792388916
2101442391.0,-0.6483721733093262,1.6277753114700315,9.573334693908691,3.047773838043213,1.2645620107650757,9.247776985168455
2101450724.0,-0.3846676647663116,1.68984854221344,9.811058044433594,3.474738121032715,1.2014230489730835,9.448976516723633
2101459057.0,-0.6170595288276672,1.6944109201431274,9.93788719177246,3.303532361984253,1.1992459297180176,9.55491828918457
2101467390.0,-0.2746472656726837,1.5714304447174072,9.778465270996094,2.8554110527038574,1.2880502939224243,9.742080688476562
2101475723.0,-0.2506028711795807,1.4584615230560305,9.509702682495115,2.5959901809692383,1.4407625198364258,9.990026473999023
2101484056.0,-0.5893121957778931,2.0513153076171875,9.862082481384276,3.034454584121704,1.71355402469635,9.98116397857666
2101492389.0,-0.3976699411869049,2.040358543395996,10.524737358093262,2.858715295791626,1.8459028005599976,10.112386703491213
2101500722.0,-0.2990909218788147,1.935610175132752,9.91148853302002,2.545325517654419,1.205803155899048,10.227649688720703
2101509055.0,-0.4422712624073028,1.3724385499954224,9.775275230407717,2.4663822650909424,1.408949613571167,10.591242790222168
2101517388.0,-0.6020328998565674,1.6910699605941772,9.871403694152832,1.857301115989685,1.96590542793274,11.08134651184082
2101525721.0,-0.2540631890296936,1.9334408044815063,9.990742683410645,1.9654958248138428,1.4102559089660645,11.196277618408203
2101534054.0,-0.6471359133720398,1.761189341545105,9.953855514526367,2.2873640060424805,1.1705578565597534,11.339818954467772
2101542387.0,-0.4529587030410766,1.4435203075408936,10.01032829284668,1.6618646383285522,1.5770304203033447,11.649317741394045
2101550720.0,-0.1210008189082145,1.6995444297790527,9.742274284362791,1.7735683917999268,1.3467838764190674,11.76097011566162
2101559053.0,-0.4857419431209564,1.5968891382217407,9.876811981201172,2.0719995498657227,1.173067927360535,11.957199096679688
2101567386.0,-0.48162642121315,1.485808253288269,10.128005981445312,1.810401439666748,1.790524959564209,12.438542366027832
2101575719.0,-0.4835892021656036,1.1446876525878906,9.926244735717772,1.723441481590271,2.023435354232788,12.791610717773438
2101584052.0,-0.3342290222644806,1.277022123336792,9.51574420928955,2.3844168186187744,1.7216739654541016,12.939736366271973
2101592385.0,-0.3563621342182159,1.2895307540893557,9.860920906066896,2.7950384616851807,1.4115365743637085,13.111198425292969
2101600718.0,-0.3262985646724701,1.927823662757873,9.584515571594238,2.5996272563934326,1.0482242107391355,13.170289993286133
2101609051.0,-0.4400143921375274,1.9427790641784668,9.46547794342041,3.082994222640991,1.147146701812744,13.43701457977295
2101617384.0,-0.7520619034767151,1.981516718864441,10.041081428527832,2.378039121627808,2.0022013187408447,13.510526657104492
2101625717.0,-0.4657742381095886,2.2280988693237305,9.87796401977539,1.598033785820007,2.7038259506225586,13.93021297454834
2101634050.0,-0.4448318779468536,1.7746330499649048,9.999384880065918,1.857608437538147,2.361158609390259,14.056695938110352
2101642383.0,-0.5542803406715393,1.733204364776611,10.273280143737791,1.7464686632156372,1.266637086868286,13.905960083007812
2101650716.0,0.0456870906054973,1.82578194141388,10.003552436828612,1.7105828523635864,0.5735925436019897,14.084156036376951
2101659049.0,0.1397376805543899,1.506270170211792,9.865522384643556,1.8179064989089968,-0.1360884457826614,14.455791473388672
2101667382.0,-0.4974054992198944,1.6215593814849854,9.598201751708984,1.2284458875656128,0.6075056195259094,14.48929500579834
2101675715.0,-0.6132391691207886,1.6421266794204712,9.120193481445312,1.3905844688415527,2.987068891525269,14.511658668518066
2101684048.0,-0.2542486786842346,1.3087702989578247,9.56684112548828,1.924948573112488,4.249082565307617,14.56188678741455
2101692381.0,-0.4366531074047088,1.2321151494979858,10.36386489868164,1.891675591468811,3.754599332809448,14.702996253967283
2101700714.0,-0.7744451761245728,1.688808560371399,10.027783393859863,1.853305459022522,2.8087422847747803,14.697105407714844
2101709047.0,-0.4880748391151428,2.120823860168457,10.019567489624023,2.3489158153533936,1.7490301132202148,14.65927505493164
2101717380.0,-0.5205872058868408,2.1253662109375,10.320858001708984,2.088752031326294,0.7093736529350281,14.824792861938477
2101725713.0,-0.7277163863182068,1.9241050481796265,9.764774322509766,0.9236878156661988,0.4147073030471802,14.444368362426758
2101734046.0,-0.7203631401062012,1.7655242681503296,9.163637161254885,0.5145516395568848,1.4397377967834473,14.50284481048584
2101742379.0,-0.74807208776474,1.54916512966156,9.56653881072998,0.7684144973754883,2.4389240741729736,14.63222599029541
2101750712.0,-0.7036009430885315,1.7450313568115234,10.118367195129396,0.8935143947601318,2.7119719982147217,14.740318298339844
2101759045.0,-0.6958088278770447,1.9257960319519043,10.292251586914062,1.1099292039871216,1.9338880777359009,14.692290306091309
2101767378.0,-1.0886192321777344,1.7731715440750122,10.141107559204102,0.788342297077179,1.3336182832717896,14.703380584716797
2101775711.0,-1.089545488357544,1.537300705909729,9.94072437286377,0.2631990611553192,1.2960163354873655,14.539318084716797
2101784044.0,-0.7937535643577576,1.8391642570495603,9.85658836364746,0.3518499433994293,1.0667177438735962,14.638266563415527
2101792377.0,-0.9568538665771484,2.056185722351074,10.41596221923828,0.5044851899147034,0.4849927425384521,14.658605575561523
2101800710.0,-0.7255558967590332,1.7496129274368286,10.174964904785156,0.0548272728919982,-0.0534569136798381,14.51047706604004
2101809043.0,-0.5189381837844849,1.4134105443954468,9.630216598510742,-0.0294819846749305,-0.2958444058895111,14.689162254333496
2101817376.0,-0.612372636795044,1.1176499128341677,9.97618293762207,-0.2166708558797836,0.1064655855298042,15.032804489135742
2101825709.0,-0.7467098832130432,1.1393874883651731,9.78477382659912,-0.1099106892943382,0.5507701635360718,15.088004112243652
2101834042.0,-0.6629841923713684,1.4890791177749634,9.53391170501709,1.0482245683670044,0.8617015480995178,14.926813125610352
2101842375.0,-0.4714528620243072,1.605858325958252,10.170025825500488,1.839858055114746,1.128422498703003,15.120891571044922
2101850708.0,-0.3750354349613189,1.3400094509124756,10.480718612670898,1.1104156970977783,0.4693425297737121,15.1437406539917
2101859041.0,-0.5202718377113342,1.364844799041748,9.906817436218262,0.4230575859546661,0.025370905175805,15.16189956665039
2101867374.0,-0.6759386658668518,1.4576503038406372,9.384780883789062,0.7656736373901367,0.6277409195899963,15.463278770446776
2101875707.0,-0.1783157140016555,1.214695930480957,9.82003402709961,1.5555657148361206,0.7832193970680237,15.4891996383667
2101884040.0,-0.0222519375383853,0.976434886455536,9.972888946533203,1.5773119926452637,-0.2246881127357483,15.596549034118652
2101892373.0,-0.2022688090801239,1.310867428779602,9.299470901489258,1.534510612487793,-0.2242782860994339,15.73419952392578
2101900706.0,-0.4890962839126587,1.4927656650543213,9.351397514343262,1.7842494249343872,0.8747391104698181,15.87443733215332
2101909039.0,-0.4914465546607971,1.656219482421875,9.332533836364746,1.8873211145401,2.0764055252075195,15.829842567443848
2101917372.0,-0.5342040657997131,1.2900004386901855,9.864862442016602,1.8925976753234863,2.5197877883911133,15.987396240234377
2101925705.0,-0.7909188270568848,1.5512088537216189,10.12123680114746,1.2144863605499268,2.1823203563690186,16.00629997253418
2101934038.0,-0.1414739191532135,1.4962685108184814,9.783681869506836,1.5985207557678225,1.0721993446350098,16.03135108947754
2101942371.0,-0.2175316214561462,1.3646849393844604,10.05555534362793,2.066723346710205,-0.5478373765945435,16.064136505126953
2101950704.0,-0.4505848288536072,1.72579824924469,10.018391609191896,1.5114834308624268,-0.9377372860908508,15.964803695678713
2101959037.0,-0.0391893200576305,1.66852867603302,9.624917984008787,1.2260128259658811,0.135614588856697,16.27847671508789
2101967370.0,0.0700244158506393,1.2363489866256714,9.833958625793455,0.7890852093696594,1.4011632204055786,16.534313201904297
2101975703.0,-0.1829616427421569,1.2757272720336914,9.280562400817873,0.7988442182540894,2.1287102699279785,16.510826110839844
2101984036.0,-0.5338431000709534,1.4879581928253174,9.2264986038208,1.661250114440918,3.585007905960083,16.649194717407227
2101992369.0,-0.5100618004798889,1.2102292776107788,9.786130905151367,1.7572523355484009,3.6059861183166495,16.78292465209961
2102000702.0,-0.3618943393230438,1.1581906080245972,9.84012508392334,1.3250117301940918,2.2939727306365967,16.639509201049805
2102009035.0,-0.6833073496818542,0.8711481690406799,9.729902267456056,0.94863623380661,1.4312597513198853,16.95930290222168
2102017368.0,-0.4459224939346313,0.835270881652832,9.294477462768556,1.1953269243240356,0.5972856283187866,16.843910217285156
2102025701.0,-0.3433833718299866,1.0866131782531738,9.178117752075195,2.227837085723877,0.2739827036857605,17.00115966796875
2102034034.0,-0.4298323094844818,1.3475191593170166,9.61359405517578,2.6159443855285645,0.942463219165802,17.24495506286621
2102042367.0,-0.5026369690895081,1.4868885278701782,9.267093658447266,2.476705312728882,1.65809965133667,17.108226776123047
2102050700.0,-0.4148276746273041,1.253309726715088,9.060548782348633,2.310853242874145,2.320432662963867,17.125362396240234
2102059033.0,-0.48321732878685,1.4331601858139038,9.277159690856934,2.1254568099975586,2.6395089626312256,17.241212844848633
2102067366.0,-0.9045953154563904,1.3815324306488037,10.020039558410645,2.114135503768921,2.614765882492065,17.391185760498047
2102075699.0,-0.6566075086593628,1.5172210931777954,10.187816619873049,1.8368357419967647,1.713221311569214,17.526071548461914
2102084032.0,-0.6324986815452576,1.8696528673172,9.836633682250977,2.6021382808685303,0.5118110179901123,17.196903228759766
2102092365.0,-0.4527154564857483,1.8700124025344849,9.87148094177246,2.8066678047180176,-0.0476680994033813,17.189550399780273
2102100698.0,-0.3622277379035949,1.451286792755127,9.821388244628906,2.1906704902648926,-0.0676472038030624,17.425813674926758
2102109031.0,-0.3927858471870422,1.4223018884658811,9.726296424865724,1.5124057531356812,0.699870765209198,17.35568618774414
2102117364.0,-0.400488942861557,1.6057932376861572,9.561919212341309,1.6773357391357422,1.754050374031067,17.671302795410156
2102125697.0,-0.7567652463912964,1.6593072414398191,9.859782218933104,2.785202980041504,2.6259591579437256,17.43616485595703
2102134030.0,-0.7637357711791992,1.4934704303741455,10.154211044311523,2.8012118339538574,2.9616079330444336,17.47258949279785
2102142363.0,-0.6715896129608154,1.3854877948760986,10.052498817443848,2.466485023498535,2.4164605140686035,17.606809616088867
2102150696.0,-0.450895220041275,1.6585842370986938,10.333133697509766,2.4502456188201904,1.3995494842529297,17.790206909179688
2102159029.0,-0.4442309439182281,1.6998860836029053,10.487226486206056,2.361518144607544,0.0380755737423896,17.719152450561523
2102167362.0,-0.5373297333717346,1.8474857807159424,9.964155197143556,2.413386583328247,-0.3664885461330414,17.501379013061523
2102175695.0,-0.5591535568237305,2.1374011039733887,9.506726264953612,2.717248678207397,1.0358784198760986,17.901525497436523
2102184028.0,-0.2051697224378585,1.60207998752594,9.814151763916016,2.735767126083374,2.184497594833374,17.905057907104492
2102192361.0,-0.1838248372077942,1.3800417184829712,9.791913986206056,2.081707715988159,2.1003804206848145,18.026264190673828
2102200694.0,-0.4602077007293701,1.7181453704833984,9.7926607131958,2.0141632556915283,2.5151009559631348,18.31706428527832
2102209027.0,-0.4542318284511566,2.1002800464630127,9.76987361907959,2.5691728591918945,2.561462879180908,18.523569107055664
2102217360.0,-0.4717479646205902,2.107174158096313,10.258294105529783,3.2745885848999023,1.854740023612976,18.332740783691406
2102225693.0,-0.541480541229248,2.023282051086426,10.532949447631836,2.0542495250701904,1.5421695709228516,18.662857055664062
2102234026.0,-0.475100964307785,2.1330721378326416,9.442731857299805,1.4187089204788208,1.475675106048584,18.665292739868164
2102242359.0,-0.2630205750465393,2.0434675216674805,9.259562492370604,2.1652872562408447,1.567450761795044,18.68952178955078
2102250692.0,-0.3951816856861114,1.7308216094970703,10.158578872680664,1.816215991973877,1.655281901359558,18.99302291870117
2102259025.0,-0.2002943456172943,1.9961695671081543,9.50638484954834,1.1178951263427734,1.659354567527771,18.98905372619629
2102267358.0,-0.3270495533943176,2.101124763488769,9.175750732421877,2.103685140609741,2.0369341373443604,19.27875328063965
2102275691.0,-0.6322184205055237,1.9320437908172607,9.891643524169922,2.0553765296936035,2.5261151790618896,19.49854850769043
2102284024.0,-0.9085109829902648,1.336367964744568,9.918915748596191,1.003169059753418,3.123055219650269,19.301729202270508
2102292357.0,-0.6645938158035278,1.6941912174224854,9.375409126281738,0.9462540745735168,3.197771549224853,19.36711883544922
2102300690.0,-1.0209345817565918,2.040788650512696,9.960421562194824,2.114724636077881,2.8439109325408936,19.46563148498535
2102309023.0,-1.1402806043624878,1.957907795906067,10.58220672607422,1.9275357723236084,1.897336483001709,19.1115665435791
2102317356.0,-0.9676997065544128,2.00011944770813,9.881630897521973,1.401034951210022,1.298808455467224,18.93895149230957
2102325689.0,-0.7797748446464539,1.791969895362854,9.885377883911133,1.0924345254898071,1.0459959506988523,19.22237205505371
2102334022.0,-0.8438030481338501,1.985180377960205,9.898652076721191,0.5496688485145569,0.6042783856391907,19.15183448791504
2102342355.0,-0.7376224398612976,2.392979145050049,9.662713050842283,0.9268898963928224,0.8256366848945618,19.11817741394043
2102350688.0,-1.1417676210403442,1.682908058166504,10.342107772827148,0.6744614243507385,1.467427372932434,19.40095901489257
2102359021.0,-1.146908402442932,1.4878431558609009,10.051436424255373,-0.4849799871444702,1.956325888633728,19.17186164855957
2102367354.0,-1.376921534538269,1.5749095678329468,9.931889533996582,0.2039790451526641,2.4831347465515137,19.3286247253418
2102375687.0,-1.1598899364471436,2.192662239074707,10.797833442687988,0.9755569100379944,1.8058682680130005,19.369888305664062
2102384020.0,-1.119425892829895,2.4545695781707764,10.709904670715332,0.8980224132537842,0.0187880452722311,19.06228446960449
2102392353.0,-0.9624170660972596,2.5164685249328613,10.678182601928713,0.2428101897239685,-1.2866288423538208,18.909290313720703
2102400686.0,-0.6795278191566467,2.41096305847168,10.426966667175291,-1.1353769302368164,-1.7975820302963257,19.017717361450195
2102409019.0,-0.9225428104400636,2.2443997859954834,9.858390808105469,-1.8651520013809204,-1.0708287954330444,18.957597732543945
2102417352.0,-1.1601215600967407,2.613209247589112,9.756950378417969,-1.5078847408294678,0.8473830819129944,19.0355167388916
2102425685.0,-1.0927244424819946,3.0704312324523926,10.55034637451172,-1.0219827890396118,2.2120845317840576,19.07442855834961
2102434018.0,-0.9212375283241272,2.677945137023926,11.36607551574707,-1.7641297578811646,1.4815150499343872,19.0367488861084
2102442351.0,-1.1567329168319702,2.5546209812164307,10.88721752166748,-3.3202719688415527,0.4263875186443329,18.93039894104004
2102450684.0,-1.0405218601226809,2.0752487182617188,10.251242637634276,-3.878406047821045,-0.7238584756851196,19.018383026123047
2102459017.0,-0.5609365105628967,1.576011300086975,10.027124404907228,-3.676104784011841,-2.0023934841156006,18.840106964111328
2102467350.0,-0.5009610056877136,1.3733690977096558,9.924482345581056,-3.2074668407440186,-2.864927291870117,18.786113739013672
2102475683.0,-0.6660433411598206,1.6495623588562012,9.756422996520996,-2.8129818439483643,-1.9929159879684448,18.754913330078125
2102484016.0,-0.6336250305175781,1.6869741678237915,9.747492790222168,-2.5098626613616943,-0.0769451856613159,18.963335037231445
2102492349.0,-0.6076667308807373,1.3854079246520996,9.72731876373291,-2.3720834255218506,1.1498616933822632,18.938106536865234
2102500682.0,-0.6319572329521179,1.205573797225952,10.120877265930176,-2.467445611953736,1.480567216873169,19.0695858001709
2102509015.0,-0.5869312882423401,1.551241159439087,10.07710075378418,-2.14801025390625,0.772692084312439,19.098352432250977
2102517348.0,-0.4362766146659851,1.2064470052719116,10.205147743225098,-1.655192255973816,-0.820142388343811,19.20170211791992
2102525681.0,-0.4209440350532532,1.089051365852356,10.181130409240724,-1.7396680116653442,-2.1293375492095947,19.00401306152344
2102534014.0,-0.4903808832168579,1.5057247877120972,9.620811462402344,-1.801961660385132,-1.7162821292877195,19.00554847717285
2102542347.0,-0.3871888816356659,1.404625415802002,9.40439796447754,-1.2633968591690063,-0.3169506192207336,19.025503158569336
2102550680.0,-0.484358549118042,1.4083088636398315,9.491127967834473,-1.242802977561951,0.7874202728271484,19.05024719238281
2102559013.0,-0.5522578954696655,1.326138973236084,9.993348121643066,-1.450688123703003,2.003277063369751,19.20693016052246
2102567346.0,-0.4627668857574463,1.1055397987365725,10.014030456542969,-1.7897695302963257,1.7346347570419312,19.27168083190918
2102575679.0,-0.2976962924003601,1.050034523010254,9.982755661010742,-1.240702748298645,0.5287676453590393,19.253061294555664
2102584012.0,-0.5540221333503723,1.350576639175415,9.862922668457031,-0.9995189309120178,-0.656057596206665,19.292404174804688
2102592345.0,-0.71619713306427,1.3925809860229492,9.744365692138672,-1.065065860748291,-0.763432502746582,19.165281295776367
2102600678.0,-0.3034021258354187,1.0569792985916138,9.627589225769045,-1.6724306344985962,-0.2167221009731292,19.19320106506348
2102609011.0,-0.2361114174127578,0.8095459342002869,9.577540397644045,-2.1478052139282227,0.0782130882143974,19.30352020263672
2102617344.0,-0.2623128294944763,0.6812023520469666,9.469257354736328,-2.173420190811157,0.3580487668514251,19.42322158813477
2102625677.0,-0.2170027196407318,0.5708436369895935,9.23062801361084,-1.326280117034912,0.4847880005836487,19.39896011352539
2102634010.0,-0.2304293364286422,0.372498482465744,9.496624946594238,-0.6979113221168518,0.5339929461479187,19.38200187683105
2102642343.0,-0.2798937261104584,0.4442112445831299,9.528305053710938,-0.7605893611907959,0.7081441879272461,19.5023136138916
2102650676.0,-0.4327084422111511,0.4305793642997741,9.140838623046877,-0.5111321806907654,0.5547148585319519,19.40649032592773
2102659009.0,-0.2347994893789291,0.5319034457206726,9.146323204040527,0.1156867295503616,0.8319891095161438,19.340456008911133
2102667342.0,-0.26186403632164,0.353592962026596,9.426154136657717,0.353617399930954,0.5854007005691528,19.324960708618164
2102675675.0,-0.3746231198310852,0.57993084192276,9.66397190093994,0.4163722991943359,0.3736733794212341,19.20818519592285
2102684008.0,-0.3688336908817291,0.4680439829826355,9.4505615234375,0.5380399823188782,0.5227482914924622,19.30728530883789
2102692341.0,-0.1559266597032547,0.6574282646179199,9.276683807373049,1.122044563293457,0.4648600220680237,19.079164505004883
2102700674.0,-0.3718899488449096,0.9960724711418152,9.526018142700195,1.6119937896728516,0.8021995425224304,19.043663024902344
2102709007.0,-0.1580866426229477,0.8798154592514038,9.731463432312012,1.2967593669891355,1.0305505990982056,19.21786499023437
2102717340.0,-0.256651222705841,0.8998076915740967,9.473278999328612,1.2288304567337036,0.9697679877281188,19.14299774169922
2102725673.0,-0.3929460942745209,0.840613603591919,9.570013999938965,1.2332360744476318,1.002682328224182,19.111719131469727
2102734006.0,-0.3854008018970489,0.8054307699203491,9.252613067626951,1.3858457803726196,0.8669780492782593,18.959341049194336
2102742339.0,-0.4024995565414428,0.9641461372375488,9.24895191192627,1.9298665523529053,0.867567241191864,18.68737030029297
2102750672.0,-0.4006381630897522,0.8321278691291809,9.780244827270508,1.8811993598937988,0.8702822327613831,18.909597396850582
2102759005.0,-0.7058224081993103,0.711419403553009,9.799674034118652,1.3793141841888428,0.991079032421112,18.78624153137207
2102767338.0,-0.5873720049858093,0.606283962726593,9.389719009399414,1.315022349357605,1.10836660861969,18.78129768371582
2102775671.0,-0.6504208445549011,0.4143177568912506,9.26988697052002,2.44883680343628,0.9956895112991332,18.8276309967041
2102784004.0,-0.2668516039848327,0.2939625680446625,10.085005760192873,2.95172119140625,0.2754683494567871,18.869382858276367
2102792337.0,-0.1832025796175003,0.1126913502812385,10.029273986816406,2.8002641201019287,-0.791582465171814,19.04501914978028
2102800670.0,-0.139072299003601,0.1437333971261978,9.422526359558104,3.1882433891296387,-1.2463122606277466,19.03580093383789
2102809003.0,-0.4023072421550751,0.3546352684497833,9.135964393615724,4.170729160308838,-0.2669004499912262,19.011289596557617
2102817336.0,-0.4609646797180176,-0.0085077350959181,9.147948265075684,4.993509292602539,1.0578041076660156,19.10846900939941
2102825669.0,-0.2089698016643524,-0.2514336705207824,9.677014350891112,5.363507270812988,2.051150321960449,19.45971870422364
2102834002.0,-0.3806837499141693,0.0427560321986675,9.9862642288208,5.572621822357178,1.6823304891586304,19.471086502075195
2102842335.0,-0.2634274661540985,0.2883222699165344,9.85226058959961,6.388998985290527,0.6365779638290405,19.4529037475586
2102850668.0,-0.1155021041631698,0.2290289402008056,9.448429107666016,7.350915908813477,-0.1874706447124481,19.37029838562012
2102859001.0,0.0763039663434028,-0.0525080002844333,9.98703956604004,7.456498146057129,-1.0275921821594238,19.64828872680664
2102867334.0,-0.0569138377904892,0.4687202870845794,9.553292274475098,7.089625358581543,-0.7625104188919067,19.522703170776367
2102875667.0,-0.0757964476943016,0.7213211059570312,9.31778049468994,7.777778148651123,0.4082013666629791,19.495500564575195
2102884000.0,-0.0985729321837425,1.0755733251571655,9.493778228759766,8.563776969909668,1.5763133764266968,19.40818214416504
2102892333.0,-0.168021097779274,1.2504169940948486,10.039105415344238,8.398821830749512,2.216362237930298,19.50200653076172
2102900666.0,-0.1792317628860473,1.6286550760269165,10.14463996887207,7.619354248046875,2.332676410675049,19.377519607543945
2102908999.0,-0.4539514183998108,1.7985758781433103,10.29263973236084,7.125485420227051,1.871542930603028,19.22539710998535
2102917332.0,-0.4103091657161712,2.002875328063965,10.270710945129396,6.568248271942139,1.1457892656326294,19.11126136779785
2102925665.0,-0.2573064267635345,1.905873417854309,10.235630989074709,6.446964263916016,0.2537731230258941,19.103757858276367
2102933998.0,-0.2635076642036438,1.837647080421448,10.27911376953125,5.83847188949585,-0.2451282888650894,18.99822235107422
2102942331.0,-0.3203960359096527,2.201843500137329,9.867112159729004,5.481869697570801,0.2200391441583633,18.892898559570312
2102950664.0,-0.307227075099945,2.2051658630371094,9.77676010131836,5.265763759613037,1.1208921670913696,18.789674758911133
2102958997.0,-0.4398484230041504,2.0930233001708984,9.934127807617188,4.951220512390137,1.70671546459198,18.78424453735352
2102967330.0,-0.5046022534370422,1.8088256120681765,10.087448120117188,4.539702415466309,2.0542240142822266,18.61718940734864
2102975663.0,-0.5794451832771301,1.9561032056808472,9.952096939086914,4.40740442276001,2.357086658477783,18.849971771240234
2102983996.0,-0.5222970843315125,1.931731104850769,10.17387866973877,4.78616189956665,1.4382269382476809,18.908037185668945
2102992329.0,-0.5437597632408142,1.50597083568573,10.300639152526855,4.621590614318848,0.4664994180202484,18.757604598999023
2103000662.0,-0.4351816177368164,1.238168716430664,9.909797668457031,4.405303955078125,-0.1505348831415176,18.8071403503418
2103008995.0,-0.2824344336986542,1.2542016506195068,9.570114135742188,5.0186638832092285,0.0309292040765285,18.95698928833008
2103017328.0,-0.1947727352380752,1.261999011039734,9.70637035369873,5.829813957214356,0.1872016787528991,18.94937896728516
2103025661.0,-0.2564820349216461,1.5772563219070437,9.918941497802734,6.370095729827881,1.0542694330215454,18.90719223022461
2103033994.0,-0.3290533423423767,2.0663156509399414,9.770322799682615,6.616223812103272,2.0039174556732178,19.066875457763672
2103042327.0,-0.513412356376648,2.1171581745147705,10.100872993469238,6.692938327789307,2.5091073513031006,18.91144371032715
2103050660.0,-0.4764008522033691,2.3799357414245605,10.34721851348877,5.8637800216674805,2.651573657989502,18.98795509338379
2103058993.0,-0.4718207120895386,2.748737335205078,10.30981731414795,5.466630935668945,2.1962804794311523,19.15139961242676
2103067326.0,-0.4817914664745331,2.7923178672790527,10.808752059936523,5.016459941864014,1.3384337425231934,19.25838851928711
2103075659.0,-0.590599775314331,3.0728554725646973,10.680988311767578,4.0392255783081055,0.7891619801521301,19.32247543334961
2103083992.0,-0.6497856378555298,3.1619935035705566,10.200454711914062,3.423792123794556,0.8527367115020752,19.174272537231445
2103092325.0,-0.7320714592933655,3.3351993560791016,10.286274909973145,2.885918617248535,1.691680073738098,19.186363220214844
2103100658.0,-0.7032365202903748,3.10798716545105,10.423151969909668,1.7566888332366943,1.998179793357849,19.22798538208008
2103108991.0,-0.7313475608825684,3.0587027072906494,10.18669891357422,0.8462817668914795,1.9610390663146973,19.10808563232422
2103117324.0,-0.9414538741111756,2.995739459991455,10.231026649475098,0.1367928683757782,1.8519481420516968,19.134262084960938
2103125657.0,-0.9608199000358582,2.9751830101013184,10.238645553588867,-0.3532460033893585,1.5016220808029177,19.046199798583984
2103133990.0,-0.9624223113059998,2.731763362884521,10.334917068481444,-0.6335938572883606,0.735500156879425,18.82978248596192
2103142323.0,-0.8916246294975281,2.448641777038574,10.394427299499512,-1.3527138233184814,0.1354865580797195,18.867647171020508
2103150656.0,-0.8125989437103271,2.288555860519409,10.036087036132812,-1.765589475631714,-0.2721513211727142,18.690698623657227
2103158989.0,-0.6629966497421265,1.8020321130752563,9.733772277832031,-1.634495973587036,-0.2665418088436126,18.641725540161133
2103167322.0,-0.5535187125205994,1.516204595565796,9.797499656677246,-1.3079911470413208,-0.1799912750720977,18.693567276000977
2103175655.0,-0.5694409012794495,1.5677495002746582,9.901000022888184,-1.3534308671951294,0.255258709192276,18.710832595825195
2103183988.0,-0.3815129995346069,1.2025741338729858,9.877918243408203,-0.9602779746055604,0.2510323822498321,18.6964111328125
2103192321.0,-0.3522223532199859,0.6821836829185486,9.833382606506348,-0.6952729225158691,0.0899444073438644,18.654504776000977
2103200654.0,-0.5904653668403625,0.7786009311676025,9.561330795288086,-0.124562069773674,0.4337900280952453,18.60125541687012
2103208987.0,-0.5347049832344055,0.8714659810066223,9.705266952514648,0.6613725423812866,0.8859326243400574,18.72940254211425
2103217320.0,-0.6011050343513489,1.3024145364761353,9.986261367797852,1.3225529193878174,0.9417973160743712,18.60832405090332
2103225653.0,-0.4159425795078277,1.2928158044815063,10.403851509094238,1.380620360374451,0.4972107708454132,18.60845184326172
2103233986.0,-0.4691029191017151,1.0169581174850464,10.026351928710938,0.9268386363983154,0.2031593769788742,18.55486869812012
2103242319.0,-0.4023560285568237,0.9810022711753844,9.677653312683104,0.9875187873840332,0.2436811178922653,18.475360870361328
2103250652.0,-0.4497123956680298,1.3586829900741575,9.66600513458252,1.5668103694915771,0.479280948638916,18.542598724365234
2103258985.0,-0.6530513167381287,1.844360947608948,10.302741050720217,1.7204700708389282,0.7275340557098389,18.442625045776367
2103267318.0,-0.5325348377227783,2.188420295715332,10.356425285339355,1.175501585006714,1.0743765830993652,18.52179908752441
2103275651.0,-0.2925751507282257,1.7961561679840088,10.353870391845703,0.6641901135444641,0.8144688606262207,18.457609176635746
2103283984.0,-0.4793769717216491,1.7357628345489502,10.24892234802246,-0.1865997314453125,0.5081737041473389,18.33197021484375
2103292317.0,-0.5824127197265625,2.143160104751587,10.034483909606934,-0.5742201209068298,0.6997681856155396,18.165042877197266
2103300650.0,-0.4658039212226867,2.255828619003296,10.28502082824707,-0.2203080803155899,0.7223088145256042,17.880008697509766
2103308983.0,-0.6633292436599731,2.5291860103607178,10.545705795288086,-0.6909952759742737,0.7885727882385254,17.663284301757812
2103317316.0,-0.7129197120666504,2.561452627182007,10.246310234069824,-1.8704289197921755,1.2571343183517456,17.739694595336914
2103325649.0,-0.7016887068748474,2.300455331802368,10.16329574584961,-2.449080467224121,1.7208033800125122,17.560165405273438
2103333982.0,-0.7937245965003967,2.1703991889953613,10.60452365875244,-3.1736557483673096,1.7420886754989624,17.58880043029785
2103342315.0,-0.6117600202560425,1.9932005405426023,10.744712829589844,-3.756662130355835,1.2932246923446655,17.716129302978516
2103350648.0,-0.4527905583381653,1.928017258644104,10.523842811584473,-3.675822973251343,0.3325881361961365,17.754396438598633
2103358981.0,-0.6505225300788879,1.5285253524780271,10.130970001220703,-3.858784914016724,-0.1432092040777206,17.880237579345703
2103367314.0,-0.9410126209259032,0.8753222823143005,9.70009708404541,-4.184418678283691,0.6980519890785217,17.789356231689453
2103375647.0,-1.0121214389801023,0.4471699595451355,9.410160064697266,-4.3611836433410645,1.939343929290772,17.897682189941406
2103383980.0,-1.0347585678100586,0.194806694984436,9.52602195739746,-3.439198732376098,2.3517074584960938,18.10825538635254
2103392313.0,-1.1601426601409912,0.232079416513443,9.766128540039062,-2.378589630126953,1.8280243873596191,18.243371963500977
2103400646.0,-1.1254864931106567,0.3016112148761749,9.760878562927246,-1.5603939294815063,0.5865020751953125,18.298622131347656
2103408979.0,-0.8862054347991943,0.1433037221431732,10.044580459594728,-1.0768482685089111,-0.8156086206436157,18.385711669921875
2103417312.0,-0.5610467791557312,0.0954716578125953,10.232635498046877,-1.0978776216506958,-2.2502365112304688,18.28145980834961
2103425645.0,-0.4155471920967102,0.514011800289154,9.530789375305176,-0.6052901148796082,-2.701841354370117,18.362838745117188
2103433978.0,-0.4273211359977722,1.177982211112976,9.282495498657228,0.7903915047645569,-1.713387966156006,18.510196685791016
2103442311.0,-0.1778969913721084,1.271111249923706,9.805516242980955,1.2636146545410156,-0.5018599033355713,18.52748680114746
2103450644.0,-0.1357246786355972,1.0101932287216189,9.924970626831056,0.2905551493167877,0.0914300307631492,18.438400268554688
2103458977.0,-0.4603649079799652,1.15086030960083,9.458452224731444,-0.253888338804245,0.9545531272888184,18.424924850463867
2103467310.0,-0.4067496061325073,1.069378137588501,9.60923194885254,-0.1057612001895904,1.4009581804275513,18.596899032592773
2103475643.0,-0.4080649316310882,1.0398632287979126,9.73558521270752,0.4014647603034973,0.4230319261550903,18.32295227050781
2103483976.0,-0.2735006809234619,1.009657621383667,9.943700790405272,0.4666018187999725,-0.7949379086494446,18.33553123474121
2103492309.0,-0.4901749193668365,0.9803630709648132,9.73712921142578,-0.1539928019046783,-1.4528396129608154,18.470083236694336
2103500642.0,-0.5072341561317444,0.925566017627716,9.340009689331056,-0.4582387804985046,-1.2639602422714231,18.392473220825195
2103508975.0,-0.3085745573043823,1.0299272537231443,9.33848476409912,-0.356089174747467,-0.6273439526557922,18.507225036621094
2103517308.0,-0.4762512743473053,1.2036596536636353,9.575560569763184,-0.4026046395301819,-0.3771184682846069,18.36004447937012
2103525641.0,-0.3718025386333465,1.215233564376831,9.62474250793457,-0.439335435628891,-0.0498709231615066,18.28842735290528
2103533974.0,-0.4047618806362152,1.0788469314575195,9.523165702819824,-0.4494017958641052,0.0316976197063922,18.26644897460937
2103542307.0,-0.3552197515964508,1.1208380460739136,9.778602600097656,-0.9671425223350524,-0.2522234320640564,18.130029678344727
2103550640.0,-0.2465340197086334,1.1550328731536863,9.67838191986084,-1.040271282196045,-0.9379935264587402,18.10825729370117
2103558973.0,-0.2703074812889099,1.0242007970809937,9.656002044677734,-0.936994731426239,-1.528581142425537,18.01445960998535
2103567306.0,-0.0633839294314384,1.0255742073059082,9.363548278808594,-0.9066160321235656,-1.7585458755493164,17.720788955688477
2103575639.0,-0.0137449782341718,0.994922399520874,9.163514137268066,-0.948444128036499,-1.363394856452942,17.77191734313965
2103583972.0,-0.0918377041816711,0.8002520799636841,9.242636680603027,-1.0970579385757446,-0.8456541299819946,17.58969497680664
2103592305.0,-0.1639671325683593,0.7580611109733582,8.999198913574219,-1.0210349559783936,-0.0118337804451584,17.37704849243164
2103600638.0,-0.1849530190229416,0.6621738076210022,9.21302318572998,-0.4346224069595337,0.3042331039905548,17.29753875732422
2103608971.0,-0.1817479729652404,0.6458086371421814,9.681909561157228,-0.1833467632532119,0.1961923092603683,17.35637855529785
2103617304.0,-0.3470292091369629,0.5912033319473267,9.454526901245115,0.0681210756301879,-0.3151576220989227,17.21280860900879
2103625637.0,-0.3554215133190155,0.6788493394851685,9.361732482910156,0.4235442876815796,-0.4467379450798034,17.1118106842041
2103633970.0,-0.3108854591846466,0.7903454303741455,9.443995475769045,0.6886003613471985,-0.5839533805847168,17.01178741455078
2103642303.0,-0.1587910801172256,0.4198168516159057,9.537346839904783,0.7183898091316223,-0.9008015394210817,16.995521545410156
2103650636.0,0.0462553240358829,0.3412474989891052,9.059260368347168,0.7840902805328369,-1.4249969720840454,16.967397689819336
2103658969.0,-0.1850652396678924,0.6402167081832886,8.97724723815918,1.7142457962036133,-1.0542309284210205,17.150667190551758
2103667302.0,-0.0642608702182769,0.6348546147346497,9.507044792175291,1.9447486400604248,-0.5736566781997681,17.24334144592285
2103675635.0,0.0785927027463913,0.6279411911964417,9.40884780883789,1.729358434677124,-0.5809310674667358,17.230022430419922
2103683968.0,0.0837917700409889,0.9331479668617249,9.528526306152344,1.8547654151916504,-0.5027562379837036,17.37778663635254
2103692301.0,0.0962020084261894,0.8919693827629089,9.927236557006836,1.7910372018814087,-0.1897502839565277,17.432218551635742
2103700634.0,0.1970953643321991,0.807111918926239,9.951417922973633,1.6011337041854858,-0.2439244389533996,17.394594192504883
2103708967.0,0.3594761192798614,0.9174924492836,9.889098167419434,1.9256147146224976,-0.3699208498001098,17.56308364868164
2103717300.0,0.3315053284168243,1.1918765306472778,9.913302421569824,2.0014071464538574,-0.0625755935907363,17.81551170349121
2103725633.0,0.3165946006774902,1.0821174383163452,9.868000984191896,1.8450065851211548,0.186228334903717,17.692615509033203
2103733966.0,0.2238188832998275,0.6079846024513245,9.668045997619627,1.31130850315094,0.7677229046821594,17.880956649780273
2103742299.0,0.1573833972215652,0.5997541546821594,9.635647773742676,1.0291675329208374,1.576415777206421,18.050830841064453
2103750632.0,0.0262379925698041,0.4171223640441894,9.68410301208496,1.3622037172317505,1.74751877784729,18.140888214111328
2103758965.0,-0.0508337169885635,0.3130642175674438,9.586700439453123,1.822952508926392,1.786939024925232,18.059946060180664
2103767298.0,0.0075805154629051,0.1889401525259018,9.835738182067873,2.301631689071656,1.5550532341003418,18.2164249420166
2103775631.0,-0.0428291894495487,0.3523274958133697,9.970519065856934,2.1727664470672607,1.0632599592208862,18.30948257446289
2103783964.0,-0.0234293155372142,0.4918593764305115,9.886951446533203,2.4381814002990723,0.5508726835250854,18.190656661987305
2103792297.0,0.046586524695158,0.6415877342224121,9.842781066894531,2.7658896446228027,0.572516679763794,18.21619415283203
2103800630.0,0.1922569125890731,0.7639959454536438,9.983272552490234,2.9537699222564697,0.7693876028060913,18.03005599975586
2103808963.0,0.3825269639492035,0.6784143447875977,10.198138236999512,2.9821763038635254,0.8938985466957092,18.10051918029785
2103817296.0,0.3186700046062469,0.5930099487304688,9.858956336975098,2.8421947956085205,1.2084927558898926,17.873554229736328
2103825629.0,0.2723259329795837,0.999488353729248,9.548332214355469,3.3740994930267334,2.009577751159668,17.8955020904541
2103833962.0,0.2754222750663757,0.9979928135871888,10.0527982711792,3.7792913913726807,2.5232717990875244,17.80101203918457
2103842295.0,0.2012473493814468,0.8183366656303406,10.17977809906006,3.252509355545044,2.522528886795044,17.613340377807617
2103850628.0,0.2498081773519516,0.6156257390975952,9.778995513916016,2.933560848236084,2.4732728004455566,17.612648010253906
2103858961.0,-0.0294658150523901,0.7906779646873474,9.536219596862791,3.330760717391968,2.628981590270996,17.59515380859375
2103867294.0,-0.1502784192562103,0.6852244734764099,9.749844551086426,3.647660493850708,2.7140464782714844,17.490903854370117
2103875627.0,-0.0222192648798227,0.5962342023849487,9.836593627929688,3.68684983253479,2.4398975372314453,17.28606414794922
2103883960.0,-0.0645792558789253,0.7674536108970642,9.594453811645508,3.900599956512451,1.9673911333084104,17.177663803100586
2103892293.0,-0.1600652337074279,1.071581482887268,9.668428421020508,4.303077697753906,2.1225626468658447,17.16526985168457
2103900626.0,-0.2883044183254242,1.0524924993515017,9.583157539367676,4.258867263793945,2.0426719188690186,17.01055908203125
2103908959.0,-0.3192082345485687,1.2548874616622925,9.594500541687012,4.222648620605469,2.3238649368286133,16.951210021972656
2103917292.0,-0.5649662017822266,1.5014928579330444,9.980874061584473,3.971322298049927,2.6526238918304443,16.815277099609375
2103925625.0,-0.5171079635620117,1.5861681699752808,10.491769790649414,3.45629620552063,2.6773924827575684,16.864582061767578
2103933958.0,-0.4346410632133484,1.6710728406906128,10.15450668334961,3.206992626190185,1.83281409740448,16.67875099182129
2103942291.0,-0.376675009727478,1.5567752122879028,10.21460247039795,3.345911264419556,0.9910660982131958,16.70307159423828
2103950624.0,-0.3680807948112488,1.4059836864471436,10.399251937866213,2.8512487411499023,0.6794688701629639,16.67722511291504
2103958957.0,-0.1696263253688812,1.2308858633041382,10.133659362792969,2.3650782108306885,0.4312540888786316,16.580699920654297
2103967290.0,-0.0360230840742588,1.0400149822235107,10.01841163635254,2.6176085472106934,0.4409363269805908,16.63804817199707
2103975623.0,-0.0780494287610054,1.1391757726669312,10.040520668029783,3.1201088428497314,0.7854734063148499,16.64130210876465
2103983956.0,-0.0339047163724899,1.000983715057373,10.09479808807373,3.424227237701416,1.5632244348526,16.87216567993164
2103992289.0,0.1112995222210884,0.8147079944610596,10.060906410217283,3.59691858291626,1.9340673685073853,16.880210876464844
2104000622.0,0.079683780670166,0.8596090078353882,10.129965782165527,3.831621646881104,1.96283221244812,16.89708709716797
2104008955.0,0.0235941242426633,0.827515721321106,10.330240249633787,4.079361915588379,1.721699357032776,16.93527603149414
2104017288.0,0.1341230422258377,0.8652569651603699,10.102246284484863,4.4613471031188965,1.7497726678848269,16.864246368408203
2104025621.0,0.4497876167297363,0.9951184391975404,10.13975715637207,4.904166221618652,1.6249033212661743,16.82147216796875
2104033954.0,0.3532107770442962,1.1911524534225464,10.255334854125977,4.868870735168457,1.6441398859024048,17.045677185058594
2104042287.0,0.3210253417491913,1.2194111347198486,10.191954612731934,4.573948383331299,2.0989463329315186,17.234838485717773
2104050620.0,0.3557613492012024,1.3609994649887085,10.136670112609863,4.471107006072998,2.988708257675171,17.335451126098633
2104058953.0,0.2811486423015594,1.4128913879394531,10.3655424118042,4.428714752197266,3.5501208305358887,17.38124656677246
2104067286.0,0.2036973983049392,1.7425533533096311,10.388608932495115,4.0560407638549805,3.9013047218322754,17.581104278564453
2104075619.0,-0.0433560907840728,1.8579009771347048,10.570175170898438,3.577362060546875,4.184573650360107,17.521244049072266
2104083952.0,-0.1276147663593292,2.0787546634674072,10.393426895141602,2.7482802867889404,4.194562911987305,17.492324829101562
2104092285.0,-0.1844700574874878,2.2364251613616943,10.31289005279541,2.3023486137390137,4.17410945892334,17.598814010620117
2104100618.0,-0.1991459280252456,2.0858395099639893,10.721105575561523,1.4652245044708252,3.881825685501098,17.619998931884766
2104108951.0,-0.16254223883152,1.8927409648895264,10.551676750183104,0.677791178226471,3.319080352783203,17.412263870239258
2104117284.0,-0.1501640379428863,2.093234300613404,10.252196311950684,0.3329851031303406,3.254468441009521,17.408231735229492
2104125617.0,-0.3114423155784607,2.3268797397613525,10.413548469543455,0.2750457525253296,3.791548252105713,17.305749893188477
2104133950.0,-0.2263853847980499,2.1959705352783203,10.25391960144043,-0.0744093656539917,3.928596258163452,17.19034194946289
2104142283.0,-0.1247000768780708,1.885669469833374,10.017126083374023,-0.5209423899650574,4.289296627044678,17.00248908996582
2104150616.0,-0.1597086936235427,1.5588524341583252,10.108039855957031,-1.0462777614593506,4.2269392013549805,16.880680084228516
2104158949.0,-0.2293077856302261,1.4711309671401978,9.849408149719238,-1.250961184501648,4.159419536590576,16.87919807434082
2104167282.0,-0.3466269373893738,1.1987422704696655,9.627573013305664,-0.569404661655426,4.088430404663086,16.60470199584961
2104175615.0,-0.4500364959239959,1.2099791765213013,9.556983947753906,0.0094388481229543,4.372337818145752,16.64120101928711
2104183948.0,-0.4679566025733948,1.160345435142517,9.80649471282959,0.2118681818246841,4.258098602294922,16.476781845092773
2104192281.0,-0.4409119784832001,1.2406636476516724,9.732290267944336,0.069107212126255,4.0251240730285645,16.36252784729004
2104200614.0,-0.2994773685932159,1.1010364294052124,9.638824462890623,0.0464514344930648,3.576939821243286,16.21536636352539
2104208947.0,-0.2737930119037628,1.1954258680343628,9.626768112182615,0.4445479810237884,3.0435996055603027,16.07925033569336
2104217280.0,-0.1682605147361755,1.3868752717971802,9.870146751403809,0.8573981523513794,3.1674692630767822,16.0037899017334
2104225613.0,-0.1775000542402267,1.4746557474136353,9.81213092803955,0.7844744920730591,3.1489503383636475,15.98127555847168
2104233946.0,-0.2460025250911712,1.6655888557434082,9.638747215270996,0.5910357236862183,3.65700888633728,15.804972648620604
2104242279.0,-0.4081317186355591,1.8786609172821045,9.760889053344728,0.4149635732173919,4.532888889312744,15.842960357666016
2104250612.0,-0.2821137607097626,1.8909058570861816,10.07789421081543,-0.3050143718719482,4.685370445251465,15.88581085205078
2104258945.0,-0.1833010911941528,1.886415243148804,10.079279899597168,-0.8230239748954773,4.101710796356201,15.93333911895752
2104267278.0,-0.1931803822517395,1.870470404624939,10.03162670135498,-1.343748688697815,3.3610620498657227,15.96375560760498
2104275611.0,-0.1767259389162063,1.8669623136520384,9.941741943359377,-2.004263162612915,2.9541032314300537,16.034194946289062
2104283944.0,-0.0482089109718799,1.8576107025146484,9.739500045776367,-2.5951578617095947,2.921060800552368,16.061756134033203
2104292277.0,-0.094840295612812,1.6647847890853882,9.585214614868164,-2.988234043121338,3.0848636627197266,16.260290145874023
2104300610.0,-0.2101570516824722,1.5347944498062134,9.565043449401855,-3.480924367904663,3.925241947174072,16.187725067138672
2104308943.0,-0.1968097239732742,1.289924383163452,9.592315673828123,-3.9148805141448975,4.725558280944824,16.43190574645996
2104317276.0,-0.3927179276943207,0.95207017660141,9.593941688537598,-4.098713874816895,4.84955644607544,16.37555503845215
2104325609.0,-0.6379428505897522,0.8974415063858032,9.503226280212402,-4.041850090026856,4.768743515014648,16.388334274291992
2104333942.0,-0.6796699166297913,0.7353968620300293,9.608967781066896,-3.782685279846192,4.361554145812988,16.622268676757812
2104342275.0,-0.5975601673126221,0.4206043481826782,9.762495994567873,-3.7721452713012695,3.589170217514038,16.42193031311035
2104350608.0,-0.5940549373626709,0.4335011839866638,9.47722625732422,-3.663387060165405,2.5191092491149902,16.35279655456543
2104358941.0,-0.7129946351051331,0.4915867447853088,9.33165454864502,-3.0342376232147217,2.292154312133789,16.204734802246094
2104367274.0,-0.7309852242469788,0.5887951850891113,9.481444358825684,-2.7228708267211914,2.487668037414551,16.05788803100586
2104375607.0,-0.6381974220275879,0.5970560908317566,9.492487907409668,-2.5242319107055664,2.5610015392303467,15.995746612548828
2104383940.0,-0.5678852796554565,0.7658361196517944,9.513278007507324,-2.5063788890838623,2.6046478748321533,15.795980453491213
2104392273.0,-0.6848461627960205,0.9540749192237854,9.701410293579102,-2.4053051471710205,2.4475557804107666,15.641143798828123
2104400606.0,-0.6443168520927429,0.937601923942566,10.002707481384276,-2.568288564682007,2.2049121856689453,15.436203956604004
2104408939.0,-0.4602008759975433,0.6418915390968323,9.994991302490234,-2.9100592136383057,1.4745733737945557,15.156879425048828
2104417272.0,-0.3099241852760315,0.6320398449897766,9.748260498046877,-2.990769863128662,0.9283497333526612,14.948174476623535
2104425605.0,-0.3165203034877777,0.646964430809021,9.794191360473633,-2.733526468276977,0.704430103302002,14.75558376312256
2104433938.0,-0.0540843941271305,0.4127872586250305,9.84859561920166,-2.843411445617676,0.7973073124885559,14.589347839355469
2104442271.0,0.0419938080012798,0.2851972281932831,9.616747856140137,-2.9926650524139404,0.7575794458389282,14.345189094543455
2104450604.0,-0.0555566400289535,0.3058542907238006,9.51862907409668,-3.063770294189453,1.4143284559249878,14.19672966003418
2104458937.0,-0.1606165766716003,0.0766647830605506,9.545361518859863,-2.882421493530273,2.090646982192993,13.914485931396484
2104467270.0,-0.2123053073883056,-0.134115532040596,9.65889835357666,-2.67166805267334,2.52839469909668,13.622026443481444
2104475603.0,-0.2174972146749496,-0.241630345582962,9.74192714691162,-2.364706993103028,2.4542670249938965,13.63332176208496
2104483936.0,-0.1751435697078704,-0.3651422560214996,10.063573837280272,-2.078979730606079,2.0913901329040527,13.499895095825195
2104492269.0,-0.1150332018733024,-0.5549038052558899,10.262697219848633,-1.81461501121521,1.447703838348389,13.350383758544922
2104500602.0,0.0501113682985305,-0.7972366213798523,9.907855987548828,-1.499431848526001,1.0601348876953125,13.11340045928955
2104508935.0,0.1861677020788192,-0.9299762845039368,9.903637886047363,-0.9669888615608216,1.0078307390213013,13.05269718170166
2104517268.0,0.2649933397769928,-0.9485756158828736,9.8995361328125,-0.4350834786891937,1.3109239339828491,12.992067337036133
2104525601.0,0.1475422829389572,-1.1480027437210083,9.759050369262695,0.1081561297178268,2.2137746810913086,12.935510635375977
2104533934.0,-0.026910550892353,-1.1065831184387207,9.54401969909668,0.9439486861228944,3.407064914703369,13.046727180480955
2104542267.0,-0.1502894461154937,-0.9085736274719238,9.927412986755373,1.825181484222412,4.366985321044922,13.251566886901855
2104550600.0,-0.1699773222208023,-0.8112119436264038,10.25034999847412,2.011268854141236,4.193704605102539,13.158971786499023
2104558933.0,-0.1618703156709671,-0.7685739994049072,10.133825302124023,2.3644635677337646,3.345950126647949,13.315396308898926
2104567266.0,-0.3180646598339081,-0.7662198543548584,10.060054779052734,2.5544445514678955,2.5798795223236084,13.363425254821776
2104575599.0,-0.316464900970459,-0.7501860857009888,10.186433792114258,2.740377902984619,2.194871664047241,13.545823097229004
2104583932.0,-0.2870769798755646,-0.8193714618682861,9.97976779937744,2.9240195751190186,2.1473445892333984,13.457544326782228
2104592265.0,-0.2710396945476532,-0.6500287055969238,9.687878608703612,3.580665349960327,2.311787366867065,13.785096168518066
2104600598.0,-0.3175314664840698,-0.3709843158721924,9.847541809082031,4.064723968505859,2.9185376167297363,13.90097427368164
2104608931.0,-0.241180419921875,-0.3690575361251831,10.143136024475098,4.100763320922852,3.150731086730957,14.02548885345459
2104617264.0,-0.1127064004540443,-0.3726680278778076,10.00763988494873,3.870196580886841,2.780592441558838,14.025476455688477
2104625597.0,-0.3935181200504303,-0.2660678625106811,9.825575828552246,4.078158855438232,2.4802398681640625,14.106467247009276
2104633930.0,-0.509647011756897,-0.0466463267803192,9.73427963256836,4.662547111511231,2.467560291290283,14.13026237487793
2104642263.0,-0.4925800263881683,0.0610976181924343,9.732526779174805,5.173627853393555,2.569018602371216,14.158822059631348
2104650596.0,-0.406709760427475,0.1031496375799179,9.8945894241333,5.06376838684082,2.433673143386841,14.106926918029783
2104658929.0,-0.5435921549797058,0.1686887294054031,9.728731155395508,4.971506595611572,1.940547466278076,14.06002712249756
2104667262.0,-0.6376458406448364,0.1506006717681884,9.681310653686523,5.112154483795166,1.8877055644989007,13.843742370605469
2104675595.0,-0.4372987151145935,-0.0345771163702011,9.875964164733888,5.259461879730225,1.8463386297225952,13.86835765838623
2104683928.0,-0.5422961115837097,-0.1196639761328697,9.982922554016112,5.59585428237915,1.415199637413025,13.7190523147583
2104692261.0,-0.6353662014007568,-0.0476527772843837,9.977032661437988,6.112069129943848,1.465339422225952,13.724571228027344
2104700594.0,-0.5421396493911743,-0.2722426056861877,10.085285186767578,6.835851669311523,1.9179686307907104,13.705282211303713
2104708927.0,-0.5158151388168335,-0.3413126468658447,10.051835060119627,7.2585248947143555,1.746494174003601,13.66374969482422
2104717260.0,-0.6728335022926331,-0.2312567681074142,9.986340522766112,7.752048015594482,1.7069075107574463,13.68612575531006
2104725593.0,-0.5530046224594116,0.0228820648044347,9.986220359802246,8.603989601135254,1.6690621376037598,13.585650444030762
2104733926.0,-0.4542880058288574,0.0152062252163887,10.264212608337402,8.952163696289062,1.3481669425964355,13.362961769104004
2104742259.0,-0.4234810471534729,0.3040671348571777,9.998538970947266,8.913370132446289,1.0972883701324463,13.391047477722168
2104750592.0,-0.5309145450592041,0.6809118986129761,9.688936233520508,9.190505027770996,1.2098244428634644,13.365856170654297
2104758925.0,-0.3575575351715088,0.855545163154602,10.127553939819336,9.268423080444336,1.312435269355774,13.621333122253418
2104767258.0,-0.2271927744150161,0.9280412793159484,10.159798622131348,8.726476669311523,1.0743252038955688,13.448078155517578
2104775591.0,-0.170675441622734,1.0945565700531006,9.82455825805664,8.510331153869629,0.5103381276130676,13.251911163330078
2104783924.0,-0.3006912767887115,1.5721181631088257,9.52333164215088,8.510932922363281,0.6744613647460938,13.443313598632812
2104792257.0,-0.3900853991508484,1.7018767595291138,9.603730201721191,8.162297248840332,1.128268837928772,13.387601852416992
2104800590.0,-0.2307825684547424,1.7062902450561523,9.559514045715332,7.345741271972656,1.1110048294067385,13.26250171661377
2104808923.0,-0.3636308014392853,1.6771223545074463,9.478124618530272,6.485179424285889,0.9435901045799256,13.149492263793944
2104817256.0,-0.3187906146049499,1.709019422531128,9.3977632522583,5.935497760772705,0.7254592776298523,13.172749519348145
2104825589.0,-0.3113791644573211,1.4614194631576538,9.37355136871338,5.595852375030518,0.1472434252500534,13.150848388671877
2104833922.0,-0.3440162539482116,1.388096570968628,9.26211643218994,5.348483562469482,-0.2272111028432846,13.151759147644045
2104842255.0,-0.3375912606716156,1.479312300682068,9.181914329528809,5.140573501586914,-0.4405777752399444,13.066619873046877
2104850588.0,-0.33403480052948,1.4635000228881836,9.302188873291016,5.075998783111572,-0.3200114965438843,13.042437553405762
2104858921.0,-0.3965294361114502,1.47177255153656,9.258939743041992,4.839439868927002,-0.0313518345355987,12.99196720123291
2104867254.0,-0.3776368796825409,1.4780323505401611,9.450244903564451,4.574280738830566,0.1351535469293594,13.003056526184082
2104875587.0,-0.4273615777492523,1.6821287870407104,9.717924118041992,4.441751956939697,-0.0732823312282562,12.858846664428713
2104883920.0,-0.380816787481308,1.6602457761764526,9.55312728881836,4.407737255096436,-0.363568514585495,12.734414100646973
2104892253.0,-0.162098228931427,1.539362549781799,9.66395092010498,4.346518039703369,-0.6135122179985046,12.823447227478027
2104900586.0,-0.1136017590761184,1.6928588151931765,9.668880462646484,4.159265518188477,-1.1341599225997925,12.69059944152832
2104908919.0,-0.0925135985016822,1.8065720796585083,9.553667068481444,4.005477428436279,-1.1679707765579224,12.71562385559082
2104917252.0,-0.0488633178174495,1.6934404373168943,9.469315528869627,3.973203420639038,-0.6266266703605652,12.765803337097168
2104925585.0,0.0508044883608818,1.7088429927825928,9.481130599975586,3.636658191680908,-0.079929232597351,12.886906623840332
2104933918.0,0.0630729794502258,1.7557682991027832,9.61023998260498,3.485879898071289,0.1026490554213523,12.711103439331056
2104942251.0,0.0780454948544502,1.7616840600967407,9.85700798034668,3.253968477249145,0.319294273853302,12.90500259399414
2104950584.0,0.155722826719284,1.7473124265670776,9.642154693603516,2.9838409423828125,0.2049779295921325,12.851675033569336
2104958917.0,0.3102685511112213,1.7853431701660156,9.728082656860352,2.808947324752808,-0.0099383248016238,12.815815925598145
2104967250.0,0.6588917374610901,1.7497355937957764,9.839388847351074,2.453843832015991,-0.2896586060523987,12.97455883026123
2104975583.0,0.6921564340591431,1.5740329027175903,9.746939659118652,1.929853558540344,-0.5680341720581055,13.133880615234377
2104983916.0,0.5604839324951172,1.5100924968719482,9.508525848388672,1.6573692560195925,0.2909265160560608,13.100733757019045
2104992249.0,0.4839942753314972,1.5328608751296997,9.313522338867188,1.5418235063552856,1.612621188163757,13.238513946533203
2105000582.0,0.2577654719352722,1.6153695583343506,9.58453369140625,1.5577939748764038,3.0394749641418457,13.210580825805664
2105008915.0,0.240673080086708,1.6038376092910769,10.01831340789795,1.0594433546066284,3.711362600326538,13.332096099853516
2105017248.0,-0.0090282279998064,1.782604098320007,10.086822509765623,0.7002035975456238,3.6652307510375977,13.306992530822754
2105025581.0,-0.1749383807182312,1.9239754676818848,10.41256618499756,0.0591816939413547,3.244312047958374,13.348077774047852
2105033914.0,-0.0565996915102005,1.7713865041732788,10.37913990020752,-0.4764248132705688,2.598372459411621,13.305968284606934
2105042247.0,-0.0241913292557001,1.6978040933609009,10.05111312866211,-1.0533342361450195,1.928329348564148,13.107381820678713
2105050580.0,-0.1394640803337097,1.9401253461837769,10.05330753326416,-1.2642674446105957,1.8959273099899288,13.334579467773438
2105058913.0,-0.1724004298448562,1.642226219177246,10.166447639465332,-1.8722728490829468,2.4438931941986084,13.15976333618164
2105067246.0,-0.2817115783691406,1.6057411432266235,9.975975036621094,-2.4990789890289307,3.092650413513184,13.07815647125244
2105075579.0,-0.4705089032649994,1.7362067699432373,9.885018348693848,-2.487680673599243,3.855545043945313,13.21524429321289
2105083912.0,-0.6445416808128357,1.805567979812622,10.339336395263672,-2.5259482860565186,4.316959857940674,13.099723815917969
2105092245.0,-0.7024610638618469,1.4911115169525146,10.47225856781006,-3.040051221847534,3.581702470779419,12.658618927001951
2105100578.0,-0.6862606406211853,1.1241490840911863,10.330445289611816,-3.219440460205078,2.8194100856781006,12.671874046325684
2105108911.0,-0.7675042152404785,1.155290603637695,10.39682960510254,-3.359921932220459,2.092952013015747,12.62672996520996
2105117244.0,-0.6503485441207886,0.8398802280426025,10.297540664672852,-3.1113359928131104,1.6062562465667725,12.54676342010498
2105125577.0,-0.4972319900989532,0.4458000361919403,10.075336456298828,-2.5103745460510254,1.288921356201172,12.41262149810791
2105133910.0,-0.4610478579998016,0.2088301181793213,10.11565113067627,-2.197932243347168,1.4048258066177368,12.576398849487305
2105142243.0,-0.5121315121650696,-0.0688608959317207,9.96141242980957,-1.787899613380432,1.708431363105774,12.749500274658203
2105150576.0,-0.5430479049682617,-0.4253020584583282,9.670961380004885,-1.1866437196731567,2.1280055046081543,12.659043312072754
2105158909.0,-0.6277942061424255,-0.4380875825881958,9.651175498962402,-0.2341525703668594,2.453126907348633,12.745491981506348
2105167242.0,-0.6330734491348267,-0.509533703327179,10.01484489440918,0.6671997308731079,2.264862060546875,12.796772003173828
2105175575.0,-0.5817204713821411,-0.6248723864555359,10.007349014282228,1.075567603111267,1.491901397705078,12.889930725097656
2105183908.0,-0.320744514465332,-0.4360116422176361,9.726181030273438,1.6510040760040283,0.2805911600589752,12.953697204589844
2105192241.0,-0.2528451681137085,-0.1298086196184158,9.820889472961426,2.390077352523804,-0.3982245624065399,13.070446014404297
2105200574.0,-0.039939559996128,0.2185683697462082,9.972155570983888,2.547489643096924,-0.989234745502472,13.091976165771484
2105208907.0,0.0297574680298566,0.3968904614448547,9.727554321289062,2.345623731613159,-0.8182084560394287,13.041924476623535
2105217240.0,0.0201670378446578,0.8497442603111267,9.682891845703123,2.0656089782714844,0.1001260578632354,13.108803749084473
2105225573.0,0.0582406856119632,1.2692718505859375,9.91230297088623,1.7098912000656128,1.0963279008865356,13.174593925476074
2105233906.0,-0.0184776596724987,1.3162248134613037,10.082903861999512,1.1189452409744265,1.2203006744384766,12.9495210647583
2105242239.0,-0.1068931967020034,1.5668305158615112,10.06251335144043,0.4058832228183746,1.2699283361434937,12.880426406860352
2105250572.0,-0.125049889087677,1.7516014575958252,10.220147132873535,-0.2292730659246444,0.8444375395774841,13.112992286682127
2105258905.0,-0.1671362817287445,1.7455832958221436,10.100626945495604,-1.1670615673065186,0.1560803651809692,12.899880409240724
2105267238.0,-0.2057926803827285,1.844443082809448,9.769832611083984,-1.7715833187103271,-0.4603903591632843,12.645967483520508
2105275571.0,-0.221549853682518,1.8285552263259888,9.833538055419922,-2.542546033859253,-0.4183061122894287,12.497352600097656
2105283904.0,-0.2411763370037078,1.716430902481079,9.850902557373049,-3.3021366596221924,-0.3413609564304352,12.265416145324709
2105292237.0,-0.3598938286304474,1.6591674089431765,9.616535186767578,-3.911755561828613,0.1689130961894989,12.058941841125488
2105300570.0,-0.4506579935550689,1.651097297668457,9.836063385009766,-4.254396915435791,0.7927735447883606,11.964706420898438
2105308903.0,-0.3380604982376098,1.5345412492752075,10.20151710510254,-4.412577629089356,0.5400763154029846,11.718745231628418
2105317236.0,-0.5638718008995056,1.2972391843795776,10.118284225463867,-4.81903600692749,-0.2019426226615905,11.403175354003906
2105325569.0,-0.5853655934333801,1.335506796836853,9.996123313903809,-4.971645832061768,-0.3953044712543487,11.238948822021484
2105333902.0,-0.3085237443447113,1.0361011028289795,10.085516929626465,-4.92967700958252,-0.8622135519981384,11.109559059143066
2105342235.0,-0.1548203229904174,0.7137178778648376,10.0724458694458,-5.027395725250244,-1.6837133169174194,11.073342323303224
2105350568.0,-0.1815636307001114,0.654874324798584,9.954353332519531,-4.980778217315674,-1.735915184020996,10.85792636871338
2105358901.0,-0.1668944060802459,0.5560965538024902,9.876465797424316,-4.584628582000732,-1.1948914527893066,10.76476764678955
2105367234.0,-0.1525465101003646,0.4087038338184356,9.80436897277832,-4.20006799697876,-0.5120541453361511,10.82484531402588
2105375567.0,-0.3479061722755432,0.2979237139225006,9.985769271850586,-3.790010452270508,0.1704755425453186,10.87761116027832
2105383900.0,-0.1583978980779647,0.3394117951393127,10.383524894714355,-3.8921091556549072,0.3015179932117462,10.97870922088623
2105392233.0,-0.1216121092438697,0.3432802259922027,10.447667121887209,-3.651335000991821,-0.5948138236999512,10.935011863708496
2105400566.0,-0.1279363185167312,0.2765795290470123,10.52432918548584,-3.6464686393737793,-1.3915446996688845,10.953813552856444
2105408899.0,0.0533723272383213,0.3453003168106079,10.477020263671877,-3.689641237258911,-1.705178141593933,11.06550407409668
2105417232.0,0.2232440114021301,0.4482642114162445,10.347495079040527,-3.540041208267212,-1.8314181566238403,11.04745864868164
2105425565.0,0.0498533174395561,0.5864138007164001,10.297167778015137,-3.4257888793945312,-1.209184169769287,11.27595043182373
2105433898.0,0.0553766824305057,0.5342152714729309,10.553561210632324,-3.918274164199829,0.0254861675202846,11.31598663330078
2105442231.0,0.1071331202983856,0.4094325304031372,10.295645713806152,-3.991710186004639,0.5086475610733032,11.21962547302246
2105450564.0,-0.068775974214077,0.2347368896007537,10.445101737976074,-3.9021499156951904,0.6558910012245178,11.250325202941896
2105458897.0,0.0887608006596565,-0.0453670993447303,10.61086654663086,-4.091464042663574,0.4842755198478699,11.42788028717041
2105467230.0,0.3054989576339721,-0.2781005799770355,10.29026222229004,-3.781225204467773,-0.5949932336807251,11.308520317077637
2105475563.0,0.1955752223730087,-0.4044654965400696,10.19781494140625,-3.2414815425872803,-1.1961079835891724,11.49281406402588
2105483896.0,0.2288186997175216,-0.8109411597251892,10.129016876220703,-3.117713928222656,-0.8463969230651855,11.46612548828125
2105492229.0,0.2370189130306244,-1.2506680488586426,9.496763229370115,-2.8100738525390625,-0.4973388910293579,11.416650772094728
2105500562.0,-0.0029519577510654,-1.4924771785736084,9.125579833984377,-1.6781551837921145,0.2882882356643677,11.480301856994627
2105508895.0,-0.0369812101125717,-1.7381585836410522,9.50772476196289,-0.6904701590538025,1.3266894817352295,11.453764915466309
2105517228.0,-0.0402988977730274,-1.6557681560516355,9.64362907409668,0.2818078398704529,1.394208550453186,11.293214797973633
2105525561.0,-0.2235274165868759,-1.475062608718872,9.765992164611816,1.4381625652313232,0.8978044986724854,11.357762336730955
2105533894.0,-0.1205448657274246,-1.5099356174468994,10.235541343688965,2.1025190353393555,0.1667230725288391,11.398821830749512
2105542227.0,-0.1415231525897979,-1.3182820081710815,10.069595336914062,2.3567914962768555,-0.8562966585159302,11.20125961303711
2105550560.0,-0.225624144077301,-1.0794464349746704,9.611085891723633,3.059210538864136,-1.001503825187683,11.080079078674316
2105558893.0,-0.2905815243721008,-0.7583784461021423,9.894305229187012,3.760246753692627,-0.3521829545497894,10.991249084472656
2105567226.0,-0.2674950063228607,-0.3157678246498108,10.11263942718506,3.738667249679565,0.0507033877074718,10.72909927368164
2105575559.0,-0.3571764230728149,-0.1915210783481598,10.017426490783691,3.657905340194702,0.4021819531917572,10.684556007385254
2105583892.0,-0.4320527911186218,-0.2367544770240783,10.18783950805664,3.304185390472412,0.4129783511161804,10.58095932006836
2105592225.0,-0.3287028968334198,-0.4388266801834106,10.217620849609377,2.709218263626098,-0.3178599178791046,10.3856782913208
2105600558.0,-0.4304504990577698,-0.4786690473556518,9.923919677734377,2.6704635620117188,-1.2091329097747805,10.32427978515625
2105608891.0,-0.371446818113327,-0.4790251553058624,9.967803955078123,2.9379658699035645,-1.6898480653762815,10.442655563354492
2105617224.0,-0.1185586974024772,-0.6701774001121521,9.72282886505127,3.2086057662963867,-2.5978472232818604,10.198808670043944
2105625557.0,-0.1072276011109352,-0.7617883086204529,9.341166496276855,3.24930739402771,-2.859471321105957,9.981139183044434
2105633890.0,0.0004953439347445,-0.8040033578872681,9.2454195022583,3.2819647789001465,-2.6814002990722656,10.093660354614258
2105642223.0,0.0377721227705478,-0.8601502180099487,9.16603183746338,3.565193891525269,-2.5820300579071045,10.02810001373291
2105650556.0,-0.102966733276844,-0.7286416292190552,9.213590621948242,4.300233364105225,-2.149111270904541,9.93564796447754
2105658889.0,-0.0125402454286813,-0.7877171635627747,9.407431602478027,4.684319019317627,-1.720610737800598,9.992305755615234
2105667222.0,0.2877866923809051,-0.5163480043411255,9.36670207977295,5.159846782684326,-2.575152635574341,9.920790672302246
2105675555.0,0.2712412178516388,-0.2633528411388397,9.485591888427734,5.730391979217529,-3.428273916244507,9.95510196685791
2105683888.0,0.2954047322273254,-0.0833572819828987,9.683797836303713,5.728214263916016,-3.767303466796875,9.778594017028809
2105692221.0,0.5754621624946594,-0.0252944845706224,9.454219818115234,5.536696910858154,-3.855992794036865,9.66227912902832
2105700554.0,0.6177682280540466,0.1649005860090255,9.163835525512695,6.031001091003418,-3.425020694732666,9.682437896728516
2105708887.0,0.6991811990737915,0.3462044596672058,9.437521934509276,6.182341575622559,-2.476615190505981,9.920252799987791
2105717220.0,0.9897024631500244,0.6656922698020935,9.484804153442385,6.329611301422119,-2.365129232406616,9.952386856079102
2105725553.0,0.7316638827323914,0.9165766835212708,9.502422332763672,6.349873065948486,-2.178375720977783,9.864992141723633
2105733886.0,0.77144455909729,0.8010745644569397,9.893270492553713,5.77475643157959,-1.5652222633361816,10.18614387512207
2105742219.0,0.8006821870803833,0.6423138380050659,9.68282699584961,5.059938430786133,-1.4106144905090332,10.164676666259766
2105750552.0,0.677100419998169,0.7270893454551697,9.472238540649414,5.232808589935303,-0.95916348695755,10.389184951782228
2105758885.0,0.4956532418727875,0.5215592384338379,10.030951499938965,5.380424499511719,-0.3774642050266266,10.549813270568848
2105767218.0,0.4859738647937774,0.4371715784072876,10.212013244628906,4.91776704788208,-0.4242229461669922,10.453003883361816
2105775551.0,0.4369491636753082,0.5248532891273499,10.01340103149414,4.883379459381104,-0.1461420059204101,10.640844345092772
2105783884.0,0.6148390173912048,0.58616042137146,10.168280601501465,5.088089466094971,-0.0953489989042282,10.936588287353516
2105792217.0,0.7153624892234802,0.4835895299911499,10.359472274780272,5.0121941566467285,-0.6587597727775574,10.944759368896484
2105800550.0,0.7958118915557861,0.3422122299671173,10.12147331237793,4.740784645080566,-0.827634334564209,11.139426231384276
2105808883.0,0.699989378452301,0.3126392960548401,9.995741844177246,4.689043998718262,0.0045593329705297,11.348847389221191
2105817216.0,0.7953290343284607,0.3066476881504059,9.841300010681152,4.879832744598389,0.6890102028846741,11.525293350219728
2105825549.0,0.5013063549995422,0.1756805777549743,9.474857330322266,5.503321170806885,1.5432578325271606,11.574485778808594
2105833882.0,0.5097054839134216,0.1395058333873748,9.750712394714355,5.657378673553467,2.4654347896575928,11.57285976409912
2105842215.0,0.4709128141403198,0.2519176304340362,9.789217948913574,5.473417282104492,2.275453805923462,11.671192169189451
2105850548.0,0.142385795712471,0.3116697371006012,9.830695152282717,5.650551795959473,1.8307263851165767,11.430660247802734
2105858881.0,0.2250794172286987,0.4756535589694977,9.956682205200195,5.723117828369141,1.6061408519744873,11.43160915374756
2105867214.0,0.2816876769065857,0.7427014708518982,9.891009330749512,6.012519836425781,0.7930808663368225,11.295354843139648
2105875547.0,0.0707934647798538,1.077383518218994,9.74130153656006,6.1439208984375,0.5247973203659058,11.131064414978027
2105883880.0,0.0289614256471395,1.3282560110092163,9.833012580871582,5.871488094329834,1.0499917268753052,11.049534797668455
2105892213.0,0.166591927409172,1.2310880422592163,9.866822242736816,5.408458709716797,1.2571083307266235,10.854403495788574
2105900546.0,-0.0623055696487426,1.2099848985671997,9.782773971557615,4.996133804321289,1.3747929334640503,10.604217529296877
2105908879.0,-0.0335928164422512,1.2619678974151611,9.907889366149902,4.870009422302246,1.5019164085388184,10.327635765075684
2105917212.0,-0.0598679706454277,1.424028396606445,9.921133995056152,4.968572616577148,1.077975153923035,9.988911628723145
2105925545.0,-0.2365147173404693,1.6660268306732178,9.976987838745115,4.871007919311523,0.4729412496089935,9.769859313964844
2105933878.0,-0.2440757155418396,1.889391541481018,10.118632316589355,4.396351337432861,0.5382063984870911,9.545735359191896
2105942211.0,0.0636836737394332,1.779840111732483,10.159187316894531,3.5463802814483643,0.0346688665449619,9.31760025024414
2105950544.0,-0.0364114344120025,1.7455586194992063,9.789793968200684,2.978923082351685,-0.4162057340145111,9.125162124633787
2105958877.0,-0.1450295597314834,1.7300235033035278,10.129902839660645,2.432020902633667,-0.3205493688583374,9.040929794311523
2105967210.0,0.0752335041761398,1.737182378768921,10.009035110473633,1.9847065210342407,-0.4538331031799316,8.831059455871582
2105975543.0,0.0905378013849258,1.6069447994232178,9.81467628479004,2.034141540527344,-0.5020133852958679,8.77030086517334
2105983876.0,0.145638108253479,1.281907081604004,10.058287620544434,1.5721375942230225,-0.3877482712268829,8.807262420654297
2105992209.0,0.1842187494039535,1.139533758163452,9.710022926330566,0.8878917694091797,-0.6179817914962769,8.717394828796387
2106000542.0,0.1954474449157714,0.8159162998199463,9.576189994812012,1.0539617538452148,-0.7189403176307678,8.809004783630371
2106008875.0,0.0991214960813522,0.3246982097625732,9.820623397827148,0.8210132122039795,-0.3295912146568298,9.005378723144531
2106017208.0,0.2712236642837524,0.0130852125585079,9.760520935058594,0.984124720096588,-0.6170853972434998,9.129350662231444
2106025541.0,0.16843843460083,0.0729490220546722,9.340487480163574,1.7765779495239258,-0.6797378063201904,9.370277404785156
2106033874.0,0.28361976146698,-0.0588990561664104,9.693317413330078,2.682565927505493,-0.6385628581047058,9.466546058654783
2106042207.0,0.4718402326107025,-0.4862927496433258,9.887441635131836,2.5924038887023926,-1.2271780967712402,9.50963020324707
2106050540.0,0.2917618155479431,-0.6746922135353088,9.529247283935549,2.712073802947998,-1.359885334968567,9.79584503173828
2106058873.0,0.4642022848129272,-0.6955514550209045,9.558613777160645,3.415595054626465,-0.9730592966079712,10.203291893005373
2106067206.0,0.679969310760498,-0.5377281308174133,9.74607753753662,4.505211353302002,-0.9469711780548096,10.492232322692873
2106075539.0,0.430497258901596,-0.161190778017044,9.965570449829102,5.276943206787109,-0.9112136363983154,10.535853385925291
2106083872.0,0.2755168080329895,0.0969479233026504,10.065818786621094,5.237112522125244,-0.2680402100086212,10.791611671447754
2106092205.0,0.5232185125350952,0.2373306155204773,10.182328224182127,4.9741315841674805,0.0619864612817764,10.840047836303713
2106100538.0,0.4593261778354645,0.586305558681488,10.24553108215332,4.693399429321289,-0.13873952627182,10.954748153686523
2106108871.0,0.4889577329158783,0.931846559047699,10.569029808044434,4.194522857666016,-0.2882369756698608,10.924458503723145
2106117204.0,0.5336824655532837,1.2551848888397217,10.635022163391112,4.045346260070801,-0.5375659465789795,10.873357772827148
2106125537.0,0.3222468197345733,1.5760244131088257,10.603752136230469,3.630958795547485,-0.5408445596694946,10.743135452270508
2106133870.0,0.3168610334396362,1.7173014879226685,10.566000938415527,2.638740062713623,0.328464150428772,10.677154541015623
2106142203.0,0.4444785118103027,1.8460861444473269,10.509628295898438,1.773158311843872,0.5285113453865051,10.391350746154783
2106150536.0,0.3470321595668793,2.0330426692962646,10.568228721618652,0.8746238350868225,0.772960901260376,10.222155570983888
2106158869.0,0.2602190971374511,2.03134560585022,10.96060848236084,0.0432624407112598,0.9797700643539428,9.998184204101562
2106167202.0,0.3032341599464416,1.89475691318512,10.839932441711426,-0.9498014450073242,0.6767920851707458,9.922967910766602
2106175535.0,0.3315224647521972,1.6139249801635742,10.484881401062012,-1.3124094009399414,0.4022715389728546,9.676365852355955
2106183868.0,0.1213577389717102,1.5226410627365112,10.501476287841797,-1.6144015789031982,0.7627408504486084,9.464640617370604
2106192201.0,0.3862973749637604,1.2962645292282104,10.700400352478027,-2.1978042125701904,0.7961545586585999,9.25930404663086
2106200534.0,0.3748840689659118,1.1104801893234253,10.459413528442385,-2.296854257583618,0.7559913992881775,8.948576927185059
2106208867.0,0.3399337530136108,0.8535255193710327,10.736601829528809,-2.308521509170532,1.177435278892517,8.996488571166992
2106217200.0,0.4464282691478729,0.6158789992332458,10.552226066589355,-2.3609282970428467,1.4926953315734863,8.863832473754883
2106225533.0,0.4415257573127746,0.4076462984085083,10.195237159729004,-1.829432725906372,1.608035922050476,8.651284217834473
2106233866.0,0.4307717382907867,0.3488599359989166,10.217696189880373,-1.0909231901168823,1.913434624671936,8.58064079284668
2106242199.0,0.6424291729927063,0.2694111764431,10.573633193969728,-0.9401063919067384,1.940816164016724,8.35989761352539
2106250532.0,0.7546367049217224,0.3952407240867615,10.00289249420166,-0.7317090034484863,1.6095983982086182,8.219300270080566
2106258865.0,0.7856440544128418,0.281525194644928,9.76296615600586,-0.1190037205815315,1.9074279069900515,8.246515274047852
2106267198.0,0.9525919556617736,0.1318102926015854,9.852794647216797,0.0360904559493064,2.081694364547729,8.116612434387207
2106275531.0,0.8510199189186096,0.2388386577367782,9.57250690460205,0.1312985718250274,2.2840983867645264,8.119149208068848
2106283864.0,0.6650022864341736,0.4115265011787414,9.324122428894045,0.4729155898094177,3.165022850036621,8.106879234313965
2106292197.0,0.7711160182952881,0.4913350939750671,9.5094575881958,0.6101054549217224,3.585839033126831,8.026656150817871
2106300530.0,0.5423352718353271,0.5665106773376465,9.575237274169922,0.6264985799789429,3.6180365085601807,7.924942016601562
2106308863.0,0.3926810622215271,0.5053570866584778,9.461081504821776,-0.0109244715422391,3.675847768783569,7.980909824371338
2106317196.0,0.5658576488494873,0.5611743927001953,9.460349082946776,-0.2436041980981826,3.6365559101104736,7.970509052276611
2106325529.0,0.5015623569488525,0.5252782106399536,9.465773582458496,-0.5297920107841492,2.8610587120056152,7.7944111824035645
2106333862.0,0.2669290006160736,0.4998910427093506,9.448670387268066,-0.7863953709602356,2.580044746398926,7.754145622253418
2106342195.0,0.5777316689491272,0.2806678414344787,9.554890632629396,-1.2574667930603027,2.927629947662353,7.897073268890381
2106350528.0,0.526524543762207,0.2483623474836349,9.45506191253662,-1.6377487182617188,2.8556158542633057,7.900979995727539
2106358861.0,0.387737512588501,0.0854197442531585,9.66982364654541,-1.839127898216248,3.386291742324829,7.89076042175293
2106367194.0,0.386196881532669,-0.0068477820605039,9.896454811096191,-2.268012285232544,3.670199632644653,7.816964626312256
2106375527.0,0.510445237159729,0.2610315978527069,10.095614433288574,-2.0809261798858643,3.985562324523926,7.612461090087891
2106383860.0,0.5059024095535278,0.2882988452911377,10.438377380371094,-1.9421610832214355,3.977096796035767,7.662627220153809
2106392193.0,0.7580907940864563,0.1852528303861618,10.591923713684082,-2.3857483863830566,3.708864450454712,7.5171637535095215
2106400526.0,0.9390275478363036,0.3365318179130554,10.032477378845217,-2.4781389236450195,3.2570807933807373,7.351131916046143
2106408859.0,0.8114290237426758,0.1462591737508773,10.01832389831543,-2.506288766860962,3.875075340270996,7.417293548583984
2106417192.0,1.0188251733779907,0.0734583735466003,9.95029354095459,-2.9304099082946777,4.829692840576172,7.283101558685303
2106425525.0,1.1116490364074707,-0.0065129753202199,9.503948211669922,-2.631312370300293,5.336982727050781,7.210562705993652
2106433858.0,0.7922164797782898,-0.1499172300100326,9.297861099243164,-2.185316801071167,6.224181652069092,7.0728840827941895
2106442191.0,0.473448097705841,-0.2784525752067566,9.413496971130373,-2.344663381576538,7.403488159179687,7.152956008911133
2106450524.0,0.3183026611804962,-0.2014989852905273,9.27060890197754,-2.419405937194824,7.881321907043457,6.979444980621338
2106458857.0,0.0911967307329177,-0.1922798454761505,9.346684455871582,-1.8397810459136963,7.768773555755615,6.949782848358154
2106467190.0,0.1062507778406143,-0.1096204593777656,9.974692344665527,-1.596957802772522,7.204822540283203,6.769278526306152
2106475523.0,0.18769371509552,-0.2101283967494964,9.914759635925291,-1.7886037826538086,5.811203956604004,6.506374359130859
2106483856.0,-0.0085108028724789,-0.1051010563969612,9.335111618041992,-1.54052996635437,4.856433868408203,6.353586196899414
2106492189.0,-0.0215347129851579,-0.1706877052783966,9.390939712524414,-1.1512701511383057,5.301710605621338,6.5553483963012695
2106500522.0,0.031154466792941,-0.4455556571483612,9.317986488342283,-1.139462113380432,5.678420066833496,6.378123760223389
2106508855.0,-0.0984786599874496,-0.799958348274231,9.17241096496582,-0.8726130127906799,6.053079605102539,6.314395904541016
2106517188.0,-0.1242650523781776,-0.9165657758712769,9.262127876281738,-0.3938316702842712,6.386986255645752,6.224951267242432
2106525521.0,-0.1000459417700767,-0.937027394771576,9.444134712219238,0.2747638821601867,5.749781131744385,6.06486177444458
2106533854.0,-0.2983425855636596,-1.050090789794922,9.198097229003906,0.9251863956451416,5.111859321594238,6.087351322174072
2106542187.0,-0.4830880165100097,-1.144504427909851,9.17698574066162,1.5755829811096191,4.972620010375977,6.02997636795044
2106550520.0,-0.323490709066391,-1.0485869646072388,9.30912971496582,1.7429207563400269,4.52257776260376,5.971779823303223
2106558853.0,-0.440075010061264,-0.9028056859970092,9.296072959899902,2.093630790710449,3.844082593917847,5.929362773895264
2106567186.0,-0.5490099191665649,-0.4951939284801483,9.538873672485352,2.505277156829834,3.625644207000733,5.827188014984131
2106575519.0,-0.2259288430213928,-0.271662950515747,9.723916053771973,2.6816306114196777,3.01961088180542,5.711641311645508
2106583852.0,-0.3575791120529175,-0.2735666036605835,9.499103546142578,2.7408640384674072,2.400732517242432,5.596236228942871
2106592185.0,-0.6167347431182861,-0.2696110606193542,9.46230411529541,2.2369420528411865,2.879603385925293,5.626755237579346
2106600518.0,-0.6157948970794678,-0.2440434992313385,9.50545597076416,1.7343398332595823,3.230799913406372,5.628394603729248
2106608851.0,-0.6337649822235107,-0.3436642587184906,9.766753196716309,1.8233495950698853,2.947481393814087,5.706979751586914
2106617184.0,-0.7258170247077942,-0.5133094191551208,10.137198448181152,1.9363080263137813,2.294574499130249,5.69309663772583
2106625517.0,-0.6276976466178894,-0.4129863977432251,10.048303604125977,2.031823873519897,1.4050432443618774,5.579139709472656
2106633850.0,-0.4050709009170532,-0.3591313660144806,10.00394344329834,2.4877572059631348,0.2374951988458633,5.513848781585693
2106642183.0,-0.5149034261703491,-0.5263884663581848,10.187009811401367,2.126032829284668,-0.2037740647792816,5.381858825683594
2106650516.0,-0.4434535503387451,-0.3688427805900574,9.964120864868164,1.9468870162963867,0.2327053248882293,5.412799835205078
2106658849.0,-0.1364885866641998,-0.4168268144130707,9.64381504058838,2.371903657913208,0.50298672914505,5.34246301651001
2106667182.0,-0.1192035600543022,-0.5367674827575684,9.927630424499512,2.787827968597412,0.3404388427734375,5.389850616455078
2106675515.0,-0.376137912273407,-0.933571457862854,10.247273445129396,2.44572377204895,0.2902604937553406,5.504422187805176
2106683848.0,-0.2338729053735733,-1.277850866317749,9.998634338378906,2.21465802192688,0.7006773948669434,5.53326416015625
2106692181.0,-0.0636698007583618,-1.3924932479858398,9.853272438049316,3.2873311042785645,0.4525778889656067,5.666841983795166
2106700514.0,-0.1048528254032135,-1.344988226890564,10.452141761779783,4.286017417907715,-0.0381652116775512,5.677459716796875
2106708847.0,0.0574296526610851,-1.494109034538269,10.399457931518556,4.507542133331299,-0.3589194715023041,5.556675434112549
2106717180.0,0.2876294255256653,-1.5467578172683716,10.137944221496582,5.01949405670166,-0.6261271834373474,5.575732231140137
2106725513.0,0.455828458070755,-1.5057004690170288,10.313104629516602,5.796054363250732,-0.3527080714702606,5.52958869934082
2106733846.0,0.4491050839424133,-1.105959177017212,9.986576080322266,6.47439432144165,0.1371770203113556,5.487811088562012
2106742179.0,0.4437222778797149,-0.7360402345657349,9.760767936706545,7.454512119293213,0.8532614707946777,5.436263561248779
2106750512.0,0.2349634766578674,-0.1762246191501617,9.75263214111328,7.805222034454346,1.923910856246948,5.349712371826172
2106758845.0,0.3269177377223968,0.2957673072814941,10.062213897705078,7.506982326507568,2.594376564025879,5.159591197967529
2106767178.0,0.4164001941680908,0.3165938556194305,10.194051742553713,6.907108783721924,2.491957664489746,5.056557655334473
2106775511.0,0.1665723919868469,0.5212363004684448,10.085460662841797,6.225130081176758,1.9867169857025144,4.957301616668701
2106783844.0,-0.127334251999855,0.7718319296836853,10.08131504058838,5.869528770446777,2.0655322074890137,4.741042137145996
2106792177.0,-0.1905647367238998,0.9544207453727722,10.039972305297852,5.660259246826172,2.2181930541992188,4.616735458374023
2106800510.0,-0.2359343469142913,0.8082830309867859,10.016414642333984,5.21749210357666,2.2825357913970947,4.343099117279053
2106808843.0,-0.4197827279567718,0.6923257112503052,10.010708808898926,4.462127685546875,2.4845550060272217,4.295071601867676
2106817176.0,-0.4486473500728607,0.4718409180641174,10.067358016967772,3.606587171554565,2.6401619911193848,4.081474781036377
2106825509.0,-0.4603731036186218,-0.0306129530072212,9.978310585021973,3.3709359169006348,2.311787366867065,4.0778632164001465
2106833842.0,-0.6453891396522522,-0.4800972640514374,10.217793464660645,3.635223627090454,1.9473992586135864,4.080680847167969
2106842175.0,-0.4852458834648132,-0.6416299939155579,10.348297119140623,4.042157173156738,1.8643065690994265,4.265128612518311
2106850508.0,-0.38478684425354,-0.639288604259491,10.139708518981934,4.8468017578125,1.427045822143555,4.174428462982178
2106858841.0,-0.3486104607582092,-0.3756845593452453,10.473272323608398,5.612860202789307,1.1885132789611816,3.997472524642944
2106867174.0,0.0337833762168884,-0.6641798615455627,10.69699764251709,5.2697954177856445,1.095341444015503,3.93636965751648
2106875507.0,0.2919250130653381,-0.7008028030395508,10.1547212600708,5.3700761795043945,1.1713390350341797,3.96518611907959
2106883840.0,0.2089625298976898,-0.5444443821907043,10.21191120147705,6.09376859664917,1.7924461364746094,4.221623420715332
2106892173.0,-0.0067134900018572,0.0494299195706844,10.033790588378906,6.684892177581787,3.0790998935699463,4.303588390350342
2106900506.0,-0.055572897195816,0.2078262269496917,10.070239067077637,7.319806098937988,4.012855052947998,4.269432544708252
2106908839.0,-0.0525687858462333,0.4321877062320709,10.137266159057615,6.969417095184326,4.490931987762451,4.476767063140869
2106917172.0,-0.2740805149078369,0.651076078414917,10.475735664367676,6.265460014343262,4.570181846618652,4.427074909210205
2106925505.0,-0.3763664662837982,0.8624305725097656,10.182751655578612,5.6467604637146,4.169357299804688,4.3428168296813965
2106933838.0,-0.5492850542068481,1.0234532356262207,10.010173797607422,5.465617656707764,3.790600061416626,4.258034706115723
2106942171.0,-0.5715146660804749,1.4262887239456177,10.388324737548828,5.096438884735107,3.617677927017212,4.363410949707031
2106950504.0,-0.3904365301132202,1.6486928462982178,10.421568870544434,4.101978778839111,3.538747787475586,4.148443698883057
2106958837.0,-0.4163904786109924,1.7552096843719482,10.064626693725586,3.3521993160247803,3.30837345123291,4.062430381774902
2106967170.0,-0.4381637275218963,1.515139937400818,10.109051704406738,2.382866382598877,3.576951265335083,4.168179035186768
2106975503.0,-0.4521312415599823,0.983478844165802,9.986454963684082,1.1689825057983398,3.980913400650024,4.058498859405518
2106983836.0,-0.3806210458278656,0.3257686197757721,9.629254341125488,0.6273950934410095,4.023433208465576,4.1783223152160645
2106992169.0,-0.6540312170982361,0.0434432700276374,9.381402969360352,1.2571210861206057,4.29991340637207,4.237619876861572
2107000502.0,-0.613085150718689,-0.2550908327102661,9.867101669311523,2.003084421157837,4.344276905059815,4.197378635406494
2107008835.0,-0.6016135215759277,-0.6314612627029419,9.592655181884766,2.3148739337921143,4.041554927825928,3.978620767593384
2107017168.0,-0.5643464922904968,-0.6632446646690369,9.285514831542969,2.896099328994751,3.5727505683898926,3.929428815841675
2107025501.0,-0.5643647909164429,-0.7783035635948181,9.346373558044434,3.470831871032715,3.44419264793396,3.953813791275024
2107033834.0,-0.6228743195533752,-0.7482013702392578,9.018561363220217,4.012393474578857,3.344015121459961,3.792289733886719
2107042167.0,-0.7801135778427124,-0.3499614894390106,8.957427978515625,4.902154922485352,3.919772148132324,3.749207019805908
2107050500.0,-0.8969240784645081,0.0009504742920398,9.339154243469238,5.4168477058410645,4.536102294921875,3.7970550060272217
2107058833.0,-1.0014398097991943,0.5100328326225281,9.325152397155762,5.478425025939941,4.510488510131836,3.4141218662261963
2107067166.0,-1.0705087184906006,0.9338887333869934,9.58021068572998,5.084041595458984,4.301039695739746,3.609967708587648
2107075499.0,-1.0376945734024048,1.0241992473602295,9.862534523010254,4.135904788970947,3.750666618347168,3.564015865325928
2107083832.0,-1.024347186088562,0.8935337066650391,9.659844398498535,3.257131814956665,2.47144079208374,3.279826164245605
2107092165.0,-1.0947821140289309,0.8764572739601135,9.386932373046877,2.689136505126953,1.8516275882720947,3.475928783416748
2107100498.0,-1.0909898281097412,0.8401361703872681,9.408343315124512,2.386324644088745,1.7110565900802612,3.323959350585937
2107108831.0,-1.010157585144043,0.9981220364570618,9.08570957183838,2.2498650550842285,1.600569725036621,3.253456115722656
2107117164.0,-0.8560903668403625,1.050100326538086,9.28196907043457,1.9082093238830569,1.4472042322158811,3.374239921569824
2107125497.0,-0.5633382797241211,0.6513992547988892,9.419951438903809,0.8004449009895325,0.9151198267936708,3.240636348724365
2107133830.0,-0.2933840751647949,0.5131909847259521,8.877016067504883,-0.0928003713488578,0.1197081357240676,3.262805223464966
2107142163.0,-0.2978023886680603,0.5975790619850159,8.889434814453125,0.226416990160942,0.0532904155552387,3.243645668029785
2107150496.0,-0.4249430894851684,0.5314914584159851,9.19430446624756,0.1356273740530014,0.309522420167923,2.985748767852783
2107158829.0,-0.4028548300266266,0.5019398331642151,8.85810375213623,0.1738181859254837,1.3727178573608398,3.029216289520264
2107167162.0,-0.3276790976524353,0.3496140539646148,8.879609107971191,0.2955626547336578,2.3045895099639893,3.2514452934265137
2107175495.0,-0.3600041568279266,0.1931146830320358,9.248739242553713,0.1636749505996704,2.439192056655884,3.32470178604126
2107183828.0,-0.4116256535053253,0.0833538025617599,9.141205787658691,0.0562232509255409,1.790050983428955,3.042074918746948
2107192161.0,-0.5026670694351196,0.2805714607238769,9.04022979736328,0.5456088781356812,1.2159334421157837,2.89100193977356
2107200494.0,-0.3303456902503967,0.2772222757339477,9.297261238098145,0.8782352209091187,0.6050081849098206,2.801429033279419
2107208827.0,-0.3773791193962097,0.3848253488540649,8.853713989257812,0.7776353359222412,0.2928603589534759,2.439461231231689
2107217160.0,-0.4183361828327179,0.6836862564086914,8.6552152633667,0.7418779134750366,0.939517378807068,2.337388753890991
2107225493.0,-0.5032291412353516,0.4806838631629944,9.05284309387207,0.5208014249801636,2.0809388160705566,2.388181686401367
2107233826.0,-0.6899421215057373,0.1624725759029388,9.17597770690918,0.0043159984052181,2.4466588497161865,2.0965380668640137
2107242159.0,-1.007064700126648,0.0487002879381179,9.153302192687988,0.2040045857429504,2.633053779602051,2.228553771972656
2107250492.0,-0.9499112963676452,-0.1147865429520607,9.571721076965332,0.7711806893348694,2.571810483932495,2.023435115814209
2107258825.0,-0.4715853631496429,-0.3396583497524261,9.766851425170898,1.496691107749939,0.791351854801178,1.811285138130188
2107267158.0,-0.202742725610733,-0.6150758266448975,9.822831153869627,1.833441376686096,-1.1968379020690918,1.8606438636779783
2107275491.0,0.0751861855387687,-0.8855904936790466,9.601806640625,1.444873332977295,-2.282881498336792,1.9750880002975464
2107283824.0,0.1145839318633079,-1.052797555923462,8.999784469604492,1.8477342128753664,-1.664682149887085,2.0061583518981934
2107292157.0,0.0567263923585414,-0.6493138670921326,8.726418495178223,2.8055012226104736,-0.0808769389986991,1.9268049001693728
2107300490.0,-0.1567448526620865,-0.1256517320871353,9.231202125549316,3.86206316947937,2.54538893699646,2.00656795501709
2107308823.0,-0.0260403808206319,-0.0690135508775711,10.03329849243164,3.6414735317230233,3.985882043838501,1.9733721017837524
2107317156.0,-0.0865508094429969,0.2869008779525757,10.241175651550291,2.838953971862793,4.11044454574585,2.3047690391540527
2107325489.0,-0.3249014914035797,0.4756323993206024,10.529065132141112,2.006081342697144,3.119096517562866,2.6147267818450928
2107333822.0,-0.3386226892471313,0.4336426556110382,10.494462966918944,1.2945436239242554,1.7562401294708252,2.835521459579468
2107342155.0,-0.3482000231742859,0.3957489132881164,10.300864219665527,0.9892473816871644,0.6508833169937134,2.876708984375
2107350488.0,-0.0938436016440391,0.453863114118576,10.455002784729004,0.5493229627609253,0.1473330855369568,3.064615249633789
2107358821.0,0.1225243583321571,0.3558663725852966,10.329079627990724,0.0098358672112226,0.2910289168357849,3.1527023315429688
2107367154.0,0.0790610983967781,0.3055905103683471,10.03541660308838,-0.2658373415470123,1.5173873901367188,3.2379212379455566
2107375487.0,-0.2569809556007385,0.0137874940410256,10.27281665802002,-0.5962353944778442,3.624183893203736,3.444243907928467
2107383820.0,-0.1528320759534835,-0.4177486300468445,10.607911109924316,-1.0988123416900637,5.167211055755615,3.7407286167144775
2107392153.0,-0.176950067281723,-0.4735531508922577,10.596253395080566,-0.615561306476593,4.999937057495117,3.813331842422485
2107400486.0,-0.244242712855339,-0.3628639280796051,10.82620906829834,0.3270681798458099,4.282264709472656,3.76275634765625
2107408819.0,-0.065737247467041,-0.3251040577888489,10.800833702087402,0.7682990431785583,2.850762128829956,3.74708104133606
2107417152.0,0.0493295192718505,-0.2342028170824051,10.454410552978516,0.9497631192207336,1.8864498138427728,3.5449464321136475
2107425485.0,-0.0386533960700035,-0.238332912325859,10.252342224121094,0.7767773866653442,2.449310302734375,3.7159852981567374
2107433818.0,-0.2440416365861892,-0.3944878280162811,9.83091640472412,0.8544653058052063,4.056347370147705,3.6151936054229736
2107442151.0,-0.4890637993812561,-0.2339211106300354,9.569402694702148,1.645996332168579,5.790660858154297,3.44816255569458
2107450484.0,-0.6014223098754883,-0.315091073513031,10.390264511108398,2.3752334117889404,7.155540943145752,3.57249402999878
2107458817.0,-0.5966582894325256,-0.3452542126178741,10.90475082397461,2.251927137374878,6.7128520011901855,3.4663238525390625
2107467150.0,-0.6052472591400146,-0.4941035807132721,10.775616645812988,2.152210235595703,5.107170581817627,3.417296886444092
2107475483.0,-0.8011179566383362,-0.8254795670509338,10.551873207092283,2.248635053634644,3.908591270446777,3.5304994583129883
2107483816.0,-0.6225528717041016,-1.118134379386902,10.440145492553713,2.3498244285583496,3.315993309020996,3.4521844387054443
2107492149.0,-0.4209003150463104,-1.232063889503479,9.915193557739258,3.095250129699707,3.1522417068481445,3.4605603218078613
2107500482.0,-0.4809527099132538,-1.0671181678771973,9.856029510498049,4.263924598693848,3.6942641735076895,3.521188735961914
2107508815.0,-0.4832566976547241,-0.7905063033103943,9.93097972869873,4.773289680480957,4.70259428024292,3.5098419189453125
2107517148.0,-0.3972238600254059,-0.4837919473648071,9.59354019165039,5.158374309539795,5.22581672668457,3.517449855804444
2107525481.0,-0.6234792470932007,-0.131374716758728,9.697789192199709,5.254273414611816,5.557751178741455,3.34511661529541
2107533814.0,-0.6533461213111877,0.1166596338152885,10.044689178466797,4.853424549102783,5.343040466308594,3.378223657608032
2107542147.0,-0.7693108320236206,0.1650952845811844,9.910717010498049,4.456389904022217,4.433183193206787,3.1648178100585938
2107550480.0,-1.1156973838806152,0.5435320734977722,9.773736000061035,4.432440757751465,4.158266067504883,3.2254467010498047
2107558813.0,-0.971886932849884,0.6686878204345703,10.181971549987791,4.092116832733154,4.058690071105957,3.1430585384368896
2107567146.0,-0.995015025138855,0.4972322881221771,10.236796379089355,3.658891439437866,3.790318012237549,3.0635907649993896
2107575479.0,-0.9932296872138976,0.227701649069786,10.409399032592772,3.0258350372314453,3.5106868743896484,3.0598506927490234
2107583812.0,-0.817918598651886,0.0201237071305513,10.4414644241333,2.680964946746826,3.601156234741211,3.107544422149658
2107592145.0,-0.785648763179779,-0.1729067116975784,10.39769172668457,2.867270231246948,3.075488328933716,2.878822088241577
2107600478.0,-0.8737633228302002,-0.1289702504873275,10.309675216674805,3.4342284202575684,3.253674030303955,2.8069615364074707
2107608811.0,-0.9369493126869202,-0.1306250691413879,10.32429027557373,3.831761360168457,3.805327653884888,3.004063129425049
2107617144.0,-0.5658906698226929,-0.0692318379878997,10.227109909057615,4.125070095062256,3.9353199005126953,3.10608458518982
2107625477.0,-0.508063018321991,0.1088807061314582,10.005533218383787,3.9979209899902335,3.376186847686768,3.167020797729492
2107633810.0,-0.5009855628013611,0.3897560834884643,9.870311737060549,3.8726418018341056,2.912774085998535,3.1204543113708496
2107642143.0,-0.3594323694705963,0.0843202471733093,9.550827026367188,3.5813562870025635,2.543596029281616,3.1372828483581543
2107650476.0,-0.321049690246582,-0.0656234174966812,9.251812934875488,3.568165302276612,2.859189033508301,3.269503355026245
2107658809.0,-0.5437349677085876,0.08826295286417,9.21491527557373,3.5909876823425293,3.6030521392822266,3.491604804992676
2107667142.0,-0.583551287651062,0.0471154376864433,9.110424041748049,3.8230268955230713,4.405059337615967,3.785963773727417
2107675475.0,-0.639319121837616,-0.1140407994389534,9.443438529968262,4.027236461639404,4.565110206604004,3.884462594985962
2107683808.0,-0.6575645804405212,-0.0954198986291885,9.978696823120115,3.660620212554932,4.206229209899902,4.120369911193848
2107692141.0,-0.6119660139083862,-0.1372686773538589,9.893818855285645,3.548877716064453,3.2889184951782227,4.184110164642334
2107700474.0,-0.611232340335846,0.0279604215174913,9.510643005371094,4.306315898895264,2.675432205200196,4.083087921142578
2107708807.0,-0.527533233165741,0.263489305973053,9.862154006958008,5.038166046142578,2.633860349655152,4.16082763671875
2107717140.0,-0.5180805325508118,0.4063522517681122,9.956859588623049,4.742628574371338,3.01489782333374,4.158393859863281
2107725473.0,-0.3928927779197693,0.8228068351745605,9.490073204040527,4.564559459686279,3.597442865371704,4.211211204528809
2107733806.0,-0.6476134061813354,0.8016474843025208,9.40664768218994,4.658666133880615,4.232855319976807,4.389435291290283
2107742139.0,-0.8232403993606567,0.5440823435783386,9.591826438903809,4.2309088706970215,4.719603061676025,4.444557189941406
2107750472.0,-0.8636133074760437,0.330695629119873,9.425111770629885,3.977813959121704,4.542684555053711,4.625085353851318
2107758805.0,-1.0656824111938477,0.3137477934360504,9.53665828704834,4.0314249992370605,4.014134883880615,4.860352516174316
2107767138.0,-0.9730787873268129,0.4149590134620666,9.786628723144531,4.15678071975708,3.1747567653656006,4.86191463470459
2107775471.0,-0.5428614020347595,0.2472795993089676,9.67715549468994,4.215539455413818,1.7077522277832031,4.758663654327393
2107783804.0,-0.4159811437129974,-0.0024280648212879,9.586785316467283,3.978351831436157,0.9516201615333556,4.8993120193481445
2107792137.0,-0.4950531125068664,0.2565131783485412,9.51984405517578,3.6531403064727774,1.299551010131836,5.050960540771484
2107800470.0,-0.4881336688995361,0.5752199292182922,9.247325897216797,3.8835277557373047,2.5578629970550537,5.061551570892334
2107808803.0,-0.6142207384109497,1.0390945672988892,9.420831680297852,4.344430446624756,3.969822883605957,5.039089202880859
2107817136.0,-0.5329658389091492,1.2704756259918213,10.075736045837402,3.887204170227051,4.849941253662109,5.0663042068481445
2107825469.0,-0.3425524532794952,1.2194626331329346,10.165410041809082,2.7554898262023926,4.2647318840026855,5.023451328277588
2107833802.0,-0.3604811131954193,1.139134407043457,9.957605361938477,2.0721659660339355,3.284871816635132,5.122027397155762
2107842135.0,-0.5069184899330139,1.0796302556991575,9.840018272399902,1.637108325958252,2.656503915786743,5.44274377822876
2107850468.0,-0.7035759091377258,0.9127302765846252,9.65881633758545,1.585111379623413,2.620566844940185,5.357780933380127
2107858801.0,-0.8025848865509033,0.6193500757217407,9.401558876037598,1.581397294998169,3.253878355026245,5.381627082824707
2107867134.0,-0.9022011160850524,0.6186539530754089,9.549077987670898,1.5434623956680298,4.293919086456299,5.331884384155273
2107875467.0,-0.7066742777824402,0.7194085121154785,9.8001127243042,1.6344698667526243,4.501010417938232,5.214802265167236
2107883800.0,-0.6716122627258301,0.5458074808120728,9.80612564086914,1.766383171081543,3.979222536087036,5.225098609924316
2107892133.0,-0.8772497177124023,0.3418529629707336,9.660282135009766,1.713246464729309,3.2273552417755127,5.244296550750732
2107900466.0,-1.019576907157898,0.0825310051441192,9.313369750976562,1.73232901096344,2.985812902450561,5.467294692993164
2107908799.0,-1.1054315567016602,0.0262905191630125,8.9071626663208,2.204309701919556,3.121222734451294,5.697271823883057
2107917132.0,-1.1150363683700562,0.1922570019960403,8.848088264465332,3.129573106765747,3.0067784786224365,5.771937847137451
2107925465.0,-1.221516251564026,0.2274926155805587,9.204146385192873,3.4931797981262207,2.547041416168213,5.924355506896973
2107933798.0,-1.208627462387085,0.0966195687651634,9.436527252197266,3.1238350868225098,2.086253881454468,6.025927543640137
2107942131.0,-1.1060209274291992,-0.0146863609552383,9.56139850616455,2.6935930252075195,1.5278891324996948,6.107176303863525
2107950464.0,-0.9195370078086852,0.1326162666082382,9.691229820251465,3.079803943634033,0.6769841313362122,6.182968616485596
2107958797.0,-0.5001382231712341,0.2509600520133972,9.84146499633789,3.795466184616089,-0.2675535082817077,6.300999641418457
2107967130.0,-0.2141328454017639,0.3893203735351562,9.75817584991455,4.009550094604492,-0.8686685562133789,6.420259952545166
2107975463.0,-0.008597232401371,0.3064879775047302,9.710638046264648,3.566449880599976,-0.7404692769050598,6.692206859588623
2107983796.0,-0.0977975577116012,0.316082626581192,9.12710666656494,3.0197136402130127,0.2843436300754547,6.841793537139893
2107992129.0,-0.256167471408844,0.2545270621776581,8.83061408996582,3.213101625442505,2.0148160457611084,7.07765007019043
2108000462.0,-0.4372385740280151,0.2498914450407028,9.242937088012695,3.2968084812164307,3.497649669647217,7.370778083801269
2108008795.0,-0.2526285648345947,0.0772919878363609,9.653459548950195,3.248755931854248,3.503924608230591,7.5570197105407715
2108017128.0,-0.1266170740127563,-0.3424867987632751,9.656898498535156,3.268120527267456,2.174187660217285,7.7699761390686035
2108025461.0,-0.2747690677642822,-0.5591877698898315,9.434686660766602,3.335357666015625,0.8132776021957397,8.03195858001709
2108033794.0,-0.3448708057403564,-0.6939778923988342,9.319768905639648,3.5565624237060547,0.6283172965049744,8.38259220123291
2108042127.0,-0.3457676768302917,-0.552462100982666,9.111214637756348,4.046281337738037,1.130868673324585,8.42613697052002
2108050460.0,-0.2865164279937744,-0.1011992841958999,9.276751518249512,4.8389387130737305,2.117042303085327,8.442656517028809
2108058793.0,-0.2425833046436309,0.0623476468026638,9.75009822845459,5.089754581451416,2.8287086486816406,8.553977966308594
2108067126.0,-0.5022803544998169,0.1490507870912552,9.67678928375244,4.934480667114258,3.4918100833892822,8.453441619873047
2108075459.0,-0.5656601190567017,0.5920678377151489,9.376768112182615,5.100102424621582,3.9255871772766113,8.62039566040039
2108083792.0,-0.5047035813331604,0.6857289671897888,9.86530303955078,5.337033748626709,3.5870182514190674,8.619166374206543
2108092125.0,-0.5083596110343933,0.7266414761543274,9.881200790405272,5.146054267883301,2.4055099487304688,8.623775482177734
2108100458.0,-0.6663613319396973,0.5565720796585083,9.634653091430664,4.844228267669678,1.758199691772461,8.69858169555664
2108108791.0,-0.7210314869880676,0.5872653126716614,9.57876205444336,4.697625160217285,2.0261118412017822,8.683942794799805
2108117124.0,-0.6102578639984131,0.5627521872520447,9.527767181396484,4.972465991973877,2.200800657272339,8.65881633758545
2108125457.0,-0.5065303444862366,0.7064360976219177,9.589646339416504,5.369410514831543,2.3660128116607666,8.365482330322266
2108133790.0,-0.5885403752326965,0.7827559113502502,9.983399391174316,5.561901092529297,2.408378839492798,8.3959379196167
2108142123.0,-0.5385948419570923,0.7748575210571289,10.07514762878418,5.113011360168457,2.4653189182281494,8.32682991027832
2108150456.0,-0.5056188702583313,0.7276695370674133,9.74940586090088,4.987809181213379,2.479176521301269,8.475008010864258
2108158789.0,-0.5370835661888123,0.8720282316207886,9.919185638427734,5.439029216766357,2.401334762573242,8.403647422790527
2108167122.0,-0.3190531730651855,0.6760354042053223,10.012676239013672,5.4939470291137695,2.0594358444213867,8.371091842651367
2108175455.0,-0.3854774236679077,0.6877727508544922,10.02462100982666,5.340695858001709,1.9792375564575195,8.543524742126465
2108183788.0,-0.5475208163261414,1.0966476202011108,10.180277824401855,5.042674541473389,2.5148825645446777,8.677231788635254
2108192121.0,-0.6625090837478638,1.2031583786010742,10.100967407226562,5.149409294128418,3.19706654548645,8.829483985900879
2108200454.0,-0.6884807348251343,1.2289135456085205,10.11955738067627,5.401119709014893,3.577796220779419,8.848206520080566
2108208787.0,-0.8101858496665955,1.2370457649230957,10.526820182800291,4.789836406707764,3.892902612686157,9.054733276367188
2108217120.0,-0.911731481552124,1.473155498504639,10.646808624267578,4.233879566192627,3.4994683265686035,9.080093383789062
2108225453.0,-0.8702704906463623,1.4971275329589844,10.52303409576416,4.064365386962891,2.815696477890014,9.192720413208008
2108233786.0,-0.7610282301902771,1.3513869047164917,10.621328353881836,3.976686954498291,2.4867072105407715,9.409698486328123
2108242119.0,-0.7180732488632202,1.243213415145874,10.419708251953123,3.574235916137696,2.065403699874878,9.460899353027344
2108250452.0,-0.6938827633857727,0.9779040217399596,10.137462615966797,3.201894998550415,2.1237146854400635,9.79282283782959
2108258785.0,-0.7700916528701782,0.936212122440338,10.005648612976074,3.1692373752593994,2.627547025680542,10.027654647827148
2108267118.0,-0.8433042168617249,0.9635096788406372,10.230202674865724,3.190458297729492,3.0812387466430664,10.167725563049316
2108275451.0,-0.8802640438079834,0.6466501951217651,10.096405982971191,3.168942451477051,2.9695866107940674,10.224563598632812
2108283784.0,-0.8731014132499695,0.6128663420677185,9.904176712036133,3.42651891708374,2.788391590118408,10.47002410888672
2108292117.0,-0.9546722769737244,0.718308687210083,10.19431209564209,3.584968328475952,2.522156953811645,10.73023796081543
2108300450.0,-1.0344417095184326,1.1317294836044312,10.126426696777344,3.7044718265533447,1.8386536836624143,10.736886024475098
2108308783.0,-0.8240537643432617,1.6028586626052856,9.837980270385742,4.04032564163208,1.254495620727539,10.805224418640137
2108317116.0,-0.8839378952980042,1.933714509010315,10.014037132263184,3.849461317062378,0.7626895308494568,10.57593822479248
2108325449.0,-0.726069450378418,2.288034677505493,10.234042167663574,2.743694543838501,0.981896162033081,10.611824989318848
2108333782.0,-0.8243837356567383,2.2622458934783936,10.116047859191896,1.7837756872177124,1.5057587623596191,10.632189750671388
2108342115.0,-0.7146262526512146,2.042286157608032,10.39690113067627,1.1063045263290403,2.022961139678955,10.827778816223145
2108350448.0,-0.4571122229099273,1.5331356525421145,10.94977855682373,0.5514488220214844,2.2857375144958496,11.191601753234863
2108358781.0,-0.5858885049819946,1.1897178888320925,10.63571071624756,0.4076761901378631,1.6310632228851318,11.13176727294922
2108367114.0,-0.943510890007019,1.1369035243988037,10.182778358459473,1.020880937576294,1.8596447706222528,11.06496524810791
2108375447.0,-0.9893950819969176,0.9946362376213074,10.340110778808594,1.0713409185409546,2.6436707973480225,11.012943267822266
2108383780.0,-0.9858490824699402,0.4802983701229095,10.334712982177734,0.9636076092720032,3.003192663192749,11.169906616210938
2108392113.0,-1.106400728225708,0.5613647699356079,9.66543674468994,1.0902700424194336,2.9947142601013184,11.201593399047852
2108400446.0,-1.2749735116958618,0.987446427345276,9.41025733947754,2.052135944366455,3.100783109664917,11.364781379699709
2108408779.0,-1.3355482816696167,0.9632298350334167,9.7876558303833,2.4229276180267334,2.339988470077514,11.277410507202148
2108417112.0,-1.101728916168213,1.214961051940918,9.652425765991213,2.089097023010254,1.0239803791046145,11.430557250976562
2108425445.0,-1.2331297397613523,1.5333640575408936,9.367005348205566,1.963613510131836,0.3050912022590637,11.73808479309082
2108433778.0,-1.3049949407577517,1.6173973083496094,9.48741340637207,1.5762232542037964,-0.1697839796543121,11.756474494934082
2108442111.0,-1.2493774890899658,1.788429617881775,9.436186790466309,1.0382475852966309,0.2640571892261505,11.830294609069824
2108450444.0,-0.9817914366722108,1.5887372493743896,9.855483055114746,0.9728286862373352,0.4303191900253296,11.894304275512695
2108458777.0,-0.6310295462608337,1.5284967422485352,10.174132347106934,0.6271901726722717,-0.1276741623878479,12.131183624267578
2108467110.0,-0.3721419870853424,1.3334524631500244,10.080687522888184,0.3973023593425751,-1.1533448696136477,12.23525333404541
2108475443.0,-0.2026186883449554,1.3243807554244995,9.782759666442873,0.4969930052757263,-1.4341026544570925,12.45569133758545
2108483776.0,-0.079173244535923,0.9964666366577148,9.608407974243164,0.281526118516922,-1.170993447303772,12.53314971923828
2108492109.0,-0.1161831691861152,0.5233650207519531,9.34103775024414,0.2939489781856537,-0.0669684186577797,12.91021728515625
2108500442.0,-0.3431979417800903,0.253494918346405,9.087409019470217,0.3972511887550354,1.597559928894043,13.25910758972168
2108508775.0,-0.630305290222168,0.1794668436050415,8.90087890625,1.3823751211166382,3.139204740524292,13.614943504333496
2108517108.0,-0.7374606728553772,-0.276937186717987,9.330780982971191,2.339399576187134,3.7319176197052,13.938064575195312
2108525441.0,-0.8446073532104492,-0.4732102453708648,9.633963584899902,2.756232500076294,2.8423221111297607,14.17426586151123
2108533774.0,-0.7279620170593262,-0.6049799919128418,9.609563827514648,3.306772232055664,1.171851396560669,14.353449821472168
2108542107.0,-0.5045490264892578,-0.5604238510131836,9.387829780578612,4.159906387329102,-0.4128375053405761,14.57373332977295
2108550440.0,-0.4445290565490722,-0.4813849627971649,9.29051113128662,5.041701793670654,-1.1006823778152466,14.677139282226562
2108558773.0,-0.3227943181991577,0.1437161713838577,8.94698715209961,5.983575344085693,-0.6052901148796082,14.784629821777344
2108567106.0,-0.1253165453672409,0.497257649898529,9.195371627807615,6.602710723876953,0.6442750096321106,14.986814498901367
2108575439.0,-0.2625622153282165,1.1015918254852295,9.249041557312012,6.502341747283936,2.1375982761383057,14.996076583862305
2108583772.0,-0.2180170267820358,1.7234653234481812,9.487364768981934,6.207687377929688,3.0567007064819336,15.22438621520996
2108592105.0,-0.087398923933506,1.7986581325531006,9.753939628601074,5.6389241218566895,3.0437145233154297,15.241191864013672
2108600438.0,-0.0953423008322715,1.803875088691712,9.89258861541748,4.733152389526367,2.125571727752685,15.276639938354492
2108608771.0,-0.3247300982475281,1.636726975440979,9.7449312210083,3.727307319641113,1.4807080030441284,15.530041694641112
2108617104.0,-0.4928415715694427,1.5722001791000366,9.34624195098877,3.177267074584961,1.590234398841858,15.678706169128418
2108625437.0,-0.3509078621864319,1.2862883806228638,9.254307746887209,2.9834444522857666,2.2955482006073,15.725221633911133
2108633770.0,-0.5571632981300354,0.9247541427612304,9.529479026794434,2.875633955001831,2.658194303512573,15.723556518554688
2108642103.0,-0.8579131960868835,0.6093620657920837,9.395225524902344,2.513166666030884,3.209540843963623,15.694355964660645
2108650436.0,-1.3973499536514282,-0.0530770868062973,9.479703903198242,2.5732576847076416,3.9899301528930655,15.693561553955078
2108658769.0,-1.710945963859558,-0.0935501530766487,9.884880065917969,2.9610064029693604,4.66058874130249,15.501971244812012
2108667102.0,-1.7883248329162598,-0.4598834216594696,10.140125274658203,3.828868389129639,4.398759841918945,15.63058090209961
2108675435.0,-1.8233642578125,-0.7989386916160583,10.09738063812256,4.916242599487305,3.051936149597168,15.739642143249512
2108683768.0,-1.6597269773483276,-1.0631053447723389,10.319742202758787,5.795427322387695,1.5252255201339722,16.102828979492188
2108692101.0,-1.5090759992599487,-1.4706546068191528,10.558483123779297,6.48427152633667,0.0571197569370269,16.22421646118164
2108700434.0,-1.404061794281006,-1.7048017978668213,10.030961036682127,7.4785380363464355,-0.6833751797676086,16.26004981994629
2108708767.0,-1.3504130840301514,-1.604378581047058,9.529523849487305,9.922162055969238,-0.3222143352031708,16.310251235961914
2108717100.0,-1.5584454536437988,-1.105339288711548,9.74407958984375,12.181418418884276,0.6492955088615417,16.009033203125
2108725433.0,-1.4243037700653076,-0.6672222018241882,10.201626777648926,13.492841720581056,1.6375956535339355,16.173730850219727
2108733766.0,-1.5554025173187256,0.0217934641987085,10.071734428405762,14.128457069396973,2.058514356613159,16.362735748291016
2108742099.0,-1.638668656349182,0.9539394378662108,10.219233512878418,14.586082458496094,1.4401353597640991,16.475799560546875
2108750432.0,-1.5502785444259644,1.4143725633621216,10.36784839630127,14.366336822509766,0.2638266980648041,16.77666473388672
2108758765.0,-1.4402488470077517,1.7702919244766235,10.51156997680664,13.792401313781738,-1.2485536336898804,16.89976692199707
2108767098.0,-1.4315412044525146,2.360961437225342,10.474289894104004,12.82973861694336,-2.788328170776367,17.119049072265625
2108775431.0,-1.343297243118286,2.866868734359741,10.251713752746582,12.067460060119627,-3.562288522720337,17.35375213623047
2108783764.0,-1.2382153272628784,3.1428990364074707,9.997692108154297,11.392216682434082,-3.546586751937866,17.417686462402344
2108792097.0,-1.1248393058776855,3.477607488632202,9.941225051879885,10.37156581878662,-3.173975944519043,17.66335105895996
2108800430.0,-0.8658567667007446,3.632326126098633,10.192423820495604,9.000357627868652,-2.9917564392089844,17.752233505249023
2108808763.0,-0.8977499008178711,3.5088789463043213,10.080696105957031,7.342322826385498,-3.4034535884857178,17.64508819580078
2108817096.0,-1.134765386581421,3.612963914871216,10.018878936767578,6.065735340118408,-3.119418144226074,17.64388656616211
2108825429.0,-0.9824145436286926,3.3890249729156494,9.949210166931152,5.065882205963135,-3.052180528640747,17.75246238708496
2108833762.0,-0.8020560145378113,2.686484336853028,10.05504322052002,4.322403430938721,-3.4128289222717285,17.834659576416016
2108842095.0,-0.9143781065940856,2.3305225372314453,10.027902603149414,3.637606382369995,-3.72780704498291,17.735197067260742
2108850428.0,-0.7840622067451477,1.88060998916626,9.942011833190918,3.484817743301392,-3.963919162750244,17.8365535736084
2108858761.0,-0.5392976999282837,1.5515954494476318,9.93353271484375,4.269484519958496,-3.964789867401123,17.825233459472656
2108867094.0,-0.2320702373981475,1.6048237085342407,10.078668594360352,4.984070777893066,-4.083102703094482,17.88148307800293
2108875427.0,-0.344864159822464,1.9961289167404173,9.877874374389648,5.6315598487854,-3.837884187698364,17.768815994262695
2108883760.0,-0.1526714861392974,2.154819965362549,9.801505088806152,5.913227558135986,-2.957535743713379,17.62105941772461
2108892093.0,-0.1448703408241272,2.0754470825195312,9.9170503616333,5.55045223236084,-1.8334800004959104,17.74300765991211
2108900426.0,-0.3018473386764526,2.350353956222534,9.871684074401855,5.144467353820801,-0.9258652329444884,17.793701171875
2108908759.0,-0.4500852823257446,2.628324508666992,9.575883865356444,5.318746089935303,-0.2188096791505813,17.98194122314453
2108917092.0,-0.4037486016750335,2.5876755714416504,9.709416389465332,5.5216875076293945,-0.46083864569664,18.07174301147461
2108925425.0,-0.3012056946754455,2.912823438644409,9.897095680236816,5.064960479736328,-1.14284348487854,17.96242332458496
2108933758.0,-0.0570580251514911,2.961627244949341,9.757807731628418,4.396172523498535,-2.005710363388061,18.06288146972656
2108942091.0,-0.0426213890314102,3.0761914253234863,9.538127899169922,3.7812516689300537,-2.609335660934448,18.003686904907227
2108950424.0,-0.1941268742084503,3.338634967803955,9.4083890914917,3.143328189849853,-1.8386796712875368,17.905324935913086
2108958757.0,-0.2289795279502868,3.240885734558105,9.58375644683838,2.6765599250793457,-0.1578477472066879,18.12962913513184
2108967090.0,-0.1049612686038017,3.0317869186401367,9.843236923217772,2.0277254581451416,1.253202199935913,18.120485305786133
2108975423.0,0.0675698593258857,3.13637638092041,10.042523384094238,1.582012176513672,1.7406411170959473,18.16069984436035
2108983756.0,0.0221254061907529,2.996487617492676,10.494635581970217,1.1333022117614746,1.46628737449646,18.26070213317871
2108992089.0,0.0082308389246463,3.081992626190185,10.111695289611816,0.6766258478164673,0.9418358206748962,18.178890228271484
2109000422.0,-0.1596642732620239,2.9938292503356934,9.76755714416504,0.7016253471374512,1.038939356803894,18.151329040527344
2109008755.0,-0.2652731835842132,2.7872326374053955,9.81614112854004,0.0130120338872075,2.112457752227783,18.29965782165528
2109017088.0,-0.2929762303829193,2.620215892791748,9.49447536468506,-0.6585036516189575,2.9895148277282715,18.28892517089844
2109025421.0,-0.5431666374206543,2.5767693519592285,9.775198936462402,-0.9821909070014954,3.884553909301758,18.38469886779785
2109033754.0,-0.6198574304580688,2.7679667472839355,9.904474258422852,-1.2984753847122192,4.299401760101318,18.576753616333008
2109042087.0,-0.5506759881973267,2.594812393188477,9.86195945739746,-1.13444185256958,3.989033699035645,18.592761993408203
2109050420.0,-0.8727937936782837,2.323143482208252,9.97743797302246,-1.2811602354049685,3.2890734672546387,18.79872703552246
2109058753.0,-1.049731731414795,2.302784204483032,9.80055809020996,-2.067748069763184,3.344246625900269,18.9824333190918
2109067086.0,-1.0737497806549072,2.3652336597442627,9.641633987426758,-2.3627216815948486,3.52951455116272,18.9536190032959
2109075419.0,-0.885102391242981,2.4880263805389404,9.675795555114746,-2.051048040390014,3.2686591148376465,19.093446731567383
2109083752.0,-0.8912696242332458,2.714698553085327,9.712167739868164,-2.088700294494629,2.7557592391967773,18.91662979125977
2109092085.0,-0.8329769968986511,2.787304401397705,9.825864791870115,-2.600242853164673,2.4723894596099854,18.99260330200196
2109100418.0,-0.6935641169548035,3.0647730827331543,9.430538177490234,-3.3170056343078613,2.313734292984009,19.000364303588867
2109108751.0,-0.893074095249176,3.388258218765259,9.453283309936523,-3.4085769653320312,2.3718020915985107,18.97205924987793
2109117084.0,-0.9879078269004822,3.3554608821868896,9.994365692138672,-4.355407238006592,3.0048577785491943,19.133020401000977
2109125417.0,-0.9233348965644836,2.9128808975219727,9.91533374786377,-5.623722076416016,3.6949057579040527,19.135454177856445
2109133750.0,-0.743459165096283,2.532468318939209,9.969571113586426,-6.242280960083008,3.507410049438477,19.261171340942383
2109142083.0,-0.8284214735031128,2.2841923236846924,10.146632194519045,-6.485308647155762,2.9257614612579346,19.42696952819824
2109150416.0,-0.7889306545257568,1.720873475074768,9.868098258972168,-6.262131214141846,2.406074047088623,19.33373260498047
2109158749.0,-0.9481986165046692,1.118088722229004,9.271162986755373,-5.925970077514648,2.252618789672852,19.396615982055664
2109167082.0,-0.9611852169036864,0.8649079203605652,9.149288177490234,-5.5773606300354,2.6533539295196533,19.48226928710937
2109175415.0,-0.8864907622337341,0.2201730757951736,9.084704399108888,-5.407358646392822,2.936109781265259,19.727272033691406
2109183748.0,-1.127253532409668,-0.0367081612348556,8.887540817260742,-4.824558258056641,3.060697317123413,19.810338973999023
2109192081.0,-1.4526426792144775,0.0432040207087993,9.080818176269531,-3.754625558853149,3.576542377471924,20.04475975036621
2109200414.0,-1.4288674592971802,-0.1007724925875663,9.615679740905762,-2.725496292114258,3.471652030944824,20.18830108642578
2109208747.0,-1.44855535030365,0.0624975860118866,9.646821022033691,-1.9353994131088257,2.309636354446411,20.20674514770508
2109217080.0,-1.5352294445037842,0.546586811542511,9.867792129516602,-1.2332617044448853,1.5188733339309692,20.386377334594727
2109225413.0,-1.348679780960083,0.7660024762153625,10.268067359924316,-1.2920464277267456,0.4809586107730865,20.33230400085449
2109233746.0,-1.067698955535889,1.091981291770935,10.165807723999023,-1.426124095916748,-0.5785744786262512,20.36141395568848
2109242079.0,-1.05407977104187,1.0953223705291748,9.92119312286377,-1.406388521194458,-0.6763825416564941,20.47564125061035
2109250412.0,-1.158282995223999,0.9738948941230774,9.944608688354492,-1.4225510358810425,0.0396764576435089,20.53143119812012
2109258745.0,-0.984523355960846,0.7328093647956848,9.579009056091309,-1.481258988380432,0.7028804421424866,20.52635765075684
2109267078.0,-1.005743145942688,0.6486299633979797,9.304676055908203,-0.9551424384117126,1.0106611251831057,20.51196479797364
2109275411.0,-0.988559365272522,0.2345624715089798,9.475842475891112,-0.5585826635360718,0.4496580958366394,20.71780204772949
2109283744.0,-1.126242995262146,-0.4689768254756927,9.23084831237793,-0.2791824340820312,-0.511042594909668,20.655197143554688
2109292077.0,-1.2998502254486084,-0.3254576027393341,8.98399543762207,0.4088033139705658,-1.0586750507354736,20.65873146057129
2109300410.0,-1.3588603734970093,0.1107668206095695,9.004213333129883,1.871504783630371,-1.3769577741622925,20.76055335998535
2109308743.0,-1.3689889907836914,0.1753876507282257,9.196232795715332,2.9641313552856445,-1.6750818490982056,20.37446594238281
2109317076.0,-1.0521788597106934,0.494963139295578,9.239988327026367,3.06031346321106,-2.207141160964966,20.206695556640625
2109325409.0,-0.8140006065368652,0.4892662167549133,9.564278602600098,2.981242179870605,-2.7916839122772217,20.446365356445312
2109333742.0,-0.666815996170044,0.6484861373901367,9.493535041809082,2.7678239345550537,-3.588747978210449,20.168193817138672
2109342075.0,-0.9089210629463196,0.7314043641090393,9.230297088623049,3.3555681705474854,-3.598224878311157,20.38150978088379
2109350408.0,-0.9652214050292968,1.1111115217208862,9.459818840026855,3.967902421951294,-2.4931750297546387,20.417495727539062
2109358741.0,-0.6944354176521301,1.1705255508422852,10.161707878112791,3.885091781616211,-1.9921863079071045,20.524641036987305
2109367074.0,-0.4568707942962646,1.0467023849487305,10.473122596740724,3.479042053222656,-2.5930323600769043,20.67695617675781
2109375407.0,-0.6283994317054749,0.9190186262130736,10.358800888061523,3.193148374557495,-2.9897072315216064,20.79377174377441
2109383740.0,-0.477877527475357,0.4783735871315002,10.558880805969238,3.1812124252319336,-3.2697737216949463,20.86018943786621
2109392073.0,-0.4319937527179718,0.4344046711921692,10.605196952819824,3.769520521163941,-3.0488510131835938,20.89623069763184
2109400406.0,-0.2726727426052093,0.2078146934509277,11.113818168640137,4.359134197235107,-2.3420000076293945,21.070762634277344
2109408739.0,0.2208802849054336,0.0233789086341857,11.30300998687744,4.898212432861328,-1.6273372173309326,21.37091445922852
2109417072.0,0.3694406151771545,0.0232848953455686,11.35431671142578,5.573941707611084,-1.2510380744934082,21.691808700561523
2109425405.0,0.3376061916351318,0.3928834795951843,11.324579238891602,5.901495933532715,-0.2159152925014495,21.80169486999512
2109433738.0,0.3271625936031341,1.1675865650177002,11.129080772399902,6.639162063598633,0.9174768328666688,21.72943687438965
2109442071.0,0.2385281324386596,1.562980890274048,11.488439559936523,7.00684118270874,2.2508645057678223,21.382631301879883
2109450404.0,0.0808594822883606,1.6734261512756348,11.730879783630373,6.352051258087158,3.525980234146118,21.3244743347168
2109458737.0,-0.2463576644659042,2.756886959075928,11.128469467163086,5.656599044799805,4.784177303314209,21.26830291748047
2109467070.0,-0.579918384552002,3.441617488861084,10.753005981445312,5.718405246734619,5.9405837059021,21.310691833496094
2109475403.0,-1.001268982887268,3.3912787437438965,10.720701217651367,5.05348539352417,6.01138162612915,21.11868667602539
2109483736.0,-1.2040079832077026,2.982875347137451,11.020702362060549,3.3936314582824707,5.631548404693604,20.835140228271484
2109492069.0,-1.282240867614746,2.5997681617736816,10.841212272644045,1.7111599445343018,4.901568412780762,20.83304023742676
2109500402.0,-1.3107882738113403,2.4148201942443848,10.774162292480469,1.1732604503631592,3.7204432487487793,20.78329467773437
2109508735.0,-1.16597318649292,2.85642147064209,10.848932266235352,1.6019405126571655,2.5597081184387207,20.879323959350582
2109517068.0,-0.8083978295326233,2.683511018753052,10.842877388000488,2.161381244659424,1.546511173248291,20.70791244506836
2109525401.0,-0.4246106445789337,2.395301342010498,10.58936882019043,1.440263271331787,0.9297714829444884,20.651586532592773
2109533734.0,-0.440959095954895,1.7811484336853027,9.854607582092283,0.2837033569812774,1.324410080909729,20.42789649963379
2109542067.0,-0.4753091335296631,1.990925550460816,8.845128059387207,0.5740408301353455,2.9716622829437256,20.39700698852539
2109550400.0,-0.4122561812400818,2.0694754123687744,9.178996086120604,2.0722692012786865,4.489151954650879,20.48002243041992
2109558733.0,-0.7556746602058411,2.0356016159057617,9.844480514526367,2.819923162460327,5.444870948791504,20.35830307006836
2109567066.0,-0.8135549426078796,2.06638765335083,9.718878746032717,2.7650063037872314,5.738794803619385,20.37544059753418
2109575399.0,-0.6332290768623352,1.4888125658035278,9.816534042358398,2.571311712265014,5.2857818603515625,20.667625427246094
2109583732.0,-0.8024536371231079,1.5516808032989502,9.680916786193848,2.682323455810547,3.746979951858521,20.44746780395508
2109592065.0,-0.936978816986084,2.1501595973968506,9.41102695465088,3.5822293758392334,3.2493724822998047,20.354978561401367
2109600398.0,-0.8389685750007629,2.1972577571868896,9.443943977355955,4.342946529388428,3.4306180477142334,20.40983772277832
2109608731.0,-0.9504926800727844,2.393775224685669,9.182053565979004,3.943005084991455,3.8887033462524414,20.244190216064453
2109617064.0,-0.8634410500526428,2.632960081100464,9.08720874786377,3.246912717819214,4.928641319274902,20.28955268859864
2109625397.0,-0.7266119718551636,2.256895065307617,9.21651554107666,2.5184438228607178,5.205583572387695,20.4200382232666
2109633730.0,-0.7835366129875183,2.2972865104675293,8.940260887145996,2.092888593673706,4.462744235992432,20.44246864318848
2109642063.0,-0.9070755243301392,2.5865466594696045,9.195626258850098,2.2784125804901123,4.055708408355713,20.50532913208008
2109650396.0,-0.9809243679046632,2.360458374023437,9.278493881225586,1.910438776016236,3.391326665878296,20.52751350402832
2109658729.0,-1.116702914237976,2.3933980464935303,8.728509902954102,1.4084503650665283,3.4107413291931152,20.43033027648925
2109667062.0,-1.2455631494522097,2.194875955581665,8.912944793701172,0.8066949248313904,4.11431360244751,20.70191764831543
2109675395.0,-1.1142178773880005,1.89400577545166,9.023225784301758,-0.1904547214508056,4.393022060394287,20.79848289489746
2109683728.0,-0.9147436022758484,1.8719139099121087,8.808452606201172,-0.3427313864231109,3.5137617588043213,20.94118309020996
2109692061.0,-1.0184959173202517,1.725946307182312,9.141282081604004,-0.1204253733158111,2.655402660369873,20.99225616455078
2109700394.0,-0.953302562236786,1.821282863616944,9.081794738769531,-0.2836905717849731,1.872273325920105,20.809728622436523
2109708727.0,-0.6293527483940125,1.7164474725723269,8.685372352600098,-0.2151212394237518,1.2722594738006592,20.71285629272461
2109717060.0,-0.7132543325424194,1.5428513288497925,8.860578536987305,-0.2999555766582489,1.751322627067566,20.89407539367676
2109725393.0,-0.8186938762664795,1.640872359275818,8.58544635772705,-0.5723631381988525,2.634450435638428,20.8974838256836
2109733726.0,-0.9435130953788756,2.034372091293335,8.269364356994629,0.3162078559398651,3.793162345886232,20.855348587036133
2109742059.0,-1.1661806106567385,2.576164960861206,8.913734436035156,1.258299708366394,4.230346202850342,20.717517852783203
2109750392.0,-1.4687957763671875,2.81873106956482,9.39632511138916,0.8119971752166748,4.013368129730225,20.29790496826172
2109758725.0,-1.4137166738510132,2.665717124938965,9.35744857788086,-0.3772337734699249,3.336690664291382,20.09368324279785
2109767058.0,-1.3036375045776367,2.073975086212158,9.203587532043455,-1.449650764465332,2.1949355602264404,20.15154457092285
2109775391.0,-1.0984312295913696,2.001699209213257,9.18818473815918,-1.9181865453720093,0.8217816948890686,20.25556182861328
2109783724.0,-0.6489166021347046,1.8002214431762695,9.30918312072754,-1.9057382345199585,-0.484352558851242,20.18089866638184
2109792057.0,-0.4375976920127868,1.454179286956787,9.008767127990724,-1.5469081401824951,-1.571600317955017,20.205923080444336
2109800390.0,-0.6734763383865356,1.6645512580871582,8.588221549987793,-1.0778603553771973,-0.7433894872665405,20.06135940551757
2109808723.0,-1.1275683641433716,1.5978035926818848,8.617839813232422,-1.0154638290405271,1.936129450798035,20.224262237548828
2109817056.0,-1.3092126846313477,1.205789566040039,8.887458801269531,-1.3614355325698853,4.29538106918335,19.999629974365234
2109825389.0,-1.5512837171554563,1.3265246152877808,9.389406204223633,-1.1913567781448364,5.119903087615967,19.771839141845703
2109833722.0,-1.215820074081421,1.393606662750244,10.484213829040527,-0.8257135152816772,3.956631660461426,19.879648208618164
2109842055.0,-1.000138521194458,1.0701595544815063,10.691361427307127,-0.6011278033256531,0.7391757965087891,19.919300079345703
2109850388.0,-1.012874722480774,1.1798598766326904,10.216934204101562,-0.2501102685928345,-2.0780961513519287,19.82790756225586
2109858721.0,-0.8052642941474915,1.1323050260543823,9.541741371154783,-0.0095156924799084,-2.6410462856292725,19.92926406860352
2109867054.0,-0.7552576661109924,0.951949179172516,9.409591674804688,0.1396744549274444,-1.679282546043396,19.925933837890625
2109875387.0,-0.6273455023765564,1.2365607023239136,9.411865234375,0.2577817738056183,0.3177959620952606,19.957927703857425
2109883720.0,-0.7951568961143494,1.473500370979309,9.732129096984863,0.677419900894165,2.822920322418213,20.094860076904297
2109892053.0,-1.040708303451538,1.113069772720337,10.34130573272705,0.8755462765693665,4.103683948516846,20.103086471557617
2109900386.0,-1.27788507938385,1.4246782064437866,10.090631484985352,0.932973086833954,3.814908742904663,20.19378471374512
2109908719.0,-1.155867576599121,1.096531867980957,10.725131034851074,1.104947209358215,2.382252693176269,20.30912208557129
2109917052.0,-0.9581387639045716,0.8090630173683167,10.85907745361328,0.5623607635498047,0.0964632481336593,20.4381160736084
2109925385.0,-0.7316408753395081,1.2192856073379517,10.31005573272705,0.5822629332542419,-1.856200218200684,20.33071517944336
2109933718.0,-0.5255444645881653,0.923378586769104,10.399517059326172,1.0655781030654907,-2.3494791984558105,20.431739807128903
2109942051.0,-0.520767867565155,1.021485686302185,9.90302848815918,1.1148086786270142,-1.492554783821106,20.333789825439453
2109950384.0,-0.6158943772315979,1.0655288696289062,9.847519874572754,1.433782935142517,1.0628119707107544,20.537988662719727
2109958717.0,-0.9417767524719238,1.2922284603118896,10.016779899597168,1.6133899688720703,3.4444496631622314,20.84146499633789
2109967050.0,-1.1752504110336304,1.203280687332153,10.34016227722168,1.786081314086914,4.399477481842041,20.562475204467773
2109975383.0,-1.2005888223648071,1.4199930429458618,10.847436904907228,1.7028093338012695,3.813525676727295,20.67018318176269
2109983716.0,-1.146025776863098,1.150238275527954,11.313525199890137,1.210708498954773,1.5872634649276731,20.468727111816406
2109992049.0,-1.1355658769607544,1.7578904628753662,11.000165939331056,1.037376880645752,-0.5767942667007446,20.37679481506348
2110000382.0,-0.9566804766654968,1.612345814704895,11.149824142456056,0.8770573735237122,-1.6932423114776611,20.45604705810547
2110008715.0,-0.4016624093055725,1.5679186582565308,11.08622932434082,0.3876459896564483,-2.035576820373535,20.326004028320312
2110017048.0,-0.431435763835907,1.966581344604492,10.542614936828612,0.1922605186700821,-0.5727729201316833,20.193323135375977
2110025381.0,-0.3405660986900329,2.1632800102233887,11.063246726989746,0.5785233378410339,1.7586740255355835,20.18558692932129
2110033714.0,-0.3905415534973144,1.881636142730713,11.28261947631836,0.0293283089995384,3.233875036239624,19.893123626708984
2110042047.0,-0.532232940196991,2.214655637741089,10.867839813232422,0.0799676701426506,4.409979343414307,19.799043655395508
2110050380.0,-0.7527678608894348,1.967311263084412,11.083791732788086,-0.2099727541208267,4.820241451263428,19.84496688842773
2110058713.0,-0.6363069415092468,1.7424118518829346,11.03509521484375,-0.5784080028533936,3.8175976276397705,19.468360900878903
2110067046.0,-0.540340006351471,1.4826644659042358,10.564010620117188,-0.5435599088668823,2.4958903789520264,19.37324523925781
2110075379.0,-0.5440346598625183,1.0942329168319702,10.596020698547363,-0.3570753633975982,1.664669632911682,19.29723358154297
2110083712.0,-0.7610424757003784,1.2394895553588867,9.582077026367188,0.0032786228694021,1.701169729232788,18.97408103942871
2110092045.0,-0.7761584520339966,1.5996575355529783,9.159034729003906,1.3495376110076904,3.587454080581665,18.87247467041016
2110100378.0,-0.7922161221504211,1.490829586982727,9.670201301574709,2.054877281188965,4.866501808166504,18.72618865966797
2110108711.0,-0.9621315002441406,1.359256625175476,9.74068832397461,1.5961259603500366,5.255786418914795,18.462846755981445
2110117044.0,-1.1651469469070437,1.541711688041687,9.468785285949709,1.6327030658721924,5.306143760681152,18.553241729736328
2110125377.0,-1.3244744539260864,1.7098053693771362,9.733757972717283,2.0451693534851074,4.2881059646606445,18.33759498596192
2110133710.0,-1.065513253211975,1.8073052167892456,9.821260452270508,2.1957807540893555,2.770845890045166,18.20035171508789
2110142043.0,-1.0969547033309937,1.9380698204040527,9.884732246398926,2.1804120540618896,1.6326260566711426,18.10112190246582
2110150376.0,-1.0446665287017822,1.966966271400452,9.849774360656738,1.4071438312530518,1.5510447025299072,18.20332145690918
2110158709.0,-0.9162941575050354,2.022885799407959,9.159139633178713,1.2208260297775269,1.8816478252410889,18.21610641479492
2110167042.0,-1.0366593599319458,1.7485193014144895,9.25237274169922,1.3805564641952517,2.8429250717163086,18.291616439819336
2110175375.0,-1.0872843265533447,1.6423368453979492,9.30908203125,1.1309200525283811,3.5612246990203857,18.377216339111328
2110183708.0,-1.1692348718643188,1.295517086982727,9.23420524597168,1.0476737022399902,3.6271812915802,18.58149147033692
2110192041.0,-1.1960718631744385,1.209945797920227,9.397482872009276,0.8582563400268555,3.2472195625305176,18.65700340270996
2110200374.0,-1.3537732362747192,1.0748354196548462,9.445653915405272,0.7316707968711853,2.4771533012390137,18.87859344482422
2110208707.0,-1.0363768339157104,0.7240031361579895,9.444025993347168,0.9347147941589355,1.3808125257492063,18.97600173950196
2110217040.0,-1.0621473789215088,0.5555527806282043,9.372969627380373,1.1622718572616575,0.5293183326721191,19.19003677368164
2110225373.0,-1.1721292734146118,0.316788375377655,9.644775390625,1.3099637031555176,0.7041099071502686,19.36951446533203
2110233706.0,-0.9966472387313844,0.6133776903152466,9.320015907287598,1.6119298934936523,1.614747405052185,19.676733016967773
2110242039.0,-0.8581326007843018,0.6338559985160828,9.366250991821287,2.537731170654297,2.313171148300171,20.13850975036621
2110250372.0,-0.9954971075057985,0.824821949005127,9.425314903259276,2.8400564193725586,2.31862735748291,20.22928810119629
2110258705.0,-1.226375937461853,1.4390521049499512,8.730849266052246,2.775047063827514,2.263479471206665,20.164146423339844
2110267038.0,-1.4067612886428833,1.6614680290222168,8.674410820007324,3.084620952606201,2.2616608142852783,20.259201049804688
2110275371.0,-1.5909512042999268,1.6867221593856812,8.773465156555176,2.472030639648437,1.8257322311401367,20.2113037109375
2110283704.0,-1.8999494314193728,2.17583966255188,8.584542274475098,2.089072227478028,1.3778927326202393,20.132360458374023
2110292037.0,-1.6791667938232422,1.487175703048706,8.921554565429688,1.4972807168960571,0.8041079640388489,20.55204963684082
2110300370.0,-1.7028567790985107,1.299280881881714,8.886446952819824,1.207634687423706,-0.6089913845062256,20.36952209472656
2110308703.0,-1.5943107604980469,1.21278178691864,9.266674995422363,1.547048807144165,-2.064213275909424,20.18184471130371
2110317036.0,-1.2736862897872925,1.016851544380188,9.241886138916016,2.002034902572632,-2.942269802093506,20.357406616210938
2110325369.0,-1.2268288135528564,0.970561981201172,9.412297248840332,2.5774080753326416,-3.0606846809387207,20.155902862548828
2110333702.0,-0.6516945362091064,1.3953715562820437,9.576493263244627,2.7363181114196777,-2.571324110031128,20.06220245361328
2110342035.0,-0.4455203413963318,1.290095567703247,9.24075412750244,3.1639223098754883,-2.59299373626709,19.91115379333496
2110350368.0,-0.6469103693962097,1.075750708580017,9.040127754211426,3.282747268676758,-1.8191109895706177,19.88648796081543
2110358701.0,-0.8740854263305664,1.1685667037963867,9.131345748901367,3.1497318744659424,-0.0072104088030755,20.177539825439453
2110367034.0,-0.6895597577095032,1.325211763381958,9.261666297912598,3.384819269180298,0.3167713284492492,20.096240997314453
2110375367.0,-0.8619263172149658,1.5280969142913818,9.34120750427246,3.7891921997070312,-0.2317961007356643,20.091684341430664
2110383700.0,-0.9931604862213136,1.5556020736694336,10.103343963623049,3.5291554927825928,-0.7410327792167664,20.046934127807617
2110392033.0,-1.0867840051651,1.6667207479476929,10.171602249145508,2.59697699546814,-1.1718132495880127,19.974140167236328
2110400366.0,-1.1534717082977295,1.6361671686172483,9.693799018859863,2.4296391010284424,-1.3231676816940308,19.932876586914062
2110408699.0,-0.8075388669967651,2.0310518741607666,10.063097953796388,2.894179105758667,-1.0866458415985107,19.98925399780273
2110417032.0,-0.3731068968772888,2.2410356998443604,10.308324813842772,2.8455376625061035,-1.8823267221450808,19.759979248046875
2110425365.0,-0.1047704219818115,2.306529998779297,10.15887451171875,2.51926326751709,-2.417766809463501,19.75383186340332
2110433698.0,-0.3372606039047241,2.2502646446228027,10.126290321350098,1.625274896621704,-1.872798204421997,19.604116439819336
2110442031.0,-0.4346564412117004,2.0236799716949463,9.721896171569824,0.7246782183647156,-0.4774879515171051,19.42728042602539
2110450364.0,-0.5225071907043457,1.8702746629714968,9.26869010925293,1.3420584201812744,1.3830925226211548,19.439189910888672
2110458697.0,-0.8532357215881348,1.7718920707702637,9.961956024169922,1.6969947814941406,2.666109561920166,19.51380157470703
2110467030.0,-0.8464493155479431,2.168024778366089,10.723047256469728,1.6939979791641235,2.473029613494873,19.247209548950195
2110475363.0,-0.7426770925521851,2.0221755504608154,10.708821296691896,1.4833719730377195,1.0102256536483765,19.067445755004883
2110483696.0,-0.6290966272354126,1.972677230834961,10.764628410339355,1.4462571144104004,-0.6423668265342712,18.859102249145508
2110492029.0,-0.4963931143283844,1.859050869941712,10.33487319946289,0.988069474697113,-1.5554633140563965,18.83292579650879
2110500362.0,-0.6506717801094055,2.1264472007751465,9.657869338989258,0.9600730538368224,-0.9839071035385132,18.55375289916992
2110508695.0,-0.5306158065795898,2.168658494949341,9.861242294311523,1.2607330083847046,0.5114396214485168,18.35818862915039
2110517028.0,-0.3528431057929992,2.1281991004943848,10.246362686157228,1.0610443353652954,1.696584939956665,18.431367874145508
2110525361.0,-0.4015712738037109,1.6765704154968262,10.469379425048828,0.485415518283844,2.1809756755828857,18.488052368164062
2110533694.0,-0.9174805879592896,2.42627477645874,10.175244331359863,0.4887197315692901,2.6310694217681885,18.3217887878418
2110542027.0,-0.684823751449585,2.2528955936431885,10.470866203308104,0.8915548324584961,2.5707218647003174,18.16382598876953
2110550360.0,-0.6899160742759705,1.7730833292007446,10.84101676940918,0.3250959515571594,1.5307070016860962,18.100379943847656
2110558693.0,-0.6922606229782104,1.7181881666183472,10.758600234985352,-0.8089362978935242,0.5876163244247437,17.97589683532715
2110567026.0,-0.7254953980445862,1.7004756927490234,9.939799308776855,-0.5267184972763062,0.4002993702888489,18.097692489624023
2110575359.0,-0.8233927488327026,1.6371456384658811,10.077853202819824,0.1582191884517669,1.158455491065979,17.85230827331543
2110583692.0,-0.7443137168884277,1.283856749534607,10.365888595581056,0.0585029311478138,1.846120953559876,18.07645797729492
2110592025.0,-0.855296790599823,1.0579253435134888,10.11817741394043,-0.4228014945983886,2.4535112380981445,17.99515724182129
2110600358.0,-0.5695070624351501,1.145329236984253,10.122525215148926,-0.0902773886919021,2.58378529548645,18.16707992553711
2110608691.0,-0.863535463809967,0.9233693480491638,10.608257293701172,0.1317852586507797,2.0728578567504883,18.206344604492188
2110617024.0,-0.6024909615516663,0.9226044416427612,10.217373847961426,0.2720488905906677,1.5123416185379028,18.0481014251709
2110625357.0,-0.1937071830034256,1.1063627004623413,9.665029525756836,1.1052289009094238,0.7775970697402954,18.28984832763672
2110633690.0,-0.5718535780906677,1.1395784616470337,10.407941818237305,1.6252750158309937,0.6533424258232117,18.50703239440918
2110642023.0,-0.6650606393814087,1.299459457397461,9.813895225524902,0.5154353976249695,1.0597891807556152,18.37422180175781
2110650356.0,-1.0301085710525513,1.4947972297668457,8.950000762939453,1.2346575260162354,2.6061720848083496,18.120281219482425
2110658689.0,-0.5572261810302734,1.090172290802002,10.11516284942627,1.483167052268982,3.097094774246216,18.30242347717285
2110667022.0,-0.5912184715270996,0.9356074333190918,10.452994346618652,1.0398101806640625,2.046987771987915,18.44914627075196
2110675355.0,-0.7329761385917664,1.2268760204315186,10.08954906463623,1.2451337575912476,0.9317691922187804,18.39507293701172
2110683688.0,-0.82966548204422,1.5796427726745603,9.776226043701172,1.9685570001602173,0.9559491276741028,18.47683334350586
2110692021.0,-0.6431884765625,1.400540828704834,10.085759162902832,2.0260605812072754,0.6671484708786011,18.086957931518555
2110700354.0,-0.2234473079442978,1.2556833028793335,9.930853843688965,1.335065245628357,0.6617438197135925,18.172584533691406
2110708687.0,-0.6001647710800171,1.1931408643722534,9.540263175964355,1.0557420253753662,1.000825047492981,18.16979217529297
2110717020.0,-0.8640832304954529,1.288520336151123,9.57069206237793,1.010071873664856,2.248801946640014,18.12099838256836
2110725353.0,-0.6747426986694336,0.9660925269126892,9.501254081726074,1.53324294090271,2.8893377780914307,18.300018310546875
2110733686.0,-0.6761261820793152,0.9953209161758424,9.572461128234863,2.392318725585937,2.2521066665649414,18.085447311401367
2110742019.0,-0.793298602104187,1.159304141998291,10.058270454406738,2.003187417984009,1.7026041746139526,18.222227096557617
2110750352.0,-1.1201635599136353,1.2265654802322388,9.53415584564209,1.7035006284713743,1.436344027519226,18.058988571166992
2110758685.0,-1.0304248332977295,1.2707834243774414,9.610607147216797,1.8542664051055908,1.305020093917847,17.932992935180664
2110767018.0,-0.7216072678565979,0.9951450824737548,9.935677528381348,1.9428400993347168,1.159684658050537,18.192461013793945
2110775351.0,-0.6485776305198669,0.5761862397193909,9.849156379699709,1.8015776872634888,0.4208676218986511,18.04497718811035
2110783684.0,-0.7767555117607117,0.941605806350708,9.16148281097412,2.3582518100738525,0.4356982111930847,18.10009765625
2110792017.0,-0.9026185274124146,1.180905818939209,9.703649520874023,3.3331298828125,1.402456521987915,18.083703994750977
2110800350.0,-0.6649364829063416,0.9281235933303832,10.172200202941896,2.929705619812012,1.6911544799804688,18.03042793273925
2110808683.0,-0.3131775259971618,1.0193547010421753,9.335456848144531,2.7092947959899902,1.5149284601211548,18.0004825592041
2110817016.0,-0.6467649340629578,1.448239803314209,9.85098648071289,3.4672203063964844,1.2434946298599243,18.000329971313477
2110825349.0,-0.9821560978889464,1.416593313217163,10.158780097961426,3.06448745727539,1.395387053489685,17.689525604248047
2110833682.0,-0.7593790888786316,1.4574148654937744,9.545191764831545,3.2427878379821777,2.0892765522003174,17.873666763305664
2110842015.0,-0.5651192665100098,1.853783369064331,10.148449897766112,3.423163890838623,2.201364755630493,17.979249954223633
2110850348.0,-0.5906029343605042,1.750062108039856,10.268829345703123,2.913440704345703,1.306044578552246,17.73202133178711
2110858681.0,-0.775138795375824,1.659647822380066,9.481876373291016,2.466472148895264,0.8198605179786682,17.467451095581055
2110867014.0,-0.7546126842498779,1.766230225563049,9.697864532470703,2.250928401947021,1.7035518884658811,17.557435989379883
2110875347.0,-0.6934592127799988,1.6755846738815308,9.761885643005373,2.045783519744873,1.5603938102722168,17.534151077270508
2110883680.0,-0.8472231030464172,1.802669644355774,9.539216995239258,2.476717472076416,1.551684856414795,17.257566452026367
2110892013.0,-0.6875181198120117,1.6988322734832764,9.792975425720217,2.2322041988372803,1.8450192213058472,17.342376708984375
2110900346.0,-0.7220371961593628,1.7623940706253052,9.838977813720703,1.840485453605652,1.5132890939712524,17.39421844482422
2110908679.0,-0.9721940159797668,1.9923938512802124,9.876053810119627,1.583446979522705,1.0038734674453735,17.191076278686523
2110917012.0,-0.8164955973625183,1.7086279392242432,9.656401634216309,1.5946146249771118,1.177845478057861,17.07732391357422
2110925345.0,-0.6036102771759033,1.3842294216156006,9.50753688812256,1.7177166938781738,0.9429370760917664,17.090744018554688
2110933678.0,-0.8858269453048706,1.8966108560562127,9.69031810760498,1.9236807823181152,0.8598445057868958,17.19894027709961
2110942011.0,-0.7205025553703308,1.6919949054718018,9.699684143066406,1.5541183948516846,1.0034891366958618,17.171146392822266
2110950344.0,-0.5989351868629456,1.275908350944519,9.335012435913086,1.597739577293396,0.6916869878768921,17.01730728149414
2110958677.0,-0.7130931615829468,1.3213006258010864,9.5867338180542,1.5430018901824951,0.7447084188461304,17.17135238647461
2110967010.0,-0.8411709666252136,1.162892460823059,9.712924003601074,1.5504555702209473,1.2574286460876465,16.9605712890625
2110975343.0,-0.8062139749526978,1.4654308557510376,9.560544967651367,2.1969335079193115,1.4779675006866455,17.13241958618164
2110983676.0,-0.5928117036819458,2.2525432109832764,9.812005996704102,3.2420194149017334,1.3332210779190063,17.177778244018555
2110992009.0,-0.4658758342266083,1.6093487739562988,10.645052909851074,2.6982812881469727,0.3003013730049133,16.929759979248047
2111000342.0,-0.6398402452468872,1.779319167137146,9.551197052001951,1.3173915147781372,-0.2369957715272903,16.564908981323242
2111008675.0,-0.7024893760681152,2.020862102508545,9.13016128540039,1.933670163154602,0.8602542281150818,16.790210723876953
2111017008.0,-0.4492408633232116,1.6920533180236816,10.059608459472656,1.879854679107666,1.7211744785308838,16.96333885192871
2111025341.0,-0.5369335412979126,1.999839425086975,9.75216293334961,1.7230697870254517,1.344696283340454,16.817642211914062
2111033674.0,-0.8015517592430115,2.016874551773072,10.097158432006836,1.703014254570007,1.9137170314788816,16.950532913208008
2111042007.0,-0.5663601160049438,1.5736404657363892,10.39346694946289,0.7575156092643738,1.9390239715576167,17.04894256591797
2111050340.0,-0.5130262970924377,1.726709008216858,9.620597839355469,0.7548003792762756,1.025312423706055,16.861675262451172
2111058673.0,-0.4400664269924164,1.8926570415496824,9.993078231811523,1.487086057662964,0.7352055907249451,16.967077255249023
2111067006.0,-0.6805576682090759,1.5468800067901611,10.080615997314451,0.9616352319717408,0.5752957463264465,16.788469314575195
2111075339.0,-0.8212804198265076,2.147761344909668,9.308120727539062,0.5802394151687622,1.1624510288238523,16.737112045288086
2111083672.0,-0.5617113709449768,1.7124390602111816,9.85489559173584,0.4882587492465973,1.8465564250946045,17.046100616455078
2111092005.0,-0.4967510998249054,1.2027475833892822,10.125714302062988,-0.0692993178963661,1.1818410158157349,16.85460662841797
2111100338.0,-0.5512396693229675,1.4696004390716553,9.77846336364746,0.0156246852129697,0.7598719596862793,17.054548263549805
2111108671.0,-0.7400469183921814,1.4731580018997192,10.12353515625,0.4201759397983551,0.8654283285140991,16.971609115600586
2111117004.0,-0.428327202796936,1.8029555082321167,9.831338882446287,0.7888417840003967,0.4125941693782806,16.662139892578125
2111125337.0,-0.3831364512443542,1.4521729946136477,9.845605850219728,1.0290777683258057,0.3532203435897827,16.754119873046875
2111133670.0,-0.28255295753479,1.075546145439148,10.05221176147461,0.0099127097055315,0.3564221262931824,16.818592071533203
2111142003.0,-0.4875959157943725,1.360462665557861,9.366615295410156,0.0480266995728015,0.3996846079826355,16.792566299438477
2111150336.0,-0.4763221740722656,1.430446743965149,9.871355056762695,0.8044408559799194,1.2402671575546265,16.865032196044922
2111158669.0,-0.2736327350139618,0.9721385836601256,9.881729125976562,0.9831001162528992,0.9588434100151062,16.728403091430664
2111167002.0,-0.3827736973762512,1.3883442878723145,9.680615425109863,1.3982815742492676,0.8588711619377136,16.59813117980957
2111175335.0,-0.240543395280838,1.2409387826919556,10.11306381225586,1.2259743213653564,0.9147101640701294,16.801889419555664
2111183668.0,-0.7219769954681396,1.367293357849121,9.608601570129396,0.725113570690155,0.7889443039894104,16.573387145996094
2111192001.0,-0.542256772518158,1.7069687843322754,9.667027473449709,1.057535171508789,1.5311424732208252,16.405946731567383
2111200334.0,-0.285083532333374,1.3990848064422607,10.164753913879396,1.2725411653518677,1.438162922859192,16.507150650024414
2111208667.0,-0.1774919331073761,1.3059722185134888,10.271244049072266,1.0270031690597534,0.5306246280670166,16.48453140258789
2111217000.0,-0.2592432796955108,1.4454509019851685,9.941423416137695,0.903952181339264,0.1624455004930496,16.69605255126953
2111225333.0,-0.7112692594528198,1.272875428199768,9.522220611572266,0.8513917326927185,0.223996564745903,16.457841873168945
2111233666.0,-0.6722309589385986,1.5504541397094729,9.145017623901367,1.199514865875244,1.541746735572815,16.416730880737305
2111241999.0,-0.1852783113718032,1.1342599391937256,10.051005363464355,1.3479493856430054,2.1754939556121826,16.549461364746094
2111250332.0,-0.3727849125862121,1.2338939905166626,10.182209014892578,0.8184774518013,1.01025128364563,16.394344329833984
2111258665.0,-0.3894747197628021,1.238630294799805,10.099093437194824,1.1575075387954712,0.5910999178886414,16.58975601196289
2111266998.0,-0.4683724045753479,1.096901297569275,10.021714210510254,1.3095792531967163,0.4533464908599853,16.54139518737793
2111275331.0,-0.2251917868852615,1.1653623580932615,9.72989559173584,1.8528316020965576,0.1889050304889679,16.296777725219727
2111283664.0,0.3558658063411712,1.1034594774246216,9.850004196166992,2.115864515304565,0.1941559761762619,16.56268310546875
2111291997.0,0.0024919111747294,0.8460099697113037,10.158841133117676,1.830112099647522,-0.3079471886157989,16.45638084411621
2111300330.0,-0.2334438413381576,1.646446704864502,9.567846298217772,1.5832419395446775,1.013581156730652,16.398597717285156
2111308663.0,-0.3872894942760467,1.6188764572143557,9.67821979522705,2.539677381515503,2.7706665992736816,16.65048599243164
2111316996.0,-0.4221411347389221,1.3924027681350708,9.991714477539062,2.240784883499145,3.161667823791504,16.41291046142578
2111325329.0,-0.2680105566978454,1.3655738830566406,10.090606689453123,1.8795472383499143,2.987875461578369,16.70929527282715
2111333662.0,-0.2690297663211822,1.1381056308746338,10.238692283630373,1.3750492334365845,1.2448776960372925,16.708372116088867
2111341995.0,-0.3085469007492065,1.8784406185150144,9.816478729248049,1.7739909887313845,0.0580930933356285,16.436786651611328
2111350328.0,-0.2674818336963653,1.2409095764160156,10.022241592407228,1.898911714553833,-0.3776179254055023,16.60558319091797
2111358661.0,-0.4493569433689117,0.9781837463378906,9.56467056274414,1.2616552114486694,0.2613165080547333,16.617292404174805
2111366994.0,-0.3197958171367645,1.0890802145004272,9.21230697631836,1.3920058012008667,1.5892096757888794,16.609272003173828
2111375327.0,-0.1298720091581344,1.426215410232544,9.749942779541016,2.2361490726470947,2.477947473526001,16.769363403320312
2111383660.0,-0.2009290605783462,1.3798614740371704,10.20979118347168,2.346622943878174,1.822734832763672,16.50379180908203
2111391993.0,-0.5288276076316833,1.8339072465896609,9.956634521484377,2.221881151199341,1.5531193017959597,16.655120849609375
2111400326.0,-0.5862078666687012,1.1220000982284546,10.05901050567627,1.606653094291687,1.7092894315719604,16.608348846435547
2111408659.0,-0.5882203578948975,1.347946286201477,9.504491806030272,1.4223332405090332,1.4544023275375366,16.37070083618164
2111416992.0,-0.0858933925628662,1.1821260452270508,10.05490493774414,1.986999154090881,0.9689611792564392,16.4695987701416
2111425325.0,-0.159637376666069,1.4843019247055054,10.12873077392578,2.4798429012298584,-0.0754467472434043,16.402002334594727
2111433658.0,-0.3519662618637085,1.7107471227645874,10.022819519042969,2.7146737575531006,-0.035309225320816,16.159767150878906
2111441991.0,-0.0263603590428829,1.476454257965088,9.314087867736816,2.402897596359253,0.8029040098190308,16.252004623413086
2111450324.0,-0.2202268987894058,1.2599161863327026,9.44037628173828,2.461989641189575,1.4697195291519165,16.09334945678711
2111458657.0,-0.1360463798046112,1.494099736213684,9.93736457824707,1.9768304824829104,2.3502349853515625,16.307231903076172
2111466990.0,-0.2732634246349334,1.339904546737671,9.830371856689451,2.216272354125977,2.6445679664611816,16.287687301635742
2111475323.0,-0.2804964780807495,1.635077953338623,9.83705711364746,2.9298853874206543,1.9864100217819207,16.15825843811035
2111483656.0,-0.3157069981098175,1.5855305194854736,10.21523094177246,2.9346492290496826,1.4059913158416748,16.1806697845459
2111491989.0,-0.5028906464576721,1.2987903356552124,9.70817756652832,2.274877548217773,0.9676803946495056,16.120065689086914
2111500322.0,-0.3003155887126922,1.265676736831665,9.84908390045166,1.9537265300750728,1.1188302040100098,16.372394561767578
2111508655.0,-0.2773864865303039,1.3502088785171509,9.851815223693848,2.163276433944702,1.038657546043396,16.283538818359375
2111516988.0,-0.3061763346195221,1.5478864908218384,10.188681602478027,2.7467684745788574,1.0556907653808594,16.085128784179688
2111525321.0,-0.1341694146394729,1.3517420291900637,10.15482234954834,2.408891439437866,1.063170313835144,16.32744026184082
2111533654.0,-0.4284956753253937,1.7071536779403689,9.7099027633667,2.4013094902038574,1.2664446830749512,16.161174774169922
2111541987.0,-0.0251537524163723,1.1428959369659424,10.499378204345703,2.069579601287842,1.7872337102890017,16.294677734375
2111550320.0,-0.2101648300886154,1.08544659614563,9.958147048950195,1.5582679510116575,1.1460579633712769,16.111202239990234
2111558653.0,-0.1801652461290359,1.2422722578048706,9.739705085754396,2.3331499099731445,1.306607961654663,16.02659797668457
2111566986.0,-0.2466742396354675,1.3102387189865112,9.921019554138184,2.986441373825073,1.5016093254089355,16.11322784423828
2111575319.0,-0.5058826804161072,1.2710371017456057,10.049171447753906,2.797689437866211,1.5582422018051147,15.76085090637207
2111583652.0,0.1114637106657028,1.325990080833435,9.839961051940918,2.5620386600494385,1.650812029838562,15.980031967163086
2111591985.0,-0.4458197355270386,1.0823445320129397,9.97812271118164,2.47528338432312,1.3056089878082275,15.608036041259766
2111600318.0,-0.1212862357497215,1.46947979927063,9.922581672668455,2.4474148750305176,1.369286060333252,15.371975898742676
2111608651.0,-0.2424572259187698,1.3071008920669556,9.803829193115234,3.090691328048706,1.5571410655975342,15.320672988891602
2111616984.0,-0.0518173426389694,1.809912085533142,9.987064361572266,3.1687889099121094,1.3048661947250366,15.183480262756348
2111625317.0,-0.102743312716484,1.5431337356567385,9.929387092590332,2.768976211547852,1.2031264305114746,15.120802879333496
2111633650.0,-0.4289330840110779,1.71825110912323,9.70313835144043,2.094348430633545,1.277382254600525,14.625962257385254
2111641983.0,-0.4859144389629364,1.988569021224976,9.556674003601074,1.8913041353225708,2.071551561355591,14.77367877960205
2111650316.0,-0.6072736978530884,1.4883252382278442,9.719057083129885,1.880418300628662,2.0402255058288574,14.665203094482422
2111658649.0,-0.4636323153972626,1.5842105150222778,10.104399681091309,1.7090075016021729,1.8414843082427976,14.44253635406494
2111666982.0,-0.223781555891037,1.5116183757781982,10.158417701721191,1.5354965925216677,0.7506251931190491,14.429524421691896
2111675315.0,-0.4682890772819519,1.768402934074402,10.05868148803711,1.6496082544326782,-0.3571777641773224,14.031506538391112
2111683648.0,-0.1353304237127304,1.7047741413116455,10.047979354858398,1.2899333238601685,-0.5182145833969116,13.92905044555664
2111691981.0,-0.1422453224658966,1.6360924243927002,9.315550804138184,1.2811219692230225,-0.3766189813613891,13.791885375976562
2111700314.0,0.2507952153682709,1.540845513343811,9.85155200958252,1.1733628511428833,0.1105766892433166,13.979689598083496
2111708647.0,-0.1858513355255127,1.379953145980835,9.81948471069336,0.4182549715042114,0.6687622666358948,13.973183631896973
2111716980.0,-0.3963162302970886,1.5810753107070925,9.539493560791016,0.5544202923774719,1.6384150981903076,13.791810035705566
2111725313.0,-0.0719845220446586,1.1702924966812134,10.039111137390137,1.258478760719299,2.159177780151367,13.784021377563477
2111733646.0,-0.1739418059587478,1.2566759586334229,10.174403190612791,1.0740817785263062,1.1937772035598757,13.489481925964355
2111741979.0,0.0003080441965721,1.3296958208084106,10.23691177368164,0.9716249704360962,0.180042490363121,13.786044120788574
2111750312.0,-0.1686429381370544,1.321666240692139,9.828375816345217,1.1785367727279663,-0.408329427242279,13.539917945861816
2111758645.0,-0.0261621288955211,1.4157495498657229,9.70512866973877,1.2901122570037842,-0.1629449725151062,13.512585639953612
2111766978.0,0.0569283589720726,0.5804848670959473,9.637179374694824,1.0974165201187134,0.2884163558483124,13.606975555419922
2111775311.0,-0.0628379434347152,0.9326211810112,9.34145450592041,1.0785645246505735,1.3272274732589722,13.619706153869627
2111783644.0,0.0846442580223083,1.2120486497879028,9.760790824890137,1.8411262035369875,1.6527589559555054,13.861275672912598
2111791977.0,-0.2291737198829651,1.35762619972229,10.111392974853516,2.361299753189087,1.2194172143936155,13.446759223937988
2111800310.0,-0.0320206955075264,1.013584852218628,9.740488052368164,1.9592077732086184,0.7212201952934265,13.535307884216309
2111808643.0,-0.2216167151927948,0.8665993809700012,9.686713218688965,1.7868748903274536,0.6559550762176514,13.615581512451172
2111816976.0,-0.0758581757545471,1.3683385848999023,9.606953620910645,1.6334457397460938,0.6264474391937256,13.742244720458984
2111825309.0,-0.2002521902322769,1.0161665678024292,10.121804237365724,2.0125110149383545,0.4782178401947021,13.761096000671388
2111833642.0,-0.1322217881679535,1.371596336364746,9.886402130126951,1.8671756982803345,0.1235118582844734,13.59793472290039
2111841975.0,0.1504555791616439,1.0227811336517334,10.086126327514648,2.1019556522369385,0.2641852498054504,13.619373321533203
2111850308.0,0.1744712591171264,1.1987286806106567,9.68436050415039,2.118604898452759,-0.2224981039762497,13.47378158569336
2111858641.0,0.5340827703475952,1.0596513748168943,9.784525871276855,2.045015573501587,-0.1295696496963501,13.695602416992188
2111866974.0,0.1718160510063171,1.0017143487930298,9.63227367401123,1.827550292015076,0.2195908725261688,13.561971664428713
2111875307.0,-0.2504233717918396,1.2482001781463623,9.42406940460205,2.030927419662476,1.309118151664734,13.412101745605469
2111883640.0,-0.0877010598778724,1.344815731048584,9.608234405517578,2.441524028778076,2.4587368965148926,13.529263496398926
2111891973.0,0.1511998027563095,1.0919082164764404,10.222311973571776,2.4027693271636963,1.9709131717681885,13.382697105407717
2111900306.0,0.4289498925209045,1.3465317487716677,10.105517387390137,2.196805000305176,0.4516814947128296,13.337718963623049
2111908639.0,-0.1292834728956222,1.0692307949066162,10.08585262298584,2.083103656768799,-0.3898103237152099,13.348041534423828
2111916972.0,0.0090748881921172,0.8495575189590454,9.496861457824709,1.822119951248169,-0.1812847554683685,13.15928840637207
2111925305.0,0.3585672676563263,0.7990997433662415,9.248494148254396,2.614061117172241,0.5578013062477112,13.071304321289062
2111933638.0,0.7970724701881409,1.0546224117279053,9.846909523010254,3.083826065063477,0.6072111129760742,13.249911308288574
2111941971.0,0.0758694633841514,1.1533067226409912,9.800156593322754,3.02043080329895,0.6272669434547424,12.958216667175291
2111950304.0,-0.0483562089502811,1.154163479804993,9.588123321533203,2.745333909988404,2.2802562713623047,12.860651969909668
2111958637.0,0.1837067455053329,1.272849202156067,9.41295337677002,3.2083117961883545,3.183901309967041,13.167922973632812
2111966970.0,-0.0644954517483711,1.2947328090667725,10.37953281402588,3.3508548736572266,2.7955126762390137,13.088031768798828
2111975303.0,-0.2288948744535446,1.3627300262451172,10.320396423339844,2.813339710235596,1.7269889116287231,13.05360507965088
2111983636.0,-0.3558432161808014,1.456578254699707,9.657722473144531,2.959648847579956,0.9299762845039368,12.737859725952148
2111991969.0,0.1818890124559402,1.4750077724456787,10.295427322387695,3.2248072624206543,0.3571649491786957,12.900176048278809
2112000302.0,0.1208539083600044,1.1990735530853271,10.414167404174805,2.451001167297364,-0.6152668595314026,12.889187812805176
2112008635.0,0.3311352729797363,1.2901495695114136,9.62125301361084,2.407558917999268,-0.2914516031742096,13.091230392456056
2112016968.0,0.2923224866390228,1.2326985597610474,9.201584815979004,3.260103225708008,0.5845937728881836,13.09914493560791
2112025301.0,-0.0545274280011653,1.2924292087554932,9.922460556030272,3.6556897163391113,1.534984469413757,12.857068061828612
2112033634.0,-0.090099312365055,1.1671713590621948,10.277020454406738,3.177881956100464,2.919280767440796,13.042719841003418
2112041967.0,-0.4881476163864136,1.5657451152801514,9.602633476257324,3.623390197753906,3.2861788272857666,12.846206665039062
2112050300.0,0.186657577753067,2.0516674518585205,10.447999954223633,4.12432861328125,2.3992862701416016,13.028889656066896
2112058633.0,1.12380366772e-05,1.797762751579285,10.768182754516602,3.578667402267456,0.3286819159984588,12.91198444366455
2112066966.0,0.111689418554306,1.447665810585022,10.175539016723633,2.3787431716918945,-1.248374104499817,12.738858222961426
2112075299.0,-0.226311981678009,1.4835669994354248,9.289498329162598,2.420826911926269,-0.815313994884491,13.14914608001709
2112083632.0,0.2308636456727981,1.5210896730422974,9.127352714538574,3.274446964263916,0.1520717293024063,13.205085754394531
2112091965.0,0.2805990278720855,1.852681040763855,9.546550750732422,4.261671543121338,0.7130492329597473,13.188003540039062
2112100298.0,-0.0107161113992333,2.068082571029663,10.181353569030762,3.864010572433472,1.2189048528671265,13.149198532104492
2112108631.0,0.0303167812526226,1.7333530187606812,10.178044319152832,2.450795888900757,1.9195822477340696,13.218688011169434
2112116964.0,-0.1168612539768219,1.8007583618164062,9.817816734313965,2.2181930541992188,1.8312386274337769,13.241843223571776
2112125297.0,0.2335806638002395,2.103576421737671,10.305975914001465,2.8071160316467285,0.932486355304718,13.340971946716309
2112133630.0,-0.1890678256750106,2.176814317703247,10.26832389831543,3.303109645843506,-0.3968285918235779,13.12524700164795
2112141963.0,0.2185128331184387,1.951928734779358,10.397697448730469,2.619389057159424,-0.5883206725120544,13.342662811279297
2112150296.0,0.6717798709869385,1.5653234720230105,10.07265853881836,1.623533010482788,-0.479075938463211,13.63947868347168
2112158629.0,0.46477872133255,1.6247196197509766,9.916193008422852,1.3770471811294556,-0.7215403318405151,13.74437141418457
2112166962.0,0.3200294971466064,2.1302223205566406,9.533390045166016,1.710416555404663,0.4436642527580261,13.70656394958496
2112175295.0,0.1302671879529953,2.012025594711304,9.75378704071045,2.464089870452881,2.2433207035064697,13.87067413330078
2112183628.0,0.2206707447767257,1.6935635805130005,10.539276123046877,1.6559605598449707,2.7666964530944824,13.891242027282717
2112191961.0,-0.013071940280497,2.125627279281616,9.953103065490724,0.901467502117157,2.7643139362335205,14.122204780578612
2112200294.0,-0.193238690495491,2.328991651535034,10.025596618652344,1.3247170448303225,1.9851033687591555,14.095386505126951
2112208627.0,-0.2764133810997009,2.315763235092163,10.269933700561523,1.069394588470459,0.888839840888977,13.791041374206545
2112216960.0,0.5034484267234802,2.0054492950439453,10.732616424560549,0.3528618216514587,-0.5877059698104858,13.986196517944336
2112225293.0,0.5752661824226379,1.3910531997680664,10.535837173461914,-1.0039373636245728,-1.935322403907776,13.870471000671388
2112233626.0,0.2896314263343811,1.365339756011963,9.060091972351074,-0.7141635417938232,-0.9808589220046996,13.94910717010498
2112241959.0,0.7377562522888184,0.8522668480873108,9.016371726989746,0.8742652535438538,0.7239352464675903,14.176176071166992
2112250292.0,0.6664026379585266,1.1513984203338623,9.543228149414062,1.764001488685608,1.675504207611084,13.815988540649414
2112258625.0,0.1059534773230552,1.204057216644287,9.564587593078612,1.897656202316284,3.031496047973633,13.936091423034668
2112266958.0,-0.205427661538124,1.6075869798660278,9.364364624023438,1.999472975730896,4.407313823699951,13.89170265197754
2112275291.0,0.1798574030399322,1.4373013973236084,10.084001541137695,2.18917202949524,3.920207500457764,13.758200645446776
2112283624.0,0.087980531156063,1.500334858894348,10.410178184509276,2.094655513763428,2.2145562171936035,13.934735298156738
2112291957.0,0.0471152700483799,1.4006600379943848,10.537217140197754,1.8361823558807373,0.1997398436069488,13.904972076416016
2112300290.0,-0.0932054445147514,1.9687365293502808,9.6244478225708,2.096679449081421,-0.5932642817497253,13.67162799835205
2112308623.0,0.2269263118505478,2.019519090652466,9.8561372756958,2.395699977874756,0.2292730659246444,13.75400161743164
2112316956.0,0.7156829237937927,2.035212278366089,9.635974884033203,1.9533674716949463,0.4586229920387268,13.745267868041992
2112325289.0,0.4476640522480011,2.019211530685425,9.660041809082031,1.5165421962738037,1.105894684791565,13.54281234741211
2112333622.0,-0.1022587418556213,1.908212661743164,9.61268138885498,0.4205089807510376,3.011875867843628,13.879767417907717
2112341955.0,-0.679232656955719,1.850113868713379,9.12917423248291,0.5417155027389526,4.5668134689331055,13.632383346557615
2112350288.0,0.329770416021347,1.5894078016281128,10.164430618286133,1.1151670217514038,4.390664100646973,13.767601013183594
2112358621.0,-0.0062021669000387,1.2560445070266724,10.893990516662598,0.9864299893379213,1.7596216201782229,13.92477321624756
2112366954.0,0.1000768616795539,1.1643365621566772,10.444032669067385,0.2685140967369079,-0.5749500393867493,13.853436470031738
2112375287.0,0.0182353071868419,1.4673932790756226,9.044574737548828,1.0243648290634155,-1.12324857711792,14.001564025878906
2112383620.0,0.1772481948137283,1.1656773090362549,9.550457954406738,1.8111062049865725,-0.6476176977157593,13.764402389526367
2112391953.0,0.4748892486095428,0.9668039083480836,9.48648166656494,1.1377592086791992,0.4731206893920898,13.84787940979004
2112400286.0,0.1200267970561981,1.1709232330322266,8.888118743896484,1.351689100265503,2.0055439472198486,13.827643394470217
2112408619.0,0.5207841396331787,1.6631892919540403,9.574130058288574,2.195319414138794,3.074195146560669,14.06890106201172
2112416952.0,-0.1185460686683654,1.5402910709381104,10.051237106323242,2.336991786956787,2.802018165588379,13.909605979919434
2112425285.0,0.3601682186126709,1.2338473796844482,10.336195945739746,1.693280577659607,2.0612034797668457,13.955021858215332
2112433618.0,-0.3579959273338318,1.5658875703811646,9.51409149169922,1.8046256303787231,1.3343993425369265,14.01644515991211
2112441951.0,0.0954577773809433,1.3859357833862305,10.071807861328123,2.2481110095977783,0.92108815908432,13.888835906982422
2112450284.0,0.4868848323822021,1.1624253988265991,9.792886734008787,2.2239692211151123,-0.0691840574145317,14.01422882080078
2112458617.0,0.7023464441299438,1.1086164712905884,10.042278289794922,2.368881940841675,-0.9573962688446044,13.986886024475098
2112466950.0,0.3454653322696686,1.2123686075210571,9.168584823608398,2.376104593276977,-0.4185238182544708,14.163827896118164
2112475283.0,-0.0785132944583892,1.0297613143920898,8.941545486450195,3.1931731700897217,1.7833656072616575,14.125201225280762
2112483616.0,0.4392304122447967,1.1561983823776243,9.578845977783203,3.3595893383026123,3.4703710079193115,14.290363311767578
2112491949.0,-0.1894915401935577,1.5715395212173462,9.98145866394043,3.396371364593506,3.521727561950684,14.229248046875
2112500282.0,0.149753987789154,1.6928125619888306,10.402167320251465,3.4582810401916504,2.9990177154541016,14.322254180908203
2112508615.0,0.1219163611531257,1.5838879346847534,10.197580337524414,3.349804401397705,1.3942854404449463,14.324378967285156
2112516948.0,0.2727503478527069,1.7397061586380005,10.36270236968994,3.062156438827514,-0.2595618665218353,14.448887825012209
2112525281.0,-0.060484480112791,1.4714560508728027,9.604488372802734,2.3698034286499023,-0.8548367023468018,14.454216003417969
2112533614.0,0.5117754340171814,1.58878755569458,9.280056953430176,2.6687729358673096,-0.2812827527523041,14.13711166381836
2112541947.0,0.4287363290786743,1.8443045616149905,9.764122009277344,3.04335618019104,0.7961674928665161,14.513798713684082
2112550280.0,0.1206218898296356,1.9401413202285769,10.128910064697266,2.648179769515991,2.2287209033966064,14.402376174926758
2112558613.0,0.5542390942573547,2.3399734497070312,9.51978874206543,2.7874951362609863,2.95877742767334,14.503218650817873
2112566946.0,-0.0105900196358561,1.8672058582305908,10.04214572906494,2.7880592346191406,2.865183591842652,14.400762557983398
2112575279.0,0.1771468371152877,1.6741269826889038,10.23391819000244,1.9941452741622925,2.239426851272583,14.405599594116213
2112583612.0,-0.4070779383182525,1.5236891508102417,9.744811058044434,1.6154385805130005,2.060358047485352,14.503524780273438
2112591945.0,0.3056203722953796,1.919250726699829,9.955351829528809,2.1512629985809326,1.30430269241333,14.495505332946776
2112600278.0,0.5790476202964783,1.546272873878479,10.572479248046877,2.6739985942840576,0.0108860516920685,14.543072700500488
2112608611.0,0.244276762008667,1.3767836093902588,10.101032257080078,1.9596683979034424,-0.7745104432106018,14.21979522705078
2112616944.0,0.1012394651770591,1.2346001863479614,8.964618682861328,2.191912651062012,0.8151730895042419,14.53361988067627
2112625277.0,0.0792073681950569,1.5774853229522705,9.502167701721191,2.935391902923584,2.945458173751831,14.568636894226074
2112633610.0,-0.02375871501863,1.7815494537353516,9.89789867401123,3.174731492996216,3.477389574050904,14.234577178955078
2112641943.0,-0.159587562084198,1.6982734203338623,9.728253364562988,3.4063353538513184,3.504540205001831,14.253786087036133
2112650276.0,0.2600734531879425,1.1085106134414673,10.280243873596191,3.017971992492676,2.598052501678467,14.584747314453123
2112658609.0,-0.3035619258880615,1.1434309482574463,9.72573184967041,2.335301160812378,0.9397607445716858,14.55629062652588
2112666942.0,-0.088013932108879,1.8020321130752563,9.774648666381836,3.030087471008301,0.1599096655845642,14.311442375183104
2112675275.0,0.0055754133500158,1.6890662908554075,9.784218788146973,3.799079418182373,-0.0838226005434989,14.311676025390623
2112683608.0,0.5524380803108215,1.5655403137207031,10.29688549041748,3.873718738555908,0.3452543616294861,14.513978004455566
2112691941.0,0.0176099799573421,1.9519593715667725,10.320341110229492,2.960801124572754,1.1618362665176392,14.707568168640137
2112700274.0,-0.0953771546483039,2.6203153133392334,9.412781715393066,2.726046562194824,2.3781538009643555,14.319690704345703
2112708607.0,0.48201984167099,2.295326232910156,9.363395690917969,3.684685230255127,2.796562671661377,14.32822036743164
2112716940.0,0.1179282814264297,1.558119297027588,10.68752098083496,2.8120598793029785,2.021629810333252,14.443487167358398
2112725273.0,-0.4296225607395172,1.4852467775344849,9.863225936889648,1.1224671602249146,2.0407631397247314,14.600987434387209
2112733606.0,-0.3184747099876404,2.392453670501709,9.13196086883545,2.07442045211792,2.6116538047790527,14.57386302947998
2112741939.0,-0.031914833933115,2.683321714401245,10.23679542541504,3.635557413101196,1.684904932975769,14.40188980102539
2112750272.0,-0.2845565676689148,2.5649077892303467,11.101188659667969,2.6999454498291016,0.5189956426620483,14.035295486450195
2112758605.0,-0.0715952813625335,2.028295516967773,10.431675910949709,0.2361632883548736,0.4065748453140259,14.15117645263672
2112766938.0,0.2134165316820144,1.7919905185699463,9.222482681274414,0.3217660784721374,0.4765529334545135,14.23247528076172
2112775271.0,-0.2050677686929702,1.565800428390503,9.30441188812256,1.5175155401229858,0.7159692049026489,14.103917121887209
2112783604.0,-0.3463644683361053,1.3275136947631836,9.169958114624023,2.0762646198272705,1.3646754026412964,13.977664947509766
2112791937.0,-0.5342304110527039,1.1556105613708496,9.25511360168457,2.463961601257324,2.3695220947265625,14.187110900878906
2112800270.0,-0.3779445886611938,1.5585453510284424,9.826386451721191,1.9398175477981567,2.427896738052368,14.233268737792969
2112808603.0,-0.0093824043869972,1.6398245096206665,10.148527145385742,2.034359931945801,0.4620809257030487,13.936452865600586
2112816936.0,0.0918375551700592,1.94103753566742,10.28989601135254,2.621335744857788,-1.405901551246643,13.838656425476074
2112825269.0,0.0114159071817994,2.1480355262756348,10.694604873657228,2.328974485397339,-1.5930391550064087,13.83811855316162
2112833602.0,0.5021533370018005,2.8232080936431885,10.022311210632324,2.133333206176758,-1.0902572870254517,13.587047576904297
2112841935.0,0.4002662301063537,2.827518939971924,10.023968696594238,2.376848220825196,0.0724883079528808,13.779848098754885
2112850268.0,0.1017584726214408,2.41129994392395,10.208094596862791,1.2553540468215942,1.7340329885482788,13.706181526184082
2112858601.0,-0.0437772832810878,2.3708510398864746,10.066067695617676,0.1439520418643951,3.1918420791625977,13.708179473876951
2112866934.0,0.0534840449690818,2.2314605712890625,10.058405876159668,0.1161605715751648,3.219940423965454,13.768499374389648
2112875267.0,0.274909108877182,1.808294892311096,10.151613235473633,0.3292454183101654,1.7176138162612915,13.649827003479004
2112883600.0,-0.096819944679737,1.6240419149398804,10.370112419128418,0.4069589972496032,0.5454295873641968,13.511459350585938
2112891933.0,-0.0424457304179668,1.6127430200576782,10.229281425476074,-0.2697819471359253,0.3939213454723358,13.5922212600708
2112900266.0,0.1600765287876129,1.823492169380188,9.90846061706543,0.1311192959547042,0.3433332443237304,13.413331031799316
2112908599.0,0.6092538237571716,1.6594951152801514,10.342267036437988,0.3704074919223785,0.5492973327636719,13.425498008728027
2112916932.0,0.1678690165281295,1.571488380432129,9.890368461608888,0.1989970058202743,1.054333209991455,13.382619857788086
2112925265.0,0.0495377592742443,1.459426999092102,9.4808931350708,0.3489172160625458,2.548360586166382,13.464841842651367
2112933598.0,0.0265033859759569,1.1683043241500854,9.545424461364746,0.5010658502578735,3.668830156326294,13.482108116149902
2112941931.0,-0.2146003693342209,1.108111023902893,9.79123592376709,0.5455833077430725,3.4896841049194336,13.272863388061523
2112950264.0,-0.0948531702160835,1.904124021530152,10.044964790344238,0.8092818856239319,2.486886739730835,13.333338737487791
2112958597.0,0.0437004491686821,1.7450354099273682,10.236228942871094,0.9421172738075256,0.9664252400398254,13.312564849853516
2112966930.0,0.286960244178772,1.53559672832489,9.999531745910645,0.5926879644393921,-0.2136355638504028,13.12217617034912
2112975263.0,-0.0627044588327407,1.220505952835083,9.55042552947998,-0.0122564127668738,0.2056054770946502,13.257827758789062
2112983596.0,0.0557096935808658,0.5878827571868896,9.203840255737305,-0.3064871430397033,1.59643292427063,13.082881927490234
2112991929.0,0.1571669280529022,1.3371012210845947,8.7903470993042,1.0099693536758425,2.6549925804138184,12.97504711151123
2113000262.0,0.1523711383342743,1.293196439743042,10.210366249084473,2.037996768951416,2.741415023803711,12.835037231445312
2113008595.0,-0.976516842842102,1.390853762626648,9.976221084594728,1.0365314483642578,3.452389717102051,12.61506462097168
2113016928.0,-0.2860149145126343,1.159451246261597,9.550270080566406,0.715380072593689,3.7243616580963135,12.551311492919922
2113025261.0,0.1144805550575256,1.5346689224243164,9.98038387298584,1.2957218885421753,1.9826446771621704,12.570829391479492
2113033594.0,-0.1337424367666244,1.2521626949310305,10.593799591064451,0.8919902443885803,-0.7166224122047424,12.0238618850708
2113041927.0,-0.252804696559906,1.444721221923828,9.28671932220459,0.3783991634845733,-0.8187975883483887,11.921507835388184
2113050260.0,-0.4895706474781036,0.9827528595924376,9.329978942871094,0.7671977281570435,0.6253460049629211,11.909032821655272
2113058593.0,0.0410722941160202,1.2664777040481567,9.267632484436035,0.5812382698059082,1.9253195524215696,11.985105514526367
2113066926.0,-0.084520123898983,1.38820219039917,9.700337409973145,1.0834567546844482,2.162430763244629,11.752888679504396
2113075259.0,-0.2226018458604812,1.3990601301193235,10.091934204101562,0.7906602025032043,1.6109049320220947,11.500894546508787
2113083592.0,-0.9110426306724548,1.5171042680740356,9.862481117248535,0.314440369606018,1.55194091796875,11.265755653381348
2113091925.0,-0.5587319731712341,1.492827296257019,10.229108810424805,-0.314120203256607,1.883133172988892,11.134994506835938
2113100258.0,-0.1324188858270645,1.5475343465805054,10.17597484588623,-0.6244367361068726,0.3440504670143127,11.006872177124023
2113108591.0,0.2475884705781936,1.2627809047698977,10.237592697143556,-0.3297193050384521,-1.6781041622161863,10.712285041809082
2113116924.0,-0.1290311813354492,0.7419643998146057,9.821475982666016,-0.8384436964988708,-2.068772315979004,10.764077186584473
2113125257.0,-0.2741855382919311,0.4036982357501983,9.345624923706056,-1.1087764501571655,-0.7589114904403687,10.403992652893066
2113133590.0,-0.2138585150241851,0.7782684564590454,8.772032737731934,-0.0652010440826416,1.116447925567627,10.356682777404783
2113141923.0,0.0690540596842765,0.7986932396888733,9.61422634124756,1.2100166082382202,1.8533180952072144,10.116215705871582
2113150256.0,0.2510594129562378,1.1813327074050903,10.442633628845217,1.3543014526367188,1.1555094718933103,9.829130172729492
2113158589.0,-0.3824063241481781,0.8457764983177185,10.611343383789062,0.4503751099109649,0.3244299292564392,9.861352920532228
2113166922.0,-0.4638634324073791,0.6822581887245178,9.584638595581056,-0.3595086336135864,0.348917156457901,9.658053398132324
2113175255.0,-0.1218810528516769,0.2371595799922943,9.518593788146973,0.7499849200248718,0.4145920872688293,9.59998607635498
2113183588.0,0.1939294189214706,0.4347854554653168,9.748246192932127,1.76541006565094,-1.0786283016204834,9.290437698364258
2113191921.0,0.0936137586832046,0.4057823419570923,9.523841857910156,2.4685721397399902,-1.7415505647659302,9.03081226348877
2113200254.0,0.2922227680683136,0.6938754320144653,9.688456535339355,2.6274831295013428,-1.4801571369171145,9.008630752563477
2113208587.0,0.0787844285368919,0.7635552287101746,9.398484230041504,2.1160175800323486,-0.3587401807308197,8.813910484313965
2113216920.0,-0.1089812740683555,0.8312058448791504,9.005666732788086,2.442394256591797,0.9394789934158324,8.77282428741455
2113225253.0,0.1282329857349395,0.5059918761253357,10.136223793029783,2.623102903366089,1.672174334526062,8.764859199523926
2113233586.0,-0.0014718903694301,0.9454232454299928,10.465219497680664,2.3749008178710938,1.0071773529052734,8.487507820129395
2113241919.0,0.1203200966119766,1.1723792552947998,10.685073852539062,2.742465019226074,-0.0643045380711555,8.380696296691895
2113250252.0,0.0846871733665466,0.9832106828689576,10.433403968811035,2.5198261737823486,-0.9536820650100708,8.176986694335938
2113258585.0,0.2503619492053985,0.9510685205459596,10.07306671142578,2.23704481124878,-0.9415152072906494,8.139692306518555
2113266918.0,0.4561873078346252,0.8609663844108582,10.23116683959961,2.059282064437866,-0.5939300656318665,7.992153167724609
2113275251.0,0.4540335536003113,1.754250168800354,10.119646072387695,2.275901556015014,0.0297637395560741,7.893538951873779
2113283584.0,0.5481260418891907,1.3924262523651123,10.448930740356444,2.0556962490081787,0.5435085892677307,7.573925971984863
2113291917.0,-0.1252036392688751,1.3148127794265747,9.741464614868164,1.4326555728912354,2.050957679748535,7.397058963775635
2113300250.0,0.1467060893774032,0.862932562828064,9.535892486572266,1.0642200708389282,3.115689754486084,7.735216617584228
2113308583.0,-0.1181891933083534,0.8853153586387634,9.594574928283691,1.3660069704055786,2.959237813949585,7.522259712219238
2113316916.0,-0.1130006685853004,0.5053000450134277,10.67337131500244,1.1054848432540894,1.5144929885864258,7.2700886726379395
2113325249.0,-0.1579285264015197,0.9056838154792786,10.205608367919922,0.7588730454444885,0.4936119616031647,7.079826354980469
2113333582.0,0.1577598303556442,0.9660049080848694,9.794039726257324,1.5967657566070557,-0.4165514707565307,7.076674938201904
2113341915.0,0.609737753868103,0.9823412895202636,10.10262680053711,2.103184938430786,-1.3932737112045288,6.904036045074463
2113350248.0,0.3986779749393463,0.4796081185340881,9.860698699951172,1.1766668558120728,-1.3924283981323242,6.840615272521973
2113358581.0,0.1003040298819542,0.794162929058075,9.008026123046877,1.089091658592224,1.352815866470337,7.067326545715332
2113366914.0,-0.110623188316822,0.793643593788147,9.706515312194824,1.873578786849976,3.769723653793335,7.084103107452393
2113375247.0,-0.2507520020008087,1.0387641191482544,10.230687141418455,2.294856548309326,4.100045680999756,6.6046061515808105
2113383580.0,0.0594234839081764,0.5747405886650085,10.218852996826172,2.5619876384735107,3.227393865585327,6.721304416656494
2113391913.0,0.1917813867330551,0.2175640314817428,10.2901029586792,2.251081705093384,1.0801267623901367,6.947580337524414
2113400246.0,0.1444305181503296,0.3141908645629883,10.031545639038086,2.093246459960937,-1.1798555850982666,6.693306922912598
2113408579.0,0.1310770511627197,0.4570881724357605,9.377110481262209,2.6867027282714844,-1.5559238195419312,6.404839038848877
2113416912.0,0.1759475469589233,0.2323029339313507,9.39859676361084,3.2772133350372314,-0.4804590344429016,6.422539710998535
2113425245.0,-0.2370181083679199,0.8519710302352905,9.396178245544434,3.5405282974243164,2.2033627033233643,6.596102237701416
2113433578.0,0.1573237776756286,1.196414589881897,9.890052795410156,3.718956470489502,3.834399938583374,6.716667652130127
2113441911.0,0.0684313401579856,0.8757559657096863,10.1471529006958,3.3442976474761963,3.1779072284698486,6.4925689697265625
2113450244.0,0.0859946012496948,0.8455212712287903,9.987117767333984,2.972890853881836,1.642282247543335,6.601685047149658
2113458577.0,-0.5168103575706482,0.396573543548584,9.69808578491211,2.520824670791626,0.8020585179328918,6.561624526977539
2113466910.0,0.0279918294399976,0.8816421627998352,9.72087860107422,2.4519741535186768,0.1746890991926193,6.417800426483154
2113475243.0,0.0797118917107582,1.2548599243164062,9.650288581848145,2.9559597969055176,-0.00254861661233,6.558371543884277
2113483576.0,0.1959357112646103,1.4517629146575928,9.962224006652832,2.964745044708252,0.0986916497349739,6.440084457397461
2113491909.0,0.2583830654621124,1.3428640365600586,9.488320350646973,2.1532607078552246,0.2041198462247848,6.145777225494385
2113500242.0,-0.3862010836601257,0.7596973180770874,9.540884017944336,1.325767159461975,1.623378872871399,6.316265106201172
2113508575.0,-0.013797229155898,0.0478373691439628,9.750533103942873,0.2186174839735031,2.9348790645599365,6.40391731262207
2113516908.0,0.472976416349411,0.857415497303009,9.566969871520996,1.6563445329666138,2.1721127033233643,6.421975135803223
2113525241.0,0.0037027248181402,0.9127156734466552,10.507562637329102,3.649874687194824,0.3567550480365753,5.958050727844238
2113533574.0,-0.1121300905942916,0.8971773386001587,10.550930976867676,3.037924766540528,0.0357062369585037,5.628138542175293
2113541907.0,0.2746232450008392,0.8262563943862915,9.60122013092041,2.2735962867736816,0.5545225739479065,5.621786594390869
2113550240.0,0.4773836433887481,0.8368712663650513,9.367613792419434,2.479560613632202,0.7193758487701416,5.478116989135742
2113558573.0,0.1367641538381576,0.6186661124229431,9.850711822509766,2.581351518630981,1.1803553104400637,5.358447551727295
2113566906.0,0.0110633764415979,0.985470414161682,9.98468017578125,2.784139394760132,2.383148670196533,5.1111674308776855
2113575239.0,0.2086577266454696,1.307412028312683,9.992246627807615,2.782755851745605,3.123117685317993,4.957967758178711
2113583572.0,0.099036581814289,2.084577798843384,9.930103302001951,3.1773180961608887,2.615111351013184,4.573524475097656
2113591905.0,-0.2560079097747803,0.8899006843566895,10.472267150878906,2.256819248199463,1.9915837049484253,4.379112720489502
2113600238.0,-0.30422443151474,0.2140233367681503,10.020828247070312,0.6648686528205872,2.5191855430603027,4.447271347045898
2113608571.0,-0.1206142306327819,0.3346758782863617,9.681214332580566,1.3804023265838623,2.389270305633545,4.678619384765625
2113616904.0,0.3516843616962433,0.9661138653755188,10.288349151611328,3.02176284790039,0.9604058265686036,4.286388397216797
2113625237.0,-0.1864241808652877,0.6575298309326172,10.194053649902344,3.768776416778565,-0.4337899088859558,3.7715680599212646
2113633570.0,0.1430243253707885,0.5838219523429871,9.568603515625,3.0001442432403564,0.2581146657466888,3.784682512283325
2113641903.0,0.1770185232162475,0.4979457259178161,9.714089393615724,2.204873561859131,1.751552700996399,4.094153881072998
2113650236.0,0.1064122542738914,1.4841029644012451,9.786952018737791,2.0480122566223145,2.529585123062134,3.754560470581055
2113658569.0,-0.0860043987631797,1.3778891563415527,9.845142364501951,3.0286779403686523,3.04906702041626,3.617370367050171
2113666902.0,-0.5005577802658081,1.0367985963821411,10.229803085327148,2.9606471061706543,3.2000887393951416,3.186103582382202
2113675235.0,-0.2489920556545257,0.8968897461891174,10.4046630859375,1.7724283933639526,2.643798828125,3.391632318496704
2113683568.0,-0.109704241156578,0.5549763441085815,10.326553344726562,1.071033596992493,1.7016817331314087,3.5906543731689453
2113691901.0,-0.1128111407160759,0.9294208288192748,9.851865768432615,1.3367043733596802,-0.0568251796066761,3.453695297241211
2113700234.0,-0.021144151687622,0.8699781894683838,9.847552299499512,2.291244506835937,-0.6629347801208496,2.9709181785583496
2113708567.0,-0.0425094217061996,0.4833659827709198,9.85260772705078,1.8839271068573,-0.2438091337680816,2.916539430618286
2113716900.0,0.104780301451683,0.4249517321586609,9.558030128479004,0.949135720729828,1.062606692314148,3.07670521736145
2113725233.0,-0.2255573570728302,0.6292873620986938,9.149820327758787,1.1460319757461548,2.409735918045044,3.243889331817627
2113733566.0,-0.4246203303337097,0.4827463030815124,10.056445121765137,1.87206780910492,3.3684771060943604,3.2056984901428223
2113741899.0,-0.2050261050462722,0.5925503373146057,10.504358291625977,2.003878593444824,2.8416430950164795,3.0486831665039062
2113750232.0,-0.2916532456874847,0.3665745854377746,10.777441024780272,1.9266514778137207,1.2373979091644287,3.0032947063446045
2113758565.0,-0.4670630693435669,0.7658900022506714,10.196802139282228,1.793099284172058,-0.2297725081443786,2.854604482650757
2113766898.0,-0.2841277420520782,1.2320765256881714,9.833535194396973,1.9796987771987915,-0.1065424233675003,2.929602861404419
2113775231.0,0.3631978332996368,0.9617630243301392,10.101926803588867,1.9283679723739624,-0.8619319200515747,2.864132642745972
2113783564.0,0.3942201137542724,0.2893852591514587,10.20291805267334,0.7141760587692261,-1.4726777076721191,2.774867057800293
2113791897.0,0.27871835231781,-0.5233574509620667,9.675994873046877,-0.3064615130424499,-0.2220113724470138,2.926861524581909
2113800230.0,-0.0934992358088493,0.0810460001230239,8.723713874816895,0.7185305953025818,1.6776556968688965,2.843103647232056
2113808563.0,-0.0207134466618299,0.690529465675354,9.467170715332031,3.290045976638794,2.771998167037964,2.745718002319336
2113816896.0,-0.3445392549037933,1.2230852842330933,10.220606803894045,3.614553213119507,2.7623417377471924,2.4443154335021973
2113825229.0,-0.4850389957427978,0.7506189346313477,10.716508865356444,2.2069990634918213,2.4564049243927,2.517059564590454
2113833562.0,-0.8167129158973694,0.5123475193977356,10.32249355316162,0.1259708255529403,1.9541356563568115,2.5495901107788086
2113841895.0,-0.427013635635376,0.3242313861846924,10.16399383544922,-0.1275204569101333,0.430959552526474,2.3429853916168213
2113850228.0,0.7808285355567932,0.1325111240148544,10.171401977539062,1.405478835105896,-2.1835238933563232,2.363297462463379
2113858561.0,0.3673313856124878,0.1551944613456726,10.140298843383787,2.711984157562256,-4.177567005157471,2.0817971229553223
2113866894.0,-0.2017468810081482,-0.238277181982994,9.422974586486816,2.4147050380706787,-2.556569576263428,1.9382034540176392
2113875227.0,0.0918008908629417,-0.0795942619442939,8.365644454956055,2.226747989654541,1.4154938459396362,2.105387687683105
2113883560.0,0.3520523905754089,0.445254921913147,9.089871406555176,3.3054914474487305,3.298063278198242,1.8594396114349363
2113891893.0,-0.0103786252439022,0.3915592133998871,10.33879852294922,3.5158865451812744,3.1403563022613525,1.789333462715149
2113900226.0,-0.5591439604759216,0.3604407608509063,10.15239143371582,2.88055157661438,2.740236759185791,1.4541202783584597
2113908559.0,0.0168431047350168,0.5428946018218994,10.375073432922363,2.907266616821289,1.5795015096664429,1.8639987707138064
2113916892.0,-0.2561226189136505,0.6983721256256104,10.17603588104248,2.708730697631836,-0.4315870404243469,1.9746012687683103
2113925225.0,0.6498464941978455,0.0876546800136566,9.634413719177246,2.892333984375,-2.658078908920288,1.5177714824676514
2113933558.0,0.1697640120983123,0.3180006146430969,9.3560209274292,2.9889254570007324,-2.9068188667297363,1.3318122625350952
2113941891.0,0.1054586097598075,0.2642627358436584,9.61307430267334,2.3464434146881104,-0.9740710258483888,1.4974082708358765
2113950224.0,0.2212533950805664,1.2740812301635742,9.02432346343994,3.043483257293701,1.714437484741211,1.1791512966156006
2113958557.0,-0.3513586521148681,0.760033369064331,10.355908393859863,3.722670316696167,3.5142476558685303,1.2525615692138672
2113966890.0,-0.1297152191400528,0.5477315187454224,10.245291709899902,2.440908670425415,4.018822193145752,1.3799413442611694
2113975223.0,-0.2506743371486664,0.2212692946195602,9.930821418762209,2.2941133975982666,2.442035436630249,1.2365527153015137
2113983556.0,0.2205448299646377,0.1327107399702072,10.253968238830566,2.583451747894287,-0.6749479174613953,0.7629199624061584
2113991889.0,0.5414438247680664,-0.7400930523872375,9.798802375793455,2.61359977722168,-3.588925838470459,0.899367094039917
2114000222.0,-0.2937285304069519,-0.5191880464553833,8.8485689163208,3.093867063522339,-3.0141425132751465,0.8967288136482239
2114008555.0,-0.3742020428180694,0.5637322068214417,8.649894714355469,4.208521366119385,0.4879256188869476,1.236475944519043
2114016888.0,0.0481537580490112,0.9647336006164552,9.938718795776367,5.109579086303711,2.882600784301758,0.7308509945869446
2114025221.0,0.1413343995809555,1.1791017055511477,10.89624309539795,4.509181022644043,2.422107696533203,0.529062032699585
2114033554.0,-0.2625234425067901,0.3530427813529968,10.588096618652344,2.5017168521881104,2.1230616569519043,1.012940526008606
2114041887.0,-0.8286660313606262,0.9966661930084229,9.437132835388184,2.104030132293701,1.4348840713500977,1.0229814052581787
2114050220.0,-0.3067963421344757,0.6379840970039368,10.142842292785645,2.74751091003418,0.1894172728061676,0.847908079624176
2114058553.0,0.6036679148674011,-0.2015462815761566,10.379310607910156,2.5640363693237305,-2.3877973556518555,0.7975761294364929
2114066886.0,0.2852877676486969,-0.1656094044446945,9.82205295562744,2.488423109054565,-4.155768871307373,0.5612591505050659
2114075219.0,0.0005456903600133,-0.2600602805614471,9.228460311889648,2.446338891983032,-2.48292875289917,0.9082295894622804
2114083552.0,-0.1515890508890152,0.5312751531600952,8.722652435302734,3.711118459701538,0.924955666065216,0.8812832832336426
2114091885.0,0.2795383334159851,0.2339683622121811,9.910927772521973,4.507029533386231,2.569031000137329,0.9343047738075256
2114100218.0,0.0615362413227558,0.616774320602417,10.473244667053224,3.973536491394043,2.720820903778076,0.9320764541625975
2114108551.0,-0.2214281857013702,0.7023276090621948,10.687077522277832,3.303211212158203,1.6197415590286257,0.9349194169044496
2114116884.0,-0.4374411702156067,0.3644818663597107,10.333251953125,2.631119966506958,0.4285773634910583,0.8369195461273193
2114125217.0,-0.2529582381248474,0.691709578037262,9.601252555847168,2.9343411922454834,-0.6475151181221008,0.78341144323349
2114133550.0,0.2451571971178054,0.896571695804596,10.221443176269531,3.630715131759644,-1.6736723184585571,0.8230878114700317
2114141883.0,0.032682828605175,0.198598101735115,10.246123313903809,2.928603410720825,-2.33339262008667,0.9584333896636964
2114150216.0,0.2408324480056762,0.6358509659767151,9.831933975219728,2.432583808898926,-1.2954782247543335,0.775829553604126
2114158549.0,-0.1494465172290802,0.7995993494987488,9.814189910888672,2.5230278968811035,0.3031700849533081,0.8491631746292114
2114166882.0,-0.3904909491539001,1.6727229356765747,9.64492416381836,3.3137385845184326,2.0911715030670166,0.5486311912536621
2114175215.0,0.0931839495897293,0.9807106256484984,10.401874542236328,3.5612242221832275,2.374542236328125,0.7763931751251221
2114183548.0,0.3396309912204742,0.4453358948230743,10.936050415039062,2.0744199752807617,0.7908906936645508,0.8788244128227234
2114191881.0,-0.1640814840793609,0.5663244128227234,10.015045166015623,1.2116044759750366,-1.1541903018951416,0.8167354464530945
2114200214.0,-0.0467917397618293,0.6129345893859863,9.852045059204102,2.162583827972412,-1.6980571746826172,0.4705334901809692
2114208547.0,-0.0924252569675445,0.9756193161010742,9.528386116027832,2.968561887741089,-1.1412038803100586,0.3487378060817718
2114216880.0,0.4811873733997345,0.6546500325202942,10.570272445678713,3.1576461791992188,-0.6766128540039062,0.3710478246212005
2114225213.0,0.4099461138248443,0.3888591229915619,10.275941848754885,1.8870519399642944,0.1418004035949707,0.3252495527267456
2114233546.0,0.1501423418521881,0.6601153612136841,9.552851676940918,1.7177162170410156,1.110172152519226,0.3376724421977997
2114241879.0,-0.3565991818904876,1.1492750644683838,9.234431266784668,3.064358949661255,2.4278452396392822,0.4473269581794739
2114250212.0,-0.0885330364108085,0.613317608833313,10.626381874084473,2.947199583053589,2.7192583084106445,0.3475339710712433
2114258545.0,0.1461454629898071,0.8758801221847534,10.517930030822754,1.9063905477523804,1.200257420539856,0.2973043918609619
2114266878.0,-0.1447017937898636,0.2903552651405334,10.14268684387207,1.3429030179977417,-0.338095098733902,0.478704422712326
2114275211.0,-0.3714827299118042,0.4497778117656708,9.725132942199709,1.4001765251159668,-0.4543068408966064,0.3977122008800506
2114283544.0,-0.4086833298206329,1.499277114868164,9.888781547546388,2.5706961154937744,0.2016865015029907,0.3245835900306701
2114291877.0,0.0856643542647361,1.1381425857543943,10.99660873413086,2.920355796813965,0.290286123752594,0.1105254217982292
2114300210.0,0.7595961689949036,1.0203102827072144,10.774944305419922,1.516567587852478,-0.2483940571546554,0.028252501040697
2114308543.0,0.1921325176954269,0.5537444949150085,9.59289264678955,0.8560020327568054,-0.4228269755840301,-0.0183269847184419
2114316876.0,0.3189094960689544,-0.3752882182598114,9.731571197509766,0.4416918456554413,0.5333396196365356,0.2136995643377304
2114325209.0,-0.3803663849830627,-0.4926114976406097,8.92042350769043,0.8661453127861023,2.117759227752685,0.227377563714981
2114333542.0,-0.1413346827030182,-0.0492020547389984,9.473697662353516,2.7259435653686523,3.117995262145996,0.2278642356395721
2114341875.0,0.2530460655689239,0.3294614851474762,9.947668075561523,3.676820993423462,2.254411220550537,0.3322166800498962
2114350208.0,0.1668523848056793,0.3274152278900146,10.295948028564451,3.625771760940552,0.3054241240024566,-0.0222971905022859
2114358541.0,-0.494459718465805,0.858803927898407,9.435461044311523,2.1168372631073,-0.0424043610692024,-0.1662747859954834
2114366874.0,-0.1619481742382049,0.913053572177887,9.254646301269531,1.8631281852722168,1.1658062934875488,0.1320669949054718
2114375207.0,0.0184866767376661,0.2136501967906952,9.502059936523438,2.076418161392212,0.848906934261322,0.0897266641259193
2114383540.0,0.1014248132705688,0.0666999295353889,9.691338539123535,1.9279325008392327,0.1163910925388336,-0.0272919684648513
2114391873.0,-0.527567446231842,0.3881463706493377,9.616209030151367,2.2557435035705566,1.1842230558395386,0.0462849289178848
2114400206.0,-0.2810113430023193,0.4021544158458709,9.963665962219238,2.422645807266236,1.855623483657837,0.1114987581968307
2114408539.0,-0.0157732367515563,0.5724847316741943,10.132166862487791,2.6154184341430664,1.654654026031494,0.0515102334320545
2114416872.0,0.4307262897491455,0.0421531423926353,10.917938232421877,2.212378025054932,0.1057355552911758,-0.0601037964224815
2114425205.0,0.0064704013057053,0.1258575618267059,9.576944351196287,1.5320385694503784,-0.8728434443473816,-0.150445207953453
2114433538.0,-0.2299183905124664,-0.0464562065899372,8.746500968933105,2.5896248817443848,0.2107283324003219,-0.0140750221908092
2114441871.0,-0.7896958589553833,-0.4776112735271454,9.225109100341797,2.8987629413604736,2.3278212547302246,0.0099383229389786
2114450204.0,-0.8677516579627991,-0.5113587975502014,9.714813232421877,2.5346055030822754,3.866443395614624,0.3146452903747558
2114458537.0,-0.0907805860042572,0.4737845063209533,10.19260597229004,2.808421850204468,3.320706605911255,0.633542537689209
2114466870.0,0.2614951431751251,1.1625784635543823,11.232091903686523,3.385305643081665,-0.4614020586013794,0.3388507664203644
2114475203.0,-0.5794566869735718,1.459665298461914,10.518656730651855,2.8834710121154785,-3.009634017944336,-0.4125556647777557
2114483536.0,-0.187026098370552,0.0646759122610092,9.81149673461914,1.270722270011902,-1.8771264553070068,-0.2407353818416595
2114491869.0,0.3566192090511322,-0.1489793956279754,9.19334316253662,0.6376664042472839,-0.2089737206697464,0.092339314520359
2114500202.0,-0.3103687465190887,0.0958960205316543,9.472055435180664,1.786900281906128,1.4458723068237305,0.2855987250804901
2114508535.0,-0.4495361149311065,0.2168192416429519,9.610756874084473,3.348548889160156,3.472137689590454,0.1242546588182449
2114516868.0,-0.40885129570961,0.0179432872682809,10.327808380126951,4.402113437652588,3.332181215286255,-0.1298769861459732
2114525201.0,-0.4371567070484161,0.3201717138290405,10.50833797454834,3.326110601425171,2.4086856842041016,0.1005358695983886
2114533534.0,-0.4450344443321228,0.8440730571746826,9.817096710205078,2.885699987411499,1.0231350660324097,0.1581166833639145
2114541867.0,-0.6658554673194885,0.853241503238678,9.542595863342283,2.907011032104492,-0.5392693281173706,-0.1668127179145813
2114550200.0,0.4049957990646362,0.660629153251648,10.296849250793455,2.5446202754974365,-1.2483737468719482,-0.0760102421045303
2114558533.0,-0.3679699897766113,0.2086210995912552,9.863088607788086,1.7760909795761108,-1.8415483236312864,-0.2435785830020904
2114566866.0,-0.2063532620668411,0.2310283035039901,9.32566738128662,2.062509298324585,0.0419305004179477,-0.3248781561851501
2114575199.0,-0.1822846084833145,0.2227841764688491,9.350652694702148,3.188433885574341,2.403127431869507,0.3006598651409149
2114583532.0,-0.6796607971191406,0.1913619637489318,10.446382522583008,3.9332451820373535,3.528412342071533,0.139418289065361
2114591865.0,-0.4091101884841919,1.031919240951538,10.853710174560549,3.8856029510498047,3.6994895935058594,0.0998699143528938
2114600198.0,-0.2080206125974655,0.9403265118598938,11.246185302734377,3.525235652923584,1.681343913078308,-0.1328994333744049
2114608531.0,-0.4349730014801025,1.1671768426895142,10.555530548095703,2.8197684288024902,-0.284817487001419,-0.592623770236969
2114616864.0,-0.2518162429332733,0.6823265552520752,9.861894607543944,2.138993501663208,-0.2588702440261841,0.0541484914720058
2114625197.0,-0.1648784279823303,0.5016027688980103,9.343236923217772,1.8177142143249512,-0.2106130272150039,0.0731030255556106
2114633530.0,-0.2603726387023926,0.7864236235618591,9.057089805603027,2.409121513366699,0.6909440755844116,-0.2432712167501449
2114641863.0,-0.9250833988189696,0.2055145651102066,9.656800270080566,2.612011432647705,2.84407639503479,0.1385729908943176
2114650196.0,-0.6129187941551208,0.4222268164157867,9.969449996948242,2.3051788806915283,3.649823904037476,-0.1097698137164115
2114658529.0,-0.6507309079170227,0.910042941570282,9.954185485839844,3.128548622131348,3.361023426055908,0.1262013465166092
2114666862.0,-0.5340365171432495,0.4094921350479126,10.684953689575195,3.140919685363769,1.4434388875961304,0.1870351433753967
2114675195.0,-0.5388576984405518,0.929935097694397,10.352434158325195,2.3624267578125,-0.8556050658226013,-0.268475592136383
2114683528.0,-0.3086652755737304,1.1527708768844604,9.730093002319336,2.0571048259735107,-1.5938329696655271,-0.2175032645463943
2114691861.0,0.2013065814971923,0.6636736392974854,9.90002155303955,1.9019850492477417,-1.4803619384765625,-0.2930140197277069
2114700194.0,-0.2771224677562713,0.1110335513949394,9.52190113067627,1.3606024980545044,-0.4166539311408996,-0.2809497117996216
2114708527.0,-0.4731072783470154,0.0821771994233131,8.84555435180664,1.4984071254730225,2.268422365188598,-0.0004738633870147
2114716860.0,-0.5396836996078491,0.0465099290013313,9.70191478729248,3.0009894371032715,4.114414691925049,0.1893147975206375
2114725193.0,-0.6167583465576172,0.6692999005317688,10.475425720214844,3.335664749145508,3.8578872680664062,-0.0859229490160942
2114733526.0,-0.4600021839141845,0.939565896987915,11.173250198364258,3.2846412658691406,2.333533525466919,0.2013535052537918
2114741859.0,-1.4141957759857178,1.1261602640151978,10.448687553405762,2.0859978199005127,0.6380249857902527,-0.1604603826999664
2114750192.0,-0.3111159801483154,1.0145528316497805,9.690653800964355,1.835541844367981,0.0480779185891151,0.0858589187264442
2114758525.0,0.1283261030912399,-0.0199391432106494,9.867441177368164,1.6525535583496094,-1.8617578744888303,0.0975133925676345
2114766858.0,0.0423086173832416,-0.4810258448123932,9.52360725402832,0.8026220202445984,-3.2398293018341064,0.1535573303699493
2114775191.0,-0.2591990530490875,-0.3958880007266998,8.344326972961426,1.4343971014022827,-1.506308913230896,0.5759872794151306
2114783524.0,-0.7381759881973267,-0.1102358773350715,8.376334190368652,3.271885395050049,1.2787138223648071,0.440820962190628
2114791857.0,-0.7121846675872803,0.8154833912849426,9.37891674041748,4.475934505462647,3.869260787963867,0.3305517137050628
2114800190.0,-0.6052703857421875,0.2154353410005569,10.695794105529783,3.6702380180358887,4.213618278503418,0.5288827419281006
2114808523.0,-0.338382750749588,0.9287002682685852,10.714702606201172,2.4646785259246826,2.1362013816833496,0.6625121831893921
2114816856.0,-0.5655311942100525,1.2712963819503784,10.157208442687988,2.741107225418091,-0.9822930693626404,0.6305199861526489
2114825189.0,-0.5784329771995544,1.0569952726364136,10.159069061279297,2.969022750854492,-3.037989377975464,0.2283765226602554
2114833522.0,-0.5541464686393738,0.1587151437997818,9.910057067871094,2.1166837215423584,-3.0265140533447266,0.3839061558246612
2114841855.0,0.0671161040663719,0.6098212599754333,9.224812507629396,1.782008171081543,-1.510817289352417,0.7794667482376099
2114850188.0,0.725352942943573,0.6606217622756958,9.639028549194336,2.339194297790528,-1.1872069835662842,0.903849482536316
2114858521.0,-0.0520065911114215,0.5926238298416138,9.593480110168455,2.9493510723114014,-0.6358349919319153,0.5641791224479675
2114866854.0,-0.974285900592804,0.1294295638799667,9.067416191101074,2.0967812538146973,2.0341544151306152,0.8118687272071838
2114875187.0,-0.6019949316978455,0.7099568247795105,9.496594429016112,2.376873016357422,4.2885918617248535,0.9896060824394226
2114883520.0,-0.7003268599510193,0.5924339294433594,11.019350051879885,2.66280484199524,3.4982638359069824,1.1009254455566406
2114891853.0,-0.410470187664032,0.952977180480957,11.184271812438965,2.541623830795288,0.5237854719161987,0.9231626987457277
2114900186.0,0.1259461790323257,0.5509809255599976,10.956209182739258,2.583580017089844,-2.8314104080200195,1.050567865371704
2114908519.0,-0.0573535002768039,0.4157758355140686,9.668129920959473,2.521823644638061,-4.873505115509033,0.9832791686058044
2114916852.0,-0.578413724899292,0.3503542244434356,9.283767700195312,2.475564479827881,-3.2394707202911377,0.8811808824539185
2114925185.0,0.1776338070631027,0.5444275736808777,8.85779094696045,2.502613306045532,-0.1239088624715805,1.112810492515564
2114933518.0,-0.0631369948387146,0.3482751548290252,9.138243675231934,3.460022211074829,2.0009841918945312,1.254610896110535
2114941851.0,-0.1789951473474502,0.7801375985145569,10.156412124633787,3.4873013496398926,3.326495409011841,1.3032009601593018
2114950184.0,-0.7923415899276733,0.6278419494628906,10.406907081604004,2.949479341506958,3.2583870887756348,1.142266869544983
2114958517.0,0.2430323511362075,0.6583243608474731,10.348480224609377,2.797689437866211,1.4072973728179932,1.3979995250701904
2114966850.0,-0.390415608882904,0.6222811341285706,10.222492218017578,3.4777727127075195,-0.6520231366157532,1.5226638317108154
2114975183.0,-0.6975670456886292,0.9409555792808532,10.40491771697998,3.128624439239502,-1.7185227870941162,1.1225181818008425
2114983516.0,-0.1126933470368385,1.109082579612732,9.466056823730469,2.89351224899292,-0.920998215675354,1.2019224166870115
2114991849.0,0.2630972266197204,0.9298337697982788,9.627528190612791,3.282029390335083,-0.5835563540458679,1.2792774438858032
2115000182.0,-0.3786227107048034,0.4243867695331573,9.64704704284668,2.52830457687378,0.3309359550476074,1.4587819576263428
2115008515.0,-0.3755917847156524,0.499886691570282,9.227723121643066,2.1694488525390625,2.1108179092407227,1.6028108596801758
2115016848.0,-1.003780484199524,1.3027615547180176,9.524643898010254,3.2079012393951416,3.289456605911255,1.4836534261703491
2115025181.0,-0.1771746724843979,0.960529327392578,11.241659164428713,3.001681089401245,2.615213394165039,1.8238362073898315
2115033514.0,-0.1839575469493866,1.0057276487350464,10.702077865600586,1.9481418132781985,-0.0454524606466293,1.5710490942001345
2115041847.0,-0.0074849063530564,0.8142712116241455,10.420649528503418,1.7823154926300049,-2.139185905456543,1.5801422595977783
2115050180.0,-0.3185206949710846,0.2304294854402542,9.621407508850098,1.0199588537216189,-1.311359167098999,2.008514404296875
2115058513.0,-0.0609134025871753,0.5993129014968872,9.04215145111084,2.1879425048828125,-0.2982905805110931,1.951010704040528
2115066846.0,0.5373306274414062,0.276264876127243,9.854479789733888,3.118481636047364,0.8441171050071716,2.096217632293701
2115075179.0,-0.1936966031789779,0.7823637127876282,9.834417343139648,2.773278951644897,1.931979179382324,2.08008074760437
2115083512.0,-0.2675413191318512,0.6193535923957825,9.469353675842283,2.5019218921661377,3.0595180988311768,1.845224022865296
2115091845.0,0.0458259023725986,0.9335018992424012,9.747294425964355,2.5291237831115723,3.5147595405578613,2.326822757720948
2115100178.0,-0.3901522755622864,0.824072539806366,10.149469375610352,2.399080276489258,2.4891912937164307,2.0889689922332764
2115108511.0,-0.3017992377281189,0.594178318977356,9.62207317352295,1.9187877178192136,1.5121363401412964,1.853189945220948
2115116844.0,-0.5146305561065674,0.9813519716262816,9.322805404663086,2.560143232345581,1.6798584461212158,1.9464259147644043
2115125177.0,-0.5263267755508423,0.6562372446060181,10.266345977783203,2.3114542961120605,1.28816556930542,2.0817971229553223
2115133510.0,-0.9658102989196776,0.6197424530982971,9.74518585205078,1.7256823778152466,2.387426376342773,2.080721378326416
2115141843.0,0.2418122738599777,0.0971949249505996,9.379491806030272,2.378486394882202,1.7218141555786133,2.314476490020752
2115150176.0,-0.0036189411766827,0.4703396558761596,10.317291259765623,3.3339486122131348,0.4057294726371765,2.182435274124145
2115158509.0,-0.9173134565353394,0.7799484729766846,10.034375190734863,2.645515203475952,0.4044487774372101,1.6801913976669312
2115166842.0,-0.0518008694052696,1.0645146369934082,9.59717082977295,2.6730759143829346,2.0191187858581543,1.91876220703125
2115175175.0,-0.9989683628082277,1.5874472856521606,10.128897666931152,2.973838329315185,2.9967117309570312,1.798298716545105
2115183508.0,-0.5690802931785583,1.708482265472412,10.568377494812012,1.8163055181503296,3.82766318321228,1.9286751747131348
2115191841.0,-0.3868019580841064,1.1548646688461304,10.2953519821167,1.5661823749542236,2.895766019821167,1.7561118602752686
2115200174.0,0.3981956839561462,0.3315478265285492,10.451231956481934,1.1523075103759766,0.2031977176666259,1.6319340467453003
2115208507.0,-0.2175110876560211,-0.3560924828052521,9.254476547241213,0.7829502820968628,-1.174527883529663,2.061945676803589
2115216840.0,-1.5105311870574951,-0.1452134698629379,7.934563636779785,1.767817735671997,0.2913106977939605,1.5318337678909302
2115225173.0,-0.649125874042511,0.7155954837799072,8.354942321777344,3.2832581996917725,3.656483411788941,1.8491172790527344
2115233506.0,-0.0499940402805805,0.1252562254667282,10.59830093383789,3.9332194328308105,3.43225622177124,1.7582378387451172
2115241839.0,-0.1721568703651428,0.7860018014907837,11.017362594604492,2.288862466812134,1.3535329103469849,1.4450782537460327
2115250172.0,-0.7479457855224609,1.3814811706542969,10.310626983642578,1.6480200290679932,0.8611506223678589,1.693843960762024
2115258505.0,-0.900740385055542,1.4244153499603271,9.483294486999512,2.3741323947906494,1.3263307809829712,1.2591190338134766
2115266838.0,-0.15266714990139,0.9822837710380554,10.405197143554688,2.623948097229004,1.6693822145462036,1.35814368724823
2115275171.0,-0.0271542146801948,0.1169236972928047,10.24363613128662,1.1948271989822388,0.5256808996200562,1.5728163719177246
2115283504.0,0.2654704451560974,0.2095636427402496,9.542778968811035,0.9827669262886048,-0.5228505730628967,1.6356993913650513
2115291837.0,-1.0034184455871582,0.522124707698822,8.55268383026123,2.1881473064422607,0.901365041732788,1.503350853919983
2115300170.0,-0.9923068284988404,0.3930443227291107,9.254544258117676,3.1800076961517334,3.452543020248413,1.3994594812393188
2115308503.0,-0.7395089864730835,0.3831228017807007,10.066301345825195,2.592365503311157,4.410207748413086,1.3987932205200195
2115316836.0,-0.2556990683078766,0.599484384059906,10.834896087646484,2.2158360481262207,2.7158772945404053,1.634930968284607
2115325169.0,-0.4279896020889282,0.5514062643051147,10.772013664245604,1.8664839267730715,0.2778632044792175,1.6569592952728271
2115333502.0,-0.0879261866211891,0.3087522685527801,10.413495063781738,2.2286946773529053,-1.6369417905807495,1.5898245573043823
2115341835.0,-0.0744622498750686,0.2564745545387268,9.60949993133545,2.425821781158448,-1.5886845588684082,1.6208688020706177
2115350168.0,-0.1270516812801361,0.4755180776119232,9.376133918762209,3.059723138809204,-0.4510795176029205,1.6628506183624268
2115358501.0,-0.3843051195144653,0.606636106967926,9.201537132263184,2.698715686798096,2.165273666381836,1.5755572319030762
2115366834.0,-0.0631216540932655,0.4140846133232116,9.671685218811035,2.314604997634888,4.194459438323975,2.3169870376586914
2115375167.0,-0.7878081202507019,0.3040575981140136,9.888713836669922,2.032515287399292,4.779027462005615,2.039098262786865
2115383500.0,-0.9716837406158448,-0.1396885961294174,9.910151481628418,1.941430926322937,3.934116125106812,2.0355374813079834
2115391833.0,-0.3287476301193237,0.0872856527566909,9.932574272155762,3.083313703536988,2.0629703998565674,2.0271620750427246
2115400166.0,-0.5256826281547546,0.4065591096878052,10.442622184753418,3.5542311668396,-0.2195267975330352,1.9378448724746704
2115408499.0,-0.6083056330680847,1.5106030702590942,10.094828605651855,3.2436585426330566,-1.345861554145813,1.7921257019042969
2115416832.0,-0.1986189931631088,0.8470979332923889,9.956631660461426,2.7321934700012207,-0.675511360168457,1.7756555080413818
2115425165.0,-0.2661626636981964,0.0595845282077789,9.519579887390137,1.4209496974945068,0.8205776810646057,2.10682225227356
2115433498.0,-0.2893961071968078,0.3340072333812713,9.537421226501465,1.6288350820541382,2.323723554611206,2.0925040245056152
2115441831.0,-0.5595815777778625,0.5002206563949585,9.771366119384766,2.867744445800781,3.19839859008789,1.8783175945281985
2115450164.0,-0.6674656271934509,0.8629862070083618,10.06522274017334,4.511486530303955,3.348472118377685,1.6991714239120483
2115458497.0,-0.2306476235389709,0.1788042485713958,10.845879554748535,4.081474304199219,2.4346072673797607,2.0473458766937256
2115466830.0,-0.8988110423088074,0.6551470160484314,9.644619941711426,2.814107894897461,1.1095319986343384,1.8355674743652344
2115475163.0,-0.5124188661575317,0.938950777053833,9.421146392822266,2.9912049770355225,0.4789350032806396,1.5939483642578125
2115483496.0,-0.772930920124054,0.5968747138977051,10.021411895751951,2.7763783931732178,0.5811101794242859,1.7058569192886353
2115491829.0,0.0111508937552571,0.313939481973648,10.056732177734377,2.3022584915161133,0.1657497137784958,1.6720460653305054
2115500162.0,-0.3467282354831695,0.3896343111991882,9.35253620147705,3.155340671539306,0.3081648647785187,1.9951951503753664
2115508495.0,-1.1704697608947754,0.8256268501281738,9.280269622802734,3.9008688926696777,1.5959974527359009,1.7242735624313354
2115516828.0,-0.9504339694976808,0.7385708093643188,9.345396041870115,4.340306758880615,3.0376946926116943,1.3684661388397217
2115525161.0,0.1008111536502838,0.1834425181150436,10.579938888549805,3.885807752609253,1.9771884679794312,1.6304486989974976
2115533494.0,-0.0498027652502059,0.5117141008377075,10.26937484741211,2.292807340621948,-0.867413341999054,1.642307996749878
2115541827.0,-0.9454939365386964,0.8590008616447449,9.08595371246338,2.736881256103516,-1.303239345550537,1.4166722297668457
2115550160.0,-0.6150389313697815,0.2357228845357895,9.145755767822266,3.187896490097046,0.4403599500656128,1.6206382513046265
2115558493.0,-0.5465041995048523,-0.2463304698467254,10.297670364379885,3.109081268310547,1.3650593757629397,1.9043670892715447
2115566826.0,-0.5597490668296814,0.3496690690517425,10.144898414611816,2.952014923095703,1.5960228443145752,1.5141853094100952
2115575159.0,-0.0604735314846038,0.607383131980896,9.73951530456543,4.53231143951416,1.0234423875808716,1.652528166770935
2115583492.0,0.0242850501090288,1.4104992151260376,10.233009338378906,5.670940399169922,-0.8127781748771667,1.3133187294006348
2115591825.0,-0.6536543965339661,1.3547697067260742,10.356801986694336,4.1522216796875,-0.670695960521698,1.5517359972000122
2115600158.0,-0.612072229385376,0.8495728969573975,9.814397811889648,1.858671188354492,1.1564314365386963,1.511957049369812
2115608491.0,-0.5528184771537781,0.954058051109314,9.409830093383787,1.3482564687728882,2.323492765426636,1.4981509447097778
2115616824.0,-0.3041081428527832,1.290866732597351,10.012903213500977,2.549666404724121,2.1928088665008545,1.468822360038757
2115625157.0,-0.5480924248695374,0.8591327667236328,10.2344331741333,3.628998994827272,0.8346654772758484,1.093753457069397
2115633490.0,-0.0775828659534454,0.1781957298517227,10.023550033569336,3.227547645568848,-0.4246712327003479,1.3480005264282229
2115641823.0,-0.8665409088134766,-0.3530266880989074,8.961444854736328,2.0771353244781494,-0.0529574304819107,1.8716323375701904
2115650156.0,-1.0708045959472656,-0.0646043792366981,8.59627914428711,2.3536150455474854,1.4188748598098757,1.833441138267517
2115658489.0,-0.4188074469566345,0.3079433441162109,9.093165397644045,3.52131724357605,1.4710510969161987,1.8586201667785645
2115666822.0,-0.8515685200691223,0.5862507820129395,10.82614040374756,4.344430446624756,0.3586249351501465,1.7985548973083496
2115675155.0,-0.6870426535606384,0.8555518388748169,10.933221817016602,3.192481756210327,-0.2357662320137024,1.6545259952545166
2115683488.0,0.375828206539154,0.7754456996917725,10.054327011108398,2.942307233810425,-1.0073693990707395,1.836130976676941
2115691821.0,-0.2364210784435272,0.690717339515686,9.83534812927246,3.4888384342193604,-2.4721450805664062,1.6890796422958374
2115700154.0,-0.8581172823905945,0.2742156386375427,9.255897521972656,2.816977024078369,-0.8444886207580566,1.6978141069412231
2115708487.0,-0.1490351855754852,-0.3884869217872619,8.722381591796875,3.1969640254974365,1.4962555170059204,2.021808385848999
2115716820.0,-0.2708064317703247,0.4338766932487488,9.768192291259766,4.645551681518555,1.7325979471206665,2.148188829421997
2115725153.0,-0.3611457347869873,1.055496096611023,11.081374168395996,4.300707340240479,1.482859492301941,2.06888747215271
2115733486.0,-0.9231975078582764,1.583276629447937,10.0619478225708,3.907861709594727,0.8221401572227478,1.6460988521575928
2115741819.0,-0.376280665397644,0.8342481255531311,10.1303071975708,3.874025344848633,0.4402575194835663,1.5684622526168823
2115750152.0,-0.1457331925630569,0.0190607327967882,10.300264358520508,2.419802188873291,-0.1824886053800583,2.1623024940490723
2115758485.0,-0.4526010155677795,-0.0432160794734954,9.927209854125977,1.521895408630371,-0.6343237161636353,1.9914813041687007
2115766818.0,0.3241574466228485,1.1039265394210815,8.82797622680664,3.474263429641724,-0.8561941981315613,1.9365129470825195
2115775151.0,-0.2219937145709991,1.1319308280944824,9.534937858581545,5.592919826507568,-1.2964261770248413,1.399510622024536
2115783484.0,-0.1011194065213203,0.5657191276550293,9.87954807281494,4.279652118682861,-0.1911462396383285,1.330428957939148
2115791817.0,-0.9423463344573976,0.1509995460510254,9.19741153717041,1.9838993549346924,2.776762008666992,1.862154603004456
2115800150.0,-0.8121379613876343,0.758205235004425,9.188840866088867,2.0277256965637207,4.6248040199279785,2.006849765777588
2115808483.0,-0.1664636880159378,1.3995534181594849,10.430410385131836,4.192205429077148,3.270271778106689,1.769636154174805
2115816816.0,-0.5064737796783447,0.8909285068511963,11.793832778930664,4.71755313873291,-0.7128826379776001,1.0632213354110718
2115825149.0,-0.4343016147613525,0.6508346199989319,10.989259719848633,2.974120140075684,-2.0414159297943115,1.005410075187683
2115833482.0,-0.0279336757957935,0.609309732913971,9.20261573791504,2.154541254043579,-1.7735425233840942,1.671456813812256
2115841815.0,-0.2241203188896179,1.37505841255188,8.723261833190918,3.171478033065796,-1.005346179008484,1.4129068851470947
2115850148.0,-0.3454054594039917,1.333094358444214,9.82075309753418,3.4968807697296143,1.1079949140548706,1.4099611043930054
2115858481.0,-0.3185928165912628,0.9948349595069884,10.022516250610352,2.5143702030181885,2.189351320266724,1.102539300918579
2115866814.0,-0.1237024515867233,1.0418970584869385,10.283615112304688,2.0003695487976074,2.7400059700012207,1.087708592414856
2115875147.0,-0.2447279095649719,1.0355091094970703,10.107218742370604,1.678884983062744,2.314527988433838,1.5499686002731323
2115883480.0,-0.8743988871574402,0.7254019379615784,9.709637641906738,2.090096235275269,1.1413191556930542,1.150207281112671
2115891813.0,-0.379317432641983,0.6436473727226257,9.958600997924805,2.260609865188598,0.6930187344551086,1.1394237279891968
2115900146.0,-0.1010117456316948,0.4507008790969848,10.17370891571045,1.868276834487915,-0.0051868828013539,1.325178146362305
2115908479.0,-0.3413835763931274,0.6544549465179443,10.007965087890623,1.7334177494049072,-0.527973473072052,0.9418097734451294
2115916812.0,-0.8979317545890808,0.461264967918396,9.283612251281738,2.065634489059448,0.996112048625946,1.0161679983139038
2115925145.0,0.1466083973646164,0.3229901194572449,9.483234405517578,2.9680492877960205,1.7513988018035889,1.377277374267578
2115933478.0,0.1460417658090591,0.1146090403199195,10.11806297302246,2.9522969722747803,1.110479712486267,1.1987974643707275
2115941811.0,-0.5402147173881531,0.3063502013683319,9.822587966918944,2.3921902179718018,0.8122017979621887,1.2140891551971436
2115950144.0,-1.077584147453308,0.1318888664245605,9.281692504882812,2.544851064682007,2.4357597827911377,1.0617612600326538
2115958477.0,-0.7340677380561829,0.4556537866592407,9.720380783081056,3.0246059894561768,3.4849703311920166,1.413931369781494
2115966810.0,-0.2988207638263702,0.5922395586967468,10.39141845703125,3.658430337905884,2.0759057998657227,1.5971499681472778
2115975143.0,-0.4167608022689819,0.2184682339429855,10.521669387817385,3.208566904067993,-0.4243125915527344,1.5257631540298462
2115983476.0,-0.3455150425434112,0.743819534778595,9.715414047241213,2.724022388458252,-1.5574607849121094,1.246567964553833
2115991809.0,-0.3921192586421966,0.0336271300911903,9.478965759277344,2.366704225540161,-0.7126777172088623,1.7560606002807615
2116000142.0,0.1529992371797561,0.250531256198883,9.754678726196287,2.3143744468688965,0.0778160467743873,1.829061508178711
2116008475.0,-0.0501731783151626,0.977843701839447,9.15218734741211,2.9769632816314697,0.4107498526573181,1.4937453269958496
2116016808.0,-0.792727530002594,1.1855257749557495,9.680407524108888,4.014979839324951,2.60637640953064,1.5679752826690674
2116025141.0,-1.1536332368850708,0.9413114786148072,10.28576946258545,2.6600382328033447,4.812863349914551,1.7807015180587769
2116033474.0,-0.7968642711639404,1.1991233825683594,10.6663179397583,1.7282180786132812,4.898492336273193,1.6893614530563354
2116041807.0,-0.5087154507637024,0.4962264597415924,10.867549896240234,1.360167145729065,1.919787168502808,1.7391555309295654
2116050140.0,0.3887478113174438,-0.1228468641638755,10.378820419311523,1.899603009223938,-2.4642817974090576,1.6453816890716553
2116058473.0,-0.1859872639179229,-0.5153773427009583,9.15436553955078,2.98190712928772,-4.7213053703308105,1.529170036315918
2116066806.0,-0.3220800161361694,-0.2372732907533645,8.854205131530762,3.574927806854248,-2.526549816131592,1.3812477588653564
2116075139.0,-0.2442340105772018,0.5302491188049316,8.379215240478516,3.9860873222351074,1.266931414604187,1.2967207431793213
2116083472.0,-0.1965697407722473,1.0494427680969238,9.286554336547852,4.854384422302246,4.617452621459961,1.3962831497192385
2116091805.0,-0.7302917242050171,0.8823010325431824,10.86907196044922,4.258366584777832,6.118907928466797,1.217444658279419
2116100138.0,-0.7683001756668091,0.6529889702796936,11.19845485687256,2.3008241653442383,5.685770988464356,1.218571662902832
2116108471.0,-0.2982669770717621,0.4892529845237732,10.224343299865724,2.6851401329040527,2.747408390045166,1.5454092025756836
2116116804.0,-0.3072809278964996,-0.1188056841492652,10.416563987731934,4.123277187347412,-1.2351313829421997,1.3167511224746704
2116125137.0,-0.419283002614975,0.1439750045537948,9.606778144836426,4.1228928565979,-3.0528712272644043,0.9375578761100768
2116133470.0,-0.1603315770626068,-0.3945121169090271,9.339634895324709,4.13762092590332,-1.720751404762268,1.2916234731674194
2116141803.0,0.1266479939222335,0.2231880575418472,9.44293975830078,3.67620587348938,0.6208633780479431,1.3339381217956543
2116150136.0,-0.1808642148971557,1.2863717079162598,9.352023124694824,4.461896896362305,2.710600614547729,1.2910598516464231
2116158469.0,-0.7253920435905457,1.277957320213318,9.769085884094238,5.021363258361816,4.661278247833252,0.789405107498169
2116166802.0,-0.4897722899913788,0.6567997932434082,9.90462589263916,3.894746780395508,5.860485553741455,1.01606547832489
2116175135.0,-0.4904673993587494,0.1590670198202133,10.186598777770996,3.075782537460327,4.373144149780273,1.1616054773330688
2116183468.0,-0.8837088346481323,0.1140363663434982,10.377199172973633,2.741619825363159,1.8091078996658323,1.0569714307785034
2116191801.0,-0.7768228650093079,0.6759782433509827,9.745407104492188,3.5496973991394043,0.1713592410087585,1.1410629749298096
2116200134.0,-0.4867424368858337,1.2339526414871216,9.42662239074707,4.959351539611816,-1.4982916116714478,0.7209381461143494
2116208467.0,0.1767651587724685,0.8319206833839417,10.222320556640623,4.93027925491333,-2.0071699619293213,0.7501640915870667
2116216800.0,-0.6515523791313171,0.0200593136250972,9.827858924865724,2.343881607055664,-0.4901667833328247,0.9277731776237488
2116225133.0,-0.7475987076759338,0.5857529640197754,8.775411605834961,1.5094982385635376,2.959827423095703,1.0198053121566772
2116233466.0,-0.797860860824585,1.6779075860977173,9.082161903381348,3.851125717163086,5.368334293365479,1.1191627979278564
2116241799.0,-0.298563152551651,1.1611541509628296,11.483591079711914,4.719679355621338,3.8105275630950928,0.7809524536132812
2116250132.0,-0.5234956741333008,0.5148664712905884,11.054886817932127,3.0223517417907715,1.19623601436615,0.7113329172134399
2116258465.0,-0.5235390663146973,-0.1758091151714325,10.224122047424316,1.5590358972549438,-0.3668854832649231,1.1920864582061768
2116266798.0,-0.732219934463501,0.6970769762992859,8.868973731994629,2.236763000488281,-0.9331137537956238,1.0878621339797974
2116275131.0,-0.7214539051055908,1.4060786962509155,9.582304954528809,4.236185073852539,-0.3492628931999206,0.8417605757713318
2116283464.0,-0.2222516983747482,1.1920777559280396,10.734725952148438,3.72003173828125,0.7935289740562439,1.1100952625274658
2116291797.0,-0.3302539587020874,0.9567259550094604,9.733309745788574,2.2972896099090576,0.8622007369995117,0.8659403920173645
2116300130.0,-1.143743634223938,1.2334110736846924,9.198020935058594,2.150340795516968,2.2217276096343994,0.8407872319221497
2116308463.0,-1.2936524152755735,1.2394955158233645,9.717267036437988,1.7634633779525757,3.7583258152008057,0.9381470084190368
2116316796.0,-0.8877630233764648,0.8567719459533691,10.373695373535156,1.7093148231506348,2.6783783435821533,0.7602049112319946
2116325129.0,-0.5943818688392639,0.7851353287696838,10.590052604675291,1.8658432960510247,-0.0017289607785642,0.904489815235138
2116333462.0,-0.2370614856481552,-0.3301747739315033,10.886926651000977,1.2091199159622192,-2.5536491870880127,0.9964448809623718
2116341795.0,-0.0398964397609233,-0.4319361746311188,9.402119636535645,1.0974419116973877,-4.00946044921875,0.9048741459846495
2116350128.0,-1.0676106214523315,0.4856134355068207,8.27524185180664,3.0523715019226074,-2.126711368560791,0.6990892887115479
2116358461.0,-0.6917083263397217,0.5021727085113525,9.240427017211914,4.412692546844482,1.384961724281311,0.6568770408630371
2116366794.0,-0.104434922337532,0.3990751802921295,10.189801216125488,4.045281410217285,2.920048236846924,0.8327186703681946
2116375127.0,-0.2535760998725891,0.2998740971088409,10.535338401794434,3.086591958999634,2.533811330795288,0.9894778728485109
2116383460.0,-0.2490414083003997,0.2878453433513641,10.2908353805542,2.1073601245880127,0.7770590782165527,1.0718021392822266
2116391793.0,-0.807587742805481,1.3653050661087036,9.434747695922852,3.49642014503479,-0.8300164937973022,0.2923352718353271
2116400126.0,-0.9636610746383668,1.20888090133667,9.95994472503662,4.311900615692139,-0.2035179138183593,0.5900495648384094
2116408459.0,-0.2589839696884155,0.726384699344635,10.543912887573242,3.0442006587982178,0.2029415965080261,0.786357045173645
2116416792.0,-0.1320416629314422,0.9000920653343201,9.665202140808104,1.9864096641540527,-0.5097361207008362,0.5324431657791138
2116425125.0,0.1058503165841102,1.3171957731246948,9.811652183532717,2.0182738304138184,-0.5661898851394653,0.6310579180717468
2116433458.0,-1.1301991939544678,0.930631935596466,9.51742172241211,1.885284423828125,-0.0335674509406089,0.1986127495765686
2116441791.0,-0.7999731302261353,1.3454571962356567,9.489394187927246,1.850423574447632,2.2220346927642822,0.3396959602832794
2116450124.0,-0.6517090797424316,0.9469728469848632,10.720014572143556,1.7509381771087646,2.898353338241577,0.6415598392486572
2116458457.0,-0.7609552145004272,1.2161906957626345,11.135653495788574,0.7728582620620728,0.9199864864349364,-0.1803114116191864
2116466790.0,-0.0823362991213798,0.950362503528595,10.187251091003418,0.8429388403892517,-0.649179995059967,-0.0578753612935543
2116475123.0,0.3446762561798095,-0.5886816382408142,9.994582176208496,1.013504147529602,-2.825186014175415,0.2688214182853699
2116483456.0,-0.3947288691997528,-0.4574125409126282,8.558918952941895,0.9896827936172484,-3.147003412246704,0.1646483093500137
2116491789.0,-0.6808230876922607,-0.3463394343852997,7.803694725036621,2.0608699321746826,-0.5096848607063293,0.3418987691402435
2116500122.0,-1.3762658834457395,0.0818290412425994,8.344578742980957,3.216174840927124,3.160540580749512,0.0369357280433177
2116508455.0,-0.0781859755516052,0.6274218559265137,10.556431770324709,3.670750856399536,4.187466144561768,0.1433628797531128
2116516788.0,-0.1460426747798919,0.7628071308135986,11.50374698638916,2.792745590209961,2.0568230152130127,0.1045573055744171
2116525121.0,-0.4810060262680053,0.7489296793937683,11.150150299072266,1.9039831161499023,-1.4587435722351074,-0.0835152193903923
2116533454.0,-0.5884289741516113,0.5846268534660339,9.283181190490724,2.0239856243133545,-2.107962131500244,0.0627548769116401
2116541787.0,-0.0466585047543048,-0.1732427179813385,9.332441329956056,2.505507707595825,-2.1349081993103027,0.4548320174217224
2116550120.0,0.2781568765640259,-0.6052903532981873,9.548165321350098,1.9351555109024048,-2.0953598022460938,0.6081588268280029
2116558453.0,-0.3322054445743561,0.0122912786900997,9.294304847717283,1.7218656539916992,-0.4608128666877746,0.6128973960876465
2116566786.0,-0.2904066443443298,0.5204519629478455,9.08070182800293,2.8434622287750244,1.820096492767334,0.5446867942810059
2116575119.0,-0.8792632818222046,0.3499064147472381,9.250611305236816,3.926482915878296,3.1619489192962646,0.4715580344200134
2116583452.0,-0.4560607671737671,-0.090248204767704,10.48642921447754,3.2651491165161133,3.5253899097442627,0.8169147968292236
2116591785.0,-0.6597126722335815,-0.3261679112911224,10.423638343811035,1.8592349290847776,1.6495823860168457,0.8869954347610474
2116600118.0,-0.5822374224662781,0.7032106518745422,9.780306816101074,2.6468722820281982,-0.5959792137145996,0.3956118524074554
2116608451.0,-0.0576756000518798,0.8281782269477844,10.144912719726562,3.908297061920166,-2.5528297424316406,0.4704054296016693
2116616784.0,-0.2407898604869842,0.0106930900365114,10.41245460510254,3.04650616645813,-3.868300199508667,0.1329122632741928
2116625117.0,-0.1864292323589325,0.6028748154640198,8.871895790100098,2.0871760845184326,-1.6269266605377195,0.404423177242279
2116633450.0,-0.3683222830295563,0.2854336500167846,8.996390342712402,2.91707730293274,1.4931050539016724,0.8385588526725769
2116641783.0,-0.493883728981018,0.883027970790863,9.76133632659912,3.8224637508392334,2.7434639930725098,0.0063523300923407
2116650116.0,-0.1548876017332077,0.3211686313152313,10.69532585144043,3.733300685882568,2.9048080444335938,0.297483742237091
2116658449.0,-0.3411408960819244,0.247428610920906,10.292224884033203,2.9103660583496094,1.6404125690460205,0.0778672769665718
2116666782.0,-1.0222904682159424,0.4007819890975952,9.761845588684082,3.0811104774475098,0.8714474439620972,0.1963074952363968
2116675115.0,-0.5232827067375183,0.7950083017349243,10.098021507263184,3.730636119842529,0.8600491881370544,0.3114178776741028
2116683448.0,-0.7716014981269836,0.5356457233428955,10.23635959625244,3.7291762828826895,-0.5139368176460266,-0.030468126758933
2116691781.0,0.3558294773101806,0.3849368691444397,10.56266975402832,3.115997552871704,-1.3002426624298096,-0.0935303941369056
2116700114.0,-0.6927034258842468,0.5214990377426147,9.85860824584961,3.09724760055542,-1.1255536079406738,-0.0305962022393941
2116708447.0,-0.4921897351741791,0.5561395883560181,9.907598495483398,3.1277029514312744,0.523913562297821,-0.0357958935201168
2116716780.0,-0.5845262408256531,1.4584355354309082,9.59084415435791,3.804507970809937,2.825122117996216,0.1289420574903488
2116725113.0,-0.1897118836641311,1.2453123331069946,10.946391105651855,4.254319667816162,2.4444689750671387,-0.1882774382829666
2116733446.0,0.3986440896987915,1.0655690431594849,11.07461166381836,3.058621406555176,0.6416109800338745,-0.2265963554382324
2116741779.0,-0.3265272676944732,0.0240621641278266,10.551301956176758,1.5020443201065063,-0.625512421131134,-0.085718035697937
2116750112.0,-0.9556913375854492,0.1410183012485504,8.692778587341309,1.1799196004867554,1.1298694610595703,-0.0073128640651702
2116758445.0,-0.9282994270324708,-0.008344785310328,8.699013710021973,3.2976536750793457,2.7236897945404053,0.1156482845544815
2116766778.0,-0.3563840091228485,0.1881998777389526,10.370257377624512,4.461282253265381,2.72135853767395,-0.0323379710316658
2116775111.0,0.1548108607530594,0.1303080469369888,11.03168773651123,3.673465251922608,0.6312115788459778,0.3043995499610901
2116783444.0,-0.2219240963459015,0.9685335159301758,10.436322212219238,3.352468490600586,-1.2303671836853027,0.0777392163872718
2116791777.0,-0.4941586256027221,1.552618145942688,8.814359664916992,3.635735750198364,-0.750637948513031,-0.2629173099994659
2116800110.0,-0.2957891821861267,1.3462612628936768,9.159456253051758,4.101966381072998,0.8272117376327515,-0.2749559879302978
2116808443.0,-0.7486992478370667,0.7171882390975952,10.23222541809082,1.7932524681091309,2.6380867958068848,-0.1323615610599517
2116816776.0,0.3527768552303314,0.8779140710830688,10.221976280212402,0.0499733686447143,3.191021203994751,0.5699679851531982
2116825109.0,-0.8153507709503174,1.4389594793319702,9.831582069396973,1.4802467823028564,1.9133065938949585,-0.0452731624245643
2116833442.0,-1.456025004386902,0.9547867178916932,10.539628982543944,1.9568251371383667,2.1350743770599365,-0.0348225533962249
2116841775.0,-0.6798918843269348,0.1775476336479187,9.751901626586914,1.6064735651016235,2.6183383464813232,0.2774021923542022
2116850108.0,-0.3792437314987182,-0.832755446434021,10.046869277954102,1.4311186075210571,0.5421508550643921,0.2964335083961487
2116858441.0,-0.0210150517523288,0.5709899663925171,10.068156242370604,1.155381202697754,-0.9058857560157776,0.4055757522583008
2116866774.0,-0.8256405591964722,1.136798858642578,10.179452896118164,2.022986888885498,-1.4528264999389648,0.1547099947929382
2116875107.0,-1.115273356437683,1.6690099239349363,9.804159164428713,2.107462406158448,0.2169781774282455,-0.3242377936840057
2116883440.0,-0.1856143027544021,0.5256221294403076,9.93808364868164,1.7339556217193604,2.655017852783203,-0.00575039582327
2116891773.0,-0.0001856160815805,-0.5035549402236938,10.382494926452637,0.7343857288360596,2.5454916954040527,0.2411580234766006
2116900106.0,-0.6067112684249878,-0.8596930503845215,9.10918140411377,0.3717137575149536,1.0308191776275637,0.214160606265068
2116908439.0,-0.9387789964675904,-0.0554524064064025,8.523649215698242,3.022454261779785,1.6405407190322876,0.533083438873291
2116916772.0,-1.1829500198364258,0.1634861826896667,9.612485885620115,4.802387237548828,1.5904135704040527,0.1284041553735733
2116925105.0,-0.343223363161087,0.2521352767944336,10.527373313903809,4.218869686126709,0.3717906177043915,0.1208735778927803
2116933438.0,-0.4379734694957733,0.1757663488388061,10.263547897338867,2.76792573928833,-0.6671355962753296,0.2591904103755951
2116941771.0,-0.4036431312561035,1.0222184658050537,9.753886222839355,2.644029378890991,-1.021995186805725,-0.0299814622849226
2116950104.0,0.1410173326730728,0.7324015498161316,9.735421180725098,3.4870193004608154,-0.6902651786804199,0.15678471326828
2116958437.0,-0.291592538356781,0.6505705118179321,9.426763534545898,3.7860145568847656,-0.2049522846937179,0.1237679794430732
2116966770.0,-0.8918874859809875,0.2067656517028808,9.52636432647705,3.035286903381348,1.3806583881378174,0.1558369994163513
2116975103.0,-0.7988158464431763,0.7011711001396179,8.894988059997559,2.546490430831909,3.6370675563812256,0.2947430312633514
2116983436.0,-0.5654844045639038,0.2198302894830703,10.499948501586914,3.275087594985962,3.380490064620972,0.1743817329406738
2116991769.0,-0.2492714077234268,0.0171358082443475,11.147754669189451,2.755527973175049,0.4973515570163727,0.204299122095108
2117000102.0,-0.9075859785079956,-0.2371433675289154,9.900272369384766,3.057904005050659,-1.1955827474594116,0.2624946534633636
2117008435.0,-1.372821807861328,-0.1163886040449142,9.249945640563965,3.791905403137207,-0.3972895741462707,0.4401549994945526
2117016768.0,-0.7534630298614502,1.0658577680587769,9.409133911132812,4.584051609039307,0.6522921323776245,0.2515318095684051
2117025101.0,-0.4214370250701904,1.2330302000045776,10.16997528076172,4.863016128540039,-0.1649941056966781,-0.0883563086390495
2117033434.0,0.0238228291273117,0.5293853282928467,10.795049667358398,3.009186029434204,-0.8649287223815918,0.0745630413293838
2117041767.0,-0.5590387582778931,0.3232153654098511,9.420642852783203,1.8221708536148071,-0.6662133932113647,0.2906191051006317
2117050100.0,-0.9783977270126344,0.1930977255105972,9.260546684265137,2.195882558822632,0.9541814923286438,0.3764268159866333
2117058433.0,-0.886483907699585,0.8806002140045166,9.084263801574709,3.7390120029449454,2.2167840003967285,0.1772505044937133
2117066766.0,-1.046127438545227,0.124619647860527,10.637176513671877,4.612713813781738,2.045808792114258,0.1629577428102493
2117075099.0,-0.6975858807563782,0.4056195616722107,10.763721466064451,2.991384267807007,1.4250479936599731,0.078738160431385
2117083432.0,-0.4634402990341186,0.3947513699531555,10.142475128173828,3.104342460632324,-0.7489985823631287,0.2413885444402694
2117091765.0,-0.0320696383714675,0.5301448702812195,10.19725513458252,3.540374279022217,-2.949082136154175,-0.2285942733287811
2117100098.0,-0.5023703575134277,1.0818504095077517,9.313969612121582,4.136007308959961,-2.656414031982422,-0.1173772439360618
2117108431.0,-0.4098738133907318,-0.0244924090802669,9.506810188293455,3.750871419906616,-0.4433439671993255,-0.1010865643620491
2117116764.0,-0.4440867900848388,-0.0115100806578993,9.268162727355955,2.794410467147827,2.3616325855255127,0.0413157567381858
2117125097.0,-0.8271048069000244,0.3375937938690185,9.676628112792969,3.434971332550049,3.717316865921021,0.0520225092768669
2117133430.0,-1.0563561916351318,1.0257568359375,10.404827117919922,4.338974475860596,4.0550150871276855,-0.1328226178884506
2117141763.0,-0.4438556730747223,1.0264222621917725,10.728475570678713,4.999719619750977,2.4172921180725098,0.1720252186059951
2117150096.0,-0.1773793399333953,0.0166245177388191,10.92473030090332,4.194151878356934,-0.9553982019424438,0.2903885841369629
2117158429.0,-1.4902279376983645,-0.078624352812767,9.59419059753418,2.386401414871216,-1.9903669357299805,0.0820936262607574
2117166762.0,-0.9441739916801452,0.7147374153137207,8.643525123596191,2.688751697540283,-0.1498048454523086,-0.0109756989404559
2117175095.0,-0.4969747960567474,0.9473599195480348,9.51271152496338,4.356725215911865,0.7995995879173279,0.0356294028460979
2117183428.0,0.0722255334258079,0.8724749088287354,10.704365730285645,4.264719009399414,0.1052488908171653,-0.110871210694313
2117191761.0,-0.9881960153579712,0.5232399106025696,9.917037963867188,2.893179178237915,0.4341612756252289,-0.1021367534995079
2117200094.0,-0.8493234515190125,0.92145037651062,9.444952964782717,2.280588865280152,2.270624876022339,0.0828620567917823
2117208427.0,-1.2272361516952517,1.6067878007888794,9.038925170898438,2.9726345539093018,3.18579626083374,0.2522489726543426
2117216760.0,-0.934765100479126,1.532405138015747,10.2193603515625,3.673772573471069,1.6199465990066528,-0.2065147757530212
2117225093.0,-0.6687444448471069,1.0864404439926147,10.870326042175291,2.5126280784606934,-0.0785972774028778,-0.2250850647687912
2117233426.0,-0.6764698028564453,0.5061783194541931,10.187870979309082,0.5738869905471802,-2.074228048324585,0.1053001135587692
2117241759.0,-1.0871095657348633,0.9155389070510864,9.387529373168944,1.1312270164489746,-2.068643808364868,-0.1405324935913086
2117250092.0,-0.5582990646362305,0.002751745050773,10.138744354248049,1.609752178192139,-0.4942138195037842,-0.0062114521861076
2117258425.0,0.6998210549354553,-0.0109110437333583,9.740713119506836,2.1856882572174072,-1.0757595300674438,-0.0055198674090206
2117266758.0,-0.220010221004486,0.0334627926349639,9.71278190612793,3.30812931060791,-1.5438337326049805,-0.1811822652816772
2117275091.0,-0.5925920605659485,0.6695560812950134,9.76626205444336,3.126115083694458,0.8045687675476074,0.0450042150914669
2117283424.0,-1.0075303316116333,1.2820611000061035,9.79874324798584,3.37260103225708,2.609757661819458,-0.3505948185920715
2117291757.0,-0.5683437585830688,1.4859715700149536,10.344797134399414,2.907395124435425,3.053447723388672,-0.0434801690280437
2117300090.0,-0.79672771692276,1.1811589002609253,10.71469497680664,2.3336105346679688,1.8896901607513428,0.2011229842901229
2117308423.0,-0.8371043801307678,0.5359982848167419,10.79619312286377,1.2363479137420654,-0.6935694813728333,-0.2872508466243744
2117316756.0,0.0158120971173048,-0.2362162470817566,9.83389663696289,1.1268725395202637,-3.006918907165528,0.1412881165742874
2117325089.0,0.0023789552506059,-0.7280754446983337,9.297978401184082,2.0049543380737305,-4.333659648895264,0.2799892127513885
2117333422.0,-0.5031682252883911,-0.0456801317632198,8.846395492553711,3.089435577392578,-2.8684229850769043,0.1947194188833236
2117341755.0,-0.6794130802154541,0.8295206427574158,8.79222583770752,4.275630474090576,0.2627508342266083,-0.0507546104490757
2117350088.0,0.162892997264862,0.8351350426673889,9.94187831878662,4.059882164001465,2.112303733825684,-0.0023437025956809
2117358421.0,-0.4252874851226806,0.614737868309021,10.187179565429688,2.872431755065918,2.109972715377808,0.1084250658750534
2117366754.0,-1.195197343826294,0.4792108535766601,10.055086135864258,1.9668400287628167,2.1509296894073486,0.0795321986079216
2117375087.0,-0.5853692889213562,0.5104665160179138,9.305513381958008,2.447004556655884,1.4658514261245728,0.1439263820648193
2117383420.0,-0.3018557131290436,0.4155158698558807,10.52581024169922,4.067924976348877,-1.3616657257080078,0.105146437883377
2117391753.0,-0.1894634664058685,0.7619662284851074,10.898168563842772,3.027679204940796,-3.628986358642578,-0.072116881608963
2117400086.0,0.2283447086811065,1.0004186630249023,9.658733367919922,3.0851831436157227,-4.152490139007568,-0.0625883787870407
2117408419.0,-0.2664173245429992,0.2206597030162811,9.749260902404783,2.606248378753662,-2.107731580734253,0.0400606654584407
2117416752.0,-0.3160227239131927,0.282166451215744,9.436052322387695,1.2462605237960815,1.6833674907684326,0.3823948800563812
2117425085.0,-0.3159254789352417,1.0204793214797974,9.03653335571289,2.289835929870605,3.7285873889923096,-0.03725590929389
2117433418.0,-0.1428501456975937,0.7308976054191589,10.982884407043455,3.5685746669769287,3.830531597137451,0.2955626547336578
2117441751.0,-0.5233640074729919,0.3664766848087311,11.082432746887209,2.2040791511535645,1.9990373849868768,0.4035266935825348
2117450084.0,-0.6104021668434143,0.6036355495452881,10.13370418548584,1.569230318069458,-0.1449381411075592,-0.0313902385532856
2117458417.0,-0.3127162158489227,0.7476619482040405,9.377098083496094,1.941123604774475,-1.03705632686615,0.1826038658618927
2117466750.0,0.0242014769464731,0.415186196565628,9.759095191955566,2.155181884765625,-2.011242628097534,0.3250958919525146
2117475083.0,-0.0847126990556716,0.6891723871231079,9.521699905395508,1.8667399883270264,-1.7393732070922852,0.0033298509661108
2117483416.0,-0.5721805095672607,0.4348149299621582,9.53775405883789,1.6430763006210327,0.3821643888950348,0.4276296496391296
2117491749.0,-0.4754838943481445,0.3708557784557342,9.658939361572266,1.260271668434143,2.859650135040283,0.143029898405075
2117500082.0,-0.1666870266199112,0.6349899768829346,9.54561710357666,2.2118661403656006,3.867263078689575,0.4142078161239624
2117508415.0,-0.0871322304010391,0.0525186136364936,10.803958892822266,2.8913605213165283,2.4116313457489014,0.380704402923584
2117516748.0,-0.7292388081550598,-0.4457805156707763,10.27581024169922,2.072319746017456,0.4968905448913574,0.1300690919160843
2117525081.0,-0.2910420000553131,-0.095197856426239,9.368285179138184,2.912184953689575,-0.0595659054815769,0.3374931812286377
2117533414.0,-0.2207679897546768,0.4592835009098053,9.39616870880127,3.969873428344727,-0.8419014811515808,0.3730200827121734
2117541747.0,-0.418466567993164,0.9729464650154114,9.55940055847168,4.482901096343994,-0.5255401134490967,0.0895473659038543
2117550080.0,0.1137943267822265,0.7313993573188782,10.014927864074709,3.3871750831604004,0.5900238752365112,0.1577324569225311
2117558413.0,-0.3146107494831085,0.568013072013855,9.921034812927246,2.203797578811645,1.6925629377365112,0.2095244526863098
2117566746.0,-0.7395694851875305,0.7933631539344788,9.482410430908203,2.1804630756378174,3.0970938205718994,0.3266839385032654
2117575079.0,-0.6012172102928162,0.5007843971252441,10.288122177124023,3.1808524131774902,3.961010694503784,0.5173050761222839
2117583412.0,-0.4245409965515136,0.7351427674293518,10.601903915405272,3.198039531707764,2.604045391082764,0.3854174017906189
2117591745.0,0.0546573437750339,0.4337360858917236,10.676909446716309,3.3265976905822754,-0.0455805324018001,0.5600041151046753
2117600078.0,-0.4298694431781769,0.3599171340465545,10.332624435424805,2.60711932182312,-1.692319631576538,0.2201543450355529
2117608411.0,-0.6275068521499634,0.9843370914459229,9.063458442687988,2.4220566749572754,-1.1560856103897097,0.047078963369131
2117616744.0,-0.3512023985385895,1.016870617866516,9.108465194702148,3.2904555797576904,0.8549007177352905,0.1377277374267578
2117625077.0,-0.9568322896957396,0.5704052448272705,10.176498413085938,2.686779260635376,2.90432071685791,0.0027151084505021
2117633410.0,-0.1008837074041366,0.8666913509368896,9.997466087341309,1.7824686765670776,3.5191903114318848,0.2352667152881622
2117641743.0,-0.3167437613010406,0.3446038067340851,10.382760047912598,2.2690882682800293,1.910822033882141,0.2041454762220382
2117650076.0,-1.1771551370620728,1.1171611547470093,10.024474143981934,2.530020475387573,0.599040150642395,0.0268437210470438
2117658409.0,-0.4435505867004394,1.09268319606781,9.816814422607422,2.860264778137207,0.2554763853549957,0.0039958204142749
2117666742.0,0.44486865401268,0.4495829343795776,10.244489669799805,2.5752549171447754,-1.4697062969207764,-0.1653270721435547
2117675075.0,0.0771130174398422,0.6169403791427612,9.8372163772583,1.303585171699524,-2.4216339588165283,-0.100394994020462
2117683408.0,-0.5756466388702393,0.2595695257186889,9.165353775024414,0.8839983940124512,0.1435677707195282,0.101970262825489
2117691741.0,-0.2295880019664764,0.6086512804031372,9.187042236328123,1.672711968421936,2.66943883895874,0.2107283025979995
2117700074.0,0.1447764039039611,0.7700187563896179,10.220733642578123,3.059364318847656,3.324241399765014,-0.0098486738279461
2117708407.0,-0.2716926634311676,0.4071350395679474,10.945155143737791,2.730195999145508,2.062099933624268,0.1541977077722549
2117716740.0,-0.5865165591239929,0.6571915149688721,10.159214973449709,1.5830365419387815,1.705907940864563,-0.086563304066658
2117725073.0,0.0354707315564155,0.2719263732433319,9.20520305633545,2.3339946269989014,1.3279187679290771,0.2170550227165222
2117733406.0,0.0522410720586776,-0.6306080222129822,9.96926498413086,2.7663116455078125,-0.2411196082830429,0.2545798718929291
2117741739.0,-0.7107229232788086,-0.3295810520648956,9.641815185546877,2.255486965179444,-0.15695121884346,0.0681850910186767
2117750072.0,-0.4562694728374481,0.7205106616020203,8.821751594543457,3.437174081802368,1.6256840229034424,0.3230210840702057
2117758405.0,-0.4461212456226349,1.2534854412078855,9.748077392578123,4.689863681793213,2.150007724761963,-0.0152788897976279
2117766738.0,-0.248419389128685,0.9296414256095886,10.794442176818848,3.614475965499878,2.1004953384399414,0.2360863983631134
2117775071.0,-0.4404281079769134,0.1600605547428131,10.314756393432615,1.0851982831954956,1.43275785446167,0.515204668045044
2117783404.0,-0.9314621686935424,0.6269567608833313,9.214111328125,1.47069251537323,1.4815529584884644,0.3534508347511291
2117791737.0,-0.5548338294029236,0.731661319732666,9.63184928894043,3.387789964675904,1.1821480989456177,0.4170253276824951
2117800070.0,-0.4485110342502594,0.6061568260192871,10.52561855316162,3.5106868743896484,0.5763971209526062,0.1666974276304245
2117808403.0,0.026874266564846,0.7166869044303894,10.120058059692385,2.68224573135376,-0.4142206311225891,0.4206369519233703
2117816736.0,-0.1159710139036178,0.3243298530578613,9.603110313415527,2.072012186050415,-0.7193629741668701,0.525885820388794
2117825069.0,-0.8231744766235352,0.862396240234375,8.638382911682129,2.292320251464844,0.9258777499198914,0.0497428439557552
2117833402.0,-0.6136130690574646,-0.0697642937302589,9.732730865478516,2.7057595252990723,3.193582773208618,0.5063422322273254
2117841735.0,-0.1504929214715957,-0.1284790337085724,10.343600273132324,2.3553569316864014,3.756276607513428,0.5215570330619812
2117850068.0,-0.067866712808609,0.9196488857269288,10.25758457183838,3.452337741851806,1.831571340560913,0.6559550166130066
2117858401.0,-1.515337586402893,1.151725172996521,10.406295776367188,3.84070086479187,0.8875075578689575,0.2180539816617965
2117866734.0,-0.6922951936721802,1.264276146888733,9.75642204284668,3.1688907146453857,2.0981130599975586,0.1957951933145523
2117875067.0,-0.145331397652626,0.2508394122123718,10.063398361206056,2.6128058433532715,1.5954595804214478,0.7511630654335022
2117883400.0,-0.3758318126201629,0.94911789894104,10.06038761138916,1.4920803308486938,0.0184422489255666,0.2765312492847442
2117891733.0,-0.9040089845657348,0.9146705269813538,9.165367126464844,2.027596950531006,0.0732054784893989,0.2887492775917053
2117900066.0,-1.4208141565322876,0.7393998503684998,9.405858039855955,2.7340123653411865,2.083308219909668,0.0884203389286995
2117908399.0,-0.1072436273097992,0.1330031454563141,10.36167812347412,2.3406543731689453,2.7137773036956787,0.5182784199714661
2117916732.0,-0.0732267498970031,-0.1210983991622924,10.130399703979492,2.015430450439453,0.911636233329773,0.4513483941555023
2117925065.0,-1.5607904195785522,0.2692244946956634,9.489102363586426,2.574537992477417,0.4261952340602875,0.1443618386983871
2117933398.0,-0.9471686482429504,0.3434518277645111,9.163886070251465,3.4016213417053223,1.9191465377807613,0.474862277507782
2117941731.0,-0.7909886240959167,0.4682471752166748,9.871639251708984,4.449090480804443,1.9399707317352293,0.2355741113424301
2117950064.0,-0.6393982768058777,0.9717875719070436,11.045303344726562,3.7859370708465576,0.4059343338012695,0.2711266279220581
2117958397.0,-0.6944076418876648,0.700229823589325,10.075060844421388,2.417189836502075,-0.2663496434688568,0.3041946589946747
2117966730.0,-0.4714925587177276,1.173784613609314,9.151150703430176,3.296347379684448,-0.5727726817131042,0.2344214916229248
2117975063.0,-0.3014788329601288,0.7075223922729492,9.975706100463867,3.350649118423462,-0.297342836856842,0.2924889624118805
2117983396.0,-0.8281728625297546,0.3942826390266418,9.921381950378418,2.4073028564453125,0.0444663129746913,0.2547335922718048
2117991729.0,-0.8501655459403992,0.460572749376297,9.53502368927002,2.3033089637756348,1.5066548585891724,0.4025276899337768
2118000062.0,-0.6081804037094116,0.3745286464691162,9.85576057434082,3.063436508178711,2.514139413833618,0.8682969212532043
2118008395.0,-1.2914091348648071,0.8594813346862793,10.26682186126709,3.78317141532898,1.8056756258010864,0.5428169369697571
2118016728.0,-0.4076235592365265,0.8371216058731079,10.883550643920898,2.9908206462860107,0.327119380235672,0.5750395655632019
2118025061.0,-0.2446650862693786,0.5927938222885132,10.00139045715332,2.176210880279541,-1.7182155847549438,0.675601065158844
2118033394.0,-0.6322730779647827,0.2686943709850311,9.930171012878418,1.8913551568984983,-2.446556568145752,0.7192477583885193
2118041727.0,-0.6550803780555725,0.4734724164009094,9.512438774108888,1.4618043899536133,-0.4406032264232635,0.7830015420913696
2118050060.0,-0.4117631316184997,0.2866911888122558,9.6065092086792,2.5744099617004395,0.6208634376525879,0.8509305119514465
2118058393.0,-0.5999816060066223,1.4808299541473389,9.655325889587402,3.6596081256866455,1.603041172027588,0.6914561986923218
2118066726.0,-0.7976846098899841,1.222911357879639,10.543578147888184,3.75445818901062,2.4864509105682373,0.9814607501029968
2118075059.0,-0.7764958739280701,1.0590593814849854,10.235578536987305,1.9409443140029907,1.6528353691101074,0.8352034091949463
2118083392.0,-1.0340278148651123,0.9917689561843872,9.7593355178833,1.0402965545654297,1.169930100440979,0.8427595496177673
2118091725.0,-0.8440787196159363,0.5843086242675781,9.534396171569824,1.0887842178344729,0.027253545820713,1.0302045345306396
2118100058.0,-1.2904237508773804,0.6114318370819092,9.67708969116211,2.10946011543274,-1.2808783054351809,0.6877422332763672
2118108391.0,-0.2003018260002136,0.5321295857429504,10.240129470825195,2.22997522354126,-1.7089176177978516,0.8472932577133179
2118116724.0,-0.6412646770477295,0.60300612449646,9.909086227416992,2.0600504875183105,-2.4206347465515137,0.8799002766609192
2118125057.0,-0.6006234288215637,0.9597305059432985,9.6544189453125,2.034590005874634,-1.1856189966201782,0.4813683629035949
2118133390.0,-0.4266874194145202,0.3153035938739776,9.57160186767578,1.89276385307312,0.2014303356409073,0.9351500272750854
2118141723.0,-0.8042658567428589,0.3032523095607757,9.669180870056152,1.9569787979125977,0.7629199624061584,0.5342104434967041
2118150056.0,-0.1343460232019424,0.8228551149368286,10.347779273986816,2.185739517211914,1.2157796621322632,1.2330436706542969
2118158389.0,-0.3997195065021515,0.8960141539573669,10.347257614135742,2.887492656707764,-0.6818380951881409,0.9410157799720764
2118166722.0,-0.2714685797691345,0.7498915791511536,10.176855087280272,2.8240466117858887,-1.80945372581482,0.4756307303905487
2118175055.0,-0.5531119108200073,0.7024111747741699,9.346084594726562,2.285609483718872,-1.1510396003723145,0.7853837013244629
2118183388.0,-0.5369148850440979,0.7089964747428894,9.710987091064451,1.91110360622406,0.13775335252285,0.6591566801071167
2118191721.0,-0.4295504093170166,0.8351965546607971,9.499298095703123,1.9775470495224,1.1672918796539309,0.8231135010719299
2118200054.0,-0.4799212217330932,0.4386712610721588,9.865638732910156,2.502126693725586,0.8098708987236023,0.6470668315887451
2118208387.0,-0.4110991954803467,0.2288510054349899,10.000341415405272,2.4465692043304443,0.6805446147918701,0.7257793545722961
2118216720.0,-0.5480012893676758,-0.1631311178207397,9.32950210571289,2.3085341453552246,-0.033721137791872,0.7267014384269714
2118225053.0,-0.7946743369102478,0.3318484127521515,9.20075225830078,3.1337480545043945,0.0402655787765979,0.56346195936203
2118233386.0,-0.7172183990478516,0.1549597233533859,9.81004810333252,3.4555137157440186,0.4337514340877533,0.7454254627227783
2118241719.0,-0.0626133307814598,0.2216153442859649,10.011833190917969,3.3643271923065186,-0.101060964167118,0.779364287853241
2118250052.0,-0.3700513243675232,0.6847213506698608,9.824317932128906,3.42621111869812,-0.4952640235424042,0.8016743659973145
2118258385.0,-0.3818311393260956,0.5489621758460999,9.772323608398438,3.4921936988830566,-0.3400161862373352,0.7780324220657349
2118266718.0,-0.2604119479656219,0.7485456466674805,9.80819606781006,3.271091938018799,0.294128268957138,0.7206308841705322
2118275051.0,-0.2494498044252395,0.9827749729156494,9.684481620788574,2.9640023708343506,0.9001867175102234,0.903209149837494
2118283384.0,-0.1569268703460693,1.2080680131912231,9.717761039733888,2.891770362854004,0.8724209070205688,0.9069231748580932
2118291717.0,-0.5670639276504517,0.7442061305046082,10.104208946228027,2.4211342334747314,1.194494366645813,0.8794904351234436
2118300050.0,-0.8752920627593994,0.1440915465354919,10.149014472961426,1.213423252105713,2.2341761589050293,1.1663954257965088
2118308383.0,-0.1209008917212486,0.0723669379949569,9.810426712036133,1.0862997770309448,1.772709846496582,1.388522028923035
2118316716.0,0.117369957268238,0.5522547364234924,9.402037620544434,3.281363248825073,-0.61296147108078,1.1433939933776855
2118325049.0,-0.4548792243003845,0.0060390923172235,10.26332187652588,3.631381034851074,-1.2225801944732666,0.7978833913803101
2118333382.0,-0.4875936210155487,0.0020846012048423,9.31371021270752,2.1396851539611816,0.1739206463098526,0.7736010551452637
2118341715.0,-0.5356080532073975,0.1762089431285858,8.941234588623047,2.171011447906494,2.3682923316955566,0.8981375694274902
2118350048.0,-0.6824854016304016,0.5523015260696411,9.914716720581056,2.877349853515625,3.810296535491944,1.210247039794922
2118358381.0,-0.6834944486618042,0.759183406829834,10.420283317565918,3.268376588821411,3.5052311420440674,0.8942954540252686
2118366714.0,-0.4162486493587494,0.7586840391159058,10.503231048583984,3.7121174335479736,2.1074368953704834,0.8319247364997864
2118375047.0,-0.5904640555381775,0.6657623052597046,10.286725044250488,3.177906990051269,0.3588298261165619,0.945011556148529
2118383380.0,-0.4843924343585968,0.7821310758590698,9.688714027404783,2.7251241207122803,-0.6119369268417358,0.7113586068153381
2118391713.0,-0.9432937502861024,0.2095518857240677,9.485884666442873,2.5864999294281006,0.2917461097240448,0.8586403131484985
2118400046.0,-0.3184520006179809,0.1938087344169616,9.601102828979492,2.724432468414306,1.4594734907150269,0.7907370924949646
2118408379.0,-0.3645636141300201,0.4259557723999023,10.02260971069336,3.411508560180664,2.2100987434387207,0.7924275398254395
2118416712.0,-0.8115980625152588,0.7060204744338989,10.449565887451172,3.582714796066284,2.300414562225342,0.797473669052124
2118425045.0,-0.8917403221130371,1.044243574142456,9.549349784851074,3.584430456161499,2.6465909481048584,0.7372801303863525
2118433378.0,-1.005414366722107,0.8424374461174011,9.917095184326172,3.924792289733887,2.3752334117889404,0.8129445314407349
2118441711.0,-0.515538215637207,0.5821673274040222,10.774949073791504,2.856858015060425,1.1736186742782593,0.8877894282341003
2118450044.0,-0.612879753112793,0.4467416107654571,10.363192558288574,1.988125562667847,-0.5573017001152039,0.6852832436561584
2118458377.0,-0.1367997974157333,0.620490312576294,9.916098594665527,2.455944061279297,-0.9869549870491028,0.8251882195472717
2118466710.0,-0.7962754964828491,1.0643887519836426,9.732562065124512,3.590116500854492,-0.0173024144023656,0.984816074371338
2118475043.0,-0.8395495414733887,1.1662492752075195,10.210187911987305,3.716727733612061,1.7954808473587036,0.6981671452522278
2118483376.0,-0.2413687109947204,0.9014360308647156,10.108962059020996,2.706681728363037,2.850377559661865,0.8175294995307922
2118491709.0,-0.5138983726501465,0.5860595107078552,10.397663116455078,2.124572992324829,2.5545589923858643,0.715584933757782
2118500042.0,-0.8329075574874878,0.3549871444702148,10.381808280944824,1.6114684343338013,2.1578197479248047,0.5904592871665955
2118508375.0,-0.9264830946922302,0.6618543863296509,9.322714805603027,2.6860368251800537,1.6351872682571411,0.5002972483634949
2118516708.0,-0.2935096025466919,0.4641573429107666,10.226418495178224,4.386540412902832,0.8374830484390259,0.8217815160751343
2118525041.0,-0.9641314148902892,0.3771235644817352,10.070585250854492,3.174321174621582,-0.0564665831625461,0.7083616852760315
2118533374.0,-0.7485600113868713,0.6308408975601196,9.692645072937012,2.547770977020264,0.2216655611991882,0.4158726632595062
2118541707.0,-0.5483010411262512,0.796780526638031,9.695555686950684,2.8131089210510254,1.3430054187774658,0.5068288445472717
2118550040.0,-0.3156361579895019,0.6603509187698364,9.953946113586426,3.325957536697388,1.280225157737732,0.4616965651512146
2118558373.0,-0.1065739914774894,0.334654837846756,10.42282772064209,3.466707706451416,0.5641536116600037,0.4220970273017883
2118566706.0,-1.2878084182739258,0.6888679265975952,9.755001068115234,2.817565679550171,1.489877462387085,0.4882329106330871
2118575039.0,-0.7850010395050049,1.2648260593414309,9.276668548583984,3.2271888256073,3.011824131011963,0.5754750370979309
2118583372.0,-0.311934620141983,0.9463906288146972,10.393213272094728,3.488633394241333,2.268832206726074,0.7139968276023865
2118591705.0,-0.9083830714225768,0.5640261769294739,10.548972129821776,2.20876693725586,0.4536793529987335,0.5185602307319641
2118600038.0,-1.0447367429733276,0.6133564114570618,9.69308853149414,1.105279803276062,0.9247763752937316,0.822780430316925
2118608371.0,-0.3623506426811218,0.8678662776947021,9.32842254638672,2.127415895462036,0.445380300283432,0.6853088736534119
2118616704.0,-0.490928441286087,0.4408198297023773,9.906052589416504,3.1951966285705566,-0.7237942218780518,0.5447379350662231
2118625037.0,-0.5527214407920837,-0.0298910699784755,10.098753929138184,2.151339292526245,-0.1565157771110534,0.5624372959136963
2118633370.0,-0.768665075302124,-0.1841433197259903,9.003678321838379,1.55009663105011,1.316315531730652,0.7354103326797485
2118641703.0,-0.7462942004203796,0.6266217827796936,9.123191833496094,3.023273468017578,2.650740385055542,0.8301829099655151
2118650036.0,-0.795460045337677,1.066663146018982,10.336017608642578,4.064134120941162,2.448208808898926,0.8786963820457458
2118658369.0,-0.7310957908630371,0.7908730506896973,10.433064460754396,3.227675676345825,0.9277989268302916,0.4861581921577453
2118666702.0,-0.8310943245887756,0.4454278647899627,9.829811096191406,2.2900664806365967,0.1922860592603683,0.6876397728919983
2118675035.0,-0.9066574573516846,0.1984438747167587,9.444425582885742,1.762618064880371,-0.0200687535107135,0.6660726070404053
2118683368.0,-0.1659601032733917,0.4326131939888,9.119396209716797,2.419239044189453,-0.6330942511558533,0.7800303101539612
2118691701.0,-1.3186596632003784,1.1662566661834717,9.49964427947998,3.898409605026245,-0.053879540413618,0.775189220905304
2118700034.0,-0.7799610495567322,0.8168207406997681,10.35946559906006,3.0953521728515625,0.798856794834137,0.7184023857116699
2118708367.0,-0.2879070043563843,0.677993655204773,9.565839767456056,2.273494005203247,0.7645593285560608,0.3695110082626343
2118716700.0,-0.6129187345504761,0.7512026429176331,9.858189582824709,2.318036794662476,0.2649792432785034,0.7262916564941406
2118725033.0,-1.2108485698699951,0.4801954329013824,9.6104736328125,1.9890990257263184,0.4301142394542694,0.7403538227081299
2118733366.0,-1.0838679075241089,1.0891313552856443,9.512271881103516,2.5480785369873047,0.8347935676574707,0.5195847749710083
2118741699.0,-0.3946561813354492,0.8398624658584595,10.326091766357422,2.6494081020355225,0.3131596148014068,1.1127848625183103
2118750032.0,-0.7110736966133118,0.055887684226036,10.236113548278809,1.6679733991622925,-1.4664533138275146,0.6832340955734253
2118758365.0,-0.6809630990028381,0.6532028913497925,9.350180625915527,1.4181064367294312,-1.5880696773529053,0.5776522159576416
2118766698.0,-0.8426876664161682,0.830474317073822,9.84026336669922,2.4917526245117188,-0.6015374660491943,0.7757270336151123
2118775031.0,-0.903676986694336,1.271155834197998,9.993083000183104,2.690314292907715,0.3467655479907989,0.3474058806896209
2118783364.0,-0.2271011173725128,1.5106462240219116,10.462589263916016,2.659884452819824,0.565126895904541,0.6144598126411438
2118791697.0,-0.5009279251098633,0.4580609202384949,10.292132377624512,1.5271462202072144,-0.4312284290790558,0.4822647273540497
2118800030.0,-0.7185245156288147,0.3907097280025482,9.076786041259766,0.6167395710945129,-0.814494252204895,0.5561106204986572
2118808363.0,-1.0055170059204102,0.6658301949501038,9.117671966552734,1.5969963073730469,0.2471517622470855,0.7083873152732849
2118816696.0,-0.4519007802009582,0.4183681905269623,10.16451358795166,2.1414780616760254,0.0497940704226493,0.6241676807403564
2118825029.0,-0.2459694892168045,0.4890400767326355,10.125001907348633,2.418829202651977,-1.010033369064331,0.3103933036327362
2118833362.0,-0.9421771764755248,0.3075005710124969,10.112100601196287,1.824168920516968,-1.0511953830718994,0.2600613236427307
2118841695.0,-0.3657317459583282,0.5426289439201355,9.939203262329102,1.2818130254745483,0.2393650263547897,0.6041117310523987
2118850028.0,-0.4597215056419372,1.1664249897003174,9.195311546325684,2.6739213466644287,-0.0271382853388786,0.3111873567104339
2118858361.0,-0.9538488984107972,1.091458439826965,10.534427642822266,3.2437100410461426,0.1607037186622619,0.0825802981853485
2118866694.0,-0.3514406383037567,0.526792585849762,10.236534118652344,1.3158289194107056,0.5663819313049316,0.5552654266357422
2118875027.0,-0.7060642838478088,0.6877816319465637,9.77780055999756,0.8984705209732056,0.3587017357349396,0.6823631525039673
2118883360.0,-0.7782727479934692,1.3540475368499756,10.290467262268066,1.041628360748291,0.1301459223031997,0.6893559694290161
2118891693.0,-0.9133179187774658,0.9540533423423768,9.891551971435549,1.341673731803894,-0.3696005940437317,0.4540891349315643
2118900026.0,-0.4081719815731048,0.3997929394245147,10.517659187316896,1.655268669128418,-0.9083703756332396,0.4266050457954407
2118908359.0,-0.6760366559028625,0.0537464618682861,10.281038284301758,0.2772484719753265,-0.7954884767532349,0.8712426424026489
2118916692.0,-0.7614988088607788,0.7078381776809692,9.42623805999756,0.6012941598892212,-0.370983749628067,0.5987327098846436
2118925025.0,-0.3947353661060333,1.1376794576644895,9.870831489562988,1.7305744886398315,-0.3874793350696563,0.4723008573055267
2118933358.0,-0.5445671677589417,0.5165352821350098,10.064678192138672,1.3826050758361816,-0.1934771239757537,0.5105172991752625
2118941691.0,-0.1754377782344818,-0.6458802819252014,10.086223602294922,0.5355167984962463,-0.1595894992351532,0.8963446021080017
2118950024.0,-0.8042084574699402,-0.2975797355175018,9.565790176391602,0.3123399615287781,-0.071527749300003,1.006178379058838
2118958357.0,-0.5055570602416992,0.4221360385417938,9.276185989379885,2.09260630607605,0.298687607049942,0.886969804763794
2118966690.0,-0.666830837726593,0.6775980591773987,9.844494819641112,3.869209051132202,0.248662993311882,0.6893815398216248
2118975023.0,-0.4183456897735595,0.8872054815292358,10.852288246154783,3.117457389831543,-0.0437363013625144,0.7128185033798218
2118983356.0,-0.4361302852630615,0.4179620742797851,10.312711715698242,0.8303366899490356,-0.1935539543628692,0.8393528461456299
2118991689.0,-0.3592949509620666,0.6479548811912537,9.457453727722168,0.5756030678749084,-0.2758524715900421,0.647374153137207
2119000022.0,-0.3483109772205353,0.6966245770454407,9.36956024169922,1.724734663963318,-0.2177594453096389,0.632108211517334
2119008355.0,-0.6311848163604736,0.1855897456407547,10.389405250549316,2.159177541732788,0.3029139041900635,0.5467102527618408
2119016688.0,0.033447403460741,0.3507367968559265,9.867623329162598,1.7922025918960571,0.3394142687320709,0.6845405101776123
2119025021.0,-0.1009518280625343,0.1490719020366668,9.795037269592283,2.266014575958252,-0.0443510487675666,0.9123791456222534
2119033354.0,-0.6624882221221924,0.1607086658477783,9.434937477111816,1.8975281715393064,0.5595428943634033,0.6723736524581909
2119041687.0,-0.253915935754776,-0.4141307771205902,9.327570915222168,2.355024099349976,1.5870838165283203,0.7211431860923767
2119050020.0,-0.4429512023925781,-0.4385591745376587,9.829509735107422,2.6874454021453857,1.499559760093689,0.6172774434089661
2119058353.0,-0.3896642923355102,0.8047149181365967,10.115897178649902,3.2443501949310303,1.2694414854049685,0.5710949897766113
2119066686.0,0.01825937256217,0.7107493281364441,10.11513900756836,3.849819421768189,0.5524221658706665,0.3448444604873657
2119075019.0,-0.4251478016376495,0.6475839018821716,9.63665771484375,3.430540084838867,0.2052980810403823,0.2403895705938339
2119083352.0,-0.5331827402114868,0.2583057284355163,9.418197631835938,2.6170828342437744,1.402097463607788,0.4481722116470337
2119091685.0,-0.2060695439577102,-0.1272550076246261,9.600397109985352,1.8785991668701167,2.352565288543701,0.6605911254882812
2119100018.0,-0.2032615691423416,0.444979190826416,9.161569595336914,3.0465312004089355,2.0071823596954346,0.474708616733551
2119108351.0,-0.6843212842941284,0.5774524807929993,9.59997272491455,4.268612384796143,2.0447332859039307,0.4623625576496124
2119116684.0,-0.2991246581077575,0.0827295556664466,10.3389892578125,3.82471776008606,2.035358428955078,0.4824185073375702
2119125017.0,-1.0675523281097412,0.8280519843101501,9.359944343566896,3.1469900608062744,2.06017804145813,0.1975369453430175
2119133350.0,-0.3443070948123932,1.1065219640731812,10.558101654052734,3.230339288711548,3.030574083328247,0.3983269929885864
2119141683.0,-0.3805182874202728,0.9419412016868592,9.861283302307127,2.8026840686798096,1.3629591464996338,0.2828836143016815
2119150016.0,-0.633667528629303,0.9663504958152772,9.970105171203612,3.000067234039306,0.4895905256271362,0.1494334489107132
2119158349.0,-0.0706069245934486,0.017801821231842,10.227453231811523,1.4128042459487915,1.4137777090072632,0.6899705529212952
2119166682.0,-0.2392902076244354,0.1195659935474395,8.930230140686035,1.6728143692016602,1.0548709630966189,0.530931830406189
2119175015.0,-0.867001473903656,1.1021785736083984,9.454608917236328,3.1835930347442627,2.147318124771118,0.4507592320442199
2119183348.0,-0.5293248891830444,0.7344356179237366,10.5565824508667,2.653686046600342,3.833810806274414,0.7844871878623962
2119191681.0,-0.4658842086791992,0.6344988942146301,10.071215629577637,2.448694944381714,2.9320101737976074,0.1782750487327575
2119200014.0,-0.5988507270812988,1.0519152879714966,9.983891487121582,2.158639907836914,2.7917468547821045,0.5533187389373779
2119208347.0,-1.1465075016021729,0.2014367133378982,9.817219734191896,1.6779627799987793,2.410120248794556,0.5328016877174377
2119216680.0,-0.8491092324256897,0.479037344455719,9.220816612243652,1.963689923286438,2.0606651306152344,0.1678500920534134
2119225013.0,-0.560786247253418,0.8952879309654236,10.008992195129396,2.791311502456665,2.0794663429260254,0.6658421158790588
2119233346.0,-1.0235810279846191,0.6518763303756714,10.348660469055176,2.145012855529785,0.8825896382331848,0.2601125538349151
2119241679.0,-0.483311653137207,0.6102488040924072,9.789692878723145,1.4950262308120728,0.8800795674324036,0.1065552309155464
2119250012.0,-0.6544944047927856,0.2514510154724121,9.609753608703612,1.8121559619903564,1.582857370376587,0.6339778900146484
2119258345.0,-0.5760669708251953,0.3972260355949402,10.200827598571776,1.8990650177001955,1.6474305391311646,0.4178449809551239
2119266678.0,-0.8781741261482239,1.0546140670776367,9.674052238464355,2.515420436859131,2.034308195114136,0.4349040687084198
2119275011.0,-0.7922664284706116,0.5398567318916321,10.104199409484863,2.99993896484375,2.3053319454193115,0.4269892275333404
2119283344.0,-0.1809893697500229,0.2549046576023102,10.311352729797363,2.36462926864624,1.638645052909851,0.4736584722995758
2119291677.0,-0.4009154438972473,0.0922812446951866,10.175613403320312,1.8384358882904053,0.674525260925293,0.6067500114440918
2119300010.0,-0.8411335945129395,0.6702728271484375,9.88107204437256,2.281126976013184,0.4693552851676941,0.1921579986810684
2119308343.0,-0.8170791268348694,1.0065943002700806,9.690333366394045,3.4474966526031494,1.956312894821167,0.0006403558072634
2119316676.0,-0.7145499587059021,1.3858606815338137,10.54957389831543,3.517295837402344,3.234565734863281,0.4105962216854095
2119325009.0,-0.5737419128417969,0.9090166091918944,10.779579162597656,2.262479782104492,2.857600688934326,0.2375719845294952
2119333342.0,-0.663932204246521,0.9224050045013428,9.890599250793455,1.3363971710205078,2.2040281295776367,0.1130868569016456
2119341675.0,-0.4413307905197143,0.5176753401756287,9.7365083694458,1.5762746334075928,1.0750551223754885,0.2799379825592041
2119350008.0,-0.3695988059043884,-0.2462749481201172,9.662903785705566,1.7507331371307373,0.2665673494338989,0.3843928575515747
2119358341.0,-0.6430143713951111,-0.2156321108341217,9.41102409362793,2.11801552772522,0.2273519486188888,0.2286070436239242
2119366674.0,-0.6006701588630676,-0.3284748196601867,9.460360527038574,2.726174116134644,1.4245100021362305,0.0732823237776756
2119375007.0,-0.3189356923103332,-0.2896657884120941,9.20261287689209,3.3155834674835205,2.695206880569458,0.1018678173422813
2119383340.0,-0.3452428579330444,0.5715488195419312,9.901384353637695,4.296762466430664,2.9697656631469727,0.3335485756397247
2119391673.0,-1.2319550514221191,1.0941064357757568,10.475591659545898,4.04136323928833,2.9369025230407715,0.1382144093513488
2119400006.0,-0.5898154377937317,1.0690912008285522,9.93446445465088,3.063616275787353,3.0281147956848145,-0.0209396369755268
2119408339.0,-0.3676088154315948,0.9853959083557128,9.96070384979248,3.1412785053253174,2.1453969478607178,0.1068625897169113
2119416672.0,0.0118522606790065,-0.0174600891768932,10.469923973083496,1.570101261138916,0.0805311501026153,0.3299113512039184
2119425005.0,-0.1352920085191726,-0.3585149347782135,8.795022964477539,1.4586538076400757,-0.977708101272583,0.1938741356134414
2119433338.0,-0.3784545361995697,-0.3761041164398193,8.580497741699219,3.040435314178467,0.3033493757247925,0.1793252527713775
2119441671.0,-1.2192714214324951,-0.0826387405395507,8.836360931396484,3.7571988105773926,3.38850736618042,0.4640275239944458
2119450004.0,-1.3553811311721802,0.5048156976699829,9.381169319152832,4.48766565322876,6.270877838134766,0.0217977184802293
2119458337.0,-1.095644474029541,0.4086388349533081,10.33970546722412,4.477010250091553,6.501918315887451,0.2640315890312195
2119466670.0,-0.822314441204071,0.0399284847080707,10.786544799804688,3.029677391052246,3.21474027633667,0.440641701221466
2119475003.0,-0.7438424825668335,0.6054015159606934,10.168368339538574,2.9489667415618896,-0.2825377881526947,0.5434315800666809
2119483336.0,-1.5059752464294434,0.4827364385128021,9.687066078186035,3.025937557220459,-2.179271697998047,0.3557048738002777
2119491669.0,-1.0247681140899658,0.7020018100738525,9.293083190917969,3.0722994804382324,-1.7015153169631958,-0.0213750805705785
2119500002.0,-0.5509095191955566,0.9589117765426636,9.465786933898926,3.1903812885284424,-0.1783647239208221,0.3392349183559418
2119508335.0,-0.901279628276825,0.6721274256706238,9.957900047302246,2.597463130950928,1.3067103624343872,0.5652806162834167
2119516668.0,-0.963012158870697,0.8606208562850952,9.235162734985352,2.334635019302368,2.481635332107544,0.5300354361534119
2119525001.0,-1.21681809425354,0.7358280420303345,9.904911994934082,3.0699429512023926,3.0854651927948,0.6213244795799255
2119533334.0,-1.1468291282653809,-0.0129772750660777,10.469614028930664,2.1104848384857178,1.7126448154449463,0.5875393152236938
2119541667.0,-0.6533800363540649,-0.2021203488111496,9.568734169006348,1.9146130084991453,-0.7506635785102844,0.7699894905090332
2119550000.0,-1.022968292236328,-0.217854157090187,9.612448692321776,3.241302490234375,-2.8704211711883545,0.581007719039917
2119558333.0,-1.0687657594680786,0.2974200844764709,9.329864501953123,3.841034173965454,-2.6068248748779297,0.4440227746963501
2119566666.0,-0.3130010664463043,0.324632465839386,9.638690948486328,4.589481830596924,-1.6437551975250244,0.3872103989124298
2119574999.0,-0.3980129957199096,0.2011463791131973,10.055082321166992,4.227834701538086,-0.8183876276016235,0.5770630836486816
2119583332.0,-0.4191248714923858,-0.0222801249474287,9.404574394226074,3.443578004837036,0.1734596043825149,1.0824064016342163
2119591665.0,-0.5740900635719299,0.0566502511501312,9.218077659606934,4.54237699508667,0.7090533375740051,0.9544633626937866
2119599998.0,-1.4817700386047363,0.53524249792099,10.010571479797363,5.333626747131348,1.4080145359039309,0.6978854537010193
2119608331.0,-0.7802600264549255,0.7944602370262146,10.504404067993164,5.248254776000977,1.6213297843933103,0.7020350098609924
2119616664.0,-0.1867974400520324,0.4445005357265472,10.895703315734863,5.175997257232666,-0.6812490224838257,0.7848970293998718
2119624997.0,0.2659009099006653,0.2377757579088211,10.629425048828123,4.07589054107666,-3.6897690296173096,0.7104619741439819
2119633330.0,0.1554477959871292,0.3717602491378784,9.25593376159668,4.179577350616455,-4.527431488037109,0.7348212599754333
2119641663.0,-0.77951580286026,-0.0390885025262832,9.041436195373535,4.570706367492676,-2.3341610431671143,0.3745825588703155
2119649996.0,-0.4352314472198486,0.6437123417854309,8.642621994018555,5.012167930603027,1.668024659156799,0.506956934928894
2119658329.0,-0.3002043962478637,1.0489524602890017,9.829219818115234,6.254356384277344,3.882939100265503,0.3983526229858398
2119666662.0,-0.6563199758529663,1.386887788772583,10.833927154541016,5.2459235191345215,3.866033554077149,0.156169980764389
2119674995.0,-0.6284639239311218,1.260026454925537,10.511815071105955,3.959243774414064,2.832319974899292,0.5739893913269043
2119683328.0,-0.3712609112262726,0.8394796252250671,10.551344871520996,3.501645088195801,0.2143142968416214,0.2548872828483581
2119691661.0,-0.1177057847380638,0.5306938290596008,10.408763885498049,2.8050661087036133,-2.613560914993286,0.3942030370235443
2119699994.0,-0.2280261516571045,0.1249381676316261,9.117436408996582,2.7712044715881348,-3.4606499671936035,-0.0125893969088792
2119708327.0,-0.6281843185424805,0.1427351534366607,8.379292488098145,3.5987741947174072,-1.260847806930542,-0.3854814171791076
2119716660.0,0.1765976548194885,-0.1612438559532165,9.529720306396484,3.735401153564453,1.9138188362121584,-0.052957434207201
2119724993.0,-0.8606370687484741,0.3175447881221771,9.801450729370115,3.6172420978546143,4.12199592590332,-0.0582851879298687
2119733326.0,-1.0127602815628052,1.204593539237976,10.46165370941162,4.568145275115967,5.8811564445495605,0.091135449707508
2119741659.0,-1.2263083457946775,1.497036337852478,10.729866027832031,5.137344837188721,5.166238307952881,-0.151290476322174
2119749992.0,-1.0279632806777954,1.1716156005859375,11.153520584106444,4.746086597442627,2.4987707138061523,-0.511221706867218
2119758325.0,-0.274059921503067,1.0341899394989014,10.690295219421388,3.120684862136841,-0.6659317016601562,0.0045337192714214
2119766658.0,-0.638380765914917,0.7617095708847046,9.687902450561523,2.032310009002685,-3.372741460800171,0.0317872650921344
2119774991.0,-1.03874671459198,0.9123679399490356,8.76137638092041,2.036562204360962,-2.667607545852661,-0.0303144473582506
2119783324.0,-0.9065484404563904,-0.0204392503947019,8.973966598510742,2.400847911834717,0.2449745535850525,0.1195928677916526
2119791657.0,-1.3176884651184082,0.2918464243412018,9.29068088531494,2.451742887496948,2.741286277770996,-0.0442998111248016
2119799990.0,-1.611090898513794,1.3173787593841553,10.45453643798828,3.1938133239746094,5.1439528465271,0.2899787724018097
2119808323.0,-1.418434739112854,2.0616443157196045,11.110068321228027,3.238971471786499,4.130423545837402,0.2863927483558655
2119816656.0,-0.3916195929050445,2.152182340621948,10.941253662109377,3.1086716651916504,-0.1768791079521179,-0.1199642866849899
2119824989.0,-0.6877750158309937,0.4735572934150696,10.78409481048584,1.5881338119506836,-4.0200395584106445,0.1880341172218322
2119833322.0,-0.9360285997390748,-1.047326922416687,9.095710754394531,-0.9637995958328248,-4.9043450355529785,0.4381571412086487
2119841655.0,-0.677435040473938,-0.8029654622077942,7.730586528778076,-0.0939145982265472,-3.1869616508483887,1.0402965545654297
2119849988.0,-1.1829055547714231,0.0618234537541866,8.546957015991211,3.56911301612854,-1.0718916654586792,0.7588472962379456
2119858321.0,-0.7023136615753174,0.5440875291824341,10.662068367004396,4.941062450408936,1.3539682626724243,0.3633635342121124
2119866654.0,-0.7468904256820679,1.1946065425872805,10.646210670471191,4.315486431121826,1.9449657201766968,0.2784011363983154
2119874987.0,-0.7934660315513611,0.5969371795654297,10.836928367614746,2.94684100151062,1.210195779800415,0.3996845185756683
2119883320.0,-0.7316890954971313,0.7116473913192749,9.968080520629885,1.822657585144043,0.1544538289308548,0.8307464718818665
2119891653.0,-0.8744154572486877,1.1398710012435913,10.412480354309082,2.6500484943389893,-1.1650762557983398,0.7255488038063049
2119899986.0,-0.0644101426005363,1.31498920917511,10.549975395202637,3.0060863494873047,-2.963784694671631,0.5872319340705872
2119908319.0,0.3727527260780334,1.084886908531189,10.060611724853516,3.1412785053253174,-4.162581443786621,0.5501168966293335
2119916652.0,-0.2462463676929474,0.9354957342147828,10.25968074798584,2.112175703048706,-2.4980924129486084,0.5262444615364075
2119924985.0,-0.5015645027160645,1.0243371725082395,9.360360145568848,0.4825209677219391,1.0553064346313477,0.6935310363769531
2119933318.0,-0.6997595429420471,1.526648998260498,8.772134780883789,1.9555188417434688,3.8246665000915527,0.1219237595796585
2119941651.0,-0.6728232502937317,1.0858367681503296,10.428454399108888,2.818641662597656,4.852104663848877,0.1806315779685974
2119949984.0,-0.4284773766994476,-0.187357023358345,10.584795951843262,1.5125716924667358,3.4895548820495605,0.2852400839328766
2119958317.0,-1.1686393022537231,0.4155313670635223,9.755929946899414,1.4574499130249023,1.3258440494537354,-0.0788278058171272
2119966650.0,-1.122788906097412,0.8354020118713379,10.149555206298828,1.4124969244003296,0.3374418914318084,0.1644946038722992
2119974983.0,-0.4344964325428009,1.4353018999099731,9.357460021972656,2.4280502796173096,-1.2360533475875854,-0.2714468836784363
2119983316.0,-0.2502772808074951,-0.086571104824543,10.271692276000977,3.12693452835083,-2.470787525177002,-0.7435427308082581
2119991649.0,-0.625802218914032,-0.8350085616111755,9.654743194580078,0.357677161693573,-0.8342940807342529,-0.2081284523010254
2119999982.0,-0.542854368686676,0.1708756983280182,8.426959037780762,1.1786646842956543,1.963971376419068,-0.2192450314760208
2120008315.0,-1.0372886657714844,0.7720636129379272,9.202066421508787,4.154321670532227,4.316767692565918,-0.4317407608032226
2120016648.0,-0.5248346924781799,1.199454426765442,10.637799263000488,4.688531875610352,4.619502067565918,-0.5425480008125305
2120024981.0,-0.4697830080986023,0.3332314491271972,11.34974193572998,2.9530649185180664,2.70132827758789,-0.6498458981513977
2120033314.0,-0.6800637245178223,-0.107671745121479,10.258091926574709,0.2788365483283996,0.9206268191337584,-0.2450897842645645
2120041647.0,-0.6531117558479309,-0.3995364308357239,8.42622184753418,0.6930186748504639,-0.274136334657669,0.0011270262766629
2120049980.0,-0.9454703330993652,-0.3085163235664367,8.40401554107666,3.000758647918701,-0.2421441674232483,-0.0596939735114574
2120058313.0,-1.072744607925415,-0.3203504085540771,9.717208862304688,3.4395813941955566,1.257069706916809,0.2386990189552307
2120066646.0,-0.6433983445167542,0.1686032712459564,9.485427856445312,2.961646318435669,1.993350982666016,-0.0136908097192645
2120074979.0,-0.2307387590408325,0.8110601305961609,9.679981231689451,3.1353869438171387,1.8211207389831543,0.2370341122150421
2120083312.0,-0.553257167339325,0.3043032884597778,10.299293518066406,2.4141159057617188,1.3017922639846802,0.3345731496810913
2120091645.0,-1.4466372728347778,0.123227559030056,9.337728500366213,1.4195665121078491,1.5731236934661863,-0.0202736649662256
2120099978.0,-0.4185915887355804,0.2960511445999145,8.78327465057373,2.354434967041016,2.6816823482513428,0.170821338891983
2120108311.0,-0.5872253179550171,-0.4379245936870575,9.887284278869627,3.395960807800293,1.6403355598449707,0.5497583150863647
2120116644.0,-1.1655023097991943,-0.6342982649803162,9.920501708984377,2.553406000137329,1.092549443244934,0.445380300283432
2120124977.0,-0.7630671262741089,-0.3955572247505188,8.391761779785156,3.1641268730163574,1.302868127822876,0.706133246421814
2120133310.0,-0.7434566020965576,-0.8438140153884888,9.267637252807615,4.835096836090088,0.7868181467056274,0.6577479839324951
2120141643.0,-0.5600340962409973,-0.6600281000137329,10.23896598815918,4.014800548553467,0.2419008314609527,0.6967840194702148
2120149976.0,-0.8456746339797974,0.1489641517400741,9.998852729797363,4.021358013153076,0.447096437215805,0.5725293755531311
2120158309.0,-0.7716274261474609,0.6807766556739807,9.83131217956543,4.9503350257873535,1.4619324207305908,0.3733786940574646
2120166642.0,-0.6737954616546631,0.7666264772415161,10.154160499572754,5.944499969482422,2.659884214401245,0.3881836831569671
2120174975.0,-0.3268542289733886,1.0124582052230835,10.764883995056152,5.4133124351501465,2.3648600578308105,0.1022776439785957
2120183308.0,-1.1499075889587402,0.8259411454200745,10.19264793395996,4.724725246429443,2.253899097442627,0.2631606459617615
2120191641.0,-1.1625481843948364,1.3806846141815186,9.592731475830078,4.352755546569824,3.052576303482056,0.2043247520923614
2120199974.0,-0.8299996852874756,1.2963542938232422,10.176377296447754,4.85471773147583,2.509119272232056,-0.1611775755882263
2120208307.0,-0.34238201379776,0.7908713221549988,10.874382019042969,4.288233280181885,0.6425843238830566,0.0435954295098781
2120216640.0,-0.7339368462562561,0.8981224894523621,10.161077499389648,3.1485531330108643,0.2085767239332199,0.1577068567276001
2120224973.0,-0.7168354392051697,1.1907798051834106,9.62325382232666,3.248218059539795,0.9138391017913818,-0.2315910905599594
2120233306.0,-0.8677964210510254,1.6556204557418823,9.469083786010742,3.874255895614624,2.312965154647827,-0.385045975446701
2120241639.0,-0.7371624112129211,0.9802201390266418,10.194077491760254,3.642267465591431,3.745083332061768,-0.5935459733009338
2120249972.0,-1.34928297996521,0.146511510014534,10.071069717407228,2.529124021530152,4.214054107666016,-0.5823268294334412
2120258305.0,-1.660524606704712,0.2203798294067382,9.713083267211914,2.2187821865081787,5.053586006164551,-0.4158343374729156
2120266638.0,-1.0777279138565063,0.6680722832679749,10.06502914428711,3.654408693313599,4.083856582641602,-0.0297509375959634
2120274971.0,-0.8737717866897583,0.7257985472679138,10.496798515319824,4.548780918121338,0.3977378606796264,-0.3319220840930938
2120283304.0,-0.7333008050918579,0.7841695547103882,10.575848579406738,4.333006381988525,-1.8140898942947388,-0.3593805134296417
2120291637.0,-0.6067227721214294,0.8473118543624878,10.127448081970217,2.9038093090057373,-1.9602702856063845,-0.4706488251686096
2120299970.0,-0.666002094745636,1.4110544919967651,8.976842880249023,2.7585248947143555,-0.0810306295752525,-0.8342427611351013
2120308303.0,-0.1585203111171722,1.6590453386306765,8.798910140991211,3.7028965950012207,2.3527190685272217,-0.7005366086959839
2120316636.0,-0.7014396786689758,1.0771700143814087,10.022940635681152,3.490041971206665,4.456953525543213,-0.4090977609157562
2120324969.0,-1.4010179042816162,0.8635547757148743,9.791703224182127,1.8027812242507928,5.862099647521973,-0.4842243492603302
2120333302.0,-1.3763571977615356,1.2830437421798706,9.884760856628418,1.9686075448989868,6.560625076293945,-0.12782783806324
2120341635.0,-1.284057378768921,1.149342060089111,10.677797317504885,2.36772894859314,4.341997623443604,-0.3109696209430694
2120349968.0,-0.575492262840271,0.8495458960533142,10.428749084472656,2.409197807312012,0.3341889083385467,-0.251493364572525
2120358301.0,-0.8546260595321655,0.9588496088981628,10.14267921447754,1.985922932624817,-2.4016547203063965,-0.5075332522392273
2120366634.0,-0.5756560564041138,1.3956215381622314,9.65077018737793,0.7678378820419312,-2.32588791847229,-0.2880192995071411
2120374967.0,-0.4304434359073639,1.5003015995025637,8.738694190979004,0.6034713387489319,-0.3877610862255096,-0.3994667828083038
2120383300.0,-0.9569939970970154,1.17061185836792,9.015119552612305,0.6529068350791931,2.877426147460937,-0.4661150574684143
2120391633.0,-1.252370834350586,0.6650355458259583,9.654388427734377,-0.5750267505645752,6.343441486358643,-0.1751373261213302
2120399966.0,-0.7775574922561646,1.066353678703308,9.459156036376951,-0.4309466779232025,7.293525218963623,-0.207360029220581
2120408299.0,-0.5455141067504883,0.0966833680868148,10.781968116760254,0.1155202016234397,4.653082847595215,0.1055306568741798
2120416632.0,-1.4262197017669678,-0.1776480078697204,10.265130996704102,-0.5912662148475647,1.4498682022094729,-0.046707559376955
2120424965.0,-1.816493034362793,0.2318808585405349,9.024147987365724,-0.016354689374566,0.6513187885284424,-0.1606653034687042
2120433298.0,-1.2157076597213743,0.7275828719139099,9.407919883728027,1.3258951902389526,1.1280252933502195,0.1053513437509536
2120441631.0,-0.7591087818145752,0.9480286836624146,10.151514053344728,1.5960485935211182,0.7476538419723511,-0.0588230900466442
2120449964.0,-0.6818519234657288,0.5791299343109131,10.148517608642578,0.4355957210063934,0.2736881077289581,-0.2247265130281448
2120458297.0,-1.079800367355347,0.0711278691887855,9.15349292755127,-0.7814775705337524,1.096442937850952,-0.0047258264385163
2120466630.0,-1.3950693607330322,0.0990837588906288,8.845721244812012,-0.1687593907117843,3.3144052028656006,-0.0074153211899101
2120474963.0,-1.320002794265747,0.4269720315933227,9.579017639160156,1.1658319234848022,3.948843955993652,0.0302504114806652
2120483296.0,-1.2867696285247805,-0.0357710570096969,10.042402267456056,1.6851860284805298,3.046428918838501,0.0037652922328561
2120491629.0,-1.509335160255432,0.0908365920186042,9.967753410339355,1.7184333801269531,2.128901481628418,0.1372154653072357
2120499962.0,-1.6200259923934937,0.0728946253657341,9.841275215148926,1.4525575637817385,0.7005748748779297,0.1475379914045334
2120508295.0,-1.3458818197250366,0.4537471830844879,9.316967010498049,2.0372793674468994,-0.5435724258422852,-0.2731373608112335
2120516628.0,-0.7979722619056702,-0.3650780618190765,10.174757957458496,2.291347026824951,-1.599877953529358,0.1259964257478714
2120524961.0,-0.8249428272247314,-0.2546753883361816,9.556625366210938,1.912563800811768,-2.145512342453003,-0.0785716697573661
2120533294.0,-0.6109376549720764,0.6328566670417786,8.957460403442383,2.7997384071350098,-1.3208364248275757,-0.2867385447025299
2120541627.0,-0.9271977543830872,0.6834784150123596,9.589372634887695,3.382411241531372,0.5159732103347778,-0.4070998728275299
2120549960.0,-1.2801246643066406,0.0616875849664211,9.643427848815918,1.948346734046936,2.6287124156951904,-0.2202696353197097
2120558293.0,-1.4174262285232544,0.4476039111614227,9.002226829528809,1.7885652780532837,3.926892995834351,0.1170314475893974
2120566626.0,-1.31696355342865,-0.1055753678083419,10.113609313964844,2.441984176635742,3.34783148765564,0.1742023974657058
2120574959.0,-1.3386703729629517,-0.4128257036209106,10.475488662719728,2.255820035934448,0.7540574073791504,0.072488285601139
2120583292.0,-1.3772249221801758,0.1433114856481552,9.917356491088867,2.566418409347534,-1.7645776271820068,-0.1854342818260193
2120591625.0,-0.7996591329574585,-0.5060656070709229,10.154688835144045,3.007418632507324,-2.9689841270446777,0.1556320935487747
2120599958.0,-0.4529531300067901,-0.665140688419342,9.938519477844238,2.62973690032959,-3.192622184753418,-0.0520097017288208
2120608291.0,-0.1338980048894882,-0.7738114595413208,9.39903450012207,2.9280145168304443,-2.084601640701294,-0.1278790682554245
2120616624.0,0.0937130823731422,-1.0808850526809692,8.890833854675293,4.085957050323486,-0.5626294612884521,0.2593953609466553
2120624957.0,-0.2283442616462707,-0.4275960028171539,8.723550796508789,5.918092727661133,1.393773078918457,0.1599096804857254
2120633290.0,-0.0160746574401855,-0.008219938725233,9.698084831237791,6.877500057220459,3.290968656539917,0.2351899296045303
2120641623.0,-1.017159938812256,0.1168540567159652,9.218555450439451,6.139501094818115,4.0287861824035645,0.0342462360858917
2120649956.0,-1.7321515083312988,0.5322156548500061,9.249850273132324,5.827059745788574,5.224433422088623,-0.0799036175012588
2120658289.0,-1.4729517698287964,0.4980409741401672,10.312518119812012,5.009095191955566,5.811793804168701,0.4371582269668579
2120666622.0,-0.6593352556228638,0.8359175324440002,10.951440811157228,4.744678020477295,2.4733872413635254,0.3439479172229767
2120674955.0,-0.7301626205444336,1.2503292560577393,10.645623207092283,5.322868824005127,-1.980812907218933,0.1835516095161438
2120683288.0,-0.975368320941925,0.8338587284088135,10.501497268676758,4.735637187957764,-3.1765365600585938,0.2133153676986694
2120691621.0,-0.5592790246009827,-0.1030563563108444,9.770931243896484,3.175370931625366,-1.8464916944503784,-0.0449914000928401
2120699954.0,-0.1708994656801223,0.1331042051315307,9.267793655395508,2.716031074523926,0.8591527342796326,0.2593697607517242
2120708287.0,-0.7421981692314148,0.413548469543457,9.537628173828123,3.9618821144104,3.459996223449707,0.4247608482837677
2120716620.0,-1.600748896598816,1.5444340705871582,9.150790214538574,5.658314228057861,5.7237324714660645,-0.1731906831264495
2120724953.0,-1.5976455211639404,2.177687883377075,9.993772506713867,6.792331218719482,6.972553730010986,-0.127443641424179
2120733286.0,-1.4136732816696167,1.6072949171066284,10.922211647033691,4.650572299957275,5.402683258056641,-0.1459627300500869
2120741619.0,-2.0726158618927,2.475947380065918,9.937819480895996,2.2450108528137207,2.7296831607818604,-0.5460057854652405
2120749952.0,-1.533233404159546,1.4670766592025757,10.377115249633787,0.9065133929252625,0.5248869061470032,-0.3773617148399353
2120758285.0,-1.6162649393081665,0.3057778179645538,10.423940658569336,-0.4646550416946411,-1.76393723487854,-0.2636857628822326
2120766618.0,-1.024723768234253,0.2242810428142547,10.297184944152832,-0.0917630046606063,-2.8821780681610107,-0.2926298677921295
2120774951.0,-0.626468300819397,0.2568307816982269,9.85295867919922,1.6144908666610718,-3.5433578491210938,-0.1393030136823654
2120783284.0,-1.5545753240585327,1.4241790771484375,8.78042984008789,3.4462156295776367,-1.8317632675170896,-0.909599781036377
2120791617.0,-1.127305507659912,1.6195671558380127,9.694013595581056,4.350885391235352,2.3864526748657227,-0.6956698298454285
2120799950.0,-0.8993118405342102,1.1710861921310425,10.650962829589844,2.0383553504943848,3.686580181121826,-0.6377816796302795
2120808283.0,-1.1815747022628784,1.3251992464065552,9.998550415039062,0.2706656157970428,2.648844718933105,-1.173144817352295
2120816616.0,-1.123003602027893,0.8384780287742615,9.600217819213867,0.2325003892183303,1.4144436120986938,-0.6138322949409485
2120824949.0,-1.5741547346115112,0.0668004006147384,9.721214294433594,1.1715694665908811,-0.1219621822237968,-0.6676477789878845
2120833282.0,-0.8895818591117859,0.4058593213558197,9.884554862976074,2.0842559337615967,-2.079222679138184,-0.6590927839279175
2120841615.0,-0.993045449256897,0.4486452043056488,10.00865650177002,2.3547170162200928,-3.4048876762390137,-0.7483327984809875
2120849948.0,-1.1842730045318604,0.3543143570423126,9.532994270324709,2.001163482666016,-2.400963306427002,-1.011800765991211
2120858281.0,-1.055385947227478,0.3959347903728485,9.754301071166992,1.864024639129639,0.291361927986145,-0.7329897284507751
2120866614.0,-0.9082914590835572,1.0626949071884155,10.4373140335083,1.9719887971878047,1.6978394985198977,-0.6125772595405579
2120874947.0,-1.04315447807312,1.0615354776382446,11.025103569030762,2.125008106231689,1.1216217279434204,-0.9512229561805724
2120883280.0,-1.014393925666809,0.4368384778499603,10.52211570739746,1.634623646736145,0.6089015603065491,-0.8311690092086792
2120891613.0,-0.6346703171730042,0.7093445062637329,9.956170082092283,1.7095708847045898,-0.6355019807815552,-0.9578827023506165
2120899946.0,-0.4424526691436767,-0.3669124245643616,9.973431587219238,1.3217201232910156,-2.260136365890503,-0.92274010181427
2120908279.0,-1.044955134391785,-1.1247719526290894,9.409017562866213,0.8561813831329346,-1.6748508214950562,-0.9188721776008606
2120916612.0,-1.4231817722320557,-1.0154920816421509,9.00719928741455,1.707060933113098,0.6251667141914368,-0.5081993341445923
2120924945.0,-1.87090003490448,-0.7899814248085022,9.474422454833984,3.2968854904174805,3.09755539894104,-0.3640936017036438
2120933278.0,-0.7489175796508789,-0.3312734067440033,10.82790470123291,4.915192604064941,3.228853464126587,-0.3554615676403045
2120941611.0,-0.2012968361377716,-0.0445982925593853,11.110610008239746,5.340132713317871,-0.7233843803405762,-0.5166519284248352
2120949944.0,-1.0279830694198608,0.4127510190010071,10.473331451416016,4.6383795738220215,-3.0486443042755127,-0.7611909508705139
2120958277.0,-0.778048574924469,1.146117091178894,8.979219436645508,3.804175138473511,-2.8949339389801025,-0.9511462450027466
2120966610.0,-0.9187495708465576,0.5689134001731873,8.967229843139648,3.5669612884521484,-1.2769848108291626,-1.05480694770813
2120974943.0,-0.5040391683578491,0.1761618703603744,9.587648391723633,2.116811752319336,1.163782835006714,-0.4256702065467834
2120983276.0,-1.238346815109253,0.4074989259243011,9.500649452209473,2.249877691268921,2.561244487762451,-0.268424391746521
2120991609.0,-1.0305277109146118,0.8657037019729614,10.374516487121582,3.2703232765197754,2.9767074584960938,-0.2908368408679962
2120999942.0,-0.7375943064689636,1.3927210569381714,10.870369911193848,4.003069877624512,1.4564766883850098,0.135678619146347
2121008275.0,-1.147841453552246,0.6079851388931274,11.131572723388672,3.0153591632843018,-1.1522949934005735,-0.5474658608436584
2121016608.0,-0.7449577450752258,0.2584372460842132,9.98190975189209,0.9265180826187134,-1.632049322128296,-0.3893235325813293
2121024941.0,-1.40800142288208,-0.0122456671670079,9.000980377197266,0.9881458878517152,-0.7174162864685059,-0.2711907029151916
2121033274.0,-0.803282618522644,-0.1221485957503318,9.399511337280272,2.509862184524536,0.3277597725391388,0.0141646731644868
2121041607.0,-1.547026515007019,-0.965143620967865,9.218401908874512,3.5775907039642334,1.087119221687317,0.3646698296070099
2121049940.0,-1.656643271446228,-0.5849178433418274,8.965304374694824,4.441380977630615,1.61064875125885,-0.0019338749116286
2121058273.0,-1.2431890964508057,-0.010596826672554,9.007242202758787,4.856510639190674,1.379019260406494,0.1725374907255172
2121066606.0,-1.879355907440185,0.7124138474464417,9.129857063293455,5.387826442718506,-0.2806167900562286,-0.242246612906456
2121074939.0,-1.670729398727417,0.519304096698761,9.828639030456545,4.4247822761535645,-1.2834653854370115,-0.1207583174109458
2121083272.0,-1.662642002105713,0.8281827569007874,10.128300666809082,3.743699789047241,-1.652310132980347,0.2040942162275314
2121091605.0,-1.0108634233474731,1.3017622232437134,10.657158851623535,3.861217498779297,-3.242236852645874,0.1948730945587158
2121099938.0,-0.6284907460212708,1.5017507076263428,10.400575637817385,4.302730083465576,-4.71953821182251,0.1091166362166404
2121108271.0,-0.9528391361236572,0.2445665597915649,10.09857940673828,3.6183691024780273,-4.470926284790039,-0.1063374951481819
2121116604.0,-0.1174476668238639,0.233946144580841,9.340444564819336,2.931036233901977,-2.5644073486328125,0.1964867562055587
2121124937.0,-0.3423003256320953,-0.0457238182425498,9.396100997924805,3.371524810791016,-1.5494178533554075,0.1692588627338409
2121133270.0,-0.3038111925125122,0.3837432861328125,9.850208282470703,4.02028226852417,-0.6002056002616882,0.0838610008358955
2121141603.0,-1.1114649772644043,1.2454718351364136,9.696815490722656,4.9998979568481445,0.7446057200431824,0.0057375882752239
2121149936.0,-1.4564683437347412,1.961031198501587,10.069551467895508,4.779180526733398,2.109511375427246,-0.333074688911438
2121158269.0,-1.365822672843933,2.9667296409606934,10.326700210571287,3.840496301651001,2.2586889266967773,-0.4212645292282104
2121166602.0,-1.1992993354797363,2.3597612380981445,11.024941444396973,1.771019458770752,0.5667150020599365,-0.4588918685913086
2121174935.0,-0.400973379611969,1.353505253791809,10.665843963623049,-0.5855286717414856,-2.0250229835510254,-0.2106386721134185
2121183268.0,0.1258796751499176,0.952083945274353,10.125216484069824,-0.8996615409851074,-5.018968105316162,-0.0351555384695529
2121191601.0,-1.007704734802246,0.4211345911026001,10.039994239807127,-0.3298473060131073,-5.648105621337891,-0.2755707502365112
2121199934.0,-1.1534297466278076,0.4620282351970672,9.111833572387695,0.3871079087257385,-2.020028114318848,-0.5024616122245789
2121208267.0,0.0436847619712352,0.4681338965892792,9.325723648071287,1.8996798992156985,1.376457929611206,-0.4062289893627167
2121216600.0,-0.0305551700294017,0.257859468460083,10.440067291259766,2.015763521194458,1.9327222108840945,-0.4876822233200073
2121224933.0,-0.6995766162872314,0.1765141487121582,10.036834716796877,0.5128225684165955,1.72555410861969,-0.3846873939037323
2121233266.0,-1.416350245475769,0.8188171982765198,9.27340316772461,1.0968527793884275,2.781142473220825,-0.3865059912204742
2121241599.0,-1.4373939037322998,0.9726586937904358,9.87356948852539,2.1151726245880127,2.926119327545166,-0.4118385016918182
2121249932.0,-0.6678555011749268,0.9438091516494752,10.445035934448242,2.6017403602600098,0.967654585838318,-0.4825593829154968
2121258265.0,-0.4648871719837188,0.5392001867294312,10.939995765686035,1.7403079271316528,-1.807122707366944,-0.5338134169578552
2121266598.0,-0.4686799347400665,1.1138888597488403,9.77816677093506,0.3967388868331909,-2.964706897735596,0.0085807684808969
2121274931.0,-0.4004768133163452,0.8625472784042358,8.759978294372559,0.7124855518341064,-2.2104954719543457,-0.1930416673421859
2121283264.0,-0.584587574005127,0.1650876104831695,9.14675521850586,0.9953691363334656,-0.2109460234642028,-0.3572032749652862
2121291597.0,-1.0954561233520508,-0.1142735332250595,9.28849983215332,0.3040665984153747,2.726225614547729,0.0655468255281448
2121299930.0,-0.6241505742073059,0.316945344209671,9.913509368896484,0.5407165288925171,4.884224891662598,0.2901068329811096
2121308263.0,-0.3252328336238861,1.308004379272461,10.925965309143066,2.021808385848999,3.456307888031006,0.0534056760370731
2121316596.0,-0.5011271834373474,0.5946898460388184,11.16411590576172,1.7709938287734983,0.2146729081869125,-0.2253668457269668
2121324929.0,-1.2142237424850464,0.2474096864461898,9.725849151611328,0.5137702822685242,-0.0722193345427513,-0.1040834411978721
2121333262.0,-1.0428129434585571,-0.3634931743144989,9.104904174804688,-0.1058252081274986,0.9441151022911072,0.3130315542221069
2121341595.0,-1.2275452613830566,-0.0734596252441406,8.924277305603027,0.6821070313453674,1.741255521774292,0.4100070595741272
2121349928.0,-0.5806012749671936,-0.0988752543926239,10.101643562316896,2.0953214168548584,1.9387156963348389,0.5672271847724915
2121358261.0,-0.5253480076789856,-1.565346121788025,10.345504760742188,1.991276383399964,0.8280826210975647,0.7533146739006042
2121366594.0,-0.849788248538971,-0.8751646280288696,9.346323013305664,2.2756197452545166,0.4881304800510406,0.6777269840240479
2121374927.0,-1.0209290981292725,-0.0674558654427528,9.801785469055176,3.1808269023895264,1.9088752269744875,0.816658616065979
2121383260.0,-1.3630410432815552,0.7014333605766296,9.513875007629396,3.8242053985595694,2.570798397064209,0.4388487339019775
2121391593.0,-1.2114877700805664,1.0977511405944824,9.895914077758787,4.499268531799316,3.288560628890991,0.3547571897506714
2121399926.0,-1.3213292360305786,0.1130648627877235,10.607399940490724,3.0892562866210938,2.915950059890747,0.5149742364883423
2121408259.0,-0.8707826137542725,0.136353313922882,9.821016311645508,1.806623101234436,1.2848867177963257,0.4587253332138061
2121416592.0,-0.4816368818283081,0.667898952960968,9.54494285583496,3.0887436866760254,-0.4174224138259887,0.847190797328949
2121424925.0,-1.2220396995544434,0.6384662389755249,10.0021333694458,3.8417253494262695,-1.33051860332489,0.603650689125061
2121433258.0,-1.436234474182129,0.7393187284469604,9.703001022338867,3.497828483581543,-0.1373563259840011,0.0621145069599151
2121441591.0,-0.9234988689422609,0.82952481508255,9.54543399810791,2.775097846984864,2.090327024459839,0.2595490515232086
2121449924.0,-1.5553009510040283,0.9630396366119384,9.674071311950684,2.6990742683410645,2.7209231853485107,-0.0127174668014049
2121458257.0,-1.8233932256698608,0.8905878067016602,10.266085624694824,2.1293628215789795,3.6634504795074463,-0.3333308696746826
2121466590.0,-0.762967586517334,0.3322424292564392,10.921001434326172,2.236506938934326,2.871765613555908,-0.0352836102247238
2121474923.0,-0.2380836009979248,-0.1435478031635284,11.222987174987791,2.060229778289795,-1.512994408607483,-0.2476512193679809
2121483256.0,-1.6424790620803833,0.7478773593902588,10.07671356201172,2.438244342803955,-2.718374013900757,-0.4522832930088043
2121491589.0,-1.2193729877471924,0.5799514651298523,9.505270957946776,3.056265115737915,-0.5977466106414795,-0.5766148567199707
2121499922.0,-0.3043139278888702,0.2467888742685318,9.306187629699709,3.847385883331299,0.7744975686073303,-0.7711292505264282
2121508255.0,-0.4047707319259643,0.0121350558474659,10.262779235839844,3.4918603897094727,1.5026590824127195,-0.3679100275039673
2121516588.0,-1.4762117862701416,-0.1648989766836166,10.189821243286133,2.1376616954803467,2.8009166717529297,-0.2158896028995514
2121524921.0,-1.9908332824707031,1.2790677547454834,8.624518394470215,3.2481157779693604,4.271635055541992,-0.7898790240287781
2121533254.0,-1.0424067974090576,1.439348816871643,10.679308891296388,5.309138774871826,3.696697235107422,-0.5719018578529358
2121541587.0,-1.0327298641204834,0.1394433081150055,11.724032402038574,3.539579629898072,0.5474274158477783,-0.6330429911613464
2121549920.0,-1.414670705795288,0.1732525378465652,10.179372787475586,1.4252272844314575,-1.4638407230377195,-0.6634471416473389
2121558253.0,-1.1783000230789185,0.3045957684516907,9.176369667053224,2.08251428604126,-1.291021466255188,-0.3814087808132171
2121566586.0,-1.0679433345794678,0.3961107134819031,9.02286434173584,3.4645559787750244,-0.9089084267616272,-0.4345839321613312
2121574919.0,-0.8226738572120667,0.8898538947105408,9.912906646728516,4.319328784942627,-0.2074368894100189,-0.1746506541967392
2121583252.0,-0.8458137512207031,0.7300140857696533,10.607314109802246,2.6009206771850586,0.5879747867584229,0.221486285328865
2121591585.0,-1.2086427211761477,1.4442532062530518,9.256086349487305,1.7999889850616455,1.2431868314743042,-0.1565157771110534
2121599918.0,-0.8086642622947693,1.2512675523757937,9.766531944274902,2.306613206863404,1.84827208518982,0.0467203669250011
2121608251.0,-1.189597249031067,0.994933009147644,10.408517837524414,1.901113986968994,0.7007285356521606,-0.1218597143888473
2121616584.0,-0.8722677230834961,0.4921871125698089,10.07896327972412,1.1013352870941162,-0.0804927349090576,-0.2303872257471084
2121624917.0,-0.9183960556983948,0.38480144739151,9.69594955444336,1.1049723625183103,0.0007684269803576,0.4586997032165527
2121633250.0,-1.3488118648529053,0.6929438710212708,9.91604709625244,1.6726863384246826,-0.1391237080097198,0.1546587496995926
2121641583.0,-1.0211156606674194,1.1280163526535034,9.717293739318848,1.9186596870422363,0.5227864980697632,-0.0668147280812263
2121649916.0,-0.6135586500167847,0.760186493396759,9.645195960998535,2.255000114440918,0.571607232093811,-0.1406349539756775
2121658249.0,-0.6182273626327515,0.1940494775772094,9.826990127563477,1.5330374240875244,-0.3514657318592071,-0.1139449253678321
2121666582.0,-1.393624186515808,-0.5076730251312256,9.239378929138184,0.6583882570266724,0.5615152716636658,-0.0207603368908166
2121674915.0,-1.2648073434829712,-0.0888512060046196,8.949777603149414,1.5588055849075315,1.9548529386520384,0.1611647754907608
2121683248.0,-1.1467781066894531,0.810769259929657,9.81731128692627,3.424546241760254,2.3743114471435547,0.1858056485652923
2121691581.0,-0.8054072856903076,1.135926365852356,10.680642127990724,4.043411731719971,0.7472952604293823,-0.0405089110136032
2121699914.0,-0.7388986945152283,0.4163356423377991,10.848869323730469,2.823867082595825,-1.0933053493499756,-0.0939402058720588
2121708247.0,-1.083150863647461,0.4278933405876159,9.095279693603516,1.2697744369506836,-1.2551358938217163,-0.21614570915699
2121716580.0,-1.4144117832183838,0.8855844140052795,8.751111030578613,1.8340816497802728,0.3456896841526031,0.0362185277044773
2121724913.0,-1.3807330131530762,1.0834825038909912,9.29704475402832,2.7360103130340576,1.9464515447616573,-0.3189356923103332
2121733246.0,-1.1708276271820068,0.8669385313987732,9.827847480773926,3.305004596710205,2.0393285751342773,-0.3381463289260864
2121741579.0,-0.9716588854789734,0.2641302347183227,10.7245454788208,1.969734787940979,1.0808695554733276,-0.1671969294548034
2121749912.0,-1.2941423654556274,0.3122573494911194,9.832977294921877,0.6411755084991455,-0.5476707220077515,-0.1231148168444633
2121758245.0,-1.3661152124404907,0.6460797190666199,9.17075538635254,1.6964051723480225,-1.296605348587036,-0.2705503702163696
2121766578.0,-1.3925100564956665,0.4233757257461548,9.998641967773438,2.2999281883239746,-0.9912068843841552,-0.4007731676101684
2121774911.0,-0.6714137196540833,0.8229186534881592,9.893648147583008,2.1546952724456787,-1.0818300247192385,-0.5378093123435974
2121783244.0,-0.4698241353034973,0.359967291355133,10.454605102539062,2.0095903873443604,-1.373294472694397,-0.4628108441829681
2121791577.0,-1.3829950094223022,0.408877968788147,9.668161392211914,1.0405782461166382,-0.4795625209808349,-0.4336617887020111
2121799910.0,-1.3249452114105225,0.1840317845344543,8.828191757202148,1.6338551044464111,1.303585171699524,-0.4062289595603943
2121808243.0,-0.9766862988471984,0.4965998828411102,9.5913724899292,2.824328184127808,1.9863840341567995,-0.4477752447128296
2121816576.0,-0.9200830459594728,0.3522575199604034,10.60923194885254,2.4792017936706543,0.4377984702587127,-0.5358369946479797
2121824909.0,-0.9232707023620604,0.0180152896791696,9.997825622558594,1.6181023120880127,-1.3519065380096436,-0.6111428737640381
2121833242.0,-1.0021764039993286,0.2635869085788727,9.298505783081056,1.7829046249389648,-1.6339448690414429,-0.3865571916103363
2121841575.0,-1.3742196559906006,0.6201499104499817,9.830982208251951,2.0285191535949707,-0.8521215319633484,-0.3680893778800964
2121849908.0,-1.1146563291549685,0.6051684021949768,10.098578453063965,1.9438129663467407,-0.1276997625827789,-0.7483071088790894
2121858241.0,-0.6750777363777161,0.1507667303085327,9.542606353759766,2.246522188186645,0.3927430808544159,-0.6860389113426208
2121866574.0,-0.4403321743011474,-0.3914764523506164,10.253649711608888,2.374772787094116,-0.0805695801973342,-0.0451707020401954
2121874907.0,-1.4920371770858765,0.0424406304955482,10.017183303833008,1.723249077796936,-0.1504708230495453,-0.1726527512073516
2121883240.0,-1.7541013956069946,1.1802823543548584,9.479191780090332,2.799968957901001,1.1150646209716797,-0.2796946465969085
2121891573.0,-0.7170664072036743,0.762864887714386,10.322434425354004,3.438634395599365,0.6591055393218994,-0.2726763486862182
2121899906.0,-0.6181953549385071,-0.0018566823564469,10.609198570251465,2.315065860748291,-1.255673885345459,-0.3156570494174957
2121908239.0,-1.4984225034713743,-0.5679037570953369,10.35693645477295,0.6940944790840149,-1.5268516540527344,0.2099086493253708
2121916572.0,-1.2486789226531982,-0.1995500177145004,9.34327220916748,0.6386141180992126,-0.0329527109861373,0.3605715334415436
2121924905.0,-0.9523317217826844,0.5987377166748047,8.979738235473633,3.784579753875733,0.1578092724084854,0.2255845218896865
2121933238.0,-0.6418178081512451,0.0821918994188308,10.83692741394043,4.662380218505859,-0.8300164937973022,0.1392902135848999
2121941571.0,-0.784752607345581,-0.2555060088634491,10.711201667785645,2.2892212867736816,-1.1091861724853516,0.2100879698991775
2121949904.0,-1.2659789323806765,0.1378169953823089,9.434792518615724,1.593615174293518,-0.5060988068580627,0.4904357492923736
2121958237.0,-0.7381703853607178,0.4874395728111267,9.633557319641112,2.615725517272949,0.7548258900642395,0.4961733222007751
2121966570.0,-0.7574424743652344,0.353837639093399,10.052652359008787,4.049609661102295,0.0725138932466507,0.1956415027379989
2121974903.0,-0.8401033878326416,0.3352769315242767,10.540204048156738,3.704740285873413,-0.5124768018722534,0.2377000898122787
2121983236.0,-1.2780357599258425,-0.0198642890900373,9.740557670593262,2.557120084762573,0.2951272130012512,0.4464049339294433
2121991569.0,-1.0773345232009888,0.1911022961139679,9.350241661071776,3.083646774291992,1.070956826210022,0.2899019122123718
2121999902.0,-1.041917085647583,0.5026413202285767,10.247132301330566,4.014928817749023,0.8517245054244995,0.3404387831687927
2122008235.0,-1.4400391578674316,0.6086968183517456,10.322210311889648,3.9901082515716553,0.0021772098261862,0.1843200176954269
2122016568.0,-1.1212828159332275,0.5910323858261108,10.097972869873049,3.689192771911621,-0.1715769469738006,0.0017929964233189
2122024901.0,-0.5479283928871155,-0.0101211071014404,10.19041919708252,3.4105355739593506,-0.7200546264648438,0.1082969903945922
2122033234.0,-0.5059056282043457,0.1187152341008186,9.973149299621582,3.095250129699707,-1.7344552278518677,0.2189761102199554
2122041567.0,-0.9666063189506532,0.4424733221530914,9.777732849121094,3.881555557250977,-1.0429730415344238,0.140417218208313
2122049900.0,-0.9229387640953064,0.989867627620697,9.248289108276367,4.650034427642822,0.2737649381160736,-0.2251875549554824
2122058233.0,-1.2501627206802368,1.0140326023101809,9.75552463531494,5.183834552764893,1.9354113340377808,-0.3880172371864319
2122066566.0,-1.0858666896820068,0.4802837669849396,10.468798637390137,3.5294368267059326,2.5398054122924805,-0.1607165336608886
2122074899.0,-1.0150737762451172,0.5443553328514099,10.024516105651855,2.691133737564087,1.5206146240234375,-0.0164571460336446
2122083232.0,-1.3827166557312012,1.006576657295227,9.85675048828125,3.547161817550659,0.2605479955673218,-0.2097934037446975
2122091565.0,-0.6424962878227234,0.9173613786697388,10.33874797821045,3.90668249130249,-1.1642820835113523,-0.4323554039001465
2122099898.0,-0.5535745024681091,0.8586220145225525,9.81205940246582,3.868287086486816,-3.1834523677825928,-0.7769181132316589
2122108231.0,-0.7969979047775269,0.7580280303955078,9.709224700927734,2.6999707221984863,-2.385440826416016,-0.7166734337806702
2122116564.0,-0.8147827386856079,0.7578431367874146,9.07329559326172,1.941661477088928,0.4387462139129638,-0.4873236119747162
2122124897.0,-0.8586656451225281,0.8158453106880188,8.86602783203125,2.523770570755005,2.638214588165283,-0.6466953158378601
2122133230.0,-0.8883785605430603,0.5562659502029419,10.199749946594238,3.266993522644043,3.393732786178589,-0.3782070279121399
2122141563.0,-1.311814785003662,-0.2118084132671356,10.781911849975586,2.2720086574554443,2.725303649902344,-0.4842499494552612
2122149896.0,-1.0360934734344482,0.0349005609750747,9.802360534667969,2.131898164749145,1.4296072721481323,-0.2731373608112335
2122158229.0,-0.4910235106945038,0.8380494117736816,9.84689712524414,4.039825439453125,-0.6957466006278992,-0.2513140738010406
2122166562.0,-0.6861127018928528,0.5966924428939819,10.221288681030272,4.256650924682617,-3.0810210704803467,-0.8085517883300781
2122174895.0,-1.041476845741272,0.3546035289764404,9.212543487548828,2.8953564167022705,-1.8741809129714968,-0.7753301858901978
2122183228.0,-0.8266243934631348,-0.115210510790348,8.923666954040527,2.103338718414306,1.2583762407302856,-0.0906359776854515
2122191561.0,-0.6168408393859863,0.578209638595581,9.429686546325684,2.501511573791504,2.889029264450073,-0.1330018937587738
2122199894.0,-0.7574650049209595,1.191710114479065,10.250332832336426,3.65832781791687,3.1576461791992188,-0.3492116630077362
2122208227.0,-0.8584213256835938,0.7985289692878723,10.409591674804688,3.80822229385376,2.027879238128662,-0.3470344841480255
2122216560.0,-1.031844973564148,0.177901417016983,9.969366073608398,2.817002534866333,1.3758686780929563,-0.2113558650016784
2122224893.0,-0.9699790477752686,-0.0456282421946525,9.913996696472168,1.590285301208496,1.1030768156051636,0.1415442377328872
2122233226.0,-0.8285388946533203,0.271215945482254,9.28648281097412,2.078441858291626,0.292412132024765,0.1686697453260421
2122241559.0,-0.6997432708740234,0.6262792348861694,9.24839973449707,3.7599902153015137,-0.1247541233897209,0.2309123128652572
2122249892.0,-1.3020671606063845,1.2218109369277954,10.280990600585938,4.409311294555664,0.5528576374053955,0.1399561762809753
2122258225.0,-1.3201361894607544,0.4260653257369995,10.178125381469728,2.251875400543213,2.1345109939575195,0.0781234204769134
2122266558.0,-0.811587393283844,0.6381884813308716,9.204118728637695,1.7269114255905151,3.2338736057281494,0.4015030860900879
2122274891.0,-1.0949558019638062,0.6827880144119263,9.923429489135742,2.290732145309448,2.3737738132476807,0.2532735764980316
2122283224.0,-1.498225212097168,0.4774736166000366,10.210790634155272,2.408583402633667,1.4567328691482544,0.156144380569458
2122291557.0,-1.0371956825256348,0.0932683646678924,9.856501579284668,2.4277684688568115,0.8091793060302734,0.2857524156570434
2122299890.0,-0.9524363279342652,0.4560653269290924,10.050285339355469,2.77712082862854,-0.2274159789085388,0.6363343596458435
2122308223.0,-1.275431513786316,0.1606536209583282,9.956779479980469,2.280179262161255,-0.5210576057434082,0.4878487884998321
2122316556.0,-1.0663912296295166,0.262836217880249,9.210174560546877,2.6844747066497803,0.5703521966934204,0.2053237110376358
2122324889.0,-0.6596851944923401,0.2656368017196655,9.930793762207031,3.707301616668701,1.2032798528671265,0.4592632055282593
2122333222.0,-0.7147457599639893,0.2877784967422485,10.307279586791992,3.252521276473999,1.049440860748291,0.2699484527111053
2122341555.0,-0.7531307339668274,0.5328963994979858,9.56492805480957,3.230364799499512,0.7060819864273071,0.1087580472230911
2122349888.0,-0.5895930528640747,0.4365079402923584,9.433062553405762,3.556305408477783,1.015809178352356,0.2809881269931793
2122358221.0,-1.3882440328598022,0.6179723143577576,9.510587692260742,3.510891914367676,1.8654077053070068,0.0143183562904596
2122366554.0,-0.6722338795661926,0.2623427510261535,10.45378589630127,3.210641860961914,2.406534194946289,0.0636001452803611
2122374887.0,-1.1547571420669556,0.7792505025863647,10.06044101715088,3.329645872116089,2.052443027496338,0.1527376770973205
2122383220.0,-1.2990005016326904,1.4731799364089966,10.176352500915527,3.984166383743286,1.8414843082427976,-0.1700145006179809
2122391553.0,-0.8793269395828247,1.2144529819488523,10.205183029174805,3.995026826858521,1.392594814300537,-0.2505456507205963
2122399886.0,-0.6090919971466064,0.3195067346096039,10.397611618041992,2.3529748916625977,0.3459458649158478,-0.2880448997020721
2122408219.0,-0.7673212289810181,0.4151653051376343,9.737000465393066,1.3127037286758425,0.4466097354888916,0.1488955169916153
2122416552.0,-1.3668344020843506,0.63627028465271,9.45358657836914,2.0742409229278564,1.2942616939544678,-0.0910970270633697
2122424885.0,-1.0403248071670532,1.2291507720947266,9.396851539611816,3.718418598175049,2.256153345108032,-0.3161693215370178
2122433218.0,-1.118863582611084,0.7756621241569519,10.301189422607422,3.9813740253448486,2.8773751258850098,-0.114457219839096
2122441551.0,-0.9979469180107116,0.2370968163013458,10.35853099822998,1.807622194290161,2.203618288040161,-0.3198577463626861
2122449884.0,-1.3282312154769895,0.7856431603431702,9.445013999938965,1.544717788696289,1.816740870475769,-0.2733935713768005
2122458217.0,-1.1295156478881836,0.5920259952545166,9.8633451461792,2.3627853393554688,1.2769464254379272,-0.1656344532966613
2122466550.0,-0.788273811340332,0.743665874004364,10.212627410888672,2.838646411895752,0.3088051974773407,-0.2466522753238678
2122474883.0,-1.0581494569778442,0.2487277239561081,10.168248176574709,2.507863759994507,-0.3882221281528473,-0.3227777481079101
2122483216.0,-1.2213032245635986,0.2844935655593872,9.700743675231934,1.5736615657806396,1.1869124174118042,-0.1086683869361877
2122491549.0,-0.8876371383666992,0.4792979955673218,9.051836013793944,2.3737478256225586,2.31409215927124,-0.1605372130870819
2122499882.0,-0.6239495873451233,0.218226745724678,9.917142868041992,3.504437208175659,2.15484881401062,0.0195948891341686
2122508215.0,-0.5819152593612671,0.2553734481334686,10.40489387512207,3.24324917793274,1.1948529481887815,-0.1414034068584442
2122516548.0,-1.1613596677780151,0.4205975532531738,9.634427070617676,2.63759994506836,1.0343283414840698,-0.2230615615844726
2122524881.0,-1.5238498449325562,1.219923973083496,9.11786651611328,2.734959840774536,2.683039665222168,-0.1482423543930053
2122533214.0,-1.440588355064392,0.6967724561691284,9.848977088928224,2.872969388961792,3.81167984008789,0.0991270989179611
2122541547.0,-1.4232118129730225,0.42587611079216,10.424376487731934,2.129746675491333,3.1542649269104004,0.2366755306720733
2122549880.0,-1.1268999576568604,0.8477796316146851,10.518765449523926,1.6345980167388916,1.7900253534317017,0.2855987250804901
2122558213.0,-1.3284845352172852,0.8410598635673523,9.93837070465088,2.0046212673187256,0.2643901109695434,0.0529958494007587
2122566546.0,-0.8488072156906128,0.670877993106842,9.7377347946167,2.4122204780578613,-0.7709245085716248,0.2413885444402694
2122574879.0,-1.1859203577041626,0.1470964401960373,9.882311820983888,1.6890537738800049,-0.5538949966430664,0.3223038911819458
2122583212.0,-1.343454122543335,0.3243098855018616,8.867215156555176,0.9655285477638244,1.2702099084854126,0.3742495775222778
2122591545.0,-1.329230785369873,0.7646154761314392,8.812061309814453,2.396749496459961,3.0708649158477783,0.5286009311676025
2122599878.0,-1.60979425907135,0.3374746143817901,10.13314437866211,2.5509471893310547,3.1773431301116943,0.3567038178443908
2122608211.0,-1.4414620399475098,0.224378764629364,10.016894340515137,1.7455589771270752,2.5490520000457764,0.4534231722354889
2122616544.0,-1.1111353635787964,0.4281664192676544,10.15999984741211,1.8147940635681152,0.9177324175834656,0.3755559027194977
2122624877.0,-1.428614616394043,0.5537401437759399,10.419119834899902,2.0051589012146,-0.9364947080612184,0.4690478146076202
2122633210.0,-1.6780463457107544,0.6291991472244263,9.47953987121582,2.193014144897461,-0.928349494934082,0.2620848417282104
2122641543.0,-0.9181770086288452,0.2750975489616394,9.768922805786133,2.4783308506011963,-0.3634532392024994,0.339926540851593
2122649876.0,-0.9793722033500672,0.3588588237762451,9.854212760925291,2.002315759658813,0.1265599280595779,0.4562919735908508
2122658209.0,-1.251209378242493,0.3333250284194946,9.592748641967772,2.177671194076538,1.060711145401001,0.5511671304702759
2122666542.0,-1.1487627029418943,0.4690576195716858,9.517204284667969,2.606478691101074,1.6149262189865112,0.43300861120224
2122674875.0,-1.2623358964920044,0.3790799975395202,9.488935470581056,3.0538313388824463,1.514851450920105,0.4749135673046112
2122683208.0,-1.3815470933914185,0.4228003323078155,10.03357982635498,2.9426910877227783,1.1411141157150269,0.410698652267456
2122691541.0,-1.8744162321090696,0.1032075956463813,9.864653587341309,2.1898632049560547,0.5987071394920349,0.332626461982727
2122699874.0,-1.1289128065109253,0.6037958860397339,9.152457237243652,2.5738205909729004,0.312903493642807,0.3567294478416443
2122708207.0,-0.4911522269248962,0.3078149855136871,10.210511207580566,3.556792497634888,-0.9696397185325624,0.6346182823181152
2122716540.0,-1.0653918981552124,0.2704942524433136,10.1065092086792,2.897660970687866,-2.2821383476257324,0.088983841240406
2122724873.0,-1.182888746261597,0.7415160536766052,9.079034805297852,2.6321957111358643,-0.9106501340866088,0.1694893985986709
2122733206.0,-1.280070424079895,0.8843280673027039,9.557833671569824,3.1811089515686035,1.367697834968567,0.2122651785612106
2122741539.0,-1.168059468269348,0.6535971760749817,10.24659538269043,2.87950086593628,2.345854043960572,0.0944652929902076
2122749872.0,-1.088744878768921,0.1312207728624344,10.274381637573242,2.50525164604187,2.2415785789489746,0.286111056804657
2122758205.0,-1.125919222831726,0.5434787273406982,10.35054874420166,2.738725185394287,0.9061035513877868,0.1849347800016403
2122766538.0,-1.362446427345276,0.4038335084915161,10.061989784240724,3.0773966312408447,-0.233281672000885,-0.0891759619116783
2122774871.0,-1.0717036724090576,0.3315929770469665,10.00193977355957,3.2835915088653564,-0.7936699390411377,-0.1658393889665603
2122783204.0,-0.9021562933921814,0.2322860658168792,9.948431968688965,2.94433069229126,-1.0400276184082031,-0.0475784391164779
2122791537.0,-1.173295259475708,0.4323494136333465,9.302398681640623,2.977168321609497,0.1163398548960685,-0.0056223240680992
2122799870.0,-1.071533441543579,0.3133911490440368,9.627087593078612,3.4508516788482666,1.2623205184936523,-0.045554906129837
2122808203.0,-1.3194037675857544,0.0960962697863578,9.756516456604004,3.097376108169556,1.4505598545074463,-0.0246537048369646
2122816536.0,-1.3400815725326538,0.377349704504013,9.68934154510498,3.21392035484314,1.6697663068771362,-0.0642276927828788
2122824869.0,-1.0268807411193848,0.1333611011505127,10.06805419921875,3.6659345626831055,0.9161442518234252,0.1566054224967956
2122833202.0,-1.088212013244629,0.0006247843848541,9.55208969116211,3.6489782333374015,-0.7071194052696228,0.0278426725417375
2122841535.0,-1.289288878440857,0.3836612403392792,9.496681213378906,3.979017734527588,-0.9672062397003174,0.1176461800932884
2122849868.0,-1.2303516864776611,0.0330352745950222,9.95104694366455,3.484074115753174,-0.3359947502613067,0.1778396368026733
2122858201.0,-1.413209319114685,0.5954360365867615,9.426424026489258,3.470216751098633,0.2665929794311523,0.1170826777815818
2122866534.0,-0.9913378953933716,0.917442500591278,9.982888221740724,4.118436336517334,0.8762374520301819,0.2279667109251022
2122874867.0,-0.5635270476341248,0.5392995476722717,10.406158447265623,3.7765371799468994,-0.1039297506213188,0.0513309240341186
2122883200.0,-1.0139074325561523,0.591796338558197,9.861395835876465,3.376981019973755,-0.550565242767334,0.2059896737337112
2122891533.0,-1.2497366666793823,0.711140513420105,9.95534610748291,2.8101119995117188,0.5129506587982178,0.4368508160114288
2122899866.0,-1.310666799545288,1.062772512435913,9.659786224365234,3.2503697872161865,1.0646814107894895,0.4036803543567657
2122908199.0,-1.289151668548584,0.7778036594390869,9.716022491455078,3.594778060913086,1.0713151693344116,0.1723325401544571
2122916532.0,-1.052562236785889,0.1780516356229782,10.302323341369627,2.872969388961792,0.8198604583740234,0.4526804089546203
2122924865.0,-1.196699142456055,0.1834336966276168,10.132731437683104,1.9376914501190183,0.189699038863182,0.5005789995193481
2122933198.0,-1.2333017587661743,0.8127771615982056,9.781100273132324,2.611422538757324,-0.0607953891158103,0.4430238008499145
2122941531.0,-1.385245680809021,1.1569151878356934,9.50718879699707,3.971768379211426,-0.2459094673395156,0.3335229158401489
2122949864.0,-1.222037434577942,0.5763830542564392,9.87681484222412,3.551285743713379,-0.1147133782505989,0.0638306811451911
2122958197.0,-1.1004011631011963,0.3422036170959472,9.515417098999023,2.3206498622894287,0.3869030475616455,0.3442040979862213
2122966530.0,-1.3701623678207395,0.607549786567688,9.777438163757324,2.1201415061950684,0.7731145024299622,0.3936652243137359
2122974863.0,-1.247503399848938,0.5964272618293762,9.64203643798828,2.454919576644897,0.5949674844741821,0.2560911476612091
2122983196.0,-0.8260102272033691,0.5684924721717834,9.8412504196167,3.5118911266326904,-0.1275973170995712,0.2752762138843536
2122991529.0,-0.9977207183837892,0.1747312247753143,10.492021560668944,3.254288911819458,-1.243276596069336,0.1951292604207992
2122999862.0,-1.1033110618591309,0.4313624501228332,9.441330909729004,2.2497494220733643,-0.7078109383583069,0.0771244540810585
2123008195.0,-0.9689930081367492,0.7899948954582214,9.104440689086914,3.1407663822174072,0.3047325611114502,0.2354204505681991
2123016528.0,-0.9952863454818726,0.4907596707344055,9.746359825134276,3.633788347244263,0.8956272602081299,0.3086002469062805
2123024861.0,-1.3990103006362915,0.5509416460990906,9.909786224365234,3.0538058280944824,1.2000268697738647,0.0835536420345306
2123033194.0,-1.0457044839859009,0.4052631258964538,10.063867568969728,2.640059232711792,1.486829400062561,0.2510194778442383
2123041527.0,-0.8670419454574585,0.2437370866537094,9.72903060913086,3.000374555587769,0.4997337460517883,0.3484560251235962
2123049860.0,-0.9249073266983032,0.5193827748298645,10.134682655334473,3.748668193817138,-0.8605484962463379,0.0739738941192627
2123058193.0,-0.9509118795394896,0.0818535983562469,9.805866241455078,3.363994598388672,-0.7062485814094543,0.0828620642423629
2123066526.0,-0.5343559384346008,-0.2449671030044555,9.448445320129396,3.5854291915893555,-0.1763412058353424,0.0913915857672691
2123074859.0,-0.7099951505661011,-0.0205876789987087,9.821581840515137,3.942875623703003,0.4066515862941742,0.2760190069675445
2123083192.0,-1.1643613576889038,0.0110884215682744,9.540827751159668,4.173840045928955,1.5078332424163818,0.2104209661483764
2123091525.0,-1.1769349575042725,-0.1346232593059539,9.425543785095217,4.78612232208252,2.7518911361694336,0.1097826212644577
2123099858.0,-0.8722943663597107,0.1664689481258392,9.890806198120115,5.562182903289795,2.7660045623779297,0.370023250579834
2123108191.0,-1.0393643379211426,-0.1398394405841827,10.609086036682127,5.21710729598999,0.9602777361869812,0.2121370881795883
2123116524.0,-1.2940309047698977,0.4492665231227875,9.840073585510254,4.867473602294922,0.1606268733739853,0.1938741654157638
2123124857.0,-1.0537748336791992,1.0466922521591189,9.469000816345217,5.982460975646973,0.6530349254608154,0.3973792493343353
2123133190.0,-0.8428012728691101,0.7410420179367065,10.670214653015137,6.034303188323975,0.1598328202962875,0.090418241918087
2123141523.0,-0.836114764213562,1.2490789890289309,10.177119255065918,4.393789291381836,0.3964059352874756,-0.0010117623023688
2123149856.0,-0.9457986950874328,1.4274630546569824,9.532659530639648,3.903020620346069,1.685442328453064,0.1879316419363021
2123158189.0,-0.9639487862586976,1.3657304048538208,9.857232093811035,4.137749671936035,2.4292540550231934,0.2991230487823486
2123166522.0,-0.9938308000564576,1.6432985067367554,10.259344100952148,3.776998519897461,2.5542516708374023,0.2274288088083267
2123174855.0,-1.3755455017089844,1.5871676206588743,10.046735763549805,2.9715588092803955,2.051213502883911,0.3101883828639984
2123183188.0,-1.470323920249939,1.5140538215637207,9.98455047607422,2.259611129760742,1.8458644151687624,0.0508442558348178
2123191521.0,-1.391764998435974,1.5593245029449463,9.902896881103516,1.6077288389205933,1.7449443340301514,0.1772505044937133
2123199854.0,-1.0256891250610352,0.9928002953529358,10.214117050170898,1.0639641284942627,0.6953752636909485,-0.0407394357025623
2123208187.0,-0.1638859212398529,0.524711012840271,9.51380443572998,0.439156025648117,-1.025939702987671,-0.1193751394748687
2123216520.0,-0.3898708820343017,0.0666174888610839,9.080341339111328,1.1379635334014893,-1.8315329551696773,-0.1139449104666709
2123224853.0,-1.4336013793945312,0.6586409211158752,8.483729362487793,1.5518382787704468,0.2441036254167556,-0.3363020718097687
2123233186.0,-2.05673885345459,1.4762425422668457,9.081096649169922,2.459350824356079,4.982737064361572,-0.0425836667418479
2123241519.0,-2.1051180362701416,1.5688105821609497,10.66834545135498,2.525460958480835,7.0760345458984375,-0.3333308398723602
2123249852.0,-1.80632483959198,2.27074670791626,11.18362045288086,1.6020936965942385,5.498044490814209,-0.7120886445045471
2123258185.0,-1.0853489637374878,1.4570486545562744,11.628318786621094,0.539307713508606,2.108410120010376,-0.1781341880559921
2123266518.0,-0.4189432859420776,0.0450521595776081,11.015475273132324,-1.0490695238113403,-3.0380661487579346,0.1131380721926689
2123274851.0,-0.9411850571632384,-0.1666372567415237,9.398422241210938,-1.3886373043060305,-5.747156143188477,-0.1494718939065933
2123283184.0,-0.8077898621559143,-0.5000118613243103,8.559218406677246,-0.276569664478302,-3.701295375823975,0.2490215450525283
2123291517.0,-0.9428638219833374,-0.1221454590559005,8.17569351196289,1.836617350578308,0.227377563714981,0.3601873517036438
2123299850.0,-1.3056693077087402,0.3759302496910095,9.231575965881348,3.524646520614624,4.150914192199707,0.4199965894222259
2123308183.0,-1.8837288618087769,0.9337812066078186,10.241850852966309,3.212896585464477,6.89179277420044,0.3458178341388702
2123316516.0,-1.818655490875244,1.381558537483215,10.298851013183594,2.3522324562072754,6.855215072631836,-0.0929924845695495
2123324849.0,-1.2306121587753296,0.7209673523902893,11.108633995056152,1.837257981300354,3.9512009620666495,0.3670263886451721
2123333182.0,-1.0324914455413818,-0.630029559135437,10.968326568603516,0.1212321668863296,-1.2857705354690552,0.6499611735343933
2123341515.0,-1.3636081218719482,-0.0443433001637458,9.408061027526855,0.5964531302452087,-4.241499900817871,0.7851788401603699
2123349848.0,-0.9273510575294496,0.2925670146942138,9.647167205810549,2.3339178562164307,-4.2598395347595215,1.2099652290344238
2123358181.0,-1.0908339023590088,0.6060302257537842,9.397286415100098,3.0261170864105225,-2.820268392562866,0.7313376665115356
2123366514.0,-1.384257435798645,0.1551088392734527,9.53816032409668,2.7114462852478027,1.0190879106521606,0.3206389844417572
2123374847.0,-1.1494196653366089,0.0208198968321084,9.263689994812012,1.5956132411956787,4.376755237579346,0.3914367258548736
2123383180.0,-1.3251399993896484,0.0762138590216636,9.799442291259766,2.0748555660247803,5.049103736877441,0.3415402173995971
2123391513.0,-1.5497161149978638,0.4245187938213348,10.414223670959473,3.0218138694763184,4.120126724243164,0.5739638209342957
2123399846.0,-1.5879557132720947,0.0694286972284317,10.808395385742188,3.6067402362823486,1.458986759185791,0.9916294813156128
2123408179.0,-1.1099666357040403,-0.3854522705078125,10.468629837036133,2.790440559387207,-1.98447585105896,0.8712682723999023
2123416512.0,-1.3534014225006104,0.3733071088790893,9.61744785308838,2.626176118850708,-3.481038808822632,0.9791298508644104
2123424845.0,-1.4798054695129397,0.6004229187965393,9.72702407836914,3.2595911026000977,-2.7795159816741943,0.3578052520751953
2123433178.0,-1.3146320581436155,0.4138785302639007,9.58206272125244,3.3397891521453857,-0.6103488206863403,0.0909817591309547
2123441511.0,-1.2360432147979736,0.7818851470947266,10.006760597229004,3.455333948135376,1.6840076446533203,0.2186430841684341
2123449844.0,-1.466478943824768,0.9705113768577576,10.297297477722168,2.8405416011810303,2.7486634254455566,0.3445626497268677
2123458177.0,-1.0714420080184937,1.2211995124816897,10.223827362060549,2.6647000312805176,2.2712910175323486,0.4112621247768402
2123466510.0,-0.8286266922950745,0.8116085529327393,10.541884422302246,2.7414917945861816,0.281141847372055,0.6066476106643677
2123474843.0,-1.434213161468506,0.2243507355451584,10.84551239013672,1.724247932434082,-1.7647056579589844,0.3389531970024109
2123483176.0,-1.5061349868774414,0.504250705242157,9.364460945129396,1.1323285102844238,-1.4798239469528198,0.1477172970771789
2123491509.0,-1.4669582843780518,0.706414520740509,9.148004531860352,2.7772490978240967,-0.1992915570735931,0.2258150726556778
2123499842.0,-1.3022528886795044,0.3467099070549011,10.129902839660645,3.2039055824279785,0.7011897563934326,-0.0701189711689949
2123508175.0,-1.2513909339904783,-0.099815160036087,9.950313568115234,2.3305110931396484,0.9857637286186218,-0.1829752773046493
2123516508.0,-0.9314733147621156,-0.1109364330768585,9.635601997375488,2.099368095397949,0.6175079941749573,0.0743325129151344
2123524841.0,-0.8695249557495117,0.0973897278308868,9.605320930480955,3.186948537826538,-0.1984206587076187,0.4562919735908508
2123533174.0,-1.1407781839370728,0.4340644478797912,9.626424789428713,4.01246976852417,-1.0685362815856934,0.1324256062507629
2123541507.0,-1.103290319442749,0.3502180278301239,9.493399620056152,3.9306061267852783,-1.0168977975845337,0.1085274964570999
2123549840.0,-1.5219063758850098,0.1595795601606369,9.268479347229004,3.193864345550537,0.2849071323871612,0.0018442248692736
2123558173.0,-1.262878179550171,0.5486348271369934,9.51927661895752,2.87038254737854,1.5720736980438232,0.1297104954719543
2123566506.0,-1.1323593854904177,0.4403401613235473,9.865316390991213,3.48955512046814,1.3553003072738647,0.2445903271436691
2123574839.0,-1.263133525848389,0.4963035583496094,10.032835006713867,4.080116271972656,0.5234012603759766,0.2648255527019501
2123583172.0,-0.8596221208572388,0.2308939695358276,10.38518238067627,3.757659435272217,-0.3865571618080139,0.3958936035633087
2123591505.0,-1.0257935523986816,0.3844770491123199,9.490870475769045,3.6433167457580566,-1.6210352182388306,0.3723028898239136
2123599838.0,-1.4984370470046997,0.5290431380271912,9.249961853027344,3.8441836833953857,-0.6832468509674072,0.3183592855930328
2123608171.0,-1.0715594291687012,0.2283580899238586,9.34825325012207,3.644495010375977,0.6587724685668945,0.4458669126033783
2123616504.0,-0.6974223256111145,0.2164630740880966,9.219995498657228,3.927123069763184,0.6095163226127625,0.3639014065265655
2123624837.0,-0.964329481124878,0.3639162480831146,10.037766456604004,3.872436761856079,0.3787832856178283,0.6148697137832642
2123633170.0,-1.801486134529113,0.1308999955654144,9.66542625427246,3.3043904304504395,1.0403990745544434,0.6479121446609497
2123641503.0,-2.091535806655884,0.141469731926918,8.97419548034668,3.7831201553344727,2.6352694034576416,0.905565619468689
2123649836.0,-1.4953391551971436,0.4002997279167175,10.253073692321776,4.63253927230835,2.626816749572754,1.1624764204025269
2123658169.0,-1.7538210153579712,0.3569477796554565,10.633796691894531,4.424577236175537,0.0738458484411239,0.9209598898887634
2123666502.0,-1.6018027067184448,0.6721731424331665,10.42512321472168,3.917185306549072,-1.7589678764343262,0.7117938995361328
2123674835.0,-1.3240631818771362,0.6312232613563538,9.414076805114746,3.602821111679077,-2.3606464862823486,0.9968804121017456
2123683168.0,-0.6540573239326477,-0.0390139929950237,9.715641975402832,3.758325338363648,-2.6899943351745605,0.8526211380958557
2123691501.0,-0.7272593975067139,-0.1578295528888702,9.44125270843506,3.435202121734619,-2.503932476043701,1.1905498504638672
2123699834.0,-0.8368697762489319,0.7225028872489929,8.664962768554688,4.463383197784424,-0.8059134483337402,1.0834308862686155
2123708167.0,-1.0509402751922607,1.7576605081558228,9.171525955200195,6.358298301696777,1.3117306232452393,1.0389132499694824
2123716500.0,-1.62851881980896,2.31765365600586,10.374433517456056,5.648809909820557,2.5048928260803223,0.7112560868263245
2123724833.0,-1.733275294303894,2.3545074462890625,10.614389419555664,3.3248045444488525,3.0872838497161865,0.2907471656799316
2123733166.0,-1.696866154670715,1.6331470012664795,10.086588859558104,1.4170563220977783,2.609424591064453,0.2923864722251892
2123741499.0,-1.1579809188842771,1.2323633432388306,9.99066162109375,0.9799493551254272,0.222946286201477,0.4126196801662445
2123749832.0,-1.0163581371307373,0.2096413373947143,9.72174835205078,1.0110962390899658,-2.714967727661133,0.7168399095535278
2123758165.0,-1.5801169872283936,0.0130658652633428,8.96524429321289,1.3961037397384644,-3.4706389904022217,0.9863017201423644
2123766498.0,-1.5527607202529907,0.8404883742332458,9.2540283203125,2.002776861190796,-2.042235851287842,1.0970832109451294
2123774831.0,-1.2681647539138794,1.2209497690200806,9.566024780273438,1.9120769500732424,-0.5552525520324707,0.6388190388679504
2123783164.0,-0.8965832591056824,0.9219115376472472,9.919466972351074,1.9232447147369385,-0.08384820073843,0.1248181611299514
2123791497.0,-1.5544105768203735,0.4137751460075378,10.36534023284912,1.3745110034942627,1.0168851613998413,0.3664884567260742
2123799830.0,-2.054229974746704,0.7476860284805298,10.674346923828123,1.039323091506958,2.4612202644348145,0.1243058815598487
2123808163.0,-1.279595136642456,1.5279871225357056,10.536103248596191,2.8925130367279053,2.2727510929107666,0.0418280437588691
2123816496.0,-1.0909489393234253,0.9074453711509703,10.31108570098877,4.344251155853272,-0.7593468427658081,-0.2088200747966766
2123824829.0,-1.0784618854522705,-0.5282514095306396,10.29146671295166,3.0627195835113525,-2.644170045852661,-0.189763069152832
2123833162.0,-1.2093462944030762,-0.5417611002922058,9.530831336975098,0.8819236755371094,-2.0103204250335693,0.3773488998413086
2123841495.0,-1.3933476209640503,0.5152833461761475,9.075201988220217,1.6043474674224854,-0.652279257774353,0.1695406138896942
2123849828.0,-1.4213647842407229,1.6393301486968994,9.085190773010254,4.042412757873535,0.7821818590164185,-0.2743412554264068
2123858161.0,-1.5931823253631592,1.5513956546783447,10.088919639587402,5.183629512786865,1.7637195587158203,-0.6466698050498962
2123866494.0,-1.4778695106506348,0.718468427658081,10.7041654586792,2.9481983184814453,2.096986055374145,-0.6852704286575317
2123874827.0,-1.20725679397583,0.834968090057373,10.611967086791992,0.682081401348114,1.8648698329925537,-0.0453756116330623
2123883160.0,-1.5125473737716677,0.9104210138320924,9.969846725463867,0.8898128867149353,-0.450695276260376,-0.3198065161705017
2123891493.0,-1.2808799743652344,0.6720699071884155,10.08692741394043,2.2969307899475098,-1.852511048316956,-0.718159019947052
2123899826.0,-1.402644395828247,0.7288538813591003,10.114824295043944,2.459914207458496,-1.908068418502808,-0.3682430684566498
2123908159.0,-1.3047800064086914,0.5168071985244751,10.158683776855469,1.4659281969070437,-0.8329364657402039,-0.4320224821567535
2123916492.0,-0.8426549434661865,0.454169750213623,9.70991325378418,0.8693471550941467,0.6361039280891418,-0.1093856021761894
2123924825.0,-0.9199271202087402,0.7805039286613464,9.939726829528809,1.275742530822754,0.9436028003692628,0.0391385518014431
2123933158.0,-1.2491804361343384,0.3399334251880646,9.818184852600098,1.824399471282959,0.958945631980896,-0.2658373117446899
2123941491.0,-1.5850300788879397,-0.1545564532279968,9.934229850769045,1.4886736869812012,1.5730212926864624,-0.1689386814832687
2123949824.0,-1.2901487350463867,-0.199131429195404,10.234152793884276,0.9641709923744202,1.573328733444214,0.0843476727604866
2123958157.0,-1.6717349290847778,-0.0155229307711124,9.452495574951172,1.7496058940887451,1.0056148767471311,0.1373691409826278
2123966490.0,-0.8749892711639404,-0.1478988230228424,10.10074234008789,2.8586764335632324,0.3504027128219604,0.3038616478443146
2123974823.0,-1.2731764316558838,-0.1437931656837463,9.968754768371582,3.158491373062134,-0.6957466006278992,0.5325455069541931
2123983156.0,-1.5780130624771118,0.2340359687805175,10.383078575134276,2.8721494674682617,-0.1211937442421913,0.6410986185073853
2123991489.0,-1.4588170051574707,0.5411363244056702,9.91001033782959,2.400771141052246,1.197388768196106,0.7671464085578918
2123999822.0,-1.0822359323501587,0.7594263553619385,9.37354564666748,3.543242692947388,1.0427554845809937,0.4109803438186645
2124008155.0,-1.0227015018463137,-0.0409326925873756,10.315637588500977,4.012930870056152,0.9419378638267516,0.452091246843338
2124016488.0,-1.2828301191329956,-0.7599570751190186,10.234431266784668,2.173957109451294,1.13053560256958,0.7194014191627502
2124024821.0,-0.8831722736358643,-0.4303017556667328,9.2189359664917,2.652097702026367,1.6172572374343872,1.1302281618118286
2124033154.0,-1.0668418407440186,-0.3537934422492981,9.460923194885254,4.828308582305908,1.1798940896987915,1.3937984704971311
2124041487.0,-1.255591630935669,0.4776572585105896,9.68955421447754,6.1496195793151855,0.7939901351928711,0.8772108554840088
2124049820.0,-1.320724606513977,-0.0056150904856622,9.762468338012695,5.6655354499816895,1.0307425260543823,0.8209874629974365
2124058153.0,-1.581230640411377,0.0763120129704475,9.72227954864502,4.216103553771973,2.1094090938568115,0.9662202596664428
2124066486.0,-1.7918730974197388,1.009291648864746,9.506800651550291,4.17202091217041,3.0218138694763184,0.8797208666801453
2124074819.0,-1.3474509716033936,0.4798604249954223,10.038352966308594,5.041418552398682,2.7856757640838623,0.7792618274688721
2124083152.0,-0.7067628502845764,0.5856105089187622,10.174809455871582,5.474043846130371,0.8526979684829712,0.9262620210647584
2124091485.0,-1.4043363332748413,0.2783282995223999,10.249741554260254,4.737071514129639,-0.2265963554382324,1.096084475517273
2124099818.0,-1.7993686199188232,0.556667149066925,9.259264945983888,3.375444173812866,0.3598544299602508,1.0568435192108154
2124108151.0,-2.245790719985962,1.0388827323913574,8.648362159729004,4.173532485961914,2.536885023117065,0.6494746208190918
2124116484.0,-2.0220718383789062,0.6095001697540283,10.015735626220703,4.511000156402588,3.831813097000122,0.6740386486053467
2124124817.0,-1.7026814222335815,0.2225096374750137,10.57118797302246,3.5517468452453613,3.124655246734619,0.5460699200630188
2124133150.0,-1.3690367937088013,0.8082016110420227,10.44856071472168,3.279646396636963,1.0500555038452148,0.4635663330554962
2124141483.0,-1.4349082708358765,0.8910019397735596,10.143972396850586,3.810091733932495,-1.3238844871520996,0.440769761800766
2124149816.0,-1.5295803546905518,1.0999321937561035,9.174871444702148,3.898153781890869,-2.031477928161621,0.2513525187969208
2124158149.0,-1.4721975326538086,1.139418125152588,9.620664596557615,3.8462843894958496,-0.6115525960922241,0.0315311178565025
2124166482.0,-1.0789244174957275,1.0105185508728027,9.772909164428713,2.582042932510376,1.0111218690872192,0.0102456929162144
2124174815.0,-1.2288092374801636,1.0508304834365845,9.395992279052734,2.785727500915528,1.7964801788330078,-0.0077226920984685
2124183148.0,-1.3126730918884275,0.8727676868438721,9.697680473327637,3.2260613441467285,2.6158792972564697,0.0128583451732993
2124191481.0,-1.7149040699005127,1.029238224029541,9.256418228149414,3.290839672088623,2.3500547409057617,-0.2250594347715377
2124199814.0,-1.888270258903504,0.9065045118331908,9.628536224365234,3.653409719467163,2.1294140815734863,-0.3533868491649627
2124208147.0,-1.8534185886383057,0.4275354743003845,9.97177505493164,2.451819896697998,1.5659263134002686,0.0154966125264763
2124216480.0,-1.6126863956451416,0.5225834250450134,9.456478118896484,2.65499234199524,0.0142671298235654,-0.1904802769422531
2124224813.0,-1.2908254861831665,0.276754766702652,10.180670738220217,3.495036125183105,-1.3171478509902954,-0.1284937858581543
2124233146.0,-1.0634063482284546,0.5770413875579834,10.214086532592772,3.350393056869507,-2.453446626663208,-0.209639698266983
2124241479.0,-0.915651261806488,0.7813534736633301,9.593633651733398,4.1482768058776855,-1.7278465032577517,-0.5379886031150818
2124249812.0,-0.5518478155136108,0.6723814010620117,10.201087951660156,4.195740222930908,0.4021691083908081,-0.0224764943122863
2124258145.0,-0.856472373008728,0.2106206566095352,10.055427551269531,3.2994463443756104,1.9827464818954468,0.2474334985017776
2124266478.0,-1.6062763929367063,0.9165862798690796,9.23638153076172,3.527592420578003,3.9427220821380615,0.093978613615036
2124274811.0,-1.9522539377212524,0.8332756161689758,9.587187767028809,4.811583518981934,5.360368251800537,0.181271955370903
2124283144.0,-1.7090966701507568,0.3707976341247558,10.067461013793944,4.646960735321045,4.052146911621094,0.1627016514539718
2124291477.0,-1.9793039560317995,0.656200647354126,10.049141883850098,3.781864643096924,2.2136080265045166,0.1836540699005127
2124299810.0,-1.7673128843307495,1.0386236906051636,9.67203140258789,3.2143819332122803,0.2297596931457519,0.5766276717185974
2124308143.0,-0.9011159539222716,0.957810640335083,9.635689735412598,3.4306681156158447,-2.324581384658813,0.4167436063289642
2124316476.0,-0.959018349647522,1.5332170724868774,9.64050579071045,3.446344375610352,-3.695506811141968,0.3643112778663635
2124324809.0,-1.6075948476791382,1.444746017456055,9.893695831298828,2.4679830074310303,-1.7468268871307373,0.3124680519104004
2124333142.0,-2.342472553253174,1.313827633857727,8.838754653930664,1.7799845933914185,2.246138095855713,0.0202608630061149
2124341475.0,-2.3704605102539062,1.5340030193328855,9.28916835784912,2.394700527191162,6.409808158874512,0.2639034688472748
2124349808.0,-1.6425981521606443,1.330783724784851,11.189567565917969,2.1917076110839844,6.156662940979004,0.208115667104721
2124358141.0,-1.338900089263916,1.2863585948944092,11.34070873260498,1.5315006971359253,1.6331892013549805,0.1203356757760047
2124366474.0,-0.6775364875793457,0.9566439986228944,10.841127395629885,0.6100030541419983,-3.275202751159668,0.1481271088123321
2124374807.0,-0.6125977039337158,0.3494061231613159,9.760441780090332,0.150150641798973,-5.913904190063477,0.1960257440805435
2124383140.0,-0.9846881031990052,-0.6494407653808594,8.562950134277344,-0.0740123391151428,-5.028907299041748,0.2197957634925842
2124391473.0,-1.7378976345062256,0.0883161500096321,7.852390766143799,1.0144773721694946,0.2138788551092147,0.3273499608039856
2124399806.0,-2.3244128227233887,0.6363976001739502,8.9611234664917,2.2031824588775635,6.146391868591309,0.5425863265991211
2124408139.0,-1.7218056917190552,1.3403459787368774,10.51668930053711,2.997019052505493,8.188613891601562,0.1006127074360847
2124416472.0,-1.294266939163208,0.7568846940994263,11.721979141235352,2.840106725692749,5.313007354736328,-0.3558457791805267
2124424805.0,-1.168667197227478,0.0428527481853961,11.43343448638916,0.779646098613739,0.4593400359153747,-0.0023437025956809
2124433138.0,-1.6690298318862915,0.4694591760635376,9.9194917678833,0.3128522932529449,-2.4962995052337646,0.2474079132080078
2124441471.0,-1.309650421142578,0.5002180337905884,9.232640266418455,1.4391355514526367,-3.476478576660156,0.391180545091629
2124449804.0,-0.933805525302887,0.2362978607416153,9.264960289001465,2.443981885910034,-3.087193727493286,0.2154156863689422
2124458137.0,-0.9801854491233826,-0.0123984618112444,9.45861530303955,1.840818166732788,-1.0516819953918457,0.0801725536584854
2124466470.0,-0.984610676765442,-0.0963621288537979,9.147310256958008,1.1897555589675903,2.4528701305389404,0.3739421963691711
2124474803.0,-1.476565718650818,0.5979447960853577,8.825332641601562,1.9905846118927,5.240672588348389,0.2957419753074646
2124483136.0,-1.0727921724319458,0.731942892074585,10.154240608215332,3.0738110542297363,5.237701892852783,0.5127714276313782
2124491469.0,-2.184297561645508,0.7118923664093018,10.319433212280272,2.9253249168396,3.4662973880767822,0.1612928360700607
2124499802.0,-2.1551101207733154,0.8514184951782227,10.07276725769043,1.9169950485229488,2.516009569168091,0.1991250663995742
2124508135.0,-1.3063689470291138,0.1863491386175155,9.817562103271484,1.4085267782211304,0.6477071046829224,0.6689669489860535
2124516468.0,-0.6784621477127075,0.1096520200371742,10.442010879516602,1.3692601919174194,-2.498502254486084,0.3993259370326996
2124524801.0,-0.9469247460365297,0.3830661475658417,9.925786018371582,1.648941993713379,-3.70398473739624,0.3776306509971618
2124533134.0,-1.8192678689956665,0.1613533198833465,9.033716201782228,2.258176565170288,-1.1651532649993896,-0.1090270057320594
2124541467.0,-1.431392788887024,0.453167974948883,8.808893203735352,2.8468685150146484,3.5110459327697754,0.1993812173604965
2124549800.0,-1.342459797859192,0.1723771393299102,9.607292175292969,3.22173285484314,5.843042373657227,0.5575450658798218
2124558133.0,-1.5719889402389526,0.5597564578056335,10.16184902191162,3.022966384887696,5.009811401367188,0.4227373301982879
2124566466.0,-2.1387252807617188,0.6394320726394653,10.004941940307615,3.039538860321045,3.4319236278533936,0.4147969186306
2124574799.0,-2.0441811084747314,0.4466354548931122,10.178580284118652,3.0381557941436768,1.7955834865570068,0.0656749010086059
2124583132.0,-1.368233561515808,-0.3179730176925659,10.696749687194824,2.429382085800171,-0.7945919632911682,0.1742792576551437
2124591465.0,-1.651240348815918,-0.0466615632176399,9.785323143005373,1.9978336095809937,-2.39115309715271,0.0413669906556606
2124599798.0,-1.7623248100280762,0.482699304819107,9.019974708557127,3.339711904525757,-1.3935295343399048,-0.0027535301633179
2124608131.0,-1.5624943971633911,0.6367822289466858,10.066010475158691,4.482439994812012,1.0041805505752563,-0.0016521182842552
2124616464.0,-1.5238929986953735,1.102457046508789,10.629002571105955,3.5941643714904785,2.3529748916625977,-0.0228094793856143
2124624797.0,-1.579969048500061,0.5278156399726868,9.764451026916504,2.920662879943848,2.706169366836548,-0.2401206344366073
2124633130.0,-2.0286896228790283,0.1056481599807739,9.621310234069824,2.848353624343872,2.851555347442627,-0.1609726399183273
2124641463.0,-2.1174111366271973,0.5756855607032776,9.973130226135254,3.2770590782165527,2.2519776821136475,-0.1132020875811576
2124649796.0,-1.4341845512390137,-0.5964259505271912,10.32431983947754,3.615039348602295,-0.2451410144567489,-0.2956010699272156
2124658129.0,-1.0305345058441162,-1.0817722082138062,9.533751487731934,3.7024354934692383,-2.8747241497039795,-0.0711179301142692
2124666462.0,-1.3794538974761963,-0.6970598697662354,8.999540328979492,4.83038330078125,-3.209604501724243,0.232321098446846
2124674795.0,-1.740978717803955,-0.4914577603340149,8.98585033416748,5.478270053863525,-1.36794114112854,0.2087304145097732
2124683128.0,-1.5540882349014282,0.5070459246635437,8.918498039245605,6.488291263580322,0.948290228843689,-0.0879720896482467
2124691461.0,-1.2377029657363892,0.7652167677879333,9.924979209899902,6.733802795410156,1.7331103086471558,-0.0033426575828343
2124699794.0,-1.4454609155654907,0.552037239074707,10.577104568481444,5.453321933746338,1.320618748664856,-0.0877159535884857
2124708127.0,-0.9873141646385192,0.6887182593345642,10.114646911621094,4.269457817077637,0.4365690350532532,0.1756880581378936
2124716460.0,-0.9662204384803772,0.9345230460166932,9.941505432128906,4.88107442855835,-1.1985028982162476,0.3259411454200744
2124724793.0,-1.2736811637878418,0.9405835270881652,10.028509140014648,5.150228500366211,-2.3435873985290527,0.0214391145855188
2124733126.0,-0.9476404190063475,1.0709606409072876,9.65014362335205,4.604543209075928,-1.5731624364852903,0.1728704869747162
2124741459.0,-1.0856868028640747,0.7671677470207214,9.561660766601562,4.074507236480713,-0.0724754780530929,0.2419264465570449
2124749792.0,-1.6164990663528442,1.19038987159729,9.46233367919922,3.2280848026275635,2.0914018154144287,0.1277893930673599
2124758125.0,-1.1347516775131226,1.4129409790039062,9.78165340423584,3.239509344100952,3.19860315322876,0.2753530442714691
2124766458.0,-0.990178108215332,0.7860848307609558,10.616390228271484,3.4421427249908447,2.160816669464112,0.1320413649082183
2124774791.0,-1.175597071647644,0.4397601783275604,10.78542423248291,2.3426525592803955,0.2594978213310241,0.3311664760112762
2124783124.0,-1.4702842235565186,0.3410370051860809,9.528240203857422,1.848015666007996,-0.3109952509403229,0.3557561039924621
2124791457.0,-1.1304141283035278,0.7929719686508179,8.791375160217285,3.231440544128418,-0.2550793290138244,0.1843456476926803
2124799790.0,-0.9396878480911256,0.9121785759925842,9.54482364654541,4.352550029754639,0.32437863945961,0.2685652673244476
2124808123.0,-0.9646753668785096,0.7430687546730042,10.119023323059082,3.277008295059204,0.4010933041572571,0.1950011700391769
2124816456.0,-1.2005149126052856,0.6399937272071838,9.154608726501465,2.377641439437866,1.3349370956420898,-0.065201036632061
2124824789.0,-1.7924288511276243,1.1592940092086792,8.850954055786133,3.005984306335449,3.4007253646850586,0.0825546830892562
2124833122.0,-1.7664920091629028,1.3193200826644895,10.159265518188477,3.824231147766113,4.267357349395752,0.1989457458257675
2124841455.0,-1.5388540029525757,1.291155219078064,10.100854873657228,3.641447544097901,2.6822714805603027,-0.0926594957709312
2124849788.0,-1.144046664237976,0.9452537894248962,10.446573257446287,3.120659351348877,0.6415597796440125,-0.1293646991252899
2124858121.0,-1.245763063430786,0.5306641459465027,10.045106887817385,1.809953212738037,-1.2245270013809204,-0.0971675962209701
2124866454.0,-1.3257510662078855,0.6022353172302246,8.964167594909668,1.8218122720718384,-1.5554372072219849,-0.4069973826408386
2124874787.0,-1.2072737216949463,0.9280752539634703,9.133955001831056,3.1877427101135254,0.0891631543636322,-0.112945981323719
2124883120.0,-1.2069635391235352,0.3797261416912079,9.99359893798828,3.193019151687622,1.4291974306106567,-0.2059256285429
2124891453.0,-1.2843894958496094,0.4889944493770599,9.028026580810549,2.818615436553955,2.4243099689483643,-0.5603497624397278
2124899786.0,-1.2550004720687866,0.514569878578186,9.452518463134766,3.4427835941314697,3.5987741947174072,-0.1807980835437774
2124908119.0,-1.6332824230194092,0.8047886490821838,10.098724365234377,3.476722717285156,2.9355454444885254,-0.3492885231971741
2124916452.0,-1.471440076828003,1.522209644317627,10.193739891052246,3.67997145652771,1.7166147232055664,-0.4124019742012024
2124924785.0,-1.4192464351654053,0.5452221632003784,10.260124206542969,3.299497604370117,0.1576043963432312,-0.4240052402019501
2124933118.0,-1.148123860359192,0.2832906246185303,9.88808250427246,1.975702881813049,-0.7149317860603333,-0.7069401741027832
2124941451.0,-1.0112067461013794,1.0106699466705322,9.402366638183594,2.209381341934204,-0.2252131700515747,-0.4399116635322571
2124949784.0,-1.115448236465454,1.310851812362671,10.266568183898926,2.9255809783935547,0.8369962573051453,-0.3750308156013489
2124958117.0,-1.268631100654602,0.9707843661308287,10.10448169708252,2.3181395530700684,2.079312562942505,-0.4363000690937042
2124966450.0,-1.2326332330703735,0.2707334756851196,9.62490940093994,1.8545728921890257,3.4541046619415283,-0.2801300585269928
2124974783.0,-1.457857966423035,-0.0442306250333786,9.750301361083984,1.16780424118042,3.969361066818237,-0.1275460720062255
2124983116.0,-1.468230962753296,0.5872268676757812,9.457680702209473,1.669971227645874,3.0157175064086914,-0.1444514691829681
2124991449.0,-1.4249132871627808,0.5487115383148193,9.615410804748535,3.15705680847168,1.4928231239318848,-0.3286690413951874
2124999782.0,-1.217476725578308,0.2793910205364227,9.918790817260742,2.91338849067688,-0.251518964767456,-0.2564881145954132
2125008115.0,-2.306262493133545,0.6358233690261841,9.699520111083984,1.6021190881729126,0.3001988232135772,-0.1907876282930374
2125016448.0,-2.135167360305786,1.117164134979248,9.395293235778809,0.8786195516586304,2.3810997009277344,-0.3063846826553345
2125024781.0,-1.239798665046692,0.8616636395454407,9.715920448303224,1.9264979362487795,2.516240119934082,-0.469803512096405
2125033114.0,-0.738473653793335,0.8009005784988403,11.242133140563965,2.2066919803619385,0.5604394674301147,-0.620107889175415
2125041447.0,-0.826417863368988,0.4371029138565063,11.039576530456545,0.957408845424652,-0.7920049428939819,-0.4659101068973541
2125049780.0,-1.2863527536392212,0.6705787777900696,9.115540504455566,0.7290067672729492,-0.6291240453720093,-0.6704654097557068
2125058113.0,-1.3257523775100708,1.3160353899002075,8.93911075592041,2.007925510406494,1.75355064868927,-0.4965192079544067
2125066446.0,-1.6904919147491455,0.3080257773399353,9.739497184753418,1.8473241329193115,3.662732839584351,-0.5065087080001831
2125074779.0,-1.6373189687728882,-0.0585318394005298,9.69929313659668,0.8464736938476562,4.15885591506958,-0.8788885474205017
2125083112.0,-1.5918599367141724,0.4601115882396698,9.941446304321287,0.962249994277954,3.847078561782837,-0.4860941171646118
2125091445.0,-1.9131712913513184,0.682414710521698,10.253727912902832,1.5958181619644165,1.8305727243423464,-0.8062720894813538
2125099778.0,-1.7837672233581543,1.279161810874939,9.938172340393066,2.041044473648072,-0.3063334226608276,-1.4811559915542605
2125108111.0,-1.8190395832061768,0.8997817039489746,10.454788208007812,1.5693072080612185,-0.3853277266025543,-1.362894892692566
2125116444.0,-1.6711974143981934,-0.100111186504364,10.064407348632812,-0.456381618976593,0.1771736592054367,-1.383514404296875
2125124777.0,-0.970655083656311,-0.2923510074615478,9.225164413452148,-0.0715021416544914,0.7036486864089966,-1.1396669149398804
2125133110.0,-0.8890026211738586,-0.1169899851083755,9.758919715881348,1.9386900663375848,0.5212241411209106,-0.9574729204177856
2125141443.0,-1.1608220338821411,0.0316052138805389,10.082993507385254,2.8721752166748047,0.0399582050740718,-1.183211088180542
2125149776.0,-1.6707640886306765,0.4630847573280334,9.426023483276367,3.055701494216919,1.1604273319244385,-1.5816407203674316
2125158109.0,-1.786496877670288,-0.0493097901344299,9.64813995361328,2.454073905944824,2.651482582092285,-1.4488306045532229
2125166442.0,-1.7014760971069336,-0.2406708151102066,9.32058334350586,1.5263011455535889,3.3372275829315186,-1.6776939630508425
2125174775.0,-1.6165902614593506,0.3043306171894073,9.568366050720217,2.4366564750671387,2.461118221282959,-1.6544106006622314
2125183108.0,-1.817897081375122,0.6694219708442688,10.619651794433594,3.3738300800323486,0.791121244430542,-1.629744052886963
2125191441.0,-1.631450057029724,0.8276727795600891,10.553466796875,3.1856675148010254,-0.6797376871109009,-1.929558515548706
2125199774.0,-1.5951318740844729,0.4462642669677734,9.98077392578125,2.4854516983032227,-1.334770679473877,-1.751386046409607
2125208107.0,-1.065201759338379,-0.2530059814453125,9.503557205200195,1.614721417427063,-1.0539106130599976,-1.518040657043457
2125216440.0,-1.2595062255859375,0.0461411066353321,8.62338638305664,2.0240626335144043,-0.656326413154602,-1.740167260169983
2125224773.0,-1.2097941637039185,0.2055661678314209,9.612690925598145,3.287458896636963,0.3504795730113983,-1.8743599653244016
2125233106.0,-1.4157946109771729,0.2871113419532776,10.194886207580566,3.197911500930786,1.2932370901107788,-1.8902151584625244
2125241439.0,-1.2798161506652832,0.570525586605072,10.111499786376951,2.829066514968872,2.0028793811798096,-1.8516145944595337
2125249772.0,-1.2464702129364014,0.0350873321294784,9.934282302856444,2.4275124073028564,1.5800142288208008,-1.8019232749938965
2125258105.0,-1.4285321235656738,-0.1809725314378738,9.611688613891602,2.229591131210327,0.7170448303222656,-2.102173328399658
2125266438.0,-1.6025965213775637,-0.2912478148937225,10.013816833496094,2.402769088745117,0.7595645785331726,-1.923360109329224
2125274771.0,-1.551155686378479,0.0570010170340538,10.282418251037598,2.785420179367065,0.5720683932304382,-1.63532817363739
2125283104.0,-1.2629239559173584,0.4276906251907348,9.96091079711914,3.808682918548584,0.086089439690113,-1.618755578994751
2125291437.0,-1.2877320051193235,0.3246183395385742,10.163982391357422,3.747490406036377,-0.0343358777463436,-1.6215732097625732
2125299770.0,-1.8797338008880613,0.2666457295417785,9.811384201049805,2.620387554168701,0.4321634173393249,-1.944312572479248
2125308103.0,-1.340749979019165,0.3968763649463653,9.491546630859377,2.346520185470581,1.6843154430389404,-1.996591329574585
2125316436.0,-1.2155182361602783,0.3990242183208465,10.191498756408691,3.2157647609710693,1.6733267307281494,-1.758583664894104
2125324769.0,-1.45399010181427,-0.1605993509292602,10.874326705932615,2.8266847133636475,0.7627151012420654,-1.7724411487579346
2125333102.0,-1.670440673828125,0.0411195009946823,9.4360933303833,2.755272150039673,0.6248592734336853,-1.6830731630325315
2125341435.0,-1.7524893283843994,0.5072376132011414,9.664872169494627,3.944746017456055,0.9663995504379272,-1.650517225265503
2125349768.0,-1.562936782836914,0.6544607281684875,10.824088096618652,3.3816936016082764,0.7259073853492737,-1.9992550611495967
2125358101.0,-1.4825563430786133,0.4088629186153412,10.185405731201172,2.7183878421783447,0.2250723242759704,-2.296175479888916
2125366434.0,-1.2412861585617063,0.1539935022592544,9.953814506530762,3.090101480484009,0.3540399372577667,-2.0879313945770264
2125374767.0,-1.0999056100845337,0.0040104109793901,10.445904731750488,2.9516313076019287,0.4727619588375091,-1.9318643808364868
2125383100.0,-1.4242655038833618,0.3039435446262359,9.862884521484377,3.124961853027344,0.5433034896850586,-2.179527997970581
2125391433.0,-1.3045200109481812,-0.2356285601854324,9.167731285095217,3.861807346343994,1.13937246799469,-2.009321451187134
2125399766.0,-1.4346106052398682,-0.459054946899414,9.226433753967283,4.375090599060059,1.445590615272522,-2.10386323928833
2125408099.0,-1.6693987846374512,0.0240602381527423,9.855690956115724,4.389741897583008,2.102467536926269,-2.32565712928772
2125416432.0,-1.4180059432983398,0.4439630210399627,9.754880905151367,4.452522277832031,1.8135133981704712,-2.376859903335572
2125424765.0,-1.740110158920288,1.1191798448562622,9.899738311767578,5.029586315155029,1.2407280206680298,-2.4415619373321533
2125433098.0,-1.4127975702285769,0.4302320480346679,10.403180122375488,4.129347801208496,0.2286070734262466,-2.578213691711426
2125441431.0,-1.6438446044921875,0.0634211674332618,9.195266723632812,3.039256811141968,-0.3022095263004303,-2.695629119873047
2125449764.0,-1.5037519931793213,0.411840558052063,9.315960884094238,3.420858144760132,-0.052547600120306,-2.600984811782837
2125458097.0,-1.451684594154358,0.7719363570213318,9.723548889160156,3.924997806549072,0.556546151638031,-2.65728497505188
2125466430.0,-1.3342303037643433,1.1727294921875,9.670933723449709,4.573780536651611,0.237623244524002,-3.269003868103028
2125474763.0,-1.144703984260559,1.202600121498108,10.138604164123535,4.028120040893555,0.2762751281261444,-3.1664187908172607
2125483096.0,-1.7258827686309814,0.4621844589710235,10.237344741821287,2.091376304626465,0.958407700061798,-3.067009687423706
2125491429.0,-1.5788626670837402,0.688656747341156,9.271900177001951,1.2154209613800049,1.8196096420288088,-2.9717507362365723
2125499762.0,-1.6368350982666016,0.7004919052124023,9.356731414794922,2.611140727996826,1.7682019472122192,-2.960967540740967
2125508095.0,-1.3640401363372805,0.4385502934455871,10.287668228149414,3.0716588497161865,0.6309298276901245,-3.3308112621307373
2125516428.0,-1.3897286653518677,0.6033206582069397,10.064483642578123,2.280025720596313,-0.6609625816345215,-3.461110830307007
2125524761.0,-1.4758113622665403,0.686556875705719,9.657682418823242,1.615438461303711,-0.7459761500358582,-3.3702311515808105
2125533094.0,-1.5688294172286987,0.615079939365387,9.109002113342283,1.4485361576080322,-0.1401995122432708,-3.518896102905273
2125541427.0,-1.4807043075561523,0.3890215158462524,9.097472190856934,1.87485945224762,0.9923722743988036,-3.560007095336914
2125549760.0,-1.3293943405151367,0.4814598858356476,9.706768989562988,2.0880980491638184,1.4645451307296753,-3.351456642150879
2125558093.0,-1.2090717554092407,0.1182499378919601,10.004212379455566,1.923014163970948,0.7150213718414307,-3.274946451187134
2125566426.0,-1.469117522239685,0.5648950934410095,9.639327049255373,1.878752827644348,-0.1444770842790603,-3.5021958351135254
2125574759.0,-1.782438039779663,0.282802402973175,9.597968101501465,1.6420773267745972,-0.1358706951141357,-3.621148109436035
2125583092.0,-1.8473535776138303,0.4993375837802887,8.867321968078613,1.9185575246810915,0.5580573678016663,-3.864919424057007
2125591425.0,-1.61926007270813,0.6127482056617737,9.93063735961914,2.3960838317871094,1.2723103761672974,-3.745864391326904
2125599758.0,-1.3431782722473145,0.286927193403244,10.811112403869627,1.4854975938796997,0.4802412688732147,-3.707135200500488
2125608091.0,-1.314815640449524,0.5213519930839539,10.02762508392334,0.9518762230873108,-0.7227697372436523,-3.936177968978882
2125616424.0,-1.171730399131775,0.3954342901706695,9.785531044006348,1.6259148120880127,-1.0682032108306885,-3.79171371459961
2125624757.0,-1.4188402891159058,0.1946306526660919,9.448234558105469,1.9459904432296755,-0.9079350233078004,-4.0012383460998535
2125633090.0,-1.245847463607788,0.1714916080236435,9.36147403717041,1.7862597703933716,-0.0659694597125053,-4.201182842254639
2125641423.0,-1.0807926654815674,0.2029176354408264,9.717647552490234,1.4848315715789795,0.9428856372833252,-4.174646854400635
2125649756.0,-1.5135685205459597,0.0432792901992797,9.500003814697266,1.4980998039245603,1.576069474220276,-4.074776649475098
2125658089.0,-1.7051517963409424,0.0819903835654258,9.626805305480955,1.7630535364151,2.1578969955444336,-4.176285266876221
2125666422.0,-1.3899437189102173,0.122590497136116,9.967493057250977,1.8008856773376465,1.386549711227417,-4.270290374755859
2125674755.0,-1.3775731325149536,-0.2541159391403198,9.889848709106444,1.90823495388031,-0.297778308391571,-4.427715301513672
2125683088.0,-1.6431372165679932,-0.1000069305300712,9.883665084838867,1.7875149250030518,-0.8957683444023132,-4.378356456756592
2125691421.0,-1.536177635192871,0.0825676843523979,9.64230251312256,1.919812560081482,-0.5628087520599365,-4.46864652633667
2125699754.0,-1.2629773616790771,0.3224957585334778,9.467187881469728,2.4852983951568604,-0.1577965021133422,-4.628659248352051
2125708087.0,-1.5054941177368164,0.4363197684288025,9.93814182281494,2.600254774093628,0.1872656792402267,-4.803655624389648
2125716420.0,-1.6129671335220337,0.3478531241416931,9.809605598449709,1.921708106994629,0.8863550424575806,-5.108029365539551
2125724753.0,-1.215681076049805,0.1009808480739593,9.55948257446289,1.83264708518982,1.135786533355713,-5.217658519744873
2125733086.0,-1.1655255556106567,-0.1170739084482193,9.72714900970459,2.160817146301269,0.4872852265834808,-5.176112174987793
2125741419.0,-1.189215064048767,-0.2395496666431427,9.951488494873049,2.2158620357513428,-0.1182993575930595,-5.086026668548584
2125749752.0,-1.3652637004852295,-0.1060555279254913,9.637362480163574,2.5178537368774414,-0.529561460018158,-5.190532684326172
2125758085.0,-1.595468521118164,0.0405225232243537,9.936568260192873,2.6272010803222656,0.2172087281942367,-5.226751327514648
2125766418.0,-1.8113267421722408,-0.070402443408966,9.651076316833496,2.546849250793457,1.4107810258865356,-5.358639717102051
2125774751.0,-1.4290941953659058,0.1005621999502182,9.362449645996094,2.807217836380005,1.5041191577911377,-5.562041759490967
2125783084.0,-1.438685178756714,0.3717800676822662,10.186453819274902,3.252828598022461,0.9061548113822936,-5.65094804763794
2125791417.0,-1.210066556930542,0.3183968067169189,10.797979354858398,2.0606656074523926,-0.3574338555335998,-5.710988998413086
2125799750.0,-1.156169295310974,0.5284484028816223,10.123554229736328,1.5192315578460691,-1.222272872924805,-5.537810802459717
2125808083.0,-1.3101692199707031,-0.0841420888900756,9.371482849121094,1.6010946035385132,-1.1383349895477295,-5.55284595489502
2125816416.0,-1.4478938579559326,-0.3736758232116699,8.907875061035156,2.008181571960449,0.0399325899779796,-5.63593864440918
2125824749.0,-1.40968656539917,-0.1779108345508575,9.505121231079102,2.259866952896118,1.498688817024231,-5.591343879699707
2125833082.0,-1.4695322513580322,-0.08309156447649,10.110666275024414,2.411119222640991,1.6524509191513062,-5.533737182617188
2125841415.0,-1.445551872253418,0.2847309410572052,10.139093399047852,2.548821210861206,0.774369478225708,-5.9176435470581055
2125849748.0,-1.337193250656128,0.0651497468352317,10.172685623168944,2.2405025959014893,-0.0901236832141876,-5.9488935470581055
2125858081.0,-1.5526764392852783,-0.229336217045784,9.485264778137209,1.6926655769348145,-0.5587618350982666,-5.92625093460083
2125866414.0,-1.3940788507461548,-0.1016754209995269,9.637704849243164,2.1569745540618896,-0.1320029646158218,-6.044510364532471
2125874747.0,-1.142806053161621,-0.2148627936840057,10.306319236755373,2.2615835666656494,-0.1931953877210617,-5.803814888000488
2125883080.0,-1.378523588180542,-0.3323332965373993,9.811025619506836,2.420494079589844,-0.3169121444225311,-5.97522497177124
2125891413.0,-1.2502161264419556,0.0493842028081417,9.140128135681152,3.265994071960449,0.4021434485912323,-5.994742393493652
2125899746.0,-1.3505858182907104,-0.2427529096603393,9.946255683898926,3.7367329597473145,0.8340251445770264,-6.132035255432129
2125908079.0,-1.5815892219543457,-0.449308842420578,10.184288024902344,2.8209214210510254,1.1130921840667725,-6.276089191436768
2125916412.0,-1.48033344745636,-0.3185510337352752,9.680254936218262,3.007290363311768,1.5968170166015625,-6.160953044891357
2125924745.0,-1.4438339471817017,-0.3321544826030731,10.124507904052734,4.1407976150512695,1.2173677682876587,-6.255675792694092
2125933078.0,-1.2633357048034668,0.045394692569971,10.330498695373535,4.523397445678711,0.273201435804367,-6.183801651000977
2125941411.0,-1.3724082708358765,0.3990718722343445,10.098325729370115,4.299247741699219,0.0337339527904987,-6.32734489440918
2125949744.0,-1.093364119529724,0.013122122734785,10.187448501586914,3.929608106613159,-0.2930908799171448,-6.371809959411621
2125958077.0,-1.087901592254639,-0.4862860441207886,9.74247932434082,3.1701200008392334,0.0613717064261436,-6.496423244476318
2125966410.0,-1.135290026664734,-0.092391662299633,9.412235260009766,3.616474151611328,1.0941121578216553,-6.171840190887451
2125974743.0,-1.2886115312576294,0.281010627746582,9.424936294555664,4.54652738571167,1.9771630764007568,-6.226066112518311
2125983076.0,-1.4677059650421145,0.3636680543422699,9.933501243591309,4.848902702331543,2.293421745300293,-6.387895107269287
2125991409.0,-1.426269292831421,-0.2511581778526306,10.109210014343262,3.754125595092773,2.0944509506225586,-6.409336090087891
2125999742.0,-1.6483745574951172,-0.238249272108078,9.550168991088867,2.895458698272705,1.7242735624313354,-6.452059268951416
2126008075.0,-1.684135675430298,0.1273699104785919,9.56182861328125,3.618471622467041,1.5582163333892822,-6.301651954650879
2126016408.0,-1.2934077978134155,-0.1838489919900894,10.204693794250488,4.396299839019775,0.2758653461933136,-6.231752395629883
2126024741.0,-1.3602432012557983,-0.1846785992383957,10.058871269226074,4.312233924865723,-0.5625014901161194,-6.576186656951904
2126033074.0,-1.2976702451705933,0.2937066853046417,9.634235382080078,4.075788497924805,0.0505881160497665,-6.49488639831543
2126041407.0,-1.1991175413131714,0.2433276325464248,9.5809326171875,4.210237979888916,0.944934904575348,-6.544041156768799
2126049740.0,-1.5305026769638062,0.197579026222229,9.62138843536377,4.179859161376953,1.925447583198548,-6.730690956115723
2126058073.0,-1.4368239641189575,0.2756266891956329,10.127435684204102,4.044666767120361,3.130674123764038,-6.420502185821533
2126066406.0,-1.4520796537399292,0.174990564584732,10.165850639343262,4.180013179779053,2.3838658332824707,-6.746649265289307
2126074739.0,-1.7902792692184448,0.5746769905090332,9.86939811706543,4.484873294830322,1.4773266315460205,-6.709764003753662
2126083072.0,-1.660505771636963,-0.0404641069471836,9.88353157043457,4.207240581512451,0.9116363525390624,-6.819112777709961
2126091405.0,-1.5033729076385498,-0.3176578879356384,9.509544372558594,3.7188801765441895,0.0308395456522703,-6.8642449378967285
2126099738.0,-1.4695463180541992,0.0924857184290885,9.68380069732666,3.939162254333496,0.1674146503210067,-6.702643871307373
2126108071.0,-1.6807926893234253,0.2855473160743713,9.766233444213867,4.262438774108887,0.0422378703951835,-7.035576820373535
2126116404.0,-1.5397956371307373,0.4998221397399902,9.39058780670166,4.687891960144043,0.6276000142097473,-7.177684307098389
2126124737.0,-1.0844018459320068,0.1462178826332092,10.19249439239502,4.537791728973389,0.8814882636070251,-6.963447093963623
2126133070.0,-1.3198003768920898,0.0561694614589214,10.415244102478027,3.245144844055176,0.4253500699996948,-7.15829610824585
2126141403.0,-1.2762749195098877,0.6281987428665161,9.400653839111328,3.613374948501587,0.5776779651641846,-7.071131229400635
2126149736.0,-1.098555088043213,0.111728735268116,9.623661994934082,4.778387069702148,0.4376448094844818,-6.942443370819092
2126158069.0,-1.3805172443389893,0.0620817840099334,9.917255401611328,4.302089691162109,0.339516669511795,-6.990828990936279
2126166402.0,-1.2334794998168943,0.3124767243862152,9.803091049194336,3.4166574478149414,0.735487163066864,-7.0326313972473145
2126174735.0,-1.1250015497207642,0.1018246635794639,10.13173007965088,3.3601527214050293,0.6454276442527771,-6.9889092445373535
2126183068.0,-1.2907054424285889,0.2956648766994476,9.89025592803955,3.3456807136535645,0.2119834423065185,-7.005353927612305
2126191401.0,-1.1228034496307373,0.1693245619535446,10.19509506225586,3.9961788654327393,0.480369359254837,-7.171563148498535
2126199734.0,-1.0244112014770508,-0.0434265285730361,9.937735557556152,3.933296442031861,0.1225641146302223,-7.41623067855835
2126208067.0,-1.0661159753799438,0.397121399641037,9.439082145690918,3.816136360168457,0.6213757395744324,-7.387593269348144
2126216400.0,-0.812574565410614,0.3113061785697937,9.895415306091309,4.114004611968994,1.0740303993225098,-7.236059665679932
2126224733.0,-0.8176636099815369,0.0199716929346323,9.88930606842041,3.749360322952272,0.6185837984085083,-7.2568583488464355
2126233066.0,-0.8726240396499634,0.1045976430177688,9.812385559082031,3.70361328125,0.9196791052818298,-7.361466884613037
2126241399.0,-0.8117943406105042,0.0365676507353782,9.870835304260254,3.957937240600586,1.053615927696228,-7.374555110931396
2126249732.0,-1.0169824361801147,-0.0979212075471878,9.51724624633789,4.5294928550720215,1.210887432098389,-7.533364295959473
2126258065.0,-1.4341399669647217,0.1028820052742958,9.480198860168455,4.967164039611816,2.055645227432251,-7.417819499969482
2126266398.0,-1.301679015159607,0.0849159881472587,9.820738792419434,4.70674467086792,2.66413688659668,-7.448505878448486
2126274731.0,-1.23010516166687,0.4308657348155975,9.931384086608888,4.321147441864014,1.8724007606506348,-7.49568510055542
2126283064.0,-1.266872763633728,0.8274972438812256,10.184467315673828,4.18190860748291,0.8411715030670166,-7.652317047119141
2126291397.0,-0.9670966863632202,0.8183176517486572,10.274063110351562,3.9831926822662354,-0.2432712018489837,-7.866015434265137
2126299730.0,-0.8181816935539246,1.0600407123565674,10.111669540405272,3.866187334060669,-0.8218200206756592,-7.991884231567383
2126308063.0,-0.97073632478714,1.3304345607757568,10.256462097167969,3.438045024871826,0.0833743289113044,-7.772754669189453
2126316396.0,-1.067580223083496,1.2113463878631592,9.901758193969728,2.680734634399414,1.092549443244934,-8.012042045593262
2126324729.0,-1.173418045043945,1.0273427963256836,9.794984817504885,2.45302414894104,2.5233094692230225,-7.993831634521484
2126333062.0,-1.0260220766067505,0.3094951808452606,10.208077430725098,1.6998118162155151,2.85542368888855,-7.8369951248168945
2126341395.0,-1.2277889251708984,-0.1403548568487167,9.83731746673584,1.4639047384262085,1.7717877626419067,-8.192623138427734
2126349728.0,-1.2194132804870603,0.3972362577915191,9.617668151855469,2.270471334457397,0.989939033985138,-8.246233940124512
2126358061.0,-1.046725869178772,0.203171968460083,10.071027755737305,2.693413734436035,0.1753550469875335,-8.047595024108887
2126366394.0,-0.861733615398407,-0.0511881522834301,9.94182300567627,2.189197301864624,-0.9983531832695008,-8.49282169342041
2126374727.0,-1.0353816747665403,0.1520858108997345,9.549257278442385,1.770327925682068,-0.6065323352813721,-8.44305419921875
2126383060.0,-0.8961216807365417,-0.1981502324342727,9.616090774536133,2.0372793674468994,0.4440996050834656,-8.51889705657959
2126391393.0,-0.5169445872306824,0.2699804902076721,9.38051700592041,2.928706645965576,0.9342025518417358,-8.596535682678223
2126399726.0,-0.7264220118522644,0.1973112225532531,9.840608596801758,3.922154188156128,0.9502113461494446,-8.131124496459961
2126408059.0,-1.0140482187271118,0.0694132298231124,9.78126335144043,3.1569037437438965,1.1093783378601074,-8.4653902053833
2126416392.0,-0.933575451374054,0.3160779178142547,9.651143074035645,2.7249960899353027,1.3754076957702637,-8.4266357421875
2126424725.0,-0.7130569815635681,0.1228831186890602,10.186224937438965,2.7338075637817383,0.8947821259498596,-8.207813262939453
2126433058.0,-0.9914172887802124,-0.0749917104840278,10.228445053100586,2.7865474224090576,-0.2769795656204223,-8.637646675109863
2126441391.0,-0.7800081372261047,0.3619746267795563,9.93425178527832,2.771076202392578,-0.1244723945856094,-8.626836776733398
2126449724.0,-0.5087487697601318,0.4588613510131836,9.746092796325684,3.1496803760528564,-0.070426344871521,-8.441107749938965
2126458057.0,-0.5370790958404541,0.5212355256080627,9.808749198913574,2.8546299934387207,-0.3217788338661194,-8.732008934020996
2126466390.0,-0.477374404668808,0.3311851322650909,10.05849552154541,2.0190675258636475,0.3901816606521606,-8.625990867614746
2126474723.0,-0.6090092062950134,-0.0435402803122997,9.84086799621582,1.2860395908355713,0.9060779809951782,-8.44517993927002
2126483056.0,-0.4807630777359009,0.4228653311729431,9.593545913696287,2.08942985534668,1.3472574949264526,-8.46992301940918
2126491389.0,-0.5844743251800537,0.5605504512786865,10.1250638961792,2.9706366062164307,1.4581159353256226,-8.351995468139648
2126499722.0,-1.1101943254470823,0.2230138778686523,10.15564250946045,2.1712419986724854,1.0800498723983765,-8.53039836883545
2126508055.0,-0.8453690409660339,0.1135908886790275,9.462183952331545,1.2827609777450562,1.4187469482421875,-8.643537521362305
2126516388.0,-0.6460700631141663,-0.1625782400369644,10.077245712280272,1.160043239593506,0.8062593340873718,-8.742767333984375
2126524721.0,-0.6514426469802856,-0.3878047466278076,10.296409606933594,1.0692150592803955,-0.374518483877182,-8.778779029846191
2126533054.0,-0.4872415065765381,-0.0618923567235469,9.589970588684082,1.94322407245636,-0.6530221104621887,-8.76530647277832
2126541387.0,-0.5600289702415466,0.1415833532810211,9.916986465454102,2.7961015701293945,-0.3059748709201813,-8.73620891571045
2126549720.0,-0.90208500623703,-0.0775349587202072,9.724474906921388,2.1634554862976074,0.7661218643188477,-9.041864395141602
2126558053.0,-0.7943751811981201,-0.0723357647657394,9.418828964233398,1.6982496976852417,2.5140633583068848,-8.99486255645752
2126566386.0,-0.4057359099388122,-0.0922754555940628,9.998191833496094,2.0800297260284424,2.5574021339416504,-8.940688133239746
2126574719.0,-0.7130171060562134,-0.3115171790122986,10.35793685913086,2.5692360401153564,1.193392992019653,-8.969914436340332
2126583052.0,-0.8542262315750122,-0.2550786435604095,10.348172187805176,2.459453582763672,0.4542172849178314,-9.05925750732422
2126591385.0,-0.7666401267051697,-0.2656760513782501,9.88364315032959,2.513371706008911,0.1945913881063461,-9.13077163696289
2126599718.0,-0.5224142074584961,-0.3437438011169433,9.674212455749512,2.8232011795043945,-0.0155094200745224,-9.449488639831545
2126608051.0,-0.8419002294540405,-0.2469844967126846,10.013970375061035,2.9481730461120605,0.6832341551780701,-9.448617935180664
2126616384.0,-0.7871001958847046,-0.2543165385723114,9.731679916381836,2.6621642112731934,1.370771408081055,-9.595488548278809
2126624717.0,-0.4333135783672333,0.0505712367594242,9.370916366577148,3.4591257572174072,1.728474497795105,-9.675048828125
2126633050.0,-0.6465650796890259,-0.3035365045070648,10.32290267944336,3.5927038192749023,1.440416693687439,-9.756091117858888
2126641383.0,-0.962589144706726,-0.29359170794487,10.043523788452148,2.5536882877349854,1.0701884031295776,-9.864593505859377
2126649716.0,-1.1380821466445925,0.2360040992498397,9.670551300048828,2.847560405731201,1.907441139221192,-9.900787353515623
2126658049.0,-0.7589459419250488,0.340693324804306,10.186820030212402,3.5603790283203125,1.782520413398743,-9.798125267028809
2126666382.0,-0.7987459897994995,-0.3090421557426452,10.269057273864746,3.1594905853271484,0.2721256613731384,-10.190739631652832
2126674715.0,-0.8911622166633606,-0.0766398757696151,9.83982276916504,2.3749265670776367,0.222305953502655,-10.219684600830078
2126683048.0,-1.0779964923858645,-0.1935866624116897,9.698158264160156,2.2216763496398926,0.8213204145431519,-10.169632911682127
2126691381.0,-1.0248408317565918,-0.1173683777451515,9.97458267211914,2.7471015453338623,1.2784321308135986,-10.433844566345217
2126699714.0,-0.7935223579406738,-0.0803322046995163,10.20009708404541,2.8627753257751465,1.0441644191741943,-10.476031303405762
2126708047.0,-0.8425247073173523,-0.5581920146942139,10.007657051086426,2.8881843090057373,0.3688706159591675,-10.568754196166992
2126716380.0,-0.9369202256202698,-0.1914840936660766,9.446710586547852,2.944561719894409,0.6126157641410828,-10.625081062316896
2126724713.0,-0.9804111123085022,-0.0451933443546295,10.103716850280762,3.1753458976745605,0.9907073974609376,-10.616729736328123
2126733046.0,-0.9043682813644408,-0.3533681333065033,10.265995025634766,2.6437220573425293,0.6431478261947632,-10.851048469543455
2126741379.0,-0.8906366229057312,-0.468102753162384,9.635648727416992,2.81882119178772,0.3216379880905151,-10.856249809265137
2126749712.0,-0.8963965177536011,-0.3998366594314575,9.60854721069336,3.541757106781006,0.4319072067737579,-10.760937690734863
2126758045.0,-0.7962673902511597,-0.3598281741142273,9.79339599609375,3.77523136138916,-0.0885356068611145,-11.007526397705078
2126766378.0,-0.5972543954849243,-0.2794621884822845,9.915725708007812,3.604640483856201,-0.6392161250114441,-11.177502632141112
2126774711.0,-0.7273560166358948,-0.5650347471237183,9.861571311950684,3.3807718753814697,-0.6477968096733093,-11.214232444763184
2126783044.0,-0.843147873878479,-0.5216745138168335,9.386329650878906,3.350137233734131,0.0613204836845397,-11.265769004821776
2126791377.0,-0.8786583542823792,-0.1133974567055702,9.552946090698242,4.013904571533203,1.167163968086243,-11.16687297821045
2126799710.0,-0.7812280654907227,-0.1930275708436966,10.140088081359863,4.099277019500732,1.0998497009277344,-11.315435409545898
2126808043.0,-0.6988073587417603,-0.3581124246120453,9.948969841003418,4.161724090576172,0.0701573938131332,-11.49742317199707
2126816376.0,-0.8125494122505188,-0.6333904266357422,10.082352638244627,3.90427565574646,-0.1057996079325676,-11.251476287841797
2126824709.0,-0.7129597663879395,-0.5228497982025146,9.899863243103027,3.4896328449249268,-0.583453893661499,-11.26738452911377
2126833042.0,-0.5344526767730713,0.0092808837071061,9.448249816894531,4.447784423828125,-0.8185669183731079,-11.531926155090332
2126841375.0,-0.4926064610481262,-0.2884195744991302,10.068363189697266,4.834713459014893,-0.6950039863586426,-11.490484237670898
2126849708.0,-0.5336949229240417,-0.6956745386123657,9.656704902648926,3.986369609832764,-0.3604820072650909,-11.676008224487305
2126858041.0,-0.6713286638259888,-0.2129067182540893,9.03425121307373,4.108010768890381,1.1313551664352417,-11.56988525390625
2126866374.0,-0.8874176740646362,-0.1271107494831085,9.708319664001465,4.543478965759277,1.9590792655944824,-11.446887016296388
2126874707.0,-1.202659010887146,0.0158571545034647,10.098706245422363,4.66947603225708,1.8387693166732788,-11.805641174316406
2126883040.0,-0.9560110569000244,0.2561579942703247,10.603483200073242,4.353600978851318,0.9019030332565308,-12.082300186157228
2126891373.0,-0.8239892721176147,-0.2745756208896637,10.33651638031006,3.5438578128814697,-0.282461017370224,-12.035605430603027
2126899706.0,-0.8360195755958557,0.1577236652374267,9.305213928222656,3.615757465362549,-1.2750641107559204,-12.169672012329102
2126908039.0,-0.8898922204971313,0.3559043705463409,10.003629684448242,4.055835723876953,-0.9404139518737792,-12.182068824768066
2126916372.0,-0.5802353024482727,-0.009403976611793,10.224217414855955,3.061183452606201,-0.6050980091094971,-12.36861801147461
2126924705.0,-0.5872576832771301,0.0597167201340198,9.46246337890625,3.0651021003723145,-0.2103057205677032,-12.628267288208008
2126933038.0,-0.995754063129425,-0.0047303428873419,9.765151977539062,3.0296010971069336,0.7469881176948547,-12.442463874816896
2126941371.0,-1.094603180885315,-0.1136759966611862,9.528247833251951,2.942256212234497,1.4390078783035278,-12.805620193481444
2126949704.0,-1.1873668432235718,0.085419125854969,9.908312797546388,3.211743831634521,1.5755574703216553,-13.010892868041992
2126958037.0,-0.9610187411308287,-0.3123835921287536,10.89541721343994,2.568697929382324,0.6314164996147156,-12.940248489379885
2126966370.0,-0.6938798427581787,-0.5947933197021484,9.807168960571287,2.329281806945801,-1.3931710720062256,-13.194034576416016
2126974703.0,-0.8740152716636658,-0.2826200723648071,9.55661392211914,3.4986488819122314,-1.9113730192184448,-13.1945219039917
2126983036.0,-0.90180641412735,-0.7472617626190186,10.210983276367188,3.38586950302124,-1.354852318763733,-13.151310920715332
2126991369.0,-0.6358717679977417,-0.6505240797996521,9.313010215759276,3.1055476665496826,-0.7598336935043335,-13.5267915725708
2126999702.0,-0.4242794215679168,-0.4721786677837372,9.414344787597656,4.073919296264648,-0.1870992332696914,-13.411707878112791
2127008035.0,-0.4003521203994751,-0.8612781167030334,10.021347999572754,3.9457974433898926,-0.1905315369367599,-13.353639602661133
2127016368.0,-0.9168963432312012,-0.8484908938407898,9.301819801330566,3.8876776695251465,0.2690263092517853,-13.74269199371338
2127024701.0,-0.5121628046035767,-0.4352574050426483,9.80470371246338,4.601802349090576,0.8423497676849365,-13.600275993347168
2127033034.0,-0.6717795133590698,-0.6682857871055603,10.233359336853027,4.679976940155029,0.1057611852884292,-13.642129898071287
2127041367.0,-0.8009384274482727,-0.2527873814105987,9.666247367858888,4.791373252868652,-0.245832622051239,-13.66989517211914
2127049700.0,-0.9317265152931212,-0.3328684866428375,9.904268264770508,4.994161605834961,0.3689218461513519,-13.649404525756836
2127058033.0,-0.5850678086280823,-0.3002991080284118,10.033077239990234,4.848724842071533,-0.1676067858934402,-14.067508697509766
2127066366.0,-0.5438737273216248,0.0580123104155063,10.080155372619627,5.045083522796631,-0.4655004441738128,-14.075526237487791
2127074699.0,-0.8904851078987122,-0.0913123115897178,10.230236053466797,4.699393272399902,-0.1421206146478653,-14.048142433166504
2127083032.0,-0.8462731242179871,0.4279112517833709,9.371694564819336,4.550779819488525,0.3993259966373443,-14.212689399719238
2127091365.0,-0.888350248336792,0.343397319316864,9.888474464416504,4.750058174133301,1.0266443490982056,-14.279081344604492
2127099698.0,-0.7264626622200012,-0.3150279223918915,10.436046600341797,3.472241163253784,0.5738614797592163,-14.36314868927002
2127108031.0,-1.0248066186904907,0.022802997380495,9.472116470336914,3.323012113571167,-0.0897651091217994,-14.62576961517334
2127116364.0,-1.2234243154525757,0.4577252566814422,9.882636070251465,4.149507522583008,0.2478433698415756,-14.551846504211426
2127124697.0,-1.2349025011062622,0.3039805591106415,10.186488151550291,3.9890081882476807,0.1081433221697807,-14.852250099182127
2127133030.0,-1.048567533493042,0.6457235813140869,9.93875789642334,3.42113995552063,-0.1954238414764404,-15.02094554901123
2127141363.0,-0.8028932213783264,0.3357212841510772,10.547567367553713,2.3691890239715576,-0.7278157472610474,-15.00747299194336
2127149696.0,-0.8552275896072388,0.1775514334440231,9.89037036895752,1.5920017957687378,-1.5508012771606443,-15.233236312866213
2127158029.0,-0.76219242811203,0.1904621124267578,9.633257865905762,2.1431431770324707,-1.4736511707305908,-15.26638126373291
2127166362.0,-0.9169127345085144,-0.0520501099526882,10.2154541015625,2.267296075820923,-0.8104475140571594,-15.474833488464355
2127174695.0,-0.9832199215888976,-0.2742777466773987,9.82909107208252,1.851858377456665,-0.2718311250209808,-15.440403938293455
2127183028.0,-0.785984218120575,-0.2246070057153701,9.598764419555664,2.129234790802002,0.6153565049171448,-15.342583656311035
2127191361.0,-0.971769392490387,-0.5621705055236816,9.825224876403809,2.340244770050049,-0.0742428749799728,-15.613121032714844
2127199694.0,-1.151301026344299,-0.5887750387191772,9.85682773590088,2.4679832458496094,-0.5766918063163757,-15.803869247436523
2127208027.0,-0.8261903524398804,-0.2081073969602584,10.256865501403809,2.683065891265869,-0.7791723608970642,-15.653873443603516
2127216360.0,-0.8582348823547363,-0.488869309425354,10.267973899841309,2.9935617446899414,-2.0383942127227783,-15.577798843383787
2127224693.0,-1.0513726472854614,-0.26802858710289,9.739990234375,3.1309051513671875,-1.8087111711502075,-15.716678619384766
2127233026.0,-0.6720677614212036,-0.76955246925354,9.782187461853027,3.1576976776123047,-1.360000729560852,-15.47316551208496
2127241359.0,-0.5380315184593201,-0.8732089400291443,9.633237838745115,3.1779072284698486,-1.5052591562271118,-15.520986557006836
2127249692.0,-0.5619698762893677,-0.6266874074935913,9.72070026397705,3.463352680206299,-1.5853805541992188,-15.475854873657228
2127258025.0,-0.6341450214385986,-0.7469117045402527,9.945362091064451,3.828073501586914,-1.4803365468978882,-15.54780387878418
2127266358.0,-0.6836239099502563,-0.3106667995452881,9.640387535095217,4.137595653533936,-1.2354899644851685,-15.667243957519531
2127274691.0,-0.6862310767173767,0.0273762382566928,9.82257080078125,4.29343318939209,-0.4190361201763153,-15.339459419250488
2127283024.0,-0.8169891238212585,-0.1956993192434311,9.95705223083496,3.85294508934021,-0.7713344693183899,-15.536789894104004
2127291357.0,-0.741605281829834,-0.3934944868087768,9.85341453552246,3.419347286224365,-1.1180999279022217,-15.676824569702148
2127299690.0,-0.4786005020141601,-0.3643536865711212,10.205886840820312,3.2973978519439697,-1.4834102392196655,-15.344863891601562
2127308023.0,-0.5628601908683777,0.1842666566371917,9.602346420288086,3.509714365005493,-2.290412425994873,-15.46955394744873
2127316356.0,-0.8526085019111633,0.4014921486377716,9.626053810119627,3.839754343032837,-1.803101897239685,-15.714656829833984
2127324689.0,-0.5793276429176331,0.0627448633313179,10.339829444885254,2.886904239654541,-0.8503287434577942,-15.730358123779297
2127333022.0,-0.6102885007858276,-0.3791962265968323,9.967046737670898,1.7088028192520142,-0.7646490931510925,-15.938447952270508
2127341355.0,-0.57762211561203,-0.1390444338321685,10.06669807434082,1.7070354223251345,-0.1442978084087371,-15.7025146484375
2127349688.0,-0.635136604309082,0.054698422551155,10.018776893615724,2.131744861602783,-0.5799704194068909,-15.827486991882324
2127358021.0,-0.6110274195671082,-0.0244179293513298,9.704435348510742,2.746154308319092,-1.3739864826202393,-16.16521453857422
2127366354.0,-0.6599269509315491,-0.1055476665496826,10.167141914367676,2.1467039585113525,-1.0806519985198977,-16.205169677734375
2127374687.0,-0.7065476775169373,-0.2240241765975952,10.181326866149902,0.6885620355606079,-1.0002490282058716,-16.364389419555664
2127383020.0,-0.5595331788063049,-0.3625196516513824,9.441488265991213,1.0515670776367188,-0.5187780857086182,-16.491846084594727
2127391353.0,-0.6516831517219543,-0.188086912035942,9.802936553955078,1.9285475015640257,-0.0564922094345092,-16.415363311767578
2127399686.0,-0.7461715340614319,-0.4228615164756775,10.19888973236084,2.034411191940308,-0.3133774399757385,-16.837406158447266
2127408019.0,-0.4331007301807403,-0.3659829497337341,9.87869930267334,1.9907134771347048,-0.3749284744262695,-17.055999755859375
2127416352.0,-0.351507157087326,-0.4845383465290069,10.13761043548584,1.9118472337722776,-0.4048202931880951,-16.998085021972656
2127424685.0,-0.5765864849090576,-0.5976173877716064,9.665085792541504,1.7622343301773071,-0.7133438587188721,-17.244775772094727
2127433018.0,-0.5309953093528748,-0.464874118566513,9.312341690063477,2.535553455352783,-0.1066448837518692,-17.441926956176758
2127441351.0,-0.3469801247119903,-0.4867512583732605,10.001608848571776,2.860316514968872,0.3190253376960754,-17.461393356323242
2127449684.0,-0.6794453859329224,-0.673191487789154,9.803430557250977,2.312427997589112,0.2539907991886139,-17.763641357421875
2127458017.0,-0.7191535830497742,-0.5451918244361877,9.477147102355955,2.509478807449341,0.9237264394760132,-17.847095489501953
2127466350.0,-0.7861140370368958,-0.6212531328201294,9.54171657562256,2.946662425994873,0.9365848898887634,-17.790386199951172
2127474683.0,-0.7465064525604248,-0.8061951398849487,9.840765953063965,3.382796049118042,0.4877206981182098,-17.9857177734375
2127483016.0,-0.5177885890007019,-0.8155512809753418,10.03973388671875,3.155213117599488,-0.3993899822235107,-18.05548858642578
2127491349.0,-0.4598097801208496,-1.0344032049179075,9.95858383178711,3.0490427017211914,-1.1020400524139404,-18.26711654663086
2127499682.0,-0.4720460772514343,-0.9782336354255676,9.505854606628418,3.320988655090332,-0.969486117362976,-18.04496192932129
2127508015.0,-0.3645199835300445,-1.1122108697891235,9.610621452331545,3.707251787185669,-0.3371730744838714,-18.101930618286133
2127516348.0,-0.4334279894828796,-1.2480354309082031,9.644487380981444,3.952380418777466,0.2300159037113189,-18.2385311126709
2127524681.0,-0.409530907869339,-1.1609342098236084,9.826641082763672,3.953097105026245,1.160325288772583,-18.063610076904297
2127533014.0,-0.5510629415512085,-1.0252418518066406,9.760578155517578,4.29484224319458,1.2031009197235107,-17.85523796081543
2127541347.0,-0.7354869246482849,-0.7893751263618469,9.531601905822754,4.66396951675415,0.844399094581604,-18.08013343811035
2127549680.0,-0.6068455576896667,-0.791532576084137,10.014838218688965,4.570938587188721,0.6413806676864624,-17.854114532470703
2127558013.0,-0.4006676077842712,-1.0376522541046145,10.156641006469728,3.8675191402435294,-0.2093067318201065,-17.82099151611328
2127566346.0,-0.5393447875976562,-0.7038977742195129,9.683930397033691,4.006118297576904,-0.8195146918296814,-17.7674560546875
2127574679.0,-0.5577682256698608,-0.8777086138725281,9.967309951782228,4.320097923278809,-0.4094052016735077,-17.65898323059082
2127583012.0,-0.5035329461097717,-1.1765406131744385,9.490752220153809,4.439050674438477,0.0213366616517305,-17.832212448120117
2127591345.0,-0.6482612490653992,-1.0039023160934448,9.593225479125977,4.957278251647949,0.9536182284355164,-17.501070022583008
2127599678.0,-0.6301824450492859,-1.1651113033294678,10.105356216430664,4.672499179840088,1.5009945631027222,-17.290523529052734
2127608011.0,-0.593960702419281,-1.0922446250915527,9.689059257507324,4.980945110321045,0.6113094687461853,-17.58306121826172
2127616344.0,-0.7438638210296631,-0.7675522565841675,9.971354484558104,5.709926605224609,0.2663368880748749,-17.317363739013672
2127624677.0,-0.8757086396217346,-0.6467800736427307,10.191770553588867,5.329426765441895,-0.4182677268981933,-17.466413497924805
2127633010.0,-0.7111783623695374,-0.4152550995349884,9.767117500305176,5.4036054611206055,-0.6013071537017822,-17.586339950561523
2127641343.0,-0.7858085036277771,-0.820734977722168,10.121798515319824,5.298407554626465,-0.2597924172878265,-17.469282150268555
2127649676.0,-0.9435160160064696,-0.937913715839386,9.592129707336426,5.159193992614746,0.1117549315094947,-17.484752655029297
2127658009.0,-0.5712176561355591,-0.3946140110492706,9.533272743225098,6.062429904937744,0.4624907374382019,-17.329198837280273
2127666342.0,-0.7039485573768616,-0.3092083036899566,10.154526710510254,6.540263652801514,-0.445572555065155,-17.370849609375
2127674675.0,-1.039273381233215,-0.2821317017078399,10.262442588806152,5.856440544128418,-0.9612640738487244,-17.812849044799805
2127683008.0,-0.8148203492164612,-0.4740107953548431,9.846444129943848,5.272102355957031,-0.6856291890144348,-17.68610954284668
2127691341.0,-0.8404998779296875,-0.0559642277657985,9.85726261138916,5.621455192565918,-0.9009425044059752,-17.918840408325195
2127699674.0,-1.0776994228363037,0.0089062005281448,10.33457088470459,5.783720970153809,-0.6747686862945557,-18.066017150878903
2127708007.0,-0.8493722677230835,-0.2701573669910431,10.03717803955078,5.449300765991211,-0.806733250617981,-18.241655349731445
2127716340.0,-0.7318450212478638,0.3581236600875854,10.055724143981934,5.62803840637207,-1.3951950073242188,-18.52635955810547
2127724673.0,-0.6521173715591431,-0.0604579895734787,10.642955780029297,4.962759494781494,-1.8553293943405151,-18.56805992126465
2127733006.0,-0.6945124864578247,-0.2940652370452881,9.838786125183104,4.295994758605957,-2.24251389503479,-19.063512802124023
2127741339.0,-0.4183992743492126,-0.1356972157955169,10.076112747192385,4.838940143585205,-1.7314331531524658,-18.93939018249512
2127749672.0,-0.9334164261817932,0.1182145327329635,10.221370697021484,4.990293979644775,-1.335667371749878,-18.959442138671875
2127758005.0,-0.7122699618339539,0.4904785454273224,10.194099426269531,4.8931660652160645,-1.1780887842178345,-19.42529296875
2127766338.0,-0.4255731701850891,-0.0449166111648082,10.365681648254396,4.327347278594971,-1.4767765998840332,-19.681665420532227
2127774671.0,-0.535378098487854,-0.5608401894569397,10.337373733520508,3.3991124629974365,-2.278271675109864,-19.97323036193848
2127783004.0,-0.0279560163617134,-0.361065536737442,10.000696182250977,3.482666492462158,-2.5223498344421387,-20.015060424804688
2127791337.0,-0.1868530511856079,-0.056679755449295,9.86566925048828,4.538152694702148,-3.0103015899658203,-20.101099014282227
2127799670.0,-0.4641533493995666,0.1453768461942672,9.918336868286133,4.6100263595581055,-2.158602237701416,-20.27105140686035
2127808003.0,-0.1621137261390686,0.0283252596855163,10.118437767028809,3.937345027923584,-0.9509928822517396,-20.49594116210937
2127816336.0,-0.1372080743312835,-0.0418286621570587,10.349200248718262,3.1188414096832275,-0.5842993259429932,-20.85410499572754
2127824669.0,0.0749642997980117,-0.0132804214954376,10.60933780670166,2.751814842224121,-0.7763805389404297,-20.84716415405273
2127833002.0,0.078555017709732,0.2698481380939483,10.302666664123535,2.9800379276275635,-1.4441438913345337,-21.138038635253903
2127841335.0,0.1446921825408935,0.5163434147834778,10.658243179321287,3.51348090171814,-1.8084813356399536,-21.11847305297852
2127849668.0,0.0741645917296409,0.007045202422887,10.679893493652344,2.3907055854797363,-1.4817968606948853,-20.92093276977539
2127858001.0,0.0576082244515419,0.0073293251916766,9.790929794311523,1.3832974433898926,-0.8495348691940308,-21.33463287353516
2127866334.0,0.1990636736154556,-0.2793633341789245,9.803853034973145,1.6137999296188354,0.3281697332859039,-21.313526153564453
2127874667.0,-0.0402894467115402,-0.035312283784151,9.79188632965088,1.906801462173462,0.8344609141349792,-21.33550071716309
2127883000.0,0.134769007563591,0.0711645260453224,10.243340492248535,2.359891414642334,0.9303860664367676,-21.527936935424805
2127891333.0,0.2066188603639602,0.1303281038999557,10.479087829589844,1.5407224893569946,0.4933046996593475,-21.276687622070312
2127899666.0,0.0571511425077915,-0.4850541651248932,10.373330116271973,0.3955608010292053,-0.0925827026367187,-21.46280670166016
2127907999.0,-0.0082811685279011,-0.348619282245636,9.53841495513916,-0.0177634786814451,0.4990167319774627,-21.304479598999023
2127916332.0,-0.0993041023612022,-0.5863021016120911,9.629464149475098,0.8439125418663025,1.1485940217971802,-21.17208480834961
2127924665.0,0.0901762023568153,-0.6600209474563599,9.977871894836426,1.3476423025131226,1.118574142456055,-21.091346740722656
2127932998.0,-0.374462753534317,-0.8172349333763123,9.884690284729004,1.1393215656280518,1.0107892751693726,-21.169443130493164
2127941331.0,-0.0123285725712776,-0.7098250985145569,9.639538764953612,1.0270287990570068,1.1061255931854248,-21.2818660736084
2127949664.0,-0.0879896804690361,-0.7460588216781616,9.592328071594238,1.2640373706817627,0.6382045745849609,-21.272953033447266
2127957997.0,-0.3524781465530395,-0.743904173374176,9.9893798828125,1.1697514057159424,0.6131026744842529,-21.384092330932617
2127966330.0,-0.3072296380996704,-0.8626701831817627,9.642065048217772,0.930975377559662,1.1423441171646118,-21.224590301513672
2127974663.0,-0.532421886920929,-0.6775153875350952,9.584184646606444,1.784826397895813,1.4087580442428589,-21.3693904876709
2127982996.0,-0.356019377708435,-1.0526175498962402,10.307568550109863,1.6011720895767212,1.690104603767395,-21.110889434814453
2127991329.0,-0.5399212837219238,-1.5271461009979248,9.815847396850586,1.3148046731948853,1.173567771911621,-21.132429122924805
2127999662.0,-0.5214394330978394,-1.1475608348846436,9.783575057983398,2.097908973693848,0.7675564289093018,-21.017087936401367
2128007995.0,-0.4927574396133423,-1.332447528839111,10.34860610961914,2.5964901447296143,0.3746851980686188,-20.94841766357422
2128016328.0,-0.2412845343351364,-1.2705448865890503,9.77007293701172,2.4751808643341064,-0.6690055727958679,-21.513900756835938
2128024661.0,-0.126336857676506,-1.304860234260559,9.40764617919922,2.8639285564422607,-0.6203641891479492,-21.446409225463867
2128032994.0,-0.5544753074645996,-1.291740655899048,9.383776664733888,2.600614309310913,0.226557970046997,-21.52880859375
2128041327.0,-0.3046454191207886,-0.9304751753807068,9.39340114593506,2.7667994499206543,1.5486372709274292,-21.580656051635746
2128049660.0,-0.5885019898414612,-1.2220914363861084,9.616304397583008,3.043996810913086,1.9743973016738887,-21.26949119567871
2128057993.0,-0.7612643837928772,-0.8522724509239197,9.762808799743652,3.09676194190979,1.7782175540924072,-21.37053871154785
2128066326.0,-0.7670893669128418,-0.8866176009178162,10.084854125976562,3.1401784420013428,1.002131700515747,-21.604705810546875
2128074659.0,-0.4427368640899658,-1.3169634342193604,10.185099601745604,2.5687503814697266,-0.6468237042427063,-21.99066162109375
2128082992.0,-0.086095854640007,-1.2222765684127808,9.892151832580566,2.4068169593811035,-2.072128295898437,-22.23983764648437
2128091325.0,-0.3490240573883056,-1.1964462995529177,9.550156593322754,2.7095260620117188,-2.320202589035034,-22.352235794067383
2128099658.0,-0.4676406681537628,-1.1189595460891724,9.273737907409668,2.9777841567993164,-0.6410605311393738,-22.362274169921875
2128107991.0,-0.1696056276559829,-0.8874905705451965,9.514484405517578,3.032701253890991,1.1996177434921265,-22.32828521728516
2128116324.0,-0.1764842420816421,-1.1175785064697266,9.953516006469728,2.964772224426269,1.5771971940994265,-22.564165115356445
2128124657.0,-0.3816025555133819,-0.7847262024879456,10.163015365600586,2.8118553161621094,1.7312158346176147,-22.79843521118164
2128132990.0,-0.3723943829536438,-0.834064781665802,10.242269515991213,2.580455780029297,1.051055073738098,-23.006216049194336
2128141323.0,0.0691590011119842,-0.8663687705993652,10.109138488769531,2.7899296283721924,-0.0381011888384819,-23.34199523925781
2128149656.0,-0.1754473000764846,-1.5939313173294067,10.106268882751465,2.2700626850128174,-0.6756910681724548,-23.21031379699707
2128157989.0,-0.1989930719137191,-1.488008975982666,9.322689056396484,1.9703245162963867,-0.1878164708614349,-23.26837730407715
2128166322.0,-0.1796543300151825,-1.2411960363388062,9.070490837097168,3.046328067779541,0.8894290328025818,-23.173683166503903
2128174655.0,-0.4544897377490997,-1.17919921875,9.507102966308594,3.73960280418396,1.4285322427749634,-23.245811462402344
2128182988.0,-0.4357193112373352,-1.3647969961166382,9.745656967163086,3.807199239730835,1.792792558670044,-23.44145774841309
2128191321.0,-0.5525414943695068,-1.5466015338897705,9.847158432006836,3.194685697555542,1.728116512298584,-23.358592987060547
2128199654.0,-0.2707822918891907,-1.1271615028381348,9.950775146484377,3.3838980197906494,1.0953675508499146,-23.50446510314941
2128207987.0,-0.36766117811203,-1.2083628177642822,10.028716087341309,4.101634979248047,-0.4085344672203064,-23.76017189025879
2128216320.0,-0.7065179944038391,-0.9028239250183104,9.724971771240234,4.198225975036621,-0.6142423748970032,-23.777204513549805
2128224653.0,-0.1668760776519775,-1.0415788888931274,9.584269523620604,4.159933090209961,-0.0993704721331596,-23.481800079345703
2128232986.0,-0.0750372782349586,-1.129679560661316,9.948973655700684,3.861142635345459,-0.3073325455188751,-23.79170608520508
2128241319.0,-0.1756914556026458,-1.0843424797058103,10.199396133422852,3.545831680297852,-0.0242182742804288,-23.635665893554688
2128249652.0,-0.3734271824359894,-0.8556746244430542,9.488694190979004,3.868109941482544,0.5589797496795654,-23.389793395996094
2128257985.0,-0.2011715471744537,-0.3622957170009613,9.87684440612793,4.767169952392578,0.9704724550247192,-23.430644989013672
2128266318.0,-0.4788155555725097,-1.2053436040878296,10.607014656066896,3.894569158554077,0.8382261991500854,-23.48164176940918
2128274651.0,-0.5113955736160278,-1.552480936050415,9.711211204528809,2.6374993324279785,0.6471695899963379,-23.68358993530273
2128282984.0,0.0317729860544204,-1.507089138031006,9.724611282348633,3.6333298683166495,0.3646444380283355,-23.435794830322266
2128291317.0,-0.2449883371591568,-1.1317131519317627,10.347704887390137,4.7534661293029785,-0.8059906363487244,-23.429105758666992
2128299650.0,-0.2873866558074951,-0.7442873120307922,10.075728416442873,5.196131229400635,-0.79933100938797,-23.648265838623047
2128307983.0,-0.1208024621009826,-1.4976089000701904,9.67805004119873,4.965654850006104,-0.3279263973236084,-23.539915084838867
2128316316.0,-0.382107138633728,-1.219982624053955,9.600494384765623,4.570093631744385,0.826392412185669,-23.478105545043945
2128324649.0,-0.405316561460495,-1.6601377725601196,10.03444480895996,4.325222492218018,1.5371111631393433,-23.360004425048828
2128332982.0,-0.2922072112560272,-1.0536093711853027,9.573246955871582,5.334038257598877,0.9161447286605836,-23.60276985168457
2128341315.0,-0.261494368314743,-0.8170334100723267,9.884855270385742,6.616466999053955,0.1914664953947067,-23.643909454345703
2128349648.0,-0.7298521995544434,-0.7977964282035828,10.522109985351562,5.873885154724121,-0.2950377464294433,-23.73804473876953
2128357981.0,-0.702277660369873,-0.4972854256629944,10.31098747253418,4.456853866577148,0.2076547145843505,-23.948875427246094
2128366314.0,0.0024508738424628,-1.0474450588226318,9.967765808105469,4.308905124664307,0.334317147731781,-23.5992374420166
2128374647.0,-0.3631492853164673,-1.1771585941314695,10.273309707641602,5.063117980957031,-0.4649882912635803,-23.91404151916504
2128382980.0,-0.4099710285663605,-1.1652511358261108,10.40493869781494,5.539055824279785,-0.4545120596885681,-23.984249114990234
2128391313.0,-0.3840796947479248,-1.2328331470489502,9.752375602722168,5.724425792694092,-0.0712460279464721,-23.95317649841309
2128399646.0,-0.2537340223789215,-0.0587604120373725,9.995683670043944,6.333558082580566,0.6596181392669678,-23.81795883178711
2128407979.0,-0.3324750959873199,-0.3257922232151031,10.696642875671388,5.592102527618408,0.4238390028476715,-24.11349868774414
2128416312.0,-0.3280857503414154,-0.9132614731788636,9.94758415222168,4.194410800933838,0.1657242178916931,-24.34244155883789
2128424645.0,-0.4222301840782165,-1.2537223100662231,9.69369125366211,4.030965328216553,0.7735503911972046,-24.081403732299805
2128432978.0,-0.769218921661377,-1.047819972038269,9.936668395996094,4.330805778503418,1.1217248439788818,-23.92295265197754
2128441311.0,-0.3885355591773987,-0.4745809435844421,10.21347999572754,5.08862829208374,0.6883572340011597,-24.066850662231445
2128449644.0,-0.1376265883445739,-0.8634539246559143,10.462672233581545,5.141112804412842,-0.5568409562110901,-24.313032150268555
2128457977.0,-0.0599534176290035,-1.13226318359375,10.269461631774902,3.9356801509857178,-1.5570002794265747,-24.50341987609864
2128466310.0,0.0666249841451644,-1.2881840467453003,9.729268074035645,3.5002894401550293,-1.2392302751541138,-24.43254852294922
2128474643.0,-0.2371646761894226,-0.9162644743919371,9.192878723144531,4.199071884155273,-0.3753127753734588,-24.39533042907715
2128482976.0,-0.3469333350658417,-0.732171356678009,9.51934814453125,5.123566627502441,1.398332953453064,-24.45398712158203
2128491309.0,-0.090737871825695,-0.9687200784683228,10.07630443572998,5.085836410522461,2.086869478225708,-24.53518295288086
2128499642.0,-0.1427931785583496,-1.244165301322937,10.298513412475586,4.288567543029785,1.5821919441223145,-24.59355735778809
2128507975.0,-0.4808822572231293,-1.418534517288208,9.906858444213867,3.912447690963745,0.9228556752204896,-24.672679901123047
2128516308.0,-0.377132385969162,-1.0294252634048462,9.623004913330078,4.7488555908203125,0.7074655294418335,-24.69560432434082
2128524641.0,-0.1730936020612716,-0.854675829410553,9.956670761108398,5.72273588180542,0.0079916454851627,-24.64922142028809
2128532974.0,-0.1430968195199966,-1.3782230615615845,10.20984172821045,5.293441295623779,-0.5882697105407715,-24.750730514526367
2128541307.0,-0.0394909381866455,-1.0346639156341553,9.373279571533203,4.474040985107422,-0.1484985947608947,-24.51984024047852
2128549640.0,-0.0182823445647954,-1.1865501403808594,9.49759006500244,4.999952793121338,0.5601580739021301,-24.29738426208496
2128557973.0,-0.2509878575801849,-0.8778115510940552,9.69907283782959,5.260705471038818,1.315932035446167,-24.45203971862793
2128566306.0,-0.6051119565963745,-0.6638936400413513,9.767254829406738,5.51992130279541,2.040815114974976,-24.55436897277832
2128574639.0,-0.5411199927330017,-1.1662864685058594,10.198392868041992,5.18593692779541,2.3600199222564697,-24.54381561279297
2128582972.0,-0.5056465268135071,-1.3215008974075315,9.995503425598145,4.602189064025879,2.008618116378784,-24.258243560791016
2128591305.0,-0.3873391151428222,-0.6285811066627502,9.899262428283691,5.292901992797852,0.5015782117843628,-24.434595108032227
2128599638.0,-0.4926091730594635,-0.6778878569602966,10.52077865600586,5.614182472229004,-0.4143489301204681,-24.44714736938477
2128607971.0,-0.4317601919174194,-0.7171312570571899,9.883845329284668,4.810253143310547,-0.7211562991142273,-24.71980857849121
2128616304.0,-0.2901687622070312,-0.4704381227493286,9.40236759185791,5.007508754730225,0.1319389790296554,-24.494049072265625
2128624637.0,-0.4200978577136993,-1.0316818952560425,9.970221519470217,4.605416774749756,1.1614525318145752,-24.10904121398925
2128632970.0,-0.7991106510162354,-0.5026177763938904,9.426267623901367,4.486335754394531,1.700402021408081,-24.539411544799805
2128641303.0,-0.335080474615097,-0.4499352872371673,10.092329978942873,5.439568996429443,1.8520123958587649,-24.374069213867188
2128649636.0,-0.7012913823127747,-0.7711086273193359,10.839290618896484,4.804003715515137,0.9036195278167723,-24.46241569519043
2128657969.0,-0.5299142003059387,-0.5199625492095947,10.24496078491211,3.9938251972198486,0.1645203232765197,-24.724910736083984
2128666302.0,-0.5141187310218811,-0.7831730842590332,9.45021629333496,4.292231559753418,-0.1915049403905868,-24.43480491638184
2128674635.0,-0.5165570974349976,-0.5914803147315979,9.88427448272705,4.55769681930542,-0.0019082614453509,-24.44248390197754
2128682968.0,-0.2568893432617187,-0.5617693662643433,10.292871475219728,3.954045295715332,0.0853210464119911,-24.27606773376465
2128691301.0,-0.2923224568367004,-0.5397447347640991,9.7977294921875,3.858837842941284,0.0486158430576324,-24.45493698120117
2128699634.0,-0.1653895527124405,-0.7253181338310242,9.711624145507812,3.705485582351685,0.8270072937011719,-24.105710983276367
2128707967.0,-0.3029277622699737,-0.3708930313587188,9.582841873168944,3.377596855163574,1.2721059322357178,-23.89359664916992
2128716300.0,-0.5427924394607544,-0.0017275002319365,9.492918014526367,3.868853092193604,1.4231020212173462,-24.18695640563965
2128724633.0,-0.391357421875,-0.7674092650413513,10.411263465881348,3.165178298950196,1.736876368522644,-23.84410858154297
2128732966.0,-0.1772215217351913,-1.2030409574508667,9.89344882965088,1.9813390970230105,0.758207380771637,-23.75149154663086
2128741299.0,-0.5626785159111023,-0.6899213790893555,9.432456970214844,2.649486303329468,0.7684529423713684,-23.45354080200196
2128749632.0,-0.2929598391056061,-0.7202851176261902,9.61141872406006,3.5079479217529297,0.544891893863678,-23.506515502929688
2128757965.0,-0.219073548913002,-0.8114209771156311,9.851048469543455,3.718906879425049,0.234293520450592,-23.64409065246582
2128766298.0,-0.2901794612407684,-1.3158687353134155,10.407116889953612,2.7659544944763184,0.5429195761680603,-23.37495994567871
2128774631.0,-0.6435819268226624,-1.4104607105255127,9.391460418701172,2.4119656085968018,1.687517762184143,-23.26689338684082
2128782964.0,-0.4201309978961944,-0.4992525577545166,9.204512596130373,3.880558729171753,2.4463911056518555,-23.2362060546875
2128791297.0,-0.3163142800331116,-0.6756317615509033,10.599072456359863,4.942781448364258,2.430612802505493,-22.9997615814209
2128799630.0,-0.517683207988739,-0.6325652599334717,10.382986068725586,4.005940437316895,0.984201967716217,-23.48656272888184
2128807963.0,-0.2713255882263183,-0.8052954077720642,10.267786979675291,3.529796838760376,0.9195001125335692,-23.261308670043945
2128816296.0,-0.6998735070228577,-1.3048393726348877,9.91246223449707,3.0369787216186523,1.2915984392166138,-22.99735641479492
2128824629.0,-0.8720075488090515,-0.7548973560333252,9.748244285583496,3.8176498413085938,2.207358837127685,-23.194480895996094
2128832962.0,-0.3626829385757446,-0.5029146671295166,10.191088676452637,5.016960144042969,2.508121490478516,-23.10990333557129
2128841295.0,-0.6705273389816284,-0.4596139788627624,10.598912239074709,4.783793926239014,1.6792190074920654,-23.45989799499512
2128849628.0,-0.478327989578247,-0.4718430936336517,10.445706367492676,3.4321298599243164,1.2575058937072754,-23.50538825988769
2128857961.0,-0.388256698846817,-0.4104267358779907,9.696813583374023,3.001323938369751,1.2505900859832764,-23.49726867675781
2128866294.0,-0.6681103110313416,-0.2667236030101776,9.780678749084473,3.464224576950073,1.4621636867523191,-23.50131607055664
2128874627.0,-0.8327165842056274,0.0698680505156517,9.810375213623049,3.603515148162842,2.430945873260498,-23.304317474365234
2128882960.0,-0.9792887568473816,-0.2537782788276672,9.851259231567385,3.6254148483276367,2.7795042991638184,-23.61629867553711
2128891293.0,-0.5865030884742737,-0.6723126173019409,9.814599990844728,2.997045993804932,2.3384783267974854,-23.63737869262696
2128899626.0,-0.8332160115242004,-0.6385119557380676,10.088047981262209,2.732835531234741,1.6369810104370115,-23.63568878173828
2128907959.0,-1.1595710515975952,-0.5958253741264343,10.035928726196287,2.5681867599487305,0.953157365322113,-23.9260482788086
2128916292.0,-0.6209957003593445,-0.7659185528755188,9.663375854492188,3.298424005508423,0.9065906405448914,-23.648548126220703
2128924625.0,-0.5571807622909546,-1.3177167177200315,10.0377779006958,3.3238842487335205,0.2421315163373947,-23.661046981811523
2128932958.0,-1.0220777988433838,-1.354702353477478,9.652857780456545,2.6868832111358643,0.3581128120422363,-23.56870651245117
2128941291.0,-0.934435486793518,-1.0637092590332031,8.917675971984863,3.0992214679718018,1.4794021844863892,-23.38210868835449
2128949624.0,-0.4731229841709137,-1.2373735904693604,9.766056060791016,3.795211315155029,1.3872932195663452,-23.04097366333008
2128957957.0,-0.6848174929618835,-1.659204602241516,10.143102645874023,3.214280605316162,0.1526352763175964,-22.69379997253418
2128966290.0,-0.9531362652778624,-2.002471208572388,9.66336441040039,2.649998903274536,-0.3567680418491363,-22.51757431030273
2128974623.0,-0.775613009929657,-2.015233278274536,9.07933521270752,3.084774971008301,-0.3938830196857452,-22.18325424194336
2128982956.0,-0.9910195469856262,-2.3611550331115723,9.330758094787598,4.0471272468566895,-0.4317152798175812,-21.65647315979004
2128991289.0,-0.9300544261932372,-1.967929124832153,9.536614418029783,4.346635341644287,-0.2496236711740493,-21.46982383728028
2128999622.0,-0.9051345586776732,-2.0378997325897217,9.642537117004396,4.553188323974609,-0.6168038249015808,-21.19710731506348
2129007955.0,-0.3511345684528351,-1.5845005512237549,10.024673461914062,4.540816783905029,-1.3757797479629517,-20.98817253112793
2129016288.0,-0.4862431287765503,-1.6592624187469482,10.14319133758545,4.327193260192871,-2.28967022895813,-20.68735694885254
2129024621.0,-0.7126204371452332,-1.9153014421463013,9.393856048583984,4.463820457458496,-2.4537036418914795,-20.75498008728028
2129032954.0,-0.7895727157592773,-1.7825459241867063,9.066210746765137,5.109477519989014,-0.997764527797699,-20.59209442138672
2129041287.0,-0.3566520512104034,-1.711235761642456,9.97441864013672,5.423509120941162,-0.3801794052124023,-20.24254035949707
2129049620.0,-0.6011390089988708,-1.588893175125122,10.064899444580078,5.455270290374756,-0.7796847820281982,-20.12174224853516
2129057953.0,-0.7097956538200378,-1.0598825216293335,9.853663444519045,5.6773457527160645,-0.8348323106765747,-20.05425262451172
2129066286.0,-0.490025907754898,-1.2539384365081787,10.02394676208496,6.043654918670654,-1.053577899932861,-20.19333267211914
2129074619.0,-0.4529279470443725,-1.613147497177124,9.739476203918455,5.77250337600708,-1.9022547006607056,-20.42148208618164
2129082952.0,-0.3959714770317077,-1.5840007066726685,9.67967700958252,6.08151388168335,-1.6228803396224976,-20.40293884277344
2129091285.0,-0.5572431087493896,-1.6436928510665894,9.776382446289062,6.347209930419922,-1.0576250553131104,-20.426347732543945
2129099618.0,-0.5523508787155151,-1.0054858922958374,9.6136474609375,6.984646320343018,-0.2679377794265747,-20.396867752075195
2129107951.0,-0.5440410375595093,-0.7223823070526123,9.749155044555664,7.741725921630859,0.1234862878918647,-20.50864791870117
2129116284.0,-0.3555019795894623,-1.224387288093567,10.180123329162598,7.2241902351379395,-0.4771037697792053,-20.952516555786133
2129124617.0,-0.5618869662284851,-1.458013892173767,9.759673118591309,6.514087677001953,-0.7374725341796875,-20.91289329528809
2129132950.0,-0.5646292567253113,-0.9241416454315186,9.653096199035645,7.0146660804748535,-0.4360184371471405,-20.873828887939453
2129141283.0,-0.7012364268302917,-0.4575106203556061,9.85695743560791,8.10086441040039,-0.3419373631477356,-20.96186637878418
2129149616.0,-0.3749147653579712,-0.4872150719165802,10.21088409423828,8.219457626342773,-0.3142483532428741,-21.293262481689453
2129157949.0,-0.3556130230426788,-0.5406829118728638,10.29649543762207,7.278083801269531,-0.4977744817733764,-21.44070053100586
2129166282.0,-0.5753681659698486,-0.4573638439178467,10.017054557800291,6.410707473754883,-0.4568940997123718,-21.52550506591797
2129174615.0,-0.3139187395572662,-0.4418521821498871,9.506013870239258,6.460988998413086,-0.2019299268722534,-21.683061599731445
2129182948.0,-0.4645769596099853,-0.2698829174041748,10.166788101196287,7.288815975189209,0.0051996922120451,-21.832853317260746
2129191281.0,-0.3331081569194793,-0.015512116253376,10.686774253845217,6.210507392883301,0.0835792943835258,-21.735212326049805
2129199614.0,-0.169272318482399,-0.0159592442214489,9.908556938171388,5.800422668457031,-0.0882538706064224,-21.78251838684082
2129207947.0,-0.4704438149929046,-0.1352251768112182,10.161938667297363,5.515105247497559,0.2867258489131927,-21.77706527709961
2129216280.0,-0.3233240842819214,-0.1686898618936538,10.095808029174805,4.846470832824707,0.7490885853767395,-21.809465408325195
2129224613.0,-0.1828051507472992,-0.4743667244911194,9.81821060180664,4.868320465087891,0.5655881762504578,-21.97332191467285
2129232946.0,-0.2012000679969787,-0.367107093334198,10.14838981628418,4.701570987701416,0.3479438424110412,-21.832338333129883
2129241279.0,-0.3382673859596252,-0.4090129435062408,10.037871360778809,4.530494213104248,0.2676176428794861,-21.860183715820312
2129249612.0,-0.2836860418319702,-0.4355230033397674,10.052295684814451,4.173738479614258,0.6050084233283997,-21.88223648071289
2129257945.0,-0.2752739191055298,-0.3083309531211853,9.810919761657717,4.078056812286377,0.9312443137168884,-21.6547966003418
2129266278.0,-0.5205357074737549,-0.2331079393625259,9.832430839538574,4.406008243560791,1.2935447692871094,-21.89235115051269
2129274611.0,-0.4748533964157104,-0.3280448317527771,10.064520835876465,4.258752822875977,1.5279922485351562,-21.7683048248291
2129282944.0,-0.3869928121566772,-0.7202112078666687,10.015752792358398,3.8843235969543457,1.4986894130706787,-21.56305694580078
2129291277.0,-0.5305767059326172,-0.0519193075597286,9.62116527557373,3.721621513366699,1.172338366508484,-21.66013526916504
2129299610.0,-0.4194324612617492,0.0304610189050436,9.982488632202148,3.982452392578125,0.8125863075256348,-21.536190032958984
2129307943.0,-0.4812882244586944,-0.4850366711616516,10.422754287719728,3.062567234039306,0.5447125434875488,-21.5511474609375
2129316276.0,-0.485992282629013,-0.4561627209186554,10.024282455444336,2.1077451705932617,0.6996275186538696,-21.43245315551757
2129324609.0,-0.2536240518093109,-0.3916402459144592,9.319746017456056,2.611679792404175,0.9581265449523926,-21.296106338500977
2129332942.0,-0.4195005893707275,-0.0525637194514274,9.801395416259766,3.595215320587158,1.4451041221618652,-21.2185173034668
2129341275.0,-0.5753428339958191,-0.0857571437954902,10.535808563232422,2.724894762039185,1.6235333681106567,-21.304584503173828
2129349608.0,-0.5687967538833618,-0.4617797434329986,9.641695976257324,1.6645418405532837,2.0691702365875244,-21.26186180114746
2129357941.0,-0.4916749596595764,-0.85468590259552,9.636981964111328,1.8724526166915887,2.316834211349488,-21.13237953186035
2129366274.0,-0.6051953434944153,-1.0599148273468018,10.103959083557127,1.631627321243286,1.6674871444702148,-21.06444931030273
2129374607.0,-0.6634369492530823,-0.8436084389686584,9.644704818725586,2.193091630935669,1.3399580717086792,-21.08627319335937
2129382940.0,-0.6650698781013489,-0.6573629379272461,9.57397747039795,3.0863113403320312,1.1743619441986084,-21.01568031311035
2129391273.0,-0.6585913896560669,-0.7776591777801514,10.020804405212402,2.778120517730713,1.3004094362258911,-21.04090881347656
2129399606.0,-0.6384584903717041,-0.8698108792304993,9.746834754943848,1.7606722116470337,1.20494544506073,-21.250770568847656
2129407939.0,-0.6942003965377808,-0.8624192476272583,9.544389724731444,1.4975626468658447,2.153569221496582,-21.17620849609375
2129416272.0,-0.6502728462219238,-0.6281859278678894,9.542229652404783,2.0404820442199707,2.2445764541625977,-21.18745231628418
2129424605.0,-0.7076146602630615,-0.7373312711715698,10.186118125915527,2.449105978012085,2.338862657546997,-21.24385452270508
2129432938.0,-0.717936098575592,-1.0065455436706543,10.087895393371582,1.6340866088867188,1.6690499782562256,-21.25543212890625
2129441271.0,-0.5991302132606506,-1.1204060316085815,9.514254570007324,1.359604001045227,1.3998440504074097,-21.219467163085938
2129449604.0,-0.541554868221283,-0.7517756223678589,9.51142692565918,1.7053453922271729,1.329456448554993,-21.304920196533203
2129457937.0,-0.6177216172218323,-0.8119849562644958,10.066515922546388,2.0567471981048584,1.140013337135315,-21.3260498046875
2129466270.0,-0.6286285519599915,-1.0219303369522097,9.747966766357422,1.5009690523147583,1.3334519863128662,-21.624635696411133
2129474603.0,-0.6840181350708008,-0.912009060382843,9.313047409057615,1.6507354974746704,2.440474033355713,-21.47166633605957
2129482936.0,-0.8801313042640686,-1.2170578241348269,9.81790828704834,1.5128542184829712,3.170787811279297,-21.50066375732422
2129491269.0,-0.9690390825271606,-1.031963586807251,9.89757251739502,1.3958996534347534,3.3411223888397217,-21.62212562561035
2129499602.0,-1.1024245023727417,-1.344438910484314,9.974910736083984,1.6394652128219604,2.793438196182251,-21.46336555480957
2129507935.0,-1.1301796436309814,-1.327609896659851,10.307615280151367,1.743638515472412,2.2702927589416504,-21.52363586425781
2129516268.0,-0.5384975671768188,-1.9610021114349363,10.425987243652344,1.4898524284362793,1.1816107034683228,-21.508907318115234
2129524601.0,-0.8495211005210876,-1.8579684495925903,9.484424591064451,1.830957531929016,-0.0426605232059955,-21.60759925842285
2129532934.0,-1.1564323902130127,-1.5450193881988523,9.496397018432615,2.90657639503479,1.0475969314575195,-21.622148513793945
2129541267.0,-0.8745483160018921,-1.754993557929993,9.522902488708496,3.05332088470459,2.294575452804565,-21.423921585083008
2129549600.0,-0.9091382622718812,-2.022434949874878,9.638659477233888,3.1064701080322266,2.752199649810791,-21.501201629638672
2129557933.0,-1.1366769075393677,-2.3306474685668945,9.980218887329102,2.988644599914551,3.00859808921814,-21.1118392944336
2129566266.0,-1.4069188833236694,-1.9224083423614504,9.847298622131348,3.2501144409179688,2.902349710464477,-21.165010452270508
2129574599.0,-0.9316577911376952,-1.7358766794204712,10.048982620239258,4.367203235626221,1.750016212463379,-21.125207901000977
2129582932.0,-1.318753719329834,-1.7598028182983398,10.29409408569336,4.880281448364258,0.8265972137451172,-21.071802139282227
2129591265.0,-1.3043550252914429,-1.7678953409194946,10.19532871246338,4.396121501922607,0.3812679946422577,-21.2571964263916
2129599598.0,-1.1237961053848269,-1.929477572441101,9.47839069366455,4.1980977058410645,0.8443735241889954,-21.15105056762696
2129607931.0,-1.142481803894043,-1.5747888088226318,9.762907028198242,4.894676685333252,1.3190566301345823,-21.056814193725582
2129616264.0,-1.1202772855758667,-1.3621143102645874,10.407500267028809,5.122490406036377,1.6564218997955322,-21.121288299560547
2129624597.0,-1.1080883741378784,-1.7168257236480713,9.998310089111328,4.969034671783447,1.1777684688568115,-21.0481071472168
2129632930.0,-1.153986573219299,-1.6800568103790283,9.960779190063477,4.916680335998535,1.4254584312438965,-20.91548156738281
2129641263.0,-1.5472966432571411,-1.0517332553863523,10.30428981781006,4.9058709144592285,1.900090575218201,-20.74614524841309
2129649596.0,-1.3615312576293943,-0.7556441426277161,10.031522750854492,5.011580467224121,1.6108028888702393,-21.06293678283692
2129657929.0,-1.0246005058288574,-1.0379304885864258,10.30220890045166,5.344514846801758,0.932051122188568,-20.83382034301757
2129666262.0,-0.9227442145347596,-1.2696022987365725,10.934517860412598,3.9160854816436768,-0.0712972581386566,-20.820117950439453
2129674595.0,-0.9478068351745604,-1.34333074092865,9.69566249847412,3.239715099334717,-0.8997386693954468,-20.87764358520508
2129682928.0,-0.8256235718727112,-1.5005390644073486,8.993489265441895,4.517559051513672,-0.3411433398723602,-20.93246078491211
2129691261.0,-1.1350845098495483,-1.429277777671814,9.833889961242676,5.001770973205566,0.9891453385353088,-20.83766365051269
2129699594.0,-1.029771089553833,-1.1966593265533447,10.19825839996338,4.405957221984863,1.7895135879516602,-20.86366081237793
2129707927.0,-1.1496250629425049,-1.1546164751052856,9.59592056274414,4.617762088775635,2.047679662704468,-20.957256317138672
2129716260.0,-0.8712899088859558,-1.0625959634780884,10.300481796264648,5.208016395568848,1.2605024576187134,-20.93988609313965
2129724593.0,-1.4360250234603882,-1.4748107194900513,10.724552154541016,4.543326377868652,0.0881898328661918,-20.830615997314453
2129732926.0,-1.3480713367462158,-1.2062262296676636,9.801465034484863,4.224147319793701,-0.3188076913356781,-20.88602066040039
2129741259.0,-1.3530093431472778,-0.5040464401245117,9.378976821899414,5.639642238616943,0.0193131398409605,-21.00205421447754
2129749592.0,-0.9808172583580016,-0.7986207008361816,10.85080909729004,5.686747074127197,-0.2962671816349029,-21.073366165161133
2129757925.0,-0.8443707823753357,-0.7648860812187195,10.35705280303955,4.299094200134277,-1.0027848482131958,-21.40401840209961
2129766258.0,-0.9458754062652588,-0.6875823140144348,9.870716094970703,3.961012363433838,-0.7676205039024353,-21.40927124023437
2129774591.0,-1.0659576654434204,-0.5231057405471802,9.862504005432127,4.144601821899414,0.3064872026443481,-21.2619743347168
2129782924.0,-1.044743299484253,-0.8353971838951111,9.873836517333984,4.4162797927856445,0.5770888924598694,-21.49312973022461
2129791257.0,-1.0761277675628662,-1.249956130981445,9.844186782836914,4.242384433746338,0.7282897233963013,-21.31277847290039
2129799590.0,-1.2640820741653442,-1.123462200164795,9.971623420715332,4.049612045288086,0.303810566663742,-21.36449432373047
2129807923.0,-1.1470355987548828,-0.7833993434906006,10.185036659240724,4.263875961303711,-0.4416024386882782,-21.56797790527344
2129816256.0,-0.9114171862602234,-0.5064753293991089,9.74288558959961,4.577419281005859,-1.387946367263794,-21.691308975219727
2129824589.0,-0.9498075246810912,-0.7649662494659424,10.07038402557373,4.443789482116699,-1.8143720626831048,-21.81397247314453
2129832922.0,-0.8619083166122437,-0.9774982929229736,9.818159103393556,3.1572890281677246,-1.2673801183700562,-21.91822624206543
2129841255.0,-0.8279041647911072,-1.0122674703598022,9.44395637512207,3.1844656467437744,-0.403949499130249,-21.76730728149414
2129849588.0,-0.6483044624328613,-0.7662389278411865,9.902810096740724,3.7411141395568848,0.1937205195426941,-21.763078689575195
2129857921.0,-0.6019685864448547,-0.7304819226264954,10.063806533813477,3.855174779891968,0.0959509685635566,-21.85677719116211
2129866254.0,-0.6306856870651245,-0.9838598966598512,10.08281707763672,3.644675970077514,-0.3646571636199951,-22.122419357299805
2129874587.0,-0.7340754866600037,-1.060909390449524,9.657111167907717,2.9324724674224854,-0.0502935722470283,-21.93766593933105
2129882920.0,-0.6402742266654968,-1.4656633138656616,9.427989959716797,2.6887528896331787,0.3079344630241394,-21.88397979736328
2129891253.0,-0.8073796629905701,-1.83821713924408,9.543855667114258,3.1858742237091064,0.3879789710044861,-21.86021041870117
2129899586.0,-0.8300085067749023,-1.8476747274398804,9.762401580810549,3.4425032138824463,0.5224025249481201,-21.62186813354492
2129907919.0,-0.7995309829711914,-1.533077359199524,9.791324615478516,4.0979204177856445,0.512208104133606,-21.660648345947266
2129916252.0,-0.6877613067626953,-1.408482789993286,10.004714965820312,4.7647624015808105,-0.0059809261001646,-21.844072341918945
2129924585.0,-0.6024910807609558,-1.5101255178451538,9.68742561340332,4.465049743652344,-0.2266476601362228,-21.791025161743164
2129932918.0,-0.7211277484893799,-1.362705111503601,9.53676414489746,4.226658344268799,-0.0126662440598011,-21.815332412719727
2129941251.0,-0.7429386377334595,-1.22397780418396,9.640894889831545,4.353294372558594,0.676292896270752,-21.739282608032227
2129949584.0,-0.8945785760879517,-1.2375435829162598,9.75620460510254,4.6348724365234375,1.4848322868347168,-21.64243698120117
2129957917.0,-0.7867668867111206,-0.7157719135284424,9.54481315612793,4.830180168151856,1.6256592273712158,-21.69258689880371
2129966250.0,-0.7650412321090698,-0.4589520692825317,10.03456211090088,4.985762119293213,1.004283428192139,-21.82644844055176
2129974583.0,-0.66008061170578,-0.4234654605388641,10.278243064880373,3.7825324535369873,0.1634701043367386,-21.92104148864746
2129982916.0,-0.8558922410011292,-0.4114740490913391,9.592982292175291,3.090230703353882,-0.2014944851398468,-21.94796371459961
2129991249.0,-0.8695845007896423,-0.4243588149547577,9.58299446105957,2.792004108428955,0.3203574120998382,-21.78541755676269
2129999582.0,-0.7662601470947266,-0.9033939838409424,9.69857692718506,2.284560203552246,0.8693731427192688,-21.82329750061035
2130007915.0,-0.8191643953323364,-0.881921648979187,9.275711059570312,2.282024383544922,0.9232142567634584,-21.92634391784668
2130016248.0,-0.8791086077690125,-0.7239524722099304,9.859329223632812,2.570773839950561,1.5342164039611816,-21.7829818725586
2130024581.0,-0.8662672638893127,-0.9373174905776978,10.107380867004396,1.9805190563201904,0.9160678386688232,-21.99040603637696
2130032914.0,-0.862510085105896,-1.041090488433838,9.563825607299805,1.829087734222412,0.6684293746948242,-22.11771011352539
2130041247.0,-0.7832871675491333,-1.3271126747131348,9.414299964904783,1.8945064544677728,0.689509928226471,-21.91146278381348
2130049580.0,-0.6753819584846497,-1.5129852294921875,9.365479469299316,2.0778276920318604,0.3397217392921448,-21.936283111572266
2130057913.0,-0.7630476355552673,-1.7102868556976318,9.31623363494873,2.19685697555542,0.1645971536636352,-21.95979690551757
2130066246.0,-0.9698505997657776,-1.4202710390090942,9.246828079223633,2.639829397201538,0.682568371295929,-22.046550750732425
2130074579.0,-1.0625567436218262,-1.070063591003418,9.337576866149902,2.982753038406372,1.3828362226486206,-22.118371963500977
2130082912.0,-0.6106441617012024,-1.1722491979599,10.01558780670166,3.072889804840088,1.5981239080429075,-22.13399887084961
2130091245.0,-0.7430177330970764,-1.3155336380004885,9.971927642822266,2.456738948822021,0.5364648103713989,-22.20610237121582
2130099578.0,-0.9314917922019958,-1.062050700187683,9.756613731384276,2.531379222869873,0.3453568518161773,-22.225889205932617
2130107911.0,-0.927986204624176,-1.4830060005187988,9.63883113861084,2.509133100509644,0.5750782489776611,-22.108985900878903
2130116244.0,-0.7934884428977966,-1.4427467584609983,9.554443359375,2.7728185653686523,0.7613322138786316,-22.238426208496094
2130124577.0,-0.8161916732788086,-1.265913724899292,9.805853843688965,3.2270617485046387,0.9089726805686952,-22.10676956176757
2130132910.0,-0.8318096399307251,-1.283151626586914,9.946345329284668,2.830783605575561,0.6596691608428955,-22.187122344970703
2130141243.0,-0.987259566783905,-1.2810741662979126,9.49233627319336,2.6262285709381104,0.9200380444526672,-22.23614883422852
2130149576.0,-0.8548051118850708,-1.4227827787399292,9.720477104187012,2.561065912246704,1.1979269981384275,-22.04690933227539
2130157909.0,-0.7952880859375,-1.9808255434036253,9.829751968383787,2.218757152557373,0.7858706712722778,-22.08016014099121
2130166242.0,-0.6879734992980957,-1.9939547777175903,9.374692916870115,2.5038950443267822,0.1378302574157714,-21.880905151367188
2130174575.0,-0.991335391998291,-1.7769798040390017,9.57859992980957,3.2692487239837646,0.3400291204452514,-21.963972091674805
2130182908.0,-0.6637673377990723,-1.4808809757232666,9.932171821594238,3.4210898876190186,0.5148206949234009,-21.890050888061523
2130191241.0,-0.7327688932418823,-1.8669724464416504,9.894729614257812,3.2797505855560303,0.4178451895713806,-21.83574676513672
2130199574.0,-0.6328870058059692,-1.7452969551086426,9.84031867980957,2.991205930709839,0.7238841652870178,-21.80331993103028
2130207907.0,-0.6960711479187012,-1.7960151433944702,9.571123123168944,3.26125717163086,0.8770573735237122,-21.58247375488281
2130216240.0,-0.6945680379867554,-1.9791780710220337,9.918185234069824,3.826716899871826,1.1076879501342771,-21.73859024047852
2130224573.0,-0.5828446745872498,-1.951933979988098,9.98664093017578,4.166003227233887,1.3277910947799685,-21.57857894897461
2130232906.0,-0.6310839653015137,-1.6433815956115725,10.056127548217772,4.223135471343994,1.2721441984176636,-21.57933616638184
2130241239.0,-0.6220091581344604,-1.7595161199569702,9.846513748168944,4.306266784667969,1.1689831018447876,-21.477941513061523
2130249572.0,-0.952885091304779,-1.7178107500076294,9.477862358093262,4.479521751403809,1.4125744104385376,-21.412857055664062
2130257905.0,-1.0749949216842651,-1.8804969787597656,10.058250427246094,4.298915863037109,2.2186803817749023,-21.43291282653809
2130266238.0,-0.9563835263252258,-2.0157411098480225,9.841984748840332,4.212954044342041,2.373441696166992,-21.36590576171875
2130274571.0,-0.7474854588508606,-1.38697350025177,9.879369735717772,5.220132827758789,1.5356508493423462,-21.25645637512207
2130282904.0,-0.9737539887428284,-1.40766704082489,10.551040649414062,5.360344886779785,0.9508007764816284,-21.20271682739257
2130291237.0,-1.121090531349182,-1.4180984497070312,9.613568305969238,4.674805164337158,0.525399386882782,-21.33027648925781
2130299570.0,-1.0620332956314087,-1.277693510055542,9.410806655883787,4.758255481719971,1.1573796272277832,-21.183734893798828
2130307903.0,-1.074992537498474,-1.2823128700256348,10.297754287719728,4.303936004638672,1.866971135139465,-20.959510803222656
2130316236.0,-0.9236763119697572,-1.1624823808670044,10.137898445129396,4.21109676361084,1.0225077867507937,-21.32076072692871
2130324569.0,-0.8191275596618652,-0.90467768907547,10.25773811340332,4.794320583343506,0.4668196439743042,-21.29828453063965
2130332902.0,-0.94035005569458,-1.034388303756714,10.643754959106444,4.529674053192139,0.3108544647693634,-21.605627059936523
2130341235.0,-0.8375399112701416,-0.8769024014472961,10.27723217010498,4.012497425079346,0.7374597191810608,-21.595308303833008
2130349568.0,-0.6279626488685608,-1.201379895210266,10.25298023223877,3.911371946334839,1.3600139617919922,-21.45073890686035
2130357901.0,-0.8076563477516174,-1.1659377813339231,10.168879508972168,4.010140419006348,1.5826274156570437,-21.44761276245117
2130366234.0,-0.820136547088623,-1.3566269874572754,10.23557949066162,4.180141925811768,1.684239149093628,-21.73490333557129
2130374567.0,-0.7345346808433533,-1.7365931272506714,10.023862838745115,4.199711322784424,1.7097506523132324,-21.658802032470703
2130382900.0,-0.9615511298179626,-1.6297730207443235,9.868549346923828,4.478804111480713,1.663158297538757,-21.75685310363769
2130391233.0,-1.2046129703521729,-1.169785737991333,9.855554580688477,4.787532806396484,2.10331392288208,-21.6113395690918
2130399566.0,-1.0064905881881714,-0.9626718759536744,9.973151206970217,5.140086650848389,2.008540868759156,-21.796607971191406
2130407899.0,-1.0824711322784424,-1.074724793434143,10.35241985321045,4.751007080078125,1.6811909675598145,-21.74081802368164
2130416232.0,-0.9997336864471436,-1.1882836818695068,10.431828498840332,3.693138837814331,1.027131199836731,-21.821094512939453
2130424565.0,-0.918553590774536,-1.0892271995544434,9.9812593460083,3.924396753311157,0.7475645542144775,-21.88527107238769
2130432898.0,-0.4973684251308441,-0.9904139041900636,10.48922061920166,4.254475593566895,0.4689456522464752,-21.808853149414062
2130441231.0,-0.4837336540222168,-1.0211490392684937,10.344794273376465,4.121819496154785,0.1161093860864639,-21.772201538085938
2130449564.0,-0.2843631207942962,-1.1593620777130127,9.92416286468506,3.990903854370117,0.4199199080467224,-22.02805519104004
2130457897.0,-0.0759753510355949,-1.689042329788208,9.658777236938477,3.786656141281128,1.4676707983016968,-21.88006019592285
2130466230.0,-0.0175596885383129,-2.034446954727173,9.440160751342772,3.727025985717773,2.2269279956817627,-22.01753044128418
2130474563.0,0.0373645089566707,-2.206778287887573,9.234286308288574,4.486847400665283,2.819180727005005,-21.83287811279297
2130482896.0,-0.1752384752035141,-2.4046335220336914,9.321917533874512,5.59910774230957,3.1193413734436035,-21.70633125305176
2130491229.0,-1.195419192314148,-1.8971372842788696,9.446091651916504,6.230563163757324,4.5076212882995605,-21.696304321289062
2130499562.0,-1.8455387353897093,-0.7680906057357788,9.56996250152588,6.757294178009033,6.370698928833008,-21.783981323242188
2130507895.0,-1.855986833572388,-0.0500535368919372,10.343548774719238,7.193300247192383,6.907291412353516,-22.40704917907715
2130516228.0,-0.999641180038452,0.650959849357605,11.347905158996582,6.234456539154053,4.853515625,-22.61348533630371
2130524561.0,-0.5960977673530579,0.4185526072978973,11.90359115600586,3.995361804962158,1.6218172311782837,-22.24660301208496
2130532894.0,-0.170679286122322,0.2274399250745773,10.601107597351074,2.026419878005981,-1.5738418102264404,-22.048179626464844
2130541227.0,-0.419504702091217,-0.0843666195869445,9.718514442443848,1.1448159217834473,-1.3366025686264038,-21.7744140625
2130549560.0,-1.0412408113479614,-0.6526575684547424,8.75401782989502,0.4079452753067016,1.1594929695129397,-21.750926971435547
2130557893.0,-1.505896806716919,-0.8129100799560547,8.499282836914062,0.7814906239509583,5.279634475708008,-21.95733642578125
2130566226.0,-1.4797184467315674,-0.8117388486862183,9.643874168395996,1.178357720375061,8.183597564697266,-21.976318359375
2130574559.0,-1.489008903503418,-0.4056920707225799,10.921177864074709,1.1461607217788696,7.901483058929443,-22.07624053955078
2130582892.0,-1.094276785850525,-0.2745873630046844,11.142656326293944,0.826725423336029,4.526575088500977,-22.154491424560547
2130591225.0,-1.2093937397003174,-0.6048628091812134,10.487001419067385,0.007735501974821,0.6943765878677368,-21.927602767944336
2130599558.0,-1.5883110761642456,-1.0532896518707275,9.54868221282959,-0.900840163230896,-1.541042685508728,-22.094655990600582
2130607891.0,-1.0710067749023438,-1.374659776687622,8.975369453430176,-1.1212507486343384,-1.1201237440109253,-21.76658821105957
2130616224.0,-1.087042212486267,-1.463208794593811,8.75821590423584,-0.4406290650367737,-0.0788534507155418,-21.803550720214844
2130624557.0,-1.2291275262832642,-1.3074334859848022,9.14378261566162,0.3891316056251526,1.4229224920272827,-22.002391815185547
2130632890.0,-1.252264142036438,-1.4477887153625488,9.728087425231934,0.5780110359191895,3.337843656539917,-21.95462226867676
2130641223.0,-0.9909166097640992,-1.437492609024048,10.112994194030762,0.456983745098114,3.550851583480835,-21.865768432617188
2130649556.0,-1.1458289623260498,-1.314396858215332,10.10617733001709,0.5080841779708862,2.2334084510803223,-21.730165481567383
2130657889.0,-1.1732252836227417,-1.166575908660889,10.06457233428955,0.7847435474395752,0.5305221676826477,-21.61161994934082
2130666222.0,-0.8883064985275269,-1.0686827898025513,9.856712341308594,0.8073098659515381,-1.0679219961166382,-21.87217140197754
2130674555.0,-0.7680213451385498,-1.1565508842468262,9.65676975250244,0.4748112857341766,-1.6440374851226809,-21.84694099426269
2130682888.0,-0.5217599272727966,-0.9950266480445862,9.541624069213867,-0.0908665284514427,-1.0219444036483765,-21.841306686401367
2130691221.0,-0.5644445419311523,-0.7999463677406311,8.85047435760498,-0.1523663103580474,0.0241286177188158,-21.700347900390625
2130699554.0,-0.8551888465881348,-0.7226189374923706,8.803728103637695,0.0517919994890689,1.6008901596069336,-21.796327590942383
2130707887.0,-1.1789199113845823,-0.6945363283157349,9.337642669677734,-0.4767195284366607,3.0773720741271973,-21.857006072998047
2130716220.0,-1.3298296928405762,-0.8487839698791504,9.61203670501709,-1.1314964294433594,3.1547787189483643,-21.86592102050781
2130724553.0,-1.1389645338058472,-1.27483332157135,9.897456169128418,-1.48927640914917,1.9136916399002075,-21.874170303344727
2130732886.0,-1.032501459121704,-1.2652509212493896,9.96585464477539,-1.3347967863082886,-0.3938574492931366,-21.94304656982422
2130741219.0,-0.877159833908081,-1.188143610954285,9.819042205810549,-1.135671615600586,-2.290464162826538,-22.21908950805664
2130749552.0,-0.3940948843955993,-1.6665089130401611,9.66008472442627,-1.0668206214904783,-3.2070446014404297,-22.44764709472656
2130757885.0,-0.3917930722236633,-2.1124982833862305,9.402665138244627,-1.682766318321228,-2.354320764541626,-22.47556495666504
2130766218.0,-0.5116733908653259,-2.306777000427246,9.054593086242676,-1.8613486289978027,-0.1554912775754928,-22.05246925354004
2130774551.0,-0.5803148150444031,-2.1972851753234863,8.623088836669922,-0.7122424244880676,2.226569414138794,-22.144115447998047
2130782884.0,-0.5630700588226318,-2.321368455886841,9.314882278442385,0.5772683024406433,3.248091697692871,-21.92890739440918
2130791217.0,-0.8796167373657227,-2.1866347789764404,9.882099151611328,0.4797803461551666,2.8289904594421387,-22.089017868041992
2130799550.0,-0.9759089946746826,-2.358213424682617,9.759920120239258,0.1165191978216171,1.6701000928878784,-22.071014404296875
2130807883.0,-1.035111904144287,-2.5026798248291016,9.455070495605469,0.0525348186492919,0.7030085325241089,-21.9350528717041
2130816216.0,-0.9652186036109924,-2.460035562515259,9.637934684753418,0.3933323621749878,-0.2203977704048156,-21.80572891235352
2130824549.0,-0.8947872519493103,-2.074584007263184,9.71165370941162,0.8015849590301514,-0.61399906873703,-21.862449645996094
2130832882.0,-0.8051110506057739,-1.9503271579742432,9.754680633544922,1.0969046354293823,-0.2276210188865661,-21.75332260131836
2130841215.0,-0.8230851888656616,-2.224517822265625,9.845929145812988,0.6464267373085022,0.3618524372577667,-21.769763946533203
2130849548.0,-0.8039497137069702,-2.288918256759644,9.771708488464355,0.3406694233417511,1.3011010885238647,-21.692920684814453
2130857881.0,-0.7781233787536621,-2.617415428161621,10.04195499420166,0.4530903100967407,2.0341551303863525,-21.61536026000977
2130866214.0,-0.8259385228157043,-2.640035629272461,10.25510597229004,0.8723699450492859,2.10846209526062,-21.557960510253903
2130874547.0,-0.623875081539154,-2.645286798477173,10.478514671325684,1.4548380374908447,1.578452229499817,-21.541030883789062
2130882880.0,-0.6758679747581482,-2.810833215713501,10.420315742492676,1.873451590538025,0.7674540281295776,-21.741947174072266
2130891213.0,-0.6778042912483215,-2.7386467456817627,9.905149459838867,2.087740182876587,0.7249599695205688,-21.90682601928711
2130899546.0,-0.8341734409332275,-2.538323402404785,9.563959121704102,2.499309778213501,1.823145031929016,-21.910797119140625
2130907879.0,-1.0393898487091064,-2.6757476329803467,9.692407608032228,2.9557809829711914,3.202702522277832,-22.10198211669922
2130916212.0,-0.9959430694580078,-2.96631383895874,9.953978538513184,3.012158393859864,3.817803382873535,-22.09862899780273
2130924545.0,-1.0138449668884275,-2.7243988513946533,9.900887489318848,3.3856141567230225,3.642832756042481,-22.211610794067383
2130932878.0,-1.0521798133850098,-2.451025485992432,10.019969940185549,4.247738361358643,2.749842643737793,-22.332660675048828
2130941211.0,-0.9154072403907776,-2.435824394226074,10.081554412841797,4.488154411315918,1.890178084373474,-22.447725296020508
2130949544.0,-0.9622056484222412,-2.1094985008239746,10.096742630004885,4.254654407501221,1.4112937450408936,-22.60947799682617
2130957877.0,-0.9169718623161316,-2.161406755447388,10.01236057281494,3.710954189300537,1.8093265295028689,-22.793121337890625
2130966210.0,-0.8836172223091125,-2.2070982456207275,9.688868522644045,3.7280640602111816,2.5469655990600586,-22.83082389831543
2130974543.0,-0.7353124022483826,-1.9768787622451784,9.884209632873535,4.091056346893311,3.170121669769287,-23.05731773376465
2130982876.0,-0.8815270066261292,-1.7645539045333862,10.47925090789795,4.157320499420166,3.518808603286743,-23.03839111328125
2130991209.0,-0.9400918483734132,-1.6161367893218994,10.317047119140623,3.64562463760376,3.643601655960083,-23.18113899230957
2130999542.0,-0.9455090761184692,-1.74662983417511,10.091649055480955,3.534996509552002,3.685070276260376,-23.389917373657227
2131007875.0,-1.0484507083892822,-2.0532400608062744,10.208829879760742,3.156033992767334,3.734839200973511,-23.50428581237793
2131016208.0,-0.976813018321991,-2.294722080230713,10.067363739013672,2.886879205703736,3.5708563327789307,-23.47270393371582
2131024541.0,-1.1057595014572144,-2.453444242477417,9.628753662109377,3.218660593032837,3.589836597442627,-23.419553756713867
2131032874.0,-1.298777461051941,-2.2107882499694824,9.60536766052246,3.831763029098511,3.693753480911255,-23.551776885986328
2131041207.0,-1.3005058765411377,-2.5836069583892822,9.883469581604004,4.053147315979004,3.818213701248169,-23.767040252685547
2131049540.0,-1.4066061973571775,-2.7232754230499268,9.5547456741333,3.687120199203491,3.646240234375,-23.857845306396484
2131057873.0,-1.7043758630752563,-2.4709548950195312,9.555981636047363,4.007119178771973,4.164774894714356,-23.70374870300293
2131066206.0,-1.5789706707000732,-2.586198091506958,9.884766578674316,4.460323810577393,3.802934646606445,-23.81699752807617
2131074539.0,-1.4059946537017822,-2.731260299682617,9.89073657989502,4.8624677658081055,2.6194281578063965,-24.019529342651367
2131082872.0,-1.2916622161865234,-3.0024263858795166,9.84340476989746,5.069942951202393,1.6034647226333618,-23.96179580688477
2131091205.0,-1.3179980516433716,-3.305341482162476,9.42630386352539,5.25665807723999,1.0950602293014526,-23.9454402923584
2131099538.0,-0.9009646773338318,-3.6392109394073486,8.874755859375,5.738103866577148,0.927286982536316,-24.13444900512696
2131107871.0,-0.4771439731121063,-4.329922199249268,8.910419464111328,6.6484856605529785,0.8394558429718018,-23.888145446777344
2131116204.0,-0.5908076167106628,-5.243528366088867,8.72673511505127,7.1454925537109375,1.163335204124451,-23.66451835632324
2131124537.0,-0.8612539172172546,-5.399710655212402,8.20803165435791,8.288348197937012,1.9016658067703247,-23.74179649353028
2131132870.0,-1.3772845268249512,-4.469050884246826,7.799017906188965,10.691182136535645,3.3770854473114014,-23.74806022644043
2131141203.0,-3.082427263259888,-2.979034423828125,8.751668930053711,13.607340812683104,6.250850677490234,-23.784791946411133
2131149536.0,-4.474158763885498,-1.7205541133880615,9.638562202453612,14.568824768066406,9.109146118164062,-24.394155502319336
2131157869.0,-3.404927492141724,-0.1555652916431427,10.588884353637695,14.468570709228516,9.469743728637695,-24.96527862548828
2131166202.0,-2.373699426651001,0.5173913240432739,12.11692237854004,13.260807037353516,5.034763813018799,-24.65585708618164
2131174535.0,-1.2216790914535522,0.583292543888092,12.760229110717772,9.912534713745115,-2.608823776245117,-24.12277030944824
2131182868.0,-1.3469163179397583,-0.0018868031911551,10.981634140014648,6.117668628692627,-9.002537727355957,-23.92913818359375
2131191201.0,-2.1090734004974365,-0.8596761226654053,9.25552749633789,3.764948844909668,-9.429912567138672,-23.737340927124023
2131199534.0,-2.4205212593078613,-2.586012840270996,8.090963363647461,2.3592000007629395,-5.636427402496338,-23.70281982421875
2131207867.0,-2.965683460235596,-3.046250820159912,7.001522064208984,3.8086979389190674,-0.5827241539955139,-24.118736267089844
2131216200.0,-2.62031626701355,-2.610950231552124,7.862586975097656,6.958968639373779,3.303098201751709,-24.15713119506836
2131224533.0,-2.9905571937561035,-1.4478868246078491,10.36850357055664,8.775237083435059,3.527517318725586,-24.401426315307617
2131232866.0,-2.432368278503418,-0.0656423568725586,11.840387344360352,7.919209003448486,0.3744803965091705,-24.668869018554688
2131241199.0,-1.3818930387496948,0.6463996767997742,12.6697416305542,5.095006942749023,-5.236845970153809,-24.39922332763672
2131249532.0,-1.366916298866272,0.5469127297401428,11.647967338562012,1.95931088924408,-10.695345878601074,-24.28263092041016
2131257865.0,-1.1397589445114136,-0.5036785006523132,10.691455841064451,-0.5882056355476379,-12.308902740478516,-24.125320434570312
2131266198.0,-0.6804576516151428,-1.1632779836654663,9.91872215270996,-1.3854109048843384,-10.96504020690918,-24.596511840820312
2131274531.0,-0.3471912741661072,-0.8997764587402344,9.003134727478027,0.4071897864341736,-7.985076904296875,-25.250825881958008
2131282864.0,-0.1256043016910553,-1.195947527885437,9.617107391357422,2.72759747505188,-4.713533878326416,-25.69483184814453
2131291197.0,-0.7792634963989258,-2.070807933807373,9.39606475830078,2.8747386932373047,-1.2677133083343506,-26.143224716186523
2131299530.0,-1.3184746503829956,-2.211598396301269,8.928967475891113,2.128749132156372,2.1245996952056885,-26.0974235534668
2131307863.0,-1.404698133468628,-1.6505823135375977,9.751099586486816,2.2085883617401123,2.9393372535705566,-25.922964096069336
2131316196.0,-1.3687108755111694,-1.2246989011764526,11.03940200805664,3.031881809234619,-0.1196569502353668,-26.531354904174805
2131324529.0,-1.0400148630142212,-1.20969820022583,11.430878639221191,3.461752891540528,-4.942500114440918,-26.9597396850586
2131332862.0,-0.6105378270149231,-1.5343588590621948,11.210423469543455,3.063682794570923,-8.621784210205078,-27.420190811157227
2131341195.0,-0.2975956797599792,-1.6199493408203125,10.358912467956545,2.2725603580474854,-9.16951847076416,-27.69272422790528
2131349528.0,-0.2186062186956405,-1.6351830959320068,9.31922721862793,2.016584634780884,-6.895088195800781,-27.7575912475586
2131357861.0,-0.1729664504528045,-1.2533339262008667,8.888643264770508,3.088259220123291,-2.873368501663208,-27.78087043762207
2131366194.0,-0.1207785233855247,-1.752522349357605,9.77228832244873,3.2793030738830566,0.81723552942276,-27.579376220703125
2131374527.0,-0.2205052375793457,-1.817521572113037,10.2095308303833,2.713151693344116,2.472479820251465,-27.73562812805176
2131382860.0,-0.4112180173397064,-1.4818812608718872,10.380854606628418,2.3029260635375977,2.15856409072876,-27.89964485168457
2131391193.0,-0.5866839289665222,-1.4473216533660889,10.558423042297363,2.252005100250244,0.4434852600097656,-27.89682960510254
2131399526.0,-0.675946831703186,-1.8150142431259155,10.55238914489746,1.6683584451675415,-1.482155680656433,-28.13344955444336
2131407859.0,-0.8685517907142639,-2.2406179904937744,10.373994827270508,0.381268173456192,-2.137906551361084,-27.861099243164062
2131416192.0,-0.8679795265197754,-2.392313003540039,9.694500923156738,0.0686333924531936,-1.5317834615707395,-27.74133682250977
2131424525.0,-0.6512625217437744,-2.5362038612365723,9.44304084777832,0.6452485918998718,-0.6663675308227539,-27.512739181518555
2131432858.0,-0.6490010023117065,-2.386808395385742,9.949214935302734,1.209120750427246,0.2953323125839233,-27.42895698547364
2131441191.0,-0.8194865584373474,-2.1745049953460693,10.246413230895996,0.7728075385093689,0.9468050003051758,-27.576723098754883
2131449524.0,-0.7657058835029602,-2.237146377563477,9.931839942932127,0.2173369526863098,1.2362719774246216,-27.48433494567871
2131457857.0,-0.9191322326660156,-2.444528579711914,9.861958503723145,-0.0433008968830108,1.221466898918152,-27.398757934570312
2131466190.0,-0.8588039875030518,-2.515448093414306,9.931102752685549,-0.0941964089870452,0.9312830567359924,-27.28303337097168
2131474523.0,-1.0003188848495483,-2.836176872253418,10.02780055999756,-0.1170955672860145,0.6243730187416077,-27.136775970458984
2131482856.0,-0.9339491128921508,-2.616105794906616,9.970134735107422,0.0314286835491657,0.1788899153470993,-27.096660614013672
2131491189.0,-1.2164183855056765,-2.477029323577881,9.938626289367676,0.1980750262737274,0.4539101421833038,-27.152273178100582
2131499522.0,-1.1715008020401,-2.6272759437561035,9.774225234985352,0.3019023835659027,0.9151076078414916,-27.161096572875977
2131507855.0,-0.8810058236122131,-3.011066198348999,9.773273468017578,0.1507782787084579,1.1637709140777588,-27.288143157958984
2131516188.0,-1.3844598531723022,-2.857517957687378,9.870052337646484,0.1019703298807144,1.398332953453064,-27.30405807495117
2131524521.0,-1.3400518894195557,-2.9512393474578857,9.712661743164062,0.4697654247283935,1.5178492069244385,-27.39173889160156
2131532854.0,-1.1013264656066897,-2.9404408931732178,9.498071670532228,1.2065081596374512,1.367340087890625,-27.248504638671875
2131541187.0,-1.2444742918014526,-2.849759340286255,9.932903289794922,1.5537605285644531,0.852032482624054,-27.23644256591797
2131549520.0,-1.3680837154388428,-2.810238838195801,9.783232688903809,1.3213112354278564,0.5961204767227173,-27.47168159484864
2131557853.0,-1.4945796728134155,-2.773343563079834,9.110668182373049,1.4332839250564575,0.4982356131076813,-27.69615364074707
2131566186.0,-1.61763596534729,-2.837600946426392,9.192419052124023,1.9998708963394165,0.8843960762023926,-27.74471664428711
2131574519.0,-1.596909999847412,-2.8388919830322266,9.385931015014648,2.188008069992065,0.8224096894264221,-27.867618560791016
2131582852.0,-1.447272539138794,-2.9703850746154785,9.492770195007324,2.056785821914673,0.3211386501789093,-28.144834518432617
2131591185.0,-1.618932843208313,-2.8396127223968506,9.244684219360352,2.2219724655151367,-0.3505823016166687,-28.09960556030273
2131599518.0,-1.734284520149231,-2.640585422515869,9.198653221130373,2.432457208633423,-0.7604231238365173,-28.02267074584961
2131607851.0,-1.5078223943710327,-2.906707286834717,9.449097633361816,2.562091112136841,-1.0344698429107666,-28.36436462402344
2131616184.0,-1.7086342573165894,-2.820173740386963,9.562728881835938,2.2827677726745605,-1.2868983745574951,-28.36405563354492
2131624517.0,-1.366078495979309,-2.404119968414306,9.863429069519045,2.331691026687622,-1.4344110488891602,-28.538774490356445
2131632850.0,-1.0292115211486816,-2.4384803771972656,10.032529830932615,2.740442991256714,-2.2055022716522217,-28.74957847595215
2131641183.0,-1.019398212432861,-2.7524452209472656,9.949209213256836,2.589075803756714,-2.805503368377685,-28.9097843170166
2131649516.0,-0.9386249780654908,-2.917510747909546,9.548964500427246,2.3201260566711426,-2.307485580444336,-28.93265724182129
2131657849.0,-1.0770387649536133,-2.897045373916626,9.126930236816406,2.6397409439086914,-1.0295648574829102,-29.08365249633789
2131666182.0,-0.8193944692611694,-2.997957229614258,9.321046829223633,3.416480541229248,-0.433072954416275,-29.1321029663086
2131674515.0,-0.7710577845573425,-3.211988925933838,9.882967948913574,3.5837414264678955,-0.3813578188419342,-29.3586368560791
2131682848.0,-1.11876118183136,-3.280627965927124,10.00464153289795,3.365354537963867,-0.4336364567279815,-29.412782669067383
2131691181.0,-1.2010849714279177,-3.086133480072021,9.504230499267578,3.7962124347686768,-0.0404577143490314,-29.39728736877441
2131699514.0,-0.9778919219970704,-2.7718722820281982,9.648000717163086,4.921278953552246,-0.0697219967842102,-29.44025421142578
2131707847.0,-1.0689942836761477,-2.865283489227295,10.418192863464355,5.032675743103027,-0.5862334370613098,-29.6247787475586
2131716180.0,-0.869111955165863,-2.8108553886413574,10.365656852722168,4.107245922088623,-0.8482032418251038,-29.738496780395508
2131724513.0,-0.4447471797466278,-2.8901116847991943,10.237305641174316,3.730127334594727,-0.9626606106758118,-29.58113670349121
2131732846.0,-0.8770957589149475,-3.238381862640381,10.153572082519531,4.116018295288086,-0.5671507716178894,-29.46735572814941
2131741179.0,-0.6063544154167175,-3.786329507827759,10.602813720703123,4.358752727508545,0.6533172726631165,-29.346086502075195
2131749512.0,-0.2266998589038849,-4.314796447753906,10.468196868896484,4.698602199554443,1.039195895195007,-28.902881622314453
2131757845.0,-0.5542395114898682,-3.834408760070801,10.244491577148438,5.9351806640625,1.4679272174835205,-28.79524803161621
2131766178.0,-0.0173408389091491,-4.060117721557617,10.66294765472412,6.638202667236328,1.4137914180755615,-28.64554786682129
2131774511.0,-0.4552238881587982,-4.063887119293213,10.065211296081545,7.062964916229248,1.4856398105621338,-28.73653221130371
2131782844.0,-0.694236159324646,-3.804122686386109,9.86585807800293,7.445076942443848,2.872753858566284,-28.75755882263184
2131791177.0,-0.7905523180961609,-3.5074381828308105,9.588529586791992,7.726694107055664,4.402782917022705,-28.30363845825196
2131799510.0,-0.8734492063522339,-2.8664772510528564,9.621332168579102,8.486438751220703,4.743427276611328,-28.530941009521484
2131807843.0,-0.9747224450111388,-2.634946823120117,9.822223663330078,8.749943733215332,4.425130844116211,-28.392555236816406
2131816176.0,-1.1745212078094482,-2.6058237552642822,10.046018600463867,8.123970985412598,3.982888698577881,-28.331785202026367
2131824509.0,-0.8927173018455505,-2.5178675651550293,9.912644386291504,7.448573112487793,2.8211536407470703,-28.639217376708984
2131832842.0,-0.8839655518531799,-2.6646218299865723,9.785150527954102,7.332809925079346,2.0617809295654297,-28.309539794921875
2131841175.0,-0.8873274326324463,-2.31144118309021,9.247633934020996,7.609226226806641,2.0508053302764893,-28.427223205566406
2131849508.0,-0.8776091933250427,-2.3002638816833496,9.279144287109377,7.948115348815918,2.938582420349121,-28.540756225585938
2131857841.0,-0.8833186626434326,-1.989227056503296,9.590700149536133,7.31751823425293,3.831854104995728,-28.589529037475582
2131866174.0,-0.9371070265769958,-1.8479362726211548,9.633262634277344,6.622809410095215,4.365834712982178,-28.744857788085938
2131874507.0,-0.838254451751709,-2.186016798019409,9.67318344116211,6.208754539489746,4.392652988433838,-28.63056373596192
2131882840.0,-0.8354458808898926,-2.3717904090881348,9.85517692565918,6.03767728805542,3.748070240020752,-28.71583747863769
2131891173.0,-1.0560734272003174,-2.1498377323150635,9.665478706359863,6.05918025970459,3.609971046447754,-28.85736846923828
2131899506.0,-1.0869680643081665,-2.0227346420288086,9.495646476745604,6.286814212799072,3.7930619716644287,-28.904342651367188
2131907839.0,-1.0224323272705078,-2.2653956413269043,9.54089641571045,6.431957721710205,4.264018535614014,-29.03288650512696
2131916172.0,-0.9465174674987792,-2.2977957725524902,9.675766944885254,6.035295009613037,4.263710021972656,-28.98952293395996
2131924505.0,-1.1263110637664795,-2.105132341384888,9.57768726348877,5.886667728424072,4.272534370422363,-29.01681327819824
2131932838.0,-1.2458217144012451,-2.033530235290528,9.457231521606444,6.129337787628174,4.541971206665039,-29.07985115051269
2131941171.0,-1.3348435163497925,-1.9936330318450928,9.479846954345703,6.429011821746826,4.532378196716309,-29.27458381652832
2131949504.0,-1.126160740852356,-2.1418259143829346,9.820842742919922,6.012241840362549,4.409788608551025,-29.2713565826416
2131957837.0,-1.250653862953186,-2.446403980255127,9.598288536071776,5.583727836608887,3.859196901321411,-29.19892883300781
2131966170.0,-1.4815703630447388,-2.315657615661621,9.232179641723633,5.764872074127197,3.697007656097412,-29.34428977966309
2131974503.0,-1.3709925413131714,-2.178952217102051,9.561226844787598,6.355255126953125,3.805253744125366,-29.15300369262696
2131982836.0,-1.2978174686431885,-2.2687346935272217,9.891135215759276,6.149302959442139,3.5136990547180176,-29.24192237854004
2131991169.0,-1.455129861831665,-2.410429716110229,9.549985885620115,5.9548659324646,3.0014142990112305,-29.29697036743164
2131999502.0,-1.504401922225952,-2.239375829696656,9.296603202819824,6.020053863525391,3.1792540550231934,-29.324684143066406
2132007835.0,-1.5336352586746216,-2.237411499023437,9.609493255615234,6.385594844818115,3.1644232273101807,-29.276630401611328
2132016168.0,-1.3554139137268066,-2.416184902191162,9.848817825317385,6.141388893127441,2.694658041000366,-29.20498847961425
2132024501.0,-1.3799961805343628,-2.161983728408813,9.786829948425291,6.105886936187744,2.1429266929626465,-29.02243423461914
2132032834.0,-1.5213565826416016,-2.2395031452178955,9.646733283996582,5.949538230895996,1.738734245300293,-29.0384464263916
2132041167.0,-1.379794359207153,-2.1770832538604736,9.636069297790527,6.06129264831543,1.8499253988265991,-29.046104431152344
2132049500.0,-1.3266258239746094,-2.050999164581299,9.858806610107422,5.842342853546143,1.8516416549682613,-28.99836158752441
2132057833.0,-1.411495566368103,-2.066898822784424,10.0292329788208,5.522215843200684,1.9820438623428345,-28.91498374938965
2132066166.0,-1.190561056137085,-1.85505485534668,9.855618476867676,5.265432357788086,1.6104834079742432,-28.801921844482425
2132074499.0,-1.2984206676483154,-1.849066376686096,9.96735668182373,5.34434986114502,1.3573377132415771,-28.760400772094727
2132082832.0,-1.2180604934692385,-1.694148063659668,9.98682975769043,4.834344863891602,1.3023438453674316,-28.785785675048828
2132091165.0,-1.1637232303619385,-1.8129719495773315,10.036952018737791,4.289401054382324,1.3368463516235352,-28.7238998413086
2132099498.0,-1.1182599067687988,-1.685031533241272,9.922833442687988,3.9810051918029785,1.1564964056015017,-28.86688041687012
2132107831.0,-1.2480616569519043,-1.91400957107544,9.959189414978027,3.8701729774475098,1.437766432762146,-28.80535316467285
2132116164.0,-1.0740864276885986,-1.9046441316604608,10.032913208007812,3.6130313873291016,1.6450369358062744,-28.828893661499023
2132124497.0,-0.9684149026870728,-2.1451971530914307,9.95148754119873,3.4150590896606445,1.4397387504577637,-28.85322570800781
2132132830.0,-1.172595500946045,-2.0641908645629883,9.944334030151367,3.4793763160705566,1.4812849760055542,-28.97013092041016
2132141163.0,-1.0219285488128662,-2.482635498046875,9.88096809387207,3.411562204360962,1.3232578039169312,-28.93207740783692
2132149496.0,-0.936513900756836,-2.914000988006592,9.605631828308104,3.490992784500122,1.367622137069702,-29.136791229248047
2132157829.0,-0.924814760684967,-2.8470425605773926,9.590641975402832,3.884042501449585,1.2534079551696775,-29.12697982788086
2132166162.0,-1.053558588027954,-2.915216445922852,9.657007217407228,4.27567195892334,1.900436758995056,-29.16782188415528
2132174495.0,-0.9814590215682985,-2.963979959487915,9.753484725952148,4.809243202209473,2.1773781776428223,-29.35624313354492
2132182828.0,-1.1373838186264038,-2.8619384765625,9.858912467956545,4.924404621124268,2.532033443450928,-29.169771194458008
2132191161.0,-1.040311574935913,-2.5456788539886475,9.976664543151855,5.164896488189697,2.583491802215576,-29.314592361450195
2132199494.0,-0.9709795713424684,-2.69301176071167,10.14123821258545,5.244351863861084,2.047206401824951,-29.237260818481445
2132207827.0,-1.1523674726486206,-2.6709253787994385,9.973851203918455,5.044945240020752,1.902613878250122,-29.452957153320312
2132216160.0,-1.2119981050491333,-2.378004550933838,9.949790000915527,5.064155578613281,2.320868968963623,-29.322452545166016
2132224493.0,-1.19170081615448,-2.307711362838745,10.04634952545166,5.227574348449707,2.522581100463867,-29.325092315673828
2132232826.0,-1.1734601259231567,-2.432037830352783,10.05014705657959,5.055651664733887,2.4166407585144043,-29.31556510925293
2132241159.0,-1.3068442344665527,-2.2175512313842773,10.029769897460938,4.68465518951416,2.4863884449005127,-29.185396194458008
2132249492.0,-1.2025059461593628,-2.318845272064209,10.161017417907717,4.325991153717041,2.4937527179718018,-29.142911911010746
2132257825.0,-1.207539200782776,-2.5415802001953125,10.107942581176758,4.193796157836914,2.203824520111084,-29.120576858520508
2132266158.0,-1.2410645484924316,-2.462972402572632,9.994956970214844,4.106797218322754,2.038804769515991,-28.96516227722168
2132274491.0,-1.2621365785598757,-2.57236123085022,10.131321907043455,4.160087585449219,2.2741358280181885,-29.043041229248047
2132282824.0,-0.916583240032196,-2.7829508781433105,10.070708274841309,4.0556840896606445,2.0192227363586426,-28.921066284179688
2132291157.0,-0.9184106588363647,-2.616414785385132,9.808621406555176,4.450066566467285,1.8229405879974363,-28.824525833129883
2132299490.0,-0.9877222180366516,-2.6243083477020264,9.934880256652832,4.42167329788208,1.9579919576644893,-28.77415657043457
2132307823.0,-0.9409247636795044,-2.838364124298096,9.6234769821167,4.32620906829834,2.213494062423706,-28.7827377319336
2132316156.0,-1.0477806329727173,-2.9955508708953857,9.483097076416016,4.623846530914307,2.821755886077881,-28.723567962646484
2132324489.0,-1.0045535564422607,-2.797153949737549,9.54599952697754,4.8926682472229,3.17648720741272,-28.637500762939453
2132332822.0,-1.0070866346359253,-2.6280996799468994,9.612821578979492,5.4439377784729,3.0143492221832275,-28.65266799926757
2132341155.0,-0.9285454154014589,-2.920532703399658,9.730966567993164,5.297732353210449,2.3167195320129395,-28.593679428100582
2132349488.0,-1.0997846126556396,-2.793074369430542,9.434106826782228,5.071685791015625,2.21175217628479,-28.586400985717773
2132357821.0,-1.0619328022003174,-2.9216468334198,9.42185878753662,5.089231491088867,2.572554349899292,-28.57643699645996
2132366154.0,-1.0587841272354126,-2.9284327030181885,9.210088729858398,5.528413772583008,2.7127673625946045,-28.52021598815918
2132374487.0,-1.2958239316940308,-2.8903937339782715,9.417719841003418,6.003660678863525,3.2466962337493896,-28.520856857299805
2132382820.0,-1.3477245569229126,-2.9579944610595703,9.623260498046877,6.120872020721436,3.649889945983887,-28.35759162902832
2132391153.0,-1.1914098262786863,-2.9587182998657227,9.666939735412598,6.099868297576904,3.307248592376709,-28.36297035217285
2132399486.0,-1.3473514318466189,-2.7992606163024902,9.734722137451172,6.259367942810059,2.831105232238769,-28.25372695922852
2132407819.0,-1.3558228015899658,-2.707325935363769,9.526167869567873,6.547297954559326,2.2442312240600586,-28.43028259277344
2132416152.0,-1.2149112224578855,-2.953437328338623,9.580548286437988,6.723140239715576,1.89531409740448,-28.47500801086425
2132424485.0,-1.3169987201690674,-3.042684316635132,9.442901611328123,6.34924840927124,1.9588372707366943,-28.46604347229004
2132432818.0,-1.420382738113403,-2.874847888946533,9.171358108520508,6.660000801086426,2.690226554870605,-28.42890167236328
2132441151.0,-1.4669137001037598,-2.989942073822021,9.271081924438477,7.171465396881104,3.1013097763061523,-28.25826072692871
2132449484.0,-1.6507829427719116,-2.947845935821533,9.498425483703612,7.512340068817139,3.2478489875793457,-28.26778793334961
2132457817.0,-1.751255750656128,-2.993273496627808,9.589459419250488,7.504323959350586,3.1143224239349365,-28.207393646240234
2132466150.0,-1.60588800907135,-3.0202512741088867,9.45235538482666,7.556934833526611,2.4085724353790283,-28.317991256713867
2132474483.0,-1.588231325149536,-3.0345282554626465,9.412142753601074,7.932440280914307,1.397372841835022,-28.125118255615234
2132482816.0,-1.6943377256393433,-2.7606425285339355,9.556062698364258,8.061843872070312,0.7674415707588196,-28.233827590942383
2132491149.0,-1.6555867195129397,-2.774068593978882,9.48625946044922,8.135048866271973,0.9534009099006652,-28.12609100341797
2132499482.0,-1.6341861486434937,-2.8024768829345703,9.253215789794922,8.166913032531738,1.0835213661193848,-28.103063583374023
2132507815.0,-1.6713072061538696,-2.7013094425201416,9.440096855163574,8.200800895690918,1.5723694562911987,-28.072429656982425
2132516148.0,-1.6703225374221802,-2.697153091430664,9.518836975097656,8.293216705322266,1.6648881435394287,-27.966590881347656
2132524481.0,-1.5724689960479736,-2.5465023517608643,9.72976779937744,8.528995513916016,0.8957432508468628,-28.031753540039062
2132532814.0,-1.6940120458602903,-2.129632472991944,9.902109146118164,8.655223846435547,0.4678571224212646,-28.20132064819336
2132541147.0,-1.635644793510437,-2.1404268741607666,9.851354598999023,8.255511283874512,0.0345152057707309,-28.28110694885254
2132549480.0,-1.4412987232208252,-2.2490365505218506,9.58576774597168,7.859875202178955,-0.1227435022592544,-28.266584396362305
2132557813.0,-1.3634510040283203,-2.172842502593994,9.623583793640137,7.542591571807861,0.1086940914392471,-28.234872817993164
2132566146.0,-1.3339170217514038,-2.1808953285217285,9.743819236755373,7.552836894989014,0.1591541767120361,-28.18510627746582
2132574479.0,-1.3649219274520874,-2.061462879180908,9.617807388305664,7.481936931610107,-0.0806593000888824,-28.38134002685547
2132582812.0,-1.1329129934310913,-2.103178739547729,9.749701499938965,7.364007949829102,0.1250872015953064,-28.389123916625977
2132591145.0,-1.1155534982681274,-1.9951765537261963,9.76532745361328,7.039527416229248,-0.1459756344556808,-28.547138214111328
2132599478.0,-1.261284589767456,-1.855953812599182,9.597700119018556,6.709102630615234,-0.0036116098053753,-28.737632751464844
2132607811.0,-1.2208102941513062,-2.0510098934173584,9.688069343566896,6.624192237854004,0.4309213757514953,-28.75983619689941
2132616144.0,-1.039497971534729,-2.1612086296081543,9.679271697998049,6.45267915725708,0.4152967035770416,-28.779022216796875
2132624477.0,-1.0989278554916382,-2.1897826194763184,9.642390251159668,6.429703235626221,0.2609196305274963,-28.962093353271484
2132632810.0,-1.335106372833252,-1.923368453979492,9.618371963500977,6.608567714691162,0.287174254655838,-28.92853546142578
2132641143.0,-1.1566535234451294,-1.973559021949768,9.82129955291748,6.590330123901367,0.6236175298690796,-29.054941177368164
2132649476.0,-0.9162836074829102,-2.281473398208618,9.617005348205566,6.33849048614502,0.0565946958959102,-29.20391273498535
2132657809.0,-0.7852643132209778,-2.4477310180664062,9.654521942138672,6.107295513153076,-0.4085985720157623,-29.241357803344727
2132666142.0,-0.5327391028404236,-2.9808146953582764,9.597505569458008,6.125763893127441,-0.7889958620071411,-29.213621139526367
2132674475.0,-0.3805812001228332,-3.3781962394714355,8.975300788879395,6.593966960906982,-0.7326700091362,-29.34427833557129
2132682808.0,-0.2545090317726135,-3.301810503005981,9.208426475524902,7.82391357421875,0.1704244613647461,-29.15460777282715
2132691141.0,-0.7160977125167847,-3.143079996109009,9.43992042541504,8.376643180847168,1.34424889087677,-29.01101303100586
2132699474.0,-1.3394426107406616,-2.0202269554138184,9.014107704162598,9.360588073730469,3.327407121658325,-29.203554153442383
2132707807.0,-1.4665018320083618,-1.710629940032959,10.118101119995115,9.794955253601074,5.363842964172363,-29.10581016540528
2132716140.0,-1.356110453605652,-1.5118844509124756,10.78360366821289,8.694643020629883,4.436708927154541,-29.2334213256836
2132724473.0,-1.0864559412002563,-1.1489384174346924,10.721070289611816,7.701284408569336,2.067352056503296,-29.00713157653809
2132732806.0,-1.043797254562378,-1.0513540506362915,10.51773738861084,7.063426017761231,-0.1444387882947921,-28.947465896606445
2132741139.0,-0.7046598792076111,-1.1822407245635986,10.403712272644045,6.091005802154541,-1.9176366329193115,-29.022689819335938
2132749472.0,-0.9334110617637634,-1.7020330429077148,9.812127113342283,5.138744831085205,-1.0580480098724363,-28.5472412109375
2132757805.0,-1.275300145149231,-1.120397925376892,9.104829788208008,4.816133499145508,1.337614893913269,-28.468992233276367
2132766138.0,-1.54811692237854,-1.0302023887634275,9.691566467285156,5.347373008728027,4.196140289306641,-28.585176467895508
2132774471.0,-1.4530824422836304,-1.9339061975479128,10.787556648254396,4.472107887268066,5.591553688049316,-28.464689254760746
2132782804.0,-1.3501240015029907,-2.138721942901612,10.94102382659912,3.499457836151123,4.448645114898682,-28.204086303710938
2132791137.0,-1.464890718460083,-1.8389469385147093,10.594300270080566,3.815665483474731,1.6858148574829102,-28.046554565429688
2132799470.0,-1.5081076622009275,-1.807484745979309,10.613707542419434,4.613626003265381,-0.8424526453018188,-27.937461853027344
2132807803.0,-1.782840132713318,-1.8135796785354608,10.169513702392578,4.234151840209961,-1.6692553758621216,-28.065000534057617
2132816136.0,-1.573544979095459,-2.0921242237091064,9.964980125427246,3.554682493209839,-0.7630230188369751,-28.185182571411133
2132824469.0,-1.4593507051467896,-2.06112003326416,10.111689567565918,3.157123565673828,0.5849655270576477,-28.24814224243164
2132832802.0,-1.1642725467681885,-1.8342348337173464,10.24717140197754,3.502377510070801,1.4528532028198242,-28.28709983825684
2132841135.0,-1.0807710886001587,-1.915837049484253,10.56259536743164,3.963331699371338,1.3191723823547363,-28.093685150146484
2132849468.0,-1.3973857164382937,-1.795276403427124,10.52011489868164,3.9951963424682617,0.8545811176300049,-28.11517906188965
2132857801.0,-1.4013155698776243,-2.36672592163086,10.532028198242188,3.3644962310791016,0.3038234412670135,-28.11097526550293
2132866134.0,-1.3960888385772705,-2.373472213745117,9.92522430419922,2.969934463500977,-0.1797352284193039,-28.300857543945312
2132874467.0,-1.4754551649093628,-1.7180664539337158,10.01803207397461,3.990764379501343,-0.2337044477462768,-28.280593872070312
2132882800.0,-1.140324354171753,-1.851674437522888,10.925267219543455,4.290015697479248,-0.4219180345535278,-28.51793670654297
2132891133.0,-0.9054283499717712,-1.6475855112075806,10.713953018188477,3.637057065963745,-1.095547080039978,-28.71575164794922
2132899466.0,-1.0893319845199585,-1.8925551176071167,10.24822235107422,3.0216493606567383,-0.6958112120628357,-28.59933853149414
2132907799.0,-1.135472536087036,-1.7627979516983032,9.737335205078123,2.801725387573242,0.3159902393817901,-28.90499496459961
2132916132.0,-0.9182013869285583,-1.5554044246673584,10.098332405090332,3.396923780441284,1.0459195375442505,-28.993467330932617
2132924465.0,-1.2251888513565063,-2.069032669067383,10.9672212600708,3.1597354412078857,1.1847487688064575,-28.804967880249023
2132932798.0,-1.865348219871521,-2.156719446182251,10.228282928466797,2.577395439147949,1.47933828830719,-28.9320125579834
2132941131.0,-1.3437731266021729,-2.1106109619140625,9.891328811645508,3.4721779823303223,1.8821479082107544,-28.738574981689453
2132949464.0,-1.2368147373199463,-2.637267589569092,10.509568214416504,4.080209255218506,0.2698076963424682,-28.38456153869629
2132957797.0,-1.1957999467849731,-2.902727603912353,10.346158981323242,3.2268710136413574,-1.4844740629196167,-28.666372299194336
2132966130.0,-0.9001918435096741,-2.578817844390869,9.403175354003906,3.5365982055664062,-2.375004529953003,-28.651281356811523
2132974463.0,-1.1787903308868408,-2.808962106704712,9.509390830993652,4.350747585296631,-2.2173495292663574,-28.94536590576172
2132982796.0,-1.2108672857284546,-2.3496696949005127,9.20193576812744,4.339580535888672,-0.863661527633667,-29.03012084960937
2132991129.0,-1.398884892463684,-2.4199748039245605,9.501432418823242,4.42195463180542,1.265869140625,-28.74441337585449
2132999462.0,-1.4669785499572754,-2.6548941135406494,9.935543060302734,3.8676624298095694,1.983606219291687,-28.438634872436523
2133007795.0,-1.8380093574523928,-2.4412875175476074,9.96203327178955,4.08430814743042,1.822671890258789,-28.295528411865234
2133016128.0,-1.456205129623413,-2.753305673599243,10.628094673156738,4.22498083114624,0.0807233154773712,-28.174087524414062
2133024461.0,-0.9733520150184632,-2.5984601974487305,10.133133888244627,4.315784454345703,-3.176039218902588,-28.219711303710938
2133032794.0,-1.1861752271652222,-2.323628664016724,9.81642246246338,4.596875190734863,-4.985353469848633,-28.134183883666992
2133041127.0,-0.8526597619056702,-2.64426851272583,10.037078857421877,3.604501724243164,-4.67713737487793,-28.2132568359375
2133049460.0,-0.887664258480072,-2.9542129039764404,8.909815788269043,3.0792043209075928,-3.185797929763794,-28.225982666015625
2133057793.0,-0.77299964427948,-3.019792318344116,8.988306999206543,3.643871068954468,-0.5294209122657776,-27.929906845092773
2133066126.0,-0.9710956811904908,-2.9713146686553955,9.746878623962402,4.287377834320068,1.3206068277359009,-27.60007667541504
2133074459.0,-1.4463064670562744,-2.5901596546173096,10.052352905273438,4.957856178283691,1.8045626878738403,-27.93487930297852
2133082792.0,-1.099970817565918,-2.7091188430786133,10.56686305999756,5.102576732635498,1.1030137538909912,-27.68721389770508
2133091125.0,-1.4696203470230105,-2.7066922187805176,10.079487800598145,4.504150867462158,-0.993756115436554,-27.86666679382324
2133099458.0,-1.1871087551116943,-2.826888084411621,9.704574584960938,4.402564525604248,-2.2227277755737305,-27.836902618408203
2133107791.0,-0.830030620098114,-3.260624408721924,9.219504356384276,4.300825119018555,-3.4270336627960205,-27.44690322875977
2133116124.0,-0.7356343865394592,-3.158590078353882,8.981742858886719,4.907012462615967,-4.182704925537109,-27.41447639465332
2133124457.0,-0.920561909675598,-3.215884208679199,8.923041343688965,5.469654560089111,-2.6355526447296143,-27.01565933227539
2133132790.0,-1.2497044801712036,-3.297482252120972,8.854866027832031,5.602721214294434,-0.8642506003379822,-27.3593807220459
2133141123.0,-1.4181466102600098,-2.5521240234375,8.760815620422363,6.298250198364258,1.114770770072937,-27.20256996154785
2133149456.0,-1.4034525156021118,-2.8984384536743164,10.106035232543944,6.542661190032959,1.5038256645202637,-27.03827667236328
2133157789.0,-1.1469440460205078,-2.488257646560669,10.140433311462402,5.871618747711182,-0.601525068283081,-27.55238151550293
2133166122.0,-0.6353893876075745,-2.3793604373931885,9.867613792419434,6.198482990264893,-3.373576641082764,-27.28069305419922
2133174455.0,-0.5835202932357788,-3.15272855758667,9.851724624633787,5.760862827301025,-5.488391876220703,-27.4262809753418
2133182788.0,-0.6892448663711548,-2.861180543899536,9.023452758789062,5.696596622467041,-5.408628463745117,-27.497180938720703
2133191121.0,-0.7187623977661133,-2.468376636505127,8.7521390914917,6.742682933807373,-3.005422353744507,-27.17815589904785
2133199454.0,-1.1861945390701294,-1.8202974796295168,9.161437034606934,7.846401691436768,-0.5341084003448486,-27.30069732666016
2133207787.0,-1.0872360467910769,-1.500385046005249,9.846749305725098,7.821913242340088,1.3225021362304688,-27.63170623779297
2133216120.0,-1.1378192901611328,-1.8938560485839844,10.429697036743164,6.792501926422119,1.082163691520691,-27.879165649414062
2133224453.0,-1.0435502529144287,-1.7776299715042114,10.402705192565918,5.487354278564453,-0.7462456822395325,-28.10127067565918
2133232786.0,-0.6041789650917053,-1.5045219659805298,10.048850059509276,5.674875736236572,-3.553516387939453,-27.87137985229492
2133241119.0,-0.8419037461280823,-2.219425678253174,10.202592849731444,5.795032024383545,-5.806469440460205,-28.088565826416016
2133249452.0,-0.5988584160804749,-2.594091892242432,9.564854621887209,4.960750579833984,-5.805188655853272,-27.92437744140625
2133257785.0,-0.6492735147476196,-2.542620897293091,8.625235557556152,5.233235359191895,-4.40370512008667,-28.022506713867188
2133266118.0,-1.0903797149658203,-2.0321547985076904,8.943032264709473,6.293050765991211,-1.7163597345352173,-28.08935737609864
2133274451.0,-0.6900382041931152,-2.149207592010498,9.691488265991213,6.66719913482666,-0.1094241067767143,-28.15337181091309
2133282784.0,-0.7850731611251831,-1.9105106592178345,9.941868782043455,6.979179859161377,-0.6970919370651245,-28.408588409423828
2133291117.0,-0.5515192151069641,-2.435706615447998,10.919224739074709,5.911347389221191,-2.054980516433716,-28.077295303344727
2133299450.0,-0.8703784346580505,-2.119666337966919,9.901068687438965,5.224526405334473,-3.765756130218506,-28.02680778503418
2133307783.0,-0.475893497467041,-2.0539357662200928,9.752827644348145,6.384723663330078,-4.680133819580078,-27.83147621154785
2133316116.0,-0.3994675576686859,-2.507977247238159,10.28034210205078,6.615636825561523,-4.9646315574646,-27.73885536193848
2133324449.0,-0.5325224995613098,-2.079751491546631,9.74455451965332,6.227785587310791,-4.7472686767578125,-28.18625831604004
2133332782.0,-0.4024746417999267,-1.919137954711914,9.662484169006348,6.423042297363281,-3.00485897064209,-27.86646270751953
2133341115.0,-0.6344234943389893,-1.5052165985107422,9.467883110046388,6.682157039642334,-1.6252501010894775,-27.8703842163086
2133349448.0,-0.3909506201744079,-1.5215303897857666,10.44308376312256,6.556185245513916,-0.9390953183174132,-27.777528762817383
2133357781.0,-0.7919509410858154,-1.8001700639724731,10.739697456359863,5.4990339279174805,-1.5573720932006836,-27.76548957824707
2133366114.0,-0.6136226654052734,-1.442958950996399,10.318662643432615,5.218456745147705,-2.457559823989868,-27.83808708190918
2133374447.0,-0.5570355653762817,-1.6716495752334597,10.735675811767578,5.752000331878662,-3.4560797214508057,-27.60163688659668
2133382780.0,-0.529769778251648,-1.528740644454956,10.564390182495115,5.371629238128662,-4.651599407196045,-27.81769561767578
2133391113.0,0.2270680963993072,-1.9353370666503904,10.49474811553955,4.910086631774902,-4.886662483215332,-27.58097267150879
2133399446.0,0.2898111343383789,-1.839634656906128,9.971039772033691,4.499104499816895,-5.024338245391846,-27.5534782409668
2133407779.0,0.2165852487087249,-2.0928955078125,9.928064346313477,4.661627769470215,-3.62024188041687,-27.542112350463867
2133416112.0,-0.0212504006922245,-2.083916425704956,9.803741455078123,4.616955757141113,-1.598124384880066,-27.33140563964844
2133424445.0,-0.3949143290519714,-1.740689396858215,9.678377151489258,5.0314717292785645,0.1866382360458374,-27.26995658874512
2133432778.0,-0.2429136335849762,-1.8730976581573489,10.51213264465332,5.213691234588623,1.1667675971984863,-26.920373916625977
2133441111.0,-0.495010107755661,-1.9749490022659304,10.93470859527588,4.590444564819336,-0.2590625286102295,-27.15053939819336
2133449444.0,-0.346113383769989,-2.01596736907959,10.60719108581543,3.976074695587158,-2.013446807861328,-27.0533504486084
2133457777.0,-0.2282125651836395,-2.111722946166992,9.926187515258787,4.287684917449951,-3.283798217773437,-26.59991455078125
2133466110.0,-0.084188736975193,-2.1113715171813965,9.869891166687012,4.689136505126953,-4.367255210876465,-26.63943290710449
2133474443.0,-0.0859308466315269,-2.183645725250244,10.064291954040527,4.505457401275635,-3.7953405380249023,-26.39566421508789
2133482776.0,-0.3181451857089996,-1.8281813859939573,9.431121826171877,4.202132701873779,-2.5792269706726074,-26.704673767089844
2133491109.0,-0.181135669350624,-1.8045238256454468,9.550801277160645,4.87693977355957,-0.487003743648529,-26.401784896850582
2133499442.0,-0.4249368011951446,-2.6115152835845947,10.016968727111816,4.969279766082764,0.4476986825466156,-26.32368850708008
2133507775.0,-0.1785786896944046,-3.0923800468444824,10.488990783691406,4.490703105926514,0.1267777234315872,-25.898338317871094
2133516108.0,-0.6277406811714172,-2.6556198596954346,9.853968620300291,5.16443395614624,-1.0463932752609253,-25.631282806396484
2133524441.0,-0.8860586881637573,-2.1398158073425293,10.302101135253906,6.547912120819092,-1.817868947982788,-25.93048477172852
2133532774.0,-0.1728594005107879,-1.7241142988204956,10.918882369995115,6.520914077758789,-3.006216764450073,-25.848005294799805
2133541107.0,0.1255521476268768,-1.9270474910736084,10.524191856384276,5.7048444747924805,-4.50754451751709,-25.81381225585937
2133549440.0,0.407552033662796,-1.903406023979187,9.83133316040039,5.111105442047119,-4.366512298583984,-25.479516983032227
2133557773.0,-0.4482324719429016,-1.9595597982406616,9.48985481262207,5.190766334533691,-2.65496826171875,-25.210468292236328
2133566106.0,0.007281101308763,-2.23848557472229,9.58044147491455,5.354978561401367,-0.2831911146640777,-25.05339813232422
2133574439.0,-0.3627794086933136,-2.098717451095581,9.813422203063965,5.87425708770752,0.985725998878479,-24.7149600982666
2133582772.0,-0.1117693856358528,-1.827406883239746,11.196855545043944,5.749566555023193,0.3086389005184173,-24.567012786865234
2133591105.0,0.0070773200131952,-1.614394187927246,10.791537284851074,5.496139049530029,-1.6241227388381958,-24.57013511657715
2133599438.0,-0.2985820770263672,-1.244760513305664,10.091279029846191,5.886961460113525,-2.953630447387696,-24.56183815002441
2133607771.0,0.0325454734265804,-1.8876330852508545,10.794255256652832,5.387918472290039,-2.7979211807250977,-24.125444412231445
2133616104.0,-0.4020674228668213,-2.0333967208862305,9.628365516662598,4.588062286376953,-2.7157251834869385,-24.317039489746094
2133624437.0,0.0926539003849029,-1.5504014492034912,9.56459617614746,5.652770519256592,-1.303125023841858,-23.97542381286621
2133632770.0,0.103874459862709,-1.7180609703063965,10.17154598236084,6.143718242645264,-0.8121253252029419,-23.79194641113281
2133641103.0,0.0646420791745185,-1.2898436784744265,10.183321952819824,6.030016899108887,-1.1546390056610107,-23.864282608032227
2133649436.0,0.1035940498113632,-2.0854108333587646,10.426259994506836,5.284334182739258,-1.049466848373413,-23.33901023864746
2133657769.0,-0.069828875362873,-1.9343571662902832,9.965864181518556,4.683885097503662,-1.0365573167800903,-23.0196533203125
2133666102.0,0.0675347596406936,-1.921728610992432,9.656661033630373,5.804457187652588,-1.2395758628845217,-22.91201972961425
2133674435.0,-0.1344941705465316,-1.907763957977295,10.11264705657959,6.726621150970459,-1.3324275016784668,-22.946266174316406
2133682768.0,0.1588078290224075,-1.969914078712464,10.76049518585205,6.509617805480957,-1.1955450773239136,-22.7673282623291
2133691101.0,0.2980201840400696,-1.3557305335998535,9.939902305603027,6.1590352058410645,-1.5190272331237793,-22.22627639770508
2133699434.0,-0.0067885392345488,-0.7160152792930603,9.916770935058594,6.90630578994751,-1.0966997146606443,-22.05066680908203
2133707767.0,0.2393854260444641,-1.8280032873153689,10.046327590942385,6.177503108978272,-0.8925027251243591,-21.84167861938477
2133716100.0,0.223839059472084,-1.6305017471313477,9.302926063537598,5.822951316833496,-1.101054072380066,-21.9620418548584
2133724433.0,0.2988865971565246,-1.416851043701172,9.774191856384276,6.455441951751709,-0.710615873336792,-21.525978088378903
2133732766.0,0.1808505654335022,-1.374562382698059,10.10647201538086,6.486025810241699,-0.7815674543380737,-21.225988388061523
2133741099.0,0.0374111980199813,-1.1929279565811155,10.051539421081545,6.7252631187438965,-0.7257027626037598,-21.044509887695312
2133749432.0,0.2523077428340912,-1.7888981103897097,10.33002471923828,6.242588996887207,-0.4001969993114471,-20.456716537475582
2133757765.0,-0.1070833429694175,-1.1314103603363037,9.368592262268066,6.275758266448975,-0.2754043340682983,-20.661678314208984
2133766098.0,0.4678465127944946,-1.5624200105667114,9.93428897857666,7.241340160369873,-0.632415771484375,-20.284332275390625
2133774431.0,-0.0971104651689529,-1.8075730800628664,9.743555068969728,6.799774646759033,-1.1469290256500244,-20.155515670776367
2133782764.0,-0.0267299637198448,-1.620136857032776,9.66078281402588,7.167057514190674,-0.5825703144073486,-19.70590782165528
2133791097.0,0.2219587862491607,-1.5069226026535034,9.701726913452148,7.190955638885498,-0.5791892409324646,-19.145057678222656
2133799430.0,0.0833314508199691,-1.3279907703399658,9.674742698669434,7.590640544891357,-1.3160854578018188,-18.97720718383789
2133807763.0,-0.3184840679168701,-1.2455999851226809,9.211838722229004,7.474299907684326,-1.119316816329956,-18.89155387878418
2133816096.0,-0.2690038383007049,-1.4918020963668823,10.028024673461914,7.167800426483154,-0.3687426447868347,-18.62739562988281
2133824429.0,0.1898320913314819,-1.149280667304993,10.29349136352539,6.705821990966797,-0.8857405781745911,-18.4075984954834
2133832762.0,-0.0832308903336525,-0.983222723007202,10.574737548828123,6.994672775268555,-1.4876750707626345,-17.803667068481445
2133841095.0,0.1943655163049698,-0.809851348400116,10.066619873046877,7.110910892486572,-1.995733499526977,-17.75348663330078
2133849428.0,0.0129081970080733,-0.7363696098327637,9.938920021057127,6.850261211395264,-2.045630693435669,-17.47813606262207
2133857761.0,0.5381946563720703,-1.286813497543335,9.982491493225098,5.971869468688965,-2.1198599338531494,-17.1079044342041
2133866094.0,0.2705557644367218,-1.628498077392578,9.282331466674805,5.909295558929443,-2.3051538467407227,-16.809602737426758
2133874427.0,-0.3270241022109985,-1.445265531539917,10.029422760009766,6.93842363357544,-0.4674854874610901,-16.27077865600586
2133882760.0,-0.31000417470932,-0.8347744345664978,10.27345085144043,7.523861408233643,0.8108571171760559,-15.959694862365724
2133891093.0,0.2587671279907226,-0.1077705845236778,10.352506637573242,8.996273040771484,0.062024887651205,-16.113100051879883
2133899426.0,1.284974455833435,0.373784601688385,11.162697792053224,8.574584007263184,-2.622462749481201,-15.721866607666016
2133907759.0,0.822821319103241,0.438829243183136,10.76124668121338,6.562022686004639,-5.413723945617676,-16.001806259155273
2133916092.0,0.3571617007255554,0.7144066095352173,9.161568641662598,5.082390308380127,-4.650495529174805,-16.2540283203125
2133924425.0,0.4978034496307373,0.7080456018447876,8.511918067932129,4.861339092254639,-1.4818605184555054,-15.478812217712402
2133932758.0,0.5999934077262878,0.9710460305213928,9.847689628601074,4.800941467285156,1.2617703676223757,-14.99844455718994
2133941091.0,0.0536941215395927,0.0936198607087135,10.805171012878418,3.6682283878326416,2.609130859375,-14.314032554626465
2133949424.0,-0.6117823123931885,-0.1163722723722457,10.421060562133787,2.800981283187866,2.887864589691162,-14.53787326812744
2133957757.0,0.0122908903285861,0.1731835156679153,11.290970802307127,3.3423640727996826,1.483436107635498,-14.477707862854004
2133966090.0,-0.0185270551592111,-0.2322274446487426,11.610523223876951,3.5681276321411133,-2.17569899559021,-14.60882568359375
2133974423.0,0.2791362404823303,-0.9335584044456482,10.442529678344728,2.7426319122314453,-5.0102219581604,-14.44028377532959
2133982756.0,0.4761836230754852,-1.401117920875549,9.108243942260742,2.8283376693725586,-5.093494415283203,-13.813223838806152
2133991089.0,0.803257167339325,-1.7413527965545654,9.17444133758545,3.356886625289917,-3.809426307678223,-13.415891647338867
2133999422.0,0.7986356019973755,-0.9661004543304444,8.900858879089355,4.393571853637695,-2.161739110946656,-13.448089599609377
2134007755.0,0.7877361178398132,-0.3755970001220703,9.50465488433838,5.831222057342529,-0.1696174889802932,-13.573369026184082
2134016088.0,0.5277634263038635,-0.3470536470413208,10.53662109375,5.45026159286499,1.371373414993286,-13.37818717956543
2134024421.0,-0.2495843023061752,0.0476782508194446,10.434690475463867,3.8824148178100586,2.7838966846466064,-13.000688552856444
2134032754.0,0.2608380317687988,0.0493042506277561,10.481980323791504,3.206531524658203,2.6093101501464844,-12.443117141723633
2134041087.0,0.6197373867034912,-0.3137662708759308,10.828513145446776,3.3630857467651367,-0.4984018504619598,-12.47149658203125
2134049420.0,1.2339705228805542,-0.9240762591362,11.337993621826172,2.831308364868164,-4.45326566696167,-12.589423179626465
2134057753.0,0.4070850610733032,-0.6242762804031372,9.7249116897583,2.258830547332764,-5.662642955780029,-12.65205192565918
2134066086.0,0.6253179907798767,-0.1189947053790092,9.102219581604004,3.071594953536988,-3.002295732498169,-12.678278923034668
2134074419.0,0.8100855946540833,-0.5886914730072021,9.202255249023438,3.1934165954589844,0.5270770192146301,-12.16535472869873
2134082752.0,0.5986273288726807,-1.0106276273727417,9.918119430541992,2.6142280101776123,2.9956750869750977,-12.037771224975586
2134091085.0,0.4137093126773834,-0.9040274620056152,10.0836820602417,1.901383399963379,3.973907947540283,-11.66408348083496
2134099418.0,-0.0268205907195806,-0.4211587905883789,10.207313537597656,2.959635257720948,3.2025606632232666,-11.649072647094728
2134107751.0,0.3081601560115814,-0.4782158136367798,10.895621299743652,3.822733163833618,0.9114697575569152,-11.836007118225098
2134116084.0,0.105076715350151,-0.9057581424713136,10.481851577758787,2.817732572555542,-1.3878049850463867,-11.455506324768066
2134124417.0,0.0868974104523658,-1.040722370147705,9.456218719482422,2.073331594467163,-2.353231430053711,-11.357558250427246
2134132750.0,0.0746685266494751,-0.9350881576538086,9.18520736694336,2.303885698318481,-1.8525240421295168,-11.169114112854004
2134141083.0,0.3361008465290069,-0.8494676351547241,9.68240451812744,2.677930355072021,-0.6824913620948792,-10.955721855163574
2134149416.0,0.4625862836837768,-0.583892285823822,9.831233978271484,3.0701351165771484,-0.2023780792951584,-10.735363006591797
2134157749.0,0.5945653319358826,-0.3950830399990082,10.30397891998291,2.942755460739136,0.0223484225571155,-10.472610473632812
2134166082.0,0.2048997730016708,-0.590400755405426,9.817896842956545,2.5697100162506104,-0.3696134388446808,-10.61000633239746
2134174415.0,0.0739456564188003,-0.8311346769332886,9.421384811401367,2.668375968933105,0.3592268526554107,-10.431269645690918
2134182748.0,0.7620094418525696,-1.2763463258743286,10.366503715515137,2.680286407470703,0.3077678382396698,-9.986913681030272
2134191081.0,0.7820566892623901,-0.8322650194168091,10.489320755004885,2.600088596343994,-1.546049952507019,-9.969727516174316
2134199414.0,0.74871426820755,-0.6811163425445557,10.03831958770752,3.275535821914673,-2.3671650886535645,-9.755847930908203
2134207747.0,0.6422037482261658,-1.0562663078308103,9.637103080749512,3.555371761322021,-1.894992470741272,-9.535848617553713
2134216080.0,0.8556889295578003,-1.3124288320541382,9.461746215820312,3.382295608520508,-0.4793960452079773,-9.448784828186035
2134224413.0,1.0401957035064695,-1.4398480653762815,9.361224174499512,3.3494327068328857,0.7468470335006714,-9.094974517822266
2134232746.0,0.3585309386253357,-0.9226729273796082,9.266339302062988,4.01327657699585,1.425547480583191,-9.06001091003418
2134241079.0,0.3040512502193451,-0.5162739157676697,9.8080415725708,4.6362409591674805,2.1386992931365967,-8.89631175994873
2134249412.0,0.1799513697624206,-0.7015595436096191,10.40084171295166,4.252949237823486,1.947079062461853,-8.800333976745605
2134257745.0,1.125135898590088,-0.9927353858947754,10.587385177612305,3.4588568210601807,0.1524175107479095,-8.672390937805176
2134266078.0,1.062398076057434,-1.1175326108932495,9.91632843017578,3.623505115509033,-2.08804702758789,-8.556974411010742
2134274411.0,0.390720784664154,-0.6146014928817749,9.51202392578125,4.399538993835449,-1.9796985387802124,-8.41811752319336
2134282744.0,0.1208971440792083,-0.6920969486236572,9.481881141662598,4.7329864501953125,0.3659121990203857,-8.316481590270996
2134291077.0,0.8365147709846497,-0.6449528932571411,9.269886016845703,4.715157985687256,2.1500461101531982,-8.320758819580078
2134299410.0,1.127124547958374,-0.7764804363250732,9.85489273071289,4.841103553771973,2.181910753250122,-7.937801837921143
2134307743.0,0.3817183077335357,-0.7627431154251099,10.519423484802246,3.9758801460266113,1.1119012832641602,-7.850020885467529
2134316076.0,0.097206249833107,-0.6589773297309875,9.549859046936035,3.4869301319122314,1.5512109994888306,-7.734833240509033
2134324409.0,0.6403951048851013,-0.3425410687923431,9.667485237121582,4.89369010925293,1.302112698554993,-7.507662296295166
2134332742.0,1.050397515296936,-0.6272335648536682,11.277901649475098,4.815361022949219,-0.1517899632453918,-7.1364336013793945
2134341075.0,0.1988987773656845,-0.6101353168487549,9.840139389038086,3.574735879898072,-0.7486017346382141,-7.258358478546143
2134349408.0,0.675498902797699,-0.4580773115158081,8.730304718017578,4.400051593780518,0.750356137752533,-6.995913028717041
2134357741.0,0.5501884818077087,-0.6510347127914429,9.518959045410156,4.966177463531494,1.720751404762268,-6.635418891906738
2134366074.0,0.2669658660888672,-0.2225272804498672,10.324328422546388,3.986945867538452,2.057143449783325,-6.695254802703857
2134374407.0,0.3815292716026306,-0.3855966925621032,9.516119003295898,3.568152666091919,1.78286612033844,-6.386116027832031
2134382740.0,0.4097969532012939,-0.4773963689804077,9.738497734069824,4.185558795928955,1.3913270235061646,-6.242958545684815
2134391073.0,0.5429131388664246,-0.7067267298698425,10.654800415039062,3.848064661026001,0.5315593481063843,-5.993192672729492
2134399406.0,0.4228370785713196,-0.7163655757904053,10.122003555297852,3.390056610107422,-0.3160028159618377,-5.807950496673584
2134407739.0,0.7992724180221558,-0.1864683181047439,9.55744457244873,4.311605930328369,-0.4958660304546356,-5.656468391418457
2134416072.0,0.684442937374115,-0.2052048146724701,9.997466087341309,5.050500392913818,-0.3573185801506042,-5.517716407775879
2134424405.0,0.3597983717918396,-0.9822297692298888,10.38083267211914,3.83310604095459,0.9753515720367432,-5.431959629058838
2134432738.0,0.5814138054847717,-0.9583250880241394,9.548545837402344,3.2882916927337646,2.2995567321777344,-4.974079608917236
2134441071.0,0.3933730125427246,-0.5049818754196167,9.754802703857422,4.98554277420044,2.473451375961304,-4.874261379241943
2134449404.0,0.5051758885383606,-0.2010719180107116,11.199487686157228,5.542216777801514,1.8891396522521973,-4.621448993682861
2134457737.0,0.1680220067501068,-0.1585086435079574,11.079872131347656,4.957136154174805,0.6365266442298889,-4.909148216247559
2134466070.0,0.921530783176422,-0.5875990986824036,10.581910133361816,4.31398868560791,0.1317212283611297,-4.552623271942139
2134474403.0,1.101646900177002,-0.4314106404781341,9.908763885498049,4.688928604125977,-0.6226052045822144,-4.264923572540283
2134482736.0,0.5049234628677368,-0.1081163138151168,9.638964653015137,5.001935005187988,-0.0666226223111152,-4.035906791687012
2134491069.0,-0.271559864282608,1.329853653907776,8.654427528381348,5.363582134246826,2.469276189804077,-3.8679280281066895
2134499402.0,-0.5807274580001831,2.5642902851104736,9.289149284362791,5.826919078826904,4.6044020652771,-4.553083896636963
2134507735.0,0.0132134910672903,1.9861996173858645,10.970932006835938,3.790074110031128,4.744255542755127,-4.381340026855469
2134516068.0,0.4775810539722442,0.9221773743629456,11.703317642211914,0.2586397528648376,2.180450201034546,-3.8538413047790527
2134524401.0,0.6313896775245667,-0.0806870311498642,10.923565864562988,-1.5768123865127563,-1.963305711746216,-3.4566664695739746
2134532734.0,0.2966763973236084,-0.0294297058135271,10.001582145690918,-0.4946621060371399,-4.015671253204346,-3.402646064758301
2134541067.0,0.3524034917354584,-0.0403654314577579,10.324600219726562,1.7585326433181765,-3.6616833209991455,-3.939802646636963
2134549400.0,1.1022611856460571,-0.4271236956119537,10.88074016571045,2.450552463531494,-1.6321903467178345,-3.923255681991577
2134557733.0,1.5969051122665403,-0.7924821376800537,10.56396770477295,1.7905501127243042,0.3444474041461944,-3.510097980499268
2134566066.0,1.3252943754196167,-0.7078105211257935,9.70329761505127,1.8768192529678345,2.1621103286743164,-3.2084391117095947
2134574399.0,0.8022974133491516,-0.200674369931221,9.25384521484375,2.846599578857422,4.124468326568604,-3.092124938964844
2134582732.0,0.1831504553556442,-0.1768245846033096,9.641117095947266,3.973702907562256,5.555202484130859,-2.903348207473755
2134591065.0,-0.1578670740127563,0.1491503864526748,9.86985206604004,4.16685962677002,4.871250629425049,-3.1858725547790527
2134599398.0,0.38287153840065,-0.0428025498986244,10.352049827575684,3.5342395305633545,3.37840223312378,-3.122400999069214
2134607731.0,0.1097714602947235,-0.112215407192707,9.60665225982666,3.100898027420044,0.5266927480697632,-3.0974271297454834
2134616064.0,-0.001088700722903,-0.3083986639976501,9.968097686767578,2.9222891330718994,-0.7340782284736633,-2.7336275577545166
2134624397.0,0.2087516635656356,-0.2080090790987014,9.587600708007812,2.1489193439483643,-1.050311803817749,-2.473822832107544
2134632730.0,0.3152880370616913,0.3327445387840271,9.625988960266112,2.846112966537476,-1.3768421411514282,-2.877298355102539
2134641063.0,0.4667645692825317,-0.1561268270015716,9.968960762023926,2.8801538944244385,-0.5488361716270447,-2.8015568256378174
2134649396.0,0.1872738450765609,-0.5751388669013977,9.362424850463867,2.4342873096466064,0.8455131649971008,-2.5487189292907715
2134657729.0,0.2801543176174164,-0.2930971682071686,9.743536949157717,2.363898992538452,2.0169029235839844,-2.245496988296509
2134666062.0,-0.1105313599109649,0.0603091791272163,9.9058198928833,2.640378952026367,2.2241475582122803,-1.8544446229934688
2134674395.0,0.2312390804290771,0.0870314985513687,10.34979248046875,2.714045763015747,1.1030385494232178,-2.3396809101104736
2134682728.0,0.8890941143035889,-0.9108358025550842,10.537914276123049,1.8067641258239744,-1.6009407043457031,-2.2055392265319824
2134691061.0,0.3213831484317779,-1.10574471950531,9.706158638000488,0.9628007411956788,-2.607477903366089,-2.227541923522949
2134699394.0,0.7299071550369263,-0.8658044338226318,9.298179626464844,1.381080985069275,-1.7887442111968994,-2.121293783187866
2134707727.0,0.4551287591457367,0.0151333296671509,9.140179634094238,3.273716449737549,-0.7184279561042786,-2.0369718074798584
2134716060.0,0.5278682112693787,0.2084739208221435,10.52124309539795,3.471459150314331,1.0840072631835938,-2.09017300605774
2134724393.0,0.2311272770166397,0.074281208217144,10.148951530456545,1.8926231861114504,2.295407056808472,-2.088175058364868
2134732726.0,0.8235722184181213,-0.2610903680324554,10.237798690795898,1.080549240112305,1.8851691484451287,-2.024651527404785
2134741059.0,0.6792049407958984,-0.6733065247535706,10.05823040008545,0.9475857615470886,0.636987566947937,-1.6403354406356812
2134749392.0,0.3306352198123932,-0.5501495003700256,9.990201950073242,1.7535120248794556,-0.5869501829147339,-1.7903581857681274
2134757725.0,0.6248078942298889,-0.8494404554367065,9.61613941192627,2.533619165420532,-0.97267484664917,-1.951087474822998
2134766058.0,0.8408361077308655,-0.5380154252052307,9.117780685424805,3.2668778896331787,-0.930308997631073,-2.237403392791748
2134774391.0,1.0243916511535645,-0.9824817776679992,9.52834415435791,3.199307441711426,-0.3595469892024994,-2.142553806304932
2134782724.0,0.2015607506036758,-0.4959670007228851,9.2404203414917,2.7101268768310547,1.307491421699524,-2.07234525680542
2134791057.0,0.1899806708097458,0.4280272424221039,8.950935363769531,3.635697364807129,3.272512912750244,-2.0344104766845703
2134799390.0,0.2517817914485931,0.1485751420259475,10.207684516906738,4.19992733001709,3.506934881210327,-2.137712955474853
2134807723.0,0.3693850934505462,0.1772413253784179,10.46651554107666,3.2061214447021484,1.8921619653701784,-2.1832549571990967
2134816056.0,0.3167878091335296,-0.672174334526062,10.152047157287598,1.9602446556091309,-0.0533032268285751,-1.6638239622116089
2134824389.0,0.13957479596138,-0.4931403696537018,9.277117729187012,1.7531534433364868,-1.077770113945007,-1.5427197217941284
2134832722.0,0.4072730541229248,-0.2923717796802521,9.478659629821776,2.973928213119507,-1.120136260986328,-1.6316012144088743
2134841055.0,0.713180661201477,-0.5359058380126953,9.915420532226562,3.2857298851013184,-1.239216446876526,-1.6693819761276243
2134849388.0,0.7069172263145447,-0.5271804928779602,9.519427299499512,2.8173482418060303,-0.5367718935012817,-1.527351140975952
2134857721.0,0.6834176182746887,-0.1877447068691253,9.484603881835938,2.832101821899414,1.2440193891525269,-1.1402431726455688
2134866054.0,0.3205245733261108,-0.2233254015445709,9.807456016540527,2.544377326965332,2.333674430847168,-0.8339994549751282
2134874387.0,0.6649444699287415,0.1950141191482544,9.632906913757324,3.076666116714477,1.9444146156311035,-1.14636492729187
2134882720.0,0.9294254779815674,-0.2220945954322815,10.297922134399414,3.2674670219421387,0.6086326241493225,-0.949570894241333
2134891053.0,0.7016506195068359,-0.8024157285690308,10.198224067687988,2.1790671348571777,-0.6665592193603516,-0.7272394299507141
2134899386.0,0.7005056738853455,-0.4151114225387573,8.843377113342285,2.161931037902832,-0.3672824800014496,-0.5770886540412903
2134907719.0,0.8434550762176514,-0.042453683912754,8.90027904510498,3.657392501831055,0.3361996412277221,-0.3082929253578186
2134916052.0,0.3548268675804138,-0.3660360872745514,9.779743194580078,3.785412549972534,1.2909958362579346,-0.5035246014595032
2134924385.0,0.5533321499824524,-0.3099817633628845,9.593050003051758,2.7598698139190674,2.5618717670440674,-0.4682025909423828
2134932718.0,0.5715367197990417,-0.1337508857250213,9.757807731628418,2.819832801818848,3.2494349479675293,-0.197152778506279
2134941051.0,0.2564275562763214,0.068973995745182,10.108407020568848,3.180224895477295,2.3485047817230225,-0.2454868257045745
2134949384.0,0.3040204346179962,-0.0205404888838529,9.82382106781006,3.511980533599853,1.272732853889465,-0.1154945790767669
2134957717.0,0.4170732200145721,-0.380940169095993,10.607330322265623,3.31093430519104,0.5929054021835327,-0.0993832275271415
2134966050.0,0.8409680128097534,0.0385889746248722,10.225128173828123,2.5049057006835938,0.1601786166429519,0.0921728312969207
2134974383.0,0.4459347724914551,-0.385587215423584,9.15475845336914,3.057251214981079,0.0743197128176689,0.2113558650016784
2134982716.0,0.7188421487808228,-0.3701935410499573,9.368647575378418,3.8066468238830566,1.209337592124939,0.2775942981243133
2134991049.0,-0.0006244987016543,-0.527500569820404,9.564029693603516,3.841943025588989,2.346122980117798,0.352772057056427
2134999382.0,0.1565559059381485,-0.1949908435344696,9.93829345703125,3.5094189643859863,3.759542465209961,0.4305624663829803
2135007715.0,0.6086122989654541,0.3744177520275116,10.003167152404783,4.535064697265625,3.2494091987609863,0.2535937428474426
2135016048.0,0.5492393374443054,0.3468535244464874,11.089320182800291,4.5144453048706055,1.169917345046997,0.1812591403722763
2135024381.0,0.2360940128564834,0.5744932889938354,10.687321662902832,3.2375242710113525,0.4141950309276581,0.2295163720846176
2135032714.0,0.4053140580654144,0.403550773859024,10.062655448913574,2.794039487838745,0.5843759775161743,0.2671692967414856
2135041047.0,0.970343828201294,0.2517640292644501,10.240025520324709,2.917089939117432,1.0351866483688354,0.5971062183380127
2135049380.0,0.2414992451667785,0.1062393113970756,9.82417106628418,2.8042845726013184,1.427647829055786,0.3964187204837799
2135057713.0,0.3111387491226196,0.0578692145645618,9.852209091186523,2.877720832824707,3.077768325805664,0.4897314012050628
2135066046.0,0.4416056275367737,-0.0811439082026481,10.153465270996094,2.611640214920044,3.53826117515564,0.6191344857215881
2135074379.0,0.5714384317398071,0.2757864594459533,10.58935260772705,2.3477113246917725,2.592736959457397,0.4263105690479278
2135082712.0,0.5103194117546082,-0.0659625008702278,10.51686954498291,2.412515163421631,1.6325360536575315,0.4850439727306366
2135091045.0,-0.0473259575664997,0.1768780052661895,10.04436492919922,2.63423228263855,1.796697735786438,0.1809517592191696
2135099378.0,0.0583955012261867,0.0688557177782058,10.141629219055176,2.7150447368621826,2.7127394676208496,0.3541808128356933
2135107711.0,0.2709344625473022,-0.0749626830220222,9.947185516357422,2.663534164428711,3.0718250274658203,0.3907579183578491
2135116044.0,0.6009938716888428,-0.0771718844771385,10.362357139587402,2.512974262237549,1.6291550397872925,0.3360972106456756
2135124377.0,-0.0909178256988525,-0.1107984483242034,9.90392780303955,2.265848159790039,1.3127679824829102,0.3818954527378082
2135132710.0,-0.0494687631726264,-0.2660933136940002,9.64587116241455,2.451218366622925,2.241130352020264,0.3592268228530884
2135141043.0,0.6016555428504944,-0.4665203690528869,10.171984672546388,2.688150405883789,2.257267713546753,0.5454167723655701
2135149376.0,0.3521338999271393,0.0213518869131803,10.1848726272583,2.849084615707397,1.2364119291305542,0.3076141774654388
2135157709.0,0.3480022847652435,-0.1313164234161377,10.020780563354492,2.901388168334961,0.9693066477775574,0.2155053615570068
2135166042.0,0.5495103597640991,0.210403025150299,9.587905883789062,3.151741981506348,1.554822564125061,0.273009330034256
2135174375.0,0.371580958366394,-0.3478952646255493,10.694729804992676,2.625574350357056,2.4221973419189453,0.4551777243614197
2135182708.0,0.2506566047668457,-0.193622201681137,10.153879165649414,1.760812282562256,2.6450412273406982,0.3934730589389801
2135191041.0,0.2230178862810135,0.219632551074028,9.613475799560549,2.8657076358795166,2.995879411697388,0.3609173595905304
2135199374.0,-0.0062766559422016,0.0641228184103965,10.274481773376465,3.561749219894409,2.981279134750366,0.4176017045974731
2135207707.0,-0.0340367741882801,-0.3737444877624511,10.642779350280762,2.4047796726226807,2.6430435180664062,0.4112237691879272
2135216040.0,0.2871423661708832,-0.4648501276969909,9.887760162353516,1.3475008010864258,1.6620692014694214,0.5687000751495361
2135224373.0,0.6169502139091492,-0.339720755815506,9.65557861328125,1.999844431877136,0.7269192337989807,0.7157257795333862
2135232706.0,0.1315525770187378,-0.6376556754112244,9.758235931396484,2.371506690979004,-0.0962070673704147,0.4152964055538177
2135241039.0,0.1247122511267662,-1.275261163711548,9.621246337890623,2.06984806060791,1.105292558670044,0.4073559939861297
2135249372.0,0.076583132147789,-1.3002591133117676,8.990492820739746,2.38687515258789,2.613945484161377,0.8134952783584595
2135257705.0,0.0945780053734779,-0.6873289942741394,10.064980506896973,3.669457197189331,3.643688678741455,0.8549391031265259
2135266038.0,0.0125842941924929,-0.250186026096344,10.466877937316896,3.967530250549317,2.740582227706909,0.69631028175354
2135274371.0,0.4450454711914062,-0.5444329380989075,10.461244583129885,4.064838409423828,0.92097270488739,0.562527060508728
2135282704.0,0.5312254428863525,-0.8911982178688049,10.214373588562012,3.598376750946045,-0.4949437975883484,0.5558416843414307
2135291037.0,0.4259400367736816,-1.232003688812256,9.587912559509276,3.182402372360229,-0.6359246373176575,0.9022998809814452
2135299370.0,0.0669576004147529,-0.8102200031280518,8.366846084594727,4.294905185699463,0.8078345656394958,0.8010724186897278
2135307703.0,0.1838961541652679,-0.6234211921691895,8.83454704284668,6.104730129241943,2.482287883758545,0.6276895403862
2135316036.0,1.0656176805496216,-0.4485020339488983,10.172897338867188,6.114156246185303,2.478804588317871,0.7165709733963013
2135324369.0,-0.0815207958221435,-0.2186395674943924,10.282864570617676,4.631271839141846,1.670112133026123,0.6444157361984253
2135332702.0,-0.28962242603302,0.1548689156770706,9.74343204498291,3.824730634689331,2.483210563659668,0.7436708807945251
2135341035.0,-0.0847280919551849,0.4396407306194305,9.489157676696776,4.80337381362915,3.1070709228515625,0.6769202351570129
2135349368.0,0.0676105767488479,0.2062343508005142,10.859217643737791,5.285356521606445,1.671290397644043,0.1673250049352646
2135357701.0,0.6694908142089844,-0.5151160359382629,10.582422256469728,3.9489593505859375,-0.3170530200004577,0.5663434863090515
2135366034.0,-0.0098164901137351,-0.1250571459531784,9.566723823547363,3.783644914627075,-1.0132734775543213,0.560938835144043
2135374367.0,-0.4576961100101471,0.6953420042991638,9.29134750366211,4.467801570892334,0.193733274936676,0.3195760548114776
2135382700.0,0.1128040999174118,0.761773943901062,9.564873695373535,4.943483352661133,2.210982322692871,0.1332580596208572
2135391033.0,0.3221475183963775,0.4072190225124359,10.576189994812012,4.536575794219971,1.9077867269515991,-0.1396744400262832
2135399366.0,0.1078615263104438,0.1961078643798828,10.739994049072266,2.6118195056915283,1.3463482856750488,0.0936328396201133
2135407699.0,-0.1834930330514907,0.0753600224852562,9.354063034057615,2.247687339782715,1.3166100978851318,0.2135587036609649
2135416032.0,0.3199402391910553,0.0461975969374179,9.466629028320312,3.691920518875122,0.0751649662852287,0.169681504368782
2135424365.0,-0.1709785759449005,-0.1908466964960098,9.53974723815918,4.150825500488281,-0.7688624858856201,0.1365879029035568
2135432698.0,-0.5759020447731018,-0.2568781971931457,9.37636947631836,3.421204090118408,0.0390489064157009,0.056927639991045
2135441031.0,0.2141228318214416,0.4017536342144012,9.270536422729492,3.246002435684204,0.7542495727539062,0.1027515083551406
2135449364.0,0.0733759999275207,0.3470795154571533,10.079363822937012,3.590001583099365,-0.1543001532554626,0.1716794371604919
2135457697.0,0.3767227828502655,0.0905494391918182,10.653534889221191,2.535386800765991,-1.4832435846328735,0.1397897005081176
2135466030.0,0.1594572216272354,-0.2636819183826446,9.253466606140137,2.103376865386963,-1.9320048093795776,0.3688065409660339
2135474363.0,-0.1391887068748474,-0.281006395816803,9.513849258422852,3.168750286102295,-1.2674437761306765,0.5003101229667664
2135482696.0,0.5059307217597961,-0.0480941012501716,9.844342231750488,3.163780689239502,-0.719606339931488,0.4491072595119476
2135491029.0,0.4362851679325104,-0.0232795011252164,9.8028564453125,3.583162546157837,-1.0959306955337524,0.056005522608757
2135499362.0,0.5967827439308167,0.495816171169281,10.390193939208984,3.344156265258789,-0.8174527287483215,0.3153752982616424
2135507695.0,-0.070006676018238,0.1275170147418975,10.374327659606934,2.380804538726806,-0.0610643252730369,0.567880392074585
2135516028.0,0.1968385279178619,0.3218279778957367,9.72195053100586,2.233804702758789,0.237098142504692,0.5184705257415771
2135524361.0,0.3087700605392456,-0.2522364258766174,9.866621971130373,2.833561897277832,-0.0281756576150655,0.6676222085952759
2135532694.0,0.4236533045768738,-0.780680775642395,9.966938972473145,2.421736478805542,-1.2502564191818235,0.3380951285362243
2135541027.0,0.6336321830749512,-0.5285136699676514,9.41434383392334,2.430649995803833,-2.323851585388184,0.3394526541233063
2135549360.0,1.1272125244140625,-0.5090250968933105,9.70693302154541,3.009890556335449,-2.700432062149048,0.4177553355693817
2135557693.0,0.791549801826477,-0.4718020260334015,9.572824478149414,3.2752022743225098,-2.550485849380493,0.3439863622188568
2135566026.0,0.3580828309059143,-0.9144731163978576,9.41891098022461,2.909021615982056,-0.18754743039608,0.3222655057907104
2135574359.0,0.1525385677814483,-0.3688791990280151,9.06271743774414,3.4236629009246826,2.957458019256592,0.4020282328128814
2135582692.0,0.5872359871864319,-0.0278997626155614,10.404088020324709,4.521693706512451,3.402428150177002,0.1717050224542617
2135591025.0,0.5859513878822327,0.0285960435867309,11.21970558166504,4.28745174407959,1.365354061126709,0.0762407705187797
2135599358.0,0.162801057100296,0.0824533626437187,10.457863807678224,3.32258939743042,-0.6227333545684814,0.0308011192828416
2135607691.0,0.3749843835830688,0.0860682725906372,9.699103355407717,2.776442527770996,-1.053795337677002,0.1806444078683853
2135616024.0,0.3521739542484283,0.6300819516181946,10.005108833312988,2.796959400177002,-0.916477382183075,0.288172960281372
2135624357.0,0.5651512145996094,0.7303378582000732,10.701848030090332,1.946617841720581,-0.7918383479118347,0.1189397051930427
2135632690.0,0.2207939624786377,0.9433526992797852,9.69321060180664,1.6596616506576538,0.2136355340480804,-0.1211040988564491
2135641023.0,0.6907005906105042,0.4925274550914764,10.48849868774414,1.4946290254592896,1.711837887763977,0.0393050462007522
2135649356.0,0.4827814400196075,-0.2036645710468292,10.64060401916504,0.1507013589143753,1.898053407669068,0.1791331470012664
2135657689.0,0.2933094799518585,-0.5768123865127563,9.712359428405762,0.0992679670453071,1.391890287399292,-0.0535337477922439
2135666022.0,0.3526673913002014,-0.4646207988262176,9.31524658203125,1.6382479667663574,1.1123621463775637,0.0141774788498878
2135674355.0,0.1126724854111671,-0.7706630825996399,10.243043899536133,2.618197441101074,0.7996124029159546,-0.1095008477568626
2135682688.0,0.5669577717781067,-0.3382833003997803,9.99157428741455,2.083679437637329,0.3606099784374237,-0.2211533039808273
2135691021.0,0.8697027564048767,-0.7833375334739685,9.072582244873049,2.342306613922119,-0.4788837730884552,0.0179427713155746
2135699354.0,0.464506059885025,-0.8032262325286865,9.287437438964844,2.967780828475952,-0.2948710918426513,-0.077457457780838
2135707687.0,-0.2051103264093399,-1.0411243438720703,9.349828720092772,2.873955488204956,1.5818965435028076,-0.1583984196186065
2135716020.0,-0.0782769694924354,-0.1875260919332504,9.33803367614746,3.68925666809082,3.539489984512329,-0.1725886911153793
2135724353.0,0.5909132361412048,0.8854660391807556,10.45006275177002,5.211894989013672,3.224128007888794,-0.2727403938770294
2135732686.0,0.979156732559204,0.4682997763156891,11.43386936187744,4.488036632537842,0.736857533454895,-0.2789390385150909
2135741019.0,0.4208491146564483,0.0899134054780006,10.672369956970217,2.31151819229126,-0.7436835765838623,-0.1639054715633392
2135749352.0,0.053031176328659,-0.1747367978096008,9.313631057739258,1.3486021757125854,-0.0251275654882192,0.3905786275863647
2135757685.0,0.2276004552841186,-0.1474856734275818,9.13075351715088,2.676854133605957,1.4975489377975464,0.3099450469017029
2135766018.0,0.7856420874595642,-0.4110535979270935,10.035211563110352,3.5503244400024414,1.8714910745620728,0.2881473004817962
2135774351.0,-0.0002896493533626,-0.2904328107833862,9.997130393981934,3.431013822555542,1.8010519742965698,0.3660658299922943
2135782684.0,-0.2619630098342895,0.0415139719843864,10.188888549804688,2.7664268016815186,2.9806129932403564,0.5069441199302673
2135791017.0,-0.8006951212882996,0.7152974605560303,9.772385597229004,2.525320291519165,3.8034451007843018,0.3382743895053863
2135799350.0,-0.1055217385292053,0.7872309684753418,10.527753829956056,2.7952427864074707,2.797880887985229,0.2412988990545272
2135807683.0,-0.124617762863636,0.1088638305664062,11.24894905090332,1.5495203733444214,0.6060711741447449,0.4356853067874908
2135816016.0,-0.3484779298305511,0.4884539246559143,10.429547309875488,0.5665996670722961,-1.535598874092102,0.3994411528110504
2135824349.0,-0.2163744121789932,0.3127592206001282,9.62523078918457,0.8987138271331787,-1.351791262626648,0.5963377952575684
2135832682.0,0.3715638220310211,-0.3946181237697601,9.461302757263184,0.9644142985343932,-1.840229034423828,0.4114030301570892
2135841015.0,0.2294509708881378,-1.0811513662338257,9.231974601745604,1.0572402477264404,-1.512802243232727,0.3221118152141571
2135849348.0,0.0792537480592727,-1.2698798179626465,9.357943534851074,0.7462834715843201,0.1794917434453964,0.5347611308097839
2135857681.0,-0.0449888668954372,-0.5679128170013428,9.581957817077637,1.9007939100265503,1.3784685134887695,0.4699315428733825
2135866014.0,-0.1651028841733932,0.4232631623744964,10.425081253051758,3.410240650177002,1.6993123292922974,0.2874557077884674
2135874347.0,0.0556204803287982,-0.1275266855955124,10.991643905639648,3.1379361152648926,1.0247870683670044,0.4374527633190155
2135882680.0,0.0911528915166854,-0.0638144835829734,10.876885414123535,1.6491084098815918,-0.6030359268188477,0.2276721149682998
2135891013.0,0.0326987355947494,0.5899218320846558,10.48038101196289,0.6339907050132751,-1.6084202527999878,0.1888409405946731
2135899346.0,0.7672351598739624,0.5259619951248169,10.555733680725098,0.8729202747344971,-2.5090420246124268,-0.0121923750266432
2135907679.0,1.120002508163452,0.412431389093399,10.305408477783203,1.3058263063430786,-3.485610246658325,-0.4438433945178985
2135916012.0,0.8646852970123291,-0.2567773759365082,9.947964668273926,0.7974352240562439,-2.087073564529419,0.0628701448440551
2135924345.0,0.1052898466587066,-0.6411307454109192,9.014649391174316,0.3285922110080719,1.3463482856750488,-0.0401118956506252
2135932678.0,0.2014338374137878,-0.3791447579860687,8.717391014099121,1.1027823686599731,4.076185703277588,-0.1406989991664886
2135941011.0,-0.1132939308881759,-0.9652661085128784,10.168145179748535,2.0956673622131348,4.907341957092285,0.131772443652153
2135949344.0,-0.0302791036665439,-0.8526167869567871,11.116641998291016,1.5477529764175415,2.742682695388794,-0.2668234705924988
2135957677.0,0.4423190355300903,-0.5489150285720825,10.60968780517578,1.7202904224395752,-0.5172794461250305,-0.1406733840703964
2135966010.0,0.5340548157691956,-0.5998671650886536,10.090161323547363,2.5777781009674072,-3.194120407104492,-0.1639823317527771
2135974343.0,0.5634952783584595,-0.9188297390937804,9.780794143676758,2.842245101928711,-3.619470596313477,-0.1577580869197845
2135982676.0,0.5341066122055054,-0.7112700939178467,9.233437538146973,2.4486312866210938,-1.9165852069854736,-0.1723838150501251
2135991009.0,0.4966025650501251,-0.3546847701072693,9.00402545928955,2.8183984756469727,1.4117413759231567,0.0304937474429607
2135999342.0,0.7151498198509216,-0.2475347369909286,9.941039085388184,3.717637538909912,3.309807777404785,-0.1382400244474411
2136007675.0,0.5781375169754028,-0.808741569519043,10.954198837280272,3.1751537322998047,3.784311294555664,0.0646887570619583
2136016008.0,-0.1745084077119827,-0.6738290190696716,10.124860763549805,2.4155375957489014,3.706648826599121,0.1980877071619033
2136024341.0,-0.0812300890684127,-0.2813574373722076,9.983296394348145,3.4972527027130127,3.266365766525269,0.2041070461273193
2136032674.0,0.3871413469314575,-0.3630139529705047,10.312326431274414,3.961510181427002,1.1964280605316162,0.0107963988557457
2136041007.0,0.6686847805976868,-0.8274775743484497,10.2935152053833,3.652755737304688,-1.2470544576644895,-0.0074281268753111
2136049340.0,0.3413766920566559,-1.6503918170928955,9.197676658630373,2.466561317443848,-1.5525813102722168,0.3286690413951874
2136057673.0,0.2933050096035003,-1.038658857345581,8.015568733215332,3.396998405456543,0.6033305525779724,0.523849606513977
2136066006.0,-0.0350559651851654,-0.9466363191604614,8.406070709228516,5.015126705169678,2.788865089416504,0.6976677775382996
2136074339.0,-0.3993400037288666,-0.9194401502609252,9.315497398376465,5.302262783050537,5.237765789031982,0.6717973351478577
2136082672.0,0.0798170268535614,-0.9672679901123048,10.151082038879396,5.036718845367432,4.928370952606201,0.7380613684654236
2136091005.0,0.1868895888328552,-0.1203177943825721,10.463335990905762,4.940537452697754,2.451397657394409,0.6513572335243225
2136099338.0,-0.0510575324296951,0.6740021705627441,10.110800743103027,5.394140720367432,-0.0403168052434921,0.6060712933540344
2136107671.0,-0.4139976501464844,-0.0089009627699851,10.363007545471191,4.92563009262085,-0.5398456454277039,0.6623457074165344
2136116004.0,-0.3119886517524719,0.5580138564109802,9.95081901550293,3.690409421920776,0.6005384922027588,0.4459053874015808
2136124337.0,0.2481499463319778,0.9527553915977478,10.178979873657228,3.620123624801636,1.4487793445587158,0.4623753726482391
2136132670.0,0.4785982370376587,0.7457004189491272,10.480385780334473,3.624734401702881,1.2462221384048462,0.1895325183868408
2136141003.0,-0.0148734832182526,0.3537691235542297,9.65158748626709,3.3941550254821777,1.5346639156341553,-0.0203633140772581
2136149336.0,-0.3481660485267639,0.1154470890760421,9.500683784484863,3.157223463058472,3.1058669090271,0.1406861990690231
2136157669.0,-0.4028117656707763,-0.2740490436553955,9.533044815063477,2.632618427276612,3.4213833808898926,0.079929232597351
2136166002.0,-0.3183073699474334,0.5971663594245911,9.528884887695312,2.958866834640503,3.1001551151275635,-0.0759974494576454
2136174335.0,-0.5879671573638916,0.4848405718803406,10.202332496643066,3.6083152294158936,1.845159649848938,-0.1423895359039306
2136182668.0,-0.7983048558235168,-0.0777119621634483,10.1839017868042,2.632439136505127,0.7420060634613037,-0.3664628565311432
2136191001.0,-0.7907186150550842,-0.0971458777785301,9.263415336608888,1.9226939678192136,0.5442896485328674,-0.2321418076753616
2136199334.0,-0.3530594408512115,0.0519718863070011,9.67917537689209,2.5032408237457275,0.105210468173027,-0.2118809670209884
2136207667.0,-0.5612198114395142,0.4437575340270996,10.080432891845703,2.608207941055298,-0.91640043258667,-0.3606228232383728
2136216000.0,-0.5857970714569092,0.5991399884223938,9.851540565490724,2.457263231277466,-0.7523926496505737,-0.3850331902503967
2136224333.0,-0.1136363595724105,0.560421347618103,10.176506996154783,2.087393522262573,-0.5331858992576599,-0.4542427957057953
2136232666.0,-0.280105322599411,0.4324251115322113,9.949053764343262,1.304853081703186,-0.6748070120811462,-0.4865167737007141
2136240999.0,-0.5001625418663025,0.5481438040733337,9.664241790771484,1.3129216432571411,-0.0373967811465263,-0.3900535702705383
2136249332.0,-0.7722810506820679,0.8772543668746948,10.076848983764648,1.3789807558059692,0.959906280040741,-0.3736604452133178
2136257665.0,-0.66407710313797,0.8947061896324158,10.437935829162598,0.8102934956550598,0.3323830962181091,-0.5807515382766724
2136265998.0,-0.5375646948814392,0.5639307498931885,10.527652740478516,0.0360008105635643,-1.06872820854187,-0.7331818342208862
2136274331.0,-0.1796856522560119,-0.2286884039640426,10.454652786254885,-0.8598442077636719,-2.719207286834717,-0.6051362752914429
2136282664.0,-0.2295858263969421,-0.3303638994693756,10.006296157836914,-0.7730119228363037,-3.662041425704956,-0.7339501976966858
2136290997.0,0.1101235225796699,-0.5074834227561951,10.453988075256348,-0.2264042049646377,-3.245272397994995,-0.7488065361976624
2136299330.0,0.6074007153511047,-0.1763827502727508,10.164552688598633,0.5602473616600037,-2.8731486797332764,-1.0614794492721558
2136307663.0,0.9270778894424438,-0.013511549681425,10.35789966583252,1.5224460363388062,-2.385017871856689,-1.0671402215957642
2136315996.0,0.2097709327936172,-0.4032770693302154,10.458163261413574,0.8840624094009399,-0.3364941477775574,-0.7876888513565063
2136324329.0,-0.5846113562583923,-0.0343296118080616,9.672982215881348,0.097449354827404,2.7849459648132324,-1.0172948837280271
2136332662.0,0.0340560600161552,-0.2346362769603729,9.821333885192873,1.1955827474594116,3.911792755126953,-0.8645572662353516
2136340995.0,0.2458147853612899,-1.029371738433838,10.734113693237305,1.714834690093994,1.819648265838623,-0.8996487259864807
2136349328.0,0.3289516866207123,-0.6924641728401184,10.689410209655762,1.2819026708602903,-1.4054274559020996,-1.0658082962036133
2136357661.0,-0.0263225026428699,-0.273151159286499,9.889288902282717,0.9967907667160034,-2.6302490234375,-0.7416090369224548
2136365994.0,-0.235620692372322,0.1420538276433944,9.69095516204834,1.206340789794922,-1.5652859210968018,-0.6078258156776428
2136374327.0,0.416538655757904,0.7689663767814636,9.576461791992188,1.0127739906311035,-0.4615941047668457,-0.713638186454773
2136382660.0,0.5031095147132874,-0.0288474150002002,10.63648509979248,0.4299221038818359,0.3272090256214142,-0.8385587930679321
2136390993.0,0.0162982754409313,-0.2110451757907867,10.394639015197754,-1.310654878616333,1.4406856298446655,-0.8128934502601624
2136399326.0,0.1865903884172439,-0.4533609449863434,9.527405738830566,-0.8836911916732788,2.8755693435668945,-0.4747855067253113
2136407659.0,0.0637524127960205,-0.753372073173523,10.114191055297852,0.2671180665493011,2.330267906188965,-0.1061453819274902
2136415992.0,-0.4245070219039917,-0.7364640831947327,10.020059585571287,0.4677543640136719,1.118407130241394,-0.546505331993103
2136424325.0,0.5250547528266907,-0.7553903460502625,9.309775352478027,1.1238629817962646,0.1047750264406204,-0.8617396950721741
2136432658.0,0.8395789861679077,-1.2152491807937622,9.997886657714844,1.068766713142395,-1.457270622253418,-0.8523136377334595
2136440991.0,0.2640848457813263,-0.8068335652351379,9.35146141052246,0.2678608894348144,-1.521306395530701,-0.9934738874435424
2136449324.0,-0.5507868528366089,-0.4828205406665802,8.114599227905273,0.9588817358016968,2.0016117095947266,-0.9797701835632324
2136457657.0,0.2132431417703628,-0.5588345527648926,9.33617877960205,2.338951349258423,4.728631973266602,-0.8972411155700684
2136465990.0,-0.0261252894997596,-0.5898855328559875,10.410493850708008,2.003455638885498,4.66923189163208,-1.0127099752426147
2136474323.0,-0.1650798022747039,-1.0081629753112793,10.765884399414062,0.7199264764785767,2.8577418327331543,-1.6018630266189575
2136482656.0,-0.3932480812072754,-0.5411990284919739,9.310372352600098,1.0817532539367676,1.3900717496871948,-1.577170968055725
2136490989.0,-0.3762224912643432,-1.0020833015441897,9.2832670211792,2.0893917083740234,0.8729203939437866,-1.4531211853027344
2136499322.0,0.2619819045066833,-1.4805989265441897,9.93028736114502,2.1742260456085205,0.1653783321380615,-1.2795592546463013
2136507655.0,0.3230504691600799,-1.7758524417877195,9.584266662597656,1.6525664329528809,-0.9185009002685548,-1.4232549667358398
2136515988.0,-0.1113650277256965,-1.5439804792404177,8.881610870361328,2.4051125049591064,0.5162163972854614,-1.4588587284088137
2136524321.0,0.0534693226218223,-0.9339858293533324,8.695104598999023,3.895502805709839,2.663047790527344,-1.3341431617736816
2136532654.0,0.2815478444099426,-0.7509954571723938,9.447342872619627,4.851066589355469,3.3445913791656494,-1.5619559288024902
2136540987.0,-0.1460189372301101,-1.2808680534362793,9.984039306640623,3.815099000930786,3.4819610118865967,-1.324947476387024
2136549320.0,-0.1200335919857025,-1.6667536497116089,9.125778198242188,2.3825974464416504,3.015499830245972,-1.2229260206222534
2136557653.0,-0.1191508919000625,-1.4473847150802612,8.902935981750488,3.871912240982056,2.074842929840088,-1.0940866470336914
2136565986.0,-0.5594536662101746,-1.2973294258117676,9.8739652633667,4.894073486328125,1.289433479309082,-1.1218266487121582
2136574319.0,-0.3471907675266266,-0.7280148267745972,9.341541290283203,5.150190353393555,0.9617503881454468,-1.2398827075958252
2136582652.0,0.3791618347167969,-0.2301228791475296,9.37559700012207,6.223400592803955,0.194604143500328,-1.19262433052063
2136590985.0,-0.0280524026602506,-0.8816474080085754,10.442529678344728,4.939615726470947,0.2915796339511871,-0.9519530534744264
2136599318.0,0.160621091723442,-0.8143423199653625,9.677650451660156,3.010786771774292,0.9361618757247924,-0.955206036567688
2136607651.0,-0.1389210969209671,-0.1799690723419189,9.104680061340332,4.223288059234619,2.152607679367065,-0.988863170146942
2136615984.0,-0.5824707746505737,-0.1596752554178238,9.779378890991213,5.174191474914551,3.3564515113830566,-1.125387191772461
2136624317.0,-0.0316952727735042,-0.3011672496795654,10.20494270324707,5.331333637237549,3.395819902420044,-1.3340661525726318
2136632650.0,0.2520807087421417,-1.4079930782318115,10.820804595947266,3.973626136779785,1.729486107826233,-1.0400917530059814
2136640983.0,-0.4048492908477783,-0.421663224697113,9.612817764282228,3.103997230529785,1.1491187810897827,-0.6315189599990845
2136649316.0,-0.4793808758258819,-0.1016113683581352,9.201788902282717,4.692771434783936,1.2180721759796145,-0.7986774444580078
2136657649.0,0.0148438345640897,-0.511511504650116,10.00263786315918,5.929016590118408,0.6891894340515137,-1.1126313209533691
2136665982.0,0.2533013820648193,-0.8742815852165222,10.422986030578612,4.880318641662598,0.4591479897499084,-0.764354407787323
2136674315.0,-0.147413358092308,-0.665238618850708,9.91895580291748,3.848320722579956,1.145378828048706,-0.5508341193199158
2136682648.0,-0.1114708334207534,0.7035439610481262,9.506488800048828,4.928551197052002,2.1750712394714355,-0.8006498217582703
2136690981.0,0.3552426993846893,0.4187289774417877,10.150546073913574,6.334873676300049,2.607439517974853,-0.7493444085121155
2136699314.0,0.0533723458647728,-0.4835121035575866,11.129716873168944,5.314224243164063,1.9549425840377808,-0.9924748539924622
2136707647.0,-0.5537048578262329,-0.3545984923839569,10.639336585998535,3.2727952003479004,2.578188180923462,-0.6707344055175781
2136715980.0,-0.3568854629993438,0.8703538775444031,9.49197483062744,4.341497898101807,3.632572650909424,-0.625602126121521
2136724313.0,0.2444943040609359,0.9734286665916444,10.848511695861816,6.397372722625732,2.5292904376983643,-0.7127160429954529
2136732646.0,0.2020054161548614,0.7086937427520752,11.510159492492676,4.951756477355957,0.8718188405036926,-0.5451989769935608
2136740979.0,0.243439719080925,0.2405982464551925,10.797741889953612,2.31210732460022,0.3628128468990326,-0.5735539793968201
2136749312.0,0.0817089229822158,0.7555380463600159,9.444008827209473,2.1449999809265137,1.0773732662200928,-0.7835650444030762
2136757645.0,0.2267201095819473,0.34567791223526,9.783577919006348,3.201459646224976,2.750187635421753,-0.6653298139572144
2136765978.0,0.2677179276943207,-0.3172429800033569,9.878066062927246,3.5654890537261963,3.99980354309082,-0.7275211215019226
2136774311.0,0.4740541577339172,-0.6383776664733887,9.91358757019043,3.4805774688720703,4.1394782066345215,-0.5655879378318787
2136782644.0,-0.5509021282196045,-0.4930489659309387,9.900375366210938,3.2630865573883057,4.34761905670166,-0.106529600918293
2136790977.0,-0.8925262093544006,-0.1477829366922378,9.425018310546877,3.749655246734619,4.965025901794434,-0.5505780577659607
2136799310.0,-0.2027117908000946,-0.4921526610851288,9.849202156066896,4.94970703125,4.244982719421387,-0.3901048004627228
2136807643.0,0.2823072075843811,-0.7206037044525146,10.904544830322266,4.710598945617676,1.4532108306884766,-0.1629577577114105
2136815976.0,-0.3870142698287964,-0.0012548970989882,10.459023475646973,3.779341697692871,-0.053508136421442,-0.4292689263820648
2136824309.0,-0.0743043646216392,0.5811082124710083,9.397138595581056,4.112429618835449,1.098402500152588,-0.3022223711013794
2136832642.0,0.7066057324409485,0.8570585250854492,9.31057071685791,5.287994861602783,1.681689977645874,-0.5472481846809387
2136840975.0,0.3455367684364319,0.3722069859504699,10.514283180236816,4.674764156341553,2.381906032562256,-0.7373057007789612
2136849308.0,-0.4445591866970062,-0.1230388805270195,9.839570045471191,1.9443124532699585,4.63526725769043,-0.3964571058750152
2136857641.0,-0.608002781867981,1.1508967876434326,8.82438850402832,2.3915884494781494,7.306191921234131,-0.1566822826862335
2136865974.0,-0.1435354948043823,0.671956479549408,10.330406188964844,4.073829174041748,6.213667392730713,-0.4440996050834656
2136874307.0,-0.1631371080875396,0.1453931778669357,10.895028114318848,3.3342180252075195,3.276406526565552,-0.9713687300682068
2136882640.0,0.0301476530730724,-0.537047803401947,10.60996150970459,1.334898591041565,1.021175503730774,-0.5222998261451721
2136890973.0,-0.0039841337129473,-0.930220067501068,8.840813636779785,0.695208728313446,0.1716537922620773,-0.2719207108020782
2136899306.0,0.1197727844119072,-0.4113179445266723,8.285924911499023,2.8262875080108643,0.5747706890106201,-0.6307505965232849
2136907639.0,-0.7068734765052795,-0.5270999670028687,9.320953369140623,3.95082950592041,3.0176260471343994,-0.713330864906311
2136915972.0,-0.8143273591995239,0.0126521065831184,8.95480728149414,3.534367561340332,6.360156059265137,-0.7703993916511536
2136924305.0,-0.67937833070755,0.2569148242473602,8.963788032531738,4.041990280151367,7.2768120765686035,-0.5035246014595032
2136932638.0,-1.1204495429992676,0.692594587802887,10.882225036621094,3.390466451644897,6.142202854156494,-0.7336684465408325
2136940971.0,-0.7525892853736877,0.4581825137138366,11.33193016052246,1.3759582042694092,3.553680419921875,-0.597093403339386
2136949304.0,-0.0028825956396758,0.2006873190402984,10.027305603027344,0.9461258053779602,-0.6890997886657715,-0.4093923270702362
2136957637.0,-0.5145172476768494,0.6925970315933228,9.364421844482422,1.7016688585281372,-3.187307119369507,-0.6759852170944214
2136965970.0,-0.7394011616706848,-0.3808245956897735,9.674748420715332,0.8586788177490234,-1.834030508995056,-0.572836697101593
2136974303.0,-0.818828821182251,-1.1831159591674805,8.450404167175293,-0.2486886084079742,1.30672287940979,-0.6076464056968689
2136982636.0,0.3876225352287292,-0.9691429734230042,9.018482208251951,1.2121552228927612,3.547891616821289,-0.1213090196251869
2136990969.0,-0.0013237979728728,-0.716572105884552,10.277443885803224,2.4911253452301025,2.657285213470459,-0.1020215079188346
2136999302.0,-1.3028874397277832,-0.408230572938919,9.974241256713867,2.885533332824707,1.7508995532989502,-0.660155713558197
2137007635.0,-1.3414024114608765,-0.3761750757694244,9.053670883178713,3.2854485511779785,3.0040760040283203,-0.5624629855155945
2137015968.0,-0.7352653741836548,-0.3517683446407318,10.100698471069336,3.321922779083252,2.4826979637146,-0.4901540279388428
2137024301.0,0.0681513473391532,-0.209563136100769,10.785990715026855,2.3522961139678955,-0.9191667437553406,-0.7665571570396423
2137032634.0,-0.2148116081953048,0.121784932911396,9.582037925720217,2.57913589477539,-3.656124830245972,-0.6701708436012268
2137040967.0,0.0181234925985336,-0.8620057702064514,9.258268356323242,2.609898328781128,-3.9508931636810303,-0.6386141777038574
2137049300.0,-0.4571505784988403,-1.121207594871521,8.459360122680664,2.3338027000427246,-1.6645925045013428,-0.4423322677612304
2137057633.0,-0.1054910793900489,-1.6289201974868774,8.922871589660645,2.5998830795288086,1.141203761100769,-0.2378537654876709
2137065966.0,-0.3682917356491089,-1.258339285850525,9.10405445098877,3.8023180961608887,2.83325457572937,-0.2009436786174774
2137074299.0,-0.4711904525756836,-0.1022475063800811,10.246526718139648,5.743621826171875,2.515535831451416,-0.3800384402275085
2137082632.0,-0.8777325749397278,0.3984782099723816,11.309720039367676,5.536043643951416,1.7243632078170776,-0.4613380432128906
2137090965.0,-0.2424692064523697,0.3012448251247406,10.91345500946045,3.686413288116455,-0.3693828880786896,-0.6385116577148438
2137099298.0,0.0367326885461807,-0.2781652808189392,10.288753509521484,2.54642653465271,-2.4907031059265137,-0.1547100096940994
2137107631.0,-0.1832555383443832,-0.7712507247924805,10.05716609954834,1.5846375226974487,-3.422778844833374,0.0754723399877548
2137115964.0,-0.3007805049419403,-0.2702442705631256,9.19309902191162,2.5225541591644287,-2.507301092147827,-0.2251747399568557
2137124297.0,-0.2629444301128387,-0.670345664024353,9.50182056427002,4.318265438079834,-1.0352506637573242,-0.3095992803573608
2137132630.0,0.0401197262108325,-0.8008255958557129,10.08666706085205,4.140195846557617,0.9597270488739014,0.1383296847343444
2137140963.0,0.2433555126190185,-0.383447527885437,10.168220520019531,3.6605687141418457,1.5256478786468506,0.3208823204040527
2137149296.0,-0.012437991797924,0.072505384683609,9.80518913269043,4.17113733291626,0.1435293555259704,-0.0008452697657048
2137157629.0,-0.7282952070236206,0.9986597895622252,9.973620414733888,4.930036544799805,-0.047335110604763,-0.4725570380687713
2137165962.0,-0.7388789057731628,0.2637187242507934,10.808981895446776,3.8561840057373047,0.4907558858394623,-0.6246798038482666
2137174295.0,-0.2615202367305755,0.4338569939136505,10.241755485534668,2.5993967056274414,0.4397836327552795,-0.3389787971973419
2137182628.0,0.2123647928237915,0.5567057132720947,10.493584632873535,2.650599718093872,-0.9053608179092408,0.0498837269842624
2137190961.0,0.124840572476387,0.8278627395629883,10.50519561767578,2.692811965942383,-2.4342234134674072,-0.2670027911663055
2137199294.0,0.1543203741312027,-0.2718912959098816,10.540215492248535,2.263722419738769,-2.577714204788208,-0.2626740038394928
2137207627.0,0.3018451333045959,-0.7753542065620422,9.548720359802246,1.621342658996582,-1.5621352195739746,-0.479344755411148
2137215960.0,0.7402842044830322,-0.4952432811260223,9.5234375,2.474296808242798,-0.1496127396821975,-0.5597734451293945
2137224293.0,0.6874254941940308,-0.2232251167297363,9.472834587097168,3.730700254440308,1.182058334350586,-0.207654595375061
2137232626.0,-0.1823264211416244,0.0974601134657859,9.531331062316896,4.025520324707031,2.4118492603302,-0.1816817820072174
2137240959.0,-0.3950856924057007,0.272745817899704,9.529585838317873,3.830519199371338,3.6100573539733887,-0.1996117234230041
2137249292.0,-0.110886350274086,-0.9652324914932252,10.549617767333984,2.4304449558258057,3.504040241241455,0.1787233352661132
2137257625.0,-0.0262143407016992,-0.6834476590156555,10.117999076843262,1.817393779754639,1.3532638549804688,0.2445775270462036
2137265958.0,0.1843009293079376,-0.538463830947876,9.555696487426758,3.257067441940308,-1.0840200185775757,0.3304876387119293
2137274291.0,-0.3233299255371094,0.0228375382721424,9.568626403808594,4.727837562561035,-1.7779353857040403,-0.0391641668975353
2137282624.0,-0.5563190579414368,0.5119243860244751,10.132723808288574,4.462448120117188,-0.5716584920883179,0.0869219154119491
2137290957.0,0.2584832906723022,0.6318876147270203,10.133251190185549,2.875364303588867,1.6610959768295288,0.0092083178460598
2137299290.0,0.9179964661598206,0.5817098021507263,9.602676391601562,2.429779291152954,1.2505511045455933,0.042891040444374
2137307623.0,-0.560955822467804,0.3962000012397766,9.810724258422852,2.220408201217652,1.184952735900879,-0.212239533662796
2137315956.0,-1.5258126258850098,0.351853609085083,9.598214149475098,1.0665640830993652,4.131128311157227,-0.0631134733557701
2137324289.0,-0.2720803320407867,0.3649628758430481,9.451759338378906,1.5440388917922974,4.709036350250244,0.1936052143573761
2137332622.0,0.3218879103660583,-0.4700503647327423,10.59983730316162,2.5141522884368896,1.1163066625595093,0.2926298379898071
2137340955.0,0.4197401404380798,-1.8195866346359253,10.548063278198242,0.7179029583930969,-2.8875181674957275,0.3712911307811737
2137349288.0,0.4240664839744568,-1.2151697874069214,8.20763111114502,1.0237882137298584,-4.424987316131592,0.2708833515644073
2137357621.0,-0.3445379734039306,-1.1890016794204712,7.59614372253418,3.403094291687012,-2.805168628692627,-0.0733847841620445
2137365954.0,-0.1477046757936477,-0.7235731482505798,8.532395362854004,4.852066040039063,1.4936044216156006,0.0164315309375524
2137374287.0,-0.4333531558513641,-0.5866051912307739,9.411299705505373,4.69228458404541,4.580247402191162,0.034566406160593
2137382620.0,-0.3880015313625335,0.071185864508152,9.880255699157717,4.1665778160095215,5.491678714752197,0.0037524853833019
2137390953.0,-0.1069444939494133,0.4611216187477112,10.51505184173584,3.961203336715698,4.238733291625977,0.3934474885463714
2137399286.0,-0.1436029523611068,0.0122646354138851,11.382643699645996,3.19500470161438,0.1133814230561256,0.250263899564743
2137407619.0,-0.2397633641958236,-0.0014106635935604,10.499310493469238,2.083756446838379,-2.863415479660034,0.1798503547906875
2137415952.0,0.3196691274642944,0.0667556375265121,9.578466415405272,2.5451455116271973,-3.3958070278167725,0.2882754206657409
2137424285.0,0.6053164601325989,0.0446808114647865,9.696535110473633,3.219568490982056,-2.9692277908325195,0.0291618090122938
2137432618.0,0.266717255115509,0.6850285530090332,9.687055587768556,3.239163398742676,-0.1401867121458053,-0.0690047517418861
2137440951.0,-0.179875835776329,0.1034392267465591,9.562796592712402,2.5445566177368164,3.7134368419647217,0.0642533078789711
2137449284.0,-0.3498314619064331,-0.0825285911560058,9.436015129089355,2.154682159423828,6.191818237304688,0.0934023112058639
2137457617.0,-0.1784402728080749,-0.3398991227149963,10.25901222229004,2.372966766357422,5.954476833343506,0.3392220735549927
2137465950.0,-0.3904598951339721,-0.4273486733436584,10.367029190063477,2.857536554336548,2.966704607009888,-0.1920555233955383
2137474283.0,-0.5712586641311646,-0.5854882597923279,9.94538116455078,3.575401306152344,0.0389208309352397,-0.1734339743852615
2137482616.0,-0.7849476933479309,-0.3368812203407287,10.18017864227295,3.5537571907043457,-0.8867648243904114,0.1059276610612869
2137490949.0,-0.4832803606986999,0.198462888598442,10.242511749267578,3.133146286010742,-0.837226927280426,-0.079404130578041
2137499282.0,0.1458679586648941,0.1466778516769409,10.040924072265623,3.207324981689453,-0.948290228843689,-0.1786080598831176
2137507615.0,0.8049783110618591,-0.1023104935884475,10.388998031616213,3.49361538887024,-0.6879215240478516,-0.1096289306879043
2137515948.0,0.2525365650653839,-0.8113425374031067,10.18641757965088,2.861302137374878,0.1152256429195404,0.0068518077023327
2137524281.0,-0.3886261880397796,-0.3300728797912597,9.235201835632324,2.946930408477783,2.178093671798706,0.0235266741365194
2137532614.0,-0.1529022306203842,-0.4005944728851318,9.010009765625,4.383531093597412,4.385298252105713,0.070861779153347
2137540947.0,-0.3198527991771698,-0.7756587862968445,10.217340469360352,5.025961399078369,4.112480640411377,0.2602790594100952
2137549280.0,-0.7364173531532288,-0.91795414686203,10.697672843933104,3.842891216278076,2.595067977905273,0.254874438047409
2137557613.0,-0.6519814729690552,-0.1362671703100204,10.091958045959473,3.395179510116577,1.6665260791778564,0.1688618212938308
2137565946.0,0.122324526309967,0.1440822035074234,11.016827583312988,4.251335620880127,-0.9472656846046448,0.276800274848938
2137574279.0,0.0807510912418365,-0.2839130461215973,11.108757972717283,3.805929660797119,-2.7479209899902344,0.0324916616082191
2137582612.0,0.1739933639764785,-0.3740356564521789,9.710814476013184,3.124257326126098,-1.9353089332580569,0.0902773514389991
2137590945.0,0.3616833388805389,-0.6480152010917664,9.777480125427246,3.3707950115203857,0.7255361080169678,0.4961349666118622
2137599278.0,-0.4207475185394287,0.1977307349443435,9.603121757507324,3.801113843917847,3.388366222381592,0.4012597799301147
2137607611.0,-0.0630135536193847,0.3157056868076324,10.451505661010742,4.736649036407471,5.177905559539795,0.1954238265752792
2137615944.0,0.0717598125338554,-0.3060495853424072,10.866395950317385,4.262657165527344,4.103106021881104,0.4549984931945801
2137624277.0,-0.2995729446411133,-0.0305119566619396,10.519311904907228,3.4412336349487305,2.1280431747436523,0.42249396443367
2137632610.0,-0.5287824869155884,-0.1468905955553054,9.967848777770996,2.982457637786865,1.2686604261398315,0.4350194036960602
2137640943.0,-0.0407382771372795,0.3354379832744598,9.863255500793455,3.555217742919922,-0.1239985227584838,0.1816689670085907
2137649276.0,-0.1774691194295883,0.6263241171836853,10.281720161437988,3.6883347034454346,-0.3859296441078186,-0.0105274505913257
2137657609.0,-0.2650923430919647,0.5816078782081604,10.0946626663208,2.8571014404296875,0.7365501523017883,-0.2745077311992645
2137665942.0,0.3400344848632812,0.0633245185017585,9.794883728027344,2.3953280448913574,2.020156145095825,-0.2519416213035583
2137674275.0,0.0117892678827047,-0.3834620118141174,9.666359901428224,2.722088575363159,3.1015894412994385,0.139123722910881
2137682608.0,-0.6710745096206665,-1.0321868658065796,10.08171272277832,2.8164262771606445,3.852649688720703,0.2061561793088913
2137690941.0,-0.6823068857192993,0.207009956240654,9.247710227966309,3.973343849182129,4.033230781555176,-0.2899019122123718
2137699274.0,-0.4961406290531158,0.5046412348747253,9.99014663696289,5.45379638671875,2.650241136550904,-0.4254781007766723
2137707607.0,-0.4446044862270355,0.0961749628186225,10.416813850402832,4.109868049621582,0.5011809468269348,-0.6336449384689331
2137715940.0,-0.3995734751224518,-0.2304107397794723,9.688803672790527,1.789602518081665,-0.238801509141922,-0.282832384109497
2137724273.0,-0.769030749797821,0.3052475750446319,8.946310997009277,1.5097415447235107,-0.1254072934389114,-0.1183121502399444
2137732606.0,0.1034987270832061,0.450028121471405,9.627507209777832,2.8514151573181152,0.3818954229354858,-0.441205233335495
2137740939.0,0.4987991154193878,0.148921251296997,9.892544746398926,3.8502933979034415,-0.7339502573013306,-0.4609793424606323
2137749272.0,-0.2759608626365661,-0.8195289969444275,10.20844268798828,2.699036121368408,-0.2402871549129486,-0.2204105108976364
2137757605.0,-0.4041711688041687,0.0967961400747299,8.77828598022461,1.7602999210357666,2.072204351425171,-0.054763238877058
2137765938.0,0.0293421372771263,0.5764405727386475,9.595690727233888,3.441746711730957,2.98978328704834,-0.1018934324383735
2137774271.0,-0.205448105931282,1.2205618619918823,10.382052421569824,3.631855010986328,2.0022518634796143,-0.3714320063591003
2137782604.0,-0.0690423175692558,0.6583743691444397,10.92477321624756,2.441280126571656,0.8548110723495483,-0.3647723793983459
2137790937.0,-0.5365418791770935,0.6805858612060547,9.971162796020508,0.4876309633255005,0.5976953506469727,-0.5618738532066345
2137799270.0,0.0660206973552703,0.8719886541366577,9.723983764648438,0.3103804886341095,1.1182023286819458,0.1536470055580139
2137807603.0,0.4178476333618164,-0.1220418065786361,10.051010131835938,0.5642943978309631,-0.1933106184005737,0.0892271921038627
2137815936.0,-0.1715609431266784,-0.1786136478185653,8.814155578613281,0.9947928190231324,-0.4769882261753082,-0.4971466958522796
2137824269.0,-0.1502427458763122,-1.4659911394119265,8.118700981140137,1.6616849899291992,1.4823341369628906,-0.1618307381868362
2137832602.0,-0.9681158065795898,-1.282997727394104,8.027820587158203,2.338284969329834,3.4383907318115234,0.0493202060461044
2137840935.0,-0.899382472038269,-0.5314459204673767,9.303266525268556,2.767861604690552,4.361989498138428,0.3226240873336792
2137849268.0,-0.8215798735618591,0.5361794233322144,10.012393951416016,3.4791433811187744,2.9994912147521973,0.3298729360103607
2137857601.0,-0.6440990567207336,1.2129037380218506,10.92916488647461,3.47174072265625,-0.2291193455457687,-0.3869799077510834
2137865934.0,-0.1097921952605247,0.8569388389587402,11.181026458740234,1.733789086341858,-2.8682305812835693,-0.1854982823133468
2137874267.0,-0.1175421550869941,-0.3169222474098205,10.25163459777832,-0.8314379453659058,-3.9922592639923096,-0.1171338632702827
2137882600.0,0.6438376307487488,-0.0318017415702343,8.855742454528809,-0.3764780163764953,-3.335383176803589,0.1873297095298767
2137890933.0,0.0894506573677063,-0.4862173497676849,8.614453315734863,1.6879138946533203,-1.4294281005859375,0.5274611115455627
2137899266.0,-1.1055234670639038,-0.4131240546703338,8.876643180847168,2.286979913711548,2.047922134399414,0.1732674837112426
2137907599.0,-0.1191305518150329,-0.0269358977675437,9.664958000183104,2.205808401107788,4.895840644836426,0.3698311150074005
2137915932.0,0.0437688305974006,-0.184220403432846,10.629230499267578,1.6965458393096924,3.268670558929444,0.3140944838523865
2137924265.0,-0.2610786557197571,-0.1626198887825012,10.746665954589844,0.8724848628044128,-0.2728940546512604,0.0947854742407798
2137932598.0,-0.3193260133266449,-0.4172120988368988,10.1238374710083,0.5223894715309143,-1.8188412189483645,0.0686845704913139
2137940931.0,-0.7367812395095825,-0.3630937933921814,9.453407287597656,1.5204482078552246,-2.4167797565460205,-0.0323763899505138
2137949264.0,-0.1144072413444519,-0.0418096594512462,9.78635597229004,2.251427412033081,-1.5923347473144531,-0.075613223016262
2137957597.0,0.2927040755748749,-0.7439812421798706,10.329404830932615,1.9514589309692385,-0.5506547689437866,-0.1473074704408645
2137965930.0,0.4544792175292969,-0.6760706305503845,9.51729679107666,1.6214708089828491,-0.5550093054771423,-0.1827832013368606
2137974263.0,0.3474311530590057,-0.1473163962364196,9.518218994140623,2.627469778060913,0.4215719401836395,0.1304148882627487
2137982596.0,-0.3353767096996307,-0.7852498888969421,10.39088535308838,2.6041862964630127,1.470935940742493,-0.1248437762260437
2137990929.0,-0.2090538144111633,-1.075830578804016,9.998265266418455,2.357367992401123,2.191746234893799,-0.2174904942512512
2137999262.0,-0.3419598340988159,-1.2089922428131104,9.672121047973633,3.1594772338867188,2.653160572052002,-0.0456957891583442
2138007595.0,-0.392973244190216,-0.5858756899833679,10.205662727355955,4.144524097442627,1.837552547454834,-0.1954110264778137
2138015928.0,-0.2473298460245132,-0.3194493651390075,10.350642204284668,4.342164039611816,0.3371985852718353,-0.2385453730821609
2138024261.0,0.0186137277632951,-0.7658770680427551,10.652541160583496,3.875727653503418,-1.0184986591339111,-0.0190826021134853
2138032594.0,-0.1477352380752563,-0.8508540391921997,9.958255767822266,2.650830268859864,-1.789026379585266,0.0616150423884391
2138040927.0,0.5548701286315918,-0.6455664038658142,9.517579078674316,3.272103071212769,-0.9054888486862184,0.171372041106224
2138049260.0,-0.110663890838623,-0.2619274258613586,9.733343124389648,4.4855265617370605,-0.1548892855644226,0.1491132825613021
2138057593.0,-0.2211156487464904,-0.2017894238233566,10.370676040649414,4.456403255462647,1.5783874988555908,0.091430015861988
2138065926.0,0.0342423990368843,0.3383292555809021,10.145293235778809,4.0531325340271,3.37007737159729,0.3508765995502472
2138074259.0,0.0456693395972251,0.5061690807342529,10.713234901428224,3.579961061477661,2.278604030609131,0.4535897076129913
2138082592.0,-0.5799591541290283,0.6123236417770386,10.458677291870115,2.615994691848755,1.5813076496124268,0.28707155585289
2138090925.0,-0.6392467617988586,-0.074513129889965,10.321951866149902,1.7277952432632446,1.219019889831543,0.285995751619339
2138099258.0,0.0780445784330368,-0.8089938759803772,10.488236427307127,1.553106427192688,0.5182656049728394,0.2005210369825363
2138107591.0,0.2524062395095825,-0.820012092590332,10.105964660644531,2.230910301208496,-0.9709332585334778,0.489475280046463
2138115924.0,0.0981717556715011,-0.3721612691879272,9.837482452392578,3.52719521522522,-1.454914093017578,0.2806167602539062
2138124257.0,-0.4599352777004242,0.2000015974044799,9.2680025100708,4.207612037658691,0.2516982853412628,0.2359199374914169
2138132590.0,-0.525214672088623,-0.0321833528578281,9.340656280517578,3.635620832443237,3.0235683917999268,0.4158855378627777
2138140923.0,-0.2741215527057647,-0.4251613616943359,9.979288101196287,2.6489346027374268,4.14521598815918,0.4368636310100555
2138149256.0,-0.438960462808609,-1.0636134147644043,10.672905921936035,2.065032482147217,2.848239183425904,0.574232816696167
2138157589.0,-0.6380917429924011,-0.1789354681968689,10.066365242004396,3.261114835739136,1.146557331085205,0.5172154903411865
2138165922.0,-0.2374364137649536,0.1229778602719307,10.430283546447754,5.342297077178955,-0.5614128708839417,0.3343042135238647
2138174255.0,-0.0160542391240596,0.6667993664741516,10.61252784729004,5.343423843383789,-2.537346124649048,0.193963810801506
2138182588.0,-0.2257774770259857,0.0936262235045433,10.732751846313477,3.211090087890625,-2.337298631668091,0.2802837193012237
2138190921.0,0.1850857734680175,-0.080376960337162,9.248724937438965,1.6355072259902954,-0.2156974673271179,0.4156293570995331
2138199254.0,-0.0766199454665184,0.3173547983169555,9.2509183883667,3.052640914916992,1.4888659715652466,0.468702107667923
2138207587.0,-0.6049096584320068,0.6137326955795288,9.77587604522705,4.158663272857666,2.852413892745972,0.2103569209575653
2138215920.0,-0.1626235544681549,0.1301581561565399,9.794759750366213,4.129027843475342,2.7133288383483887,0.0025230024475604
2138224253.0,-0.5314047336578369,-0.1765620112419128,10.05972957611084,3.505730628967285,2.0775575637817383,0.2837160527706146
2138232586.0,-0.4354315400123596,-0.7687978744506836,10.153131484985352,1.7427796125411987,0.5742839574813843,0.5685975551605225
2138240919.0,-0.748528242111206,0.1764912009239196,8.925019264221191,2.317281484603882,-0.5855926871299744,0.2261608839035034
2138249252.0,-0.2860352098941803,0.1248306259512901,9.878941535949709,3.97152590751648,-1.674197793006897,-0.0441333279013633
2138257585.0,0.1251456141471862,0.0318220667541027,10.272859573364258,3.762897729873657,-2.0733442306518555,0.2104337364435196
2138265918.0,-0.1731941401958465,0.0043525714427232,9.807676315307615,2.962631940841675,-1.5660030841827393,0.0654059424996376
2138274251.0,-0.0106994491070508,-0.054876685142517,9.242977142333984,2.285673379898072,-0.1833979189395904,0.2278514355421066
2138282584.0,-0.0549036301672458,-0.1442805826663971,9.149840354919434,2.955332040786743,1.1092885732650757,0.0503703914582729
2138290917.0,0.153203010559082,-0.6779139637947083,9.91694450378418,3.165035963058472,1.3069536685943604,0.1864588409662246
2138299250.0,0.2278169095516204,-0.3287828862667084,9.874994277954102,3.2851150035858154,0.2776966989040375,0.0751137360930442
2138307583.0,-0.5802668333053589,-0.147431418299675,9.373406410217283,3.873781442642212,-0.1757392436265945,-0.1520204842090606
2138315916.0,0.0019720555283129,0.2214086651802063,9.36716651916504,3.928467988967896,0.3965723812580108,-0.1740743517875671
2138324249.0,0.2768432796001434,0.4821555912494659,9.970142364501951,3.901418924331665,-0.2693849205970764,-0.2136995643377304
2138332582.0,0.1204594001173973,1.0515260696411133,10.346786499023438,2.854232788085937,-0.6353867053985596,-0.4554466903209686
2138340915.0,0.0067166448570787,0.3960672914981842,9.973410606384276,1.4485746622085571,0.2807960510253906,-0.2596514821052551
2138349248.0,0.1742074936628341,-0.2064882665872573,9.469405174255373,1.1104923486709597,1.1521410942077637,-0.3488402664661407
2138357581.0,-0.0083589870482683,-0.598404049873352,9.552064895629885,1.3856148719787598,1.7643980979919434,0.2087176144123077
2138365914.0,-0.2355101108551025,-0.2996808886528015,9.82589626312256,2.3266308307647705,1.9507158994674685,0.0500886365771293
2138374247.0,-0.7567353844642639,-0.2480212450027465,9.934816360473633,3.0711593627929688,2.004608392715454,-0.1533524245023727
2138382580.0,0.4729491174221039,-0.1925516277551651,10.04472541809082,3.115011215209961,1.3069536685943604,-0.0904694870114326
2138390913.0,0.2839466333389282,-0.6941143274307251,10.209309577941896,2.572143077850342,-1.1115808486938477,-0.0483084432780742
2138399246.0,-0.1915487796068191,-0.4597312211990356,9.499276161193848,1.763783574104309,-1.6329845190048218,-0.2113943099975586
2138407579.0,-0.4581057727336883,-0.5220587849617004,8.600419044494629,2.57286024093628,1.0130045413970947,-0.0042263478972017
2138415912.0,-0.2890482246875763,-0.0466065779328346,9.609955787658691,4.131127834320068,2.790812015533448,0.0934279263019561
2138424245.0,0.216649055480957,0.31084144115448,10.855584144592283,3.6634888648986816,2.728210926055908,0.1469873040914535
2138432578.0,-0.2294104397296905,0.2572447955608368,10.458662986755373,3.009737014770508,1.4526474475860596,0.0706312507390976
2138440911.0,-0.0715561136603355,-0.2378891557455063,10.0514554977417,2.43438982963562,0.4109419882297516,0.019812611863017
2138449244.0,0.0275348927825689,-0.3232121467590332,9.77076816558838,2.278040647506714,0.2232921123504638,0.3262613117694855
2138457577.0,-0.5865517854690552,-1.0437129735946655,9.710676193237305,2.758486747741699,0.1889177858829498,0.2545414566993713
2138465910.0,-0.0131308268755674,-0.4767387807369232,9.502964973449709,3.3304271697998047,1.0274254083633425,0.3421933948993683
2138474243.0,0.1275228559970855,-0.4909305870532989,10.114062309265137,4.3680853843688965,1.040360689163208,0.2894536852836609
2138482576.0,-0.0076509350910782,-0.0296926312148571,10.42209529876709,4.092885494232178,0.7400592565536499,-0.001716153579764
2138490909.0,-0.2618476450443268,-0.5667670965194702,9.987101554870604,3.391542196273804,1.559407353401184,0.3888625204563141
2138499242.0,-0.507379412651062,-0.6334400177001953,9.369251251220703,3.535776376724243,2.217001676559448,0.5408574342727661
2138507575.0,-0.0206977613270282,-0.1726202517747879,10.029732704162598,4.337527275085449,1.8728233575820925,0.4958019554615021
2138515908.0,-0.144226461648941,0.3022031188011169,10.294499397277832,5.001397132873535,0.4055117964744568,0.1632011085748672
2138524241.0,-0.3590163588523865,0.2926934361457824,10.40865993499756,4.536217212677002,-0.3986087441444397,0.006518823094666
2138532574.0,-0.1267181932926178,0.2902098894119262,9.916152000427246,3.439312696456909,0.8202574253082275,0.3689858317375183
2138540907.0,0.1446721404790878,0.0557539723813533,10.011474609375,2.913196563720703,0.8759939670562744,0.5983613729476929
2138549240.0,0.0708312764763832,0.1654681116342544,9.924558639526367,2.61499571800232,0.199189081788063,0.0021387885790318
2138557573.0,-0.4360076189041137,0.0594175085425376,9.610533714294434,3.1599643230438232,1.350882053375244,0.0805951952934265
2138565906.0,-0.472398966550827,-0.3099122643470764,10.001453399658203,3.298203945159912,2.48328709602356,0.1909413039684295
2138574239.0,0.2242020815610885,-0.3832707107067108,10.55331802368164,3.0855283737182617,2.289386987686157,0.3551028966903686
2138582572.0,0.1060239821672439,0.1550938934087753,9.982460021972656,3.228815078735352,0.5133988857269287,0.2136098742485046
2138590905.0,0.0894415006041526,0.342510312795639,10.299744606018066,3.7526776790618896,-0.2531710863113403,-0.0819399431347847
2138599238.0,-0.350931167602539,-0.3718076944351196,10.013420104980469,2.787763833999634,0.3537454009056091,0.0280091688036918
2138607571.0,-0.2991938591003418,-0.2680206298828125,9.503745079040527,2.3364410400390625,1.918083667755127,0.1096417382359504
2138615904.0,0.003055976005271,0.1339139193296432,9.962360382080078,2.932816982269287,2.7456536293029785,0.1401226669549942
2138624237.0,0.0846934467554092,0.0234102420508861,10.639002799987791,3.476325273513794,2.05591368675232,0.2621488869190216
2138632570.0,-0.7843851447105408,0.2543656826019287,9.847131729125977,3.58539080619812,1.6381711959838867,-0.0972316265106201
2138640903.0,-0.3236533999443054,0.1390513628721237,10.326696395874023,3.3116257190704346,1.931581974029541,0.0254221260547637
2138649236.0,-0.0615273676812648,-0.0014861758099868,10.22804069519043,2.533081531524658,0.9152094721794128,-0.112241581082344
2138657569.0,-0.0626358017325401,0.3216288685798645,10.102874755859377,2.4960432052612305,0.1763155907392501,-0.2003289312124252
2138665902.0,-0.1813377887010574,-0.1034657657146453,9.968964576721191,2.6144323348999023,0.45453742146492,-0.0215159580111503
2138674235.0,-0.6142407059669495,-0.3169951140880584,9.896244049072266,2.5950164794921875,1.3228344917297363,-0.3037848174571991
2138682568.0,-0.2505898773670196,-0.2752747535705566,9.630228996276855,2.733819961547852,2.6486525535583496,0.0027023016009479
2138690901.0,-0.1252794116735458,-0.2121310532093048,9.730972290039062,3.418949604034424,2.0256121158599854,0.0623322390019893
2138699234.0,-0.6676973104476929,-0.2364368438720703,10.4561185836792,3.6462247371673584,1.1891791820526123,-0.2340372651815414
2138707567.0,-0.4803092777729034,-0.4196185767650604,10.01564121246338,2.7963955402374268,1.362715721130371,-0.0358343161642551
2138715900.0,0.3301048278808594,-0.025900263339281,9.832069396972656,3.1772539615631104,0.0611796043813228,0.0717326700687408
2138724233.0,-0.4691943526268005,0.4817458987236023,10.238188743591309,3.839714765548706,-1.0237497091293335,-0.2319881319999694
2138732566.0,-0.7245650291442871,0.2272258698940277,10.014897346496582,2.683181047439575,0.0230912342667579,-0.3901560306549072
2138740899.0,0.2048960775136947,0.2763690948486328,9.441463470458984,2.7315659523010254,1.696084976196289,-0.1380095034837722
2138749232.0,0.3122663795948028,-0.2363177239894867,10.336474418640137,2.77528977394104,1.3929661512374878,0.3719571530818939
2138757565.0,-0.6688425540924072,-0.1991142630577087,9.933978080749512,1.9696191549301147,1.0544739961624146,0.09788478910923
2138765898.0,-0.5296981930732727,-0.6618587970733643,9.015069961547852,2.379190921783448,1.319555640220642,0.0291361901909112
2138774231.0,-0.3672707378864288,-0.6046222448348999,9.243220329284668,3.389416217803955,1.4008551836013794,0.2984954416751861
2138782564.0,-0.5537917613983154,-0.5490617156028748,10.153905868530272,3.351763963699341,0.8262256383895874,0.2727019786834717
2138790897.0,-0.1721775829792022,-0.1137592047452926,9.692832946777344,3.170004844665528,-0.5707876086235046,0.1479093879461288
2138799230.0,-0.1629887372255325,-0.3003180027008056,9.30301570892334,3.67112135887146,-1.4546321630477903,0.1536469757556915
2138807563.0,-1.0529918670654297,0.103912740945816,9.320061683654783,3.58884859085083,-0.570480227470398,0.3898614346981048
2138815896.0,-0.3352854549884796,-0.2886584103107452,9.997761726379396,3.086604595184326,0.6811977028846741,0.2800275981426239
2138824229.0,0.4324269294738769,-0.0820345059037208,9.796561241149902,3.585801124572754,-0.2026854455471038,0.3299497961997986
2138832562.0,-0.3444786667823791,-0.3766420781612396,10.294376373291016,4.007641792297363,-1.1261554956436155,0.5177021622657776
2138840895.0,-0.7658455967903137,-0.0707546398043632,9.879938125610352,3.667996883392334,-0.3193838894367218,0.3089717328548431
2138849228.0,-0.1208847165107727,0.1829664409160614,9.723222732543944,4.318957328796387,0.0879977121949195,0.3599440455436706
2138857561.0,0.3868466019630432,0.0885879546403884,10.294079780578612,4.365037441253662,-0.7580533623695374,0.342987447977066
2138865894.0,0.1301961541175842,0.0182817168533802,10.142982482910156,3.584929943084717,-1.6841615438461304,0.1197849661111831
2138874227.0,-0.6773715615272522,0.2535603940486908,9.279844284057615,3.154303789138794,-0.4413845837116241,0.0378962606191635
2138882560.0,-0.3280192613601684,0.30222287774086,9.56476879119873,3.3480238914489746,1.810836672782898,0.2619439661502838
2138890893.0,-0.1153866201639175,0.0992818027734756,10.28189468383789,3.272256851196289,1.6423717737197876,0.3711118102073669
2138899226.0,-0.1584781259298324,0.3113563656806946,10.298666000366213,3.264418840408325,-0.0448249094188213,0.3452414274215698
2138907559.0,-0.1878293007612228,-0.3536603152751922,10.059822082519531,2.8435518741607666,-1.1135789155960083,0.2529021501541137
2138915892.0,-0.301002025604248,-0.1152662858366966,9.819343566894531,2.4783694744110107,-1.3287129402160645,-0.0276377592235803
2138924225.0,0.0672565177083015,-0.3518330752849579,9.75893783569336,2.905614852905273,-0.8964983224868774,0.3268248438835144
2138932558.0,0.4222830533981323,-0.1542054265737533,9.769216537475586,3.3261494636535645,-0.7101291418075562,0.4180371463298797
2138940891.0,-0.1132040843367576,-0.1944206804037094,9.79792022705078,3.423816680908203,-0.6456581354141235,0.3359435200691223
2138949224.0,-0.7106375098228455,-0.1233095228672027,9.434572219848633,3.0697507858276367,1.5250588655471802,0.0529062040150165
2138957557.0,0.0558470077812671,-0.730112612247467,10.464595794677734,2.879103899002075,2.781923532485962,0.3828687667846679
2138965890.0,0.200832650065422,-0.2031912803649902,10.36547565460205,3.2086570262908936,1.3596676588058472,0.4463664889335632
2138974223.0,-0.5684812664985657,0.480009913444519,9.96452808380127,4.409502983093262,0.0134858964011073,0.220090314745903
2138982556.0,-0.6535018086433411,0.6700106263160706,9.766786575317385,4.554454803466797,0.0302888341248035,-0.1711031049489975
2138990889.0,-0.0594338402152061,-0.6412135362625122,9.875550270080566,3.2097325325012207,0.1697327196598053,0.0751649737358093
2138999222.0,0.3583358526229858,-0.9843723177909852,9.886988639831545,1.750950813293457,0.0589255504310131,0.3794108927249908
2139007555.0,-0.1011136099696159,-0.5072755813598633,9.578502655029297,2.4348249435424805,-0.8553361296653748,0.3368911743164062
2139015888.0,-0.8558990955352783,0.3308106362819671,8.838685035705566,4.938950061798096,0.4238515794277191,0.1112554371356964
2139024221.0,-0.7805635333061218,0.1588197499513626,9.870172500610352,6.066487789154053,2.7978296279907227,0.1187091544270515
2139032554.0,0.1498007178306579,-0.4122679233551025,10.964348793029783,3.870195627212525,2.6547999382019043,0.1165831908583641
2139040887.0,0.0019846793729811,-0.2517361640930176,10.22697639465332,1.9517662525177,0.535094141960144,0.3494678437709808
2139049220.0,-0.6382126212120056,0.1613525599241256,9.49600887298584,2.737534284591675,-0.4814195930957794,0.1823092997074127
2139057553.0,-0.3124402165412903,0.1525277346372604,9.499622344970703,4.146880626678467,-0.7893027067184448,0.1058764532208442
2139065886.0,-0.444996029138565,-0.0790223851799964,10.052850723266602,4.131434917449951,-0.2049138695001602,0.1596407145261764
2139074219.0,0.048895314335823,0.0809967219829559,10.044089317321776,2.856358766555786,0.6356044411659241,0.42564457654953
2139082552.0,0.270887553691864,0.358204036951065,9.478764533996582,3.0109663009643555,0.6964126229286194,0.242246612906456
2139090885.0,-0.2482456266880035,0.3802171945571899,9.98523235321045,3.5702788829803467,0.6922375559806824,0.2351002395153045
2139099218.0,-0.9056364893913268,-0.081407144665718,10.295576095581056,2.524244785308838,2.5517797470092773,0.3151447474956512
2139107551.0,-0.4142735600471496,-0.4988123774528503,9.927111625671388,2.113673686981201,3.361778497695923,0.2996480762958526
2139115884.0,0.2731454074382782,-0.2425965666770935,10.038976669311523,3.31895112991333,1.7740544080734253,0.3860961496829986
2139124217.0,-0.488614946603775,-0.0446470342576503,10.26221752166748,4.292497634887695,0.0264723151922225,0.1253688782453537
2139132550.0,-0.4862167239189148,-0.2690599262714386,10.156471252441406,3.89719295501709,0.017379255965352,0.1021879911422729
2139140883.0,-0.3227784633636474,0.3494639694690704,9.05518627166748,3.796144485473633,0.6875500082969666,0.2028519064188003
2139149216.0,-0.3727562725543976,0.1817135214805603,9.78447151184082,3.9422998428344727,1.7214176654815674,0.3253904581069946
2139157549.0,-0.2495855987071991,0.1694789230823516,9.894186973571776,3.0071234703063965,2.178708076477051,0.3368911743164062
2139165882.0,-0.6056995987892151,0.2939850986003876,9.616997718811035,3.335242509841919,2.5872299671173096,0.5472865700721741
2139174215.0,-0.783729076385498,0.3376213312149048,10.40043830871582,3.5027852058410645,2.7385590076446533,0.762190043926239
2139182548.0,-0.1979993879795074,0.8642012476921082,10.304466247558594,3.1273062229156494,1.7087641954421997,0.4356341361999511
2139190881.0,-0.4312992990016937,1.2123240232467651,9.946426391601562,3.254096269607544,0.2842795550823211,0.2756219506263733
2139199214.0,-0.5724398493766785,0.1549596041440963,10.702188491821287,2.006375789642334,0.1559266448020935,0.4260543584823608
2139207547.0,-0.9401839971542358,0.2453782707452774,9.119023323059082,0.42413330078125,1.503875732421875,0.2197829335927963
2139215880.0,0.5581578016281128,0.232414036989212,9.578421592712402,2.092926263809204,1.8975154161453247,0.5942630767822266
2139224213.0,-0.0807353183627128,-0.0224911477416753,10.261404037475586,2.821574449539185,0.7273802161216736,0.3803073465824127
2139232546.0,-1.0375006198883057,0.2958917021751404,9.710515975952148,2.686459541320801,0.9704594612121582,-0.1197209283709526
2139240879.0,-0.7467494010925293,-0.3918763101100921,9.475295066833496,2.1724331378936768,3.6167943477630615,0.3530026078224182
2139249212.0,-0.4936498701572418,-0.0155145674943923,9.908400535583496,2.1333200931549072,3.898192167282105,0.5125024318695068
2139257545.0,-0.4423766136169433,-0.0347907021641731,10.19782829284668,2.711766242980957,2.2551157474517822,0.4021051228046417
2139265878.0,-0.4580526351928711,-0.4949296116828918,10.312847137451172,2.5303404331207275,0.6276383399963379,0.4380162358283996
2139274211.0,-1.060533046722412,0.1757947653532028,9.623395919799805,2.7560532093048096,0.1015732511878013,0.0155606484040617
2139282544.0,-0.3161319196224212,0.0810769647359848,9.710511207580566,2.9757211208343506,0.9929230809211732,0.1916585266590118
2139290877.0,0.0396429635584354,-0.072521261870861,10.138026237487791,2.8209853172302246,0.688728392124176,0.3713679909706116
2139299210.0,-0.7740201354026794,0.623874306678772,9.631609916687012,2.512513399124145,0.8665935397148132,0.0315439328551292
2139307543.0,-0.5356662273406982,0.1928237080574035,10.071044921875,2.294203042984009,3.029561996459961,0.3852252960205078
2139315876.0,-0.0606065727770328,0.3311044871807098,10.318490028381348,2.052507162094116,2.4645121097564697,0.0441717505455017
2139324209.0,-0.3213088810443878,0.5825991034507751,10.213712692260742,1.9689536094665527,1.3922747373580933,0.235586941242218
2139332542.0,-1.1865416765213013,0.4602654874324798,9.405165672302246,1.6928575038909912,1.816292405128479,0.1978827714920044
2139340875.0,-1.174278974533081,0.2792128324508667,9.803023338317873,1.6116604804992676,2.9277455806732178,-0.0668019279837608
2139349208.0,-0.7035453915596008,-0.1510743200778961,10.212728500366213,0.5285881757736206,2.7713449001312256,0.4644757509231567
2139357541.0,-0.1773332804441452,-0.7504405379295349,10.642300605773926,0.3229058384895324,0.9077556133270264,0.4471604824066162
2139365874.0,-0.5214279294013977,-0.4739474654197693,9.952007293701172,1.1469670534133911,-1.146237015724182,0.1897630542516708
2139374207.0,-0.7265435457229614,0.1939538568258285,9.119556427001951,2.8138644695281982,-0.6707855463027954,0.2506481111049652
2139382540.0,-0.470708280801773,0.1542986929416656,9.75477695465088,3.2242047786712646,0.496595948934555,-0.0009477267158217
2139390873.0,-1.0121653079986572,0.2152410745620727,9.8798246383667,1.6764132976531982,1.8188796043396,-0.0393178462982177
2139399206.0,-0.5494247078895569,-0.371497243642807,9.847471237182615,-0.0161113515496253,3.715229034423828,0.5894219279289246
2139407539.0,-0.3368014991283417,-0.5403670072555542,9.928000450134276,0.6481042504310608,3.0796382427215576,0.8763527274131775
2139415872.0,-1.1480093002319336,-0.4258811473846435,10.331764221191406,2.2256336212158203,0.689804196357727,0.3791546821594238
2139424205.0,-1.0441341400146484,-0.6994514465332031,10.3757963180542,2.9641430377960205,0.1029051914811134,0.2056182622909546
2139432538.0,-0.1565943211317062,-1.444955825805664,10.114482879638672,2.651214122772217,-0.6504734754562378,0.3852252662181854
2139440871.0,0.289533257484436,-0.131336897611618,9.635814666748049,3.262036800384521,-1.5480217933654783,0.6670330762863159
2139449204.0,-0.5744492411613464,0.0390851758420467,9.816475868225098,3.5935614109039307,-1.2882933616638184,0.5489513874053955
2139457537.0,-0.5144591927528381,0.0056108934804797,9.464751243591309,3.0865280628204346,1.2147421836853027,0.0383060872554779
2139465870.0,0.0216680373996496,-0.6696158647537231,9.311955451965332,3.2082982063293457,3.1575310230255127,0.5567126274108887
2139474203.0,-0.6950421929359436,-0.4409704506397247,9.708062171936035,3.57140588760376,3.2637529373168945,0.6026132702827454
2139482536.0,-1.4415208101272583,0.1121237352490425,10.05534839630127,3.558624029159546,3.724655389785767,0.5484904050827026
2139490869.0,-1.2893104553222656,0.5165599584579468,9.82642936706543,4.082614421844482,3.753727674484253,0.6732574105262756
2139499202.0,-0.1966703236103058,0.0221720300614833,10.842928886413574,3.833234071731568,1.1808801889419556,0.6272284984588623
2139507535.0,-0.2012600302696228,-0.3800293207168579,10.839678764343262,2.610154628753662,-2.931549072265625,0.5303810834884644
2139515868.0,-0.7672623991966248,-0.144838348031044,9.538681030273438,2.049997091293335,-3.637016773223877,0.4667810499668121
2139524201.0,-0.4052059948444366,0.1203291192650795,8.536190032958984,3.2017667293548584,-1.0024900436401367,0.6941842436790466
2139532534.0,-0.2904193103313446,0.4815298914909363,8.884589195251465,4.705680847167969,1.0926904678344729,0.3858400583267212
2139540867.0,-0.2152070105075836,0.3815369606018066,10.492598533630373,3.681572675704956,2.5278563499450684,0.382689505815506
2139549200.0,-1.2364871501922607,0.1558813154697418,9.79887866973877,1.4881484508514404,3.781492948532105,0.5246947407722473
2139557533.0,-1.0048750638961792,0.2595118880271911,9.32613754272461,1.8872696161270144,4.387296199798584,0.5137319564819336
2139565866.0,-0.4201419353485107,0.165638580918312,10.454206466674805,2.878309488296509,2.461233139038086,0.7367292642593384
2139574199.0,-0.745644748210907,-0.4932599067687988,10.87987995147705,2.542353630065918,-1.4782230854034424,0.2747510969638824
2139582532.0,-0.6656414866447449,-0.2488503009080886,9.662275314331056,1.999152660369873,-2.689443826675415,0.4527187645435333
2139590865.0,-0.3140764832496643,-0.4906906485557556,9.123635292053224,2.666147470474243,-2.1884803771972656,0.6928266286849976
2139599198.0,-0.0622165948152542,-0.5276974439620972,9.401535034179688,3.308321714401245,-1.23240327835083,0.5907282829284668
2139607531.0,-0.103753000497818,-0.6383121013641357,9.644413948059082,2.956125974655152,0.1967813521623611,0.7441831827163696
2139615864.0,-1.2541134357452393,0.2197491228580474,8.749932289123535,3.4907209873199463,2.836533308029175,0.4131447970867157
2139624197.0,-0.2892829477787018,0.8297072649002075,9.837371826171877,4.428637504577637,4.622409343719482,0.400901198387146
2139632530.0,-0.4812246561050415,0.3744152784347534,10.967519760131836,3.982821226119995,2.91811466217041,0.4804846048355102
2139640863.0,-0.5095903873443604,0.5586953163146973,10.61796760559082,2.118438005447388,0.596004843711853,0.4472117125988006
2139649196.0,-0.9690412878990172,0.5212180018424988,9.379571914672852,1.8502826690673828,-0.3317811787128448,0.6885491013526917
2139657529.0,-0.6333045959472656,0.2927952110767364,9.70917510986328,2.6836931705474854,-0.7714495658874512,0.2490856349468231
2139665862.0,-0.2008275389671325,0.2594724595546722,9.854731559753418,2.560796022415161,-0.85684734582901,0.4588405787944793
2139674195.0,-0.7520055174827576,0.1080500483512878,9.767199516296388,2.3953025341033936,-0.187393769621849,0.2976758480072021
2139682528.0,-0.9056248068809508,0.2654146254062652,9.202629089355469,1.7902686595916748,1.7990543842315674,0.2340500950813293
2139690861.0,-0.1590686738491058,0.1661738157272339,9.498035430908203,2.2891829013824463,2.530187129974365,0.4627596139907837
2139699194.0,-0.5522759556770325,-0.5043516755104065,10.154738426208496,2.3560357093811035,0.97371244430542,0.4195996224880218
2139707527.0,-1.5122530460357666,-0.2081273645162582,10.055124282836914,1.515965700149536,1.327368140220642,0.4152707457542419
2139715860.0,-0.6321220397949219,0.4225726425647735,9.763493537902832,2.2980964183807373,1.4919651746749878,0.4688557386398315
2139724193.0,-0.0354423262178897,0.4940008223056793,10.466171264648438,3.4517619609832764,-1.0061784982681274,0.2677840292453766
2139732526.0,-0.1031019538640976,0.5381446480751038,10.684051513671877,2.2686657905578613,-2.609015226364136,0.2840490937232971
2139740859.0,-0.8976030945777893,0.2010664194822311,9.342679023742676,0.5496174097061157,-1.48137366771698,0.3907323777675628
2139749192.0,-0.33717080950737,0.0560065992176532,8.930933952331543,0.4214182496070862,1.2209665775299072,0.4399116933345794
2139757525.0,-0.0416784584522247,-0.1471471488475799,9.599005699157717,1.5533369779586792,2.626137971878052,0.9027097225189208
2139765858.0,-0.4877197444438934,-0.6970270872116089,10.507231712341309,1.635379195213318,1.5856873989105225,0.6289703249931335
2139774191.0,-0.7310845851898193,0.3033920228481293,9.25574016571045,1.9670835733413696,1.118996262550354,0.4044872224330902
2139782524.0,-1.1666368246078491,0.3009155094623565,9.984291076660156,2.931818008422852,1.859606146812439,0.7252286076545715
2139790857.0,-0.8842813372612,-0.2376591861248016,10.539898872375488,1.3284950256347656,1.4971647262573242,0.5884742736816406
2139799190.0,-0.3859173357486725,0.3261195719242096,9.879857063293455,0.8854200839996338,0.1496255546808242,0.6405479311943054
2139807523.0,-0.4123266041278839,-0.3152949213981628,9.970399856567385,1.4661459922790527,-1.7628228664398191,0.5365285873413086
2139815856.0,-0.7223097085952759,0.0126895969733595,9.738188743591309,1.816036581993103,-1.7230697870254517,0.330154687166214
2139824189.0,-0.4073610305786133,-0.6214325428009033,9.943302154541016,2.0192084312438965,-0.3596238493919372,0.5512567162513733
2139832522.0,-0.1034170389175415,-0.3847172260284424,9.846632957458496,2.283522129058838,0.7109102606773376,0.7707451581954956
2139840855.0,-0.2364565432071685,-0.0026286116335541,10.12993335723877,3.0083794593811035,1.079447865486145,0.8466657996177673
2139849188.0,-0.3188514113426208,0.24824258685112,10.263360977172852,3.1431868076324463,1.495781660079956,0.584043025970459
2139857521.0,-0.7524028420448303,0.6478285789489746,9.730913162231444,2.9622738361358643,1.7121964693069458,0.2729837298393249
2139865854.0,-0.8839090466499329,0.2439112216234207,9.978789329528809,2.750187873840332,1.9594762325286863,0.3539247214794159
2139874187.0,-0.5379927158355713,-0.509194552898407,10.620595932006836,1.4035192728042605,1.54457688331604,0.6872427463531494
2139882520.0,-0.3870689570903778,-0.2809851169586181,9.924748420715332,1.3699132204055786,0.1694509536027908,0.7065045833587646
2139890853.0,-0.0824068263173103,0.0644327476620674,9.954353332519531,2.8913733959198,-1.0641690492630005,0.6329149603843689
2139899186.0,-0.7672964930534363,0.1129888445138931,10.379237174987791,3.217519760131836,-1.213705062866211,0.3025937974452972
2139907519.0,-0.5978621244430542,-0.4614089429378509,10.22317123413086,1.7786909341812134,0.7953092455863953,0.3746978640556335
2139915852.0,-0.0353973805904388,-0.4842401146888733,9.151381492614746,1.3329520225524902,2.5523176193237305,1.057086706161499
2139924185.0,-0.4445651769638061,0.6958475708961487,9.810483932495115,2.9425504207611084,2.045591115951538,0.934138298034668
2139932518.0,-0.9142413139343262,0.4425805807113647,10.552311897277832,2.5453248023986816,2.023102045059204,0.6646509766578674
2139940851.0,-1.0518701076507568,0.1703353226184845,9.601162910461426,1.7638092041015625,2.2960729598999023,0.5079687237739563
2139949184.0,-0.2162355631589889,-0.3045324087142944,10.289779663085938,1.3355133533477783,0.8857017755508423,0.7794539332389832
2139957517.0,-0.7371004819869995,0.2080118209123611,10.046525955200195,0.9983788132667542,-0.8498034477233887,0.8214356899261475
2139965850.0,-0.6645485758781433,0.4075849950313568,10.342659950256348,1.4389435052871704,-1.1701350212097168,0.5003355741500854
2139974183.0,-0.364427387714386,0.1050373390316963,9.94448947906494,1.5432449579238892,-0.4024508893489837,0.5259243249893188
2139982516.0,-0.2850379049777984,-0.2860076129436493,9.703367233276367,1.5856107473373413,0.3694469034671783,0.4469555914402008
2139990849.0,0.0894656851887703,-0.4680453240871429,9.68474006652832,1.4398658275604248,0.7611653804779053,0.5426504015922546
2139999182.0,-0.7271386981010437,0.080681636929512,9.607462882995604,1.7576359510421753,1.165460467338562,0.49260014295578
2140007515.0,-1.2444981336593628,0.3764873743057251,9.197887420654297,2.158729314804077,2.89337158203125,0.2942179143428802
2140015848.0,-0.6058284640312195,-0.1964970380067825,10.118502616882324,2.245689868927002,3.621174335479736,0.5304067730903625
2140024181.0,-0.8146737217903137,-0.7862443923950195,10.564592361450195,1.028270602226257,1.294914722442627,0.3266455233097076
2140032514.0,-0.4566875696182251,-0.6764872670173645,10.035174369812012,0.8590885996818542,-0.6003720164299011,0.6811977028846741
2140040847.0,-0.4416153728961944,-0.4548628032207489,9.33225154876709,2.372992515563965,-1.828728556632996,0.5992066264152527
2140049180.0,-0.7575722932815552,-0.1343830227851867,9.79883861541748,3.5053975582122803,-2.027340888977051,0.1045188829302787
2140057513.0,-0.2838645577430725,-0.3388841152191162,9.843414306640623,2.5689408779144287,0.1221414729952812,0.590241551399231
2140065846.0,-0.4508205652236938,-0.858796238899231,9.391319274902344,1.920337557792664,1.2250134944915771,0.6184684634208679
2140074179.0,-0.3815985918045044,-0.5874688625335693,9.69542121887207,2.349939584732056,1.9260495901107788,0.5560466051101685
2140082512.0,-0.7464499473571777,-0.7295202612876892,9.908731460571287,2.9632723331451416,2.1498923301696777,0.6855265498161316
2140090845.0,-0.3736187815666199,-0.4086812138557434,9.944686889648438,4.071318626403809,1.3934017419815063,0.5580958127975464
2140099178.0,-0.3709094822406769,0.1954260766506195,10.150724411010742,4.183483600616455,0.2550281286239624,0.8385716080665588
2140107511.0,-0.6330844163894653,0.0665425509214401,9.838788986206056,3.725244045257568,-0.841478705406189,0.5594276189804077
2140115844.0,-0.3674512505531311,-0.0642458125948906,9.39986515045166,2.821446657180786,-0.7174547910690308,0.5428552627563477
2140124177.0,-0.8585535883903503,0.0335167460143566,9.513943672180176,2.6521365642547607,0.6111172437667847,0.8556050658226013
2140132510.0,-0.8701323866844177,-0.1827228814363479,9.994857788085938,2.833818197250366,1.811528444290161,0.6762285828590393
2140140843.0,-0.268507719039917,-0.3170221447944641,9.806851387023926,3.157658338546753,2.0309395790100098,0.8750461935997009
2140149176.0,-0.1560152024030685,-0.5400707125663757,10.304858207702637,3.738590002059937,0.1911718398332595,0.9499167799949646
2140157509.0,-1.3199442625045776,0.1952377706766128,10.023487091064451,3.550018072128296,-0.4561383426189422,0.6198261380195618
2140165842.0,-0.7218083739280701,0.2435929328203201,9.192156791687012,3.55849552154541,0.6912640333175659,0.5386801362037659
2140174175.0,-0.0814651772379875,0.2552487552165985,9.853290557861328,4.2876057624816895,0.4024636745452881,0.7021758556365967
2140182508.0,-0.411722868680954,-0.4704562723636627,10.81552028656006,2.878361225128174,-0.4873364567756653,0.6716181039810181
2140190841.0,-0.6705797910690308,-0.2510572373867035,9.243517875671388,2.055017232894897,0.181976318359375,0.7924916744232178
2140199174.0,-0.617695689201355,0.3080526888370514,9.106499671936035,4.212197303771973,0.9675905704498292,0.6287398338317871
2140207507.0,-0.3447889983654022,0.2556782364845276,10.325425148010254,5.005981922149658,1.0430244207382202,0.6807366013526917
2140215840.0,-0.5062242150306702,-0.1389700919389724,10.474567413330078,3.617613554000856,0.2660934329032898,0.4271813929080963
2140224173.0,-0.7154040336608887,0.2447515130043029,9.748249053955078,2.5072109699249268,0.5974135994911194,0.6686724424362183
2140232506.0,-0.3741651177406311,0.1855248063802719,9.681278228759766,2.682053804397583,1.2170220613479614,0.979449987411499
2140240839.0,-0.2336582541465759,0.228298932313919,9.820069313049316,3.303557872772217,-0.3763499855995178,0.5627831816673279
2140249172.0,-1.0403451919555664,0.4748691618442535,9.837270736694336,3.389698505401612,-0.4798315167427063,0.2371494323015213
2140257505.0,-0.6063185930252075,-0.1749559640884399,9.985300064086914,2.282855987548828,1.23748779296875,0.8920798301696777
2140265838.0,-0.4592674970626831,-0.118134930729866,9.978373527526855,1.8760762214660645,1.2254490852355957,0.9690762162208556
2140274171.0,-0.5737242102622986,0.140609323978424,10.314127922058104,2.540586471557617,0.2725226581096649,0.8517630100250244
2140282504.0,-0.5700517296791077,-0.1445434093475341,10.341541290283203,2.686818122863769,-0.3367247581481933,0.4029503166675567
2140290837.0,-0.0201282110065221,-0.5814385414123535,10.13217830657959,3.04377818107605,-0.873394250869751,0.6984105706214905
2140299170.0,-0.5160547494888306,-0.306028664112091,9.608781814575195,3.1223628520965576,-0.8449623584747314,0.8027116656303406
2140307503.0,-0.630847692489624,0.2525410950183868,9.68586540222168,3.504014253616333,0.411172479391098,0.5852980613708496
2140315836.0,-0.4258709847927093,0.0239585489034652,9.64739227294922,3.565155506134033,0.833474338054657,0.4332007169723511
2140324169.0,-0.4338715672492981,-0.2050003558397293,9.716318130493164,3.415952682495117,1.230802297592163,0.6002055406570435
2140332502.0,-0.2853066027164459,-0.1395198255777359,9.914512634277344,2.9177815914154053,0.8665935397148132,0.518521785736084
2140340835.0,-0.7593874335289001,0.2037105709314346,10.201921463012695,3.292646169662476,0.1470385193824768,0.3821516335010528
2140349168.0,-0.5925132036209106,-0.0904858112335205,10.071796417236328,3.2369093894958496,0.0423019118607044,0.4877590835094452
2140357501.0,-0.1607907861471176,-0.4436132609844208,9.881099700927734,3.464210271835327,-0.2321418523788452,0.5999494791030884
2140365834.0,-0.2336103320121765,-0.145526498556137,10.164714813232422,3.535084724426269,-0.4201759397983551,0.715725839138031
2140374167.0,-0.656195342540741,-0.2476139515638351,9.840688705444336,3.0847866535186768,-0.0320946387946605,0.6087863445281982
2140382500.0,-0.295028418302536,-0.0340762808918952,9.428043365478516,3.652243852615357,0.906782329082489,0.4788196980953216
2140390833.0,-0.3559284508228302,0.1793838143348693,10.25039005279541,4.219650745391846,1.2336201667785645,0.6477711796760559
2140399166.0,-0.4447857141494751,0.4162048101425171,10.689295768737791,3.365825891494751,1.08280348777771,0.5851700305938721
2140407499.0,-0.6974967122077942,0.675886332988739,9.568042755126951,2.862966775894165,0.6563519835472107,0.470571905374527
2140415832.0,-0.6246364116668701,0.6647409796714783,10.197588920593262,2.9157071113586426,1.0216878652572632,0.6415725946426392
2140424165.0,-0.495452731847763,0.2501069903373718,10.393349647521973,1.8679566383361816,0.4730564951896667,0.7035077810287476
2140432498.0,-0.1351334601640701,0.2633839249610901,9.93101692199707,1.755100131034851,-0.6073646545410156,0.437145322561264
2140440831.0,-0.1754796504974365,0.5018671154975891,9.725818634033203,2.2311153411865234,-0.8099477291107178,0.6030743718147278
2140449164.0,-0.5396612286567688,0.6354657411575317,9.732503890991213,2.3523473739624023,-0.0485645867884159,0.510735034942627
2140457497.0,-0.1509268879890442,0.0635586529970169,9.88892936706543,1.620625376701355,0.8774540424346924,0.4884250164031982
2140465830.0,-0.4301742613315582,-0.2006573528051376,9.656842231750488,0.9372888207435608,1.6863515377044678,0.5834025740623474
2140474163.0,-0.3776330351829529,-0.2062485814094543,9.639423370361328,1.5095622539520264,2.0735108852386475,0.5724141597747803
2140482496.0,-0.3899653255939483,-0.2297848761081695,9.803426742553713,2.3815219402313232,1.9429551362991333,0.6494618058204651
2140490829.0,-0.90874046087265,0.0143361333757638,9.823765754699709,2.7924511432647705,1.4347686767578125,0.5421124696731567
2140499162.0,-0.8270807266235352,-0.6240591406822205,9.89327907562256,2.58200478553772,1.176013708114624,0.4670884013175964
2140507495.0,-0.2105753421783447,-0.587680995464325,9.89206314086914,2.2827792167663574,0.4264898002147674,0.6351433396339417
2140515828.0,-0.2039258182048797,0.3273895382881164,9.564857482910156,3.065524339675904,-0.720605194568634,0.7214121222496033
2140524161.0,-0.5633872747421265,0.506969690322876,9.878341674804688,3.876778364181519,-0.1749708205461502,0.4222634434700012
2140532494.0,-0.8139564394950867,0.2421793937683105,9.78524398803711,3.257605791091919,1.2261406183242798,0.5229530930519104
2140540827.0,-0.5051576495170593,-0.2991396486759186,9.86757755279541,2.096128225326538,2.784536361694336,0.901019275188446
2140549160.0,-0.6389883160591125,-0.1144171804189682,10.147988319396973,1.893749952316284,3.052025556564331,1.1228638887405396
2140557493.0,-0.6903066039085388,0.5040858387947083,10.104418754577637,2.9699835777282715,1.7538708448410034,0.6843996047973633
2140565826.0,-0.2410421520471573,0.2050231248140335,10.593847274780272,3.6636674404144287,-0.0138060702010989,0.589806079864502
2140574159.0,-0.5884048938751221,-0.3909241855144501,10.050363540649414,2.3249402046203613,-1.0818428993225098,0.630737841129303
2140582492.0,-0.1406623572111129,-0.4402945935726166,9.16147804260254,1.5093828439712524,-0.646580159664154,0.7786599397659302
2140590825.0,-0.623437762260437,0.1411852985620498,8.634779930114746,2.373530149459839,0.304617315530777,0.8373165130615234
2140599158.0,-0.6749842166900635,0.7532376050949097,9.581366539001465,3.235628366470337,2.2968153953552246,0.6081458926200867
2140607491.0,-0.7091091275215149,0.715253472328186,10.159995079040527,2.804720640182495,3.7587227821350098,0.6837335824966431
2140615824.0,-0.9094731211662292,0.0878571271896362,10.642151832580566,1.404979228973389,3.0271801948547363,0.5413185358047485
2140624157.0,-0.9488452672958374,-0.2706624567508697,10.107280731201172,0.4661149978637695,1.9329909086227417,0.8060158491134644
2140632490.0,-0.5627169609069824,-0.5490292906761169,9.87928867340088,1.3965264558792114,0.4560998678207397,1.133288860321045
2140640823.0,0.1187023818492889,-0.2490754723548889,10.329221725463867,2.659435987472534,-2.418675184249878,0.7332971096038818
2140649156.0,-0.4203068614006042,0.1889133304357528,10.200629234313965,2.8882737159729004,-2.9819321632385254,0.4831740856170654
2140657489.0,-0.6081171631813049,-0.2186651676893234,9.201945304870604,1.9002560377120967,-0.4895648658275604,0.4991317689418793
2140665822.0,-0.0260627437382936,-0.1026088371872901,8.501688957214355,1.977354884147644,2.330242395401001,0.638063371181488
2140674155.0,-0.3239307403564453,-0.0373922474682331,9.773630142211914,2.2865700721740723,3.31352162361145,0.7579636573791504
2140682488.0,-0.9944108724594116,-0.3126475214958191,10.263148307800291,1.864857196807861,3.817251443862915,0.457892894744873
2140690821.0,-1.103402018547058,-0.5186812281608582,9.78227424621582,1.9772268533706665,4.177899360656738,0.6442877054214478
2140699154.0,-0.5607059001922607,-0.5957888960838318,10.176788330078123,2.964040517807007,2.0368568897247314,0.957011878490448
2140707487.0,-0.4974415302276611,-0.7145078182220459,10.077433586120604,3.4127769470214844,-0.781592845916748,0.8984834551811218
2140715820.0,-0.1926822215318679,-0.6605122089385986,9.93990707397461,3.420691728591919,-2.9935102462768555,0.8413892388343811
2140724153.0,-0.4695954918861389,-0.130625769495964,9.170649528503418,3.421255350112915,-2.614137887954712,0.5227993726730347
2140732486.0,-0.1876707673072815,0.4494606852531433,9.30588436126709,3.611055850982666,0.3917568325996399,0.7989462614059448
2140740819.0,-0.904171109199524,0.2259984314441681,10.111592292785645,3.240546703338623,2.933278083801269,0.7273290157318115
2140749152.0,-0.9470386505126952,-0.0395434163510799,10.185426712036133,2.2257871627807617,4.944840431213379,0.633606493473053
2140757485.0,-0.5331407785415649,0.1260913163423538,9.99740982055664,2.823572397232056,4.89028263092041,1.037952899932861
2140765818.0,-0.2475350797176361,0.1963260471820831,11.53065013885498,3.5890018939971924,1.5852265357971191,0.8348575234413147
2140774151.0,-0.8933427929878235,0.1132216528058052,11.049917221069336,2.561487436294556,-1.4874699115753174,0.9028632640838624
2140782484.0,-0.8291110396385193,-0.2560531198978424,9.82518482208252,1.8080450296401973,-1.411651849746704,0.8552209734916687
2140790817.0,-0.1090439558029174,-0.4600306451320648,8.869424819946289,2.1099343299865723,-0.8962677717208862,0.9400040507316588
2140799150.0,-0.3393245935440063,-0.2383032292127609,9.556270599365234,3.110707998275757,-0.0303784813731908,0.8812705278396606
2140807483.0,-0.4180241525173187,-0.6121053099632263,9.949889183044434,2.615252017974853,1.6125314235687256,0.7691314220428467
2140815816.0,-0.6159407496452332,-0.4533907175064087,9.185758590698242,3.090754747390747,3.2057368755340576,1.1631041765213013
2140824149.0,-0.7942810654640198,0.2539649903774261,9.603009223937988,4.422131538391113,3.672658920288086,1.0210732221603394
2140832482.0,-1.0683585405349731,0.0633840858936309,10.76388931274414,4.039377212524414,3.13060998916626,0.9205114245414734
2140840815.0,-0.8135644197463989,-0.107832483947277,10.360273361206056,2.671577453613281,1.074094533920288,0.6136273741722107
2140849148.0,-0.3994637429714203,0.3737674355506897,9.834148406982422,2.9344820976257324,-0.2188480347394943,0.8373677730560303
2140857481.0,-0.3368828594684601,-0.1772273778915405,10.363739967346191,3.1571462154388428,-1.9016517400741573,1.1126949787139893
2140865814.0,-0.4470361471176147,-0.2480987310409546,9.745607376098633,2.85807466506958,-2.1813085079193115,0.8646724820137024
2140874147.0,-0.7252479195594788,-0.4157368540763855,8.916072845458984,3.259373188018799,0.4565353393554687,1.1230690479278564
2140882480.0,-0.6033754944801331,0.3105009794235229,8.978450775146484,4.238656044006348,2.6295957565307617,1.0541921854019165
2140890813.0,-0.5322843790054321,0.9536818265914916,10.414346694946287,4.812159538269043,3.6052167415618896,0.7342960834503174
2140899146.0,-0.1731927394866943,0.2123705744743347,11.54463005065918,2.972954511642456,2.424604892730713,1.017768621444702
2140907479.0,-0.6252368688583374,0.5208950042724609,10.165924072265623,1.7420880794525146,0.8824231624603271,0.8233054876327515
2140915812.0,-0.9148382544517516,0.1615208685398101,9.85586643218994,2.151762247085572,0.4979535639286041,0.925480842590332
2140924145.0,-0.7504849433898926,-0.0032266278285533,9.804527282714844,2.6379716396331787,0.6662647128105164,0.934958040714264
2140932478.0,-0.1620716303586959,-0.5769707560539246,9.433725357055664,2.7529029846191406,0.1226537674665451,0.850430965423584
2140940811.0,-0.3227042853832245,-0.0561745762825012,9.18922233581543,3.154559850692749,-0.0984867364168167,1.1780370473861694
2140949144.0,-1.2525150775909424,0.3733358681201935,9.382351875305176,3.106276750564575,1.1563674211502075,0.8369067907333374
2140957477.0,-0.9685041308403016,0.4906359314918518,9.216594696044922,2.9993629455566406,2.6789798736572266,0.8738680481910706
2140965810.0,-0.3173309862613678,-0.4834595620632171,10.236065864562988,2.677417516708374,2.3735814094543457,1.1251436471939087
2140974143.0,-0.6640089154243469,-0.1129203736782074,9.92057991027832,2.10114860534668,0.6330685615539551,1.0252994298934937
2140982476.0,-0.588242769241333,0.1835599988698959,10.133336067199709,3.129073143005371,-0.0653162971138954,1.089668035507202
2140990809.0,-0.8880472779273987,0.4188739657402038,10.04314422607422,3.4325761795043945,-0.6245262622833252,0.8370859622955322
2140999142.0,-0.5556083917617798,0.552425742149353,9.989535331726074,3.137167930603028,-0.0582211539149284,0.8563479781150818
2141007475.0,-0.1642826795578003,0.1830225437879562,9.725296020507812,2.3829562664031982,0.5628344416618347,0.9191540479660034
2141015808.0,-0.2945369482040405,0.8005870580673218,9.816289901733398,1.9645477533340447,0.3123528063297272,1.029346585273743
2141024141.0,-0.8235113620758057,0.9405208230018616,9.75363063812256,1.7401926517486572,1.3342583179473877,0.9701263308525084
2141032474.0,-0.5986588001251221,0.9082634449005128,9.761116981506348,1.603745698928833,2.12883734703064,0.7496902346611023
2141040807.0,-0.3680625557899475,0.3658449053764343,10.274465560913086,1.772902250289917,1.2191736698150637,0.7365245819091797
2141049140.0,-0.7414635419845581,-0.1336791515350341,10.265116691589355,0.3390428423881531,1.0279889106750488,0.979526698589325
2141057473.0,-1.1001960039138794,0.1693235039710998,9.344221115112305,0.5699551105499268,1.740269422531128,0.933190643787384
2141065806.0,-0.3003800213336944,-0.0691499859094619,9.928482055664062,1.5713436603546145,1.2431997060775757,0.9879027009010316
2141074139.0,-0.1849098354578018,-0.5825802087783813,10.148521423339844,1.488456130027771,-0.8866111636161804,0.9088314771652222
2141082472.0,-0.8989442586898804,-0.3430624008178711,8.997872352600098,1.34119975566864,-1.067191481590271,0.6264857053756714
2141090805.0,-0.3584917783737182,-0.0579360611736774,9.13681983947754,1.5707801580429075,0.6122954487800598,0.8245606422424316
2141099138.0,-0.4270251095294952,0.1884798556566238,9.496299743652344,1.924743294715881,1.1571102142333984,0.6776118278503418
2141107471.0,-0.4432846307754516,0.1730041354894638,10.27125358581543,1.8240025043487549,1.206161618232727,0.7041225433349609
2141115804.0,-0.455166608095169,0.1533558368682861,10.01998805999756,1.2913289070129397,1.6241346597671509,0.7137022614479065
2141124137.0,-0.6474440097808838,0.0159416832029819,10.078285217285156,1.4414026737213137,1.3606665134429932,0.9315512776374816
2141132470.0,-0.7610447406768799,-0.0281363409012556,10.057794570922852,1.135875940322876,1.438636302947998,1.057803750038147
2141140803.0,-0.168112650513649,-0.1671186834573745,9.854201316833496,1.693395495414734,1.042896389961243,1.1654860973358154
2141149136.0,-0.9382871389389038,-0.1001989021897316,9.880904197692873,2.12192177772522,0.1866637170314788,0.884779691696167
2141157469.0,-1.131083369255066,-0.5642858743667603,9.968154907226562,1.4480880498886108,0.9134933352470398,0.7084513306617737
2141165802.0,0.4477028250694275,-0.2932130098342895,9.160036087036133,1.88171136379242,1.1324437856674194,1.1411014795303345
2141174135.0,-0.2795373797416687,0.1957394331693649,10.114994049072266,2.9915246963500977,-0.8344604969024658,0.9024022817611694
2141182468.0,-1.3562006950378418,0.2997893393039703,9.917879104614258,1.7419344186782837,0.5402682423591614,0.4780256152153015
2141190801.0,-1.0275309085845947,-0.2755687534809112,8.993141174316406,1.5010581016540527,3.2473597526550293,0.7791978120803833
2141199134.0,0.2128737270832061,-0.6655547022819519,10.321539878845217,2.012292623519897,2.8608412742614746,1.2468881607055664
2141207467.0,-0.7667848467826843,-0.6168410778045654,10.41718864440918,1.9685437679290767,0.7377028465270996,1.607639193534851
2141215800.0,-1.4255485534667969,-0.2068003416061401,9.3054838180542,2.856076717376709,-0.2885443270206451,0.7618569135665894
2141224133.0,-0.7720760703086853,0.3019348084926605,9.101052284240724,4.102209568023682,0.3696774840354919,0.9295790195465088
2141232466.0,-0.2014734447002411,-0.8061564564704895,10.556097030639648,3.35742449760437,0.0235266759991645,1.3951691389083862
2141240799.0,-0.8337101936340332,-0.3086062967777252,10.253942489624023,1.495346188545227,-1.03448224067688,0.7363196611404419
2141249132.0,-0.7154449820518494,0.7381458282470703,9.74105167388916,2.269946336746216,0.1436062008142471,0.962851881980896
2141257465.0,-0.220589742064476,0.2897521555423736,9.983613967895508,3.57647705078125,0.7079133987426758,0.9362130761146544
2141265798.0,-0.0932484343647956,0.6612130403518677,10.892970085144045,3.4127511978149414,0.3293606638908386,0.7715135812759399
2141274131.0,-0.6404799818992615,-0.0088942414149641,10.612422943115234,1.4512128829956057,0.670106828212738,0.933446764945984
2141282464.0,-0.3265897631645202,0.0700521096587181,9.325841903686523,0.7271496653556824,1.631767511367798,1.0133631229400637
2141290797.0,-0.2017303109169006,0.0252259634435176,9.224726676940918,2.431341648101806,1.3658151626586914,1.0869016647338867
2141299130.0,-0.6762486696243286,-0.0194901768118143,10.314212799072266,2.9043338298797607,0.8832172155380249,0.8848052620887756
2141307463.0,-0.9346268177032472,-0.5730512142181396,10.024174690246582,1.6951884031295776,1.3101297616958618,0.769310712814331
2141315796.0,-0.686586320400238,-0.2129672318696975,9.181370735168455,1.867085576057434,1.6147853136062622,1.0780646800994873
2141324129.0,-0.2839038372039795,-0.0116620101034641,10.26065158843994,2.496990919113159,0.8298883438110352,1.2251672744750977
2141332462.0,-0.5259658098220825,0.3260744214057922,10.38185691833496,2.0624454021453857,-0.27760711312294,0.5954157114028931
2141340795.0,-0.4852418899536133,-0.1937419027090072,9.883935928344728,1.2627688646316528,-0.2056054472923278,0.4369148015975952
2141349128.0,-0.3506772816181183,-0.2190788090229034,9.445510864257812,1.6535909175872805,0.9418737888336182,0.8390839099884033
2141357461.0,-0.7034794688224792,-0.5490499138832092,9.994659423828123,1.9879848957061768,1.781406044960022,0.9918473362922668
2141365794.0,-0.4845670461654663,-0.0806956961750984,9.869898796081545,2.2088305950164795,1.9693119525909424,0.8765575289726257
2141374127.0,-0.1429295390844345,-0.0279948860406875,10.007246971130373,3.1645493507385254,0.8938215374946594,0.670260488986969
2141382460.0,-0.4120028018951416,0.0535328686237335,10.25082778930664,2.880282402038574,0.0967065468430519,0.5257706046104431
2141390793.0,-0.67274409532547,-0.1900559365749359,9.703533172607422,2.0058634281158447,0.4485692679882049,0.5247203707695007
2141399126.0,-0.5500364899635315,0.0399341061711311,9.31915283203125,1.6328178644180298,1.7420880794525146,0.8477414846420288
2141407459.0,-0.9298040866851808,-0.1778077185153961,9.906377792358398,2.147509813308716,1.964470624923706,0.6901370882987976
2141415792.0,-0.747138500213623,-0.209732711315155,9.472575187683104,2.200890302658081,2.002021312713623,0.487810343503952
2141424125.0,-0.5801423192024231,-0.5750522613525391,10.138995170593262,3.0947248935699463,1.5083072185516355,0.6242061257362366
2141432458.0,-0.7066619396209717,-0.870542049407959,10.832819938659668,1.9986401796340945,0.3067944943904876,0.9609820246696472
2141440791.0,-1.0834792852401731,-0.089325338602066,9.348280906677246,2.2591371536254883,0.0617687292397022,0.900301992893219
2141449124.0,-0.1502344459295272,-0.0780612453818321,9.906210899353027,3.9362289905548096,-0.6736799478530884,0.7900069952011108
2141457457.0,-0.2706835567951202,-0.6092081665992737,10.350183486938477,3.3951539993286133,-1.1459039449691772,1.124733805656433
2141465790.0,-0.4906879961490631,-1.1184706687927246,9.827474594116213,1.8533562421798704,-0.3844952583312988,1.2078520059585571
2141474123.0,-0.7775292992591858,0.0600504241883754,8.797677993774414,2.8920140266418457,1.2375648021697998,1.2068020105361938
2141482456.0,-0.5894210338592529,0.2449478507041931,9.655213356018066,4.990178108215332,1.8202883005142207,1.015130639076233
2141490789.0,-0.3174158930778503,0.2991151213645935,10.64289379119873,4.832522392272949,1.1299591064453125,0.994562327861786
2141499122.0,-0.7526931762695312,-0.0054030185565352,10.874950408935549,2.685332536697388,0.327849417924881,0.9470736384391784
2141507455.0,-0.7938200831413269,1.1290377378463743,9.448247909545898,1.991161108016968,0.4531030058860779,1.0087014436721802
2141515788.0,-0.1647405475378036,0.5046176314353943,10.063045501708984,3.1171114444732666,-0.2912082076072693,0.8911832571029663
2141524121.0,-0.139337345957756,-0.1934625208377838,10.382413864135742,2.596886396408081,-1.4274815320968628,0.8405184149742126
2141532454.0,-0.3974998593330383,-0.5953356027603149,9.365442276000977,1.6167577505111694,-0.9635818600654602,1.3133058547973633
2141540787.0,-0.3583224415779114,0.1481789052486419,9.068260192871094,2.350964069366455,0.3870438933372497,1.0736078023910522
2141549120.0,-0.2700034379959106,0.4114680290222168,9.795880317687988,3.5503249168396,0.8863933682441711,0.8961780071258545
2141557453.0,-0.5368849039077759,0.2820942103862762,10.330127716064451,3.215495347976685,1.7672410011291504,0.7751250863075256
2141565786.0,-0.5095468759536743,-0.1158490926027298,10.127599716186523,2.073536396026612,1.9347072839736936,0.9393893480300904
2141574119.0,-0.3807204961776733,0.4029827713966369,9.574785232543944,1.9907768964767456,1.45625901222229,1.173144817352295
2141582452.0,-0.9280601739883424,0.2402843236923217,10.020421981811523,2.7344603538513184,0.3753125369548797,0.9843422174453736
2141590785.0,-0.8154445290565491,0.022279841825366,9.847596168518066,2.3260157108306885,-0.051407765597105,0.6564288139343262
2141599118.0,0.0547822304069995,-0.1271769255399704,9.689986228942873,2.492738962173462,-0.721911609172821,1.07263445854187
2141607451.0,-0.4382950365543365,0.0305209103971719,9.812795639038086,2.623806953430176,-1.4864706993103027,0.987057328224182
2141615784.0,-0.694440484046936,0.4831306636333465,9.528063774108888,2.431546449661255,-0.5975545048713684,0.8456668853759766
2141624117.0,-0.2843713760375976,0.4014329612255096,9.67276096343994,2.340974807739258,0.7903144359588623,0.7323238849639893
2141632450.0,-0.2706248760223388,0.4739261865615845,10.123666763305664,2.2321910858154297,0.8784786462783813,0.5538182258605957
2141640783.0,-0.2227100878953933,-0.307167112827301,10.469157218933104,1.3890985250473022,0.9288106560707092,0.708861231803894
2141649116.0,-0.3303309082984924,-0.3039406836032867,9.535717964172363,1.3879969120025637,0.580124020576477,0.7692338228225708
2141657449.0,-0.4200584888458252,0.0806611776351928,9.743576049804688,2.500551462173462,0.2593569457530975,0.6379609704017639
2141665782.0,-0.6265182495117188,0.4618754982948303,10.048577308654783,2.763379096984864,0.0393050462007522,0.5314313769340515
2141674115.0,0.0299221090972423,-0.4199643135070801,10.25486660003662,2.0452067852020264,-0.1892123371362686,0.4941113591194153
2141682448.0,0.1658529639244079,-0.2221458405256271,9.755440711975098,1.254623532295227,-0.2961517870426178,0.9994032979011536
2141690781.0,-0.3736381530761719,-0.1760586202144622,9.624126434326172,1.427135705947876,-0.2277361750602722,0.9177966713905334
2141699114.0,-1.0581263303756714,0.4406114518642425,8.960453033447266,2.508798837661743,1.4195023775100708,0.4795880317687988
2141707447.0,-0.2013186961412429,-0.4049865007400512,10.08321762084961,2.8778231143951416,2.7364840507507324,0.6206456422805786
2141715780.0,-0.1896861940622329,-0.6002378463745117,10.67531394958496,1.652540922164917,1.831276774406433,0.8727923035621643
2141724113.0,-0.8305737972259521,-0.2119172811508178,10.080609321594238,1.1567771434783936,0.6085301637649536,0.4566889703273773
2141732446.0,-0.3590666651725769,0.0836752727627754,9.50832462310791,2.3820858001708984,0.3265430927276611,0.4906791448593139
2141740779.0,0.1306796222925186,0.107758030295372,10.307466506958008,3.3941810131073,-0.7287506461143494,0.4712891280651092
2141749112.0,-0.1419894695281982,0.1763167083263397,10.20932674407959,2.163058042526245,-1.4043772220611572,0.3106366395950317
2141757445.0,-0.3220781981945038,-0.2532607018947601,9.580611228942873,1.1060354709625244,-0.0387799553573131,0.4866577088832855
2141765778.0,-0.1616885662078857,0.0344122052192688,8.983201026916504,1.189153790473938,2.0911335945129395,0.5109143853187561
2141774111.0,0.0526501797139644,0.3179992437362671,10.084278106689451,2.1246883869171143,2.654697895050049,0.6413164734840393
2141782444.0,-0.7919665575027466,-0.0158842429518699,10.32118797302246,1.7297934293746948,2.7838447093963623,0.3277725577354431
2141790777.0,-0.4649690091609955,-0.4234993755817413,10.028800964355469,1.1596460342407229,2.496734857559204,0.3209591805934906
2141799110.0,-0.2551909685134887,-0.5996963977813721,9.738475799560549,0.9634153842926024,1.4998798370361328,0.5935970544815063
2141807443.0,-0.1534149497747421,-0.5911341309547424,9.835412979125977,1.6573562622070312,-0.0438515730202198,0.5585312247276306
2141815776.0,-0.8100042939186096,-0.3515098392963409,9.696149826049805,1.923872470855713,-0.5462491512298584,0.2323595434427261
2141824109.0,-0.5730317234992981,-0.0650908127427101,9.646446228027344,2.1977908611297607,0.7573232650756836,0.0678393021225929
2141832442.0,0.5052453875541687,-0.4668218195438385,9.87636947631836,2.0030205249786377,1.4052354097366333,0.3757736384868622
2141840775.0,-0.4001215994358063,-0.2791052162647247,9.762995719909668,1.827972769737244,1.0418462753295898,0.6328893303871155
2141849108.0,-0.8612933158874512,-0.4134216606616974,9.567312240600586,1.57536518573761,2.4688663482666016,0.4497987926006317
2141857441.0,-0.5584250688552856,-0.3841393589973449,9.727330207824709,2.1710753440856934,3.339776039123535,0.4483131170272827
2141865774.0,0.1509349346160888,-0.233093649148941,10.448939323425291,2.89682936668396,1.69219172000885,0.4733383059501648
2141874107.0,-0.2867995202541351,-0.1452408581972122,10.79373264312744,2.537128448486328,-0.3111104965209961,0.4270021319389343
2141882440.0,-0.3887497186660766,-0.4077406823635101,9.825580596923828,1.4065417051315308,-0.5958383083343506,0.3111489117145538
2141890773.0,-0.4877434968948364,-0.2189029604196548,8.571210861206055,1.9096308946609497,0.9572936296463012,0.5109143257141113
2141899106.0,-0.2246613800525665,-0.494482934474945,9.96070384979248,2.45257568359375,1.968159317970276,0.6828370690345764
2141907439.0,-0.5337089896202087,-0.6469018459320068,10.127537727355955,1.8341201543807983,2.023408889770508,0.4110187888145447
2141915772.0,-0.2027294486761093,-0.4149516522884369,9.657489776611328,2.239337205886841,2.1037096977233887,0.4593529105186462
2141924105.0,-0.9985795021057128,-0.3013583719730377,9.615232467651367,3.380784749984741,2.499424457550049,0.7292501330375671
2141932438.0,-0.725435197353363,-0.5594115853309631,10.574448585510254,3.08811616897583,2.1340627670288086,0.5517946481704712
2141940771.0,-0.2375720888376236,-0.9935057759284972,10.224637031555176,2.426654100418091,0.7658783793449402,0.5945704579353333
2141949104.0,-0.0671838000416755,-0.265176385641098,9.865815162658691,3.317619800567627,-0.9830741286277772,0.2987003624439239
2141957437.0,-0.3161226212978363,0.0905608162283897,9.794349670410156,4.137172698974609,-1.0332527160644531,0.1958336532115936
2141965770.0,-0.5518839955329895,0.0426977202296257,9.949646949768066,4.021472930908203,0.5987710356712341,0.0736281052231788
2141974103.0,-0.4584775865077972,-0.5695236921310425,9.75565242767334,3.1379101276397705,2.270817279815674,0.0894064903259277
2141982436.0,-0.049292154610157,-0.187806487083435,9.4566011428833,3.199000358581543,3.2677488327026367,0.2341781556606292
2141990769.0,-0.1780181676149368,-0.2127663344144821,10.34626579284668,4.124160289764404,2.6146116256713867,0.2735472321510315
2141999102.0,-1.131071925163269,0.0927726402878761,10.232625007629396,3.714793920516968,1.4697575569152832,-0.027919515967369
2142007435.0,-0.6669556498527527,0.1481205970048904,10.192481994628906,3.4017879962921143,1.6954957246780396,0.0669940337538719
2142015768.0,-0.3933726847171783,0.3938309848308563,10.141003608703612,2.85674262046814,0.7547873854637146,0.0313646309077739
2142024101.0,0.0288088917732238,0.3860741257667541,10.33487319946289,2.839273929595948,-0.8397883772850037,-0.1250743120908737
2142032434.0,-0.5893466472625732,-0.0626117885112762,9.535846710205078,2.259162664413452,-0.7450412511825562,-0.34574094414711
2142040767.0,-0.3531132042407989,-0.6109506487846375,9.343732833862305,1.9481289386749268,1.208313226699829,-0.1300946921110153
2142049100.0,-0.0839178338646888,-0.5825653076171875,9.251473426818848,2.4668431282043457,2.21444034576416,0.1326689422130584
2142057433.0,-0.5559612512588501,-0.3078771829605102,10.176484107971191,3.222539186477661,2.3285512924194336,-0.1366263329982757
2142065766.0,-0.6688462495803833,-0.26065394282341,9.920266151428224,3.1000778675079346,2.05768084526062,-0.3496598601341247
2142074099.0,-0.2232598215341568,0.0735753029584884,9.964908599853516,3.4028127193450928,1.8591450452804563,-0.0968217998743057
2142082432.0,-0.8177511096000671,0.400095671415329,10.46651840209961,2.924185514450073,0.6904957294464111,-0.181656152009964
2142090765.0,-0.7204484939575195,0.1766513437032699,10.325233459472656,1.7884498834609983,0.4040517508983612,-0.4728387296199798
2142099098.0,-0.3789847493171692,0.0233577620238065,9.535295486450195,2.0928494930267334,0.1685032397508621,-0.5275251269340515
2142107431.0,0.0320092402398586,-0.4464053809642792,10.52711296081543,2.235981702804565,0.0665073618292808,-0.1977675110101699
2142115764.0,-0.4219283163547516,-0.193176731467247,9.920233726501465,1.943262219429016,0.0659950748085975,-0.3808836638927459
2142124097.0,-0.2777605950832367,-0.0446215532720088,9.5061674118042,2.582132339477539,0.6988715529441833,-0.5044979453086853
2142132430.0,-0.4634852409362793,-0.1636674553155899,9.510799407958984,2.939502716064453,1.6807678937911987,-0.3642600774765014
2142140763.0,-0.7468924522399902,-0.4208500683307647,9.931312561035156,2.357956886291504,2.5532140731811523,-0.6485011577606201
2142149096.0,-0.2088146805763244,-0.5624396800994873,9.898362159729004,2.196279525756836,2.236289024353028,-0.4078042507171631
2142157429.0,-0.481227695941925,-0.3773611783981323,10.182073593139648,2.903284311294556,0.7522005438804626,-0.4832381904125213
2142165762.0,-0.7768862247467041,0.000203312956728,10.034757614135742,2.7733943462371826,-0.5497583746910095,-0.6080052256584167
2142174095.0,-0.6665759086608887,0.2756026983261108,9.70714282989502,2.8969063758850098,0.2233433276414871,-0.6566722393035889
2142182428.0,0.2690162062644958,-0.3668563365936279,10.118490219116213,2.418099164962769,-0.2021475434303283,-0.3211512565612793
2142190761.0,-0.1071769446134567,-0.5386614203453064,9.8086519241333,1.8096327781677248,-0.8420423269271851,-0.1908260583877563
2142199094.0,-0.2880614399909973,-0.0923415049910545,9.513681411743164,1.9331445693969729,-0.1092190966010093,-0.4271941781044006
2142207427.0,-0.3433201014995575,-0.0179820992052555,9.59269905090332,2.9431655406951904,1.6621719598770142,-0.4774493873119354
2142215760.0,0.1181911453604698,-0.2648462057113647,10.102481842041016,3.01998233795166,2.074176788330078,-0.3630305230617523
2142224093.0,-0.3320424854755401,-0.4466831386089325,10.549485206604004,2.2804224491119385,1.9163672924041748,-0.0075049712322652
2142232426.0,-0.5147039294242859,-0.0231213271617889,9.618224143981934,1.4427602291107178,1.7084310054779053,-0.2968433499336242
2142240759.0,-0.0638676807284355,0.2719146907329559,9.579747200012209,2.994803667068481,1.154369592666626,-0.258063405752182
2142249092.0,-0.1534677147865295,-0.4867911338806152,10.734963417053224,2.564791679382324,-0.0888814032077789,-0.3220990300178528
2142257425.0,-0.5994869470596313,-0.4875020086765289,9.606053352355955,1.1718639135360718,0.1352815628051757,-0.4204064309597015
2142265758.0,-0.4638445675373077,-0.5484998226165771,8.89815616607666,2.0670816898345947,1.4991885423660278,-0.3972255885601043
2142274091.0,-0.2662149667739868,-0.0311237871646881,9.39426326751709,3.245310544967652,2.128735303878784,-0.3644393384456634
2142282424.0,-0.4442325830459595,-0.309186041355133,10.218045234680176,3.409677267074585,1.4649677276611328,-0.3308334648609161
2142290757.0,-0.4121371507644653,-0.456699788570404,10.043657302856444,2.213543653488159,1.1220954656600952,-0.3930247724056244
2142299090.0,-0.7112376689910889,-0.5693629384040833,9.452329635620115,2.120384693145752,0.7362427115440369,-0.272125631570816
2142307423.0,-0.7316787838935852,-0.2598613798618316,9.610297203063965,2.824545860290528,0.8416709303855896,-0.5038576126098633
2142315756.0,-0.5956195592880249,-0.4475920498371124,10.063258171081545,3.349330186843872,0.6809415817260742,-0.5373098254203796
2142324089.0,-0.1734392195940017,-0.5764505863189697,10.035502433776855,3.307937860488892,-0.3068073391914367,-0.5766789317131042
2142332422.0,-0.5527200102806091,-0.5900471210479736,10.370193481445312,3.222437620162964,-0.5731185078620911,-0.5181503891944885
2142340755.0,-0.7003587484359741,-0.4226870834827423,9.470730781555176,2.9041290283203125,-0.2808856964111328,-0.6742691397666931
2142349088.0,-0.0389313660562038,0.0221484079957008,9.234006881713867,4.340063095092773,0.2618159055709839,-0.5003741383552551
2142357421.0,0.2941382825374603,-0.4164373576641083,10.431439399719238,4.153847694396973,-0.4009396433830261,-0.5821090936660767
2142365754.0,-0.241929680109024,-0.2794835567474365,10.12073040008545,2.811072826385498,-0.7558504939079285,-0.7903016209602356
2142374087.0,-0.8909885287284851,0.0327763520181179,9.313543319702148,2.5122315883636475,0.8980734944343567,-0.8542603254318237
2142382420.0,-0.732109785079956,-0.1780821979045868,9.361501693725586,3.307220220565796,2.3734018802642822,-0.7147395610809326
2142390753.0,0.0902338549494743,-0.4394261538982391,10.30421257019043,3.864893674850464,1.9077867269515991,-0.7874841094017029
2142399086.0,0.0975371152162551,-0.4506923854351043,10.704818725585938,3.3719475269317627,-0.8176319599151611,-0.6606679558753967
2142407419.0,-0.7718564867973328,-0.1040299162268638,9.905561447143556,2.7485995292663574,-2.3501315116882324,-1.269108533859253
2142415752.0,-0.4761248826980591,-0.0197265669703483,8.965925216674805,2.9910898208618164,-0.885356068611145,-1.2646517753601074
2142424085.0,0.4020703434944153,-1.0772819519042969,9.594700813293455,3.265136480331421,-0.279425710439682,-0.9076662063598632
2142432418.0,0.1970749497413635,-0.7091980576515198,10.17222499847412,2.952821731567383,-0.350786954164505,-0.8497266173362732
2142440751.0,-0.5045884251594543,-0.221817672252655,9.922614097595217,2.941193103790283,0.5256937146186829,-0.8440659046173096
2142449084.0,-0.2410547584295272,0.3364550173282623,9.70907211303711,4.085330009460449,1.6572282314300537,-1.1086865663528442
2142457417.0,0.0876758620142936,0.2538720071315765,10.408239364624023,4.226541042327881,1.4828977584838867,-1.2108361721038818
2142465750.0,-0.2449427843093872,-0.4677453339099884,10.510174751281738,2.513255834579468,0.1492925733327865,-1.254098653793335
2142474083.0,-0.0142828095704317,-0.5307773351669312,9.274925231933594,1.5909385681152344,0.1692460775375366,-1.10850727558136
2142482416.0,-0.0595605187118053,-0.2566547989845276,9.270033836364746,2.7171707153320312,0.0821064263582229,-0.8513658046722412
2142490749.0,-0.2121555209159851,0.1484220921993255,10.264001846313477,3.6698405742645264,-0.1174156367778778,-1.2535091638565063
2142499082.0,-0.2253961116075515,-0.0495580472052097,9.79065227508545,3.15251088142395,0.3632739186286926,-1.3775080442428589
2142507415.0,0.1268364340066909,-0.4893719553947449,9.561141967773438,2.713354110717773,0.8820133209228516,-0.9603546261787416
2142515748.0,-0.1839096397161483,-0.5062649846076965,10.118083000183104,2.5306222438812256,1.7307666540145874,-0.8745723962783813
2142524081.0,-0.2923986315727234,-0.6010941863059998,10.127321243286133,2.4152815341949463,1.5687309503555298,-0.9952666759490968
2142532414.0,-0.3061246573925018,-0.1225737184286117,9.88433074951172,3.385190010070801,1.2302387952804563,-1.185913324356079
2142540747.0,-0.1431462913751602,-0.5407202839851379,10.038256645202637,4.114043235778809,0.5686744451522827,-1.105459213256836
2142549080.0,-0.1642408967018127,-0.0352558121085166,9.805804252624512,3.705828905105591,-0.2208459228277206,-1.0756441354751587
2142557413.0,0.0186333823949098,0.0891214236617088,10.210963249206545,3.171106576919556,-0.3402083218097687,-1.0941376686096191
2142565746.0,-0.2340725511312484,0.1653830409049987,9.755769729614258,2.416280746459961,-0.0931333675980568,-1.1973375082015991
2142574079.0,0.0271210093051195,0.1495565772056579,9.704587936401367,2.68689489364624,1.083213210105896,-1.0261061191558838
2142582412.0,-0.0716139525175094,-0.3790929615497589,10.090011596679688,2.840016841888428,1.722775101661682,-0.710590124130249
2142590745.0,-0.4314435720443725,-0.3409422636032104,10.342069625854492,2.57124662399292,1.9505624771118164,-0.7844359874725342
2142599078.0,-0.431234061717987,0.1803438812494278,9.689311027526855,2.821651697158813,1.953124046325684,-0.9124303460121156
2142607411.0,-0.2473423779010772,0.4802507758140564,10.45068645477295,3.5189731121063232,0.9989166855812072,-0.908511221408844
2142615744.0,-0.0723422318696975,-0.4818699657917022,10.990276336669922,2.157883882522583,-0.2017120867967605,-0.9690377116203308
2142624077.0,-0.0946293324232101,-0.7335852384567261,9.9350004196167,1.1954035758972168,-0.8939623832702637,-0.906513512134552
2142632410.0,0.1878729164600372,-0.9229655265808104,9.516339302062988,2.058039903640747,-0.4203040301799774,-0.6555195450782776
2142640743.0,-0.4852724373340606,-0.5568474531173706,9.053332328796388,3.7103371620178223,0.7281486392021179,-0.6087990999221802
2142649076.0,-0.1116830185055732,-0.5986512303352356,10.011502265930176,4.478738784790039,1.83509361743927,-0.7763162851333618
2142657409.0,-0.3006937503814697,-0.1469536125659942,9.758851051330566,4.06102180480957,2.424733161926269,-0.6223491430282593
2142665742.0,-0.2396935373544693,-0.0733696967363357,10.282492637634276,3.821477651596069,2.0613696575164795,-0.8076168298721313
2142674075.0,-0.7883660793304443,-0.0998277738690376,9.968091011047363,3.367849111557007,1.5436031818389893,-0.7527254223823547
2142682408.0,-0.571873128414154,-0.2398360520601272,9.855795860290527,3.6553430557250977,0.6504350304603577,-0.8547982573509216
2142690741.0,-0.1903901696205139,0.3420142531394958,10.330669403076172,4.073546886444092,-0.2526844143867492,-0.7363836169242859
2142699074.0,0.1640141755342483,0.4018977582454681,10.63543701171875,3.8191981315612793,-1.8100556135177608,-1.0388365983963013
2142707407.0,-0.00480453716591,0.331816166639328,9.52330493927002,3.36410927772522,-1.8166126012802124,-1.2851428985595703
2142715740.0,-0.1723446547985077,0.1768525391817093,9.486578941345217,3.061579942703247,0.006493208464235,-0.9543609023094176
2142724073.0,-0.8261391520500183,0.0941351875662803,9.503159523010254,2.0848324298858643,2.641429901123047,-0.6677631735801697
2142732406.0,-0.463356077671051,0.3988713324069977,9.955528259277344,2.412515163421631,3.9743945598602295,-0.7776482105255127
2142740739.0,-0.1881004869937896,0.2375281751155853,10.69699001312256,2.820600986480713,2.1845483779907227,-0.912276566028595
2142749072.0,-0.3455417156219482,-0.2042655497789383,10.716867446899414,2.4331860542297363,-0.7618186473846436,-1.0144774913787842
2142757405.0,-0.2733413577079773,-0.422758549451828,10.015597343444824,1.4618942737579346,-2.195395946502685,-0.8529797196388245
2142765738.0,-0.0470629408955574,-0.0839622616767883,9.34381866455078,1.7410634756088257,-2.347698450088501,-0.7380998134613037
2142774071.0,0.2010242491960525,-0.2539635300636291,9.376306533813477,2.4145641326904297,-2.062406778335572,-0.9844831228256226
2142782404.0,-0.0619544386863708,-0.7417863011360168,9.878230094909668,2.4703264236450195,-0.1603451073169708,-0.8451160192489624
2142790737.0,0.085362397134304,-1.062455177307129,9.7857084274292,1.3863320350646973,1.672110080718994,-0.5329041481018066
2142799070.0,-0.6299872398376465,0.1299639195203781,9.024191856384276,3.0254127979278564,2.9420127868652344,-0.5176637172698975
2142807403.0,-0.2406864911317825,0.3735826313495636,10.717540740966797,4.51580286026001,2.8954460620880127,-0.7222701907157898
2142815736.0,0.0741727575659751,0.1878511905670166,11.283949851989746,3.537261724472046,0.5606571435928345,-0.7665059566497803
2142824069.0,0.0020661207381635,-0.7333511114120483,10.86823272705078,1.312383770942688,-1.5567307472229004,-0.8278776407241821
2142832402.0,-0.1832601279020309,-0.3036667704582214,9.343749046325684,1.0100332498550415,-1.3276880979537964,-0.4240180552005768
2142840735.0,0.2593341469764709,-0.3409799933433532,9.447821617126465,2.7691421508789062,-1.019856333732605,-0.6945812106132507
2142849068.0,0.1045262441039085,0.1460383236408233,9.353964805603027,3.952058553695679,-0.2322698682546615,-0.9161698818206788
2142857401.0,0.461291640996933,-0.1153076067566871,10.073698043823242,3.8487045764923096,1.2941718101501465,-0.5964273810386658
2142865734.0,0.043795209378004,-0.2478314042091369,9.64465045928955,2.307855129241944,2.30975079536438,-0.6641258597373962
2142874067.0,-0.5706144571304321,-0.2318212240934372,9.492667198181152,1.7037692070007324,3.460495710372925,-0.3962009847164154
2142882400.0,-0.7631803750991821,-0.3937318623065948,9.280360221862791,2.2195632457733154,4.012867450714111,-0.4001199901103973
2142890733.0,-0.0031870384700596,-0.5955305695533752,10.513880729675291,3.3639044761657715,2.109396457672119,-0.5581597685813904
2142899066.0,0.0075026452541351,-0.7935160994529724,10.773097038269045,3.0123236179351807,-0.8993157744407654,-0.5575706362724304
2142907399.0,-0.3003165125846863,-0.7569428086280823,9.947773933410645,2.5639467239379883,-2.4104790687561035,-0.5470688939094543
2142915732.0,-0.0453915745019912,-0.368257999420166,8.849382400512695,3.139446973800659,-1.1809699535369873,-0.6361551284790039
2142924065.0,0.0772712305188179,-0.3929616212844848,9.259029388427734,3.896937131881714,0.6818380951881409,-0.2252259701490402
2142932398.0,0.1442553699016571,-0.0962670147418975,9.985386848449709,3.5550122261047363,1.7740546464920044,-0.4935606718063354
2142940731.0,-0.0379303619265556,1.0237228870391846,9.714021682739258,3.506986141204834,2.5532143115997314,-0.7422493696212769
2142949064.0,0.1285315901041031,0.7746927738189697,10.469978332519531,3.310908794403076,2.69263243675232,-0.5460442304611206
2142957397.0,-0.1153305992484092,0.5889527201652527,10.434925079345703,1.6316651105880735,1.736632227897644,-0.6189936399459839
2142965730.0,-0.5622952580451965,-0.0396621227264404,9.590744972229004,0.4987219572067261,1.6287963390350342,-0.6535215973854065
2142974063.0,-0.7316936254501343,-0.8133890628814697,9.21789836883545,0.3912702798843384,2.1656196117401123,-0.2080388367176056
2142982396.0,-0.784118115901947,-0.7565894722938538,9.7530517578125,1.3387151956558228,1.9372941255569456,-0.1997910290956497
2142990729.0,-0.0358404219150543,-0.3025437593460083,10.102476119995115,2.8290796279907227,0.5857591032981873,-0.5159731507301331
2142999062.0,0.6186235547065735,0.0099105909466743,10.097648620605469,3.7853612899780273,-2.1694231033325195,-0.8786706328392029
2143007395.0,0.1837495863437652,0.3732174038887024,9.60607624053955,3.150256395339966,-3.3802852630615234,-1.200718641281128
2143015728.0,-0.1981899738311767,0.3945229649543762,8.75512409210205,1.6743639707565308,-0.531367301940918,-0.9577930569648744
2143024061.0,-0.3832294046878814,-0.202131912112236,8.847524642944336,0.9943575263023376,3.247206449508667,-0.7923252582550049
2143032394.0,-0.387566864490509,-1.3333954811096191,9.90909481048584,0.9409005045890808,5.517165660858154,-0.3828303813934326
2143040727.0,-1.1791309118270874,-0.8806821703910828,9.932534217834473,2.1382381916046143,5.784373760223389,-0.5938661098480225
2143049060.0,-0.6761808395385742,-0.757796585559845,10.759269714355469,4.840078353881836,3.472483396530152,-0.6408424973487854
2143057393.0,-0.5013637542724609,-0.0213039480149745,10.551563262939451,5.639575958251953,-0.2408762872219085,-0.8145838379859924
2143065726.0,-0.4428144991397857,-0.223480075597763,11.133524894714355,4.710598945617676,-3.611991405487061,-0.8963446021080017
2143074059.0,0.0326057560741901,-0.7809663414955139,9.558095932006836,2.217052698135376,-4.540916919708252,-0.9848929047584534
2143082392.0,0.6486803889274597,-0.568472683429718,8.831487655639648,3.022466897964477,-2.9616715908050537,-0.5890762209892273
2143090725.0,-0.241445854306221,0.2861599624156952,8.887138366699219,4.482837677001953,-0.8332310914993286,-0.5490411520004272
2143099058.0,-0.9595211148262024,0.7069936394691467,10.014200210571287,5.039178371429443,3.6150271892547607,-0.7616137266159058
2143107391.0,-0.3208626508712768,0.3106952309608459,10.37664794921875,4.069781303405762,5.643981456756592,-0.5129250288009644
2143115724.0,0.1586629301309585,-0.4345243871212005,11.25926685333252,2.62296199798584,4.258635997772217,-0.1600377708673477
2143124057.0,0.0216414853930473,-0.0090331593528389,10.6306791305542,1.9680571556091309,-0.0099895521998405,-0.0690303668379783
2143132390.0,-0.8322587013244629,-0.3076233267784118,10.237282752990724,2.803516387939453,-2.506532430648804,-0.2462040185928344
2143140723.0,-0.7811276912689209,-0.1356279850006103,9.71318531036377,3.457832336425781,-2.4078407287597656,-0.5127713680267334
2143149056.0,0.1857786476612091,-0.5896591544151306,9.969976425170898,3.3767120838165283,-1.342826247215271,-0.1329891234636306
2143157389.0,0.2523956596851349,-0.5976614356040955,9.980284690856934,2.295150756835937,-0.8548750877380371,-0.1611647754907608
2143165722.0,-0.1802650094032287,-0.0273917466402053,9.23484706878662,2.3809585571289062,0.6178538203239441,-0.1200283169746398
2143174055.0,-0.4631606340408325,0.2706762552261352,9.46391487121582,3.438314199447632,2.458159685134888,-0.3875178098678589
2143182388.0,-0.0910254493355751,0.1718556731939315,10.612070083618164,3.427863597869873,2.657259225845337,-0.5231451392173767
2143190721.0,0.4724608063697815,-0.1089611425995826,10.816983222961426,2.3381571769714355,1.0601346492767334,-0.3235846161842346
2143199054.0,-0.1445685774087906,0.221941739320755,9.688852310180664,2.247790098190308,-0.5348508954048157,-0.2115479856729507
2143207387.0,-0.3901759684085846,0.0796786174178123,10.073319435119627,2.5156381130218506,-0.4615941643714905,-0.0835792496800422
2143215720.0,-0.2665130198001861,0.1423968523740768,9.775970458984377,2.2391836643218994,0.0936072170734405,-0.2900812029838562
2143224053.0,-0.0160333327949047,-0.2588153481483459,9.972403526306152,2.367254734039306,0.7608581185340881,-0.3069866299629211
2143232386.0,-0.4066142439842224,-0.5306957364082336,10.28983211517334,1.682150959968567,1.834709405899048,-0.1979468017816543
2143240719.0,-0.4088598191738128,-0.8571721911430359,10.064165115356444,1.6843279600143433,2.537435531616211,-0.3270169198513031
2143249052.0,0.0023637390695512,-1.0622951984405518,10.08411979675293,2.851568937301636,1.978379726409912,-0.2363425642251968
2143257385.0,0.1711641550064087,-1.0385069847106934,10.257963180541992,3.9760332107543945,0.0206834934651851,-0.1619331836700439
2143265718.0,-0.7451057434082031,-0.31421759724617,9.419075965881348,4.388781547546387,-0.3705099523067474,-0.4329062402248382
2143274051.0,-0.3128578066825866,0.4771375358104706,9.541630744934082,4.80263090133667,1.04655921459198,-0.4369020462036133
2143282384.0,0.3106746077537536,-0.2437416762113571,9.852651596069336,4.147213459014893,0.9651572704315186,-0.2468187808990478
2143290717.0,0.2335398346185684,-0.1975043267011642,10.110897064208984,3.1592214107513428,0.5446739196777344,-0.1147517785429954
2143299050.0,-0.7505657076835632,0.0860382318496704,9.881318092346191,2.686587333679199,1.151065230369568,-0.1073236390948295
2143307383.0,-0.9562204480171204,0.4461292028427124,9.594871520996094,3.6255288124084473,2.9832003116607666,-0.2087047845125198
2143315716.0,-0.7045918703079224,0.1018096059560775,10.386377334594728,4.031002044677734,3.887972116470337,-0.222767025232315
2143324049.0,-0.3027549982070923,-0.2694085836410522,11.16386890411377,3.044187545776367,2.040544986724853,-0.2867001295089721
2143332382.0,-0.0864621698856353,-0.8498714566230774,10.438300132751465,2.026021957397461,-0.7758551836013794,-0.0683643892407417
2143340715.0,-0.3015685677528381,-0.2844755053520202,8.994234085083008,3.276508331298828,-1.988560914993286,-0.2118553221225738
2143349048.0,-0.1087792813777923,-0.4373544752597809,9.46363925933838,4.6653900146484375,-1.7309331893920898,-0.1890842914581298
2143357381.0,-0.1738157719373703,0.0556126646697521,9.73424243927002,4.240936279296875,-0.2794769406318664,-0.1717946976423263
2143365714.0,-0.3907022476196289,0.247443750500679,9.141159057617188,3.6914851665496826,1.8751027584075928,-0.2019170075654983
2143374047.0,-0.6093091368675232,0.4139935970306396,9.102907180786133,3.9877138137817374,3.8765478134155273,-0.1447460353374481
2143382380.0,-0.204285129904747,0.1080989018082618,10.209866523742676,3.6880524158477774,3.49479341506958,-0.0489488020539283
2143390713.0,-0.6263468265533447,-0.1839527338743209,10.210166931152344,3.3811941146850586,1.2296499013900757,-0.0068902289494872
2143399046.0,-0.9148755669593812,-0.0244749076664447,10.035632133483888,3.122644186019897,-0.3016844689846039,-0.1076822429895401
2143407379.0,-0.5159736275672913,0.1636573374271392,9.929383277893066,3.608853340148926,-1.1149619817733765,-0.2127262204885482
2143415712.0,0.0429025068879127,0.4589037597179413,10.05161952972412,3.817993879318237,-1.6713542938232422,-0.3069866001605987
2143424045.0,0.2208857834339141,0.6081859469413757,10.163860321044922,2.987733602523804,-2.1876347064971924,-0.2384684830904007
2143432378.0,-0.2756851017475128,0.5699434280395508,9.61479949951172,2.140543222427368,-1.2046631574630735,-0.349096417427063
2143440711.0,-0.9111388325691224,0.865842342376709,8.825145721435547,1.7946230173110962,2.117823600769043,-0.2803478240966797
2143449044.0,0.3440411686897278,0.5116853713989258,9.620454788208008,2.1150310039520264,3.4904897212982178,0.0085679600015282
2143457377.0,-0.6121923327445984,0.1220690533518791,10.040736198425291,1.7182927131652832,1.6296416521072388,-0.1973320692777633
2143465710.0,-1.3978374004364014,0.2557854652404785,10.017870903015137,1.1041145324707031,1.1256816387176514,-0.4003248810768127
2143474043.0,-0.4045862555503845,-0.6681971549987793,10.140013694763184,1.0811383724212646,0.7032515406608582,-0.0151892406865954
2143482376.0,0.3177276253700256,-0.287358820438385,10.735099792480469,1.7221091985702517,-2.060153007507324,-0.0074025145731866
2143490709.0,0.2954619228839874,0.2397534400224685,10.175342559814451,1.828459620475769,-4.319431304931641,0.0544942878186702
2143499042.0,-0.2379050403833389,0.5045087933540344,8.502147674560547,2.1662344932556152,-3.656713962554932,-0.3098554015159607
2143507375.0,-0.5273147225379944,0.7570452690124512,8.10084342956543,2.3679211139678955,-0.4405648708343506,-0.6755499243736267
2143515708.0,-0.1988700777292251,0.2332089692354202,9.644401550292969,1.0506832599639893,2.9197030067443848,0.0426348932087421
2143524041.0,0.0923367515206337,-0.4258318543434143,10.417964935302734,-0.5287033915519714,3.2225139141082764,0.0713228359818458
2143532374.0,-0.4866365194320678,0.0811991915106773,9.68002223968506,0.6579912304878235,1.34053373336792,-0.2230743616819381
2143540707.0,-0.7776631712913513,0.1329922676086425,10.618894577026367,2.826902151107788,0.5019749402999878,-0.3410279154777527
2143549040.0,0.2746145129203796,-0.7075830698013306,11.59962558746338,2.1675920486450195,-0.9584335088729858,-0.3606996834278106
2143557373.0,0.6686574220657349,-1.1382477283477783,10.55018138885498,0.9609052538871764,-3.34990668296814,-0.268718957901001
2143565706.0,-0.1333962827920913,-0.4996653795242309,9.279919624328612,1.5285422801971436,-2.746537685394287,-0.3064742982387543
2143574039.0,-0.6942997574806213,-0.2757459282875061,8.528430938720703,2.808997869491577,0.8436176776885986,-0.4313693642616272
2143582372.0,-0.0766184031963348,0.1143720299005508,8.984341621398926,4.166090965270996,3.825805902481079,-0.3113409876823425
2143590705.0,0.204412043094635,-0.2623243331909179,11.080692291259766,3.3630847930908203,3.879313945770264,0.047988262027502
2143599038.0,-0.7043182849884033,-0.1756453365087509,10.674949645996094,1.2889211177825928,2.20317006111145,-0.330910325050354
2143607371.0,-0.3245129287242889,-0.1678862571716308,9.918770790100098,1.5297974348068235,1.4343587160110474,0.0121539551764726
2143615704.0,-0.2608661651611328,-0.5764235258102417,10.135377883911133,2.215669631958008,-0.0181348770856857,0.2104593515396118
2143624037.0,0.1901511549949646,-0.1675829738378524,10.41915225982666,2.4755008220672607,-1.4599859714508057,0.1623046100139618
2143632370.0,-0.2544865012168884,-0.0281255021691322,9.774399757385254,2.187033176422119,-1.3834505081176758,0.052598837763071
2143640703.0,-0.4546296298503876,0.4961275458335876,9.654659271240234,2.075943946838379,0.642827570438385,-0.3800127804279327
2143649036.0,-0.096546359360218,-0.1137319132685661,9.660237312316896,1.6753376722335815,2.929359436035156,-0.0537642836570739
2143657369.0,-0.015764083713293,-1.1054378747940063,10.427950859069824,0.9453061819076538,3.4159531593322754,0.1655063778162002
2143665702.0,-0.5238950252532959,-0.5649098753929138,9.695844650268556,0.8383922576904297,3.114831686019897,0.10369922965765
2143674035.0,-0.2594233155250549,-0.1272861659526825,9.66599178314209,2.542533159255981,2.25944447517395,0.3440888822078705
2143682368.0,-0.7204641103744507,-0.100565381348133,9.906356811523438,3.4455885887146,0.6710802316665649,-0.282192051410675
2143690701.0,-0.0338404551148414,-0.1952140480279922,10.332098007202148,2.6215527057647705,0.2689110338687897,0.0962711051106453
2143699034.0,-0.5894586443901062,-1.019873857498169,9.761677742004396,1.2521389722824097,0.3901431858539581,0.3407333195209503
2143707367.0,-1.2536907196044922,0.2986442744731903,8.68448257446289,1.5999292135238647,2.043875217437744,0.0703238919377327
2143715700.0,-0.7308343052864075,-0.1876840591430664,9.975090980529783,3.330913543701172,3.9216034412384033,0.5296127796173096
2143724033.0,-0.2970296740531921,-0.6797405481338501,11.12431526184082,3.218978881835937,2.036933660507202,0.1170186325907707
2143732366.0,-0.259333461523056,-0.9143365025520324,10.761938095092772,2.550191879272461,-0.4358261823654175,0.1333093047142028
2143740699.0,-0.6478052735328674,-0.557339072227478,9.696871757507324,2.539126396179199,-0.6102847456932068,0.3883245885372162
2143749032.0,-0.4170852303504944,0.0078413914889097,9.409463882446287,3.8524703979492174,-0.0145232705399394,0.2500077486038208
2143757365.0,0.0993141084909439,0.1270750313997268,9.770002365112305,4.7355475425720215,0.5577371716499329,0.2646078765392303
2143765698.0,-0.4888962209224701,-0.4297399818897247,10.47032642364502,3.4248409271240234,1.4484208822250366,0.3070250153541565
2143774031.0,-0.591543972492218,-0.1557437181472778,9.443665504455566,2.1778886318206787,2.39453387260437,0.2237531393766403
2143782364.0,-1.298561453819275,0.4234303534030914,8.801304817199707,3.864842414855957,3.6496829986572266,0.1425560265779495
2143790697.0,-0.8975501656532288,0.3593910932540893,10.640482902526855,4.291703701019287,3.2126784324646,0.0365899391472339
2143799030.0,-0.0364756695926189,0.0673510655760765,11.172036170959473,3.0331993103027344,0.715853750705719,0.2677327990531921
2143807363.0,-0.6116067171096802,-0.1620384305715561,10.378034591674805,1.6915768384933472,-1.983130931854248,0.169066771864891
2143815696.0,-0.3408844172954559,-0.0081750117242336,9.718759536743164,1.6765412092208862,-2.032822370529175,0.2280819565057754
2143824029.0,-0.4410532116889953,-0.502997875213623,9.135697364807127,2.5850017070770264,-1.2590678930282593,-0.0128327319398522
2143832362.0,0.0921860560774803,-0.4164338707923889,9.891050338745115,3.2824513912200928,0.3224191665649414,0.0909433364868164
2143840695.0,-0.8026555180549622,-0.7276249527931213,10.01563549041748,2.72938871383667,2.158114433288574,0.3566654026508331
2143849028.0,-0.6996881365776062,-0.2974280118942261,9.69266414642334,2.6854093074798584,3.780981540679932,0.1545691043138504
2143857361.0,-0.3620844781398773,-0.0398404821753501,9.822392463684082,3.440107107162476,3.4958951473236084,0.4069205820560455
2143865694.0,-0.7304194569587708,-0.2845201790332794,10.533730506896973,3.962534666061402,1.2222472429275513,0.1580014079809188
2143874027.0,-0.6258440613746643,-0.6902762651443481,10.060795783996582,2.860482692718506,-0.8046199083328247,-0.1544026136398315
2143882360.0,-0.6637502908706665,-0.6602007746696472,9.262740135192873,2.927976131439209,-1.5223053693771362,-0.0508698746562004
2143890693.0,-0.4237140119075775,-0.125857338309288,9.395048141479492,3.560390949249268,-1.0168849229812622,-0.0004866704111918
2143899026.0,-0.0661690905690193,0.2614690661430359,9.63235092163086,4.1033616065979,-0.3497879803180694,0.0447096452116966
2143907359.0,-0.2240665704011917,0.3286331295967102,9.635258674621582,4.004208564758301,0.0381011702120304,-0.1712823808193206
2143915692.0,-0.0726621896028518,0.2719423770904541,9.974164962768556,3.2276628017425537,1.1072394847869873,0.0565178133547306
2143924025.0,-0.4237290620803833,0.0090053435415029,9.99647617340088,1.9746909141540527,1.6258763074874878,0.0574143044650554
2143932358.0,-0.4746479094028473,0.2317570745944976,9.844502449035645,2.175173759460449,2.072204351425171,-0.1221542805433273
2143940691.0,-0.0704160556197166,-0.2874497771263122,9.900371551513672,3.028614044189453,1.425368070602417,0.1427353173494339
2143949024.0,-0.0550568550825119,-0.1033179983496666,10.264898300170898,3.3879823684692383,-0.0190057661384344,0.1386370658874511
2143957357.0,-0.9075950980186462,0.1313799619674682,9.856951713562012,2.648601531982422,-0.3585480749607086,-0.15806545317173
2143965690.0,-0.3648236989974975,0.5115565061569214,9.407167434692385,2.3969931602478027,1.215254545211792,-0.1474099308252334
2143974023.0,0.0957422852516174,0.2265004068613052,9.84795379638672,2.3428189754486084,1.2894078493118286,-0.0652906894683837
2143982356.0,0.0320553891360759,0.5920780897140503,10.147719383239746,1.7549209594726562,0.7816056609153748,0.0562872812151908
2143990689.0,-0.5021224021911621,-0.3149754405021667,9.818092346191406,1.1271414756774902,0.8713834285736084,0.0445047318935394
2143999022.0,-1.1163736581802368,-0.3696443140506744,8.975127220153809,1.3517272472381592,2.443201065063477,-0.0140878306701779
2144007355.0,-1.0983264446258545,-0.126387670636177,9.47497844696045,2.424733161926269,4.117629528045654,0.4261568784713745
2144015688.0,-0.658303439617157,0.0568820610642433,10.399527549743652,2.758230447769165,2.908099174499512,0.2824097573757171
2144024021.0,-0.7771915197372437,0.485441118478775,10.56901741027832,2.7754948139190674,0.0925826653838157,-0.1878035962581634
2144032354.0,-0.3593083322048187,0.165449634194374,10.52664566040039,1.8154728412628167,-1.7041151523590088,-0.1379326432943344
2144040687.0,0.0748072639107704,0.0296673234552145,9.996511459350586,0.903273105621338,-2.8930509090423584,-0.0945165231823921
2144049020.0,0.0165470819920301,-0.1363826394081115,9.230085372924805,1.0907950401306152,-2.3795108795166016,0.0864352211356163
2144057353.0,0.0063016545027494,-0.7356770634651184,8.853137969970703,1.612531304359436,0.01363957952708,0.2165299206972122
2144065686.0,-0.7614496946334839,0.1377266943454742,8.927240371704102,2.806974172592163,2.918959617614746,-0.0892655998468399
2144074019.0,-0.6816381812095642,-0.3183931708335876,10.405075073242188,2.742016792297364,5.331283092498779,0.3121222853660583
2144082352.0,-1.1058895587921145,-0.2892334461212158,10.348730087280272,2.1851119995117188,5.054008960723877,0.431458979845047
2144090685.0,-1.0063326358795166,-0.2812150716781616,10.560791969299316,2.737483024597168,3.1111178398132324,0.3144787549972534
2144099018.0,-1.008431077003479,-0.3868587017059326,10.385539054870604,2.710844039916992,0.0778544694185257,0.352772057056427
2144107351.0,-0.4544468224048614,-0.2376072406768798,10.179591178894045,3.240187883377075,-2.906165599822998,0.0500117950141429
2144115684.0,-0.0947080925107002,0.0269446931779384,9.838737487792969,3.2712326049804688,-4.491686820983887,-0.2132897526025772
2144124017.0,-0.2792257368564605,0.286298006772995,9.538677215576172,3.0317904949188232,-3.564809799194336,0.0518560223281383
2144132350.0,-0.9718963503837584,0.300866425037384,8.81536865234375,2.2949202060699463,0.4170637726783752,0.0535209439694881
2144140683.0,-0.7428877949714661,0.3951768577098846,9.102849006652832,2.3529109954833984,4.248517990112305,0.4925745725631714
2144149016.0,-1.003473162651062,-0.4742358922958374,10.607925415039062,2.075098991394043,4.556221961975098,0.1812335103750229
2144157349.0,-0.8069054484367371,-0.4626384973526001,10.756600379943848,1.6883238554000854,2.578981876373291,0.2256741970777511
2144165682.0,-0.7714881896972656,-0.6172024011611938,10.596400260925291,2.859970569610596,-0.1561187654733657,0.6680064797401428
2144174015.0,-0.7986229062080383,0.1554954349994659,10.316753387451172,3.47107481956482,-3.3868680000305176,0.262763649225235
2144182348.0,-0.2619026303291321,0.2656075060367584,10.086461067199709,3.3102684020996094,-4.903051376342773,0.1690155416727066
2144190681.0,0.2611384689807892,-0.2471151202917099,10.022334098815918,2.080887794494629,-4.371094703674316,0.1832826733589172
2144199014.0,-0.1196259185671806,-0.3187663853168487,9.556551933288574,0.8711786270141602,-2.215733766555786,0.1466799229383468
2144207347.0,-0.65719074010849,0.5219240784645081,8.686420440673828,2.096307277679444,1.483102560043335,0.2097165435552597
2144215680.0,-0.183788776397705,0.3886318504810333,10.23252010345459,3.643125534057617,3.92629075050354,0.3223935663700104
2144224013.0,-0.4744080901145935,0.2671460509300232,11.137850761413574,3.1481049060821533,3.1600663661956787,0.1599993258714676
2144232346.0,-0.608987033367157,-0.1394061297178268,10.917876243591309,1.4726009368896484,1.6548205614089966,0.225725457072258
2144240679.0,-0.2025542110204696,-0.2707780301570892,9.98112678527832,0.9378011226654052,-0.3522469401359558,0.2517494857311249
2144249012.0,-0.531505823135376,-0.3202991783618927,9.648797988891602,1.943313717842102,-2.398824453353882,0.2178106606006622
2144257345.0,-0.6134573817253113,-0.8492007255554199,10.060195922851562,2.1797075271606445,-2.599409818649292,-0.0655468329787254
2144265678.0,0.0714545026421547,-0.8925398588180542,9.204224586486816,2.1028647422790527,-1.609752178192139,-0.1190037503838539
2144274011.0,0.3799712657928467,-0.2849782407283783,9.04733657836914,3.4644663333892822,-0.6616413593292236,0.347111314535141
2144282344.0,-0.706572413444519,-0.3462274968624115,9.905562400817873,3.417899370193481,1.494475245475769,0.46370729804039
2144290677.0,-0.7237738370895386,0.6653172373771667,9.565892219543455,2.7905044555664062,3.053741693496704,-0.087114006280899
2144299010.0,0.0331786535680294,-0.1816867589950561,10.71378231048584,2.800058603286743,2.943754434585572,0.0344895683228969
2144307343.0,-0.7455191612243652,-0.6618632078170776,10.701087951660156,1.6359939575195312,1.2802122831344604,0.3452158272266388
2144315676.0,-0.6533989310264587,-0.2101492136716842,9.90280818939209,1.75369131565094,-0.3523494303226471,0.2098702192306518
2144324009.0,-0.5345261693000793,0.1206268519163131,9.545366287231444,3.238369464874268,-1.0292056798934937,0.3660146296024322
2144332342.0,0.0137018868699669,0.0363454706966877,10.41383457183838,3.537620306015014,-1.979519248008728,0.2955498695373535
2144340675.0,0.2662968933582306,-0.2659873366355896,10.268506050109863,2.0165960788726807,-2.3882455825805664,0.0279067084193229
2144349008.0,0.1298490911722183,-0.6062818169593811,9.348942756652832,1.362869381904602,-1.185221791267395,0.2191169708967209
2144357341.0,-0.4277962744235992,-0.469438761472702,8.816936492919922,1.7880146503448486,1.5545920133590698,0.3237767517566681
2144365674.0,-0.372730940580368,-0.3388628959655761,9.686681747436523,3.234271049499512,4.253717422485352,0.5011553168296814
2144374007.0,-0.4470132887363434,-0.7771087884902954,10.285662651062012,3.260628223419189,4.060662746429443,0.4636048674583435
2144382340.0,-0.4526452124118805,-0.562650740146637,10.323379516601562,3.4332938194274902,3.156659841537476,0.5510774850845337
2144390673.0,-0.8292086720466614,-0.948849081993103,10.094257354736328,3.188857316970825,1.0019136667251587,0.4173711836338043
2144399006.0,-0.485921561717987,-0.3811925053596496,9.954779624938965,3.4678475856781006,-0.8552849888801575,0.4269253015518188
2144407339.0,-0.5930788516998291,-0.2988824248313904,9.573128700256348,3.7858223915100098,-1.293723702430725,0.6223618388175964
2144415672.0,-0.399449348449707,-0.4227933585643768,9.238993644714355,4.10300350189209,-0.9298479557037354,0.3847386240959167
2144424005.0,-0.4728284776210785,-0.4074840247631073,8.787162780761719,4.109330177307129,0.1401995122432708,0.2642236351966858
2144432338.0,-0.7838761210441589,-0.1105726957321167,9.289746284484863,4.385989665985107,1.8265384435653689,0.6942610144615173
2144440671.0,-0.4103876054286957,-0.0022937087342143,9.55126667022705,4.313834190368652,2.176685094833374,0.4870162904262543
2144449004.0,-0.556255042552948,0.5802345871925354,10.018999099731444,4.823249816894531,1.430132269859314,0.3632226288318634
2144457337.0,-0.665377140045166,0.6331757307052612,10.899307250976562,3.947755098342896,0.3083313405513763,0.3976225256919861
2144465670.0,-0.992587149143219,0.2932263612747192,10.12814235687256,2.802645444869995,-0.3069609999656677,0.3991850316524505
2144474003.0,-0.3675975799560547,0.0974748656153678,9.506392478942873,3.051462411880493,-0.7726790308952332,0.5298432111740112
2144482336.0,-0.093878649175167,0.2080382257699966,9.956412315368652,3.473072528839112,-1.678756833076477,0.5638077259063721
2144490669.0,-0.7537910342216492,0.1658373922109604,9.756577491760254,3.0892174243927,-2.276413679122925,0.3683966994285583
2144499002.0,-0.1310382336378097,0.135826751589775,9.42112922668457,2.6645331382751465,-0.5023463368415833,0.4784098267555237
2144507335.0,0.3599663972854614,-0.5300149321556091,10.18720817565918,2.205782651901245,-0.1938741356134414,0.9082679152488708
2144515668.0,-0.1748399138450622,-0.2871027886867523,10.322717666625977,2.0344746112823486,-0.1650325059890747,0.5770502686500549
2144524001.0,-0.6332589983940125,-0.0249427035450935,9.37630844116211,2.8709075450897217,1.312972903251648,0.481688529253006
2144532334.0,-0.8026137948036194,0.2734847962856293,9.67555332183838,4.376819610595703,2.483543157577514,0.542599081993103
2144540667.0,-0.2757815718650818,0.0593022592365741,10.758607864379885,3.6306772232055664,2.2735581398010254,0.7157769799232483
2144549000.0,-0.2564500570297241,0.6127938628196716,9.646066665649414,2.312568426132202,0.1202204003930091,0.7346803545951843
2144557333.0,-0.4814793169498443,0.3357734382152557,9.545334815979004,2.525883913040161,-2.212070941925049,0.2926042079925537
2144565666.0,-0.7008224725723267,-0.4369870126247406,9.36551284790039,1.7014895677566528,-1.9936840534210205,0.4864015281200409
2144573999.0,-0.3087843656539917,-0.3620855212211609,9.96127700805664,2.0677731037139893,-0.46295166015625,0.5009759664535522
2144582332.0,0.7548880577087402,-0.3868473172187805,10.464617729187012,2.461310386657715,-1.060429334640503,0.7587834000587463
2144590665.0,-0.25493985414505,0.8569990992546082,9.871695518493652,3.722862482070923,-0.8263664245605469,0.3723669350147247
2144598998.0,-0.5147608518600464,1.037091851234436,10.492648124694824,3.7250397205352783,1.5477784872055054,0.1345131397247314
2144607331.0,-0.0081477314233779,0.3765785098075866,10.476253509521484,1.6128640174865725,3.327608823776245,0.4677030146121979
2144615664.0,0.5163832306861877,0.657261848449707,10.153674125671388,1.205546736717224,1.81549870967865,0.4412180185317993
2144623997.0,-0.4559862613677978,0.1372703462839126,10.60638427734375,0.8845747709274292,0.4438050091266632,0.5155504941940308
2144632330.0,-1.0786272287368774,-0.1727125495672226,9.329811096191406,0.8480488657951355,0.6465417146682739,-0.1109352484345436
2144640663.0,-0.3889369666576385,-0.3670366704463959,9.49635887145996,2.684000492095948,2.0203611850738525,0.3310255706310272
2144648996.0,-0.3023405075073242,-0.8189448714256287,11.04528522491455,2.3901541233062744,1.536354660987854,0.629277765750885
2144657329.0,-0.1582652628421783,-0.6404617428779602,10.355829238891602,1.7990800142288208,0.3302315771579742,0.3359435200691223
2144665662.0,-0.1343380212783813,-0.3728441596031189,9.532170295715332,2.8297197818756104,-0.140263557434082,0.2082821577787399
2144673995.0,-0.1595550775527954,0.3874723613262176,9.90736484527588,3.7566475868225098,0.3170914053916931,-0.1218725219368934
2144682328.0,-0.003190531861037,-0.0874143987894058,10.271676063537598,2.8746726512908936,1.218277096748352,-0.0340157076716423
2144690661.0,-0.3777748346328735,0.1528089046478271,9.556513786315918,1.9377039670944207,2.596297025680542,0.0736281126737594
2144698994.0,-0.5863903164863586,0.3381230235099792,9.627330780029297,2.1133153438568115,3.6063694953918457,0.5042546987533569
2144707327.0,-0.9612698554992676,0.5720568299293518,9.930434226989746,2.8684229850769043,3.816661834716797,0.2978551685810089
2144715660.0,-0.142624631524086,0.070176862180233,11.092768669128418,2.3252475261688232,1.7611708641052246,0.1176590025424957
2144723993.0,-0.6045264601707458,0.6615599393844604,10.08315086364746,1.7123756408691406,-0.0410340055823326,0.110025942325592
2144732326.0,-0.4348356425762176,-0.0093058487400412,10.355335235595703,1.2275749444961548,-0.6234760284423828,0.292296826839447
2144740659.0,-5.02126567880623e-07,-0.0744179859757423,9.810554504394531,0.6833493113517761,-0.2759165465831756,0.5350173115730286
2144748992.0,0.1527847200632095,-0.6740123629570007,9.707345008850098,0.9448962807655334,-0.3966876566410064,0.3287714719772339
2144757325.0,-0.4597325026988983,-0.4942808151245117,9.254316329956056,1.4216028451919556,1.4557465314865112,0.0692480728030204
2144765658.0,-0.8400930762290955,-0.8093380331993103,9.293099403381348,2.122382879257202,4.07664680480957,0.323290079832077
2144773991.0,-0.4508104920387268,-0.5524336099624634,9.49642848968506,2.5548789501190186,5.029726505279541,0.5484391450881958
2144782324.0,-0.6397229433059692,0.2665640711784363,10.13852596282959,3.1221578121185303,3.1780991554260254,0.7964106798171997
2144790657.0,-0.8108014464378357,-0.0594067424535751,10.15865707397461,2.5298285484313965,0.6964895129203796,0.3988776803016662
2144798990.0,-0.2344047427177429,-0.1528106182813644,9.963730812072754,2.0746634006500244,-0.9875310659408568,0.2478048950433731
2144807323.0,-0.4424887299537658,-0.981284201145172,10.411585807800291,1.0834949016571045,-1.499559760093689,0.6173927187919617
2144815656.0,-0.4755189716815948,-0.6343058347702026,9.276247024536133,1.2731170654296875,-0.7053135633468628,0.8947948813438416
2144823989.0,-0.1376481056213379,-0.460328996181488,9.199069023132324,3.632648944854736,0.8180801868438721,0.7354998588562012
2144832322.0,-0.3638429045677185,0.1825185865163803,9.69277286529541,4.58872652053833,1.950485587120056,0.7234355807304382
2144840655.0,-0.2393214553594589,-0.2626334726810455,10.22839641571045,3.655881404876709,2.4972729682922363,0.6546871066093445
2144848988.0,-0.7835950255393982,-0.3060526847839355,9.48243236541748,1.7877840995788574,2.956279993057251,0.43632572889328
2144857321.0,-0.1755731552839279,-0.5488945245742798,9.282637596130373,1.910527348518372,2.228015899658203,0.913057804107666
2144865654.0,0.0723451301455497,-0.6412104368209839,9.608009338378906,3.2987165451049805,0.0444791205227375,0.698922872543335
2144873987.0,-0.7252653241157532,-0.555526614189148,10.136963844299316,3.42729926109314,-1.3443628549575806,0.5922906398773193
2144882320.0,-0.6038411259651184,-0.221962571144104,9.331546783447266,3.4329097270965576,0.1076438277959823,0.5899599194526672
2144890653.0,0.0696726813912391,-0.4281051158905029,9.75074291229248,3.6392571926116943,1.272502303123474,0.8890315294265747
2144898986.0,-0.5302368998527527,-0.0652564316987991,9.957945823669434,3.253379344940185,1.4457060098648071,0.633632242679596
2144907319.0,-0.7708356976509094,-0.3384729921817779,10.201742172241213,2.770909309387207,2.583003520965576,0.6870121955871582
2144915652.0,-0.5127595067024231,-0.4594610035419464,9.877498626708984,2.843320608139038,2.946725368499756,0.7009463310241699
2144923985.0,-0.117183431982994,-0.6432250738143921,10.143195152282717,3.739562749862671,1.5921168327331543,1.0017086267471311
2144932318.0,-0.1779881715774536,-0.4834864139556885,10.322726249694824,3.721043586730957,-0.1543001383543014,1.0451759099960327
2144940651.0,-0.4204264879226684,-0.1777707785367965,9.281119346618652,3.763512372970581,-1.61528480052948,0.4990037083625793
2144948984.0,-0.6462205052375793,0.3023596704006195,8.816695213317871,4.336605548858643,-0.3032469153404236,0.5645505785942078
2144957317.0,-0.7844558954238892,0.358823299407959,9.7339506149292,3.965096473693848,2.1257381439208984,0.4957250952720642
2144965650.0,-0.6671419739723206,-0.3567398488521576,10.59699821472168,2.593812704086304,3.4265830516815186,0.537783682346344
2144973983.0,-0.2937757074832916,-0.1316845715045929,10.20036792755127,2.435081243515014,3.208912849426269,0.9935377836227416
2144982316.0,-0.2777316272258758,-0.2280983626842498,10.192911148071287,4.083101272583008,0.6431607007980347,0.8549648523330688
2144990649.0,-1.0406205654144287,0.2391340434551239,10.145540237426758,4.842358112335205,-0.9667837023735046,0.2461143732070922
2144998982.0,-0.3178190588951111,-0.2424698770046234,10.128846168518066,3.6521670818328857,-0.779850959777832,0.470571905374527
2145007315.0,-0.0657591223716735,-0.0966188311576843,9.339174270629885,2.944676637649536,-0.5992962121963501,0.4925489127635956
2145015648.0,-0.2737921178340912,-0.2223506271839141,9.646925926208496,2.9180121421813965,-0.2552458941936493,0.6335809230804443
2145023981.0,-0.6376971006393433,-0.5370826125144958,9.431894302368164,3.0850939750671387,1.222631573677063,0.6622944474220276
2145032314.0,-0.5331538319587708,-0.24787437915802,9.646084785461426,3.970834255218506,2.514101505279541,0.4719551503658294
2145040647.0,-0.7112964987754822,0.005749674513936,10.427549362182615,4.631707191467285,3.160886526107788,0.8886987566947937
2145048980.0,-0.671133816242218,0.1171899884939193,10.73206901550293,4.151055812835693,1.8977971076965328,0.6656755208969116
2145057313.0,-0.6282880902290344,-0.1699487715959549,10.786835670471191,3.7384870052337646,0.1182993426918983,0.6337088942527771
2145065646.0,-0.2943431437015533,-0.8015730977058411,10.02952766418457,3.319745779037476,-1.2055084705352783,0.7232820391654968
2145073979.0,0.0229235086590051,-0.174175888299942,9.318902969360352,4.155128479003906,-2.1388144493103027,0.7329897880554199
2145082312.0,-0.5182405710220337,0.7943007946014404,9.733354568481444,5.399442672729492,-1.8629744052886963,0.4448296129703522
2145090645.0,-1.0225532054901123,0.5638904571533203,9.62819766998291,4.365370273590088,0.8490478992462158,0.2750328481197357
2145098978.0,0.109522670507431,0.5941995978355408,9.688920021057127,3.326585054397583,3.240572214126587,0.566881537437439
2145107311.0,0.2348026633262634,0.0483181700110435,10.512681007385254,2.672806978225708,2.307701587677002,1.077449917793274
2145115644.0,-0.6856515407562256,0.5267458558082581,10.058459281921388,2.313208818435669,0.6735391616821289,0.5892683267593384
2145123977.0,-1.2753384113311768,0.3726648986339569,9.478917121887209,3.4850854873657227,1.0306272506713867,0.442191332578659
2145132310.0,-0.8948916792869568,0.4165603518486023,9.804642677307127,3.735490322113037,1.817137718200684,0.4980815649032593
2145140643.0,-0.051839854568243,-0.123456634581089,10.978281021118164,2.8438847064971924,0.2068477720022201,0.6741282939910889
2145148976.0,0.4106660187244415,0.2100818753242492,10.581130981445312,1.707227110862732,-2.43806529045105,0.6312499642372131
2145157309.0,0.0351157300174236,0.81402587890625,9.362866401672363,2.424553632736206,-2.8219714164733887,0.7167247533798218
2145165642.0,-0.1744319647550583,1.0364984273910522,9.120509147644045,3.181556701660156,-0.8906581401824951,0.4802029132843017
2145173975.0,-0.5685749053955078,0.7914257645606995,9.527637481689451,2.63038969039917,2.2601613998413086,0.2421697974205017
2145182308.0,-0.9573861956596376,0.2052516341209411,9.752267837524414,0.9983788728713988,4.89161491394043,0.342961847782135
2145190641.0,-0.8264044523239136,0.1095368564128875,9.764395713806152,0.4414485692977905,5.83232307434082,0.7536349296569824
2145198974.0,-0.4599710404872894,0.5015144944190979,10.641950607299805,1.610456466674805,3.547686815261841,0.99525386095047
2145207307.0,-0.6253067255020142,0.8681942820549011,11.154749870300291,2.4105942249298096,-0.7791082859039307,0.678866982460022
2145215640.0,-0.4032576978206634,0.3519919812679291,10.794903755187988,1.2695565223693848,-3.701871156692505,0.3821515142917633
2145223973.0,-0.2290536016225814,-0.3568109273910522,8.996347427368164,0.1262653619050979,-3.690703868865967,0.4165002703666687
2145232306.0,0.2488484233617782,-0.8542797565460205,9.069066047668455,-0.0686205327510833,-1.64497172832489,0.7560169696807861
2145240639.0,-0.6393353939056396,-0.0686172246932983,8.996037483215332,0.741468071937561,1.1731703281402588,0.6304559111595154
2145248972.0,-0.6695504784584045,-0.2775071263313293,9.403430938720703,2.5318007469177246,4.184456825256348,0.6490519642829895
2145257305.0,-0.8396856188774109,-0.4985276162624359,9.847084045410156,3.449942350387573,5.524951934814453,0.8252009153366089
2145265638.0,-1.0331915616989136,-0.464286744594574,10.96059799194336,2.908688545227051,4.250644207000732,0.993691384792328
2145273971.0,-0.7819138765335083,-0.7056638598442078,10.600415229797363,1.6524897813796997,1.764833688735962,1.056343913078308
2145282304.0,-0.2242958843708038,0.6156308650970459,9.674073219299316,2.8391966819763184,-2.221086502075196,0.6888818740844727
2145290637.0,0.0249887518584728,0.715681254863739,10.169325828552246,3.871195077896118,-4.9596333503723145,0.4767961800098419
2145298970.0,-0.1951824873685836,0.1383671313524246,9.976672172546388,1.905097246170044,-4.078042507171631,0.6204920411109924
2145307303.0,-0.4788756966590881,-0.0193341337144374,8.664911270141602,0.2715493142604828,-0.4443813562393188,0.6598610877990723
2145315636.0,-0.1308665573596954,0.2186814993619918,8.495339393615723,0.9614942669868468,3.3682334423065186,0.6258966326713562
2145323969.0,-0.7651262283325195,-0.0803934410214424,9.894949913024902,2.027584314346313,5.461147308349609,0.7486913800239563
2145332302.0,-0.9992690086364746,-0.5305531620979309,10.804025650024414,1.6169112920761108,5.296191215515137,0.6121417880058289
2145340635.0,-0.99947327375412,-0.5753087997436523,10.517765045166016,1.5159400701522827,3.537850856781006,0.8017127513885498
2145348968.0,-0.6293088793754578,-0.745114803314209,10.245304107666016,1.7460838556289673,-0.0122179891914129,0.5839148759841919
2145357301.0,-0.3407408595085144,-0.6939531564712524,9.56500244140625,2.334545135498047,-2.975374937057495,0.6515620350837708
2145365634.0,0.0497899539768695,-1.4958077669143677,9.30918312072754,2.294638633728028,-4.44640064239502,0.5180094838142395
2145373967.0,-0.5885494351387024,-1.2575098276138306,8.4944429397583,2.2651820182800293,-2.818846702575684,0.4357621967792511
2145382300.0,-1.0069321393966677,-1.0781489610671997,8.601297378540039,2.9370179176330566,1.6526433229446411,0.7140096426010132
2145390633.0,-0.5241537094116211,-0.1020328551530838,9.120813369750977,4.412294864654541,4.985080718994141,0.8213332295417786
2145398966.0,-0.4536945819854736,0.3925279378890991,10.871682167053224,5.2125349044799805,4.8300886154174805,0.7898276448249817
2145407299.0,-1.0597792863845823,0.4124204218387604,11.534321784973145,3.820222616195679,2.86250638961792,0.6236938238143921
2145415632.0,-1.0453119277954102,-0.16949063539505,11.110917091369627,1.5991096496582031,0.997917890548706,0.6697482466697693
2145423965.0,0.0564203150570392,-0.5349677801132202,10.117759704589844,1.7039228677749634,-1.6698431968688965,1.111644983291626
2145432298.0,-0.0173756815493106,-1.217352271080017,10.020368576049805,2.8271584510803223,-3.882989883422852,1.1407171487808228
2145440631.0,-0.160309687256813,-0.9333314299583436,8.852109909057617,3.498379230499268,-3.615295648574829,0.8641090393066406
2145448964.0,-0.8914138078689575,-0.3858207762241363,8.298561096191406,4.754244804382324,-0.1295311748981475,0.6250001788139343
2145457297.0,-0.7040172815322876,-0.059648297727108,9.747304916381836,4.858187675476074,4.615262508392334,0.9996083378791808
2145465630.0,-0.841402530670166,-0.2661845684051513,10.13637638092041,3.866378545761109,6.290534973144531,1.1293442249298096
2145473963.0,-0.4956645369529724,0.4883688986301422,10.387903213500977,4.234917640686035,4.369622230529785,0.7600641250610352
2145482296.0,-0.7445723414421082,-0.0395226180553436,11.081311225891112,4.30100154876709,1.1375410556793213,1.1304458379745483
2145490629.0,-1.13127601146698,-0.1428872644901275,10.232743263244627,3.375866174697876,-1.504196047782898,0.8938471078872681
2145498962.0,-0.0857010781764984,-0.0072100437246263,9.42855453491211,3.7737324237823486,-2.656503677368164,0.9878258109092712
2145507295.0,-0.6922029256820679,-0.3565775156021118,9.273065567016602,4.101543426513672,-2.6321191787719727,0.894026517868042
2145515628.0,-0.5312521457672119,0.1919445842504501,9.417506217956545,3.840303897857666,-0.5515512824058533,0.8025579452514648
2145523961.0,-0.6558921337127686,0.5904504656791687,9.511238098144531,4.076211452484131,2.52380919456482,1.0022209882736206
2145532294.0,-0.2998988628387451,0.3236474692821502,10.636136054992676,3.8780593872070312,3.382936477661133,0.91441547870636
2145540627.0,-0.5372664928436279,0.1462215036153793,10.735207557678224,3.26836371421814,2.8280551433563232,1.0913841724395752
2145548960.0,-0.8221746683120728,-0.2896366417407989,10.359280586242676,2.891117572784424,1.5814101696014404,0.9724316596984864
2145557293.0,-0.2983540892601013,0.0551335848867893,10.1239652633667,3.569894313812256,-0.0970011055469513,0.917668342590332
2145565626.0,-0.5655548572540283,0.1491596847772598,10.31557559967041,3.983794927597046,-1.105894684791565,0.7840389609336853
2145573959.0,-0.3874725103378296,-0.2409314811229705,9.833788871765137,3.2993826866149902,-1.0024900436401367,0.9305012226104736
2145582292.0,-1.0223228931427002,-0.0021745879203081,9.05152702331543,2.9828672409057617,0.7556070685386658,1.0363390445709229
2145590625.0,-0.8672448396682739,0.5045799016952515,9.531245231628418,3.174487590789795,3.418053388595581,1.092357516288757
2145598958.0,-0.4302112460136413,0.4773453772068023,10.02845573425293,3.468205690383911,3.342695951461792,1.0148743391036987
2145607291.0,0.0949204564094543,0.5244357585906982,10.82586669921875,3.56740951538086,0.9633897542953492,1.0679726600646973
2145615624.0,-0.7692257761955261,0.0498686209321022,10.465530395507812,2.2080624103546143,-0.5530624985694885,1.083059549331665
2145623957.0,-1.45848286151886,0.1141990646719932,9.20805835723877,1.5091267824172974,0.2514165341854095,0.7683374881744385
2145632290.0,-1.0110161304473877,0.0853009074926376,9.145682334899902,2.2313714027404785,2.284623384475708,1.1533962488174438
2145640623.0,0.0203115474432706,-0.0782496109604835,10.355074882507324,2.942422389984131,1.585995078086853,1.2967336177825928
2145648956.0,0.0834474638104438,-0.0460455603897571,10.651775360107422,2.759767532348633,-0.9898622035980223,0.922893762588501
2145657289.0,-1.2564818859100342,0.3604003489017486,9.397929191589355,2.565560340881348,-0.986890971660614,0.6695432662963867
2145665622.0,-1.538558840751648,0.9797056317329408,8.857635498046875,2.97725772857666,2.3266048431396484,0.4075096547603607
2145673955.0,-0.7587108016014099,0.7416982650756836,9.580870628356934,3.106071710586548,3.999957323074341,0.60135817527771
2145682288.0,-0.4407587647438049,0.3593325912952423,10.640501022338867,2.291359663009644,2.254833698272705,0.8840625286102295
2145690621.0,-0.9757050275802612,0.4321604669094085,10.861727714538574,0.8219223618507385,0.3815368115901947,0.6566081047058105
2145698954.0,-0.8924316167831421,0.5962895750999451,9.889914512634276,0.7612678408622742,-0.3637221157550812,0.532942533493042
2145707287.0,-0.0474474132061004,0.6698687076568604,9.731664657592772,2.1543490886688232,-1.3174680471420288,0.410711407661438
2145715620.0,-1.1290687322616575,0.0462134182453155,10.251225471496582,1.976330041885376,-1.1757190227508545,0.2631734311580658
2145723953.0,-1.4505996704101562,0.2012263238430023,9.396611213684082,0.137074589729309,1.7651152610778809,0.1512648612260818
2145732286.0,-0.6571450233459473,0.5028244853019714,8.893596649169922,1.0639257431030271,4.206075191497803,0.4530261754989624
2145740619.0,0.0365237295627594,-0.1207706779241561,11.266380310058594,1.651516318321228,1.979557633399964,0.5719018578529358
2145748952.0,-0.8309100270271301,-1.0532561540603638,11.116483688354492,-0.1241521760821342,-1.1827116012573242,0.4282571971416473
2145757285.0,-1.3594552278518677,-1.1729801893234253,9.000702857971191,0.1693741232156753,-0.9840476512908936,0.337352305650711
2145765618.0,-0.9832651615142822,-0.6474485993385315,9.06391143798828,2.601701736450196,0.9749674797058104,0.6833493113517761
2145773951.0,-0.2809090614318847,-0.4090891182422638,10.3545503616333,3.615795135498047,0.8098580241203308,0.5275890827178955
2145782284.0,-0.2009999603033065,-0.1779343485832214,10.312257766723633,3.319540977478028,-0.189622163772583,0.382894366979599
2145790617.0,-0.6976752877235413,-0.3570574223995209,9.85888957977295,2.5104897022247314,0.0135627379640936,0.6770482063293457
2145798950.0,-1.0379215478897097,0.0398346185684204,8.958924293518066,2.191746234893799,1.827383637428284,0.8264561295509338
2145807283.0,-0.2024393528699875,-0.1099799498915672,9.777992248535156,2.697115182876587,2.120948314666748,0.8541195392608643
2145815616.0,-0.5891238451004028,0.0193715319037437,9.731847763061523,2.781078577041626,0.5044082999229431,0.6791229844093323
2145823949.0,-0.9341396689414978,-0.1576627343893051,9.752388954162598,2.6583092212677,0.2609194219112396,0.6896504759788513
2145832282.0,-0.6313552260398865,-0.882605254650116,10.123119354248049,1.7826610803604126,0.745387077331543,1.227703094482422
2145840615.0,-0.5844762921333313,-0.2814424335956573,9.604979515075684,1.989803433418274,0.1880725175142288,1.069637656211853
2145848948.0,-1.0241693258285522,-0.0287060961127281,9.689437866210938,3.22925066947937,0.680352509021759,1.208723068237305
2145857281.0,-0.9962868690490724,-0.5556710958480835,9.692227363586426,3.303147554397583,1.0183579921722412,0.9856997132301332
2145865614.0,-0.5349717736244202,-0.938815414905548,9.73939609527588,3.0562007427215576,1.3345400094985962,1.1592105627059937
2145873947.0,-0.5495765805244446,-1.4394333362579346,10.134540557861328,2.3234033584594727,0.7179798483848572,1.6740823984146118
2145882280.0,-0.5913825631141663,-0.8286541104316711,9.267192840576172,3.054407835006714,-0.5122591853141785,1.3149452209472656
2145890613.0,-0.4392167627811432,-0.1616604924201965,9.201452255249023,5.32119083404541,-0.9019284248352052,1.1257585287094116
2145898946.0,-0.9485476016998292,-0.4190009236335754,10.140485763549805,5.296473026275635,0.0870243683457374,1.135133147239685
2145907279.0,-0.7015372514724731,-0.2061193436384201,10.18675422668457,3.242826223373413,1.6858649253845217,0.9196150898933412
2145915612.0,-0.434302419424057,0.11492320895195,9.591557502746582,3.155045986175537,1.9439282417297363,1.178165078163147
2145923945.0,-0.5450533032417297,0.1083651259541511,10.307989120483398,4.123597621917725,1.549443602561951,1.0143877267837524
2145932278.0,-0.6799476742744446,-0.0468412227928638,10.374750137329102,4.230203628540039,0.7485120892524719,1.039054274559021
2145940611.0,-0.904772937297821,-0.3786991238594055,9.832058906555176,3.5716614723205566,0.1040578261017799,0.840031623840332
2145948944.0,-0.9334540963172911,-0.2421525418758392,9.301868438720703,3.572839736938477,0.8006880879402161,0.8498162627220154
2145957277.0,-0.9305099844932556,-0.5611522197723389,9.51877784729004,3.72872805595398,1.045432209968567,0.765442967414856
2145965610.0,-0.7176792621612549,-0.0150354653596878,10.263897895812988,3.89314603805542,1.1137197017669678,0.8604205250740051
2145973943.0,-0.5862902998924255,0.5608864426612854,10.490778923034668,3.718021154403688,0.4921903312206268,0.8859066963195801
2145982276.0,-0.3247358202934265,0.6075409650802612,10.037542343139648,3.894426107406616,-0.5622836351394653,0.3396319150924682
2145990609.0,-0.6634039878845215,-0.3103052675724029,9.881242752075195,3.513261556625366,-0.6585419774055481,0.304002583026886
2145998942.0,-0.5352197885513306,-0.9175119400024414,9.46843719482422,2.1620335578918457,0.7332202792167664,0.7991257905960083
2146007275.0,-0.5235268473625183,0.0754876732826232,8.644407272338867,3.3532490730285645,1.4479598999023438,0.6841946244239807
2146015608.0,-0.6642179489135742,0.9527944922447203,9.593771934509276,5.668853282928467,1.4768528938293457,0.6100670695304871
2146023941.0,-0.4851855635643005,0.5260331630706787,10.635991096496582,4.870072841644287,1.0413851737976074,0.3524646759033203
2146032274.0,-0.6613577604293823,0.3604879677295685,10.478557586669922,2.5531883239746094,0.8185924887657166,0.4891934692859649
2146040607.0,-1.3426287174224854,0.0289107747375965,10.280527114868164,0.8027885556221008,1.4837429523468018,0.9086520671844482
2146048940.0,-1.1898850202560425,0.573004424571991,9.182289123535156,1.8237206935882568,2.033527135848999,0.3623005449771881
2146057273.0,0.0066817309707403,0.7225033044815063,10.221856117248535,4.472412109375,0.3470088243484497,0.5004380941390991
2146065606.0,-0.2765025198459625,-0.6545007228851318,11.103105545043944,3.2591423988342285,-2.1162478923797607,0.4007731080055237
2146073939.0,-1.278495192527771,-0.0819032043218612,9.18920612335205,1.2998327016830444,-1.0002102851867676,0.5278453230857849
2146082272.0,-0.8417611718177795,0.0716465711593627,8.886713981628418,2.05709195137024,1.880149006843567,0.7264581918716431
2146090605.0,-0.9561623334884644,0.59443598985672,9.554781913757324,3.4392106533050537,2.634565114974976,0.5553550720214844
2146098938.0,-0.5760694742202759,0.6003928184509277,11.091683387756348,3.421971559524536,2.122459173202514,0.4772827923297882
2146107271.0,-0.4294140040874481,-0.1852952092885971,10.932780265808104,1.5729830265045166,0.2383020520210266,0.8329877853393555
2146115604.0,-0.4395520389080047,0.3827956318855285,9.85740089416504,1.1873351335525513,-1.3990240097045898,0.6446974873542786
2146123937.0,-0.8049768209457397,-0.5704569816589355,9.771285057067873,1.9362696409225464,-0.9639917016029358,0.9920265078544616
2146132270.0,-1.5293647050857544,-0.2476481050252914,8.949149131774902,2.4876163005828857,0.3439351320266723,0.4001327753067016
2146140603.0,0.0605139657855033,0.1837588399648666,9.506954193115234,3.730725765228272,1.6987744569778442,0.8501748442649841
2146148936.0,-0.1246077492833137,-0.8781499862670898,10.534897804260254,3.466822862625122,0.1852293610572815,0.7482815384864807
2146157269.0,-0.6322986483573914,-1.1024205684661863,9.88931369781494,2.044438600540161,-0.458955854177475,0.559786319732666
2146165602.0,-1.030743956565857,-0.8017963171005249,8.664158821105957,2.8150429725646973,1.3784685134887695,1.0719430446624756
2146173935.0,-0.871513843536377,-0.0485907457768917,9.51645851135254,5.124781131744385,2.051098346710205,0.9360851049423218
2146182268.0,-0.8343697190284729,0.5380828380584717,10.72670078277588,5.367142677307129,1.6936004161834717,0.9300656914711
2146190601.0,-0.8315567970275879,0.4728008806705475,10.98498249053955,4.155614852905273,0.8440018892288208,0.8593704700469971
2146198934.0,-0.8923606276512146,0.4962228536605835,10.37657356262207,2.700803518295288,0.1854342669248581,0.7834498286247253
2146207267.0,-0.666461706161499,0.5722124576568604,9.911054611206056,2.302706956863404,0.0344639532268047,1.1357223987579346
2146215600.0,-0.641636312007904,1.1059999465942385,9.380154609680176,3.204993963241577,-0.5342616438865662,0.8027116656303406
2146223933.0,-0.6749722361564636,0.4448933005332947,10.521406173706056,2.903181314468384,-0.2063995003700256,0.8302469849586487
2146232266.0,-0.9147058725357056,0.4263022541999817,9.762537956237791,1.2338504791259766,0.3744160532951355,0.7573489546775818
2146240599.0,-1.1915665864944458,0.8727148175239563,9.811179161071776,1.3941186666488647,1.9894959926605225,0.6776630282402039
2146248932.0,-0.9201018810272216,0.8832452893257141,10.523775100708008,1.4853568077087402,2.5081844329833984,0.8972795009613037
2146257265.0,-0.5631617307662964,0.7261823415756226,10.378373146057127,1.885579228401184,0.4669859707355499,0.3034646809101105
2146265598.0,-0.5640896558761597,0.5593810081481934,10.908884048461914,1.332951903343201,-0.8390710949897766,0.6515364646911621
2146273931.0,-0.7309736609458923,-0.050594113767147,10.279458045959473,-0.6707599759101868,-1.5363930463790894,0.8246374726295471
2146282264.0,-0.2995793223381042,-0.1535170078277588,8.757973670959473,-0.006659701000899,-1.6968148946762085,0.306973785161972
2146290597.0,-0.1514042317867279,-0.650951623916626,9.665608406066896,1.3707586526870728,-0.4932789802551269,0.5881668329238892
2146298930.0,-0.636123776435852,-0.5085886120796204,9.704641342163086,1.0259653329849243,0.5544072389602661,0.6349896788597107
2146307263.0,-0.3949030637741089,0.0450628101825714,8.873547554016113,1.7343013286590576,1.8500009775161743,0.6415213346481323
2146315596.0,-1.0813319683074951,0.1875251531600952,9.672582626342772,2.7811038494110107,2.8088183403015137,0.6342212557792664
2146323929.0,-0.946249544620514,-0.3661997020244598,10.540307998657228,1.5630958080291748,2.7754430770874023,0.2808216512203216
2146332262.0,-0.4030698239803314,-1.009860277175903,9.811101913452148,0.9664892554283142,1.403032660484314,0.7164174318313599
2146340595.0,0.1954378485679626,-0.3054651618003845,9.985540390014648,2.240413188934326,-1.8644858598709104,0.8952302932739258
2146348928.0,-0.7379554510116577,0.1390886008739471,9.79448413848877,2.939092874526977,-3.083467483520508,0.5246692299842834
2146357261.0,-0.5110453367233276,0.117455393075943,9.5726318359375,2.8565378189086914,-1.4460515975952148,0.16752989590168
2146365594.0,-0.8671606779098511,-0.4513084590435028,9.220224380493164,1.961909770965576,1.6588163375854492,0.3155545890331268
2146373927.0,-0.3209488987922668,-0.6447678208351135,9.636190414428713,1.340790033340454,4.562446594238281,0.8518911004066467
2146382260.0,-0.5954383015632629,-0.2677322626113891,10.10734748840332,2.02159070968628,4.587599277496338,1.0609288215637207
2146390593.0,-0.9864774942398072,-0.1536812782287597,10.721163749694824,2.950490951538086,2.458313465118408,0.9508643746376038
2146398926.0,-0.7547497153282166,-0.2966443300247192,9.963456153869627,3.276611328125,0.3959832489490509,0.8408000469207764
2146407259.0,-0.1650793105363845,-0.7349007725715637,9.988688468933104,2.924518346786499,-1.6814978122711182,0.7775586247444153
2146415592.0,-0.774660587310791,-0.5861890912055969,8.85374927520752,1.7306642532348633,-2.0750861167907715,0.6702604293823242
2146423925.0,-0.9322137832641602,-0.2104087918996811,8.524579048156738,1.9682108163833616,0.623207151889801,0.8684378862380981
2146432258.0,-0.6640151143074036,-0.4666851162910461,9.48642921447754,2.5352582931518555,2.743732690811157,1.0867222547531128
2146440591.0,-0.165408506989479,-0.129980519413948,10.252034187316896,3.219722270965576,2.5610525608062744,0.968871295452118
2146448924.0,-0.5159454941749573,-0.9720062613487244,10.775351524353027,2.914349317550659,1.6495952606201172,1.1570590734481812
2146457257.0,-1.00136399269104,-1.1575602293014526,9.43484115600586,2.1232025623321533,0.8737655878067017,1.3482180833816528
2146465590.0,-1.0153818130493164,-0.061480525881052,8.66794490814209,3.579883813858032,1.5952417850494385,1.3590272665023804
2146473923.0,-0.2623264789581299,-0.0199537370353937,10.442496299743652,4.762723922729492,0.5790994167327881,1.0949957370758057
2146482256.0,-0.2317116409540176,-0.3598606288433075,11.050165176391602,3.2680821418762207,-1.0411674976348877,0.7364733815193176
2146490589.0,-0.2065712958574295,-0.2652879059314728,9.497703552246094,2.4091596603393555,-0.6200694441795349,1.0296282768249512
2146498922.0,-0.8453853130340576,-0.5340157747268677,8.838180541992188,3.202303886413574,1.3448110818862915,1.37006676197052
2146507255.0,-1.172990798950195,0.4820793271064758,9.169025421142578,4.130948543548584,3.5644896030426025,0.9737123250961304
2146515588.0,-0.7640058398246765,0.3535365462303161,9.88813018798828,4.84520149230957,4.075852394104004,0.7808627486228943
2146523921.0,-0.2965782582759857,-0.6043164134025574,10.833581924438477,3.865636587142944,2.413437604904175,1.082188606262207
2146532254.0,-1.2513984441757202,-0.103206492960453,10.25981616973877,2.20073676109314,0.8994055390357971,1.2937878370285034
2146540587.0,-1.131609559059143,0.4055835902690887,9.593340873718262,2.4882824420928955,0.4527444243431091,1.1162556409835815
2146548920.0,-0.4751734137535095,0.1766146421432495,9.30606746673584,4.028363227844238,-0.3230467438697815,0.9730207324028016
2146557253.0,0.4839734733104706,-0.6648119688034058,10.292105674743652,3.852726936340332,-1.8999615907669067,1.1811619997024536
2146565586.0,-0.2219960242509842,-0.8909064531326294,9.353114128112791,2.755490064620972,-1.7632840871810913,1.1895636320114136
2146573919.0,-1.2601563930511477,0.1193364635109901,8.731058120727539,3.517615556716919,1.0416412353515625,0.7471800446510315
2146582252.0,-0.9897414445877076,0.5800527930259705,9.390381813049316,5.161742210388184,5.0298285484313965,0.8169019818305969
2146590585.0,-0.7116025686264038,0.4841596782207489,10.449673652648926,5.471802711486816,5.928146362304688,1.0497868061065674
2146598918.0,-0.6816655993461609,0.7578070759773254,11.638909339904783,4.098930835723877,3.6437911987304688,1.2408688068389893
2146607251.0,-1.0985116958618164,1.134123682975769,10.92339038848877,2.275940179824829,1.4694759845733645,1.3601287603378296
2146615584.0,-0.7261870503425598,1.2085506916046145,9.749821662902832,2.5373077392578125,-0.8256748914718628,0.9425141215324402
2146623917.0,0.2695193886756897,0.5907992124557495,10.248285293579102,2.8189616203308105,-2.760650873184204,0.8796055912971497
2146632250.0,-0.130798265337944,-0.759304940700531,9.700675010681152,1.1496566534042358,-2.892026662826538,1.0608519315719604
2146640583.0,-0.9418434500694276,-0.3823909759521484,7.897339344024658,1.2434558868408203,0.1565926223993301,0.8625209927558899
2146648916.0,-0.6134859323501587,-0.1813038885593414,8.951329231262207,3.1128854751586914,4.740413665771484,1.3691705465316772
2146657249.0,-0.8224388957023621,-0.1127651110291481,10.441047668457031,4.128976821899414,6.253729343414307,1.3529568910598757
2146665582.0,-1.3737378120422363,-0.3798352777957916,10.56826114654541,4.133894443511963,5.2893266677856445,1.1461730003356934
2146673915.0,-1.3490960597991943,-0.3115240335464477,10.382014274597168,3.834361076354981,3.757518529891968,1.3796980381011963
2146682248.0,-0.944542109966278,-0.0232794880867004,10.248712539672852,3.654600381851196,0.6264857053756714,1.4286723136901855
2146690581.0,-0.7048113942146301,0.756176233291626,10.130885124206545,3.751934766769409,-2.340193271636963,1.496294021606445
2146698914.0,0.1185684725642204,0.7990437746047974,10.24594020843506,3.727447748184204,-4.226272106170654,1.2372061014175415
2146707247.0,-0.0971728041768074,-0.7451801300048828,9.6721773147583,2.6105897426605225,-4.253294467926025,1.3368196487426758
2146715580.0,-1.2844833135604858,-1.1150405406951904,8.57974910736084,1.41596782207489,0.7800943851470947,2.0189526081085205
2146723913.0,-0.7758297324180603,-0.1902647018432617,8.447848320007324,2.9855313301086426,6.029322147369385,2.586205244064331
2146732246.0,-0.9813987612724304,0.7651076316833496,10.758545875549316,5.827891826629639,6.724979400634766,2.107987642288208
2146740579.0,-0.277064710855484,1.011990666389465,12.19330883026123,5.503692150115967,3.5760416984558105,1.7196500301361084
2146748912.0,-0.5023183226585388,0.7859640121459961,11.233039855957031,3.88069748878479,0.0215031523257493,1.7427796125411987
2146757245.0,-0.800739586353302,0.9995449781417848,10.308993339538574,2.257267713546753,-1.8923285007476809,1.951535940170288
2146765578.0,-1.0800307989120483,0.78346186876297,9.07257080078125,1.225653886795044,-0.8493680357933044,2.216412305831909
2146773911.0,-0.9472557306289672,1.1015650033950806,8.998178482055664,2.231166362762451,0.8892621397972107,1.9361672401428225
2146782244.0,-0.3205630481243133,1.4076646566390991,10.968576431274414,2.242026805877685,1.8499499559402464,1.9491537809371948
2146790577.0,-0.4717130064964294,1.0181329250335691,10.756265640258787,0.7538397908210754,1.40748929977417,1.8008214235305786
2146798910.0,-0.5375319719314575,0.427986204624176,9.620489120483398,0.3657585084438324,1.2070324420928955,1.7631176710128784
2146807243.0,-1.3794368505477903,0.1101631522178649,9.65738582611084,0.4372733831405639,2.5797760486602783,2.11787486076355
2146815576.0,-1.118861198425293,0.2148637473583221,9.365978240966797,0.6209274530410767,3.112091064453125,1.854201316833496
2146823909.0,-0.9819848537445068,0.404724657535553,9.611223220825195,2.0617027282714844,2.4120795726776123,1.7165250778198242
2146832242.0,-0.5842209458351135,-0.0090754097327589,11.31366729736328,1.424369215965271,0.1488315016031265,1.7726458311080933
2146840575.0,-0.5064229369163513,-0.7418338060379028,10.13509750366211,-0.416154533624649,-1.7106212377548218,1.902945637702942
2146848908.0,-0.3932642638683319,-0.4329822063446045,8.521352767944336,0.752533495426178,-1.807955384254456,1.939497113227844
2146857241.0,-0.731030285358429,-0.4050988852977752,9.151061058044434,2.750136613845825,-0.8238306641578674,1.8524856567382808
2146865574.0,-1.2941352128982544,-0.1992344260215759,9.60166358947754,2.7029290199279785,1.9710532426834104,1.6096879243850708
2146873907.0,-0.59040766954422,-0.0355604812502861,9.687193870544434,2.788609027862549,3.7042157649993896,1.7875791788101196
2146882240.0,-0.8130991458892822,0.7052811980247498,10.108236312866213,2.996648073196411,2.960992813110352,1.881890892982483
2146890573.0,-0.8887941837310791,0.8549759984016418,10.611565589904783,2.3734278678894043,1.4245485067367554,1.7520006895065308
2146898906.0,-0.8271183967590332,0.1685528010129928,9.90180492401123,1.7340710163116455,0.1026490479707717,1.728640913963318
2146907239.0,-0.8263280391693115,-0.1202729418873786,10.014681816101074,0.9737635254859924,-0.9266204237937928,2.09333610534668
2146915572.0,-0.1276504397392273,-0.4051568806171417,10.147136688232422,0.4372733831405639,-1.3899052143096924,2.225658893585205
2146923905.0,0.6078640222549438,-0.4472012519836426,9.762928009033203,1.6345083713531494,-2.59415864944458,1.9507673978805544
2146932238.0,-0.2808453440666199,-0.4023857712745666,9.365385055541992,2.6108968257904053,-1.6457911729812622,2.1700761318206787
2146940571.0,-0.8739486932754517,-0.1502125412225723,8.844072341918945,2.47386121749878,2.6077983379364014,2.153119802474976
2146948904.0,-0.3377227485179901,-0.1400903314352035,9.135709762573242,2.6382534503936768,5.375826358795166,2.1580886840820312
2146957237.0,-0.9664023518562316,-1.1575977802276611,9.995250701904297,2.208395004272461,5.223113059997559,1.9772522449493408
2146965570.0,-1.1396541595458984,-1.3122645616531372,9.69845199584961,1.2127187252044678,4.6148529052734375,2.330062866210937
2146973903.0,-1.0435813665390017,-0.7280395030975342,9.386730194091797,3.151409149169922,2.6169936656951904,2.3223276138305664
2146982236.0,-0.831612229347229,0.1125489696860313,9.682779312133787,5.3866868019104,-0.5431241989135742,2.12788987159729
2146990569.0,-0.4213775396347046,-0.2604091763496399,10.412962913513184,4.973452568054199,-2.5651121139526367,2.2288613319396973
2146998902.0,-0.8397691249847412,-0.4957117438316345,9.216876983642578,3.239701509475708,-2.804605007171631,2.180783271789551
2147007235.0,-0.7784163355827332,-0.0302700959146022,8.751734733581543,2.7777743339538574,0.5260011553764343,2.245023965835572
2147015568.0,-0.98843914270401,0.2032719701528549,9.17282485961914,3.564336061477661,3.582727193832397,2.4769861698150635
2147023901.0,-0.814562201499939,0.4082108736038208,10.01738452911377,4.440138339996338,4.121112823486328,1.9617046117782595
2147032234.0,-1.2885973453521729,0.1721703559160232,10.803364753723145,4.3577375411987305,3.3504574298858643,2.079709529876709
2147040567.0,-1.1781421899795532,-0.3346913158893585,10.798938751220703,2.6533143520355225,2.399503231048584,2.072434902191162
2147048900.0,-0.682767927646637,0.245963379740715,9.78447437286377,2.660306930541992,0.2339988350868225,2.055478096008301
2147057233.0,-0.7728745937347412,0.8171530365943909,10.141047477722168,3.683749437332153,-2.039123773574829,1.8438023328781128
2147065566.0,-0.3700306117534637,0.3133654296398163,9.878992080688477,3.470178365707397,-2.664290189743042,1.781252384185791
2147073899.0,-0.2144892215728759,-0.3871376812458038,9.639707565307615,2.282600164413452,-1.328123927116394,2.083474636077881
2147082232.0,-1.195227026939392,0.447578102350235,9.182767868041992,1.88960063457489,1.3665579557418823,2.405778884887696
2147090565.0,-1.3949787616729736,0.518993616104126,8.808761596679688,3.096773862838745,4.471285343170166,2.0047879219055176
2147098898.0,-1.711880087852478,-0.4629232585430145,9.459634780883787,4.204462051391602,6.067539691925049,1.9029970169067385
2147107231.0,-0.7209848761558533,0.0622985996305942,10.651159286499023,3.340749740600586,3.925779342651367,1.9554804563522337
2147115564.0,-0.3034324049949646,0.1631684303283691,10.944948196411133,2.755105495452881,-0.9050021171569824,2.1292471885681152
2147123897.0,-0.8202927112579346,0.6620022654533386,10.271530151367188,2.0079894065856934,-4.800082206726074,1.7973382472991943
2147132230.0,-1.175151228904724,0.5643579959869385,9.0805082321167,2.165081739425659,-4.229678630828857,1.572035312652588
2147140563.0,-1.172020673751831,-0.2011386454105377,9.03836441040039,2.2247884273529053,-0.3542448580265045,1.898155689239502
2147148896.0,-0.6493483781814575,0.3179007768630981,9.8242769241333,2.353244066238404,2.856973648071289,2.29443359375
2147157229.0,-0.6496362090110779,0.9031277298927308,10.284465789794922,3.372638940811157,3.765766859054565,2.334391832351685
2147165562.0,-1.1024314165115356,0.3719654381275177,10.866205215454102,3.5980441570281982,2.90366792678833,2.2654380798339844
2147173895.0,-1.419655680656433,-0.1267013400793075,10.341776847839355,2.525678396224976,1.807353019714356,2.060882568359375
2147182228.0,-0.8584470152854919,-0.392712652683258,9.433116912841797,2.1722280979156494,0.3812294602394104,2.4123871326446533
2147190561.0,-0.889110267162323,-0.1994980126619339,9.939974784851074,2.639636516571045,-1.3568627834320068,2.384493112564087
2147198894.0,-0.9446945190429688,0.2254706025123596,9.390816688537598,3.084402561187744,-2.484222173690796,2.118771314620972
2147207227.0,-0.7979256510734558,0.3485559225082397,9.700488090515137,3.9535956382751465,-1.5210247039794922,2.037138700485229
2147215560.0,-0.8902292847633362,-0.4472570419311523,10.707930564880373,2.2137742042541504,0.1087452322244644,2.232882261276245
2147223893.0,-0.6773905754089355,0.182170033454895,9.270946502685549,1.791651725769043,2.161956787109375,2.5341827869415283
2147232226.0,-0.3927133083343506,0.1718492209911346,9.586228370666504,3.741432905197144,2.591968774795532,2.8075382709503174
2147240559.0,-0.792208194732666,0.1420775800943374,11.181806564331056,4.069422721862793,1.7030519247055054,2.690455198287964
2147248892.0,-1.1351876258850098,0.1699654310941696,10.126726150512695,2.934071779251098,0.6050209403038025,2.63679313659668
2147257225.0,-1.2642991542816162,0.5739583969116211,9.23802375793457,3.233887195587158,1.1346977949142456,2.62708592414856
2147265558.0,-1.323565125465393,0.6412294507026672,9.57961082458496,3.55424427986145,1.2049577236175537,2.378499746322632
2147273891.0,-0.8908908367156982,0.5799415707588196,10.135390281677246,2.485797643661499,0.9143386483192444,2.37265944480896
2147282224.0,-0.8416006565093994,-0.0701857134699821,10.737071990966797,1.2810319662094116,0.0302376076579093,2.5213756561279297
2147290557.0,-0.5110009908676147,0.1670929044485092,10.257267951965332,0.3732377588748932,-0.317052960395813,2.6711418628692627
2147298890.0,-1.2286443710327148,0.2630333006381988,8.975021362304688,1.9725137948989868,0.2093323469161987,2.5861029624938965
2147307223.0,-1.0327595472335815,-0.2113321423530578,9.800395011901855,3.2698237895965576,1.6027467250823977,2.488948106765747
2147315556.0,-1.0872845649719238,-0.3293178081512451,10.350478172302246,2.2025299072265625,2.278860092163086,2.74760103225708
2147323889.0,-1.2574396133422852,0.5817582607269287,10.158416748046877,2.0464107990264893,2.5866405963897705,2.441868782043457
2147332222.0,-0.8961496353149414,1.1158733367919922,10.225979804992676,2.806077718734741,1.9127556085586548,2.366332530975342
2147340555.0,-1.1252641677856443,-0.1636233627796173,10.42403793334961,2.985581874847412,0.4690349698066711,2.043823480606079
2147348888.0,-1.3614310026168823,-0.8119949698448181,9.913058280944824,1.3517272472381592,0.645209789276123,2.350913047790528
2147357221.0,-1.3093334436416626,-0.6040241718292236,9.148411750793455,1.3923001289367676,1.6106102466583252,2.839017629623413
2147365554.0,-0.5745489597320557,0.2480036467313766,9.365769386291504,3.507600784301758,0.8945643901824951,2.5918917655944824
2147373887.0,-0.6826711893081665,0.9799538254737854,10.24261474609375,4.710290908813477,-0.3513504564762115,1.962396144866944
2147382220.0,-1.1762388944625854,0.0916480273008346,10.639205932617188,2.9566383361816406,-0.0849880278110504,1.695034742355347
2147390553.0,-1.475142240524292,-0.6114509701728821,9.362323760986328,0.8047351837158203,3.192007541656494,2.4131298065185547
2147398886.0,-1.675707459449768,-0.8222194910049438,8.798535346984863,1.7787420749664309,4.958006858825684,2.6235251426696777
2147407219.0,-1.4912936687469482,-0.6569438576698303,9.870595932006836,4.066375255584717,4.210224628448486,2.2580361366271973
2147415552.0,-1.3929262161254885,0.1355723291635513,10.39355182647705,5.198165893554688,2.0962820053100586,2.37383770942688
2147423885.0,-0.2217034250497818,0.3720339834690094,11.169270515441896,4.85419225692749,-1.0333549976348877,2.548962116241455
2147432218.0,-0.6560747623443604,0.2854276597499847,10.532344818115234,2.981663465499878,-4.169766902923584,2.264387845993042
2147440551.0,-1.62996506690979,0.7571517825126648,8.840670585632324,2.126455307006836,-2.5975136756896973,1.82712721824646
2147448884.0,-1.6836994886398315,0.4408814609050751,8.406826972961426,2.340590476989746,2.4507827758789062,2.198585271835327
2147457217.0,-1.6847994327545166,0.0692709162831306,9.494696617126465,2.786662578582764,6.31745719909668,2.5330047607421875
2147465550.0,-0.5573574304580688,0.3479968309402466,10.84619140625,2.9053328037261963,5.782247066497803,2.6584372520446777
2147473883.0,-1.230563044548035,0.1353526562452316,10.742985725402832,2.544326066970825,1.9146512746810915,2.559361457824707
2147482216.0,-1.8134667873382568,-0.0668085813522338,9.756017684936523,2.3306009769439697,-0.9634028077125548,2.321328639984131
2147490549.0,-1.8428378105163568,-0.462982028722763,8.948400497436523,1.942366003990173,-0.8211923837661743,2.752390623092652
2147498882.0,-1.3381439447402954,-0.4192084670066833,9.304314613342283,2.4527804851531982,-0.8210386037826538,2.6988821029663086
2147507215.0,-0.6616734266281128,0.0531348548829555,9.895713806152344,2.785432815551758,-1.3768675327301023,2.3216614723205566
2147515548.0,-0.8572172522544861,0.1288856118917465,9.474111557006836,2.96783185005188,-1.3074274063110352,2.4222230911254883
2147523881.0,-1.0914528369903564,-0.2746683359146118,9.363855361938477,2.9747471809387207,0.1487802565097808,2.4085700511932373
2147532214.0,-1.1060160398483276,-0.3844417631626129,9.76465892791748,2.5374104976654053,2.1435914039611816,2.916526556015014
2147540547.0,-1.813932061195373,-0.1786064654588699,9.818242073059082,2.6709883213043213,3.1749484539031982,3.033762693405152
2147548880.0,-1.6471301317214966,-0.310399979352951,9.618368148803713,3.474890947341919,2.8004937171936035,2.668144941329956
2147557213.0,-1.124834418296814,-0.2021424770355224,9.46253490447998,4.631758213043213,1.050606369972229,2.94897985458374
2147565546.0,-1.058887958526611,-0.5809499025344849,11.162839889526367,3.9772636890411377,-1.836207628250122,2.847777843475342
2147573879.0,-1.5197803974151611,0.2553541958332062,9.811509132385254,2.696141481399536,-3.411662340164185,2.575062990188598
2147582212.0,-1.6238919496536257,0.5320029258728027,8.9991455078125,4.188144683837891,-1.0030790567398071,2.443201065063477
2147590545.0,-1.179252028465271,0.5405493974685669,10.021326065063477,4.945583820343018,0.4703413844108581,2.4420483112335205
2147598878.0,-1.363969802856445,0.3740462958812713,10.420737266540527,3.830493927001953,1.1814439296722412,2.45928692817688
2147607211.0,-1.4162843227386477,-0.2748380899429321,10.533031463623049,2.433339357376098,1.8800207376480105,2.417509794235229
2147615544.0,-0.6653616428375244,0.0897095277905464,9.587525367736816,2.6602816581726074,0.2376104593276977,2.377013921737671
2147623877.0,-0.7857046127319336,0.2794688045978546,10.093223571777344,4.657526016235352,-0.9138901829719543,2.623371362686157
2147632210.0,-1.531217336654663,0.102982223033905,10.784828186035156,3.943656921386719,-1.578041911125183,2.473323106765747
2147640543.0,-1.7555986642837524,0.3031061589717865,8.780467987060547,3.1675713062286377,-0.3156954348087311,1.8313024044036863
2147648876.0,-2.001054048538208,0.2249685525894165,9.354578018188477,3.7424063682556152,2.196305274963379,2.4265263080596924
2147657209.0,-2.026878118515014,0.8525854349136353,11.339670181274414,2.627854347229004,2.596374034881592,2.3251194953918457
2147665542.0,-1.2881821393966677,1.3081141710281372,10.172813415527344,2.423478126525879,0.5593252778053284,1.7962878942489624
2147673875.0,-0.2045876383781433,0.3924528062343597,10.855366706848145,3.0663442611694336,-2.649997472763061,2.0472819805145264
2147682208.0,-0.2579860389232635,-0.547970175743103,10.796452522277832,0.8524802327156067,-5.82075834274292,2.2168736457824707
2147690541.0,-0.8381488919258118,-0.547648012638092,9.050326347351074,0.2746742367744446,-4.506311893463135,2.570017099380493
2147698874.0,-1.1340914964675903,0.2940995097160339,8.023089408874512,2.0351407527923584,-0.6552889943122864,2.7254445552825928
2147707207.0,-1.4587386846542358,0.9440590739250184,8.898240089416504,4.512115001678467,2.918422222137451,2.112957000732422
2147715540.0,-1.6097450256347656,0.3628539144992828,10.323026657104492,4.298465728759766,4.827014923095703,1.6381711959838867
2147723873.0,-0.8479419946670532,-0.8118262887001038,11.086304664611816,1.4744192361831665,4.417981147766113,2.224327325820923
2147732206.0,-0.8453835844993591,-0.6255136728286743,10.466708183288574,0.5471329092979431,0.6720790863037109,2.6917102336883545
2147740539.0,-1.235089898109436,0.7007007002830505,9.7301664352417,2.850595474243164,-2.7210514545440674,2.487283229827881
2147748872.0,-1.387863278388977,0.5487423539161682,10.27241325378418,4.601686477661133,-4.105423927307129,2.185496091842652
2147757205.0,-1.149497151374817,0.3374384045600891,10.206286430358888,3.62811541557312,-2.8713557720184326,1.8271784782409668
2147765538.0,-0.5348464250564575,0.4612486064434051,9.858633041381836,2.211033582687378,-0.4009396433830261,2.2230210304260254
2147773871.0,-0.7716942429542542,0.2008489221334457,9.724349975585938,1.6335095167160034,1.6602251529693604,2.3734281063079834
2147782204.0,-1.0576008558273315,0.6222215890884399,9.383047103881836,2.4640252590179443,3.1504099369049072,2.376065969467163
2147790537.0,-1.4284114837646484,0.8587585091590881,10.048873901367188,3.692970991134644,3.72836971282959,2.402986764907837
2147798870.0,-1.1642887592315674,0.4797866940498352,10.370409965515137,3.0570719242095947,2.1955113410949707,2.3679721355438232
2147807203.0,-0.8576030135154724,-0.0466471761465072,9.80256175994873,2.022948265075684,-0.2392113506793975,2.292973756790161
2147815536.0,-0.5203675031661987,-0.2442857474088668,9.238495826721191,1.330851435661316,-2.152543067932129,2.77180552482605
2147823869.0,-1.1839520931243896,-0.5071242451667786,8.93229866027832,1.779126524925232,-2.6844229698181152,2.926772117614746
2147832202.0,-1.4188827276229858,0.3359334468841553,8.945440292358398,2.419098138809204,-0.5083145499229431,2.5061607360839844
2147840535.0,-1.398415207862854,0.8121448159217834,9.564518928527832,3.1714906692504883,2.108192443847656,2.580698251724243
2147848868.0,-1.0658472776412964,0.8586546182632446,10.395371437072754,2.635282278060913,3.0493874549865723,2.366819143295288
2147857201.0,-1.1329412460327148,0.3269362151622772,10.626787185668944,1.5209349393844604,2.537487030029297,2.712355136871338
2147865534.0,-0.9558840990066528,0.3184643089771271,9.995813369750977,0.603356122970581,0.7247163653373718,2.574089765548706
2147873867.0,-0.7001107931137085,0.2913811206817627,9.520356178283691,1.5798221826553345,-1.277279496192932,2.381291389465332
2147882200.0,-0.8001700043678284,0.615953266620636,9.876912117004396,1.8810964822769165,-2.063021659851074,2.3860812187194824
2147890533.0,-1.0580240488052368,-0.0757210329174995,9.945453643798828,1.056215763092041,-1.2379359006881714,2.5188143253326416
2147898866.0,-1.5322763919830322,-0.1136224716901779,9.1513032913208,0.2167092263698578,1.4274941682815552,2.6493442058563232
2147907199.0,-1.4625858068466189,0.5384712219238281,9.21462345123291,0.8109594583511353,4.0240092277526855,2.565969944000244
2147915532.0,-1.225628137588501,0.0703539475798606,10.048131942749023,1.6190375089645386,3.573506116867065,2.3200225830078125
2147923865.0,-1.0698481798171997,-0.330741822719574,10.894023895263672,1.3075683116912842,1.0508369207382202,2.2720212936401367
2147932198.0,-1.6328259706497192,-0.3861438035964966,10.707330703735352,0.0262930113822221,-0.5545738339424133,2.419968605041504
2147940531.0,-1.6674822568893433,-0.0929116681218147,9.24754810333252,0.477948784828186,-0.8776206374168396,2.452883243560791
2147948864.0,-0.9247850775718688,0.2659512162208557,9.625740051269531,2.3676390647888184,-0.9266717433929444,2.4518072605133057
2147957197.0,-1.1855226755142212,-0.0992532148957252,10.314417839050291,2.407776594161988,-1.329686164855957,2.245536088943481
2147965530.0,-0.9784591197967528,-0.6174123883247375,10.023585319519045,1.1072393655776978,-0.2950759828090668,2.399785041809082
2147973863.0,-1.409932255744934,0.1562152951955795,9.206000328063965,1.5533367395401,1.3161489963531494,2.3993494510650635
2147982196.0,-1.1732913255691528,0.8999687433242798,9.730966567993164,2.9610185623168945,1.944210171699524,2.2988905906677246
2147990529.0,-1.1255016326904297,0.512662410736084,9.852063179016112,3.0458781719207764,0.7310174107551575,2.0016112327575684
2147998862.0,-0.8483665585517883,-0.4257489144802093,10.570233345031738,1.3215538263320925,-0.7465780973434448,2.181039571762085
2148007195.0,-0.7920190691947937,-0.6940070390701294,9.601481437683104,-0.3461508154869079,-1.614593505859375,2.5439932346343994
2148015528.0,-0.1716603636741638,-1.2706841230392456,9.40564250946045,1.0166161060333252,-2.44136929512024,2.527881383895874
2148023861.0,-0.4312291741371155,-1.5047802925109863,9.165973663330078,2.909047365188598,-2.6368062496185303,2.5407145023345947
2148032194.0,-0.7423299551010132,-1.4608803987503052,8.937664031982422,3.92083477973938,-0.5150510668754578,2.500884294509888
2148040527.0,-1.5932753086090088,-0.1363772898912429,8.443953514099121,5.066790580749512,2.7491118907928467,2.3665120601654053
2148048860.0,-1.1250344514846802,1.1150250434875488,10.43069076538086,5.235075950622559,4.712571620941162,2.3069076538085938
2148057193.0,-0.9187723994255066,0.5803585052490234,11.17602825164795,3.5737366676330566,3.882081031799317,2.191464424133301
2148065526.0,-0.7109056711196899,0.6515880823135376,10.564873695373535,2.217642068862915,0.8731765151023865,2.2982499599456787
2148073859.0,-0.5634073615074158,0.6944982409477234,10.237177848815918,1.857301115989685,-1.3280212879180908,2.6763930320739746
2148082192.0,-0.7409294247627258,0.4459269344806671,9.960780143737791,1.7253109216690063,-3.028704166412353,2.387516021728516
2148090525.0,-1.1530134677886963,-0.063526727259159,9.56632137298584,1.6923964023590088,-1.98159408569336,1.9136266708374023
2148098858.0,-0.8986953496932983,-1.0628440380096436,9.106151580810549,1.0130815505981443,1.5554884672164917,2.604442834854126
2148107191.0,-1.05890154838562,-1.1739304065704346,8.79418659210205,1.8449807167053225,3.7325963973999023,2.679800033569336
2148115524.0,-0.582521378993988,-0.266905665397644,9.98681926727295,3.5382866859436035,3.9838461875915527,2.7035441398620605
2148123857.0,-0.8657830357551575,-0.8013038039207458,10.824944496154783,3.657392978668213,1.986268758773804,2.6014716625213623
2148132190.0,-1.3669277429580688,-0.4637017250061035,9.933717727661133,3.329607009887696,0.5551756620407104,1.9482570886611936
2148140523.0,-1.2225884199142456,-0.0565951019525527,9.630403518676758,3.6898462772369385,0.947022259235382,2.289310932159424
2148148856.0,-1.5618102550506592,-0.1088375598192215,9.696942329406738,3.5824971199035645,1.075016736984253,1.9806336164474487
2148157189.0,-1.2486644983291626,0.6832987666130066,9.453272819519045,3.836666822433472,1.7239789962768557,1.77336323261261
2148165522.0,-0.8621877431869507,0.5289872288703918,10.363229751586914,3.794403314590454,1.5400174856185913,2.1790413856506348
2148173855.0,-0.8879384994506836,-0.0192052535712718,10.496503829956056,2.585923433303833,0.3770287036895752,2.028993368148804
2148182188.0,-0.999475598335266,-0.1485790461301803,9.588149070739746,2.0417234897613525,0.3994155824184418,2.3235056400299072
2148190521.0,-1.0881496667861938,0.1888832598924636,9.37318229675293,2.894472360610962,1.0904619693756104,2.408647298812866
2148198854.0,-1.172150731086731,0.1765298396348953,9.935744285583496,3.731033563613892,1.3982683420181274,2.124406337738037
2148207187.0,-1.318110466003418,0.5446262359619141,10.627847671508787,3.178816080093384,2.041313648223877,2.0853700637817383
2148215520.0,-1.0372880697250366,0.3964033126831054,10.791702270507812,1.8822236061096191,1.978687047958374,1.8960039615631104
2148223853.0,-0.7247820496559143,0.8366157412528992,9.722881317138672,1.9563000202178955,1.456412672996521,2.000945568084717
2148232186.0,-0.529276430606842,0.4076952040195465,10.3544921875,2.492815971374512,0.2982393503189087,2.2266838550567627
2148240519.0,-0.997683882713318,-0.5934571623802185,9.918570518493652,1.4022639989852903,-0.1005870923399925,1.7954680919647217
2148248852.0,-0.9457077383995056,-0.4369860589504242,8.94247817993164,1.5820506811141968,1.928150057792664,2.3947646617889404
2148257185.0,-1.0504041910171509,-0.2086260318756103,10.029000282287598,2.995238780975342,3.2848334312438965,2.972698450088501
2148265518.0,-1.5557794570922852,0.677386462688446,10.190436363220217,3.392951250076294,3.091292142868042,2.4937634468078613
2148273851.0,-1.4911972284317017,0.7168844938278198,10.12343692779541,3.716458797454834,3.298563003540039,2.133294582366944
2148282184.0,-1.0503419637680054,-0.227588340640068,10.709399223327637,2.581568956375122,2.2645418643951416,2.23447060585022
2148290517.0,-0.967607319355011,-0.7459237575531006,10.60043716430664,0.9409774541854858,0.3116100132465362,2.415614604949951
2148298850.0,-1.3489127159118652,0.0481950864195823,9.675848960876465,1.7367091178894043,-0.1647507548332214,2.5248847007751465
2148307183.0,-1.406212568283081,0.4870813190937042,9.516596794128418,3.9357681274414062,0.6316598653793335,2.4252710342407227
2148315516.0,-1.2369437217712402,0.2766385376453399,9.84504508972168,4.6572699546813965,1.7010798454284668,1.999921202659607
2148323849.0,-1.0021610260009766,-0.0031820109579712,10.042088508605955,3.492846965789795,2.4131555557250977,2.1437196731567383
2148332182.0,-1.233639359474182,-0.2911179363727569,9.77517032623291,1.991801261901856,2.408390998840332,2.3502469062805176
2148340515.0,-1.5225799083709717,0.4771441221237182,9.17310619354248,2.4516537189483643,2.423145055770874,2.414154291152954
2148348848.0,-1.2734991312026978,1.095083713531494,10.03012752532959,3.731776714324951,1.3619216680526731,2.205577850341797
2148357181.0,-1.0304993391036987,0.5811185240745544,10.921969413757324,3.1915977001190186,-0.7529816031455994,1.765345811843872
2148365514.0,-1.240723967552185,0.5025427341461182,10.16979694366455,1.354493498802185,-1.2319934368133545,1.9322996139526367
2148373847.0,-1.444425344467163,0.263414055109024,9.861940383911133,0.478384256362915,0.1533908247947693,2.2226109504699707
2148382180.0,-1.500271558761597,0.4605143368244171,9.558488845825195,0.9142361879348756,1.7615550756454468,2.1193859577178955
2148390513.0,-1.4583333730697632,0.540343701839447,10.06972599029541,1.8915214538574217,2.6773149967193604,1.9326066970825195
2148398846.0,-1.327107071876526,0.5143704414367676,10.72226619720459,1.459972858428955,1.715295672416687,1.5372765064239502
2148407179.0,-1.1652424335479736,0.6599912047386169,10.23783016204834,0.9761968851089478,0.4804845452308655,1.4622013568878174
2148415512.0,-0.6997665762901306,-0.3181156814098358,10.413745880126951,0.5716456770896912,-0.7139967679977417,1.85732650756836
2148423845.0,-0.3571510314941406,-0.9373884201049804,9.560877799987791,-0.0325300768017768,-2.065557718276977,2.1574742794036865
2148432178.0,-1.0244728326797483,-0.2722629308700561,8.527320861816406,1.4996495246887207,-1.5359320640563965,1.6677045822143557
2148440511.0,-1.0013915300369265,0.0371012613177299,9.374906539916992,2.9105584621429443,0.7607556581497192,1.5882490873336792
2148448844.0,-1.3457425832748413,-0.5176945328712463,9.744093894958496,2.698984384536743,2.8042845726013184,1.2448389530181885
2148457177.0,-1.134858012199402,-0.1391582936048507,8.978279113769531,2.522067308425904,4.237298488616943,1.5271334648132324
2148465510.0,-1.3023388385772705,0.2521349191665649,9.466408729553224,3.164190530776977,4.036560535430908,1.7411917448043823
2148473843.0,-1.597647786140442,0.7625595927238464,10.213098526000977,3.247922897338867,1.539069652557373,1.2717593908309937
2148482176.0,-1.4968438148498535,1.0306986570358276,10.576848030090332,2.248507022857666,-0.297637403011322,1.1440470218658447
2148490509.0,-1.2615313529968262,0.6528723835945129,10.357321739196776,0.8474341034889221,-1.7075729370117188,1.3369734287261963
2148498842.0,-1.0070947408676147,0.6959418058395386,9.651883125305176,0.1889433860778808,-2.2109949588775635,1.4306446313858032
2148507175.0,-1.1575324535369873,0.1199538484215736,9.467687606811523,0.1862283051013946,-1.2994359731674194,1.4727033376693726
2148515508.0,-0.8710217475891113,-0.1060133203864097,9.60360050201416,0.1493181884288787,0.1352303326129913,1.7028982639312744
2148523841.0,-0.5671061873435974,0.00889746658504,9.885004043579102,0.1360500007867813,1.018972635269165,1.836809515953064
2148532174.0,-0.5787097811698914,-0.0685081481933593,9.814176559448242,0.4972107112407684,0.729659914970398,1.817317008972168
2148540507.0,-1.3104509115219116,-0.753265917301178,9.49303150177002,0.248137891292572,0.630660891532898,1.3086439371109009
2148548840.0,-1.3481584787368774,-0.3633373975753784,9.328015327453612,0.0763432309031486,1.681843638420105,1.5119699239730835
2148557173.0,-1.0822842121124268,-0.4180511832237243,9.408577919006348,0.4604286551475525,1.664323329925537,1.5636850595474243
2148565506.0,-0.8095459938049316,-0.2744633257389068,9.984891891479492,1.2971434593200684,0.2453971952199936,1.496396541595459
2148573839.0,-1.0173829793930054,-0.5968284010887146,10.143404960632324,0.9596757292747498,-1.0539488792419434,1.3744726181030271
2148582172.0,-1.3794758319854736,-0.952372431755066,9.949325561523438,0.5174716711044312,-0.2610346674919128,1.536047339439392
2148590505.0,-1.1604771614074707,-0.8289549350738525,9.523900032043455,0.8805278539657593,1.052348017692566,1.797466278076172
2148598838.0,-1.3037822246551514,-0.3675906658172607,9.963089942932127,2.659282922744751,1.6970584392547607,1.824156403541565
2148607171.0,-1.0876189470291138,-0.1354130506515503,10.384836196899414,3.014295816421509,1.0503756999969482,1.5119186639785769
2148615504.0,-1.1698769330978394,-0.563993513584137,10.06573486328125,2.415409564971924,0.6058151125907898,1.4191184043884275
2148623837.0,-0.9753969311714172,-0.8753294944763184,9.914143562316896,1.4940910339355469,0.3924228549003601,1.3863575458526611
2148632170.0,-0.9350746870040894,-0.7903739809989929,9.803018569946287,1.858428120613098,0.213200107216835,1.493655800819397
2148640503.0,-0.9550480842590332,0.0607913583517074,10.158985137939451,3.19433856010437,0.4707768857479095,1.4433237314224243
2148648836.0,-1.2568674087524414,0.5288740992546082,10.637627601623535,3.964712381362915,1.1563674211502075,1.3376907110214231
2148657169.0,-1.5193517208099363,0.5413848161697388,10.219663619995115,3.1799428462982178,2.213236093521118,1.130343317985535
2148665502.0,-1.3125905990600586,0.3379800915718078,9.81068992614746,2.2491984367370605,2.9961860179901123,1.21538245677948
2148673835.0,-0.889126181602478,-0.4575324654579162,9.677224159240724,1.7137587070465088,1.5694481134414673,1.221914291381836
2148682168.0,-1.371869444847107,-0.9364473819732666,9.221503257751465,2.008962869644165,0.218860849738121,1.3925564289093018
2148690501.0,-1.481184720993042,-0.8520726561546326,9.694011688232422,2.584335803985596,-0.1048646792769432,1.7244144678115845
2148698834.0,-1.298486828804016,-0.5299286246299744,9.400312423706056,2.9240825176239014,-0.3931528329849243,1.6985950469970703
2148707167.0,-1.634859919548035,0.0440478324890136,8.93984603881836,3.685875415802002,-0.3870054483413696,1.4549267292022705
2148715500.0,-1.1004489660263062,-0.2997357845306396,9.977456092834473,2.9945216178894043,0.5533570647239685,1.6249284744262695
2148723833.0,-1.0932570695877075,-0.2267950624227523,9.81309413909912,1.739116907119751,0.1457321941852569,1.7284103631973269
2148732166.0,-1.2576059103012085,0.188226506114006,10.09505558013916,1.760581612586975,-0.2353692054748535,1.6662955284118652
2148740499.0,-1.024739146232605,0.5270981192588806,10.143378257751465,2.0553503036499023,-0.6544181108474731,1.4049279689788818
2148748832.0,-0.4457757472991943,0.0416328758001327,9.624014854431152,2.618607521057129,-1.8114129304885864,1.0991709232330322
2148757165.0,-0.4723320007324219,-0.3269836902618408,9.425274848937988,2.250556468963623,-1.6155154705047607,1.341840147972107
2148765498.0,-0.8459709882736206,-0.725290834903717,9.607129096984863,1.461714744567871,-0.3307310044765472,1.6684470176696775
2148773831.0,-1.6490366458892822,-0.6237406134605408,9.019265174865724,1.5435266494750977,1.6345852613449097,1.306774377822876
2148782164.0,-1.747043490409851,-0.3044702410697937,9.289321899414062,3.3474345207214355,3.628448486328125,1.3064411878585815
2148790497.0,-1.000129461288452,-0.7825276851654053,10.458443641662598,4.421465396881104,2.8718297481536865,1.1922531127929688
2148798830.0,-0.6435964107513428,-1.2677022218704224,10.41346263885498,3.643995523452759,-0.3113921880722046,1.016897678375244
2148807163.0,-0.742688775062561,-0.756704568862915,9.492188453674316,3.395973920822144,-2.8350861072540283,1.1727862358093262
2148815496.0,-1.5714199542999268,-0.8784952163696289,9.295230865478516,3.922602415084839,-2.59282660484314,0.8522753119468689
2148823829.0,-1.6624826192855835,-0.4585154056549072,8.666647911071777,4.451459884643555,0.0166108310222625,0.7790442109107971
2148832162.0,-1.064753532409668,-0.0116010066121816,9.256956100463867,5.780300140380859,2.3718652725219727,0.9719448685646056
2148840495.0,-0.5597591400146484,-0.3480308353900909,11.18217658996582,5.056647300720215,1.6615314483642578,1.1966075897216797
2148848828.0,-1.004857897758484,0.2563582360744476,10.674753189086914,3.560314416885376,0.2995968759059906,1.138309359550476
2148857161.0,-0.6656932234764099,0.597791314125061,10.126143455505373,3.720429182052612,-0.6357452869415283,1.0653599500656128
2148865494.0,-0.4276890158653259,0.3919005095958709,10.15468406677246,3.953339576721192,-1.506065845489502,1.1237094402313232
2148873827.0,-1.0721399784088137,0.0317538529634475,9.82983684539795,3.280069351196289,-1.1104027032852173,0.8975356221199036
2148882160.0,-1.3046483993530271,-0.2728118598461151,9.34079647064209,2.308547019958496,1.2788803577423096,1.0559853315353394
2148890493.0,-1.2589693069458008,0.2411916255950927,9.17497444152832,2.609053134918213,2.894139528274536,0.884344220161438
2148898826.0,-1.4069839715957642,0.4751636683940887,10.341753959655762,3.288752555847168,2.978333711624145,0.8080651164054871
2148907159.0,-0.9300639033317566,0.6930797696113586,10.345295906066896,2.6290323734283447,1.0260165929794312,0.3776690661907196
2148915492.0,-0.9299392700195312,0.4110831916332245,10.153502464294434,2.213594913482666,-0.9771061539649964,0.193528339266777
2148923825.0,-1.3178755044937134,0.0152713200077414,10.375020027160645,0.6871915459632874,-1.2032030820846558,0.2769539356231689
2148932158.0,-1.5409297943115234,0.4593412578105926,9.234756469726562,0.479434460401535,0.0273175798356533,0.3388891220092773
2148940491.0,-1.4534183740615845,0.5115594863891602,9.082996368408203,2.167976140975952,1.2980140447616575,0.0551346391439437
2148948824.0,-1.0567258596420288,0.3322363793849945,10.42295742034912,2.621143341064453,1.6120959520339966,0.048987228423357
2148957157.0,-0.8583912253379822,-0.767764687538147,10.771859169006348,0.8350111842155457,0.2822304368019104,-0.2775302231311798
2148965490.0,-1.0478342771530151,-0.6382696628570557,9.82237720489502,0.4350194036960602,-0.8312588334083557,-0.3335998058319092
2148973823.0,-0.6635383367538452,-0.5290462970733643,9.760530471801758,1.8317891359329224,-1.0510032176971436,-0.3674105405807495
2148982156.0,-0.5204651355743408,-0.4134424030780792,9.782214164733888,3.0265395641326904,-1.293390870094299,-0.5451734066009521
2148990489.0,-0.9322305917739868,-0.6504402160644531,9.996719360351562,3.147157430648804,-0.245384395122528,-0.7210663557052612
2148998822.0,-0.6940956711769104,-0.9538917541503906,9.740817070007324,2.391947031021118,1.8300219774246216,-0.5157170295715332
2149007155.0,-0.9448131322860718,-1.389485239982605,9.536873817443848,2.766375541687012,2.7878658771514893,-0.5508853793144226
2149015488.0,-1.1412369012832642,-0.6310229301452637,9.668574333190918,4.011765480041504,3.2060441970825195,-0.3900023102760315
2149023821.0,-1.5835192203521729,-0.3503354787826538,10.129030227661133,5.278568267822266,2.707412004470825,-0.409597247838974
2149032154.0,-1.5066791772842407,0.0231057405471801,10.534087181091309,4.87908935546875,1.8432385921478271,-0.6388190388679504
2149040487.0,-1.241851806640625,0.2832565307617187,10.612404823303224,3.6166915893554688,0.9582669138908386,-0.6370003819465637
2149048820.0,-0.8877692222595215,0.2934037148952484,10.35254192352295,2.6873815059661865,-0.6593360304832458,-0.5673297047615051
2149057153.0,-1.0052214860916138,0.8426639437675476,10.3681640625,2.6455023288726807,-1.0761820077896118,-0.5950442552566528
2149065486.0,-0.826741099357605,0.7375396490097046,10.05213737487793,2.274531364440918,-0.6050850749015808,-0.5967604517936707
2149073819.0,-0.8155966997146606,0.4107316136360168,9.586088180541992,1.8262563943862915,0.4991061687469482,-1.0342003107070925
2149082152.0,-1.0504727363586426,0.3960815072059631,9.370786666870115,1.1461728811264038,1.9825800657272337,-0.9463947415351868
2149090485.0,-1.5968037843704224,-0.2857220470905304,9.64057159423828,0.4014135003089905,3.5786798000335693,-0.5548555850982666
2149098818.0,-2.142666816711426,-0.3515860438346863,9.693159103393556,0.0303144436329603,4.113633155822754,-0.7719361782073975
2149107151.0,-1.7217572927474976,0.4067894518375397,10.302522659301758,0.9287080764770508,3.1391139030456543,-0.6476046442985535
2149115484.0,-1.0817848443984983,-0.1000620052218437,11.267744064331056,1.4368687868118286,-0.5067520141601562,-0.9760816693305968
2149123817.0,-0.903051257133484,-0.5932283997535706,10.997633934020996,0.2413501590490341,-4.029016971588135,-1.3107060194015503
2149132150.0,-0.708710253238678,-0.9373998641967772,9.52763843536377,-0.322995513677597,-4.354471683502197,-1.1593772172927856
2149140483.0,-0.714755654335022,-1.250881552696228,8.818787574768066,0.5800727605819702,-2.2067174911499023,-1.2328643798828125
2149148816.0,-1.1230740547180176,-1.0856904983520508,8.718103408813477,1.8105294704437256,0.9912068843841552,-1.2215429544448853
2149157149.0,-1.0416232347488403,-0.5890304446220398,8.993712425231934,3.272538661956787,4.164401054382324,-1.3186721801757812
2149165482.0,-1.1450612545013428,-0.2707458734512329,9.49625015258789,3.996166229248047,4.627070426940918,-1.6549100875854492
2149173815.0,-1.4637752771377563,-0.1349248886108398,10.553873062133787,3.1967203617095947,3.657930374145508,-1.8182777166366573
2149182148.0,-1.2304425239562988,-0.1005873456597328,10.82482624053955,1.6715978384017944,1.6301541328430176,-1.81881582736969
2149190481.0,-1.1136062145233154,0.016842283308506,9.901933670043944,1.603464126586914,-1.3877280950546265,-1.9691200256347656
2149198814.0,-1.0109615325927734,0.473655104637146,10.218384742736816,2.346097469329834,-2.729785680770874,-1.8150246143341064
2149207147.0,-0.9264398217201232,0.4521100223064422,10.363656997680664,1.5869429111480713,-2.534964084625244,-1.7989903688430786
2149215480.0,-0.9400410056114196,0.5516337156295776,9.205631256103516,0.7310429811477661,-0.9389408826828004,-1.966507077217102
2149223813.0,-1.0104780197143557,0.4031298160552978,9.389114379882812,0.4918830096721649,1.840446949005127,-1.7968900203704834
2149232146.0,-1.30840003490448,0.0151265636086463,10.113295555114746,-0.4116720259189605,3.892378091812134,-1.98948347568512
2149240479.0,-1.1357135772705078,-0.0887765437364578,10.058581352233888,-0.7937595248222351,3.441157102584839,-2.175545215606689
2149248812.0,-1.2712342739105225,-0.4561917185783386,10.253602027893066,-0.1404684782028198,1.9463618993759155,-2.0878164768218994
2149257145.0,-1.091610074043274,-1.00845205783844,10.292588233947754,-0.2501998245716095,0.0453756153583526,-2.2788984775543213
2149265478.0,-0.911884605884552,-1.0214898586273191,9.497672080993652,0.0614101327955722,-1.3995872735977173,-2.2886319160461426
2149273811.0,-0.9717674255371094,-1.2344236373901367,9.461066246032717,0.372315764427185,-1.650069236755371,-2.2272093296051025
2149282144.0,-0.9872803688049316,-0.9488330483436584,8.958335876464844,0.7601920962333679,-0.5504499077796936,-2.2594573497772217
2149290477.0,-1.1291980743408203,-0.8525059223175049,9.115880966186523,1.8533564805984497,1.092869758605957,-2.53066086769104
2149298810.0,-1.0959264039993286,-1.123894453048706,9.672651290893556,1.9361672401428225,2.5428402423858643,-2.524001121520996
2149307143.0,-1.151986837387085,-1.2825586795806885,9.63385772705078,1.877689838409424,2.6873044967651367,-2.5420844554901123
2149315476.0,-1.5226049423217771,-1.101797103881836,9.612428665161133,2.3167946338653564,2.315027236938477,-2.475154399871826
2149323809.0,-1.4201545715332031,-1.309522032737732,10.01265811920166,2.767041683197021,1.3089770078659058,-2.4014880657196045
2149332142.0,-1.443225979804993,-1.1800159215927124,9.96274757385254,2.9407315254211426,-0.3535276353359222,-2.647794485092163
2149340475.0,-1.0383105278015137,-1.1501469612121582,10.415820121765137,3.1708760261535645,-1.141831398010254,-2.593902349472046
2149348808.0,-0.5099509358406067,-1.156702160835266,9.812891960144045,3.0291011333465576,-2.1071553230285645,-2.652917623519897
2149357141.0,-0.6758750677108765,-0.7919968366622925,9.689892768859863,3.6025781631469727,-1.6354433298110962,-2.7617781162261963
2149365474.0,-0.492420881986618,-1.1657958030700684,9.88033962249756,3.4257121086120605,0.2861494421958923,-2.632323980331421
2149373807.0,-0.9275246858596802,-1.2409961223602295,9.309814453125,3.188575267791748,1.8478238582611084,-2.891232490539551
2149382140.0,-1.030019760131836,-0.91901433467865,9.451729774475098,3.875677347183228,3.953672647476196,-2.865438938140869
2149390473.0,-1.3784303665161133,-0.6708981990814209,10.052603721618652,4.577199935913086,4.278384208679199,-2.987644672393799
2149398806.0,-1.1560202836990356,-0.6023327112197876,10.76038646697998,4.556759357452393,3.00376844406128,-3.357129573822021
2149407139.0,-1.0323127508163452,-0.2858738303184509,10.652019500732422,3.827137708663941,1.256672739982605,-3.255056858062744
2149415472.0,-1.221151351928711,-0.2515182197093963,10.40603256225586,3.3068106174468994,-0.5593380331993103,-3.493294715881348
2149423805.0,-1.2442617416381836,-0.3151750266551971,9.458735466003418,2.806231737136841,-0.4313949644565582,-3.502439498901367
2149432138.0,-1.4082823991775513,-0.5137616395950317,9.483898162841797,2.896521806716919,1.2621029615402222,-3.461533546447754
2149440471.0,-1.351848006248474,-0.3854967057704925,9.82160758972168,2.810765266418457,2.4016547203063965,-3.829891681671143
2149448804.0,-1.2826257944107056,-0.1308968067169189,9.76982307434082,3.184579849243164,2.979588747024536,-4.206395626068115
2149457137.0,-0.8163461685180664,-0.4695846438407898,10.55694580078125,3.3832688331604004,2.3178961277008057,-4.416534900665283
2149465470.0,-0.5467308163642883,-0.9541964530944824,10.439096450805664,2.3857228755950928,0.5795348882675171,-4.541480541229248
2149473803.0,-0.9688535332679749,-0.911396026611328,9.263111114501951,2.4844911098480225,-0.2818590402603149,-4.550446033477783
2149482136.0,-1.0779322385787964,-1.2964986562728882,9.22398853302002,3.303506135940552,0.7388041615486145,-4.60359525680542
2149490469.0,-1.2935922145843506,-1.4218320846557615,9.106882095336914,3.85329008102417,2.156859397888184,-4.745139598846436
2149498802.0,-1.4579041004180908,-0.993593156337738,9.48375415802002,4.782497882843018,3.13150691986084,-4.684459686279297
2149507135.0,-1.600517988204956,-0.3811614513397217,9.987439155578612,5.115816116333008,3.5137736797332764,-4.795932769775391
2149515468.0,-1.4136786460876465,-0.0770038366317749,10.098261833190918,4.887081623077393,2.4495279788970947,-5.15965461730957
2149523801.0,-1.3846770524978638,-0.1058654487133026,10.3301362991333,4.188477993011475,1.10040020942688,-5.122769832611084
2149532134.0,-1.5023434162139893,-0.134645015001297,9.960908889770508,2.9020800590515137,-0.0987172648310661,-5.139393329620361
2149540467.0,-1.48176372051239,-0.678446352481842,9.472034454345703,2.854924201965332,-0.1941558867692947,-4.951436519622803
2149548800.0,-1.3787474632263184,-1.0686366558074951,9.673537254333496,3.4756338596343994,0.4707768261432647,-4.706768989562988
2149557133.0,-1.385157585144043,-0.8314032554626465,10.007528305053713,3.858387470245361,0.4533335268497467,-4.83194637298584
2149565466.0,-1.482033610343933,-0.4093643426895141,9.98374080657959,4.210198879241943,0.5867837071418762,-4.785994052886963
2149573799.0,-1.3036953210830688,-0.8261723518371582,10.102813720703123,3.929159879684448,0.8087823390960693,-4.824365139007568
2149582132.0,-0.9542432427406312,-1.389973521232605,9.6782808303833,3.508086919784546,-0.3021711409091949,-5.114574432373047
2149590465.0,-0.709385335445404,-1.2934563159942627,9.767337799072266,4.036047458648682,-0.855361819267273,-4.806715965270996
2149598798.0,-0.8902235627174377,-1.0727156400680542,9.92652416229248,4.5083489418029785,-1.1131434440612793,-4.635382652282715
2149607131.0,-1.1706286668777466,-0.6638977527618408,9.12465763092041,5.458739757537842,-0.5807003378868103,-4.882150173187256
2149615464.0,-1.1743310689926147,-0.7367377877235413,9.574888229370115,5.7166748046875,0.9345481395721436,-4.731666088104248
2149623797.0,-1.1903778314590454,-0.8024101257324219,9.68663215637207,4.619002342224121,1.6058716773986816,-4.863016128540039
2149632130.0,-1.2540409564971924,-0.1329627782106399,9.426351547241213,4.7989678382873535,1.352342128753662,-5.3562445640563965
2149640463.0,-1.148335576057434,0.4810278415679931,10.44706916809082,5.510326385498047,0.906218945980072,-5.304811000823975
2149648796.0,-0.897594153881073,0.127792090177536,11.029995918273926,4.840847015380859,-0.7471417188644409,-5.167518615722656
2149657129.0,-0.9589971899986268,0.1691192835569381,10.029261589050291,3.414083480834961,-1.4645965099334717,-5.088191509246826
2149665462.0,-1.218856930732727,0.1983159035444259,9.37398910522461,3.132454395294189,-0.705544114112854,-4.974668979644775
2149673795.0,-1.262919545173645,0.0648945644497871,9.495485305786133,3.1815309524536133,0.1422998756170272,-5.492716312408447
2149682128.0,-1.2346402406692505,-0.1902804970741272,9.903042793273926,3.0377840995788574,1.0033223628997805,-5.5250163078308105
2149690461.0,-1.3745495080947876,-0.6554611921310425,9.897324562072754,2.515484571456909,1.1984004974365234,-5.46174955368042
2149698794.0,-1.383070468902588,-0.0029273380059748,9.613824844360352,2.9684462547302246,0.711729884147644,-5.691431999206543
2149707127.0,-1.182538986206055,0.3859536945819855,10.551793098449709,3.233682155609131,-0.0622169859707355,-5.780236721038818
2149715460.0,-0.9040555953979492,-0.0443966463208198,10.70708179473877,2.431777238845825,-1.7160255908966064,-5.857796669006348
2149723793.0,-1.1760635375976562,-0.4987958967685699,9.806921005249023,1.509946346282959,-2.4199814796447754,-5.951723575592041
2149732126.0,-0.972070813179016,-0.5280934572219849,9.674186706542969,1.4987274408340454,-1.2458508014678955,-5.819477558135986
2149740459.0,-0.9676676988601683,-0.3522785305976867,9.485613822937012,2.451115608215332,-0.4446887373924255,-6.009022235870361
2149748792.0,-0.9477525353431702,0.2072042822837829,10.105905532836914,3.503092765808105,0.2270573675632476,-6.222312927246094
2149757125.0,-0.8741982579231262,-0.1690763086080551,10.690768241882324,2.8060264587402344,0.4295635223388672,-6.105331897735596
2149765458.0,-1.152881383895874,-0.4403978884220123,10.21363639831543,1.51716947555542,0.416372150182724,-6.298206806182861
2149773791.0,-0.910671591758728,-0.3850366771221161,9.679401397705078,1.4601010084152222,0.6906238198280334,-6.136453628540039
2149782124.0,-0.8232326507568359,-0.6788437366485596,10.00327205657959,2.075688123703003,-0.1444386690855026,-6.329585075378418
2149790457.0,-1.1227322816848757,-0.7669615149497986,9.923989295959473,2.56653356552124,-0.8640450239181519,-6.610752582550049
2149798790.0,-0.9884958863258362,-0.814103364944458,10.03740692138672,2.5139732360839844,-0.2382636219263076,-6.227153778076172
2149807123.0,-1.1311732530593872,-0.7692240476608276,9.906698226928713,2.3239409923553467,0.2326668947935104,-6.307300090789795
2149815456.0,-1.325367450714111,-0.3087204396724701,9.34080982208252,2.6746766567230225,0.8903379440307617,-6.292520523071289
2149823789.0,-1.111628770828247,-0.8658120036125183,9.90475082397461,3.292518138885498,1.1925604343414309,-6.350768566131592
2149832122.0,-0.9802759289741516,-1.4492955207824707,10.24644374847412,2.8085877895355225,0.0352579951286315,-6.422154426574707
2149840455.0,-1.076123595237732,-0.99592787027359,9.926450729370115,2.84680438041687,-0.5258601903915405,-6.033125400543213
2149848788.0,-1.0154589414596558,-0.9371858835220336,9.743367195129396,3.822169303894043,-1.018985629081726,-6.184122085571289
2149857121.0,-1.1703572273254397,-0.8388255834579468,9.38990306854248,4.4780473709106445,-0.9968293309211732,-6.494080543518066
2149865454.0,-1.1040726900100708,-1.018524169921875,9.882575035095217,4.205845355987549,0.0598988980054855,-6.454249858856201
2149873787.0,-1.171074151992798,-0.9473785161972046,10.179668426513672,3.234937191009521,0.847613513469696,-6.32423210144043
2149882120.0,-0.9354408979415894,-0.1228084340691566,9.91092586517334,3.5979928970336914,0.8209490180015564,-6.360296249389648
2149890453.0,-0.7383302450180054,0.0158333368599414,10.285345077514648,4.438448429107666,0.0368460826575756,-6.386013507843018
2149898786.0,-1.1089749336242676,-0.2273887544870376,10.410937309265137,3.472330331802368,-0.693659245967865,-6.758342742919922
2149907119.0,-0.9561829566955566,-0.3131235837936401,9.845510482788086,2.234240293502808,-0.1770712286233902,-6.628708362579346
2149915452.0,-0.9021509885787964,-0.3108355104923248,9.76597785949707,2.292640447616577,0.4538458585739136,-6.619871616363525
2149923785.0,-0.9343669414520264,-0.3258223831653595,9.927855491638184,2.6857166290283203,0.4119153320789337,-6.82260799407959
2149932118.0,-1.2594796419143677,-0.2315072268247604,9.554866790771484,2.9373254776000977,0.9432058334350586,-6.770816326141357
2149940451.0,-1.1965807676315308,-0.2181685864925384,9.971582412719728,2.744809150695801,1.6396313905715942,-6.94189453125
2149948784.0,-0.8854238986968994,-0.6777012348175049,10.28089427947998,1.852280735969544,0.9232779741287231,-7.085538387298584
2149957117.0,-0.941760241985321,-0.5518337488174438,10.126730918884276,1.5177332162857056,-0.0191850643604993,-7.281615257263184
2149965450.0,-0.993248164653778,-0.6734591722488403,10.085576057434082,1.6003905534744265,-0.5969910621643066,-7.492626190185547
2149973783.0,-1.0223970413208008,-0.7804965376853943,9.416990280151367,2.346405029296875,-0.3653358519077301,-7.755505084991455
2149982116.0,-0.9009921550750732,-0.7206851243972778,9.548579216003418,2.7586915493011475,0.8369066119194031,-8.002732276916504
2149990449.0,-0.9932442903518676,-0.8318130373954773,10.135817527770996,2.382161855697632,1.6737749576568604,-7.67164134979248
2149998782.0,-1.2399287223815918,-0.698138415813446,9.498065948486328,2.395994186401367,2.0183634757995605,-8.037670135498047
2150007115.0,-1.2481248378753662,-0.6281623244285583,9.648432731628418,3.132634162902832,1.98859977722168,-8.068279266357422
2150015448.0,-1.0296159982681274,-0.7905066609382629,10.207944869995115,3.1849894523620605,0.8146735429763794,-8.181136131286621
2150023781.0,-0.9911245703697203,-0.7851927280426025,9.67711067199707,2.7203729152679443,-0.923649251461029,-8.219941139221191
2150032114.0,-1.3019334077835083,-0.5768333077430725,9.507594108581545,3.058121919631958,-1.407476544380188,-8.330107688903809
2150040447.0,-1.5050134658813477,-0.4603970050811767,9.658589363098145,2.73087477684021,-0.7848458886146545,-8.584177017211914
2150048780.0,-1.1897170543670654,-0.3325609564781189,9.75329875946045,2.370328664779663,0.0484237149357795,-8.585533142089844
2150057113.0,-1.0196727514266968,-0.3849919140338897,10.027766227722168,2.23580265045166,-0.1537878811359405,-8.630742073059082
2150065446.0,-1.00456964969635,-0.3534614741802215,9.94039249420166,1.9413925409317017,-0.9286441802978516,-8.758813858032227
2150073779.0,-0.7915706038475037,-0.2688086628913879,10.00089168548584,1.9605519771575928,-1.4370867013931274,-8.854612350463867
2150082112.0,-0.5662581920623779,-0.653906524181366,10.349652290344238,1.842009425163269,-2.026726722717285,-8.700182914733887
2150090445.0,-0.8983587622642517,-0.8854922652244568,9.735700607299805,1.4752904176712036,-2.1305668354034424,-8.918929100036621
2150098778.0,-0.7636091113090515,-0.8234620094299316,9.652055740356444,1.776975154876709,-0.8540812134742737,-8.828433990478516
2150107111.0,-0.7138814926147461,-0.8345381617546082,9.77795696258545,2.2942545413970947,-0.3436662256717682,-8.937524795532227
2150115444.0,-0.6743464469909668,-0.6590602397918701,9.979881286621094,2.3904104232788086,-0.3470472991466522,-9.073485374450684
2150123777.0,-0.8782447576522827,-0.9274718761444092,9.913692474365234,2.187469005584717,-0.5645890831947327,-9.300402641296388
2150132110.0,-0.7912537455558777,-0.9491444230079652,9.713279724121094,2.116363286972046,-0.573272168636322,-9.42137622833252
2150140443.0,-0.8231502175331116,-0.8100701570510864,9.93649196624756,2.428114175796509,-0.3981988728046417,-9.436386108398438
2150148776.0,-1.0709190368652344,-0.625976026058197,10.385675430297852,2.4905359745025635,-0.2196676582098007,-9.351910591125488
2150157109.0,-1.0340776443481443,-0.5930824875831604,10.169588088989258,2.426321506500244,-0.3393630087375641,-9.39863109588623
2150165442.0,-0.9189102053642272,-0.5966291427612305,10.032509803771973,2.5526764392852783,-0.5540359020233154,-9.47135066986084
2150173775.0,-0.5175786018371582,-0.9884465336799622,10.325224876403809,2.194000005722046,-1.547893762588501,-9.387669563293455
2150182108.0,-0.5078397989273071,-1.4582985639572144,9.852489471435549,1.7695211172103882,-2.588190793991089,-9.371736526489258
2150190441.0,-0.7030830383300781,-1.2099677324295044,9.501276969909668,2.3450729846954346,-1.997475028038025,-9.34348487854004
2150198774.0,-0.8657804131507874,-1.1483160257339478,9.67936897277832,2.920470952987671,-0.7393036484718323,-9.29520034790039
2150207107.0,-0.7720850706100464,-1.0618562698364258,10.101506233215332,3.3067848682403564,0.2805655300617218,-9.49660587310791
2150215440.0,-0.5176514983177185,-1.2192065715789795,10.254349708557127,3.004767656326294,0.2738033831119537,-9.32565689086914
2150223773.0,-0.7944092154502869,-1.0103764533996582,9.939895629882812,2.9488000869750977,-0.2782730460166931,-9.634512901306152
2150232106.0,-0.4870341420173645,-0.8440758585929871,10.0463285446167,3.145825147628784,-1.0022850036621094,-9.739992141723633
2150240439.0,-0.2100207954645156,-0.8568037748336792,10.173147201538086,3.21739149093628,-2.1616110801696777,-9.789607048034668
2150248772.0,-0.4826619327068329,-0.7627392411231995,9.816582679748535,3.058967351913452,-2.2663733959198,-9.790888786315918
2150257105.0,-0.3881702125072479,-0.393917977809906,9.38200569152832,3.021493911743164,-1.147748351097107,-9.986018180847168
2150265438.0,-0.3036833107471466,-0.4818021357059479,9.654272079467772,2.9630932807922363,-0.1659034192562103,-10.142982482910156
2150273771.0,-0.8323574662208557,-1.0193562507629397,9.479677200317385,2.511284112930298,0.838827908039093,-10.561724662780762
2150282104.0,-0.7412824630737305,-0.5632784962654114,9.437318801879885,2.4236319065093994,1.965956687927246,-10.570405960083008
2150290437.0,-0.7991873621940613,-0.1562848091125488,10.378705978393556,2.850851535797119,1.765653371810913,-10.594816207885742
2150298770.0,-0.8934168815612793,-0.1878604441881179,10.516990661621094,2.5489368438720703,0.4380162358283996,-10.87921142578125
2150307103.0,-0.7207891941070557,-0.8990773558616638,10.135189056396484,1.4759562015533447,-0.6679167747497559,-11.243803977966309
2150315436.0,-0.7647405862808228,-1.0954548120498655,9.496515274047852,0.9756335020065308,-1.0961613655090332,-11.386578559875488
2150323769.0,-0.896634578704834,-1.018807053565979,9.33909034729004,1.2392550706863403,-0.434340626001358,-11.425459861755373
2150332102.0,-0.5564087629318237,-0.6469026207923889,9.634687423706056,2.131066083908081,0.1800296753644943,-11.46385669708252
2150340435.0,-0.556226909160614,-1.013179063796997,10.08251667022705,2.239363193511963,0.1415058672428131,-11.78039836883545
2150348768.0,-0.7037545442581177,-1.5404740571975708,10.161579132080078,1.2361814975738523,0.4804334342479706,-12.020760536193848
2150357101.0,-0.6202116012573242,-1.639537692070007,9.524195671081545,1.0042190551757812,1.1002980470657349,-11.938105583190918
2150365434.0,-0.9185543656349182,-1.45630943775177,9.365386962890623,2.5933518409729004,1.325549602508545,-12.074268341064451
2150373767.0,-1.0945637226104736,-1.115313172340393,10.266758918762209,3.3298897743225098,1.4801316261291504,-12.140509605407717
2150382100.0,-0.988481104373932,-0.9733535051345824,10.474839210510254,2.7688353061676025,1.0392850637435913,-12.35728359222412
2150390433.0,-0.71787029504776,-1.1625386476516724,9.713955879211426,2.3150787353515625,-0.0177762806415557,-12.571518898010254
2150398766.0,-0.6444618105888367,-1.5855052471160889,9.857531547546388,2.492175817489624,-0.4638994634151459,-12.655866622924805
2150407099.0,-0.4752534031867981,-1.907612681388855,9.801945686340332,2.749701499938965,-0.7357177734375,-12.726024627685549
2150415432.0,-0.3630853295326233,-1.56287682056427,9.38418674468994,3.635672092437744,-0.2023780792951584,-12.729711532592772
2150423765.0,-1.0148284435272217,-0.7793561816215515,9.682534217834473,4.76236629486084,0.9363157749176024,-12.902660369873049
2150432098.0,-1.1780000925064087,-1.2184295654296875,10.053848266601562,4.275157451629639,2.647834062576294,-13.012598037719728
2150440431.0,-0.9420477747917176,-1.363402247428894,9.688743591308594,3.48134708404541,3.277739286422729,-13.053094863891602
2150448764.0,-0.8264799118041992,-1.475591063499451,10.169069290161133,3.511417865753174,2.0591673851013184,-13.061904907226562
2150457097.0,-1.1417030096054075,-1.6666178703308103,9.940667152404783,3.773451089859009,0.1419413089752197,-13.193280220031738
2150465430.0,-0.850081205368042,-1.276559591293335,9.607244491577148,4.746766567230225,-1.0240061283111572,-13.400627136230469
2150473763.0,-0.694952666759491,-1.131216049194336,10.362051010131836,5.043123245239258,-1.0141957998275757,-13.211773872375488
2150482096.0,-0.6934669017791748,-1.109808325767517,10.357344627380373,4.050393104553223,-0.7313891053199768,-13.407057762145996
2150490429.0,-0.5970516204833984,-0.6838631629943848,9.524222373962402,4.076801776885986,0.6691080927848816,-13.330394744873049
2150498762.0,-0.8137393593788147,-0.917560338973999,9.609957695007324,4.430738925933838,2.00555682182312,-13.195561408996582
2150507095.0,-0.9935973882675172,-0.5927320122718811,9.626602172851562,4.389396190643311,2.646270751953125,-13.499675750732422
2150515428.0,-0.6679900884628296,-0.3448107242584228,10.289725303649902,4.014993667602539,1.995976805686951,-13.52734088897705
2150523761.0,-0.9541049003601074,-0.5410178303718567,10.321083068847656,3.088808536529541,0.4728004932403564,-13.665532112121582
2150532094.0,-1.080433964729309,-0.510201096534729,9.565533638000488,2.542405366897583,-0.2715109586715698,-13.889116287231444
2150540427.0,-0.8906159996986389,-0.7278716564178467,9.937397956848145,2.5320827960968018,-0.1551966816186905,-13.720651626586914
2150548760.0,-0.9024768471717834,-0.6827192902565002,9.795811653137209,2.078326463699341,-0.3822413086891174,-13.87205696105957
2150557093.0,-0.7683090567588806,-0.9102400541305542,9.375616073608398,2.492714166641236,-0.2207691520452499,-13.8297700881958
2150565426.0,-0.7722858786582947,-1.2387120723724363,9.601740837097168,2.627137422561645,0.1651734262704849,-13.92863941192627
2150573759.0,-0.6569000482559204,-1.9748380184173584,9.867741584777832,2.294639110565185,-0.0440308824181556,-14.0758695602417
2150582092.0,-0.6996989846229553,-1.6643208265304563,9.262580871582031,2.5780348777771,-0.037524864077568,-13.993264198303224
2150590425.0,-0.6584294438362122,-1.4760969877243042,9.3054838180542,4.254204273223877,-0.0848343521356582,-14.058783531188965
2150598758.0,-0.7172459363937378,-1.548669934272766,9.602862358093262,4.948683738708496,-0.2444366812705993,-14.282833099365234
2150607091.0,-0.6464926600456238,-1.728702425956726,9.845128059387209,4.447951316833496,-0.0128839630633592,-14.422072410583496
2150615424.0,-0.6496632099151611,-1.870941519737244,9.451615333557127,4.220599174499512,0.1055178567767143,-14.582621574401855
2150623757.0,-0.9223449230194092,-1.2500554323196411,9.344644546508787,5.258181095123291,0.7860114574432373,-14.800600051879885
2150632090.0,-0.7953697443008423,-0.8500146269798279,10.391223907470703,6.428341865539551,0.8803485631942749,-14.98648166656494
2150640423.0,-1.1234982013702393,-0.9526975750923156,10.284775733947754,6.057191848754883,0.5598376989364624,-15.283942222595217
2150648756.0,-0.8965601325035095,-0.6068311929702759,9.864238739013672,5.670263290405273,0.94653582572937,-15.305277824401855
2150657089.0,-0.6474469304084778,-0.5019578337669373,10.203259468078612,5.570162296295166,0.6322234869003296,-15.331480026245115
2150665422.0,-0.7605154514312744,-0.4530017375946045,10.15131664276123,4.864387512207031,-0.1988945603370666,-15.502659797668455
2150673755.0,-0.9741214513778688,0.0920692607760429,9.976330757141112,4.788031101226807,0.034950628876686,-15.44789695739746
2150682088.0,-1.0381613969802856,-0.4972237348556518,10.801112174987791,3.978134870529175,0.91987144947052,-15.49710178375244
2150690421.0,-0.8614127039909363,-0.5456308722496033,10.01425075531006,3.10853123664856,0.8300166130065918,-15.680397033691406
2150698754.0,-0.9062970280647278,-0.4146263599395752,9.612614631652832,3.520613193511963,0.8245096206665039,-15.66451644897461
2150707087.0,-1.0282135009765625,-0.5836985111236572,9.951513290405272,3.39535927772522,0.4983122050762176,-15.754115104675291
2150715420.0,-0.9120344519615172,-0.5404343008995056,9.852300643920898,2.83363938331604,0.1344107240438461,-15.925806999206545
2150723753.0,-0.8833185434341431,-0.6161984801292419,10.320552825927734,2.401911497116089,-0.3565245866775512,-15.93136501312256
2150732086.0,-1.0787806510925293,-1.0727219581604004,10.191187858581545,1.97799551486969,-0.5561875700950623,-16.040380477905273
2150740419.0,-1.1023894548416138,-0.9164473414421082,9.39089584350586,2.699779272079468,0.1943736523389816,-16.0623836517334
2150748752.0,-1.1084604263305664,-0.5459843277931213,10.232168197631836,3.518563985824585,0.8964599967002869,-15.904443740844728
2150757085.0,-1.102402925491333,-0.552078127861023,10.685505867004396,3.0044867992401123,0.5047670602798462,-16.205873489379883
2150765418.0,-0.681826114654541,-0.5232279896736145,10.36237907409668,2.4778318405151367,-0.5025001764297485,-16.494956970214844
2150773751.0,-0.5995075702667236,-1.1500582695007324,10.539320945739746,2.155349016189575,-1.1184459924697876,-16.47941017150879
2150782084.0,-0.8320428729057312,-1.4456851482391355,9.93477725982666,1.8237724304199217,-1.1868101358413696,-16.606658935546875
2150790417.0,-0.7598324418067932,-0.9749314785003662,9.33504581451416,3.0254392623901367,-0.1255866289138794,-16.71862030029297
2150798750.0,-0.8142723441123962,-0.9923072457313538,10.152182579040527,3.968503952026367,0.8613684773445129,-16.577817916870117
2150807083.0,-1.0571985244750977,-1.341227650642395,10.492119789123535,3.1338894367218018,1.4592305421829224,-16.722768783569336
2150815416.0,-1.3226653337478638,-1.1187303066253662,9.910727500915527,2.6280078887939453,1.951715469360352,-16.617544174194336
2150823749.0,-1.5152027606964111,-1.6294608116149902,9.820514678955078,3.363879680633545,1.7525649070739746,-16.720848083496094
2150832082.0,-1.170803189277649,-1.8802746534347528,10.13454532623291,3.773835897445679,0.6255894899368286,-16.713037490844727
2150840415.0,-1.1373764276504517,-1.9893248081207275,10.532804489135742,4.141579627990723,-1.1083282232284546,-16.652637481689453
2150848748.0,-1.248477339744568,-1.8084348440170288,10.0079345703125,4.251054763793945,-2.3366591930389404,-16.533273696899414
2150857081.0,-1.2946553230285645,-1.574443817138672,9.544245719909668,4.923632621765137,-1.641898274421692,-16.807167053222656
2150865414.0,-1.0371922254562378,-2.2339909076690674,9.909257888793944,5.023324489593506,-0.6217345595359802,-16.6667537689209
2150873747.0,-1.4385418891906738,-2.325838804244995,9.568263053894045,4.883675575256348,0.3169122040271759,-16.6860408782959
2150882080.0,-1.4736510515213013,-2.110121726989746,9.874520301818848,5.620749473571777,1.2785475254058838,-16.60325050354004
2150890413.0,-1.0147180557250977,-2.123262643814087,10.236096382141112,6.7428083419799805,0.4043336510658264,-16.819772720336914
2150898746.0,-1.2520138025283811,-2.081161975860596,10.211185455322266,7.185166358947754,-1.5310912132263184,-16.899354934692383
2150907079.0,-1.4391616582870483,-2.013993263244629,10.145045280456545,7.136600017547607,-2.085895538330078,-16.67218017578125
2150915412.0,-1.3431220054626465,-1.9771655797958367,9.676965713500977,6.985501766204834,-1.96238386631012,-16.82478904724121
2150923745.0,-1.234002947807312,-1.8204712867736816,9.669178009033203,7.76353645324707,-1.508678913116455,-16.822589874267578
2150932078.0,-1.4304726123809814,-1.4600582122802734,10.05199909210205,8.255558967590332,-0.9700624346733092,-17.058929443359375
2150940411.0,-1.286227464675903,-1.2475950717926023,9.734736442565918,8.402329444885254,-1.0307682752609253,-17.47675132751465
2150948744.0,-1.2995001077651978,-1.140628695487976,9.535828590393066,8.507271766662598,-0.8735738396644592,-17.637662887573242
2150957077.0,-1.1940968036651611,-1.2082443237304688,10.25334644317627,7.921679019927978,-1.3692095279693604,-17.832073211669922
2150965410.0,-1.4168351888656616,-0.9823128581047058,9.685684204101562,7.438543319702148,-1.918173909187317,-17.93109703063965
2150973743.0,-1.5367844104766846,-0.475729763507843,10.1549072265625,7.9437575340271,-1.3596038818359375,-18.09922981262207
2150982076.0,-1.4699581861495972,-0.3177765309810638,10.704663276672363,7.48288106918335,-1.6129801273345947,-18.45811080932617
2150990409.0,-1.481143593788147,-0.2110822200775146,10.396416664123535,6.991267204284668,-1.9899706840515137,-18.77019500732422
2150998742.0,-1.1921443939208984,-0.3410106301307678,10.483538627624512,6.413229942321777,-2.1990339756011963,-18.74716758728028
2151007075.0,-1.3822513818740845,-0.1060256212949752,10.243682861328123,5.760528087615967,-2.418164014816284,-18.947803497314453
2151015408.0,-1.4189532995224,0.4960788786411285,9.75732135772705,5.6804070472717285,-2.2498016357421875,-19.180049896240234
2151023741.0,-1.2990937232971191,0.1624045670032501,10.168262481689451,5.532049179077148,-1.9221441745758057,-19.427379608154297
2151032074.0,-1.1545559167861938,-0.0375512801110744,10.1575345993042,4.200979232788086,-2.179823637008667,-19.721406936645508
2151040407.0,-0.9021205902099608,-0.0884466543793678,10.275097846984863,3.3562471866607666,-2.425156593322754,-19.70501136779785
2151048740.0,-0.896623432636261,-0.1715556979179382,9.98887538909912,3.151153802871704,-3.132032632827759,-19.81399917602539
2151057073.0,-0.7579495310783386,0.3390113711357116,9.682982444763184,3.759108304977417,-3.3824892044067383,-20.09770393371582
2151065406.0,-0.6702068448066711,0.1080313622951507,10.206236839294434,3.35015082359314,-3.2450432777404785,-20.08397483825684
2151073739.0,-0.541686475276947,-0.004811730235815,9.94527530670166,2.099612236022949,-3.391761302947998,-20.20694923400879
2151082072.0,-0.3323868811130523,-0.312191367149353,9.54924774169922,1.848055005073548,-3.1315717697143555,-20.16110038757324
2151090405.0,-0.1239819601178169,-0.7109498381614685,9.625869750976562,1.960168480873108,-3.2843096256256104,-20.19537353515625
2151098738.0,-0.3489696681499481,-0.5991250872612,9.340058326721191,2.5394601821899414,-3.4138150215148926,-20.316192626953125
2151107071.0,-0.1938224285840988,-0.3811610639095306,9.519024848937988,2.949749231338501,-2.703737258911133,-20.105876922607425
2151115404.0,0.1360306292772293,-0.3562904000282287,9.714170455932615,2.7992401123046875,-2.944998025894165,-20.445497512817383
2151123737.0,0.1079837158322334,-0.0406925417482852,9.696649551391602,2.674959659576416,-3.1517562866210938,-20.41042900085449
2151132070.0,0.0023775880690664,-0.0737051218748092,9.788033485412598,2.172792196273804,-2.85427188873291,-20.27966690063477
2151140403.0,-0.0124050723388791,0.1834917813539505,9.728682518005373,1.8005661964416504,-2.4861185550689697,-20.348466873168945
2151148736.0,0.3354323506355285,0.0927643179893493,9.90951442718506,1.6526696681976318,-2.4582247734069824,-20.333255767822266
2151157069.0,0.2124702334403991,-0.2067653238773346,9.85888385772705,1.3661484718322754,-2.824124336242676,-20.48967933654785
2151165402.0,0.1797753572463989,-0.2595702409744262,9.601978302001951,0.9048360586166382,-2.3068959712982178,-20.358304977416992
2151173735.0,0.4405084252357483,-0.4643396735191345,9.536720275878906,0.6898556351661682,-1.883953213691712,-20.05917930603028
2151182068.0,0.475502997636795,-0.3277813792228699,9.847257614135742,0.6602967977523804,-2.0226030349731445,-20.14442443847656
2151190401.0,0.4070885777473449,-0.5933244228363037,9.935210227966309,0.3245708644390106,-2.0151491165161133,-20.24057960510254
2151198734.0,0.1108036339282989,-0.883324384689331,9.215703964233398,0.1040578633546829,-1.4734596014022827,-20.22477531433105
2151207067.0,0.3570829629898071,-0.9754459261894226,9.274721145629885,0.4028992354869842,-0.7758299112319946,-20.067401885986328
2151215400.0,0.1035538017749786,-1.30372416973114,9.605216026306152,0.4326629936695099,-0.8265459537506104,-19.90831184387207
2151223733.0,0.0749427005648613,-1.14895761013031,9.59748649597168,0.2489064186811447,-0.8805409073829651,-20.05779838562012
2151232066.0,0.2347493916749954,-1.3444077968597412,9.409051895141602,0.7187995910644531,-1.1717746257781982,-19.81410026550293
2151240399.0,0.1589362472295761,-1.0711573362350464,9.600470542907717,1.0793458223342896,-1.5637753009796145,-19.89778518676757
2151248732.0,0.5050928592681885,-1.1135729551315308,10.09816837310791,0.7810679078102112,-1.7655640840530396,-19.83525848388672
2151257065.0,0.2857661545276642,-1.3266443014144895,9.655083656311035,0.3624031245708465,-1.830265998840332,-20.15666961669922
2151265398.0,0.5939579606056213,-1.0722613334655762,9.657200813293455,0.5729778409004211,-0.9445253014564514,-20.18696975708008
2151273731.0,0.5619655847549438,-0.98124760389328,9.761351585388184,0.7569136619567871,-0.3984551131725311,-20.30484390258789
2151282064.0,0.2735686898231506,-0.4498524069786072,9.607181549072266,1.0081639289855957,0.3738270998001098,-20.692466735839844
2151290397.0,0.4713611304759979,-0.7986659407615662,9.814156532287598,0.6788671016693115,1.3295457363128662,-20.70852851867676
2151298730.0,0.5584197640419006,-1.135695219039917,10.275888442993164,0.0292130466550588,1.3412258625030518,-20.94266700744629
2151307063.0,0.6504876613616943,-1.3614263534545898,10.521571159362791,-0.6424309015274048,1.1345958709716797,-21.089439392089844
2151315396.0,0.2728332579135895,-1.1679147481918335,9.635696411132812,-0.0599885582923889,1.083392858505249,-21.315689086914062
2151323729.0,0.3635205626487732,-1.035555124282837,9.577789306640623,1.211874008178711,1.7912681102752686,-21.670135498046875
2151332062.0,0.2562174201011657,-1.6022453308105469,9.975587844848633,1.0853652954101562,2.614331007003784,-21.67844009399414
2151340395.0,0.0918688848614692,-1.954874515533448,9.928873062133787,0.0814148783683776,3.3992788791656494,-22.04190254211425
2151348728.0,0.3795443475246429,-1.895836353302002,9.669729232788086,0.3578181564807892,3.752140522003174,-21.99897003173828
2151357061.0,0.1947542876005172,-1.5746721029281616,9.848934173583984,1.9142422676086424,3.077103614807129,-22.31295585632324
2151365394.0,0.0960207730531692,-1.3192708492279053,10.050633430480955,2.6484487056732178,2.632542371749878,-22.57367897033692
2151373727.0,-0.2000715732574463,-1.5958455801010132,9.776165962219238,2.077686786651612,3.005434513092041,-22.59535026550293
2151382060.0,-0.093040831387043,-1.74017071723938,9.689251899719238,1.5848431587219238,3.844967603683472,-22.674346923828125
2151390393.0,0.0662143528461456,-2.072572708129883,9.83421230316162,1.603234052658081,3.808364868164064,-22.606597900390625
2151398726.0,-0.3399229347705841,-1.6726692914962769,9.600186347961426,2.6159706115722656,3.463930130004883,-22.69855499267578
2151407059.0,-0.2630809247493744,-2.030917167663574,9.98206615447998,3.4074506759643555,3.362266778945923,-22.695068359375
2151415392.0,-0.2451975345611572,-2.596295118331909,9.715959548950195,3.232607841491699,3.0708794593811035,-22.718839645385746
2151423725.0,0.0951299741864204,-2.3715708255767822,9.474394798278809,3.4388277530670166,2.564280271530152,-22.491817474365234
2151432058.0,-0.3710075318813324,-2.24381422996521,9.404593467712402,4.045629024505615,2.1009185314178467,-22.377117156982425
2151440391.0,-0.4788247346878052,-2.2603256702423096,9.691837310791016,4.767028331756592,2.6962451934814453,-22.553754806518555
2151448724.0,-0.0249741673469543,-2.666390180587769,9.87318229675293,5.008238315582275,2.8892738819122314,-21.98268318176269
2151457057.0,-0.3696964681148529,-2.494860410690308,9.858548164367676,5.420115470886231,2.3697917461395264,-21.966726303100582
2151465390.0,-0.8123295307159424,-1.939647436141968,9.520879745483398,5.956785678863525,2.540536403656006,-21.74065589904785
2151473723.0,-0.8607078194618225,-1.935546875,9.184747695922852,6.86017370223999,2.758155107498169,-21.87638664245605
2151482056.0,-0.3593379557132721,-2.242773056030273,10.37514591217041,7.045083522796631,2.4673309326171875,-21.7755184173584
2151490389.0,-0.3796734511852264,-2.1085593700408936,10.745302200317385,5.8954386711120605,0.7516883611679077,-21.543550491333008
2151498722.0,-0.645451009273529,-1.2584182024002075,9.74307918548584,6.343893527984619,-0.2259432673454284,-21.73794174194336
2151507055.0,-0.6496553421020508,-1.082460880279541,9.537840843200684,7.689691543579102,0.2078211903572082,-21.694141387939453
2151515388.0,-0.5322504639625549,-1.3525856733322144,10.236766815185549,7.552732944488525,0.982985258102417,-21.76798820495605
2151523721.0,-0.3190959393978119,-1.4599080085754397,10.438450813293455,6.130756855010986,0.9987120628356934,-21.64657211303711
2151532054.0,-0.8139107823371887,-0.9109811782836914,9.788020133972168,6.0582685470581055,1.2618474960327148,-21.757715225219727
2151540387.0,-0.7902909517288208,-0.588783323764801,10.193902969360352,6.826261520385742,1.4785184860229492,-21.947389602661133
2151548720.0,-0.6640616059303284,-0.6848790645599365,10.802570343017578,6.745908737182617,0.8594220280647278,-22.07509994506836
2151557053.0,-0.2557998597621918,-0.6032728552818298,10.614885330200195,5.861347198486328,-0.5123106241226196,-22.28639411926269
2151565386.0,-0.3321492373943329,-0.8425461649894714,10.07602310180664,5.34196662902832,-1.4173130989074707,-22.34674072265625
2151573719.0,-0.6714305281639099,-0.6692456603050232,9.479981422424316,5.219427585601807,-1.1255667209625244,-22.86089134216309
2151582052.0,-0.183463379740715,-0.570435643196106,9.93584442138672,5.537761211395264,-0.1213090568780899,-22.88656044006348
2151590385.0,-0.195100724697113,-0.5241683125495911,10.338773727416992,5.397037506103516,-0.2518393099308014,-23.218446731567383
2151598718.0,-0.1177165582776069,-0.4324876666069031,10.218018531799316,4.965975284576416,-0.3291175067424774,-23.2285099029541
2151607051.0,-0.4362690150737762,-0.4420494139194488,9.623351097106934,4.895510196685791,-0.2307331562042236,-23.44763946533203
2151615384.0,-0.5001420974731445,-0.4578263461589813,9.82713508605957,4.808627128601074,0.2849969267845154,-23.8820858001709
2151623717.0,-0.1624685823917389,-0.5628982186317444,10.096866607666016,4.474054336547852,-0.1458731740713119,-24.002885818481445
2151632050.0,-0.2661210894584656,-0.6785157322883606,10.445990562438965,4.395238876342773,-1.1828404664993286,-24.30807876586914
2151640383.0,0.1684953421354293,-0.8182905912399292,10.54876708984375,4.153619766235352,-1.835004806518555,-24.350675582885746
2151648716.0,0.0744072720408439,-1.0533608198165894,9.752002716064451,4.546337127685547,-2.080568313598633,-24.460298538208008
2151657049.0,0.1738334447145462,-0.8004271984100342,9.693397521972656,5.203342437744141,-1.373487114906311,-24.54254722595215
2151665382.0,-0.0631544068455696,-0.9631744623184204,9.773846626281738,5.215919017791748,-0.2500975131988525,-24.60888862609864
2151673715.0,0.3598456382751465,-0.8867492079734802,10.103142738342283,4.949249267578125,0.463195264339447,-24.769670486450195
2151682048.0,0.4574302136898041,-1.2722948789596558,10.344452857971191,4.767285346984863,0.1380479782819748,-24.54754066467285
2151690381.0,-0.0530616044998168,-1.19304621219635,9.94594955444336,4.674971580505371,-0.0988453924655914,-24.55325508117676
2151698714.0,0.1744279265403747,-1.5503580570220947,9.723989486694336,5.211667060852051,0.2419906109571457,-24.419214248657227
2151707047.0,0.141971617937088,-1.7266005277633667,9.696541786193848,5.45023775100708,-0.1919019371271133,-24.1607666015625
2151715380.0,0.4693825244903564,-1.7334794998168943,10.331868171691896,5.320296764373779,-0.5844146609306335,-23.87729454040528
2151723713.0,0.1492069661617279,-1.4070569276809692,9.977025032043455,5.111028671264648,-1.0835082530975342,-23.67878150939941
2151732046.0,0.098982848227024,-0.7988038659095764,9.864360809326172,5.607431888580322,-0.4067029654979706,-23.609111785888672
2151740379.0,0.5763549208641052,-1.1768760681152344,10.150413513183594,5.638502597808838,-0.1730242371559143,-23.487777709960938
2151748712.0,0.2858863472938537,-1.1609396934509275,10.01436996459961,5.149577617645264,-0.2373415827751159,-23.490339279174805
2151757045.0,0.2454425692558288,-1.2598601579666138,10.039137840270996,4.568647384643555,0.648283839225769,-23.189939498901367
2151765378.0,-0.1839665919542312,-0.8630722761154175,9.67107391357422,4.863722801208496,1.6362254619598389,-22.89926719665528
2151773711.0,0.0889483839273452,-0.2144863754510879,10.317968368530272,5.565604209899902,1.8126304149627688,-22.88056373596192
2151782044.0,0.1707891821861267,-0.6607319712638855,10.735498428344728,5.057264804840088,0.6308149099349976,-22.77286148071289
2151790377.0,-0.050804890692234,-0.7904393076896667,10.204916000366213,3.782673597335816,-0.4968650937080383,-23.076026916503903
2151798710.0,-0.1541067212820053,-0.7434473037719727,9.935887336730955,3.3579893112182617,0.2421955168247223,-22.83717536926269
2151807043.0,-0.1042356938123703,-0.4016314744949341,9.760719299316406,3.832595586776733,0.6459784507751465,-23.01570510864257
2151815376.0,0.3465143740177154,-0.3462473452091217,10.108757019042969,4.571566581726074,0.5242339968681335,-23.152973175048828
2151823709.0,-0.1471427530050277,-0.7581419348716736,10.267258644104004,3.807442426681519,0.4713661968708038,-23.226179122924805
2151832042.0,-0.3223553597927093,-0.5251532196998596,9.866066932678224,3.001234531402588,1.566938877105713,-23.092449188232425
2151840375.0,-0.2927114069461822,-0.4022853970527649,9.797406196594238,3.1647040843963623,2.3518617153167725,-23.157943725585938
2151848708.0,-0.3518674671649933,-0.2676466107368469,10.229958534240724,3.9391255378723145,1.71468186378479,-23.50358390808105
2151857041.0,-0.1153699606657028,-0.9233415126800536,10.69299602508545,3.626119375228882,0.3574340343475342,-23.60014915466309
2151865374.0,-0.3634985685348511,-0.9875315427780152,10.248053550720217,2.846677541732788,-0.5181249380111694,-23.73415756225586
2151873707.0,-0.128243401646614,-0.6482322812080383,9.902573585510254,3.050387620925904,-0.4412821829319,-23.72247886657715
2151882040.0,-0.1097357496619224,-0.4149882197380066,9.525845527648926,3.811822652816773,-0.3362126052379608,-24.00347137451172
2151890373.0,-0.1026025339961052,-0.782876193523407,9.944104194641112,3.892865896224976,0.1575148105621338,-24.31511878967285
2151898706.0,0.0790517255663871,-1.7887529134750366,10.12251091003418,2.707925796508789,0.7028166651725769,-24.262279510498047
2151907039.0,-0.1401643604040146,-1.853419303894043,9.69696807861328,2.726880550384521,0.979373812675476,-24.234130859375
2151915372.0,-0.2518091201782226,-1.4930500984191897,9.695658683776855,4.209842681884766,1.098992109298706,-24.167375564575195
2151923705.0,-0.453011691570282,-1.5873030424118042,10.077073097229004,5.578386306762695,0.957985818386078,-24.21314811706543
2151932038.0,0.1564627438783645,-2.316810131072998,10.68797206878662,5.160284519195557,0.0918142721056938,-24.321393966674805
2151940371.0,-0.1349198967218399,-2.846534252166748,10.255382537841797,4.473822593688965,-0.5867199301719666,-24.1592025756836
2151948704.0,-0.315288782119751,-2.6062018871307373,9.885255813598633,5.082674026489258,0.1446820646524429,-23.995222091674805
2151957037.0,0.0198593251407146,-2.133686065673828,9.61138153076172,7.190521240234375,0.8162364363670349,-24.020811080932617
2151965370.0,0.205309048295021,-2.347351551055908,10.429858207702637,8.443544387817383,0.6690826416015625,-24.20702743530273
2151973703.0,0.1975111216306686,-2.3791747093200684,10.751545906066896,7.556600570678711,0.7827073335647583,-24.03512954711914
2151982036.0,-0.1622017472982406,-2.122197151184082,9.773981094360352,7.332321643829346,1.4275203943252563,-23.99424743652344
2151990369.0,0.0590416900813579,-1.692596673965454,9.446770668029783,8.606042861938477,2.415538787841797,-23.75483512878418
2151998702.0,-0.3188964128494262,-1.5375540256500244,9.939993858337402,9.5692138671875,2.541458368301392,-23.86594581604004
2152007035.0,-0.1669622957706451,-1.41497802734375,10.4993314743042,8.710240364074707,2.402962446212769,-23.953598022460938
2152015368.0,-0.0943002477288246,-1.435006618499756,9.904634475708008,7.837716579437256,1.6475213766098022,-23.84000015258789
2152023701.0,-0.1801671087741851,-0.9269736409187316,9.60453987121582,7.932668685913086,1.123889446258545,-24.11645698547364
2152032034.0,0.0343862734735012,-0.5311660766601562,10.158673286437988,7.800728321075439,0.9355475902557372,-23.918840408325195
2152040367.0,-0.130777046084404,-0.4271549880504608,10.021238327026367,7.114011764526367,0.9858028292655944,-24.26496696472168
2152048700.0,0.0691229626536369,-0.5189605951309204,9.755285263061523,6.416357040405273,1.5635836124420166,-24.09115219116211
2152057033.0,-0.0606968365609645,-0.7812333106994629,9.550339698791504,6.089237213134766,2.329167604446411,-24.26875877380371
2152065366.0,-0.0903382003307342,-0.6716747283935547,9.647197723388672,5.959551811218262,2.80146861076355,-24.234996795654297
2152073699.0,-0.0329338014125824,-0.7129712700843811,9.820526123046877,6.212338447570801,2.8798482418060303,-24.128082275390625
2152082032.0,-0.3566601276397705,-0.5347950458526611,9.900798797607422,6.161648750305176,2.435723066329956,-24.45241355895996
2152090365.0,-0.0940679535269737,-0.7815077304840088,10.10423183441162,5.974178314208984,1.9358867406845093,-24.546674728393555
2152098698.0,-0.4520497620105743,-1.1458685398101809,9.413443565368652,5.569703102111816,1.696956753730774,-24.618955612182617
2152107031.0,-0.2332959622144699,-0.8120155334472656,9.259296417236328,6.025099277496338,2.050997018814087,-24.54505920410156
2152115364.0,-0.4740352928638458,-0.2951058149337768,9.370387077331545,6.667862415313721,2.1547601222991943,-24.635168075561523
2152123697.0,-0.5014382600784302,0.1660587638616562,9.902994155883787,6.575600624084473,1.8195724487304688,-25.008012771606445
2152132030.0,-0.275147944688797,-0.210407480597496,9.88125228881836,6.017926692962647,1.4283145666122437,-25.07133102416992
2152140363.0,-0.462166965007782,-0.2929952442646026,9.644813537597656,5.239125728607178,1.046098709106445,-25.207698822021484
2152148696.0,-0.3425599932670593,-0.0078927371650934,9.53879737854004,5.131571292877197,0.9153379797935486,-25.003219604492188
2152157029.0,-0.4455553889274597,0.3219184279441833,9.466988563537598,5.748414516448975,0.4532826244831085,-25.257369995117188
2152165362.0,-0.1325386464595794,0.1871522068977356,10.166620254516602,5.417171001434326,-0.0123716844245791,-25.40992546081543
2152173695.0,-0.2254409343004226,-0.2525807619094848,9.672510147094728,4.142477035522461,-0.5284988284111023,-25.5086669921875
2152182028.0,-0.2053482681512832,-0.2122037261724472,9.0671968460083,3.699683904647827,-0.3296810090541839,-25.44734573364257
2152190361.0,-0.332221120595932,-0.1033089011907577,9.065688133239746,4.127440929412842,0.2487783879041671,-25.27939224243164
2152198694.0,-0.3201939761638641,0.0458647720515728,9.520267486572266,4.307125568389893,0.1240113824605941,-25.48994255065918
2152207027.0,0.1263647228479385,-0.3926823735237121,9.807978630065918,3.719586133956909,-0.4544479846954345,-25.557025909423828
2152215360.0,-0.19184310734272,-0.4702118039131164,9.48289966583252,2.869039535522461,-1.4487675428390503,-25.494117736816406
2152223693.0,-0.2227251231670379,-0.1263197511434555,9.284523010253906,2.730593681335449,-1.3799163103103638,-25.39240074157715
2152232026.0,-0.2902000546455383,0.0061524594202637,9.29929542541504,2.963683843612671,-0.9939095973968506,-25.473752975463867
2152240359.0,0.088462583720684,0.0197421722114086,9.84671401977539,2.774753332138061,-1.2135775089263916,-25.63707160949707
2152248692.0,0.1084974333643913,-0.3714166581630707,9.817667007446287,1.937039136886597,-1.7429471015930176,-25.484792709350582
2152257025.0,-0.2293442636728286,-0.0618861988186836,9.563549041748049,1.1705071926116943,-1.6684097051620483,-25.57915687561035
2152265358.0,0.2157115787267685,0.2739636600017547,9.502243995666504,1.1162562370300293,-1.382298469543457,-25.538021087646484
2152273691.0,0.2499128431081771,0.1954163908958435,9.711379051208496,1.1913827657699585,-1.7869012355804443,-25.668758392333984
2152282024.0,0.3816208839416504,-0.2510363161563873,10.021586418151855,0.1972681581974029,-2.3606348037719727,-25.7479305267334
2152290357.0,-0.1243290454149246,-0.4750500619411468,9.195313453674316,-0.8192461133003235,-1.914972424507141,-25.74595832824707
2152298690.0,0.0481688752770423,-0.266703337430954,9.005910873413086,-0.4992473423480987,-0.920115053653717,-25.749391555786133
2152307023.0,0.2983806431293487,-0.5743604898452759,9.86937141418457,-0.0536874569952487,-0.9051563143730164,-25.564069747924805
2152315356.0,0.1984610706567764,-0.9139366745948792,10.432287216186523,-0.5580064654350281,-1.8185348510742188,-25.871931076049805
2152323689.0,0.1550436466932296,-1.2858188152313232,10.333248138427734,-1.2722598314285278,-1.9671231508255005,-25.62749290466309
2152332022.0,-0.0989634692668914,-1.10641610622406,9.946770668029783,-0.9574607610702516,-1.422922968864441,-25.882457733154297
2152340355.0,0.350402295589447,-1.2412779331207275,10.461210250854492,-0.0651882663369178,-0.9240854382514954,-25.8878116607666
2152348688.0,0.3239730894565582,-1.52493417263031,10.648229598999023,0.2699869871139526,-0.993269383907318,-25.968982696533203
2152357021.0,0.3909358978271484,-1.6107174158096311,10.75529670715332,0.2415039390325546,-0.6464012265205383,-25.74982452392578
2152365354.0,0.4337589144706726,-1.6297738552093506,10.675469398498535,0.2585886418819427,0.0081581389531493,-25.79155158996582
2152373687.0,0.4109129011631012,-1.3455644845962524,10.57591438293457,1.1234025955200195,0.384047269821167,-25.907791137695312
2152382020.0,0.6522576808929443,-1.2971943616867063,10.748937606811523,1.6516199111938477,0.6910597085952759,-25.841629028320312
2152390353.0,0.4250971972942352,-1.359774470329285,10.67930030822754,1.633177399635315,1.0109047889709473,-25.842269897460938
2152398686.0,0.6365536451339722,-1.2631607055664062,10.916248321533203,1.3415848016738892,1.5248291492462158,-25.874391555786133
2152407019.0,0.4570828080177307,-1.208333134651184,10.53659439086914,1.127577781677246,1.728667378425598,-25.817039489746094
2152415352.0,0.5135877728462219,-1.1182630062103271,10.35459327697754,1.7838659286499023,2.28393292427063,-26.01034927368164
2152423685.0,0.2191623300313949,-1.3207005262374878,10.322075843811035,1.888602614402771,2.65554428100586,-25.953842163085938
2152432018.0,0.1899862289428711,-1.2780171632766724,10.35484218597412,1.6908093690872192,3.223796844482422,-26.01537132263184
2152440351.0,0.3610254526138305,-1.3535077571868896,10.32747745513916,1.5449618101119995,3.0056145191192627,-25.94940948486328
2152448684.0,0.1511283963918686,-1.0148098468780518,10.380398750305176,1.9263582229614256,2.5600290298461914,-26.101482391357425
2152457017.0,0.1726471781730651,-0.7853506803512573,10.47291660308838,2.052149534225464,2.2100870609283447,-26.157115936279297
2152465350.0,-0.2308625876903534,-0.9013442993164062,9.982391357421877,1.8771274089813232,2.374274492263794,-26.42494201660156
2152473683.0,0.066888228058815,-1.1980584859848022,9.977057456970217,1.8635008335113523,3.343927383422852,-26.37020492553711
2152482016.0,-0.0851776823401451,-1.5175257921218872,10.210110664367676,1.5437837839126587,3.506475687026977,-26.213855743408203
2152490349.0,-0.0953865423798561,-1.1288537979125977,10.330843925476074,1.9558144807815552,3.287473678588867,-26.45721435546875
2152498682.0,-0.0415510833263397,-1.2071181535720823,10.10971450805664,2.6295974254608154,2.804978370666504,-26.402812957763672
2152507015.0,-0.0269140899181365,-1.108857035636902,10.43110466003418,2.7060046195983887,2.434698820114136,-26.708595275878903
2152515348.0,0.3157401084899902,-1.2632263898849487,10.16425895690918,2.0046863555908203,1.8317903280258176,-26.625526428222656
2152523681.0,0.1030504256486892,-1.13813316822052,9.607306480407717,1.9190582036972048,1.826974868774414,-26.644737243652344
2152532014.0,0.1904069781303405,-1.0065549612045288,9.642105102539062,1.9359123706817627,2.796704769134521,-26.541975021362305
2152540347.0,-0.1269706934690475,-1.1082284450531006,9.561142921447754,1.9478485584259035,3.52881121635437,-26.499147415161133
2152548680.0,-0.0312814377248287,-1.2005208730697632,9.70720672607422,1.5578969717025757,4.155156135559082,-26.360111236572266
2152557013.0,-0.038180936127901,-1.3388545513153076,9.545783996582031,1.3605648279190063,3.6548330783844,-26.12968635559082
2152565346.0,-0.1134051829576492,-1.3927489519119265,9.626524925231934,1.4178128242492676,2.733847379684448,-26.062833786010746
2152573679.0,0.029160751029849,-1.5360807180404663,9.571446418762209,1.2253217697143557,1.7590200901031494,-25.88384056091309
2152582012.0,-0.0502121746540069,-1.706069827079773,9.242715835571287,1.2140257358551023,0.7013822197914124,-26.026561737060547
2152590345.0,0.2278301119804382,-1.8305171728134155,9.130857467651367,1.2657923698425293,0.8184393644332886,-25.938684463500977
2152598678.0,-0.1137691736221313,-1.8881229162216189,8.797755241394043,1.48699688911438,1.1639755964279177,-25.993852615356445
2152607011.0,-0.0748780667781829,-1.7503718137741089,8.815441131591797,1.8145008087158203,2.160395622253418,-25.812480926513672
2152615344.0,-0.4017821550369262,-1.920299053192139,9.064979553222656,2.2866225242614746,2.7424023151397705,-25.59065818786621
2152623677.0,-0.3291722238063812,-1.9891279935836792,9.556625366210938,2.3883368968963623,2.599321126937866,-25.566940307617188
2152632010.0,-0.3562490046024322,-2.1020448207855225,9.689814567565918,2.6342077255249023,1.6499035358428955,-25.4106674194336
2152640343.0,-0.6330448389053345,-1.9760305881500244,9.732237815856934,3.185682773590088,0.7029702663421631,-25.586076736450195
2152648676.0,-0.4529094398021698,-1.9075483083724976,9.939597129821776,3.6394646167755127,0.2204746454954147,-25.463945388793945
2152657009.0,-0.6015480756759644,-1.6809194087982178,9.889593124389648,4.124624252319336,-0.099050298333168,-25.48177146911621
2152665342.0,-0.1784030795097351,-1.7861851453781128,10.131534576416016,4.286659717559815,-0.3384922742843628,-25.51924514770508
2152673675.0,-0.3318814039230346,-1.5743640661239624,9.58375358581543,4.280282020568848,-0.3837783336639404,-25.48674201965332
2152682008.0,-0.0924152806401252,-1.283594012260437,9.819476127624512,4.675381660461426,-0.2151084542274475,-25.644500732421875
2152690341.0,-0.3386259377002716,-1.2223674058914185,9.82458209991455,4.631811618804932,0.0534953586757183,-25.6411190032959
2152698674.0,-0.3086360991001129,-0.8738240599632263,9.974541664123535,4.621438026428223,0.2689624428749084,-25.740373611450195
2152707007.0,-0.2235540002584457,-0.931710720062256,9.981657028198242,4.234201431274414,0.4835585653781891,-25.70374298095703
2152715340.0,-0.288961112499237,-0.7225491404533386,10.005386352539062,4.013816833496094,0.0596427805721759,-25.799619674682617
2152723673.0,0.03891272097826,-0.8904102444648743,10.19516658782959,3.729268074035645,-0.7547237873077393,-25.90299797058105
2152732006.0,-0.0521872378885746,-1.054532766342163,9.959781646728516,3.37374234199524,-1.5006108283996582,-25.990982055664062
2152740339.0,0.3067249655723572,-1.0597600936889648,9.84553337097168,3.334014892578125,-1.7957383394241333,-25.957788467407227
2152748672.0,0.1496592313051223,-1.187078833580017,9.64986515045166,3.3632149696350098,-1.633830428123474,-25.87044334411621
2152757005.0,0.3948945701122284,-1.2534726858139038,9.74658203125,3.498816728591919,-0.9910665154457092,-26.077253341674805
2152765338.0,0.2409417629241943,-1.402176022529602,9.616299629211426,3.520947456359864,-0.2594979703426361,-26.01577949523925
2152773671.0,0.1942633688449859,-1.3705768585205078,9.916401863098145,3.614080667495728,0.4087137877941131,-26.053686141967773
2152782004.0,0.0953669920563697,-1.5465631484985352,9.909575462341309,3.772172212600708,0.5084556937217712,-26.065649032592773
2152790337.0,0.086648479104042,-1.7225216627120972,9.959295272827148,4.303898811340332,0.2538500428199768,-26.067188262939453
2152798670.0,0.5663338303565979,-1.9552713632583616,10.298120498657228,4.700023174285889,-0.4596990048885345,-26.007225036621094
2152807003.0,0.4245080351829529,-1.9104505777359009,10.228597640991213,5.0372090339660645,-1.5015586614608765,-25.94098663330078
2152815336.0,0.7853006720542908,-1.990435242652893,10.120841026306152,5.450008392333984,-1.6284259557724,-25.7940616607666
2152823669.0,0.5629786252975464,-1.841982245445252,9.65883731842041,6.12978458404541,-1.1316888332366943,-25.80684471130371
2152832002.0,0.6923901438713074,-1.5944859981536863,10.041430473327637,6.719425201416016,0.2089738994836807,-25.65121459960937
2152840335.0,0.4605169594287872,-1.677644968032837,10.121943473815918,6.719348430633545,1.4861005544662476,-25.54096984863281
2152848668.0,0.356756180524826,-1.4300172328948977,10.39867877960205,6.752748489379883,2.3893356323242188,-25.408105850219727
2152857001.0,0.2230659127235412,-1.476876139640808,10.59103012084961,6.89984941482544,2.7599222660064697,-25.02693748474121
2152865334.0,0.0722234547138214,-1.391653299331665,10.751041412353516,7.352659225463867,2.315335750579834,-24.988414764404297
2152873667.0,0.454844981431961,-1.5527629852294922,10.822486877441406,7.462032794952393,0.9914634227752686,-24.74095726013184
2152882000.0,0.2427863627672195,-1.630481839179993,10.61981201171875,7.674759387969971,0.0010629914468154,-24.54183387756348
2152890333.0,0.527269721031189,-1.56858229637146,10.411096572875977,7.683006763458252,-0.044748093932867,-24.282615661621094
2152898666.0,0.3346882462501526,-1.3387022018432615,9.793130874633787,8.19626522064209,0.7163920998573303,-23.98938369750977
2152906999.0,0.4867092669010162,-1.2086725234985352,9.892118453979492,8.784061431884766,1.7379908561706543,-23.81764030456543
2152915332.0,0.0721202045679092,-1.2197312116622925,9.91979694366455,8.817641258239746,2.70497989654541,-23.51093482971192
2152923665.0,0.0704340860247612,-1.0303678512573242,10.171192169189451,8.476024627685547,3.32712459564209,-23.23955345153809
2152931998.0,0.0650727972388267,-0.9388705492019652,10.296306610107422,8.473231315612793,2.804286241531372,-22.964555740356445
2152940331.0,-0.0952770560979843,-0.8146278858184814,10.433504104614258,8.413115501403809,1.684380292892456,-22.88410186767578
2152948664.0,0.1156783029437065,-0.7785823345184326,10.264527320861816,8.297926902770996,0.4183190762996673,-22.61077117919922
2152956997.0,0.0820289701223373,-0.6800772547721863,10.024078369140623,8.279715538024902,-0.3355209827423095,-22.45659637451172
2152965330.0,0.5328102111816406,-0.4149893522262573,10.049927711486816,7.9145073890686035,-0.4177171289920807,-22.349891662597656
2152973663.0,0.4692486524581909,-0.0220183432102203,9.840970993041992,7.809386730194092,-0.1206430867314338,-22.2605209350586
2152981996.0,0.5579317212104797,0.2549638450145721,9.966839790344238,7.565104007720947,0.8342944979667664,-22.13770294189453
2152990329.0,0.2662162482738495,0.5005965232849121,9.913412094116213,6.912708759307861,1.823337197303772,-22.28818702697754
2152998662.0,0.1832863390445709,0.5923120379447937,10.142248153686523,6.148277759552002,2.817067861557007,-22.291645050048828
2153006995.0,0.0146914385259151,0.501237154006958,9.891658782958984,5.455104827880859,3.0316638946533203,-22.15709114074707
2153015328.0,-0.0928801596164703,0.3912728130817413,10.16435718536377,5.083159923553467,2.850724935531616,-22.141056060791016
2153023661.0,0.0917555168271064,0.3472171425819397,10.36223602294922,4.516905784606934,1.4639438390731812,-22.12417793273925
2153031994.0,0.0068328906781971,0.2400219589471817,10.03818702697754,3.950498580932617,-0.1201052218675613,-22.287084579467773
2153040327.0,0.4596450328826904,0.0148146403953433,9.772961616516112,3.79550576210022,-1.0577658414840698,-22.2756576538086
2153048660.0,0.2098142355680465,-0.2357151061296463,9.21593189239502,3.5100865364074707,-1.1016175746917725,-22.42768096923828
2153056993.0,0.3507677614688873,-0.2915364503860473,9.026723861694336,3.540593147277832,0.0798524171113967,-22.43585205078125
2153065326.0,-0.0473971851170063,-0.3180420696735382,8.934422492980957,3.8409714698791504,1.4674527645111084,-22.14313125610352
2153073659.0,-0.068233773112297,-0.3381605148315429,9.394338607788086,4.052750110626221,2.5790345668792725,-22.202634811401367
2153081992.0,-0.2205355614423751,-0.3914289176464081,9.571619987487791,4.027955532073975,2.284598588943481,-22.25245475769043
2153090325.0,-0.2695542871952057,-0.2735794186592102,9.868532180786133,4.141939163208008,1.0575482845306396,-22.304553985595703
2153098658.0,-0.0574658550322055,-0.3839661777019501,9.86819553375244,4.125802516937256,-0.7554409503936768,-22.18483161926269
2153106991.0,-0.033804964274168,-0.3075412511825561,9.587124824523926,4.049906730651856,-2.330896377563477,-22.202301025390625
2153115324.0,0.5510087013244629,-0.2911841571331024,9.501755714416504,3.89967942237854,-3.3812854290008545,-22.015033721923828
2153123657.0,0.4142668843269348,-0.0621850304305553,9.093465805053713,3.8255515098571777,-3.266482353210449,-22.08229637145996
2153131990.0,0.7966787219047546,0.0578150078654289,9.150870323181152,3.7610292434692383,-2.3049747943878174,-22.002456665039062
2153140323.0,0.3674179017543793,0.0112821720540523,9.043323516845703,3.2775092124938965,-0.7377671599388123,-21.7651424407959
2153148656.0,0.3164488971233368,-0.325097382068634,9.45329475402832,2.5481181144714355,0.6464395523071289,-21.723520278930664
2153156989.0,0.0558084100484848,-0.5280730724334717,9.3857421875,2.1674392223358154,1.3086445331573486,-21.395732879638672
2153165322.0,-0.0679722279310226,-0.9781841039657592,10.013065338134766,2.366641044616699,0.6466956734657288,-21.081010818481445
2153173655.0,-0.0263731833547353,-1.0419224500656128,10.204355239868164,2.619197130203247,-0.915888488292694,-20.75604057312012
2153181988.0,0.1205006390810012,-1.2290996313095093,10.273576736450195,2.9314606189727783,-2.836751937866211,-20.79866409301757
2153190321.0,0.4993325173854828,-1.2831982374191284,10.162888526916504,3.0322265625,-4.450832843780518,-20.56283187866211
2153198654.0,0.5102581977844238,-1.139623522758484,9.867181777954102,3.194852352142334,-4.652622699737549,-20.67410469055176
2153206987.0,0.7332438826560974,-0.945460855960846,9.631052017211914,3.336780309677124,-3.389353513717652,-20.53470993041992
2153215320.0,0.6481847763061523,-1.009899020195007,9.799583435058594,3.614925384521485,-1.184402585029602,-20.24011993408203
2153223653.0,0.8714013695716858,-0.9096280932426452,10.02659797668457,3.7438418865203857,0.273316740989685,-19.959434509277344
2153231986.0,0.3826108574867248,-0.7130386829376221,10.067503929138184,4.081847667694092,0.7885216474533081,-20.00631332397461
2153240319.0,0.3843213021755218,-0.6657968163490295,10.444828987121582,4.015941619873047,0.8590375781059265,-19.91758346557617
2153248652.0,0.162552461028099,-0.8006079196929932,10.538202285766602,3.66033935546875,-0.0586053915321826,-20.015405654907227
2153256985.0,0.4545901715755462,-0.8697998523712158,10.535099983215332,3.38196325302124,-1.2934166193008425,-20.09306526184082
2153265318.0,0.6718565821647644,-1.083322286605835,9.92609977722168,3.394156217575073,-2.5756914615631104,-19.99386405944824
2153273651.0,0.7000276446342468,-1.0534144639968872,9.440631866455078,3.8759608268737793,-2.8718693256378174,-19.95964431762696
2153281984.0,0.7363753914833069,-1.231589913368225,9.335567474365234,4.050905227661133,-2.1456542015075684,-19.58677673339844
2153290317.0,0.664400041103363,-1.3932920694351196,9.230238914489746,4.041889667510986,-0.9084091782569884,-19.70480728149414
2153298650.0,0.648378312587738,-1.445437788963318,9.316704750061035,4.330664157867432,0.3180648982524872,-19.535266876220703
2153306983.0,0.1754014492034912,-1.1687275171279907,9.686312675476074,5.056828498840332,1.2265253067016602,-19.43916320800781
2153315316.0,0.296906441450119,-0.9071963429450988,10.188822746276855,5.341504096984863,1.139923334121704,-19.59502410888672
2153323649.0,0.1351468712091446,-0.5349968671798706,10.36915111541748,5.642523288726807,-0.1325793415307998,-19.65544891357422
2153331982.0,0.5602397918701172,-0.5759289264678955,10.830045700073242,5.091099739074707,-1.6194860935211182,-19.58738899230957
2153340315.0,0.6619490385055542,-0.4480038285255432,10.20832347869873,4.411989212036133,-3.137514352798462,-19.56812858581543
2153348648.0,0.8849747180938721,-0.2142108380794525,9.750653266906738,4.468288898468018,-3.475238084793091,-19.506959915161133
2153356981.0,0.9011436104774476,-0.127891257405281,9.600050926208496,4.411144256591797,-2.43381404876709,-19.2871150970459
2153365314.0,0.9506866931915284,-0.1594478338956833,9.60384750366211,3.9233717918396,-0.9371739029884338,-19.30373954772949
2153373647.0,0.9410011768341064,-0.2787676155567169,9.343092918395996,3.424355745315552,0.4183446764945984,-19.21211814880371
2153381980.0,0.5923632979393005,-0.4671738445758819,9.565786361694336,3.1276912689208984,1.2385640144348145,-18.979080200195312
2153390313.0,0.2439994066953659,-0.7107796669006348,9.794981002807615,2.6886885166168213,1.636455535888672,-18.966732025146484
2153398646.0,0.1289659142494201,-0.8624351024627686,9.9246244430542,2.950773239135742,1.275473952293396,-18.86066246032715
2153406979.0,0.2987172901630401,-0.8724715113639832,10.28305721282959,3.3812973499298096,-0.3299114108085632,-18.64875602722168
2153415312.0,0.2067431807518005,-0.7310034036636353,10.400131225585938,3.48316502571106,-2.1065919399261475,-18.648500442504883
2153423645.0,0.4697895050048828,-0.5699173212051392,10.19615364074707,3.440722703933716,-3.2377169132232666,-18.663843154907227
2153431978.0,0.3456121385097503,-0.7225208282470703,9.832411766052246,3.3611905574798584,-2.8691534996032715,-18.58897399902344
2153440311.0,0.6464959979057312,-0.8243520855903625,9.938648223876951,3.3834235668182373,-1.865382552146912,-18.545297622680664
2153448644.0,0.2520955801010132,-0.9107308983802797,9.843269348144531,3.6323940753936768,-0.3859041929244995,-18.4110050201416
2153456977.0,0.3657716810703277,-0.9353928565979004,10.367319107055664,4.148956298828125,0.924174666404724,-18.309267044067383
2153465310.0,0.2798724770545959,-0.8683090806007385,10.773488998413086,4.7895684242248535,0.8749184608459473,-18.25463104248047
2153473643.0,0.4445154964923858,-0.7411565184593201,11.25225067138672,4.81313419342041,-0.1648532897233963,-18.264055252075195
2153481976.0,0.5904441475868225,-0.4514966905117035,10.801734924316406,4.828220844268799,-1.8208909034729004,-18.445816040039062
2153490309.0,0.623525083065033,-0.2469706982374191,10.527047157287598,5.1463494300842285,-2.7211034297943115,-18.4658432006836
2153498642.0,0.8432174324989319,-0.1162314936518669,10.35027313232422,4.6688995361328125,-2.6316583156585693,-18.32501602172852
2153506975.0,0.6201260685920715,0.2035378515720367,9.80384922027588,4.169166088104248,-1.2689039707183838,-18.384109497070312
2153515308.0,0.6239158511161804,0.4599422514438629,9.454459190368652,3.959359884262085,0.5912407636642456,-18.13688087463379
2153523641.0,0.3105430603027344,0.1516472697257995,9.80510139465332,3.681932210922241,1.7128115892410278,-18.12320137023925
2153531974.0,0.4985060691833496,-0.4374231100082397,10.37607765197754,2.5041635036468506,1.3186085224151611,-17.929996490478516
2153540307.0,0.4231808185577392,-0.7987276911735535,9.92001724243164,2.09482216835022,0.0415334925055503,-17.59877586364746
2153548640.0,0.6495336890220642,-1.3293707370758057,9.90200901031494,2.656055927276612,-2.0248823165893555,-17.534713745117188
2153556973.0,0.5879682302474976,-1.1778395175933838,9.514681816101074,3.450123310089112,-3.4284920692443848,-17.454545974731445
2153565306.0,0.9960339665412904,-1.5719763040542605,9.387957572937012,4.047882556915283,-3.835732698440552,-17.32098960876465
2153573639.0,1.0867968797683716,-1.651564359664917,8.990093231201172,4.239298343658447,-3.148503065109253,-17.0762996673584
2153581972.0,1.0258005857467651,-1.8383808135986328,9.069379806518556,4.516289710998535,-1.5927190780639648,-16.847509384155273
2153590305.0,0.8782810568809509,-1.6023476123809814,8.94367504119873,5.213407516479492,0.0964504331350326,-16.43458366394043
2153598638.0,0.6754133701324463,-1.4916893243789673,9.682276725769045,6.338717937469482,1.276472806930542,-16.2733154296875
2153606971.0,0.7666100263595581,-1.448311448097229,10.377463340759276,6.56373929977417,0.9258140325546264,-16.093992233276367
2153615304.0,0.7989362478256226,-1.1338014602661133,10.612751960754396,6.531106948852539,-0.2674127221107483,-15.902680397033691
2153623637.0,1.038083553314209,-0.9646830558776855,10.429082870483398,6.375935077667236,-1.9840792417526243,-15.890996932983398
2153631970.0,0.8875322937965393,-0.4366229176521301,9.912841796875,6.4856157302856445,-2.4338653087615967,-15.7692289352417
2153640303.0,1.1546337604522705,-0.3696232438087463,9.816720962524414,6.238693714141846,-1.8313156366348269,-15.45186710357666
2153648636.0,0.9003939032554626,-0.1650978028774261,9.474884033203123,5.639960289001465,-0.7444266676902771,-15.208505630493164
2153656969.0,0.8913518786430359,-0.2244269251823425,9.855966567993164,4.98554277420044,0.979680597782135,-15.02221393585205
2153665302.0,0.478915810585022,-0.2206635624170303,10.041675567626951,4.453739643096924,2.2079858779907227,-14.947368621826172
2153673635.0,0.3325124979019165,-0.188304916024208,10.42854118347168,4.480762958526611,2.750469923019409,-14.947266578674316
2153681968.0,0.2911737263202667,0.1764057576656341,10.722002983093262,4.598512172698975,2.2605974674224854,-14.78984260559082
2153690301.0,0.4639216661453247,0.2255245894193649,11.188347816467283,4.221520900726318,0.5389876365661621,-14.935023307800291
2153698634.0,0.5726206302642822,0.462645947933197,10.639657974243164,3.534393787384033,-1.145853042602539,-15.047212600708008
2153706967.0,0.5757509469985962,0.5274752378463745,10.333219528198242,3.0458786487579346,-1.515697002410889,-15.222260475158691
2153715300.0,0.5170585513114929,0.983217179775238,9.835848808288574,2.756027936935425,-0.7684271931648254,-15.27346420288086
2153723633.0,0.4810261726379394,1.1308873891830444,9.772648811340332,2.615483283996582,0.9658746719360352,-15.335759162902832
2153731966.0,0.4619937837123871,1.2530651092529297,9.93654727935791,2.113187551498413,2.000664472579956,-15.661725044250488
2153740299.0,0.2976769208908081,0.9524213671684264,10.375205993652344,1.2187895774841309,2.542097806930542,-15.753499984741213
2153748632.0,0.3976365923881531,0.3957100212574005,10.488422393798828,0.1405325233936309,2.100482940673828,-15.779522895812988
2153756965.0,0.4289268255233764,0.1274343878030777,10.334721565246582,-0.0559158846735954,0.8598060011863708,-15.69020652770996
2153765298.0,0.7357559204101562,-0.5139516592025757,10.463705062866213,0.6014865040779114,-0.6105154752731323,-15.740975379943848
2153773631.0,0.527610182762146,-0.711405336856842,10.08420467376709,1.205444574356079,-1.7006062269210815,-15.872811317443848
2153781964.0,0.7038673162460327,-1.2932062149047852,9.907379150390623,1.8132449388504028,-1.115090250968933,-15.86484432220459
2153790297.0,0.5719940066337585,-1.4859697818756104,9.456622123718262,2.407828092575073,0.376260370016098,-15.532296180725098
2153798630.0,0.7828266024589539,-1.4943121671676636,9.72109317779541,3.384652853012085,1.501186490058899,-15.344721794128418
2153806963.0,0.5583723783493042,-1.0483248233795166,9.981348037719728,4.52361536026001,1.989675760269165,-15.148133277893066
2153815296.0,0.646992027759552,-0.8159095048904419,10.520395278930664,5.123833656311035,1.80415153503418,-15.108123779296877
2153823629.0,0.7064943909645081,-0.640809178352356,10.562421798706056,5.163510322570801,0.9253016114234924,-15.043088912963867
2153831962.0,0.6968045234680176,-0.2994463741779327,10.508431434631348,4.937669277191162,0.1825142651796341,-14.899828910827637
2153840295.0,0.701890766620636,0.1699371635913849,10.06524658203125,4.7503275871276855,-0.0787381753325462,-14.517306327819824
2153848628.0,0.3588980734348297,0.4178739786148071,9.910564422607422,4.75101900100708,0.5337623357772827,-14.457367897033691
2153856961.0,0.3245142698287964,0.2213755697011947,10.06330394744873,3.969886541366577,1.6496208906173706,-14.008938789367676
2153865294.0,0.1212396696209907,-0.1595550775527954,10.045570373535156,2.853234052658081,2.2348551750183105,-13.72667121887207
2153873627.0,0.2161972969770431,-0.4333761632442474,10.124582290649414,2.331959009170532,1.995464563369751,-13.463126182556152
2153881960.0,0.1511131376028061,-0.3889737427234649,10.136286735534668,2.7257776260375977,0.7070171236991882,-13.45751667022705
2153890293.0,0.3210593461990356,-0.5682837963104248,10.305093765258787,3.074388027191162,-0.8116641044616699,-13.505698204040527
2153898626.0,0.435778796672821,-0.5245091319084167,10.117947578430176,2.7635586261749268,-1.5132379531860352,-13.260927200317385
2153906959.0,0.6143384575843811,-0.5464455485343933,9.889554023742676,2.3961992263793945,-1.5652347803115845,-13.05483341217041
2153915292.0,0.478318840265274,-0.3618686497211456,9.390435218811035,2.3104169368743896,-0.6041117906570435,-12.9628267288208
2153923625.0,0.5401138067245483,-0.3156737089157104,9.731843948364258,2.73535704612732,0.5755390524864197,-12.85688591003418
2153931958.0,0.2128401845693588,-0.4150417745113373,10.246002197265623,2.329064130783081,1.3792626857757568,-12.76780128479004
2153940291.0,0.2044793963432312,-0.5639023780822754,10.196073532104492,1.9222846031188965,1.6158101558685305,-12.72548770904541
2153948624.0,0.1542863547801971,-0.5824493169784546,9.732404708862305,2.366281747817993,0.9483543634414672,-12.57736110687256
2153956957.0,0.5096484422683716,-0.7898170948028564,10.339735984802246,2.723139762878418,-0.3348037600517273,-12.525543212890623
2153965290.0,0.7471818327903748,-0.8398376107215881,10.25461769104004,2.290156364440918,-2.1570518016815186,-12.67546272277832
2153973623.0,0.842183530330658,-0.8279306888580322,9.849834442138672,2.387977123260498,-2.8653626441955566,-12.872640609741213
2153981956.0,1.1210178136825562,-0.7795968055725098,9.54637050628662,2.595477819442749,-1.971323013305664,-12.743980407714844
2153990289.0,0.9671741127967834,-0.4218344986438751,9.42626953125,3.1706199645996094,-0.3092918992042541,-12.777892112731934
2153998622.0,0.9539107084274292,-0.3130976855754852,9.57510757446289,3.434753894805908,1.7712883949279783,-12.684630393981934
2154006955.0,0.5888045430183411,-0.4268783330917358,9.974080085754396,3.415133476257324,3.2868831157684326,-12.741034507751465
2154015288.0,0.6581019163131714,-0.6037101149559021,10.5573091506958,2.905487298965454,3.7657933235168457,-12.822847366333008
2154023621.0,0.4490866363048553,-0.6756156086921692,10.400561332702637,2.8628647327423096,2.7324626445770264,-12.707735061645508
2154031954.0,0.4584288299083709,-0.6553417444229126,10.13508415222168,3.638592004776001,1.1791385412216189,-12.78135108947754
2154040287.0,0.590829074382782,-0.297051340341568,9.685606002807615,4.062225818634033,-0.2099086642265319,-12.7979736328125
2154048620.0,0.9160221815109252,-0.3923672437667846,9.817147254943848,3.781494140625,-1.0926265716552734,-12.969640731811523
2154056953.0,0.5396890044212341,-0.1195124462246894,9.233654022216797,2.904820919036865,-0.4786277115345001,-12.991694450378418
2154065286.0,0.3545993566513061,-0.0583132058382034,8.884212493896484,2.67283296585083,1.638068914413452,-12.924996376037598
2154073619.0,-0.1356529295444488,0.0738000646233558,8.979475975036621,2.8770556449890137,3.898141384124756,-12.6100435256958
2154081952.0,-0.3438673913478851,-0.1558644473552703,10.08907699584961,2.804746389389038,4.835853576660156,-12.468551635742188
2154090285.0,-0.4301885068416595,-0.4360954165458679,10.609240531921388,2.2403364181518555,3.608700275421143,-12.42792510986328
2154098618.0,-0.4290487766265869,-0.5232208371162415,10.575429916381836,2.326502799987793,0.97161203622818,-12.508098602294922
2154106951.0,-0.1686821579933166,-0.5565636157989502,10.20371913909912,2.6250109672546387,-1.9210165739059448,-12.480356216430664
2154115284.0,0.3559726476669311,-0.6913775205612183,10.31215476989746,2.808997869491577,-4.1295270919799805,-12.467729568481444
2154123617.0,0.9392974972724916,-0.5864818096160889,9.6889066696167,2.5909695625305176,-4.942805290222168,-12.35979175567627
2154131950.0,0.9537764191627502,-0.6630886197090149,9.048017501831056,2.597655296325684,-3.769493818283081,-12.368449211120604
2154140283.0,0.8379337787628174,-0.9213411808013916,8.931828498840332,2.7215771675109863,-1.092293620109558,-12.20918083190918
2154148616.0,0.7339034080505371,-1.1500507593154907,9.07739543914795,2.917884111404419,1.7814316749572754,-11.894969940185549
2154156949.0,0.5450199246406555,-1.3717385530471802,9.564498901367188,3.3714871406555176,3.729138612747192,-11.630632400512695
2154165282.0,0.1806666404008865,-1.4624812602996826,10.18462085723877,3.949139833450317,3.658520460128784,-11.457812309265137
2154173615.0,0.1230317875742912,-1.7586475610733032,10.3804931640625,4.327383995056152,1.815063238143921,-11.39167594909668
2154181948.0,0.2453645020723343,-1.7505624294281006,10.126059532165527,4.961106777191162,-0.7919666171073914,-11.459094047546388
2154190281.0,0.5335097908973694,-1.821808934211731,9.88535499572754,5.290710926055908,-3.344963312149048,-11.442214012145996
2154198614.0,0.5570605993270874,-1.1762357950210571,9.239109992980955,5.960676670074463,-4.030272006988525,-11.337220191955566
2154206947.0,0.795688271522522,-0.963018834590912,9.181451797485352,6.588814735412598,-2.9000184535980225,-11.183432579040527
2154215280.0,0.8040794730186462,-0.7193115949630737,9.32341194152832,6.386462211608887,-0.8347936272621155,-11.132102012634276
2154223613.0,0.9361957907676696,-0.5335211157798767,9.492250442504885,6.030219554901123,0.846691370010376,-11.21286392211914
2154231946.0,0.6721301674842834,-0.2304653823375702,9.680420875549316,6.0216383934021,1.7747210264205933,-11.275541305541992
2154240279.0,0.7256891131401062,-0.0088308956474065,10.286426544189451,5.988315105438232,1.7112489938735962,-11.461297035217283
2154248612.0,0.6053626537322998,0.1721101552248001,10.551305770874023,5.570802211761475,0.6713876128196716,-11.596845626831056
2154256945.0,0.6455510258674622,0.2446503639221191,10.45251178741455,4.810494422912598,-0.4021691381931305,-11.64858627319336
2154265278.0,0.4017912447452545,0.3358292281627655,9.71822452545166,4.216885089874268,-0.5759105086326599,-11.7499418258667
2154273611.0,0.4379192590713501,-0.1241021528840065,9.681802749633787,3.795095682144165,-0.3675899803638458,-11.884698867797852
2154281944.0,0.3023935854434967,-0.6470106244087219,9.454039573669434,3.402249336242676,0.4486461579799652,-11.83831024169922
2154290277.0,0.2273139506578445,-0.855819046497345,9.555726051330566,3.610083818435669,1.439123272895813,-11.886621475219728
2154298610.0,0.0885931998491287,-0.8138605952262878,9.831912994384766,4.10361909866333,1.7244404554367063,-11.831960678100586
2154306943.0,-0.0875729769468307,-0.4981052577495575,10.219345092773438,4.734035968780518,1.2274727821350098,-12.055648803710938
2154315276.0,-0.0712620243430137,-0.3319979012012481,10.34638786315918,4.558118343353272,0.4395788013935089,-12.20572280883789
2154323609.0,0.0150448745116591,0.1212191134691238,10.446589469909668,4.291677951812744,-0.3979427516460418,-12.4603271484375
2154331942.0,0.3053273558616638,0.253253310918808,10.409591674804688,3.884668111801148,-1.241496443748474,-12.640036582946776
2154340275.0,0.3882265090942383,0.3771379888057709,10.252196311950684,3.713641881942749,-1.6240962743759155,-12.65007781982422
2154348608.0,0.3078932464122772,0.4264655411243438,10.199628829956056,3.2317614555358887,-1.1716465950012207,-12.64641571044922
2154356941.0,0.2005064487457275,0.5686243772506714,9.919289588928224,2.947904348373413,-0.1235374733805656,-12.74736213684082
2154365274.0,0.3636480867862701,0.0843792483210563,10.177499771118164,2.633847951889038,0.5749500393867493,-12.81098747253418
2154373607.0,0.2900570034980774,-0.2098159343004226,10.072710037231444,2.312312364578247,0.2768514752388,-12.863956451416016
2154381940.0,0.3255901932716369,-0.3750647902488708,10.230072021484377,2.416229724884033,-0.1752013862133026,-13.177270889282228
2154390273.0,0.2999254763126373,0.0658287405967712,10.152642250061035,2.767451524734497,-0.7910444736480713,-13.241536140441896
2154398606.0,0.5788076519966125,0.2102003246545791,10.310709953308104,3.22220778465271,-1.263166427612305,-13.531542778015137
2154406939.0,0.6978963613510132,0.2807149291038513,10.019205093383787,2.91386342048645,-1.7558307647705078,-13.495786666870115
2154415272.0,0.6843809485435486,0.2973966896533966,9.81567096710205,2.375067710876465,-1.1860673427581787,-13.416559219360352
2154423605.0,0.4911302626132965,0.3892011046409607,9.564738273620604,1.991801381111145,-0.0046105622313916,-13.491019248962402
2154431938.0,0.528874933719635,0.4437515437602997,10.24776840209961,1.7337638139724731,0.9935892224311828,-13.30019474029541
2154440271.0,0.4939527809619903,0.3680359423160553,10.85927677154541,1.1718385219573977,1.551518201828003,-13.210055351257324
2154448604.0,0.3622569143772125,0.3591319620609283,11.055096626281738,0.6142678260803223,1.4344358444213867,-13.266382217407228
2154456937.0,0.2780205905437469,0.0546304620802402,10.988781929016112,0.0400222428143024,0.9774007201194764,-13.242559432983398
2154465270.0,0.4969689846038818,-0.1949867606163025,10.860569953918455,-0.2601381838321686,0.7061716914176941,-13.227524757385254
2154473603.0,0.9138402938842772,-0.6611523032188416,10.792398452758787,-0.2079876065254211,0.094964787364006,-13.002683639526367
2154481936.0,0.8947762250900269,-0.8991835713386536,10.422511100769045,-0.1788386404514312,-0.2002265155315399,-12.809221267700195
2154490269.0,0.5663228034973145,-1.0394848585128784,9.524349212646484,0.1747019290924072,0.6244367361068726,-12.777329444885254
2154498602.0,0.2579386830329895,-0.9826323986053468,8.933695793151855,1.0683571100234983,2.81624722480774,-12.771157264709473
2154506935.0,0.3891078531742096,-1.179459810256958,9.60105800628662,1.538967490196228,4.181793212890625,-12.54480266571045
2154515268.0,0.2045526057481765,-0.9368177652359008,9.839167594909668,1.375702142715454,3.964456081390381,-12.543572425842283
2154523601.0,0.0993116497993469,-1.0941442251205444,10.0553560256958,1.3925310373306274,2.8234448432922363,-12.35940933227539
2154531934.0,-0.028123203665018,-1.1967823505401611,9.913790702819824,1.4354090690612793,1.5611751079559326,-12.37070369720459
2154540267.0,0.1545867919921875,-1.193592548370361,10.08431339263916,1.8068156242370603,0.583453893661499,-12.429642677307127
2154548600.0,0.2462736070156097,-0.8601901531219482,9.933534622192385,1.9668275117874143,0.051599882543087,-12.440195083618164
2154556933.0,0.164310947060585,-0.3648249506950378,9.819581031799316,2.48088002204895,0.4986964464187622,-12.426082611083984
2154565266.0,0.4091452062129974,-0.3196877241134643,10.170413970947266,2.15419602394104,1.7343018054962158,-12.321884155273438
2154573599.0,0.4402020275592804,-0.2640436887741089,10.109807014465332,1.2732967138290403,2.1821155548095703,-12.410662651062012
2154581932.0,0.6309643387794495,-0.2118335366249084,9.848811149597168,0.8642628788948059,2.2652082443237305,-12.472803115844728
2154590265.0,0.3471004962921142,-0.1363368779420852,9.605958938598633,0.8904662132263184,2.4152050018310547,-12.57029151916504
2154598598.0,0.3177370727062225,-0.5226423740386963,9.92148208618164,0.6713107824325562,2.759511709213257,-12.660197257995604
2154606931.0,0.2688439190387726,-0.6423783898353577,9.873579025268556,-0.1113963201642036,3.0173699855804443,-12.569111824035645
2154615264.0,0.3008404672145843,-0.8223549723625183,9.741443634033203,-0.0682875663042068,2.8864049911499023,-12.7268705368042
2154623597.0,-0.0524391047656536,-0.6171867251396179,9.217266082763672,0.2152236253023147,2.936275005340576,-12.858935356140137
2154631930.0,-0.1525291502475738,-0.6765486001968384,9.549790382385254,0.5355040431022644,3.404247522354126,-13.075451850891112
2154640263.0,-0.4239110648632049,-0.7830105423927307,9.611753463745115,-0.1956415623426437,3.181762456893921,-13.360977172851562
2154648596.0,-0.5541914105415344,-1.0349090099334717,9.509014129638672,-0.53123939037323,3.475020408630371,-13.504263877868652
2154656929.0,-0.4905040264129638,-1.343435287475586,9.280604362487791,-0.2552202939987182,3.2056093215942383,-13.34453296661377
2154665262.0,-0.4295486807823181,-1.508023738861084,9.588587760925291,0.4205473363399505,2.331164836883545,-13.403289794921877
2154673595.0,-0.2548058032989502,-1.690936803817749,9.825764656066896,1.02535080909729,1.051374912261963,-13.63061809539795
2154681928.0,-0.3829640746116638,-1.4487135410308838,9.443267822265623,1.3361541032791138,0.3770032227039337,-13.861634254455566
2154690261.0,-0.1152960881590843,-1.3328611850738523,9.353747367858888,1.7819952964782717,0.4009524583816528,-14.165364265441896
2154698594.0,-0.3878464698791504,-1.17317533493042,9.037043571472168,1.963241696357727,1.360999584197998,-14.310161590576172
2154706927.0,-0.1168292686343193,-1.046810507774353,9.207200050354004,2.0056076049804688,2.202094316482544,-14.206168174743652
2154715260.0,-0.4720995426177978,-1.0546947717666626,9.435909271240234,2.1164915561676025,2.4348509311676025,-14.217233657836914
2154723593.0,-0.4455170929431915,-1.3350344896316528,9.973692893981934,1.7134003639221191,2.1199753284454346,-14.404011726379396
2154731926.0,-0.5361416339874268,-1.7213071584701538,10.139190673828123,1.394836187362671,1.3655591011047363,-14.448196411132812
2154740259.0,-0.4578465819358825,-1.7732627391815186,10.122182846069336,1.8416764736175537,0.8537609577178955,-14.298123359680176
2154748592.0,-0.1337626874446869,-1.9286049604415887,10.446508407592772,2.6740877628326416,0.4406032860279083,-14.11098575592041
2154756925.0,0.1005192399024963,-1.9989254474639893,10.484597206115724,3.160348415374756,-0.418459802865982,-14.32698917388916
2154765258.0,0.3135212659835815,-1.8087701797485352,10.19454574584961,3.400636672973633,-0.5475556254386902,-14.615716934204102
2154773591.0,-0.0218646340072155,-1.3517180681228638,9.513871192932127,3.771018028259277,0.3169634044170379,-14.947880744934082
2154781924.0,-0.1936960071325302,-0.331303596496582,9.196279525756836,4.39088249206543,2.7064902782440186,-15.082304000854492
2154790257.0,-0.6434841752052307,-0.3508880138397217,9.862751960754396,4.106948852539063,4.621717929840088,-15.064016342163086
2154798590.0,-0.8137598633766174,-0.774337649345398,10.514442443847656,2.549295663833618,5.255362987518311,-15.153179168701172
2154806923.0,-0.9184637069702148,-1.4269040822982788,10.539799690246582,1.6721103191375732,4.537882328033447,-14.99524211883545
2154815256.0,-0.7553648352622986,-1.7391855716705322,10.598004341125488,2.4612338542938232,2.301554679870605,-15.17907428741455
2154823589.0,-0.5256631374359131,-1.826105117797852,10.93533992767334,3.580268859863281,-0.3629793524742126,-15.345004081726074
2154831922.0,-0.5977990031242371,-1.995335817337036,10.405352592468262,4.062891960144043,-1.8070076704025269,-15.750913619995115
2154840255.0,-0.0495133139193058,-2.164844036102295,9.973073959350586,4.3170366287231445,-0.975569486618042,-15.63298511505127
2154848588.0,-0.0994851440191268,-2.5223679542541504,9.532733917236328,4.21004581451416,0.4030016660690307,-15.483294486999512
2154856921.0,-0.2422809898853302,-2.048295736312866,9.059072494506836,5.004088401794434,2.699241399765014,-15.543004035949709
2154865254.0,-0.5003964900970459,-1.4980310201644895,9.245397567749023,6.450575351715088,4.371697425842285,-15.550074577331545
2154873587.0,-0.7420668005943298,-0.8078523874282837,9.798821449279783,7.106709957122803,4.490727424621582,-15.958698272705078
2154881920.0,-0.423731118440628,-0.5033782720565796,10.452730178833008,6.318302631378174,3.645226240158081,-15.952034950256348
2154890253.0,-0.719837486743927,-1.0757620334625244,10.246851921081545,4.626251220703125,1.4996752738952637,-16.144319534301758
2154898586.0,-1.0054528713226318,-1.000676512718201,9.29251194000244,3.90974497795105,0.5227482914924622,-16.001115798950195
2154906919.0,-1.210046887397766,-1.428642511367798,9.324216842651367,4.605196952819824,0.8870596289634705,-15.818920135498049
2154915252.0,-1.2056877613067627,-1.8080917596817017,9.81503677368164,4.900453090667725,0.955295979976654,-15.827731132507324
2154923585.0,-0.8315744400024414,-1.9210245609283447,10.09443473815918,5.306258678436279,0.5627064108848572,-15.838539123535156
2154931918.0,-0.6725285649299622,-1.9280482530593872,9.954712867736816,5.526336193084717,-0.3706124126911163,-16.10011100769043
2154940251.0,-0.6649523973464966,-1.3906042575836182,9.682748794555664,6.1317548751831055,-0.9649397730827332,-16.218351364135742
2154948584.0,-0.7756432294845581,-1.4692965745925903,10.006216049194336,6.04738187789917,-0.71509850025177,-16.336483001708984
2154956917.0,-0.8884754776954651,-1.1677401065826416,9.76478672027588,5.514989376068115,-0.0252300295978784,-16.573644638061523
2154965250.0,-0.9014021158218384,-0.761561393737793,9.915919303894045,5.71734094619751,1.2898433208465576,-16.476947784423828
2154973583.0,-0.9446467161178588,-0.5688853859901428,10.294509887695312,5.838010311126709,1.4350506067276,-16.47707748413086
2154981916.0,-0.9141668081283568,-0.0532112792134285,10.45279598236084,5.629075050354004,0.7308639883995056,-16.463043212890625
2154990249.0,-0.6785653233528137,-0.347551941871643,10.764029502868652,4.801197052001953,-0.6071086525917053,-16.31488800048828
2154998582.0,-0.5089589953422546,-0.7291467785835266,10.489354133605955,3.6979920864105225,-2.246471405029297,-16.720489501953125
2155006915.0,-0.2115940302610397,-0.5791273713111877,10.100311279296877,3.788129329681397,-2.700202465057373,-16.767929077148438
2155015248.0,-0.3095071017742157,-0.7769057154655457,9.977293014526367,4.1476240158081055,-2.197163820266724,-16.990873336791992
2155023581.0,-0.5155349969863892,-0.2923710346221924,9.843664169311523,4.384171962738037,-0.3378518223762512,-17.36128044128418
2155031914.0,-0.6391739249229431,-0.127477616071701,10.180727005004885,4.1468048095703125,2.117311477661133,-17.353548049926758
2155040247.0,-0.8729228973388672,-0.430908739566803,10.419469833374023,3.538594484329224,3.295233249664306,-17.667497634887695
2155048580.0,-0.9868679642677308,-0.233464777469635,10.233266830444336,3.275562047958374,3.2272024154663086,-17.588788986206055
2155056913.0,-1.0186172723770142,-0.447831928730011,10.436888694763184,3.599632740020752,2.0264577865600586,-17.795440673828125
2155065246.0,-1.028802752494812,-0.5447007417678833,10.347338676452637,3.716152191162109,-0.2572437822818756,-18.04210662841797
2155073579.0,-0.727724015712738,-0.6630576252937317,10.169546127319336,3.656599521636963,-1.896273493766785,-18.24405097961425
2155081912.0,-0.4863846004009247,-0.9922022223472596,9.359450340270996,3.3117034435272217,-3.051168203353882,-18.40938949584961
2155090245.0,-0.5681985020637512,-0.898045539855957,8.884543418884277,3.7398717403411865,-1.9434552192687988,-18.46333694458008
2155098578.0,-0.5652018189430237,-1.2203967571258545,9.275229454040527,3.751397371292114,0.0431215763092041,-18.3236083984375
2155106911.0,-0.918745756149292,-1.3907934427261353,9.41818141937256,3.796786546707153,1.7315099239349363,-18.481061935424805
2155115244.0,-0.9401423335075378,-1.1621077060699463,9.822086334228516,4.3419599533081055,2.7628159523010254,-18.360774993896484
2155123577.0,-1.353506326675415,-1.1406837701797483,10.196096420288086,4.780757427215576,2.244767904281616,-18.4732723236084
2155131910.0,-1.2819626331329346,-0.7973852157592773,10.310359954833984,5.066791534423828,0.7861395478248596,-18.738868713378903
2155140243.0,-0.8259842395782471,-0.6574815511703491,10.52950382232666,4.81431245803833,-1.3382673263549805,-18.49589157104492
2155148576.0,-0.9396651983261108,-0.5201579928398132,10.459471702575684,3.950446128845215,-3.249166488647461,-18.609798431396484
2155156909.0,-0.6599002480506897,-0.0781652182340622,9.743877410888672,3.2998697757720947,-3.3936562538146973,-18.393611907958984
2155165242.0,-0.4989831745624542,-0.4303473830223083,9.591147422790527,3.072313070297241,-2.456021547317505,-18.476884841918945
2155173575.0,-0.4363994300365448,-0.4249816238880157,9.643709182739258,2.71763277053833,-1.0792561769485474,-18.61707305908203
2155181908.0,-0.6400167346000671,-0.5695017576217651,10.009138107299805,2.202479124069214,0.7432869672775269,-18.510337829589844
2155190241.0,-0.9587253332138062,-0.5907260179519653,9.991416931152344,1.9246922731399536,1.7485945224761963,-18.848159790039062
2155198574.0,-0.726587176322937,-0.5011351108551025,10.278457641601562,2.081170082092285,2.124432325363159,-18.821807861328125
2155206907.0,-0.6430725455284119,-0.9144139289855956,10.608373641967772,1.6350212097167969,0.3622494339942932,-18.98212623596192
2155215240.0,-0.7053589820861816,-0.7641341686248779,9.941908836364746,1.1120551824569702,-1.303765058517456,-19.43696022033692
2155223573.0,-0.5279570817947388,-0.686820924282074,9.305390357971191,1.1561628580093384,-1.9866920709609983,-19.52758026123047
2155231906.0,-0.5356737375259399,-0.8153828382492065,8.982198715209961,1.1096731424331665,-1.988715410232544,-19.871761322021484
2155240239.0,-0.3093650937080383,-0.5985199809074402,8.79898738861084,1.0847760438919067,-0.9126867055892944,-19.93469619750977
2155248572.0,-0.4762006998062134,-1.1596723794937134,8.871722221374512,0.6269726753234863,0.468804657459259,-20.03446388244629
2155256905.0,-0.8202596306800842,-1.1501014232635498,8.65594482421875,0.6154718995094299,1.770648717880249,-20.371007919311523
2155265238.0,-0.9269284009933472,-1.4607223272323608,9.320388793945312,1.0264524221420288,2.70805287361145,-20.41539764404297
2155273571.0,-1.123521327972412,-1.810423254966736,9.98176097869873,1.2462996244430542,1.7988756895065308,-20.76359939575196
2155281904.0,-0.7140170335769653,-1.681751370429993,10.03120231628418,1.7831228971481323,0.2401975840330124,-20.924659729003903
2155290237.0,-0.5695089101791382,-1.9181925058364868,10.1419038772583,2.3120057582855225,-1.6244553327560425,-21.101194381713867
2155298570.0,-0.4200416207313537,-1.898892283439636,9.70496654510498,2.278143882751465,-2.637857675552368,-21.4233455657959
2155306903.0,-0.2022545635700225,-2.1320602893829346,9.328001976013184,2.551626682281494,-1.6967129707336426,-21.36158561706543
2155315236.0,-0.5255604982376099,-2.333718776702881,8.834684371948242,2.771986246109009,-0.192619115114212,-21.41056251525879
2155323569.0,-0.5806224942207336,-1.9715666770935056,8.883244514465332,3.629013538360596,2.480931520462036,-21.339662551879883
2155331902.0,-0.9741396307945251,-2.2148354053497314,9.736607551574709,4.245139122009277,3.710390090942383,-21.26008033752441
2155340235.0,-1.0146218538284302,-1.861006498336792,9.910048484802246,4.308943748474121,3.5340871810913086,-21.472087860107425
2155348568.0,-0.8142198920249939,-1.7291336059570312,10.336243629455566,4.547336101531982,2.0888803005218506,-21.30864524841309
2155356901.0,-0.8259667158126831,-1.5112894773483276,10.3251371383667,4.402589797973633,-0.562283992767334,-21.459131240844727
2155365234.0,-0.7397699356079102,-1.133991837501526,10.039678573608398,4.164019107818604,-1.773914813995361,-21.50439071655273
2155373567.0,-0.7958194613456726,-1.2618193626403809,9.76225471496582,3.775911331176758,-1.5122908353805542,-21.520118713378903
2155381900.0,-0.5722240209579468,-1.1467576026916504,9.407456398010254,3.560828447341919,-0.2644414603710174,-21.57677459716797
2155390233.0,-0.4866031110286712,-1.259313941001892,9.528157234191896,3.6064727306365967,1.2810579538345337,-21.31256103515625
2155398566.0,-0.7666788101196289,-1.318638563156128,9.585183143615724,3.4389047622680664,2.06072998046875,-21.34286499023437
2155406899.0,-1.001617193222046,-1.3268834352493286,9.545764923095703,3.72148060798645,2.644683599472046,-21.266151428222656
2155415232.0,-1.0886898040771484,-1.847761511802673,10.157922744750977,3.5190768241882324,2.213775157928467,-21.215431213378903
2155423565.0,-1.1011080741882324,-1.8741453886032104,9.909565925598145,3.4310665130615234,0.9785025119781494,-21.046201705932617
2155431898.0,-1.0956648588180542,-1.7922332286834717,9.889405250549316,4.030106544494629,-0.0239237025380134,-20.809011459350582
2155440231.0,-1.0836939811706543,-1.814010977745056,10.028167724609377,4.406124114990234,-1.2404468059539795,-20.94822883605957
2155448564.0,-0.8515589237213135,-1.6195709705352783,9.97592830657959,4.701558589935303,-1.495180368423462,-20.9671573638916
2155456897.0,-0.8030368089675903,-2.0276880264282227,10.34431266784668,4.516470909118652,-1.1861188411712646,-20.721643447875977
2155465230.0,-1.0158472061157229,-2.053969144821167,9.85731601715088,4.461936950683594,-0.1397257000207901,-20.61946678161621
2155473563.0,-0.8011910915374756,-1.932317137718201,10.038652420043944,5.531998157501221,1.0993505716323853,-20.29654693603516
2155481896.0,-0.598505973815918,-1.9148166179656985,10.576931953430176,6.324426651000977,0.6449795961380005,-20.409893035888672
2155490229.0,-0.4636284112930298,-1.7632182836532593,10.71440887451172,6.516866683959961,-0.2461273074150085,-20.48128128051757
2155498562.0,-0.391382485628128,-1.7005245685577393,10.44217014312744,6.434696197509766,-0.8793114423751831,-20.349878311157227
2155506895.0,-0.3079925775527954,-1.5879888534545898,10.003267288208008,6.528698921203613,-1.002976894378662,-20.63186264038086
2155515228.0,-0.2591862082481384,-1.2628380060195925,9.7658109664917,6.860506534576416,-0.2630070745944977,-20.661937713623047
2155523561.0,-0.4522246122360229,-1.2321544885635376,9.616841316223145,7.052690982818604,0.7964621782302856,-20.791826248168945
2155531894.0,-0.6572818160057068,-0.8384041786193848,9.343405723571776,7.048437595367432,2.179298162460327,-21.04814720153809
2155540227.0,-0.6982067823410034,-0.7832295298576355,9.917465209960938,6.8904242515563965,3.122389316558838,-21.1236572265625
2155548560.0,-0.7950537204742432,-0.8600665330886841,10.085268020629885,6.29748010635376,2.5633327960968018,-21.259233474731445
2155556893.0,-0.7408046126365662,-0.859374463558197,10.101517677307127,5.820261001586914,1.7265410423278809,-21.50910186767578
2155565226.0,-0.6902821660041809,-0.9472396969795228,10.264520645141602,5.754278659820557,0.6970020532608032,-21.719470977783203
2155573559.0,-0.6331002116203308,-0.7694128751754761,10.002821922302246,5.580358028411865,-0.0327093936502933,-22.04359436035156
2155581892.0,-0.4847417771816253,-0.6497694849967957,9.948396682739258,5.639091968536377,0.1969863772392273,-22.336265563964844
2155590225.0,-0.604930579662323,-0.8212406039237976,9.607821464538574,5.196964263916016,1.0399768352508545,-22.68635940551757
2155598558.0,-0.7959104776382446,-0.7103438973426819,9.497658729553224,4.87722110748291,2.927849292755127,-22.92123985290528
2155606891.0,-1.0786020755767822,-0.8996677994728088,9.796491622924805,4.529457092285156,4.4166259765625,-22.99606132507324
2155615224.0,-1.2940239906311035,-1.090175747871399,9.713550567626951,4.552919387817383,4.401974678039551,-23.186094284057617
2155623557.0,-1.4674386978149414,-1.277529001235962,10.00947380065918,5.090537071228027,3.758442640304565,-23.141525268554688
2155631890.0,-1.4273310899734497,-1.5493963956832886,10.501055717468262,5.000374794006348,1.974026083946228,-23.243621826171875
2155640223.0,-1.2688250541687012,-1.2996172904968262,10.203088760375977,4.941743850708008,0.11089688539505,-23.562828063964844
2155648556.0,-1.0127527713775637,-1.029739499092102,10.202951431274414,5.327059745788574,-0.998571515083313,-23.750225067138672
2155656889.0,-1.068394422531128,-0.8018024563789368,9.942087173461914,5.327136039733887,-1.1509506702423096,-24.07221984863281
2155665222.0,-1.116484761238098,-0.2141441702842712,9.54250431060791,4.970073223114014,0.3919876515865326,-23.95897674560547
2155673555.0,-1.2569996118545532,-0.0427586250007152,9.915907859802246,4.727301120758057,2.454703092575073,-23.88638496398925
2155681888.0,-1.299064040184021,0.1298042982816696,10.16978359222412,4.084793567657471,2.989656925201416,-23.85296058654785
2155690221.0,-1.0860047340393066,0.430213451385498,10.9430513381958,3.672865867614746,2.41866397857666,-23.9302921295166
2155698554.0,-1.1288779973983765,0.2625829875469208,11.318227767944336,2.615201950073242,0.2977528274059295,-24.10646247863769
2155706887.0,-1.152858853340149,0.4360003769397735,10.781466484069824,1.635636329650879,-1.2047405242919922,-24.33696746826172
2155715220.0,-1.1329481601715088,0.1538070142269134,10.633601188659668,1.150681734085083,-1.4450279474258425,-24.29262924194336
2155723553.0,-1.249506950378418,-0.3605078756809234,10.552659034729004,0.2266220450401306,-0.3879534006118774,-24.17562484741211
2155731886.0,-1.2862753868103027,-0.3325297236442566,10.181763648986816,0.0778032764792442,1.1065995693206787,-24.184436798095703
2155740219.0,-1.1225734949111938,-0.5511618256568909,10.566457748413086,0.669953465461731,1.833916068077088,-24.20098114013672
2155748552.0,-1.1576766967773438,-0.5046238303184509,10.631349563598633,0.6919305324554443,1.239742398262024,-24.520109176635746
2155756885.0,-1.032097339630127,-0.3903895914554596,10.732131004333496,0.0148690706118941,0.2298494279384613,-24.544109344482425
2155765218.0,-1.0596373081207275,-0.4658524394035339,10.269797325134276,-0.5565207600593567,-1.029744029045105,-24.87228012084961
2155773551.0,-1.1663035154342651,-0.4681274890899658,9.75550365447998,-0.8758791089057922,-1.0986719131469729,-24.96525955200196
2155781884.0,-0.971313774585724,-0.7387570738792419,9.971948623657228,-1.1702125072479248,-0.878133237361908,-24.91346740722656
2155790217.0,-1.0089629888534546,-0.8935161828994751,9.96331787109375,-1.4447715282440186,-0.8061316013336182,-25.035388946533203
2155798550.0,-0.943048894405365,-1.0473114252090454,9.993308067321776,-1.3779696226119995,-0.2737906873226166,-25.081268310546875
2155806883.0,-0.9242904782295228,-1.3996371030807495,10.133103370666504,-1.4977675676345823,0.0818503275513649,-25.230058670043945
2155815216.0,-1.0144925117492676,-1.8738560676574707,10.115959167480469,-1.5544520616531372,0.032158687710762,-25.40692901611328
2155823549.0,-1.0562139749526978,-2.41121244430542,10.084724426269531,-1.6697160005569458,0.087050013244152,-25.53330421447754
2155831882.0,-0.96473890542984,-2.836255550384521,9.903121948242188,-0.9227532148361206,-0.0082221738994121,-25.66949844360352
2155840215.0,-0.9766266345977784,-2.9514191150665283,9.745055198669434,0.4597629904747009,-0.3259925544261932,-25.85238647460937
2155848548.0,-0.9775990843772888,-3.0523815155029297,9.835212707519531,1.591477632522583,-0.1962051838636398,-25.9177303314209
2155856881.0,-0.8475351929664612,-3.0803093910217285,9.64417552947998,2.231961727142334,-0.3057573139667511,-26.34126091003418
2155865214.0,-1.0421558618545532,-2.767333984375,9.435365676879885,2.9537203311920166,0.248599112033844,-26.640100479125977
2155873547.0,-1.0444177389144895,-2.669051170349121,9.663714408874512,3.678092002868652,1.1486072540283203,-26.727195739746094
2155881880.0,-1.1226729154586792,-2.522135257720948,9.528875350952148,4.23891544342041,1.2538304328918457,-26.95011138916016
2155890213.0,-1.146114945411682,-2.149603843688965,9.678836822509766,4.65407133102417,1.148350954055786,-26.98282051086425
2155898546.0,-1.093061923980713,-1.97968852519989,9.84445571899414,4.393164157867432,0.8039417266845703,-27.07756805419922
2155906879.0,-0.914128839969635,-1.6925112009048462,9.796042442321776,4.278258323669434,-0.1449766606092453,-27.51303672790528
2155915212.0,-0.637789785861969,-1.4436442852020264,9.767955780029297,3.8189697265625,-0.5221209526062012,-27.78846549987793
2155923545.0,-0.2910987734794616,-1.5613257884979248,9.757613182067873,3.075080394744873,-0.9390183687210084,-28.0839786529541
2155931878.0,-0.210296019911766,-1.3238500356674194,9.293397903442385,2.331883668899536,-0.4374403059482574,-28.32857322692871
2155940211.0,-0.1027323082089424,-1.2124168872833252,9.23867416381836,2.1600372791290283,0.9604960083961488,-28.31817054748535
2155948544.0,-0.0513568073511123,-1.3715159893035889,8.976759910583496,1.505592942237854,2.358086585998535,-28.59398651123047
2155956877.0,-0.1688546240329742,-1.1324131488800049,8.828109741210938,1.3100025653839111,3.6028881072998047,-28.54480743408203
2155965210.0,-0.3668469786643982,-1.3050312995910645,9.369847297668455,0.6507171988487244,4.177056312561035,-28.79661750793457
2155973543.0,-0.661468505859375,-1.320408821105957,8.913204193115234,0.0888686552643776,4.154747486114502,-29.15931701660156
2155981876.0,-0.8674935698509216,-1.4637664556503296,8.850848197937012,0.1497537195682525,4.372417449951172,-29.25065803527832
2155990209.0,-1.1439003944396973,-1.993839859962464,9.242236137390137,-0.2952042818069458,4.240606307983398,-29.302549362182617
2155998542.0,-0.9448605179786682,-2.352327346801758,9.010664939880373,-0.2013536393642425,3.53383207321167,-29.50375366210937
2156006875.0,-1.0120525360107422,-2.688661336898804,9.11052417755127,0.6088124513626099,2.995266914367676,-29.261903762817383
2156015208.0,-0.9229769110679626,-2.9692699909210205,9.37958812713623,1.125605583190918,2.6492185592651367,-29.53828430175781
2156023541.0,-1.087809920310974,-2.683856964111328,9.004820823669434,1.971029996871948,2.696143627166748,-29.78868865966797
2156031874.0,-1.0818079710006714,-2.4379770755767822,9.321366310119627,3.095290184020996,3.577632188796997,-30.004024505615234
2156040207.0,-0.9658837914466858,-2.4002413749694824,9.662712097167969,3.250922679901123,4.064815998077393,-30.089988708496094
2156048540.0,-0.9523502588272096,-1.8979448080062864,9.712482452392578,3.4709746837615967,4.203337669372559,-30.25263977050781
2156056873.0,-0.7889710068702698,-2.027862310409546,10.138981819152832,3.4814770221710205,3.9696338176727295,-30.253841400146484
2156065206.0,-0.7673711180686951,-1.893012285232544,9.86432933807373,3.471128463745117,3.263192176818848,-30.420385360717773
2156073539.0,-0.823800802230835,-1.585368037223816,9.548945426940918,3.780933141708374,3.191215991973877,-30.377099990844727
2156081872.0,-0.7813870906829834,-1.8309136629104608,9.812870025634766,3.711594820022583,3.537571907043457,-30.292648315429688
2156090205.0,-0.7924797534942627,-2.158469915390014,9.541269302368164,3.0459325313568115,3.705243587493897,-30.5116024017334
2156098538.0,-0.9505906701087952,-2.289220094680786,9.402621269226074,3.116371393203736,4.809422492980957,-30.40704345703125
2156106871.0,-1.0411148071289062,-2.835736036300659,9.71175479888916,3.2205188274383545,5.19970703125,-30.348285675048828
2156115204.0,-1.1121042966842651,-2.952788829803467,9.306797981262209,3.8589797019958496,5.221094608306885,-30.50424766540528
2156123537.0,-1.2980587482452393,-3.1471402645111084,9.64199924468994,4.760115146636963,5.287845611572266,-30.28179168701172
2156131870.0,-1.4667870998382568,-3.460808277130127,9.62936782836914,5.10150146484375,4.841952323913574,-30.40078926086425
2156140203.0,-1.420704364776611,-3.1393489837646484,9.126971244812012,5.808993339538574,4.233639717102051,-30.48936653137207
2156148536.0,-1.2963969707489014,-3.11196231842041,9.5355806350708,6.490614414215088,3.926959991455078,-30.479713439941406
2156156869.0,-1.3707536458969116,-3.417243480682373,9.493946075439451,7.156508922576904,3.014298915863037,-30.586782455444336
2156165202.0,-1.4519072771072388,-3.2927582263946533,9.168492317199709,7.694664001464844,3.178537130355835,-30.69112777709961
2156173535.0,-1.3935554027557373,-3.489481210708618,9.369511604309082,8.366935729980469,3.5245606899261475,-30.57527732849121
2156181868.0,-1.487351655960083,-3.469292640686035,9.205473899841309,9.294788360595703,3.853217124938965,-30.64805221557617
2156190201.0,-1.6907364130020142,-3.204838275909424,9.628496170043944,10.432673454284668,4.293269634246826,-30.418670654296875
2156198534.0,-2.0177159309387207,-3.389119863510132,10.342480659484863,11.000362396240234,4.540882587432861,-30.23150634765625
2156206867.0,-2.12976336479187,-3.2227585315704346,10.314274787902832,11.418438911437988,4.303310871124268,-30.33056259155273
2156215200.0,-1.973052144050598,-2.8231356143951416,10.322463035583496,12.314170837402344,3.4823482036590576,-30.34836196899414
2156223533.0,-1.8730615377426147,-2.684304714202881,10.36300563812256,13.121454238891602,1.870775580406189,-30.55601692199707
2156231866.0,-1.823049783706665,-2.5554347038269043,10.385008811950684,13.214614868164062,0.8184909224510193,-30.73176002502441
2156240199.0,-1.6284093856811523,-1.988364219665528,10.251579284667969,13.095483779907228,0.968846559524536,-30.8934383392334
2156248532.0,-2.020691633224488,-2.169553279876709,10.119477272033691,12.954042434692385,1.63640558719635,-30.9089584350586
2156256865.0,-2.529613256454468,-1.5553038120269775,9.744072914123535,13.169559478759766,3.450535297393799,-30.52981185913086
2156265198.0,-2.8493456840515137,-1.364635705947876,10.402339935302734,13.769598960876465,4.837880611419678,-30.23025703430176
2156273531.0,-3.017770767211914,-1.432427167892456,10.995709419250488,13.60500144958496,4.344524383544922,-30.32889938354492
2156281864.0,-2.9971253871917725,-1.1838418245315552,11.339629173278809,13.165409088134766,2.427424907684326,-30.358503341674805
2156290197.0,-2.59929633140564,-1.0455213785171509,11.34876537322998,12.642876625061035,-0.8757002353668213,-30.63485717773437
2156298530.0,-2.5815587043762207,-1.0050883293151855,10.76480484008789,12.18207836151123,-3.5512378215789795,-30.94715118408203
2156306863.0,-2.527205467224121,-0.7780390381813049,10.561647415161133,11.711697578430176,-4.244103908538818,-31.170787811279297
2156315196.0,-2.2897591590881348,-0.705586314201355,10.14348316192627,11.130254745483398,-3.611431360244751,-31.41053771972656
2156323529.0,-2.0566296577453613,-0.4057990610599518,9.971844673156738,10.92098617553711,-2.280411958694458,-31.48133659362793
2156331862.0,-1.9478121995925903,-0.334863543510437,10.499038696289062,10.65938663482666,-1.3883953094482422,-31.334976196289062
2156340195.0,-1.9350481033325195,-0.3486859202384949,10.264688491821287,9.934734344482422,-1.9607206583023071,-31.806535720825195
2156348528.0,-1.8154700994491573,0.0756430104374885,10.217915534973145,9.790014266967772,-2.6800966262817383,-31.9446964263916
2156356861.0,-1.9195499420166016,-0.2415509223937988,10.647741317749023,9.015849113464355,-3.7911670207977295,-32.00489044189453
2156365194.0,-1.801269292831421,-0.0839106142520904,10.106249809265137,8.199341773986816,-4.664997100830078,-32.4467887878418
2156373527.0,-1.4477667808532717,-0.254153847694397,10.205402374267578,7.828141212463379,-5.155305862426758,-32.64647674560547
2156381860.0,-1.134482741355896,-0.3733246624469757,10.362313270568848,6.987403392791748,-5.411960601806641,-32.95781707763672
2156390193.0,-0.8766387701034546,0.0726664885878562,9.899784088134766,6.917553901672363,-5.474663734436035,-33.37310028076172
2156398526.0,-0.5317491292953491,0.4446703791618347,10.14830207824707,6.979822158813477,-4.974802017211914,-33.474205017089844
2156406859.0,-0.723294734954834,0.1487613171339035,10.094252586364746,5.874847888946533,-3.809327125549317,-33.810028076171875
2156415192.0,-0.6906701922416687,0.4856022596359253,9.26267910003662,5.046841621398926,-2.891824245452881,-34.14813995361328
2156423525.0,-0.4327768981456756,0.3164726495742798,9.561121940612791,4.8213090896606445,-1.9756791591644287,-34.097503662109375
2156431858.0,-0.4673901200294494,0.0191282089799642,9.716386795043944,4.221294403076172,-2.059053659439087,-34.2824592590332
2156440191.0,-0.7049568891525269,0.1925517469644546,9.514639854431152,3.838540315628052,-2.4354805946350098,-34.25425720214844
2156448524.0,-0.7215544581413269,0.1148663014173507,9.621581077575684,3.739438533782959,-2.3347651958465576,-34.29372787475586
2156456857.0,-0.7196725606918335,-0.2042669504880905,9.37398624420166,3.179434299468994,-2.63060998916626,-34.56657409667969
2156465190.0,-0.754266083240509,0.0392364561557769,9.577872276306152,2.581315279006958,-2.2242910861968994,-34.369773864746094
2156473523.0,-0.9847744703292848,0.1622274965047836,10.241796493530272,1.6535159349441528,-1.8456100225448608,-34.608585357666016
2156481856.0,-0.782109260559082,0.6498683094978333,10.45435905456543,1.1895133256912231,-1.3556859493255615,-34.87268829345703
2156490189.0,-0.5730034708976746,1.1837036609649658,10.776741981506348,1.0883370637893677,-1.1420373916625977,-34.772560119628906
2156498522.0,-0.4203240275382995,1.044681429862976,11.080981254577637,0.3502622544765472,-1.415187954902649,-35.29878616333008
2156506855.0,-0.3233949542045593,1.1640478372573853,10.85618019104004,-0.8594865202903748,-0.9655808806419371,-35.422760009765625
2156515188.0,0.2074724286794662,1.592581868171692,11.18832302093506,-1.9111055135726929,-0.3602133691310882,-35.26748275756836
2156523521.0,0.6332710981369019,1.535558581352234,11.363770484924316,-2.7683894634246826,-0.370484709739685,-35.26220703125
2156531854.0,0.8900358080863953,1.8426920175552368,10.628199577331545,-3.267047643661499,-0.4952517449855804,-35.44463348388672
2156540187.0,1.1034328937530518,1.4414771795272827,10.575048446655272,-3.8523082733154297,0.3724185824394226,-35.68015670776367
2156548520.0,1.0363916158676147,0.9569355845451356,10.183843612670898,-5.737415313720703,1.9869624376297,-35.83578872680664
2156556853.0,0.7711259126663208,0.673679530620575,9.452990531921388,-7.049839973449707,4.42969274520874,-35.9693717956543
2156565186.0,0.1702815741300583,-0.4648338556289673,9.293313026428224,-7.228243350982666,7.639749526977539,-35.725318908691406
2156573519.0,-0.0152212651446461,-1.2855398654937744,9.600353240966797,-6.899662971496582,9.82935905456543,-35.42670440673828
2156581852.0,-0.2659058570861816,-1.6833364963531494,9.992980003356934,-6.057389736175537,9.991011619567873,-34.98611831665039
2156590185.0,-0.5813520550727844,-2.1558024883270264,9.96855926513672,-4.813138008117676,8.648757934570312,-34.72050476074219
2156598518.0,-0.3968467712402344,-2.4048783779144287,9.692955017089844,-3.4942848682403564,6.289223670959473,-34.70618438720703
2156606851.0,0.0176620669662952,-2.579423666000366,9.75009059906006,-2.6545209884643555,3.9229776859283447,-34.54578399658203
2156615184.0,-0.3064621388912201,-3.0085766315460205,9.148492813110352,-2.697681427001953,3.076247453689575,-34.479400634765625
2156623517.0,-0.534573495388031,-2.339053153991699,7.93691349029541,-1.926358819007873,4.509826183319092,-34.208343505859375
2156631850.0,-0.8593740463256836,-2.5652756690979004,7.891079425811768,-0.597081184387207,7.273194313049316,-33.607357025146484
2156640183.0,-1.5322903394699097,-2.9557418823242188,8.279772758483887,-0.0048282882198691,9.445079803466797,-33.28610610961914
2156648516.0,-1.758875846862793,-2.677492141723633,8.450762748718262,0.1552736461162567,10.115711212158203,-32.70337677001953
2156656849.0,-1.9474936723709104,-2.848069429397583,9.023855209350586,0.7166869044303894,8.81494140625,-32.01604080200195
2156665182.0,-2.511275291442871,-3.0051910877227783,8.75710678100586,0.7379980087280273,5.87793493270874,-31.74302101135254
2156673515.0,-2.434522867202759,-2.735380172729492,8.481501579284668,1.3388315439224243,3.0224053859710693,-31.43067741394043
2156681848.0,-2.3918349742889404,-2.812683343887329,8.57649040222168,1.719228744506836,0.2743543088436126,-31.10675430297852
2156690181.0,-2.2910611629486084,-2.740553617477417,8.343161582946777,1.4098598957061768,-1.788938045501709,-31.173946380615234
2156698514.0,-2.131166934967041,-2.703204393386841,8.239184379577637,1.0808703899383545,-2.115724802017212,-30.792808532714844
2156706847.0,-2.531904935836792,-2.840498924255371,7.981189727783203,0.8816426396369934,-1.7140161991119385,-30.70049095153809
2156715180.0,-2.3759360313415527,-2.825868844985962,8.323101997375488,1.5660043954849243,-0.1947067677974701,-30.458614349365234
2156723513.0,-2.1428215503692627,-3.3056225776672363,9.196303367614746,1.859492540359497,-0.2952939569950104,-30.11630630493164
2156731846.0,-2.036825180053711,-3.538693428039551,9.394898414611816,2.264300346374512,-1.8711854219436648,-30.03997802734375
2156740179.0,-2.0150961875915527,-3.5483670234680176,9.464106559753418,2.918949604034424,-3.616771697998047,-29.89423561096192
2156748512.0,-2.058378934860229,-3.486069679260254,9.391243934631348,3.436356782913208,-4.735755443572998,-29.895841598510746
2156756845.0,-1.9378365278244016,-3.4363114833831787,9.17724323272705,4.1215643882751465,-5.01251745223999,-29.837778091430664
2156765178.0,-1.641552448272705,-3.149242639541626,9.212803840637209,4.818554401397705,-4.67773962020874,-29.8210506439209
2156773511.0,-1.4616049528121948,-3.151047945022583,9.302109718322754,5.035353183746338,-4.769643783569336,-30.003143310546875
2156781844.0,-1.5301132202148438,-2.6014928817749023,8.997239112854004,5.43757438659668,-4.019094944000244,-30.353036880493164
2156790177.0,-1.589383244514465,-2.900354146957397,9.42842960357666,5.735390663146973,-3.319159507751465,-30.360490798950195
2156798510.0,-1.5027704238891602,-3.1015353202819824,9.641733169555664,5.869814395904541,-2.851827383041382,-30.596065521240234
2156806843.0,-1.3361729383468628,-2.8692164421081543,9.756072998046877,6.64687442779541,-3.1420371532440186,-30.5019588470459
2156815176.0,-1.2984904050827026,-3.229793071746826,10.125051498413086,7.694036483764648,-3.967917442321777,-30.56399726867676
2156823509.0,-1.2215006351470947,-3.024365901947021,9.864686012268066,8.565537452697754,-4.663959503173828,-30.82260131835937
2156831842.0,-0.9596617817878724,-3.2380449771881104,10.215527534484863,9.44139003753662,-4.6941328048706055,-30.89203834533692
2156840175.0,-0.72900390625,-3.0537877082824707,9.814263343811035,10.0343599319458,-4.917822360992432,-31.168596267700195
2156848508.0,-0.552947461605072,-2.6081082820892334,9.665258407592772,11.216381072998049,-4.355794429779053,-31.4923095703125
2156856841.0,-0.369280070066452,-2.6245274543762207,10.03528118133545,11.809608459472656,-3.520590305328369,-31.60578155517578
2156865174.0,-0.6320428848266602,-2.385329246520996,9.655017852783203,11.743780136108398,-2.637846231460572,-31.74691772460937
2156873507.0,-0.7628909945487976,-2.196667194366455,9.719701766967772,12.297124862670898,-1.2819041013717651,-31.742816925048828
2156881840.0,-0.8174294829368591,-2.189267873764038,10.22054386138916,12.668506622314451,-0.6091712713241577,-31.54290008544922
2156890173.0,-0.5316281318664551,-2.214506387710572,10.80522632598877,12.933716773986816,-1.2100049257278442,-31.50050544738769
2156898506.0,-0.2419707626104354,-2.1050939559936523,11.14140796661377,13.030769348144531,-2.5543949604034424,-31.19011306762696
2156906839.0,-0.1844301521778106,-1.923823356628418,10.75851058959961,13.234938621520996,-4.085307598114014,-31.214012145996094
2156915172.0,-0.2193749547004699,-2.0876998901367188,10.526626586914062,13.139398574829102,-3.77422308921814,-30.94198608398437
2156923505.0,-0.1941259652376175,-2.021261692047119,10.387307167053224,13.15202522277832,-2.1345770359039307,-30.61327743530273
2156931838.0,-0.1847668141126632,-1.6034128665924072,10.43359375,13.547203063964844,-0.3171173632144928,-30.50782585144043
2156940171.0,-0.1697588562965393,-1.1105177402496338,10.673751831054688,14.208023071289062,0.898215115070343,-30.20191192626953
2156948504.0,-0.1761746704578399,-0.8805783987045288,10.879201889038086,14.293885231018066,0.6528306603431702,-30.30437088012696
2156956837.0,-0.3807960450649261,-0.6946074962615967,10.83355712890625,13.709647178649902,0.5979904532432556,-29.963722229003903
2156965170.0,-0.6901081800460815,-0.5626388192176819,10.625596046447754,13.066448211669922,0.6622822880744934,-29.95824813842773
2156973503.0,-1.0024986267089844,-0.3429850339889526,10.262689590454102,13.1857328414917,0.8483954668045044,-29.862625122070312
2156981836.0,-0.9749045968055724,0.1774564534425735,10.49081802368164,13.757980346679688,1.3908028602600098,-29.89691925048828
2156990169.0,-0.4234921932220459,0.2797650098800659,11.020381927490234,13.420130729675291,0.7522139549255371,-29.83468246459961
2156998502.0,-0.6324024200439453,0.8484981656074524,10.832088470458984,12.627317428588867,-0.3786683976650238,-29.80212783813477
2157006835.0,-0.6087522506713867,1.188230037689209,10.539653778076172,11.838628768920898,-0.4985687434673309,-29.65240859985352
2157015168.0,-0.5889256000518799,1.4640069007873535,10.188461303710938,10.84466552734375,-0.2903504073619842,-29.89064598083496
2157023501.0,-0.5063012838363647,1.6639646291732788,10.625399589538574,9.82662868499756,0.1674147844314575,-30.101682662963867
2157031834.0,-0.6848269701004028,0.9628358483314514,10.78604507446289,8.29159164428711,0.7166357040405273,-30.023408889770508
2157040167.0,-0.6214445233345032,1.052488923072815,9.97054386138916,7.461303234100342,0.9165034890174866,-30.09368705749512
2157048500.0,-0.7854477167129517,1.0035983324050903,10.499099731445312,7.88476037979126,1.3967196941375732,-29.72028350830078
2157056833.0,-0.8940879106521606,1.2216566801071167,10.976866722106934,7.006727695465088,0.8406342267990112,-29.97980690002441
2157065166.0,-0.6835892796516418,1.28826105594635,10.517596244812012,6.227850437164307,-0.0289056915789842,-30.246482849121094
2157073499.0,-0.5855270624160767,0.9617472290992736,10.388575553894045,5.523125648498535,-0.5508474707603455,-30.230676651000977
2157081832.0,-0.4693707525730133,0.7605292201042175,10.483353614807127,4.554190158843994,-0.9455888867378236,-30.34061622619629
2157090165.0,-0.3148919641971588,0.7796589732170105,10.331053733825684,4.0646491050720215,-0.7556589245796204,-30.31632804870605
2157098498.0,-0.4339616000652313,0.881062924861908,9.826879501342772,4.186753749847412,-0.210177794098854,-30.389360427856445
2157106831.0,-0.4551364779472351,1.1080302000045776,9.863600730895996,4.396533489227295,0.6870512366294861,-30.369457244873047
2157115164.0,-0.53165602684021,0.90910142660141,10.088605880737305,3.511509418487549,0.8118950724601746,-30.439584732055664
2157123497.0,-0.5872547626495361,0.5658660531044006,9.720770835876465,2.223778486251831,0.5539339780807495,-30.571475982666016
2157131830.0,-0.7040477395057678,1.0813332796096802,9.41844367980957,1.6655669212341309,0.3634662926197052,-30.580591201782227
2157140163.0,-0.8297901749610901,0.8224013447761536,10.123744010925291,1.533013105392456,-0.1471922993659973,-30.543420791625977
2157148496.0,-0.8601462244987488,1.0259894132614136,9.73576545715332,0.9033892154693604,-0.7762016654014587,-30.79319190979004
2157156829.0,-0.6579801440238953,0.5158166885375977,9.909395217895508,0.3407976329326629,-0.8087316155433655,-30.47546768188477
2157165162.0,-0.8434975147247314,0.3678986728191376,9.416037559509276,-0.5193674564361572,-1.036596179008484,-30.61432456970215
2157173495.0,-0.5708277225494385,0.6467341184616089,9.308361053466797,-0.4353270828723907,-1.098480224609375,-30.539247512817383
2157181828.0,-0.4639421105384826,0.4853854775428772,9.385941505432127,-0.6851941347122192,-1.699621081352234,-30.61760330200196
2157190161.0,-1.304510474205017,0.5218833684921265,9.022890090942385,-1.3499609231948853,-1.7110964059829712,-31.02886962890625
2157198494.0,-0.9144597053527832,-0.0497341342270374,9.245019912719728,-2.2108047008514404,-0.5280506014823914,-30.905479431152344
2157206827.0,-0.4304911196231842,-0.8621318936347961,9.670244216918944,-2.802135705947876,-1.261156439781189,-30.556337356567383
2157215160.0,-0.3476981222629547,-1.0522342920303345,9.878971099853516,-3.174822807312012,-2.8282620906829834,-30.42495918273925
2157223493.0,-0.6328966021537781,-0.5706215500831604,9.115137100219728,-2.283882141113281,-3.678476095199585,-30.45886993408203
2157231826.0,-0.5938814878463745,-0.8745477795600891,9.558524131774902,-1.5369961261749268,-3.265907287597656,-30.810529708862305
2157240159.0,-0.136496439576149,-1.5290082693099976,9.994292259216309,-2.593379259109497,-2.046591758728028,-30.37326431274414
2157248492.0,-0.1983151733875274,-1.941038489341736,9.608160972595217,-3.301766872406006,-1.838860034942627,-30.24437522888184
2157256825.0,-0.423675388097763,-1.7554048299789429,9.255075454711914,-2.467510938644409,-1.3071595430374146,-30.09268951416016
2157265158.0,-0.7584621906280518,-1.9747190475463867,9.240545272827148,-1.0265297889709473,-0.7637531757354736,-30.221508026123047
2157273491.0,-0.3551160991191864,-2.160935401916504,10.095962524414062,-0.7963345646858215,-0.5405248999595642,-30.22114944458008
2157281824.0,-0.161169558763504,-2.3467137813568115,10.313015937805176,-1.4085662364959717,-1.9047142267227173,-29.803014755249023
2157290157.0,-0.2430546283721923,-2.444641828536988,9.88160228729248,-1.462740421295166,-2.848164319992065,-29.98318862915039
2157298490.0,-0.1590295583009719,-2.422790288925171,9.317841529846191,-0.3496217131614685,-2.552985668182373,-30.012130737304688
2157306823.0,-0.2415492981672287,-2.949578285217285,9.544139862060549,0.4706362783908844,-1.5677587985992432,-29.956268310546875
2157315156.0,-0.3070128858089447,-2.44338059425354,9.795555114746094,0.8528522253036499,0.0148818800225853,-29.97358131408692
2157323489.0,-0.3565468490123749,-2.804694175720215,9.95268440246582,1.3158553838729858,1.0680631399154663,-29.80780601501465
2157331822.0,-0.4035487174987793,-2.359989643096924,9.54790210723877,2.3277978897094727,1.3649580478668213,-29.759933471679688
2157340155.0,-0.367552101612091,-2.99267840385437,10.4014892578125,2.890516996383667,0.9787718653678894,-29.382862091064453
2157348488.0,-0.4421840310096741,-2.683365821838379,9.948006629943848,2.5226454734802246,-0.3941137194633484,-29.665008544921875
2157356821.0,-0.2161132097244262,-2.6248488426208496,9.764110565185549,3.296272754669189,-0.9318593740463256,-29.70893669128418
2157365154.0,-0.2860668897628784,-2.664436817169189,9.578503608703612,3.8408825397491455,-1.1532434225082395,-29.57389640808105
2157373487.0,-0.4428776800632477,-2.630126476287842,9.583867073059082,4.312390327453613,-0.1699121594429016,-29.71264839172364
2157381820.0,-0.5791229009628296,-2.912306547164917,9.51527214050293,4.322123050689697,1.4582195281982422,-29.425537109375
2157390153.0,-0.640864372253418,-2.419830322265625,9.230770111083984,4.912096977233887,2.398108959197998,-29.308713912963867
2157398486.0,-0.399238646030426,-2.1967196464538574,10.12842845916748,6.178030490875244,2.217912673950196,-29.07772827148437
2157406819.0,-0.912132441997528,-2.503212213516236,10.312640190124512,5.905341148376465,1.0591750144958496,-29.080596923828125
2157415152.0,-0.5636504292488098,-2.6078665256500244,9.926998138427734,5.802525520324707,-0.0597964785993099,-29.2522087097168
2157423485.0,-0.5387100577354431,-2.3162100315093994,9.625089645385742,6.25689697265625,-0.5696738362312317,-29.011154174804688
2157431818.0,-0.4930057823657989,-1.8844165802001955,10.123201370239258,6.763110160827637,-0.6264862418174744,-28.983692169189453
2157440151.0,-0.3553314208984375,-1.868613243103028,9.981480598449709,7.020073413848877,-0.4285136759281158,-29.00807762145996
2157448484.0,-0.5841089487075806,-1.4666988849639893,9.634403228759766,7.006830215454102,0.3030422925949096,-28.969736099243164
2157456817.0,-0.4933764934539795,-1.7065277099609375,10.013628005981444,6.843616485595703,1.5529409646987915,-28.760799407958984
2157465150.0,-0.6102467775344849,-2.01688814163208,10.03248691558838,6.31616735458374,1.8610804080963133,-28.59520149230957
2157473483.0,-0.4191678166389465,-1.6526576280593872,9.979416847229004,7.01205587387085,1.3445945978164673,-28.360525131225582
2157481816.0,-0.6589799523353577,-1.7044413089752195,10.525415420532228,7.931966304779053,0.4477371573448181,-28.363420486450195
2157490149.0,-0.6452665328979492,-1.3512436151504517,10.43751335144043,7.784735679626465,-0.4094054400920868,-28.51802635192871
2157498482.0,-0.3174507915973663,-1.5419801473617554,9.824813842773438,7.615758419036865,-0.2859447598457336,-28.36539459228516
2157506815.0,-0.5625997185707092,-1.4071414470672607,9.618680000305176,7.860835552215576,-0.2340246438980102,-28.3797607421875
2157515148.0,-0.3240611255168915,-1.1831846237182615,10.037074089050291,7.8940815925598145,0.3049120903015136,-28.43698501586914
2157523481.0,-0.6369400024414062,-1.1649894714355469,9.827438354492188,8.262389183044434,0.7081828713417053,-28.414365768432617
2157531814.0,-0.4516386389732361,-0.7985610365867615,9.93072509765625,8.554469108581543,1.1119916439056396,-28.471818923950195
2157540147.0,-0.4760933220386505,-0.8667270541191101,10.077469825744627,8.534029006958008,0.8434773087501526,-28.13250541687012
2157548480.0,-0.6448108553886414,-0.8153780698776245,9.821162223815918,8.271201133728027,0.2367781400680542,-28.290264129638672
2157556813.0,-0.3102550208568573,-0.8058080077171326,10.184074401855469,8.217360496520996,-0.0160217154771089,-28.15604591369629
2157565146.0,-0.6440473198890686,-0.6692175269126892,10.1956787109375,7.8540730476379395,-0.5261296033859253,-28.18588829040528
2157573479.0,-0.5174303650856018,-0.3651463687419891,9.952771186828612,8.115646362304688,-0.4241848289966583,-28.17003059387207
2157581812.0,-0.3183775544166565,-0.4452228546142578,9.859716415405272,8.356803894042969,-0.3218559026718139,-28.02587509155273
2157590145.0,-0.1983940601348877,-0.2921041846275329,9.94241428375244,8.184958457946777,-0.56163090467453,-27.900466918945312
2157598478.0,-0.1112662255764007,-0.3412589430809021,10.209691047668455,7.519089698791504,-0.6865516304969788,-27.960044860839844
2157606811.0,-0.5204880237579346,-0.1112203225493431,9.79190158843994,6.859216690063477,-0.2610476911067962,-28.063045501708984
2157615144.0,-0.2057557851076126,-0.2172229140996933,9.820979118347168,7.073299407958984,0.1491261720657348,-27.771833419799805
2157623477.0,-0.4182498157024383,-0.2922466695308685,9.958444595336914,6.930141448974609,0.2180285453796386,-27.66425323486328
2157631810.0,-0.1357087641954422,-0.0338688567280769,10.202325820922852,6.648922443389893,-0.1729090362787246,-27.61028289794922
2157640143.0,-0.3395169973373413,-0.1885976791381836,9.92724895477295,6.362579822540283,-0.3262871205806732,-27.39133071899414
2157648476.0,-0.2330325096845626,-0.0769806578755378,9.76103973388672,6.077826499938965,-0.7369348406791687,-27.34988594055176
2157656809.0,-0.1772880852222442,-0.4716773629188537,10.198568344116213,6.022038459777832,-0.6451333165168762,-27.162975311279297
2157665142.0,-0.097033716738224,-0.6163418889045715,9.896594047546388,5.292314052581787,-1.2486820220947266,-27.237773895263672
2157673475.0,-0.0607474781572818,-0.1578717678785324,9.509535789489746,6.157332897186279,-0.7305311560630798,-26.91876983642578
2157681808.0,-0.2486632168292999,-0.500576913356781,10.16715145111084,6.311991691589356,-0.2977784872055053,-26.73322486877441
2157690141.0,-0.0363807678222656,0.0009302771650254,9.832035064697266,5.863230228424072,-0.2032362818717956,-26.768518447875977
2157698474.0,0.0634345486760139,-0.1461292207241058,9.879469871520996,5.872912406921387,-0.340067595243454,-26.64413833618164
2157706807.0,-0.2143066823482513,-0.1060058027505874,9.926637649536133,5.39200496673584,-0.4862993955612182,-26.329158782958984
2157715140.0,-0.1483947932720184,-0.2514373958110809,9.996748924255373,5.1931867599487305,-0.2728045582771301,-26.35018348693848
2157723473.0,-0.181419625878334,-0.3398856520652771,9.817666053771973,5.115678787231445,-0.2036973387002945,-26.247114181518555
2157731806.0,0.0525858476758003,-0.1525806337594986,10.141639709472656,5.330275058746338,-0.1518028676509857,-25.97322463989257
2157740139.0,-0.0055117788724601,-0.4102776646614074,10.28625202178955,4.965399265289307,-0.6042273044586182,-25.66341590881348
2157748472.0,0.0159675516188144,-0.0704626068472862,9.734515190124512,4.837148189544678,-0.8051198720932007,-25.6975326538086
2157756805.0,0.1363630443811416,-0.1135538667440414,10.020804405212402,4.950798988342285,-0.4850699007511139,-25.461809158325195
2157765138.0,-0.1368090212345123,-0.25972980260849,10.095606803894045,4.418586254119873,-0.0762152075767517,-25.391265869140625
2157773471.0,0.3786101639270782,-0.3731828331947326,10.068608283996582,4.127659797668457,0.1507142484188079,-25.16934394836425
2157781804.0,-0.0413441732525825,-0.5427045226097107,9.729247093200684,4.362464904785156,0.1864204853773117,-24.950952529907227
2157790137.0,-0.0735087394714355,-0.1456878781318664,9.891213417053224,4.857871055603027,0.8090774416923523,-24.885717391967773
2157798470.0,0.0739142224192619,-0.4039795696735382,10.173786163330078,4.849520206451416,0.7625617384910583,-24.55423927307129
2157806803.0,-0.2850324213504791,-0.4957418739795685,9.909862518310549,4.513998508453369,0.2735345363616943,-24.53485107421875
2157815136.0,-0.143055722117424,-0.0620102398097515,9.829340934753418,4.344253540039063,0.8050044775009155,-24.137340545654297
2157823469.0,-0.0184636134654283,-0.4283203482627868,10.368570327758787,4.178555011749268,0.0479754880070686,-23.99218940734864
2157831802.0,0.0780113711953163,-0.5956255793571472,10.044169425964355,3.999383211135864,-0.8548627495765686,-24.04889869689941
2157840135.0,0.1335843205451965,-0.8639432191848755,9.640254020690918,3.994106531143189,-0.6306355595588684,-23.64526557922364
2157848468.0,0.0376735143363475,-0.6243598461151123,9.628616333007812,4.717478752136231,0.0544046647846698,-23.33359336853028
2157856801.0,-0.0028057291638106,-0.6208270788192749,9.872654914855955,4.724368095397949,0.8639941215515137,-23.09932518005371
2157865134.0,0.030078999698162,-0.3277619779109955,9.748173713684082,4.943165302276611,0.9793095588684082,-22.99210357666016
2157873467.0,0.0173819214105606,-0.4441350996494293,10.442476272583008,4.684896945953369,1.220570087432861,-23.034547805786133
2157881800.0,-0.1409254670143127,-0.2918662428855896,10.146936416625977,4.09266996383667,0.9720605611801147,-22.80698776245117
2157890133.0,-0.0361069329082965,-0.1980278939008712,9.778879165649414,4.357905864715576,0.7945539951324463,-22.687294006347656
2157898466.0,-0.2107205986976623,-0.3947539925575256,10.038116455078123,4.498834609985352,0.907743275165558,-22.29598426818848
2157906799.0,0.0687405318021774,-0.0468074604868888,10.021520614624023,3.909067153930664,0.642815113067627,-22.23517608642578
2157915132.0,-0.072124034166336,-0.0953791961073875,10.179755210876465,3.7092244625091553,0.4442278444766998,-21.96181869506836
2157923465.0,-0.4580377340316772,-0.5504729151725769,9.681331634521484,3.1429443359375,0.7144068479537964,-22.04826736450196
2157931798.0,0.1152067705988884,-0.3005330562591553,9.287138938903809,3.747005462646485,1.5396722555160522,-21.848859786987305
2157940131.0,-0.1047290489077568,-0.5863239765167236,10.06774616241455,3.996641635894776,1.17997145652771,-21.429197311401367
2157948464.0,-0.6378206610679626,-0.2790654003620147,9.739912986755373,3.4869441986083984,1.1953656673431396,-21.53687858581543
2157956797.0,-0.4519831836223602,-0.507311224937439,9.6323823928833,3.784607410430908,1.8962993621826167,-21.34372329711914
2157965130.0,-0.048691239207983,-0.7464257478713989,9.932706832885742,3.8202621936798096,0.990374743938446,-21.261703491210938
2157973463.0,0.0009438576526008,-0.5414213538169861,10.21182346343994,4.099945068359375,0.0836817473173141,-21.01762962341309
2157981796.0,-0.4306869506835937,-0.3254292905330658,10.02231502532959,3.8613088130950928,-0.1146749705076217,-20.89236068725586
2157990129.0,-0.5661765336990356,-0.1478414833545684,9.384600639343262,4.27127742767334,0.6557502746582031,-20.78282165527344
2157998462.0,-0.3626457154750824,-0.6265372633934021,9.732004165649414,4.282676696777344,1.8849012851715088,-20.38764953613281
2158006795.0,-0.0465215146541595,-0.8125074505805969,10.127710342407228,3.698824882507324,1.1292295455932615,-20.34246253967285
2158015128.0,-0.1493775844573974,-0.5298105478286743,9.671552658081056,4.116926193237305,0.1275589317083358,-20.062419891357425
2158023461.0,-0.3985218405723572,-0.3980796039104461,9.98514175415039,4.723189353942871,-0.1712440252304077,-19.673185348510746
2158031794.0,-0.3784772455692291,-0.3995345830917358,9.910563468933104,4.50052547454834,-0.0621273480355739,-19.7282829284668
2158040127.0,-0.3477440178394317,-0.5460534691810608,9.494433403015137,4.3571367263793945,0.3816522359848022,-19.55238914489746
2158048460.0,-0.249973326921463,-0.6918516755104065,9.78322410583496,4.437922954559326,0.9212161302566528,-19.13349151611328
2158056793.0,-0.1157081723213195,-0.7072663903236389,10.353378295898438,4.279627799987793,0.6181740760803223,-18.802711486816406
2158065126.0,-0.3275279402732849,0.0137254763394594,9.843725204467772,4.877259254455566,-0.2316423952579498,-18.7336540222168
2158073459.0,-0.3012325465679168,-0.0883551612496376,10.205625534057615,5.410214900970459,-0.5347869992256165,-18.542856216430664
2158081792.0,-0.3111818730831146,-0.4608614444732666,9.96174430847168,4.168513298034668,-0.76039719581604,-18.48806571960449
2158090125.0,-0.1792552173137664,-0.1247835904359817,9.438297271728516,3.933784008026123,-0.5165240168571472,-18.225238800048828
2158098458.0,0.0532232336699962,-0.1510093957185745,9.91000270843506,4.257061004638672,-0.5935716032981873,-17.790868759155273
2158106791.0,-0.0305260829627513,-0.2853619158267975,10.20384407043457,4.239387035369873,-0.8440531492233276,-17.71612548828125
2158115124.0,0.1409314423799514,-0.4685633480548858,9.809473991394045,3.697057247161865,-1.1036536693572998,-17.642282485961914
2158123457.0,-0.2152987718582153,-0.4068856239318847,9.533798217773438,4.148610591888428,-0.4402703642845154,-17.284502029418945
2158131790.0,-0.1335981488227844,-0.8189382553100586,10.034981727600098,4.098688125610352,0.3005318343639374,-17.077308654785156
2158140123.0,-0.1155049130320549,-0.9952767491340636,10.035449981689451,4.282394409179688,0.1552991718053817,-16.871217727661133
2158148456.0,-0.2850220501422882,-0.6013680100440979,10.045801162719728,4.767834663391113,-0.012691855430603,-16.883869171142578
2158156789.0,0.2156715542078018,-0.6645323634147644,10.265765190124512,5.103739738464356,-0.9157987236976624,-16.700855255126953
2158165122.0,0.1011715233325958,-0.5655514597892761,10.031346321105955,5.535032749176025,-1.9804550409317017,-16.9534912109375
2158173455.0,0.5792632102966309,-0.7306757569313049,10.256282806396484,5.265084266662598,-1.7887831926345823,-16.362211227416992
2158181788.0,0.2021227926015854,-0.5498449206352234,9.34688663482666,5.327839374542236,-1.3295199871063232,-16.253196716308594
2158190121.0,0.1722360253334045,0.173364982008934,9.634617805480955,6.127028942108154,0.0467972196638584,-16.133962631225586
2158198454.0,0.28923299908638,-0.0956650301814079,10.292608261108398,6.120318412780762,1.1254642009735107,-16.015087127685547
2158206787.0,-0.0166568588465452,-0.2178806811571121,10.04133415222168,5.529372215270996,1.3068386316299438,-16.330116271972656
2158215120.0,0.1220891401171684,0.1048467904329299,10.053248405456545,5.620455741882324,1.370874047279358,-15.821006774902344
2158223453.0,-0.06971987336874,0.03309066593647,10.279993057250977,5.740484237670898,0.6869226694107056,-15.814064979553224
2158231786.0,0.1100062802433967,0.0525756403803825,10.385577201843262,5.513797760009766,-0.4889630079269409,-15.886219024658203
2158240119.0,-0.1561974734067917,0.3386084735393524,9.857817649841309,5.346691131591797,-1.039028882980347,-15.765144348144531
2158248452.0,0.1642941832542419,0.3753141164779663,9.926883697509766,5.363160133361816,-0.692929208278656,-15.81501293182373
2158256785.0,0.1932062804698944,0.0139959910884499,9.765790939331056,4.757204532623291,-0.2821792960166931,-15.582101821899414
2158265118.0,0.2827886343002319,0.5614973902702332,9.783851623535156,4.817628383636475,0.3237383663654327,-15.43781566619873
2158273451.0,-0.2392128407955169,0.6420391798019409,10.38668727874756,4.616018772125244,1.2418038845062256,-14.988824844360352
2158281784.0,-0.3474642634391784,0.6895836591720581,10.126243591308594,4.044923782348633,1.3436716794967651,-14.92701816558838
2158290117.0,-0.0421804450452327,0.4836698770523071,10.387144088745115,4.1910271644592285,1.2487709522247314,-14.941643714904783
2158298450.0,-0.126147374510765,0.1266814619302749,10.71961784362793,3.522752046585083,-0.0344383455812931,-14.83547306060791
2158306783.0,-0.0051506599411368,0.3656031787395477,9.993144035339355,3.255748987197876,-1.3282393217086792,-14.88267993927002
2158315116.0,-0.0141802299767732,0.2967591285705566,9.782635688781738,3.764293909072876,-1.6028237342834473,-14.63803768157959
2158323449.0,0.4019317924976349,0.1132293343544006,10.090404510498049,3.5629403591156006,-1.0918195247650146,-14.234946250915527
2158331782.0,0.1723027974367141,0.0273409523069858,9.746793746948242,3.354133129119873,-1.130676507949829,-14.107694625854492
2158340115.0,-0.0687223002314567,0.2592625319957733,9.683722496032717,3.468782424926758,0.1896221935749054,-13.943353652954102
2158348448.0,-0.1269734501838684,0.3152627050876617,9.62784194946289,3.76506233215332,1.3693372011184692,-13.99821949005127
2158356781.0,0.1780521869659423,0.4624319672584533,10.395425796508787,3.779995679855346,1.4135217666625977,-13.737747192382812
2158365114.0,0.4796187877655029,0.4566388726234436,10.766490936279297,3.2313899993896484,-0.4481083750724792,-13.436141967773438
2158373447.0,-0.0125056067481637,-0.0584033280611038,10.3597993850708,2.6572980880737305,-1.8519480228424072,-13.299771308898926
2158381780.0,0.0746016576886177,-0.1921992748975753,9.33572483062744,2.5882418155670166,-1.5390442609786987,-13.137375831604004
2158390113.0,0.1955467164516449,-0.3831746876239776,9.700322151184082,3.430079460144043,-0.6409578919410706,-12.860690116882324
2158398446.0,0.2297184765338897,0.4415660500526428,10.078662872314451,3.6240813732147217,-0.2686037123203277,-12.781927108764648
2158406779.0,0.3647954761981964,0.3406432569026947,10.164738655090332,3.78591251373291,-0.2187583893537521,-12.591177940368652
2158415112.0,0.3234131038188934,0.339074432849884,9.58761501312256,3.6007986068725586,-0.1579502075910568,-12.602910995483398
2158423445.0,0.2277257293462753,-0.1450477689504623,9.781317710876465,3.0708651542663574,0.1489467769861221,-12.054892539978027
2158431778.0,0.1111200749874115,-0.0954498648643493,9.524194717407228,2.5940561294555664,0.1723838150501251,-11.91634464263916
2158440111.0,-0.1488386988639831,0.1585176885128021,9.78661823272705,3.399111270904541,0.4258623123168945,-11.84652042388916
2158448444.0,0.0796462073922157,0.0331174954771995,10.23143196105957,3.8364741802215576,-0.1124849095940589,-11.598650932312012
2158456777.0,0.2814430296421051,-0.0392216816544532,10.16713523864746,3.452568769454956,-0.9039392471313475,-11.520580291748049
2158465110.0,0.1791230589151382,0.0545162819325923,9.940985679626465,2.8498146533966064,-1.3185826539993286,-11.348145484924316
2158473443.0,0.1552782952785492,0.1704255640506744,9.422544479370115,2.810317039489746,-1.1022701263427734,-11.046919822692873
2158481776.0,0.5132210850715637,-0.1303957253694534,9.290836334228516,3.2734224796295166,-0.9466381669044496,-11.102707862854004
2158490109.0,0.4801718890666961,0.101666584610939,9.790189743041992,3.437840461730957,-0.7244346737861633,-10.668190002441406
2158498442.0,0.1288038343191146,-0.0530338920652866,9.931766510009766,2.722819328308105,-0.3247245252132416,-10.569241523742676
2158506775.0,0.0466800816357135,0.4666886031627655,9.43130874633789,2.870408296585083,0.829875648021698,-10.523775100708008
2158515108.0,0.3369180858135223,0.2570082545280456,10.219038963317873,3.372037887573242,1.1377846002578735,-10.259873390197754
2158523441.0,0.1800443232059478,-0.1862213611602783,10.66491413116455,2.903015375137329,0.0411108508706092,-10.264202117919922
2158531774.0,0.3451331555843353,-0.2080488801002502,9.875617980957031,2.3619143962860107,-0.8303751349449158,-10.072043418884276
2158540107.0,-0.0085186064243316,0.0470653101801872,9.487642288208008,3.453413963317871,-0.876275897026062,-9.921534538269045
2158548440.0,0.7041012048721313,0.071122221648693,10.278218269348145,3.765190601348877,-0.6632422804832458,-9.61618709564209
2158556773.0,0.380677729845047,-0.0734793022274971,9.812772750854492,3.423393964767456,-1.11653733253479,-9.62113094329834
2158565106.0,0.3670897781848907,-0.1007959246635437,9.484380722045898,3.090152740478516,-0.2088712900876999,-9.442317008972168
2158573439.0,0.0499889776110649,-0.0598542653024196,8.884915351867676,3.2414562702178955,1.3408797979354858,-8.969709396362305
2158581772.0,0.1819968223571777,0.2029516696929931,9.418681144714355,4.136621952056885,2.0034687519073486,-9.022064208984377
2158590105.0,0.405733585357666,-0.1204114779829979,10.82775592803955,3.8527657985687256,0.9501090049743652,-8.74581527709961
2158598438.0,-0.0376166366040706,-0.0775636360049247,10.33061981201172,3.0563418865203857,-0.27849081158638,-8.68877124786377
2158606771.0,-0.0803565457463264,-0.0665855333209037,9.564213752746582,3.3983945846557617,-0.3569472432136535,-8.511855125427246
2158615104.0,-0.0789090543985366,0.3423986434936523,9.601568222045898,4.653672218322754,0.1481271535158157,-8.333887100219727
2158623437.0,0.507280707359314,-0.0496134497225284,10.661407470703123,4.3235297203063965,-0.5987456440925598,-8.295234680175781
2158631770.0,0.3886547684669494,0.2148305475711822,10.080163955688477,3.4573328495025635,-1.1465317010879517,-7.983739852905273
2158640103.0,0.3375350832939148,0.3643950521945953,9.742914199829102,3.548391103744507,-0.6729755401611328,-7.773317813873291
2158648436.0,0.2802717983722687,0.5770477652549744,9.840274810791016,4.081449031829834,0.2611370980739593,-7.7081298828125
2158656769.0,0.1044533923268318,0.2720663845539093,10.079031944274902,3.826587438583374,0.8543372750282288,-7.634438991546631
2158665102.0,0.2512293457984924,0.2767165303230285,9.920308113098145,3.578897714614868,1.343543529510498,-7.310929775238037
2158673435.0,0.2618188858032226,0.3218472301959991,9.94205093383789,3.799129724502564,0.911457061767578,-7.149075031280518
2158681768.0,0.3225790858268738,0.4147027730941772,10.471317291259766,3.7471327781677246,0.0228222869336605,-7.108835220336914
2158690101.0,0.1084213927388191,0.6286779642105103,10.034866333007812,3.613964080810547,-0.6163939237594604,-7.131401538848877
2158698434.0,0.2449566274881363,0.4247862100601196,9.921097755432127,3.604692220687866,-0.4804078638553619,-6.795957088470459
2158706767.0,0.4250784516334533,0.4501022398471832,9.8765230178833,3.408179521560669,-0.2561808228492737,-6.802873134613037
2158715100.0,0.7471789121627808,0.5218295454978943,9.973410606384276,3.3848190307617188,-0.3144019246101379,-6.589479923248291
2158723433.0,0.4009302258491516,0.1719671934843063,9.844717979431152,3.318862199783325,0.0227710548788309,-6.313921928405762
2158731766.0,0.1402799636125564,0.2338156849145889,9.455065727233888,3.5110716819763184,1.0733646154403689,-6.039158344268799
2158740099.0,0.3115975558757782,0.4317097067832947,9.784296989440918,3.961472272872925,1.873630166053772,-5.823409080505371
2158748432.0,0.2161583453416824,0.2715503275394439,10.236438751220703,4.182625770568848,1.3599878549575806,-5.7561469078063965
2158756765.0,0.1076919585466384,0.2383857816457748,10.142013549804688,3.853790044784546,0.6783674359321594,-5.625795841217041
2158765098.0,0.326448380947113,0.3699435889720917,9.908965110778809,3.90471076965332,0.6048800945281982,-5.509122848510742
2158773431.0,0.6469264626502991,0.4851733148097992,10.126197814941406,4.200324535369873,-0.6098364591598511,-5.42894983291626
2158781764.0,0.5008721947669983,0.5595759153366089,9.851675987243652,4.372145175933838,-1.0063960552215576,-5.006724834442139
2158790097.0,0.2664416432380676,0.3118529915809631,9.465139389038086,4.255216121673584,0.1795813888311386,-4.759598731994629
2158798430.0,0.162315085530281,0.6959075331687927,9.289822578430176,4.370300769805908,1.779446721076965,-4.671178817749023
2158806763.0,0.4305422008037567,0.8113598823547363,9.989118576049805,4.370838165283203,2.108691692352295,-4.440546989440918
2158815096.0,0.1781844943761825,0.6108430027961731,10.076459884643556,3.901381015777588,1.9637154340744016,-4.181972503662109
2158823429.0,0.1212202087044715,0.7245685458183289,10.03672981262207,3.77684497833252,1.2821462154388428,-4.026314735412598
2158831762.0,-0.103421151638031,0.7411715388298035,10.113897323608398,3.707020282745361,0.998366117477417,-3.7596704959869385
2158840095.0,0.1058457195758819,0.6559724807739258,10.300886154174805,3.4685258865356445,0.297201931476593,-3.6563937664031982
2158848428.0,0.1546771973371505,0.8775672316551208,9.593995094299316,3.695186138153076,-0.3972895741462707,-3.64350938796997
2158856761.0,0.1540235430002212,0.9658437967300416,9.771007537841797,3.973228693008423,-0.0667634978890419,-3.477503776550293
2158865094.0,0.1554198414087295,0.566056489944458,10.080110549926758,3.047428131103516,0.2790414988994598,-3.1934163570404053
2158873427.0,0.4941624999046325,0.8518142700195312,9.74972915649414,2.857805728912353,0.3994540274143219,-3.080662250518799
2158881760.0,0.3016607761383056,1.0121861696243286,10.00002098083496,3.238075017929077,0.3752741515636444,-2.778798818588257
2158890093.0,0.0228186268359422,0.7342376112937927,9.680052757263184,3.152343988418579,0.5787537097930908,-2.976976156234741
2158898426.0,0.0445444770157337,0.9973422288894652,9.406024932861328,3.289534091949463,1.4691556692123413,-2.578854322433472
2158906759.0,0.3155166506767273,1.02069890499115,10.399516105651855,2.9105708599090576,1.4935660362243652,-2.3632078170776367
2158915092.0,0.3323294222354889,0.9922499060630798,10.180231094360352,2.439755916595459,0.0567611455917358,-2.4172282218933105
2158923425.0,0.3250586092472076,1.3786176443099976,10.06874656677246,2.6451048851013184,-0.6587852239608765,-2.238415002822876
2158931758.0,0.0724567547440528,0.9035968780517578,10.424694061279297,2.1795151233673096,-0.3943695724010467,-2.1191554069519043
2158940091.0,0.1595745086669922,0.642388105392456,9.657238006591797,1.536367654800415,0.1508166193962097,-2.0896220207214355
2158948424.0,0.7634846568107605,0.4632527828216553,9.73054313659668,2.0231404304504395,1.073569416999817,-1.5586646795272827
2158956757.0,0.4407078325748443,0.9965834617614746,9.738327980041504,2.579507112503052,0.5356704592704773,-1.4752391576766968
2158965090.0,0.3066164553165436,1.0007390975952148,10.128233909606934,2.7896721363067627,0.7796717286109924,-1.5874806642532349
2158973423.0,0.2210033237934112,0.8668826222419739,9.89409637451172,2.270369052886963,1.2623207569122314,-1.2864621877670288
2158981756.0,0.4385682344436645,0.7258588075637817,10.264922142028809,1.8145126104354856,1.5509674549102783,-1.1653836965560913
2158990089.0,0.1198057532310485,0.654583215713501,9.86619758605957,1.5273255109786987,1.2212355136871338,-1.0770913362503052
2158998422.0,0.1609776467084884,0.60489821434021,9.430994033813477,2.6739468574523926,1.425176024436951,-0.7385992407798767
2159006755.0,0.2455220818519592,0.3636329472064972,10.2015380859375,2.961313009262085,1.1783572435379028,-0.5466206073760986
2159015088.0,0.2362955659627914,0.6797736883163452,10.186907768249512,2.5952343940734863,0.4317279160022735,-0.5908820033073425
2159023421.0,0.3495627641677856,0.8125380873680115,9.904497146606444,2.5585033893585205,0.3407973945140838,-0.5981563925743103
2159031754.0,0.0637378469109535,1.119946002960205,9.987909317016602,2.840311288833618,0.7269063591957092,-0.4586613476276397
2159040087.0,0.5268780589103699,0.8716400861740112,10.14093017578125,2.405279397964477,1.4078096151351929,-0.2746742665767669
2159048420.0,0.5777401924133301,0.7396349906921387,9.728857040405272,2.3339178562164307,1.3442606925964355,0.0011782548390328
2159056753.0,0.5670492649078369,0.6866244077682495,9.923494338989258,2.277617931365967,0.8724977374076843,0.0617046952247619
2159065086.0,-0.1607086807489395,0.566447913646698,9.535805702209473,2.2506203651428223,1.4842424392700195,-0.0680698305368423
2159073419.0,-0.0226581003516912,0.7944414615631104,9.724748611450195,2.469570636749268,2.9163854122161865,0.0954130142927169
2159081752.0,0.1877472400665283,1.093206763267517,10.192036628723145,2.637164354324341,3.049988985061645,0.530060887336731
2159090085.0,0.0899663791060447,0.8632940649986267,10.68292236328125,2.079235553741455,1.3063771724700928,0.1216163858771324
2159098418.0,-0.1636835932731628,0.7809476852416992,9.58726406097412,1.6870046854019165,0.4219432771205902,0.2005082219839096
2159106751.0,0.2424152046442031,0.0696791559457779,9.675440788269045,1.801859259605408,0.4030912220478058,0.5690714120864868
2159115084.0,0.4869016110897064,0.144798144698143,9.967720985412598,1.6570615768432615,-0.2883778214454651,0.768734335899353
2159123417.0,0.2403122931718826,0.5759560465812683,9.430965423583984,2.2493395805358887,-0.2383276671171188,0.8957042694091797
2159131750.0,0.1873795092105865,0.7373611330986023,9.31335735321045,3.079086780548096,0.891400933265686,0.8222681283950806
2159140083.0,-0.1205414533615112,0.3968661725521087,10.03909683227539,2.9432291984558105,2.5578885078430176,0.998929500579834
2159148416.0,0.1929230988025665,0.2105036675930023,10.159113883972168,1.5110094547271729,2.997122049331665,1.2711833715438845
2159156749.0,0.1741792112588882,0.706494927406311,9.65683937072754,2.346212863922119,1.8460437059402464,1.1017963886260986
2159165082.0,0.147364005446434,0.6220423579216003,10.072295188903809,3.569138765335083,0.6499868035316467,1.16831636428833
2159173415.0,-0.284521073102951,0.3373838663101196,10.159272193908691,3.559046745300293,0.3800640106201172,1.128178954124451
2159181748.0,0.1211527585983276,0.5076810121536255,9.7312593460083,2.6672616004943848,0.740046501159668,1.0449070930480957
2159190081.0,0.189370572566986,0.6662450432777405,9.339556694030762,2.933906078338623,0.9979819059371948,1.1339935064315796
2159198414.0,0.1072586253285408,0.9207900762557985,9.925830841064451,3.780148506164551,1.2504099607467651,1.062222242355347
2159206747.0,0.0436168052256107,0.3666703402996063,10.59266185760498,3.0982463359832764,1.8117202520370483,1.2898558378219604
2159215080.0,-0.2301708757877349,0.2969395220279693,9.475011825561523,2.757321119308472,2.4733872413635254,1.325664758682251
2159223413.0,-0.1347441971302032,0.5836554765701294,9.61350440979004,3.7816858291625977,2.940770387649536,1.5596507787704468
2159231746.0,-0.1733270138502121,0.3438547551631927,10.419390678405762,3.916621446609497,2.483299970626831,1.6353920698165894
2159240079.0,-0.1041814684867858,0.4271082580089569,9.846963882446287,3.5700862407684326,1.5219720602035522,1.4814246892929075
2159248412.0,-0.3051526248455047,0.5309678316116333,9.731867790222168,3.6536147594451904,1.2410353422164917,1.6373388767242432
2159256745.0,-0.2665074467658996,0.7636440992355347,10.181251525878906,3.4985713958740234,1.491312026977539,1.6307815313339231
2159265078.0,-0.5498641133308411,0.688237190246582,9.647899627685549,3.6493115425109854,1.835183024406433,1.5295286178588867
2159273411.0,-0.2092144340276718,0.8744195103645325,9.716676712036133,3.7478489875793457,2.615341663360596,1.949781060218811
2159281744.0,0.0877211913466453,0.6390498876571655,10.43349266052246,3.587043285369873,2.181205987930298,2.0095136165618896
2159290077.0,-0.1832872033119201,0.8786011338233948,10.156937599182127,3.111616611480713,1.1539978981018066,1.8699668645858765
2159298410.0,-0.3467418253421783,0.9469153881072998,9.896377563476562,2.914746284484864,1.523304104804993,2.074625015258789
2159306743.0,-0.7985650300979614,0.8309680223464966,9.191082000732422,3.0603880882263184,2.01886248588562,1.7741953134536743
2159315076.0,-0.235476866364479,0.6656033992767334,9.90063762664795,3.059415578842163,3.0368237495422363,2.015276908874512
2159323409.0,-0.1217915490269661,0.4824178218841553,10.141399383544922,2.744795799255371,2.3770523071289062,2.1965231895446777
2159331742.0,-0.158131942152977,1.0519917011260986,10.041874885559082,2.779477596282959,1.2246423959732056,1.9913276433944704
2159340075.0,-0.5081732273101807,1.2849509716033936,9.75404167175293,3.102703094482422,0.748396635055542,1.9655848741531368
2159348408.0,-0.5089585781097412,1.0981653928756714,9.519976615905762,3.0376944541931152,1.2912904024124146,1.630448341369629
2159356741.0,0.0589485988020896,0.7750391960144043,10.054525375366213,2.4482340812683105,2.2462403774261475,2.092810869216919
2159365074.0,-0.4700165688991546,0.5931819081306458,10.03332805633545,1.6839312314987185,2.07226824760437,2.324261426925659
2159373407.0,-0.7243930101394653,1.2416868209838867,9.306882858276367,2.2309229373931885,2.494544506072998,2.0808746814727783
2159381740.0,-0.543117105960846,0.8407002091407776,10.04051399230957,3.4422974586486816,2.4903697967529297,2.0608701705932617
2159390073.0,-0.290007084608078,0.6255784034729004,10.276206016540527,2.645643472671509,1.2647286653518677,1.7427414655685425
2159398406.0,-0.2667718827724457,0.4127871692180633,9.783247947692873,1.8822364807128904,0.7143041491508484,2.1859188079833984
2159406739.0,-0.6537405252456665,0.5852364897727966,9.302098274230955,2.0656087398529053,0.93684059381485,2.141836881637573
2159415072.0,-0.7314531803131104,1.0648833513259888,9.192508697509766,3.211359024047852,1.4238697290420532,2.046833276748657
2159423405.0,-0.4522824883460998,0.5674272775650024,10.09931468963623,3.609609365463257,1.8617452383041384,2.076085090637207
2159431738.0,-0.670540988445282,0.3638437390327453,10.179834365844728,2.596437931060791,1.31828773021698,2.173572540283203
2159440071.0,-0.4782410264015198,0.9820051193237304,9.859597206115724,2.581274509429932,1.1450587511062622,2.321264266967773
2159448404.0,-0.235276997089386,1.1436262130737305,10.036290168762209,3.477004051208496,0.1576556265354156,2.1769793033599854
2159456737.0,-0.1178611889481544,1.1099413633346558,10.35459804534912,3.4454734325408936,-0.9055784940719604,2.2173218727111816
2159465070.0,-0.4897288382053375,1.0095455646514893,10.071548461914062,2.403280973434448,-0.3627616167068481,2.331535577774048
2159473403.0,-0.3337105214595794,0.8686959147453308,9.669811248779297,1.7629766464233398,0.7445290684700012,2.136995553970337
2159481736.0,-0.0115863727405667,1.1326740980148315,9.558300971984863,2.188607692718506,1.982234001159668,2.3596084117889404
2159490069.0,-0.0800080299377441,1.3279953002929688,10.275917053222656,2.8304245471954346,1.817022681236267,2.497439384460449
2159498402.0,-0.900216281414032,1.0713121891021729,10.45311164855957,1.9819271564483645,1.6852118968963623,2.4694175720214844
2159506735.0,-1.105400562286377,1.125592589378357,9.659139633178713,1.0021313428878784,2.68070912361145,2.5815818309783936
2159515068.0,-0.7922210693359375,1.0057915449142456,9.580013275146484,1.3672364950180054,2.45986270904541,2.62271785736084
2159523401.0,-0.3419783115386963,0.9222975969314576,10.532849311828612,1.4394431114196775,0.5839533805847168,2.7351393699646
2159531734.0,-0.6363879442214966,1.0006197690963743,10.244123458862305,0.9417330622673036,-1.4993164539337158,2.578969240188598
2159540067.0,-0.5730452537536621,0.6494404673576355,9.886417388916016,0.6502941846847534,-1.7579689025878906,2.724329948425293
2159548400.0,-0.4229746162891388,0.7455263733863831,9.513495445251465,0.6879727840423584,-0.8295298218727112,2.6718978881835938
2159556733.0,-0.5791701674461365,0.6370427012443542,9.449962615966797,1.2860907316207886,0.5892554521560669,2.696743488311768
2159565066.0,-0.780687689781189,0.3369290828704834,9.531107902526855,1.5129302740097046,2.272366523742676,2.6915690898895264
2159573399.0,-0.6371386051177979,0.3728389739990234,10.041546821594238,1.82160758972168,2.982163190841675,2.743591785430908
2159581732.0,-0.6065784096717834,0.4492405354976654,10.391393661499023,1.8512941598892207,1.942096471786499,2.6736648082733154
2159590065.0,-0.6358441710472107,0.7065572142601013,9.963266372680664,2.1175801753997803,0.0152660831809043,2.4935457706451416
2159598398.0,-0.4928733706474304,0.8212329745292664,10.011329650878906,2.3802285194396973,-0.8055292963981628,2.611806631088257
2159606731.0,-0.6480385661125183,0.6598638296127319,9.996373176574709,1.775156021118164,-0.8135849237442017,2.724701166152954
2159615064.0,-0.103421114385128,0.8312413692474365,9.539263725280762,1.584675908088684,-0.5186498761177063,2.575050115585327
2159623397.0,-0.2087313830852508,1.1355985403060913,9.513875007629396,2.2081520557403564,0.1160837113857269,2.6789162158966064
2159631730.0,-0.6222428679466248,0.8462862372398376,9.927681922912598,1.9922752380371087,1.3861398696899414,2.7273268699646
2159640063.0,-0.7276138067245483,0.3535322844982147,9.547310829162598,1.3748183250427246,2.874583005905152,2.68047833442688
2159648396.0,-0.6896207928657532,0.2145521193742752,10.017560958862305,1.704525113105774,3.343989849090576,2.989796161651612
2159656729.0,-1.0434895753860474,0.4456142485141754,10.013872146606444,1.932337999343872,2.3398091793060303,2.9059605598449707
2159665062.0,-1.2799469232559204,0.646319568157196,9.630478858947754,2.725482702255249,1.4795037508010864,2.6946942806243896
2159673395.0,-1.0138270854949951,0.5549924969673157,9.775053977966309,2.8624162673950195,1.0610439777374268,2.6508684158325195
2159681728.0,-0.5775487422943115,0.157259851694107,10.309737205505373,2.1044397354125977,-0.2292602062225341,2.7076292037963867
2159690061.0,-0.5861726403236389,0.2128942906856537,9.804402351379396,1.3512533903121948,-0.6657780408859253,3.04053807258606
2159698394.0,-0.7737094163894653,0.4070878326892853,9.029151916503906,2.2104063034057617,0.3806787729263305,2.8287596702575684
2159706727.0,-0.9142897129058838,0.5083580613136292,9.215902328491213,3.3842294216156006,1.9044442176818848,2.6329641342163086
2159715060.0,-0.8458037972450256,0.5448599457740784,10.022055625915527,3.422574281692505,3.365736246109009,2.523207187652588
2159723393.0,-1.0996023416519165,0.0256511382758617,9.984760284423828,2.3820979595184326,3.747183084487915,2.8237898349761963
2159731726.0,-1.5583465099334717,0.5401797890663147,9.598883628845217,2.664392709732056,4.032628536224365,3.039461851119995
2159740059.0,-1.3199105262756348,0.7391570806503296,10.268000602722168,3.4810004234313965,3.0728631019592285,2.8621859550476074
2159748392.0,-0.7276964783668518,0.7254834771156311,10.407398223876951,3.416503667831421,0.5616690516471863,2.605121612548828
2159756725.0,-0.554202675819397,0.3033204078674316,10.171479225158691,2.7483816146850586,-1.30849027633667,2.692004442214966
2159765058.0,-0.6727405786514282,0.1835838407278061,9.242966651916504,1.999703288078308,-1.585815668106079,2.6783268451690674
2159773391.0,-0.8514399528503418,0.1745578348636627,8.452400207519531,2.595541477203369,0.3132108449935913,2.6370365619659424
2159781724.0,-0.7651471495628357,0.5460501313209534,8.917606353759766,3.634198904037476,3.0524487495422363,2.8880820274353027
2159790057.0,-0.8857273459434509,0.7387875914573669,9.955191612243652,3.999406576156616,4.142974376678467,2.7758400440216064
2159798390.0,-1.1082968711853027,0.7540126442909241,10.312874794006348,3.3916831016540527,3.922768831253052,2.8095486164093018
2159806723.0,-1.382927656173706,0.6670140624046326,10.340243339538574,2.32876968383789,3.1836960315704346,2.744949579238892
2159815056.0,-1.121559739112854,1.0539897680282593,9.90395164489746,2.658911228179932,1.2706708908081057,2.6933624744415283
2159823389.0,-0.5021461248397827,0.7751416563987732,10.3279390335083,3.1622567176818848,-1.1510140895843506,2.709448337554932
2159831722.0,-0.7620785236358643,0.5096926689147949,9.820378303527832,2.686216115951538,-3.073720932006836,2.621232509613037
2159840055.0,-0.8890209197998047,0.1428181231021881,9.475727081298828,1.9281880855560305,-1.423318862915039,2.9605185985565186
2159848388.0,-0.9762802720069884,0.3753172755241394,8.726910591125488,2.019502878189087,1.0684720277786257,3.058595657348633
2159856721.0,-1.04633891582489,1.4650567770004272,9.307589530944824,3.631202220916748,2.6548643112182617,2.6151111125946045
2159865054.0,-0.9784687161445618,1.2854589223861694,10.894216537475586,3.709018230438232,2.893127918243408,2.777146577835083
2159873387.0,-1.2078993320465088,0.7079993486404419,10.63535976409912,2.132974147796631,1.8578259944915767,2.62361478805542
2159881720.0,-1.1394606828689575,0.7364864945411682,9.94476318359375,1.8530362844467163,0.7578484416007996,2.8687686920166016
2159890053.0,-1.1959357261657717,0.4771964251995086,10.097646713256836,1.9234240055084229,-0.8566808700561523,2.9496841430664062
2159898386.0,-0.9972925186157228,1.336530089378357,9.944746971130373,2.8193843364715576,-2.246611833572388,2.318933248519897
2159906719.0,-0.3348114490509033,1.3426285982131958,9.822744369506836,3.119737148284912,-2.6763930320739746,2.612575054168701
2159915052.0,0.0010207464220002,0.7806529402732849,10.272382736206056,2.335788011550904,-2.909021615982056,2.586961269378662
2159923385.0,-0.425426721572876,0.6573302745819092,9.59600067138672,0.7721666693687439,-1.3529821634292605,2.764416217803955
2159931718.0,-1.315152883529663,0.2248803675174713,8.852965354919434,0.6682752966880798,1.9407647848129272,3.120812177658081
2159940051.0,-1.4439983367919922,0.4781859815120697,9.02988338470459,2.1423490047454834,4.597986221313477,2.9501707553863525
2159948384.0,-1.0503170490264893,0.7932134866714478,10.49266529083252,3.714884042739868,3.887601137161255,2.8942553997039795
2159956717.0,-0.96529221534729,0.6204581260681152,11.375446319580078,3.3635075092315674,0.1557601690292358,2.6529433727264404
2159965050.0,-0.6455839276313782,0.6872991323471069,10.768143653869627,2.021859645843506,-3.064807176589966,2.733807325363159
2159973383.0,-0.4825576245784759,0.767015814781189,9.832273483276367,1.6896172761917114,-4.590160846710205,3.012003421783448
2159981716.0,-0.6399288177490234,0.5482739806175232,9.30146598815918,2.047857999801636,-4.257406234741211,2.82514762878418
2159990049.0,-0.5761776566505432,0.5851824879646301,8.867454528808594,2.7380850315093994,-1.962319612503052,2.531659841537476
2159998382.0,-0.4457334876060486,0.4511629343032837,9.595599174499512,3.049323797225952,1.171518325805664,2.9964044094085693
2160006715.0,-0.4206867516040802,0.9366574883461,10.09762191772461,2.650996685028076,2.511603832244873,3.0636417865753174
2160015048.0,-0.4950457215309143,1.266083002090454,10.126187324523926,3.2857940196990967,1.844481110572815,2.9311649799346924
2160023381.0,-0.8959113955497742,0.9323376417160034,10.937582015991213,2.9204585552215576,0.724754810333252,2.976886749267578
2160031714.0,-1.0531189441680908,0.2822808623313904,10.332655906677246,1.3069151639938354,-0.1094112172722816,2.988489866256714
2160040047.0,-0.4069898128509521,0.4695363640785217,9.383177757263184,2.0335137844085693,-1.145532488822937,2.903680324554444
2160048380.0,-0.1121493875980377,0.6907246708869934,10.076952934265137,3.331591844558716,-2.720987319946289,2.918665170669556
2160056713.0,-0.1308591067790985,0.663949728012085,9.88559627532959,3.071863889694214,-3.012503147125244,2.5882163047790527
2160065046.0,-0.6341208219528198,0.8269182443618774,8.960535049438477,2.7374186515808105,-0.8829609751701355,2.73145055770874
2160073379.0,-0.423440933227539,1.002064824104309,9.674774169921877,2.4913175106048584,2.112098455429077,2.7796313762664795
2160081712.0,-0.6070008277893066,0.7994718551635742,9.992464065551758,2.1859700679779053,3.20841383934021,2.7736635208129883
2160090045.0,-0.5313198566436768,0.8308517336845398,10.482306480407717,2.3252604007720947,3.07235074043274,2.704274177551269
2160098378.0,-0.7955642342567444,0.8318673372268677,10.507307052612305,2.325746774673462,1.64489483833313,2.9037833213806152
2160106711.0,-0.512843906879425,0.8939882516860962,10.697988510131836,2.101238250732422,-0.204414427280426,2.682194709777832
2160115044.0,-0.367801159620285,1.5417953729629517,9.998373985290527,2.070885181427002,-1.6073827743530271,2.601279020309448
2160123377.0,-0.4281174540519714,0.7443789839744568,10.208048820495604,1.7053446769714355,-1.676310896873474,2.448541641235352
2160131710.0,-0.3731720745563507,0.3742634356021881,9.590302467346191,0.6232967972755432,-0.0375120490789413,2.384992837905884
2160140043.0,-0.4635088741779327,0.6666351556777954,9.250899314880373,0.8830764293670654,2.0450150966644287,2.439038753509521
2160148376.0,-0.6641190052032471,0.8347272872924805,9.857579231262209,1.869224548339844,3.655689239501953,2.486246109008789
2160156709.0,-0.6992484927177429,0.8111250996589661,10.041526794433594,2.2430641651153564,3.642241954803467,2.234227418899536
2160165042.0,-0.8115703463554382,0.708587646484375,10.254700660705566,2.019221544265747,2.778837203979492,2.078108549118042
2160173375.0,-0.9910961389541626,0.0839198008179664,10.17580795288086,0.9610204100608826,1.6105204820632937,2.382431030273437
2160181708.0,-0.8758808374404907,0.2377527356147766,9.800329208374023,0.5516537427902222,0.5590819120407104,2.220754146575928
2160190041.0,-0.6435813903808594,0.9195626974105836,9.539423942565918,1.799707531929016,-0.1846145987510681,1.991404414176941
2160198374.0,-0.2401242554187774,0.7287898659706116,9.983057022094728,2.863415479660034,-0.9431289434432985,1.80762243270874
2160206707.0,-0.1179082542657852,0.3846205174922943,10.145224571228027,1.841612458229065,-0.5326096415519714,1.7374649047851562
2160215040.0,-0.4619817733764648,0.6899821162223816,9.176462173461914,0.7108206152915955,1.2285610437393188,2.0306966304779053
2160223373.0,-1.0307797193527222,0.5173813700675964,8.866150856018066,1.210887432098389,3.615065574645996,1.833953857421875
2160231706.0,-1.4024823904037476,0.7337303757667542,9.411486625671388,2.1986749172210693,5.445766448974609,1.7896666526794434
2160240039.0,-0.9280620217323304,0.5749860405921936,10.74323844909668,2.358379602432251,4.707845211029053,1.922783613204956
2160248372.0,-0.7187548279762268,0.4062598049640655,10.889086723327637,1.625095248222351,1.5363163948059082,1.8200452327728271
2160256705.0,-0.7221994996070862,0.4681029617786407,10.006319999694824,1.095264554023743,-1.48218035697937,1.702859878540039
2160265038.0,-0.7982739210128784,0.6105431318283081,9.21938419342041,1.5574480295181274,-2.347864866256714,1.6910005807876587
2160273371.0,-0.7104129791259766,-0.5087637305259705,9.236132621765137,1.3700799942016602,-1.449599266052246,1.5686414241790771
2160281704.0,-0.5608276724815369,-0.2378482967615127,8.871675491333008,1.4382648468017578,0.6736288070678711,1.7055237293243408
2160290037.0,-0.5407942533493042,-0.0795305967330932,9.643479347229004,2.5738718509674072,2.5570945739746094,1.983976125717163
2160298370.0,-0.924148678779602,0.2411612570285797,9.859777450561523,3.5159122943878174,3.2202467918396,1.8058034181594849
2160306703.0,-1.0713655948638916,0.925929605960846,9.718420028686523,4.0365986824035645,3.371909141540528,1.5962278842926023
2160315036.0,-0.8328498005867004,0.5828997492790222,10.288053512573242,3.514017105102539,2.1440141201019287,1.6849298477172852
2160323369.0,-0.9269019961357116,0.1520236432552337,10.288348197937012,1.8587737083435056,0.2084998488426208,1.779215931892395
2160331702.0,-0.8090959191322327,-0.1048093438148498,9.485977172851562,1.1523844003677368,-0.8964852690696716,1.8503977060317995
2160340035.0,-0.3175158202648163,0.0563338510692119,9.436182975769045,2.4346842765808105,-1.4931179285049438,1.954699158668518
2160348368.0,-0.1483598798513412,0.7761972546577454,9.817941665649414,3.649336814880371,-2.088648796081543,1.6859033107757568
2160356701.0,-0.6768034100532532,0.8714020848274231,9.818475723266602,3.527515411376953,-0.5007711052894592,1.6456122398376465
2160365034.0,-0.8450368642807007,0.3142167329788208,9.016963958740234,2.1803863048553467,2.0557985305786133,1.695278286933899
2160373367.0,-1.2188864946365356,0.3498618006706238,8.934844017028809,1.6430764198303225,4.215437412261963,1.784902572631836
2160381700.0,-0.937876284122467,0.3631827533245086,10.207196235656738,1.635238528251648,4.727747917175293,1.847452402114868
2160390033.0,-0.6181268095970154,0.1547131538391113,10.38801097869873,2.3806636333465576,1.4973057508468628,1.686902403831482
2160398366.0,-0.3852970898151397,0.4639338552951813,10.491236686706545,3.232362985610962,-2.322404384613037,1.6473796367645264
2160406699.0,-0.9969830513000488,0.400176078081131,10.146902084350586,2.209560871124268,-3.440927028656006,2.0383553504943848
2160415032.0,-1.0004315376281738,0.3821502923965454,9.110941886901855,1.0708030462265017,-2.304551124572754,1.3225398063659668
2160423365.0,-0.3313314914703369,0.820361852645874,8.751580238342285,2.0467565059661865,0.0527653247117996,1.0539488792419434
2160431698.0,0.1984994262456894,-0.2389602810144424,10.3367280960083,2.210713148117065,1.3155726194381714,1.6110328435897827
2160440031.0,-0.7248095273971558,-0.2254238724708557,10.297788619995115,1.7780888080596924,1.5248154401779177,1.458525776863098
2160448364.0,-0.90331768989563,0.5609432458877563,9.790948867797852,2.527971267700196,2.9264261722564697,1.5910024642944336
2160456697.0,-1.0323790311813354,0.6698361039161682,9.694066047668455,4.071741104125977,3.022479295730591,1.3817341327667236
2160465030.0,-0.5303545594215393,0.3161070346832275,10.432710647583008,4.035574436187744,1.0708030462265017,0.7053136229515076
2160473363.0,-0.1559359431266784,-0.3538802862167358,10.296689987182615,2.33038330078125,-0.8525314927101135,0.808077871799469
2160481696.0,-0.3582799434661865,-0.1091644689440727,9.676506042480469,1.920401811599732,-1.8802770376205444,0.7671463489532471
2160490029.0,-0.6344670653343201,0.6444218158721924,9.207831382751465,3.2639195919036865,-1.0455090999603271,0.6424306035041809
2160498362.0,-0.8237842917442322,1.032932996749878,9.434892654418944,4.704182624816895,1.2998968362808228,0.5734259486198425
2160506695.0,-0.5018197894096375,0.7772959470748901,10.41042423248291,4.4377946853637695,3.1563398838043213,0.2645694315433502
2160515028.0,-0.35179203748703,0.5040974617004395,10.564373016357422,2.61838960647583,3.1565957069396973,0.3178982734680176
2160523361.0,-0.7083444595336914,0.3442620933055877,10.071084976196287,1.806905031204224,2.5126287937164307,0.122461661696434
2160531694.0,-0.771774172782898,0.5698810815811157,10.230354309082031,2.7805275917053223,2.033949375152588,0.4775005578994751
2160540027.0,-0.6908237338066101,0.8293479681015015,10.099883079528809,3.661426305770874,0.6767792701721191,0.384239137172699
2160548360.0,-0.6740990877151489,0.5121676325798035,10.151558876037598,3.8909811973571777,-0.1904546320438385,-0.0031377435661852
2160556693.0,-0.3267685174942016,-0.584956169128418,10.16859531402588,2.1754937171936035,-0.1520589143037796,0.1761491000652313
2160565026.0,-0.5197002291679382,0.0296067483723163,9.13870334625244,1.9132038354873653,0.6928393840789795,0.0773549824953079
2160573359.0,-0.4192453026771545,0.3715666234493255,9.790709495544434,3.6642446517944336,2.306741237640381,0.265850156545639
2160581692.0,-0.6001101732254028,0.3141112625598907,10.193926811218262,4.4614105224609375,2.621002197265625,0.1526864469051361
2160590025.0,-0.94022935628891,0.5646422505378723,10.02383041381836,4.547756195068359,2.9600067138671875,-0.1696302741765976
2160598358.0,-0.9727752804756165,0.4393973350524902,10.201560020446776,3.736067056655884,3.5777454376220703,0.4108267426490783
2160606691.0,-0.7331175208091736,0.2086740285158157,10.048135757446287,2.9273738861083984,2.530481100082397,0.3844952285289764
2160615024.0,-0.6080710291862488,0.847168505191803,9.664712905883787,3.883988857269287,0.5710437297821045,0.3249165415763855
2160623357.0,-0.7940593957901001,0.7625274062156677,10.733394622802734,4.004452228546143,-0.4200605750083923,0.2900811433792114
2160631690.0,-0.6706448793411255,1.048253297805786,10.045188903808594,3.005727767944336,-0.558915376663208,0.0789430662989616
2160640023.0,-0.4678332805633545,1.170806884765625,9.54724407196045,2.926861524581909,0.8674004077911377,0.217285543680191
2160648356.0,-0.6950445771217346,0.8662330508232117,9.855368614196776,2.477613687515259,2.252720594406128,0.3482511639595032
2160656689.0,-0.9477893114089966,0.6035204529762268,9.516016960144045,2.204258441925049,3.1678147315979004,0.3233796954154968
2160665022.0,-1.0899840593338013,0.3394362032413482,10.231122016906738,2.0045957565307617,4.113773822784424,0.5612847805023193
2160673355.0,-0.7658267617225647,0.7949762344360352,10.506950378417969,2.084153175354004,2.517366886138916,0.4401037096977234
2160681688.0,-0.604303240776062,0.9658926129341124,9.82055950164795,2.770230770111084,-0.3427312672138214,0.1366263329982757
2160690021.0,-0.6354013681411743,0.5509498715400696,10.039024353027344,2.5911619663238525,-1.3303136825561523,0.396662026643753
2160698354.0,-0.7374650835990906,-0.2846617996692657,9.470842361450195,0.6874860525131226,-1.3517783880233765,0.3121350705623626
2160706687.0,-1.0280280113220217,0.2827876508235931,8.687664031982422,0.9163490533828736,0.7969100475311279,0.3314993977546692
2160715020.0,-0.780987560749054,0.5443276762962341,9.433667182922363,3.001962661743164,2.8492252826690674,0.7703993320465088
2160723353.0,-0.674545407295227,0.3900436162948608,10.602653503417969,3.6605305671691895,2.3429601192474365,0.5541384220123291
2160731686.0,-0.996712565422058,0.4882558286190033,10.650882720947266,2.9557292461395264,1.6149775981903076,0.4807536005973816
2160740019.0,-0.9938578009605408,0.5484955310821533,10.021957397460938,2.232665061950684,0.8711658120155334,0.5516793727874756
2160748352.0,-0.8195163011550903,0.5745418071746826,9.79441738128662,2.3949568271636963,-0.2287735641002655,0.1354993134737014
2160756685.0,-0.8380293250083923,0.7489275932312012,9.83437156677246,2.701200485229492,-0.4772059917449951,0.2033770531415939
2160765018.0,-0.0698967427015304,0.3719426691532135,10.212565422058104,2.456737995147705,-1.3377418518066406,0.3970462381839752
2160773351.0,-0.5519437789916992,0.5589233040809631,9.562616348266602,2.1134819984436035,-0.9748906493186952,0.2975349724292755
2160781684.0,-0.8217236995697021,0.91289484500885,9.301186561584473,2.2300264835357666,0.7379972338676453,0.3371857404708862
2160790017.0,-0.5817521810531616,0.5503488183021545,9.533034324645996,2.2275164127349854,2.1784908771514893,0.4019897878170013
2160798350.0,-0.6345061659812927,0.1145705506205558,9.940673828125,2.134382963180542,2.226261138916016,0.3922820091247558
2160806683.0,-0.7965421080589294,0.1621054708957672,10.393491744995115,1.7344168424606323,1.669433355331421,0.3611350953578949
2160815016.0,-0.7574715614318848,0.2457682788372039,9.7658109664917,2.0539283752441406,0.3826510310173034,0.3140817582607269
2160823349.0,-0.7994979619979858,0.7484381198883057,9.574631690979004,2.803555011749268,-0.3472650051116943,0.4088543951511383
2160831682.0,-0.7877248525619507,0.932857096195221,9.974162101745604,2.5738208293914795,-0.6990253329277039,0.2353180050849914
2160840015.0,-0.6354246735572815,0.5445531606674194,9.675052642822266,1.7208412885665894,-0.7405204176902771,-0.0994216650724411
2160848348.0,-0.3934564292430877,0.0286829005926847,9.877203941345217,0.8753921389579773,-0.1289548724889755,0.2913107275962829
2160856681.0,-0.7024592757225037,0.5069577693939209,9.805696487426758,1.044983983039856,0.4401037693023681,0.2043759822845459
2160865014.0,-0.3562516570091247,0.5247858166694641,9.566970825195312,2.404536247253418,0.1955646723508834,-0.2815132439136505
2160873347.0,-0.1355817466974258,0.2307905256748199,10.093104362487791,3.243786573410034,-0.0002945636806543,0.0094004236161708
2160881680.0,-0.8291600346565247,-0.1208309605717659,10.266631126403809,2.0118956565856934,-0.114252284169197,-0.0694017633795738
2160890013.0,-1.0073620080947876,0.0112702045589685,9.605968475341797,1.3895978927612305,0.9983148574829102,-0.1195288300514221
2160898346.0,-0.647995114326477,-0.1258267909288406,9.35452938079834,2.7550928592681885,1.1783572435379028,-0.008183748461306
2160906679.0,-0.1850397139787674,0.1433288604021072,9.866860389709473,4.098533630371094,-0.3909372091293335,-0.2551049590110779
2160915012.0,-0.5390356183052063,0.2009526342153549,10.408275604248049,3.817519664764404,-1.4426575899124146,-0.4341228008270263
2160923345.0,-0.4120551347732544,0.1198592260479927,9.662046432495115,2.576382160186768,-1.513558030128479,-0.3974176943302154
2160931678.0,-0.2101853191852569,0.2690776586532593,8.921552658081055,3.0572896003723145,-0.5069441795349121,-0.3575107157230377
2160940011.0,0.0612725354731082,0.2234724164009094,10.046080589294434,3.5216758251190186,0.1563236862421035,-0.1844097077846527
2160948344.0,-0.4162219166755676,0.2689213752746582,9.674236297607422,3.5175514221191406,0.3395678997039795,-0.3715216517448425
2160956677.0,-0.3729544281959533,0.5015811324119568,9.447452545166016,4.036342620849609,1.999754786491394,-0.0677368491888046
2160965010.0,-0.5291669368743896,0.3575584292411804,10.027029991149902,3.9714105129241934,2.2976481914520264,-0.0372302904725074
2160973343.0,-0.3541675508022308,0.3683460652828216,10.16554832458496,3.1072888374328613,1.2122706174850464,-0.1248565912246704
2160981676.0,-0.5833370089530945,0.3241382539272308,9.676011085510254,3.1648690700531006,0.5206605792045593,-0.0161753892898559
2160990009.0,-0.5076704621315002,0.8382781744003296,9.711222648620604,3.70369029045105,0.0562488548457622,-0.3040281236171722
2160998342.0,-0.3185982704162597,1.1087523698806765,9.984740257263184,3.8513050079345694,-0.0588487051427364,-0.2563088536262512
2161006675.0,-0.6413775086402893,0.2776627838611603,10.133390426635742,2.706656217575073,-0.1647891700267791,-0.2026726305484771
2161015008.0,-0.721047580242157,0.8097372055053711,9.393792152404783,1.990405559539795,1.4276094436645508,-0.1447588503360748
2161023341.0,-0.3192268013954162,0.5862076282501221,9.639171600341797,2.7184388637542725,2.273545265197754,0.2709473967552185
2161031674.0,-0.3674434721469879,0.575885534286499,10.217248916625977,3.245989799499512,0.9884021282196044,-0.18666373193264
2161040007.0,-0.3197664320468902,0.3842211663722992,10.165142059326172,3.0102105140686035,-0.5117083787918091,-0.3805634975433349
2161048340.0,-0.3661890029907226,-0.2558152079582214,9.522976875305176,2.201235771179199,-0.5902416110038757,-0.1906851679086685
2161056673.0,0.2616046071052551,-0.3660474121570587,9.41757583618164,2.4251558780670166,-0.2401206642389297,0.0792248323559761
2161065006.0,-0.6289675831794739,-0.2506220936775207,9.25122356414795,3.4523122310638428,-0.130747839808464,0.0549937598407268
2161073339.0,-1.0785695314407349,0.6126284599304199,9.424498558044434,4.301091194152832,1.6590852737426758,-0.3246732652187347
2161081672.0,-0.5828176736831665,0.7346146106719971,9.818578720092772,4.803079128265381,3.3416075706481934,-0.0152788897976279
2161090005.0,-0.2918188571929931,0.8834621906280518,10.95534324645996,3.979581594467163,1.98108184337616,-0.1001388505101203
2161098338.0,-0.3164838552474975,1.1440906524658203,10.846111297607422,2.5022804737091064,-0.2214478850364685,-0.0651498138904571
2161106671.0,-0.4076002240180969,0.3279017806053161,10.005952835083008,2.046090602874756,-1.890164136886597,-0.0072360220365226
2161115004.0,-0.5658606886863708,0.4527415335178375,9.207307815551758,2.6869845390319824,-1.7130671739578247,0.0228735115379095
2161123337.0,-0.3626271486282348,0.618242621421814,9.771879196166992,3.0765514373779297,-0.4123507440090179,0.1795045435428619
2161131670.0,-0.4759945869445801,0.502848207950592,10.055901527404783,2.580429553985596,0.2982265651226043,0.0568636059761047
2161140003.0,-0.5563948750495911,0.6421288251876831,9.429558753967283,2.282433271408081,1.4091928005218506,0.0472838804125785
2161148336.0,-0.6048200130462646,0.0685129612684249,9.796587944030762,2.625971555709839,1.4837045669555664,0.1387267112731933
2161156669.0,-0.5881768465042114,0.3445304334163666,10.45944881439209,2.446517944335937,0.8633277416229248,0.0226942114531993
2161165002.0,-0.4967556595802307,-0.0036926146131008,10.577144622802734,2.592775344848633,-0.4674725532531738,0.2958956360816955
2161173335.0,-0.478983074426651,-0.13828906416893,9.494328498840332,3.288278579711914,-1.8770239353179927,0.1653655022382736
2161181668.0,0.0352789312601089,0.1025976985692977,9.655508041381836,4.137518882751465,-2.155092239379883,0.0532519966363906
2161190001.0,0.0926800817251205,0.3324009776115417,10.221162796020508,4.18359899520874,-2.326656103134156,0.1397768855094909
2161198334.0,0.1655327677726745,0.6303361654281616,9.446166038513184,3.818647384643554,-1.7974919080734253,0.0719759985804557
2161206667.0,-0.1881198137998581,0.9646936058998108,9.278923034667969,4.243125915527344,0.3826510608196258,0.1724094152450561
2161215000.0,-0.1385744661092758,0.6069818139076233,10.374710083007812,3.814548969268799,1.8806740045547483,0.148690640926361
2161223333.0,-0.2770070135593414,0.8629931807518005,10.229681015014648,2.9132096767425537,2.1507251262664795,0.1477685421705246
2161231666.0,-0.3946903944015503,0.8400745987892151,10.070032119750977,3.0033204555511475,1.2510504722595217,0.1671072840690612
2161239999.0,-0.4207848906517029,0.9840378165245056,10.520187377929688,3.4960103034973145,0.1938741654157638,0.2525820136070251
2161248332.0,-0.3230713009834289,0.22989521920681,10.870583534240724,2.729554891586304,-1.2315963506698608,0.3109311461448669
2161256665.0,-0.1358553022146225,0.5675851106643677,9.83863353729248,2.079850196838379,-2.1106514930725098,0.5542920231819153
2161264998.0,-0.1467350721359253,0.6431325078010559,9.730478286743164,2.857242584228516,-1.9155479669570925,0.3586761653423309
2161273331.0,-0.0432651042938232,1.108601212501526,9.871026992797852,3.000169515609741,-1.245095133781433,0.0778928846120834
2161281664.0,0.1382444202899933,1.0502289533615112,10.179601669311523,2.643849849700928,-0.4930355548858642,0.200789988040924
2161289997.0,-0.4687338471412658,0.9929339289665222,10.071696281433104,1.815332174301148,0.7262148857116699,0.1337063163518905
2161298330.0,-0.1086867675185203,1.0626816749572754,9.961074829101562,1.5149539709091189,1.5399277210235596,0.2720231711864471
2161306663.0,-0.286109060049057,0.4622363746166229,10.167583465576172,1.708956003189087,1.1594282388687134,0.3334973156452179
2161314996.0,-0.2114361226558685,0.7537726759910583,10.328177452087402,1.81195080280304,-0.3367631435394287,0.1612415909767151
2161323329.0,0.1387194246053695,0.4422517418861389,10.076489448547363,1.8591320514678955,-1.8392173051834104,-0.1071315184235572
2161331662.0,0.0542022585868835,0.5412843823432922,10.024490356445312,2.29390811920166,-2.8876330852508545,-0.2441420406103134
2161339995.0,0.0512505508959293,0.1122998595237732,10.08005428314209,1.5770429372787476,-1.891521692276001,0.0674935132265091
2161348328.0,0.0287212915718555,0.9248145818710328,9.129850387573242,1.735851168632507,-0.1699888855218887,-0.0483212582767009
2161356661.0,0.4799254238605499,0.8460538387298584,9.976946830749512,2.935570478439331,0.9101505875587464,-0.3293862640857696
2161364994.0,0.4759664535522461,0.4700647890567779,10.552490234375,2.2745697498321533,0.6087478995323181,-0.3154777288436889
2161373327.0,0.2910763919353485,0.0624784156680107,10.17141056060791,1.5033506155014038,0.7792618274688721,-0.1600249260663986
2161381660.0,-0.2827170491218567,0.5003668665885925,9.377792358398438,2.111586570739746,1.3772774934768677,0.0549425408244133
2161389993.0,-0.6356462836265564,1.1015784740447998,9.659557342529297,3.5956242084503174,2.294881582260132,-0.238148346543312
2161398326.0,0.1164818033576011,0.7810373902320862,10.181857109069824,3.5527455806732178,1.85247266292572,-0.2957035303115845
2161406659.0,0.4299930334091186,0.3374419808387756,10.589261054992676,2.098548650741577,-0.1306710243225097,0.0115007916465401
2161414992.0,0.2449188381433487,0.2641512155532837,9.922842979431152,0.8750334978103638,-1.835631251335144,0.1956927478313446
2161423325.0,-0.1926087737083435,0.5811082720756531,8.916248321533203,1.6857240200042725,-1.48579204082489,0.0156502965837717
2161431658.0,-0.3232661187648773,0.4198611080646515,9.231701850891112,2.6734089851379395,0.6287526488304138,0.0059681171551346
2161439991.0,0.0579317510128021,0.213268905878067,9.7360258102417,2.536475419998169,2.142143964767456,0.1701809763908386
2161448324.0,0.1253957003355026,0.7641271948814392,10.321215629577637,2.3879382610321045,2.393343210220337,0.1435165703296661
2161456657.0,-0.1114805191755294,1.2963157892227173,11.077698707580566,1.9596168994903564,1.475328803062439,0.307703822851181
2161464990.0,-0.4420036673545837,1.0785853862762451,10.086308479309082,1.5785285234451294,0.828646183013916,0.0682619363069534
2161473323.0,0.2680313289165497,0.5859465599060059,10.209424018859863,1.5958693027496338,0.024256682023406,0.0022028242237865
2161481656.0,0.3598238229751587,0.3154618144035339,10.05437183380127,1.1285120248794556,-0.9950490593910216,0.0569916777312755
2161489989.0,0.4525317549705505,-0.1524629443883896,9.692057609558104,0.8634302020072937,-1.4121767282485962,0.1616258025169372
2161498322.0,0.3179081082344055,-0.042559415102005,9.363335609436035,1.0218031406402588,-0.0977311134338378,0.3921539783477783
2161506655.0,0.0746974721550941,0.1861170977354049,8.967658996582031,2.148547649383545,1.458705186843872,0.3217660188674927
2161514988.0,-0.538000762462616,0.2136319279670715,9.362201690673828,3.01548719406128,3.3132269382476807,0.0682363286614418
2161523321.0,-0.0014248146908357,-0.1447044312953949,10.013482093811035,2.171677350997925,4.050379276275635,0.3417451679706573
2161531654.0,0.2762488126754761,-0.0310543254017829,9.991854667663574,1.9836434125900269,2.239426851272583,0.3777075409889221
2161539987.0,0.0280050504952669,0.4220830202102661,10.403780937194824,2.323006153106689,-0.3474955260753631,0.2904141843318939
2161548320.0,-0.2851590812206268,0.683021068572998,9.666455268859863,2.719847679138184,-1.4130476713180542,0.1506885439157486
2161556653.0,-0.0932533890008926,0.1426687836647033,9.03122615814209,2.901580572128296,-0.6516132950782776,0.3723797500133514
2161564986.0,0.3194891810417175,0.6396687030792236,9.33839988708496,2.6958212852478027,0.4674341976642608,0.7190940380096436
2161573319.0,0.0682206079363823,0.2868135273456573,9.528345108032228,2.3391430377960205,0.6328252553939819,0.2595490217208862
2161581652.0,0.335981011390686,0.2645198106765747,9.284202575683594,2.256409406661988,1.028667688369751,0.144694834947586
2161589985.0,-0.2598223090171814,0.2172514796257019,9.585800170898438,2.9129791259765625,1.7718136310577393,0.2111381590366363
2161598318.0,-0.624027669429779,0.2707319855690002,10.090999603271484,2.7795286178588867,3.077294111251831,0.486209362745285
2161606651.0,-0.6015052199363708,0.5780181288719177,9.683942794799805,2.9967117309570312,2.9259910583496094,0.3252239823341369
2161614984.0,-0.0083173941820859,0.7539411783218384,10.550442695617676,3.689295053482056,0.8819749355316162,0.1345515847206115
2161623317.0,0.3293419182300567,0.2264474481344223,11.14704132080078,2.660781145095825,-1.9657261371612549,0.0397789105772972
2161631650.0,0.0863226205110549,0.087520346045494,10.036832809448242,1.76576828956604,-3.3970234394073486,-0.1222439110279083
2161639983.0,0.5939475893974304,0.4282348453998565,9.19791316986084,2.498719453811645,-1.949383854866028,0.3721747994422912
2161648316.0,-0.0579050928354263,0.2155128121376037,8.58031177520752,3.893261194229126,-0.0211957786232233,0.2273263335227966
2161656649.0,-0.0301600620150566,0.157298594713211,9.2835111618042,4.019360065460205,2.660294532775879,0.0553779751062393
2161664982.0,-0.247795283794403,-0.5169742703437805,9.790169715881348,2.584937334060669,4.056398391723633,0.56405109167099
2161673315.0,-0.737177848815918,-0.2668925821781158,10.146560668945312,2.028570413589477,3.951507806777954,0.6920710802078247
2161681648.0,-0.5261004567146301,0.7883318066596985,10.204669952392578,3.473341941833496,2.294292688369751,0.789046585559845
2161689981.0,0.087350383400917,0.8491559624671936,11.215919494628906,4.552110195159912,-1.4408904314041138,0.5960432887077332
2161698314.0,0.0251573603600263,0.8405874371528625,11.047513008117676,3.4899141788482666,-4.6974077224731445,0.2994816601276397
2161706647.0,0.0150272902101278,0.2701465785503387,10.304669380187988,1.5481243133544922,-4.183355331420898,0.3276316821575165
2161714980.0,0.6987147927284241,0.6330549716949463,9.096002578735352,1.5861103534698486,-2.169154405593872,0.4478393495082855
2161723313.0,0.7377930879592896,0.7765534520149231,9.025590896606444,3.4079480171203613,-0.3186282515525818,0.6272157430648804
2161731646.0,-0.005103254225105,0.3661651015281677,10.02458381652832,3.874563217163086,2.302335500717163,0.7468855381011963
2161739979.0,-0.312745988368988,0.2684187293052673,10.101380348205566,3.008007764816284,3.8376784324646,0.6125644445419312
2161748312.0,-0.0694280415773391,0.1173512861132621,10.319537162780762,2.9052181243896484,4.142974853515625,0.6656884551048279
2161756645.0,-0.1195499822497367,0.167486310005188,10.818062782287598,3.240020990371704,2.1428098678588867,0.8442707657814026
2161764978.0,-0.3340384662151336,0.9055125713348388,10.278943061828612,4.011880874633789,-0.6971554160118103,0.334445059299469
2161773311.0,0.3434710204601288,1.2596696615219116,10.304048538208008,4.572396755218506,-2.3662045001983643,0.5042930245399475
2161781644.0,0.3904502987861633,0.7394378781318665,10.392391204833984,3.3527750968933105,-3.443180561065674,0.5190468430519104
2161789977.0,0.4083628356456756,0.824955403804779,9.666369438171388,1.918967247009277,-1.9917243719100952,0.361826628446579
2161798310.0,0.1655945926904678,0.7353914976119995,8.624466896057129,1.7513988018035889,0.692762553691864,0.6275999546051025
2161806643.0,0.3044144511222839,1.1152364015579224,9.370478630065918,3.446242094039917,3.1115663051605225,0.421968936920166
2161814976.0,0.0457132384181022,1.0104598999023438,10.555405616760254,3.611453533172608,3.399163007736206,0.4647446870803833
2161823309.0,-0.0892811641097068,0.2551110386848449,10.67369556427002,2.5296616554260254,2.8072943687438965,0.4636432230472564
2161831642.0,0.2963109910488128,0.0765429437160492,9.952400207519531,2.0961155891418457,1.2453641891479492,0.5444817543029785
2161839975.0,0.0056427363306283,0.1377686262130737,10.271047592163086,2.543928861618042,-0.4047945737838745,0.7562346458435059
2161848308.0,-0.1701701581478119,0.7141363620758057,9.908114433288574,3.339071750640869,-1.2297266721725464,0.3200242817401886
2161856641.0,0.4933030009269714,1.097139596939087,10.33291244506836,3.883450984954834,-0.576256275177002,0.4547039568424225
2161864974.0,0.5441080331802368,0.8023074269294739,10.540730476379396,3.159899950027466,0.1744073331356048,0.5797781944274902
2161873307.0,0.1747157871723175,0.9574987292289734,9.660990715026855,2.3091747760772705,1.163040041923523,0.4970186352729797
2161881640.0,0.0352441258728504,1.4209866523742676,9.662199020385742,2.5220284461975098,3.09524917602539,0.5639228820800781
2161889973.0,-0.1700130254030227,0.7616775035858154,10.167874336242676,2.298083543777466,3.932118177413941,0.7330538034439087
2161898306.0,0.3638632893562317,0.8021705746650696,10.252346992492676,2.021808624267578,2.6578102111816406,0.7838212847709656
2161906639.0,0.2438408136367797,0.5563045740127563,10.21631145477295,2.050009489059448,0.6060071587562561,0.6898682117462158
2161914972.0,-0.507759153842926,0.7352875471115112,9.89574909210205,2.0195798873901367,0.0241029933094978,0.6354122757911682
2161923305.0,-0.6511077284812927,0.6428723335266113,9.431577682495115,1.7977352142333984,1.22179913520813,0.696118175983429
2161931638.0,-0.1157741472125053,0.8317785263061523,9.615195274353027,2.2142484188079834,1.8767552375793457,0.5784462690353394
2161939971.0,0.4618270993232727,0.7875601649284363,10.32791805267334,2.207357883453369,0.5869245529174805,0.597682535648346
2161948304.0,0.2352069318294525,0.3383151590824127,10.2726411819458,1.4192593097686768,-0.4610434174537658,0.6796481013298035
2161956637.0,-0.1481570601463318,0.5502611398696899,9.189085960388184,1.1706472635269165,-0.1685032248497009,0.6102334856987
2161964970.0,0.2427408993244171,0.7756406664848328,9.420527458190918,1.8689937591552728,1.0752086639404297,0.9064621925354004
2161973303.0,0.0716113746166229,1.0878331661224363,9.770642280578612,2.3247222900390625,1.0925239324569702,0.3691779375076294
2161981636.0,0.2640778720378876,0.549267053604126,10.25931453704834,1.707419514656067,1.5457680225372314,0.7301081418991089
2161989969.0,-0.1748296469449997,0.3531418442726135,9.627036094665527,0.7433506846427917,1.7396419048309326,0.807002067565918
2161998302.0,-0.2016939222812652,0.5014984011650085,9.858893394470217,1.425176024436951,2.1774661540985107,0.8031344413757324
2162006635.0,-0.0350539572536945,0.4020003974437713,9.581273078918455,2.018196821212769,1.188705325126648,0.656185507774353
2162014968.0,0.1518765836954116,-0.0695044547319412,10.290127754211426,2.4748220443725586,0.1508166193962097,0.6335425972938538
2162023301.0,0.0657052919268608,-0.2586211562156677,9.783355712890623,1.8288052082061768,-0.6807879209518433,0.6519591808319092
2162031634.0,-0.1528147161006927,0.7102006673812866,9.617094039916992,2.268601417541504,-0.0003457921557128,0.6539057493209839
2162039967.0,-0.0194372087717056,1.3159661293029783,10.08247184753418,2.6662368774414062,1.0945218801498413,0.8856122493743896
2162048300.0,-0.4284859895706177,1.2924619913101196,9.822626113891602,2.608758449554444,1.8215562105178835,0.595274806022644
2162056633.0,-0.2550112903118133,0.9379186034202576,9.939595222473145,1.904469609260559,2.367959260940552,0.2305537313222885
2162064966.0,0.0400133803486824,0.2139468342065811,10.267635345458984,0.5947369933128357,1.711543321609497,0.7160716652870178
2162073299.0,-0.0609851405024528,-0.1349240839481353,9.688225746154783,0.2847022116184234,0.1227690204977989,0.9018003344535828
2162081632.0,-0.1405148655176162,-0.0581536218523979,9.230779647827148,1.498099684715271,-0.9305779337882996,1.009328842163086
2162089965.0,-0.3396541476249695,-0.5376919507980347,9.688586235046388,2.4451346397399902,-0.6657523512840271,1.1685214042663574
2162098298.0,0.3273900151252746,-0.4847196042537689,9.666268348693848,2.3573036193847656,-0.4483900368213653,1.0738767385482788
2162106631.0,-0.0153970699757337,0.2163134515285492,9.246023178100586,2.752941370010376,-0.2555916607379913,0.9484183192253112
2162114964.0,-0.1144405007362365,0.8084169626235962,9.563494682312012,3.291609048843384,0.7094119787216187,0.889556884765625
2162123297.0,-0.5045159459114075,0.7385089993476868,9.784844398498535,3.0300869941711426,1.7628484964370728,1.1646791696548462
2162131630.0,0.0960017591714859,0.5466758608818054,10.51627254486084,2.0978572368621826,1.88687264919281,1.295260667800903
2162139963.0,0.2432150393724441,0.7294478416442871,9.881961822509766,1.904187798500061,-0.1145340427756309,1.228176832199097
2162148296.0,-0.399180918931961,0.6989851593971252,9.747878074645996,2.7013537883758545,-1.3587454557418823,0.9003146886825562
2162156629.0,-0.7844354510307312,0.6464285254478455,9.466869354248049,2.4312775135040283,-0.3877354562282562,0.9253398180007936
2162164962.0,-0.002930381335318,0.4952823519706726,10.207188606262209,2.077545166015625,0.8477798700332642,0.9942935109138488
2162173295.0,0.3583389818668365,0.4420050382614136,10.3185396194458,1.7623361349105835,-0.0211957786232233,1.16301429271698
2162181628.0,0.1193318143486976,0.482296347618103,10.15526294708252,1.905007481575012,-0.892130970954895,0.891400933265686
2162189961.0,0.2779619693756103,0.2596119940280914,9.52228832244873,2.390064239501953,-1.0578550100326538,0.895986020565033
2162198294.0,-0.2027215510606765,-0.2515019476413727,9.422971725463867,2.5712592601776123,-0.0581571198999881,0.8419654965400696
2162206627.0,0.0668183416128158,0.5147736668586731,9.631648063659668,2.550179004669189,1.404710292816162,0.8938600420951843
2162214960.0,-0.2539117336273193,0.8632634878158569,9.962347030639648,2.9812402725219727,1.961896538734436,0.9618911743164062
2162223293.0,-0.1168086007237434,1.0842112302780151,10.046900749206545,2.9925882816314697,1.293083429336548,0.9349452257156372
2162231626.0,-0.1341568231582641,0.2613393664360046,10.695599555969238,2.429151773452759,1.1386040449142456,1.025184154510498
2162239959.0,-0.1629269421100616,0.1746723055839538,10.476009368896484,0.9165029525756836,-0.1867406070232391,0.7889441251754761
2162248292.0,0.2472216933965683,0.3140695691108703,9.76507568359375,1.7174345254898071,-0.7461555600166321,1.0491079092025757
2162256625.0,0.3041747212409973,0.1247018203139305,9.62856674194336,3.242506265640259,-1.0280145406723022,1.1005412340164185
2162264958.0,-0.0265612732619047,0.388636827468872,10.091769218444824,3.472983360290528,-0.5263596773147583,0.811689555644989
2162273291.0,-0.2853772342205047,0.1254772394895553,9.42086124420166,2.3865807056427,1.2069940567016602,0.7907114624977112
2162281624.0,-0.2143158912658691,0.4436869025230407,9.303068161010742,2.9265031814575195,3.2426598072052,1.0245695114135742
2162289957.0,-0.0085633900016546,0.4215870797634125,10.602038383483888,3.053678035736084,3.0800352096557617,1.192598819732666
2162298290.0,-0.2497345954179763,0.939248502254486,10.64381217956543,3.365607976913452,1.444873332977295,1.0333037376403809
2162306623.0,-0.0470598898828029,0.5756235122680664,10.86712646484375,3.1891000270843506,-0.2440652400255203,0.7992409467697144
2162314956.0,0.0264220330864191,0.6114391088485718,10.095458030700684,2.479432344436645,-1.3991904258728027,0.8912472724914551
2162323289.0,0.4371448457241058,0.2202181667089462,9.94267463684082,2.3700339794158936,-1.2526001930236816,0.8375855088233948
2162331622.0,0.2130324840545654,0.8173534274101257,9.026126861572266,2.5954902172088623,-0.4665249288082123,1.079178810119629
2162339955.0,-0.2043433487415313,0.7023425698280334,9.713120460510254,3.053908348083496,1.6952011585235596,0.9893242120742798
2162348288.0,-0.4894503951072693,1.082085132598877,9.572023391723633,2.5424177646636963,3.5516183376312256,0.9041569828987122
2162356621.0,0.066594511270523,0.7771220207214355,10.218907356262209,2.554661512374878,4.090439796447754,0.942603886127472
2162364954.0,0.3148092031478882,0.2453488707542419,10.619478225708008,1.9868195056915283,1.850346922874451,1.2205439805984497
2162373287.0,-1.0115673542022705,0.192022904753685,9.874578475952148,1.9125635623931885,0.1161349341273307,0.993140697479248
2162381620.0,-0.4633809626102447,0.133586049079895,9.555448532104492,2.062816858291626,0.3887216448783874,1.0117110013961792
2162389953.0,-0.2479191273450851,0.6368470788002014,9.326777458190918,3.379798650741577,-0.0601294189691543,0.9275684356689452
2162398286.0,0.0133651299402117,0.61537104845047,10.40733242034912,3.751409292221069,-0.6285605430603027,1.0006457567214966
2162406619.0,-0.136388748884201,0.4297244250774383,10.030543327331545,2.395008087158203,-0.2080260217189788,1.0127356052398682
2162414952.0,0.205006867647171,0.5207761526107788,9.532602310180664,2.2226240634918213,0.173971876502037,0.9780794978141784
2162423285.0,0.022842239588499,1.284621000289917,9.611905097961426,3.000374794006348,0.8932963609695435,0.9626598954200744
2162431618.0,-0.3102860748767853,0.8634283542633057,10.588663101196287,2.969457626342773,1.984949231147766,0.9509282112121582
2162439951.0,-0.1016748249530792,0.5597177147865295,9.980518341064451,1.80739164352417,2.33678674697876,1.104178547859192
2162448284.0,0.1518081426620483,0.5528257489204407,9.732928276062012,2.1569747924804688,1.7322393655776978,1.3069920539855957
2162456617.0,-0.1341382265090942,0.2223089933395385,9.968134880065918,2.38437819480896,0.4448936879634857,1.3216177225112915
2162464950.0,-0.0730601027607917,0.2673343122005462,9.903316497802734,2.1110997200012207,-0.1648916453123092,1.206148624420166
2162473283.0,-0.0516663789749145,0.2137303501367569,9.274847984313965,2.341371774673462,0.2019426375627517,1.211911916732788
2162481616.0,0.2227279841899871,0.3177944719791412,9.583849906921388,2.7394168376922607,0.4697650969028473,1.3652386665344238
2162489949.0,0.0221969243139028,0.5263715982437134,9.777469635009766,2.4803287982940674,1.164038896560669,1.628296971321106
2162498282.0,-0.5951291918754578,0.3808008134365082,9.539469718933104,2.2718546390533447,2.510348558425904,1.4688738584518433
2162506615.0,0.0301176682114601,0.9715625643730164,9.613480567932127,2.4403445720672607,3.123553276062012,1.255789041519165
2162514948.0,-0.0356664694845676,0.8090420365333557,10.1071138381958,3.112462282180786,1.972705960273743,1.195313811302185
2162523281.0,-0.0677516087889671,0.2914660274982452,10.524500846862791,1.8732203245162964,0.4726594984531402,1.360346436500549
2162531614.0,-0.4205648005008697,0.4012724459171295,9.162314414978027,1.2398314476013184,0.1746378540992736,1.6270930767059326
2162539947.0,-0.7658576369285583,0.3042036890983581,9.21196746826172,2.4474148750305176,1.2759219408035278,1.3106805086135864
2162548280.0,0.0151215381920337,0.1295596957206726,9.849328994750977,2.963592529296875,1.7698410749435425,1.4175941944122314
2162556613.0,0.3384614884853363,0.1428541541099548,9.930992126464844,3.410356044769287,0.6336705684661865,1.431707501411438
2162564946.0,-0.3199620544910431,0.5343183279037476,10.352546691894531,3.1314685344696045,0.1399049609899521,1.3506386280059814
2162573279.0,-0.572394609451294,0.8967779278755188,9.533173561096191,2.6130104064941406,1.6105717420578003,1.1125541925430298
2162581612.0,0.1770080775022506,0.8056291341781616,10.049272537231444,3.1605916023254395,2.2438836097717285,1.292596697807312
2162589945.0,-0.6778210401535034,1.0764447450637815,10.782493591308594,2.782909631729126,2.477613687515259,1.1960822343826294
2162598278.0,-0.6624184250831604,1.31719970703125,10.42581558227539,2.128516912460327,2.825890064239502,1.0109680891036987
2162606611.0,0.0210447125136852,1.1450027227401731,10.42823886871338,2.6102187633514404,2.123266696929932,1.124925971031189
2162614944.0,0.5529571175575256,0.3776941299438476,10.540518760681152,2.1625587940216064,-0.4583027064800262,1.262474536895752
2162623277.0,0.1620392799377441,-0.5000557899475098,9.182019233703612,1.327124834060669,-1.3710917234420776,1.5697429180145264
2162631610.0,-0.3502466380596161,-0.3720236122608185,8.010282516479492,1.8657408952713013,-0.3927302658557892,1.5164395570755005
2162639943.0,-0.6990494132041931,0.2143883109092712,8.337056159973145,3.4174001216888428,2.6900839805603027,1.6379280090332031
2162648276.0,-0.5776938199996948,0.6499492526054382,9.723063468933104,4.05614185333252,4.716630935668945,1.2069940567016602
2162656609.0,0.2323317229747772,0.4271463751792907,10.996143341064451,3.5947277545928955,3.871617555618286,1.0781800746917725
2162664942.0,-0.3384162783622741,0.5981585383415222,10.570077896118164,2.6284048557281494,1.3859350681304932,1.3016899824142456
2162673275.0,-0.7857550978660583,0.957059919834137,9.938182830810549,2.8194100856781006,0.5546506643295288,1.428249716758728
2162681608.0,-0.6709383130073547,1.121187686920166,9.968594551086426,3.114537239074707,0.1736132651567459,1.1779729127883911
2162689941.0,0.3034704923629761,1.338805079460144,10.416155815124512,2.8560895919799805,-0.4747214615345001,0.8515452146530151
2162698274.0,0.7172057032585144,0.4465433061122894,10.487432479858398,1.958310842514038,-1.534228801727295,0.8803357481956482
2162706607.0,0.3681625127792358,0.8171149492263794,9.945448875427246,1.2085052728652954,-0.907371461391449,1.0769249200820925
2162714940.0,-0.4163771569728851,0.4158635437488556,8.788509368896484,1.3013311624526978,1.6789617538452148,1.0624529123306274
2162723273.0,-0.4865418076515198,0.4373111426830292,8.90259838104248,2.528048276901245,5.089471340179443,1.217572569847107
2162731606.0,-0.5567602515220642,-0.2015827894210815,10.269556999206545,2.49956488609314,6.016732692718506,1.3219250440597534
2162739939.0,-0.7631977200508118,0.2614797949790954,10.03320026397705,2.337939500808716,4.722291469573975,1.2767672538757324
2162748272.0,-0.9919474720954896,0.5446833968162537,10.47966480255127,2.71008849143982,2.56188440322876,1.1542798280715942
2162756605.0,-0.4838490188121795,1.0830492973327637,10.749528884887695,2.651329517364502,-0.5289466977119446,0.9918344020843506
2162764938.0,0.2253641337156295,0.5827406644821167,10.640682220458984,2.190093994140625,-3.341108083724976,1.1334811449050903
2162773271.0,0.3252847194671631,0.1324613541364669,9.460318565368652,1.5579603910446167,-3.822553396224976,1.18975567817688
2162781604.0,-0.23782479763031,-0.414087563753128,9.00363826751709,1.807827115058899,-1.549571514129639,1.3103986978530884
2162789937.0,-0.3061227798461914,0.497791588306427,8.51716423034668,2.827555656433105,2.5515618324279785,1.3831429481506348
2162798270.0,0.0079464837908744,1.2728484869003296,10.02263641357422,5.053048133850098,5.261343479156494,1.4279168844223022
2162806603.0,0.0456623248755931,0.8041765689849854,11.14826774597168,4.028376579284668,4.551034927368164,1.2708759307861328
2162814936.0,-0.3478589653968811,0.6228452920913696,10.678214073181152,2.1148903369903564,3.3753416538238525,1.329993486404419
2162823269.0,-0.4050606787204742,0.2452569603919983,9.783246040344238,1.2200571298599243,1.9154837131500244,1.667128086090088
2162831602.0,-0.3948625922203064,0.5836249589920044,9.690034866333008,2.056694984436035,0.5138728022575378,1.6638494729995728
2162839935.0,-0.4381577670574188,0.7176887392997742,10.16785717010498,2.9394898414611816,-0.5460826754570007,1.4329372644424438
2162848268.0,-0.3007133901119232,0.4521575570106506,9.789990425109863,2.935084342956543,-0.1611007452011108,1.3935681581497192
2162856601.0,0.3565630316734314,0.4176242351531982,9.671161651611328,2.624742031097412,0.5839277505874634,1.789948582649231
2162864934.0,-0.0638391375541687,-0.040227860212326,9.559532165527344,1.7933293581008911,1.1060227155685425,2.0695276260375977
2162873267.0,-0.592290461063385,0.3438385128974914,9.197418212890623,1.7087641954421997,2.317589044570923,1.856122970581055
2162881600.0,-0.804272472858429,0.5404313206672668,9.592926025390623,3.072939872741699,3.657891988754273,1.6965075731277466
2162889933.0,-0.2695945799350738,0.4376858472824096,10.69671630859375,3.612734317779541,3.4717280864715576,1.510830044746399
2162898266.0,-0.409607857465744,0.5635294318199158,10.70007610321045,3.0829036235809326,1.5680010318756104,1.385448336601257
2162906599.0,-0.6440183520317078,0.9453562498092652,10.063180923461914,2.514882326126098,-0.1593333482742309,1.49971342086792
2162914932.0,-0.4185968041419983,0.8996964693069458,9.557295799255373,2.7265586853027344,-0.2934751510620117,1.3488199710845947
2162923265.0,0.401100605726242,-0.2744016349315643,10.355524063110352,2.422389268875122,-0.7921842336654663,1.4600625038146973
2162931598.0,-0.1163402050733566,-0.0263853911310434,9.523194313049316,2.099163293838501,-0.5439823269844055,1.5139037370681765
2162939931.0,-0.5553693771362305,0.6480110883712769,8.810728073120117,3.278186559677124,1.157917022705078,1.2841695547103882
2162948264.0,-0.407732754945755,0.873023509979248,9.373412132263184,5.027332305908203,3.286306381225586,1.1410117149353027
2162956597.0,-0.3347769677639007,0.3501375913619995,10.666160583496094,4.358364105224609,3.8631649017333984,1.2711575031280518
2162964930.0,-0.2664613723754883,0.2690030634403229,10.683650970458984,2.396442174911499,2.871201992034912,1.401969313621521
2162973263.0,-0.4491734206676483,0.2829290628433227,9.65090274810791,2.1259047985076904,1.0783593654632568,1.487034559249878
2162981596.0,-0.5955539345741272,-0.0715001076459884,9.30140495300293,3.81239652633667,0.3362123966217041,1.4635459184646606
2162989929.0,-0.1659857183694839,0.1296575516462326,9.446553230285645,4.561254501342773,-0.5965427756309509,1.2491294145584106
2162998262.0,-0.4723492562770843,0.5079359412193298,9.921076774597168,4.663763523101807,-0.3528489172458648,1.282888889312744
2163006595.0,-0.6327733397483826,1.0635933876037598,9.325891494750977,4.260877132415772,0.9800006747245787,1.2501540184020996
2163014928.0,-0.3130044639110565,1.1929004192352295,9.629262924194336,4.109753131866455,2.357073307037353,1.5167468786239624
2163023261.0,-0.3924582004547119,1.4135032892227173,10.451979637145996,3.2294938564300537,2.060127258300781,1.475636005401611
2163031594.0,-0.0525963641703128,1.084454894065857,10.440234184265137,2.0842556953430176,0.7717824578285217,1.4353705644607544
2163039927.0,-0.1897615641355514,0.1637798994779586,9.585693359375,2.097729206085205,-0.3630945980548858,1.3425703048706057
2163048260.0,-0.207989826798439,-0.359291523694992,9.89811897277832,2.2655022144317627,-0.5037423372268677,1.819814682006836
2163056593.0,-0.4608114957809448,-0.2286484688520431,9.194108963012695,2.5949783325195312,0.0953361913561821,1.9089778661727903
2163064926.0,-0.9121047258377076,1.1228584051132202,9.073556900024414,4.6790032386779785,1.2323776483535769,1.44689679145813
2163073259.0,-0.0715458244085311,1.10991370677948,10.44695281982422,4.989704132080078,1.953469514846801,1.552683711051941
2163081592.0,0.0433210879564285,0.5058581233024597,10.667280197143556,3.371371269226074,0.6703500151634216,1.7023732662200928
2163089925.0,0.1614577174186706,0.4431374371051788,10.08888339996338,1.7451236248016355,-0.8159286379814148,1.855188012123108
2163098258.0,-0.7704610228538513,0.7267735004425049,9.017908096313477,2.040634870529175,-0.4007987976074219,1.660186767578125
2163106591.0,-0.5374348759651184,0.9747011065483092,9.59699535369873,3.737116813659668,1.0212138891220093,1.3868058919906616
2163114924.0,-0.370650440454483,0.7360321879386902,10.664527893066406,3.821490049362183,2.0706803798675537,1.879341959953308
2163123257.0,0.1314122676849365,1.1873503923416138,10.76774787902832,3.138563394546509,1.3159058094024658,1.749810814857483
2163131590.0,-0.1612028628587722,1.292391657829285,9.886014938354492,2.9824960231781006,-0.0978079661726951,1.2336840629577637
2163139923.0,-0.3395374119281769,0.929552674293518,9.478632926940918,2.9703803062438965,-0.0692993104457855,1.270722270011902
2163148256.0,-0.0419650599360466,-0.0754676088690757,9.332722663879396,2.0127923488616943,0.6967071890830994,1.4976130723953247
2163156589.0,-0.1928141564130783,0.1124868020415306,9.31300163269043,1.9952210187911987,0.8451672196388245,1.726732611656189
2163164922.0,-0.9650901556015016,0.858005702495575,9.0763521194458,3.0479915142059326,1.5397228002548218,1.5844709873199463
2163173255.0,-0.470981627702713,0.1375947147607803,9.704816818237305,3.6325085163116455,1.9437875747680664,1.5890047550201416
2163181588.0,-0.4295003116130829,-0.090462788939476,10.15553379058838,3.0919201374053955,0.9767220616340636,1.6053723096847534
2163189921.0,-0.6716545820236206,0.6637499928474426,10.37954330444336,2.4826595783233643,0.3925637602806091,1.7142581939697266
2163198254.0,-0.4330959618091583,0.6422443985939026,10.245914459228516,2.838057279586792,-0.67840576171875,1.616335153579712
2163206587.0,0.4627906382083893,0.80484539270401,10.18312931060791,3.751384019851685,-1.8893189430236816,1.5854443311691284
2163214920.0,0.2117699384689331,0.7805505990982056,10.384594917297363,3.0976061820983887,-2.0413646697998047,1.8266022205352783
2163223253.0,-0.6600325107574463,0.7317455410957336,9.31224250793457,2.035614252090454,-0.51304030418396,1.6897200345993042
2163231586.0,-0.4158910810947418,0.6821955442428589,8.653749465942383,2.360300779342652,1.9703751802444456,1.7227623462677002
2163239919.0,-0.4021817445755005,0.1875183582305908,9.729228019714355,3.0475564002990723,3.429515600204468,2.0410192012786865
2163248252.0,-0.5668514370918274,0.0987064689397811,10.78359603881836,2.614316701889038,2.453331232070923,1.852088212966919
2163256585.0,-0.4784365594387054,0.2842316329479217,10.412156105041504,2.43276309967041,0.8274165391921997,1.8477083444595337
2163264918.0,-0.2004899680614471,1.0718846321105957,10.130969047546388,3.442117691040039,-1.4013417959213257,1.6172571182250977
2163273251.0,0.2813308238983154,1.0795352458953855,10.537069320678713,3.6789474487304688,-2.980510711669922,1.441978931427002
2163281584.0,-0.2743366360664367,0.2866503000259399,9.842845916748049,2.294548749923706,-2.559643268585205,1.5875191688537598
2163289917.0,-0.4770010411739349,0.2864705622196197,9.053888320922852,1.6886440515518188,0.6109763383865356,1.7122091054916382
2163298250.0,0.0815926939249038,0.6941210031509399,8.92473316192627,2.734217405319214,2.882984638214112,1.8664326667785645
2163306583.0,0.49014613032341,0.833398163318634,10.08731460571289,4.504647254943848,2.1535677909851074,1.7241196632385254
2163314916.0,-0.41326704621315,0.3437119126319885,10.521986961364746,3.902252435684204,0.9329217672348022,1.4146744012832642
2163323249.0,-1.004365086555481,0.2270091772079467,9.372132301330566,2.571208000183105,1.580808162689209,1.2557122707366943
2163331582.0,-0.1362809240818023,0.6099755764007568,9.067030906677246,3.087718963623047,2.213761568069458,1.4438230991363523
2163339915.0,-0.4097371697425842,0.6530091166496277,10.265975952148438,4.089543342590332,0.6987564563751221,1.5466132164001465
2163348248.0,-0.50474613904953,0.8101322650909424,10.495074272155762,3.641601085662842,-0.875174343585968,1.155406832695007
2163356581.0,-0.1791623383760452,0.6199573874473572,10.168200492858888,3.1534457206726074,-0.6604246497154236,1.3118844032287598
2163364914.0,-0.0837581157684326,0.628593921661377,9.874094009399414,2.876171350479126,-0.4572013020515442,1.1472103595733645
2163373247.0,-0.1888205707073211,0.6387593746185303,9.7696533203125,2.9501707553863525,0.615510106086731,1.3102706670761108
2163381580.0,-0.1452028900384903,0.3865512907505035,9.554329872131348,3.085721015930176,1.5727139711380005,1.4828848838806152
2163389913.0,0.0595670901238918,0.6566593647003174,10.095741271972656,3.631892919540405,1.2339400053024292,1.4644423723220823
2163398246.0,-0.6030400991439819,1.280016303062439,10.389219284057615,3.267351627349853,1.3203880786895752,1.2346829175949097
2163406579.0,-0.4437786042690277,0.8513974547386169,10.37488079071045,2.311607837677002,1.5173360109329224,1.1730551719665527
2163414912.0,-0.1988559514284134,1.1409529447555542,9.941667556762695,2.081233501434326,1.212782859802246,1.3516632318496704
2163423245.0,-0.5240370035171509,1.2549560070037842,10.09969425201416,1.9595657587051392,1.2431100606918335,1.6574970483779907
2163431578.0,-0.3592353463172912,0.9592992663383484,10.300434112548828,1.578323483467102,0.3425647616386413,1.258247971534729
2163439911.0,-0.016154883429408,0.1890369206666946,9.822766304016112,1.0606340169906616,-0.331896424293518,1.3759453296661377
2163448244.0,-0.3513522446155548,-0.1783729046583175,9.395227432250977,1.1203155517578125,0.1367031782865524,1.4801700115203855
2163456577.0,-0.5526004433631897,0.3581248521804809,9.157422065734863,1.8543169498443604,1.162604570388794,1.2482585906982422
2163464910.0,-0.0164098870009183,0.8825188279151917,9.752680778503418,3.3354854583740234,1.7773716449737549,1.301408052444458
2163473243.0,0.0812997445464134,0.6318337917327881,10.534991264343262,3.1609249114990234,1.1275643110275269,1.1342240571975708
2163481576.0,-0.3615393936634063,0.3050077855587005,9.759576797485352,2.06947660446167,0.8989060521125793,1.161118984222412
2163489909.0,-0.4892829656600952,0.1728560030460357,9.268704414367676,1.8000915050506592,1.730318307876587,1.4110369682312012
2163498242.0,-0.6787879467010498,-0.0033566337078809,9.130045890808104,2.5628066062927246,2.153157949447632,1.602400779724121
2163506575.0,0.0979991778731346,0.5165435075759888,10.020682334899902,3.617677688598633,1.5134426355361938,1.3635481595993042
2163514908.0,-0.1500586420297622,0.2087861597537994,10.98794937133789,3.417553424835205,-0.0506009198725223,1.5221771001815796
2163523241.0,-0.559031069278717,0.3716697990894317,10.173340797424316,2.736804246902466,-0.3342529833316803,1.1800734996795654
2163531574.0,-0.567466139793396,0.4532745778560638,8.967998504638672,3.313713550567627,1.3939265012741089,1.3239227533340454
2163539907.0,-0.0114106647670269,0.5639931559562683,9.65781021118164,4.106115341186523,2.407174587249756,1.6683318614959717
2163548240.0,0.3081852793693542,0.7617874145507812,10.081448554992676,4.0539140701293945,0.5355167984962463,1.446307897567749
2163556573.0,-0.4239974319934845,0.6748086810112,10.410602569580078,3.212511777877808,0.2258663326501846,1.3252294063568115
2163564906.0,-0.5812048316001892,0.2862918972969055,9.351091384887695,2.0999319553375244,1.117395520210266,1.551377534866333
2163573239.0,-0.2774687111377716,0.6648377776145935,9.295336723327637,2.704913854598999,2.217423915863037,1.648173451423645
2163581572.0,-0.5363961458206177,0.6939898729324341,10.34145164489746,3.206338882446289,2.040583610534668,1.938331723213196
2163589905.0,-0.6748305559158325,0.7117531299591064,10.16713047027588,2.9151556491851807,1.866483449935913,1.5545533895492554
2163598238.0,-0.1561770290136337,1.0612951517105105,9.938295364379885,3.013566255569458,0.8207314014434814,1.4746627807617188
2163606571.0,-0.3645529747009277,0.7840730547904968,10.15025234222412,2.5665977001190186,-0.2673485875129699,1.207813739776611
2163614904.0,-0.7980461120605469,0.3082470297813415,9.772336959838867,1.3002809286117554,0.1361140459775924,1.2538936138153076
2163623237.0,-0.3799113035202026,0.2985661327838897,9.714797019958496,1.090423583984375,1.613133192062378,1.6669487953186035
2163631570.0,-0.2642798125743866,0.8046631813049316,10.126766204833984,2.214939832687378,1.7430487871170044,1.7603384256362915
2163639903.0,-0.0918197557330131,0.7891208529472351,10.188272476196287,3.140228509902954,0.4227629899978637,1.181405544281006
2163648236.0,-0.062181856483221,-0.045765396207571,9.74194049835205,2.984493970870972,0.0422378703951835,1.0318182706832886
2163656569.0,-0.6010837554931641,-0.6152635216712952,8.998320579528809,2.149674654006958,1.0737231969833374,1.3025351762771606
2163664902.0,-0.4667433500289917,-0.2106469869613647,9.067395210266112,2.83810830116272,2.5145492553710938,1.3528413772583008
2163673235.0,-0.9483279585838318,0.3934981226921081,9.4395751953125,4.181882858276367,2.8849570751190186,1.0481858253479004
2163681568.0,-0.4953181445598602,0.7609078288078308,10.198710441589355,5.091213703155518,2.099188804626465,0.9951898455619812
2163689901.0,-0.1153341755270958,0.1952664107084274,11.024676322937012,4.131960391998291,0.7359738349914551,0.9901439547538756
2163698234.0,-0.1127494201064109,0.4043253660202026,10.723770141601562,2.687138080596924,-0.623130202293396,1.127077341079712
2163706567.0,0.1974656879901886,0.7462843656539917,9.60163688659668,3.0269620418548584,-0.9104450941085817,1.2004367113113403
2163714900.0,-0.225323274731636,1.0102540254592896,9.07655906677246,4.741477012634277,-0.0512156598269939,1.16839337348938
2163723233.0,-0.3780632615089416,0.1317039579153061,10.088860511779783,4.385387897491455,2.073190689086914,1.1264373064041138
2163731566.0,-0.2814892530441284,0.1741034239530563,9.56340217590332,2.717260837554932,3.936344861984253,1.1820714473724363
2163739899.0,-0.7520144581794739,0.2873542904853821,9.458297729492188,3.2526748180389404,4.3690714836120605,1.3710789680480957
2163748232.0,-0.8442512154579163,0.5821702480316162,10.043110847473145,4.256394863128662,4.547551155090332,1.5420026779174805
2163756565.0,-0.5996764302253723,0.1252292096614837,10.419034957885742,4.727414608001709,2.1073598861694336,1.240830421447754
2163764898.0,-0.0779047310352325,0.7574113011360168,10.549190521240234,4.374629974365234,-0.6563519835472107,1.011198878288269
2163773231.0,-0.5961443185806274,0.7527444362640381,10.030133247375488,3.2993435859680176,-1.5065652132034302,1.1663696765899658
2163781564.0,-0.6947335600852966,0.8679539561271667,8.925776481628418,3.32155179977417,-0.146449401974678,0.8859196305274963
2163789897.0,-0.3210460543632507,0.1831404566764831,9.398482322692873,3.77979040145874,2.2990827560424805,1.2890621423721311
2163798230.0,-0.6689342260360718,0.7199612259864807,9.317490577697754,4.0070648193359375,3.630561590194702,1.258247971534729
2163806563.0,-0.337101012468338,0.6247395873069763,10.335938453674316,4.38070011138916,3.6985931396484375,1.209452986717224
2163814896.0,-0.9904106855392456,1.064778208732605,9.904549598693848,3.943721294403076,2.680427312850952,1.0366592407226562
2163823229.0,-0.8768864870071411,0.7495066523551941,10.38158893585205,3.470421314239502,1.866227507591248,0.8674260377883911
2163831562.0,-0.3800610601902008,0.3780040442943573,9.949048042297363,2.352078437805176,1.0517973899841309,1.3143688440322876
2163839895.0,-0.8812054991722107,0.4716494679450989,9.601502418518066,2.7781453132629395,0.0602190643548965,1.138014793395996
2163848228.0,-1.002309799194336,0.7532375454902649,9.975422859191896,2.9646425247192383,0.8866623044013977,1.1683164834976196
2163856561.0,-0.903586447238922,1.1773806810379028,9.714223861694336,3.56247878074646,2.141350030899048,1.1877321004867554
2163864894.0,-0.3603605628013611,0.6300228834152222,10.415328979492188,3.5519254207611084,1.7816234827041626,0.9090747237205504
2163873227.0,-0.4308119714260101,-0.1498522311449051,10.151558876037598,2.263991117477417,1.2909575700759888,1.3226423263549805
2163881560.0,-0.6592286825180054,-0.0538363195955753,9.319555282592772,2.569850444793701,0.7469622492790222,1.1776143312454224
2163889893.0,-0.7522229552268982,0.4824985265731811,9.615395545959473,3.581843376159668,1.2166504859924316,1.3731279373168943
2163898226.0,-0.8847428560256958,1.4148458242416382,10.071148872375488,4.740042209625244,1.6047574281692505,1.3479490280151367
2163906559.0,-0.9231413006782532,1.38569438457489,10.257437705993652,4.1234307289123535,1.705216646194458,0.7437605261802673
2163914892.0,-0.8675180673599243,1.2678937911987305,10.08203411102295,2.553816080093384,2.2578437328338623,0.9091517925262452
2163923225.0,-0.6874116063117981,0.7800624370574951,10.015697479248049,1.685749888420105,1.7692521810531616,1.29228937625885
2163931558.0,-0.9022523760795592,0.751731276512146,9.963501930236816,1.4639558792114258,1.0786921977996826,1.184222936630249
2163939891.0,-1.3079034090042114,1.0774848461151123,9.621330261230469,2.513345718383789,0.8723952174186707,1.147312879562378
2163948224.0,-0.8959660530090332,0.2880151271820068,10.272738456726074,2.732859373092652,0.3999150097370147,0.9727262258529664
2163956557.0,-0.7787408232688904,0.1819699704647064,9.765965461730955,1.99117374420166,-0.0656620934605598,0.9996211528778076
2163964890.0,-0.26363605260849,0.3963523507118225,9.86801815032959,2.125930070877075,-0.6534575819969177,1.130279302597046
2163973223.0,-1.0203070640563965,1.14388108253479,9.63198184967041,2.638727188110352,-0.3415786325931549,0.9665274620056152
2163981556.0,-0.8171612024307251,1.0805643796920776,9.652487754821776,3.04325270652771,0.6391263604164124,0.6124107241630554
2163989889.0,-0.9375207424163818,0.6781417727470398,9.464834213256836,2.7668495178222656,1.143957495689392,0.8025451898574829
2163998222.0,-1.060494899749756,0.3011459410190582,9.726221084594728,2.403793334960937,1.7172038555145264,0.6105664968490601
2164006555.0,-0.6026593446731567,0.2330796122550964,9.768031120300291,2.417471647262573,1.37346088886261,0.8920413255691528
2164014888.0,-0.7458599805831909,0.5861691832542419,10.144553184509276,3.264073610305786,-0.5231067538261414,0.6834903359413147
2164023221.0,-0.5365071892738342,0.5238147377967834,10.426337242126465,3.705175638198853,-1.8052527904510496,0.3774257600307464
2164031554.0,-0.1145733520388603,0.1896064579486847,10.17780590057373,3.0350558757781982,-2.3366453647613525,0.6064169406890869
2164039887.0,0.0250369720160961,0.2548693716526031,9.762359619140623,2.572514295578003,-1.8209799528121948,0.6152539253234863
2164048220.0,-0.7731468081474304,0.9299107789993286,8.674657821655273,3.2668652534484863,0.2981496751308441,0.2942050993442535
2164056553.0,-0.9221093654632568,1.4230180978775024,9.40270709991455,3.946078300476074,3.1470930576324463,0.1483832895755767
2164064886.0,-0.7352433800697327,1.307487726211548,10.141980171203612,3.3409156799316406,4.063775062561035,0.1972552090883255
2164073219.0,-0.218102142214775,0.5100429058074951,10.856995582580566,1.977085828781128,2.384198904037476,0.4923312366008758
2164081552.0,-0.9183747172355652,0.3188164234161377,10.50141143798828,0.8680408000946045,-0.2028263062238693,0.4700467884540558
2164089885.0,-1.5627602338790894,0.99626225233078,9.212790489196776,1.204944729804993,-0.5629112124443054,0.2914643585681915
2164098218.0,-0.8325110077857971,1.2385382652282717,9.610695838928224,2.7062463760375977,-0.5233628153800964,0.0264082755893468
2164106551.0,-0.4203178882598877,1.240362524986267,10.632229804992676,2.7001760005950928,-1.2916362285614014,-0.15836001932621
2164114884.0,-0.564588189125061,0.6959573030471802,10.630812644958496,0.329399049282074,-1.470116138458252,-0.0664305165410041
2164123217.0,-0.656259298324585,0.787656843662262,9.554404258728027,-0.6956954598426819,-0.0208371821790933,-0.2255461663007736
2164131550.0,-1.000537633895874,1.309490442276001,8.939030647277832,0.8357669115066528,1.572867751121521,-0.3048222362995147
2164139883.0,-0.5624726414680481,0.3530901074409485,10.729236602783203,1.5712796449661257,2.1659140586853027,-0.3195503652095794
2164148216.0,-0.2222674489021301,-0.8377767205238342,10.567252159118652,-0.2716517448425293,0.4839553534984588,-0.2405560910701751
2164156549.0,-0.2823942899703979,-0.3037239909172058,8.926162719726562,0.1030716747045517,-1.191305160522461,0.0313774347305297
2164164882.0,-1.011981725692749,-0.2793182134628296,9.018760681152344,1.8183547258377075,-1.5720865726470947,-0.1738054007291793
2164173215.0,-1.224806308746338,-0.1566174477338791,9.165600776672363,2.0892763137817383,-0.101214662194252,-0.4435233175754547
2164181548.0,-0.1666786223649978,-0.4578025937080383,9.626136779785156,2.425847053527832,1.011608600616455,-0.2137379795312881
2164189881.0,-0.4380172789096832,0.1741756498813629,10.34093952178955,2.362401008605957,0.3533996343612671,-0.1581807136535644
2164198214.0,-0.9644049406051636,0.5837094783782959,9.673946380615234,2.309840679168701,0.037960298359394,-0.3922435939311981
2164206547.0,-0.5107365250587463,0.737105131149292,9.542121887207031,3.28663969039917,0.7996764779090881,-0.4036419689655304
2164214880.0,-0.600040078163147,0.3311318755149841,10.36941623687744,2.683910846710205,0.1523790806531906,-0.4439843595027923
2164223213.0,0.0991313904523849,0.3637077510356903,10.432244300842283,1.4524294137954712,-0.7237685322761536,-0.2448848634958267
2164231546.0,-0.6613137125968933,-0.0918174535036087,9.174031257629396,1.6844944953918457,-1.4789528846740725,-0.5197255611419678
2164239879.0,-0.4251128137111664,-0.1314379721879959,9.368921279907228,2.44638991355896,-0.2563344538211822,-0.5557136535644531
2164248212.0,-0.6092943549156189,-0.5007284879684448,9.714221000671388,2.601330518722534,1.5492258071899414,-0.0018570320680737
2164256545.0,-0.2405315041542053,0.187962144613266,9.749242782592772,2.8870060443878174,1.473561406135559,-0.2235738635063171
2164264878.0,-0.6208219528198242,0.4061533808708191,9.740602493286133,3.531024694442749,1.36277973651886,-0.139277383685112
2164273211.0,-0.9442524313926696,-0.2259087115526199,9.926409721374512,2.8162341117858887,1.0771554708480835,-0.3662707805633545
2164281544.0,-0.7940891981124878,-0.364468514919281,9.698906898498535,2.006849765777588,1.6135687828063965,0.1339368373155594
2164289877.0,-0.8363249897956848,-0.3729240000247955,9.560619354248049,2.348850965499878,0.7706810832023621,0.3210487961769104
2164298210.0,-0.7432310581207275,-0.0272594988346099,9.68181324005127,4.001583099365234,-0.5583261847496033,0.0080172549933195
2164306543.0,-0.6369379162788391,0.0986588671803474,10.228119850158691,4.575189590454102,-0.7734090685844421,-0.021964207291603
2164314876.0,-0.6922737956047058,0.1479979455471038,10.206335067749023,3.614424705505371,-0.5969012975692749,-0.0310316439718008
2164323209.0,-0.1860528290271759,0.2316872030496597,9.4560546875,3.1538803577423096,0.1284041404724121,-0.0259856395423412
2164331542.0,-0.4115202128887176,0.5517606735229492,9.117879867553713,4.258699893951416,0.5244002938270569,0.0465922951698303
2164339875.0,-0.8945603966712952,0.1210116446018219,10.512677192687988,4.0995073318481445,1.3968722820281982,-0.0940170586109161
2164348208.0,-1.4482983350753784,0.9843348264694214,9.772171974182127,3.2298014163970947,2.653609275817871,-0.0666866675019264
2164356541.0,-0.6606962084770203,0.9631909132003784,10.436834335327148,4.000610828399658,2.741901636123657,-0.2262889742851257
2164364874.0,-0.1658704876899719,0.5450697541236877,10.990394592285156,3.685657739639282,0.7398158311843872,-0.0917373821139335
2164373207.0,-0.5136124491691589,-0.1846762597560882,10.297052383422852,2.796895265579224,-1.8719522953033447,-0.4324323534965515
2164381540.0,-1.0857553482055664,-0.4376903176307678,9.220823287963867,2.548027276992798,-1.0539617538452148,-0.1075413599610328
2164389873.0,-0.7180837392807007,0.6229660511016846,8.884464263916016,3.925279140472412,0.6494233012199402,-0.1140729933977127
2164398206.0,-0.2596243321895599,1.2250046730041504,10.097558975219728,5.444612979888916,1.3089128732681274,-0.4173711836338043
2164406539.0,-0.4747467637062073,0.4673829674720764,10.750123977661133,3.9861130714416495,1.350100874900818,-0.5873472094535828
2164414872.0,-0.7911813855171204,0.3619617521762848,9.65520191192627,2.441036462783813,1.6254281997680664,-0.5883205533027649
2164423205.0,-1.3715131282806396,0.1114046424627304,9.870753288269045,2.6776864528656006,2.566956043243408,-0.1609470397233963
2164431538.0,-0.9808483123779296,0.7876031398773193,10.244786262512209,3.62082839012146,2.733961343765259,-0.2277233600616455
2164439871.0,-0.5385145545005798,1.0501621961593628,10.487825393676758,5.257808208465576,0.2103953510522842,-0.5817632675170898
2164448204.0,-0.5956227779388428,0.7413952946662903,11.10835075378418,4.889859199523926,-1.7998991012573242,-0.8410560488700867
2164456537.0,-0.4044225513935089,0.6502542495727539,10.252559661865234,2.446722507476806,-1.7284613847732544,-0.7553253173828125
2164464870.0,-0.3386401236057281,0.9559051394462584,9.15184497833252,2.38010048866272,-0.7468726634979248,-0.6505118608474731
2164473203.0,-0.4511145651340484,0.5608693957328796,9.683853149414062,3.2579004764556885,0.7582838535308838,-0.7088356018066406
2164481536.0,-0.7989585399627686,0.1738053262233734,9.330926895141602,3.529283285140991,2.4647042751312256,-0.8248168230056763
2164489869.0,-0.4827958941459656,0.2328211963176727,10.118754386901855,4.013391971588135,3.559277057647705,-0.5511543154716492
2164498202.0,-0.9481924772262572,0.1663299947977066,10.498577117919922,3.4307198524475098,2.902477264404297,-0.4924721121788025
2164506535.0,-0.9104586839675904,0.8444027900695801,9.763863563537598,3.852867603302002,1.3918262720108032,-1.030678391456604
2164514868.0,-0.3464413285255432,0.7831320762634277,10.117630958557127,4.594118118286133,-0.0446328036487102,-0.9530159831047058
2164523201.0,-0.5436927676200867,0.3454509973526001,10.21625804901123,3.467142343521118,-1.3122555017471311,-0.9166181087493896
2164531534.0,-0.4836563169956207,1.1260584592819214,9.418721199035645,2.840439319610596,-0.4686764776706695,-0.819924533367157
2164539867.0,-0.92169588804245,1.3335825204849243,9.240541458129885,3.136181354522705,0.9253398180007936,-0.7730503678321838
2164548200.0,-0.8591328263282776,1.6463793516159058,9.513506889343262,3.3178632259368896,2.337606430053711,-1.107162594795227
2164556533.0,-0.4825438559055328,1.0005550384521484,10.509303092956545,2.406585454940796,3.228571653366089,-0.7242552638053894
2164564866.0,-0.4492780268192291,0.831758439540863,10.41441822052002,0.9517481327056884,1.5508137941360474,-0.7503049969673157
2164573199.0,-1.0625760555267334,0.8354666829109192,9.98447608947754,0.734411358833313,0.568610429763794,-0.5231579542160034
2164581532.0,-1.6025301218032837,0.5365275740623474,9.779645919799805,0.9979050755500792,1.1638340950012207,-0.660885751247406
2164589865.0,-0.3377040028572082,0.6548222303390503,9.863126754760742,1.6562421321868896,1.0572788715362549,-0.8683866858482361
2164598198.0,-0.013836451806128,0.184525653719902,10.66429615020752,2.05090594291687,-0.4209315180778503,-0.4045383930206299
2164606531.0,-0.6408875584602356,-0.0974145680665969,10.343633651733398,0.5405116081237793,-1.2327747344970703,-0.64080411195755
2164614864.0,-1.0851649045944214,0.7701895236968994,8.6005859375,0.764072597026825,0.7208613753318787,-0.7315553426742554
2164623197.0,-1.0416089296340942,1.1252596378326416,9.34904670715332,2.5251283645629883,3.4011096954345703,-0.8453594446182251
2164631530.0,-0.7512693405151367,0.6496198773384094,11.026470184326172,1.9967833757400515,3.865290403366089,-0.5671632289886475
2164639863.0,-0.5590673089027405,0.8103417754173279,10.58493709564209,0.7676073908805847,2.5008459091186523,-0.7594492435455322
2164648196.0,-1.011447787284851,0.3183945119380951,9.982314109802246,0.850571870803833,0.6198388934135437,-0.6809159517288208
2164656529.0,-0.9911984205245972,0.2006587237119674,9.307373046875,1.1913691759109497,-0.1199642717838287,-0.7059154510498047
2164664862.0,-0.8129990100860596,0.1404880285263061,9.299673080444336,1.673608422279358,-0.5687767863273621,-0.7362171411514282
2164673195.0,-1.09882652759552,-0.2914569675922394,9.488712310791016,1.3176987171173096,-0.1393030136823654,-0.8671058416366577
2164681528.0,-0.9932634234428406,-0.0437367744743824,8.967020034790039,1.4874954223632812,1.167471170425415,-0.8010979294776917
2164689861.0,-0.5702763199806213,-0.1453923434019088,10.068493843078612,2.011690616607666,1.503734827041626,-0.6440570950508118
2164698194.0,-1.104265809059143,0.5659982562065125,9.768282890319824,2.216399669647217,0.7768284678459167,-0.8348831534385681
2164706527.0,-0.7912039160728455,0.3558155298233032,10.289639472961426,2.652149200439453,0.3369040489196777,-0.9944855570793152
2164714860.0,-0.340140700340271,-0.0073141995817422,10.182793617248535,1.7018864154815674,-0.6641129851341248,-1.1858749389648438
2164723193.0,0.0683056265115737,0.2735507786273956,9.440654754638672,2.0043652057647705,-1.7205979824066162,-1.135876178741455
2164731526.0,-0.7077853083610535,-0.0061520030722022,9.124736785888672,2.581838130950928,-1.6602250337600708,-1.2431740760803225
2164739859.0,-1.038516402244568,0.3242437839508056,8.850756645202637,2.722306251525879,0.8577438592910767,-1.2535990476608276
2164748192.0,-0.7876291871070862,0.0157116893678903,9.290419578552246,2.9306528568267822,3.1430203914642334,-1.0297307968139648
2164756525.0,-0.5481473207473755,0.2894423007965088,10.576074600219728,2.544774293899536,3.0972988605499268,-0.891695499420166
2164764858.0,-0.7308362126350403,-0.0652187094092369,10.485447883605955,2.139224052429199,0.76053786277771,-1.2953758239746094
2164773191.0,-0.8437302112579346,-0.4394025504589081,9.74522304534912,2.6843719482421875,-1.101117491722107,-1.522215485572815
2164781524.0,-1.0952762365341189,-0.8687264323234558,9.719539642333984,3.0156409740448,-1.1358505487442017,-1.3077733516693115
2164789857.0,-0.7486743330955505,-0.480055421590805,9.61304759979248,3.549748659133911,-0.6098877191543579,-1.175808668136597
2164798190.0,-0.3536841571331024,0.1108711585402488,9.85938835144043,4.375270366668701,-0.3948306441307068,-1.3909426927566528
2164806523.0,-0.1982876658439636,0.477158635854721,10.137861251831056,4.807484149932861,-0.7190555334091187,-1.3769571781158447
2164814856.0,-0.4283326268196106,-0.0551864504814147,10.06489372253418,3.913983106613159,-0.4247736632823944,-1.3574135303497314
2164823189.0,-0.7058468461036682,-0.0997966676950454,9.393564224243164,3.2778029441833496,0.9426807165145874,-1.2636911869049072
2164831522.0,-0.5309909582138062,0.1238861009478569,9.168707847595217,4.111853122711182,1.7182286977767944,-1.3146891593933103
2164839855.0,-0.5981325507164001,0.0375570394098758,9.749747276306152,5.189854145050049,1.2761012315750122,-1.259541630744934
2164848188.0,-0.7938953042030334,0.1047219932079315,10.607665061950684,4.822956085205078,0.6328765153884888,-1.25406014919281
2164856521.0,-0.4712215960025787,0.6499573588371277,10.25831413269043,3.985318422317505,-0.2953705489635467,-1.2176109552383425
2164864854.0,-0.4086182415485382,0.9296775460243224,9.9601469039917,4.289309024810791,-1.2113100290298462,-1.4720118045806885
2164873187.0,-0.1122611314058303,0.7788386344909668,10.3157320022583,3.899332046508789,-1.8074815273284912,-1.3879458904266355
2164881520.0,-0.6160687208175659,0.5898798108100891,9.840983390808104,2.705196142196656,-1.352777361869812,-1.452467918395996
2164889853.0,-0.4464414715766907,0.7143912315368652,9.474469184875488,2.796331882476806,0.7806450128555298,-1.2163302898406982
2164898186.0,-0.3066090047359466,0.1862127482891082,9.90666961669922,2.956292629241944,1.304328203201294,-0.9977129697799684
2164906519.0,-0.6797485947608948,0.3624706566333771,10.221272468566896,2.865566730499268,1.3850897550582886,-1.1841589212417605
2164914852.0,-0.3773045539855957,0.2218418270349502,9.8147554397583,2.9359548091888428,0.7319011688232422,-0.9760177135467528
2164923185.0,-0.4538028240203857,0.0354306288063526,10.147279739379885,3.440119981765747,-0.4105834066867828,-1.0247615575790403
2164931518.0,-0.1445714831352234,-0.1124420836567878,10.654905319213867,3.0710701942443848,-1.411997675895691,-1.026682734489441
2164939851.0,-0.4094292819499969,-0.3274467587471008,9.633404731750488,3.109952211380005,-1.7742595672607422,-1.2573130130767822
2164948184.0,-0.3644045293331146,0.3910417854785919,9.425436973571776,4.308135509490967,-0.4177553653717041,-1.298372745513916
2164956517.0,0.1306584030389785,0.4394992887973785,10.067679405212402,5.093390464782715,0.8749822378158569,-1.0918707847595217
2164964850.0,0.2273537069559097,0.1473384797573089,10.46591091156006,4.357263088226318,0.4427420794963836,-1.095328688621521
2164973183.0,-0.2724831700325012,0.5574661493301392,9.386337280273438,3.6787421703338623,0.8383026123046875,-1.0937405824661257
2164981516.0,-0.9381923079490662,0.263001412153244,9.125800132751465,4.25268030166626,2.303283214569092,-1.0281425714492798
2164989849.0,-0.7230386137962341,0.3346367478370666,10.01267147064209,4.583001613616943,3.1071090698242188,-1.0189471244812012
2164998182.0,-0.6370319128036499,0.8520750403404236,10.30566120147705,4.7644524574279785,1.6719948053359983,-0.9120588898658752
2165006515.0,-0.6905595064163208,0.7725306749343872,10.75051212310791,4.3647942543029785,-0.3658097386360168,-0.9429495930671692
2165014848.0,-0.5365777015686035,0.9003323912620544,10.002741813659668,3.5683186054229736,-1.5327683687210083,-1.077705979347229
2165023181.0,-0.1843748837709427,0.5678378343582153,9.99572467803955,3.0852856636047363,-1.6706756353378296,-1.014413356781006
2165031514.0,-0.3209612071514129,0.4810038805007934,9.777652740478516,2.4257960319519043,-1.3721929788589478,-0.906884789466858
2165039847.0,-0.3916748166084289,1.0745514631271362,9.293094635009766,2.9074206352233887,-0.2045168429613113,-1.2006032466888428
2165048180.0,-0.9261343479156494,1.3020343780517578,9.346583366394045,4.002147197723389,1.9508826732635496,-1.2530099153518677
2165056513.0,-0.362008661031723,0.8467105627059937,10.529088020324709,3.2113850116729736,2.879577875137329,-1.2527793645858765
2165064846.0,-0.2932936549186706,0.9368538856506348,10.356760025024414,2.251696348190308,1.4050432443618774,-1.198067545890808
2165073179.0,-0.9538144469261168,0.8972261548042297,10.42108917236328,1.9666353464126587,0.061089951545,-1.3596162796020508
2165081512.0,-1.2233858108520508,0.7475137710571289,9.700575828552246,1.9820295572280884,-0.0397661067545414,-1.5044904947280884
2165089845.0,-0.3265956342220306,0.3055216670036316,9.70790672302246,2.7443602085113525,-0.396956592798233,-1.6814848184585571
2165098178.0,0.521996021270752,0.5303992033004761,10.751535415649414,2.86080288887024,-1.5147364139556885,-1.3137158155441284
2165106511.0,-1.007663607597351,0.798917293548584,10.063103675842283,2.106642723083496,-2.0472304821014404,-1.768265962600708
2165114844.0,-1.0119829177856443,0.7732167840003967,8.99278450012207,2.1405818462371826,1.1582244634628296,-1.838115930557251
2165123177.0,-0.022969365119934,0.5397005081176758,9.333216667175291,2.941154718399048,2.848712921142578,-1.4819756746292114
2165131510.0,-0.2069815397262573,0.3558641374111175,11.14787483215332,2.55673623085022,1.4961788654327393,-1.519731044769287
2165139843.0,-1.129804611206055,1.053402066230774,10.505369186401367,1.3090153932571411,0.8727537989616394,-1.507461667060852
2165148176.0,-1.2683091163635254,1.427502989768982,9.432113647460938,2.541572570800781,1.2846051454544067,-1.6393238306045532
2165156509.0,-0.1745981276035308,0.8862919211387634,10.53822422027588,2.966205596923828,0.3407205939292907,-1.6764134168624878
2165164842.0,0.0590215809643268,0.1142848804593086,10.990944862365724,1.0845322608947754,-1.8734381198883057,-1.611967921257019
2165173175.0,-0.3842861354351043,-0.0549997426569461,9.541955947875977,0.0027663372457027,-2.641634464263916,-1.6676018238067627
2165181508.0,-0.7693864107131958,0.2911015748977661,8.504240036010742,1.6059099435806274,-0.3107390999794006,-1.5746990442276
2165189841.0,-0.5047523379325867,0.1861013770103454,9.510414123535156,3.187153577804565,2.236225128173828,-1.50059711933136
2165198174.0,-0.046658668667078,0.121743768453598,10.287886619567873,2.8239946365356445,2.489882707595825,-1.5179890394210815
2165206507.0,-0.4216834008693695,0.126111090183258,10.085537910461426,2.12295913696289,1.4127787351608276,-1.380953073501587
2165214840.0,-1.0054930448532104,0.3879266083240509,9.426810264587402,1.9404319524765008,1.1846327781677246,-1.478338599205017
2165223173.0,-0.7511968612670898,0.5197784900665283,9.478350639343262,2.5019216537475586,1.1732089519500732,-1.4483698606491089
2165231506.0,-0.4466540217399597,-0.329934298992157,10.030142784118652,2.639623641967773,0.0074281282722949,-1.3005499839782717
2165239839.0,-0.5296356081962585,-0.1740844696760177,9.69223403930664,1.94550359249115,-0.7048653364181519,-1.4516997337341309
2165248172.0,-0.2076128423213958,0.0810414999723434,9.368959426879885,2.259329319000244,-0.977298378944397,-0.9001227021217346
2165256505.0,-0.5090457797050476,0.2274797558784485,9.301502227783203,3.403209924697876,-0.6224899291992188,-1.1131819486618042
2165264838.0,-0.5055760145187378,0.1982907056808471,10.087676048278809,3.295245885848999,0.7211688160896301,-1.2301621437072754
2165273171.0,-0.8117780685424805,0.4846600592136383,9.767634391784668,3.00685453414917,2.0499324798583984,-1.2271137237548828
2165281504.0,-0.5821263790130615,0.5471957921981812,9.943410873413086,3.0312657356262207,2.6390857696533203,-1.2274471521377563
2165289837.0,-0.3889481723308563,0.6937240958213806,10.43905258178711,3.0225303173065186,1.8095941543579104,-1.0339312553405762
2165298170.0,-0.1981334239244461,0.3798485398292541,10.687164306640623,2.3891680240631104,-0.2643517255783081,-1.1742461919784546
2165306503.0,-0.3559977114200592,0.187134638428688,9.997650146484377,1.8758583068847656,-1.3104370832443235,-0.8898769021034241
2165314836.0,-0.7193310856819153,0.0523300357162952,9.147356033325195,1.9911481142044067,-0.6276639699935913,-0.8965365886688232
2165323169.0,-0.4922373592853546,0.7990686893463135,9.112704277038574,3.0290367603302,1.0547940731048584,-0.8602668642997742
2165331502.0,-0.623073935508728,0.8116156458854675,9.663480758666992,3.356207609176636,1.545178771018982,-0.9408748745918274
2165339835.0,-0.4763327240943908,-0.0329040177166461,10.188851356506348,2.083846092224121,2.0222184658050537,-0.8097301125526428
2165348168.0,-0.8384368419647217,-0.2928092777729034,9.808221817016602,0.9827669262886048,1.8968876600265503,-0.6380634307861328
2165356501.0,-0.8916733264923096,-0.3808867037296295,9.624797821044922,1.8167918920516968,1.0309473276138306,-0.7257409691810608
2165364834.0,-0.2832601964473724,0.2524536848068237,9.806777000427246,3.357002019882202,-0.4648343324661255,-0.6986923217773438
2165373167.0,-0.253736138343811,0.7423675656318665,10.022555351257324,4.2781662940979,-2.1517109870910645,-0.9094718098640442
2165381500.0,-0.6433486342430115,0.5763963460922241,10.37100315093994,3.119429349899292,-1.7287943363189695,-0.8821414113044739
2165389833.0,-0.7073005437850952,0.6767565011978149,9.7056303024292,1.4065545797348022,0.6278049349784851,-0.7879323363304138
2165398166.0,0.127659186720848,0.3009431362152099,9.532352447509766,1.66566801071167,1.5777088403701782,-0.8687451481819153
2165406499.0,0.2355840355157852,0.2860435843467712,9.953351020812988,3.2270607948303223,0.8052091598510742,-0.7283280491828918
2165414832.0,-0.3830126225948334,-0.527336597442627,10.173239707946776,3.3560798168182373,0.2932061851024627,-0.6245135068893433
2165423165.0,-1.0431978702545166,-0.0235490184277296,8.949542999267578,3.420627355575561,1.576018214225769,-0.7704120874404907
2165431498.0,-0.6231346130371094,0.2416493147611618,9.628331184387209,4.350730895996094,2.84620213508606,-0.4992342293262481
2165439831.0,-0.7999721765518188,0.4454718232154846,10.207303047180176,4.211313247680664,1.9760102033615112,-0.7383687496185303
2165448164.0,-0.5192008018493652,0.7627226710319519,10.02663230895996,4.070998668670654,0.608645498752594,-0.8448984026908875
2165456497.0,-0.2256250828504562,0.3124494254589081,10.568316459655762,3.750308036804199,-0.7817592620849609,-0.6665207743644714
2165464830.0,-0.7330246567726135,0.4090268611907959,9.800890922546388,3.087898731231689,-1.3063645362854004,-0.8727154731750488
2165473163.0,-0.5830633044242859,0.651021420955658,9.078324317932127,3.6024625301361084,0.348532885313034,-0.9092925190925598
2165481496.0,-0.4154404997825622,0.7393659353256226,9.652627944946287,4.538125038146973,1.6681526899337769,-0.7389834523200989
2165489829.0,-0.1892667263746261,0.6350429654121399,10.735620498657228,3.802407741546631,1.6835981607437134,-0.650204598903656
2165498162.0,-0.245152473449707,0.4690730571746826,10.179533004760742,2.763263702392578,1.0089446306228638,-0.4742347002029419
2165506495.0,-0.2467177957296371,0.5733078718185425,9.961750030517578,3.1346957683563232,0.537053644657135,-0.6225155591964722
2165514828.0,-0.7537721395492554,0.7465196847915649,9.64434051513672,3.766829252243042,0.7738060355186462,-0.630660891532898
2165523161.0,-0.9132498502731324,0.5433374047279358,9.865544319152832,3.991107940673828,2.1858932971954346,-0.5510006546974182
2165531494.0,-0.5583217144012451,0.6609962582588196,10.052149772644045,3.7998721599578857,2.4276914596557617,-0.5692379474639893
2165539827.0,-0.6910333037376404,0.2440850138664245,10.652844429016112,3.018330335617065,1.6683320999145508,-0.431279718875885
2165548160.0,-0.8804986476898193,0.8956230878829956,9.893254280090332,2.793257713317871,1.050183653831482,-0.4829179644584656
2165556493.0,-0.5121757984161377,0.6954687237739563,9.805445671081545,3.911523342132568,0.4931508302688598,-0.5297919511795044
2165564826.0,-0.2705660462379455,1.064800262451172,10.25026035308838,3.7068662643432617,-0.1810542345046997,-0.5175484418869019
2165573159.0,-0.8462331295013428,1.0672025680541992,10.159046173095703,2.598538398742676,-0.224931389093399,-0.4507465064525604
2165581492.0,-0.8793864846229553,1.4312978982925415,9.280210494995115,2.071807384490967,1.4372915029525757,-0.5849138498306274
2165589825.0,0.0315059907734394,1.27642822265625,10.115622520446776,2.5868074893951416,2.0081818103790283,-0.356101930141449
2165598158.0,-0.4720864295959472,0.8092299699783325,10.34014129638672,2.0866124629974365,1.0938303470611572,-0.3872488141059875
2165606491.0,-1.0213749408721924,0.9378129839897156,10.231722831726074,1.219263195991516,1.193597674369812,-0.2484964728355407
2165614824.0,-0.7914460897445679,1.0101375579833984,9.560494422912598,1.3243073225021362,1.9008325338363647,-0.1798247396945953
2165623157.0,0.0279919896274805,0.6564993858337402,10.017425537109377,1.81807279586792,0.8357924818992615,-0.3360971808433532
2165631490.0,-0.2871927618980407,0.2772905528545379,10.207927703857422,1.8328776359558103,-0.3974688947200775,-0.4180371165275574
2165639823.0,-0.3599811196327209,-0.0884377509355545,10.017513275146484,1.0520790815353394,-0.2862519025802612,-0.0894577130675315
2165648156.0,-0.9315326809883118,0.5767924189567566,8.857320785522461,1.850910186767578,1.4398785829544067,0.050716184079647
2165656489.0,-0.4330429434776306,0.6138027906417847,9.86042594909668,3.328493118286133,3.074143648147583,0.003790907561779
2165664822.0,0.0937354564666748,0.4244384169578552,10.228001594543455,3.0805211067199707,2.4326095581054688,0.0414438284933567
2165673155.0,-0.3227010071277618,-0.1283349990844726,10.039899826049805,2.668567657470703,0.8309257626533508,-0.0763176158070564
2165681488.0,-1.055540680885315,0.0051974221132695,9.469304084777832,2.092836618423462,1.439622402191162,0.3784503042697906
2165689821.0,-1.2920769453048706,0.9843664765357972,8.853191375732422,3.3962173461914062,2.762802839279175,0.3281183838844299
2165698154.0,-0.3581253886222839,1.2606598138809204,10.418256759643556,4.416202068328857,2.2378129959106445,0.2465113997459411
2165706487.0,-0.3504998683929443,0.7539764642715454,10.88680934906006,2.8059628009796143,0.1996117383241653,0.3703306317329407
2165714820.0,-0.6235061883926392,0.2059017419815063,9.815717697143556,1.101232886314392,-0.932550311088562,0.268590897321701
2165723153.0,-1.12945556640625,0.4440412223339081,9.24013614654541,1.0393999814987185,0.7357175946235657,0.6384347677230835
2165731486.0,-0.8636177778244019,0.7815284729003906,9.316656112670898,2.5098876953125,1.8011162281036377,0.4678696691989898
2165739819.0,0.0488173179328441,0.4112741351127624,10.101548194885254,3.483126163482666,1.0520278215408323,0.3259923756122589
2165748152.0,-0.2265856564044952,0.4649511873722076,10.19091510772705,2.8683078289031982,-0.4010292887687683,0.4224043786525726
2165756485.0,-0.9308209419250488,0.1829840242862701,9.66352653503418,1.5886459350585938,0.0255886185914278,0.4308826029300689
2165764818.0,-1.0799270868301392,0.9563729763031006,8.896393775939941,1.6699200868606567,1.9147411584854128,0.4191257059574127
2165773151.0,-0.4427204728126526,1.1214463710784912,9.79464340209961,3.096402168273926,2.04611611366272,0.2032233327627182
2165781484.0,-0.3805236220359802,0.6234395503997803,10.700878143310549,2.8076276779174805,0.5554702877998352,-0.0931974053382873
2165789817.0,-0.5965185761451721,0.174064427614212,10.161150932312012,1.2323520183563232,-0.5805338025093079,0.1031485199928283
2165798150.0,-0.4990966618061065,0.1443013995885849,9.2719144821167,1.324896216392517,-0.3027986586093902,0.2763775885105133
2165806483.0,-0.3949796557426452,0.4006150662899017,9.48261260986328,2.6514835357666016,-0.0609234608709812,0.1052232906222343
2165814816.0,-0.5310892462730408,0.5090809464454651,9.51330280303955,3.2379212379455566,0.4210724532604217,-0.1285450458526611
2165823149.0,-0.1734783202409744,0.5176820755004883,9.8331880569458,3.4042088985443115,0.9742375016212464,-0.1322591006755828
2165831482.0,-0.9188308715820312,0.110296793282032,10.478782653808594,2.2148373126983643,1.8040874004364007,0.0062754875980317
2165839815.0,-0.6766751408576965,0.6172582507133484,9.802985191345217,1.7579305171966553,2.6820664405822754,0.0796346589922905
2165848148.0,-0.3587620854377746,0.9933791160583496,9.730467796325684,3.680278778076172,1.3228213787078855,-0.0881257727742195
2165856481.0,-0.9220719933509828,0.9933030605316162,10.265159606933594,3.8886759281158447,-0.2464985698461532,-0.6240267753601074
2165864814.0,-0.1851371675729751,0.5091659426689148,9.95939826965332,2.011972665786743,-0.0706056430935859,-0.3772080540657043
2165873147.0,-0.703117311000824,0.5231088399887085,9.185616493225098,1.342211365699768,0.1471025496721267,-0.033721137791872
2165881480.0,-0.9420049786567688,0.5041617155075073,9.815046310424805,1.5497124195098877,1.2760242223739624,0.1207455024123191
2165889813.0,-0.7804805636405945,0.3956002295017242,9.478829383850098,2.2005443572998047,1.9943499565124512,-0.0266516096889972
2165898146.0,-0.0937940925359726,0.4635924994945526,10.154292106628418,3.709376335144043,1.0268234014511108,-0.3385305106639862
2165906479.0,-0.5736745595932007,0.0874934792518615,10.51577377319336,3.1264736652374268,-0.3196272253990173,-0.1804907023906707
2165914812.0,-1.0729529857635498,-0.2276848256587982,9.665656089782717,1.832083821296692,0.1752782315015792,-0.4180627465248108
2165923145.0,-0.4091664254665375,0.6795364618301392,9.330785751342772,2.656221866607666,1.2447749376296997,-0.086973138153553
2165931478.0,-0.5982246994972229,0.8941107988357544,9.807950973510742,3.94218373298645,1.1587365865707395,0.0189289171248674
2165939811.0,-0.411660224199295,0.5501418709754944,10.573063850402832,3.5176799297332764,0.2107027024030685,-0.3125064969062805
2165948144.0,-1.0645214319229126,-0.0385422147810459,9.909759521484377,1.9474246501922607,0.3573954105377197,-0.2330767065286636
2165956477.0,-0.4170168936252594,0.706230103969574,9.177153587341309,2.1680402755737305,1.6118272542953491,0.1577581018209457
2165964810.0,-0.4472377598285675,1.1804345846176147,9.9398775100708,3.8682103157043457,0.9624548554420472,0.047514408826828
2165973143.0,-0.9035002589225768,1.0652729272842407,10.520952224731444,3.5718793869018555,0.126457467675209,-0.2716005146503448
2165981476.0,-0.8034735918045044,0.189511239528656,10.362987518310549,1.83641254901886,0.6841817498207092,0.1895965486764907
2165989809.0,-0.6938044428825378,-0.0573516227304935,9.479476928710938,1.0143492221832275,1.0629138946533203,0.4364664852619171
2165998142.0,-0.4989211559295654,0.324708491563797,9.460973739624023,2.413629531860352,0.6945300102233887,0.4590071141719818
2166006475.0,-0.642798900604248,0.4091532826423645,10.130562782287598,3.681098461151123,-0.2269549220800399,0.130427673459053
2166014808.0,-0.5027235150337219,0.3364131152629852,10.025198936462402,3.4648890495300293,-0.6431095004081726,0.247689664363861
2166023141.0,-0.5119013786315918,0.7250819802284241,9.68057346343994,2.7179267406463623,-0.1521357744932174,0.5417923331260681
2166031474.0,-0.6200740933418274,0.5509990453720093,10.065841674804688,2.0340518951416016,0.2903116941452026,0.4832381308078766
2166039807.0,-0.574203372001648,0.7559014558792114,9.84805679321289,1.8528567552566528,0.9039263725280762,0.4157190024852752
2166048140.0,-0.5097640156745911,0.1663151681423187,10.10347843170166,2.3683433532714844,1.3745110034942627,0.8239586353302002
2166056473.0,-0.2476037889719009,0.4925763010978699,10.577109336853027,2.669515609741211,0.9234700798988342,0.9753644466400146
2166064806.0,-0.4060799181461334,0.2928747236728668,10.547965049743652,2.626816749572754,-0.3229058682918548,0.8217559456825256
2166073139.0,-0.8982160687446594,1.066750168800354,9.06550407409668,2.8615970611572266,-0.0437106974422931,0.6346696019172668
2166081472.0,-0.8598021864891052,0.7590916752815247,9.66718864440918,3.524544239044189,1.2652150392532349,0.8004191517829895
2166089805.0,-0.5476658344268799,0.7580836415290833,10.32388401031494,2.19314193725586,1.394490122795105,0.7178388833999634
2166098138.0,-0.8238080739974976,1.0559872388839722,10.128325462341309,1.4981253147125244,0.7419930696487427,0.5971189737319946
2166106471.0,-0.6034097075462341,0.9516602754592896,9.704371452331545,1.858568787574768,0.219334676861763,0.5379757285118103
2166114804.0,-0.604483425617218,0.8175615668296814,9.90370273590088,2.518059015274048,-0.6519206762313843,0.7125368118286133
2166123137.0,-0.977570116519928,0.3183163106441498,10.076498985290527,2.1252129077911377,-0.5350173115730286,0.7401233315467834
2166131470.0,-0.7913464307785034,0.4635844826698303,9.647055625915527,1.5066804885864258,-0.0158424042165279,0.7620747089385986
2166139803.0,-0.3806611001491546,0.8793649673461914,9.67161750793457,2.408865213394165,-0.0290849674493074,0.5027561783790588
2166148136.0,-0.4766783416271209,0.6934341192245483,10.242443084716797,2.985006093978882,-0.7003059983253479,0.3333948850631714
2166156469.0,-0.4615539908409118,0.3781033456325531,10.047074317932127,2.2895798683166504,-1.0607494115829468,0.2842667996883392
2166164802.0,-0.6951385140419006,0.6199754476547241,9.390040397644045,2.2869155406951904,-0.2120474427938461,0.3561403155326843
2166173135.0,-0.6823894381523132,0.3519067466259002,9.6007080078125,2.655478954315185,0.6250898241996765,0.4026558101177215
2166181468.0,-0.1957865506410598,0.4284017086029053,9.880701065063477,2.780886173248291,0.4507336914539337,0.3039129078388214
2166189801.0,-0.209433913230896,0.4058467447757721,10.119102478027344,2.9008889198303223,-0.6096316576004028,0.3222782909870147
2166198134.0,-0.2759196758270263,0.7313741445541382,10.130794525146484,2.970149517059326,-1.2672003507614136,0.3725334107875824
2166206467.0,-0.6997222900390625,0.5915054082870483,9.961045265197754,2.7351391315460205,-0.4604286551475525,0.1263806372880935
2166214800.0,-0.7456309795379639,0.8731904029846191,9.23959255218506,2.753581523895264,0.9269791841506958,0.1236142963171005
2166223133.0,-0.3176491558551788,0.6484115123748779,10.0260591506958,2.9336493015289307,2.1018784046173096,0.4628491699695587
2166231466.0,-0.199297085404396,0.6122742891311646,10.39978313446045,2.4058172702789307,0.9551548957824708,0.3483535945415497
2166239799.0,-0.1143886223435401,0.6144102215766907,10.087780952453612,2.266834259033203,-0.6825040578842163,0.1171851307153701
2166248132.0,-0.9453051686286926,0.5795959830284119,9.47757339477539,2.3084828853607178,-0.2977014482021332,0.2549128830432892
2166256465.0,-0.5219911932945251,0.128087893128395,9.488567352294922,2.136431932449341,0.6891252994537354,0.159551054239273
2166264798.0,-0.2918340265750885,0.3548068702220917,9.193730354309082,2.3490047454833984,0.8998281359672546,0.4068565368652344
2166273131.0,-0.3962425887584686,0.4382097423076629,10.127696990966797,2.768053770065308,0.8113309741020203,0.4669219255447387
2166281464.0,-0.8182388544082642,0.1728071570396423,9.991512298583984,2.174827814102173,0.7008055448532104,0.3427441120147705
2166289797.0,-0.827552318572998,0.2477433085441589,9.430644989013672,2.514267683029175,1.2915465831756592,0.433879554271698
2166298130.0,-0.144312247633934,0.2677780985832214,9.94599151611328,3.049861431121826,1.046008586883545,0.6418415307998657
2166306463.0,-0.8289037942886353,0.7329269051551819,9.658210754394531,3.447342872619629,-0.2441933006048202,0.2886468172073364
2166314796.0,-0.3235783874988556,0.4597286283969879,9.927910804748535,3.0085713863372803,0.1127282604575157,0.3820107281208038
2166323129.0,-0.3399198353290558,0.1080233752727508,9.758020401000977,2.5161118507385254,0.0480523072183132,0.6748583316802979
2166331462.0,-0.31352698802948,0.1832412481307983,9.862281799316406,2.4831976890563965,0.0527140982449054,0.6420464515686035
2166339795.0,-0.3913547694683075,1.1592671871185305,9.361799240112305,3.0693023204803467,1.050183653831482,0.7290579080581665
2166348128.0,-0.5955171585083008,1.4372003078460691,9.731925964355469,4.002096652984619,1.4782744646072388,0.191722571849823
2166356461.0,-0.1881927549839019,0.9092137217521667,10.313765525817873,3.0289602279663086,1.750118374824524,0.4133369624614715
2166364794.0,-0.7629910707473755,-0.09273112565279,10.2328519821167,0.7711933851242065,2.1108689308166504,0.7253438234329224
2166373127.0,-0.5412485599517822,-0.1373013257980346,9.67819595336914,0.6970145106315613,1.834363460540772,0.8360486030578613
2166381460.0,-0.4745047986507416,0.2619532942771911,8.96147632598877,2.6442344188690186,0.9047971963882446,0.8899921774864197
2166389793.0,0.1435664892196655,0.8515297770500183,9.903200149536133,4.750646591186523,-0.4110957086086273,0.5699423551559448
2166398126.0,-0.3013950884342193,-0.0814452394843101,10.489992141723633,3.541910409927368,-1.5658619403839111,0.6431989073753357
2166406459.0,-0.8376333713531494,0.0558996275067329,9.37015151977539,1.130253791809082,0.7194271087646484,0.8044151067733765
2166414792.0,-0.6924311518669128,0.5345110297203064,8.754288673400879,1.7030391693115234,3.5112504959106445,0.929591715335846
2166423125.0,-0.6937605738639832,0.59429931640625,9.749649047851562,3.5641956329345703,4.2328290939331055,0.757054328918457
2166431458.0,-0.3457145988941192,0.2259105741977691,11.004450798034668,3.995564222335816,2.972378253936768,0.8327955603599548
2166439791.0,-0.6463556885719299,-0.1727835536003112,10.931809425354004,2.8166182041168213,0.659233570098877,0.865018367767334
2166448124.0,-0.8603379130363464,0.2981988489627838,9.297943115234377,2.5613975524902344,-0.5738996863365173,0.5464284420013428
2166456457.0,-0.5110053420066833,0.9245304465293884,9.056243896484377,4.226553916931152,-0.3661170899868011,0.5839277505874634
2166464790.0,-0.4142648577690124,0.7795873880386353,10.17202091217041,4.095972061157227,-0.0099767446517944,0.4919725954532623
2166473123.0,-0.4799427688121795,0.6637668013572693,10.08969783782959,2.907830238342285,0.9235724210739136,0.5305476784706116
2166481456.0,-0.7243346571922302,0.634573221206665,9.80029010772705,2.5001797676086426,2.1285173892974854,0.6126924753189087
2166489789.0,-0.5786034464836121,0.691831111907959,10.349924087524414,2.986696720123291,2.3054091930389404,0.4492224454879761
2166498122.0,-0.7530530095100403,0.9129220247268676,10.031325340270996,3.579563617706299,1.8596704006195068,0.2925145626068115
2166506455.0,-0.7062186598777771,0.3938954174518585,10.407713890075684,3.662835359573364,1.2345036268234253,0.3013514876365661
2166514788.0,-0.5942491888999939,0.3523649275302887,10.14808177947998,2.6968462467193604,0.1666462123394012,0.4405904710292816
2166523121.0,-0.3777434825897217,0.3085703551769256,9.833754539489746,2.6881628036499023,-0.5460826754570007,0.4854410290718078
2166531454.0,-0.386214941740036,0.6506674885749817,9.613391876220703,3.697491407394409,-1.020253300666809,0.4683306515216827
2166539787.0,-0.8852897882461548,0.7421873211860657,9.665759086608888,4.019052505493164,0.0330935902893543,0.235907107591629
2166548120.0,-0.7099749445915222,0.9433448910713196,9.69554615020752,3.765600204467773,2.063072919845581,0.2464089542627334
2166556453.0,-0.1392456889152526,0.3024472892284393,10.426401138305664,2.9207911491394043,2.29214096069336,0.4820599257946014
2166564786.0,-0.3236617147922516,0.4160457551479339,10.27381420135498,2.31542444229126,0.9171946048736572,0.6878446936607361
2166573119.0,-1.0856692790985107,0.7924877405166626,9.922354698181152,3.1444544792175293,1.2278438806533811,0.7284432053565979
2166581452.0,-1.0287504196166992,0.9031890034675598,10.306211471557615,3.687220096588135,1.457296371459961,0.5407421588897705
2166589785.0,-0.3445286750793457,0.8387178182601929,10.318620681762695,3.5334839820861816,0.6692487597465515,0.3839061856269836
2166598118.0,-0.03268638625741,1.1308363676071167,10.544496536254885,2.7003040313720703,-0.5356064438819885,0.4373117983341217
2166606451.0,-0.3718560934066772,1.045376896858215,10.12192153930664,1.998012661933899,-0.9342151284217834,0.1767125874757766
2166614784.0,-0.3169398605823517,0.6488386988639832,9.713180541992188,1.9014471769332888,0.552089273929596,0.5226585268974304
2166623117.0,-0.5487663149833679,0.1771017760038375,9.495952606201172,2.117195844650269,2.400771141052246,0.7010615468025208
2166631450.0,-0.6059881448745728,0.614416241645813,9.518457412719728,2.703275203704834,3.316941261291504,0.6950423121452332
2166639783.0,-1.1641603708267212,0.9292146563529968,9.996590614318848,3.3476011753082275,3.62228798866272,0.5199946165084839
2166648116.0,-0.7871053218841553,0.7014293074607849,10.35227870941162,2.965667486190796,2.865464448928833,0.3137487471103668
2166656449.0,-0.4300736486911773,0.4774167835712433,10.544989585876465,2.120730400085449,0.7204772233963013,0.4902564287185669
2166664782.0,-0.5798265933990479,0.757340133190155,10.06343936920166,1.7787805795669556,-1.2608991861343384,0.3932553231716156
2166673115.0,-0.5480899214744568,0.3262500464916229,9.517861366271973,2.1925015449523926,-1.1511677503585815,0.52191561460495
2166681448.0,-0.4561881721019745,0.0190943758934736,9.267882347106934,2.662523031234741,-0.1451942771673202,0.1980492621660232
2166689781.0,-0.3939201235771179,0.0952417850494384,9.584756851196287,3.110234022140503,1.6025800704956057,0.3756583333015442
2166698114.0,-0.7864571213722229,0.590502142906189,9.427383422851562,3.555844783782959,3.139050006866455,0.5948650240898132
2166706447.0,-0.5493349432945251,1.1609877347946167,9.835283279418944,4.142513275146484,3.530486583709717,0.4949695169925689
2166714780.0,-0.6776537895202637,0.8778777122497559,10.303958892822266,3.808248043060303,2.5674428939819336,0.3699208199977875
2166723113.0,-0.7696622014045715,0.4934964478015899,10.47722339630127,2.1463189125061035,1.224795699119568,0.3004293441772461
2166731446.0,-0.8175625801086426,0.339609831571579,9.647224426269531,1.36521315574646,0.2706400156021118,0.4781408905982971
2166739779.0,-0.7408023476600647,1.0698550939559937,9.359675407409668,2.740851163864136,0.0040470487438142,0.4718141555786133
2166748112.0,-0.3680486977100372,1.1508487462997437,9.922985076904297,3.6509504318237305,-0.084027498960495,0.6446590423583984
2166756445.0,-0.1749664843082428,0.7775847315788269,10.083624839782717,2.7083981037139893,-0.2216784060001373,0.5639742612838745
2166764778.0,-0.5572137832641602,-0.1265410482883453,9.4700345993042,1.0249279737472534,0.5621556043624878,0.604649543762207
2166773111.0,-1.0655269622802734,-0.0339345410466194,8.798478126525879,0.8985218405723572,2.634603500366211,0.8010083436965942
2166781444.0,-1.0452163219451904,-0.0299581736326217,9.338391304016112,2.697230100631714,4.199428081512451,1.028641939163208
2166789777.0,-0.62726229429245,0.3361208140850067,10.236552238464355,4.049610614776611,2.733551263809204,0.8511354923248291
2166798110.0,-0.5291348695755005,0.7800650000572205,10.97490692138672,4.304191112518311,-0.0600525774061679,0.6463496088981628
2166806443.0,-0.9423766136169434,0.5238813161849976,10.111927032470703,2.5415468215942383,-1.5515950918197632,0.3358794748783111
2166814776.0,-0.8454209566116333,0.655750572681427,8.914228439331055,1.996168732643128,-0.8904917240142822,0.4902308583259582
2166823109.0,-0.4987187087535858,0.276214450597763,9.541852951049805,2.468725681304932,0.1299922615289688,0.6857956051826477
2166831442.0,-0.6469864249229431,0.6505210399627686,9.593399047851562,2.666672468185425,0.907179355621338,0.5808027386665344
2166839775.0,-0.2991337776184082,0.7666807770729065,9.555561065673828,3.394423484802246,1.102103590965271,0.7818487882614136
2166848108.0,-1.2272424697875977,0.6610837578773499,9.73346710205078,3.4598934650421143,1.296208143234253,0.5136165618896484
2166856441.0,-1.0514479875564575,0.6974930763244629,9.945511817932127,2.457327127456665,2.004467487335205,0.5526270866394043
2166864774.0,-0.448864996433258,0.843491792678833,9.687905311584473,2.4875519275665283,1.0537952184677124,0.7206308841705322
2166873107.0,-0.8770766854286194,0.9272487759590148,10.405269622802734,2.9143877029418945,-1.039592146873474,0.4255549311637878
2166881440.0,-0.8741669654846191,0.5899055600166321,10.086618423461914,2.003366231918335,-1.4001126289367676,0.3702025413513183
2166889773.0,-0.266731858253479,0.1565817892551422,9.205388069152832,1.846069097518921,-1.091230392456055,0.4014262557029724
2166898106.0,-0.686637818813324,0.5151341557502747,9.58271312713623,2.386068344116211,-0.5995907783508301,0.6264985799789429
2166906439.0,-1.163936972618103,1.1207726001739502,9.37108039855957,2.1547975540161133,0.7757527232170105,0.3383896648883819
2166914772.0,-0.2971281707286834,0.7600584626197815,9.220816612243652,3.0192525386810303,1.1194188594818115,0.123972900211811
2166923105.0,-0.3757830262184143,0.0710790306329727,10.74351978302002,2.576561689376831,-0.0861278623342514,0.6801604628562927
2166931438.0,-1.009831786155701,-0.1512110829353332,10.628945350646973,0.662614643573761,-0.0465794876217842,1.0383753776550293
2166939771.0,-1.014388084411621,0.6413338780403137,9.275874137878418,1.8938395977020264,0.1434653252363205,0.7941181659698486
2166948104.0,-0.7625226974487305,1.197819709777832,9.8988676071167,4.707665920257568,-0.262763649225235,0.5225816369056702
2166956437.0,-0.4774253666400909,0.6478912830352783,10.975440979003906,3.713269948959351,-0.8018151521682739,0.5939940214157104
2166964770.0,-0.2165023535490036,0.6674771308898926,10.468847274780272,1.4610358476638794,-1.4481135606765747,0.4099557995796203
2166973103.0,-0.3660415112972259,1.0700066089630127,9.395269393920898,1.032535433769226,-1.417555570602417,0.6319288015365601
2166981436.0,-0.7779470682144165,1.4947553873062134,8.893126487731934,2.274876832962036,-0.1780061423778534,0.4967880547046661
2166989769.0,-0.6559639573097229,0.9545617699623108,10.144803047180176,2.8632614612579346,1.2695437669754028,0.2494058012962341
2166998102.0,-0.342111587524414,0.3434320986270904,10.248586654663086,1.288959503173828,1.1972861289978027,0.4297812283039093
2167006435.0,-0.4539551734924316,-0.0265799649059772,9.921708106994627,0.7928630113601685,0.2700508832931518,0.4610049426555633
2167014768.0,-0.6351795792579651,0.5271287560462952,9.597991943359377,1.5538618564605713,-0.0173536427319049,0.5256553292274475
2167023101.0,-0.6362664103507996,0.400390625,9.999860763549805,2.9998879432678223,-0.5525118112564087,0.6704781651496887
2167031434.0,-0.8469342589378357,0.3659498989582062,10.40342140197754,2.7954351902008057,-0.462631493806839,0.2473054677248001
2167039767.0,-0.0381382070481777,0.2948399186134338,10.091422080993652,1.7494523525238037,-0.3542321026325226,0.4969673454761505
2167048100.0,-0.1289104372262954,0.9638970494270324,9.356496810913086,2.5971555709838867,-1.0228917598724363,0.3542704880237579
2167056433.0,-0.7427560687065125,0.9164215922355652,9.89085578918457,2.6453871726989746,-0.1960641741752624,0.2218449115753173
2167064766.0,-0.7307159304618835,0.5132803916931152,9.694316864013672,1.9140751361846924,1.4578853845596311,0.4319840371608734
2167073099.0,-0.6159156560897827,0.9960026144981384,9.996292114257812,1.675042986869812,2.2488274574279785,0.3492501080036163
2167081432.0,-1.1134860515594482,0.7514232993125916,10.73888874053955,1.5014296770095823,2.1012895107269287,0.7477563619613647
2167089765.0,-1.1808334589004517,1.099874496459961,10.1538667678833,1.5240211486816406,0.8836910724639893,0.3428209125995636
2167098098.0,-0.2754062712192535,0.925193727016449,10.74745750427246,2.100290536880493,-0.580124020576477,0.4590071141719818
2167106431.0,-0.3699534833431244,0.3370211720466614,10.764397621154783,0.8671954870223999,-2.669093132019043,0.6520103216171265
2167114764.0,-0.7520689368247986,0.5749514102935791,9.730269432067873,-0.0083886617794632,-2.495402812957764,0.3784247040748596
2167123097.0,-0.5268283486366272,0.5155196785926819,9.046300888061523,0.5491948127746582,-0.7030466794967651,0.5648706555366516
2167131430.0,-0.6727700233459473,0.801295280456543,9.59453296661377,1.706445813179016,1.0734156370162964,0.5041137337684631
2167139763.0,-0.8261115550994873,0.2590652406215668,10.54209327697754,1.3910578489303589,2.166144609451294,0.6521896719932556
2167148096.0,-0.5344198942184448,-0.1232208386063575,10.498809814453123,0.5050870776176453,2.036459684371948,0.7964490056037903
2167156429.0,-0.6468744874000549,0.2318665534257888,9.843521118164062,1.049261450767517,0.2717925906181335,0.7646360993385315
2167164762.0,-1.103546142578125,0.2790544033050537,9.840117454528809,2.145653247833252,-0.945434272289276,0.7344881892204285
2167173095.0,-0.5683713555335999,0.2852817177772522,9.672445297241213,2.343907594680786,-1.6696511507034302,0.4874132871627807
2167181428.0,-0.0022824776824563,-0.6109480261802673,10.206879615783691,1.981645107269287,-2.165414810180664,0.794066846370697
2167189761.0,-0.0910838395357132,-0.2701718807220459,9.563075065612791,1.6534245014190674,-2.258291959762573,0.7826430201530457
2167198094.0,-0.3089853227138519,0.3511020243167877,9.06062126159668,2.5058915615081787,-1.0891813039779663,0.6384859681129456
2167206427.0,-0.4419598281383514,1.4325259923934937,9.217129707336426,4.297787189483643,0.9677571058273317,0.5460443496704102
2167214760.0,-0.7456374168395996,1.2065273523330688,10.237322807312012,3.896309614181519,2.464012861251831,0.4147457480430603
2167223093.0,-0.5054792165756226,0.6333641409873962,10.581280708312988,1.8922516107559204,2.899326801300049,0.4670243859291076
2167231426.0,-0.4615029990673065,0.1547000259160995,10.093233108520508,0.6157149076461792,1.828036546707153,0.8283387422561646
2167239759.0,-0.6216347217559814,0.3707214593887329,9.885017395019531,1.603041172027588,-0.2464473396539688,0.813713014125824
2167248092.0,-0.4212581813335418,0.3489499390125274,9.62761402130127,2.7641348838806152,-2.0541210174560547,0.3621596992015838
2167256425.0,-0.2081527858972549,0.1793063879013061,9.475558280944824,3.188152313232422,-2.313183069229126,0.2583195567131042
2167264758.0,0.0455619022250175,-0.2495108544826507,9.550283432006836,2.388143301010132,-1.581102728843689,0.6994991302490234
2167273091.0,-0.1669759750366211,-0.6021023988723755,8.82715129852295,1.770097255706787,0.0453628078103065,0.5196871757507324
2167281424.0,-0.1904181540012359,0.3717988133430481,8.836108207702637,3.1309049129486084,2.3366072177886963,0.4670499563217163
2167289757.0,-0.5454264879226685,0.5702924132347107,9.838698387145996,4.3408708572387695,3.472163438796997,0.487669438123703
2167298090.0,-0.3418345153331756,0.4850441217422485,10.751347541809082,4.035881042480469,3.0118496417999268,0.1109352484345436
2167306423.0,-0.3470268845558166,-0.0001048871781677,10.153624534606934,2.8491485118865967,1.8757816553115845,0.5997317433357239
2167314756.0,-0.5471429824829102,0.3382556438446045,9.73690700531006,2.927553176879883,0.917501986026764,0.7837443947792053
2167323089.0,-0.3147061467170715,1.0722612142562866,9.697917938232422,3.759349822998047,-0.2871739566326141,0.4212772846221924
2167331422.0,-0.0154980039224028,0.858418345451355,9.882085800170898,4.132421493530273,-1.0050129890441897,0.12335816770792
2167339755.0,-0.2791703343391418,0.3738870024681091,9.80615234375,2.6641621589660645,-0.3082033097743988,0.3653614819049835
2167348088.0,-0.6227563619613647,0.2947685718536377,8.782766342163086,1.4201812744140625,2.2800512313842773,0.3715857267379761
2167356421.0,-0.3313939869403839,0.8661067485809326,8.528050422668457,2.4929823875427246,4.224940299987793,0.3003013134002685
2167364754.0,-0.6360962390899658,0.6329019665718079,10.02701187133789,3.5929088592529297,4.618220806121826,0.4090593159198761
2167373087.0,-0.8315315246582031,0.4554288685321808,10.76047134399414,2.6108334064483643,3.565988540649414,0.4254525005817413
2167381420.0,-0.9223996996879578,0.6576562523841858,10.363494873046877,2.018401622772217,1.9767783880233765,0.3217916190624237
2167389753.0,-0.5865284204483032,1.0826815366744995,10.074399948120115,2.5137298107147217,0.5474018454551697,0.2988924980163574
2167398086.0,-0.362403929233551,0.8438980579376221,10.267074584960938,2.571592330932617,-0.8833453059196472,0.2308098673820495
2167406419.0,-0.3768483996391296,0.9159986972808838,9.662643432617188,2.313042402267456,-0.7679275870323181,0.207654595375061
2167414752.0,-0.3209297657012939,0.4388371706008911,9.180944442749023,1.857749342918396,0.2505072355270386,0.2209227979183197
2167423085.0,0.0727195590734481,0.2130483537912368,9.380532264709473,1.6380560398101809,1.9256527423858645,0.3368784487247467
2167431418.0,-0.8882187604904175,0.2894960045814514,9.51196002960205,1.6521692276000977,3.414556741714477,0.3714320063591003
2167439751.0,-1.6680805683135986,0.5799998044967651,9.58635139465332,2.2670905590057373,5.3859052658081055,0.1800936907529831
2167448084.0,-0.2680906355381012,0.7971967458724976,10.303458213806152,3.166277885437012,4.991471767425537,0.3624670207500458
2167456417.0,-0.0933424904942512,0.0606177821755409,11.566847801208496,2.9840073585510254,1.3951562643051147,0.4716349244117737
2167464750.0,-0.6163575649261475,0.1097603291273117,10.73304557800293,1.0731853246688845,-1.719650149345398,0.4403343498706817
2167473083.0,-1.0531209707260132,0.7335858941078186,8.805978775024414,1.7354923486709597,-0.8287101984024048,0.2613676786422729
2167481416.0,-0.4828628301620483,0.9521901607513428,8.954973220825195,3.7403440475463854,0.9390946626663208,0.2948454320430755
2167489749.0,-0.3926506340503692,0.6557018160820007,10.220974922180176,3.576925277709961,2.1253409385681152,0.3212537467479706
2167498082.0,-0.8635609149932861,0.4533737599849701,10.287397384643556,1.7078546285629272,3.2994463443756104,0.1535061001777649
2167506415.0,-0.7038188576698303,0.3577885329723358,9.095507621765137,1.3011263608932495,4.0007643699646,0.3319604992866516
2167514748.0,-0.5593206286430359,1.03188955783844,9.872077941894531,2.8828823566436768,3.456359386444092,0.533032238483429
2167523081.0,-1.4354666471481323,1.099405288696289,11.136027336120604,2.6093735694885254,1.4218719005584717,0.0468228235840797
2167531414.0,-1.2381285429000854,0.8212250471115112,10.14063549041748,1.279456615447998,0.8115614056587219,-0.3141970038414001
2167539747.0,-0.4463016390800476,0.209828644990921,9.96360969543457,1.431425929069519,0.4697650372982025,0.112600177526474
2167548080.0,-0.6610943675041199,0.1021211370825767,10.542210578918455,0.9593042135238647,-0.4372221529483795,0.1830137073993683
2167556413.0,-0.8210819959640503,0.6782253980636597,9.662590026855469,1.1573280096054075,0.1413649469614029,0.1332452446222305
2167564746.0,-0.6109787225723267,1.1673645973205566,9.307283401489258,2.6220779418945312,0.5505267381668091,-0.3911677300930023
2167573079.0,-0.1000583246350288,0.9335660338401794,10.732257843017578,2.8029656410217285,0.9494173526763916,-0.4829180240631103
2167581412.0,-0.6524823307991028,-0.2429892271757125,10.823710441589355,0.4829307794570923,1.2571722269058228,-0.307588517665863
2167589745.0,-1.0779707431793213,0.6125549077987671,9.53139305114746,0.1616002023220062,2.679556369781494,-0.4730564951896667
2167598078.0,-0.4675305187702179,0.6239439249038696,9.654680252075195,2.258790969848633,3.273011922836304,-0.2204232662916183
2167606411.0,-0.6010046601295471,0.4757955074310303,10.849481582641602,3.611529588699341,1.8214023113250728,-0.4660893380641937
2167614744.0,-0.804057240486145,0.3329873979091644,10.928564071655272,2.323134422302246,0.4534488618373871,-0.5481318235397339
2167623077.0,-0.8646714091300964,0.2625951766967773,9.707423210144045,0.9344584941864014,0.3895925283432007,-0.4244918823242187
2167631410.0,-0.3800109326839447,0.5653732419013977,9.545230865478516,1.6505813598632812,0.2072447836399078,-0.6316342353820801
2167639743.0,-0.1879469454288482,0.7847142219543457,9.824891090393066,2.451307535171509,0.2001752406358719,-0.6161888241767883
2167648076.0,0.4309147000312805,0.0507135540246963,10.467958450317385,2.0843071937561035,-0.1083866357803344,-0.735499918460846
2167656409.0,-0.2844614088535309,-0.2418090105056762,9.68208122253418,1.27151620388031,0.3141586184501648,-0.7762266993522644
2167664742.0,-0.8509564995765686,-0.2161186784505844,9.28220272064209,1.4222561120986938,3.229954957962036,-0.5354527831077576
2167673075.0,-0.6710613369941711,-0.224415972828865,8.990744590759277,2.708526134490967,5.365952014923096,-0.5266671180725098
2167681408.0,0.0128378979861736,0.0988568291068077,10.092902183532717,4.042515277862549,4.160725593566895,-0.6553530097007751
2167689741.0,-0.5642384886741638,0.2316596210002899,10.441034317016602,3.7011799812316895,1.601709246635437,-0.7090915441513062
2167698074.0,-1.167908787727356,0.0744118690490722,9.70277500152588,2.455329418182373,0.970574676990509,-0.8264561295509338
2167706407.0,-0.7008543014526367,0.2390136271715164,9.296710968017578,2.308406352996826,1.586878776550293,-0.6266139149665833
2167714740.0,-0.4816940724849701,0.7870367169380188,9.836662292480469,2.7307848930358887,1.6709959506988523,-0.5653702020645142
2167723073.0,-0.0560499615967273,0.7495580315589905,9.92965602874756,2.8523757457733154,0.7497543096542358,-0.7557352185249329
2167731406.0,-0.1781646162271499,0.0644146800041198,9.666306495666504,2.1838185787200928,0.4899234473705292,-0.5738741755485535
2167739739.0,-0.8683346509933472,-0.4171168506145477,9.22152614593506,1.436446189880371,2.1550281047821045,-0.3169377148151397
2167748072.0,-0.4577125310897827,-0.7171805500984192,9.040535926818848,1.949320197105408,3.749155759811402,-0.2573846578598022
2167756405.0,-0.2929346263408661,-1.0781044960021973,9.430376052856444,3.6146297454833984,3.6714162826538086,-0.1495486944913864
2167764738.0,-1.0040522813796997,-0.3793452084064483,9.179258346557615,4.983044624328613,2.874121904373169,-0.1826422959566116
2167773071.0,-0.8556985259056091,0.0441094972193241,9.437280654907228,5.689050197601318,2.2539758682250977,-0.2563088536262512
2167781404.0,-0.631370484828949,-0.0320524126291275,9.92737102508545,4.92902421951294,1.313216209411621,-0.0923265069723129
2167789737.0,-0.9784502983093262,-0.006385383196175,9.526348114013672,3.623491764068604,0.6563391089439392,0.0966168865561485
2167798070.0,-0.8614357113838196,-0.1306251585483551,9.04381275177002,3.790419578552246,1.100131273269653,0.2799891829490661
2167806403.0,-0.5228649377822876,-0.0227509401738643,9.197887420654297,5.0994873046875,1.0850189924240112,0.307268351316452
2167814736.0,-0.7147870063781738,0.3230452835559845,9.839869499206545,5.5873613357543945,0.7899174094200134,0.1152384355664253
2167823069.0,-1.2119210958480835,1.0814259052276611,10.16701889038086,5.213009357452393,1.9110782146453853,0.2196676582098007
2167831402.0,-1.2932921648025513,0.9919305443763732,9.980020523071287,4.215718746185303,2.8000969886779785,0.4041669964790344
2167839735.0,-1.358004093170166,1.0048779249191284,9.87899684906006,4.303959846496582,2.8959197998046875,0.3123655915260315
2167848068.0,-0.8584343194961548,0.7195347547531128,10.697869300842283,3.410099744796753,1.260220289230347,0.3197680711746216
2167856401.0,-0.5072794556617737,0.9016444683074952,9.93199062347412,2.953193187713623,-1.4074125289916992,0.1987408697605133
2167864734.0,-0.9305290579795836,0.5247219800949097,9.535723686218262,3.2021639347076416,-2.889836549758911,0.0534312985837459
2167873067.0,-1.0004233121871948,0.4236749112606048,9.686342239379885,2.359506368637085,-1.95875895023346,0.0153941540047526
2167881400.0,-1.28566312789917,0.6113035082817078,8.986963272094727,2.3354034423828125,0.4306777417659759,-0.3292581439018249
2167889733.0,-1.169100284576416,0.8918587565422058,9.457035064697266,3.3263161182403564,2.604378700256348,-0.260483980178833
2167898066.0,-0.5322729349136353,0.109951265156269,11.317341804504396,3.3040313720703125,2.0527760982513428,-0.2435273230075836
2167906399.0,-0.8989645838737488,0.1472312957048416,10.641268730163574,2.5949270725250244,-0.3715473115444183,-0.5975928902626038
2167914732.0,-0.7483595609664917,0.0081994496285915,9.936354637145996,3.255005359649658,-1.9278424978256223,-0.4415509700775146
2167923065.0,-0.4657066166400909,-0.1117475777864456,9.162276268005373,4.2068047523498535,-3.0834546089172363,-0.528818666934967
2167931398.0,-0.7907166481018066,0.0983685255050659,9.259607315063477,4.9682393074035645,-2.826031446456909,-0.7286865711212158
2167939731.0,-0.9428529739379884,0.6430474519729614,9.447220802307127,4.481236457824707,-0.8098069429397583,-0.7727943062782288
2167948064.0,-0.1381636559963226,0.7922036647796631,10.160866737365724,4.452240943908691,0.7380742430686951,-1.0437417030334473
2167956397.0,-0.6376475691795349,0.3815833926200866,10.262054443359377,4.316024303436279,0.5145900249481201,-0.907499611377716
2167964730.0,-1.2803101539611816,0.4373867511749267,10.056756019592283,4.108421325683594,1.0285396575927734,-0.734270453453064
2167973063.0,-1.3622406721115112,0.5967394113540649,9.968389511108398,4.678158283233643,1.6597769260406494,-0.7738189101219177
2167981396.0,-0.4854756891727447,1.2358036041259766,10.79373836517334,5.129788398742676,-0.3081520795822143,-0.8339866399765015
2167989729.0,0.0937892720103263,1.1518950462341309,11.687467575073242,4.424116134643555,-3.49825119972229,-0.647822380065918
2167998062.0,-0.1168796122074127,1.134328007698059,10.47161102294922,2.719847679138184,-5.329156875610352,-0.6828626990318298
2168006395.0,-0.2027297914028167,1.5003756284713743,8.827945709228516,2.5729501247406006,-3.652218818664551,-0.9529136419296264
2168014728.0,-0.426670104265213,0.769600510597229,9.031119346618652,2.7074503898620605,-0.1140217781066894,-0.3895541131496429
2168023061.0,-0.505489706993103,0.5327876806259155,9.728631019592283,2.1810011863708496,2.818667411804199,-0.3414762020111084
2168031394.0,-0.0781108438968658,0.955727219581604,10.046182632446287,2.520594358444214,3.4567689895629883,-0.2230103313922882
2168039727.0,-0.5529380440711975,0.5927944183349609,10.848054885864258,2.728121042251587,1.7244528532028198,-0.3975201249122619
2168048060.0,-0.3191888630390167,0.1042223945260047,10.650693893432615,2.1792333126068115,-0.2229078710079193,-0.5659080743789673
2168056393.0,0.287455677986145,-0.3063094317913055,9.826377868652344,1.792125582695007,-2.349247932434082,-0.3275164365768432
2168064726.0,-0.2880901396274566,-0.0025706822052598,9.406269073486328,2.70235276222229,-3.052691698074341,-0.4930099546909332
2168073059.0,-0.3319885432720184,0.796457827091217,9.154553413391112,3.573185443878174,-0.7419289946556091,-0.6346822381019592
2168081392.0,0.0225764438509941,0.8622628450393677,9.517452239990234,4.040338039398193,1.9072359800338743,-0.49516162276268
2168089725.0,0.0571930147707462,1.1112980842590332,10.116665840148926,3.310844659805298,3.3095898628234863,-0.4368892312049866
2168098058.0,-0.5392422676086426,0.3993816673755646,10.393720626831056,1.950600862503052,3.952148675918579,-0.006851808167994
2168106391.0,-0.8207024931907654,0.0943131893873214,9.49232292175293,1.7308306694030762,3.630843162536621,-0.3379926383495331
2168114724.0,-0.9882444143295288,0.3420681655406952,9.98409938812256,3.258412599563598,3.3098714351654053,0.0051740757189691
2168123057.0,-0.9421902894973756,0.3160317540168762,10.980531692504885,3.4318976402282715,1.894095778465271,-0.272855669260025
2168131390.0,-0.3527472913265228,0.5240136981010437,10.32122802734375,3.312304735183716,-0.5592739582061768,-0.5412415862083435
2168139723.0,-0.6476565599441528,0.9449791312217712,9.609112739562988,3.700616598129273,-1.5218825340270996,-0.5971574783325195
2168148056.0,-0.9863002300262452,0.939351201057434,9.80679988861084,2.598897218704224,0.0911866873502731,-0.5164726376533508
2168156389.0,-0.5388638377189636,0.9287485480308532,9.246804237365724,1.8800593614578247,1.901908278465271,-0.4137082993984222
2168164722.0,-0.6728618741035461,0.7680217623710632,9.57374382019043,1.940765142440796,2.82455849647522,-0.04855178296566
2168173055.0,-1.4242252111434937,0.4301741421222687,9.93160915374756,1.5826524496078491,3.0446105003356934,0.0239749271422624
2168181388.0,-1.1940627098083496,0.4397816359996795,9.553353309631348,1.711543083190918,2.2335867881774902,-0.1659418046474456
2168189721.0,-0.7852722406387329,0.1082603856921196,10.123955726623535,2.5250768661499023,0.5276532769203186,0.1715897619724273
2168198054.0,-1.307639479637146,0.6774004697799683,10.630977630615234,1.921502947807312,-1.370399832725525,-0.0869219005107879
2168206387.0,-1.003876805305481,0.8261750936508179,10.331531524658203,1.1913180351257324,-2.064827442169189,-0.2586909532546997
2168214720.0,-0.4800735116004944,1.2175991535186768,9.09129524230957,1.7215838432312012,-1.944133281707764,-0.3661426901817322
2168223053.0,-0.3979187309741974,0.2982563972473144,10.208321571350098,1.88620674610138,-2.0088348388671875,-0.2300286293029785
2168231386.0,-1.1122244596481323,0.0061731738969683,9.637712478637695,0.3145940005779266,-0.2813851833343506,-0.3219325244426727
2168239719.0,-1.3265806436538696,0.0636757314205169,8.723286628723145,0.8490093946456909,2.077749729156494,-0.0663280636072158
2168248052.0,-0.6986294984817505,0.713857889175415,9.193315505981444,3.044046401977539,2.23166561126709,-0.2739057838916778
2168256385.0,-0.6464049220085144,0.4275294244289398,10.58755588531494,3.7946972846984863,-0.7587832808494568,-0.5613231658935547
2168264718.0,-0.8775776624679565,-0.5274266004562378,10.336762428283691,1.7177932262420654,-2.8397607803344727,-0.5705186724662781
2168273051.0,-0.8550441265106201,-0.3515338897705078,8.833806991577148,1.33199143409729,-2.9396817684173584,-0.3347140252590179
2168281384.0,-0.1930765658617019,0.3566180467605591,9.54684352874756,3.001603841781616,-2.862710475921631,-0.4661149978637695
2168289717.0,-0.7123404145240784,0.5139335989952087,10.008478164672852,3.7150375843048096,-2.644375324249268,-0.721847653388977
2168298050.0,-0.5057464838027954,0.0049519264139235,9.384355545043944,3.326392889022827,-1.0627987384796145,-0.941208004951477
2168306383.0,0.3485163748264313,-0.2045126259326934,9.608832359313965,3.262305736541748,-0.0976030454039573,-0.7441319823265076
2168314716.0,-0.450228750705719,-0.3015311360359192,9.765787124633787,2.7392120361328125,-0.5937508344650269,-0.7555302977561951
2168323049.0,-0.54557204246521,-0.0695748105645179,9.539795875549316,3.355567693710327,0.0733847916126251,-0.6310707330703735
2168331382.0,-0.5820322036743164,0.3642053306102752,10.06447410583496,4.394429683685303,0.3787320852279663,-0.7231026887893677
2168339715.0,0.0040142377838492,0.8498860001564026,10.684136390686035,4.799365043640137,-0.6184941530227661,-0.6527402997016907
2168348048.0,0.4551910161972046,0.4147228896617889,11.089409828186035,3.6884498596191406,-1.8196223974227903,-0.731965184211731
2168356381.0,0.3209061324596405,0.7525333166122437,9.701003074645996,2.8122124671936035,-2.8989548683166504,-0.8268402814865112
2168364714.0,-0.1455506384372711,0.3014657497406006,9.148834228515623,3.032930612564087,-1.0248128175735474,-0.5249509215354919
2168373047.0,-0.4143267571926117,0.5536338686943054,9.314939498901367,3.030855655670166,2.603482246398926,-0.5240800976753235
2168381380.0,0.171033576130867,-0.0307669956237077,10.13784885406494,2.989872932434082,3.695827007293701,-0.4318431615829468
2168389713.0,-0.0260386280715465,0.1254129856824875,10.043869972229004,3.1358227729797363,3.1815185546875,-0.4894240498542785
2168398046.0,-0.4264236986637115,-0.102471075952053,10.332158088684082,3.100142240524292,2.136073350906372,-0.4703413546085357
2168406379.0,-0.8457122445106506,-0.1659300774335861,10.158656120300291,3.310767412185669,1.591156005859375,-0.5594532489776611
2168414712.0,-0.3214078247547149,-0.0706764981150627,10.024001121520996,3.5356862545013428,1.6737364530563354,-0.2784651517868042
2168423045.0,-0.0629092156887054,0.0529734455049037,9.836256980895996,4.0000715255737305,0.787074089050293,-0.1887640655040741
2168431378.0,0.3331193625926971,0.1032116189599037,10.17424774169922,4.153168678283691,-0.2279282659292221,-0.3155545592308044
2168439711.0,-0.6240726113319397,-0.1244460940361023,9.168187141418455,3.630484580993652,0.9356623888015748,-0.2246496528387069
2168448044.0,-0.2050084471702575,0.2027139514684677,9.50082778930664,3.7866039276123047,3.2414300441741943,-0.1415570676326751
2168456377.0,-1.1469062566757202,0.3060416579246521,9.74088191986084,4.359414577484131,5.208065509796143,0.1004077941179275
2168464710.0,-1.0534014701843262,0.8310112953186035,10.393458366394045,4.935171127319336,5.78804874420166,-0.2964975833892822
2168473043.0,-0.4797797501087188,1.126312494277954,10.875463485717772,5.17571496963501,4.03862190246582,-0.5042290687561035
2168481376.0,-0.0466774776577949,1.0682165622711182,11.667068481445312,4.015722751617432,1.089270830154419,-0.3066152036190033
2168489709.0,-0.6938355565071106,1.097617506980896,10.212653160095217,2.7354722023010254,-0.9511718153953552,-0.3495447039604187
2168498042.0,-0.2871041893959045,0.9390180110931396,9.269118309020996,2.5654451847076416,-0.1760338544845581,-0.4076121747493744
2168506375.0,-0.3829368054866791,0.6884022355079651,8.435944557189941,3.5406811237335205,1.540542483329773,-0.310969591140747
2168514708.0,-0.5427963733673096,0.3935334384441376,9.256550788879396,3.976635694503784,3.504718780517578,-0.4153732657432556
2168523041.0,-0.9832234978675842,0.5278130173683167,10.14278793334961,3.094045877456665,5.534672260284424,-0.3524646461009979
2168531374.0,-0.724578857421875,1.3072420358657837,9.533076286315918,3.20715880393982,5.650192737579346,-0.4160904586315155
2168539707.0,-0.5594553351402283,1.1320720911026,10.101247787475586,4.170356273651123,3.6535372734069824,-0.4420376420021057
2168548040.0,-0.9019888043403624,0.1592838168144226,10.33219051361084,2.8200759887695312,1.137297749519348,-0.469137579202652
2168556373.0,-1.3112307786941528,-0.4800773859024048,8.895868301391602,1.1860672235488892,0.3169249296188354,-0.2965487837791443
2168564706.0,-1.0822017192840576,0.2550669908523559,8.466360092163086,2.1012637615203857,0.9009038805961608,-0.0965784713625907
2168573039.0,-1.0115957260131836,1.148918867111206,9.30255889892578,4.186954021453857,1.0764894485473633,-0.283255010843277
2168581372.0,-0.8325484395027161,1.1588298082351685,10.336895942687988,4.111751079559326,0.7879451513290405,-0.6274847388267517
2168589705.0,-0.2160779982805252,0.4677530527114868,10.283836364746094,2.351386785507202,0.4685868322849273,-0.2862775325775146
2168598038.0,-1.1236284971237185,0.7078090906143188,9.563236236572266,1.8715296983718872,0.4784483015537262,-0.4280266761779785
2168606371.0,-1.052038073539734,0.3169790506362915,9.778853416442873,1.9067749977111816,1.676221251487732,-0.2824353575706482
2168614704.0,-0.6218212842941284,0.1265826523303985,9.26153564453125,3.346269130706787,1.4808356761932373,-0.5371946096420288
2168623037.0,-0.1016355976462364,0.1028190106153488,10.555100440979004,4.795881271362305,0.2179515361785888,-0.448261946439743
2168631370.0,-0.9375509023666382,0.4336291551589966,10.736387252807615,3.399700880050659,-0.2681938707828522,-0.2537986636161804
2168639703.0,-0.8527113199234009,1.419808030128479,9.622169494628906,3.0982463359832764,0.5294718146324158,-0.6464904546737671
2168648036.0,-0.3156094253063202,1.3738480806350708,9.589189529418944,3.649644136428833,1.2505125999450684,-0.6368083357810974
2168656369.0,0.1689233928918838,0.7668029069900513,10.781270027160645,2.8541688919067383,0.516997754573822,-0.6662135124206543
2168664702.0,-0.3051331341266632,0.3848658800125122,10.00945281982422,1.3743830919265747,0.1001772806048393,-0.5640383362770081
2168673035.0,-0.8379189968109131,0.5255826115608215,9.021025657653809,1.91766095161438,1.5473304986953735,-0.1869198828935623
2168681368.0,-1.186292290687561,1.0586495399475098,9.463075637817385,3.71636962890625,3.036644458770752,-0.5127585530281067
2168689701.0,-0.6858974695205688,1.46116840839386,10.775476455688477,3.929479598999024,3.327596426010132,-0.6014350652694702
2168698034.0,-0.0995529666543006,1.226509690284729,11.181134223937988,2.405791521072388,1.2642163038253784,-0.870717465877533
2168706367.0,-0.3829703629016876,1.4826127290725708,10.110671997070312,1.1083791255950928,-0.3629921376705169,-0.9314744472503662
2168714700.0,-0.2601204812526703,0.8900929093360901,9.800475120544434,0.5811357498168945,-0.9144922494888306,-0.8596264719963074
2168723033.0,-0.8051883578300476,0.9990304112434388,9.530791282653809,0.646298348903656,0.2678736448287964,-1.0371075868606567
2168731366.0,-0.843507707118988,0.8628073930740356,9.945267677307127,0.9010063409805298,2.723484516143799,-0.9811916947364808
2168739699.0,-0.3689322769641876,1.1099435091018677,10.229084968566896,1.5558600425720217,3.763320207595825,-0.9925132393836976
2168748032.0,-0.2645721435546875,0.6893194317817688,10.927772521972656,1.3403671979904177,2.780169010162353,-1.0492998361587524
2168756365.0,-0.5234422087669373,0.020178647711873,10.301576614379885,-0.0667891278862953,1.648096799850464,-0.8225883841514587
2168764698.0,-0.6685476303100586,-0.0103649171069264,8.999213218688965,0.1666462123394012,0.7353078722953796,-0.9605721831321716
2168773031.0,-0.6596663594245911,-0.0973149314522743,9.34416961669922,1.5624171495437622,1.1300488710403442,-0.8654665946960449
2168781364.0,-0.3422539830207824,-0.6226420998573303,9.982807159423828,1.833979249000549,0.8972409963607788,-0.8274550437927246
2168789697.0,-0.3354553878307342,-0.2293672561645507,9.491657257080078,1.7606202363967896,0.9607132077217102,-1.0049360990524292
2168798030.0,-0.2641006708145141,0.2045911401510238,9.36201286315918,2.496337890625,1.7997329235076904,-0.6996656656265259
2168806363.0,-0.3312081694602966,0.6919770240783691,9.330577850341797,2.975682497024536,2.074291944503784,-0.7949249744415283
2168814696.0,-1.1255943775177002,0.2524490058422088,9.99513816833496,2.496849775314331,2.6912105083465576,-0.8501235246658325
2168823029.0,-1.0542911291122437,-0.2759934067726135,9.41943073272705,1.1199055910110474,4.38070011138916,-0.4482619166374206
2168831362.0,-0.3906747102737427,-0.2251855731010437,9.79642105102539,1.940611481666565,3.801844358444214,-0.0733207538723945
2168839695.0,-0.0234189350157976,0.0013721771538257,10.27297019958496,3.1239376068115234,0.3618778884410858,-0.0079019907861948
2168848028.0,-0.4778374135494232,0.3585743010044098,9.581711769104004,4.001302242279053,-2.019439220428467,-0.4197276830673218
2168856361.0,-1.0823417901992798,0.5910941958427429,9.024168968200684,3.884270668029785,-0.8749950528144836,-0.7007414698600769
2168864694.0,-0.6949996948242188,0.5678513050079346,9.292961120605469,2.5134994983673096,2.2981348037719727,-0.2857652306556701
2168873027.0,-0.403932124376297,0.4577080905437469,9.349714279174805,1.9215288162231443,4.049713134765625,-0.2974709570407867
2168881360.0,-0.7170299887657166,0.4906478822231293,9.674814224243164,2.3622217178344727,3.838088274002075,-0.0097206020727753
2168889693.0,-1.5396769046783447,0.1874169409275055,9.761695861816406,2.5637803077697754,3.5026955604553223,0.0311212968081235
2168898026.0,-0.877909243106842,0.3822096288204193,9.910175323486328,2.856806516647339,2.279589891433716,0.1842175722122192
2168906359.0,-0.5746052861213684,0.7049535512924194,10.40829849243164,2.998171806335449,-0.1601017713546753,0.1617026627063751
2168914692.0,-0.716396689414978,0.6439447999000549,10.321815490722656,1.7040895223617554,-1.9993577003479004,0.1808877289295196
2168923025.0,-0.0248373541980981,0.3157490789890289,9.03757381439209,1.564491629600525,-2.392151594161988,0.0050972327589988
2168931358.0,-0.0170258414000272,-0.1323344260454177,9.36414909362793,1.988458752632141,-1.4987785816192627,-0.0239877309650182
2168939691.0,-0.9547774195671082,-0.0682597160339355,9.047320365905762,1.7302160263061523,1.2859883308410645,0.2841387391090393
2168948024.0,-1.1292169094085691,0.1760054677724838,8.51710033416748,3.006342887878418,4.927820205688477,0.1105766594409942
2168956357.0,-0.8670382499694824,0.8666471242904663,9.938827514648438,4.530466556549072,5.63556718826294,0.1517643481492996
2168964690.0,-0.9842126965522766,1.104758858680725,11.55527400970459,3.5986716747283936,3.679586887359619,-0.1779292672872543
2168973023.0,-0.2819793820381164,0.4517091810703277,11.06058406829834,1.6555761098861694,0.1016885116696357,-0.248137891292572
2168981356.0,-0.2630344331264496,0.4861640930175781,9.586143493652344,1.587314248085022,-2.7119710445404053,-0.1198362037539482
2168989689.0,-0.8585150241851807,-0.0193710271269083,9.530030250549316,2.012945890426636,-3.14608097076416,-0.1892507672309875
2168998022.0,-0.8047493696212769,0.041586622595787,8.640931129455566,2.585091114044189,-0.1818738728761673,-0.0658157765865325
2169006355.0,-0.5178940892219543,0.2692686915397644,8.754517555236816,4.288437843322754,2.459837913513184,-0.0106427147984504
2169014688.0,-0.3977898061275482,0.1193236410617828,10.167283058166504,4.648983478546143,3.4188857078552246,0.0105530638247728
2169023021.0,-0.9572104215621948,0.1028342694044113,10.523691177368164,3.366837501525879,3.155494213104248,0.0337339453399181
2169031354.0,-1.0582910776138306,0.64766526222229,9.931632041931152,3.1218628883361816,2.3002350330352783,-0.177878051996231
2169039687.0,-0.5860813856124878,1.1640177965164185,9.582661628723145,4.5402512550354,0.5897165536880493,-0.1688874661922454
2169048020.0,-0.4852612912654876,0.7678067088127136,10.652591705322266,4.886222839355469,-1.3632535934448242,-0.2403767704963684
2169056353.0,-1.075031876564026,0.1481364071369171,10.20819854736328,2.2575876712799072,-1.9056352376937864,-0.1300050616264343
2169064686.0,-1.0870048999786377,1.3964025974273682,8.489297866821289,2.500487327575684,0.3157210648059845,-0.0036244145594537
2169073019.0,-0.515962541103363,1.0155189037322998,10.566186904907228,3.916826248168945,1.575045108795166,0.2214863151311874
2169081352.0,-0.4165294170379638,0.9283031821250916,10.94678783416748,3.0488622188568115,0.8610481023788452,-0.0087216468527913
2169089685.0,-0.3876700103282928,0.6419801712036133,10.331048965454102,2.778042793273926,0.0498196855187416,0.1625991463661193
2169098018.0,-0.630957841873169,0.6272611618041992,10.383559226989746,2.25192666053772,0.2980728447437286,0.3866724967956543
2169106351.0,-0.6787726879119873,1.0318787097930908,9.41752815246582,2.320265531539917,0.2004826068878173,-0.0526244454085826
2169114684.0,-0.7126641273498535,0.8554683923721313,9.40121078491211,3.467194080352783,0.853901743888855,0.1686441153287887
2169123017.0,-0.6092325448989868,0.94728022813797,10.544963836669922,2.700944423675537,0.9081271290779114,0.1379839032888412
2169131350.0,-0.9900686740875244,1.0332508087158203,10.184440612792969,1.759031891822815,0.7592571973800659,-0.0266003813594579
2169139683.0,-0.3199609816074371,0.8669102787971497,10.37122917175293,1.212552189826965,0.8582305312156677,0.3291941285133362
2169148016.0,-0.2976370453834533,1.1927582025527954,9.994068145751951,1.4858050346374512,-0.4202143847942352,0.2428229600191116
2169156349.0,-0.4639730453491211,0.6337648630142212,9.695417404174805,1.7884113788604736,-1.2535477876663208,0.1398281157016754
2169164682.0,-0.9787515997886658,-0.0603963248431682,9.53646755218506,1.5789896249771118,0.4208675324916839,0.4340332448482513
2169173015.0,-1.2450202703475952,0.3637606501579284,9.555574417114258,1.3978201150894165,2.1341781616210938,0.6241933703422546
2169181348.0,-0.735470712184906,1.0435503721237185,10.289631843566896,2.35261607170105,2.771332025527954,0.6742690801620483
2169189681.0,-0.1730767637491226,1.4176394939422607,10.494739532470703,3.166790246963501,0.2963823080062866,0.3144659399986267
2169198014.0,-0.2951292097568512,1.3482768535614014,11.042865753173828,2.429049253463745,-1.915906548500061,0.2265066802501678
2169206347.0,-0.5374206900596619,0.5624723434448242,9.991196632385254,0.1007920056581497,-1.7529228925704956,0.3224831819534302
2169214680.0,-0.2746548652648926,1.0042662620544434,8.471741676330566,-0.0292642619460821,-0.2779784798622131,0.3409254550933838
2169223013.0,-0.4817187786102295,1.6403268575668335,9.359405517578123,1.6723021268844604,0.9184495806694032,0.3432819545269012
2169231346.0,-0.7897027730941772,1.139432072639465,10.601141929626465,0.9586896300315856,2.219934701919556,0.4262465238571167
2169239679.0,-0.2793690264225006,0.5578740835189819,10.400736808776855,-0.0783667564392089,2.539395332336426,0.532289445400238
2169248012.0,-0.3796223402023315,0.3830904364585876,10.28672218322754,-0.395906388759613,1.6210991144180298,0.8513146638870239
2169256345.0,-0.5849740505218506,-0.2449773699045181,10.22231388092041,-0.2821279764175415,0.3191020786762237,0.7001394629478455
2169264678.0,-0.5202835202217102,-0.9744532704353333,9.06827449798584,0.7781091928482056,-0.756273090839386,0.4874132871627807
2169273011.0,-0.2183051109313964,-1.0052835941314695,9.281999588012695,2.1347415447235107,-0.621695876121521,0.5932256579399109
2169281344.0,-0.3488323390483856,-0.6631385087966919,9.36355209350586,2.6646227836608887,0.1330659538507461,0.9350988268852234
2169289677.0,-0.4984112679958343,-0.376560628414154,8.896880149841309,3.3958070278167725,1.2910854816436768,0.8526466488838196
2169298010.0,-0.8598360419273376,0.5631481409072876,8.787288665771484,4.413383960723877,2.7608556747436523,0.7955781817436218
2169306343.0,-0.6430808901786804,0.9172478318214417,10.208657264709473,4.258033752441406,2.972019910812378,0.7496262192726135
2169314676.0,-0.4535286724567413,1.3092070817947388,10.348891258239746,2.827991008758545,1.5071672201156616,0.3728152215480804
2169323009.0,-0.6226373314857483,0.9930003881454468,10.03201961517334,1.864203929901123,0.375735193490982,0.7126904129981995
2169331342.0,-0.8112965226173401,0.4843260943889618,9.7904691696167,1.20573890209198,-0.0695042237639427,1.0307424068450928
2169339675.0,-0.7047832012176514,0.2056895792484283,9.655184745788574,1.4469480514526367,-0.0949647650122642,0.9609692096710204
2169348008.0,-0.6512263417243958,0.1021083742380142,9.499733924865724,2.2125062942504883,0.1066320538520813,0.8559508323669434
2169356341.0,-0.4279724955558777,0.6186695694923401,9.801432609558104,3.206082820892334,-0.021631222218275,0.6403303146362305
2169364674.0,-0.8303259611129761,0.2505133748054504,10.166266441345217,2.5535342693328857,0.3860834240913391,0.5192261934280396
2169373007.0,-0.6273500323295593,0.665225088596344,9.388216018676758,1.7671003341674805,1.4333468675613403,0.5353630781173706
2169381340.0,-0.535528838634491,0.5138347744941711,9.324525833129885,2.323493003845215,1.4373685121536257,0.3092150390148163
2169389673.0,-0.7054039835929871,0.6781439185142517,10.211844444274902,2.632323741912842,0.8769546151161194,0.2686164975166321
2169398006.0,-0.6046655178070068,0.5360952615737915,10.322989463806152,2.187199592590332,0.1758417189121246,0.2213582247495651
2169406339.0,0.1602587103843689,0.8081015944480896,9.77932834625244,2.207665205001831,-0.8328596353530884,0.3337790668010711
2169414672.0,-0.4198721945285797,1.1112653017044067,9.576981544494627,2.6283535957336426,-1.3444271087646484,0.4086239039897918
2169423005.0,-1.507778882980347,1.2460731267929075,9.115179061889648,2.0713977813720703,0.7488834261894226,0.185242161154747
2169431338.0,-0.8318130373954773,0.6802383661270142,9.434029579162598,1.384218692779541,2.693695306777954,0.0257935337722301
2169439671.0,-0.0803559720516204,0.5856902003288269,10.180184364318848,1.1635265350341797,1.846811890602112,0.2255333364009857
2169448004.0,-0.4040640890598297,0.5013570785522461,10.98816204071045,0.8111771941184998,-0.7057618498802185,0.1611903756856918
2169456337.0,-0.9409812688827516,1.384618639945984,9.62315559387207,1.1168062686920166,-1.5035171508789062,-0.0322355143725872
2169464670.0,-0.8212122917175293,0.9590370059013368,9.633790969848633,1.703320860862732,-0.3608404994010925,-0.0951184555888176
2169473003.0,-0.160910353064537,0.2357290983200073,9.86447811126709,0.7193244695663452,0.3157466351985931,-0.0007812341209501
2169481336.0,-0.0183541942387819,-0.6509730815887451,10.236712455749512,-0.3869670331478119,-0.2301054745912552,0.1973576843738556
2169489669.0,-0.834514856338501,-0.47682985663414,9.539653778076172,0.3334717154502868,0.2870074808597564,0.2000215649604797
2169498002.0,-0.4747386574745178,-0.6597139239311218,9.307334899902344,2.690211772918701,1.098005294799805,0.1363445669412613
2169506335.0,0.059743259102106,-0.2752290666103363,9.84411907196045,4.704490184783936,0.2916693091392517,0.000973340938799
2169514668.0,-0.4298096299171448,-0.7011404037475586,10.452826499938965,3.783478260040283,-0.9529391527175904,0.1931825578212738
2169523001.0,-0.4463163614273071,-0.3885534107685089,9.067346572875977,2.873865842819214,0.0976414605975151,0.3919490575790405
2169531334.0,-0.5039131045341492,0.1675238907337188,9.22954559326172,4.2299346923828125,1.349537372589111,0.4673573672771454
2169539667.0,-0.6672775149345398,0.3000610768795013,10.463109970092772,4.908174514770508,1.82109534740448,0.5386161804199219
2169548000.0,0.1727287322282791,0.445919930934906,10.539701461791992,4.867473125457764,1.1381173133850098,0.5222742557525635
2169556333.0,-0.4130201637744903,0.7922037839889526,10.112249374389648,4.842525005340576,-0.3421165347099304,0.4681257903575897
2169564666.0,-0.7584918737411499,1.042483687400818,10.225645065307615,3.973587274551392,0.2649280428886413,0.4805998504161834
2169572999.0,-0.4967983067035675,0.7628252506256104,9.979934692382812,2.8676414489746094,1.6348797082901,0.4147200584411621
2169581332.0,0.24403977394104,0.340936928987503,10.670062065124512,2.677583932876587,0.9599446654319764,0.8928609490394592
2169589665.0,-0.7888929843902588,0.7943004965782166,9.949606895446776,2.806449174880981,0.7111023664474487,0.918782651424408
2169597998.0,-0.9036251306533812,0.4387723803520202,10.404902458190918,3.447675943374634,1.9127428531646729,1.0449070930480957
2169606331.0,-0.6866632103919983,0.8637656569480896,9.879362106323242,3.250830173492432,2.2150673866271973,0.9356366991996764
2169614664.0,-0.5556108355522156,1.5614120960235596,10.400238990783691,3.3894803524017334,1.698249340057373,0.9294893145561218
2169622997.0,-0.996114194393158,1.260470986366272,10.803638458251951,1.822068452835083,0.4532951116561889,0.5397687554359436
2169631330.0,-0.9286965131759644,1.253306865692139,10.050588607788086,0.6726297736167908,0.3822668194770813,0.2729708850383758
2169639663.0,-0.1322846710681915,0.0582527518272399,9.978187561035156,0.7310045957565308,0.50298672914505,0.9786174297332764
2169647996.0,-0.0466306582093238,-0.0151784038171172,10.149627685546877,0.967372715473175,-1.2231180667877195,1.059993863105774
2169656329.0,-1.6049089431762695,0.6154771447181702,9.013626098632812,2.1144042015075684,-0.4871187508106231,0.4622857272624969
2169664662.0,-0.6716570854187012,0.5516595840454102,9.588316917419434,3.0301382541656494,2.406892776489258,0.6827986240386963
2169672995.0,0.338702380657196,-0.0193636417388916,10.721322059631348,2.767643690109253,1.5418232679367063,0.6676862239837646
2169681328.0,-0.0930267423391342,-0.0219654832035303,11.17564296722412,1.609521508216858,-0.7022526264190674,0.5302146077156067
2169689661.0,-1.220525145530701,0.137656420469284,9.470105171203612,1.5450762510299685,-0.259459376335144,0.4388998448848724
2169697994.0,-0.8340242505073547,0.6438561081886292,8.519203186035156,4.132933616638184,1.7881810665130615,0.2886724472045898
2169706327.0,-0.4654222428798675,0.9559835195541382,10.076799392700195,5.577551364898682,2.337324619293213,0.5678932666778564
2169714660.0,-0.5892733931541443,1.103827953338623,11.131427764892578,3.579000234603882,1.112938404083252,0.3251470625400543
2169722993.0,-0.7681509852409363,0.8087791204452515,9.738788604736328,1.6718922853469849,-0.0260880980640649,-0.0116416690871119
2169731326.0,-0.3804263174533844,0.4027996361255646,9.223671913146973,2.198136806488037,0.0878312066197395,0.243027850985527
2169739659.0,-0.4675837159156799,-0.2062143981456756,10.022151947021484,2.826069593429565,-0.6212605237960815,0.5556495785713196
2169747992.0,-0.5726129412651062,0.1948253959417343,9.931561470031738,3.1004750728607178,-0.6627299189567566,0.2501230239868164
2169756325.0,-0.5446228384971619,0.1322320848703384,9.301349639892578,4.099301815032959,0.1334757655858993,0.5541383028030396
2169764658.0,-0.5556016564369202,0.5502769947052002,9.565921783447266,4.948311805725098,0.7646361589431763,0.3718162477016449
2169772991.0,-0.3248364925384521,-0.047453012317419,10.099213600158691,3.8901100158691406,0.8895822763442993,0.2895432710647583
2169781324.0,-0.2184728235006332,-0.073367916047573,9.742450714111328,3.1222984790802,0.2631862461566925,0.5486569404602051
2169789657.0,-0.4467284083366394,0.4178499281406402,9.42889404296875,3.50592303276062,0.1654679775238037,0.6346952319145203
2169797990.0,-0.4574386477470398,1.529585361480713,9.22555160522461,4.766732215881348,0.3907195627689361,0.5098000764846802
2169806323.0,-0.3503636419773102,1.617220401763916,9.925820350646973,4.679951190948486,0.0852441787719726,0.2017633318901062
2169814656.0,-0.9769071340560912,1.1052926778793335,9.890100479125977,2.811802625656128,0.9625317454338074,0.2975605428218841
2169822989.0,-0.922138214111328,0.8060626983642578,9.800298690795898,0.9255448579788208,2.1537985801696777,0.5937892198562622
2169831322.0,-0.6120373010635376,0.9369430541992188,9.86366844177246,1.1569437980651855,1.9002690315246584,0.6103360056877136
2169839655.0,-0.1115977317094802,0.4397073984146118,10.704458236694336,2.1484196186065674,-0.368524819612503,0.6074416041374207
2169847988.0,-0.1674985885620117,-0.1324779987335205,10.231490135192873,1.976240515708924,-2.4045233726501465,0.5923290848731995
2169856321.0,-0.1126950606703758,-0.3298317492008209,9.53604507446289,1.6201261281967163,-2.4700448513031006,0.4969674050807953
2169864654.0,-0.7378960847854614,0.4380909502506256,8.8566255569458,2.22239351272583,-0.5797910094261169,0.6143319010734558
2169872987.0,-0.5476717948913574,0.8959926962852478,9.352221488952637,2.9403092861175537,2.3279497623443604,0.5353631377220154
2169881320.0,-0.2649763822555542,0.8702189922332764,9.386436462402344,3.302802085876465,3.247168064117432,0.4289872348308563
2169889653.0,-0.1065987274050712,0.4990337491035461,10.60004711151123,2.92406964302063,2.143450736999512,0.6579784154891968
2169897986.0,-1.6738862991333008,0.4843980371952057,10.09376049041748,0.9162212014198304,1.603809833526611,0.6646382212638855
2169906319.0,-1.4758179187774658,0.880589485168457,9.273786544799805,1.5380067825317385,1.898450493812561,0.4719167053699493
2169914652.0,-0.4190031588077545,0.9707696437835692,10.09645175933838,3.1814420223236084,0.7243449687957764,0.6313909292221069
2169922985.0,-0.0205870233476161,1.3536911010742188,10.988178253173828,2.936185359954834,-3.046032190322876,0.5844912528991699
2169931318.0,-0.5476311445236206,1.2175462245941162,10.403260231018066,1.1749507188796997,-4.501356601715088,0.253299206495285
2169939651.0,-0.7671698927879333,1.6310288906097412,9.150131225585938,0.1085787415504455,-2.1015071868896484,0.4050378799438476
2169947984.0,-0.2540475130081177,1.2098675966262815,9.077594757080078,0.4668706357479095,0.7762137055397034,0.4379777610301971
2169956317.0,0.1231086701154708,0.7063412666320801,10.17196273803711,0.5734259486198425,2.2284128665924072,0.6450945138931274
2169964650.0,-0.5831897258758545,0.2754899859428406,10.220775604248049,-0.1100003272294998,1.9155861139297483,0.6639721989631653
2169972983.0,-0.6173713803291321,0.8181630373001099,9.639986038208008,0.6025236248970032,1.799553632736206,0.428423672914505
2169981316.0,-0.3544517159461975,0.18939308822155,10.34989070892334,1.253637433052063,0.7315937280654907,0.580341637134552
2169989649.0,-0.3276788890361786,0.369294136762619,10.240224838256836,0.6190192699432373,-0.9756591320037842,0.3069097697734833
2169997982.0,-0.5022456049919128,-0.0450714826583862,9.127057075500488,0.6431735157966614,-1.4786971807479858,0.6176361441612244
2170006315.0,-0.3646591007709503,-0.2960919439792633,8.785565376281738,1.2014355659484863,-0.3798718750476837,0.6848734021186829
2170014648.0,-0.1895315945148468,0.2932989597320556,9.533173561096191,2.023012161254883,0.6642026901245117,0.7642775177955627
2170022981.0,-0.4670077860355377,0.1188800409436225,10.202251434326172,1.9130247831344604,0.9156833291053772,0.5080327987670898
2170031314.0,-0.3397867977619171,0.8051968216896057,9.46208381652832,2.031183242797852,1.4334750175476074,0.1045573130249977
2170039647.0,-0.3811735808849334,0.1028092727065086,9.77035140991211,2.628712177276612,2.0830776691436768,0.6653554439544678
2170047980.0,-0.8120796084403992,-0.391203910112381,10.218082427978516,1.545358180999756,2.275748014450073,0.9536179900169371
2170056313.0,-1.0061017274856567,0.1084663569927215,9.765097618103027,1.644357204437256,1.9820295572280884,0.8348959684371948
2170064646.0,-1.150760054588318,0.3006863296031952,9.793081283569336,3.407461404800415,1.7303695678710938,0.878363311290741
2170072979.0,-0.639549732208252,-0.0064368546009063,10.898868560791016,3.815905809402466,0.4108522534370422,0.8401980400085449
2170081312.0,0.0815801098942756,0.1157695949077606,10.858091354370115,3.032366991043091,-1.6328179836273191,1.0319465398788452
2170089645.0,-0.3923176229000091,0.3379361629486084,9.983922958374023,2.522003173828125,-2.4155633449554443,0.8985217213630676
2170097978.0,-1.1889885663986206,0.9856831431388856,9.687946319580078,3.0229408740997314,0.0237187817692756,0.6575431227684021
2170106311.0,-0.7182671427726746,0.6701714396476746,9.99313259124756,2.911621570587158,3.370833396911621,0.853107750415802
2170114644.0,-0.1245509684085846,0.4944601655006408,10.507857322692873,3.0006823539733887,3.8244104385375977,1.2299189567565918
2170122977.0,-0.6520133018493652,0.8524530529975891,10.874993324279783,2.869819164276123,1.7667932510375977,0.967065453529358
2170131310.0,-0.8925364017486572,0.5652052164077759,10.095096588134766,2.3835325241088867,0.5943527221679688,0.9187825322151184
2170139643.0,-0.9500433802604676,0.1357305496931076,9.206308364868164,2.5746915340423584,0.074716717004776,0.880591630935669
2170147976.0,-0.6902356743812561,0.3089048564434051,10.06762409210205,2.9293975830078125,-0.0945805683732032,0.8467298150062561
2170156309.0,-0.5637514591217041,-0.1468176394701004,10.488618850708008,2.165785789489746,-0.0203505065292119,0.8254442811012268
2170164642.0,-0.7170169949531555,0.2577109932899475,9.51653003692627,2.5552761554718018,-0.0393050462007522,0.9387874007225036
2170172975.0,-0.7090553045272827,0.4822494089603424,9.90721321105957,3.83229923248291,0.8545676469802856,1.0304350852966309
2170181308.0,-0.8743484020233154,0.5197749137878418,10.278922080993652,3.3753156661987305,1.509088158607483,0.779364287853241
2170189641.0,-0.4458510875701904,0.6076807379722595,10.386170387268066,2.757474899291992,1.1605042219161987,0.5551373362541199
2170197974.0,-0.7386016249656677,-0.226892277598381,10.250739097595217,2.309661388397217,0.568610429763794,0.8657867312431335
2170206307.0,-0.7744717001914978,0.1959681659936905,9.72256565093994,2.789339065551758,-0.1685288697481155,0.6512419581413269
2170214640.0,-0.0416145510971546,0.6747493147850037,9.858317375183104,4.042130947113037,-0.6009483337402344,0.9132242798805236
2170222973.0,-0.3574461638927459,0.4789095818996429,10.247998237609863,4.153783798217773,-0.8607280254364014,0.9375066757202148
2170231306.0,-0.7711190581321716,0.3533296287059784,9.544759750366213,3.1115403175354004,-0.0216312203556299,0.6883569359779358
2170239639.0,-0.9139035940170288,-0.1557601690292358,9.23078155517578,2.735625982284546,2.4744632244110107,0.9641197323799132
2170247972.0,-0.3298582434654236,-0.138619989156723,9.76164722442627,3.061720848083496,2.6947712898254395,1.038503646850586
2170256305.0,-0.4449599385261535,0.4216486811637878,9.841235160827637,4.239412307739258,0.9609436988830566,0.9119436144828796
2170264638.0,-0.5423810482025146,0.1937318742275238,10.150965690612791,4.980739116668701,-0.3157594501972198,0.8074118494987488
2170272971.0,-0.6972969770431519,0.3129917979240417,9.69977569580078,3.9819118976593018,-0.4752080738544464,0.920857310295105
2170281304.0,-0.3674646317958832,0.1725496500730514,9.27442741394043,3.266993522644043,0.1568359732627868,1.0851471424102783
2170289637.0,-0.6204888820648193,0.3434498012065887,8.880880355834961,3.594881057739258,0.6199156641960144,1.287986159324646
2170297970.0,-0.5852389931678772,0.8349640965461731,9.301944732666016,4.572755813598633,0.8680920600891113,0.9456519484519958
2170306303.0,-0.3203565776348114,0.5512373447418213,10.393070220947266,4.254575729370117,1.5549890995025637,1.2211331129074097
2170314636.0,-0.5775089859962463,0.7856873273849487,10.571144104003906,3.2442731857299805,0.9561281204223632,1.115679144859314
2170322969.0,-0.2817336916923523,0.7362468838691711,9.785120010375977,3.2501649856567383,0.5810332894325256,1.196031093597412
2170331302.0,-0.8588591814041138,0.2629050612449646,9.217039108276367,3.691549062728882,1.0617612600326538,1.1501303911209106
2170339635.0,-1.2017654180526731,0.3560286462306976,9.278846740722656,3.898461103439331,2.0415825843811035,1.2261022329330444
2170347968.0,-1.2280348539352417,0.4353815615177154,9.777920722961426,3.853174924850464,2.509913206100464,1.1971837282180786
2170356301.0,-0.4049281477928161,0.5675689578056335,10.495721817016602,3.63842511177063,0.8469090461730957,0.7734730243682861
2170364634.0,-0.4537504911422729,0.8615132570266724,10.250204086303713,3.4220616817474365,-1.019126296043396,0.9391202926635742
2170372967.0,-0.8747556805610657,0.8016128540039062,9.625679969787598,3.324317455291748,-1.2482967376708984,1.0777188539505005
2170381300.0,-0.3588630557060241,0.6432884335517883,9.250811576843262,3.406975269317627,-0.3545906841754913,1.0288983583450315
2170389633.0,-1.0198752880096436,0.6563389301300049,9.651233673095703,3.449878692626953,0.8353058099746704,0.8736246824264526
2170397966.0,-0.621584415435791,0.5643594861030579,10.525449752807615,2.5321719646453857,2.4462873935699463,1.2550718784332275
2170406299.0,-0.6172714233398438,1.04613995552063,9.765996932983398,3.290276288986206,1.942762851715088,1.1367086172103882
2170414632.0,-0.9344239830970764,1.2499933242797852,10.701516151428224,4.382493019104004,1.3808889389038086,0.9411439299583436
2170422965.0,-0.8703842163085938,0.582504153251648,10.631112098693848,2.933931589126587,0.8859964609146118,1.0300507545471191
2170431298.0,-0.5981155633926392,0.8749940395355225,9.783809661865234,2.471492052078247,0.1909028887748718,0.6555194854736328
2170439631.0,-0.2524532675743103,1.1817119121551514,9.585979461669922,3.0517566204071045,-0.5225944519042969,0.8668625354766846
2170447964.0,-0.3212616145610809,0.4371654093265533,9.91917896270752,3.3358702659606934,-0.7254848480224609,0.5904337167739868
2170456297.0,-0.7061446905136108,0.6565088033676147,8.972455978393555,2.8621599674224854,0.1759953945875167,0.5631288886070251
2170464630.0,-1.0401219129562378,1.1339884996414185,8.700705528259277,3.330260753631592,2.574102640151977,0.8867136240005493
2170472963.0,-1.2058706283569336,1.5393589735031128,10.189557075500488,3.746953010559082,3.949561595916748,0.797832190990448
2170481296.0,-1.179340124130249,0.9367685914039612,10.63766384124756,2.637139320373535,2.76541519165039,0.4986066818237304
2170489629.0,-1.024972915649414,0.8153362274169922,10.155200958251951,2.013432741165161,1.06040358543396,0.7049292922019958
2170497962.0,-0.610685408115387,0.667836606502533,10.417627334594728,2.3028478622436523,-1.3185056447982788,0.8577951788902283
2170506295.0,-0.8954249620437622,0.8660151958465576,9.803544998168944,2.44918179512024,-2.9736204147338867,0.6566208600997925
2170514628.0,-0.9870820045471193,0.651412844657898,9.408624649047852,2.523386240005493,-2.258932113647461,0.6146647930145264
2170522961.0,-0.5242182612419128,0.8834390640258789,9.21233367919922,2.395340919494629,-0.237303078174591,0.4957891404628753
2170531294.0,-0.7765455842018127,0.9384024739265442,10.258724212646484,2.4201865196228027,1.4323225021362305,0.7845640182495117
2170539627.0,-0.976362407207489,0.7489672899246216,10.615538597106934,1.2237969636917114,2.2571520805358887,0.6697097420692444
2170547960.0,-0.2567827403545379,0.9438074827194214,9.978052139282228,1.556679368019104,1.2228235006332395,0.57204270362854
2170556293.0,-0.5226184725761414,0.5147343873977661,10.539263725280762,2.583784818649292,-0.7236149311065674,0.8230878710746765
2170564626.0,-0.8259571194648743,-0.0203404426574707,10.843576431274414,1.6353152990341189,-1.306851148605347,0.8766471743583679
2170572959.0,-0.6900394558906555,0.1253434270620346,9.435522079467772,1.2158052921295166,-1.0825215578079224,0.9074098467826844
2170581292.0,-0.8366265296936035,0.9372424483299256,9.36994743347168,2.8858530521392822,-0.1070290803909301,0.5174843668937683
2170589625.0,-0.9889131784439088,0.4953930675983429,10.404523849487305,3.211641311645508,1.448946237564087,0.5393846035003662
2170597958.0,-1.0276561975479126,0.7604472041130066,10.247669219970703,2.124342441558838,2.391012191772461,0.5513207912445068
2170606291.0,-0.2942789494991302,1.1524089574813845,10.368155479431152,1.941892147064209,1.633061170578003,0.8528259992599487
2170614624.0,-0.7710521817207336,0.4948139190673828,10.369967460632324,2.0672993659973145,-0.5762307047843933,0.7474234104156494
2170622957.0,-1.1007403135299685,0.2819648385047912,10.167223930358888,1.222157597541809,-0.9824979901313782,0.6939664483070374
2170631290.0,-0.5799667835235596,0.3129154145717621,9.315340042114258,1.106842279434204,-0.4506695866584778,1.0668071508407593
2170639623.0,-0.4418494701385498,0.8452489972114563,9.574210166931152,2.608323335647583,-0.8729459047317505,0.7407124638557434
2170647956.0,-0.2454008311033249,0.7441003322601318,10.628008842468262,2.463064670562744,-0.9544760584831238,0.7936826944351196
2170656289.0,-1.4631068706512451,-0.0259433612227439,10.079864501953123,0.8441171050071716,0.4872083365917206,1.0541536808013916
2170664622.0,-1.1484047174453735,0.7470768690109253,9.460992813110352,0.667942464351654,2.646155595779419,1.156969428062439
2170672955.0,-0.5432251691818237,0.2060084193944931,10.208309173583984,2.22879695892334,2.2335870265960693,1.403301477432251
2170681288.0,-0.3578356504440307,-0.0749233365058898,10.620072364807127,2.2390170097351074,-0.9766579270362854,0.9073842167854308
2170689621.0,-0.6359129548072815,-0.2722877264022827,10.039386749267578,1.8168175220489504,-2.860559225082397,1.1016170978546145
2170697954.0,-1.1753673553466797,-0.1883522868156433,8.912745475769043,1.887231469154358,-1.9014344215393064,0.9362770915031432
2170706287.0,-0.3685218691825866,0.2640154659748077,9.130041122436523,2.852785110473633,-0.3103804886341095,1.076848030090332
2170714620.0,-0.5299100875854492,0.0101334992796182,10.191749572753906,3.4131221771240234,0.3774001002311706,1.2588627338409424
2170722953.0,-0.989729642868042,0.2508709728717804,9.96463680267334,2.796536684036255,1.2233614921569824,1.3577851057052612
2170731286.0,-0.5143969655036926,0.7495782971382141,9.563405990600586,3.395063877105713,1.4790936708450315,1.1776142120361328
2170739619.0,-0.5441195964813232,0.2697850465774536,10.066998481750488,3.909935474395752,-0.2432455569505691,0.9188593029975892
2170747952.0,-0.4138833582401275,-0.2370512783527374,9.87559700012207,2.915002584457397,-1.355005979537964,1.102513551712036
2170756285.0,-0.4915210306644439,-0.5180262327194214,9.314205169677734,2.646693468093872,-1.565964698791504,1.2712345123291016
2170764618.0,-0.3537762761116028,0.0775608047842979,8.770906448364258,3.7170608043670654,-1.1938153505325315,0.932332456111908
2170772951.0,-0.3103848993778229,-0.1205989569425582,9.414405822753906,5.034990310668945,-0.2759037315845489,1.0136576890945437
2170781284.0,-0.6583223938941956,-0.8576578497886658,9.564556121826172,4.424039363861084,0.6925833225250244,1.0076897144317627
2170789617.0,-0.8401056528091431,-0.1924663335084915,8.5841064453125,4.768474578857422,2.332304239273072,1.2906500101089478
2170797950.0,-1.0694011449813845,0.2005625367164611,9.892417907714844,5.947164058685303,2.886852264404297,1.2809165716171265
2170806283.0,-0.9264691472053528,0.9859790802001952,10.350418090820312,6.064298152923584,1.4400322437286377,1.0300252437591553
2170814616.0,-0.6275343894958496,0.6679244041442871,10.328024864196776,5.603856563568115,-0.5658825039863586,1.1972349882125854
2170822949.0,-0.5396709442138672,0.3723876178264618,10.262259483337402,4.217614650726318,-2.413334846496582,1.151180624961853
2170831282.0,-0.5238539576530457,0.7771170139312744,9.748805046081545,3.656560182571411,-2.61279296875,1.050286054611206
2170839615.0,-0.4214497804641723,1.149160861968994,9.639780044555664,4.093718528747559,-1.513993501663208,1.094035267829895
2170847948.0,-0.6083352565765381,1.6036456823349,9.689016342163086,4.73671293258667,0.5407677292823792,1.0059223175048828
2170856281.0,-0.6813852190971375,1.3755513429641724,10.40408420562744,4.127427101135254,2.3381187915802,1.0025924444198608
2170864614.0,-0.7715705633163452,0.9165245294570924,10.65218448638916,2.4921112060546875,3.1195318698883057,1.2122960090637207
2170872947.0,-0.925109088420868,1.393284559249878,9.557788848876951,1.88451623916626,2.602303981781006,1.2258718013763428
2170881280.0,-1.2825639247894287,1.151411533355713,9.86444091796875,2.898148536682129,1.2102981805801392,0.8938344120979309
2170889613.0,-0.8261508345603943,0.9315781593322754,10.25022315979004,2.6214632987976074,-0.9518122673034668,0.8171454071998596
2170897946.0,-0.3274494111537933,-0.1159089803695678,10.11172866821289,1.6146444082260132,-2.634411096572876,1.0186268091201782
2170906279.0,-0.4275932013988495,-0.3283434510231018,9.58149528503418,1.0824064016342163,-3.0854012966156006,1.3022277355194092
2170914612.0,-1.0701656341552734,0.8348706364631653,8.789556503295898,2.458070039749145,-1.272246241569519,1.0761563777923584
2170922945.0,-0.8107488751411438,0.9720386266708374,9.357558250427246,4.489227771759033,0.817760169506073,0.3978147208690643
2170931278.0,-0.5375251173973083,1.098738431930542,10.38980197906494,4.694884777069092,2.409172534942627,0.6042142510414124
2170939611.0,-0.8365674018859863,0.6419287323951721,11.179647445678713,2.923737049102783,2.2889392375946045,0.7952195405960083
2170947944.0,-0.6489313840866089,0.6629363298416138,9.980964660644531,1.504605770111084,1.250666260719299,0.7473720908164978
2170956277.0,-0.4460275173187256,0.4619274437427521,9.124290466308594,3.283258438110352,-0.5661642551422119,0.9856101870536804
2170964610.0,-0.7584858536720276,0.0675699636340141,10.186810493469238,4.204474449157715,-2.563383102416992,0.7079775333404541
2170972943.0,-0.7416208982467651,0.885418713092804,10.044519424438477,3.450237274169922,-1.823515772819519,0.7024703621864319
2170981276.0,-0.3685714304447174,0.9193528294563292,9.502508163452148,3.685990571975708,-0.7768924832344055,0.7395853996276855
2170989609.0,-0.1290127784013748,1.1733770370483398,10.164895057678224,3.657686710357666,0.1705395579338073,0.6950933933258057
2170997942.0,-1.1786019802093506,1.1466593742370603,10.084630012512209,2.6717183589935303,1.852242350578308,0.8946028351783752
2171006275.0,-0.929338276386261,1.0245132446289062,10.09721565246582,2.055567979812622,2.8842904567718506,0.8809759616851807
2171014608.0,-0.3800002336502075,1.393054723739624,10.21196460723877,2.75473427772522,1.8536254167556765,0.933767020702362
2171022941.0,-0.4556061625480652,0.8929659724235535,11.571331024169922,2.4705443382263184,-0.5487209558486938,1.2013076543807983
2171031274.0,-0.6252423524856567,1.1564666032791138,10.5513334274292,0.779441237449646,-2.2561404705047607,1.0233399868011477
2171039607.0,-0.4898921549320221,1.1096851825714111,9.125131607055664,0.980307936668396,-1.403775334358215,1.2632683515548706
2171047940.0,-0.0640350505709648,0.4785404801368713,9.384779930114746,1.7415887117385864,-0.741032600402832,1.1798171997070312
2171056273.0,-0.4704913794994354,0.2701268196105957,9.78266143798828,1.3486661911010742,0.1691051721572876,1.082918643951416
2171064606.0,-0.95755934715271,0.5169427394866943,9.530207633972168,0.838456392288208,2.4314568042755127,1.2051241397857666
2171072939.0,-0.7233501076698303,0.988415539264679,9.3165922164917,2.009385347366333,3.2828738689422607,1.2049704790115356
2171081272.0,-0.5309844613075256,0.8469763994216919,10.745859146118164,2.67819881439209,2.408480644226074,1.0071004629135132
2171089605.0,-0.5552891492843628,0.2649484872817993,10.906469345092772,1.0913968086242676,0.1793764680624008,0.960789918899536
2171097938.0,-0.2154097557067871,0.6103318333625793,9.93638801574707,0.7268807291984558,-1.351624608039856,0.9700621962547302
2171106271.0,-0.2580263018608093,1.147271990776062,9.87256908416748,2.030901432037353,-1.7580971717834473,1.0542563199996948
2171114604.0,-0.5321478843688965,1.0319539308547974,9.795705795288086,2.196727991104126,-0.5333524346351624,0.7965002059936523
2171122937.0,-0.2449034005403518,0.7140735983848572,9.530900955200195,1.7610810995101929,1.6614160537719729,0.7974480390548706
2171131270.0,-0.2386662811040878,0.3828721940517425,9.448482513427734,1.3750488758087158,3.1732962131500244,0.9793346524238586
2171139603.0,-0.6710222959518433,0.6266506314277649,9.622491836547852,1.5764793157577517,3.733044147491455,0.8708327412605286
2171147936.0,-1.1911654472351074,0.5490757822990417,10.137417793273926,1.7843389511108398,3.9269442558288574,0.717890202999115
2171156269.0,-0.4990279972553253,0.451425164937973,10.168336868286133,1.796992301940918,2.6745102405548096,0.7462450861930847
2171164602.0,-0.3323511779308319,0.3814499974250793,10.557320594787598,1.9970139265060425,0.5612847208976746,0.876928985118866
2171172935.0,-0.5420229434967041,0.2815671265125274,10.494625091552734,1.2246421575546265,-1.080779790878296,0.7073115110397339
2171181268.0,-0.4588131606578827,0.092439018189907,9.084010124206545,1.5128793716430664,-0.4095076322555542,0.7816696763038635
2171189601.0,-0.5673922300338745,0.4732769429683685,9.059947967529297,2.701866388320923,1.8310080766677856,0.886380672454834
2171197934.0,-0.3049061000347137,0.2789326310157776,10.087213516235352,2.696384906768799,3.270989418029785,1.0061016082763672
2171206267.0,-0.5460459589958191,0.1857591271400451,9.519046783447266,2.0458855628967285,3.511481046676636,0.7604609727859497
2171214600.0,-0.6454886794090271,0.2291679829359054,9.467426300048828,2.465165376663208,3.382718563079834,0.8722160458564758
2171222933.0,-0.8962730765342712,0.0684308782219886,10.05392837524414,2.4733359813690186,3.244657278060913,0.9469582438468932
2171231266.0,-1.0324190855026243,0.589752197265625,9.69638729095459,2.4901647567749023,2.3030271530151367,0.8703205585479736
2171239599.0,-0.6920488476753235,0.6200485229492188,9.869924545288086,2.995354175567627,1.056330919265747,0.7773407697677612
2171247932.0,-1.0639718770980835,0.1334528625011444,9.579724311828612,2.2819466590881348,0.6978854537010193,0.5545738339424133
2171256265.0,-0.9777552485466005,0.1639916747808456,8.985980033874512,1.90042245388031,1.4539151191711426,0.9184239506721495
2171264598.0,-0.8102079629898071,0.2241745442152023,9.285635948181152,2.463141441345215,1.6750686168670654,1.0051281452178955
2171272931.0,-0.8581406474113464,-0.2694301307201385,9.638306617736816,2.8595221042633057,1.2356562614440918,0.9743910431861876
2171281264.0,-0.5431973934173584,-0.0881094932556152,9.493529319763184,2.947660446166992,0.9350988268852234,1.1543567180633545
2171289597.0,-0.7910199761390686,0.0776206403970718,9.805766105651855,3.192814588546753,0.5383087992668152,1.2589911222457886
2171297930.0,-1.413818597793579,0.3975367248058319,9.687020301818848,3.041818618774414,0.9022871255874634,1.00715172290802
2171306263.0,-0.987281858921051,0.5583771467208862,10.11567497253418,3.1236557960510254,1.9734485149383545,1.2548413276672363
2171314596.0,-0.1095887720584869,0.7768232226371765,10.338483810424805,3.215406656265259,0.7871255278587341,1.1316370964050293
2171322929.0,-0.6756626963615417,0.8012610673904419,10.457262992858888,3.527105569839477,-0.3872488141059875,1.2812496423721311
2171331262.0,-1.2398210763931274,0.3716765642166137,10.121091842651367,1.9273430109024048,0.1576812267303466,1.3190819025039673
2171339595.0,-0.8174904584884644,0.6538071036338806,9.002463340759277,1.804318070411682,0.926774263381958,1.3529183864593506
2171347928.0,-0.0326920635998249,0.6649512052536011,9.814595222473145,3.0012714862823486,0.8843827843666077,1.5660288333892822
2171356261.0,-0.4521119296550751,0.6145169138908386,10.791881561279297,2.756808996200561,-0.3880428671836853,1.382758855819702
2171364594.0,-1.211226463317871,0.766718327999115,9.94115161895752,1.8555976152420044,0.400632232427597,1.1930598020553589
2171372927.0,-0.916002094745636,1.172771692276001,9.637480735778809,2.0155587196350098,2.383250951766968,1.4246639013290403
2171381260.0,-0.6305223107337952,1.0049463510513306,10.187768936157228,2.6562728881835938,1.9600521326065063,1.04206383228302
2171389593.0,-0.778153121471405,0.321505457162857,10.518183708190918,2.116452932357788,0.8990852236747742,1.0660388469696045
2171397926.0,-0.8801993131637573,-0.4413133859634399,10.035736083984377,1.3493835926055908,0.5075973272323608,1.1954165697097778
2171406259.0,-0.714850127696991,0.0217151995748281,9.117630958557127,2.6341679096221924,-0.1045701205730438,1.1769485473632812
2171414592.0,-0.7312939167022705,0.3211465775966644,10.055353164672852,4.330855369567871,-0.3300778567790985,1.1741054058074951
2171422925.0,-0.8573095798492432,0.61782306432724,10.006684303283691,3.8573498725891113,-0.0683259740471839,0.6590798497200012
2171431258.0,-0.4554842710494995,0.7926384210586548,9.450243949890137,3.792750835418701,0.5356448292732239,0.6525993943214417
2171439591.0,-0.5030514597892761,0.7122905850410461,10.218430519104004,3.348010540008545,1.5223562717437744,1.082303762435913
2171447924.0,-0.6004757881164551,0.4874838888645172,10.256109237670898,2.619593620300293,0.8517758250236511,0.8583586812019348
2171456257.0,-0.8767853379249573,0.9105988144874572,9.650202751159668,3.403261184692383,1.0283604860305786,0.7848970890045166
2171464590.0,-1.0186290740966797,0.7757700085639954,9.983585357666016,4.150479793548584,1.5044010877609253,0.9315897822380066
2171472923.0,-0.4196971654891968,0.5837863683700562,10.501264572143556,3.701948404312134,0.6089527606964111,0.7065173983573914
2171481256.0,-0.3343824744224548,0.6444571018218994,10.399274826049805,2.5175461769104004,-0.5650116205215454,0.8598955273628235
2171489589.0,-0.7667757868766785,0.5976969003677368,9.74629020690918,2.2655532360076904,-0.8225626349449158,0.8861756324768066
2171497922.0,-0.7971469759941101,1.1934412717819214,9.07451057434082,3.013156175613404,0.6712210774421692,0.7162253260612488
2171506255.0,-0.4126008749008178,1.3997492790222168,10.246898651123049,3.826587438583374,1.7656148672103882,0.7659937739372253
2171514588.0,-0.7173956036567688,1.2049821615219116,10.580693244934082,2.440088987350464,1.482347011566162,0.5839276909828186
2171522921.0,-0.9506463408470154,0.9772040247917176,9.922778129577637,1.164167046546936,2.149085760116577,0.8053627610206604
2171531254.0,-0.6036198139190674,0.6076931357383728,9.810386657714844,1.2204927206039429,1.8169201612472528,0.977644145488739
2171539587.0,-0.5165242552757263,0.8289098739624023,10.020696640014648,1.952931523323059,0.3845464587211609,0.7286993265151978
2171547920.0,-0.7333997488021851,0.4677895605564117,10.128896713256836,2.514037132263184,-0.7186201810836792,0.5686360001564026
2171556253.0,-0.6768872141838074,0.2969580888748169,9.589287757873535,2.0057737827301025,-0.4200862646102905,0.5766276717185974
2171564586.0,-0.7220512628555298,0.7897413372993469,9.15529727935791,2.2978014945983887,0.8481897711753845,0.6326203346252441
2171572919.0,-0.9232311844825744,0.8025801181793213,9.963932037353516,2.3537943363189697,1.882774353027344,0.5962993502616882
2171581252.0,-0.7640029191970825,0.731814980506897,9.780771255493164,1.943326473236084,2.0563108921051025,0.4519632160663605
2171589585.0,-0.6266247630119324,0.6024270057678223,9.52237606048584,2.158332347869873,1.5325254201889038,0.5871039032936096
2171597918.0,-0.8553009629249573,0.7920575737953186,10.200150489807127,2.0981132984161377,0.8242149353027344,0.656979501247406
2171606251.0,-0.8259604573249817,0.2710999548435211,9.850210189819336,1.348205327987671,-0.2150186896324157,0.5685847997665405
2171614584.0,-0.3346709907054901,0.4698940515518188,9.33920669555664,1.8269351720809937,-0.5819425582885742,0.6388446092605591
2171622917.0,-0.1573003381490707,0.3627511858940124,9.765897750854492,2.50368881225586,-1.1441749334335327,0.7391499280929565
2171631250.0,-0.9056259393692015,0.5906260013580322,9.444575309753418,2.209637403488159,-0.3004677593708038,0.4916651844978332
2171639583.0,-0.7190796732902527,0.7580904364585876,9.37889289855957,2.221086978912353,1.6746073961257937,0.7038022875785828
2171647916.0,-0.2975973784923553,0.299726128578186,9.6615571975708,2.214965581893921,2.581812858581543,0.8399932980537415
2171656249.0,-0.7736558318138123,0.3761743009090423,9.796926498413086,2.21752667427063,1.8641014099121087,0.7381253242492676
2171664582.0,-0.9275688529014589,0.2093429863452911,9.717570304870604,2.3079705238342285,1.600274920463562,0.760742723941803
2171672915.0,-0.7964211106300354,0.3153196573257446,9.535527229309082,2.692594051361084,0.5872319340705872,0.8937575817108154
2171681248.0,-0.8149822950363159,0.3298186659812927,10.297283172607422,2.723663806915283,-0.116531953215599,1.0251328945159912
2171689581.0,-0.4332809448242187,0.2564571499824524,9.909174919128418,2.0341546535491943,-0.8568601608276367,0.9216769337654114
2171697914.0,-0.3450320959091186,0.2748974561691284,9.34683609008789,2.545030355453491,-0.8193609118461609,1.069522261619568
2171706247.0,-0.8214266300201416,0.5904701352119446,9.711368560791016,2.7673873901367188,0.5458649396896362,1.3315303325653076
2171714580.0,-0.9347133040428162,0.5196048617362976,9.716175079345703,2.265937805175781,2.0519051551818848,1.1014889478683472
2171722913.0,-0.6630397439002991,0.6047243475914001,9.350934982299805,2.5614230632781982,2.349388360977173,1.1197261810302734
2171731246.0,-0.4136753976345062,0.2106520533561706,10.38403606414795,2.491163730621338,1.345157027244568,1.5798602104187012
2171739579.0,-0.8805463314056396,-0.0801111757755279,9.920936584472656,1.633470892906189,-0.5608620643615723,1.2320959568023682
2171747912.0,-1.3195549249649048,0.2202358692884445,9.420516967773438,2.0271873474121094,-0.1921707987785339,1.2017942667007446
2171756245.0,-0.5697618126869202,0.3611089587211609,9.858118057250977,2.6046605110168457,0.6052387952804565,1.4138545989990234
2171764578.0,-0.5066978335380554,0.1585323363542556,9.990577697753906,2.956651210784912,-0.5979259014129639,1.099798321723938
2171772911.0,-0.8242872953414917,0.5513941049575806,9.797504425048828,2.911032199859619,-0.66982501745224,0.9208574295043944
2171781244.0,-0.5073049068450928,0.1072559133172035,9.576092720031738,2.7475368976593018,0.2613420784473419,1.0358909368515017
2171789577.0,-0.4717439711093902,-0.2047727406024933,9.606924057006836,2.749969959259033,0.741122305393219,1.171979308128357
2171797910.0,-0.6535216569900513,0.367784172296524,9.70500373840332,3.215559959411621,1.0043342113494873,1.2566601037979126
2171806243.0,-0.3913761079311371,0.348301500082016,9.519813537597656,4.04008150100708,0.5183296203613281,0.9614302515983582
2171814576.0,-0.4277710318565368,0.1549878269433975,10.160534858703612,4.444736003875732,0.0920063406229019,0.7128697633743286
2171822909.0,-0.4615030586719513,0.3464071452617645,10.320613861083984,3.5168604850769043,0.1750220954418182,0.8530821800231934
2171831242.0,-0.9747616052627563,0.4419938027858734,9.43090534210205,3.619598150253296,0.9425780773162842,0.8706021308898926
2171839575.0,-0.8432013392448425,0.6929036378860474,9.824131965637209,4.527316093444824,1.8055987358093264,0.8038259148597717
2171847908.0,-0.6474798321723938,0.4546798169612884,10.48770809173584,4.5778021812438965,1.732008934020996,0.7501897215843201
2171856241.0,-0.5325594544410706,0.246708869934082,10.335697174072266,3.8696188926696777,0.3608276844024658,0.6981927156448364
2171864574.0,-0.7863996624946594,1.0174773931503296,10.320595741271973,3.6993870735168457,-0.0309035740792751,0.8154547214508057
2171872907.0,-1.2517884969711304,1.324227213859558,9.830352783203123,3.717187881469727,0.3738909363746643,0.5393075942993164
2171881240.0,-0.2717446684837341,0.9210890531539916,9.807368278503418,3.8140618801116943,0.6031127572059631,0.6143829822540283
2171889573.0,-0.023686546832323,0.4963440299034118,10.841803550720217,3.125576972961426,-0.0903029814362526,0.9451395869255066
2171897906.0,-0.9413040280342102,0.2617063522338867,10.405023574829102,1.5680779218673706,-0.2928091585636139,0.7659680843353271
2171906239.0,-1.0700647830963137,1.1997936964035034,8.802352905273438,2.8618013858795166,1.482065200805664,0.4674340784549713
2171914572.0,-0.8784012794494629,1.1547670364379885,10.200457572937012,4.67262601852417,2.7984321117401123,0.6133584976196289
2171922905.0,-0.8340732455253601,0.7331855893135071,11.005840301513672,3.379081010818481,1.9436590671539309,0.4893342852592468
2171931238.0,-0.211207166314125,0.5696310997009277,10.352075576782228,1.591156244277954,0.3113410472869873,0.5852341055870056
2171939571.0,-0.2526219189167022,0.3772621750831604,9.74067497253418,1.7070863246917725,-1.303239345550537,0.8116382360458374
2171947904.0,-0.7869634628295898,0.9881364107131958,9.303491592407228,2.858497381210327,-1.2808526754379272,0.5983229279518127
2171956237.0,-0.8671150803565979,1.2669123411178589,9.766008377075195,3.3213980197906494,0.5483495593070984,0.5042163133621216
2171964570.0,-0.6986886858940125,1.58195698261261,9.937859535217283,2.784728765487671,2.038534641265869,0.5186883807182312
2171972903.0,-0.3946046233177185,1.7217233180999756,10.15821933746338,1.8428928852081297,2.6853959560394287,0.4122354388236999
2171981236.0,-0.1335241049528122,1.746664047241211,10.59148120880127,0.6648174524307251,1.7630534172058103,0.521480143070221
2171989569.0,-0.1247885003685951,0.93129301071167,9.984696388244627,-0.3050783574581146,-0.1903009712696075,0.3894132375717163
2171997902.0,-0.7163715362548828,0.4487192928791046,9.33214282989502,-0.0327477976679801,-0.1320797950029373,0.6049057245254517
2172006235.0,-0.9838806986808776,0.2245348989963531,9.450193405151367,0.475502610206604,1.307452917098999,0.8054395914077759
2172014568.0,-0.732047438621521,0.1559963375329971,9.372434616088867,1.2221064567565918,2.526357412338257,0.694862961769104
2172022901.0,-0.4491861760616302,0.6716691851615906,10.011350631713867,2.1332051753997803,2.715980052947998,0.6178922057151794
2172031234.0,-0.9256616830825806,-0.1338853687047958,10.623351097106934,1.6012994050979614,1.5526580810546875,0.5821090936660767
2172039567.0,-1.2191084623336792,-0.089211605489254,9.639659881591797,1.2182130813598633,1.578349232673645,0.6340547800064087
2172047900.0,-0.9517788887023926,-0.3530944585800171,9.981698036193848,2.2503645420074463,1.826423168182373,1.0127099752426147
2172056233.0,-1.1259007453918457,0.070648618042469,9.856164932250977,2.9126462936401367,1.041987061500549,0.8329237699508667
2172064566.0,-0.4271810352802276,0.9068995118141174,9.822742462158203,3.8702852725982666,0.2481507062911987,0.7115122079849243
2172072899.0,-0.1570131480693817,1.1600351333618164,10.471636772155762,3.717572927474976,-1.1374129056930542,0.8905812501907349
2172081232.0,-0.7164626717567444,0.6826211214065552,10.216373443603516,1.9074406623840328,-1.081753134727478,0.7892000675201416
2172089565.0,-0.6546421051025391,0.5674731731414795,9.090625762939451,0.4874644577503204,1.1375280618667605,1.2333766222000122
2172097898.0,-0.566922128200531,0.424275130033493,8.97527027130127,1.6630043983459473,2.847381114959717,1.468361735343933
2172106231.0,-0.1633936017751693,0.3059390485286712,9.911786079406738,2.748023271560669,2.537192344665528,1.4455649852752686
2172114564.0,-0.6738117933273315,0.8763576149940491,10.186540603637695,2.895305156707764,0.8927842378616333,1.1264371871948242
2172122897.0,-0.8451324105262756,0.141687661409378,10.105440139770508,1.706881403923035,0.3332924246788025,0.9828949570655824
2172131230.0,-0.8773686289787292,0.319424420595169,8.6978759765625,1.075592875480652,1.121852159500122,1.148260474205017
2172139563.0,-0.6675776243209839,-0.4215264916419983,9.436505317687988,1.625709891319275,1.5514798164367676,1.5976368188858032
2172147896.0,-0.5323516726493835,-0.4786917865276336,9.682209968566896,2.107027053833008,0.679571270942688,1.5619304180145264
2172156229.0,-0.6950036883354187,0.0117434244602918,9.436790466308594,3.498443126678467,0.2724329829216003,1.11078679561615
2172164562.0,-0.8727796673774719,0.1558394134044647,9.984053611755373,4.424628734588623,0.5686360597610474,0.9977001547813416
2172172895.0,-1.0582221746444702,0.0637126117944717,9.578046798706056,3.843620777130127,1.2223368883132937,0.8215509653091431
2172181228.0,-0.6755993366241455,0.1369297057390213,9.463305473327637,3.706098318099976,2.291654586791992,1.253944993019104
2172189561.0,-1.030875563621521,-0.1618665307760238,9.995946884155272,3.631842613220215,2.09798526763916,1.1607859134674072
2172197894.0,-0.1573475450277328,-0.2071017473936081,10.089180946350098,4.123943328857422,0.4438947141170501,1.1168575286865234
2172206227.0,-0.3865876793861389,-0.406394213438034,10.417281150817873,4.946441650390625,-1.2626664638519287,1.112784743309021
2172214560.0,-0.6524619460105896,0.0777419731020927,9.748213768005373,4.9278717041015625,-1.549571514129639,0.8182722926139832
2172222893.0,-0.2235496640205383,0.3199752271175384,8.630877494812012,5.458291053771973,0.3765548765659332,0.7557224631309509
2172231226.0,-0.4996610879898071,0.2454174011945724,9.58102035522461,5.783926010131836,1.8022692203521729,0.9347659349441528
2172239559.0,-0.9600826501846312,0.2101729214191436,10.080845832824709,4.491250991821289,3.272090196609497,1.022161602973938
2172247892.0,-1.345910906791687,0.5613991618156433,9.64822483062744,4.54002046585083,4.643860816955566,1.210221290588379
2172256225.0,-0.9786736369132996,1.385915994644165,10.51632595062256,5.903030872344971,3.2863831520080566,1.0699065923690796
2172264558.0,-0.8575785160064697,1.3320597410202026,11.030548095703123,5.531265735626221,0.4453034400939941,0.9026200771331788
2172272891.0,-0.2851796150207519,1.3314403295516968,10.779369354248049,3.774924039840698,-2.0018677711486816,0.8601516485214233
2172281224.0,-0.2146417498588562,0.7519356608390808,10.017171859741213,1.9804925918579104,-3.19123911857605,1.1424716711044312
2172289557.0,-0.7988175749778748,0.0791440978646278,8.902045249938965,1.6200491189956665,-1.799720287322998,1.169033765792847
2172297890.0,-1.3699216842651367,-0.155416339635849,8.308944702148438,2.886237382888794,2.170806407928467,1.2583248615264893
2172306223.0,-1.1524747610092163,-0.372778832912445,9.34605884552002,4.833047389984131,4.867754459381104,1.4804514646530151
2172314556.0,-1.0776712894439695,0.4976078271865845,10.093308448791504,5.825625419616699,4.618221282958984,1.4510208368301392
2172322889.0,-0.8989170789718628,0.3123240172863006,10.926287651062012,5.625142574310303,1.8844906091690063,1.3441582918167114
2172331222.0,-0.8298149704933167,0.1401654332876205,10.325100898742676,4.4360527992248535,-1.3420450687408447,1.129382848739624
2172339555.0,-1.0324790477752686,-0.0180260855704545,9.687018394470217,4.266486644744873,-2.445198774337769,1.2327618598937988
2172347888.0,-0.8027526140213013,0.6105890870094299,9.568798065185549,5.130019187927246,-2.378653049468994,1.120469093322754
2172356221.0,-0.6876835227012634,1.4792219400405884,9.901100158691406,6.280533790588379,-1.0851856470108032,0.995599627494812
2172364554.0,-0.2990640103816986,2.0561325550079346,10.179401397705078,6.437932968139648,0.7207589745521545,1.117087960243225
2172372887.0,-0.1902525722980499,1.6175868511199951,10.553818702697754,4.992547512054443,1.8332364559173584,1.3220787048339844
2172381220.0,-0.4416798651218414,1.5488680601119995,10.407758712768556,3.057135581970215,1.9762661457061768,1.3302239179611206
2172389553.0,-1.5461395978927612,1.0065714120864868,9.508145332336426,2.5679807662963867,3.04312515258789,1.3265613317489624
2172397886.0,-1.6442316770553589,1.037611722946167,9.771923065185549,3.6535122394561768,3.6830456256866455,1.50450336933136
2172406219.0,-2.0027782917022705,1.3308833837509155,10.808308601379396,4.070075988769531,3.434177160263061,1.5505577325820925
2172414552.0,-1.3417984247207642,1.9213752746582031,11.302699089050291,3.69124174118042,1.0773091316223145,1.4247406721115112
2172422885.0,-0.602971076965332,1.4974929094314575,11.035198211669922,2.573205947875977,-2.179604768753052,1.3362433910369873
2172431218.0,-0.7100046277046204,0.6800662279129028,10.24748706817627,0.710794985294342,-4.03671407699585,1.2925199270248413
2172439551.0,-0.8656416535377502,0.1610193401575088,9.484560012817385,-0.337480366230011,-2.725931167602539,1.586571455001831
2172447884.0,-1.5196974277496338,-0.0291937533766031,8.395631790161133,0.8336408734321594,0.2518647611141205,1.5644149780273438
2172456217.0,-1.3807170391082764,1.4997217655181885,8.816052436828613,4.232598304748535,3.551541566848755,1.5065524578094482
2172464550.0,-1.418877363204956,1.4649821519851685,11.06978988647461,5.046875,4.144767284393311,1.747531175613403
2172472883.0,-1.108979105949402,1.6368881464004517,11.626609802246094,2.59671950340271,2.336120367050171,1.50737202167511
2172481216.0,-1.248950719833374,1.858494520187378,10.097031593322754,0.7067478895187378,-0.2671692669391632,1.3317095041275024
2172489549.0,-0.6743389964103699,1.1373863220214844,9.745477676391602,0.2944612503051758,-2.509029626846313,1.470718264579773
2172497882.0,-1.2844682931900024,0.7507815361022949,9.16751194000244,0.2715108692646026,-3.6580073833465576,1.2158565521240234
2172506215.0,-1.69670569896698,0.455885112285614,8.951642990112305,0.6461958885192871,-1.7061001062393188,1.31482994556427
2172514548.0,-1.1124476194381714,0.233996033668518,9.310747146606444,1.3432103395462036,1.047801494598389,1.5371359586715698
2172522881.0,-1.207541584968567,0.679607093334198,9.545888900756836,2.6812214851379395,1.4674396514892578,1.3904433250427246
2172531214.0,-0.8117380738258362,0.125930830836296,10.41037940979004,2.9606473445892334,1.1383222341537476,1.3833224773406982
2172539547.0,-1.435943841934204,-0.3724173009395599,10.292348861694336,2.536167621612549,0.2625459134578705,1.2666494846343994
2172547880.0,-1.1749907732009888,0.2665479481220245,10.377769470214844,2.603789567947388,-0.0961174145340919,1.3985885381698608
2172556213.0,-0.373087465763092,0.4533006250858307,10.62949275970459,3.77979040145874,-0.9845216274261476,1.744867205619812
2172564546.0,-0.188943937420845,1.048310399055481,10.087224006652832,4.51763391494751,-2.9516689777374268,1.1274874210357666
2172572879.0,-0.6593286395072937,1.2411826848983765,9.721257209777832,4.160212993621826,-1.7258745431900024,1.2939544916152954
2172581212.0,-0.9617583751678468,0.9790884852409364,9.198392868041992,2.7352163791656494,1.3607051372528076,1.3457975387573242
2172589545.0,-0.8956992030143738,1.1463093757629397,9.017359733581545,2.1397109031677246,3.8847577571868896,1.474611520767212
2172597878.0,-1.5257052183151243,1.414440631866455,9.711885452270508,2.3740813732147217,5.126279830932617,2.0471408367156982
2172606211.0,-2.114295482635498,1.280224084854126,10.447603225708008,2.510425567626953,4.638430595397949,1.6092143058776855
2172614544.0,-1.103330135345459,1.1519674062728882,9.974898338317873,1.9504725933074951,2.070885181427002,1.721788763999939
2172622877.0,-1.2309175729751587,0.5665311813354492,10.303542137145996,1.3344247341156006,-1.516682744026184,1.9236032962799072
2172631210.0,-1.6866382360458374,0.7606188058853149,9.237842559814451,0.0081709399819374,-3.724860429763794,1.292750358581543
2172639543.0,-1.3075648546218872,0.4439122974872589,8.132244110107422,0.5430731177330017,-2.304320812225342,1.4422863721847534
2172647876.0,-0.6259570717811584,-0.2851114571094513,9.039521217346191,1.8074175119400024,-1.1796252727508545,1.5385189056396484
2172656209.0,-0.932567298412323,-0.7675591707229614,10.37252426147461,1.2580431699752808,-0.3339968025684356,1.60821533203125
2172664542.0,-1.3254541158676147,-0.7139273881912231,9.123143196105955,1.224616527557373,1.080843806266785,1.3582714796066284
2172672875.0,-0.7924323081970215,-0.3731126487255096,8.741806030273438,3.683480978012085,2.188890218734741,1.7531920671463013
2172681208.0,-1.0646957159042358,-0.8964663743972778,9.87592887878418,5.159372329711914,1.677655577659607,1.8847721815109253
2172689541.0,-0.7989962697029114,-1.007259964942932,10.048428535461426,4.483720779418945,0.0994856879115104,1.5802191495895386
2172697874.0,-0.4197008311748504,-1.178786277770996,9.130329132080078,4.664069652557373,-1.3364354372024536,2.054901599884033
2172706207.0,-1.158866286277771,-0.5302581787109375,9.081603050231934,6.333580017089844,-1.4119718074798584,2.105797290802002
2172714540.0,-1.547937035560608,0.4108553230762481,9.212076187133787,7.290707111358643,0.5754238367080688,1.869659662246704
2172722873.0,-0.9050989151000975,1.134642243385315,9.635350227355955,7.925351142883301,1.9624346494674685,1.6983517408370972
2172731206.0,-0.8488183617591858,0.8893158435821533,10.25689697265625,6.419746398925781,1.920350193977356,1.8502699136734009
2172739539.0,-0.1895909011363983,0.7296696305274963,9.706787109375,4.814374923706055,1.1395772695541382,2.282766342163086
2172747872.0,-0.1963465958833694,0.0820058435201644,9.369684219360352,4.4712982177734375,-1.0614155530929563,2.40971040725708
2172756205.0,-0.9487793445587158,0.3061348497867584,9.198834419250488,4.582591533660889,-1.3671983480453491,2.5458247661590576
2172764538.0,-1.432628512382507,1.169071078300476,8.917545318603516,5.4760422706604,0.9091517925262452,2.560732364654541
2172772871.0,-1.41526997089386,1.028488039970398,10.019993782043455,6.377227783203125,3.2029576301574707,2.5758445262908936
2172781204.0,-1.4521995782852173,1.737318992614746,10.62001132965088,5.263648986816406,4.277705669403076,2.508402109146118
2172789537.0,-1.4347143173217771,2.0326735973358154,10.627516746520996,4.493556976318359,3.4238293170928955,2.382687330245972
2172797870.0,-1.361611008644104,1.3596619367599487,10.5335054397583,3.612119197845459,1.1792025566101074,1.9732950925827024
2172806203.0,-1.3205368518829346,1.035170078277588,10.350112915039062,2.760138750076294,-0.3809477388858795,2.346494674682617
2172814536.0,-1.278759479522705,0.7259359955787659,9.859260559082031,2.5593228340148926,-1.2836445569992063,2.530404567718506
2172822869.0,-1.208362340927124,1.4503253698349,9.38723850250244,3.425365924835205,-1.3715527057647705,2.248776197433472
2172831202.0,-1.0372635126113892,1.076601505279541,9.945741653442385,4.026942253112793,-0.4674726128578186,2.3585846424102783
2172839535.0,-1.4563952684402466,0.6727620363235474,10.063660621643066,3.1539318561553955,0.6488085389137268,2.136329412460327
2172847868.0,-1.6226791143417358,0.5895386338233948,9.518505096435549,2.6528923511505127,2.743335962295532,2.339937210083008
2172856201.0,-1.3088726997375488,0.5236676335334778,9.731881141662598,3.792853593826294,3.044200897216797,2.4390902519226074
2172864534.0,-1.4644014835357666,0.7837243676185608,10.66896915435791,4.791347980499268,1.264472246170044,2.1898891925811768
2172872867.0,-1.3569146394729614,1.7506749629974363,10.77163314819336,4.829025745391846,-0.6151898503303528,2.183434247970581
2172881200.0,-0.8711597323417664,1.3435314893722534,10.65157699584961,4.194945812225342,-2.695578098297119,2.08899450302124
2172889533.0,-0.7093514204025269,1.1221692562103271,9.75974464416504,2.8029911518096924,-3.506934881210327,1.991045832633972
2172897866.0,-0.7889013290405273,1.3077572584152222,9.46267795562744,2.354178667068481,-1.9940297603607176,2.2516448497772217
2172906199.0,-1.0068835020065308,1.6129491329193115,9.3887300491333,2.606248378753662,0.1472306251525879,2.065147876739502
2172914532.0,-1.488874435424805,2.077626943588257,9.998147010803224,3.637272596359253,2.985338926315308,2.04862642288208
2172922865.0,-1.20962655544281,1.7554048299789429,11.016172409057615,3.3146615028381348,3.85322618484497,2.5192368030548096
2172931198.0,-1.058111310005188,1.2227166891098022,11.157596588134766,2.024907350540161,2.189453125,2.393470525741577
2172939531.0,-0.8475548028945923,1.7383344173431396,10.515716552734377,2.033565282821656,-0.5652165412902832,2.3539481163024902
2172947864.0,-1.246038556098938,1.5488641262054443,10.848193168640137,2.2505948543548584,-2.2209205627441406,2.166426420211792
2172956197.0,-0.980825662612915,1.2285581827163696,10.365139961242676,1.5485855340957642,-2.203247308731079,2.081848382949829
2172964530.0,-0.3795478045940399,0.5164663195610046,9.92154312133789,1.3740500211715698,-0.8381617069244385,2.439141035079956
2172972863.0,-0.4413659870624542,0.5432274341583252,9.406006813049316,1.567975401878357,0.439745157957077,2.648716688156128
2172981196.0,-1.0514687299728394,0.6140410900115967,9.380611419677734,2.5707218647003174,2.600536584854126,3.103625774383545
2172989529.0,-1.1562230587005615,0.4559706151485443,10.66525173187256,2.7883141040802,4.451164722442627,3.5897579193115234
2172997862.0,-1.4924591779708862,1.2269554138183594,10.53902530670166,2.7940263748168945,3.668752431869507,3.442655563354492
2173006195.0,-1.404813528060913,1.4767667055130005,10.30459690093994,3.583047389984131,2.5056357383728027,3.1253209114074707
2173014528.0,-1.0258781909942627,0.6771228313446045,10.520790100097656,3.1441473960876465,1.1026928424835205,3.419423818588257
2173022861.0,-0.74658203125,-0.1005752459168434,10.04434585571289,1.5366491079330444,-1.0571891069412231,3.514195680618286
2173031194.0,-0.4526141583919525,-0.1185131072998046,8.960887908935547,1.863922357559204,-1.8764604330062864,3.937471866607666
2173039527.0,-0.3886158168315887,0.0452083386480808,9.068964958190918,3.586735486984253,-1.2698640823364258,4.214668273925781
2173047860.0,-1.3451119661331177,0.3225246965885162,8.895670890808105,4.662559509277344,0.8369451761245728,3.9145214557647705
2173056193.0,-1.6162129640579224,0.850161612033844,9.009469985961914,5.06501054763794,4.788889408111572,4.018259048461914
2173064526.0,-1.0993555784225464,1.1341676712036133,10.48893928527832,4.791911602020264,6.164270877838135,3.9332194328308105
2173072859.0,-0.9518057703971864,1.6209096908569336,10.760149002075195,3.9618563652038574,3.874204158782959,3.943925857543945
2173081192.0,-1.1934170722961426,1.5371558666229248,10.538948059082031,3.942184209823608,1.252203106880188,4.005195140838623
2173089525.0,-0.9574857950210572,1.5463199615478516,10.096073150634766,3.4103047847747803,-1.0597505569458008,3.87435793876648
2173097858.0,-0.5049039125442505,1.191885232925415,9.807775497436523,2.7221784591674805,-1.5917327404022217,4.180755615234375
2173106191.0,-0.6622164845466614,1.5166234970092771,9.091351509094238,2.4004383087158203,-0.9687944650650024,4.053273677825928
2173114524.0,-1.6133116483688354,1.7216136455535889,8.685622215270996,2.5074541568756104,1.827549934387207,4.06513261795044
2173122857.0,-1.5391098260879517,1.5023202896118164,9.170940399169922,2.160125494003296,5.89191484451294,4.189464569091797
2173131190.0,-1.1665138006210327,1.21661639213562,10.169586181640623,1.6101878881454468,6.705372333526611,4.305190086364746
2173139523.0,-1.320155382156372,1.3937275409698486,10.715849876403809,1.3872926235198977,4.039774894714356,4.078862190246582
2173147856.0,-1.8004183769226074,1.437110185623169,10.216127395629885,1.499585509300232,1.088092803955078,3.964853048324585
2173156189.0,-1.7662526369094849,1.0912692546844482,9.558761596679688,1.990507960319519,-0.4100967645645141,3.9384706020355225
2173164522.0,-1.0098888874053955,0.4934456348419189,9.536713600158691,1.8695060014724727,-1.2031645774841309,4.299118995666504
2173172855.0,-1.3576269149780271,0.163399800658226,9.316648483276367,1.075695514678955,-1.3427623510360718,4.290435791015625
2173181188.0,-1.1646177768707275,0.4757052361965179,8.64742374420166,1.6184098720550537,0.5172539353370667,4.449193000793457
2173189521.0,-0.3432901501655578,0.5946440696716309,8.987646102905273,3.6148858070373535,1.5136220455169678,4.6245222091674805
2173197854.0,-0.7316679358482361,1.8077412843704224,9.873353958129885,4.842806816101074,0.981102168560028,4.299938678741455
2173206187.0,-1.574777364730835,1.7439420223236084,10.147329330444336,3.5048978328704834,1.526275396347046,4.019385814666748
2173214520.0,-2.457759380340576,1.2327877283096311,8.383048057556152,1.606089472770691,4.057140827178955,3.7545089721679688
2173222853.0,-1.030943751335144,0.6610599756240845,9.264348983764648,1.2302004098892212,5.234344959259033,4.5950140953063965
2173231186.0,-0.8467838764190674,-0.6312032341957092,10.353501319885254,0.7425822019577026,1.722301006317139,5.179685115814209
2173239519.0,-1.1777727603912354,-0.0686941295862197,9.416223526000977,1.6878244876861572,-2.22665810585022,5.107990741729736
2173247852.0,-1.7916687726974487,0.2265544682741165,8.853752136230469,4.158061504364014,-2.711535930633545,5.253787517547607
2173256185.0,-1.4291415214538574,0.2841354012489319,9.207427978515623,4.897928237915039,-1.31983745098114,4.92989444732666
2173264518.0,-0.78543621301651,1.141623616218567,9.48929214477539,4.27988338470459,0.0496916212141513,4.79165506362915
2173272851.0,-1.0606545209884644,0.5815214514732361,10.035164833068848,3.0261423587799072,0.6313909292221069,4.696984767913818
2173281184.0,-1.6488229036331177,0.7398608326911926,8.72995662689209,2.7910807132720947,2.095987319946289,4.633998870849609
2173289517.0,-1.5334751605987549,0.574955403804779,8.9503173828125,4.445427894592285,3.944951295852661,5.265518665313721
2173297850.0,-1.360149621963501,0.083180546760559,9.72484016418457,5.488899230957031,2.661293268203736,5.411083698272705
2173306183.0,-1.7838636636734009,0.4982430338859558,9.70441436767578,5.440130710601807,0.408521443605423,5.309010982513428
2173314516.0,-2.357043027877808,1.440953254699707,9.295435905456545,5.35258150100708,-0.6303791999816895,5.250764846801758
2173322849.0,-1.3581196069717407,1.6812571287155151,9.842129707336426,5.149486064910889,-1.5285680294036863,5.022055149078369
2173331182.0,-0.4970713555812835,1.5187028646469116,10.637601852416992,4.334953784942627,-3.2064030170440674,4.939013957977295
2173339515.0,-1.0273487567901611,0.8417255282402039,10.46177577972412,2.8387997150421143,-3.9743173122406006,4.691374778747559
2173347848.0,-1.2465534210205078,1.2913235425949097,8.938141822814941,3.018099546432495,-1.285386323928833,4.979458332061768
2173356181.0,-1.0951722860336304,1.9588366746902464,9.377951622009276,5.139188766479492,2.420724630355835,5.386699676513672
2173364514.0,-0.5513111352920532,1.7466652393341064,11.169217109680176,5.146821975708008,2.7827308177948,5.002230167388916
2173372847.0,-1.1291391849517822,1.1673204898834229,10.87749481201172,3.678204298019409,2.0695533752441406,5.130019187927246
2173381180.0,-1.2500842809677124,1.2843703031539917,10.12618350982666,2.470467567443848,1.822376012802124,5.221487522125244
2173389513.0,-1.312142252922058,1.7734390497207642,10.287713050842283,2.93188214302063,1.3686710596084597,5.248331546783447
2173397846.0,-0.881327748298645,2.1475887298583984,10.135164260864258,3.654332160949707,-0.2443982511758804,5.039883136749268
2173406179.0,-0.6677780747413635,1.903340458869934,10.276150703430176,3.454335927963257,-1.1534730195999146,5.0863471031188965
2173414512.0,-1.037869215011597,1.61510169506073,10.04994773864746,1.7293708324432373,-0.0380499474704265,5.165494918823242
2173422845.0,-1.1049890518188477,1.3136357069015503,9.040616035461426,0.821448564529419,2.1243932247161865,5.557802677154541
2173431178.0,-1.036421537399292,1.020873785018921,9.33178424835205,1.778652310371399,3.5537445545196533,5.6466064453125
2173439511.0,-1.202728271484375,1.2721664905548096,10.468297004699709,2.4372715950012207,3.945668458938599,5.728906154632568
2173447844.0,-1.4812430143356323,1.1383320093154907,10.252352714538574,2.437732458114624,3.4237778186798096,5.585158348083496
2173456177.0,-0.6654704809188843,1.480707049369812,10.062782287597656,2.717183828353882,1.904187798500061,5.579421043395996
2173464510.0,-0.917805314064026,1.6721004247665403,9.923919677734377,2.7333462238311768,0.1486137807369232,5.877749919891357
2173472843.0,-1.3570109605789185,1.1335779428482056,9.93604850769043,1.6227387189865112,0.2427717447280883,5.895859718322754
2173481176.0,-1.1167227029800415,0.8814600110054016,8.777581214904785,0.965989589691162,1.8406132459640503,6.171365261077881
2173489509.0,-1.3845289945602417,1.3155593872070312,9.061200141906738,2.240477561950684,3.526978015899658,6.315062046051025
2173497842.0,-1.5301799774169922,1.386626124382019,10.471197128295898,2.823892593383789,4.188541889190674,6.422308444976807
2173506175.0,-1.278395414352417,0.7863463163375854,10.510849952697754,2.429715156555176,3.740421295166016,6.324001312255859
2173514508.0,-1.5053160190582275,1.2642029523849487,10.294840812683104,2.334046125411988,2.668286323547364,6.456837177276611
2173522841.0,-1.374008297920227,1.8121187686920168,10.5816650390625,2.5773043632507324,1.6228668689727783,6.485627174377441
2173531174.0,-0.9309258460998536,1.4207053184509275,10.013489723205566,2.796382665634156,0.7985493540763855,6.239089488983154
2173539507.0,-0.6276206374168396,1.0404313802719116,9.718029022216797,2.582042932510376,0.2564496994018554,6.555168628692627
2173547840.0,-1.5050873756408691,1.327971577644348,9.775505065917969,2.3469555377960205,1.4426705837249756,6.557397365570068
2173556173.0,-1.5739835500717163,0.9900826811790466,9.425745964050291,1.9621018171310425,3.9570159912109375,6.633447170257568
2173564506.0,-0.9675822854042052,1.1126831769943235,8.820920944213867,2.989027738571167,5.0724639892578125,6.831316947937012
2173572839.0,-1.3252696990966797,1.5259748697280884,10.04499340057373,4.076019287109375,3.946257591247559,6.795175075531006
2173581172.0,-2.3380556106567383,1.3201258182525637,10.640007972717283,2.613804578781128,3.8483850955963135,6.89337968826294
2173589505.0,-1.4809147119522097,1.0806639194488523,9.916712760925291,1.4304527044296265,3.092868089675904,7.011078834533691
2173597838.0,-1.0501646995544434,0.9214911460876464,9.703779220581056,2.4017958641052246,1.1188298463821411,7.3754143714904785
2173606171.0,-1.5797126293182373,1.4555246829986572,10.218067169189451,2.858292579650879,-0.3120966553688049,7.2657341957092285
2173614504.0,-1.530134677886963,1.7211986780166626,9.564129829406738,2.419827938079834,0.2503791749477386,7.178953170776367
2173622837.0,-1.3182107210159302,1.573671579360962,9.336055755615234,2.189607858657837,1.8784714937210083,7.335328578948975
2173631170.0,-0.6498751044273376,2.030324459075928,9.776851654052734,1.5145699977874756,2.181565046310425,7.508609771728516
2173639503.0,-1.075814127922058,1.774680733680725,9.667559623718262,1.0872987508773804,2.055824518203736,7.484915733337402
2173647836.0,-1.2794568538665771,0.8646920323371887,9.696457862854004,0.1430811434984207,2.4523069858551025,7.726099967956543
2173656169.0,-1.988035798072815,0.853975772857666,8.908007621765137,0.1602682769298553,3.402569532394409,7.998686790466309
2173664502.0,-2.109797716140747,1.308254361152649,9.269315719604492,1.6817797422409058,4.132575511932373,8.01392650604248
2173672835.0,-1.844708800315857,0.8670180439949036,10.08555793762207,2.189786672592163,3.117457389831543,7.807014942169189
2173681168.0,-1.2702641487121582,0.6357102394104004,9.941279411315918,1.907517910003662,0.4309595823287964,7.561477184295654
2173689501.0,-1.1958398818969729,0.4513610303401947,9.621618270874023,1.510446071624756,-1.5602785348892212,7.644620895385742
2173697834.0,-1.6417222023010254,1.35444438457489,9.125280380249023,2.0672483444213867,-1.7368886470794678,7.480125427246094
2173706167.0,-1.5499234199523926,1.180463194847107,9.35558795928955,3.0723767280578613,-0.0306730531156063,7.369524002075195
2173714500.0,-1.4014497995376587,0.9646590948104858,9.25583839416504,3.203521013259888,2.0473458766937256,7.355281352996826
2173722833.0,-1.0597147941589355,1.288526177406311,9.832847595214844,3.505052328109741,2.9981210231781006,7.581455230712891
2173731166.0,-1.0587068796157837,1.1456292867660522,10.776689529418944,2.759190797805786,2.13494610786438,7.546644687652588
2173739499.0,-1.094792366027832,1.484793782234192,9.556939125061035,2.6838595867156982,0.3254544734954834,6.97373104095459
2173747832.0,-0.9941031336784364,0.9488336443901062,9.328579902648926,3.8768680095672607,0.1091166362166404,7.405792236328125
2173756165.0,-1.450342893600464,0.5996372699737549,9.985037803649902,3.058903932571411,0.6157407164573669,7.48299503326416
2173764498.0,-1.7969344854354858,0.9259257912635804,9.430452346801758,2.656862735748291,1.7336997985839844,7.330257415771484
2173772831.0,-1.3274086713790894,0.9376474022865297,9.156168937683104,3.7326855659484863,2.947378873825073,7.67617654800415
2173781164.0,-1.1605961322784424,1.2813228368759155,10.268275260925291,4.685535907745361,2.4117085933685303,7.515013217926025
2173789497.0,-1.0421205759048462,2.490674495697021,10.454240798950195,4.272556781768799,1.0354042053222656,7.358279228210449
2173797830.0,-1.3534718751907349,2.1384646892547607,10.4054594039917,3.3560032844543457,0.183397963643074,7.302363872528076
2173806163.0,-1.2290197610855105,1.972741723060608,9.612306594848633,1.8593885898590088,0.5378989577293396,7.343857765197754
2173814496.0,-2.077521324157715,1.9885858297348025,8.962728500366211,1.6417187452316284,2.163275957107544,7.708296298980713
2173822829.0,-1.7216386795043943,1.777937889099121,10.313364028930664,1.322898507118225,3.978018760681152,7.855526924133301
2173831162.0,-1.140791416168213,1.654458999633789,9.868757247924805,1.2473875284194946,2.4245920181274414,8.041614532470703
2173839495.0,-1.5225359201431274,1.5202618837356567,10.514708518981934,2.2156312465667725,0.4725313782691955,7.85831880569458
2173847828.0,-1.3825340270996094,0.8891331553459167,10.541548728942873,0.731081485748291,-0.5013089776039124,8.427262306213379
2173856161.0,-1.5375488996505735,0.831894040107727,9.602460861206056,0.6473740935325623,-0.7203875184059143,8.312919616699219
2173864494.0,-1.5596479177474976,1.3613265752792358,9.495013236999512,1.519590139389038,0.507392406463623,8.584381103515625
2173872827.0,-1.6922547817230225,1.392558455467224,9.660030364990234,2.2021071910858154,2.0592823028564453,8.90338134765625
2173881160.0,-1.4539551734924316,0.6291704177856445,10.153582572937012,2.08789324760437,1.8707102537155151,8.635507583618164
2173889493.0,-1.5157488584518433,0.991547703742981,9.652894020080566,1.1531274318695068,1.451046586036682,9.059884071350098
2173897826.0,-1.7481082677841189,1.020268797874451,9.663562774658203,2.269959211349488,0.8297476172447205,9.026790618896484
2173906159.0,-1.4038816690444946,0.7779139876365662,10.453232765197754,2.7652621269226074,0.0374224074184894,9.208166122436523
2173914492.0,-1.704625129699707,0.8644466400146484,9.86507797241211,2.6979219913482666,-0.5925469398498535,9.447402000427246
2173922825.0,-1.4937132596969604,1.113850712776184,9.941967010498049,3.23072361946106,0.0682107135653495,9.636690139770508
2173931158.0,-1.3096776008605957,1.4051650762557983,10.068618774414062,3.493730306625366,0.1218981444835662,9.577829360961914
2173939491.0,-1.1857637166976929,1.460875153541565,10.0289945602417,3.354465961456299,-0.2331023514270782,9.204963684082031
2173947824.0,-1.119065523147583,1.1088130474090576,9.91165256500244,3.078216552734375,0.3891826868057251,9.584335327148438
2173956157.0,-1.132640361785889,1.1640138626098633,9.628520965576172,3.034877300262451,0.4598524272441864,9.88986110687256
2173964490.0,-1.6067650318145752,1.8556607961654663,9.81240940093994,3.496446132659912,0.9422197937965392,9.819807052612305
2173972823.0,-1.556020736694336,1.5221683979034424,9.716474533081056,3.350317001342773,1.3079653978347778,9.835073471069336
2173981156.0,-1.4068301916122437,1.631012201309204,9.665443420410156,3.4076924324035645,1.2955681085586548,9.964988708496094
2173989489.0,-1.071378231048584,1.4736839532852173,10.504205703735352,2.6763293743133545,-0.0720144361257553,10.125794410705566
2173997822.0,-1.5740342140197754,1.6741164922714231,9.673972129821776,2.069758415222168,-0.9229963421821594,10.024413108825684
2174006155.0,-1.2200411558151243,1.4988772869110107,9.34852123260498,2.70847487449646,-0.5484905242919922,9.978487014770508
2174014488.0,-0.8786166906356812,1.2492578029632568,9.928526878356934,3.0610039234161377,-0.012922384776175,10.149027824401855
2174022821.0,-1.1160802841186523,1.6578210592269895,10.149516105651855,2.8098304271698,0.0186727810651063,10.131711959838867
2174031154.0,-1.0828351974487305,1.7469159364700315,9.680098533630373,2.4119904041290283,0.7564396858215332,10.20317554473877
2174039487.0,-1.3118946552276611,2.097475290298462,9.266928672790527,2.824533224105835,1.659290432929993,10.035608291625977
2174047820.0,-1.0952428579330444,1.807136058807373,10.278790473937988,2.4281530380249023,2.0018296241760254,10.099770545959473
2174056153.0,-1.1947544813156128,1.3689736127853394,9.988554954528809,1.0871706008911133,1.0872219800949097,10.063654899597168
2174064486.0,-1.3727391958236694,1.3756036758422852,9.107976913452148,1.4408776760101318,0.702393651008606,10.00999355316162
2174072819.0,-1.4794163703918457,1.584152102470398,9.151877403259276,2.505917549133301,0.711973249912262,10.462571144104004
2174081152.0,-1.5821322202682495,1.417406678199768,9.864107131958008,2.761394023895264,0.752828061580658,10.326610565185549
2174089485.0,-1.3244303464889526,1.4969743490219116,9.52497673034668,2.252106189727783,0.340976744890213,10.194645881652832
2174097818.0,-1.026168704032898,1.97162401676178,9.7280855178833,2.2867367267608643,0.2370085269212722,10.236729621887209
2174106151.0,-0.9692331552505492,1.8579068183898928,9.95948600769043,2.104926824569702,-0.4763864278793335,10.062629699707031
2174114484.0,-1.160053253173828,1.881296873092652,9.367018699645996,1.8806228637695312,-0.3762603402137756,9.909046173095703
2174122817.0,-0.8483104705810547,2.23184871673584,9.487618446350098,2.0905063152313232,0.5572377443313599,10.150333404541016
2174131150.0,-0.8053382635116577,1.550952672958374,9.555068016052246,1.97114372253418,0.9525166153907776,10.349305152893066
2174139483.0,-1.048535704612732,1.4835737943649292,9.431770324707031,1.3592708110809326,1.1000803709030151,10.403505325317385
2174147816.0,-1.123878836631775,1.238611102104187,9.51262378692627,1.3100148439407349,1.5409783124923706,10.699606895446776
2174156149.0,-1.0623562335968018,1.2327191829681396,9.141301155090332,1.942532658576965,1.1235685348510742,10.63992404937744
2174164482.0,-0.838218092918396,1.4129815101623535,9.670113563537598,3.137103796005249,0.4281419813632965,10.629036903381348
2174172815.0,-0.9870222806930542,0.9540438055992126,10.309249877929688,2.6491525173187256,-0.4583539962768554,10.79706859588623
2174181148.0,-0.9155488014221193,1.4880952835083008,9.323205947875977,2.077621936798096,-0.206104964017868,10.9230375289917
2174189481.0,-0.8193832039833069,1.6792818307876587,9.355297088623049,2.8344712257385254,0.6084917187690735,11.21094036102295
2174197814.0,-0.9728954434394836,1.8602477312088013,9.74421215057373,2.968945980072021,0.8882505297660828,11.209199905395508
2174206147.0,-0.9923246502876282,1.7639683485031128,9.453271865844728,2.651867628097534,1.0672684907913208,11.349181175231934
2174214480.0,-0.9682733416557312,1.7667229175567627,9.670711517333984,2.1738290786743164,1.1728758811950684,11.591466903686523
2174222813.0,-0.4421406686306,1.6081374883651731,9.887347221374512,1.801295518875122,-0.0699396729469299,11.731858253479004
2174231146.0,-0.7343787550926208,1.612932801246643,9.64374542236328,2.158639669418335,-1.072865009307861,11.863181114196776
2174239479.0,-0.9066815376281738,1.2933135032653809,9.96021556854248,1.7283973693847656,-0.6645229458808899,12.181386947631836
2174247812.0,-0.8700138330459595,1.5641682147979736,9.06037425994873,1.5838053226470947,0.3049119114875793,12.334639549255373
2174256145.0,-0.6911556720733643,1.9641557931900024,9.78046989440918,2.465165853500366,1.049748420715332,12.375954627990724
2174264478.0,-0.5647342801094055,1.8142133951187127,10.535968780517578,2.0055949687957764,0.9257242679595948,12.459790229797363
2174272811.0,-0.4256747663021087,1.1315921545028689,9.906952857971191,1.1833263635635376,-0.1043652072548866,12.351261138916016
2174281144.0,-0.2975030541419983,1.749776840209961,9.33752155303955,1.4795039892196655,-0.2804118692874908,12.585198402404783
2174289477.0,-0.7444413304328918,1.6958897113800049,9.89622402191162,1.992531418800354,0.1930032670497894,12.654918670654297
2174297810.0,-0.6320147514343262,1.478776931762695,9.38047218322754,1.7686631679534912,0.4803182184696197,12.485507011413574
2174306143.0,-0.2339937537908554,1.2014832496643066,9.438910484313965,2.1755709648132324,1.2332743406295776,12.799741744995115
2174314476.0,-0.3495154678821563,0.762448787689209,9.91258144378662,2.0064401626586914,1.2299444675445557,13.202167510986328
2174322809.0,-0.9156277179718018,1.4218329191207886,9.691298484802246,2.0718331336975098,1.0830212831497192,13.162721633911133
2174331142.0,-1.011826992034912,1.682139277458191,9.623948097229004,2.815645217895508,1.890971183776856,13.244431495666504
2174339475.0,-0.6167974472045898,1.507050633430481,10.1283597946167,3.0896148681640625,1.5501223802566528,13.07553005218506
2174347808.0,-0.4906588196754455,1.5108039379119873,10.39097785949707,2.628072023391724,0.2883138656616211,12.908601760864258
2174356141.0,-0.338773638010025,1.3572574853897097,10.139759063720703,2.15822982788086,-0.2957547605037689,13.11220932006836
2174364474.0,-0.5665073394775391,1.6048402786254885,9.631487846374512,2.6136770248413086,-0.177007183432579,13.077400207519531
2174372807.0,-0.5843207836151123,2.006476163864136,9.903813362121582,3.0659215450286865,1.2859370708465576,13.378904342651367
2174381140.0,-0.4563475549221039,2.088056802749634,9.759448051452637,3.422882080078125,1.6647464036941528,13.203781127929688
2174389473.0,-0.3534792065620422,1.4700798988342283,10.135271072387695,3.058851957321167,2.06888747215271,13.139026641845703
2174397806.0,-0.6983183026313782,1.748522400856018,10.23741340637207,2.0718586444854736,2.3816628456115723,13.4484224319458
2174406139.0,-0.8159065842628479,1.8350831270217896,9.923588752746582,2.1965231895446777,2.388168811798096,13.43756103515625
2174414472.0,-0.8883337378501892,1.8343505859375,9.890262603759766,3.2034449577331543,2.1447572708129883,13.287360191345217
2174422805.0,-0.5466223359107971,1.6569199562072754,10.594030380249023,2.947532415390014,1.4317076206207275,13.260797500610352
2174431138.0,-0.5116479992866516,1.4776561260223389,10.070659637451172,2.1533634662628174,0.7634835839271545,13.296709060668944
2174439471.0,-0.8008521199226379,1.682822823524475,9.60975456237793,2.247700452804565,0.795322060585022,13.34506893157959
2174447804.0,-0.387405127286911,1.665988206863403,9.766759872436523,2.650202751159668,1.4716405868530271,13.316869735717772
2174456137.0,-0.2971339523792267,1.286729097366333,9.748294830322266,2.932318210601806,1.3733842372894287,13.406262397766112
2174464470.0,-0.786302924156189,1.4982378482818604,9.937984466552734,2.6391634941101074,2.1582047939300537,13.626931190490724
2174472803.0,-0.8004050850868225,1.91323983669281,9.476303100585938,2.699817657470703,3.066280603408813,13.729948043823242
2174481136.0,-0.5172233581542969,2.137836217880249,9.636877059936523,3.7004125118255615,2.90957260131836,13.443915367126465
2174489469.0,-0.2891722023487091,2.4466805458068848,10.990431785583496,3.0662038326263428,1.849348068237305,13.689376831054688
2174497802.0,-0.5370535850524902,1.8709979057312007,10.410715103149414,1.233428120613098,0.5658698081970215,13.72938632965088
2174506135.0,-1.0694196224212646,1.7331844568252563,9.255562782287598,0.7895076870918274,1.5771455764770508,13.707921981811523
2174514468.0,-0.4828818142414093,1.6575523614883425,9.793134689331056,1.5518128871917725,3.137513399124145,14.317896842956545
2174522801.0,-0.5810645818710327,1.3526259660720823,9.883776664733888,2.235687494277954,2.327821731567383,13.9783296585083
2174531134.0,-0.7813899517059326,1.4821094274520874,9.905529975891112,2.6953861713409424,2.0924012660980225,13.946874618530272
2174539467.0,-1.1290664672851562,1.7058485746383667,10.299074172973633,2.215836524963379,3.2068002223968506,14.167746543884276
2174547800.0,-0.9837976098060608,2.016287326812744,10.03798770904541,1.6773993968963623,3.034313440322876,14.025818824768066
2174556133.0,-0.5680743455886841,2.071922779083252,10.291207313537598,1.9900469779968264,2.5037918090820312,14.0910062789917
2174564466.0,-0.3422746360301971,1.6329237222671509,10.563558578491213,1.5860847234725952,1.1440855264663696,14.27250862121582
2174572799.0,-0.4592806994915008,1.2123054265975952,9.74136447906494,1.0885282754898071,0.2883394658565521,14.311058044433594
2174581132.0,-0.6539329290390015,1.490065574645996,9.201879501342772,1.5323717594146729,1.3784300088882446,14.442996978759766
2174589465.0,-0.7304709553718567,1.8808481693267824,9.341357231140137,2.4835050106048584,2.8895931243896484,14.251325607299805
2174597798.0,-0.6448876857757568,1.666517972946167,9.86827564239502,2.6404953002929688,3.492065668106079,14.111909866333008
2174606131.0,-0.9457749724388124,1.4125216007232666,10.347344398498535,1.878292202949524,4.344892501831055,14.294026374816896
2174614464.0,-0.8343565464019775,1.1926947832107544,10.191061973571776,0.9303348660469056,4.055759429931641,14.347997665405272
2174622797.0,-0.9064306020736694,1.5632281303405762,9.658652305603027,2.298621892929077,3.0612854957580566,14.250070571899414
2174631130.0,-0.9252761006355286,1.611889123916626,10.24337100982666,3.288227796554565,1.6662318706512451,14.324199676513672
2174639463.0,-0.7927408814430237,1.1329220533370972,9.904325485229492,2.746819496154785,0.6815948486328125,14.16282844543457
2174647796.0,-0.8501654267311096,1.0354642868041992,8.989200592041016,2.4318923950195312,0.7914799451828003,14.122434616088867
2174656129.0,-0.434544026851654,1.5983315706253052,9.738826751708984,2.6599104404449463,2.038278579711914,14.369099617004396
2174664462.0,-0.8662399649620056,1.6283067464828491,9.715646743774414,3.1198909282684326,2.392523288726806,14.218949317932127
2174672795.0,-1.0245996713638306,1.819836139678955,9.654058456420898,3.929455280303955,3.4427075386047363,14.185089111328123
2174681128.0,-1.6978148221969604,1.756993055343628,9.962738990783691,3.5722899436950684,4.699393272399902,14.471918106079102
2174689461.0,-1.0998573303222656,1.502813458442688,10.558531761169434,2.576305866241455,4.207420349121094,14.67970085144043
2174697794.0,-0.8853814601898193,1.5980695486068726,10.139065742492676,2.2890937328338623,1.9010634422302248,14.609390258789062
2174706127.0,-0.5835766792297363,1.9984986782073968,9.999287605285645,3.181313991546631,-1.001836895942688,14.40644645690918
2174714460.0,-0.7738499045372009,2.146883964538574,9.957643508911133,3.536583185195923,-2.314412832260132,13.98068618774414
2174722793.0,-0.685486912727356,2.220980405807495,9.735906600952148,2.607529401779175,-0.7935162782669067,14.0189790725708
2174731126.0,-0.6386115550994873,2.080519437789917,9.037056922912598,1.8306751251220703,1.875320672988892,14.284137725830078
2174739459.0,-1.1489192247390747,2.535197496414185,9.071274757385254,1.865689873695373,4.294483661651611,14.317078590393066
2174747792.0,-1.1386196613311768,2.754153251647949,10.152958869934082,2.1571033000946045,5.458189487457275,14.37094497680664
2174756125.0,-1.1644395589828491,1.8525217771530151,10.83481216430664,1.2592986822128296,3.972512722015381,14.40350341796875
2174764458.0,-0.7489201426506042,1.6869709491729736,10.5767240524292,0.5639230608940125,1.211655855178833,14.6016263961792
2174772791.0,-0.6645848751068115,1.7730320692062378,9.881893157958984,0.6780344843864441,-1.4531596899032593,14.467613220214844
2174781124.0,-0.6800407767295837,1.8521544933319087,9.295952796936035,1.2484123706817627,-2.7248809337615967,14.147127151489258
2174789457.0,-0.6767378449440002,1.600679636001587,9.21017074584961,1.527402400970459,-0.9567044973373412,14.31169891357422
2174797790.0,-0.3326206803321838,1.3085960149765017,9.470151901245115,0.6448383927345276,1.5331144332885742,14.591534614562988
2174806123.0,-0.7868590950965881,1.6102110147476196,8.896097183227539,0.8724210858345032,3.308950185775757,14.562209129333496
2174814456.0,-0.9059850573539734,1.989446759223938,9.100528717041016,2.064661741256714,4.624701976776123,14.680930137634276
2174822789.0,-0.6604371070861816,1.5942095518112185,9.777057647705078,2.6852686405181885,3.5621979236602783,14.646709442138672
2174831122.0,-0.5200718641281128,1.2562235593795776,10.060604095458984,1.7716858386993408,1.3747164011001587,14.688462257385254
2174839455.0,-1.1934680938720703,1.6932284832000732,9.833168983459473,1.2088898420333862,0.0997418612241745,14.9479341506958
2174847788.0,-1.5228641033172607,2.01839017868042,9.23694133758545,1.7085212469100952,0.1645458936691284,14.712666511535645
2174856121.0,-1.2984423637390137,2.1955878734588623,9.207599639892578,2.608733654022217,1.5267623662948608,14.783642768859863
2174864454.0,-0.5811495780944824,1.8999900817871087,10.468643188476562,2.17165207862854,1.613492131233215,14.884485244750977
2174872787.0,-0.6115529537200928,2.075900316238404,10.30401611328125,1.0252869129180908,0.1501506716012954,14.798192024230955
2174881120.0,-0.6876359581947327,2.25844407081604,9.453210830688477,0.9593557715415956,-0.0369229279458522,14.90182876586914
2174889453.0,-0.9437942504882812,1.925020933151245,9.690489768981934,1.3079911470413208,0.5298562049865723,15.016963005065918
2174897786.0,-1.2766176462173462,2.170997142791748,9.421323776245115,0.9789251089096068,1.2566859722137451,14.906285285949709
2174906119.0,-1.250911831855774,2.260893583297729,9.60244846343994,1.1930601596832275,2.473387718200684,15.095853805541992
2174914452.0,-0.8589071035385132,2.220585823059082,10.168334007263184,0.594865083694458,1.756880760192871,15.111248970031738
2174922785.0,-0.7800853252410889,2.274897813796997,10.16346263885498,0.2384173274040222,0.1399562060832977,15.36780071258545
2174931118.0,-0.8868977427482605,1.6709778308868408,10.36745834350586,-0.8284541368484497,-0.8744829297065735,15.374101638793944
2174939451.0,-0.5806926488876343,1.4664838314056396,9.311681747436523,-0.9589843153953552,-1.5654525756835938,15.346847534179688
2174947784.0,-0.991962432861328,1.6564888954162598,8.89268684387207,0.4216872453689575,-0.7177494168281555,15.335603713989258
2174956117.0,-1.003363847732544,1.5783534049987793,9.701472282409668,0.7655584216117859,0.8419144749641418,15.47630214691162
2174964450.0,-0.821629524230957,1.498954176902771,9.202105522155762,0.3379798829555511,0.8156086206436157,15.24884796142578
2174972783.0,-0.7424842715263367,1.0729998350143433,9.758546829223633,0.0413670018315315,1.380223512649536,15.723301887512209
2174981116.0,-1.0660808086395264,1.3164358139038086,9.930024147033691,-0.0553907938301563,0.7527000308036804,15.829036712646484
2174989449.0,-1.1149961948394775,1.2622897624969482,9.750730514526367,0.9178606867790222,-0.0293411128222942,15.51526165008545
2174997782.0,-1.1210299730300903,1.6084437370300293,9.794629096984863,1.8271405696868896,-0.3676795661449432,15.866022109985352
2175006115.0,-0.6339001655578613,1.587491512298584,10.567279815673828,1.4752265214920044,-1.1556504964828491,15.712594032287598
2175014448.0,-0.5791272521018982,1.7025130987167358,10.01902198791504,0.756004273891449,-2.033655166625977,15.540902137756348
2175022781.0,-0.4092878997325897,1.2273050546646118,9.178326606750488,0.5572378635406494,-1.629283428192139,15.545104026794434
2175031114.0,-0.3850243985652923,1.0171972513198853,9.422839164733888,1.2330182790756226,-0.8952816724777222,15.66702651977539
2175039447.0,-0.92629474401474,1.4172147512435913,9.72710418701172,1.529426336288452,0.8018537759780884,15.774297714233398
2175047780.0,-1.2274123430252075,1.687114119529724,9.759137153625488,2.25886869430542,2.3322534561157227,15.895172119140623
2175056113.0,-0.9424177408218384,1.2775874137878418,10.407328605651855,2.3259010314941406,2.458531618118286,15.828986167907717
2175064446.0,-0.4997399449348449,1.0016778707504272,10.524093627929688,1.464647889137268,0.5628216862678528,15.814410209655762
2175072779.0,-0.4981123805046081,1.4230742454528809,10.337578773498535,1.7361587285995483,-1.7228009700775146,15.845174789428713
2175081112.0,-0.7322073578834534,1.4782931804656982,9.94009780883789,1.995221495628357,-2.9213168621063232,15.858519554138184
2175089445.0,-0.8383612036705017,2.028902769088745,9.257538795471191,2.708347082138061,-1.861527681350708,15.73116397857666
2175097778.0,-0.6501853466033936,1.8359445333480835,9.3070707321167,2.665878772735596,-0.0238340497016906,15.75070858001709
2175106111.0,-0.3418852090835571,1.609174370765686,9.194005966186523,1.8366690874099727,0.8703206181526184,15.623764038085938
2175114444.0,-0.5266866087913513,1.7922630310058594,9.988648414611816,1.4966400861740112,1.3306339979171753,15.940765380859377
2175122777.0,-1.1225436925888062,1.3683342933654783,10.589404106140137,0.810844361782074,1.47320294380188,16.175827026367188
2175131110.0,-0.9389265775680542,1.4809186458587646,9.359344482421877,1.6960468292236328,0.6594386100769043,15.7335205078125
2175139443.0,-0.36600261926651,0.977834939956665,10.249848365783691,2.955652952194214,-0.1968582570552826,16.168453216552734
2175147776.0,-0.5676871538162231,0.7845116257667542,10.26805019378662,2.098344087600708,-2.0095009803771973,16.0283145904541
2175156109.0,-0.6723319888114929,1.4884215593338013,9.265682220458984,2.143373727798462,-1.748363971710205,15.878087997436523
2175164442.0,-0.4408881664276123,1.520884394645691,9.980958938598633,2.52138900756836,-0.3172451853752136,16.37003517150879
2175172775.0,-0.5649694204330444,1.6815285682678225,10.07604694366455,2.4270260334014893,0.2512500584125519,15.761312484741213
2175181108.0,-0.5525879859924316,2.118006706237793,9.538022994995115,2.802377223968506,1.4533518552780151,15.805752754211426
2175189441.0,-0.3662820160388946,1.6138156652450562,10.235170364379885,2.951580286026001,2.183024883270264,16.176162719726562
2175197774.0,-0.9623515605926514,1.6360580921173096,10.476702690124512,1.9671990871429443,1.7297040224075315,16.104055404663086
2175206107.0,-1.0724797248840332,2.163605213165283,10.19852066040039,1.6315760612487793,1.6717134714126587,16.346446990966797
2175214440.0,-0.8824307322502136,2.023624420166016,9.95741081237793,2.5596306324005127,0.6455044746398926,16.022781372070312
2175222773.0,-0.5847948789596558,1.839933156967163,10.39128875732422,2.4693408012390137,-0.2562064230442047,15.926677703857422
2175231106.0,-0.4103094339370727,1.6623398065567017,10.477988243103027,1.5923603773117063,-0.8288384079933167,16.12518882751465
2175239439.0,-0.7546132206916809,1.3926525115966797,9.890600204467772,1.2063026428222656,-0.7593469619750977,15.908286094665527
2175247772.0,-0.7815448641777039,1.7145802974700928,9.031742095947266,2.0480124950408936,1.2498469352722168,16.129314422607422
2175256105.0,-0.5216522216796875,1.6517333984375,9.65843391418457,3.1561355590820312,2.4347615242004395,16.24700927734375
2175264438.0,-0.7112282514572144,1.9004220962524407,9.78236198425293,2.866029024124145,2.002060413360596,15.95462417602539
2175272771.0,-0.9968768358230592,2.0719594955444336,10.000701904296877,2.285123348236084,1.884900689125061,15.98410415649414
2175281104.0,-1.0379526615142822,1.4260042905807495,10.391773223876951,1.3060444593429563,1.3019973039627075,16.126930236816406
2175289437.0,-0.7740613222122192,1.490330696105957,9.345744132995604,1.2939544916152954,0.0305577870458364,15.9182767868042
2175297770.0,-0.696982741355896,1.804293274879456,9.136333465576172,3.226036787033081,-0.7047886848449707,15.970659255981444
2175306103.0,-0.239716574549675,1.3835774660110474,10.395103454589844,3.211974620819092,-0.8486127257347107,16.234920501708984
2175314436.0,-0.6953580975532532,1.7208983898162842,9.662293434143066,1.9881515502929688,-0.9936660528182985,15.855393409729004
2175322769.0,-0.7291651368141174,2.138326644897461,9.18097972869873,2.4313035011291504,1.100976824760437,15.851269721984863
2175331102.0,-0.4540455043315887,1.5128544569015503,9.309982299804688,2.913517475128174,2.341654062271118,16.093658447265625
2175339435.0,-0.623921275138855,1.4628220796585083,9.693408012390137,2.82517409324646,2.3253633975982666,16.03443717956543
2175347768.0,-0.7298606634140015,1.8661019802093504,10.294634819030762,2.53383731842041,2.0150465965271,16.59536361694336
2175356101.0,-0.7632209062576294,1.58185613155365,9.796393394470217,2.4886536598205566,0.7681966423988342,16.118759155273438
2175364434.0,-0.0245856959372758,1.7127622365951538,9.620321273803713,3.2758822441101074,-0.7099884152412415,16.174474716186523
2175372767.0,0.1359475404024124,1.907390117645264,10.243904113769531,3.131033182144165,-1.335334300994873,16.57305335998535
2175381100.0,-0.2060926258563995,1.5643773078918457,9.684286117553713,2.080465316772461,-1.127653956413269,16.577688217163086
2175389433.0,-0.8279970288276672,2.6802642345428467,8.289752006530762,2.6270735263824463,1.829446077346801,16.39106559753418
2175397766.0,-0.3615222573280334,2.592055320739746,9.737692832946776,3.3988049030303955,4.634948253631592,16.578176498413086
2175406099.0,-0.653794527053833,2.1567423343658447,10.116697311401367,2.035179853439331,4.826286792755127,16.374956130981445
2175414432.0,-0.71278977394104,2.702803373336792,10.055170059204102,1.2326598167419434,3.877202272415161,16.50945281982422
2175422765.0,-0.4834672510623932,2.788754463195801,10.310617446899414,1.0869146585464478,1.858466982841492,16.51001739501953
2175431098.0,-0.6387659907341003,2.2418253421783447,10.406320571899414,0.2647488117218017,-0.2643773555755615,16.52016258239746
2175439431.0,-0.5052226185798645,1.885936975479126,9.566659927368164,-0.5023592710494995,-0.5546635389328003,16.764877319335938
2175447764.0,-0.4989986419677734,1.8062422275543213,9.295040130615234,-0.2085639834403991,0.6001929640769958,16.556995391845703
2175456097.0,-0.8344732522964478,1.6625614166259766,9.650769233703612,0.4696114361286163,2.42620587348938,16.553508758544922
2175464430.0,-0.9702325463294984,1.2199722528457642,9.99579620361328,0.2135715633630752,4.501266956329346,16.769746780395508
2175472763.0,-0.8556346297264099,1.2245484590530396,9.601876258850098,0.6919687390327454,4.869062423706055,16.702177047729492
2175481096.0,-0.955236554145813,1.3548685312271118,10.136764526367188,1.6112637519836426,4.035446643829346,17.053421020507812
2175489429.0,-1.0857187509536743,1.2595866918563845,10.675376892089844,1.482449650764465,2.143092155456543,16.840030670166016
2175497762.0,-1.1418513059616089,1.6235854625701904,9.608678817749023,1.3477188348770142,0.4045256674289703,16.668516159057617
2175506095.0,-0.6373608112335205,2.107714891433716,9.625813484191896,2.095987796783448,-0.2454228699207306,16.934751510620117
2175514428.0,-0.7929367423057556,1.7581136226654053,9.906586647033691,1.7656919956207275,-0.5467744469642639,16.48007583618164
2175522761.0,-0.8967678546905518,1.7671823501586914,9.43745231628418,1.2952356338500977,0.8956788778305054,16.396909713745117
2175531094.0,-0.5891414284706116,2.025294303894043,9.572551727294922,1.508294701576233,2.6359617710113525,16.989978790283203
2175539427.0,-1.008841872215271,2.2706243991851807,10.094576835632324,2.0280585289001465,2.862084150314331,16.899303436279297
2175547760.0,-1.024031162261963,2.29465913772583,10.455409049987791,1.7618755102157593,2.518981456756592,16.83885383605957
2175556093.0,-0.7167235612869263,1.43282151222229,10.250242233276367,0.9384801983833312,1.076130986213684,16.84423065185547
2175564426.0,-0.6560956835746765,1.2299879789352417,9.718411445617676,0.7125369310379028,-0.5972344279289246,16.61744499206543
2175572759.0,0.0267202239483594,1.8324553966522217,9.86021327972412,1.117728590965271,-1.3231163024902344,16.80942153930664
2175581092.0,-0.1838544905185699,1.4805779457092283,9.903264045715332,1.7643344402313232,-2.140927791595459,16.670028686523438
2175589425.0,-0.7865465879440308,1.5396313667297363,9.479358673095703,1.6835216283798218,-0.1112554520368576,16.684167861938477
2175597758.0,-0.5957172513008118,0.8639277219772339,9.114728927612305,1.484831690788269,3.183875322341919,17.200756072998047
2175606091.0,-0.4377554059028625,0.5965027213096619,9.409151077270508,2.0606913566589355,3.983654975891113,17.213512420654297
2175614424.0,-0.7016094923019409,1.6897629499435425,10.366223335266112,2.697307586669922,3.3979337215423584,17.328598022460938
2175622757.0,-0.4909196197986603,2.183133125305176,10.585050582885742,3.187743902206421,1.2758710384368896,16.95926856994629
2175631090.0,-0.2610999941825866,2.626680612564087,10.555800437927246,3.173245429992676,-0.7327592968940735,16.596235275268555
2175639423.0,-0.0091661671176552,2.27817964553833,10.882370948791504,1.407810091972351,-1.605411171913147,17.201656341552734
2175647756.0,-0.6976110935211182,2.0774762630462646,9.19593334197998,-0.4674470424652099,-0.4825082123279571,17.017894744873047
2175656089.0,-0.2365319728851318,2.350107192993164,8.499000549316406,0.3775795400142669,2.0951168537139893,16.980960845947266
2175664422.0,-0.3177312314510345,2.435180902481079,9.578746795654297,1.6012489795684814,3.336921453475952,17.034574508666992
2175672755.0,-0.6799355745315552,2.503745079040528,10.70230770111084,0.9207807779312134,3.564913511276245,16.9421329498291
2175681088.0,-1.199779391288757,2.372535467147827,10.544976234436035,-0.6608601212501526,3.480334520339966,17.162052154541016
2175689421.0,-1.0784448385238647,2.5802125930786133,9.80360221862793,-0.9814992547035216,3.144916296005249,16.743873596191406
2175697754.0,-0.2120527178049087,1.684886455535889,10.72183895111084,-0.8640323281288147,1.4300684928894043,16.811342239379883
2175706087.0,-0.1081359311938285,1.4466497898101809,10.478487968444824,-1.5733929872512815,-1.632920503616333,16.745769500732422
2175714420.0,-0.6773102283477783,1.8519442081451416,9.013704299926758,-0.6575303077697754,-1.674646019935608,16.881473541259766
2175722753.0,-0.7684721350669861,1.0278232097625732,9.362133979797363,0.1494334787130355,0.9811278581619264,17.13915252685547
2175731086.0,-0.6629246473312378,1.2274821996688845,8.946989059448242,0.1079127937555313,2.8192570209503174,16.882295608520508
2175739419.0,-0.618126392364502,1.5654101371765137,8.946460723876953,0.9701647758483888,4.163261413574219,16.977577209472656
2175747752.0,-1.128918170928955,1.315471887588501,9.8743314743042,1.2486687898635864,3.59639310836792,16.765928268432617
2175756085.0,-0.8804126977920532,1.1944715976715088,10.047306060791016,0.8793880939483643,2.2990317344665527,16.649614334106445
2175764418.0,-0.6967736482620239,1.2783989906311035,10.38962745666504,1.3221814632415771,0.5284474492073059,17.21656036376953
2175772751.0,-0.6387847661972046,1.7559967041015625,10.68753433227539,1.6291682720184326,-1.0509909391403198,17.286771774291992
2175781084.0,-0.3727894425392151,1.7942780256271362,9.593986511230469,2.306280851364136,-1.825642347335816,17.172327041625977
2175789417.0,0.1447139084339141,0.9350855350494384,10.228245735168455,2.4772815704345703,-1.4786462783813477,17.146148681640625
2175797750.0,0.2356567084789276,1.0785185098648071,9.916367530822754,1.1606322526931765,-0.549053966999054,17.466476440429688
2175806083.0,-0.3175458908081054,1.099073052406311,9.122060775756836,1.672276735305786,1.489058256149292,17.419347763061523
2175814416.0,-0.2890653312206268,2.0991039276123047,9.062262535095217,3.5258517265319824,3.447446346282959,17.53322982788086
2175822749.0,-0.8368095755577087,1.7506121397018433,10.223156929016112,4.217334270477295,4.441381931304932,17.765783309936523
2175831082.0,-0.8076337575912476,1.454548478126526,10.377076148986816,2.541726589202881,4.112443447113037,17.828996658325195
2175839415.0,-0.6709281206130981,1.4008420705795288,9.89416790008545,1.6025036573410034,2.334533214569092,18.2145938873291
2175847748.0,-0.6168442368507385,1.520967960357666,10.12995433807373,2.117657423019409,-0.5415490865707397,18.05901336669922
2175856081.0,-0.1002601385116577,1.504992127418518,10.440581321716309,2.408635139465332,-2.3351094722747803,18.107065200805664
2175864414.0,0.2958814799785614,1.3267930746078491,9.756038665771484,2.5244369506835938,-3.630856990814209,18.052045822143555
2175872747.0,0.0109964068979024,1.6086969375610352,9.293672561645508,2.9488651752471924,-2.074382066726685,18.18349838256836
2175881080.0,-0.2550195753574371,1.4375476837158203,9.15993881225586,2.890362501144409,1.3509976863861084,18.36579704284668
2175889413.0,-0.2500020563602447,1.804025173187256,9.263689994812012,2.7660820484161377,4.1590352058410645,18.624420166015625
2175897746.0,-0.0346062108874321,1.479078769683838,10.033245086669922,2.878631591796875,4.6337199211120605,18.805185317993164
2175906079.0,-0.1732295751571655,1.318657159805298,10.46543788909912,2.669951915740967,2.596541404724121,18.44963264465332
2175914412.0,0.0401268377900123,1.6905195713043213,10.424395561218262,2.356381893157959,0.143593430519104,18.437440872192383
2175922745.0,-0.5284242033958435,2.211359739303589,9.812329292297363,2.5490779876708984,-0.9559619426727296,18.52304077148437
2175931078.0,-0.2093647122383117,2.4131975173950195,9.650559425354004,2.544903039932251,-0.423544317483902,18.46492385864257
2175939411.0,0.2051355242729187,2.418651580810547,9.758905410766602,2.0537753105163574,0.2890054881572723,18.29914665222168
2175947744.0,-0.0991939604282379,2.371936321258545,10.382155418395996,1.1214170455932615,1.521127462387085,18.42557907104492
2175956077.0,0.2420902848243713,2.2960729598999023,9.727500915527344,0.0457214154303073,2.3559465408325195,18.37872886657715
2175964410.0,-0.3316697776317596,1.9743610620498653,9.257412910461426,0.9985455870628356,2.6210286617279053,17.907379150390625
2175972743.0,0.0208906196057796,2.003791332244873,10.026598930358888,1.2513326406478882,2.835496664047241,17.943519592285156
2175981076.0,-0.389797568321228,1.5566610097885132,10.096223831176758,0.8439890742301941,2.52005672454834,18.105859756469727
2175989409.0,-0.5853845477104187,1.7712093591690063,9.876802444458008,0.6611036062240601,2.388835430145264,17.746416091918945
2175997742.0,-0.7839453816413879,1.9959230422973635,9.61087417602539,1.4346535205841064,2.419751644134521,17.754613876342773
2176006075.0,-0.4693772792816162,1.5786068439483645,10.048646926879885,1.6744539737701416,2.050137996673584,17.437789916992188
2176014408.0,-0.175163060426712,2.0031466484069824,9.348048210144045,1.549840807914734,1.0810234546661377,17.71649932861328
2176022741.0,0.0340918265283107,2.29276967048645,9.927279472351074,1.8929436206817627,0.4696883261203766,17.591373443603516
2176031074.0,0.0728321149945259,2.015053033828736,9.958160400390623,0.9651190638542176,-0.2872253060340881,17.220073699951172
2176039407.0,-0.2468468099832534,2.3274595737457275,9.150849342346191,0.9199099540710448,0.8054909706115723,17.095584869384766
2176047740.0,-0.3410421311855316,2.18758225440979,9.259424209594728,1.1410887241363523,3.037055253982544,17.405542373657227
2176056073.0,-0.5275383591651917,2.3447651863098145,9.378534317016602,1.4190033674240112,3.8327362537384033,17.301345825195312
2176064406.0,-0.2573147714138031,2.626898288726806,9.630593299865724,1.4834998846054075,3.307259082794189,17.235437393188477
2176072739.0,-0.8810204863548279,2.253802299499512,10.184941291809082,0.3765805959701538,2.050087213516236,17.280649185180664
2176081072.0,-0.962847888469696,1.8038558959960933,9.656426429748535,-1.1744002103805542,0.8535434007644653,17.16213035583496
2176089405.0,-0.7433079481124878,1.0099964141845703,9.23768711090088,-1.058521389961243,0.4445863962173462,17.367122650146484
2176097738.0,-0.4375377595424652,0.4893297851085663,9.717893600463867,-0.0403040051460266,-0.7826302647590637,17.554000854492188
2176106071.0,-0.5578036308288574,1.2897909879684448,9.586346626281738,0.9460107684135436,-1.2735272645950315,17.797466278076172
2176114404.0,-0.4819295406341553,1.5796462297439575,9.249794960021973,2.358175277709961,-1.0498381853103638,17.74526596069336
2176122737.0,0.013693256303668,1.232575297355652,9.903197288513184,2.4740538597106934,-0.7302236557006836,17.586097717285156
2176131070.0,-0.0507893450558185,1.2821537256240845,10.10877799987793,1.1680606603622437,-0.5350174903869629,17.84928321838379
2176139403.0,-0.1827896535396576,1.690277338027954,9.477831840515137,0.6926091313362122,0.112497754395008,18.15929412841797
2176147736.0,-0.4598195552825928,2.4593043327331543,9.182188034057615,2.2274656295776367,1.0705983638763428,18.24056625366211
2176156069.0,-0.3249729871749878,1.9405773878097528,10.716394424438477,2.664803504943848,0.9345099925994872,18.34112930297852
2176164402.0,-0.1306940466165542,1.7217882871627808,10.478755950927734,0.8343839645385742,-0.2030056715011596,18.352272033691406
2176172735.0,-0.2865086495876312,1.34469735622406,10.014076232910156,0.2925402522087097,-0.750151515007019,18.55815887451172
2176181068.0,-0.1337605416774749,1.6357403993606567,9.777910232543944,0.4784740805625915,-0.8251500129699707,18.749292373657227
2176189401.0,0.4866741001605987,1.8742551803588867,9.988840103149414,2.0118963718414307,-1.5658115148544312,18.56135940551757
2176197734.0,0.4517112970352173,1.250662922859192,10.465502738952637,1.8411518335342407,-1.6750560998916626,18.623424530029297
2176206067.0,0.1264741271734237,1.3820472955703735,9.61588191986084,0.512669026851654,-0.6321466565132141,18.758434295654297
2176214400.0,0.1435555070638656,1.719205021858215,8.859984397888184,1.372436761856079,1.4658775329589844,18.58172416687012
2176222733.0,-0.0847497135400772,1.331332445144653,9.550215721130373,2.317755699157715,2.6749460697174072,18.805540084838867
2176231066.0,-0.3361176252365112,0.9448695182800292,10.211527824401855,1.3866782188415527,3.1460180282592773,18.83425521850586
2176239399.0,-0.3546440601348877,1.4102681875228882,9.91511058807373,1.3586817979812622,2.6262028217315674,18.98033332824707
2176247732.0,0.0551714412868022,1.4482249021530151,10.61440658569336,2.313708782196045,0.7349238395690918,19.122032165527344
2176256065.0,-0.2136264592409134,1.5739140510559082,10.585451126098633,2.308048248291016,-1.3530595302581787,18.77564811706543
2176264398.0,-0.1052556708455085,1.520220398902893,9.79839038848877,2.018172025680542,-1.6419371366500854,18.760974884033203
2176272731.0,0.0571435391902923,1.7244958877563477,9.054451942443848,2.225493669509888,-0.4602752029895782,18.801368713378903
2176281064.0,0.0968322157859802,1.7495425939559937,9.62248420715332,2.596669435501098,1.026798129081726,18.66863441467285
2176289397.0,0.5025908946990967,1.8184289932250977,10.176976203918455,2.095834255218506,1.7956608533859253,18.80715560913086
2176297730.0,0.2295130044221878,2.3674774169921875,9.87678050994873,2.1522367000579834,1.579988718032837,18.772214889526367
2176306063.0,0.0902983024716377,2.1660447120666504,10.532343864440918,2.0883803367614746,1.6025294065475464,18.648372650146484
2176314396.0,-0.1643093824386596,2.2799556255340576,10.020381927490234,1.5775554180145264,1.6505557298660278,18.14463996887207
2176322729.0,0.1487167477607727,1.8578945398330688,10.206870079040527,1.981568694114685,1.9297255277633667,18.09092712402344
2176331062.0,0.3392730355262756,1.1246294975280762,10.402480125427246,1.5293493270874023,1.863768935203552,18.198841094970703
2176339395.0,0.22366863489151,1.332499623298645,10.10788631439209,1.689591884613037,1.4244078397750854,18.162517547607425
2176347728.0,0.2427991479635238,1.8160439729690552,9.777710914611816,2.815696954727173,1.6629791259765625,18.28121757507324
2176356061.0,0.0855760797858238,1.5781745910644531,9.922094345092772,3.5229313373565674,2.311890125274658,17.923385620117188
2176364394.0,0.284594178199768,1.2996734380722046,10.130467414855955,2.930192470550537,2.717568635940552,17.615169525146484
2176372727.0,0.2471877485513687,1.2365480661392212,9.16230297088623,2.1524927616119385,3.317889213562012,18.02509880065918
2176381060.0,0.3184119462966919,1.3475300073623655,9.637638092041016,2.9790642261505127,3.8317370414733887,18.34451103210449
2176389393.0,-0.1670165657997131,1.4607008695602417,9.904839515686035,3.1638457775115967,3.645393133163452,18.591432571411133
2176397726.0,-0.2094544768333435,0.9997768402099608,9.64926052093506,3.419680595397949,3.7001569271087646,18.50009155273437
2176406059.0,0.2912953495979309,0.7968649864196777,9.900524139404297,3.582535743713379,3.145838975906372,18.54204750061035
2176414392.0,-0.1259730011224746,1.7463592290878296,9.983217239379885,3.850845336914064,2.417958974838257,18.79160690307617
2176422725.0,-0.5687755346298218,1.9159425497055047,9.879938125610352,4.473476409912109,2.875429153442383,18.520761489868164
2176431058.0,-0.0989688709378242,1.896718382835388,10.070652961730955,4.208420276641846,3.762963056564331,18.74188995361328
2176439391.0,-0.1921415477991104,1.4264512062072754,10.214426040649414,3.2339513301849365,3.767700910568237,19.00443458557129
2176447724.0,-0.0950831472873687,1.7926825284957886,9.913514137268066,2.954551696777344,3.1601061820983887,18.976287841796875
2176456057.0,-0.4812926948070526,2.069521188735962,9.708236694335938,3.60067081451416,2.9887466430664062,18.69896125793457
2176464390.0,-0.2293641865253448,2.4027347564697266,9.778590202331545,4.006579875946045,3.093329429626465,18.71184539794922
2176472723.0,0.0727212503552436,2.285212993621826,10.12877368927002,3.318453311920166,2.6639325618743896,18.86471176147461
2176481056.0,-0.3168498277664184,2.163463592529297,9.676172256469728,2.066967010498047,2.066045045852661,18.631622314453125
2176489389.0,-0.6319031119346619,1.9300487041473389,8.788761138916016,1.8558541536331177,3.0019631385803223,18.863327026367188
2176497722.0,-0.8874647617340088,1.4232404232025146,9.214038848876951,2.281665802001953,4.076993942260742,19.03486633300781
2176506055.0,-0.5297499299049377,1.704403281211853,9.922392845153809,2.4622201919555664,3.2502169609069824,18.62800979614257
2176514388.0,-0.5158059597015381,2.500473022460937,9.416372299194336,3.209515333175659,1.3115769624710083,18.07806968688965
2176522721.0,-0.5377504825592041,2.001558303833008,10.022506713867188,3.0403079986572266,0.2691288292407989,18.46858596801757
2176531054.0,-0.9204660654067992,1.6932494640350342,9.922222137451172,1.3548651933670044,0.5328273773193359,18.439308166503903
2176539387.0,-0.7025021314620972,2.3445632457733154,9.315247535705566,1.072263240814209,1.172414779663086,18.26871490478516
2176547720.0,-0.2545619308948517,2.014723300933838,10.004073143005373,1.977573037147522,1.438418984413147,18.52570533752441
2176556053.0,0.1166709959506988,2.298893451690674,9.97251319885254,2.5779197216033936,0.2279411256313324,18.292871475219727
2176564386.0,-0.1601235419511795,2.276118040084839,9.927205085754396,2.54864239692688,-0.5147309303283691,18.096843719482425
2176572719.0,-0.2814611494541168,2.186199188232422,10.002843856811523,1.1291013956069946,-0.008414277806878,18.362592697143555
2176581052.0,-0.4697772562503814,2.3032679557800293,9.096349716186523,0.5909204483032227,0.9240335822105408,18.24806785583496
2176589385.0,-0.2881909608840942,2.274919033050537,9.376395225524902,1.4846268892288208,1.4256372451782229,18.165157318115234
2176597718.0,-0.2388394027948379,1.964969277381897,10.045537948608398,1.576377511024475,1.5579606294631958,17.94679832458496
2176606051.0,0.1821015328168869,1.8005675077438354,10.034575462341309,1.2564297914505005,0.664151668548584,18.11567115783692
2176614384.0,-0.0287404954433441,2.303784847259521,9.870826721191406,1.362498164176941,-0.2407866567373275,18.07712173461914
2176622717.0,0.1705858409404754,2.185328722000122,10.243793487548828,1.3976666927337646,-0.7631123661994934,17.9282283782959
2176631050.0,0.2739010155200958,1.901254296302796,9.482277870178224,0.9956001043319702,-0.503742516040802,17.956634521484375
2176639383.0,0.5246283411979675,1.4100769758224487,9.335694313049316,1.129254937171936,0.2759421765804291,18.219741821289062
2176647716.0,0.0060064764693379,1.7528057098388672,9.368836402893066,1.304482102394104,1.554707646369934,18.12643051147461
2176656049.0,0.0724072158336639,2.249601125717163,9.599483489990234,1.7783198356628418,2.664905548095703,18.101787567138672
2176664382.0,-0.1123056411743164,2.0904979705810547,9.723516464233398,2.0970892906188965,3.1636149883270264,18.31011009216309
2176672715.0,-0.3059701919555664,2.5386807918548584,10.145878791809082,1.487803339958191,3.2640230655670166,18.4475326538086
2176681048.0,-0.3627801537513733,2.136857986450196,10.444382667541504,0.5549582242965698,2.407994747161865,18.52263259887696
2176689381.0,-0.348505437374115,2.058713912963867,10.19265079498291,-0.0272151287645101,1.0519769191741943,18.338258743286133
2176697714.0,-0.2413302361965179,2.4115705490112305,10.21511459350586,0.2695642709732055,0.4500678479671478,18.37681007385254
2176706047.0,-0.0882851630449295,2.7380354404449463,9.85147476196289,0.7249086499214172,0.08924001455307,18.288848876953125
2176714380.0,0.2418963462114334,2.387855768203736,9.736316680908203,0.6435321569442749,-0.0222715809941291,18.34102439880371
2176722713.0,0.1361368149518966,2.112492322921753,9.961190223693848,-0.729378342628479,0.5762436389923096,18.61292266845703
2176731046.0,-0.4279640316963196,1.8837831020355225,9.539219856262209,-1.8874493837356567,2.0050058364868164,18.65831184387207
2176739379.0,-0.3648914396762848,2.102821350097656,9.017889976501465,-1.0043472051620483,3.349010944366455,18.62116813659668
2176747712.0,0.032165877521038,2.0291848182678223,9.81832790374756,0.6478098034858704,3.016922235488892,18.501909255981445
2176756045.0,-0.0544638894498348,1.9881118535995483,11.119650840759276,0.173767015337944,1.4234858751296997,18.65792655944824
2176764378.0,-0.0911013782024383,2.081609010696411,10.490424156188965,-1.5234454870224,0.2194372117519378,18.648242950439453
2176772711.0,0.1961321979761123,1.655769944190979,9.732367515563965,-1.63724946975708,-0.1952957808971405,18.78671646118164
2176781044.0,0.1375993937253952,1.429769515991211,9.961624145507812,-1.1762444972991943,0.108527548611164,18.84091567993164
2176789377.0,0.1630939543247223,0.9402480125427246,9.634384155273438,-0.8393147587776184,0.9667328000068665,18.5683536529541
2176797710.0,0.1967668682336807,0.7054556608200073,9.294840812683104,0.244487926363945,2.361351490020752,18.60421371459961
2176806043.0,0.205045685172081,1.2125585079193115,9.535639762878418,1.2587863206863403,3.4504945278167725,18.86732292175293
2176814376.0,-0.2825632095336914,1.5646120309829712,9.981888771057127,1.4756877422332764,3.8490006923675537,18.95326042175293
2176822709.0,-0.0332378037273883,1.9914250373840328,9.694705963134766,1.4633159637451172,3.4380202293396,18.57180976867676
2176831042.0,-0.2642876803874969,1.770748734474182,10.078704833984377,1.6512219905853271,2.5570952892303467,18.496299743652344
2176839375.0,0.0103227067738771,1.5777074098587036,11.119288444519045,0.3668471574783325,2.1176061630249023,18.54266357421875
2176847708.0,-0.0363529250025749,1.905192732810974,10.119927406311035,0.0344511531293392,1.3165208101272583,18.64775657653809
2176856041.0,-0.049407422542572,2.175343513488769,9.727625846862791,1.4923882484436035,1.3561460971832275,18.59852600097656
2176864374.0,-0.0978758037090301,1.943844556808472,10.251994132995604,1.28183913230896,2.2974438667297363,18.723575592041016
2176872707.0,-0.1277584582567215,1.4614194631576538,9.908624649047852,0.1223336234688758,2.728992462158203,18.35624313354492
2176881040.0,0.1449314504861831,1.4207918643951416,9.437893867492676,-0.2211277484893798,3.5445117950439453,18.64044570922852
2176889373.0,-0.20976422727108,1.1769646406173706,9.887182235717772,0.320600688457489,3.3567593097686768,18.683502197265625
2176897706.0,-0.1313049346208572,1.5598969459533691,9.719316482543944,0.6801221966743469,2.775674819946289,18.50018310546875
2176906039.0,-0.4616059362888336,2.108107805252075,9.38314723968506,1.4687848091125488,2.893167495727539,18.65901565551757
2176914372.0,-0.1900094151496887,2.1565723419189453,10.41650676727295,1.0729420185089111,2.50173020362854,18.55450820922852
2176922705.0,-0.3709637224674225,1.8831994533538816,10.160808563232422,-0.6246544718742371,2.077967882156372,18.346954345703125
2176931038.0,-0.4060355722904205,1.3146491050720217,9.583288192749023,-1.0836617946624756,2.260239124298096,18.52321052551269
2176939371.0,-0.0631358325481414,1.880169153213501,9.291454315185549,-0.3051424622535705,2.14233660697937,18.67551040649414
2176947704.0,-0.4006256461143493,2.157219648361206,9.992955207824709,0.9032734036445618,1.6505433320999146,18.44485282897949
2176956037.0,-0.1697118282318115,1.6794098615646362,10.448342323303224,-0.2204105108976364,1.2798280715942385,18.22592544555664
2176964370.0,-0.2829889953136444,1.4105920791625977,9.398277282714844,-0.9626343846321106,1.7790241241455078,18.20615196228028
2176972703.0,-0.1053681001067161,1.5912655591964722,9.421714782714844,-0.5258859992027283,2.655799865722656,18.42651557922364
2176981036.0,-0.3513163328170776,1.5143792629241943,9.883511543273926,0.043300874531269,2.441690444946289,18.363603591918945
2176989369.0,-0.1415664255619049,1.4843255281448364,9.912009239196776,0.5629625916481018,1.8749496936798096,17.99929428100586
2176997702.0,0.0247220546007156,0.8805322051048279,9.695552825927734,0.7972816228866577,1.30341899394989,18.27823066711425
2177006035.0,-0.0341691374778747,0.7518916726112366,9.61070728302002,0.5542793273925781,0.8822696805000305,18.313552856445312
2177014368.0,-0.2835144996643066,1.0635669231414795,8.819889068603516,0.9297073483467102,1.1781654357910156,18.308713912963867
2177022701.0,-0.4239541888236999,0.9187465906143188,8.944135665893555,2.24428129196167,1.9587339162826536,18.15825653076172
2177031034.0,-0.348677784204483,0.4277157783508301,9.641469955444336,2.551165819168091,2.4668948650360107,18.33164024353028
2177039367.0,-0.2229813933372497,0.4968145489692688,9.497535705566406,2.3770911693573,2.342358350753784,18.65204620361328
2177047700.0,-0.5502471327781677,0.6412480473518372,9.217626571655272,2.920445919036865,1.602952003479004,18.80834579467773
2177056033.0,-0.6970598101615906,1.318463921546936,9.392428398132324,3.8728864192962646,1.177012920379639,18.73542213439941
2177064366.0,-0.1763882339000702,1.4598950147628784,10.36043930053711,3.989917278289795,0.4141438603401184,18.603174209594727
2177072699.0,-0.0190746765583753,1.0651369094848633,10.593113899230955,3.03458309173584,-1.037197470664978,18.71134376525879
2177081032.0,0.1153497248888015,1.1586449146270752,9.855113983154297,2.380600452423096,-1.2690576314926147,18.83910751342773
2177089365.0,-0.2009990662336349,1.572050929069519,9.045510292053224,3.113244771957397,-0.2473311275243759,18.98733901977539
2177097698.0,-0.0662910491228103,1.9627790451049805,9.322875022888184,4.191988468170166,0.8460769057273865,18.85253143310547
2177106031.0,-0.1732477098703384,1.5407583713531494,10.361406326293944,3.5874152183532715,1.4706544876098633,18.668107986450195
2177114364.0,-0.3086235225200653,1.4539090394973757,10.29786205291748,2.083679914474488,2.0451560020446777,18.76562118530273
2177122697.0,-0.0503216944634914,1.544281005859375,9.555431365966797,2.430547952651977,1.67930805683136,19.03843688964844
2177131030.0,-0.1738724410533905,1.9295591115951536,9.890328407287598,3.860821723937988,0.1363061815500259,18.733732223510746
2177139363.0,0.1239064037799835,1.8502358198165887,10.287463188171388,3.548430919647217,-1.2063796520233154,18.51716423034668
2177147696.0,0.0276939682662487,2.035695552825928,9.960118293762209,2.6212973594665527,-1.490825653076172,18.33967971801757
2177156029.0,0.5374153852462769,2.3740148544311523,9.85888957977295,1.7026681900024414,-1.0414236783981323,18.20195198059082
2177164362.0,0.1289845556020736,2.2196834087371826,9.16437530517578,1.8998719453811648,-0.0475144162774086,18.17623519897461
2177172695.0,-0.0389018356800079,2.397078514099121,9.698492050170898,2.0881881713867188,2.1581151485443115,17.972909927368164
2177181028.0,-0.0018289675936102,2.054572343826294,10.364020347595217,1.273040771484375,3.3545308113098145,18.18594551086425
2177189361.0,-0.3504439294338226,2.44902777671814,10.531951904296877,1.0950214862823486,3.3862664699554443,17.93502426147461
2177197694.0,0.4003025889396667,2.30794358253479,11.187070846557615,1.0684340000152588,2.020822763442993,18.01017951965332
2177206027.0,0.3351815938949585,2.3185951709747314,10.662641525268556,1.1047805547714231,-0.3992235362529754,17.580524444580078
2177214360.0,0.4565993249416351,1.713097333908081,10.272456169128418,0.658145010471344,-1.168111801147461,17.493000030517578
2177222693.0,0.5568558573722839,1.6520564556121826,9.37749481201172,0.3396576344966888,-0.1746634840965271,17.62099266052246
2177231026.0,0.4250550270080566,1.3349292278289795,8.936263084411621,0.8388535976409912,1.298552393913269,17.154638290405273
2177239359.0,0.6749626994132996,1.3938125371932983,8.677000999450684,1.6682170629501345,3.4850094318389893,17.32120704650879
2177247692.0,0.7056637406349182,1.2206579446792605,9.346508026123049,2.1736884117126465,4.328614711761475,17.32295036315918
2177256025.0,-0.1268829107284546,1.0362484455108645,9.984013557434082,1.884606122970581,4.488883018493652,17.206533432006836
2177264358.0,-0.225269541144371,1.2433809041976929,9.469525337219238,1.7700846195220947,4.563035488128662,16.992677688598633
2177272691.0,-0.4817286133766174,1.7321785688400269,9.29861545562744,3.0911648273468018,4.604633331298828,16.802518844604492
2177281024.0,-0.0925720185041427,2.379236936569214,10.44054889678955,3.62091851234436,3.6015028953552246,16.85157012939453
2177289357.0,0.0448657721281051,2.3124330043792725,10.497533798217772,2.7540557384490967,1.7014386653900146,16.60843849182129
2177297690.0,0.2217468321323394,2.0513410568237305,10.453214645385742,1.068690061569214,0.5321998596191406,16.76988410949707
2177306023.0,0.4889173507690429,2.302361249923706,9.462814331054688,0.1272387504577636,0.6784315705299377,17.124210357666016
2177314356.0,0.2773539423942566,2.073507785797119,9.230290412902832,0.7262789607048035,1.6831244230270386,16.84918785095215
2177322689.0,0.1226788014173507,1.7405978441238403,9.339509963989258,0.6438779234886169,3.50063419342041,16.829055786132812
2177331022.0,-0.503873884677887,1.697896957397461,9.733823776245115,0.439886212348938,5.750845909118652,17.06076431274414
2177339355.0,-0.8287723064422607,1.4631357192993164,9.940908432006836,-0.0807616934180259,7.559389591217041,17.466901779174805
2177347688.0,-0.9492545127868652,1.2637462615966797,10.05320644378662,0.4022589027881622,6.604901313781738,17.599071502685547
2177356021.0,-0.7755114436149597,0.9506183862686156,10.28808879852295,1.2518320083618164,3.753959178924561,17.390674591064453
2177364354.0,-0.644153892993927,0.9126401543617249,10.64199924468994,1.3241920471191406,0.2798995673656463,17.55744743347168
2177372687.0,-0.2498434633016586,1.434929370880127,10.015517234802246,1.4302607774734497,-2.142323732376098,17.450407028198242
2177381020.0,0.0770590379834175,2.0583508014678955,9.33060359954834,1.989368557929993,-2.568596124649048,17.504348754882812
2177389353.0,-0.0377648584544658,2.2995972633361816,9.542743682861328,1.8917779922485352,-0.9735459089279176,17.404529571533203
2177397686.0,-0.088725246489048,2.0627684593200684,9.740890502929688,0.7237431406974792,2.0565545558929443,17.552427291870117
2177406019.0,-0.5698524713516235,2.0602617263793945,9.428290367126465,0.1317212432622909,5.103522300720215,17.793611526489258
2177414352.0,-0.546271026134491,1.950997829437256,10.251378059387209,0.2679633796215057,6.072099208831787,18.03285026550293
2177422685.0,-1.2434684038162231,1.7566373348236084,10.247756004333496,0.7927479147911072,4.534680843353272,17.675451278686523
2177431018.0,-0.6968060731887817,1.1262261867523191,10.532252311706545,1.0282195806503296,1.7541013956069946,17.5755558013916
2177439351.0,-0.1131029576063156,0.7383162975311279,10.616352081298828,0.4420121610164642,-1.466261863708496,17.963666915893555
2177447684.0,0.0610640123486518,1.3369590044021606,9.980710983276367,0.4984658658504486,-4.47890567779541,17.712080001831055
2177456017.0,0.1164295300841331,1.7804925441741943,9.390329360961914,1.4594099521636963,-4.472093105316162,17.33570671081543
2177464350.0,0.0936009213328361,1.779674053192139,9.151529312133787,1.933247685432434,-1.969940185546875,17.087247848510742
2177472683.0,0.2715902924537658,1.9619780778884888,9.321612358093262,1.6663984060287476,1.667704701423645,17.34520721435547
2177481016.0,-0.6092013716697693,2.20565128326416,9.564592361450195,0.904144287109375,4.487114906311035,17.07643699645996
2177489349.0,-1.0315327644348145,2.339705467224121,9.858799934387209,0.2542341649532318,6.0489182472229,16.941143035888672
2177497682.0,-0.7089824676513672,2.242518186569214,10.378259658813477,0.2547464370727539,4.507606983184815,16.66502571105957
2177506015.0,-0.1996544301509857,1.7877192497253418,11.394411087036133,0.026190560311079,0.0113599160686135,16.277965545654297
2177514348.0,0.1365334838628769,1.652085304260254,10.637616157531738,-1.1953141689300537,-4.563279151916504,16.30030059814453
2177522681.0,-0.083322174847126,1.4234185218811035,9.212071418762209,-1.104153037071228,-5.946986198425293,15.98127555847168
2177531014.0,0.1646480709314346,1.378164768218994,8.527591705322266,-0.6608473658561707,-4.477010726928711,15.81601333618164
2177539347.0,-0.0550226643681526,1.0813331604003906,8.947345733642578,-0.1931313723325729,-0.8834351301193237,15.523573875427246
2177547680.0,0.271521657705307,1.0477713346481323,9.434846878051758,-0.6659446954727173,1.947079300880432,15.26307773590088
2177556013.0,0.1235712841153144,1.6767066717147827,9.89099407196045,0.0969370976090431,3.6439461708068848,15.434642791748049
2177564346.0,-0.1832709610462188,1.729955792427063,10.772388458251951,0.1603579372167587,2.9281044006347656,15.101988792419434
2177572679.0,0.0250450242310762,1.868925929069519,10.779122352600098,-0.3775283396244049,1.0249924659729004,14.84582233428955
2177581012.0,0.4388929307460785,1.0090113878250122,10.870015144348145,-1.249846577644348,-1.5861358642578125,14.580327987670898
2177589345.0,0.5817118287086487,1.1534757614135742,10.001486778259276,-1.751168966293335,-3.08828353881836,14.594572067260742
2177597678.0,0.6336609125137329,1.156099796295166,9.478549003601074,-1.098927617073059,-2.9066267013549805,14.33481502532959
2177606011.0,1.0517462491989136,1.4658546447753906,9.34303855895996,-0.3146965205669403,-1.0697016716003418,14.446852684020996
2177614344.0,0.8984865546226501,1.280218482017517,9.73218822479248,-0.4391304850578308,1.161567211151123,14.397878646850586
2177622677.0,0.5911334753036499,0.8761963248252869,9.66795825958252,-1.4861128330230713,3.283323287963867,14.456742286682127
2177631010.0,-0.1027035638689994,0.6520610451698303,9.036247253417969,-1.5025314092636108,5.464221954345703,14.451387405395508
2177639343.0,-0.1558264195919037,0.3936293423175812,9.689777374267578,-0.7163790464401245,6.335361480712891,14.444856643676758
2177647676.0,-0.0840922817587852,0.7402812242507935,10.615036964416504,0.116762526333332,4.482326030731201,14.30059814453125
2177656009.0,0.1118598580360412,0.2674227654933929,10.888608932495115,0.1735748797655105,1.1845176219940186,14.295472145080566
2177664342.0,0.2483559399843216,0.5716965198516846,9.643463134765623,0.4783074259757995,-0.9498271346092224,14.375823974609377
2177672675.0,0.6284980773925781,0.8456546068191528,9.66366481781006,0.8225371837615967,-1.5044267177581787,14.494213104248049
2177681008.0,0.2860753238201141,1.0219321250915527,9.306571006774902,0.5591461062431335,-0.4391817450523376,14.208718299865724
2177689341.0,0.2667858898639679,0.8963102102279663,9.180474281311035,0.7911853194236755,2.33877182006836,14.091583251953123
2177697674.0,0.5263708233833313,1.0676456689834597,9.14693546295166,1.1164350509643557,4.5562744140625,14.132210731506348
2177706007.0,0.2800861001014709,1.248751521110535,10.125162124633787,1.58965802192688,5.569112300872803,14.349493026733398
2177714340.0,-0.1298208087682724,1.5564922094345093,10.317336082458496,1.151629090309143,4.983314037322998,14.209051132202148
2177722673.0,-0.1526428312063217,1.295920491218567,10.20007610321045,0.9556288719177246,4.012458324432373,14.272626876831056
2177731006.0,0.1159695088863372,0.9778233766555786,10.227198600769045,0.6670843362808228,2.2766318321228027,14.16673469543457
2177739339.0,-0.1029931083321571,0.9818310737609864,10.230976104736328,0.3300266563892364,0.6716181635856628,13.96120834350586
2177747672.0,0.0366035215556621,0.8996182680130005,9.524758338928224,0.2853554487228393,0.7314019203186035,13.951886177062988
2177756005.0,0.209914430975914,1.008354663848877,9.375311851501465,1.1012202501296997,1.7179086208343506,14.040765762329102
2177764338.0,0.4729510843753814,1.0748900175094604,9.990971565246582,1.078705072402954,2.7242915630340576,14.137483596801758
2177772671.0,-0.2224858403205871,0.6691177487373352,9.92309856414795,0.5232860445976257,3.86942720413208,14.080389022827148
2177781004.0,-0.1862963289022445,0.6545199155807495,9.682376861572266,0.4784611463546753,5.007288455963135,13.861054420471191
2177789337.0,-0.4406987130641937,1.2400791645050049,9.657123565673828,1.685199499130249,5.026782512664795,13.910672187805176
2177797670.0,-0.3816931545734405,1.2750208377838137,10.494958877563477,2.2010185718536377,3.5616466999053955,13.696764945983888
2177806003.0,-0.3353268802165985,1.270019769668579,10.264842987060549,1.3176349401474,1.8488231897354128,13.525458335876465
2177814336.0,-0.0599744357168674,1.3824200630187988,9.9586820602417,0.7451309561729431,0.5521789193153381,13.402944564819336
2177822669.0,-0.1222784519195556,1.4816712141036987,9.772005081176758,0.3343298435211181,0.1440928876399994,13.272567749023438
2177831002.0,-0.1180934309959411,1.698341965675354,9.458428382873535,0.2733423411846161,0.7693364024162292,12.9866361618042
2177839335.0,-0.020457424223423,1.7925364971160889,9.296435356140137,0.6940307021141052,1.81726622581482,12.909794807434082
2177847668.0,-0.176852598786354,1.6563645601272583,9.848651885986328,0.6327613592147827,3.0322265625,12.765817642211914
2177856001.0,-0.1043193116784095,1.5379682779312134,9.955266952514648,-0.5805211067199707,3.032456874847412,12.74535083770752
2177864334.0,-0.2597087323665619,1.8816264867782595,9.461087226867676,-0.6208378672599792,2.594376564025879,12.449915885925291
2177872667.0,0.1187762320041656,1.6409622430801392,9.74210262298584,-0.2181052565574646,1.4482930898666382,12.328657150268556
2177881000.0,0.1056440696120262,1.141651630401611,10.322209358215332,-0.7440679669380188,0.0946830287575721,12.26259708404541
2177889333.0,0.1815496534109115,1.0506125688552856,9.940256118774414,-1.8065720796585083,-0.589870274066925,11.952818870544434
2177897666.0,-0.0198849197477102,1.4072293043136597,9.001798629760742,-0.999774932861328,0.5123744606971741,11.988602638244627
2177905999.0,0.2297418266534805,1.1483399868011477,9.55855941772461,-0.0392922461032867,1.986960768699646,11.818012237548828
2177914332.0,0.0831134542822837,0.920590341091156,9.9137601852417,-0.2453075498342514,2.858638525009156,11.857995986938477
2177922665.0,-0.0930578261613845,0.6017453074455261,9.80605697631836,-0.7420956492424011,3.3111393451690674,11.916420936584473
2177930998.0,-0.4282306134700775,0.6723777055740356,9.37020206451416,-0.4091874063014984,3.381808996200561,11.84531593322754
2177939331.0,-0.3855515122413635,0.8164627552032471,9.752779006958008,0.7291221618652344,2.431290864944458,11.690916061401367
2177947664.0,0.0710077062249183,0.6987671852111816,10.167503356933594,0.9006094336509705,0.8161080479621887,11.627313613891602
2177955997.0,-0.1145346462726593,0.9171802401542664,9.812589645385742,0.7718977928161621,-0.7306460738182068,11.4278564453125
2177964330.0,0.015956450253725,1.066530466079712,9.541172981262209,0.5175484418869019,-0.7481662034988403,11.42685604095459
2177972663.0,-0.2823135554790497,1.059706449508667,9.205326080322266,0.5546122193336487,0.5192133188247681,11.64688205718994
2177980996.0,0.1270851045846939,0.9489765167236328,9.835830688476562,0.4407826364040375,1.6480841636657717,11.499114990234377
2177989329.0,-0.1892751902341842,1.192945957183838,10.124639511108398,0.3407078087329864,2.058373212814331,11.588228225708008
2177997662.0,-0.0747749581933021,1.240665316581726,10.604857444763184,-0.0470277443528175,1.628156304359436,11.427497863769531
2178005995.0,-0.3674896955490112,1.825441837310791,9.84839153289795,0.1401995122432708,1.2176110744476318,11.36799430847168
2178014328.0,0.0622418485581874,1.391248106956482,10.544767379760742,0.064432606101036,0.3889393508434295,11.311976432800291
2178022661.0,0.1955442577600479,1.1320582628250122,10.43142795562744,-1.1773840188980105,-0.7911469340324402,11.258315086364746
2178030994.0,0.0720026493072509,0.7047662138938904,10.290640830993652,-1.7996560335159302,-0.8010339736938477,11.21110725402832
2178039327.0,0.3138759732246399,0.594456672668457,9.789332389831545,-1.261296272277832,0.1611263453960418,11.445068359375
2178047660.0,0.4091219902038574,0.6491575241088867,10.12783908843994,-0.1389828473329544,0.6865000128746033,11.325502395629885
2178055993.0,0.2998108863830566,0.8921342492103577,10.218827247619627,0.2683219611644745,1.3332338333129885,11.297454833984377
2178064326.0,0.161219447851181,0.745053231716156,10.370804786682127,-0.0482316054403781,2.027379512786865,11.357134819030762
2178072659.0,0.3610421419143677,0.5701366662979126,10.069392204284668,-0.588358998298645,2.361030578613281,11.43092918395996
2178080992.0,0.1045946776866912,0.4193448722362518,10.079297065734863,-0.5027307271957397,2.137700319290161,11.699111938476562
2178089325.0,0.208040252327919,0.6771836876869202,9.748621940612791,-0.013806072063744,1.678103804588318,11.556719779968262
2178097658.0,0.1319632530212402,0.8259658217430115,9.54959487915039,0.7828351259231567,1.0556010007858276,11.7438325881958
2178105991.0,0.4241630733013153,0.4383876323699951,10.112187385559082,0.6513828039169312,0.5841711163520813,11.648548126220703
2178114324.0,0.3880589306354522,0.0441126301884651,9.872458457946776,-0.2215631455183029,0.3983142077922821,11.41266632080078
2178122657.0,0.5293734669685364,0.1676156669855117,9.458383560180664,0.3214715123176574,1.4098204374313354,11.700801849365234
2178130990.0,0.2434787601232528,0.4620248675346374,9.018467903137209,1.6177566051483154,2.2068326473236084,11.879280090332031
2178139323.0,0.0191623419523239,0.6802479028701782,9.54571533203125,2.654877185821533,3.36869478225708,11.792936325073242
2178147656.0,0.178416222333908,0.5697495937347412,9.859556198120115,2.278553009033203,3.442258834838867,11.777440071105955
2178155989.0,-0.0590835064649581,0.5625668168067932,9.756192207336426,1.8274348974227903,2.8608415126800537,11.576086044311523
2178164322.0,0.0599201433360576,0.8598626852035522,9.69039249420166,1.97674024105072,2.217027425765991,11.664300918579102
2178172655.0,-0.2166562676429748,1.4104801416397097,9.689335823059082,2.6378183364868164,1.405901551246643,11.620501518249512
2178180988.0,0.2182056307792663,1.2586474418640137,10.222538948059082,2.54980731010437,0.4792295098304748,11.343019485473633
2178189321.0,0.3567653298377991,1.1075574159622192,10.104981422424316,1.5732135772705078,0.5758976936340332,11.440996170043944
2178197654.0,0.4341343641281128,0.6018786430358887,9.965718269348145,0.6621151566505432,0.8137258887290955,11.52560043334961
2178205987.0,0.1103773936629295,0.8079557418823242,9.37588596343994,1.0729163885116575,1.9811203479766848,11.546141624450684
2178214320.0,-0.0494374483823776,0.6126890778541565,9.475140571594238,2.0183892250061035,3.2658283710479736,11.426806449890137
2178222653.0,0.0813828259706497,0.790785551071167,9.789965629577637,2.668376207351685,3.945655584335327,11.530902862548828
2178230986.0,-0.1129094734787941,0.3285610973834991,10.111368179321287,2.1609578132629395,3.2759711742401123,11.559563636779783
2178239319.0,-0.1538338959217071,0.4000788331031799,9.761282920837402,1.6582274436950684,2.290719747543335,11.395532608032228
2178247652.0,0.1858305037021637,0.4938689172267914,9.37794589996338,2.172151565551758,0.7669287323951721,11.17637538909912
2178255985.0,0.0819114819169044,0.9436758160591124,9.29669952392578,3.1096837520599365,-0.071463719010353,11.070024490356444
2178264318.0,0.2269798219203949,0.99671471118927,9.60365390777588,2.959763288497925,0.0685052797198295,11.157855987548828
2178272651.0,0.0288622863590717,1.0784629583358765,9.110184669494627,2.4874370098114014,1.2750896215438845,11.065619468688965
2178280984.0,0.3159309029579162,0.9614891409873962,9.262386322021484,2.273148536682129,2.483415603637696,11.122406005859377
2178289317.0,0.2200862318277359,0.6255761384963989,9.44021224975586,2.1396212577819824,2.7468066215515137,11.128578186035156
2178297650.0,0.1909205913543701,0.9079150557518004,9.545446395874023,2.607823848724365,2.1852400302886963,11.016746520996094
2178305983.0,0.2527130246162414,0.6507894396781921,10.044706344604492,2.8457798957824707,1.6697793006896973,11.16523265838623
2178314316.0,0.1894599050283432,0.4650986790657043,9.94342041015625,2.733947992324829,1.0199459791183472,11.122634887695312
2178322649.0,0.5500958561897278,0.6818492412567139,9.36759090423584,2.894472599029541,0.7235894203186035,11.245123863220217
2178330982.0,0.4322815239429474,0.965292513370514,9.022719383239746,3.985255002975464,1.057675838470459,11.31202793121338
2178339315.0,0.3774998784065246,1.6107466220855713,9.264272689819336,4.4071221351623535,1.6815364360809326,11.001507759094238
2178347648.0,0.0237843096256256,1.7573117017745972,9.710566520690918,3.704753875732422,2.748497724533081,11.08196258544922
2178355981.0,0.0600167885422706,1.7313461303710938,9.634970664978027,2.638945341110229,3.9153800010681152,11.010909080505373
2178364314.0,0.0471337363123893,1.9153822660446167,9.631796836853027,2.3041927814483643,4.005336761474609,11.188106536865234
2178372647.0,-0.2348482608795166,2.271878242492676,10.07800006866455,2.4322896003723145,3.220541715621948,11.08920955657959
2178380980.0,-0.3808189332485199,2.233858346939087,10.302669525146484,1.7427542209625244,2.295279026031494,10.803560256958008
2178389313.0,-0.3251472115516662,2.3102777004241943,10.326793670654297,0.9873905181884766,1.7653974294662476,10.630409240722656
2178397646.0,-0.3187583088874817,1.7311846017837524,10.477005004882812,-0.1829368770122528,1.3337974548339844,10.708786964416504
2178405979.0,-0.2917803823947906,1.4244146347045898,9.89505100250244,-0.748704195022583,1.5532089471817017,10.842673301696776
2178414312.0,0.0405054651200771,0.9853706955909728,9.88616180419922,-0.163470059633255,1.7140151262283323,11.092718124389648
2178422645.0,0.0840463563799858,1.2990847826004028,10.15290641784668,0.3542577028274536,1.3198888301849363,11.082805633544922
2178430978.0,0.0558028891682624,1.3734526634216309,10.402713775634766,0.5796886682510376,1.07514488697052,10.67654037475586
2178439311.0,-0.0075263464823365,1.19092857837677,10.047636032104492,0.304438054561615,1.7550748586654663,10.57608127593994
2178447644.0,0.3151237666606903,1.1773054599761963,10.040245056152344,-0.0057119741104543,2.4706850051879883,10.685938835144045
2178455977.0,-0.0633056387305259,1.3061779737472534,10.13955020904541,0.2350234240293502,3.0022060871124268,10.809426307678224
2178464310.0,0.0855504944920539,1.1609501838684082,10.333866119384766,0.1777243763208389,3.0143730640411377,10.94254207611084
2178472643.0,-0.1021837592124939,0.9875945448875428,9.969170570373535,0.3235718309879303,2.522477149963379,10.956887245178224
2178480976.0,-0.180424153804779,1.3401730060577393,10.251652717590332,0.4755410850048065,2.7360999584198,11.086801528930664
2178489309.0,-0.3393765389919281,1.262521266937256,9.968697547912598,0.458020955324173,2.3453290462493896,10.934704780578612
2178497642.0,-0.1698384582996368,1.215928316116333,9.915213584899902,0.5003100633621216,2.2951252460479736,10.872565269470217
2178505975.0,-0.0904899388551712,0.8609012961387634,10.077444076538086,-0.2094475924968719,2.431982040405273,11.205318450927734
2178514308.0,-0.1984941661357879,0.9898875951766968,9.926337242126465,-0.3027090728282928,1.976945400238037,11.141668319702148
2178522641.0,-0.0523951835930347,0.9553529620170592,9.676690101623535,0.167120099067688,1.842265486717224,11.14735507965088
2178530974.0,-0.1590460538864135,1.061375856399536,9.43288803100586,0.6778935790061951,1.946336269378662,11.391867637634276
2178539307.0,0.2126843184232711,1.0636510848999023,9.736502647399902,0.658734142780304,1.6014403104782104,11.316792488098145
2178547640.0,0.0077468776144087,1.0579307079315186,9.671427726745604,0.0446584224700927,1.435921311378479,11.277501106262209
2178555973.0,0.0210289806127548,0.5662471055984497,9.967044830322266,-0.5095952153205872,1.632792353630066,11.368379592895508
2178564306.0,-0.3547655344009399,0.4158806204795837,9.518084526062012,-0.3728664815425873,2.204297065734864,11.419864654541016
2178572639.0,-0.07704808562994,0.0579599291086196,9.961835861206056,0.9957662224769592,3.35573410987854,11.690683364868164
2178580972.0,0.1569914072751999,-0.103799320757389,10.280935287475586,1.7739266157150269,2.8069489002227783,11.722803115844728
2178589305.0,0.3566138744354248,0.2001792788505554,10.565258979797363,2.516636848449707,1.6789233684539795,11.714964866638184
2178597638.0,0.3908956348896026,0.7606224417686462,9.936382293701172,2.758845567703247,0.8988420367240906,11.497603416442873
2178605971.0,0.3948318064212799,1.1654967069625854,10.087867736816406,3.1702358722686768,1.6780784130096436,11.478341102600098
2178614304.0,0.3199185729026794,1.5856536626815796,9.896674156188965,2.507364511489868,3.013425350189209,11.602774620056152
2178622637.0,0.1736843585968017,2.0612218379974365,9.73028564453125,1.9686720371246336,4.626661777496338,11.780360221862791
2178630970.0,-0.0347231961786747,2.23970627784729,9.865004539489746,1.5507755279541016,5.7401123046875,11.53374481201172
2178639303.0,-0.5509567260742188,2.3267576694488525,10.500574111938477,0.4551010131835937,6.226449489593506,11.58364200592041
2178647636.0,-0.4613297581672668,2.1018500328063965,10.565614700317385,-1.1153463125228882,5.886318206787109,11.706615447998049
2178655969.0,-0.7461578249931335,2.1095664501190186,10.087499618530272,-1.5837793350219729,4.43101978302002,11.65341567993164
2178664302.0,-0.2843225300312042,1.657361388206482,10.34751796722412,-1.8043949604034424,2.7144558429718018,11.544707298278809
2178672635.0,-0.3886024951934814,1.0776022672653198,9.965676307678224,-2.428972721099853,1.222375512123108,11.530595779418944
2178680968.0,-0.1941555291414261,1.0398075580596924,9.217158317565918,-2.5972578525543213,0.8584226965904236,11.299962997436523
2178689301.0,-0.3281462788581848,0.7645303606987,8.926250457763672,-1.8928667306900024,1.98949670791626,11.434389114379885
2178697634.0,-0.1508170515298843,0.908572256565094,8.767349243164062,-1.3328111171722412,3.0920352935791016,11.153450012207031
2178705967.0,-0.0708245784044265,0.8772717714309692,9.08176040649414,-0.5812126398086548,4.04047966003418,11.295276641845703
2178714300.0,-0.4705205261707306,0.4873886406421661,9.647897720336914,-0.8745467662811279,4.486678600311279,11.265589714050291
2178722633.0,-0.3637739717960357,0.1817046850919723,9.560870170593262,-1.363625168800354,4.136993408203125,11.244073867797852
2178730966.0,-0.397483766078949,-0.0583467669785022,9.337387084960938,-0.2985083162784576,3.1593754291534424,11.300296783447266
2178739299.0,-0.3535696864128113,-0.1929023116827011,9.64552402496338,0.8912602066993713,1.8921363353729248,11.333467483520508
2178747632.0,-0.2961240112781524,-0.1617564409971237,9.441557884216309,1.947104930877685,1.1142065525054932,11.210954666137695
2178755965.0,0.1900292783975601,-0.0654050558805465,9.416772842407228,2.736458778381348,0.9968932271003724,11.382878303527832
2178764298.0,0.2232808619737625,0.1491204053163528,9.520336151123049,2.977027654647827,1.132136583328247,11.377626419067385
2178772631.0,0.0056288219057023,0.2095503360033035,9.147855758666992,2.995239734649658,2.385928153991699,11.296764373779297
2178780964.0,-0.157782182097435,0.3550849854946136,9.046860694885254,3.5704073905944824,4.1837663650512695,11.420199394226074
2178789297.0,-0.0656121000647544,0.0060755810700356,9.846497535705566,3.7960684299468994,5.496648788452148,11.773955345153809
2178797630.0,-0.5201893448829651,0.2527048289775848,10.044238090515137,3.746172189712525,5.238458156585693,11.954819679260254
2178805963.0,-1.0036696195602417,0.7224658727645874,9.822870254516602,4.548871040344238,4.559961795806885,11.758074760437012
2178814296.0,-1.1031063795089722,0.5266079306602478,9.989164352416992,4.86592435836792,4.268805027008057,12.066598892211914
2178822629.0,-0.4985786080360412,0.5791956186294556,10.11717414855957,4.229307651519775,2.4741687774658203,12.117443084716797
2178830962.0,-0.2062023282051086,1.1244531869888306,10.228275299072266,3.7975032329559326,0.0222971960902214,12.205556869506836
2178839295.0,-0.6966116428375244,1.2683299779891968,9.94324779510498,3.1648313999176025,-0.6524202823638916,12.080276489257812
2178847628.0,-0.4246219098567962,0.8443492650985718,9.473237037658691,2.8498787879943848,0.7796590328216553,12.069390296936035
2178855961.0,0.056988701224327,0.2765220999717712,9.57308864593506,2.8634283542633057,2.1834728717803955,12.350430488586426
2178864294.0,-0.5542162656784058,0.2919696569442749,9.892465591430664,3.130354166030884,3.113986730575561,12.630162239074709
2178872627.0,-1.0221463441848757,0.3885719180107116,9.752817153930664,3.5441787242889404,4.440574645996094,12.55209255218506
2178880960.0,-1.1720739603042605,0.6387653350830078,9.682358741760254,4.690953254699707,4.735906600952148,12.560519218444824
2178889293.0,-0.5694500207901001,0.5511319041252136,10.69906520843506,4.738877773284912,2.956613540649414,12.595328330993652
2178897626.0,-0.7958035469055176,0.781872034072876,10.480438232421877,3.9135353565216064,0.0760614797472953,12.608518600463867
2178905959.0,-0.433191567659378,1.143640160560608,9.676102638244627,3.814587354660034,-1.830060362815857,12.566049575805664
2178914292.0,-0.6379433274269104,1.63484525680542,8.982121467590332,4.44441556930542,-1.7206873893737793,12.550911903381348
2178922625.0,-0.1492420434951782,1.614901423454285,10.004304885864258,4.235045433044434,-0.7502922415733337,12.455551147460938
2178930958.0,-0.2663484513759613,1.3641952276229858,9.809296607971191,2.875595569610596,0.4188312590122223,12.597070693969728
2178939291.0,-0.3725395500659942,1.3895403146743774,9.119681358337402,2.799956798553467,1.6644773483276367,12.466719627380373
2178947624.0,-0.2224565893411636,1.1569629907608032,10.051772117614746,3.3654165267944336,2.5258328914642334,12.713459968566896
2178955957.0,-0.656036913394928,1.2061800956726074,10.652765274047852,3.3999953269958496,1.7201112508773804,12.327043533325195
2178964290.0,-0.0950504764914512,1.0954638719558716,10.397881507873535,3.39154314994812,0.5859642028808594,12.498915672302246
2178972623.0,-0.3243792057037353,1.3764702081680298,9.87188720703125,3.7862069606781006,-0.3668214678764343,12.388773918151855
2178980956.0,0.0757245048880577,1.6121066808700562,10.12643337249756,4.071216583251953,-1.0963150262832642,12.185833930969238
2178989289.0,0.4100955128669739,1.6908718347549438,9.752777099609377,3.735107421875,-0.9805898666381836,12.26833724975586
2178997622.0,0.6108296513557434,1.7392371892929075,9.493593215942385,3.6028859615325928,-0.6015760898590088,12.15740203857422
2179005955.0,-0.1643860340118408,2.014230966567993,9.050454139709473,3.5551671981811523,1.2273192405700684,12.178533554077148
2179014288.0,-0.3395382165908813,1.8318511247634888,9.491147994995115,3.219517946243286,3.9394571781158447,12.00343418121338
2179022621.0,-0.2088069319725036,1.452551007270813,10.177494049072266,2.720321655273437,5.387045860290527,12.149998664855955
2179030954.0,0.12080829590559,1.2270076274871826,10.958595275878906,2.407853364944458,4.26565408706665,12.325173377990724
2179039287.0,0.2856945395469665,1.3819632530212402,10.73812198638916,2.673217296600342,1.2081596851348877,12.324277877807615
2179047620.0,0.2069697976112365,1.541445255279541,10.297122955322266,3.112372636795044,-1.0336623191833496,11.828871726989746
2179055953.0,0.1626743078231811,1.5865439176559448,9.736382484436035,2.8453445434570312,-0.7206053137779236,11.8214693069458
2179064286.0,-0.042098294943571,0.7693536877632141,9.390803337097168,1.846517562866211,2.044541358947754,12.139727592468262
2179072619.0,0.4787540137767792,0.4648298323154449,9.41343116760254,1.1775504350662231,4.929113864898682,12.829620361328123
2179080952.0,-0.2721321582794189,0.922360062599182,9.060335159301758,2.1967666149139404,6.180344104766846,12.810614585876465
2179089285.0,-0.412798136472702,1.6002562046051023,10.107391357421877,4.245624542236328,6.4928131103515625,12.690462112426758
2179097618.0,-0.5611832737922668,1.537516713142395,10.785130500793455,3.871323108673096,5.419678211212158,12.649245262145996
2179105951.0,0.0266712103039026,1.7637802362442017,10.3701810836792,2.6617674827575684,3.2188003063201904,12.582314491271973
2179114284.0,0.1462105810642242,1.6432843208312988,9.856844902038574,1.7376316785812378,1.191612958908081,12.851344108581545
2179122617.0,-0.6757799983024597,1.776915431022644,9.338872909545898,1.0692024230957031,0.9739686846733092,12.702089309692385
2179130950.0,-0.9682677388191224,0.9038306474685668,8.92418384552002,0.9824724793434144,3.3740994930267334,12.959639549255373
2179139283.0,-0.9329662919044496,0.6395725607872009,9.09249496459961,1.615067720413208,5.946333885192871,13.472900390625
2179147616.0,-0.912382960319519,0.7766699194908142,10.148000717163086,2.541585683822632,5.940108299255371,13.623689651489258
2179155949.0,-1.1312144994735718,1.2450684309005735,9.742721557617188,3.249896049499512,4.311042785644531,13.561214447021484
2179164282.0,-1.1249732971191406,1.5215928554534912,9.477900505065918,3.73377537727356,2.305217742919922,13.185302734375
2179172615.0,-0.7251511216163635,1.4975950717926023,10.05966091156006,3.024439573287964,0.4314590394496918,13.449307441711426
2179180948.0,-0.8045727014541626,1.7376301288604736,9.893824577331545,1.739322304725647,-0.6636906266212463,13.709806442260742
2179189281.0,-0.5897011756896973,2.047100782394409,9.642282485961914,1.657894492149353,-0.5568792223930359,13.735674858093262
2179197614.0,-0.5269960761070251,2.487949848175049,9.557342529296877,2.256320238113404,0.1386883109807968,13.834060668945312
2179205947.0,-0.4685388803482055,2.7081918716430664,10.437521934509276,2.1347806453704834,1.3431212902069092,13.734651565551758
2179214280.0,-0.5429529547691345,2.5214786529541016,10.594518661499023,0.5626807808876038,1.752872109413147,13.59274673461914
2179222613.0,-0.1819484531879425,2.432244777679444,10.089588165283203,-0.4837505519390106,2.0591418743133545,13.828886032104492
2179230946.0,-0.5449742674827576,1.9682531356811523,10.192718505859377,-0.5177407264709473,1.4394564628601074,13.925503730773926
2179239279.0,-1.432950139045715,1.998578667640686,10.30772590637207,-0.9081529378890992,1.8157809972763064,13.722561836242676
2179247612.0,-1.2746573686599731,1.2851017713546753,9.756818771362305,-1.1175494194030762,2.526780605316162,13.939154624938965
2179255945.0,-0.7731798887252808,0.7002859711647034,9.840831756591797,-0.3390556275844574,2.2122631072998047,14.256155014038086
2179264278.0,-0.2183302491903305,0.4189657568931579,10.472013473510742,-0.2081412971019745,-0.147000104188919,14.558631896972656
2179272611.0,-0.601881206035614,0.4479083120822906,9.78602409362793,0.023244921118021,-2.2603795528411865,14.05180549621582
2179280944.0,-0.2650527358055115,0.9026811718940736,8.97141170501709,1.29988431930542,-2.3212907314300537,13.65952491760254
2179289277.0,0.2253847569227218,0.6114208102226257,9.265669822692873,2.4879491329193115,-1.2918540239334106,14.035077095031738
2179297610.0,-0.029831999912858,0.7144694924354553,9.255078315734863,2.463948965072632,-0.0847062841057777,14.202184677124023
2179305943.0,-0.2155188620090484,1.1467982530593872,8.961139678955078,2.5936083793640137,1.9726423025131223,14.792415618896484
2179314276.0,-0.5266050696372986,0.5900208950042725,9.07984447479248,2.8504934310913086,2.913274049758911,14.884498596191406
2179322609.0,-0.7040694952011108,0.9729252457618712,9.267041206359863,3.4096519947052,2.9879393577575684,14.637423515319824
2179330942.0,-0.6609705090522766,0.5748188495635986,10.052716255187988,3.420435667037964,1.4516998529434204,14.805248260498049
2179339275.0,-0.6436602473258972,0.6359606981277466,9.56523323059082,3.258886814117432,-0.3034775257110595,14.711013793945312
2179347608.0,-0.1745685487985611,0.772169291973114,9.552767753601074,3.671378612518311,-1.4551448822021484,15.333642959594728
2179355941.0,-0.493132472038269,0.9642961621284484,9.833466529846191,3.810003042221069,-2.2509536743164062,15.112080574035645
2179364274.0,-0.4684467315673828,1.4654135704040527,9.846688270568848,3.829956531524658,-1.2820695638656616,14.920948028564451
2179372607.0,-0.2098976075649261,1.429895281791687,10.048954010009766,3.575990915298462,0.5116572380065918,15.43999481201172
2179380940.0,-0.6226034164428711,2.027740478515625,10.070045471191406,3.5412325859069824,1.5426558256149292,15.452698707580566
2179389273.0,-0.5298250317573547,2.605818033218384,10.395193099975586,3.4303486347198486,2.643786668777466,15.70776653289795
2179397606.0,-0.6420009136199951,1.9382396936416624,10.443663597106934,2.524142503738404,1.671470046043396,15.64729118347168
2179405939.0,-0.5875219106674194,1.7276378870010376,10.27200698852539,1.5375843048095703,0.4149378538131714,15.761247634887695
2179414272.0,-0.7923835515975952,1.5348659753799438,9.729547500610352,1.274577260017395,-0.562027633190155,15.94321060180664
2179422605.0,-0.9669997692108154,1.383741855621338,9.24651050567627,1.7553054094314575,-0.7160460352897644,15.584406852722168
2179430938.0,-0.690044641494751,1.6286118030548096,9.21448802947998,2.375041961669922,0.0492946021258831,15.869339942932127
2179439271.0,-0.7603495717048645,0.8737428784370422,9.676982879638672,1.860298037528992,0.0739355012774467,15.85440731048584
2179447604.0,-0.6877512335777283,1.5040724277496338,9.134102821350098,1.4502140283584597,-0.0311981439590454,15.69465160369873
2179455937.0,-0.4395034909248352,1.490853190422058,10.023809432983398,1.9503834247589111,0.2382764667272567,15.921797752380373
2179464270.0,-0.2933243215084076,1.5838185548782349,10.29093074798584,1.8975155353546145,-0.8008548617362976,15.750645637512209
2179472603.0,-0.1155632585287094,1.8691253662109373,10.2199068069458,2.3145155906677246,-1.227075695991516,15.679924011230469
2179480936.0,-0.1012240648269653,1.4256579875946045,10.160030364990234,2.0923633575439453,-0.9238287806510924,15.69314193725586
2179489269.0,0.0840610191226005,1.5164602994918823,10.17080307006836,1.6904501914978027,0.2284405827522277,15.853203773498535
2179497602.0,0.2037158012390136,1.7645341157913208,10.054187774658203,1.75627863407135,1.297988772392273,15.938652992248535
2179505935.0,-0.1699646115303039,1.5953587293624878,9.954345703125,2.351502180099488,2.0403919219970703,15.860811233520508
2179514268.0,-0.0417172387242317,1.317176342010498,9.898818016052246,2.1667728424072266,2.994676113128662,15.971747398376465
2179522601.0,-0.1538677215576172,0.889558732509613,9.832356452941896,1.6648616790771484,3.14943790435791,16.293540954589844
2179530934.0,-0.4380744993686676,1.3177231550216677,9.333908081054688,1.83406949043274,2.867988586425781,16.297819137573242
2179539267.0,-0.4913015067577362,1.3666561841964722,9.752293586730955,2.39107632637024,2.828875064849853,16.37540054321289
2179547600.0,-0.3857297003269195,1.024643063545227,9.749086380004885,2.3578808307647705,2.0778403282165527,16.347766876220703
2179555933.0,-0.3537191748619079,0.7339446544647217,9.82079792022705,2.092209577560425,1.972078561782837,16.640457153320312
2179564266.0,-0.8696324825286865,0.8780595660209656,9.487378120422363,2.1520698070526123,2.5313656330108643,16.64862632751465
2179572599.0,-1.0555957555770874,1.4070992469787598,9.20701026916504,3.282887935638428,3.510495901107788,16.65933609008789
2179580932.0,-0.3834770917892456,1.625987887382507,10.27126693725586,3.9998044967651367,3.696377992630005,16.770320892333984
2179589265.0,-0.7366521954536438,1.877345442771912,10.508196830749512,3.3588850498199463,2.3734793663024902,16.65795135498047
2179597598.0,-0.7621974349021912,1.958139419555664,10.46916675567627,2.063880205154419,1.903048515319824,16.88282012939453
2179605931.0,-1.0625883340835571,1.7235751152038574,9.361930847167969,1.678744554519653,2.0572714805603027,16.748958587646484
2179614264.0,-0.857272744178772,1.893511414527893,9.902589797973633,2.4889230728149414,2.4054975509643555,16.92516326904297
2179622597.0,-0.8289439678192139,1.810700535774231,10.265213012695312,2.04479718208313,2.314336061477661,17.23283576965332
2179630930.0,-1.4268461465835571,2.1085004806518555,9.532793045043944,2.088674545288086,2.0030975341796875,16.649932861328125
2179639263.0,-1.0069481134414673,2.0350897312164307,9.952878952026367,2.0062742233276367,2.7879185676574707,17.02067756652832
2179647596.0,-1.267543077468872,1.6294537782669067,10.306982040405272,1.0682803392410278,2.4136173725128174,17.00189971923828
2179655929.0,-1.0958603620529177,1.811415791511536,10.228986740112305,0.6845020651817322,1.4878671169281006,16.72003936767578
2179664262.0,-1.029302716255188,1.8302816152572632,10.072529792785645,1.1288580894470217,0.9277349710464478,16.92593002319336
2179672595.0,-1.1184687614440918,2.3033933639526367,9.970444679260254,1.945798635482788,0.2378154247999191,16.45342445373535
2179680928.0,-0.6312521696090698,2.2235028743743896,10.579843521118164,1.4090008735656738,0.0137932682409882,16.74324607849121
2179689261.0,-0.8951967358589172,2.077873468399048,9.781747817993164,0.3929352462291717,-0.2342165857553482,16.35885238647461
2179697594.0,-0.5073593854904175,1.9218511581420896,9.792303085327148,-0.0546351820230484,0.6815565824508667,16.572221755981445
2179705927.0,-0.9094029664993286,1.83999502658844,9.457737922668455,0.0684796646237373,1.086824893951416,16.620838165283203
2179714260.0,-0.8839738965034485,1.912544012069702,9.873801231384276,0.8530694246292114,1.870185375213623,16.415950775146484
2179722593.0,-0.4386853575706482,1.515541434288025,10.192399978637695,0.7146244645118713,1.6274904012680054,16.767990112304688
2179730926.0,-0.6078559160232544,1.2330225706100464,10.031886100769045,0.4764121174812317,0.4463922083377838,16.53633689880371
2179739259.0,-0.3206877112388611,1.3965110778808594,9.78655242919922,0.4775646924972534,0.2110485285520553,16.75579833984375
2179747592.0,-0.6210488080978394,1.212030291557312,9.19936180114746,0.9666430950164796,0.0865121036767959,16.6446590423584
2179755925.0,-0.1449486017227172,1.6458498239517212,9.443976402282717,1.9383703470230105,0.3641448020935058,16.610666275024414
2179764258.0,-0.1199754402041435,1.0872327089309692,10.02888011932373,1.6838419437408447,1.137925386428833,16.84035301208496
2179772591.0,-0.176815927028656,1.6042505502700806,9.33774757385254,1.4105380773544312,1.376214861869812,16.565383911132812
2179780924.0,-0.4625851809978485,2.0343596935272217,9.35659885406494,2.2512998580932617,2.576267957687378,16.87818717956543
2179789257.0,-1.0871773958206177,1.8371754884719849,9.685194969177246,2.148381233215332,3.556447029113769,16.565303802490234
2179797590.0,-0.9370400905609132,2.0209262371063232,10.150132179260254,1.6705989837646484,4.287606239318848,16.441587448120117
2179805923.0,-0.5937185287475586,1.1707959175109863,10.766196250915527,0.7982037663459778,3.5066277980804443,17.046829223632812
2179814256.0,-0.5960521101951599,1.34332537651062,10.11532974243164,0.583453893661499,1.1718130111694336,16.943702697753906
2179822589.0,-0.5142678618431091,1.5009773969650269,10.035955429077148,1.8418561220169067,-0.3505309224128723,17.07843589782715
2179830922.0,-0.6453745365142822,1.2393732070922852,9.78473663330078,2.071692705154419,-0.5430987477302551,17.042037963867188
2179839255.0,-0.5876340866088867,1.6958966255187988,9.46629238128662,1.5458835363388062,1.121788501739502,17.154510498046875
2179847588.0,-1.145722270011902,2.0628368854522705,9.210267066955566,1.219635009765625,3.284245491027832,17.103565216064453
2179855921.0,-1.3010648488998413,2.195051908493042,9.504220962524414,0.7155722975730896,5.346576690673828,17.083457946777344
2179864254.0,-1.0438523292541504,1.7102046012878418,10.198378562927246,-0.0618327818810939,5.201343059539795,17.41242027282715
2179872587.0,-1.137592077255249,1.4822674989700315,10.35822868347168,-0.6651250123977661,2.732412099838257,17.676860809326172
2179880920.0,-0.921515166759491,1.5172884464263916,10.207233428955078,-0.5715305805206299,-0.1780958175659179,17.897193908691406
2179889253.0,-1.381495714187622,1.6835081577301023,9.461719512939451,-0.0641124323010444,-2.1570262908935547,17.516643524169922
2179897586.0,-0.9507572650909424,1.6149455308914185,9.75666332244873,-0.07878939807415,-1.7980173826217651,17.634700775146484
2179905919.0,-0.8121181726455688,1.659510612487793,9.53488063812256,-0.6620001196861267,-0.2848047912120819,17.83175277709961
2179914252.0,-0.7341293692588806,1.684297800064087,9.709047317504885,-0.9012370705604552,1.1397695541381836,17.950037002563477
2179922585.0,-0.8318225741386414,2.175713062286377,9.844114303588867,-0.679289698600769,2.386696577072144,18.36017227172852
2179930918.0,-1.155505657196045,2.0455496311187744,10.12281894683838,-0.6073648929595947,2.187930107116699,18.216041564941406
2179939251.0,-0.6626660227775574,2.18365478515625,10.130048751831056,-0.8522369861602783,1.3637919425964355,18.305946350097656
2179947584.0,-0.638731062412262,1.5734890699386597,10.415241241455078,-1.5120855569839478,-0.5807516574859619,18.144041061401367
2179955917.0,-0.2477685362100601,1.7060476541519165,9.761897087097168,-1.7668448686599731,-2.057745933532715,17.940458297729492
2179964250.0,-0.0847450047731399,1.2978025674819946,9.614843368530272,-1.1523078680038452,-1.650120735168457,18.441856384277344
2179972583.0,-0.1263552010059356,1.3203860521316528,9.349410057067873,-0.5747579336166382,-0.864224374294281,18.299131393432617
2179980916.0,-0.5336635708808899,1.4984732866287231,9.00796604156494,0.2976246178150177,1.4883023500442505,18.241397857666016
2179989249.0,-0.5569161772727966,0.8036965727806091,9.383747100830078,0.3332797586917877,3.82004451751709,18.53965187072754
2179997582.0,-0.6759691834449768,1.114679217338562,9.115846633911133,0.526180624961853,4.398900985717773,18.40446281433105
2180005915.0,-0.6173446774482727,1.2474652528762815,9.887167930603027,1.329724907875061,3.51751446723938,18.61931228637696
2180014248.0,-0.7785872220993042,1.0706099271774292,10.12820053100586,1.2123347520828247,1.186182737350464,18.34441947937012
2180022581.0,-0.7068268656730652,1.3975929021835327,9.643074989318848,1.1453022956848145,-0.4032962024211883,18.21837043762207
2180030914.0,-0.5845192074775696,1.3954323530197144,9.548970222473145,1.1399489641189575,-0.6414318084716797,18.44270133972168
2180039247.0,-0.6447563767433167,1.778694987297058,9.305983543395996,1.0371333360671997,0.1116396635770797,18.42515563964844
2180047580.0,-0.313268095254898,2.125232458114624,9.396066665649414,1.0991199016571045,1.3619989156723022,18.63160896301269
2180055913.0,-0.4636462926864624,1.8451675176620483,9.777945518493652,0.7638038992881775,2.041314125061035,18.75150680541992
2180064246.0,-0.414770245552063,1.9215052127838133,9.911386489868164,0.0758053436875343,2.2238922119140625,18.52505111694336
2180072579.0,-0.5939487218856812,1.6236114501953125,9.80087661743164,-0.2577561438083648,2.502652645111084,18.622180938720703
2180080912.0,-0.6184636354446411,1.213728904724121,9.766741752624512,-0.2913363873958587,2.04577112197876,18.736473083496094
2180089245.0,-0.6236445903778076,1.3320735692977903,9.628288269042969,0.0218617524951696,1.952048420906067,18.890926361083984
2180097578.0,-0.6191737055778503,1.168540120124817,9.44516944885254,0.4408595263957977,1.327445387840271,18.834651947021484
2180105911.0,-0.6794126033782959,1.0452533960342407,9.361144065856934,0.4962631464004516,1.1995277404785156,18.94612503051757
2180114244.0,-0.806999921798706,0.8251749277114868,9.145977020263672,0.3757737576961517,1.4077203273773191,19.02711677551269
2180122577.0,-0.7890474200248718,0.6677250266075134,8.737626075744629,0.8455132246017456,1.8141926527023315,18.859521865844727
2180130910.0,-0.6271357536315918,0.7778251767158508,9.202797889709473,1.7036672830581665,2.308957576751709,19.280956268310547
2180139243.0,-0.6606963276863098,0.8551254868507385,9.807562828063965,2.1030704975128174,1.6630691289901731,19.301652908325195
2180147576.0,-0.9451603889465332,1.3256065845489502,9.640384674072266,2.421173572540283,1.3217333555221558,19.34499168395996
2180155909.0,-0.6222230195999146,1.2647393941879272,10.227588653564451,2.543635368347168,1.4548250436782837,19.408668518066406
2180164242.0,-0.7261237502098083,1.274532675743103,10.036539077758787,2.2473297119140625,0.9879028797149658,19.20111656188965
2180172575.0,-0.3636715114116668,1.5249946117401123,10.062005043029783,2.452345848083496,1.0948424339294434,19.24675941467285
2180180908.0,0.0867601931095123,1.6726495027542114,10.1620454788208,2.602496385574341,0.7337071299552917,19.491912841796875
2180189241.0,-0.0857173427939415,1.423231601715088,10.27482795715332,2.3143622875213623,0.1659931093454361,19.314254760742188
2180197574.0,-0.1425891816616058,1.2437800168991089,9.660386085510254,1.9137810468673704,1.4841277599334717,19.74016761779785
2180205907.0,-0.4564131796360016,0.5894502401351929,9.094038009643556,2.0518929958343506,2.998800277709961,19.671266555786133
2180214240.0,-0.0371995493769645,0.9084020853042604,9.245960235595703,3.136758804321289,4.1331787109375,19.83863067626953
2180222573.0,-0.3542366921901703,0.9565867185592652,10.131792068481444,4.079158306121826,4.099137783050537,20.11416244506836
2180230906.0,-0.7492343187332153,1.3250935077667236,10.122354507446287,3.7549328804016113,3.535572290420532,19.70786666870117
2180239239.0,-0.8163442611694336,1.8945351839065552,9.999265670776367,3.8588755130767822,3.837282657623291,19.830869674682617
2180247572.0,-0.5188168287277222,1.623896837234497,10.898367881774902,3.336268424987793,3.477966785430908,19.98245429992676
2180255905.0,-0.196792334318161,1.5512807369232178,10.467309951782228,2.42586088180542,2.1675925254821777,19.876331329345703
2180264238.0,0.0896969735622406,1.8714640140533447,9.97485637664795,3.143854141235352,1.6051549911499023,19.92832946777344
2180272571.0,-0.5185229778289795,1.851213335990905,10.012282371520996,3.476710796356201,2.1596267223358154,19.77423477172852
2180280904.0,-0.6027014851570129,1.68336021900177,9.449535369873049,3.0621442794799805,4.250338554382324,19.9274845123291
2180289237.0,-0.6899664402008057,1.6282423734664917,9.642951011657717,3.093368530273437,6.425397396087647,19.909069061279297
2180297570.0,-0.6171711683273315,1.1237934827804563,10.62417221069336,2.8445003032684326,7.113755702972412,19.98967742919922
2180305903.0,-0.5523847341537476,1.594085454940796,9.855121612548828,3.389110326766968,5.684069633483887,20.125715255737305
2180314236.0,-0.6435976028442383,1.6612979173660278,10.684576034545898,4.230973243713379,3.765408992767334,20.22061347961425
2180322569.0,-1.5848705768585205,1.5862696170806885,10.085204124450684,3.54440975189209,2.7245233058929443,20.00827407836914
2180330902.0,-1.4671921730041504,1.652021408081055,9.62516975402832,3.30043363571167,3.8732450008392334,19.842472076416016
2180339235.0,-1.2043946981430054,2.287792444229126,9.981474876403809,3.491644382476806,5.005421161651611,19.990909576416016
2180347568.0,-1.1026397943496704,3.009596109390259,10.492161750793455,3.5689733028411865,4.3369646072387695,19.53647994995117
2180355901.0,-0.5884914398193359,3.16328763961792,10.88583278656006,3.2278943061828613,3.4015586376190186,19.60810089111328
2180364234.0,-1.008318543434143,2.205761194229126,11.174720764160156,1.566887378692627,2.37901258468628,19.826488494873047
2180372567.0,-0.8948484659194946,2.1134157180786133,10.106573104858398,0.394677072763443,2.719989538192749,19.96516227722168
2180380900.0,-1.2857370376586914,2.0478100776672363,9.369142532348633,1.511791110038757,4.053543567657471,20.257244110107425
2180389233.0,-1.0750865936279297,2.2377991676330566,9.91323471069336,2.509312391281128,4.410990715026856,19.95901679992676
2180397566.0,-0.8072070479393005,2.0392420291900635,10.26677131652832,2.3894119262695312,3.386753559112549,19.795623779296875
2180405899.0,-0.6596287488937378,1.2604550123214722,10.50352954864502,0.5970295667648315,2.400144100189209,20.08719062805176
2180414232.0,-1.2484138011932373,1.5466551780700684,9.451619148254396,0.0720912888646125,2.560540676116944,20.24018096923828
2180422565.0,-1.600002646446228,1.935840845108032,9.297021865844728,1.545935034751892,3.703627824783325,20.076993942260746
2180430898.0,-1.4022855758666992,2.234070301055908,10.03311538696289,2.8601248264312744,4.380638122558594,19.83427619934082
2180439231.0,-0.862422525882721,1.816471695899964,10.502455711364746,2.24097752571106,3.3305814266204834,19.838808059692383
2180447564.0,-0.2290138453245163,1.4516544342041016,10.31589126586914,1.0794224739074707,1.58325457572937,20.315359115600582
2180455897.0,-0.3614506423473358,1.217915177345276,9.354920387268066,0.9474837183952332,-0.0314030610024929,20.615074157714844
2180464230.0,-0.4069156944751739,1.247575759887695,8.692033767700195,2.248302936553955,0.1601786762475967,20.5855655670166
2180472563.0,-0.769565761089325,1.382122039794922,8.725541114807129,3.6148743629455566,1.964113116264344,20.74368476867676
2180480896.0,-1.167445421218872,1.629699468612671,9.254438400268556,4.138250350952148,4.687368869781494,20.63510513305664
2180489229.0,-1.5128371715545654,1.9920005798339844,9.762211799621582,3.7938406467437744,6.656053066253662,20.684898376464844
2180497562.0,-1.672102451324463,2.8178343772888184,10.12303352355957,3.1496684551239014,7.153943538665772,20.62742042541504
2180505895.0,-1.313722014427185,2.768310785293579,10.409120559692385,3.0751307010650635,5.178163051605225,20.760639190673828
2180514228.0,-0.8194783926010132,2.473695993423462,10.620211601257324,2.371225595474243,1.5505198240280151,20.820831298828125
2180522561.0,-1.0319492816925049,2.208085298538208,10.156615257263184,1.2476825714111328,-1.6124680042266846,21.129817962646484
2180530894.0,-1.478034734725952,2.3178632259368896,8.98764705657959,0.6682371497154236,-1.1695207357406616,21.15492057800293
2180539227.0,-1.4577150344848633,2.8576228618621826,8.507429122924805,1.4374074935913086,1.2894595861434937,21.298873901367188
2180547560.0,-1.0072029829025269,2.750374317169189,9.585270881652832,1.8316620588302608,3.301561117172241,21.1107120513916
2180555893.0,-1.1022332906723022,2.155919551849365,10.111580848693848,0.2347673922777176,3.80016827583313,21.50519752502441
2180564226.0,-1.5584614276885986,1.96995747089386,9.769715309143066,-1.0599685907363892,3.313676357269287,21.497920989990234
2180572559.0,-1.8822323083877563,2.182292461395264,9.361495018005373,-0.6368213891983032,2.8909389972686768,21.78526306152344
2180580892.0,-1.792601227760315,2.170118570327759,10.004596710205078,0.3511072993278503,1.602107048034668,21.696557998657227
2180589225.0,-1.6132525205612185,2.3659207820892334,10.47971248626709,0.0832334831357002,-0.3812423944473266,21.60347557067871
2180597558.0,-1.5645979642868042,2.232727289199829,9.941927909851074,-0.679673969745636,-1.2061235904693604,21.56731033325196
2180605891.0,-1.1125218868255615,2.191493272781372,9.572447776794434,-1.029385328292847,-1.3357059955596924,21.48854637145996
2180614224.0,-0.8950111269950867,1.997029185295105,9.846236228942873,-1.21790611743927,-1.1622463464736938,21.518898010253903
2180622557.0,-1.1589895486831665,1.719783902168274,9.06476879119873,-0.9293105602264404,-0.245973601937294,21.527097702026367
2180630890.0,-1.2639936208724976,1.4256843328475952,8.93720817565918,0.1052105128765106,1.2399470806121826,21.80695533752441
2180639223.0,-1.0311260223388672,1.304662823677063,9.46220874786377,0.3085876405239105,1.6348419189453125,21.807905197143555
2180647556.0,-1.1158708333969116,1.2857991456985474,9.58359432220459,0.2207307517528534,0.8693603277206421,21.81044006347656
2180655889.0,-1.235835313796997,1.3822144269943235,9.648153305053713,0.3149656057357788,0.2998275756835937,21.89901733398437
2180664222.0,-1.161601424217224,1.4249824285507202,9.333370208740234,0.8918752074241638,-0.5651783347129822,21.818021774291992
2180672555.0,-1.2979798316955566,1.4651801586151123,9.21300983428955,1.7208290100097656,-1.010200262069702,21.891740798950195
2180680888.0,-1.4716336727142334,1.851016879081726,9.478602409362791,1.6505179405212402,-0.2557069957256317,22.21301651000977
2180689221.0,-1.4481897354125977,1.9702075719833367,9.356013298034668,1.2016026973724363,0.1832571327686309,22.08072090148925
2180697554.0,-0.9528906345367432,1.7563390731811523,9.464652061462402,1.117946743965149,-0.053533773869276,21.924245834350582
2180705887.0,-0.5034623146057129,1.4207853078842163,9.69210433959961,0.7788139581680298,-1.2710301876068115,22.193374633789062
2180714220.0,-0.4908331334590912,1.357977032661438,9.003758430480957,0.6309685111045837,-2.3871450424194336,22.357328414916992
2180722553.0,-0.7964045405387878,1.2846437692642212,8.862183570861816,1.4860233068466189,-1.8334678411483765,22.55896759033203
2180730886.0,-0.9782623648643494,1.2119884490966797,9.111160278320312,1.5989567041397097,-0.4557543098926544,22.657224655151367
2180739219.0,-1.2173115015029907,1.1463497877120972,8.626300811767578,1.600621461868286,1.2441223859786987,22.54544258117676
2180747552.0,-0.6643641591072083,1.5615184307098389,9.385048866271973,1.8941352367401123,1.6871464252471924,22.83700942993164
2180755885.0,-0.6908294558525085,1.6186749935150146,10.210299491882324,1.998103141784668,0.1374332457780838,22.60112571716309
2180764218.0,-0.7431526184082031,1.8150469064712524,9.844112396240234,1.5187325477600098,-1.5333456993103027,22.54987144470215
2180772551.0,-0.4513521194458008,1.6546059846878052,9.565356254577637,1.4681445360183716,-2.360198736190796,22.64146614074707
2180780884.0,-0.381558895111084,1.194042086601257,9.383631706237791,0.8920800089836121,-2.092811822891236,22.734575271606445
2180789217.0,-0.5825618505477905,1.3526920080184937,8.913880348205566,1.15654718875885,-0.684284508228302,22.79389953613281
2180797550.0,-0.5362603664398193,1.226834416389465,9.268465042114258,1.7546144723892212,1.0436910390853882,22.90094566345215
2180805883.0,-0.5109673738479614,1.6024101972579956,9.68681812286377,2.1347298622131348,2.080632209777832,23.02632141113281
2180814216.0,-0.4121753275394439,1.5554474592208862,10.452593803405762,2.010167360305786,1.8892171382904053,23.04911994934082
2180822549.0,-0.3986409604549408,1.3702387809753418,9.936932563781738,1.5346646308898926,0.6087353229522705,22.849788665771484
2180830882.0,-0.3621981739997864,0.8626393675804138,9.371439933776855,1.7009780406951904,-0.4862608015537262,22.889646530151367
2180839215.0,-0.5584388375282288,0.7148491144180298,9.349485397338867,2.0500235557556152,-0.4001457393169403,22.859575271606445
2180847548.0,-0.5180280804634094,0.8913240432739258,9.27600383758545,2.4805986881256104,0.1989330351352691,22.86239242553711
2180855881.0,-0.1528919786214828,1.352412223815918,9.286718368530272,3.347205638885498,0.9412339329719543,22.986928939819336
2180864214.0,0.0869003608822822,1.2491518259048462,10.278817176818848,3.529425859451294,1.263256311416626,23.010547637939453
2180872547.0,0.0116693172603845,1.5089569091796875,9.720197677612305,3.0163981914520264,1.070457935333252,22.817081451416016
2180880880.0,-0.5208194851875305,1.6307357549667358,9.716989517211914,3.4131622314453125,1.9669049978256223,22.480663299560547
2180889213.0,-0.5797882080078125,2.0156409740448,10.17101764678955,3.494922876358032,3.4165689945220947,22.410608291625977
2180897546.0,-0.2752468883991241,2.1499624252319336,10.613134384155272,3.640335083007813,3.788359880447388,22.245779037475582
2180905879.0,0.3070751130580902,2.401709079742432,10.845261573791504,3.528452157974243,2.431035280227661,22.15713119506836
2180914212.0,0.2913850247859955,2.00380802154541,10.669224739074709,2.7328221797943115,1.189896821975708,22.10938262939453
2180922545.0,-0.3975740075111389,1.635118007659912,9.94849967956543,2.0767900943756104,1.9717204570770264,22.066301345825195
2180930878.0,-0.5846657752990723,1.893179178237915,9.06420612335205,2.4312400817871094,4.065300941467285,21.77598762512207
2180939211.0,-0.9642646908760072,2.0654401779174805,9.615880012512209,3.805854082107544,6.354266166687012,21.644689559936523
2180947544.0,-0.7815258502960205,2.4237334728240967,10.597663879394531,3.3357303142547607,7.081916332244873,21.779525756835938
2180955877.0,-0.4212229251861572,2.136815071105957,10.53943157196045,2.4300107955932617,5.639040470123291,21.729116439819336
2180964210.0,-0.9299969673156738,2.327487230300904,10.699296951293944,2.2144668102264404,3.667870044708252,21.517566680908203
2180972543.0,-1.1355518102645874,2.237565994262696,10.922239303588867,1.261335015296936,2.823547840118408,21.49323272705078
2180980876.0,-1.3604145050048828,2.502858161926269,9.832133293151855,1.486228108406067,2.9922430515289307,21.25776100158692
2180989209.0,-1.1081392765045166,2.821481466293335,10.207069396972656,2.454728603363037,4.007669448852539,21.255714416503903
2180997542.0,-0.2416759133338928,2.309561491012573,10.36687469482422,1.6724181175231934,3.933387756347656,21.36593246459961
2181005875.0,0.1602776199579239,1.2448934316635132,10.361733436584473,0.7663654685020447,2.0436456203460693,21.413318634033203
2181014208.0,-0.9911534190177916,1.705704927444458,9.795316696166992,0.1421462446451187,2.539511203765869,21.8961181640625
2181022541.0,-1.634372353553772,1.9942606687545776,8.966665267944336,1.367275595664978,4.948070049285889,21.84524917602539
2181030874.0,-1.6215580701828003,1.7261855602264404,9.345067024230955,3.134453773498535,6.295507431030273,21.27725410461425
2181039207.0,-1.0699492692947388,2.09416937828064,10.83191967010498,2.922981977462769,6.046818733215332,21.47269058227539
2181047540.0,-0.973466157913208,2.059593915939331,10.975810050964355,1.1883600950241089,3.6383376121521,21.851476669311523
2181055873.0,-1.32565438747406,2.229223251342773,10.360538482666016,0.3260821402072906,1.1182284355163574,21.95357322692871
2181064206.0,-1.463816523551941,2.492493391036988,9.923373222351074,0.7400595545768738,0.4316897094249725,21.93651390075684
2181072539.0,-1.2497971057891846,1.794874906539917,10.377742767333984,1.0138503313064575,0.4471094608306885,21.83172416687012
2181080872.0,-1.0036537647247314,2.2413153648376465,9.99439525604248,0.4823034107685089,1.2871543169021606,22.087739944458008
2181089205.0,-0.8215441107749939,2.681949615478516,10.317493438720703,0.7462325692176819,2.165722846984864,22.40914726257324
2181097538.0,-0.6913775205612183,2.2710585594177246,10.8455810546875,-0.2075522243976593,1.740193486213684,22.13661193847656
2181105871.0,-0.5364136099815369,2.110707521438598,10.21023178100586,-1.048647165298462,1.3930180072784424,22.184663772583008
2181114204.0,-0.4912587404251098,1.5688470602035522,9.898670196533203,-0.486465722322464,1.3098996877670288,22.310890197753903
2181122537.0,-1.3846559524536133,1.0643543004989624,9.982291221618652,0.0078251520171761,1.9430583715438845,22.226749420166016
2181130870.0,-1.362329602241516,1.489718675613403,9.956562995910645,0.2935008406639099,3.3620874881744385,22.636165618896484
2181139203.0,-1.3103716373443604,2.0322823524475098,9.617443084716797,1.0848015546798706,3.170262336730957,22.14076042175293
2181147536.0,-0.8474979400634766,2.045562744140625,10.26998233795166,1.47859525680542,1.862681031227112,22.031211853027344
2181155869.0,-0.4233179688453674,1.3820334672927856,10.922971725463867,0.0529318340122699,-0.4057296514511108,22.127824783325195
2181164202.0,-0.8415427207946777,1.3544838428497314,9.55825424194336,-0.6840540766716003,-1.3860381841659546,21.902114868164062
2181172535.0,-1.098312258720398,1.9473869800567627,8.8757905960083,0.9265058040618896,0.6040736436843872,22.528844833374023
2181180868.0,-1.1767995357513428,1.96941077709198,9.909567832946776,2.1160824298858643,2.26838493347168,22.1868953704834
2181189201.0,-0.4736433923244476,1.7205160856246948,9.913982391357422,1.601850986480713,2.3206377029418945,21.712671279907227
2181197534.0,-0.1941608190536499,1.344078540802002,10.090608596801758,0.7610889673233032,1.7789223194122314,22.150291442871094
2181205867.0,-0.4408868551254272,1.707796573638916,10.333109855651855,0.0328758843243122,0.6137813925743103,22.19511604309082
2181214200.0,-1.373084306716919,2.080031156539917,9.332590103149414,1.049377202987671,0.7493575811386108,21.734777450561523
2181222533.0,-1.2724428176879885,2.0697014331817627,9.36507511138916,2.5625643730163574,2.244333028793335,21.59912300109864
2181230866.0,-1.2097091674804688,1.589823842048645,9.71473503112793,1.706382393836975,3.0459561347961426,21.74822235107422
2181239199.0,-1.0331560373306274,1.6580106019973757,9.665132522583008,0.4858894050121307,2.5160233974456787,21.874731063842773
2181247532.0,-0.8001759648323059,1.7933706045150757,10.01892375946045,-0.0385238267481327,1.168560266494751,21.96440887451172
2181255865.0,-0.429149866104126,1.5174306631088257,9.820701599121094,0.1918635219335556,-1.1115814447402954,21.90388298034668
2181264198.0,-0.7368407845497131,1.4787260293960571,9.208117485046388,1.2690706253051758,-1.84770941734314,21.8882064819336
2181272531.0,-1.1469175815582275,1.648132562637329,9.43480396270752,1.2486817836761477,-0.2000728845596313,22.1321029663086
2181280864.0,-1.0205960273742676,1.331271409988403,9.112333297729492,0.6795843243598938,2.03088927268982,21.88623237609864
2181289197.0,-0.97767835855484,2.061628818511963,9.370424270629885,1.0694074630737305,3.3571951389312744,21.8713493347168
2181297530.0,-0.9880465865135192,1.675649642944336,10.560380935668944,1.0091372728347778,2.74048113822937,21.972862243652344
2181305863.0,-0.7554541826248169,1.1476536989212036,10.18042278289795,0.108565978705883,0.959650456905365,21.750452041625977
2181314196.0,-0.2633925378322601,1.656211256980896,9.594687461853027,0.8257136344909668,-1.1274367570877075,21.808034896850582
2181322529.0,-0.4999180436134338,1.3151088953018188,9.941940307617188,1.0625685453414917,-1.88136625289917,22.0168399810791
2181330862.0,-0.5105665326118469,1.6049188375473022,9.054853439331056,0.7929274439811707,-1.1101983785629272,21.93569564819336
2181339195.0,-0.7937226891517639,1.4718338251113892,8.593633651733398,1.7162952423095703,1.3999080657958984,21.942583084106445
2181347528.0,-0.6526903510093689,1.039657473564148,9.451886177062988,1.3981919288635254,3.69988751411438,22.14460182189941
2181355861.0,-1.024106740951538,1.4053400754928589,9.324342727661133,1.3698115348815918,4.176261901855469,22.270397186279297
2181364194.0,-0.8828068375587463,1.2973918914794922,10.02549171447754,1.954098105430603,3.443745851516724,22.29490852355957
2181372527.0,-1.1350939273834229,1.1622544527053833,10.100773811340332,2.1987905502319336,1.5778244733810425,22.12154769897461
2181380860.0,-0.8292937874794006,1.066125512123108,10.010198593139648,2.1269686222076416,-0.391462504863739,22.1434268951416
2181389193.0,-0.2756615281105041,1.3764100074768066,9.235026359558104,2.182500123977661,-1.5148519277572632,22.349822998046875
2181397526.0,-0.575396716594696,1.20729398727417,8.78235149383545,3.051002025604248,-2.052443504333496,22.0576171875
2181405859.0,-0.4974438548088074,1.360907793045044,8.836471557617188,3.0207009315490723,-0.3238409459590912,22.44669914245605
2181414192.0,-0.8557238578796387,1.1137371063232422,8.790184020996094,2.871420621871948,2.0620360374450684,22.490625381469727
2181422525.0,-0.8352452516555786,1.3920419216156006,8.589035034179688,3.3274056911468506,3.41705584526062,22.321521759033203
2181430858.0,-1.3150427341461182,1.91398024559021,9.899435997009276,3.958489894866944,3.924448251724243,22.54326438903809
2181439191.0,-1.1711629629135132,1.9972853660583496,10.737491607666016,3.3961544036865234,2.3048081398010254,22.32961654663086
2181447524.0,-0.6973156332969666,2.3886375427246094,10.322657585144045,2.963939666748047,-0.3946386873722076,22.280845642089844
2181455857.0,-0.4823859333992004,2.4049038887023926,10.358768463134766,2.765582799911499,-2.7699503898620605,22.27239418029785
2181464190.0,-0.6581994891166687,1.737997055053711,9.846035957336426,1.340124487876892,-3.792496681213379,22.12260055541992
2181472523.0,-0.405541181564331,1.974969744682312,8.612497329711914,0.9822933673858644,-1.901114702224732,22.19139671325684
2181480856.0,0.0379141457378864,1.59008526802063,8.914498329162598,2.2121617794036865,0.2815133929252624,22.537425994873047
2181489189.0,-0.2843542397022247,1.5006076097488403,9.729361534118652,2.273559093475342,1.5132769346237185,22.39731407165528
2181497522.0,-0.9111579656600952,1.6985517740249634,9.482495307922363,1.8218259811401367,2.652393579483032,22.513399124145508
2181505855.0,-1.112916111946106,1.5711572170257568,9.600156784057615,1.9839385747909544,3.615566730499268,22.64203453063965
2181514188.0,-0.7262595891952515,1.7193925380706787,10.020981788635254,2.2895164489746094,2.3006584644317627,22.25248908996582
2181522521.0,-0.7944977879524231,1.2891414165496826,10.634416580200195,2.2751212120056152,-0.1750477403402328,22.166784286499023
2181530854.0,-0.6107534170150757,1.2640632390975952,9.972346305847168,1.9023568630218504,-2.2219841480255127,22.299747467041016
2181539187.0,-0.7750825881958008,1.706446409225464,9.253015518188477,2.729825496673584,-2.1574623584747314,22.210485458374023
2181547520.0,-0.0364712215960025,1.539233922958374,9.460922241210938,3.2416491508483887,-1.5723304748535156,22.254154205322266
2181555853.0,0.0371590666472911,1.258991837501526,9.055931091308594,3.329300880432129,-0.8432208895683289,22.160659790039062
2181564186.0,-0.3978283703327179,1.567963719367981,9.75977611541748,2.935661554336548,1.0417953729629517,22.17257308959961
2181572519.0,-0.5083634853363037,1.9996412992477417,9.637727737426758,2.816657543182373,3.3074259757995605,22.41204071044922
2181580852.0,-0.7833606600761414,2.3920786380767822,9.9653959274292,4.103875637054443,3.710056781768799,21.96909523010254
2181589185.0,-0.3814616203308105,2.166250228881836,11.003287315368652,3.719303607940674,2.9060251712799072,21.97127151489257
2181597518.0,-0.6337142586708069,1.8629775047302248,10.352681159973145,2.630903005599976,1.1077263355255127,21.956899642944336
2181605851.0,-0.5400444865226746,2.1100637912750244,10.27528953552246,2.43072772026062,-0.072513923048973,21.727859497070312
2181614184.0,-0.6624104976654053,2.2346630096435547,9.829307556152344,2.406855344772339,-0.2789903581142425,21.698734283447266
2181622517.0,-0.4095434248447418,2.125138998031616,9.65556812286377,2.8965485095977783,0.085538774728775,21.19751739501953
2181630850.0,-0.1791692376136779,2.2337143421173096,9.330415725708008,2.931870460510254,1.2288049459457395,21.57476234436035
2181639183.0,-0.3861474692821502,1.7300801277160645,10.197790145874023,2.4580326080322266,2.38057541847229,21.49671745300293
2181647516.0,-0.388953298330307,1.957061052322388,9.775147438049316,1.558793306350708,2.943960189819336,21.447126388549805
2181655849.0,-0.5891583561897278,2.439873456954956,9.69003963470459,2.6099252700805664,3.5739428997039795,21.41001319885254
2181664182.0,-0.7430456876754761,1.9823648929595947,10.639568328857422,3.0010290145874023,3.057201147079468,21.41439437866211
2181672515.0,-1.1110622882843018,2.430978298187256,10.541730880737305,2.022052764892578,2.674114942550659,21.1176815032959
2181680848.0,-0.5962240695953369,2.715015411376953,10.319124221801758,1.442837834358215,2.5798540115356445,21.13235664367676
2181689181.0,-0.2970331013202667,2.234257936477661,10.371907234191896,1.0650274753570557,1.0272464752197266,21.199180603027344
2181697514.0,-0.4310574233531952,2.1511592864990234,9.982495307922363,0.644877016544342,0.5923166275024414,21.11801147460937
2181705847.0,-0.4630537033081054,1.7962815761566162,9.981653213500977,0.3991595804691314,1.529772400856018,21.47858238220215
2181714180.0,-0.95643550157547,1.7966724634170532,9.295019149780272,0.6362707018852234,2.7274434566497803,21.19890213012696
2181722513.0,-0.5594764351844788,2.135822296142578,9.686229705810549,1.4945015907287598,4.16094446182251,21.16931533813477
2181730846.0,-0.6244677901268005,1.9401180744171145,10.64277172088623,1.2616167068481443,4.088788986206055,21.30927085876465
2181739179.0,-0.6944057941436768,1.9660769701004028,10.614507675170898,0.3364303410053253,2.974851608276367,21.18281555175781
2181747512.0,-0.7339451909065247,2.0811359882354736,10.209390640258787,0.3658354580402374,2.666045665740967,21.459369659423828
2181755845.0,-0.4622062146663666,1.3379117250442505,10.179760932922363,0.7777382135391235,1.4215524196624756,21.355892181396484
2181764178.0,-0.6413482427597046,1.7360363006591797,9.36683464050293,1.1444828510284424,1.202934503555298,21.19951438903809
2181772511.0,-0.2878541648387909,1.5649068355560305,9.304316520690918,1.8344279527664185,2.022871971130371,21.42212677001953
2181780844.0,-0.4120618999004364,1.4842660427093506,10.025308609008787,1.3790068626403809,2.5043179988861084,21.290447235107425
2181789177.0,-0.5876231789588928,1.596656084060669,9.643759727478027,0.6656501889228821,3.2653934955596924,21.496845245361328
2181797510.0,-0.9027527570724488,1.2383346557617188,9.122021675109863,1.4128177165985107,4.357687473297119,21.469669342041016
2181805843.0,-0.9227643609046936,1.6081249713897705,9.994987487792969,2.2384932041168213,4.7071685791015625,21.27851104736328
2181814176.0,-0.7230058312416077,1.9226131439208984,10.40376091003418,2.244358539581299,3.867609977722168,21.490619659423828
2181822509.0,-0.3216926753520965,1.4425623416900637,10.321897506713867,2.145692586898804,1.8304067850112915,21.38639640808105
2181830842.0,-0.3219316005706787,1.534071922302246,9.486138343811035,1.574084997177124,0.3867879211902618,21.59523200988769
2181839175.0,-0.7449869513511658,1.6327251195907593,9.61599826812744,1.5829474925994873,0.988261580467224,21.58551979064941
2181847508.0,-1.125407099723816,1.8185452222824097,9.547079086303713,1.560534954071045,2.6888935565948486,21.34802627563477
2181855841.0,-0.8009000420570374,2.136748552322388,9.404600143432615,2.290618419647217,4.740313529968262,21.138147354125977
2181864174.0,0.0366275608539581,1.7244490385055542,10.146570205688477,2.878286123275757,4.613010883331299,21.245086669921875
2181872507.0,-0.1812484115362167,1.5639290809631348,10.778071403503418,1.573700785636902,2.482084274291992,21.077207565307617
2181880840.0,-1.245685338973999,2.392940282821656,9.384990692138672,0.9663357138633728,2.1333463191986084,21.09825897216797
2181889173.0,-1.4580192565917969,2.195627927780152,9.562017440795898,1.404979586601257,3.9563119411468506,21.26990127563477
2181897506.0,-1.0450559854507446,2.002108097076416,10.127123832702637,1.0188195705413818,3.9992423057556152,21.00633430480957
2181905839.0,-0.78355872631073,2.255384922027588,9.826932907104492,0.7772771120071411,2.8788743019104004,20.97300720214844
2181914172.0,-0.8211472630500793,1.6100624799728394,9.950136184692385,0.7512273788452148,1.62907874584198,20.921777725219727
2181922505.0,-0.7116783261299133,1.164669394493103,9.61679458618164,-0.2408507168292999,0.5590692758560181,20.99426651000977
2181930838.0,-1.3227664232254028,2.0228312015533447,9.170178413391112,0.2583068311214447,1.4401991367340088,20.95781517028809
2181939171.0,-0.6062523722648621,1.5889225006103516,9.75849437713623,0.7233846783638,2.1405951976776123,20.946622848510746
2181947504.0,-0.6607317924499512,1.5132094621658323,9.581007957458496,0.9407471418380736,1.959656238555908,20.74186515808105
2181955837.0,-0.5066016912460327,1.1267527341842651,10.011366844177246,0.7828609943389893,2.193002223968506,21.045419692993164
2181964170.0,-0.6392960548400879,0.6971997618675232,9.479921340942385,0.3274909853935241,1.743549108505249,20.85118865966797
2181972503.0,-0.6977759003639221,1.0951083898544312,9.427849769592283,1.2744238376617432,1.6231106519699097,20.6838493347168
2181980836.0,-1.18708336353302,1.1038835048675537,9.10316276550293,2.392587900161743,2.755977392196656,20.85305404663086
2181989169.0,-0.9425649046897888,1.649880290031433,9.823038101196287,3.2399845123291016,3.2026901245117188,20.4126205444336
2181997502.0,-0.408993512392044,1.9121520519256592,10.918596267700195,2.297405958175659,2.6510872840881348,20.56853485107422
2182005835.0,-0.5566654205322266,2.0910558700561523,10.228447914123535,1.428442358970642,1.093254327774048,20.58876609802246
2182014168.0,-0.3773466050624847,1.4277379512786863,9.86263942718506,1.6008261442184448,0.3125833868980407,20.274044036865234
2182022501.0,-0.5157531499862671,1.6510756015777588,9.3078031539917,1.6109437942504885,0.8966906070709229,20.558338165283203
2182030834.0,-0.9825755953788756,1.6115055084228516,9.344849586486816,2.061984777450561,2.793399810791016,20.402193069458008
2182039167.0,-0.904675841331482,1.7814595699310305,9.60371208190918,2.349453926086426,4.512730598449707,20.016212463378903
2182047500.0,-0.8320891261100769,1.7690118551254272,9.695091247558594,2.457929849624634,4.409428119659424,19.96011734008789
2182055833.0,-0.5877737402915955,0.9658750891685486,10.685988426208496,1.6710859537124634,3.2589895725250244,20.03534507751465
2182064166.0,-0.6911202669143677,0.6975081562995911,9.678872108459473,0.8822187781333923,1.0679731369018557,19.9719295501709
2182072499.0,-0.5928159356117249,1.010525822639465,9.02530574798584,2.4026031494140625,-0.0593225806951522,19.62651634216309
2182080832.0,-0.6859267354011536,0.8087255954742432,9.63503074645996,3.72803807258606,0.3413226008415222,19.548418045043945
2182089165.0,-0.5649408102035522,1.2128645181655884,9.333813667297363,3.4694364070892334,1.3986529111862185,19.429542541503903
2182097498.0,-0.618910014629364,2.184775829315185,9.229966163635254,3.721583127975464,3.027642250061035,19.39311981201172
2182105831.0,-0.57085782289505,1.8654611110687256,9.681488037109377,3.3482041358947754,3.931004762649536,19.230802536010746
2182114164.0,-0.4473817646503448,1.6918447017669678,10.066278457641602,2.2300400733947754,3.7135400772094727,19.167739868164062
2182122497.0,-0.4681113958358764,1.7638779878616333,9.917914390563965,1.778486728668213,2.47514271736145,19.261795043945312
2182130830.0,-0.8935462236404419,2.162349462509156,9.507287979125977,2.422940969467163,1.9019726514816284,19.10403823852539
2182139163.0,-0.6561592817306519,2.5880908966064453,9.806325912475586,2.6651487350463867,1.3380751609802246,18.884855270385746
2182147496.0,-0.5831260085105896,1.6594932079315186,10.500809669494627,1.4879953861236572,1.474496603012085,18.982982635498047
2182155829.0,-0.6218818426132202,1.2719639539718628,9.96469783782959,-0.4351091086864471,1.97740638256073,19.114946365356445
2182164162.0,-0.6431739330291748,1.2703678607940674,9.221041679382324,0.2160433232784271,3.00335955619812,19.143150329589844
2182172495.0,-0.8577114939689636,1.3387166261672974,9.304272651672363,2.3139777183532715,3.018343925476074,18.94341087341309
2182180828.0,-0.5823010802268982,0.9933214783668518,10.617602348327637,2.7565155029296875,3.139935255050659,19.031679153442383
2182189161.0,-0.3842867314815521,1.180211901664734,9.78968334197998,2.043670654296875,1.5709854364395142,18.775022506713867
2182197494.0,-0.5895369648933411,1.6020259857177734,9.620755195617676,2.127736568450928,0.8743036389350891,18.87947463989257
2182205827.0,-0.9954609274864196,1.400830864906311,9.677661895751951,1.9397536516189573,1.5424511432647705,18.7277889251709
2182214160.0,-0.4268613755702972,0.743061363697052,9.095175743103027,2.269178628921509,2.3708927631378174,18.62912368774414
2182222493.0,-0.5233156085014343,0.9377831220626832,9.661150932312012,3.1380398273468018,3.0287439823150635,19.03636741638184
2182230826.0,-0.6123911142349243,1.176148533821106,10.356772422790527,2.932075262069702,2.4601333141326904,19.0897216796875
2182239159.0,-0.5557761788368225,1.4342129230499268,9.137903213500977,3.446434259414673,1.962524652481079,18.65970230102539
2182247492.0,0.0891564115881919,1.55155348777771,10.121160507202148,4.073343276977539,1.444348692893982,18.772485733032227
2182255825.0,-0.2105101346969604,1.0232858657836914,10.53388500213623,2.615457773208618,0.4019770920276642,18.660064697265625
2182264158.0,-0.527309238910675,1.768783450126648,8.979369163513184,2.585181474685669,1.4461417198181152,18.39562225341797
2182272491.0,-0.8911609649658203,1.9740087985992432,9.488157272338867,3.660646677017212,4.058000087738037,18.61554527282715
2182280824.0,-0.8544714450836182,1.9294742345809937,10.210976600646973,3.23250412940979,5.22818660736084,18.090171813964844
2182289157.0,0.0141839329153299,2.0433218479156494,10.062314987182615,2.581031560897827,4.729759216308594,18.236122131347656
2182297490.0,0.1133583784103393,1.615961670875549,11.027050971984863,1.85602068901062,2.1941030025482178,18.850481033325195
2182305823.0,-1.0699570178985596,1.4700100421905518,9.65228271484375,0.8935657739639282,0.5276918411254883,18.38394355773925
2182314156.0,-1.5687739849090576,1.649390697479248,8.380056381225586,2.111727714538574,2.582235813140869,18.145526885986328
2182322489.0,-1.0703012943267822,1.3782591819763184,9.45323085784912,2.8457040786743164,4.406943321228027,17.959796905517578
2182330822.0,-0.436389148235321,1.690302491188049,9.822689056396484,2.527984857559204,3.625913619995117,17.65555191040039
2182339155.0,-0.1602710634469986,1.4654518365859983,10.492690086364746,2.071359872817993,1.966648817062378,17.78559684753418
2182347488.0,-0.8787381649017334,1.372177004814148,10.193215370178224,1.0543206930160522,0.9688716530799866,17.706523895263672
2182355821.0,-1.1227601766586304,1.3882783651351929,8.903318405151367,1.85904324054718,2.000331401824951,17.77855110168457
2182364154.0,-1.0240317583084106,1.2098901271820068,10.232751846313477,3.0624258518218994,3.7284469604492174,17.64102554321289
2182372487.0,-0.93089359998703,1.5767101049423218,10.22235870361328,2.33687686920166,3.4326796531677246,17.274131774902344
2182380820.0,-0.6471714973449707,1.8480883836746216,9.662442207336426,2.81624722480774,3.5670266151428223,17.243751525878906
2182389153.0,-0.19945128262043,1.6388983726501465,10.333563804626465,2.4753215312957764,1.7395524978637695,17.3079891204834
2182397486.0,-0.7212732434272766,1.3721530437469482,9.85526180267334,1.6507737636566162,0.2355357706546783,17.048032760620117
2182405819.0,-1.1913365125656128,1.630580186843872,9.097676277160645,1.4448609352111816,1.68284273147583,17.22254180908203
2182414152.0,-1.172938108444214,1.7002742290496826,9.23304843902588,1.873822927474976,3.865458488464356,17.501251220703125
2182422485.0,-1.1906957626342771,2.1559479236602783,9.312200546264648,2.770807981491089,3.943504571914673,16.790302276611328
2182430818.0,-0.3530426025390625,1.1864608526229858,11.030939102172852,2.0177998542785645,3.1993846893310547,17.08757972717285
2182439151.0,-0.3964907228946686,0.2175102084875106,10.6544189453125,-0.0371406488120555,0.2336403131484985,17.20555877685547
2182447484.0,-1.2355445623397827,1.3212021589279177,8.580414772033691,1.6089969873428345,-0.188443973660469,17.09659767150879
2182455817.0,-1.2197633981704712,0.8888866305351257,9.58013916015625,3.9799535274505615,1.585867166519165,16.984481811523438
2182464150.0,-0.4572826623916626,0.7990614175796509,10.322020530700684,3.5998897552490234,1.828280568122864,16.628368377685547
2182472483.0,-0.2395486980676651,1.6135956048965454,9.560975074768066,3.3201303482055664,1.7722108364105225,16.608436584472656
2182480816.0,-0.0197824742645025,2.087733507156372,10.419925689697266,3.396512269973755,1.7154498100280762,16.73259162902832
2182489149.0,-0.8541067242622375,2.178250312805176,10.02919101715088,2.7778263092041016,1.5965996980667114,16.275634765625
2182497482.0,-0.9950221180915833,1.827431917190552,9.764503479003906,2.352808952331543,3.760490894317627,16.652830123901367
2182505815.0,-0.8883882761001587,1.4910128116607666,9.28283977508545,2.20135235786438,4.263759613037109,16.76435661315918
2182514148.0,-0.5562030673027039,1.0101797580718994,10.090983390808104,2.2585740089416504,3.2362184524536133,16.427448272705078
2182522481.0,-0.4314008951187134,1.1043407917022705,10.095541000366213,2.1982524394989014,1.0613645315170288,16.56476593017578
2182530814.0,-0.7356874942779541,0.8713573813438416,9.76878261566162,2.3177170753479004,-0.1034302935004234,16.712587356567383
2182539147.0,-1.0039163827896118,1.7103253602981567,8.965845108032227,2.986812353134156,0.6717974543571472,16.4481201171875
2182547480.0,-0.5769929885864258,1.586895227432251,9.302159309387209,3.656496524810791,1.9952852725982664,16.39125633239746
2182555813.0,-0.4739531278610229,0.7915836572647095,9.964183807373049,2.3038089275360107,2.5408430099487305,16.017597198486328
2182564146.0,-0.3048798143863678,1.6414034366607666,9.095067024230955,1.7559717893600464,2.695784091949463,16.361648559570312
2182572479.0,-0.5057036876678467,1.8924230337142944,9.700496673583984,3.4193856716156006,1.993287444114685,16.093952178955078
2182580812.0,-0.6318697333335876,1.801026463508606,10.505252838134766,3.2854998111724854,1.2789573669433594,15.798644065856934
2182589145.0,-0.7432799339294434,1.210883855819702,9.483691215515137,2.36868953704834,1.9917504787445068,16.038419723510742
2182597478.0,-0.4708834886550903,0.8000589609146118,9.190369606018066,2.3203814029693604,2.6068766117095947,16.201021194458008
2182605811.0,-0.7504197955131531,1.6367664337158203,9.666624069213867,3.06270718574524,2.720808506011963,16.20350456237793
2182614144.0,-0.5004560947418213,1.4276363849639893,10.793347358703612,3.054588079452514,2.237211942672729,15.973283767700195
2182622477.0,-0.7590940594673157,1.450969696044922,9.478955268859863,2.961864233016968,1.8255650997161863,15.664682388305664
2182630810.0,-0.2245331555604934,1.3224692344665527,9.668964385986328,3.168980836868286,1.856942772865296,15.704792022705078
2182639143.0,-0.5498133897781372,1.248199462890625,9.925064086914062,2.381138324737549,1.9034326076507568,15.593399047851562
2182647476.0,-0.7903345823287964,0.8523706197738647,9.381061553955078,2.280935287475586,2.483569622039795,15.512510299682615
2182655809.0,-0.5000602602958679,0.8910539150238037,9.106431007385254,3.092727899551392,3.7261171340942383,15.913220405578612
2182664142.0,-0.4772067368030548,0.8750938773155212,9.904608726501465,4.405533790588379,2.887659788131714,15.455490112304688
2182672475.0,-0.1607917696237564,1.052104115486145,9.988821029663086,4.356072902679443,1.9245386123657229,15.182827949523926
2182680808.0,-0.4802858829498291,1.1863689422607422,9.596787452697754,4.219037055969238,1.6321521997451782,15.459332466125488
2182689141.0,-0.9378079771995544,1.3028287887573242,9.405941009521484,4.004594802856445,2.5803146362304688,15.147942543029783
2182697474.0,-0.4629981517791748,1.3851125240325928,9.709989547729492,3.907875299453736,3.836027145385742,15.459897994995115
2182705807.0,0.0045360615476965,0.8886110782623291,10.175387382507324,4.1023125648498535,3.0840952396392822,15.31520175933838
2182714140.0,-0.3781647384166717,1.5027847290039062,9.518778800964355,4.439446926116943,2.2858786582946777,15.024682998657228
2182722473.0,-1.14532208442688,1.396097183227539,9.588339805603027,4.766592502593994,3.401071548461914,14.95924186706543
2182730806.0,-1.0755637884140017,1.6309629678726196,9.772077560424805,4.134637355804443,4.498333930969238,14.75027847290039
2182739139.0,-0.8710431456565857,1.550181269645691,9.802660942077637,3.69133234024048,4.790797710418701,14.850098609924316
2182747472.0,-0.6816464066505432,1.7280559539794922,10.221431732177734,3.7891786098480233,3.5348544120788574,14.84438705444336
2182755805.0,-0.7162032127380371,1.050047755241394,10.228475570678713,3.4532735347747803,1.529183030128479,14.597414016723633
2182764138.0,-0.9117138385772704,1.1816449165344238,9.489266395568848,3.573634147644043,1.2772923707962036,14.845026969909668
2182772471.0,-0.9961004853248596,1.1965150833129885,9.851890563964844,3.720737457275391,1.9604500532150269,15.158981323242188
2182780804.0,-1.5119019746780396,1.909053087234497,9.32082462310791,4.068860530853272,3.046442747116089,14.597874641418455
2182789137.0,-0.9568372964859008,2.3812763690948486,9.794054985046388,4.524204730987549,3.914278507232666,14.372419357299805
2182797470.0,-0.8017169833183289,1.8624402284622192,10.698063850402832,3.684518814086914,3.3048131465911865,14.474567413330078
2182805803.0,-0.903885781764984,1.3097854852676392,10.820077896118164,1.95376455783844,2.1390323638916016,14.896485328674316
2182814136.0,-1.0078130960464478,0.8320056796073914,9.647919654846191,1.5552326440811155,1.2983729839324951,15.341354370117188
2182822469.0,-1.3930655717849731,1.1560660600662231,8.868175506591797,3.639540672302246,1.0094445943832395,15.136314392089844
2182830802.0,-1.1272128820419312,1.6175092458724976,9.62681484222412,5.013513565063477,1.2949150800704956,15.108596801757812
2182839135.0,-1.4748775959014893,1.7947118282318115,9.951478004455566,4.541417598724365,1.423242449760437,14.61752223968506
2182847468.0,-0.7381888628005981,1.6181339025497437,10.595848083496094,2.9265167713165283,1.4513925313949585,14.735833168029783
2182855801.0,-0.6378723978996277,1.2210487127304075,10.041997909545898,2.14822769165039,0.7067608833312988,15.216792106628418
2182864134.0,-1.2249068021774292,1.080203652381897,9.985690116882324,3.1166765689849854,0.4607617259025574,14.994587898254396
2182872467.0,-1.2340986728668213,1.6284823417663574,9.648053169250488,4.204565525054932,0.937314748764038,15.119868278503418
2182880800.0,-1.4322189092636108,1.474712371826172,9.846657752990724,5.038539409637451,1.303905725479126,14.74925708770752
2182889133.0,-0.66646808385849,2.1084635257720947,10.48381519317627,4.53959846496582,1.1616441011428833,14.708888053894045
2182897466.0,-0.3389933705329895,1.4538078308105469,10.779837608337402,3.2453112602233887,-0.4305241405963897,15.026887893676758
2182905799.0,-0.7366244196891785,2.016096353530884,9.406371116638184,2.8889663219451904,-1.6027084589004517,14.773613929748535
2182914132.0,-1.406435251235962,2.154951572418213,9.33750057220459,3.600094079971313,-0.1264062672853469,14.972867965698242
2182922465.0,-0.986968159675598,2.407731771469116,9.951424598693848,3.528989553451538,0.9632107615470886,14.429821968078612
2182930798.0,-0.7672126889228821,2.406035900115967,9.994250297546388,3.273127794265747,0.8768905997276306,14.19826602935791
2182939131.0,-0.1249619275331497,1.826367139816284,10.82451343536377,2.318075656890869,0.3044124245643616,14.594442367553713
2182947464.0,-0.8821424841880798,1.7804239988327026,10.075961112976074,1.2317758798599243,-0.7004469037055969,14.555020332336426
2182955797.0,-1.2753090858459473,2.1052134037017822,9.691485404968262,1.7457255125045776,0.3342017531394958,14.21573543548584
2182964130.0,-0.6280302405357361,1.7253481149673462,9.8718900680542,2.282369375228882,0.8667473196983337,14.121167182922363
2182972463.0,-0.4097741842269897,1.488452434539795,10.31558609008789,2.510310649871826,0.1806700378656387,13.955904960632324
2182980796.0,-0.1486432999372482,1.8136875629425049,10.122581481933594,1.97556221485138,-0.2926683127880096,14.10451889038086
2182989129.0,-0.7314407825469971,1.9964243173599243,9.64401626586914,1.8778698444366453,-0.6323388814926147,13.860725402832031
2182997462.0,-0.7672476768493652,2.15756630897522,9.94245147705078,1.946310877799988,0.8146482110023499,13.709268569946287
2183005795.0,-0.5879516005516052,1.1393210887908936,9.557699203491213,0.989798367023468,1.4782618284225464,13.60924243927002
2183014128.0,-0.6716881990432739,1.4123934507369995,9.069829940795898,1.7770005464553833,1.6924991607666016,13.363139152526855
2183022461.0,-0.9954434037208556,1.37368643283844,10.49731731414795,1.87015962600708,2.194231033325196,13.95293426513672
2183030794.0,-1.5158820152282717,2.241606473922729,9.685784339904783,1.6361736059188845,1.4387390613555908,13.486985206604004
2183039127.0,-0.8053170442581177,2.359553575515747,9.937982559204102,2.704364061355591,0.5772808790206909,13.114246368408203
2183047460.0,-0.0526648387312889,1.9316620826721191,10.910231590270996,1.5929110050201416,-1.3391380310058594,13.400972366333008
2183055793.0,-0.572473406791687,1.5438416004180908,10.346856117248535,-0.3697927296161651,-2.862672805786133,13.305379867553713
2183064126.0,-0.2911801636219024,1.32570219039917,9.420726776123049,-0.8592808246612549,-1.3446450233459473,13.564723014831545
2183072459.0,-0.7583528161048889,1.6129788160324097,8.448260307312012,1.1631810665130615,0.3376596868038177,13.150720596313477
2183080792.0,-0.0937037616968154,1.4789626598358154,9.599275588989258,2.6813621520996094,1.674159288406372,12.86545467376709
2183089125.0,-0.4583356380462646,0.9972015619277954,10.003947257995604,1.7222884893417358,2.2221245765686035,12.94823932647705
2183097458.0,-0.8298389911651611,1.3064932823181152,9.783596992492676,0.7613704204559326,2.573117017745972,12.79186725616455
2183105791.0,-1.0684465169906616,1.4889932870864868,9.682696342468262,0.8583971858024597,3.0211100578308105,13.4741792678833
2183114124.0,-1.2576651573181152,1.887497305870056,10.021724700927734,1.6896045207977295,1.8121687173843384,13.0233154296875
2183122457.0,-0.134745717048645,1.5217195749282837,10.385035514831545,1.721238374710083,-0.6167140007019043,12.881796836853027
2183130790.0,-0.3069203794002533,1.19097900390625,9.50844955444336,0.9110599756240844,-2.7316815853118896,12.92111587524414
2183139123.0,-0.2285134643316269,1.4114887714385986,9.356230735778809,0.523209273815155,-2.598564386367798,13.170368194580078
2183147456.0,-0.8501648902893066,1.4033081531524658,8.903337478637695,0.1329506933689117,-0.3555512428283691,13.452917098999023
2183155789.0,-0.7731149196624756,1.697054743766785,9.001799583435059,0.8706664443016052,2.125815391540528,12.866121292114258
2183164122.0,-0.681900680065155,1.5195345878601074,9.518637657165527,1.4928359985351562,3.602782726287842,12.836152076721191
2183172455.0,-0.2753880321979522,1.522680640220642,10.678439140319824,0.8810657262802124,2.493225812911988,12.903441429138184
2183180788.0,-0.2913194894790649,1.1541603803634644,10.440173149108888,-0.4147970080375671,0.0120515003800392,13.084176063537598
2183189121.0,-0.7602334022521973,1.5629112720489502,9.060742378234863,0.0142543232068419,-1.582242727279663,13.27310562133789
2183197454.0,0.1222728788852691,1.2234020233154297,9.448954582214355,1.038618803024292,-2.0385091304779053,13.259350776672363
2183205787.0,0.1360624432563781,1.155864953994751,9.193660736083984,0.5213394165039062,-2.4408063888549805,13.28693675994873
2183214120.0,0.6113417148590088,1.6892962455749512,8.735815048217773,0.7441319823265076,-1.833441376686096,13.018423080444336
2183222453.0,0.1603898853063583,2.0057199001312256,8.757558822631836,0.7182103991508484,-0.3219453394412994,12.70334243774414
2183230786.0,-0.3956929743289947,2.461758136749268,8.955775260925293,0.1613056510686874,2.3849802017211914,12.229196548461914
2183239119.0,-0.7406110167503357,0.5611063241958618,9.70793628692627,-1.6923587322235107,5.310178279876709,12.918274879455566
2183247452.0,-1.541917324066162,0.2211614251136779,9.30834674835205,-2.7099609375,6.591375827789307,13.31373119354248
2183255785.0,-1.2355170249938965,-0.4499932527542114,10.251731872558594,-0.7436581254005432,5.017329216003418,13.519845962524414
2183264118.0,-0.3623022437095642,-1.1288093328475952,10.644603729248049,1.4482418298721311,0.179773524403572,13.36767292022705
2183272451.0,0.885223388671875,-1.940051436424256,9.9703369140625,3.2356550693511963,-5.907925128936768,13.30668830871582
2183280784.0,1.0007007122039795,-2.1748692989349365,8.645511627197266,4.635625839233398,-9.432340621948242,13.33381175994873
2183289117.0,0.0925815105438232,-2.122208833694458,7.987504959106445,5.5050249099731445,-6.8753743171691895,13.356762886047363
2183297450.0,-0.6674895882606506,-1.572683334350586,7.217992782592773,6.699212551116943,0.1118701919913292,13.37128734588623
2183305783.0,-1.2641708850860596,0.1011230647563934,7.795847415924072,10.299165725708008,8.731600761413574,13.54464340209961
2183314116.0,-0.2839294970035553,0.938919186592102,11.51974105834961,12.899757385253906,10.68845272064209,13.309560775756836
2183322449.0,-0.949079155921936,1.7730954885482788,12.883994102478027,11.931946754455566,7.34986686706543,12.749887466430664
2183330782.0,-0.7361089587211609,2.1626291275024414,11.93402099609375,9.653891563415527,2.6614861488342285,13.211607933044434
2183339115.0,-1.3125975131988523,1.7272323369979858,10.680746078491213,8.19866943359375,-1.2700563669204712,13.73795223236084
2183347448.0,-1.5834221839904783,1.8758906126022337,10.687867164611816,6.611867904663086,-3.828406810760498,13.41977310180664
2183355781.0,-0.5096467733383179,2.063926696777344,10.786415100097656,5.901739120483398,-4.469608306884766,13.43703842163086
2183364114.0,-0.9936370253562928,2.6513166427612305,10.299050331115724,6.626467704772949,-3.372242927551269,13.202258110046388
2183372447.0,-0.3856855928897857,3.0619304180145264,10.918391227722168,6.918778419494629,-0.8274425268173218,13.09596061706543
2183380780.0,-0.6482208967208862,2.623171329498291,10.422639846801758,5.433459281921387,0.4400910437107086,13.1652193069458
2183389113.0,-0.456107497215271,2.320288181304932,10.227299690246582,3.4920785427093506,1.4589486122131348,13.121776580810549
2183397446.0,-0.6956393718719482,2.497528314590454,10.371986389160156,2.380420923233032,0.8954097628593445,13.155332565307615
2183405779.0,-1.0286096334457395,2.2201173305511475,10.977218627929688,2.7301833629608154,-0.7098474502563477,12.812204360961914
2183414112.0,-1.3332940340042114,2.5647943019866943,10.964051246643066,2.8482649326324463,-1.881186485290528,12.76848030090332
2183422445.0,-1.1365970373153689,2.072486400604248,11.04752254486084,3.0559966564178467,-2.62863564491272,12.925701141357422
2183430778.0,-1.0382177829742432,1.4863290786743164,10.62058448791504,2.338644027709961,-3.06610107421875,12.84286403656006
2183439111.0,-1.3725526332855225,1.6202834844589231,10.21316146850586,2.0418262481689453,-3.1323907375335693,12.361906051635742
2183447444.0,-0.3888154327869415,1.3460102081298828,10.593690872192385,2.5350794792175293,-3.0047550201416016,12.098488807678224
2183455777.0,0.2336895316839218,1.5929417610168457,10.893516540527344,3.485342502593994,-4.037725925445557,12.134808540344238
2183464110.0,0.5860450863838196,1.73682701587677,11.092178344726562,3.965456247329712,-5.509982585906982,12.185810089111328
2183472443.0,-0.5016810894012451,1.7234770059585571,9.869739532470703,4.1248273849487305,-4.647396087646484,11.90530490875244
2183480776.0,-0.4807877540588379,1.7163962125778198,9.548808097839355,4.080360889434815,-1.3225911855697632,11.759997367858888
2183489109.0,-0.2569582760334015,1.0294917821884155,9.859174728393556,4.36024808883667,0.781477689743042,12.019035339355469
2183497442.0,0.1787902563810348,1.041015386581421,10.879668235778809,4.516110897064209,0.1435550153255462,11.906203269958496
2183505775.0,-0.6135399341583252,1.8660979270935056,10.400633811950684,5.548953533172607,-1.7684837579727173,11.877283096313477
2183514108.0,-1.0644478797912598,2.586531639099121,10.23943328857422,6.530849456787109,-2.214965581893921,11.567095756530762
2183522441.0,-0.5379889607429504,2.1784002780914307,10.602376937866213,5.4303083419799805,-2.331510543823242,11.762635231018066
2183530774.0,0.0631081089377403,1.8128758668899536,10.160992622375488,3.599889278411865,-3.526747703552246,11.793397903442385
2183539107.0,0.8059132695198059,1.7191073894500732,10.251015663146973,2.754209280014038,-4.735355377197266,12.202507972717283
2183547440.0,0.3484830856323242,1.9176676273345947,9.894954681396484,2.711792469024658,-5.2240495681762695,12.420280456542969
2183555773.0,0.2095651626586914,2.4658241271972656,9.498101234436035,3.86635422706604,-3.6170129776000977,12.361726760864258
2183564106.0,-0.1509352922439575,2.517375469207764,9.242371559143066,4.056258201599121,-1.2056111097335815,12.325969696044922
2183572439.0,-0.5057212114334106,2.707444429397583,9.767114639282228,3.3930797576904297,1.306518316268921,12.056840896606444
2183580772.0,-1.062105655670166,2.326716423034668,10.564504623413086,1.3083112239837646,3.294951677322388,12.446612358093262
2183589105.0,-1.0036840438842771,2.812988042831421,10.57284450531006,0.2638906836509704,3.070237636566162,12.51771640777588
2183597438.0,-0.2583798766136169,2.688201427459717,11.061492919921877,1.2825689315795898,-0.9790018796920776,12.342079162597656
2183605771.0,-0.2076258212327957,2.421750068664551,11.467684745788574,1.1920483112335205,-5.5501708984375,12.24520778656006
2183614104.0,0.0747757777571678,2.108308792114258,10.020421981811523,-0.2341397106647491,-7.594749450683594,12.484980583190918
2183622437.0,-0.1819023489952087,2.077052593231201,8.786270141601562,-0.4674342572689056,-6.090631008148193,12.363699913024902
2183630770.0,0.4974223971366882,2.579767227172852,9.00935173034668,-0.325736254453659,-3.03723406791687,12.45895767211914
2183639103.0,0.1728968173265457,1.9410276412963867,9.503832817077637,-0.3575491309165954,-0.6706831455230713,12.247023582458496
2183647436.0,-0.3858679533004761,1.9914758205413816,9.10006046295166,-0.4799339771270752,1.770673751831055,12.162626266479492
2183655769.0,-0.6717908978462219,1.7255947589874268,9.929442405700684,-0.5870015621185303,3.689410924911499,12.543715476989746
2183664102.0,-0.9400855302810668,1.992941975593567,10.050873756408691,-0.6051875948905945,2.65492844581604,12.290057182312012
2183672435.0,-0.352230817079544,1.5268537998199463,9.978056907653809,0.1771608591079712,-0.7081824541091919,12.32945156097412
2183680768.0,-0.3255688846111297,1.5233466625213623,9.708709716796877,0.3981093168258667,-4.449244499206543,12.122310638427734
2183689101.0,-0.2038033902645111,1.7392197847366333,9.387421607971191,-0.0067109302617609,-6.336040019989014,12.051920890808104
2183697434.0,-0.455220490694046,2.2118306159973145,8.768672943115234,-0.0545071028172969,-5.1411614418029785,11.902487754821776
2183705767.0,0.246183693408966,1.9627509117126465,9.17049503326416,-0.1545050740242004,-3.176036834716797,12.035552978515623
2183714100.0,0.3792405426502228,1.4936479330062866,9.311842918395996,-0.4408978223800659,-1.4893652200698853,12.19254207611084
2183722433.0,0.2213312089443206,1.3734760284423828,9.75924015045166,-0.7759064435958862,-0.3983013927936554,12.220232009887695
2183730766.0,-0.6406040191650391,1.3844133615493774,9.37425422668457,-0.6084662079811096,0.922817051410675,11.964781761169434
2183739099.0,-0.3350039422512054,1.2727818489074707,9.413629531860352,0.7203619480133057,1.2340553998947144,12.18401336669922
2183747432.0,0.2854974567890167,0.9293347001075744,10.355253219604492,1.2648184299468994,-0.8611763715744019,12.40719223022461
2183755765.0,-0.0706216096878051,0.9970367550849916,9.984288215637209,0.3515170514583587,-3.782890558242798,12.282015800476074
2183764098.0,0.0161167345941066,1.4823806285858154,8.917037010192871,0.0678393170237541,-4.373861789703369,12.213932037353516
2183772431.0,-0.0809322074055671,1.1796188354492188,8.728608131408691,0.2912467122077942,-3.3840510845184326,12.094082832336426
2183780764.0,0.0978563725948333,1.02272629737854,8.96579647064209,0.315528929233551,-1.6724302768707275,12.208884239196776
2183789097.0,-0.4937507808208465,1.1187688112258911,8.953014373779297,0.570390522480011,0.2607145011425018,12.309598922729492
2183797430.0,-1.0310254096984863,2.1658411026000977,8.999651908874512,1.4370481967926023,1.905712008476257,12.100895881652832
2183805763.0,-0.0450779385864734,2.5939040184021,9.636990547180176,1.906941294670105,0.9433337450027466,12.148486137390137
2183814096.0,-0.1021257266402244,2.239215135574341,9.652637481689451,1.2798538208007812,-3.071787118911743,11.712993621826172
2183822429.0,-0.7587314248085022,0.4691527783870697,9.362093925476074,-1.0984665155410769,-5.404553413391113,11.89255142211914
2183830762.0,-0.6734460592269897,-1.351609468460083,7.863240718841553,-2.9796788692474365,-4.638892650604248,12.38416576385498
2183839095.0,-0.1761548072099685,-1.6813697814941406,7.473479747772217,-0.7841799259185791,-4.35521411895752,12.462953567504885
2183847428.0,-0.1222176179289817,-1.434142827987671,7.643679618835449,3.2611660957336426,-4.7440385818481445,12.409008026123049
2183855761.0,-0.9038300514221193,0.2488963156938552,9.59821605682373,6.026454448699951,-3.672006130218506,12.010631561279297
2183864094.0,-0.653892457485199,1.357871174812317,10.748649597167969,5.320807456970215,-2.548872947692871,11.636945724487305
2183872427.0,0.4087368845939636,2.9550509452819824,10.768710136413574,4.321288585662842,-2.593877077102661,11.658820152282717
2183880760.0,1.1266751289367676,1.7182446718215942,11.331104278564451,3.235859632492065,-4.99372673034668,11.661126136779783
2183889093.0,1.3657068014144895,1.0037024021148682,11.18303680419922,1.0849038362503052,-6.6882100105285645,11.768781661987305
2183897426.0,0.2936584949493408,1.5886982679367063,9.719531059265137,0.935752272605896,-5.79714298248291,11.867833137512209
2183905759.0,0.3524069488048553,1.958113193511963,9.369236946105955,2.8435513973236084,-2.5190577507019043,11.54078769683838
2183914092.0,0.4214566648006439,1.491448163986206,10.01736068725586,4.112531661987305,0.472928375005722,11.68450927734375
2183922425.0,0.6105173826217651,0.8153905868530273,11.527318000793455,2.087470769882202,1.3835915327072144,11.610998153686523
2183930758.0,0.6577342748641968,1.3815311193466189,10.70355224609375,0.2017249464988708,1.2350034713745115,11.896238327026367
2183939091.0,0.2668961584568023,1.5926052331924438,10.47200870513916,1.1129000186920166,-0.2123163789510727,11.558666229248049
2183947424.0,0.3502537906169891,1.6244072914123535,11.275914192199709,1.861194372177124,-0.9978538155555724,11.074942588806152
2183955757.0,0.9658007025718688,1.3613319396972656,11.052411079406738,1.5896836519241333,-2.070936679840088,11.019333839416504
2183964090.0,0.7693563103675842,1.4181458950042725,10.686897277832031,1.1155383586883545,-1.929417848587036,10.897435188293455
2183972423.0,0.5845533609390259,1.4569175243377686,9.68575954437256,0.6554043292999268,-0.1724094450473785,11.258597373962402
2183980756.0,0.6257199048995972,1.2662523984909058,10.003887176513672,1.3765732049942017,2.1148266792297363,10.962162971496582
2183989089.0,1.1036466360092163,1.0486161708831787,11.467022895812988,0.5905234813690186,3.1674437522888184,11.17307186126709
2183997422.0,0.3877657055854797,1.399813890457153,10.671884536743164,0.4646806716918945,2.6204516887664795,10.701486587524414
2184005755.0,0.6256497502326965,0.962458074092865,11.001729011535645,1.3825669288635254,3.187192440032959,10.260589599609377
2184014088.0,0.8249686360359192,0.8096457123756409,11.043511390686035,1.3027015924453735,3.062630414962769,10.564682006835938
2184022421.0,0.8109838962554932,1.1189552545547483,11.319059371948242,1.789653778076172,2.713226079940796,10.45799732208252
2184030754.0,0.4544423222541809,0.9863443374633788,11.037816047668455,1.2231439352035522,3.046416759490967,10.410714149475098
2184039087.0,0.6539287567138672,0.9764395356178284,10.049800872802734,1.8213132619857788,4.000572681427002,9.843719482421877
2184047420.0,1.017619490623474,0.141118973493576,10.59223461151123,2.125020742416382,4.536703586578369,9.74069595336914
2184055753.0,0.182167962193489,0.2336542010307312,10.591317176818848,1.5963175296783447,5.339325904846191,9.594951629638672
2184064086.0,0.2604465186595917,0.974823832511902,10.38513469696045,2.282933235168457,6.931353092193604,9.634860038757324
2184072419.0,0.0004303432069718,1.2793166637420654,10.354406356811523,3.3968451023101807,7.425556182861328,9.881525993347168
2184080752.0,-0.0564384125173091,1.4616892337799072,10.623324394226074,3.9333088397979736,6.805561065673828,9.206332206726074
2184089085.0,0.0887093991041183,1.1708323955535889,10.526895523071287,2.7234723567962646,5.545009136199951,8.965970993041992
2184097418.0,-0.16184101998806,1.0150426626205444,9.603890419006348,1.6173726320266724,4.596744060516357,8.600504875183105
2184105751.0,-0.6464222073554993,1.255203366279602,9.255834579467772,1.7765648365020752,5.166378498077393,8.57565975189209
2184114084.0,-1.0408499240875244,1.3868818283081057,9.471373558044434,2.165261030197144,6.224759101867676,8.354070663452148
2184122417.0,-0.7176597714424133,1.8660321235656736,9.977792739868164,2.4303431510925293,6.736711025238037,8.168316841125488
2184130750.0,-0.7157866954803467,1.4421013593673706,10.814772605895996,1.571394920349121,5.653203010559082,7.976081371307373
2184139083.0,-0.8606817722320557,2.167283773422241,10.920035362243652,0.240018218755722,4.697074890136719,7.7453227043151855
2184147416.0,-0.4417607486248016,1.760770559310913,10.766471862792969,0.2083078026771545,3.305837631225586,7.383957862854004
2184155749.0,0.0285189822316169,1.4981509447097778,10.474068641662598,0.2567955255508423,1.482539176940918,6.959196090698242
2184164082.0,-0.5367674231529236,1.0118780136108398,9.899656295776367,0.0344895683228969,1.572009563446045,6.810786247253418
2184172415.0,-0.6462662220001221,1.1128908395767212,8.728717803955078,-0.4411027729511261,3.681060552597046,6.62756872177124
2184180748.0,-0.1473909765481948,1.0702407360076904,8.921517372131348,0.2189632952213287,5.390349388122559,6.676568031311035
2184189081.0,-0.4015706777572632,0.5798543691635132,9.301268577575684,0.5571224093437195,5.209640979766846,6.575852870941162
2184197414.0,-0.7755203247070312,0.0967019721865654,9.434700965881348,0.1446307897567749,4.115375518798828,6.014056205749512
2184205747.0,-1.2794278860092163,0.2646006345748901,8.934686660766602,0.2422978430986404,4.036073207855225,5.839904308319092
2184214080.0,-0.8918315768241882,0.755431056022644,9.405391693115234,1.5650169849395752,3.681009292602539,5.952659130096436
2184222413.0,-0.872112512588501,0.4722358584403991,10.259514808654783,1.8686994314193728,1.7517448663711548,5.505485534667969
2184230746.0,-0.8022799491882324,0.4462112188339233,9.947151184082031,1.3063387870788574,0.2654018998146057,5.168529510498047
2184239079.0,-0.2656989097595215,0.4931843876838684,9.10189437866211,1.332388401031494,-0.5996804237365723,5.228185653686523
2184247412.0,-0.3638084530830383,1.3328616619110107,9.434287071228027,2.1462295055389404,-0.4867985844612121,5.087845325469971
2184255745.0,-0.1955582797527313,1.4494786262512207,10.078194618225098,1.8026148080825808,0.4859148263931274,5.075448036193848
2184264078.0,-0.7978441119194031,1.580114483833313,8.985926628112793,1.0612105131149292,1.7244398593902588,4.680476188659668
2184272411.0,-0.1016827449202537,0.8803449869155884,9.778885841369627,0.5070977807044983,2.5418925285339355,4.626839637756348
2184280744.0,-0.1225373595952987,0.387899786233902,9.870246887207031,-0.4696370363235473,1.9882153272628784,4.913105010986328
2184289077.0,-0.480806827545166,-0.0222836676985025,9.815152168273926,-0.3968157470226288,0.8351905345916748,4.789465427398682
2184297410.0,-0.933712899684906,0.0258716028183698,8.903533935546875,0.6533551216125488,0.7122678756713867,4.848761558532715
2184305743.0,-0.7190946340560913,-0.0225043334066867,9.15178394317627,1.8701591491699217,0.7097064256668091,4.730859279632568
2184314076.0,0.443676084280014,-0.1076279580593109,9.929998397827148,1.8365535736083984,-0.8762373328208923,4.87363338470459
2184322409.0,0.1529477685689926,0.1476085186004638,9.517206192016602,1.3015745878219604,-2.559271812438965,4.843997955322266
2184330742.0,0.1587724238634109,0.2992819547653198,9.030644416809082,1.1749889850616455,-2.4006943702697754,4.849504470825195
2184339075.0,-0.506631076335907,0.7059862017631531,8.551036834716797,2.1306047439575195,-0.0878568217158317,4.5860371589660645
2184347408.0,-0.031074421480298,0.2167562693357467,9.569583892822266,2.3135673999786377,2.1582682132720947,4.911158561706543
2184355741.0,-0.2435899376869201,0.0353005230426788,10.069657325744627,1.871670842170716,3.289367437362671,5.281361103057861
2184364074.0,-0.0880982428789138,0.3441915512084961,10.250311851501465,2.069643020629883,2.2734553813934326,5.106722354888916
2184372407.0,-0.362878143787384,0.6969906091690063,10.049354553222656,3.148975610733032,0.3782838582992553,4.897839069366455
2184380740.0,-0.5510926842689514,0.984100580215454,9.824241638183594,3.45524525642395,-1.1950321197509766,4.605631351470947
2184389073.0,-0.4806274175643921,0.5998650193214417,9.913108825683594,2.7505462169647217,-0.828159511089325,4.887029647827148
2184397406.0,-0.421116441488266,0.98065447807312,9.46049690246582,1.666526198387146,-0.2764288187026977,4.600099086761475
2184405739.0,0.0841697603464126,1.422088623046875,9.699820518493652,2.096768617630005,0.1702194064855575,4.700506687164307
2184414072.0,0.413556843996048,1.1797009706497192,10.174484252929688,2.468379497528076,-0.5014243125915527,4.74848222732544
2184422405.0,0.282412976026535,0.6586892008781433,10.080085754394531,1.9431344270706177,-1.237936019897461,4.5080156326293945
2184430738.0,-0.3937767744064331,0.4303649365901947,9.06417751312256,1.1923298835754397,0.0961942598223686,4.519772529602051
2184439071.0,-0.6638612151145935,0.5682954788208008,8.97851848602295,1.5095109939575195,2.241719484329224,4.639442920684815
2184447404.0,-0.2303912341594696,0.5428071618080139,9.825665473937988,2.164262056350708,2.693016767501831,4.472412109375
2184455737.0,0.2031100690364837,0.2714991867542267,10.615877151489258,2.4137954711914062,0.8870592713356018,4.474512100219727
2184464070.0,-0.1731740534305572,0.139684796333313,10.346619606018066,2.307214975357056,-1.470000982284546,4.211812496185303
2184472403.0,-0.413979023694992,1.1362247467041016,9.552085876464844,2.708871841430664,-1.5581907033920288,4.13320255279541
2184480736.0,0.1932591795921325,1.1334480047225952,9.665655136108398,3.233861207962036,-0.8309258222579956,4.345724105834961
2184489069.0,-0.2135943919420242,1.3116917610168457,9.931877136230469,2.725393295288086,-0.3745057284832001,3.799039602279663
2184497402.0,-0.1457210332155227,1.7895835638046265,10.173921585083008,1.6010817289352417,1.2507301568984983,3.617331743240357
2184505735.0,0.0979545786976814,1.0529366731643677,10.198750495910645,0.8455899357795715,2.1133923530578613,3.990045070648194
2184514068.0,-0.004611977841705,1.63755202293396,10.247313499450684,1.2991925477981567,1.7726716995239258,3.8138701915740967
2184522401.0,-0.5160084962844849,1.1929428577423096,10.773075103759766,1.1232995986938477,1.2591317892074585,3.890379667282105
2184530734.0,-0.2710113823413849,1.49332857131958,9.776453971862791,0.8192583918571472,0.6035353541374207,3.452632188796997
2184539067.0,0.0515203960239887,1.217723727226257,9.831902503967283,1.1487599611282349,-0.3101371526718139,3.669482469558716
2184547400.0,-0.667018711566925,0.4205217957496643,9.999224662780762,0.0135115087032318,-0.4060368537902832,3.640871286392212
2184555733.0,-0.4251252114772796,0.0118633992969989,9.266995429992676,-0.5656391978263855,0.4571245014667511,3.5090606212615967
2184564066.0,-0.1430366039276123,-0.3861291706562042,9.354533195495604,0.69118732213974,1.1350820064544678,3.680983304977417
2184572399.0,0.2555496394634247,0.0738133713603019,9.551466941833496,2.070462703704834,0.4281035661697387,3.710414409637451
2184580732.0,0.4505859017372131,0.3684593141078949,10.142553329467772,3.0232863426208496,-1.1542543172836304,3.5864410400390625
2184589065.0,0.6998454928398132,0.489654392004013,9.562942504882812,2.787302732467652,-2.00354528427124,3.5266830921173096
2184597398.0,-0.0790673047304153,0.6304925680160522,8.887435913085938,2.936403274536133,-0.6696329116821289,3.530192375183105
2184605731.0,-0.9449545741081238,0.6960145235061646,8.964478492736816,2.6783907413482666,2.8170151710510254,3.328889846801758
2184614064.0,0.0049462825991213,0.8927041888237,9.5316162109375,2.892295360565185,5.344474315643311,3.71105432510376
2184622397.0,0.2384405881166458,0.9485215544700624,11.12657356262207,3.4098570346832275,3.144237279891968,3.857875347137451
2184630730.0,0.0277703870087862,0.9545822739601136,11.342374801635742,2.77418851852417,-0.4605183601379394,3.672863721847534
2184639063.0,-0.2503865659236908,0.667685329914093,9.662182807922363,2.352270603179932,-2.030517339706421,3.2796339988708496
2184647396.0,0.1369814276695251,0.0112195406109094,9.455399513244627,2.45500922203064,-1.3703614473342896,3.600836515426636
2184655729.0,0.1161302998661995,0.5022308826446533,8.996978759765625,2.2867233753204346,0.1602298468351364,3.653806686401367
2184664062.0,-0.31661057472229,0.8482881784439087,8.872238159179688,3.278071165084839,1.9155477285385127,3.672069311141968
2184672395.0,-0.1974499672651291,0.8543440103530884,9.99228572845459,3.847757577896118,3.5172314643859863,3.556933641433716
2184680728.0,-0.287080317735672,0.3611612617969513,10.804418563842772,2.8409130573272705,3.4969961643218994,3.731161594390869
2184689061.0,0.0685408189892768,-0.047009527683258,10.580511093139648,1.926741361618042,1.8318405151367188,3.704164505004883
2184697394.0,0.1587553769350052,0.6129278540611267,10.066919326782228,2.839043617248535,-0.6574662327766418,3.5431017875671387
2184705727.0,0.2342817783355713,0.3422619104385376,10.271933555603027,3.8023433685302734,-1.6915640830993652,3.609083890914917
2184714060.0,-0.2012161463499069,0.3888651132583618,9.367701530456545,3.866661071777344,-0.5497839450836182,3.708595037460327
2184722393.0,-0.1567176133394241,0.5089859962463379,9.820448875427246,3.451249361038208,1.842547059059143,3.8188908100128174
2184730726.0,-0.4006475508213043,0.2839924693107605,8.88668441772461,2.999260902404785,3.7228634357452393,3.82590913772583
2184739059.0,0.3018141686916351,1.0730535984039309,9.310052871704102,4.322901248931885,3.6062920093536377,3.617229461669922
2184747392.0,-0.0510363243520259,0.4609368443489074,10.666972160339355,4.033717155456543,1.891598463058472,3.994424343109131
2184755725.0,-0.3905481994152069,0.2324637919664383,10.559988021850586,2.51599669456482,0.4657308757305145,3.6799590587615967
2184764058.0,-0.3637060821056366,1.143996000289917,10.008005142211914,2.552522659301758,0.4029503464698791,3.784260034561157
2184772391.0,-0.3737230598926544,1.7878249883651731,9.920708656311035,3.735874891281128,0.8067588210105896,3.7426371574401855
2184780724.0,-0.1205623000860214,1.8585745096206665,10.48998737335205,4.1294121742248535,1.3272656202316284,3.526606559753418
2184789057.0,-0.294155865907669,1.0326571464538574,11.265387535095217,2.065160751342773,1.74131977558136,3.6213536262512207
2184797390.0,0.0473656170070171,1.33774733543396,10.071956634521484,0.4315614700317383,1.9472839832305908,3.72204327583313
2184805723.0,0.3045309782028198,1.1377557516098022,9.546954154968262,1.6935235261917114,0.9827028512954712,3.6266298294067374
2184814056.0,-0.0534157790243625,0.4350326359272003,9.43767261505127,2.631516933441162,0.1463981568813324,3.506397008895874
2184822389.0,-0.2830740809440613,-0.1851748377084732,9.320232391357422,2.154733657836914,1.0792685747146606,3.4716126918792725
2184830722.0,-0.18647201359272,-0.0011958150425925,9.39134407043457,2.229219675064087,2.7240355014801025,3.756622076034546
2184839055.0,-0.3397634923458099,0.4526638090610504,9.903350830078123,3.1074039936065674,2.95487117767334,3.8852059841156006
2184847388.0,-0.3717349767684936,0.5739812254905701,10.153396606445312,3.979825019836426,2.466689109802246,3.5290398597717285
2184855721.0,0.1291664987802505,0.0707959979772567,10.128089904785156,3.80800461769104,1.2155619859695437,3.6165637969970703
2184864054.0,-0.6200429797172546,0.5589149594306946,9.925776481628418,3.499096870422364,0.4912425875663757,3.446049451828003
2184872387.0,-0.8208721280097961,0.6994360685348511,9.428179740905762,3.6288325786590576,0.8981503844261169,3.507779598236084
2184880720.0,-0.4257665872573852,0.7425031661987305,9.453014373779297,4.474127292633057,1.4197841882705688,3.449763059616089
2184889053.0,-0.2866905331611633,1.3088988065719604,10.5566987991333,4.640185356140137,1.3404313325881958,3.565104722976685
2184897386.0,-0.2372612953186035,1.1759686470031738,10.555925369262695,3.708876848220825,0.6050466299057007,3.686413288116455
2184905719.0,0.2292455285787582,1.3094897270202637,10.281869888305664,3.5752737522125244,-0.4827003180980682,3.3364720344543457
2184914052.0,-0.1336773484945297,1.1714926958084106,10.330033302307127,2.9788973331451416,-0.3436918258666992,3.650835514068604
2184922385.0,-0.3795495629310608,0.827346920967102,10.244185447692873,2.521657705307007,1.333080172538757,3.690537691116333
2184930718.0,0.2367057353258133,1.0343807935714722,10.23823356628418,2.832742691040039,2.00465989112854,3.611184597015381
2184939051.0,0.3069215714931488,1.209143042564392,10.207037925720217,3.690870761871338,1.327829122543335,3.629703760147095
2184947384.0,-0.142874538898468,1.3410913944244385,9.75205898284912,3.917326211929321,1.2839521169662476,3.538722038269043
2184955717.0,-0.3214430212974548,1.4026391506195068,9.607206344604492,3.061093330383301,1.6005953550338743,3.5500943660736084
2184964050.0,-0.8779789805412292,1.391809344291687,8.94649600982666,2.440819025039673,2.5142550468444824,3.372715950012207
2184972383.0,-1.2115428447723389,1.479124665260315,9.84291934967041,2.2298858165740967,3.786693572998047,3.536929130554199
2184980716.0,-0.0106466729193925,0.7467953562736511,10.956971168518066,1.4754695892333984,2.4189445972442627,3.744558095932007
2184989049.0,-0.402769535779953,0.8719398975372314,10.428841590881348,1.7170885801315308,-0.4257086217403412,3.87841796875
2184997382.0,-0.2108760923147201,1.3986958265304563,10.735177040100098,2.257574796676636,-1.9223226308822632,3.639283657073975
2185005715.0,0.2264043539762497,0.9239277839660645,9.91306972503662,1.7291275262832642,-2.1810011863708496,3.3723061084747314
2185014048.0,0.0428320541977882,0.5982455611228943,8.970892906188965,1.904533624649048,-0.87762051820755,3.439568996429444
2185022381.0,0.1505286693572998,0.3337088525295257,9.63829517364502,1.7407307624816897,1.6882725954055786,3.782390117645264
2185030714.0,-0.9742758274078368,1.0123268365859983,9.292381286621094,1.952688336372376,3.7294962406158447,3.553706169128418
2185039047.0,0.1255859434604644,1.703258991241455,10.34438133239746,3.316671848297119,4.65427303314209,3.3950257301330566
2185047380.0,-0.2127807885408401,1.2349661588668823,10.90320873260498,3.2629334926605225,2.7046713829040527,3.6228392124176025
2185055713.0,-0.5588545203208923,1.2371845245361328,10.93285083770752,1.5947294235229492,0.1514697819948196,3.1755120754241943
2185064046.0,-0.8066775798797607,0.672025203704834,9.738487243652344,0.6144726872444153,0.1396616250276565,3.3617022037506104
2185072379.0,-0.2778650522232055,0.654803991317749,9.60527229309082,1.2905603647232056,0.4602237045764923,3.6084179878234863
2185080712.0,-0.4761932492256164,1.4668554067611694,10.277820587158203,2.527369260787964,0.2134050279855728,3.5028622150421143
2185089045.0,-0.0373757220804691,1.4083467721939087,10.648832321166992,2.2385175228118896,0.0655596330761909,3.250894546508789
2185097378.0,0.1572691053152084,0.869873046875,8.87968921661377,1.6643747091293335,-0.0533288419246673,3.1610145568847656
2185105711.0,0.0713594779372215,-0.0098096970468759,8.86756706237793,1.623058557510376,0.1618435233831405,3.545585870742798
2185114044.0,-1.0552092790603638,-0.0113648269325494,9.102782249450684,0.6218752264976501,2.164594888687134,4.009588718414307
2185122377.0,-1.398664116859436,1.250809669494629,8.699159622192383,1.3459640741348269,3.3252274990081787,3.385215997695923
2185130710.0,-0.6262166500091553,1.8176623582839968,9.84523105621338,3.709210157394409,2.966960906982422,3.1608095169067383
2185139043.0,-0.495185911655426,1.4285045862197876,11.285757064819336,3.063936710357666,0.1127154529094696,3.2654950618743896
2185147376.0,-0.5597637891769409,0.6977814435958862,11.441701889038086,-0.1740231215953827,-2.5880115032196045,3.3729467391967773
2185155709.0,-0.4936843812465668,1.1956074237823486,9.022431373596191,-1.4547346830368042,-3.628076553344727,3.47092080116272
2185164042.0,-0.0661443471908569,1.4092326164245603,8.827411651611328,1.3284695148468018,-3.218505620956421,3.2941315174102783
2185172375.0,0.4134929776191711,0.8179190158843994,10.18116283416748,1.932863116264344,-3.098067283630371,3.1379103660583496
2185180708.0,-0.1099909394979476,-0.005950525868684,9.703434944152832,0.1869198977947235,-1.3428007364273071,3.3564767837524414
2185189041.0,0.1152625307440757,-0.1953000724315643,8.572208404541016,-0.0835792422294616,1.428006291389465,3.636593818664551
2185197374.0,0.0317092798650264,0.5495340824127197,9.36845874786377,1.714757800102234,1.9976670742034912,3.6664087772369385
2185205707.0,-0.7852567434310913,0.5570423603057861,9.929705619812012,2.663534641265869,1.6108665466308594,3.4321155548095703
2185214040.0,-0.243333414196968,0.3387422263622284,9.835009574890137,2.730387687683105,1.0589566230773926,3.511801481246948
2185222373.0,-0.5999869108200073,-0.0983829200267791,10.018837928771973,2.3615684509277344,-0.5536261200904846,3.610877275466919
2185230706.0,-0.890498161315918,0.3606659770011902,10.076802253723145,1.4919909238815308,-1.4118311405181885,3.7347991466522217
2185239039.0,-0.0452170483767986,0.7233366370201111,9.909466743469238,2.0100643634796143,-2.062483549118042,3.639155149459839
2185247372.0,0.4100901782512665,1.0247490406036377,9.613771438598633,3.298306941986084,-3.4790797233581543,3.6924331188201904
2185255705.0,0.8642427325248718,0.5400727391242981,9.824162483215332,3.059248924255371,-4.1152849197387695,3.870938539505005
2185264038.0,0.2664735615253448,-0.1837513744831085,9.369428634643556,1.6708805561065674,-2.913516998291016,3.867941379547119
2185272371.0,0.054470058530569,-0.0255358535796403,8.887118339538574,1.07035493850708,0.4846597611904144,4.094550609588623
2185280704.0,0.1331439614295959,0.7011525630950928,8.519307136535645,3.078869342803955,3.1601688861846924,4.359683990478516
2185289037.0,-0.6541080474853516,1.490832805633545,10.080350875854492,5.389580726623535,3.3524293899536133,3.8600010871887207
2185297370.0,-0.8854746222496033,1.1556962728500366,11.574978828430176,3.920732736587525,2.9096364974975586,3.618484735488892
2185305703.0,-0.5361507534980774,0.665520966053009,10.88101863861084,1.4853310585021973,1.6526432037353516,3.9236268997192383
2185314036.0,-0.0593956522643566,0.8212288618087769,10.45704460144043,1.1207892894744873,-1.581397294998169,3.850319385528565
2185322369.0,-0.1614907830953598,1.6167317628860474,10.139634132385254,2.484670400619507,-4.1707916259765625,3.517641544342041
2185330702.0,0.5140038132667542,0.642685055732727,9.873796463012695,2.643043041229248,-5.015420913696289,3.5831878185272217
2185339035.0,0.6441410183906555,0.3055682480335235,9.17359447479248,1.985448956489563,-3.913317680358887,3.802523136138916
2185347368.0,0.1919367462396621,0.4290565550327301,8.679810523986816,1.5406835079193115,-1.0501580238342283,3.862460613250733
2185355701.0,-0.4545552730560303,0.751837432384491,8.482421875,1.9832205772399905,2.9399375915527344,3.709824562072754
2185364034.0,-0.7822180986404419,0.6057809591293335,9.481545448303224,2.98227858543396,5.727689266204834,3.482396364212036
2185372367.0,0.0778777822852134,0.0895312502980232,10.79512882232666,3.034198045730591,4.677223205566406,3.725935697555542
2185380700.0,0.0176068022847175,-0.0957565307617187,11.622518539428713,2.704953193664551,0.3166047632694244,3.657290458679199
2185389033.0,-0.5860745310783386,0.0397850237786769,10.660722732543944,2.3214821815490723,-3.1178669929504395,3.447739839553833
2185397366.0,0.0889598801732063,0.1044176071882247,9.489018440246582,3.2264842987060547,-3.393860340118408,3.754394054412842
2185405699.0,1.5145347118377686,-0.1574172079563141,9.787556648254396,4.434528350830078,-4.406443119049072,3.7309823036193848
2185414032.0,1.0341194868087769,-0.0013097156770527,10.021536827087402,4.46605920791626,-4.441379547119141,3.778496026992798
2185422365.0,-0.5699594616889954,0.1011335924267768,8.896851539611816,3.936613321304321,0.441115528345108,3.473200559616089
2185430698.0,-0.2340345084667205,0.7376586198806763,8.220880508422852,5.242939472198486,6.610996723175049,3.674298286437988
2185439031.0,0.4152650833129883,0.962270438671112,10.219916343688965,6.864320755004883,7.952284336090088,4.007257461547852
2185447364.0,-0.1945778876543045,0.979783296585083,11.77336883544922,5.851968765258789,4.610497951507568,3.44131088256836
2185455697.0,-1.1553964614868164,1.0472301244735718,10.703741073608398,3.833029747009277,1.8752310276031487,3.4927189350128174
2185464030.0,-0.1852305680513382,1.3919605016708374,9.611383438110352,3.901623964309693,0.0514974147081375,3.6262457370758057
2185472363.0,0.10905022919178,1.0857951641082764,10.359288215637209,4.059023380279541,-2.4240286350250244,3.594074249267578
2185480696.0,-0.1712779551744461,1.889716386795044,10.065825462341309,3.14152193069458,-3.799205780029297,3.170696258544922
2185489029.0,-0.4019796252250671,1.480674147605896,9.73575496673584,2.7342045307159424,-1.028667688369751,3.402735948562622
2185497362.0,-0.0971182435750961,1.7124820947647097,9.48636245727539,2.365103006362915,2.0844736099243164,3.465362787246704
2185505695.0,-0.0346371494233608,1.604900598526001,10.552294731140137,2.920112133026123,3.895118236541748,3.247129201889038
2185514028.0,0.0951202064752578,0.738462507724762,11.075162887573242,1.7389119863510132,3.2747669219970703,3.4490461349487305
2185522361.0,-0.3199625015258789,0.2679164707660675,9.805500984191896,1.3150476217269895,1.6466494798660278,3.42053771018982
2185530694.0,-0.5660406351089478,0.1721725761890411,9.431796073913574,2.3139259815216064,0.8832172155380249,3.3427984714508057
2185539027.0,-0.9268101453781128,0.2769175171852112,9.963540077209473,3.0306637287139893,0.6880112290382385,3.166009426116944
2185547360.0,0.272198736667633,-0.1618271917104721,10.144275665283203,3.1226699352264404,-0.3729432821273803,2.935199499130249
2185555693.0,0.2327335327863693,0.2642661929130554,9.302825927734377,4.113275051116943,-1.5122900009155271,3.404221773147583
2185564026.0,-0.3472262024879455,1.101070523262024,10.292335510253906,4.352025032043457,-1.1097623109817505,3.277815103530884
2185572359.0,-0.8374646306037903,1.8506555557250977,9.828777313232422,3.824218273162842,1.437535047531128,3.0533833503723145
2185580692.0,0.5253861546516418,1.2481523752212524,10.652775764465332,3.593613624572754,2.9385035037994385,3.40596342086792
2185589025.0,0.2612367570400238,0.9322054982185364,10.975253105163574,2.662177324295044,1.5609700679779053,3.64904260635376
2185597358.0,-0.4642899930477142,1.1924140453338623,10.507023811340332,1.9829388856887813,0.4691631495952606,3.1708500385284424
2185605691.0,-0.3471893072128296,1.634683609008789,9.667576789855955,2.9266695976257324,0.9732514023780824,3.22763729095459
2185614024.0,-0.0524090826511383,1.2428419589996338,10.356563568115234,3.376763343811035,0.9391075968742372,3.2856533527374268
2185622357.0,0.0506570264697074,1.20414936542511,10.454141616821287,2.056682109832764,0.5720811486244202,3.561415910720825
2185630690.0,-0.077008880674839,0.9545741081237792,10.180597305297852,0.899558961391449,0.1272643208503723,3.59089732170105
2185639023.0,-0.8444510102272034,1.675083875656128,8.904635429382324,1.4028788805007937,1.07263445854187,3.1644208431243896
2185647356.0,-0.3851345181465149,1.3503798246383667,9.988107681274414,2.271636962890625,2.96060848236084,3.481858491897583
2185655689.0,-0.4537239670753479,1.3154605627059937,10.888579368591309,1.6005183458328247,2.466945171356201,3.319720268249512
2185664022.0,-0.0101816849783062,1.223149299621582,11.02712631225586,0.6162145137786865,0.4847110509872436,3.27927565574646
2185672355.0,-0.5424624681472778,1.6140320301055908,9.849285125732422,0.7308894395828247,-0.4286285936832428,3.5616719722747803
2185680688.0,-0.5314375162124634,1.883974313735962,9.82302951812744,1.2954269647598269,-0.6225540041923523,3.18711519241333
2185689021.0,0.368097722530365,0.9843806028366088,9.86711597442627,0.7688496708869934,-0.9994674921035768,2.9840199947357178
2185697354.0,0.0051457462832331,0.4989767968654632,9.577765464782717,-0.1931313425302505,-1.0392718315124512,2.9491076469421387
2185705687.0,-0.2274328917264938,0.6724215149879456,8.922995567321777,-0.366539716720581,0.2893768548965454,2.989936828613281
2185714020.0,-0.4488146603107452,0.5068897008895874,8.93461799621582,0.9681796431541444,2.1559629440307617,3.0528197288513184
2185722353.0,0.0799903199076652,0.2007580697536468,9.95916748046875,1.9717450141906736,2.119206190109253,2.9982354640960693
2185730686.0,-0.2012780010700225,0.1120485439896583,10.417381286621094,1.5833567380905151,1.2699922323226929,3.021135330200196
2185739019.0,-0.3962314128875732,0.7313930988311768,10.228394508361816,1.5222409963607788,0.3617370128631592,2.8281569480896
2185747352.0,-0.2310560941696167,0.525249719619751,9.643259048461914,2.045949935913086,-0.3573442101478576,2.3581361770629883
2185755685.0,0.75348299741745,0.2066652178764343,9.828946113586426,2.508824348449707,-0.7790824770927429,2.8484692573547363
2185764018.0,0.4702337682247162,-0.369632214307785,9.937766075134276,1.8277676105499268,-1.4818347692489624,3.210500955581665
2185772351.0,-0.5983133912086487,0.4421421885490417,8.564950942993164,1.7267197370529177,0.0561592169106006,2.93468713760376
2185780684.0,0.0541806034743785,0.8735482096672058,8.176863670349121,3.2726922035217285,2.463641166687012,3.007841110229492
2185789017.0,0.2839972078800201,0.1617897748947143,9.931817054748535,3.675296545028688,2.524705648422241,3.1939287185668945
2185797350.0,-0.6075858473777771,0.2482448816299438,10.624879837036133,1.7541013956069946,2.3067541122436523,3.285269021987915
2185805683.0,-0.8522297739982605,1.3949439525604248,10.044703483581545,1.0317798852920532,2.7801051139831543,3.252073049545288
2185814016.0,0.249009907245636,1.844352006912232,10.58852767944336,2.5672764778137207,1.3980634212493896,3.1605021953582764
2185822349.0,-0.0857983976602554,1.395099639892578,10.937493324279783,2.517584800720215,-1.2817362546920776,2.595170021057129
2185830682.0,-0.0494984686374664,0.7086305618286133,10.4614896774292,0.3524646759033203,-1.5475866794586182,2.6154823303222656
2185839015.0,0.12277302891016,0.2735664546489715,8.740700721740723,-0.5317003130912781,-0.0860126093029975,3.018548011779785
2185847348.0,0.2336351871490478,0.5819793939590454,8.669129371643066,0.9111111760139464,1.0007610321044922,2.908919095993042
2185855681.0,-0.4633285701274872,0.9860607981681824,9.085122108459473,2.1465368270874023,1.736324906349182,2.446889162063598
2185864014.0,-0.1626081019639969,-0.0830964595079422,9.600558280944824,1.7104800939559937,2.5343363285064697,2.0962817668914795
2185872347.0,0.0051979469135403,-0.7648913264274597,9.113974571228027,0.7322213053703308,3.066036462783813,2.541995048522949
2185880680.0,-0.8507329821586609,-0.1682374775409698,9.679150581359863,1.3267019987106323,2.8447039127349854,2.727262496948242
2185889013.0,-1.3076523542404177,0.0363724306225776,9.884469032287598,2.409902572631836,2.74442458152771,2.248379230499268
2185897346.0,-0.3557197153568268,0.1882727593183517,9.416179656982422,4.110047817230225,1.1168190240859983,1.893109679222107
2185905679.0,0.0510681234300136,-0.5306359529495239,10.580257415771484,4.735751628875732,-1.5738154649734497,1.729409098625183
2185914012.0,0.307424247264862,-0.5599348545074463,10.069704055786133,2.835278034210205,-3.134490728378296,2.197458267211914
2185922345.0,-0.2602183818817138,0.1531842350959777,8.386364936828613,3.1658811569213867,-2.9562668800354004,2.147177219390869
2185930678.0,-0.6526804566383362,0.9453231692314148,8.76082992553711,4.834315776824951,0.2877631187438965,2.0849602222442627
2185939011.0,0.1544279158115387,0.6856676936149597,10.11968994140625,4.467775344848633,2.9587385654449463,2.2679738998413086
2185947344.0,0.260164350271225,0.4889399409294128,10.764784812927246,3.1183667182922363,2.637946128845215,2.123893976211548
2185955677.0,-0.4517457783222198,0.603706955909729,10.417534828186035,2.426935911178589,2.0457704067230225,2.3531925678253174
2185964010.0,-0.4410122036933899,0.5009127855300903,10.025405883789062,3.1541497707366943,1.41227924823761,2.3563172817230225
2185972343.0,0.1666212081909179,0.1749593913555145,10.388178825378418,4.235685348510742,-0.1828600317239761,2.375861167907715
2185980676.0,-0.1209065690636634,0.3905036747455597,10.388041496276855,3.891148090362549,-1.673736572265625,2.5076465606689453
2185989009.0,-0.5081453919410706,0.2450396418571472,9.782093048095703,3.424738883972168,-1.2559173107147217,2.217181205749512
2185997342.0,-0.1054654270410537,0.7969154715538025,9.261802673339844,3.4787843227386475,0.5846064686775208,2.25339937210083
2186005675.0,-0.0248802974820137,1.1153597831726074,10.174720764160156,4.104001998901367,1.776513695716858,2.5578246116638184
2186014008.0,-0.3673857152462005,1.4832942485809326,10.70008945465088,3.4309887886047363,1.9693888425827024,2.285622358322144
2186022341.0,-0.6566070914268494,1.227407693862915,10.190153121948242,3.0261805057525635,1.9643425941467283,1.9222583770751955
2186030674.0,-0.5317602753639221,0.518619954586029,10.207502365112305,2.6138432025909424,2.163416624069214,2.27248215675354
2186039007.0,-0.3439553380012512,0.5430320501327515,10.530498504638672,2.1072704792022705,1.2888187170028689,2.40014386177063
2186047340.0,-0.1822803318500518,0.5117294192314148,10.104907989501951,2.7062339782714844,-1.3693372011184692,2.020284652709961
2186055673.0,0.0275951977819204,0.4074864089488983,9.75086498260498,3.660773992538452,-2.5793023109436035,2.037907123565674
2186064006.0,0.1591040790081024,0.1450586020946502,9.51804542541504,3.657571792602539,-2.594799041748047,1.9472581148147583
2186072339.0,-0.0152949718758463,0.656099259853363,9.495917320251465,3.48270320892334,-0.7108718752861023,1.8092998266220093
2186080672.0,-0.342915266752243,0.91050922870636,9.881769180297852,3.0613491535186768,1.8662147521972656,1.988420248031616
2186089005.0,-0.5161241292953491,1.777590036392212,9.931388854980469,3.4938712120056152,3.625502824783325,1.528234839439392
2186097338.0,0.3004899621009826,1.1902025938034058,10.88532543182373,3.6109797954559326,3.106763362884521,1.4622015953063965
2186105671.0,0.1172647550702095,0.8751612305641174,10.892813682556152,2.8720860481262207,0.4439842998981476,1.497677206993103
2186114004.0,0.3471787273883819,0.4189882576465606,10.497302055358888,1.856251001358032,-1.3150606155395508,1.838705062866211
2186122337.0,-0.0609477087855339,0.6510962247848511,9.308588027954102,2.002661943435669,-1.4340641498565674,1.9576576948165887
2186130670.0,0.0900786742568016,1.204952836036682,9.304742813110352,3.370333433151245,-0.6118984222412109,1.5178608894348145
2186139003.0,0.3227843940258026,1.1696217060089111,10.02193832397461,3.3188490867614746,1.1267828941345217,1.51422381401062
2186147336.0,-0.0646532773971557,0.9675427079200744,10.292021751403809,2.226632595062256,2.386183500289917,1.7003880739212036
2186155669.0,-0.3761344850063324,0.8760879039764404,10.096223831176758,1.3070048093795776,3.91532826423645,1.7021300792694092
2186164002.0,-0.5907821655273438,1.5621026754379272,9.872756958007812,2.1396212577819824,4.463549137115479,1.672699213027954
2186172335.0,-0.0519602410495281,0.8571344017982483,11.286779403686523,2.605877161026001,2.858125686645508,1.4046717882156372
2186180668.0,-0.0392197929322719,0.8106868863105774,10.426209449768066,1.7520520687103271,0.2490599900484085,1.476109743118286
2186189001.0,0.1403459161520004,0.39712855219841,10.01113224029541,1.371706247329712,-1.4049919843673706,1.7376824617385864
2186197334.0,0.0331104956567287,0.3181270360946655,9.027226448059082,1.2505766153335571,-1.4188748598098757,1.8982325792312624
2186205667.0,-0.1688513755798339,-0.0058071785606443,8.7631254196167,1.81063175201416,0.1688362210988998,1.7790240049362185
2186214000.0,-0.4199416041374206,0.236425369977951,8.552163124084473,2.592250347137451,2.7791574001312256,1.906659722328186
2186222333.0,-0.6800395250320435,-0.0098800491541624,10.147709846496582,2.8758511543273926,4.457043647766113,1.713707685470581
2186230666.0,-0.2743986546993255,1.0392645597457886,10.112051010131836,2.863453865051269,4.302281856536865,1.6609678268432615
2186238999.0,0.0791568756103515,0.4328785836696625,10.850667953491213,3.122515916824341,1.826333284378052,1.9230269193649288
2186247332.0,-1.151332974433899,0.0352908372879028,10.033041954040527,2.344278573989868,-0.290337324142456,1.5310012102127075
2186255665.0,-0.1640062779188156,-0.2215740233659744,9.47959327697754,2.344637393951416,-0.4176145195960998,1.8759994506835933
2186263998.0,0.5220844745635986,0.1493034064769745,9.201773643493652,3.282323122024536,-1.4328091144561768,1.7708529233932495
2186272331.0,-0.2330192476511001,0.7962497472763062,9.66310977935791,4.224465847015381,-2.03389835357666,1.4573860168457031
2186280664.0,-0.5692432522773743,0.2921280264854431,9.062799453735352,3.522840976715088,0.7549155354499817,1.471729755401611
2186288997.0,-0.1936897486448288,0.310296893119812,8.967228889465332,3.2476673126220703,3.299715518951416,1.6047958135604858
2186297330.0,-0.5159963965415955,0.574259340763092,10.35377311706543,3.0842485427856445,3.936434507369995,1.8045613765716555
2186305663.0,-0.9929705262184144,1.0287351608276367,10.533345222473145,2.423452615737915,3.1269474029541016,1.7379385232925415
2186313996.0,-0.2645557224750519,1.1948679685592651,9.97665023803711,3.6311891078948975,0.2844076454639435,0.9234315752983092
2186322329.0,0.138277381658554,1.0449726581573486,10.74786376953125,3.743610620498657,-2.353384494781494,1.0486596822738647
2186330662.0,-0.3488346934318542,0.5980324745178223,10.535845756530762,1.4273149967193604,-3.086541175842285,1.0847244262695312
2186338995.0,0.0575153566896915,0.8567183613777161,9.135072708129885,0.6244365572929382,-1.7646926641464231,0.9293996691703796
2186347328.0,0.0989497527480125,0.8196722865104675,8.57837200164795,2.041236639022827,0.0145616913214325,1.1584163904190063
2186355661.0,-0.0937996953725814,0.3670133352279663,9.305267333984377,3.2634198665618896,1.6489803791046145,0.8780943751335144
2186363994.0,-0.3401523232460022,-1.041858434677124,10.289019584655762,1.9282267093658447,2.97584867477417,0.9485334753990172
2186372327.0,-0.8827204704284668,-0.1660059839487075,9.006734848022461,1.507051944732666,3.2086312770843506,1.2464271783828735
2186380660.0,-0.9423436522483826,0.5317373871803284,9.706141471862791,3.789408206939697,3.164856195449829,1.403826355934143
2186388993.0,-0.3450485467910766,0.737501323223114,11.190619468688965,4.300335884094238,0.1326689422130584,0.8963574171066284
2186397326.0,0.1975199282169342,0.3066380321979522,11.244512557983398,3.3042237758636475,-3.898179292678833,0.79169762134552
2186405659.0,0.342918336391449,-0.2021640092134475,9.910001754760742,1.6079208850860596,-4.982711791992188,1.1113121509552002
2186413992.0,-0.1379624307155609,0.909351885318756,8.489493370056152,2.3632848262786865,-3.376852512359619,0.9257368445396424
2186422325.0,-0.0619736723601818,1.2926398515701294,8.564963340759277,3.990658760070801,0.1361268311738968,0.6668793559074402
2186430658.0,-0.424793541431427,0.7617626786231995,9.763272285461426,4.178744316101074,3.287855863571167,0.8387765288352966
2186438991.0,-0.4216802418231964,0.2389850169420242,10.331088066101074,2.415589094161988,3.8199408054351807,0.6598867774009705
2186447324.0,-0.0901013165712356,-0.1143619194626808,10.434969902038574,1.883094429969788,3.1724891662597656,0.9851874709129332
2186455657.0,-0.3306140899658203,-0.0149607034400105,9.977727890014648,2.894882202148437,-0.0220282413065433,0.7474105358123779
2186463990.0,-0.1754948496818542,0.2808443903923034,10.235235214233398,4.47100305557251,-2.518775701522827,0.6443132758140564
2186472323.0,-0.0584134757518768,0.29826420545578,10.246956825256348,3.994450092315674,-3.4937047958374023,0.587142288684845
2186480656.0,-0.0904198065400123,0.725081205368042,9.737201690673828,3.155456066131592,-2.8837785720825195,0.1831802129745483
2186488989.0,0.3866984844207763,1.028105616569519,9.676105499267578,3.1177005767822266,-0.5387442111968994,0.3777971267700195
2186497322.0,0.2642563283443451,0.6819313764572144,9.993659019470217,2.864248037338257,1.7230825424194336,0.5254888534545898
2186505655.0,-0.0715366080403328,1.116948127746582,10.127252578735352,2.9704957008361816,2.8726236820220947,0.4601981341838836
2186513988.0,-0.3038316667079925,1.4217625856399536,10.901594161987305,3.0530760288238525,3.6338276863098153,0.5446995496749878
2186522321.0,-0.2550071179866791,1.0519858598709106,10.581103324890137,2.3851590156555176,2.091927289962769,0.0627164542675018
2186530654.0,0.7504099607467651,0.0397182293236255,10.657190322875977,2.111471176147461,0.2064379304647445,0.3051551878452301
2186538987.0,-0.0010815500281751,-0.6512550711631775,10.239727973937988,1.2592085599899292,-1.6817537546157837,0.6536624431610107
2186547320.0,-0.5029805898666382,0.1906610876321792,8.829115867614746,1.8309438228607176,-0.4842371046543121,0.3534635901451111
2186555653.0,0.2813056111335754,0.8640953302383423,8.859709739685059,4.383402824401856,1.258722186088562,0.3999022841453552
2186563986.0,-0.0517401583492755,1.1518073081970217,10.402244567871094,4.99007511138916,1.849027156829834,-0.0848087221384048
2186572319.0,-0.3737469911575317,1.064846754074097,10.944299697875977,2.1406712532043457,3.280606985092163,0.2521080672740936
2186580652.0,-0.5354167222976685,0.9526780247688292,9.607418060302734,0.2900940179824829,4.439677238464356,0.457252562046051
2186588985.0,-0.3902733325958252,0.9191482067108154,9.270570755004885,1.917494535446167,3.0334300994873047,0.3032341301441192
2186597318.0,-0.6037586331367493,0.0662300065159797,10.406147956848145,2.887479782104492,1.191868782043457,0.385045975446701
2186605651.0,-0.4920890927314758,-0.4588260054588318,10.69132137298584,1.8916751146316528,-0.650550365447998,0.3808708190917969
2186613984.0,-0.1115862354636192,0.8585310578346252,9.287127494812012,2.0431578159332275,-1.5391336679458618,0.5392692685127258
2186622317.0,0.0177830681204795,1.596313714981079,9.611125946044922,3.65168046951294,-1.6807292699813845,0.3213177323341369
2186630650.0,-0.502411425113678,1.007773756980896,10.068376541137695,2.7792344093322754,-0.5233756303787231,-0.0212854277342557
2186638983.0,-0.2360233813524246,0.1770371794700622,9.949904441833496,0.6589390635490417,1.8163695335388184,0.2744437158107757
2186647316.0,-0.1401747614145279,0.2157538086175918,9.747608184814451,0.1574891209602356,3.207119941711426,0.6066603660583496
2186655649.0,-0.3598619997501373,1.581068754196167,10.067133903503418,2.260571479797364,2.60815691947937,0.2558477818965912
2186663982.0,-0.3238238990306854,0.9127734303474426,10.719502449035645,3.469768524169922,0.6207994818687439,-0.231680765748024
2186672315.0,-0.1725922673940658,-0.0171349067240953,10.11021327972412,2.0119595527648926,-0.4812146425247192,-0.1547356098890304
2186680648.0,-0.005514841992408,-0.5297467112541199,9.617555618286133,0.7826813459396362,-1.0114036798477173,0.3544625639915466
2186688981.0,-0.3881633281707763,0.018676072359085,8.97496509552002,1.1206867694854736,-1.0433189868927002,0.0262417830526828
2186697314.0,-0.5434173345565796,0.1480686515569687,9.327553749084473,2.80415678024292,0.4551777839660644,-0.1434141099452972
2186705647.0,-0.2328209280967712,0.094113789498806,9.563201904296877,3.6118240356445312,1.6854292154312134,-0.0523554868996143
2186713980.0,-0.1003107279539108,0.1594947725534439,10.457595825195312,3.4635183811187744,1.5300278663635254,-0.0533288344740867
2186722313.0,-0.2862203419208526,0.1971634179353714,10.652311325073242,1.815600872039795,0.9129809141159058,0.006493208464235
2186730646.0,-0.2786819040775299,0.4010956585407257,9.567578315734863,1.6458041667938232,0.3304364085197449,0.0013959758216515
2186738979.0,-0.2127976715564727,0.7702699899673462,9.2792329788208,3.270054340362549,-0.2608553767204284,-0.2148778140544891
2186747312.0,-0.1100823357701301,0.2794866263866424,10.24135971069336,2.9713408946990967,-0.6670202612876892,-0.0969242602586746
2186755645.0,0.1260515749454498,0.1039272844791412,9.5635986328125,1.5667331218719482,-1.200795292854309,-0.3699976205825805
2186763978.0,0.068022072315216,-0.0350585542619228,9.188961029052734,1.6328692436218262,-0.3978659510612488,-0.1328354477882385
2186772311.0,-0.5790598392486572,0.1550832539796829,9.03776741027832,2.1340372562408447,1.3719112873077393,-0.1483832746744156
2186780644.0,-0.1920146942138672,0.1115511655807495,9.83838939666748,3.3199758529663086,1.947053074836731,-0.3876970112323761
2186788977.0,0.0256083365529775,-0.0569538287818431,10.539587020874023,3.0724661350250244,1.3015745878219604,-0.3049887120723724
2186797310.0,-0.0858081951737403,0.4046363532543182,10.40834903717041,2.632105827331543,0.1686313152313232,-0.3716113269329071
2186805643.0,0.0766918882727623,0.5773119926452637,10.03048038482666,2.8447299003601074,-0.7619211077690125,-0.730492353439331
2186813976.0,-0.2941467463970184,0.5392056107521057,9.591254234313965,3.050412178039551,-0.7886623740196228,-0.8820774555206299
2186822309.0,0.1353190392255783,-0.184773251414299,9.46898365020752,2.4902286529541016,0.0372815169394016,-0.7661729454994202
2186830642.0,0.0631002411246299,0.0456293821334838,9.138110160827637,2.721090078353882,1.2054955959320068,-0.4713275730609894
2186838975.0,-0.2578709423542022,0.1912102103233337,10.388260841369627,3.207682847976685,1.711811900138855,-0.5551372170448303
2186847308.0,-0.408653050661087,0.5055317878723145,9.842574119567873,3.26569938659668,1.7154749631881714,-0.7402001619338989
2186855641.0,-0.4688895940780639,0.1919441968202591,9.789737701416016,4.23883581161499,1.824899196624756,-0.9772855639457704
2186863974.0,-0.448159247636795,-0.2584172189235687,10.709860801696776,3.41021466255188,1.5588436126708984,-0.6712720990180969
2186872307.0,-0.1014384552836418,-0.0516368709504604,10.493776321411133,2.7322068214416504,0.4697266817092895,-0.6562623381614685
2186880640.0,0.1399009972810745,0.9239521622657776,9.847637176513672,4.073214530944824,-1.157507300376892,-1.019882082939148
2186888973.0,0.3245421051979065,0.7455763220787048,10.249573707580566,4.5735368728637695,-1.781009078025818,-0.7543904781341553
2186897306.0,-0.150369793176651,0.6282175183296204,9.4923734664917,3.836205244064331,-0.5274994969367981,-0.9608156085014344
2186905639.0,-0.1986413449048996,0.6036194562911987,9.07413387298584,2.928001880645752,1.6957008838653564,-0.7601025104522705
2186913972.0,-0.45694500207901,0.9748129844665528,9.633150100708008,2.551344394683838,4.1359944343566895,-0.5395382642745972
2186922305.0,-0.2196268439292907,0.7441496253013611,10.480789184570312,2.680363178253174,3.850498676300049,-0.5399481058120728
2186930638.0,-0.4069252610206604,0.6897300481796265,10.676027297973633,2.904000997543335,1.7518470287322998,-0.6507040858268738
2186938971.0,-0.7246993184089661,-0.0652745068073272,10.913970947265623,2.599371194839477,0.0989349856972694,-0.6504479050636292
2186947304.0,-0.1038931235671043,-0.1615410596132278,9.318737983703612,2.3511433601379395,-1.1056641340255735,-0.6393057107925415
2186955637.0,0.2542350888252258,0.0625736862421035,9.425728797912598,3.70488166809082,-2.108819961547852,-0.4942266345024109
2186963970.0,-0.570999264717102,0.5435192584991455,9.592161178588867,3.959205389022827,-1.3289947509765625,-0.6918405294418335
2186972303.0,-0.0494173280894756,0.6544609069824219,9.805395126342772,3.410650491714477,1.0855697393417358,-0.856207013130188
2186980636.0,0.2382071167230606,0.5408300757408142,10.122520446777344,3.0068931579589844,2.3132083415985107,-0.3451517820358276
2186988969.0,-0.1383577585220337,0.7973079085350037,10.481369972229004,2.960045099258423,2.371455669403076,-0.2775558531284332
2186997302.0,-0.623142659664154,1.003952980041504,10.138594627380373,2.990269660949707,2.1606247425079346,-0.6531630158424377
2187005635.0,-0.1738985627889633,0.9870705604553224,9.641890525817873,3.339494705200196,0.966540515422821,-0.8697314262390137
2187013968.0,0.1920601278543472,-0.2486482262611389,10.0732421875,3.0665745735168457,-0.1158275604248046,-0.2573462426662445
2187022301.0,-0.255339503288269,-0.6931002736091614,10.048104286193848,1.6587650775909424,-1.0994397401809692,-0.082119233906269
2187030634.0,-1.0399978160858154,0.0428155809640884,9.029560089111328,2.4056506156921387,0.1546971648931503,-0.4908711910247803
2187038967.0,-0.1226382777094841,1.0601449012756348,9.344100952148438,4.895277976989746,2.1803221702575684,-0.2436426132917404
2187047300.0,0.0489377081394195,0.9792340397834778,10.587861061096191,5.696798324584961,1.0758874416351318,-0.6148697137832642
2187055633.0,0.1028769686818122,0.7541552782058716,11.235984802246094,3.3679776191711426,-0.015189241617918,-0.5369256138801575
2187063966.0,-0.2625164985656738,0.0561140403151512,9.850930213928224,1.0091880559921265,0.1121519356966018,0.0129223829135298
2187072299.0,-0.0425680428743362,0.7062243223190308,9.018171310424805,2.2374930381774902,0.3302827477455139,-0.3209463357925415
2187080632.0,-0.1984443813562393,1.2573624849319458,9.855992317199709,4.625431537628174,0.7057874798774719,-0.4928947389125824
2187088965.0,-0.5559170246124268,1.13695228099823,10.387146949768066,4.242473125457764,1.3132803440093994,-0.751521646976471
2187097298.0,-0.2788846492767334,0.8187535405158997,9.873377799987791,2.7199370861053467,2.073023796081543,-0.4921006858348846
2187105631.0,-0.2015413492918014,0.7435265779495239,9.977270126342772,1.673032283782959,1.786042094230652,-0.2612395882606506
2187113964.0,-0.3779793977737427,1.1424238681793213,10.124863624572754,1.486534833908081,0.4549984931945801,-0.8089486956596375
2187122297.0,-0.3915220201015472,0.7572748064994812,9.906193733215332,2.193001270294189,-0.430959552526474,-1.061044216156006
2187130630.0,-0.1388459950685501,0.4318242967128753,9.820484161376951,2.483773946762085,-0.6491415500640869,-0.8758274912834167
2187138963.0,-0.475504994392395,0.4061609804630279,9.845216751098633,2.1358301639556885,0.251467764377594,-0.7381766438484192
2187147296.0,-0.2106581926345825,0.3042457401752472,9.742514610290527,1.578003168106079,1.1867202520370483,-0.8007009029388428
2187155629.0,-0.218216598033905,0.7388904094696045,9.752389907836914,2.32007360458374,1.3492939472198486,-0.849573016166687
2187163962.0,-0.6645384430885315,0.2081792950630188,10.2335844039917,2.47445034980774,1.1457886695861816,-1.0173717737197876
2187172295.0,-0.1199961975216865,0.6544748544692993,9.996739387512209,2.2354440689086914,0.6588878035545349,-1.1014121770858765
2187180628.0,-0.0843440294265747,0.2476800382137298,10.73634910583496,2.4690968990325928,-0.5068288445472717,-0.8552848696708679
2187188961.0,-0.3315858840942383,0.4053793847560882,9.77575969696045,1.7217503786087036,-0.9153246283531188,-0.6010379791259766
2187197294.0,-0.2000589817762375,0.6329429745674133,9.396109580993652,2.570324420928955,-0.0425196327269077,-0.6617181897163391
2187205627.0,-0.3796586394309997,0.9122077822685242,10.031573295593262,2.9064345359802246,0.6137298941612244,-0.8989316821098328
2187213960.0,-0.0507257431745529,1.0896631479263306,10.00605583190918,2.1259684562683105,0.6860131621360779,-0.8029806613922119
2187222293.0,-0.1816951036453247,0.9568274021148682,9.826668739318848,1.7322266101837158,0.5048181414604187,-0.9533105492591858
2187230626.0,-0.4590910971164703,0.5236664414405823,10.136528968811035,0.6859619617462158,0.9179757237434388,-0.5337237119674683
2187238959.0,-0.304253339767456,-0.0233039632439613,9.449177742004396,0.3898870646953583,0.8788627982139587,-0.5804185271263123
2187247292.0,-0.2680249214172363,0.3855421245098114,9.249170303344728,1.6795125007629397,0.0520609281957149,-0.79906165599823
2187255625.0,-0.1080842688679695,0.4732815623283386,10.068105697631836,2.666377782821656,-0.8890188336372375,-0.6639465689659119
2187263958.0,-0.0484366752207279,0.323558896780014,10.226941108703612,1.9366023540496824,-1.3558382987976074,-0.8788754940032959
2187272291.0,0.0027303048409521,0.5243541598320007,9.499568939208984,1.2466576099395752,-1.266188383102417,-0.781234085559845
2187280624.0,-0.2233328968286514,0.3344312012195587,9.337851524353027,1.3820286989212036,-0.0298405829817056,-0.6806982159614563
2187288957.0,-0.6930738687515259,-0.1349152624607086,9.38292121887207,1.520473837852478,1.7869900465011597,-0.6858724355697632
2187297290.0,-0.124484047293663,-0.2691693902015686,10.068470001220703,2.094923973083496,2.484567880630493,-0.5446611046791077
2187305623.0,0.0713146477937698,0.1025253161787986,10.518887519836426,2.6807217597961426,0.6924168467521667,-0.5329297780990601
2187313956.0,0.013760857284069,0.7645896673202515,10.322343826293944,3.0511553287506104,-1.7605178356170654,-0.8163257837295532
2187322289.0,-0.2555047869682312,0.4279437363147735,9.80339813232422,2.670450448989868,-2.20361852645874,-0.6759853363037109
2187330622.0,0.3356817662715912,-0.0239225924015045,9.523587226867676,1.7948787212371826,-1.259964108467102,-0.4694833159446716
2187338955.0,0.6717127561569214,-0.1691600233316421,9.674135208129885,1.7360174655914309,-0.7261635661125183,-0.3661555051803589
2187347288.0,0.2031626105308532,0.1472128927707672,9.6848783493042,2.6584632396698,0.0571325533092021,-0.5813663601875305
2187355621.0,-0.5422001481056213,0.0689819008111953,9.489466667175291,3.5409247875213623,2.457852363586426,-0.4141565859317779
2187363954.0,0.0254861637949943,0.0349092707037925,9.994158744812012,3.847526788711548,4.1400675773620605,-0.1766101419925689
2187372287.0,0.0061613507568836,0.461231917142868,9.975589752197266,3.809413433074951,2.938580274581909,-0.2423874884843826
2187380620.0,-0.3153194785118103,0.6891531944274902,10.39815902709961,3.5180249214172363,0.8665679097175598,-0.4293713569641113
2187388953.0,-0.5873121023178101,0.5934345722198486,9.89205265045166,2.9293081760406494,-0.4237107038497925,-0.4555235207080841
2187397286.0,0.0112471561878919,0.7467570900917053,9.885347366333008,2.929435968399048,-0.3490195870399475,-0.3498904407024383
2187405619.0,0.3577584028244018,0.4068228602409363,10.434442520141602,2.3075735569000244,-0.5189443826675415,-0.0446968413889408
2187413952.0,0.1429158747196197,0.5371371507644653,9.676436424255373,2.3466098308563232,-0.6126925349235535,-0.3025041222572326
2187422285.0,-0.0989516228437423,0.0644087418913841,9.16347599029541,2.9365053176879883,0.9553981423377992,-0.2091146111488342
2187430618.0,-0.2801935076713562,-0.0401469096541404,9.537202835083008,3.0406277179718018,2.961991786956787,-0.0882666558027267
2187438951.0,-0.4004321098327636,-0.2903912365436554,10.077059745788574,2.8525421619415283,3.442643165588379,-0.2826530933380127
2187447284.0,-0.3123258352279663,-0.0764500349760055,10.03151798248291,3.045494318008423,3.2826051712036133,-0.1865228563547134
2187455617.0,-0.239700585603714,0.2620157897472381,9.823150634765623,4.342829704284668,1.1356967687606812,-0.2525819838047027
2187463950.0,-0.3834588527679443,0.9664356112480164,10.515680313110352,4.779860019683838,-0.3647979199886322,-0.5355167984962463
2187472283.0,-0.4427169859409332,0.8627481460571289,10.37281894683838,3.374432325363159,-0.8124579787254333,-0.5917657017707825
2187480616.0,-0.1361527740955352,0.5818678140640259,9.14344596862793,2.6836416721343994,-0.4651801288127899,-0.7692466378211975
2187488949.0,0.0939479395747184,0.0820538625121116,9.190645217895508,2.8813326358795166,0.7247931361198425,-0.3491732180118561
2187497282.0,-0.3165766894817352,0.0186174195259809,9.95793342590332,3.000080347061157,1.698902606964111,-0.307242751121521
2187505615.0,-0.408118188381195,0.0956597477197647,10.01860809326172,2.896240234375,2.167566299438477,-0.3389275670051574
2187513948.0,0.0169566124677658,0.4674322605133056,9.773802757263184,4.158458232879639,1.7739012241363523,-0.5518330931663513
2187522281.0,0.1678631752729416,-0.0417445711791515,10.668415069580078,4.64264440536499,0.443677008152008,-0.5398969054222107
2187530614.0,0.0083716157823801,-0.0368589125573635,10.14163875579834,3.378018379211426,-0.3443833887577057,-0.3960217237472534
2187538947.0,-0.2020362019538879,0.2955532073974609,9.079702377319336,3.6694819927215576,0.2297468334436416,-0.4899490177631378
2187547280.0,-0.8224840760231018,0.9761481285095216,8.818374633789062,4.741719722747803,1.9222586154937744,-0.4951487481594085
2187555613.0,-0.3172105252742767,0.9040356278419496,10.318796157836914,4.7993011474609375,2.6865365505218506,-0.6185837984085083
2187563946.0,-0.1841398477554321,0.1551728099584579,10.470331192016602,3.2746899127960205,1.969414234161377,-0.4960964322090149
2187572279.0,0.0906741991639137,0.8010611534118652,10.242071151733398,2.7666831016540527,0.6843995451927185,-0.2044784426689148
2187580612.0,-0.0888931006193161,0.9772494435310364,10.26091766357422,3.169518232345581,-0.6346694827079773,-0.3193582892417907
2187588945.0,-0.1687601208686828,1.1586395502090454,9.797344207763672,3.5368006229400635,-1.1041271686553955,-0.6368210911750793
2187597278.0,-0.5526723861694336,0.7883217334747314,9.705528259277344,3.251791000366211,0.4536921083927154,-0.5816992521286011
2187605611.0,-0.3434472978115082,0.2110056281089782,9.95497703552246,2.0177483558654785,2.537922143936157,-0.3821899592876434
2187613944.0,-0.3627071380615234,0.482049286365509,9.737648010253906,2.27652907371521,3.095902919769287,-0.3355464339256286
2187622277.0,-0.0179172903299331,0.8032551407814026,10.335197448730469,3.404247045516968,1.934553384780884,-0.512105405330658
2187630610.0,-0.4075668454170227,0.6359277367591858,10.454370498657228,3.7443528175354,0.0327734090387821,-0.608414888381958
2187638943.0,-0.4900306761264801,0.4082840085029602,10.405933380126951,2.994445323944092,-0.7802608609199524,-0.8521599769592285
2187647276.0,-0.1997228860855102,0.395550936460495,9.859455108642578,2.0645968914031982,-0.2312197089195251,-0.6170724630355835
2187655609.0,0.4565360248088836,0.6200224161148071,9.679071426391602,2.611845254898072,-0.1577580869197845,-0.4994007647037506
2187663942.0,-0.1125385984778404,0.4745320677757263,10.01504898071289,3.250920295715332,0.5522044897079468,-0.470302939414978
2187672275.0,-0.6628373265266418,0.6071212291717529,10.094611167907717,3.0573534965515137,2.137315511703491,-0.3894131779670715
2187680608.0,-0.5331494808197021,1.0910009145736694,9.6154203414917,3.28096604347229,3.086426019668579,-0.6992174386978149
2187688941.0,0.1908234506845474,1.1745299100875854,10.37610912322998,4.070832252502441,2.558029890060425,-0.5936867594718933
2187697274.0,-0.2109491378068924,0.7817859649658203,10.920668601989746,2.716351270675659,0.5571480393409729,-0.600909948348999
2187705607.0,-0.2611792087554931,0.7147120833396912,10.14835262298584,1.1838003396987915,-0.5161268711090088,-0.6628708243370056
2187713940.0,-0.5551464557647705,0.4050512015819549,9.283109664916992,1.4501113891601562,0.3020558655261993,-0.4124403595924377
2187722273.0,-0.0351430661976337,0.3672694861888885,9.850632667541504,2.448810577392578,0.8847797513008118,-0.4044488072395324
2187730606.0,-0.1231997013092041,0.1980985701084137,9.69041919708252,2.8565123081207275,1.0891557931900024,-0.4332135319709778
2187738939.0,-0.3847949504852295,0.4316923320293426,9.635424613952637,3.222463130950928,1.45853853225708,-0.2173624038696289
2187747272.0,-0.5278124809265137,0.552050769329071,9.752737045288086,3.0016679763793945,1.853663682937622,-0.3509150147438049
2187755605.0,-0.4150508046150207,0.9741935729980468,9.927740097045898,2.9751830101013184,1.461458683013916,-0.479729026556015
2187763938.0,-0.0698092281818389,0.257367730140686,10.495625495910645,2.489767551422119,0.2878912091255188,-0.4925873279571533
2187772271.0,-0.1017399281263351,0.9409435987472534,9.719893455505373,2.115518093109131,-0.5302146673202515,-0.3169761896133423
2187780604.0,-0.5070573687553406,0.6579766273498535,10.011320114135742,2.5514211654663086,-0.5038319826126099,-0.3473290205001831
2187788937.0,-0.5144791007041931,1.155592679977417,9.615082740783691,2.2894132137298584,0.8552721738815308,-0.6293162107467651
2187797270.0,0.1433565765619278,0.5484272241592407,9.72196102142334,2.24884033203125,1.0313700437545776,-0.5528064370155334
2187805603.0,0.1899530440568924,0.3658598065376282,9.57522964477539,2.005889415740967,0.7012537717819214,-0.4363641440868377
2187813936.0,-0.4008986949920654,0.141540840268135,9.56410026550293,1.5819225311279297,0.7191325426101685,-0.3822668790817261
2187822269.0,-0.8529874682426453,-0.1756508350372314,9.171432495117188,2.046462059020996,1.9167773723602293,-0.5589026212692261
2187830602.0,-0.555390477180481,-0.4929362535476684,9.637957572937012,2.5678911209106445,2.4377965927124023,-0.3498648703098297
2187838935.0,-0.2184276431798935,0.1958500742912292,10.117496490478516,3.449558019638061,1.2617955207824707,-0.5170745253562927
2187847268.0,0.0611239559948444,0.6817381381988525,10.137284278869627,3.880031108856201,-0.7101801037788391,-0.7441702485084534
2187855601.0,-0.1139870956540107,1.1772514581680298,9.77121925354004,4.081948757171631,-1.7851842641830444,-0.8543884754180908
2187863934.0,-0.3263254165649414,0.5056565403938293,10.179525375366213,2.4896395206451416,-0.5270641446113586,-0.6171493530273438
2187872267.0,-0.0165516790002584,0.5434587001800537,9.26682949066162,0.9976105093955994,1.1190731525421145,-0.5047541260719299
2187880600.0,-0.3023916780948639,0.6089325547218323,9.080414772033691,2.3188183307647705,1.9565305709838867,-0.6698635220527649
2187888933.0,-0.5428979992866516,0.2033304870128631,10.105469703674316,3.1391401290893555,2.7907865047454834,-0.648680567741394
2187897266.0,-0.3243075907230377,-0.0035045645199716,10.36537265777588,2.5898680686950684,2.334186792373657,-0.4273478984832763
2187905599.0,0.1464040130376815,0.7349925637245178,9.870638847351074,2.4227864742279053,0.3374547958374023,-0.560670018196106
2187913932.0,0.1685175895690918,0.437743216753006,9.974475860595703,2.640840768814087,-1.53654682636261,-0.3671800494194031
2187922265.0,-0.1851581484079361,0.0900959372520446,9.37746524810791,1.944722414016724,-1.8656384944915767,-0.8109723329544067
2187930598.0,-0.2217699289321899,-0.2257636934518814,9.195880889892578,1.6302307844161987,0.2670668065547943,-0.4266050457954407
2187938931.0,-0.3308446705341339,0.510415256023407,9.433271408081056,2.328552007675171,2.654774904251098,-0.4447912275791168
2187947264.0,-0.3334047198295593,1.183382272720337,10.379770278930664,3.422228574752808,3.448611259460449,-0.5260651707649231
2187955597.0,-0.1683206409215927,0.7866065502166748,10.332715034484863,3.2121150493621826,2.6812853813171387,-0.6069549322128296
2187963930.0,-0.1340130269527435,0.5060078501701355,9.81963348388672,2.4380013942718506,1.2628971338272097,-0.4285261332988739
2187972263.0,0.2542835772037506,0.1146672219038009,10.014294624328612,1.4746499061584473,-0.6365137100219727,-0.43300861120224
2187980596.0,-0.0093038231134414,-0.4228726327419281,9.820003509521484,0.7321445345878601,-1.540414571762085,-0.4189720749855041
2187988929.0,-0.4235679507255554,-0.2556277513504028,8.352526664733887,2.019771814346313,-0.2735856175422668,-0.5292413234710693
2187997262.0,0.0077549424022436,-0.2622671127319336,9.13735580444336,4.29695463180542,1.9792759418487549,-0.1031485274434089
2188005595.0,-0.6127389073371887,0.1996037364006042,10.159653663635254,4.402664661407471,3.1887803077697754,-0.3011465668678283
2188013928.0,-0.32572141289711,0.2748224139213562,10.510940551757812,3.372460126876831,3.579986810684204,-0.2285558432340622
2188022261.0,-0.2789284884929657,0.3153114318847656,9.913597106933594,3.240751266479492,2.303808212280273,-0.070977047085762
2188030594.0,-0.510439395904541,0.3310254514217376,10.211195945739746,3.716100215911865,0.5971062183380127,-0.366232305765152
2188038927.0,-0.393573135137558,-0.3004039227962494,10.263354301452637,3.438903331756592,-0.2563984990119934,-0.1275332868099212
2188047260.0,0.1367436647415161,0.3623260855674743,9.45545768737793,3.9507265090942383,-1.0955976247787476,-0.124331496655941
2188055593.0,0.0904068127274513,1.6135774850845337,10.02931785583496,5.669442176818848,-1.3437228202819824,0.1139961630105972
2188063926.0,-0.2430984675884246,1.132173776626587,10.487564086914062,4.567875862121582,0.0752930417656898,0.1123056262731552
2188072259.0,-0.2801772058010101,1.1836485862731934,9.442129135131836,3.031380176544189,2.434927225112915,-0.1520716845989227
2188080592.0,0.1680406928062439,0.3695403039455414,10.266586303710938,2.237134456634521,3.9108200073242174,0.4844292402267456
2188088925.0,-0.3627215921878814,0.2581601440906524,10.147744178771973,1.9192620515823364,2.443277835845948,0.2236250638961792
2188097258.0,-0.3276313245296478,0.6527239084243774,9.88552474975586,3.4609315395355225,1.0285780429840088,-0.2374183684587478
2188105591.0,-0.4109036028385162,0.9914191961288452,10.11427116394043,4.502816200256348,0.5986175537109375,0.1787745654582977
2188113924.0,-0.4747073650360107,1.5774952173233032,10.205270767211914,3.900292158126831,-0.1152640581130981,-0.1418772488832473
2188122257.0,-0.4930112063884735,1.173073172569275,9.927081108093262,2.2342145442962646,0.1561827957630157,-0.3851868808269501
2188130590.0,0.4831673502922058,0.0814065039157867,9.90305519104004,0.977938711643219,0.1544666439294815,0.0360520370304584
2188138923.0,0.2707708775997162,-0.0968566462397575,9.961671829223633,1.0804468393325806,-0.4167180061340332,-0.2112149745225906
2188147256.0,-0.6706761121749878,0.3565925657749176,9.757237434387209,2.5333378314971924,0.8158774971961975,-0.0860638320446014
2188155589.0,-0.7122831344604492,1.0245685577392578,9.077642440795898,4.249260425567627,2.737098455429077,-0.6522920727729797
2188163922.0,0.5122714042663574,1.416378140449524,10.399507522583008,5.257744312286377,2.8346378803253174,-0.2695130109786987
2188172255.0,-0.1013438254594802,0.676959753036499,11.457314491271973,2.665609359741211,0.9642093777656556,-0.3052704632282257
2188180588.0,-0.4066605865955353,0.2195350527763366,10.167022705078123,-0.3601361215114593,0.3349701464176178,-0.355551153421402
2188188921.0,-0.1394375264644622,0.6549643874168396,8.29981517791748,1.3308260440826416,0.7805810570716858,-0.3047325611114502
2188197254.0,0.4688965976238251,0.2291952073574066,10.348847389221191,4.075212001800537,-0.0852697864174842,-0.1059660837054252
2188205587.0,-0.3014791011810303,0.3900927603244781,10.458293914794922,3.132301092147827,-0.4856459200382232,-0.4494786262512207
2188213920.0,0.1435444951057434,0.9356933236122132,9.351225852966309,2.510438203811645,1.4000613689422607,-0.464667797088623
2188222253.0,0.2644255757331848,1.2482013702392578,9.2367582321167,2.812737464904785,2.393099069595337,-0.1684392094612121
2188230586.0,-0.6417267322540283,0.5817385315895081,10.341357231140137,1.8919824361801147,3.112372398376465,-0.3398752212524414
2188238919.0,-0.1957638263702392,-0.1603902578353881,10.13765811920166,0.6251538395881653,3.1861164569854736,-0.2968690097332001
2188247252.0,0.0027435617521405,0.1283858269453048,9.873563766479492,1.610559105873108,1.8878846168518064,-0.0381139852106571
2188255585.0,0.5490299463272095,0.6394679546356201,10.384315490722656,3.462289333343506,-0.2897226214408874,-0.1070418953895568
2188263918.0,-0.3883477747440338,0.6982744336128235,10.172698974609377,3.615565061569214,-1.2704403400421145,-0.4716860949993133
2188272251.0,-0.5513773560523987,0.8852741718292236,9.064237594604492,2.65006160736084,0.6000006794929504,-0.7185305953025818
2188280584.0,-0.2410458475351333,-0.1790414750576019,9.025609970092772,1.8221839666366573,3.786796092987061,0.1907876431941986
2188288917.0,-0.546155571937561,-0.0074013909325003,9.91580295562744,1.550058364868164,4.271852493286133,-0.0500502213835716
2188297250.0,-0.403601735830307,0.4530672132968902,10.43710994720459,2.450551986694336,3.1690053939819336,-0.0205169972032308
2188305583.0,-0.9084319472312928,0.7450711727142334,10.270297050476074,3.789715528488159,1.3401495218276978,-0.2807832360267639
2188313916.0,0.1172309443354606,0.8212085962295532,10.526729583740234,3.866763114929199,-0.4887451827526092,-0.2733038961887359
2188322249.0,0.1151327118277549,0.5060346722602844,10.325871467590332,2.2780919075012207,-1.965917944908142,0.3187819421291351
2188330582.0,-0.8589061498641968,0.9424084424972534,9.376519203186035,0.8775052428245544,-0.868834912776947,0.0275737233459949
2188338915.0,-0.2386410683393478,0.5066646337509155,9.160637855529783,0.9787583351135254,1.4949108362197876,0.2429638057947158
2188347248.0,-0.1040095016360282,0.3094250559806824,9.636109352111816,2.461489677429199,2.2529642581939697,0.0866401493549346
2188355581.0,-0.0186941754072904,0.301522821187973,11.01557159423828,2.58597469329834,1.5776960849761963,0.255924642086029
2188363914.0,-0.3841809630393982,0.2967504560947418,10.05974006652832,2.08398699760437,0.9507876634597778,0.3902457058429718
2188372247.0,-0.2030464559793472,0.0948549807071685,8.930877685546875,2.801364660263061,0.5092238187789917,0.2105105817317962
2188380580.0,-0.3585989475250244,-0.2216811776161193,9.662091255187988,3.050053596496582,0.4053325057029724,0.2812058925628662
2188388913.0,-0.889733076095581,-0.1769648641347885,10.11660385131836,2.0898783206939697,0.4913706481456756,-0.0255630072206258
2188397246.0,-0.3740825057029724,0.4490730464458465,8.937466621398926,2.862557172775269,1.078423261642456,0.0905078947544097
2188405579.0,0.2870063185691833,0.776808500289917,10.117332458496094,4.907572746276856,0.0278298687189817,0.3356361389160156
2188413912.0,-0.1674474775791168,0.6631952524185181,10.9610013961792,3.967939853668213,-1.40793776512146,0.0766762197017669
2188422245.0,-0.70470130443573,0.8398795127868652,9.205130577087402,2.324376583099365,-0.514641284942627,-0.0391385555267334
2188430578.0,-0.1131131574511528,0.6994694471359253,8.857756614685059,2.498373985290528,1.095738410949707,0.1452711224555969
2188438911.0,0.2783529758453369,0.961441457271576,9.741744995117188,3.25863003730774,0.7410582304000854,0.2679120898246765
2188447244.0,-0.2865910530090332,0.2383433282375335,10.316059112548828,2.866783618927002,-0.2565521895885467,-0.0241798404604196
2188455577.0,-0.7551719546318054,0.5962327122688293,9.143787384033203,2.4290363788604736,0.2865848839282989,-0.0694145709276199
2188463910.0,-0.1062802821397781,1.1368976831436155,9.3518648147583,3.280043840408325,1.2641777992248535,0.0157911777496337
2188472243.0,0.245263785123825,1.1114108562469482,10.714652061462402,3.282682180404663,-0.1695150136947631,-0.1885976195335388
2188480576.0,-0.0394531786441803,0.1853074729442596,10.643306732177734,1.493476390838623,-1.2906756401062012,-0.340105801820755
2188488909.0,-0.1718471199274063,-0.085333414375782,9.431532859802246,0.735935389995575,-0.1706932634115219,0.0750625133514404
2188497242.0,-0.6732936501502991,-0.3282305598258972,9.31198024749756,1.921054720878601,1.3425060510635376,0.0525732152163982
2188505575.0,0.2466757893562317,0.4990716874599457,9.5520601272583,4.081846237182617,1.9044313430786133,-0.0196973476558923
2188513908.0,0.1655287891626358,-0.254584789276123,10.744393348693848,4.477355480194092,0.6430070400238037,-0.0219001714140176
2188522241.0,-0.688154935836792,0.647367537021637,9.975072860717772,3.3717429637908936,0.4196508228778839,-0.3120326399803161
2188530574.0,-1.0622079372406006,1.2742832899093628,9.524823188781738,3.1447231769561768,2.071000337600708,-0.097103551030159
2188538907.0,-0.5177547335624695,1.730327606201172,10.332292556762695,3.4276328086853027,2.553316593170166,-0.3871591687202453
2188547240.0,-0.4055035710334778,0.9925535917282104,10.799334526062012,2.781744718551636,0.7345522046089172,-0.5451221466064453
2188555573.0,-0.4647845923900604,0.5333588719367981,10.620977401733398,1.541451930999756,-0.1883158534765243,-0.3132877051830292
2188563906.0,-0.4924589395523071,0.570968508720398,9.852096557617188,0.8987137675285339,-1.085940957069397,-0.2149546444416046
2188572239.0,0.0849577113986015,0.2654277980327606,9.580499649047852,1.9004610776901243,-1.698198318481445,-0.1701809763908386
2188580572.0,-0.3079516887664795,-0.089542768895626,9.368582725524902,2.4579036235809326,-1.7040895223617554,-0.4246583580970764
2188588905.0,-0.4106208086013794,0.0059572327882051,9.555583000183104,2.3756818771362305,0.2467291355133056,-0.5147949457168579
2188597238.0,-0.4743543267250061,-0.1150996536016464,9.252702713012695,2.711510181427002,2.027738332748413,-0.4413588941097259
2188605571.0,-0.3647781610488891,-0.1516145914793014,10.042551040649414,3.469666242599488,2.6218602657318115,-0.4076505899429321
2188613904.0,-0.4444060325622558,-0.2727332413196563,10.487860679626465,3.76940393447876,1.7387326955795288,-0.1924909651279449
2188622237.0,-0.2840333878993988,-0.4941383004188537,10.342902183532717,3.8600780963897705,0.079032726585865,-0.2164146602153778
2188630570.0,0.1499640941619873,0.3896356225013733,9.54127597808838,4.663315296173096,-1.5912845134735107,-0.3056546747684479
2188638903.0,-0.3675489127635956,0.687995433807373,9.806171417236328,5.577512741088867,-2.1997761726379395,-0.2830629050731659
2188647236.0,-1.1267471313476562,0.5355086922645569,9.807720184326172,4.1870951652526855,0.0366667807102203,-0.3653358519077301
2188655569.0,-0.4455635249614715,1.1263182163238523,9.359369277954102,3.432013273239136,2.87075424194336,-0.2435401678085327
2188663902.0,-0.0629994943737983,1.2244750261306765,10.374272346496582,4.1971869468688965,2.8170151710510254,0.0033938859123736
2188672235.0,-0.9230836629867554,1.3618253469467163,10.940428733825684,3.4684102535247803,1.263127326965332,-0.2156974375247955
2188680568.0,-0.714055061340332,0.810647189617157,10.302478790283203,2.420788526535034,0.0668147355318069,-0.0540460385382175
2188688901.0,-0.4318852126598358,0.5376557111740112,9.735125541687012,2.2065765857696533,-0.5876673460006714,0.1518539786338806
2188697234.0,-0.1775751262903213,0.0335542485117912,10.267104148864746,2.1040940284729004,-2.186764001846313,0.2049778997898101
2188705567.0,-0.6163222193717957,-0.1951216608285904,9.484246253967283,1.9743835926055908,-2.029006004333496,0.0788790360093116
2188713900.0,-0.2603326737880707,-0.3859224319458008,9.073241233825684,3.272282600402832,-0.4469428360462188,0.4097893536090851
2188722233.0,-0.761186957359314,0.0505244769155979,9.506632804870604,4.313066005706787,0.8092690110206604,0.2211917489767074
2188730566.0,-0.4629513323307037,0.7802120447158813,10.105932235717772,4.576278209686279,1.6289244890213013,0.2396852076053619
2188738899.0,-0.2759471535682678,0.5612339377403259,10.602638244628906,4.2049994468688965,0.916131556034088,0.4713915884494781
2188747232.0,-0.8450095057487488,0.6653778553009033,10.337029457092283,3.47837495803833,-0.0776623636484146,0.1995221078395843
2188755565.0,-0.196941539645195,0.8541089296340942,10.171377182006836,3.350355386734009,-0.749779999256134,0.2241373807191848
2188763898.0,-1.0887054204940796,1.329898715019226,10.667881965637209,3.663488626480103,-1.1720048189163208,-0.0771244540810585
2188772231.0,-0.5546166896820068,1.5003869533538818,10.628535270690918,2.9990556240081787,-0.8515707850456238,0.0203761253505945
2188780564.0,-0.3592277467250824,1.314450979232788,9.560059547424316,3.022979021072388,-0.3625694513320923,0.2313861846923828
2188788897.0,-0.4492064416408539,1.1266974210739136,10.60455322265625,2.854053258895874,-1.1050492525100708,0.0398941673338413
2188797230.0,-1.0482348203659058,0.8967304825782776,10.215425491333008,1.0975571870803833,-0.2999427020549774,-0.0324020124971866
2188805563.0,-0.5608543157577515,0.3569412231445312,9.52237319946289,1.1090067625045776,0.1225256845355033,-0.1558369845151901
2188813896.0,0.4055895805358886,0.4474592804908752,10.017499923706056,2.885225534439087,-1.217803120613098,-0.0465410612523555
2188822229.0,-0.5632658004760742,0.0456013940274715,10.616019248962402,2.803234100341797,-2.5402402877807617,-0.0209012106060981
2188830562.0,-1.330116629600525,1.1371229887008667,9.21112060546875,2.280576229095459,-1.3378571271896362,-0.4695602059364319
2188838895.0,-0.9169079661369324,1.3772796392440796,9.65499210357666,2.798803329467773,1.3478593826293943,-0.1762003302574157
2188847228.0,0.2992053925991058,0.7272927165031433,10.725581169128418,2.2553718090057373,0.3214970529079437,0.0409443527460098
2188855561.0,0.3798125088214874,-0.514959990978241,10.936448097229004,0.884139358997345,-3.584174156188965,0.0169182028621435
2188863894.0,-0.0386591851711273,-0.5910401344299316,9.420324325561523,0.6916483640670776,-4.636740207672119,0.2108435928821563
2188872227.0,-0.7872602343559265,0.5977545380592346,8.449793815612793,3.008225440979004,-2.466036081314087,0.2343830466270446
2188880560.0,-0.9645504355430604,1.643586277961731,9.258441925048828,4.990690231323242,0.9236364364624025,-0.2564752995967865
2188888893.0,-0.3827604055404663,1.4619207382202148,10.750815391540527,3.935768604278565,2.352988004684448,-0.2259688079357147
2188897226.0,-0.2185734808444976,1.028206467628479,11.11501693725586,1.2931218147277832,1.2548030614852903,-0.3713039457798004
2188905559.0,0.1128003299236297,0.2283330559730529,10.444037437438965,-0.4420248568058014,-1.0543330907821655,0.1252407878637313
2188913892.0,-0.7481924891471863,0.6437720656394958,8.859942436218262,0.6213117241859436,-2.6491267681121826,-0.0546095557510852
2188922225.0,-0.1698542237281799,0.0959772765636444,9.403200149536133,2.5538547039031982,-3.350060224533081,-0.1514057517051696
2188930558.0,-0.7698172330856323,0.233545571565628,8.881369590759277,3.0403971672058105,-2.929628372192383,-0.5162549614906311
2188938891.0,-0.3934047818183899,0.6909056901931763,9.960509300231934,2.758460998535156,-0.9956252574920654,-0.5312904715538025
2188947224.0,-0.3848937451839447,0.6953334808349609,9.814509391784668,1.847721099853516,0.3347139954566955,0.0401246957480907
2188955557.0,-0.5792121291160583,0.923127055168152,10.21774673461914,2.040493965148926,0.5267183184623718,-0.2779912948608398
2188963890.0,-0.1267137825489044,0.4456049799919128,10.50046157836914,1.9959509372711184,-0.1042499467730522,0.0214775390923023
2188972223.0,-0.0878117084503173,-0.158707857131958,10.568243026733398,1.835323929786682,-2.176210880279541,-0.0940810814499855
2188980556.0,-0.3266484439373016,0.4013820588588714,9.963869094848633,1.8880380392074585,-3.438019275665283,-0.1846017837524414
2188988889.0,-0.1051096245646476,0.1015416160225868,9.938852310180664,2.0388550758361816,-2.6778404712677,0.0662256106734275
2188997222.0,0.1030673012137413,0.2315139323472976,9.67304515838623,2.1272494792938232,-1.6210224628448486,-0.0928772166371345
2189005555.0,0.5934664607048035,0.6864112615585327,9.769891738891602,2.7038514614105225,-0.7069784998893738,0.1631242483854293
2189013888.0,0.0997734144330024,0.5362656712532043,10.05738353729248,2.5609500408172607,-0.0092211244627833,0.2060281038284301
2189022221.0,-0.3239682614803314,0.5221304297447205,9.744466781616213,2.3840579986572266,1.1355175971984863,-0.1162630170583725
2189030554.0,-0.4480196833610534,-0.121964156627655,9.532073974609377,2.6097450256347656,2.4227356910705566,0.2134306281805038
2189038887.0,-0.400499016046524,-0.4356303513050079,10.107145309448242,2.745269060134888,2.4893829822540283,0.314017653465271
2189047220.0,-0.2491512447595596,0.186557188630104,9.773792266845703,3.1177008152008057,0.6974116563796997,0.2630454003810882
2189055553.0,-0.5563132166862488,0.2665708363056183,10.223665237426758,4.063480854034424,-1.1435989141464231,0.3544882237911224
2189063886.0,-1.0916329622268677,-0.1778555661439895,10.261982917785645,3.010146379470825,-1.6763747930526731,0.1001900807023048
2189072219.0,-0.1183868497610092,0.5759627223014832,9.40695571899414,2.556082963943481,-1.0212652683258057,0.3529513776302337
2189080552.0,-0.0428426265716552,0.5917852520942688,9.862289428710938,3.995629072189331,-1.3073506355285645,0.5391924977302551
2189088885.0,-0.8681650757789612,1.2469276189804075,9.588345527648926,3.968502998352051,-0.789020836353302,0.0906359627842903
2189097218.0,-0.5585601925849915,0.7609712481498718,9.869214057922363,3.625272035598755,0.967513620853424,0.2866104245185852
2189105551.0,-0.5875383615493774,0.4622917175292969,10.302935600280762,2.373299598693848,1.3901997804641724,0.5466718077659607
2189113884.0,-0.1561608612537384,0.0684240981936454,10.714078903198242,1.5582548379898071,-0.2184382230043411,0.5014626979827881
2189122217.0,0.0449169166386127,0.1728187799453735,9.794188499450684,2.5555965900421143,-2.440934181213379,0.4474423229694366
2189130550.0,-0.0753223299980163,0.2538383603096008,10.178861618041992,4.3189568519592285,-3.573723793029785,0.3065383434295654
2189138883.0,-1.1870580911636353,0.7072465419769287,10.014012336730955,3.852316856384277,-1.4147253036499023,0.2607913017272949
2189147216.0,0.1616114526987075,1.132432460784912,10.089570045471191,3.227278709411621,1.3313384056091309,0.2514165341854095
2189155549.0,0.3244498372077942,0.8729504942893982,9.658596992492676,3.228405237197876,0.6717972755432129,0.2723689675331116
2189163882.0,-0.1749697178602218,0.6442426443099976,10.337639808654783,2.5911741256713867,-0.0621657483279705,0.3863266706466675
2189172215.0,-0.168249174952507,-0.1290587484836578,9.63868522644043,1.315431833267212,0.0768299028277397,0.625819742679596
2189180548.0,-0.3297177851200104,-0.1654404550790786,8.935291290283203,2.4978106021881104,-0.6072367429733276,0.306743323802948
2189188881.0,-0.7628107666969299,0.1642499417066574,9.356557846069336,3.702601194381714,0.2324875891208648,0.3738012909889221
2189197214.0,-0.2237700521945953,-0.3201738595962524,10.02267360687256,3.738922357559204,0.6296362280845642,0.4807918965816498
2189205547.0,-0.214409589767456,0.5598098039627075,10.072388648986816,3.896347522735596,0.3894260227680206,0.083002932369709
2189213880.0,-0.4910827577114105,1.0496673583984375,10.73235034942627,4.106871128082275,0.6642667651176453,0.3575619161128998
2189222213.0,-0.1061546802520752,1.159986972808838,10.757719039916992,3.584904670715332,-0.0921856462955474,-0.0717454776167869
2189230546.0,-0.2783222198486328,1.200117588043213,10.330120086669922,3.3648526668548584,-0.548810601234436,-0.2038893103599548
2189238879.0,-0.1230936273932457,0.8971346616744995,10.48112678527832,2.691326141357422,0.3808196485042572,0.3504155874252319
2189247212.0,0.634521484375,1.6052337884902954,10.518975257873535,2.071615219116211,0.3254416584968567,0.0739098638296127
2189255545.0,0.1071603000164032,1.540894627571106,9.900870323181152,2.4732723236083984,-0.4670243859291076,-0.2786572873592376
2189263878.0,-0.2060410678386688,0.9473453164100648,9.632740020751951,2.4437389373779297,1.0767838954925537,-0.2425155788660049
2189272211.0,-0.9911292195320128,-0.5131161212921143,9.253619194030762,1.3545446395874023,3.661644458770752,0.0637410208582878
2189280544.0,-0.7376723289489746,0.2460007518529892,9.193902969360352,1.4341795444488523,5.655687808990479,0.3003397583961487
2189288877.0,-0.0934688076376915,0.5214957594871521,10.625065803527832,2.743195056915283,3.771017551422119,0.4752849638462066
2189297210.0,-0.0021951317321509,0.999370813369751,10.923239707946776,3.466207504272461,-1.1478760242462158,-0.3990440964698791
2189305543.0,-0.0091152191162109,0.2486198991537094,10.564541816711426,2.94477915763855,-3.2811837196350098,-0.365438312292099
2189313876.0,0.1015973687171936,-0.2483853697776794,9.012453079223633,1.5119187831878662,-2.288734436035156,0.0832590758800506
2189322209.0,-0.1493299007415771,0.1699302345514297,8.350071907043457,2.187084197998047,0.4535896778106689,0.152135744690895
2189330542.0,-0.5640208721160889,0.2869983911514282,8.599430084228516,3.719353437423706,4.112890720367432,0.3085106611251831
2189338875.0,-0.3801319003105163,0.7519155144691467,10.20965576171875,4.70959997177124,5.786627292633057,0.344191312789917
2189347208.0,-0.3299860060214996,1.282575607299805,11.436774253845217,3.838997602462769,4.644514083862305,0.1023416742682457
2189355541.0,-0.1848660111427307,1.898457646369934,11.0383882522583,2.6903529167175293,2.1863670349121094,0.2613548338413238
2189363874.0,-0.5448586940765381,1.4293843507766724,10.132555961608888,2.119180917739868,-0.2386990487575531,-0.0112446481361985
2189372207.0,-0.7817628383636475,0.8014331459999084,9.93740940093994,1.182365894317627,-0.3341377079486847,-0.0804799199104309
2189380540.0,-0.6651643514633179,0.2273030430078506,9.111055374145508,0.6292008757591248,1.0202021598815918,0.3557433187961578
2189388873.0,-0.0708820819854736,0.0506615787744522,9.886163711547852,1.3711941242218018,1.3412253856658936,0.3486994206905365
2189397206.0,0.1765246838331222,1.0120047330856323,9.714974403381348,2.0728445053100586,0.64198237657547,0.3819210529327392
2189405539.0,-0.2701597809791565,0.456019639968872,9.30193042755127,2.8736226558685303,0.3840982615947723,0.4744909107685089
2189413872.0,-1.3174034357070925,0.3429612517356872,9.71977996826172,1.679794430732727,2.229347944259644,0.3519780039787292
2189422205.0,-1.8130093812942505,1.796765923500061,9.287643432617188,0.7806321978569031,5.069838047027588,0.1632779389619827
2189430538.0,-0.3948294222354889,1.88433575630188,10.56443214416504,2.1325771808624268,4.572307109832764,0.0330039411783218
2189438871.0,-0.4148410260677337,1.552491307258606,11.711105346679688,2.166490077972412,0.8442578911781311,-0.1366775631904602
2189447204.0,-0.7820550799369812,1.254827618598938,10.79755687713623,0.2539779841899872,-2.337631940841675,-0.1987152397632599
2189455537.0,-0.210083395242691,0.2258336395025253,9.506216049194336,-0.8988291025161743,-2.7075016498565674,0.2309763729572296
2189463870.0,0.0750816911458969,-0.8999493718147278,8.507251739501953,-0.5572377443313599,-3.0639235973358154,0.507456362247467
2189472203.0,0.1359630823135376,-0.6410049796104431,8.234878540039062,0.859472930431366,-2.0014452934265137,0.1819763481616974
2189480536.0,-0.4687097370624542,-0.6462233066558838,8.777900695800781,2.426833152770996,0.661013662815094,0.0374095886945724
2189488869.0,-1.0742244720458984,0.5464929938316345,9.440704345703123,3.5123651027679443,4.1637864112854,0.0072872499004006
2189497202.0,-1.1124849319458008,1.652276873588562,10.067676544189451,3.934794664382935,6.302727699279785,0.0622553937137126
2189505535.0,-1.1884671449661257,1.8731287717819207,10.973450660705566,3.134580373764038,5.215558052062988,-0.1177486330270767
2189513868.0,0.0771791785955429,1.127123475074768,11.676965713500977,1.0158989429473877,1.2479127645492554,-0.1428249776363372
2189522201.0,-0.0469964295625686,-0.0715996846556663,11.114258766174316,-1.3922871351242063,-3.841263771057129,0.1718074530363083
2189530534.0,0.2369640469551086,0.0752403810620307,9.80305004119873,-1.3483844995498655,-6.352740287780762,0.2303872406482696
2189538867.0,0.1379658430814743,0.4618245661258697,8.622448921203613,0.9144923090934752,-5.258167266845703,0.0785972848534584
2189547200.0,-0.3854658603668213,0.6684350967407227,8.87646770477295,3.0712108612060547,-1.219903588294983,-0.2593441307544708
2189555533.0,-0.4526125788688659,-0.4963712692260742,10.080445289611816,1.7876814603805542,4.778860569000244,0.2282356321811676
2189563866.0,-0.3426913619041443,0.3402221500873565,9.56768035888672,0.8696931004524231,8.029410362243652,0.2797203063964844
2189572199.0,0.0738486722111702,0.4720046520233154,10.483933448791504,2.176146984100342,6.449958801269531,0.1771864593029022
2189580532.0,-0.6652743220329285,0.5129284262657166,10.2152099609375,3.281810998916626,2.587050437927246,-0.2780424952507019
2189588865.0,-1.1705409288406372,-0.0666854381561279,10.341443061828612,3.107250213623047,0.1920939683914184,-0.3330619037151336
2189597198.0,-1.4934419393539429,0.4013677835464477,9.661728858947754,1.677361011505127,0.0861022546887397,0.1043908149003982
2189605531.0,-1.2065272331237793,1.1944174766540527,10.013050079345703,1.236283779144287,0.2733166813850403,-0.1048134416341781
2189613864.0,0.0786909833550453,2.0087921619415283,10.555716514587402,1.9960788488388064,-0.3305516839027405,-0.4535512328147888
2189622197.0,0.681042492389679,0.4520465731620788,11.324140548706056,1.2633323669433594,-2.666621208190918,-0.4260415732860565
2189630530.0,0.2231075465679168,-0.1300694793462753,9.570125579833984,-0.3360587954521179,-2.71679949760437,-0.1331940293312072
2189638863.0,-0.3740723431110382,-0.4160448014736175,8.062033653259277,-0.1450278013944625,0.2821280062198639,0.4438562989234924
2189647196.0,-1.0695075988769531,0.1497671753168106,7.635429382324219,1.8083010911941528,4.022395610809326,0.2741363942623138
2189655529.0,-0.3691121637821197,0.1760255843400955,9.3995943069458,3.5653605461120605,5.575540065765381,0.2069758176803589
2189663862.0,-0.0314469188451767,-0.2864556610584259,11.020586967468262,2.988630533218384,3.4880826473236084,0.1939637959003448
2189672195.0,-0.1903013885021209,-0.3697876632213592,11.110067367553713,1.0569071769714355,0.0900724530220031,0.4065363109111786
2189680528.0,-0.4494493007659912,0.9841678738594056,9.397419929504396,1.478056788444519,-1.7567780017852783,0.3564861416816711
2189688861.0,-0.3501937985420227,0.7128825783729553,9.761968612670898,3.128202199935913,-1.900115132331848,0.1508806347846985
2189697194.0,-0.1343006640672683,0.8469859957695007,9.775150299072266,2.723548889160156,-0.4697650969028473,0.3729304671287536
2189705527.0,0.0513231232762336,0.5730351209640503,10.218550682067873,1.7273598909378052,1.5915019512176514,0.4013110101222992
2189713860.0,0.1024260371923446,0.530670702457428,9.948378562927246,0.9985324740409852,2.353909730911255,0.4386053383350372
2189722193.0,-0.3327557742595672,1.3219761848449707,9.494356155395508,1.7717750072479248,3.3980228900909424,0.5229017734527588
2189730526.0,-0.4431562125682831,1.063995599746704,9.69410800933838,2.5809030532836914,3.457320213317871,0.6544821262359619
2189738859.0,-0.8078844547271729,0.5415005087852478,10.042397499084473,1.803511023521424,2.6729094982147217,0.5890633463859558
2189747192.0,-0.6686078906059265,0.0163587778806686,9.78886890411377,0.1526224166154861,1.5945758819580078,0.631736695766449
2189755525.0,-0.3227864801883697,-0.3466055989265442,9.350775718688965,0.2119961977005005,0.4966471791267395,0.4758996665477752
2189763858.0,-0.5245485305786133,-0.3856447339057922,9.224410057067873,1.6232380867004397,-0.9375322461128236,0.3925253748893738
2189772191.0,-1.1307090520858765,-0.4913516044616699,9.126051902770996,3.1399593353271484,0.3891186416149139,0.4104553163051605
2189780524.0,-0.5693275928497314,-0.2849705517292022,9.075008392333984,3.7719902992248535,1.647161602973938,0.3507485091686249
2189788857.0,-0.6317633986473083,0.8616302013397217,9.960567474365234,4.353203773498535,1.4873034954071045,0.2686293125152588
2189797190.0,-1.0750561952590942,1.1946051120758057,10.50177001953125,3.04687762260437,1.5989303588867188,0.0624603144824504
2189805523.0,-0.0207398030906915,1.6628870964050293,10.194003105163574,2.37442684173584,0.7019965648651123,0.0228350926190614
2189813856.0,0.2389032989740371,1.0210001468658447,10.814081192016602,2.0848324298858643,-1.917865753173828,0.2356893718242645
2189822189.0,-0.340132862329483,0.4255501329898834,10.174019813537598,0.2464217245578766,-2.2018253803253174,0.4341740906238556
2189830522.0,-0.5661044120788574,0.246508240699768,8.682578086853027,0.306051641702652,-0.2634167969226837,0.5437005162239075
2189838855.0,-0.547184407711029,0.501057505607605,9.180469512939451,1.6985952854156494,2.256012439727783,0.4334056973457336
2189847188.0,-0.2542774975299835,0.4535364210605621,10.551812171936035,1.956735610961914,2.974747896194458,0.3716754019260406
2189855521.0,1.2032941579818726,-0.2409864366054535,10.247097969055176,1.551441311836243,0.4967496395111084,-0.0821960791945457
2189863854.0,0.7560967803001404,-1.1664804220199585,9.450356483459473,1.6745432615280151,-2.2473158836364746,0.471212238073349
2189872187.0,-1.6029664278030396,-1.042626976966858,8.499043464660645,1.440377950668335,-0.2518647611141205,0.6836310625076294
2189880520.0,-2.06953239440918,0.6586119532585144,7.945680141448975,3.4037346839904785,5.58040714263916,0.1815665066242218
2189888853.0,-0.6979540586471558,1.130150318145752,10.289618492126465,5.600642204284668,7.016340732574463,-0.0553011298179626
2189897186.0,0.6942268013954163,1.063326358795166,12.65808391571045,5.023681640625,2.4030632972717285,-0.3444858491420746
2189905519.0,0.6633181571960449,0.8423736095428467,12.154478073120115,2.009321451187134,-2.974811792373657,-0.2060665488243103
2189913852.0,-0.2637057900428772,1.1335786581039429,9.7387113571167,1.097762107849121,-4.318227291107178,0.0186599697917699
2189922185.0,-0.3084506690502167,0.4200044572353363,8.502238273620605,1.6099956035614014,-1.3533793687820437,-0.0967449769377708
2189930518.0,-0.3740640580654144,0.1649274826049804,7.911108016967773,3.140958070755005,2.7193479537963867,-0.253042995929718
2189938851.0,-0.3840340673923492,-0.7251799702644348,9.161131858825684,3.6826484203338623,5.709016799926758,-0.2642620801925659
2189947184.0,-0.8390037417411804,0.3705438375473022,9.55295181274414,3.4004313945770264,6.995312690734863,-0.1772505491971969
2189955517.0,-1.0130854845046997,0.9245725274086,10.440302848815918,3.7203524112701416,5.608377456665039,-0.2167220413684845
2189963850.0,-0.9787633419036864,1.5949642658233645,10.576543807983398,3.187807083129883,3.0542798042297363,0.1434525251388549
2189972183.0,-0.7314403653144836,0.9063243865966796,11.650923728942873,2.040826797485352,-0.5059835910797119,0.284305214881897
2189980516.0,0.4766950011253357,0.5086168050765991,10.523801803588867,0.0594634488224983,-4.46210241317749,-0.1366775631904602
2189988849.0,1.1977438926696775,-0.1360595971345901,10.055209159851074,0.5609133243560791,-6.026491641998291,0.112945981323719
2189997182.0,-0.0052622528746724,-0.4820480942726135,8.770143508911133,1.0522198677062988,-3.79075288772583,-0.018339792266488
2190005515.0,-0.5892413258552551,-0.1524314433336258,7.703164577484131,2.300196886062622,2.180988073348999,0.2786188721656799
2190013848.0,-0.59980309009552,-0.0923065841197967,8.1535062789917,4.225056171417236,7.962890625,0.6521514058113098
2190022181.0,-0.3275921940803528,-0.3479599952697754,10.808472633361816,4.283148288726807,9.038533210754396,0.8558868169784546
2190030514.0,-0.5707581043243408,-0.1680059880018234,11.317066192626951,3.1757423877716064,6.443657875061035,0.6046111583709717
2190038847.0,0.0033889741171151,0.2096236944198608,10.735471725463867,3.598402738571167,1.4012395143508911,0.582531750202179
2190047180.0,-0.1077915728092193,0.4863106906414032,9.952898025512695,4.9372076988220215,-3.057417869567871,0.5253095626831055
2190055513.0,-0.1178762465715408,0.8245090842247009,9.861773490905762,5.168272972106934,-3.8879587650299072,0.5263340473175049
2190063846.0,-0.3075456023216247,0.6030274629592896,9.647781372070312,3.730905055999756,-1.419003129005432,0.4466738104820251
2190072179.0,-0.2281847894191742,1.233920335769653,9.209221839904783,3.08406925201416,2.686408042907715,0.3366350829601288
2190080512.0,0.5593416690826416,0.6781407594680786,9.98318576812744,3.1240270137786865,5.617803573608398,0.77799391746521
2190088845.0,-0.2011153697967529,1.0518704652786257,10.021014213562012,3.7458128929138175,5.254030227661133,0.5132195949554443
2190097178.0,-1.4981199502944946,0.3086842000484466,10.072368621826172,3.823014497756958,5.4570746421813965,0.4173711538314819
2190105511.0,-1.491243839263916,0.0391596220433712,9.826578140258787,3.175051212310791,6.448909282684326,0.8851127624511719
2190113844.0,-0.580281138420105,0.4100176393985748,10.119714736938477,3.8999335765838623,3.937920093536377,0.609144926071167
2190122177.0,-0.004180101212114,0.6476432681083679,10.500115394592283,4.200619220733643,-1.2095810174942017,0.4006706774234772
2190130510.0,-1.0787012577056885,0.3024640083312988,10.25475025177002,3.240521192550659,-3.714346170425415,-0.1331940293312072
2190138843.0,-1.1667929887771606,0.848390519618988,8.97836971282959,2.347506284713745,-1.1903446912765503,-0.0440821014344692
2190147176.0,-0.6340448260307312,1.352759838104248,8.949912071228027,3.2161359786987305,2.274838447570801,0.3174500167369842
2190155509.0,-0.5565814971923828,1.264142632484436,10.028929710388184,3.552297592163086,3.370436429977417,0.1063118875026702
2190163842.0,-0.4094869792461395,0.9635531902313232,10.242488861083984,2.5708367824554443,2.7621238231658936,0.1553887575864792
2190172175.0,-0.3277654647827148,-0.279424786567688,10.278067588806152,1.2702226638793943,1.153652310371399,0.2551817893981933
2190180508.0,-0.2573306858539581,0.1440010368824005,9.618477821350098,1.0190751552581787,-0.4497603178024292,0.2164530903100967
2190188841.0,-0.5325087308883667,0.3093540072441101,9.483953475952148,2.867372989654541,-1.4504317045211792,0.1012914925813674
2190197174.0,-0.5740686655044556,0.7286676168441772,9.655072212219238,3.981182098388672,-0.3273499310016632,-0.2928731441497803
2190205507.0,-0.2408531159162521,0.5688987970352173,9.934374809265137,3.271693706512451,1.3107188940048218,-0.0516126900911331
2190213840.0,-0.6062877178192139,1.5084079504013062,9.76452922821045,2.4870264530181885,3.042471408843994,-0.4746829569339752
2190222173.0,0.659352719783783,0.7067693471908569,10.190991401672363,1.828997254371643,2.6033668518066406,-0.2463576942682266
2190230506.0,0.3183439373970032,0.002624939661473,9.413898468017578,2.159933090209961,0.5104276537895203,-0.2731501758098602
2190238839.0,-1.481440186500549,-0.0356405153870582,9.686738014221191,2.44624924659729,1.3813629150390625,-0.2831141054630279
2190247172.0,-1.5465167760849,0.9839280247688292,9.504454612731934,2.190824031829834,4.6124701499938965,0.0498837195336818
2190255505.0,-0.1559061110019683,2.184289932250977,10.288960456848145,3.528066635131836,4.040453433990479,-0.4090593159198761
2190263838.0,-0.2607154548168182,2.1103405952453613,11.501679420471191,3.54568862915039,1.1575456857681274,-0.800086259841919
2190272171.0,0.1767610609531402,0.8055460453033447,11.441336631774902,-0.0551986806094646,-0.5461467504501343,-0.4975308775901794
2190280504.0,-0.0202492494136095,-0.1395418643951416,9.286596298217772,-2.112124443054199,-1.246977925300598,0.0804415047168731
2190288837.0,-1.1632955074310305,0.1292661726474762,8.011584281921387,-0.4842115342617035,0.9050918817520142,0.0639203265309333
2190297170.0,-1.0037652254104614,0.5444369316101074,8.65035629272461,2.402372121810913,3.820427417755127,-0.0079147992655634
2190305503.0,-0.8117268085479736,1.296796798706055,10.142155647277832,3.948037624359131,4.617875576019287,-0.8250345587730408
2190313836.0,-0.271314799785614,1.6735413074493408,11.11942195892334,2.598090648651123,3.4043242931365967,-0.6180458664894104
2190322169.0,-0.3554248511791229,1.6078805923461914,10.63052749633789,0.1844096779823303,1.1033201217651367,-0.0742044374346733
2190330502.0,-0.9469150304794312,-0.0372815169394016,9.380988121032717,-1.6876705884933472,-0.6512930989265442,0.0040342416614294
2190338835.0,-0.8622685074806213,-1.199442744255066,8.31736946105957,-1.9704519510269165,-0.239877313375473,0.5556880235671997
2190347168.0,-1.295051097869873,-1.6277722120285034,9.055363655090332,-0.6372309327125549,0.5274098515510559,0.6235657334327698
2190355501.0,-0.4183999896049499,0.0794024094939231,9.838387489318848,2.0183887481689453,0.5013602375984192,0.3464197218418121
2190363834.0,0.6616252660751343,0.4258526265621185,11.051033973693848,4.536985874176025,-1.1874760389328003,0.1320541948080063
2190372167.0,0.4067775905132293,-1.189105749130249,11.071109771728516,3.399765014648437,-3.063257932662964,0.3124808967113495
2190380500.0,-0.3187741041183471,-1.6830813884735107,8.851630210876465,1.0702011585235596,-1.1299207210540771,0.8607535362243652
2190388833.0,-1.051574468612671,-0.582831621170044,7.271982192993164,2.4758331775665283,3.136885404586792,0.9580107927322388
2190397166.0,-0.9353235363960266,-0.7635481357574463,8.902505874633789,5.71588134765625,5.571263790130615,0.8546831607818604
2190405499.0,-0.4863937199115753,-0.2148609608411789,10.77199649810791,6.824516296386719,4.1170148849487305,0.5599144101142883
2190413832.0,-0.0599095821380615,0.4987117350101471,11.4254732131958,6.0210490226745605,0.6025108695030212,0.5744376182556152
2190422165.0,-0.6411647796630859,1.195793628692627,10.553630828857422,4.7207932472229,-2.239657402038574,0.6339395046234131
2190430498.0,-0.4935933649539947,1.5351399183273315,9.92920207977295,3.987252712249756,-2.711599826812744,0.9332931637763976
2190438831.0,-0.3033881783485412,0.7984212040901184,9.850762367248535,3.080073118209839,-1.3189024925231934,0.8636223077774048
2190447164.0,-0.6138744950294495,0.6805846095085144,9.41372013092041,2.943882465362549,0.3354568481445312,0.5238751173019409
2190455497.0,-0.3284731209278106,0.2700421512126922,9.45974063873291,3.3391101360321045,2.2010693550109863,0.4264386296272278
2190463830.0,-0.3387075066566467,0.3348559439182281,9.173808097839355,4.059689998626709,2.636742115020752,0.469342440366745
2190472163.0,-0.64710533618927,-0.4556698501110077,9.78264331817627,3.98935341835022,1.8782023191452024,0.7634707093238831
2190480496.0,-0.938061773777008,-0.4481828510761261,9.75521755218506,3.0894742012023926,0.8958963751792908,0.6205176711082458
2190488829.0,-0.2573398351669311,0.2875475883483886,9.40135383605957,3.810821294784546,-0.5441487431526184,0.1367415934801101
2190497162.0,-0.1949529200792312,-0.0761253908276557,10.128535270690918,4.738492488861084,-1.941764116287232,0.0966553166508674
2190505495.0,-0.2559650242328644,-0.374905914068222,9.934124946594238,4.33878231048584,-1.8037033081054688,0.0172511879354715
2190513828.0,0.4939354360103607,-0.5433834195137024,9.025113105773926,4.560013294219971,-0.8642500042915344,0.2340244799852371
2190522161.0,0.0514506958425045,0.1684436202049255,8.810839653015137,5.842722892761231,0.1803370267152786,0.5447507500648499
2190530494.0,-1.4396202564239502,1.0648937225341797,9.033117294311523,6.579669952392578,2.869140148162842,0.1689386814832687
2190538827.0,-1.5481067895889282,1.0300261974334717,9.52698040008545,6.287641525268555,5.691214084625244,-0.3673337697982788
2190547160.0,0.3581233322620392,-0.2948521971702575,10.728970527648926,4.861107349395752,4.587087154388428,-0.0637538358569145
2190555493.0,0.7445259094238281,-0.4073508083820343,11.077044486999512,4.2401933670043945,-0.9616864919662476,0.3251086771488189
2190563826.0,-0.57114577293396,0.0239982344210147,10.28519344329834,4.454302310943604,-4.528929233551025,0.2678096294403076
2190572159.0,-1.2863754034042358,1.3600776195526123,8.701443672180176,6.18159818649292,-2.2279515266418457,-0.1302483677864074
2190580492.0,-0.7577434778213501,1.1868382692337036,9.831174850463867,7.163392543792725,1.6163992881774902,-0.1784800142049789
2190588825.0,0.5981964468955994,0.8760163187980652,11.395021438598633,5.063050270080566,3.071953535079956,-0.1932850033044815
2190597158.0,0.6501411199569702,0.4781608283519745,10.868111610412598,2.947545051574707,2.2578563690185547,0.2270317524671554
2190605491.0,-0.3816761970520019,0.3286729753017425,9.646989822387695,3.2170066833496094,1.9453113079071045,0.3370192945003509
2190613824.0,-0.8951264023780823,0.3752170205116272,9.380435943603516,4.616901397705078,2.893089532852173,0.4299477040767669
2190622157.0,-0.8718554377555847,0.9683881998062134,9.971467971801758,5.397214412689209,3.531216859817505,0.4692143499851227
2190630490.0,-0.3581689894199371,1.090696930885315,10.766777992248535,4.967355251312256,2.478010654449463,0.125061497092247
2190638823.0,-0.4822658896446228,0.8473221659660339,10.365751266479492,3.7379746437072754,1.039617657661438,0.0091827027499675
2190647156.0,-1.013513207435608,0.7895411252975464,9.391307830810549,2.9806900024414062,1.5085376501083374,0.2426820993423462
2190655489.0,-0.8530443906784058,0.1842312514781952,9.271260261535645,3.275996446609497,2.355625867843628,0.7019709348678589
2190663822.0,-1.0478951930999756,0.2192780077457428,9.921411514282228,3.776089429855346,2.2428979873657227,0.726765513420105
2190672155.0,-1.1050139665603638,0.7337189316749573,9.889843940734863,3.8266255855560303,1.3443247079849243,0.5698270797729492
2190680488.0,-0.7739166617393494,0.6297147274017334,10.1103515625,4.6413893699646,0.8365993499755859,0.6805317997932434
2190688821.0,-0.966524302959442,0.5021900534629822,10.276601791381836,3.832875490188599,-0.0081709409132599,0.8229469060897827
2190697154.0,0.1952742487192154,0.6780621409416199,10.02001667022705,3.65109133720398,-1.299256443977356,0.7455151081085205
2190705487.0,-0.8514058589935303,1.096611499786377,9.524255752563477,4.769485950469971,-1.598661184310913,0.6952855587005615
2190713820.0,-1.7081077098846436,1.7075833082199097,9.935894966125488,4.310863494873047,1.0053972005844116,0.6674173474311829
2190722153.0,-0.7515036463737488,2.052168607711792,10.173569679260254,3.5116474628448486,3.62191653251648,0.6883697509765625
2190730486.0,-0.3636177480220794,2.80114483833313,11.028714179992676,3.364928960800171,1.83199405670166,0.4371196925640106
2190738819.0,-0.8093562722206116,2.246328830718994,11.618632316589355,1.847874879837036,-0.2695129513740539,0.3553847074508667
2190747152.0,-0.4723522365093231,1.5260732173919678,10.086286544799805,0.2949607372283935,-1.368082046508789,0.222472459077835
2190755485.0,-0.5872582197189331,0.5630453824996948,9.323200225830078,0.5773065090179443,-2.0745227336883545,0.3346628248691559
2190763818.0,-1.2493226528167725,0.2060877084732055,9.409164428710938,0.5543304085731506,-0.1071699559688568,0.5995907783508301
2190772151.0,-0.8499558568000793,0.9797157049179076,9.520099639892578,1.1688417196273804,1.6748253107070925,0.769694983959198
2190780484.0,-1.3916833400726318,2.36191987991333,10.051609992980955,3.1362454891204834,1.7641677856445312,0.0134090529754757
2190788817.0,-1.050918698310852,2.495258331298828,11.385854721069336,2.7710886001586914,1.327777862548828,-0.1348077058792114
2190797150.0,-0.3909672498703003,1.0369046926498413,11.125810623168944,-0.4564968645572662,-0.5727598667144775,-0.4942010045051574
2190805483.0,0.6671105027198792,0.8410715460777283,10.048906326293944,-1.9130760431289675,-2.934930324554444,-0.2966384887695312
2190813816.0,0.2471671104431152,-0.6141285300254822,9.405668258666992,-1.3246145248413086,-4.288463592529297,0.5885511040687561
2190822149.0,-1.1431262493133545,-0.2738565802574157,7.928572177886963,0.6655219197273254,-2.658988237380981,0.1757008582353592
2190830482.0,-1.2359641790390017,0.4940431118011474,8.278864860534668,3.596097707748413,1.686249017715454,-0.0629854053258895
2190838815.0,-0.8990270495414734,0.3287182450294494,10.47396183013916,3.748298168182373,4.991561412811279,0.0217336807399988
2190847148.0,-0.7332488894462585,0.7199761271476746,10.918120384216309,1.8710558414459229,4.341728210449219,-0.2563472390174866
2190855481.0,0.0101859159767627,0.4253612458705902,10.36870002746582,0.9582156538963318,1.7512835264205933,-0.1085531264543533
2190863814.0,0.3588234782218933,-0.7204058170318604,9.837742805480955,1.25221586227417,-2.96274733543396,0.3876586556434631
2190872147.0,-0.8270957469940186,-1.3062162399291992,9.597046852111816,1.029961109161377,-4.96782922744751,0.6113733053207397
2190880480.0,-1.0874452590942385,-0.2531468272209167,8.334413528442383,1.3967825174331665,-2.0146875381469727,0.7924404144287109
2190888813.0,-0.2033311426639557,0.8418929576873779,8.453598022460938,3.99006986618042,0.4193946123123169,0.2360479533672332
2190897146.0,0.6266039609909058,0.9120338559150696,10.63776683807373,4.609909534454346,0.7701560854911804,0.0044440696947276
2190905479.0,-0.2234111875295639,0.4678141474723816,10.813572883605955,1.7423442602157593,1.3555182218551636,0.4844804108142853
2190913812.0,-0.2025805562734604,1.0236443281173706,9.936409950256348,0.0763944610953331,2.2706122398376465,0.5322765707969666
2190922145.0,-0.6496140956878662,1.116810917854309,9.301058769226074,0.8923102617263794,3.121081829071045,0.6271005272865295
2190930478.0,-1.151850342750549,1.1992716789245603,9.45520305633545,2.471863269805908,2.9526424407958984,-0.0224380679428577
2190938811.0,-0.3351196348667145,-0.784976601600647,10.633042335510254,1.8381669521331787,1.6085357666015625,1.28071187646e-05
2190947144.0,-0.911629855632782,-0.2312156558036804,9.427668571472168,0.4437281787395477,0.3345346748828888,0.0378194153308868
2190955477.0,-0.8814042806625366,0.4046317040920257,9.265125274658203,1.6008511781692505,0.6799682974815369,0.1484216749668121
2190963810.0,-0.5191810131072998,0.3285482823848724,8.977210998535156,2.4983227252960205,0.3560762405395508,-0.0401887372136116
2190972143.0,-0.2470618188381195,-0.5513595938682556,9.618432998657228,2.795729875564575,-0.4641043543815613,-0.2845228910446167
2190980476.0,-0.8374906182289124,-1.7412806749343872,9.244397163391112,1.3792879581451416,0.1115884110331535,0.0492945909500122
2190988809.0,-1.68147075176239,-1.2580668926239014,8.550511360168457,1.860323548316956,2.6632273197174072,0.282665878534317
2190997142.0,-1.0637959241867063,-0.2014099359512329,8.621655464172363,4.840258598327637,3.627578020095825,0.3422958552837372
2191005475.0,-0.99365496635437,-0.046784408390522,10.667242050170898,6.575110912322998,2.3315742015838623,0.1406605839729309
2191013808.0,-0.6437310576438904,-0.541018545627594,11.571649551391602,4.349592208862305,-0.5450709462165833,-0.0105274515226483
2191022141.0,0.2146146595478058,0.0564093440771102,9.870991706848145,3.0898327827453613,-2.9100589752197266,0.2699356377124786
2191030474.0,-0.064430758357048,-0.1560146659612655,9.005925178527832,4.827041149139404,-4.458542346954346,-0.0310444515198469
2191038807.0,-1.3469438552856443,0.1606821119785308,8.893548965454102,5.841620922088623,-1.6968663930892944,-0.1740999817848205
2191047140.0,-1.2328232526779177,0.715598464012146,9.292006492614746,5.7903151512146,3.655573606491089,0.386736512184143
2191055473.0,0.0724570006132125,1.665394902229309,10.085466384887695,5.480204582214356,4.647767543792725,0.3093303740024566
2191063806.0,0.2784618735313415,1.9149962663650515,11.45637035369873,5.051037311553955,1.4214235544204712,-0.0679801702499389
2191072139.0,-0.1860463619232177,0.1400626897811889,11.142996788024902,1.8666757345199585,-1.1410373449325562,0.1306710243225097
2191080472.0,-0.3792631924152374,-0.4173858761787414,8.717833518981934,0.6817357540130615,-1.7515270709991455,0.4010036885738373
2191088805.0,-0.5835139751434326,-0.7418326139450073,7.849801540374756,2.778465747833252,-0.8254444003105164,0.3814600110054016
2191097138.0,-1.0747601985931396,-0.7065722346305847,8.392178535461426,5.3575119972229,1.3558768033981323,0.5683926939964294
2191105471.0,-1.2844746112823486,-0.3210135698318481,9.903068542480469,6.083650588989258,3.0357866287231445,0.130927175283432
2191113804.0,-0.5496898293495178,0.2479035705327987,10.762932777404783,5.673181056976318,3.6123368740081774,0.3399393260478973
2191122137.0,0.0229840446263551,0.4825628995895386,11.06865692138672,5.344295024871826,1.0141828060150146,0.3340224325656891
2191130470.0,-0.6107103824615479,0.4720560014247894,10.825230598449709,5.2946553230285645,-1.662184715270996,-0.257269412279129
2191138803.0,-0.5382378697395325,0.0443650856614112,10.189839363098145,4.975474834442139,-1.223796844482422,0.2393009662628173
2191147136.0,-0.6510148644447327,0.8023114800453186,9.02137279510498,5.953887939453125,0.4885018467903137,0.0779313072562217
2191155469.0,-0.3889364004135132,1.483418583869934,10.22646427154541,7.6663289070129395,1.976279377937317,0.1409679502248764
2191163802.0,-0.8432114720344543,0.7895918488502502,10.990469932556152,5.87835168838501,2.953282594680786,0.2815132439136505
2191172135.0,-1.3742244243621826,1.298396348953247,9.990957260131836,4.558757305145264,3.584853410720825,0.0897138565778732
2191180468.0,-0.8102392554283142,1.5886439085006714,10.139586448669434,4.829653263092041,3.963815450668335,0.5763843655586243
2191188801.0,-1.6916757822036743,1.281933069229126,11.372516632080078,5.147654533386231,2.29192328453064,0.6767665147781372
2191197134.0,-1.4580157995224,1.4387569427490234,11.469905853271484,3.462801694869995,0.6588110327720642,0.4180115163326263
2191205467.0,-0.7877367734909058,1.4912173748016355,10.014880180358888,3.1794567108154297,-0.4208931624889374,0.8139820098876953
2191213800.0,-0.215754359960556,1.3853888511657717,10.784382820129396,3.524301290512085,-2.401283502578736,0.6371669173240662
2191222133.0,-0.595586359500885,1.7128984928131104,10.31413459777832,1.9796347618103027,-2.415038108825684,0.5739253759384155
2191230466.0,-0.6255375146865845,1.780256748199463,9.128063201904297,2.2420010566711426,-0.1901856958866119,0.4111212790012359
2191238799.0,-0.4177622199058532,1.4638381004333496,9.959087371826172,2.657643318176269,2.31018614768982,0.3812806606292724
2191247132.0,-0.7486700415611267,1.0087019205093384,10.491436004638672,1.7216734886169434,3.6291139125823975,0.8090639114379883
2191255465.0,-0.7976463437080383,0.6947681903839111,9.99408721923828,1.391224384307861,4.052774429321289,0.7390860319137573
2191263798.0,-1.3591653108596802,1.5358662605285645,10.32638931274414,2.388796329498291,3.3818092346191406,0.6363472938537598
2191272131.0,-1.446777105331421,2.4383487701416016,10.872058868408203,2.876952171325684,2.031554698944092,0.1234734132885932
2191280464.0,-0.9461215734481812,2.0818588733673096,10.95111846923828,2.399067640304565,0.5314057469367981,-0.2204361259937286
2191288797.0,-0.6092720031738281,1.1362792253494265,10.32679557800293,0.72054123878479,-1.0735180377960205,-0.1520460993051529
2191297130.0,-1.2220274209976196,0.1564255207777023,8.713665008544922,-0.4524498283863067,-0.6260887384414673,0.200879618525505
2191305463.0,-1.048306226730347,0.2307222932577133,8.768840789794922,0.0547504238784313,1.282799243927002,0.507251501083374
2191313796.0,-1.017673134803772,0.8736371397972107,9.62292194366455,1.1807008981704712,1.9368075132369995,0.3514145016670227
2191322129.0,-0.8070746064186096,1.640153408050537,9.957067489624023,2.1637752056121826,1.3694010972976685,-0.0416743643581867
2191330462.0,-1.4107900857925415,0.8391667008399963,10.76890468597412,1.4602036476135254,1.2594648599624634,-0.2978423237800598
2191338795.0,-1.291287183761597,0.3695763051509857,10.108527183532717,-0.6470156311988831,1.6884775161743164,-0.1019958779215812
2191347128.0,-0.5015501976013184,-0.2628598213195801,9.87259006500244,-0.1464109569787979,1.1097239255905151,0.3470856845378876
2191355461.0,-0.4408941566944122,0.0728731900453567,9.941929817199709,1.228369116783142,-1.0897833108901978,0.1192726865410804
2191363794.0,-0.337353378534317,0.4544858038425445,9.291933059692385,2.406213998794556,-2.441471815109253,0.0785204395651817
2191372127.0,-0.5138007998466492,-0.0680354908108711,8.65748119354248,2.7145071029663086,-1.9917629957199097,-0.0395483821630477
2191380460.0,-0.7340891361236572,-0.1148961186408996,8.476433753967285,1.3059800863265991,0.2290808856487274,0.2301310896873474
2191388793.0,-1.0539042949676514,-0.2352459579706192,8.277152061462402,0.7495109438896179,3.324202299118042,0.4075096547603607
2191397126.0,-1.4561079740524292,0.5441365242004395,9.141549110412598,1.8090182542800903,4.912515640258789,0.2081284672021865
2191405459.0,-1.67183518409729,1.1546415090560913,10.456398963928224,2.831538438796997,3.87319278717041,-0.093005284667015
2191413792.0,-1.0806182622909546,0.8341754078865051,10.816917419433594,2.427320003509521,1.3314149379730225,-0.2073728293180465
2191422125.0,-0.0921103209257125,-0.1228228136897087,10.499677658081056,1.2258845567703247,-3.00716233253479,0.1088220849633216
2191430458.0,-0.6833731532096863,0.1057214438915252,9.490108489990234,0.2828963994979858,-5.504575729370117,0.1618435382843017
2191438791.0,-0.8534066677093506,-0.3426535427570343,8.7820463180542,0.4005426168441772,-4.180397033691406,0.1490876674652099
2191447124.0,-0.1058504357933998,-0.3979806900024414,8.205549240112305,1.9704391956329343,-1.6607757806777954,-0.0154197691008448
2191455457.0,0.653827428817749,-0.2425282746553421,9.344359397888184,3.7132315635681152,0.0515998788177967,-0.0275353007018566
2191463790.0,-0.4393038153648376,-0.2537272274494171,9.61231803894043,3.3690013885498047,1.7886289358139038,-0.1024057045578956
2191472123.0,-1.599212408065796,0.0363380573689937,8.591136932373047,3.051513671875,4.8108015060424805,-0.4577007591724396
2191480456.0,-1.1314585208892822,-0.3535952568054199,9.147459983825684,3.497021675109864,6.61693811416626,-0.0382676646113395
2191488789.0,-0.413104236125946,-0.6903830766677856,10.8371000289917,3.656188726425171,3.6684067249298096,0.0428654253482818
2191497122.0,-0.5772181749343872,-0.6952020525932312,10.825848579406738,3.51231336593628,-1.6522973775863647,-0.0268437173217535
2191505455.0,-1.3070068359375,-0.0667373612523078,9.3414945602417,4.213170051574707,-3.520010471343994,-0.0923905447125434
2191513788.0,-0.4417760670185089,0.2712055146694183,9.275696754455566,5.099679470062256,-2.572873115539551,0.1258043199777603
2191522121.0,-0.0946960002183914,0.4186707735061645,9.481257438659668,4.855216979980469,-1.7013486623764038,0.1281352192163467
2191530454.0,-0.0662903636693954,0.4993498623371124,9.785541534423828,3.7105677127838135,-0.3490195572376251,0.3321525454521179
2191538787.0,-0.8296270966529846,0.602186918258667,9.15714168548584,2.5919430255889893,2.30946946144104,0.1686313152313232
2191547120.0,-0.7182161808013916,0.8990811705589294,9.118130683898926,3.6242735385894775,4.481351852416992,0.0965272560715675
2191555453.0,-0.2437115907669067,0.1080403998494148,10.531229972839355,3.8670191764831534,4.1359944343566895,0.2345879673957824
2191563786.0,-1.1179018020629885,0.3393431603908539,9.959203720092772,3.2729744911193848,1.5897092819213867,0.0721681118011474
2191572119.0,-1.1961826086044312,0.0873982012271881,9.091742515563965,3.8073127269744873,0.5171642303466797,-0.0245640501379966
2191580452.0,-1.5602385997772217,0.0370627418160438,8.840706825256348,4.698457717895508,0.4575343132019043,0.1900960505008697
2191588785.0,-1.1904784440994265,-0.1068245992064476,9.90851593017578,4.579710006713867,0.3749027550220489,-0.0089393686503171
2191597118.0,-0.775495171546936,-0.1036036387085914,9.97380256652832,3.8156368732452393,-0.7052110433578491,0.0361288785934448
2191605451.0,-0.6145532727241516,0.367275059223175,9.960761070251465,4.365037441253662,-1.47835111618042,-0.0565818473696708
2191613784.0,-0.5389479398727417,0.9482471942901612,9.790031433105469,5.1230645179748535,-1.4278653860092163,0.2446287274360656
2191622117.0,-0.6593155860900879,0.7046658992767334,10.412989616394045,5.161690711975098,-0.5327247977256775,-0.0442357808351516
2191630450.0,-0.228627011179924,0.4289110600948334,10.37156105041504,3.974548101425171,0.7088355422019958,0.0884843692183494
2191638783.0,-0.2723720669746399,0.76097172498703,9.724127769470217,3.950957536697388,1.0472251176834106,0.1086171567440033
2191647116.0,-0.6875772476196289,0.7720109224319458,10.34045124053955,4.867588043212891,1.280442714691162,0.0508570671081543
2191655449.0,-1.3195867538452148,0.8250535726547241,10.57844352722168,4.283481121063232,2.1675918102264404,-0.0271767061203718
2191663782.0,-0.8215121626853943,1.049832463264465,10.49343490600586,4.332865715026856,2.331395149230957,-0.1873425245285034
2191672115.0,-0.0848985835909843,1.08139967918396,10.909523963928224,4.640134334564209,0.5768197774887085,0.0657901614904403
2191680448.0,-0.4846412539482116,1.243452072143555,11.070987701416016,3.761232376098633,-1.3854995965957642,-0.2063995003700256
2191688781.0,-0.8810740113258362,1.5804007053375244,10.328015327453612,3.115728616714477,-0.779594898223877,-0.3700488805770874
2191697114.0,-0.6480856537818909,1.2581037282943726,9.757817268371582,3.128561019897461,1.0064473152160645,-0.4876949787139892
2191705447.0,0.2438736110925674,0.4200758635997772,10.38356113433838,3.2115252017974854,1.738373875617981,-0.1097313687205314
2191713780.0,-0.6026836037635803,0.5091042518615723,10.09120273590088,3.201869010925293,2.086958169937134,-0.0163674969226121
2191722113.0,-0.9972246885299684,0.4942149817943573,10.237590789794922,3.1867308616638184,2.8891961574554443,0.0484493263065815
2191730446.0,-1.2674466371536257,1.7327804565429688,9.682756423950195,3.8572089672088623,3.5264525413513184,-0.2463320791721344
2191738779.0,-0.5749413967132568,2.285286664962769,10.466093063354492,4.452816963195801,2.3110058307647705,-0.6523945331573486
2191747112.0,-0.5852810740470886,1.417951583862305,11.288908004760742,2.6614089012146,0.4070742428302765,-0.587283194065094
2191755445.0,-0.832512378692627,0.779695451259613,10.124563217163086,-0.3560890853404999,-0.508340060710907,-0.2388783395290374
2191763778.0,-1.0829476118087769,1.1232752799987793,8.495281219482422,0.4839937686920166,0.428385317325592,-0.1733315289020538
2191772111.0,-0.8617062568664551,1.081409215927124,10.599955558776855,1.9499987363815308,1.3197606801986694,-0.3205108940601349
2191780444.0,-0.8976508378982544,1.6773829460144043,11.395732879638672,1.5385830402374268,1.7766417264938354,-0.3141074180603027
2191788777.0,-0.8351540565490723,1.4699188470840454,10.441117286682127,1.5128917694091797,1.4831281900405884,-0.7457072138786316
2191797110.0,-0.132315382361412,1.5160578489303589,10.49299144744873,1.441223382949829,1.4940656423568726,-0.635899007320404
2191805443.0,-0.4451786279678345,0.8511453866958618,10.53890609741211,0.1906083226203918,-0.0502807423472404,-0.5623860955238342
2191813776.0,-0.9875501394271852,0.4692336618900299,9.043217658996582,-0.0628573298454284,0.4545117914676666,-0.8667344450950623
2191822109.0,-0.4225541353225708,-0.2648562490940094,8.782061576843262,0.6195442080497742,1.677540302276611,-0.1933362483978271
2191830442.0,-0.5004263520240784,-0.0208685286343097,9.571393966674805,1.7440348863601685,1.5883259773254397,-0.3061157464981079
2191838775.0,-0.76389479637146,0.1020691618323326,10.075835227966309,1.7357101440429688,1.696674108505249,-0.1225641071796417
2191847108.0,-0.8072277903556824,0.3059939742088318,9.32722282409668,1.795263409614563,1.7408844232559204,-0.2348057180643081
2191855441.0,-0.6770768165588379,0.7597388625144958,9.537869453430176,2.8375067710876465,1.523060917854309,-0.386851817369461
2191863774.0,-0.8081583976745605,0.0363153666257858,10.557379722595217,2.004480361938477,1.402033448219299,0.1406349539756775
2191872107.0,-1.08577299118042,0.0942816212773323,9.303781509399414,1.0470201969146729,1.1724276542663574,0.0928131714463234
2191880440.0,-0.1511419415473938,0.3226662874221802,9.140177726745604,2.1872379779815674,0.7507660388946533,0.2959340512752533
2191888773.0,-0.176326185464859,0.0367363765835762,9.46742343902588,2.835303544998169,-0.5857719779014587,0.1918121874332428
2191897106.0,-0.3877330720424652,-0.0972491949796676,9.30798625946045,2.136573076248169,-0.9067695140838624,0.1655576080083847
2191905439.0,-1.170718550682068,-0.0966995507478714,8.98726749420166,1.5430654287338257,1.0017342567443848,0.4973644614219665
2191913772.0,-2.039983034133911,0.9340453743934632,9.059062957763672,2.0305302143096924,4.5261759757995605,0.4029247164726257
2191922105.0,-0.8834674954414368,1.2759124040603638,10.376335144042969,3.241494417190552,5.356820583343506,0.455741286277771
2191930438.0,-0.6144727468490601,0.929774820804596,11.182034492492676,3.0139377117156982,1.700337052345276,0.163431629538536
2191938771.0,-0.8586497902870178,0.927399754524231,10.9281587600708,1.162540316581726,-1.712721347808838,0.1415570527315139
2191947104.0,-1.3221598863601685,-0.0047195851802825,9.16748332977295,-0.0078891841694712,-2.60896372795105,0.5401402115821838
2191955437.0,-0.9331458210945128,-0.1191203370690345,8.48023796081543,0.6300716996192932,-1.8244251012802124,0.2951655983924866
2191963770.0,-0.6860119700431824,-0.1197999939322471,8.92348861694336,1.7936241626739502,-0.8236769437789917,0.2850480079650879
2191972103.0,-0.542224645614624,-0.162791445851326,9.161040306091309,2.50311279296875,-0.2363937795162201,0.0619480274617672
2191980436.0,-0.7113426923751831,0.2773261964321136,9.63541316986084,2.9289238452911377,0.7924660444259644,0.0266772247850894
2191988769.0,-1.3730970621109009,0.9411889314651488,9.246333122253418,2.678057909011841,1.4684768915176392,-0.0387287251651287
2191997102.0,-0.8311304450035095,0.7059308886528015,9.63739013671875,2.55364990234375,1.7123758792877195,-0.1373947709798813
2192005435.0,-0.854213535785675,0.2872565686702728,10.04760456085205,2.0714361667633057,0.327260285615921,-0.0294307544827461
2192013768.0,-1.0031627416610718,-0.2529089152812958,10.145062446594238,1.0177174806594849,-1.35084331035614,0.1284681856632232
2192022101.0,-0.3938547670841217,0.1323249489068985,9.60242748260498,1.561123609542847,-2.861955165863037,0.0003457921848166
2192030434.0,-0.0510119386017322,0.2724606096744537,9.861907958984377,3.1735141277313232,-3.978940725326538,-0.2395955622196197
2192038767.0,-0.4337449967861175,0.3206531107425689,9.616042137145996,3.3425168991088867,-2.915591239929199,-0.2649280130863189
2192047100.0,-0.9331831932067872,0.54384845495224,9.06523609161377,2.7147634029388428,0.3673978149890899,-0.2540163993835449
2192055433.0,-0.9497960805892944,0.9231902956962584,9.05449676513672,2.6648924350738525,3.291980028152466,-0.2450770139694214
2192063766.0,-0.6934165954589844,0.3696025311946869,10.24570369720459,2.653647422790528,3.6859781742095934,-0.1050439849495887
2192072099.0,-0.6718764901161194,-0.4229346811771393,10.334790229797363,2.167105197906494,1.2590550184249878,-0.059220116585493
2192080432.0,-0.6973519921302795,-0.8239786624908447,10.152017593383787,2.248097419738769,-1.3248964548110962,0.2085126936435699
2192088765.0,-0.6141093969345093,0.227166086435318,9.674598693847656,3.427581548690796,-3.0196878910064697,0.2095116376876831
2192097098.0,-0.263629674911499,1.005693793296814,9.897850036621094,4.6575775146484375,-3.993156909942627,-0.1461036205291748
2192105431.0,-0.3461208343505859,0.4860557913780212,10.141172409057615,4.234097003936768,-2.81041955947876,-0.2778119742870331
2192113764.0,-0.0652810856699943,0.6490857005119324,9.844449043273926,2.8016724586486816,-0.179248422384262,0.1278022229671478
2192122097.0,-0.3348061442375183,1.025736689567566,9.635859489440918,2.7330515384674072,1.9085806608200075,0.2786957025527954
2192130430.0,-0.8521601557731628,1.0923360586166382,9.940950393676758,2.850313901901245,3.4590871334075928,0.2079235613346099
2192138763.0,-0.685885488986969,0.7844122648239136,9.959732055664062,3.138934850692749,3.6031417846679688,0.3810245990753174
2192147096.0,-0.1169685423374176,0.3156994879245758,10.51219654083252,3.139780282974243,1.2757810354232788,0.4003120958805084
2192155429.0,-0.7918450832366943,0.2647334039211273,10.425957679748535,2.438795566558838,-1.4030711650848389,0.2624562680721283
2192163762.0,-1.0907049179077148,0.2229731827974319,9.550695419311523,2.027994632720948,-1.3838090896606443,0.448236346244812
2192172095.0,-0.7752121090888977,0.4476374983787536,9.041789054870604,3.1943893432617188,0.001575275324285,0.4011829197406769
2192180428.0,-0.2848976552486419,0.8877953886985779,10.22282600402832,4.172110557556152,-0.0132937878370285,0.191479206085205
2192188761.0,-0.8469328284263611,0.539655864238739,11.047890663146973,3.1633448600769043,0.4912938177585602,0.0960149616003036
2192197094.0,-0.5154160857200623,0.8458678722381592,9.869989395141602,2.329730033874512,1.2247575521469116,0.1576684415340423
2192205427.0,-0.3392793834209442,1.3142954111099243,10.252848625183104,3.405348062515259,1.468989014625549,0.3358410000801086
2192213760.0,-0.4934839606285095,0.8874692916870117,10.756020545959473,3.1411890983581543,0.2586141526699066,-0.236112043261528
2192222093.0,-0.4552764892578125,0.1435533314943313,9.74128532409668,2.6405587196350098,-0.0713612586259841,-0.3003012835979461
2192230426.0,-0.2464008778333664,0.3553814589977264,9.989395141601562,2.4614126682281494,0.773229718208313,0.2681938409805298
2192238759.0,-1.1191837787628174,1.0134999752044678,10.059892654418944,2.2408742904663086,1.3751897811889648,0.3391452729701996
2192247092.0,-0.7788812518119812,1.7321757078170776,9.787705421447754,2.9393999576568604,2.4359521865844727,-0.1717946678400039
2192255425.0,-0.1306962370872497,1.3229200839996338,10.378222465515137,2.9956746101379395,1.6638623476028442,-0.2687445878982544
2192263758.0,-0.3886926472187042,0.1533354967832565,10.880411148071287,0.849713921546936,0.1082329601049423,-0.1981005072593689
2192272091.0,-0.9117802381515504,0.1142811402678489,9.774409294128418,-0.7880475521087646,0.7940797209739685,0.2386350184679031
2192280424.0,-1.3237046003341677,0.8390556573867798,8.632282257080078,1.2456587553024292,2.09761381149292,0.1202204152941703
2192288757.0,-0.0389414615929126,0.9933935403823853,10.378263473510742,3.601578950881958,1.7986186742782593,-0.1370617747306823
2192297090.0,-0.0137124899774789,-0.3574098646640777,11.124679565429688,2.6885855197906494,-0.3408742845058441,-0.1613696962594986
2192305423.0,0.0318373031914234,-0.227088451385498,9.91366195678711,0.6836054921150208,-0.9678082466125488,-0.1848323047161102
2192313756.0,-0.4412378072738647,0.5169799327850342,8.615866661071777,1.7397059202194214,0.5698526501655579,-0.0136011578142642
2192322089.0,-0.509377658367157,0.7767237424850464,8.965229034423828,3.5988898277282715,2.2402851581573486,-0.4244791269302368
2192330422.0,-0.839339017868042,0.8684890866279602,9.466904640197754,4.326000213623047,4.004311561584473,-0.5705570578575134
2192338755.0,-0.4271702766418457,0.2779786288738251,10.650819778442385,2.826364278793335,4.546565055847168,-0.3026834428310394
2192347088.0,-0.7374827265739441,0.3745494484901428,9.622806549072266,1.6026952266693115,3.425813674926758,-0.5035757422447205
2192355421.0,-0.7218230962753296,0.3249233067035675,9.512974739074709,2.6264965534210205,2.1353695392608643,-0.3482255637645721
2192363754.0,-1.0955196619033811,0.0928114354610443,9.772771835327148,3.2335283756256104,0.8027116656303406,-0.2923609018325805
2192372087.0,-1.116748929023743,0.334437608718872,9.639413833618164,3.2019460201263428,0.4529748857021332,-0.3831377029418945
2192380420.0,-0.6169456839561462,0.6250647902488708,9.576709747314451,3.462212562561035,0.6831957101821899,-0.4789094030857086
2192388753.0,-0.8018208742141724,0.5840455889701843,10.155019760131836,3.0345568656921387,1.0352634191513062,-0.5659465193748474
2192397086.0,-1.0507521629333496,0.932407557964325,9.790849685668944,2.301656484603882,2.117797613143921,-0.5159218907356262
2192405419.0,-1.2325094938278198,0.967313587665558,9.13719367980957,2.724163293838501,2.8308465480804443,-0.538718581199646
2192413752.0,-0.5256668925285339,0.8332232236862183,10.193385124206545,3.144416093826294,2.242487668991089,-0.343000203371048
2192422085.0,-0.8162752985954285,-0.1084728613495826,10.599698066711426,1.4373300075531006,0.4947517514228821,0.1176589876413345
2192430418.0,-1.291252613067627,0.7027382254600525,9.14564609527588,0.905911386013031,-0.589152991771698,-0.1743048727512359
2192438751.0,-1.0193448066711426,0.8469709753990173,9.77815055847168,2.2122373580932617,-0.0470533482730388,-0.143157958984375
2192447084.0,-0.5235897898674011,1.2597869634628296,10.410304069519045,2.0771734714508057,-0.6982439756393433,-0.3374419212341308
2192455417.0,-0.2093062996864318,1.0668585300445557,10.164910316467283,1.6678836345672607,-1.063297986984253,-0.3029907643795013
2192463750.0,-0.4379900395870209,0.3984562754631042,10.404890060424805,0.7212072014808655,-0.0750240907073021,0.2478561550378799
2192472083.0,-0.7266787886619568,0.4648632705211639,9.55477523803711,0.1441697180271148,1.233517289161682,0.1828984320163726
2192480416.0,-0.2802406251430511,0.1510317772626876,9.456341743469238,1.644318699836731,2.457391262054444,0.1128435209393501
2192488749.0,-0.1587525159120559,-0.2744361460208893,10.053406715393066,2.4651012420654297,1.525519847869873,0.2708833515644073
2192497082.0,-0.6937054395675659,-0.1541375964879989,9.501879692077637,2.5664565563201904,0.3993899524211883,-0.0355781726539135
2192505415.0,-0.9540735483169556,0.3979272842407226,9.39601993560791,2.867628812789917,1.364764928817749,0.1356914192438125
2192513748.0,-1.0271557569503784,0.4172677993774414,9.915029525756836,2.6355643272399902,2.1089608669281006,0.254669576883316
2192522081.0,-1.1248538494110107,0.9826173782348632,9.710866928100586,2.613612651824951,2.1721513271331787,0.0560311451554298
2192530414.0,-0.667751133441925,0.7965523600578308,10.550422668457031,2.92364764213562,1.556154489517212,0.0892271995544433
2192538747.0,-0.914530873298645,0.4338035583496094,10.285322189331056,2.1785035133361816,-0.1087324395775795,0.2046449482440948
2192547080.0,-0.9941647052764891,0.6853395104408264,9.73153591156006,2.0602169036865234,-0.200559452176094,0.2957291305065155
2192555413.0,-0.3794282078742981,0.8867696523666382,9.859779357910156,2.2337021827697754,-0.2450770139694214,0.350774198770523
2192563746.0,-0.8570210933685303,0.7347374558448792,9.788721084594728,2.2896950244903564,-0.8353314399719238,0.1252664178609848
2192572079.0,-0.81236732006073,1.014119029045105,9.51854419708252,1.911859393119812,0.2852016985416412,0.117530919611454
2192580412.0,-0.2842606604099273,0.8346271514892578,10.08640956878662,1.374856948852539,1.091845154762268,-0.0154453823342919
2192588745.0,0.0386756137013435,1.0401235818862915,10.214475631713867,1.1884877681732178,0.032363586127758,-0.2280179411172866
2192597078.0,-0.2386475056409835,0.0734454020857811,10.24141788482666,0.8903892040252686,-0.2356509268283844,-0.0513821542263031
2192605411.0,-0.6002737283706665,-0.6752784252166748,9.175545692443848,0.6050209999084473,0.5213904976844788,-0.1102180480957031
2192613744.0,-0.2343726158142089,-0.2609651088714599,8.50090217590332,2.2229697704315186,1.4805669784545898,-0.1654167473316192
2192622077.0,-0.392352819442749,-0.3674190938472748,9.895535469055176,3.5795252323150635,1.5832029581069946,-0.2821920216083526
2192630410.0,-1.0366134643554688,-0.1326194405555725,10.23277473449707,2.9973905086517334,2.063316345214844,-0.5327504277229309
2192638743.0,-0.9652343392372132,1.0529460906982422,9.187089920043944,3.245746374130249,3.2966933250427246,-0.4936631321907043
2192647076.0,-0.1971014738082885,1.200031280517578,10.316367149353027,4.154026985168457,2.246816873550415,-0.5724525451660156
2192655409.0,-0.5904307961463928,1.074297547340393,10.65944480895996,2.3073174953460693,0.019479626789689,-0.7561323046684265
2192663742.0,-0.7033958435058594,0.7749103903770447,9.969825744628906,0.6617821455001831,-0.1328866481781005,-0.8498802781105042
2192672075.0,-0.4825525283813476,0.3257330358028412,8.998268127441406,0.7462579011917114,0.5444433689117432,-0.6661237478256226
2192680408.0,-0.6740166544914246,0.2740477919578552,9.712849617004396,1.915752649307251,1.4041850566864014,-0.7931959629058838
2192688741.0,-1.022382378578186,0.0171475261449813,10.178750991821287,1.9077610969543457,2.594632625579834,-0.6733214259147644
2192697074.0,-1.0245760679244995,-0.1813550293445587,9.710787773132324,2.142131090164185,3.257041931152344,-0.8346141576766968
2192705407.0,-0.4847094416618347,0.0662198886275291,10.323930740356444,2.930767774581909,2.794705390930176,-0.721194326877594
2192713740.0,-0.4140910804271698,-0.3984674215316772,10.886388778686523,2.543506383895874,0.7366526126861572,-0.7192476987838745
2192722073.0,-0.92799174785614,-0.1257344782352447,9.23896312713623,2.343254327774048,-0.6214526295661926,-1.100413203239441
2192730406.0,-0.2710986733436584,0.8024266362190247,9.292712211608888,3.4262757301330566,0.0827211737632751,-0.7666853070259094
2192738739.0,-0.4765855669975281,0.3438978493213653,9.701704025268556,3.5881054401397705,0.3384536504745483,-0.9248018860816956
2192747072.0,-0.7664821147918701,0.5411987900733948,9.85765266418457,2.3684332370758057,1.6636574268341064,-1.0853264331817627
2192755405.0,-0.6569170951843262,0.4473068118095398,9.59710693359375,1.8467991352081297,3.636593818664551,-0.8282105922698975
2192763738.0,-0.7173240184783936,0.1385565996170044,9.556612968444824,2.600959062576294,3.618100643157959,-0.7543392777442932
2192772071.0,-0.7045971751213074,0.1996698379516601,10.301030158996582,3.213395595550537,2.660691499710083,-0.6835158467292786
2192780404.0,-1.188041090965271,0.4371277689933777,10.582764625549316,2.751570701599121,1.3094125986099243,-0.6696329116821289
2192788737.0,-1.3795881271362305,0.6265727281570435,9.75746726989746,2.547220230102539,0.7307869791984558,-1.169469118118286
2192797070.0,-0.3579474091529846,0.4518011212348938,9.608078956604004,2.641378164291382,0.745156466960907,-0.9315640926361084
2192805403.0,-0.3772874772548675,0.0128485616296529,10.59975814819336,2.1822173595428467,-0.4564200341701507,-0.9878896474838256
2192813736.0,-1.0833269357681274,0.2495997548103332,9.695842742919922,1.4824365377426147,0.0597708113491535,-1.1517952680587769
2192822069.0,-1.073538303375244,0.3761160373687744,9.19203758239746,2.460413932800293,2.3295249938964844,-0.5325968265533447
2192830402.0,-0.909611165523529,0.5264959335327148,9.755603790283203,3.321641445159912,2.946495294570923,-0.6660470366477966
2192838735.0,-1.1976618766784668,0.4416891634464264,10.247879981994627,2.952719211578369,2.5669431686401367,-0.6504990458488464
2192847068.0,-0.7615973949432373,-0.1963149756193161,10.227492332458496,1.7129647731781006,1.1070600748062134,-0.629930853843689
2192855401.0,-0.4686717987060547,-0.046753667294979,9.328060150146484,2.002354383468628,-1.0056660175323486,-0.5845167636871338
2192863734.0,-1.2192606925964355,0.8554760217666626,9.590847969055176,3.3580644130706787,-1.6285017728805542,-0.5145387649536133
2192872067.0,-1.3999029397964478,1.1496754884719849,9.981294631958008,3.243261337280273,-0.3819594383239746,-0.7467317581176758
2192880400.0,-0.7892813086509705,0.5746912956237793,9.53295612335205,2.3923821449279785,0.7796844840049744,-0.7748818397521973
2192888733.0,-0.4164678454399109,0.6493659019470215,10.245682716369627,1.7834293842315674,0.7841413617134094,-0.3259667456150055
2192897066.0,-0.4620235860347748,0.0199635848402977,10.464101791381836,1.0786283016204834,-0.6317495107650757,-0.5002716779708862
2192905399.0,-0.5074060559272766,0.0303822699934244,9.401741981506348,1.851921916007996,-1.254636287689209,-0.5816223621368408
2192913732.0,-0.9156209230422974,0.0607279203832149,9.579347610473633,2.8946516513824463,-0.9537715911865234,-0.4445350170135498
2192922065.0,-0.9732469916343688,0.0632965713739395,9.773624420166016,2.886660099029541,0.4207522273063659,-0.472813069820404
2192930398.0,-0.6938254833221436,-0.1427451521158218,9.779962539672852,2.6905574798583984,1.1815975904464722,-0.3909501135349273
2192938731.0,-0.6909903287887573,0.5278334617614746,10.283879280090332,3.010787010192871,1.074376344680786,-0.2758909165859222
2192947064.0,-0.2314409613609314,0.557112455368042,10.649877548217772,3.1463630199432373,-0.5240416526794434,-0.6471949219703674
2192955397.0,-0.0097915614023804,0.6576788425445557,10.017094612121582,3.456551313400269,-2.0796453952789307,-0.9214720129966736
2192963730.0,-0.1044320911169052,0.1599153727293014,9.8900728225708,3.118673801422119,-2.285557746887207,-0.7200417518615723
2192972063.0,-1.1369823217391968,-0.2346087992191314,8.908736228942871,2.189645528793335,0.3638117611408233,-0.985251486301422
2192980396.0,-0.9127785563468932,0.7961474657058716,8.427621841430664,3.611875772476196,3.554858684539795,-0.908460021018982
2192988729.0,-0.2372637689113617,0.362273633480072,10.100837707519531,4.995556831359863,3.783260583877564,-0.8311818838119507
2192997062.0,-0.0870227813720703,0.9209998250007628,11.00696849822998,4.276668548583984,1.0626962184906006,-1.099234938621521
2193005395.0,-0.9650026559829712,0.7369029521942139,10.39668083190918,2.8447039127349854,-0.6197620034217834,-1.0764893293380735
2193013728.0,-1.3162734508514404,0.7235493659973145,9.192869186401367,2.247969150543213,0.1795941889286041,-1.2558915615081787
2193022061.0,-0.71175217628479,0.6536704301834106,9.403392791748049,3.0807907581329346,1.0446381568908691,-1.263755202293396
2193030394.0,-0.0658636912703514,-0.1182101890444755,10.406261444091797,2.774802923202514,0.4487997889518738,-1.0378376245498655
2193038727.0,-0.3033245503902435,0.0079177282750606,9.667889595031738,2.5627427101135254,-0.8228829503059387,-1.2339913845062256
2193047060.0,-0.7163575887680054,-0.0371106602251529,9.68043041229248,3.124206781387329,0.2820511758327484,-1.066064476966858
2193055393.0,-0.7109253406524658,0.1224875599145889,9.886350631713867,3.234142541885376,1.970003366470337,-0.9234186410903932
2193063726.0,-0.903818666934967,0.3792117536067962,9.484241485595703,3.6701488494873047,2.54422378540039,-1.055203914642334
2193072059.0,-0.7431594133377075,0.7005341649055481,10.278789520263672,4.097573757171631,2.9038474559783936,-1.1381429433822632
2193080392.0,-0.7358895540237427,0.1433750689029693,10.86715602874756,3.088807821273804,1.7005162239074707,-1.0932667255401611
2193088725.0,-0.5457913875579834,0.8899386525154114,10.274621963500977,2.533619165420532,0.2854578197002411,-1.0910125970840454
2193097058.0,-0.40481698513031,1.2258776426315308,10.116965293884276,3.0997965335845947,-0.4548832476139068,-0.8500083684921265
2193105391.0,-1.0011117458343506,1.2885956764221191,9.650514602661133,3.041395664215088,-0.1284810006618499,-1.3352444171905518
2193113724.0,-0.8550019860267639,0.9004150032997131,9.665024757385254,2.4157936573028564,1.8778436183929443,-1.355223536491394
2193122057.0,-0.6103473901748657,0.5980262160301208,9.922330856323242,1.1366190910339355,3.041088819503784,-1.0465720891952517
2193130390.0,-1.1627357006072998,0.8009192943572998,9.753986358642578,1.1571615934371948,2.719219923019409,-1.3342455625534058
2193138723.0,-0.836544930934906,0.5812817811965942,10.027910232543944,2.177248477935791,2.6019325256347656,-1.330428957939148
2193147056.0,-1.0718237161636353,-0.2741169333457947,9.77147102355957,2.230936050415039,1.1572128534317017,-0.9832279682159424
2193155389.0,-1.494998812675476,-0.1568076759576797,9.154149055480955,1.761478066444397,0.6810696721076965,-0.989708423614502
2193163722.0,-1.0701091289520264,-0.1480072736740112,9.26512336730957,1.9056861400604248,0.6043550372123718,-0.7844358682632446
2193172055.0,-0.8148635625839233,-0.8282747268676758,9.473950386047363,2.421916007995605,-0.7752149105072021,-0.8270581364631653
2193180388.0,-1.0930529832839966,-0.0473791994154453,9.62790584564209,2.954563617706299,-1.0323050022125244,-0.7583862543106079
2193188721.0,-1.1023424863815308,0.2697984576225281,10.082544326782228,3.2588350772857666,-0.2235098034143448,-0.6496025323867798
2193197054.0,-0.5962185859680176,0.6500933170318604,9.892085075378418,3.564131021499634,0.1257530748844146,-0.7837699055671692
2193205387.0,-0.5457558631896973,0.3000445961952209,10.238641738891602,3.582957983016968,-0.2078083008527755,-0.6016271710395813
2193213720.0,-0.8689873218536377,0.3125395178794861,10.050577163696287,2.7609198093414307,0.0554676242172718,-0.6251153349876404
2193222053.0,-0.947171688079834,0.6794289350509644,9.669788360595703,3.0438804626464844,0.9526317715644836,-0.527832567691803
2193230386.0,-0.3358381688594818,0.1746995747089386,9.99269676208496,3.643278360366821,0.4673444926738739,-0.4749135076999664
2193238719.0,-0.7010672688484192,0.1456014066934585,9.929837226867676,3.741022825241089,-0.3446651399135589,-0.3759401142597198
2193247052.0,-0.7897347211837769,0.1934376955032348,10.04090404510498,3.2220020294189453,-0.201635256409645,-0.2863671481609344
2193255385.0,-0.6076598763465881,0.5403278470039368,9.498571395874023,3.707775592803955,0.2425283938646316,-0.3851868510246277
2193263718.0,-0.4926539063453674,0.5531161427497864,10.035956382751465,4.111968040466309,0.5084041357040405,-0.58979332447052
2193272051.0,-0.7271174192428589,0.3014137744903564,9.993318557739258,3.3358829021453857,0.6903420686721802,-0.4288848042488098
2193280384.0,-0.7517455220222473,0.0841101333498954,9.294097900390623,3.290750503540039,1.0143108367919922,-0.3518370985984802
2193288717.0,-0.7358184456825256,0.6055108904838562,9.606094360351562,3.830211639404297,1.3081316947937012,0.0140237929299473
2193297050.0,-1.0670524835586548,0.8023197054862976,9.914791107177734,3.9784414768218994,0.5893963575363159,-0.3883630037307739
2193305383.0,-0.9600149393081664,1.2081094980239868,9.879639625549316,3.795145511627197,0.5798165202140808,-0.6021392941474915
2193313716.0,-0.5776710510253906,0.7684240937232971,10.252925872802734,3.0747711658477783,0.0017033466137945,-0.3080368041992187
2193322049.0,-0.6954846978187561,0.5643134117126465,9.663101196289062,2.2333691120147705,-1.2251032590866089,-0.3998638391494751
2193330382.0,-0.622344434261322,0.8642787933349609,9.708086967468262,2.465972185134888,-0.7361275553703308,-0.4004017412662506
2193338715.0,-1.2610666751861572,1.0692144632339478,10.00536823272705,2.766375780105591,0.0611539930105209,-0.438464492559433
2193347048.0,-1.120481014251709,1.2475162744522097,9.93239402770996,2.5127177238464355,1.103678822517395,-0.7311839461326599
2193355381.0,-0.477980226278305,1.3078612089157104,10.469856262207031,2.1058104038238525,0.7772254943847656,-0.7011127471923828
2193363714.0,-0.1356169879436493,0.9764779210090636,10.771102905273438,1.2892796993255615,-1.4320405721664429,-1.0291287899017334
2193372047.0,-0.6595049500465393,0.8136878609657288,9.965166091918944,0.5779722929000854,-2.041377544403076,-0.879285454750061
2193380380.0,-0.4843619167804718,0.6635191440582275,9.733409881591797,0.849432110786438,-1.1546640396118164,-0.7757527232170105
2193388713.0,-0.3257626891136169,0.82017582654953,9.53717041015625,1.771877646446228,-0.2422338128089904,-1.070214033126831
2193397046.0,-0.1284848600625991,0.3232095241546631,10.153600692749023,1.9308394193649288,0.5218772292137146,-0.8424777388572693
2193405379.0,-0.6055061221122742,-0.1172216534614563,9.878631591796877,1.2277542352676392,0.7496646046638489,-1.095776915550232
2193413712.0,-0.641115128993988,0.2403359711170196,9.619383811950684,1.6082537174224854,1.509075403213501,-1.1745151281356812
2193422045.0,-0.6817716956138611,0.3669850528240204,9.986949920654297,2.7094099521636963,1.973359227180481,-0.9323837757110596
2193430378.0,-0.8443818092346191,0.8817958235740662,10.586976051330566,2.975285768508911,1.2575180530548096,-1.216394543647766
2193438711.0,-0.3230471312999725,0.4328726828098297,10.572345733642578,2.0152382850646973,0.0464258007705211,-1.0089190006256104
2193447044.0,-0.3774215877056122,0.46944460272789,9.620887756347656,1.7824819087982178,-1.2565832138061523,-1.3727692365646362
2193455377.0,0.3672229051589966,0.3088963329792022,10.087368965148926,1.9788663387298584,-1.746942162513733,-1.0020800828933716
2193463710.0,-0.2389463484287262,0.1236131340265274,9.321466445922852,1.8856559991836548,-1.1655502319335938,-0.7942718267440796
2193472043.0,-1.2537404298782349,0.5606676936149597,8.592609405517578,2.8960864543914795,1.152013063430786,-1.079332709312439
2193480376.0,-0.9572302103042604,0.1394604444503784,9.86467170715332,2.8558459281921387,4.431096076965332,-0.629982054233551
2193488709.0,-0.8295279741287231,-0.382213681936264,10.732499122619627,1.881352782249451,4.356020450592041,-0.5757055282592773
2193497042.0,-0.4222796857357025,-0.136297196149826,10.755817413330078,1.9895472526550293,1.3850769996643066,-0.581161379814148
2193505375.0,-0.8249328136444092,0.1624421179294586,10.218920707702637,3.247103452682495,-1.3735376596450806,-0.6195827126502991
2193513708.0,-0.2513532638549804,0.0476642847061157,10.14778995513916,3.654165267944336,-3.3257269859313965,-0.7862546443939209
2193522041.0,0.012046031653881,-0.1323432475328445,9.51630973815918,2.842808723449707,-3.127242088317871,-0.4990164935588836
2193530374.0,-0.3216406404972076,0.1548527181148529,8.90285873413086,2.359314441680908,-1.167061448097229,-0.4282700419425964
2193538707.0,-0.461863249540329,0.417265236377716,8.756340026855469,2.997211217880249,1.7535889148712158,-0.6378968954086304
2193547040.0,-0.4327694475650787,0.1926564425230026,9.57099437713623,3.609083890914917,3.75075626373291,-0.40188729763031
2193555373.0,-0.800729513168335,0.1884917467832565,10.29295539855957,3.4502501487731934,3.6699178218841553,-0.4833405911922455
2193563706.0,-1.1141812801361084,0.3311772644519806,10.300540924072266,2.97761607170105,2.406956672668457,-0.3508893549442291
2193572039.0,-1.394925236701965,0.7614333629608154,10.092677116394045,3.507241725921631,1.3530079126358032,-0.3797566294670105
2193580372.0,-0.5327755212783813,0.3864482343196869,10.914263725280762,2.982201099395752,-0.8487787842750549,-0.3397215604782104
2193588705.0,-0.5722697377204895,0.2836580276489258,9.870298385620115,2.3511946201324463,-3.329517364501953,-0.6368723511695862
2193597038.0,-0.5370529890060425,0.7785146832466125,9.318828582763672,2.79606294631958,-3.458024501800537,-0.8599211573600769
2193605371.0,-0.5185075998306274,0.2585983872413635,9.537596702575684,2.8825876712799072,-1.021034598350525,-0.3844440281391144
2193613704.0,-0.2637942433357239,0.1951929032802581,9.420403480529783,2.488614797592163,0.9272224307060242,-0.2745333611965179
2193622037.0,0.0229375660419464,0.6278344392776489,9.878198623657228,2.780514717102051,1.7323546409606934,-0.2878015339374542
2193630370.0,-1.0176886320114136,0.2917224764823913,10.10420036315918,2.82692813873291,1.495935320854187,-0.7126392722129822
2193638703.0,-0.7341592311859131,0.2865327596664428,10.13636589050293,2.5921480655670166,2.000894546508789,-0.4683818817138672
2193647036.0,-0.5102154016494751,0.2609244585037231,9.906713485717772,2.795166254043579,0.7979474067687988,-0.0982562080025672
2193655369.0,-0.3473381102085113,0.9434768557548524,10.268857955932615,3.3327829837799072,-1.6333938837051392,-0.5362851619720459
2193663702.0,-0.33778116106987,0.8544746041297913,10.186638832092283,2.792271614074707,-2.6667234897613525,-0.5820066332817078
2193672035.0,-0.8099535703659058,0.3106849789619446,9.108563423156738,2.0708982944488525,-1.7663575410842896,-0.8771595358848572
2193680368.0,-0.3327865600585937,0.5856789350509644,9.345619201660156,2.3955585956573486,0.7740237712860107,-0.7081055641174316
2193688701.0,-0.687365710735321,0.3786800503730774,10.235910415649414,2.476602077484131,2.161444664001465,-0.3944848477840423
2193697034.0,-0.4769593179225921,0.8608892560005188,10.094098091125488,2.7772107124328613,2.07102632522583,-0.8909656405448914
2193705367.0,-0.386678010225296,0.4417107999324798,10.446752548217772,3.3553237915039062,1.430567741394043,-0.4796009063720703
2193713700.0,-0.422105997800827,0.259865254163742,10.594600677490234,2.597501277923584,-0.2950247824192047,-0.5951467752456665
2193722033.0,-0.4344963729381561,0.8962666988372803,9.396319389343262,2.3698930740356445,-1.0067418813705444,-0.6349769234657288
2193730366.0,-0.5859197378158569,0.3457644879817962,9.541422843933104,2.8438847064971924,-0.6581321954727173,-0.638588547706604
2193738699.0,-0.6408223509788513,0.1009963750839233,9.626384735107422,2.499910831451416,0.4955970346927643,-0.6762157678604126
2193747032.0,-0.3964633047580719,0.0011321931378915,9.808140754699709,2.569530487060547,1.4906588792800903,-0.5117468237876892
2193755365.0,-0.7912278175354004,0.4870630204677582,9.670028686523438,3.410547971725464,1.679922342300415,-0.5620018839836121
2193763698.0,-0.7677675485610962,0.6835581660270691,10.22026538848877,4.117603778839111,1.3346939086914062,-0.6360271573066711
2193772031.0,-0.7029221057891846,0.5087077617645264,10.09176254272461,3.5713794231414795,0.7597821354866028,-0.6137170195579529
2193780364.0,-0.4695919752120971,0.5804445743560791,10.156108856201172,2.866758108139038,-0.2132897526025772,-0.6221697926521301
2193788697.0,-0.175831064581871,0.3985473215579986,10.100400924682615,2.274172782897949,-1.1247466802597046,-0.4779616594314575
2193797030.0,-0.6878910660743713,0.4945846498012543,9.41168975830078,2.8720858097076416,-1.2941592931747437,-0.5863610506057739
2193805363.0,-0.481190025806427,0.2686228454113006,9.571074485778809,3.4488413333892822,0.1144828200340271,-0.4713531136512756
2193813696.0,-0.4161756634712219,0.3609417378902435,9.719610214233398,3.3943850994110107,1.3220657110214231,-0.2030952423810959
2193822029.0,-0.5439116358757019,1.0571167469024658,10.196544647216797,3.3797852993011475,1.624416470527649,-0.4375423491001129
2193830362.0,-1.1590983867645264,0.9671106934547424,10.204373359680176,2.844627618789673,1.8166512250900269,-0.6197364330291748
2193838695.0,-0.7434592843055725,0.4574185609817505,9.944395065307615,2.3866958618164062,1.5740844011306765,-0.8097684383392334
2193847028.0,-0.0508996993303298,0.3451194167137146,10.321516036987305,2.394226551055908,0.3836883902549743,-0.2906191051006317
2193855361.0,-0.5020559430122375,0.5747396349906921,9.967571258544922,2.140030860900879,-1.955390810966492,-0.4723520874977112
2193863694.0,-0.7354063987731934,1.100454568862915,9.146824836730955,2.6013946533203125,-1.8846698999404907,-0.778852105140686
2193872027.0,-0.8086096048355103,0.8083419799804688,9.242145538330078,2.586230993270874,-0.05384112149477,-0.8182723522186279
2193880360.0,-0.041943036019802,0.0926413238048553,10.333002090454102,1.4923492670059204,1.341097354888916,-0.6773684620857239
2193888693.0,-0.0390115194022655,0.4622454643249511,9.973552703857422,0.6884722113609314,1.1266292333602903,-0.4074456095695495
2193897026.0,-0.8593522906303406,0.9972860813140868,9.694989204406738,2.04133939743042,0.9705106616020204,-0.7041353583335876
2193905359.0,-0.8198546171188354,0.5979750156402588,10.096599578857422,2.7715752124786377,1.6082282066345217,-0.9043106436729432
2193913692.0,-0.5558508634567261,0.0834077596664428,10.405381202697754,1.8712866306304927,1.2864364385604858,-0.8398652076721191
2193922025.0,0.1732129603624344,0.4932457208633423,10.213709831237791,1.1953521966934204,-0.0589383505284786,-0.7071833610534668
2193930358.0,-0.3978184759616852,0.5724782347679138,9.722768783569336,1.8607335090637207,-1.027617573738098,-0.5750651955604553
2193938691.0,-0.2219736278057098,0.6035788655281067,9.904901504516602,2.4021928310394287,-0.6196339726448059,-0.9573065042495728
2193947024.0,-0.4358793199062347,0.4268560111522674,9.252569198608398,1.966315031051636,0.6748966574668884,-0.9044387340545654
2193955357.0,-0.7099926471710205,0.2541422843933105,9.550493240356444,1.7726458311080933,2.6405587196350098,-1.053103804588318
2193963690.0,-0.647960364818573,-0.12776979804039,9.701251029968262,1.5695507526397705,3.8655853271484375,-0.6830292344093323
2193972023.0,-0.8091981410980225,0.1526425778865814,9.256152153015137,2.6187098026275635,2.988220453262329,-0.590664267539978
2193980356.0,-0.8439964652061462,0.5626551508903503,10.25619888305664,3.695736885070801,1.4043387174606323,-0.7256256341934204
2193988689.0,-1.0829862356185913,0.1838066130876541,10.959247589111328,2.4492716789245605,-0.2652353942394256,-0.7971917986869812
2193997022.0,-1.1115368604660034,0.0750023648142814,9.668524742126465,1.6873760223388672,-0.9146842956542968,-1.0247230529785156
2194005355.0,0.0048897168599069,0.2518657445907593,10.075160026550291,2.542123556137085,-0.9260058999061584,-0.410673052072525
2194013688.0,-0.5369402766227722,0.5212001204490662,10.356049537658691,3.150230646133423,-1.708213210105896,-0.730159342288971
2194022021.0,-0.4304152429103851,1.1174074411392212,9.703197479248049,3.345027446746826,-0.6971682906150818,-0.7811317443847656
2194030354.0,-0.1878867000341415,0.3664026260375976,9.778716087341309,3.05755877494812,1.1053695678710938,-0.4967368841171264
2194038687.0,-0.7169869542121887,0.3484900891780853,9.741283416748049,1.9257936477661133,1.9808897972106927,-0.4656156003475189
2194047020.0,-0.4901390969753265,0.5779647827148438,9.598361015319824,1.6197034120559692,2.423657178878784,-0.2150315046310424
2194055353.0,-0.6724118590354919,0.0615913644433021,9.903621673583984,2.057117462158203,1.3128705024719238,-0.3157722949981689
2194063686.0,-0.6907250285148621,0.3566548824310303,10.401935577392578,2.77026891708374,0.1284169554710388,-0.2333200722932815
2194072019.0,-0.6846486330032349,-0.1937893182039261,10.28799057006836,2.2080624103546143,-0.7234483361244202,-0.1306325942277908
2194080352.0,-0.4860074520111084,0.2387109100818634,9.656922340393066,2.413667917251587,-0.8542091846466064,-0.243463322520256
2194088685.0,-0.0766386985778808,0.2389667779207229,10.021174430847168,2.8504672050476074,-1.0842249393463137,-0.0772781521081924
2194097018.0,-0.6445314884185791,0.5096750855445862,9.74871063232422,2.682873249053955,-0.3375956118106842,-0.2534272372722626
2194105351.0,-0.3667314946651459,0.0832668989896774,9.95472240447998,2.3165385723114014,1.1865922212600708,0.0861534774303436
2194113684.0,-0.5587537288665771,-0.0928070321679115,9.695149421691896,2.323505401611328,2.0353710651397705,0.2851504683494568
2194122017.0,-0.5199918150901794,0.3259442150592804,9.622365951538086,3.2478206157684326,1.8334797620773315,0.2240349054336547
2194130350.0,-0.5228297710418701,0.1751993000507354,10.269976615905762,3.9340007305145264,0.7724356651306152,0.2654018998146057
2194138683.0,-0.9890598058700562,0.6110987067222595,10.135998725891112,3.4926931858062744,-0.4775006175041199,-0.2576792538166046
2194147016.0,-0.3986808061599731,0.104931965470314,10.033024787902832,2.9684207439422607,-0.2824993729591369,0.0814660787582397
2194155349.0,-0.2761631608009338,0.3451586365699768,9.66362762451172,2.9225456714630127,-0.7962441444396973,0.0077995341271162
2194163682.0,-0.586362898349762,0.7713716626167297,9.775091171264648,3.4559876918792725,-0.5962738394737244,-0.0656749010086059
2194172015.0,-0.7952858209609985,0.7493996620178223,9.456939697265623,3.520382165908813,0.428538978099823,-0.2786060571670532
2194180348.0,0.0630603581666946,0.6032038927078247,10.126956939697266,3.558956861495972,1.0424096584320068,-0.2886724174022674
2194188681.0,-0.021433150395751,0.3269751071929931,10.41196346282959,2.636870145797729,0.0717326626181602,-0.1168521419167518
2194197014.0,-0.9360526204109192,0.8397703170776367,9.24129581451416,2.280499219894409,-0.2915924489498138,-0.5708900690078735
2194205347.0,-0.4971046447753906,1.0008927583694458,9.26353931427002,3.657238960266113,1.1507066488265991,-0.5990657210350037
2194213680.0,-0.157666727900505,0.0739109367132186,10.474446296691896,3.241443157196045,1.0258373022079468,-0.3696902990341186
2194222013.0,-0.1314358711242675,0.1098228842020034,10.568156242370604,1.8356825113296509,-0.2499693185091018,-0.4645141363143921
2194230346.0,-0.3861854076385498,0.3165520131587982,9.131619453430176,2.1756346225738525,-0.5543944835662842,-0.4688429832458496
2194238679.0,-0.5804452896118164,1.2382749319076538,8.841241836547852,4.035740375518799,0.3986727297306061,-0.6284708380699158
2194247012.0,-0.784736156463623,0.8333337903022766,10.21776008605957,3.887818098068237,1.6178336143493652,-0.6332350969314575
2194255345.0,-0.6075034737586975,0.2469528764486313,10.209885597229004,1.724209547042847,1.912294626235962,-0.8217814564704895
2194263678.0,-0.0435455664992332,0.40575110912323,10.005035400390623,1.5494433641433716,1.3739092350006104,-0.5354143381118774
2194272011.0,-0.1088771447539329,0.5649885535240173,10.297735214233398,2.429215431213379,-0.497325986623764,-0.4873620271682739
2194280344.0,-0.2317752838134765,1.122577667236328,10.00929355621338,3.3376498222351074,-1.7249906063079834,-0.766813337802887
2194288677.0,-0.7665812373161316,0.8059816360473633,9.705026626586914,2.96893310546875,-0.3525287210941314,-0.8518270254135132
2194297010.0,-0.6101412773132324,0.9325522780418396,9.569010734558104,2.065314292907715,1.8508464097976685,-0.6382811665534973
2194305343.0,-0.1053420156240463,-0.2851095497608185,10.250889778137209,1.2574412822723389,3.2075295448303223,-0.037985909730196
2194313676.0,-0.2757772803306579,-0.1499652713537216,9.771621704101562,1.5081276893615725,1.67730975151062,-0.113932117819786
2194322009.0,-0.5811951160430908,0.5531531572341919,9.862142562866213,3.5453813076019287,0.2303872257471084,-0.5117468237876892
2194330342.0,-0.7746707201004028,-0.0345680341124534,10.462050437927246,3.6684319972991934,-0.0270486287772655,-0.5119772553443909
2194338675.0,-0.2319754362106323,0.4645816385746002,9.886429786682127,3.0320210456848145,-0.0270486325025558,-0.441077172756195
2194347008.0,0.26572185754776,0.9570215940475464,9.69036865234375,2.936915159225464,-0.0384213514626026,0.0141262505203485
2194355341.0,-0.7960191369056702,1.3236452341079712,9.606897354125977,2.9913971424102783,-0.0518175959587097,-0.4422042071819305
2194363674.0,-0.8648535013198853,0.9724550247192384,10.168428421020508,2.2181289196014404,1.7254133224487305,-0.537284255027771
2194372007.0,-0.8579265475273132,0.2388534992933273,9.690895080566406,1.1969661712646484,3.319028854370117,-0.1097570061683654
2194380340.0,-0.2647376358509063,0.5319750905036926,10.15562343597412,2.0330145359039307,2.271662712097168,-0.0102969221770763
2194388673.0,-0.3976116478443146,0.5686824321746826,10.43981647491455,2.782410144805908,0.2026213854551315,-0.0861406624317169
2194397006.0,-0.521243155002594,-0.2661139965057373,9.99377727508545,2.2724053859710693,-1.9256781339645384,-0.3817801773548126
2194405339.0,-0.3362542390823364,-0.1950035244226455,9.341482162475586,2.080836534500122,-1.549020767211914,-0.2921047210693359
2194413672.0,-0.4796609878540039,0.1858026832342147,9.558332443237305,2.1341397762298584,-0.2056566923856735,-0.1026874706149101
2194422005.0,-0.2675420343875885,0.9893041253089904,9.703170776367188,2.913990497589112,0.9755565524101256,-0.3635428249835968
2194430338.0,-0.1544732749462127,1.0983229875564575,9.791326522827148,3.6401796340942383,1.524264574050903,-0.4904613792896271
2194438671.0,0.102198377251625,0.972853183746338,10.221172332763672,2.925029993057251,1.1939433813095093,-0.4714555740356445
2194447004.0,-0.0705699473619461,0.674856424331665,10.404139518737791,0.7923123240470886,0.5446738600730896,-0.2752505838871002
2194455337.0,-0.7045192718505859,0.7463204860687256,9.281664848327637,0.3090229332447052,0.630276620388031,-0.2712035179138183
2194463670.0,-0.4860602915287018,0.5676466226577759,9.33434009552002,1.315816044807434,1.4828976392745972,-0.3114434778690338
2194472003.0,-0.0617363564670085,0.5106629133224487,9.95255184173584,2.047691822052002,1.322322130203247,-0.2058615982532501
2194480336.0,-0.4466491937637329,0.1532507538795471,10.379648208618164,1.6616082191467283,0.3325367867946625,-0.1905698925256729
2194488669.0,-0.6089859008789062,0.3671482801437378,9.76298713684082,0.698692262172699,0.5182143449783325,-0.4591351449489593
2194497002.0,-0.2566068172454834,0.539201021194458,8.76913833618164,1.579719305038452,1.1257840394973757,-0.4234032928943634
2194505335.0,-0.1869322210550308,0.0591302141547203,10.092147827148438,2.354499101638794,1.0434600114822388,-0.4052684307098388
2194513668.0,-0.1329999566078186,-0.2217381298542022,10.46324348449707,1.1756806373596191,0.3038488626480102,-0.3475083410739898
2194522001.0,-0.1313762664794922,-0.2804772853851318,9.065048217773438,1.4235494136810305,0.54180508852005,-0.1243827193975448
2194530334.0,-0.297730803489685,0.3047384619712829,9.182679176330566,3.065985202789306,1.1368237733840942,-0.1307862848043441
2194538667.0,-0.838138222694397,0.5351700186729431,10.163812637329102,3.650348424911499,1.9155733585357664,-0.2280179113149643
2194547000.0,-0.6953237652778625,0.0284514408558607,10.297810554504396,2.7600743770599365,2.735074996948242,-0.3318067789077759
2194555333.0,-0.3554416596889496,-0.2272742688655853,9.702046394348145,2.498194694519043,2.427217721939087,0.1416339129209518
2194563666.0,-0.1941026300191879,-0.1089857071638107,10.594597816467283,3.0128870010375977,0.835625946521759,0.2531838715076446
2194571999.0,-0.7679356932640076,0.3918367922306061,9.880512237548828,3.48073148727417,-0.8219608664512634,-0.3157210648059845
2194580332.0,-0.5460311770439148,0.5232406854629517,9.671663284301758,4.322645664215088,-0.0384981967508792,-0.2228438556194305
2194588665.0,-0.2492507249116897,0.4959405660629272,10.138076782226562,3.779469966888428,0.6960540413856506,-0.0468484349548816
2194596998.0,-0.2388359010219574,1.0585403442382812,10.105435371398926,2.9147331714630127,0.871998131275177,-0.3857247233390808
2194605331.0,-0.4744315147399902,1.319421887397766,9.59630012512207,2.7780044078826904,1.5495203733444214,-0.4328293204307556
2194613664.0,-0.4412806630134582,0.7259426116943359,9.876768112182615,3.0107100009918213,1.68386709690094,-0.2921047508716583
2194621997.0,-0.568078875541687,0.1020236909389495,10.271860122680664,2.082757472991944,1.9987684488296509,-0.1202076077461242
2194630330.0,-0.5519657135009766,0.1854878216981887,9.887789726257324,1.6710854768753052,1.4379703998565674,0.0662768334150314
2194638663.0,-0.5836266279220581,0.6381167769432068,9.450934410095217,3.413135528564453,0.7745360732078552,-0.2636473178863525
2194646996.0,-0.6823258399963379,0.1009770855307579,10.363953590393066,3.721274137496948,0.1888921558856964,-0.1426968872547149
2194655329.0,-0.7313730716705322,-0.2532306611537933,10.273895263671877,2.598986864089966,0.2177082002162933,-0.2088328748941421
2194663662.0,-0.1235617250204086,-0.2177803963422775,9.719944953918455,1.955249905586243,0.3265687227249145,0.1193239241838455
2194671995.0,-0.1804278641939163,0.565528154373169,9.449353218078612,3.327276468276977,-0.0423659458756446,0.0378706529736518
2194680328.0,-0.5872464776039124,0.542392909526825,10.180991172790527,4.202259063720703,-0.1382912546396255,-0.4401550590991974
2194688661.0,-0.9336800575256348,0.3417786359786987,10.408561706542969,3.0623226165771484,1.4480111598968506,-0.1557601541280746
2194696994.0,-0.4637496173381805,0.5989598035812378,9.731061935424805,2.516329765319824,2.3246071338653564,-0.1159044131636619
2194705327.0,0.0513311475515365,0.7695316076278687,10.338265419006348,3.510904788970948,1.6453688144683838,0.4162953495979309
2194713660.0,-0.7193915247917175,0.4982765316963196,10.765804290771484,3.0106847286224365,-0.2517111003398895,0.1353328227996826
2194721993.0,-0.696099042892456,0.5179933905601501,9.939169883728027,2.4460699558258057,-0.4625162482261657,-0.2107795625925064
2194730326.0,-0.2032860517501831,0.0521731674671173,9.592116355895996,2.7639424800872803,-0.30603888630867,-0.0974365472793579
2194738659.0,0.0166913829743862,0.3893346488475799,9.875503540039062,3.264624118804932,-0.1651093512773513,0.0107451705262064
2194746992.0,-0.1048275306820869,0.3038044273853302,9.864014625549316,3.189036130905152,0.0104121845215559,-0.0607057362794876
2194755325.0,-0.1387659907341003,0.7117437720298767,9.192028045654297,3.4037606716156006,0.7310431599617004,-0.3139024376869201
2194763658.0,-0.4306241273880005,0.6407480835914612,9.70984935760498,3.3941292762756348,2.1335248947143555,-0.1291981935501098
2194771991.0,-0.8434510231018066,0.5922679305076599,10.180405616760254,2.40234637260437,2.6062099933624268,-0.2042223066091537
2194780324.0,-0.8746296763420105,0.993545413017273,9.38275909423828,2.4931740760803223,2.9921905994415283,-0.5281654596328735
2194788657.0,-0.3501391112804413,0.4322153925895691,10.170857429504396,3.264495849609375,1.9139597415924072,-0.1154433488845825
2194796990.0,-0.3780660331249237,0.3409638404846191,10.774843215942385,2.458082914352417,-0.718761146068573,-0.2010205239057541
2194805323.0,-0.2925026416778564,0.708835244178772,9.830337524414062,2.207191467285156,-2.3793063163757324,-0.3936395347118377
2194813656.0,-0.5408315658569336,0.0249937176704406,9.42876434326172,2.607823848724365,-1.7440990209579468,-0.3991722762584686
2194821989.0,-0.3493345081806183,0.2776027917861938,9.12331485748291,2.450603485107422,0.3336637914180755,-0.5420483946800232
2194830322.0,-0.2392495721578598,0.2733823955059051,9.406041145324709,2.9110195636749268,1.9797117710113523,-0.1814256310462951
2194838655.0,-0.5278387069702148,0.591132402420044,9.924209594726562,3.187985897064209,2.69624400138855,-0.2874941527843475
2194846988.0,-0.3647781908512115,0.4714615643024444,10.444171905517578,2.85866379737854,2.426859140396118,-0.2911057472229004
2194855321.0,-0.6267946362495422,0.2618107795715332,9.98349952697754,2.505161762237549,1.135030746459961,-0.2113174200057983
2194863654.0,-0.3541896641254425,-0.0368120931088924,9.992304801940918,2.6888160705566406,0.0809537917375564,-0.1626760214567184
2194871987.0,-0.389961838722229,-0.0201578941196203,9.786309242248535,2.9451632499694824,-1.0545637607574463,-0.163239523768425
2194880320.0,-0.0172885600477457,0.0791179239749908,9.706707954406738,3.705931425094605,-1.107585072517395,-0.2093195170164108
2194888653.0,0.0702448934316635,0.3524337708950043,9.605422019958496,3.948011636734009,-0.2009180635213852,0.088433139026165
2194896986.0,-0.4047352969646454,0.5233107209205627,9.49780559539795,3.936280250549317,0.9868268370628356,-0.0018698391504585
2194905319.0,-0.1441690176725387,0.7296819686889648,9.46934986114502,3.7079808712005615,2.3875925540924072,-0.1331427991390228
2194913652.0,-0.3320435583591461,0.3678653538227081,10.012211799621582,3.543691396713257,2.800442934036255,-0.0674166679382324
2194921985.0,-0.4760989248752594,0.9061771035194396,9.902338027954102,3.473815679550171,2.707693576812744,-0.0272791590541601
2194930318.0,-0.7595897316932678,0.8487337231636047,10.205537796020508,3.632726192474365,2.132193088531494,0.1679653525352478
2194938651.0,-0.6040713787078857,1.4125109910964966,10.239710807800291,3.2965903282165527,0.9406955242156982,-0.1611647605895996
2194946984.0,-0.5349339246749878,1.0472201108932495,10.138242721557615,2.901106595993042,0.1830009073019027,0.0674550831317901
2194955317.0,-0.4513641893863678,0.4133430123329162,10.241517066955566,1.8080193996429443,-0.1790691316127777,-0.0766634121537208
2194963650.0,-0.173914223909378,0.0633455738425254,9.91264533996582,1.4617916345596311,-0.0054302182979881,0.052778135985136
2194971983.0,0.2861141860485077,-0.1217805296182632,9.399285316467283,2.439948081970215,0.3957527577877044,0.0906615853309631
2194980316.0,0.0948838740587234,0.789328932762146,9.238143920898438,4.081333160400391,0.4319455921649933,-0.0100407795980572
2194988649.0,-0.6712035536766052,0.3263196349143982,9.791736602783203,4.0390448570251465,1.8864498138427728,-0.238647848367691
2194996982.0,-0.7136174440383911,-0.0325542129576206,9.21827220916748,2.356138229370117,3.9201431274414062,-0.2141093909740448
2195005315.0,-0.283927708864212,0.1584304571151733,9.271685600280762,2.672166585922241,4.287656307220459,0.1696302592754364
2195013648.0,-0.7359830737113953,-0.0263862777501344,10.398024559020996,3.2440555095672607,2.5414059162139893,0.2181692421436309
2195021981.0,-0.923899233341217,0.102866806089878,9.951077461242676,3.3252527713775635,0.7350901365280151,-0.1322975307703018
2195030314.0,-0.6486063599586487,0.7876437306404114,9.27481746673584,4.483656883239746,0.0215543806552886,-0.0941579341888427
2195038647.0,-0.5513425469398499,0.8266295194625854,10.17317008972168,4.3501296043396,-0.5195591449737549,0.065687708556652
2195046980.0,-0.9372512102127076,0.9960383772850036,9.85561752319336,2.897905111312866,0.1895069181919098,-0.0444406978785991
2195055313.0,-0.2137792110443115,0.5112372040748596,9.289454460144045,2.32330060005188,0.6937999129295349,-0.1445154994726181
2195063646.0,-0.3010129630565643,1.0103108882904053,9.56381893157959,3.0934438705444336,0.8185924887657166,-0.1352943778038025
2195071979.0,-0.5467109084129333,1.1554105281829834,10.860374450683594,2.9480574131011963,0.8477926850318909,-0.3765548467636108
2195080312.0,-0.7842773795127869,0.9745613932609558,9.84991455078125,2.0903139114379883,1.0554986000061035,-0.3928711414337158
2195088645.0,-0.702317476272583,0.5905786156654358,9.723124504089355,2.103172063827514,1.7287687063217163,-0.0716174021363258
2195096978.0,-0.3641567826271057,0.2206343710422516,10.516975402832031,1.4296201467514038,1.301907658576965,-0.0724626705050468
2195105311.0,-0.7063860297203064,0.3450627326965332,9.903678894042969,1.6585856676101685,-0.1421590000391006,-0.2244319021701812
2195113644.0,-0.5536422729492188,0.5730623006820679,9.42152976989746,2.7645576000213623,-0.5583903193473816,-0.1273795962333679
2195121977.0,-0.7111290693283081,0.4793268144130707,9.84617805480957,3.282092809677124,-0.2683347165584564,-0.1829368621110916
2195130310.0,-0.6513304114341736,-0.0614422000944614,9.927553176879885,2.227093458175659,-0.0785588473081588,-0.3061925172805786
2195138643.0,-0.3573027849197387,-0.0597073584794998,9.40118408203125,1.641552209854126,0.5333011746406555,-0.1477685123682022
2195146976.0,-0.6313095688819885,0.8282383680343628,9.561195373535156,3.0141425132751465,0.8736119866371155,0.0243207179009914
2195155309.0,-0.4928671419620514,0.5429294109344482,11.107202529907228,3.4406449794769287,0.6587085723876953,-0.1849860101938247
2195163642.0,-0.7503480315208435,0.6309221982955933,10.010493278503418,2.870805263519287,-0.2494058012962341,-0.6057254672050476
2195171975.0,-0.1407675445079803,0.9776696562767028,10.30225658416748,3.124770164489746,0.0667378827929496,-0.2573718428611755
2195180308.0,-0.4045465588569641,0.8376786708831787,10.583727836608888,2.136470556259156,-0.2789390385150909,-0.0806848481297493
2195188641.0,-0.4883228242397308,1.1098655462265017,9.54086685180664,1.8198529481887813,-0.6136658191680908,-0.604239821434021
2195196974.0,-0.2391126304864883,0.6233202815055847,9.828729629516602,2.274864435195923,0.3949330747127533,-0.3188459873199463
2195205307.0,-0.5411403775215149,0.0491192787885665,10.10997200012207,1.6456762552261353,0.5230554938316345,-0.3026834428310394
2195213640.0,-0.5175535678863525,0.1289652436971664,9.520758628845217,1.6106871366500854,1.3171992301940918,-0.2304768711328506
2195221973.0,-0.5191205143928528,0.0888131782412529,9.54075050354004,2.554443597793579,1.3872541189193726,-0.0958996936678886
2195230306.0,-0.3731653988361358,0.2761193513870239,9.850458145141602,3.27323055267334,0.4623753726482391,-0.3194607496261596
2195238639.0,0.1416725367307663,-0.4655609428882599,10.679837226867676,2.642146587371826,-1.0818684101104736,-0.2108819931745529
2195246972.0,-0.2331377416849136,-0.3450503945350647,9.68190097808838,1.949896454811096,-1.8098763227462769,-0.3611350953578949
2195255305.0,-0.3300081491470337,0.2013818770647049,9.372711181640623,3.249972343444824,-0.447685569524765,-0.36441370844841
2195263638.0,-0.3733851015567779,0.3995483815670013,9.76225757598877,4.479583740234375,1.6581501960754397,-0.1030972972512245
2195271971.0,-0.4442601501941681,0.6444963216781616,10.575081825256348,4.338167667388916,2.54760479927063,-0.1409039050340652
2195280304.0,-0.5954736471176147,1.0907708406448364,10.587233543395996,3.309269905090332,2.961812734603882,-0.0484109073877334
2195288637.0,-0.9876790642738342,0.7468598484992981,10.406867027282717,2.551370143890381,2.423145055770874,-0.1833979487419128
2195296970.0,-0.2660858333110809,0.7084840536117554,10.414864540100098,2.530519962310791,1.1189196109771729,0.036154493689537
2195305303.0,0.0776681080460548,-0.0203424431383609,10.434571266174316,2.2937164306640625,-1.2841953039169312,0.2114583104848861
2195313636.0,-0.3207215368747711,0.52293860912323,9.54930019378662,2.4916374683380127,-2.5311474800109863,0.0263442397117614
2195321969.0,-0.70647794008255,0.2441007792949676,9.596511840820312,2.497887372970581,-0.4014775454998016,-0.1157507225871086
2195330302.0,-0.3014310896396637,-0.1584986448287964,9.154541015625,2.440358161926269,2.5413291454315186,0.1854342818260193
2195338635.0,-0.2050504386425018,-0.080623485147953,9.598346710205078,3.2474112510681152,3.6430742740631104,0.5286906361579895
2195346968.0,-1.1877365112304688,0.4320351481437683,9.900042533874512,3.646890640258789,3.2550954818725586,0.35507732629776
2195355301.0,-0.925119400024414,0.7554506063461304,9.98780918121338,3.953339576721192,2.694246292114258,0.1643025130033493
2195363634.0,-0.4534475803375244,0.5866263508796692,10.48776626586914,3.7330822944641113,0.6586828231811523,0.2994944155216217
2195371967.0,-0.1831064820289611,0.3480871915817261,10.80997371673584,2.6669416427612305,-2.0551326274871826,0.3959064483642578
2195380300.0,-0.6442638635635376,0.5128077864646912,9.705946922302246,2.031836748123169,-2.178798198699951,0.4906791448593139
2195388633.0,-0.3436311185359955,0.5572068691253662,8.9053373336792,3.0089681148529053,-0.793195903301239,0.4230062067508697
2195396966.0,-0.317527562379837,0.661017894744873,9.406259536743164,3.990121841430664,1.3828742504119873,0.5533315539360046
2195405299.0,-0.5427058935165405,0.8180005550384521,10.54457187652588,3.287600040435791,2.590073108673096,0.269961267709732
2195413632.0,-0.6013250946998596,1.1029154062271118,9.880399703979492,2.593966245651245,2.743425369262696,0.1166600361466407
2195421965.0,-0.678205132484436,0.7110456228256226,9.78482151031494,2.85033917427063,2.579442977905273,0.357356995344162
2195430298.0,-0.4425013661384582,0.5398064851760864,10.158292770385742,2.552753210067749,1.035212159156799,0.4379137456417084
2195438631.0,-0.5760174989700317,0.5727884769439697,10.021658897399902,2.0789151191711426,-0.996675431728363,0.16752989590168
2195446964.0,-0.7361260056495667,0.0796094685792923,9.30976104736328,2.137059450149536,-1.5385957956314087,0.1045957207679748
2195455297.0,-0.3979055881500244,0.2235802561044693,9.026639938354492,2.908688306808472,-0.7108206748962402,-0.0074793566018342
2195463630.0,-0.3757431507110595,0.2059952467679977,9.713091850280762,3.276611566543579,0.3316659331321716,0.1624326854944229
2195471963.0,-0.9676014184951782,0.2385043203830719,9.705951690673828,2.8776185512542725,1.3987293243408203,-0.1152128353714943
2195480296.0,-0.4693525433540344,0.2614757716655731,9.505958557128906,3.3881611824035645,2.5895607471466064,0.0197613853961229
2195488629.0,-0.8067055940628052,-0.033996295183897,10.296385765075684,3.750039339065552,1.901203870773316,0.164635494351387
2195496962.0,-0.4687543213367462,0.6333741545677185,10.13055419921875,3.346282482147217,-0.0163931120187044,-0.259728342294693
2195505295.0,-0.5568258166313171,0.7125359177589417,9.658658981323242,4.204564094543457,-1.4097051620483398,-0.320203572511673
2195513628.0,-0.3321124613285064,0.6448879837989807,10.165727615356444,3.574709415435791,-1.9378446340560915,-0.2653378248214721
2195521961.0,-0.508773922920227,0.9974091053009032,9.56179904937744,2.583746194839477,-0.9306932091712952,-0.0640099793672561
2195530294.0,-0.1586887091398239,1.040096640586853,9.486479759216309,2.6010611057281494,0.1901984810829162,-0.272279292345047
2195538627.0,-0.3412762880325317,0.7652850151062012,9.956016540527344,2.3620550632476807,1.0477375984191897,-0.0866529569029808
2195546960.0,-1.1595234870910645,0.0765453577041626,9.9252347946167,1.7340452671051023,1.9186469316482544,-0.2609834372997284
2195555293.0,-0.5871747732162476,-0.0072045540437102,9.51114559173584,2.080939054489136,2.483133554458618,-0.2141862213611602
2195563626.0,0.2586871981620788,-0.4772731959819793,10.188070297241213,3.108351469039917,0.5328913927078247,0.1870223432779312
2195571959.0,-0.3087516129016876,-0.3652269244194031,10.01006317138672,3.428401470184326,-2.5449023246765137,0.0157911777496337
2195580292.0,-0.8219339847564697,0.0420413836836814,9.187484741210938,3.691587448120117,-2.522874355316162,-0.2312709540128708
2195588625.0,-0.3263737261295318,0.2128961086273193,9.03280258178711,4.025289535522461,-0.5169208645820618,-0.1054794117808342
2195596958.0,-0.3470619916915893,0.9462038278579712,9.207149505615234,4.756781578063965,0.8707431554794312,-0.4196124076843261
2195605291.0,-0.4149242341518402,0.6309553384780884,10.177936553955078,4.178181171417236,1.8049968481063845,-0.216875746846199
2195613624.0,-0.7321590185165405,0.2378327995538711,9.88705062866211,2.85520601272583,1.99213445186615,-0.1670048236846923
2195621957.0,-0.438690036535263,1.0391141176223757,9.785282135009766,3.317593812942505,1.5870705842971802,-0.0338876321911811
2195630290.0,-0.5288706421852112,0.668577253818512,11.156083106994627,3.7596187591552734,0.0493970476090908,0.1448612809181213
2195638623.0,-0.4149150848388672,0.7347022891044617,10.508431434631348,3.020878791809082,-1.935232281684876,-0.2906959354877472
2195646956.0,-0.0216278526932001,0.6509382724761963,9.62140941619873,3.213010787963867,-2.036459445953369,-0.0484621226787567
2195655289.0,0.1035822853446006,0.5150933265686035,9.514132499694824,3.011017322540283,-1.7759116888046265,-0.3441016376018524
2195663622.0,-0.0019988398998975,0.8844276666641235,9.36110782623291,2.93276596069336,-0.3267607986927032,-0.3586761355400085
2195671955.0,-0.532488226890564,0.0141672817990183,9.554085731506348,2.76171350479126,1.877869129180908,-0.06324153393507
2195680288.0,-1.0483919382095337,0.3040868639945984,9.47949504852295,2.4319567680358887,3.991940498352051,-0.008094098418951
2195688621.0,-0.4012270271778106,0.875770628452301,10.078279495239258,3.506089687347412,4.291037559509277,0.0150483641773462
2195696954.0,-0.3464756906032562,0.6094748377799988,10.992133140563965,3.7545981407165527,1.1391032934188845,-0.2301438599824905
2195705287.0,0.0968635082244873,0.1821751594543457,10.956518173217772,2.5100796222686768,-2.110023736953736,-0.0996393710374832
2195713620.0,-0.003168846014887,-0.0187825448811054,9.62350368499756,1.9139598608016968,-3.2841546535491943,-0.0078379558399319
2195721953.0,-0.1108581647276878,0.4705788195133209,9.072511672973633,2.9777188301086426,-2.1835622787475586,0.0068774218671023
2195730286.0,-0.1631835252046585,0.2001098990440368,9.197673797607422,3.94470739364624,0.556020975112915,0.207974761724472
2195738619.0,-0.0913576558232307,0.1491650640964508,8.993277549743652,4.154385566711426,2.840887546539306,-0.0602702908217906
2195746952.0,0.1324902772903442,0.6406149864196777,10.185224533081056,4.2636566162109375,4.286375999450684,0.1712439805269241
2195755285.0,-0.7705295085906982,1.0904558897018433,10.788373947143556,3.5171804428100586,3.7899208068847656,0.2327693849802017
2195763618.0,-0.6905357837677002,1.399760127067566,10.384228706359863,3.104663372039795,3.108172416687012,-0.1551710367202758
2195771951.0,-0.0412566103041172,0.4276742339134216,10.497846603393556,3.1506152153015137,1.151193380355835,0.0449401773512363
2195780284.0,-0.5867060422897339,0.7769911289215088,10.53422737121582,2.5181479454040527,-0.6884081363677979,-0.0221306961029768
2195788617.0,-0.5697329640388489,0.7836981415748596,10.015464782714844,2.103632688522339,-0.4023995995521545,0.1825398206710815
2195796950.0,-0.647878885269165,0.7821282148361206,9.371962547302246,2.7261617183685303,1.3519577980041504,0.2464729845523834
2195805283.0,-0.1909372210502624,0.9812024831771852,9.988558769226074,3.168083906173706,2.256063222885132,0.0930949300527572
2195813616.0,-0.4029431939125061,0.4031250774860382,10.4185152053833,2.2253007888793945,2.2755558490753174,0.2570772767066955
2195821949.0,-1.001986742019653,0.852420449256897,9.610182762145996,1.7573028802871704,2.197995662689209,-0.1899039298295974
2195830282.0,-0.3761438727378845,0.9560728669166564,9.753729820251465,2.4010915756225586,2.4453272819519043,0.2248545736074447
2195838615.0,-0.7091231346130371,0.2098483890295028,9.860333442687988,2.3323936462402344,0.9549371004104614,0.0947598591446876
2195846948.0,-0.439875066280365,-0.1940459161996841,9.684322357177734,1.7654995918273926,-0.0182629469782114,0.2112790048122406
2195855281.0,-0.7422032952308655,0.3422847688198089,8.764425277709961,2.210367441177368,-0.2671308219432831,0.1830009073019027
2195863614.0,-0.6822670698165894,0.8258563280105591,9.792819023132324,3.521125316619873,0.4798955619335174,-0.0552755258977413
2195871947.0,-0.3805351555347442,0.9520270824432372,10.548385620117188,3.152433395385742,0.7880347371101379,-0.0331192053854465
2195880280.0,-0.1005417555570602,0.4828973114490509,10.26223087310791,2.3052427768707275,0.5629624724388123,-0.3502747118473053
2195888613.0,-0.0292363800108432,0.3489618599414825,9.79582977294922,2.2836244106292725,0.5672656893730164,0.0316976159811019
2195896946.0,-0.217196986079216,-0.0590758547186851,10.12653636932373,2.510668992996216,0.7909804582595825,0.1341033428907394
2195905279.0,-0.633125364780426,0.2878241240978241,9.5816011428833,3.06667709350586,1.422192096710205,-0.1514569967985153
2195913612.0,-0.3269191086292267,0.4564409852027893,9.709848403930664,4.360708236694336,2.1477153301239014,-0.3463557064533233
2195921945.0,-0.2226278483867645,-0.2318889945745468,10.167426109313965,4.08709716796875,1.822311997413636,-0.290286123752594
2195930278.0,-0.3947365880012512,0.4250938594341278,10.118308067321776,3.5099825859069824,1.477595567703247,0.0402271524071693
2195938611.0,-0.6390170454978943,0.1691308468580246,9.90347671508789,3.4741995334625244,1.3200167417526243,-0.0310956798493862
2195946944.0,-0.645038902759552,0.7869266271591187,9.291772842407228,3.9694254398345934,1.5763386487960815,0.0820552036166191
2195955277.0,-0.800609290599823,0.9979347586631776,9.994977951049805,4.600099086761475,1.5352786779403689,-0.0294563677161932
2195963610.0,-0.4559617638587951,1.2659357786178589,10.41655731201172,3.8334901332855225,1.1960694789886477,-0.3570367991924286
2195971943.0,0.1317620724439621,1.1252717971801758,10.361856460571287,2.6321828365325928,0.2089225053787231,-0.0296356678009033
2195980276.0,-0.5729244351387024,1.1000688076019287,9.93483829498291,2.1199748516082764,-0.5090829133987427,-0.0301735680550336
2195988609.0,-0.953475534915924,0.8690153956413269,9.664356231689451,1.595677137374878,1.109493374824524,0.030237603932619
2195996942.0,-0.4436691701412201,0.4079357385635376,9.52036190032959,1.7439322471618652,2.2520675659179688,0.2123804241418838
2196005275.0,-0.2351589351892471,0.4033625721931457,10.09538459777832,1.89439058303833,1.668857216835022,0.2360223978757858
2196013608.0,-0.5137116312980652,0.2903738617897033,10.383096694946287,1.811553835868836,0.5527679920196533,0.0699140578508377
2196021941.0,-0.5352778434753418,0.5069644451141357,9.994404792785645,1.8606308698654173,0.0442998185753822,-0.2505328357219696
2196030274.0,-0.3274434208869934,0.4965673387050628,9.47254753112793,2.3361847400665283,0.2527740895748138,-0.0482828319072723
2196038607.0,-0.1882374435663223,0.3103345930576324,9.975510597229004,2.277554035186768,0.3763115704059601,-0.0280732009559869
2196046940.0,-0.878822922706604,0.2698524892330169,9.268793106079102,1.8196736574172967,0.8988162875175476,-0.2092682719230651
2196055273.0,-0.0664615854620933,0.3455168008804321,9.33680248260498,2.2667956352233887,1.6257482767105105,0.0431215614080429
2196063606.0,-0.2906372845172882,0.5033709406852722,9.877071380615234,2.878053903579712,0.9883123636245728,-0.138598620891571
2196071939.0,-0.5479562282562256,0.7218620181083679,10.45991039276123,2.486745357513428,0.4287695288658142,-0.3269656896591186
2196080272.0,-0.9725403785705566,0.961370050907135,9.627153396606444,2.505213022232056,1.342582941055298,-0.1952573210000991
2196088605.0,-0.7285223007202148,0.5189157128334045,10.055926322937012,2.3418710231781006,1.6417828798294067,-0.227377563714981
2196096938.0,-0.6026030778884888,0.5674592852592468,10.548439979553224,1.6993892192840576,1.6179360151290894,-0.1768406927585601
2196105271.0,0.1055265590548515,0.5217687487602234,10.358014106750488,1.7993358373641968,-0.3454335629940033,-0.4382083117961883
2196113604.0,-0.229255124926567,0.5126938819885254,10.14809799194336,2.3736841678619385,-1.3699005842208862,-0.414617657661438
2196121937.0,-0.2727918326854706,0.8348613977432251,9.948482513427734,1.973359227180481,-0.6830036044120789,-0.1340649127960205
2196130270.0,-0.8844636678695679,1.0835778713226318,8.925288200378418,1.9766887426376345,1.3598980903625488,-0.175662413239479
2196138603.0,-0.4058094620704651,0.9515483379364014,9.65834617614746,1.759275197982788,2.8957018852233887,-0.1367800086736679
2196146936.0,-0.8452550172805786,0.6022011041641235,9.764256477355955,1.1454813480377195,2.736816883087158,-0.3663347363471985
2196155269.0,-0.667590856552124,0.2997066378593445,10.322393417358398,0.7946688532829285,1.8509230613708496,-0.2674382328987121
2196163602.0,-0.3725627362728119,-0.1632492691278457,10.583525657653809,0.841850221157074,0.1908644586801529,0.416807621717453
2196171935.0,-0.3672999441623688,0.0459401458501815,9.493672370910645,1.6819970607757568,-2.0699119567871094,0.1545690894126892
2196180268.0,-0.2200622707605362,0.0464362166821956,9.340238571166992,2.937350988388061,-1.9713484048843384,0.1684776395559311
2196188601.0,0.0588975772261619,-0.0567375347018241,9.85255241394043,2.472247362136841,-1.6165655851364136,-0.0538155101239681
2196196934.0,0.0453976988792419,-0.007893867790699,9.630596160888672,2.064494609832764,-0.1618051081895828,-0.0679033324122428
2196205267.0,-0.4390766024589538,0.2377742528915405,9.329380989074709,2.326656103134156,2.4065980911254883,0.3725718259811401
2196213600.0,-0.7280399799346924,0.4871478974819183,9.388795852661133,3.335472822189331,4.279101848602295,0.5577884316444397
2196221933.0,-0.1245195567607879,0.8980651497840881,10.050603866577148,4.179948806762695,3.700296878814697,0.4867601692676544
2196230266.0,-0.1803585439920425,0.5322849154472351,10.992961883544922,3.71612548828125,0.4781280755996704,0.193297803401947
2196238599.0,-0.1713454872369766,0.742935836315155,10.73252773284912,1.8538943529129028,-1.538724064826965,0.2446543872356414
2196246932.0,-0.6431716680526733,0.6126102805137634,9.183588027954102,1.7114534378051758,-1.185273051261902,0.4640658497810364
2196255265.0,-0.7852759957313538,0.7781174182891846,8.808545112609863,2.792041301727295,0.7943614721298218,0.3498776257038116
2196263598.0,-0.5162931680679321,0.3104426264762878,9.687962532043455,3.0146291255950928,3.030202865600586,0.7375748157501221
2196271931.0,-0.074119433760643,0.1301567703485489,9.950329780578612,2.450603723526001,2.355318784713745,0.5765637159347534
2196280264.0,-0.5299144387245178,0.9673721194267272,10.06641674041748,2.9572019577026367,1.366532325744629,0.6070445775985718
2196288597.0,-0.485687643289566,1.131906270980835,10.053726196289062,2.797292232513428,0.1525199562311172,0.331256091594696
2196296930.0,-1.1331334114074707,1.0314087867736816,9.402424812316896,2.637638807296753,0.3320245444774627,-0.1133942306041717
2196305263.0,-0.1745235025882721,0.5712243914604187,10.332263946533203,1.5668355226516724,1.166997313499451,0.4723392724990845
2196313596.0,-0.1473628729581833,0.289554238319397,9.65098762512207,1.0887972116470337,0.1973704993724823,0.3889650106430053
2196321929.0,-0.5708151459693909,0.4700479507446289,9.486186027526855,2.5274205207824707,-0.2560655176639557,0.2698843777179718
2196330262.0,-0.6093188524246216,0.4462552666664123,9.544929504394531,2.8027734756469727,0.9402088522911072,0.4435488879680633
2196338595.0,-1.226997137069702,0.442483901977539,9.21992301940918,2.995187759399414,1.4345636367797852,-0.1080152243375778
2196346928.0,-0.5437461137771606,0.8149193525314331,9.961442947387695,2.525601863861084,2.1718692779541016,0.2981368899345398
2196355261.0,-0.1166553199291229,0.1637080460786819,10.357556343078612,1.839448094367981,0.6287654638290405,0.4791014790534973
2196363594.0,-0.2849465012550354,0.6636265516281128,10.267680168151855,1.730407953262329,-1.5358295440673828,0.1232428923249244
2196371927.0,-0.3989886939525604,0.8210576176643372,10.124529838562012,1.667243480682373,-2.0118958950042725,0.3225984871387481
2196380260.0,-0.7860594987869263,0.5674872994422913,9.097883224487305,2.211366653442383,-0.8967031240463257,-0.2068093419075012
2196388593.0,0.0321280136704444,0.6548877358436584,9.535112380981444,2.58228611946106,1.1323156356811523,0.0819015130400657
2196396926.0,0.0530655086040496,0.2385029047727584,10.414968490600586,1.8528952598571773,1.6082794666290283,0.6926985383033752
2196405259.0,-0.5505184531211853,0.8272177577018738,10.147394180297852,1.3382539749145508,1.269172430038452,0.3802048861980438
2196413592.0,-0.6437201499938965,0.5865931510925293,10.397789001464844,1.6277204751968384,1.6834827661514282,0.3425775468349457
2196421925.0,-0.9252877831459044,0.4184073209762573,10.21100902557373,2.107372999191284,1.3334643840789795,3.84213599318e-05
2196430258.0,-0.3261561989784241,0.7253040671348572,10.160354614257812,2.533439874649048,0.7609348297119141,0.0290849637240171
2196438591.0,0.1633485108613968,0.348623514175415,10.004679679870604,2.4345436096191406,-0.5335445404052734,0.5027690529823303
2196446924.0,-0.1634582728147506,1.1193875074386597,9.415689468383787,2.1598308086395264,-1.6067042350769043,0.2770307660102844
2196455257.0,-0.1535790711641311,0.096663624048233,9.609238624572754,1.488994002342224,-0.9885044693946838,0.2322314828634262
2196463590.0,-0.2694762051105499,-0.3505966067314148,8.604305267333984,1.1168959140777588,0.6020241975784302,0.2076161801815033
2196471923.0,-0.2765802145004272,-0.2125544250011444,9.312543869018556,2.2123911380767822,2.4227609634399414,0.4251579046249389
2196480256.0,-1.1128813028335571,0.578032374382019,9.289092063903809,3.269080877304077,3.648991584777832,0.6803525686264038
2196488589.0,-0.4020833969116211,1.0593609809875488,10.176177978515623,4.567440986633301,3.1529459953308105,0.595518171787262
2196496922.0,-0.0457190871238708,-0.1969106793403625,11.399130821228027,3.3186700344085693,0.3468295931816101,0.5306629538536072
2196505255.0,-0.3432911038398742,-0.5506826043128967,10.393988609313965,0.7669031023979187,-2.199110269546509,0.5147053003311157
2196513588.0,-0.4714109897613525,-0.0290361754596233,8.649957656860352,2.062727212905884,-2.1700379848480225,0.5615280866622925
2196521921.0,-0.5142998099327087,0.9100576043128968,8.816237449645996,5.005034446716309,-0.0573758892714977,0.4826618731021881
2196530254.0,0.2014786303043365,0.4347030818462372,10.858372688293455,5.123884201049805,1.44675612449646,0.5817888975143433
2196538587.0,0.1968040317296981,0.0694649145007133,10.673434257507324,2.7353310585021973,1.2102340459823608,0.6303022503852844
2196546920.0,-0.8308281302452087,0.3070516586303711,9.42379379272461,2.117464780807495,2.48889684677124,0.7267143130302429
2196555253.0,-0.8439032435417175,0.6784120798110962,9.558176040649414,3.54702091217041,3.973753690719605,0.9134162664413452
2196563586.0,-0.5130634903907776,0.6164791584014893,10.418829917907717,4.598485469818115,2.920496702194214,0.5471841096878052
2196571919.0,-0.004783330950886,0.7236277461051941,10.77950382232666,3.998087167739868,0.3201906681060791,0.8785809278488159
2196580252.0,-0.8811761140823364,0.3542944490909576,10.216832160949709,2.48049545288086,-1.311935544013977,0.9150301814079284
2196588585.0,-0.8370665907859802,1.0740745067596436,9.193230628967283,1.9963093996047967,-0.4498627781867981,0.5810973048210144
2196596918.0,-0.1423616856336593,0.6509296298027039,9.80447769165039,2.8804874420166016,0.645747721195221,0.7176724672317505
2196605251.0,-0.3011989593505859,0.2734435796737671,10.37718677520752,2.8630692958831787,0.4141437709331512,0.4330470561981201
2196613584.0,-0.1757259517908096,0.8544535636901855,10.162056922912598,2.9349687099456787,1.1005795001983645,0.6322745680809021
2196621917.0,-0.5076822638511658,0.2041873782873153,9.840858459472656,2.726545810699463,1.7007722854614258,0.935495913028717
2196630250.0,-0.6788418889045715,0.5242063999176025,9.622954368591309,2.5745508670806885,2.33201003074646,0.8789397478103638
2196638583.0,-0.4435846507549286,0.3679755628108978,10.122838973999023,2.5038299560546875,1.827383637428284,1.1575456857681274
2196646916.0,-0.7468143701553345,0.3560125827789306,9.771198272705078,2.7955760955810547,0.6865255832672119,0.873073935508728
2196655249.0,-0.5031708478927612,0.905152142047882,9.89872932434082,3.403914451599121,0.0712203830480575,0.9508644938468932
2196663582.0,-0.3210760056972503,0.4225565195083618,10.24636459350586,2.938042163848877,-0.6632037162780762,0.9976871013641356
2196671915.0,-0.2730491459369659,0.6830002665519714,9.22232437133789,2.2299113273620605,-1.1011816263198853,0.823664128780365
2196680248.0,-0.5173345804214478,0.3535304069519043,9.703180313110352,2.5589516162872314,0.1789794713258743,1.1334171295166016
2196688581.0,-1.019766092300415,0.4869490265846252,9.927119255065918,1.9619354009628296,2.033885717391968,1.099811315536499
2196696914.0,-0.3954004943370819,1.1429210901260376,9.905573844909668,3.077870607376098,2.384928703308105,1.10180926322937
2196705247.0,-0.1275424659252166,0.5612343549728394,11.161322593688965,3.727216243743897,0.7533273696899414,1.2337478399276731
2196713580.0,-0.6071016192436218,0.6800028681755066,10.114339828491213,2.326528310775757,-0.5521149039268494,1.0941505432128906
2196721913.0,-0.0676794052124023,1.0331106185913086,9.483330726623535,2.6544673442840576,-1.2730531692504885,1.010955572128296
2196730246.0,-0.1297762095928192,0.9042121767997742,9.960037231445312,2.849468231201172,-1.1582756042480469,0.9717143774032592
2196738579.0,-0.2066990137100219,0.5760772228240967,10.173828125,2.1184892654418945,-0.1553759276866912,0.9108549356460572
2196746912.0,-0.4381422996520996,1.052340030670166,8.983649253845215,2.026355028152466,1.579181671142578,0.6465417146682739
2196755245.0,-0.6036175489425659,1.7855442762374878,9.099560737609863,3.621455669403076,3.4071929454803467,0.793746829032898
2196763578.0,-0.4976443946361542,0.7481797337532043,10.909912109375,2.9229300022125244,3.292210578918457,0.7840389609336853
2196771911.0,-0.4401988387107849,0.5620678663253784,10.741439819335938,0.7621899247169495,1.7894232273101809,0.966873288154602
2196780244.0,-0.1758594810962677,0.2344987243413925,9.850953102111816,0.852582573890686,-0.152404710650444,1.1152054071426392
2196788577.0,-0.5102136135101318,0.8795532584190369,9.255553245544434,2.383673667907715,-1.4506878852844238,0.638498842716217
2196796910.0,-0.1625424772500991,1.2428675889968872,9.59708023071289,3.46216082572937,-1.4841400384902954,0.4581233561038971
2196805243.0,-0.002105401828885,0.2818591892719269,9.992705345153809,2.291872024536133,-0.4714300036430359,0.6359630823135376
2196813576.0,-0.062338538467884,0.3216708898544311,9.285467147827148,0.7266886234283447,1.3088232278823853,0.9629030227661132
2196821909.0,0.1150953695178031,0.1271276026964187,9.190356254577637,1.1404098272323608,2.523245334625244,1.2597976922988892
2196830242.0,-0.8280892968177795,0.6342450380325317,9.280173301696776,2.652623176574707,3.133991479873657,0.8633663058280945
2196838575.0,-0.8670781850814819,0.7108673453330994,9.95564079284668,3.215649604797364,3.515028715133667,0.8525570631027222
2196846908.0,-0.8524671196937561,0.0938930287957191,10.43966579437256,2.679850816726685,2.709153413772583,0.9863401651382446
2196855241.0,-0.4310192465782165,0.0521389655768871,10.655067443847656,1.8129884004592896,0.6287397742271423,1.16574227809906
2196863574.0,-0.18740314245224,0.3519337475299835,9.911657333374023,2.145870923995972,-1.6875169277191162,1.3897899389266968
2196871907.0,-0.1836676895618438,0.5344039797782898,9.37040901184082,3.234527587890625,-3.0368237495422363,0.8134185075759888
2196880240.0,0.4068078100681305,0.478072315454483,9.30827808380127,3.846912384033203,-2.354383707046509,0.7973839640617371
2196888573.0,-0.1873844116926193,0.2160040587186813,9.644232749938965,2.934277296066284,-0.1150591373443603,0.907320201396942
2196896906.0,-0.3950441479682922,1.0177878141403198,8.974105834960938,2.031810760498047,3.3376755714416504,1.11579430103302
2196905239.0,-0.4439530372619629,1.3691411018371582,9.129337310791016,3.1927759647369385,5.846564292907715,1.562455415725708
2196913572.0,-1.0013600587844849,1.388192892074585,10.556160926818848,3.602014780044556,4.917459964752197,0.6722584366798401
2196921905.0,-0.865064263343811,0.8672691583633423,11.658121109008787,2.056118488311768,3.0010273456573486,0.703789472579956
2196930238.0,-0.2707425355911255,0.034813068807125,10.816715240478516,0.2772868871688843,-0.2131872624158859,1.111644983291626
2196938571.0,-0.1336120814085006,0.645039439201355,9.22178840637207,1.423395752906799,-2.9449713230133057,0.9725340008735656
2196946904.0,-0.2545713484287262,1.0339336395263672,9.388341903686523,3.1358866691589355,-3.663834810256958,0.717108964920044
2196955237.0,-0.32301726937294,0.1777644157409668,9.965017318725586,2.2328312397003174,-1.5244057178497314,0.5739766359329224
2196963570.0,0.0350397564470768,0.1032759323716163,9.218281745910645,0.7308637499809265,1.548341989517212,1.1247594356536863
2196971903.0,-0.4748928546905517,0.6772075295448303,9.001097679138184,1.31814706325531,4.0543365478515625,1.2458891868591309
2196980236.0,-0.8580173850059509,1.217921495437622,9.629364013671877,2.9938302040100098,4.991971015930176,0.9482773542404176
2196988569.0,-0.8054836988449097,0.5656370520591736,10.761122703552246,2.827619791030884,3.9296464920043945,0.8881351947784424
2196996902.0,-0.6637253165245056,0.1434652954339981,10.880412101745604,1.278624176979065,1.2258589267730713,1.2798537015914917
2197005235.0,-0.5772075653076172,0.4149267375469208,10.392049789428713,0.5908563733100891,-1.269262194633484,1.4784663915634155
2197013568.0,-0.5807222127914429,0.4109398126602173,10.226920127868652,1.171556830406189,-3.063795804977417,1.2987571954727173
2197021901.0,-0.1673280745744705,1.0873992443084717,9.471112251281738,2.5585930347442627,-2.879910945892334,1.104293704032898
2197030234.0,0.328840970993042,0.7576763033866882,10.113880157470703,3.000361680984497,-1.7906653881072998,1.0652318000793457
2197038567.0,0.2171102464199066,0.0769145190715789,10.09814739227295,1.081317663192749,-0.3137999475002289,1.1153334379196167
2197046900.0,-0.1807474046945572,0.3697781264781952,8.636327743530273,0.7512526512145996,2.595426559448242,1.4307470321655271
2197055233.0,-0.1032050475478172,-0.2422978281974792,9.219969749450684,2.203554630279541,4.523948192596436,2.068721055984497
2197063566.0,-0.8079937100410461,0.1972929239273071,9.458385467529297,3.204200029373169,4.213375568389893,1.917494535446167
2197071899.0,-1.029344081878662,0.062778539955616,10.213438987731934,3.799449443817138,2.573065280914306,1.687043309211731
2197080232.0,-0.8460956811904907,-0.1283492892980575,10.514052391052246,3.214906692504883,0.6103231310844421,1.696545958518982
2197088565.0,-0.1367164552211761,0.5325051546096802,10.13149356842041,3.3013291358947754,-1.635673761367798,1.8806610107421875
2197096898.0,0.000292046694085,0.6858155131340027,10.303749084472656,3.796529054641724,-3.276470422744751,1.9108346700668333
2197105231.0,-0.3255420625209808,1.1676424741744995,9.516949653625488,3.4421820640563965,-2.8762741088867188,1.590042233467102
2197113564.0,-0.6621295809745789,0.3924630582332611,8.993775367736816,3.500274658203125,0.3473930656909942,1.606050968170166
2197121897.0,-0.5090762972831726,0.1957473456859588,9.405227661132812,2.9347381591796875,3.925906658172608,1.9501523971557613
2197130230.0,-0.1072067767381668,0.6611092686653137,10.139792442321776,3.091856002807617,4.34946346282959,2.428985118865967
2197138563.0,-0.6850185394287109,1.6754095554351809,10.388338088989258,4.098622798919678,2.149585008621216,2.118335485458374
2197146896.0,-0.739352285861969,1.9265223741531368,10.56186580657959,3.872296333312988,-0.0445687696337699,1.6354049444198608
2197155229.0,-0.8352305889129639,0.9902429580688475,10.850530624389648,2.13083553314209,-0.7347443699836731,1.542578935623169
2197163562.0,0.2168864160776138,0.1909694373607635,10.082460403442385,0.101829394698143,-1.5352661609649658,1.9888559579849243
2197171895.0,0.1975839287042617,0.1084822937846183,9.25261402130127,0.7788903713226318,-2.2788984775543213,2.314668655395508
2197180228.0,-0.5894003510475159,0.9249182343482972,9.111648559570312,2.805053234100342,-1.3166228532791138,2.056886911392212
2197188561.0,-0.39896160364151,0.3564675152301788,9.412191390991213,3.7695062160491934,1.4361006021499634,1.912397027015686
2197196894.0,0.1453248560428619,-0.1397855430841446,9.965476036071776,3.134298801422119,2.511796236038208,2.1647231578826904
2197205227.0,-0.2262089848518371,-0.2309455573558807,10.0371732711792,1.955736517906189,2.224583625793457,2.119590759277344
2197213560.0,-0.6725950837135315,0.5459542870521545,9.485734939575195,2.770550489425659,2.213518142700196,1.9929026365280151
2197221893.0,-0.265954315662384,0.4636792242527008,9.83901023864746,4.721228122711182,1.210029125213623,2.0813229084014893
2197230226.0,-0.1140794828534126,0.67347252368927,10.609891891479492,5.082594394683838,-0.2467419505119323,2.150379180908203
2197238559.0,-0.2674200236797333,0.6221827864646912,10.775823593139648,3.4262499809265137,-0.7495237588882446,2.4818785190582275
2197246892.0,-0.7885596752166748,0.6639271974563599,8.830645561218262,2.70044469833374,0.0339772813022136,2.120333433151245
2197255225.0,0.024045305326581,0.9704766273498536,9.343971252441406,4.126670837402344,1.801590085029602,2.407699584960937
2197263558.0,0.1648889482021331,0.5314493775367737,10.747973442077637,3.956106185913086,1.3900974988937378,2.660640239715576
2197271891.0,-0.8915417194366455,1.154777765274048,9.75501823425293,3.4035558700561523,1.408949613571167,2.202043056488037
2197280224.0,-0.6140488386154175,0.9243323802947998,9.48785400390625,3.5401556491851807,2.7811548709869385,2.6769051551818848
2197288557.0,-0.5484355092048645,0.8038467168807983,10.024441719055176,3.541309118270874,2.370098114013672,2.820549964904785
2197296890.0,-0.0954258143901825,0.3810175359249115,10.794792175292969,3.0004897117614746,0.460992157459259,2.773266077041626
2197305223.0,-0.3502568304538727,0.3796576559543609,9.84632682800293,2.77262544631958,-0.8569754362106323,2.861917018890381
2197313556.0,-0.4568333029747009,0.8985848426818848,9.466736793518066,4.031796455383301,-0.8350753784179688,2.62693190574646
2197321889.0,-0.3421299755573272,1.073352932929993,9.875812530517578,4.289756774902344,0.6292520761489868,2.8138132095336914
2197330222.0,-0.1037692204117775,0.7630277276039124,9.906625747680664,3.453196287155152,1.7617599964141846,2.871650457382202
2197338555.0,-0.440385103225708,1.4534494876861572,9.607194900512695,2.9869656562805176,2.4827239513397217,3.0115296840667725
2197346888.0,-0.7041490077972412,1.2257044315338137,9.995975494384766,3.086937665939331,2.7298498153686523,3.125077486038208
2197355221.0,-0.7705515623092651,0.9469566941261292,9.746245384216309,2.9818432331085205,2.2385432720184326,2.988041639328003
2197363554.0,-0.6012681722640991,0.6957442164421082,10.685497283935549,2.6804404258728027,1.264997482299805,3.176511287689209
2197371887.0,-0.4669398963451385,0.7573513984680176,10.118330001831056,2.0859591960906982,-0.341207206249237,3.1996915340423584
2197380220.0,-0.5659171342849731,1.3300827741622925,9.483980178833008,2.999235153198242,-0.9648882150650024,3.1731810569763184
2197388553.0,-0.337613970041275,1.418693780899048,9.842957496643066,3.295924425125122,-0.7731401324272156,2.9059479236602783
2197396886.0,-0.0629893168807029,0.668481171131134,10.316217422485352,2.27130389213562,-0.1035839617252349,3.057507038116455
2197405219.0,0.0373946689069271,0.1680243015289306,9.599531173706056,1.0617228746414185,0.6744868159294128,3.5552685260772705
2197413552.0,-0.5044805407524109,0.9681162238121032,8.468926429748535,2.400297403335572,1.4055941104888916,3.589438199996948
2197421885.0,-0.8298287987709045,1.2307392358779907,9.621139526367188,4.385169982910156,2.82905387878418,3.4055025577545166
2197430218.0,-0.4742208421230316,0.6653736233711243,10.499287605285645,3.448431491851806,2.436387300491333,3.504578113555908
2197438551.0,-0.231571540236473,0.4355846643447876,9.982402801513672,2.3790628910064697,0.6460549831390381,3.7149479389190674
2197446884.0,-0.1828453093767166,0.105847954750061,10.216958999633787,2.0018935203552246,-0.7811316847801208,4.027953624725342
2197455217.0,-0.4302909672260284,0.0906362980604171,9.533658027648926,2.795729637145996,-1.612697720527649,4.0846123695373535
2197463550.0,-0.2007039934396743,0.5065166354179382,9.282028198242188,4.464932918548584,-0.617021381855011,4.072343349456787
2197471883.0,-0.0073043396696448,0.6335227489471436,10.086311340332031,5.111870765686035,0.4811761677265167,4.1809983253479
2197480216.0,-0.1874130517244339,1.0956803560256958,9.821624755859377,4.303768634796143,1.535330295562744,4.088326930999756
2197488549.0,-0.3061807155609131,0.9428993463516236,9.508480072021484,3.827470779418945,2.658385753631592,4.398078918457031
2197496882.0,-0.8367551565170288,1.1133297681808472,9.393796920776367,3.463057279586792,3.317799091339112,4.501253604888916
2197505215.0,-0.4448576867580414,1.2820299863815308,10.009648323059082,3.7939417362213135,2.6564650535583496,4.609550476074219
2197513548.0,-0.4750347137451172,1.260120153427124,10.53245449066162,3.658212661743164,0.5174460411071777,4.7569098472595215
2197521881.0,-0.4011697471141815,1.5120601654052734,10.46953582763672,3.0342495441436768,-1.5497126579284668,4.705527305603027
2197530214.0,-0.8663208484649658,1.300630807876587,9.616490364074709,2.467867374420166,-1.1078412532806396,4.697381496429443
2197538547.0,-0.2593630850315094,0.3996704220771789,9.521964073181152,2.1003289222717285,0.0715789794921875,4.733190059661865
2197546880.0,0.3855136632919311,0.7034783363342285,9.92056369781494,2.551088333129883,0.4982096254825592,5.260254859924316
2197555213.0,-0.4336204826831817,0.7608758211135864,10.091408729553224,2.931433916091919,0.3178342282772064,5.157746315002441
2197563546.0,-0.9224398732185364,1.1942662000656128,9.106671333312988,3.3494327068328857,1.6420388221740725,4.671229839324951
2197571879.0,-0.3727839291095733,1.04515278339386,9.423113822937012,4.016427040100098,2.5832085609436035,4.5792999267578125
2197580212.0,-0.1067224964499473,0.6798560619354248,10.447407722473145,3.271975517272949,1.670573353767395,4.758651256561279
2197588545.0,-0.0050749001093208,0.6337753534317017,10.418275833129885,1.9606798887252808,0.0410980395972728,4.909006595611572
2197596878.0,-0.4613141119480133,1.3556307554244995,8.948443412780762,2.978256940841675,-0.9398375749588012,4.709394931793213
2197605211.0,-0.5710169076919556,1.432193160057068,9.842859268188477,4.392520904541016,0.1981901377439499,4.726351261138916
2197613544.0,-0.1588761061429977,0.6785093545913696,10.304651260375977,3.236807107925415,1.0410778522491455,4.6139817237854
2197621877.0,-0.0068536633625626,0.8204497694969177,9.3494873046875,2.705413818359375,1.0440233945846558,4.519490718841553
2197630210.0,0.029446791857481,1.2414058446884155,10.22516632080078,3.210398435592652,2.001227617263794,4.966817378997803
2197638543.0,-0.7675254344940186,1.2776312828063965,10.213613510131836,3.0248236656188965,1.825539469718933,4.836006164550781
2197646876.0,-0.5373995900154114,1.537894606590271,9.417405128479004,3.479527711868286,2.1330387592315674,4.485142707824707
2197655209.0,-0.5049201250076294,0.5118967890739441,9.728901863098145,3.226356506347656,2.2411816120147705,4.884903907775879
2197663542.0,-0.3326899707317352,0.1967466175556183,9.823376655578612,2.3427422046661377,0.8638273477554321,4.810008049011231
2197671875.0,-0.2489312142133712,0.245372012257576,9.799924850463867,2.3865933418273926,0.4496194720268249,5.364222526550293
2197680208.0,-0.8741897940635681,0.930690050125122,9.218897819519045,3.728907585144043,0.2612011730670929,5.087615013122559
2197688541.0,-0.4240633547306061,1.362352728843689,10.06755828857422,4.94463586807251,0.950992465019226,5.023809432983398
2197696874.0,-0.3952494859695434,0.7512103319168091,10.71278190612793,4.117321968078613,1.0280401706695557,5.2294921875
2197705207.0,-0.4358260333538055,1.116267442703247,9.995351791381836,2.887557029724121,1.0749399662017822,5.304286003112793
2197713540.0,-0.3289684057235718,1.852013349533081,9.78423023223877,3.4473044872283936,1.6366342306137085,5.483431816101074
2197721873.0,-0.345721572637558,1.8084635734558103,10.273271560668944,3.650015592575073,0.6125515699386597,5.204875946044922
2197730206.0,-0.0369392037391662,1.3405826091766355,10.584935188293455,3.002462148666382,0.0009605337982065,5.280643939971924
2197738539.0,-0.3930035233497619,0.5787418484687805,10.00523567199707,1.5317695140838623,0.1144059598445892,5.59902811050415
2197746872.0,-0.4576895833015442,1.4493606090545654,9.276955604553224,1.962140321731568,1.2630507946014404,5.680686950683594
2197755205.0,-0.3371430933475494,1.5447691679000854,9.897583961486816,3.09054970741272,2.2988905906677246,5.754866123199463
2197763538.0,-0.9609400033950806,1.6196393966674805,10.003966331481934,2.935532093048096,2.142848253250122,5.180440425872803
2197771871.0,-0.4533661007881164,1.553040862083435,9.955281257629396,2.4094157218933105,2.384006261825561,5.488502502441406
2197780204.0,-0.1712317168712616,0.32789346575737,10.610550880432127,1.2742953300476074,1.3885860443115234,5.9884419441223145
2197788537.0,-0.5231199264526367,0.946461856365204,9.56191635131836,0.70986008644104,-0.4100326597690582,5.790750503540039
2197796870.0,-0.8483772277832031,1.154431700706482,8.809045791625977,2.557645797729492,-0.2813979983329773,5.753457069396973
2197805203.0,-0.1946832090616226,0.547158420085907,9.467877388000488,3.629472970962525,-0.0980512872338295,5.507892608642578
2197813536.0,0.0735349804162979,0.7486048936843872,10.002296447753906,2.8183469772338867,-0.1633931994438171,5.803378582000732
2197821869.0,-0.4248204827308655,0.2811203896999359,10.28142261505127,1.822260499000549,0.664830207824707,6.28267240524292
2197830202.0,-0.6202489137649536,1.283773422241211,9.167159080505373,2.3915886878967285,1.864806056022644,6.125401496887207
2197838535.0,-0.5631623864173889,1.2199198007583618,10.076963424682615,4.379688739776611,2.775853157043457,6.416301727294922
2197846868.0,-0.4653283655643463,0.3574071228504181,10.78612995147705,3.757544994354248,1.946413278579712,6.335028648376465
2197855201.0,-0.2886442542076111,0.8075581192970276,10.19515609741211,2.6199393272399902,0.5498992800712585,6.500137805938721
2197863534.0,-0.1158982068300247,0.979728102684021,9.925085067749023,3.032686948776245,-0.5953516364097595,6.668576240539551
2197871867.0,-0.5672869086265564,0.682416558265686,9.73733901977539,3.6026554107666016,-1.0121465921401978,6.6429123878479
2197880200.0,-0.5552284717559814,0.5344869494438171,9.2327299118042,3.6832120418548575,0.0730390027165412,6.576749324798584
2197888533.0,-0.3354100286960602,0.8117803931236267,9.047208786010742,4.24472713470459,1.575006365776062,6.806124687194824
2197896866.0,-0.232477381825447,1.0608580112457275,10.558324813842772,4.42697286605835,2.442560911178589,7.02686882019043
2197905199.0,-0.6959507465362549,1.4477802515029907,10.682872772216797,3.568331956863404,1.8331724405288696,6.9979248046875
2197913532.0,-0.7368893027305603,1.9837819337844849,9.903680801391602,4.119114875793457,1.757610321044922,6.882378101348877
2197921865.0,-0.4034546315670013,1.7190834283828735,10.575233459472656,3.869478940963745,1.194455862045288,6.981097221374512
2197930198.0,-0.3102180361747741,1.8912888765335083,10.19719123840332,2.6174545288085938,-0.328195184469223,6.941085815429688
2197938531.0,-0.2603665292263031,1.5930912494659424,10.142334938049316,1.8383464813232424,-0.5885639786720276,7.205322742462158
2197946864.0,-0.2364418655633926,1.632358431816101,9.971490859985352,1.0863637924194336,-0.4192282259464264,7.349505424499512
2197955197.0,0.0381342321634292,1.240422248840332,9.42595386505127,1.7133233547210691,-0.2510707080364227,7.068721771240234
2197963530.0,0.0517299063503742,0.9496139287948608,9.720906257629396,2.172074556350708,0.9182577133178712,7.538795948028564
2197971863.0,-0.8785852193832397,1.3771932125091553,9.119848251342772,1.9786360263824463,2.0660319328308105,7.357241630554199
2197980196.0,-0.4993031322956085,1.0451468229293823,9.749747276306152,2.4530367851257324,3.730802536010742,7.28032112121582
2197988529.0,0.0414746329188346,0.8525621891021729,10.549147605895996,2.179579019546509,2.861788511276245,7.464641094207764
2197996862.0,-0.3583473861217499,1.2815284729003906,10.14512062072754,2.23874831199646,0.2649664878845215,7.285342693328857
2198005195.0,-0.5857011675834656,0.789639949798584,9.474859237670898,2.5956571102142334,0.1731650680303573,7.633721828460693
2198013528.0,-0.2023255676031112,0.5582669973373413,8.847554206848145,3.017395734786988,0.0531111285090446,7.523708820343018
2198021861.0,0.057142686098814,0.5658151507377625,9.27397918701172,3.552220582962036,0.1681446433067321,7.714200019836426
2198030194.0,-0.1491848826408386,0.3969148993492126,9.763765335083008,3.2404439449310303,0.5380141735076904,7.780617713928223
2198038527.0,-0.4100587368011474,0.8108604550361633,8.79948902130127,3.755393028259277,1.5516207218170166,7.652470588684082
2198046860.0,-0.4945493340492248,1.369255781173706,9.023877143859863,5.265607833862305,3.375943660736084,8.047595977783203
2198055193.0,-0.7201611399650574,1.1170649528503418,10.324487686157228,5.2309770584106445,3.5001978874206543,7.872752666473389
2198063526.0,-0.7521877288818359,1.5355734825134275,10.434350967407228,4.005516052246094,2.7117154598236084,7.764457702636719
2198071859.0,-0.1650057286024093,1.5485104322433472,10.525410652160645,3.504398822784424,1.1501688957214355,8.284041404724121
2198080192.0,-0.2973425388336181,1.6225885152816772,10.153745651245115,3.749168157577514,-0.6696329712867737,8.075770378112793
2198088525.0,-0.1290389746427536,1.5715677738189695,10.380452156066896,3.713590621948242,-1.04339599609375,8.302637100219727
2198096858.0,-0.1704601347446441,0.9290468096733092,9.529227256774902,2.718194961547852,-0.2274287939071655,8.52440357208252
2198105191.0,-0.2056313306093216,1.3939573764801023,8.779984474182129,3.1334540843963623,1.501032829284668,8.528554916381836
2198113524.0,-0.3568483293056488,0.879626452922821,9.55091667175293,3.731853723526001,3.576810359954834,8.932619094848633
2198121857.0,-0.7630339860916138,1.061556100845337,9.369248390197754,3.1912903785705566,4.017682075500488,8.662005424499512
2198130190.0,-0.3723093271255493,1.0884830951690674,9.712404251098633,3.903290033340454,3.5752997398376465,8.87811279296875
2198138523.0,-0.9681109189987184,1.22565495967865,10.193622589111328,4.277949333190918,2.1641085147857666,9.042555809020996
2198146856.0,-0.9266650080680848,1.0805484056472778,10.689451217651367,3.5137734413146973,0.7305563688278198,9.045038223266602
2198155189.0,-0.9798524975776672,1.3702082633972168,9.2919340133667,3.312420129776001,-0.3491989076137543,9.043426513671877
2198163522.0,-0.2938633859157562,1.4110990762710571,9.708879470825195,4.368264675140381,-0.3395935595035553,9.060203552246094
2198171855.0,-0.1588607877492904,1.0609632730484009,10.35825538635254,4.058998107910156,-0.9292332530021667,9.09309196472168
2198180188.0,-0.3043009638786316,1.0774893760681152,9.77725887298584,3.4521968364715576,-0.4126453101634979,9.263195991516112
2198188521.0,-0.518642783164978,1.5756605863571167,8.788492202758789,4.26265811920166,1.6644517183303833,9.505303382873535
2198196854.0,-0.778474748134613,2.056485652923584,9.632956504821776,5.249215126037598,2.8109703063964844,9.305819511413574
2198205187.0,-0.6042293906211853,1.890187740325928,10.472180366516112,4.242600917816162,2.666839361190796,9.312939643859863
2198213520.0,-0.3756193816661834,2.0767486095428467,10.296401023864746,2.7694239616394043,1.639836072921753,9.483376502990724
2198221853.0,-0.3901872634887695,1.7401717901229858,9.95518970489502,2.6438117027282715,-0.4111596941947937,9.67812156677246
2198230186.0,-0.5514373183250427,1.8899449110031128,9.992746353149414,2.492790460586548,-1.3933632373809814,9.691057205200195
2198238519.0,-0.9548680782318116,2.399428129196167,9.592350959777832,2.5666873455047607,-0.5470176339149475,9.669822692871094
2198246852.0,-0.7086605429649353,1.9325952529907229,9.637356758117676,2.6671719551086426,0.965772032737732,9.618338584899902
2198255185.0,-0.3788613080978393,1.8937550783157349,10.240148544311523,2.371532678604126,1.5325638055801392,9.740365028381348
2198263518.0,-0.6690909266471863,1.645328164100647,10.596714973449709,1.1759880781173706,0.8915675282478333,9.777658462524414
2198271851.0,-0.5689451694488525,1.5579686164855957,9.491619110107422,1.272143840789795,0.6756650805473328,9.84865951538086
2198280184.0,-0.0717019364237785,1.6418569087982178,9.955692291259766,2.416511297225952,-0.2163122296333313,9.952527046203612
2198288517.0,-0.2632145583629608,1.4600399732589722,10.858654022216797,2.089161396026612,-1.4114214181900024,10.089743614196776
2198296850.0,-0.4916926622390747,0.6613389253616333,9.586514472961426,0.7410582304000854,-1.2264095544815063,9.915283203125
2198305183.0,-0.6151692867279053,1.6290085315704346,8.617691040039062,2.0443618297576904,0.9418482780456544,9.988104820251465
2198313516.0,-0.6239680647850037,1.908969163894653,10.090723037719728,3.712822675704956,2.4294209480285645,9.937747955322266
2198321849.0,-0.3293569982051849,1.5757886171340942,10.969392776489258,2.856461524963379,2.300120115280152,9.88739013671875
2198330182.0,-0.4118300676345825,1.941754579544068,10.014013290405272,2.0735878944396973,1.507615566253662,10.166457176208496
2198338515.0,-0.4244162440299988,1.6858859062194824,10.310522079467772,2.083500623703003,0.7828095555305481,10.511993408203123
2198346848.0,-0.8503406643867493,1.8764358758926392,9.916352272033691,1.6093041896820068,0.0373071357607841,10.258028030395508
2198355181.0,-0.5853070616722107,1.9323409795761108,9.712671279907228,1.776104211807251,0.2246753126382827,10.298295021057127
2198363514.0,-0.190729022026062,1.6440061330795288,9.807168006896973,1.950972437858581,0.2463193237781524,10.387944221496582
2198371847.0,-0.0613570809364318,1.5346769094467163,10.334806442260742,1.627131700515747,0.2473951131105423,10.627079010009766
2198380180.0,-0.4418568015098572,1.3029905557632446,9.835271835327148,1.0455090999603271,0.8473573923110962,10.884218215942385
2198388513.0,-1.278287649154663,1.330668330192566,8.823121070861816,1.6820485591888428,2.250530958175659,10.812088966369627
2198396846.0,-0.6850648522377014,1.1494035720825195,9.956918716430664,2.788276195526123,3.696838617324829,11.000354766845703
2198405179.0,-0.3768937289714813,0.8121581077575684,10.35189151763916,2.4565463066101074,2.0983567237854004,11.148174285888672
2198413512.0,-0.5584847927093506,1.347461462020874,9.98751735687256,2.506366014480591,0.0844373330473899,11.113517761230469
2198421845.0,-0.6205763220787048,1.4775863885879517,9.53963565826416,2.6928632259368896,-0.5518074631690979,11.367815971374512
2198430178.0,-0.587598979473114,1.138621211051941,9.38999843597412,2.9714179039001465,-0.5888968706130981,11.030118942260742
2198438511.0,-0.4130082726478576,0.8586034178733826,9.332128524780272,2.6086947917938232,0.5815328359603882,11.394736289978027
2198446844.0,-0.4226104021072387,1.122828722000122,9.33917236328125,2.924799680709839,2.0313754081726074,11.672035217285156
2198455177.0,-0.012727771885693,1.666300892829895,9.638838768005373,3.730368137359619,2.0872912406921387,11.715248107910156
2198463510.0,-0.6153991222381592,1.8020380735397337,10.092992782592772,4.066298484802246,2.223507881164551,11.89421558380127
2198471843.0,-0.7654739022254944,1.136119365692139,10.16481876373291,3.1257693767547607,2.1277105808258057,11.772443771362305
2198480176.0,-0.8927075266838074,1.2428208589553833,9.40061378479004,2.670220136642456,2.5511908531188965,12.074052810668944
2198488509.0,-0.7653573155403137,1.7236336469650269,10.088271141052246,3.335422277450561,2.43815541267395,12.368181228637695
2198496842.0,-0.6221820116043091,1.9330182075500488,10.561935424804688,3.1443910598754883,1.119150161743164,12.377735137939451
2198505175.0,-0.5173593759536743,2.428586959838867,10.147744178771973,3.171030044555664,0.1535957902669906,12.059760093688965
2198513508.0,-0.0097494944930076,1.918694257736206,10.40602207183838,2.492995500564575,0.0987813100218772,12.286087989807127
2198521841.0,-0.6877223253250122,1.5348366498947144,9.640215873718262,0.9106502532958984,0.9545274972915648,12.469409942626951
2198530174.0,-0.8001834750175476,1.845407605171204,8.983087539672852,1.2322371006011963,3.2413923740386963,12.665767669677734
2198538507.0,-0.8336732387542725,1.5325864553451538,9.337542533874512,2.2838809490203857,4.591211795806885,12.80346965789795
2198546840.0,-0.4302008152008056,1.3613094091415403,9.894927978515623,2.6854608058929443,3.3773012161254883,12.600988388061523
2198555173.0,-0.8096223473548889,1.6677109003067017,10.15183925628662,2.1956655979156494,1.8614509105682373,12.78822898864746
2198563506.0,-1.2512952089309692,1.5776509046554563,9.619132995605469,1.3966290950775146,0.9999157786369324,12.639077186584473
2198571839.0,-1.1701700687408447,1.4381660223007202,9.005358695983887,1.6964439153671265,1.3205293416976929,12.548788070678713
2198580172.0,-0.6509603261947632,1.3794692754745483,9.9911470413208,2.050893545150757,1.477339506149292,12.667481422424316
2198588505.0,-0.6033565402030945,1.257838010787964,10.07729148864746,1.955352783203125,0.771872341632843,12.644432067871094
2198596838.0,-0.4174792766571045,1.565338134765625,9.790302276611328,2.121793508529663,0.4812787175178528,12.745810508728027
2198605171.0,-0.9366807341575624,1.9922733306884768,9.282144546508787,2.6687090396881104,1.1784470081329346,12.82349967956543
2198613504.0,-0.6006778478622437,1.5819441080093384,9.554604530334473,2.787226438522339,1.7445473670959473,12.660337448120115
2198621837.0,-0.7512603402137756,1.5567103624343872,9.233468055725098,2.54634976387024,2.1289401054382324,12.856106758117676
2198630170.0,-1.0237596035003662,1.5791112184524536,9.955636024475098,2.302143812179565,2.440460681915283,13.162965774536133
2198638503.0,-0.9440749287605286,1.9086897373199463,9.5790433883667,2.32906436920166,1.7421398162841797,13.188272476196287
2198646836.0,-0.9642913937568665,2.6251449584960938,9.73732089996338,3.4715359210968018,0.9656951427459716,13.013582229614258
2198655169.0,-0.7838779091835022,2.494451999664306,10.270283699035645,2.882920742034912,0.1418644487857818,13.077207565307615
2198663502.0,-0.4582420885562897,1.709311842918396,9.883954048156738,1.1991177797317505,-0.7367423176765442,13.20128345489502
2198671835.0,-0.6079716682434082,2.2430670261383057,9.6742582321167,0.7011513113975525,-0.2099855095148086,13.185888290405272
2198680168.0,-0.9363755583763124,2.3011958599090576,10.096883773803713,1.0959949493408203,1.1708654165267944,13.366931915283203
2198688501.0,-0.8325478434562683,1.92869770526886,9.405583381652832,1.7819440364837646,2.298736810684204,13.30727481842041
2198696834.0,-0.5515863299369812,1.8375290632247925,10.021857261657717,2.40383243560791,2.600677728652954,13.754347801208496
2198705167.0,-0.816430926322937,1.247565984725952,10.284993171691896,1.028501272201538,1.7867594957351685,14.05490493774414
2198713500.0,-0.9639165997505188,1.0650144815444946,9.480734825134276,0.6532272100448608,1.0427942276000977,14.057544708251951
2198721833.0,-0.6341831684112549,1.5406862497329712,9.39261531829834,1.8822238445281985,0.3736732900142669,14.207154273986816
2198730166.0,-0.6562045216560364,1.0677852630615234,10.223448753356934,2.7160439491271973,-0.3389787971973419,14.333662986755373
2198738499.0,-0.7024027109146118,1.1296976804733276,9.85987663269043,2.434927701950073,-0.3443577885627746,14.2792329788208
2198746832.0,-0.6810145378112793,1.5864818096160889,9.367961883544922,2.6978585720062256,0.8064771890640259,14.69346809387207
2198755165.0,-0.6885042786598206,1.5168296098709106,9.66380214691162,3.0389628410339355,1.946797490119934,14.750178337097168
2198763498.0,-0.6592493057250977,1.1942076683044434,10.014703750610352,2.9603271484375,2.24855899810791,14.75107479095459
2198771831.0,-0.2577296495437622,1.2439661026000977,9.984586715698242,2.9625301361083984,1.5864050388336182,15.087594032287598
2198780164.0,-0.3890109658241272,1.4543668031692505,9.904821395874023,3.5955615043640137,0.5688027143478394,15.232112884521484
2198788497.0,-0.5119879245758057,1.7588746547698977,9.94018268585205,3.816765308380127,0.1336167007684707,15.182650566101074
2198796830.0,-0.246427834033966,1.7552696466445925,9.367839813232422,3.6723520755767822,0.2746999263763428,14.929707527160645
2198805163.0,-0.2253206670284271,1.264832854270935,9.461054801940918,3.733211517333984,1.098658800125122,15.23123836517334
2198813496.0,-0.464660495519638,1.3906716108322144,10.128656387329102,2.7930667400360107,2.7408902645111084,15.823774337768556
2198821829.0,-1.0977874994277954,1.7116918563842771,9.306544303894045,3.3371639251708984,3.6151044368743896,15.641118049621582
2198830162.0,-0.5470703840255737,1.850016951560974,9.770781517028809,4.676890850067139,4.078593730926514,15.606256484985352
2198838495.0,-0.3002592921257019,1.7991204261779783,10.630850791931152,4.479175567626953,2.3640024662017822,15.745471000671388
2198846828.0,-0.4863076210021972,1.8542897701263428,10.382102012634276,3.401763200759888,0.2348441779613495,15.494989395141602
2198855161.0,-0.8699694871902466,2.56845760345459,9.365911483764648,2.97395396232605,0.5887817144393921,15.605411529541016
2198863494.0,-0.9597034454345704,2.8300487995147705,9.912705421447754,3.3791966438293457,2.1165428161621094,15.524444580078123
2198871827.0,-0.5649747252464294,2.4490275382995605,9.88592529296875,2.8291823863983154,2.79260516166687,15.28233814239502
2198880160.0,-0.4299977123737335,2.496804714202881,10.16030502319336,2.549064874649048,3.2092976570129395,15.508410453796388
2198888493.0,-0.7300629615783691,2.3929059505462646,10.576385498046877,1.7310487031936646,2.9745688438415527,15.689657211303713
2198896826.0,-0.7037134170532227,2.1364712715148926,9.850751876831056,1.3646626472473145,2.6029574871063232,15.513712882995604
2198905159.0,-0.9268553853034972,2.056492328643799,9.198870658874512,2.5477840900421143,2.2917187213897705,15.250629425048828
2198913492.0,-0.6104428768157959,1.0366333723068235,9.895913124084473,2.306908130645752,2.3031938076019287,15.452826499938965
2198921825.0,-0.9797039031982422,1.449704647064209,9.168964385986328,1.967160940170288,2.1218197345733643,15.33981990814209
2198930158.0,-1.1419517993927002,2.271624565124512,9.584607124328612,2.809638738632202,2.8990066051483154,15.480259895324709
2198938491.0,-0.9488971829414368,2.450082778930664,10.129358291625977,3.3810412883758545,2.8918604850769043,15.372269630432127
2198946824.0,-1.1186933517456057,2.126065969467163,10.50750732421875,2.7270328998565674,2.149892807006836,15.055602073669434
2198955157.0,-0.9638275504112244,2.557265520095825,9.697333335876465,1.5179126262664795,2.228246688842773,15.28602695465088
2198963490.0,-0.5891153812408447,2.1488914489746094,9.650214195251465,1.8202375173568728,1.2860525846481323,15.261643409729004
2198971823.0,-0.599836528301239,2.055647373199463,10.034399032592772,1.943185806274414,0.6105794310569763,15.424345016479492
2198980156.0,-0.8571567535400391,1.7694587707519531,9.669829368591309,1.3381775617599487,0.7914672493934631,15.705385208129885
2198988489.0,-0.6878888010978699,1.4840309619903564,9.43648624420166,1.403468132019043,1.853407979011536,15.881967544555664
2198996822.0,-0.909930408000946,2.257802248001098,9.288692474365234,1.852614164352417,2.5545976161956787,16.087139129638672
2199005155.0,-0.7468382716178894,2.51230263710022,10.087769508361816,2.209676504135132,2.8514413833618164,15.95653247833252
2199013488.0,-0.5644024610519409,1.6521860361099243,10.645671844482422,1.24706768989563,1.9139854907989504,16.001176834106445
2199021821.0,-0.8264161348342896,1.3907414674758911,9.729022979736328,0.1348717659711837,1.008291721343994,16.116363525390625
2199030154.0,-0.9033029675483704,1.5033268928527832,9.66092014312744,0.7643161416053772,1.6251338720321655,16.368896484375
2199038487.0,-0.824153482913971,1.8395721912384035,9.438262939453123,1.7046403884887695,1.869621753692627,16.335342407226562
2199046820.0,-0.5423777103424072,2.2793359756469727,9.816393852233888,2.803926467895508,1.7236719131469729,16.467098236083984
2199055153.0,-0.4652093350887298,1.730235934257507,10.765340805053713,1.596548318862915,1.371988296508789,16.68448829650879
2199063486.0,-0.6524640321731567,1.6393508911132812,9.398614883422852,-0.0340157113969326,0.9929232001304626,16.435314178466797
2199071819.0,-0.5195145606994629,1.4568918943405151,8.641385078430176,1.0226613283157349,2.070539951324463,16.6652774810791
2199080152.0,-0.5929334163665771,1.511758804321289,9.69533920288086,1.88865339756012,2.6014976501464844,16.97275161743164
2199088485.0,-1.1993675231933594,1.6591877937316897,10.10921573638916,1.827716588973999,2.7429134845733643,16.729209899902344
2199096818.0,-1.131661891937256,2.2371037006378174,10.019893646240234,1.7664735317230225,3.697479724884033,16.817890167236328
2199105151.0,-0.8445647358894348,2.201406955718994,10.331572532653809,1.926766991615296,3.009378671646118,16.541458129882812
2199113484.0,-0.6862931251525879,2.369537115097046,10.552431106567385,1.47762131690979,1.392786979675293,16.199995040893555
2199121817.0,-0.6775060296058655,2.2451517581939697,10.22022819519043,0.4646295607089996,0.3263382613658905,16.46809959411621
2199130150.0,-1.003273367881775,1.9520083665847776,9.293633460998535,0.3987240493297577,0.5523070693016052,16.355831146240234
2199138483.0,-0.9355599284172058,2.5285322666168213,9.290790557861328,0.9849827885627748,1.7350958585739136,16.083423614501953
2199146816.0,-0.6533527970314026,2.5186314582824707,10.01530647277832,1.1488114595413208,2.706900358200073,16.15483856201172
2199155149.0,-0.9796857237815856,2.220037937164306,9.76396656036377,0.6874989867210388,2.339617252349853,16.050508499145508
2199163482.0,-1.2228537797927856,2.647759199142456,9.673008918762209,0.4538459479808807,2.678929567337036,16.07558822631836
2199171815.0,-1.3484628200531006,2.4996962547302246,10.36455535888672,0.2047474235296249,2.517047166824341,16.029455184936523
2199180148.0,-1.803980827331543,2.3216028213500977,10.274972915649414,-0.7330282926559448,1.7093790769577026,15.722084999084473
2199188481.0,-1.2278581857681274,2.3540234565734863,9.836617469787598,-0.4902821481227875,0.8671572804450989,15.748004913330078
2199196814.0,-0.6321282386779785,1.5683469772338867,10.627753257751465,-0.3578309118747711,-0.5577500462532043,16.049945831298828
2199205147.0,-0.6266030669212341,1.5328929424285889,10.08302879333496,-1.0075618028640747,-2.239068984985352,16.214237213134766
2199213480.0,-0.819053053855896,1.7732586860656738,9.317065238952637,-0.3743520975112915,-1.6124932765960691,16.21495246887207
2199221813.0,-0.3804494738578796,1.6345118284225464,9.662490844726562,0.3908604979515075,-0.1810158193111419,16.19635772705078
2199230146.0,-0.5586587190628052,1.839907169342041,9.670493125915527,0.6213117241859436,1.1898709535598757,16.295278549194336
2199238479.0,-0.4513744413852691,1.3451682329177856,9.944223403930664,0.3031573891639709,1.9913922548294067,16.46123695373535
2199246812.0,-0.7264565229415894,1.4233167171478271,9.607983589172363,0.2384301424026489,2.267001152038574,16.629878997802734
2199255145.0,-0.8604964017868042,1.3901876211166382,9.935264587402344,0.7199010252952576,2.0203616619110107,17.104331970214844
2199263478.0,-0.8034548163414001,1.311295509338379,10.088956832885742,0.6458247303962708,1.0452786684036257,17.30811882019043
2199271811.0,-0.9643042087554932,1.799963116645813,9.346417427062988,1.2023707628250122,-0.6726555228233337,16.819679260253906
2199280144.0,-0.8442173004150391,1.670344591140747,9.762271881103516,1.342583417892456,-0.2927964329719543,17.11406707763672
2199288477.0,-0.3965248763561249,1.086816906929016,9.97114086151123,0.2525692582130432,-0.1390085071325302,17.3537654876709
2199296810.0,-0.0793173611164093,1.3787872791290283,9.473485946655272,0.4148097932338714,-0.0930565372109413,17.346208572387695
2199305143.0,-0.3129494488239288,1.9103895425796509,9.26425838470459,1.4250611066818235,0.5627577304840088,17.812231063842773
2199313476.0,-0.474798321723938,1.5858702659606934,9.85806369781494,1.6959060430526731,1.1459169387817385,17.42937660217285
2199321809.0,-0.2258089184761047,1.4513299465179443,9.458449363708496,0.880886435508728,1.7506181001663208,17.533061981201172
2199330142.0,0.0317173041403293,1.1522036790847778,9.484574317932127,0.8343966603279114,1.6077418327331543,17.91761016845703
2199338475.0,-0.7525047659873962,1.591212034225464,9.446330070495604,0.9571401476860046,1.009316325187683,17.704933166503906
2199346808.0,-0.959265947341919,2.017252922058105,8.894636154174805,1.3822085857391355,1.6806656122207642,17.673660278320312
2199355141.0,-0.6903000473976135,1.206504464149475,9.530205726623535,1.5644283294677734,2.094899177551269,17.861413955688477
2199363474.0,-0.6715988516807556,1.1309874057769775,9.695975303649902,0.6379611492156982,1.0877214670181274,17.776399612426758
2199371807.0,-0.5415013432502747,1.00184965133667,9.377252578735352,0.7611656188964844,0.4775135219097137,17.979393005371094
2199380140.0,-0.2197514921426773,1.2958191633224487,9.447288513183594,1.5735725164413452,-0.7122552394866943,17.653606414794922
2199388473.0,-0.4903703033924103,2.1087396144866943,9.381255149841309,2.385697603225708,-0.9710359573364258,17.649045944213867
2199396806.0,-0.0819077864289283,1.608474612236023,9.899459838867188,1.8315590620040887,-0.3517091572284698,17.678115844726562
2199405139.0,-0.7447662949562073,1.7543368339538574,9.424744606018066,0.5491564869880676,0.4159368276596069,17.400253295898438
2199413472.0,-0.4347590208053589,1.6180483102798462,9.16786766052246,0.6069421768188477,1.8752312660217283,17.44510269165039
2199421805.0,-0.2630346715450287,1.010112166404724,9.522231101989746,1.2589014768600464,2.1563735008239746,17.68769645690918
2199430138.0,-0.3383777737617492,1.7462605237960815,10.050162315368652,1.9798659086227417,0.4558694660663605,17.287654876708984
2199438471.0,-0.6302443146705627,1.881497144699097,10.195536613464355,2.042799949645996,-0.148639440536499,17.2310733795166
2199446804.0,-0.6487639546394348,1.3198037147521973,9.990564346313477,1.3350012302398682,-0.3130828440189361,16.802364349365234
2199455137.0,0.1812843680381775,1.2782042026519775,9.69985294342041,1.1998862028121948,0.0423531420528888,17.019317626953125
2199463470.0,-0.0306057035923004,1.0832444429397583,9.86318302154541,1.7770007848739624,-0.2655172348022461,17.080533981323242
2199471803.0,0.1467852890491485,1.4812333583831787,9.79525661468506,2.28147292137146,-0.1430299282073974,16.9232120513916
2199480136.0,0.0422102995216846,2.1670141220092773,9.199621200561523,3.3036093711853027,0.4234161376953125,16.723752975463867
2199488469.0,0.2380402088165283,1.692179799079895,9.928117752075195,3.0333023071289062,0.8338331580162048,16.67713737487793
2199496802.0,0.1042837053537368,1.3639426231384275,9.795010566711426,1.77336323261261,1.5091012716293335,16.766170501708984
2199505135.0,0.1485031098127365,1.4353338479995728,9.397682189941406,1.6157846450805664,2.128095388412476,17.04062843322754
2199513468.0,-0.1494264900684356,2.2176108360290527,9.213881492614746,2.94370436668396,2.368818044662476,16.959253311157227
2199521801.0,0.0152491284534335,2.4205322265625,10.352791786193848,3.807698249816896,2.102865219116211,16.846601486206055
2199530134.0,0.1036755815148353,1.9809986352920528,10.348593711853027,2.4952752590179443,1.3587714433670044,16.764509201049805
2199538467.0,0.1800353229045868,1.951126217842102,10.0623779296875,1.1828783750534058,1.2780097723007202,17.086273193359375
2199546800.0,-0.1238672733306884,1.542426824569702,9.446106910705566,0.7918768525123596,1.6387091875076294,17.42209815979004
2199555133.0,-0.3813683986663818,1.8466732501983645,9.193840026855469,1.7479286193847656,2.686203718185425,17.084686279296875
2199563466.0,-0.1207655221223831,1.5579054355621338,10.14650535583496,2.5226826667785645,2.908792018890381,16.976285934448242
2199571799.0,-0.6305423974990845,1.308846950531006,10.178389549255373,1.809633493423462,2.51248836517334,17.020395278930664
2199580132.0,-0.5187693238258362,1.381765604019165,9.84965991973877,1.4426579475402832,2.912582397460937,17.07784652709961
2199588465.0,-0.4287108778953552,1.521978497505188,9.786497116088867,2.0239474773406982,2.531980276107788,17.27927589416504
2199596798.0,-0.6041776537895203,1.7408910989761353,10.369548797607422,2.6360766887664795,1.3455288410186768,17.004308700561523
2199605131.0,-0.6600086092948914,1.9228434562683103,10.452653884887695,2.346072196960449,1.2116944789886477,17.3006649017334
2199613464.0,-0.8373211026191711,1.633657693862915,10.224200248718262,1.735838770866394,1.3733971118927002,17.199052810668945
2199621797.0,-0.4908592998981476,1.7373932600021362,9.985783576965332,1.7080727815628052,1.5405043363571167,17.378890991210938
2199630130.0,-0.8275889754295349,2.455861091613769,10.517680168151855,2.14092755317688,1.579668402671814,17.405656814575195
2199638463.0,-0.8709467649459839,2.719943284988404,10.78333568572998,1.952355980873108,1.0600582361221311,17.246389389038086
2199646796.0,-0.8718396425247192,2.952636480331421,10.536584854125977,1.4203225374221802,1.239204168319702,17.169416427612305
2199655129.0,-0.762871265411377,2.9921133518218994,11.047971725463867,0.5328403115272522,0.7839366793632507,17.18709373474121
2199663462.0,-1.095443844795227,3.215376615524292,10.743431091308594,-0.725753903388977,0.6594258546829224,17.253021240234375
2199671795.0,-1.0600430965423584,3.506392240524292,10.48818588256836,-0.9610975980758668,1.0433834791183472,17.24815559387207
2199680128.0,-0.7717661261558533,3.4393951892852783,11.211219787597656,-0.9666302800178528,0.1428122073411941,17.330684661865234
2199688461.0,-0.7415095567703247,2.995617628097534,11.522884368896484,-2.282151699066162,-0.7414553761482239,17.34633445739746
2199696794.0,-0.4442567825317383,2.249029874801636,10.61445140838623,-3.888395547866821,-1.2633968591690063,17.472179412841797
2199705127.0,-0.6766363382339478,2.470828056335449,9.536792755126951,-3.172656297683716,-1.5630320310592651,17.191417694091797
2199713460.0,-0.4889073669910431,2.2039682865142822,10.076030731201172,-2.533940076828003,-0.7918131351470947,17.21145248413086
2199721793.0,-0.555270791053772,2.13357925415039,10.0650634765625,-2.5871152877807617,-0.7238072156906128,17.035404205322266
2199730126.0,-0.4638558328151703,2.3438942432403564,10.330909729003906,-2.810394525527954,0.0837201476097107,17.001079559326172
2199738459.0,-0.5826868414878845,2.284756183624268,10.103084564208984,-2.9283995628356934,0.1847171038389206,17.19193458557129
2199746792.0,-0.6159209609031677,2.0474278926849365,10.1920166015625,-2.6377546787261963,-0.2867514491081238,17.029998779296875
2199755125.0,-0.7126190066337585,1.7835112810134888,10.395113945007324,-2.7924389839172363,-0.7252928018569946,17.171491622924805
2199763458.0,-0.4793044626712799,1.7567249536514282,10.195247650146484,-2.452102899551392,-1.4468462467193604,16.866735458374023
2199771791.0,0.2892730236053467,1.7193418741226196,10.292780876159668,-1.96776282787323,-2.2956249713897705,17.25145721435547
2199780124.0,-0.0777793452143669,1.730923414230347,9.937369346618652,-2.001086950302124,-2.75488805770874,17.16155242919922
2199788457.0,-0.1770904660224914,1.8844244480133057,9.466375350952148,-2.028571128845215,-1.7058058977127075,17.038990020751953
2199796790.0,-0.0823980644345283,1.1765975952148438,9.884930610656738,-2.285123586654663,0.2229591757059097,17.320646286010742
2199805123.0,-0.2255817800760269,1.3897321224212646,9.51364803314209,-2.3123252391815186,1.015514850616455,17.339494705200195
2199813456.0,-0.183491051197052,1.215381383895874,10.011014938354492,-1.529118895530701,1.4812331199645996,17.605754852294922
2199821789.0,-0.1099334061145782,1.190380334854126,9.971521377563477,-1.3292255401611328,0.161689892411232,17.741718292236328
2199830122.0,-0.1257913708686828,1.1994670629501345,9.894028663635254,-1.050644874572754,-1.1294856071472168,17.767457962036133
2199838455.0,0.0750384256243705,0.6808789372444153,9.93376922607422,-1.497843861579895,-2.123522996902466,18.134355545043945
2199846788.0,0.0347895622253418,0.5623596906661987,8.970857620239258,-1.4703086614608765,-2.213582754135132,18.01819610595703
2199855121.0,0.1360982209444046,0.7416164875030518,8.824993133544922,-0.3210232555866241,-1.0185757875442505,18.234071731567383
2199863454.0,0.0647198408842086,0.950313150882721,9.446673393249512,0.3429362773895263,0.1987537145614624,18.216991424560547
2199871787.0,-0.0372592881321907,1.181522011756897,9.294695854187012,0.505176842212677,0.8875207304954529,18.131797790527344
2199880120.0,-0.0002496521919965,1.3382748365402222,9.438098907470703,0.51109379529953,1.6583300828933716,18.35540771484375
2199888453.0,-0.1111277490854263,1.2500852346420288,9.64600658416748,0.0392282046377658,1.0029127597808838,18.43437767028809
2199896786.0,-0.0543134659528732,1.2950303554534912,9.579764366149902,-0.2076546549797058,0.3728793561458587,18.383968353271484
2199905119.0,-0.0085350684821605,0.7910470366477966,9.320401191711426,-0.157194584608078,-0.9895036816596984,18.398900985717773
2199913452.0,-0.2724507749080658,0.5666390657424927,9.197596549987791,0.2616110146045685,-1.1836082935333252,18.30212783813477
2199921785.0,-0.5429452657699585,0.3436695337295532,9.072104454040527,0.6157535910606384,-0.1301715821027755,18.49452209472656
2199930118.0,-0.587181806564331,0.3294803500175476,8.910395622253418,1.3685559034347534,1.1204564571380615,18.56564712524414
2199938451.0,-0.2737468481063843,0.3985667824745178,9.389185905456545,2.3191516399383545,1.6806656122207642,18.73949241638184
2199946784.0,-0.099448874592781,-0.2845026552677154,10.362631797790527,2.2057576179504395,0.4172431230545044,18.90311622619629
2199955117.0,-0.2872194051742553,-0.0572477541863918,9.489897727966309,2.188160896301269,-1.2055598497390747,18.59687614440918
2199963450.0,0.385288268327713,-0.0830897018313407,9.174296379089355,4.031976222991943,-2.09240198135376,18.689855575561523
2199971783.0,0.3888254165649414,0.0080021433532238,8.994421005249023,5.427927017211914,-3.002065896987915,18.41693687438965
2199980116.0,0.3375728130340576,0.1911647021770477,8.944622993469238,5.879301071166992,-2.018171787261963,18.327438354492188
2199988449.0,0.4333105981349945,0.007203659042716,8.524797439575195,5.737372398376465,-0.2883139252662658,18.47822952270508
2199996782.0,0.6157017946243286,0.178074300289154,8.675544738769531,5.969027996063232,1.1513473987579346,18.505767822265625
2200005115.0,0.6693260073661804,-0.160658523440361,9.324292182922363,6.4631781578063965,1.430952548980713,18.762317657470703
2200013448.0,0.1440140008926391,-0.3182688057422638,9.206459045410156,7.028818130493164,1.1926121711730957,18.65294647216797
2200021781.0,0.1216189861297607,-0.2958603799343109,9.213862419128418,8.18770694732666,1.4090523719787598,18.63089179992676
2200030114.0,0.0556599609553813,-0.2290711253881454,9.533051490783691,9.302209854125977,1.0777833461761477,18.43202209472656
2200038447.0,0.1253196448087692,0.2415986806154251,9.437751770019531,9.97696590423584,0.4835585057735443,18.13325881958008
2200046780.0,0.6377914547920227,0.5835992097854614,9.69761085510254,10.412945747375488,0.1706292778253555,18.41193962097168
2200055113.0,0.3159910142421722,1.2467808723449707,9.640356063842772,10.57096004486084,-0.3867494165897369,18.15694999694824
2200063446.0,0.1527254283428192,1.846120953559876,9.816672325134276,10.245481491088867,0.7772003412246704,18.20977210998535
2200071779.0,-0.295965701341629,1.976305723190308,9.486538887023926,9.563295364379885,2.5815441608428955,18.06773567199707
2200080112.0,-0.1872445940971374,2.3869361877441406,9.571928977966309,9.331000328063965,3.493744134902954,18.03403091430664
2200088445.0,-0.253278911113739,2.438704013824463,10.317977905273438,8.890460968017578,3.686824798583984,18.150728225708008
2200096778.0,-0.6731646656990051,2.2033631801605225,10.549704551696776,7.886639595031738,2.2126224040985107,17.83531379699707
2200105111.0,-0.1875360459089279,2.246815919876098,10.346071243286133,7.224125385284424,1.0684852600097656,17.932645797729492
2200113444.0,0.3872154653072357,1.9599968194961548,10.253057479858398,7.253530979156494,-1.193085789680481,17.977214813232422
2200121777.0,0.3920214474201202,2.3893465995788574,10.013616561889648,7.225048542022705,-2.487757921218872,17.768817901611328
2200130110.0,0.4095434546470642,2.291407346725464,9.754209518432615,6.643296718597412,-1.5937693119049072,17.791484832763672
2200138443.0,-0.1577107906341552,2.58899188041687,9.180309295654297,6.440791130065918,0.8059137463569641,17.55826759338379
2200146776.0,0.1043309494853019,3.042252779006958,9.724651336669922,6.471707820892334,3.881466865539551,17.706268310546875
2200155109.0,-0.4861488342285156,3.233759641647339,10.15852165222168,6.087543964385986,4.958827018737793,17.608034133911133
2200163442.0,-0.6677038073539734,3.764787435531616,10.52149772644043,5.45154333114624,4.506711006164551,17.276973724365234
2200171775.0,-0.5685858726501465,3.943790435791016,10.627215385437012,4.924068927764893,2.959149122238159,17.477224349975586
2200180108.0,-0.5519018173217773,4.358213901519775,10.93588161468506,3.8340797424316406,0.4372734427452087,17.074769973754883
2200188441.0,-0.2921085059642792,4.316663265228272,10.855627059936523,2.233830690383911,-1.0937281847000122,17.06947135925293
2200196774.0,-0.6747824549674988,3.5437216758728027,10.238499641418455,0.8172094821929932,-1.4712306261062622,16.987043380737305
2200205107.0,-0.2825033366680145,3.347921848297119,10.028583526611328,-0.1906467974185943,0.3760298788547516,17.208837509155273
2200213440.0,-0.259646475315094,2.7203614711761475,10.483514785766602,-0.0490000359714031,1.306620717048645,17.446434020996094
2200221773.0,-0.4317917227745056,2.7785844802856445,10.397346496582031,0.4732615053653717,1.6936006546020508,17.193111419677734
2200230106.0,-0.5219860672950745,2.529834747314453,10.564823150634766,1.0427173376083374,2.2636969089508057,17.443437576293945
2200238439.0,-0.7979860901832581,2.0248491764068604,10.815913200378418,0.6898555159568787,1.941597819328308,17.40627098083496
2200246772.0,-0.6483086347579956,2.31430983543396,10.463889122009276,0.4801518321037292,1.600211501121521,17.75147819519043
2200255105.0,-0.6153678894042969,2.006479024887085,10.485326766967772,1.0702781677246094,0.4520273208618164,17.692049026489258
2200263438.0,-0.4077823460102081,2.169162034988404,10.54208278656006,1.5785927772521973,-0.6502431631088257,17.69146156311035
2200271771.0,-0.1884136646986007,2.0036163330078125,10.675008773803713,1.8844528198242188,-0.9625319242477416,18.022424697875977
2200280104.0,-0.3782603442668915,2.170854330062866,10.488683700561523,1.869929313659668,-1.0219570398330688,17.937923431396484
2200288437.0,-0.1569215357303619,2.63081169128418,10.477487564086914,2.101815223693848,0.2984699606895447,18.09931755065918
2200296770.0,0.0040881456807255,2.4304568767547607,10.694314002990724,2.244563102722168,1.09768545627594,18.359224319458008
2200305103.0,-0.454849511384964,3.17212462425232,10.523162841796877,2.1757633686065674,1.6323060989379885,17.997577667236328
2200313436.0,0.0455063842236995,3.2955844402313232,11.025273323059082,1.816805124282837,1.9438518285751345,18.08284568786621
2200321769.0,-0.0738888680934906,2.9444587230682373,11.341777801513672,0.5064575672149658,0.9937174320220948,17.81968879699707
2200330102.0,-0.0159202385693788,3.246545791625977,11.10159969329834,-0.7286739349365234,0.6143704056739807,17.865459442138672
2200338435.0,-0.1873419433832168,3.0686194896698,10.648557662963867,-0.9667583107948304,0.883012592792511,18.14504051208496
2200346768.0,-0.260914534330368,3.2680320739746094,10.586024284362791,-0.8734456896781921,1.4212701320648191,17.954906463623047
2200355101.0,-0.4660826623439789,2.9463462829589844,10.574932098388672,-1.51239275932312,2.4963767528533936,18.15203094482422
2200363434.0,-0.705723226070404,2.2296154499053955,10.44116497039795,-2.6364996433258057,3.20776104927063,18.15495109558105
2200371767.0,-0.7366966605186462,2.2824833393096924,10.394314765930176,-3.2452986240386963,3.159478187561035,18.4538688659668
2200380100.0,-0.8820708394050598,2.265962839126587,10.39449977874756,-3.171017646789551,2.1419267654418945,18.36391258239746
2200388433.0,-0.8411866426467896,2.585213184356689,10.337176322937012,-2.6398801803588867,0.6037660241127014,18.04998207092285
2200396766.0,-0.515194833278656,2.28772497177124,10.622807502746582,-2.950068950653076,-0.562616765499115,18.124162673950195
2200405099.0,-0.708698570728302,2.4502370357513428,9.985018730163574,-4.182523727416992,-0.9934483766555786,18.147676467895508
2200413432.0,-0.3378698825836181,2.436152219772339,9.76601219177246,-4.300605773925781,-0.292079210281372,18.171497344970703
2200421765.0,-0.5899052023887634,1.7919914722442627,9.798359870910645,-4.267179012298584,0.2860470414161682,18.17728805541992
2200430098.0,-0.6492091417312622,1.8211631774902344,9.818018913269045,-4.211134910583496,1.0164884328842163,18.15812873840332
2200438431.0,-0.521397054195404,0.8050593137741089,9.810999870300291,-3.740934371948242,1.3528034687042236,18.460866928100582
2200446764.0,-0.4856245517730713,0.5117393732070923,9.532294273376465,-3.173501968383789,0.5066625475883484,18.7028923034668
2200455097.0,-0.1774844974279403,0.5566099882125854,9.23034381866455,-2.3233397006988525,-0.9460620284080504,18.800199508666992
2200463430.0,-0.4866367876529693,0.5709435343742371,8.861468315124512,-1.1189837455749512,-2.02419114112854,18.5916748046875
2200471763.0,-0.2249114215373993,0.8511205315589905,8.88470458984375,-0.239749327301979,-1.73500657081604,18.82855796813965
2200480096.0,0.180101677775383,0.953870177268982,9.114205360412598,-0.2976118922233581,-1.424869179725647,19.21151351928711
2200488429.0,0.4358840882778168,1.5313708782196045,8.875513076782227,-0.178813025355339,-1.531091332435608,19.156137466430664
2200496762.0,0.3317850232124328,2.018625497817993,8.833518981933594,0.4776928126811981,-1.2138845920562744,19.35208511352539
2200505095.0,-0.1829667836427688,1.9609935283660889,9.30551052093506,0.398083746433258,-0.2464858442544937,19.290815353393555
2200513428.0,-0.2886187732219696,2.265989065170288,9.483369827270508,-0.2140838354825973,1.2616937160491943,19.41094970703125
2200521761.0,-0.1827697306871414,2.31129789352417,9.625272750854492,-0.7029316425323486,1.3731155395507812,19.544092178344727
2200530094.0,-0.1681808978319168,2.652043581008911,9.804362297058104,-0.6711700558662415,0.4322531223297119,19.312253952026367
2200538427.0,-0.0768654346466064,2.3127596378326416,9.969136238098145,-1.4336546659469604,-1.0198566913604736,19.211769104003903
2200546760.0,-0.1133061125874519,2.445312261581421,9.312942504882812,-2.343344688415528,-1.9212218523025515,19.19286727905273
2200555093.0,0.129892960190773,2.2688326835632324,9.10395622253418,-2.5909578800201416,-1.6600080728530884,19.36548614501953
2200563426.0,0.0760479792952537,2.0175020694732666,8.628567695617676,-3.042203426361084,-1.1616826057434082,19.389429092407227
2200571759.0,-0.3330568969249725,2.199503421783448,8.205706596374512,-2.752993106842041,-0.1960514187812805,19.09650611877441
2200580092.0,-0.5187322497367859,1.7158451080322266,8.906728744506836,-3.061004161834717,1.4403271675109863,19.358232498168945
2200588425.0,-0.7856274247169495,1.313280701637268,9.156091690063477,-4.147739410400391,1.517169952392578,19.28758811950684
2200596758.0,-0.4837062656879425,1.3623532056808472,9.204694747924805,-3.873821258544922,0.6617311239242554,19.37027168273925
2200605091.0,-0.8210704922676086,1.2025913000106812,9.393706321716309,-3.095942497253418,-1.1790748834609983,19.563888549804688
2200613424.0,-0.4768754243850708,1.3329437971115112,9.567399978637695,-2.8734052181243896,-2.8676936626434326,19.296449661254883
2200621757.0,0.2539624571800232,1.2244631052017212,9.718348503112791,-2.8902347087860107,-4.217257499694824,19.35116577148437
2200630090.0,0.6743484139442444,1.2441989183425903,9.217257499694824,-2.8880059719085693,-5.30657958984375,19.407514572143555
2200638423.0,0.7278339266777039,1.1092400550842283,8.611937522888184,-2.437809705734253,-4.279986381530762,19.46476173400879
2200646756.0,0.4495584070682525,0.7663969993591309,8.222939491271973,-1.907902359962464,-2.0932726860046387,19.474441528320312
2200655089.0,0.4409509897232055,0.5342967510223389,8.499604225158691,-1.395412564277649,0.5794068574905396,19.64836311340332
2200663422.0,0.3481513261795044,0.1539698839187622,8.996026992797852,-0.7382024526596069,2.036959648132324,19.76657485961914
2200671755.0,0.10072872787714,0.3295702040195465,9.07124137878418,0.0481163561344146,1.8421635627746584,19.5545654296875
2200680088.0,0.1122575923800468,0.4753431975841522,9.32362461090088,1.4139446020126345,0.7732555270195007,19.74131965637207
2200688421.0,-0.084960713982582,0.6730762720108032,9.515839576721191,1.763373851776123,-0.7721157073974609,19.604869842529297
2200696754.0,0.0868901684880256,0.9398767352104188,9.633742332458496,1.6183974742889404,-1.7310616970062256,19.608688354492188
2200705087.0,0.4863747358322143,0.6182412505149841,9.562564849853516,1.24125337600708,-2.501614809036255,19.64436912536621
2200713420.0,0.5050634741783142,0.6997307538986206,8.975893020629883,1.5747764110565186,-2.165581703186035,19.621213912963867
2200721753.0,0.6297768354415894,0.5787938833236694,8.888076782226562,2.257063150405884,-0.959739863872528,19.77692222595215
2200730086.0,0.4694692194461822,0.1894896477460861,9.09913444519043,2.603034734725952,0.2638651132583618,19.97172164916992
2200738419.0,0.5554584860801697,0.2136295139789581,9.362845420837402,2.6906864643096924,1.2892287969589231,20.480445861816406
2200746752.0,0.2356664836406707,0.4874171018600464,9.457510948181152,2.9417316913604736,1.541324257850647,20.5408935546875
2200755085.0,-0.0378742665052413,1.0936120748519895,9.82685089111328,3.66005802154541,1.4246001243591309,20.25211906433105
2200763418.0,0.0648231729865074,1.2140084505081177,10.609987258911133,3.673326253890991,1.2625645399093628,20.16595268249512
2200771751.0,0.1186208054423332,1.064005732536316,10.987690925598145,2.972366571426392,0.3774130642414093,20.034399032592773
2200780084.0,0.7591928243637085,1.576167106628418,11.039688110351562,2.6944005489349365,-0.058272399008274,20.16059875488281
2200788417.0,0.7717928886413574,1.8754812479019165,10.922286033630373,2.967679023742676,-0.8721905946731567,20.00117874145508
2200796750.0,0.7324687242507935,1.9162462949752808,10.72289752960205,3.259681463241577,-0.2208972573280334,19.72982215881348
2200805083.0,1.0264266729354858,1.2167909145355225,10.705425262451172,2.568225145339966,1.4042881727218628,19.858428955078125
2200813416.0,0.8180091977119446,1.1021798849105835,10.075594902038574,2.0129082202911377,2.714277505874634,19.74887657165528
2200821749.0,0.7697728872299194,1.4104526042938232,9.454083442687988,2.798625230789185,4.444852828979492,19.77418327331543
2200830082.0,0.6028960347175598,0.94829660654068,9.78154754638672,3.84691333770752,4.860263824462891,19.420244216918945
2200838415.0,0.6358568668365479,1.181620955467224,10.48017406463623,3.755957841873169,4.632297992706299,19.37578010559082
2200846748.0,0.5770360827445984,1.1690192222595217,10.83780288696289,3.2659571170806885,4.2464704513549805,19.43579292297364
2200855081.0,-0.0313764661550521,1.5806217193603516,10.265291213989258,3.3841922283172607,3.925523519515991,19.14837646484375
2200863414.0,0.1294171214103698,1.959957242012024,10.23776626586914,3.965943098068237,4.784087657928467,19.264307022094727
2200871747.0,-0.0303211845457553,2.160167694091797,10.367507934570312,4.113762855529785,4.6121907234191895,18.97957992553711
2200880080.0,0.2764193713665008,2.555704116821289,10.848576545715332,3.4319372177124023,4.412065982818604,18.921125411987305
2200888413.0,0.4891201853752136,2.2891314029693604,10.934335708618164,2.235982656478882,3.779010057449341,19.22760009765625
2200896746.0,0.0134196002036333,2.412966251373291,10.3505277633667,1.482846975326538,3.685415983200073,19.09827423095703
2200905079.0,0.2572334706783294,2.5066845417022705,10.521794319152832,1.599442958831787,4.9554972648620605,19.24030494689941
2200913412.0,0.0688003003597259,2.019528865814209,10.949376106262209,1.3331059217453003,5.328491687774658,18.9151554107666
2200921745.0,0.1878057271242141,1.99990713596344,10.83712673187256,0.9006862640380859,5.680355072021484,18.85045623779297
2200930078.0,-0.0410163551568985,1.755019187927246,10.753497123718262,0.9854440093040466,6.343380451202393,19.067333221435547
2200938411.0,-0.3444659411907196,1.9321571588516235,10.792180061340332,1.2928404808044434,6.28900146484375,19.15998077392578
2200946744.0,-0.2451511323451995,1.852061629295349,10.766327857971191,1.6866850852966309,6.227578163146973,19.15941619873047
2200955077.0,-0.2890796065330505,1.6794049739837646,10.734490394592283,1.5121238231658936,5.175626754760742,19.030908584594727
2200963410.0,-0.0957233309745788,2.1330599784851074,10.647037506103516,1.6135051250457764,4.769128322601318,19.047069549560547
2200971743.0,-0.1234697625041008,2.176222801208496,10.679744720458984,1.5819740295410156,4.5125508308410645,18.861778259277344
2200980076.0,-0.2206278443336486,2.4634828567504883,10.406150817871094,1.5019806623458862,4.792872905731201,18.534400939941406
2200988409.0,-0.0753514245152473,2.548068284988404,10.493277549743652,1.6051803827285769,5.978300094604492,18.66067886352539
2200996742.0,-0.3988009393215179,2.3654792308807373,10.51621437072754,1.0811901092529297,6.388564109802246,18.51076316833496
2201005075.0,-0.5401638150215149,2.5358922481536865,10.47917366027832,0.8923875093460083,7.019262790679932,18.31186485290528
2201013408.0,-0.4756325483322143,2.3356919288635254,10.58989143371582,0.8737019300460815,6.666440010070801,18.34061622619629
2201021741.0,-0.5843547582626343,2.5517737865448,10.462118148803713,0.8718960285186768,5.652358531951904,17.932697296142578
2201030074.0,-0.2899909913539886,2.504807233810425,10.684316635131836,0.5175485610961914,4.811750411987305,17.958080291748047
2201038407.0,-0.1576374769210815,1.9776164293289185,10.312175750732422,-0.4402832388877868,3.8232715129852295,18.016660690307617
2201046740.0,-0.0683027952909469,1.655279278755188,9.745919227600098,-0.7473978400230408,3.7657415866851807,17.868223190307617
2201055073.0,-0.0768623873591423,1.2237682342529297,9.827507972717283,-0.7979093194007874,4.862646579742432,18.33809471130371
2201063406.0,-0.3348835706710815,1.4061919450759888,9.280881881713867,-0.3515554964542389,5.481870651245117,18.057336807250977
2201071739.0,-0.28986856341362,1.4586654901504517,9.383285522460938,0.6438781023025513,6.352473735809326,18.374134063720703
2201080072.0,-0.5061365962028503,1.0133826732635498,9.81539249420166,0.2265451848506927,6.336029052734375,18.404821395874023
2201088405.0,-0.6924197673797607,1.2345468997955322,9.54806423187256,-0.5599529147148132,5.596033573150635,18.409557342529297
2201096738.0,-0.6823500394821167,1.2771399021148682,9.235227584838867,-0.3536558747291565,5.032801628112793,18.691238403320312
2201105071.0,-0.8116323351860046,1.4095767736434937,9.342172622680664,0.461632639169693,3.932823419570923,18.63936996459961
2201113404.0,-0.5793607234954834,1.4001564979553225,9.665428161621094,0.5556369423866272,3.250485897064209,18.655250549316406
2201121737.0,-0.3039019703865051,1.1831992864608765,9.271036148071287,0.1116396635770797,2.187008142471313,18.90450096130371
2201130070.0,-0.1195421740412712,1.2928961515426636,8.900124549865723,0.3701129555702209,1.8107348680496216,19.038333892822266
2201138403.0,-0.2497506290674209,1.194374442100525,8.880438804626465,0.4925746917724609,2.09615445137024,19.25431632995605
2201146736.0,-0.510752260684967,1.355647325515747,8.530537605285645,0.5811231136322021,2.9123518466949463,19.024658203125
2201155069.0,-0.3633407652378082,1.5077381134033203,8.973822593688965,1.012940764427185,4.14625358581543,19.23670196533203
2201163402.0,-0.6780846118927002,1.6875395774841309,9.58079719543457,1.1227107048034668,4.2212653160095215,19.14978408813477
2201171735.0,-0.8960573077201843,2.3345000743865967,9.650273323059082,1.0640283823013306,4.032924652099609,18.95834350585937
2201180068.0,-0.5238907337188721,2.412447690963745,9.846498489379885,0.9417973160743712,3.264573574066162,19.07706451416016
2201188401.0,-0.2204969823360443,2.767695188522339,9.75624942779541,0.6575047373771667,1.223041534423828,19.00956916809082
2201196734.0,-0.0271586552262306,2.743485689163208,9.813288688659668,0.0616406686604023,-0.1672097742557525,19.033700942993164
2201205067.0,-0.2984993755817413,2.441030263900757,9.268765449523926,-1.0358911752700806,-0.2536322176456451,18.92806625366211
2201213400.0,-0.3304822146892547,2.674833059310913,8.315181732177734,-1.079678654670715,1.5305789709091189,19.01222038269043
2201221733.0,-0.5843766927719116,2.480872392654419,8.854010581970215,-0.7354617118835449,3.818302154541016,18.95806121826172
2201230066.0,-0.8461180925369263,2.2519280910491943,9.360508918762209,-1.6936393976211548,4.690749168395996,18.711164474487305
2201238399.0,-0.8943654894828796,2.4218196868896484,9.450278282165527,-2.293473720550537,4.459580898284912,18.64764213562012
2201246732.0,-1.021467924118042,2.0732288360595703,9.918660163879396,-2.758577346801758,2.86222505569458,18.865901947021484
2201255065.0,-0.9190813899040222,2.1485369205474854,9.596911430358888,-3.004319906234741,0.4890654981136322,18.786521911621094
2201263398.0,-0.6730180978775024,1.873926043510437,9.45675563812256,-2.790722846984864,-1.6400541067123413,18.723255157470703
2201271731.0,-0.5977241396903992,1.5583115816116333,8.839009284973145,-3.0190229415893555,-2.69958758354187,18.671030044555664
2201280064.0,-0.461193323135376,1.631961703300476,8.613219261169434,-3.138333797454834,-1.9368722438812256,18.820384979248047
2201288397.0,-0.1717704534530639,1.6695951223373413,8.88646125793457,-3.0466089248657227,-0.8980095982551575,18.83306121826172
2201296730.0,-0.3920126259326935,2.027268886566162,8.736245155334473,-2.606633424758911,-0.1163655221462249,18.721004486083984
2201305063.0,-0.0848418250679969,1.371587157249451,9.544563293457031,-2.6385741233825684,0.5091214776039124,18.829423904418945
2201313396.0,-0.3883436322212219,1.0042505264282229,9.522153854370115,-3.386202573776245,0.0889710560441017,18.64290237426757
2201321729.0,-0.3683367967605591,0.6733711361885071,9.47138500213623,-3.291788339614868,-0.3110849857330322,18.74108123779297
2201330062.0,-0.2022354155778885,0.2451805025339126,9.428418159484863,-2.697051525115967,-0.9710871577262878,19.093482971191406
2201338395.0,-0.0968355238437652,0.2827691435813904,9.303617477416992,-1.366519808769226,-2.1620213985443115,18.89151382446289
2201346728.0,0.2979899942874908,0.2061511874198913,9.581594467163086,-0.5917914509773254,-2.6853461265563965,19.01146697998047
2201355061.0,0.1562055349349975,0.4354956746101379,9.289263725280762,-0.4195100367069244,-3.020047426223755,18.80542755126953
2201363394.0,0.2084832787513733,0.8047162890434265,8.892361640930176,-0.0324276350438594,-1.690540075302124,18.66790199279785
2201371727.0,0.332685261964798,0.505247950553894,9.24360179901123,0.2720104455947876,-0.0258191581815481,18.900379180908203
2201380060.0,0.1478748768568039,0.5053163766860962,9.459729194641112,0.2136099487543106,0.6893175840377808,18.63242530822754
2201388393.0,0.3038449287414551,0.1228407621383667,9.824027061462402,0.5210577845573425,1.0643359422683716,18.87771224975586
2201396726.0,0.0635183155536651,-0.1702946573495865,9.78895378112793,0.6786621809005737,0.1240113601088523,18.877710342407227
2201405059.0,-0.0819124728441238,0.114654041826725,9.791608810424805,1.503069519996643,-0.2303360700607299,18.69219970703125
2201413392.0,-0.0210489761084318,-0.2544610202312469,10.232126235961914,1.7796903848648071,-0.4321378767490387,18.7510986328125
2201421725.0,-0.0675530880689621,-0.0244420729577541,9.98508358001709,1.910194993019104,-0.887277364730835,18.5201358795166
2201430058.0,0.3308815658092499,0.1239366307854652,10.188275337219238,2.30895733833313,-0.2726892232894897,18.671772003173828
2201438391.0,0.2830551266670227,-0.0660894215106964,10.471283912658691,2.443867921829224,-0.2073473036289215,18.64257049560547
2201446724.0,0.4293607473373413,0.2149064540863037,10.19074249267578,2.769962787628174,0.2346136420965194,18.37257194519043
2201455057.0,0.8323240280151367,0.0544884018599987,10.28557586669922,3.2799172401428223,0.4796651899814605,18.62733268737793
2201463390.0,0.830209493637085,0.1552402824163437,10.077359199523926,3.9364869594573975,-0.0235907174646854,18.26752662658692
2201471723.0,0.8749314546585083,0.1195160523056984,9.952556610107422,4.144768238067627,0.5086219906806946,18.203426361083984
2201480056.0,0.2810237109661102,0.1717809438705444,9.56864070892334,4.398797988891602,1.733277440071106,18.06968307495117
2201488389.0,-0.0105814691632986,0.7689482569694519,9.577481269836426,4.793308734893799,3.7042934894561768,17.885181427001953
2201496722.0,0.0275603048503398,0.8902929425239563,10.459458351135254,5.07275915145874,4.769154071807861,17.811771392822266
2201505055.0,0.0421715006232261,1.4899097681045532,10.822110176086426,4.75196647644043,3.733416557312012,17.28240203857422
2201513388.0,0.3192844688892364,1.7240220308303833,11.081524848937988,4.616032123565674,2.379908800125122,17.10289764404297
2201521721.0,0.3157918453216553,1.7758631706237793,10.618691444396973,3.940174818038941,0.5920346975326538,16.90131378173828
2201530054.0,0.1807396709918975,2.0871596336364746,9.679697036743164,3.7017571926116943,0.2478817850351333,16.611665725708008
2201538387.0,0.2146287709474563,1.884887456893921,9.27723503112793,3.57789945602417,1.528324842453003,16.6543025970459
2201546720.0,-0.0785873383283615,2.076147556304932,9.365063667297363,3.169646978378296,3.1451594829559326,16.263134002685547
2201555053.0,-0.3253161013126373,2.665816307067871,9.80423355102539,2.672628402709961,4.745895862579346,16.25555419921875
2201563386.0,-0.736187219619751,2.5343496799468994,10.289907455444336,1.9038424491882324,5.252391815185547,16.09538459777832
2201571719.0,-0.7601398229598999,2.5802433490753174,10.798519134521484,0.9348045587539672,4.713571071624756,15.890754699707031
2201580052.0,-0.5476073026657104,2.28195858001709,11.273847579956056,0.1703731268644333,2.988554239273072,15.922079086303713
2201588385.0,-0.7558431029319763,2.32303524017334,10.989683151245115,-0.3670520484447479,0.5333269238471985,15.49063205718994
2201596718.0,-0.5386914610862732,2.7661995887756348,10.714008331298828,-0.2696667015552521,-0.4530134201049804,15.510664939880373
2201605051.0,-0.0661454796791076,2.4848334789276123,10.67713737487793,-0.5184321999549866,-0.7611783742904663,15.443554878234863
2201613384.0,0.3471395969390869,2.5058250427246094,10.198379516601562,-1.0793583393096924,-0.4587510526180267,15.365687370300291
2201621717.0,1.0931624174118042,1.6864176988601685,10.33431339263916,-1.979724645614624,-0.0038933642208576,15.835708618164062
2201630050.0,0.7833998203277588,1.1758038997650146,9.49070644378662,-2.505559206008911,0.6443902254104614,15.94480037689209
2201638383.0,0.253026008605957,1.0091891288757324,9.1668701171875,-1.613466501235962,2.625216245651245,16.067338943481445
2201646716.0,-0.3280764818191528,0.98261696100235,9.261006355285645,-0.5304452776908875,5.260844707489014,16.04144287109375
2201655049.0,-0.5099751353263855,1.4501360654830933,9.75617218017578,0.4932918548583984,6.352599620819092,15.588351249694824
2201663382.0,-0.1289791315793991,1.7315332889556885,10.704873085021973,0.4400141537189483,5.734477519989014,15.782224655151367
2201671715.0,-0.315121978521347,1.827566266059876,10.861452102661133,-0.5015780329704285,3.090242862701416,15.76527214050293
2201680048.0,-0.2212741374969482,1.87680459022522,10.174464225769045,-1.2422908544540403,0.6410348415374756,15.82351779937744
2201688381.0,-0.412829726934433,0.8955737352371216,9.65420150756836,-1.6935878992080688,-0.2118809968233108,16.020694732666016
2201696714.0,-0.7050546407699585,0.5949505567550659,9.083428382873535,-1.6818053722381592,0.6678271889686584,15.875333786010742
2201705047.0,-0.4725955128669739,0.2798869907855987,9.290414810180664,-0.8708714246749878,2.549590587615967,16.21166229248047
2201713380.0,-0.6889177560806274,0.2843090891838074,9.51040744781494,-0.02174649015069,3.4336016178131104,15.969775199890137
2201721713.0,-1.0417134761810305,0.4354658722877502,10.077622413635254,0.4248505532741546,3.937152147293091,15.909119606018066
2201730046.0,-1.2572067975997925,-0.1824986636638641,10.399103164672852,-0.0986660420894622,3.456500768661499,15.9664945602417
2201738379.0,-1.182913064956665,0.0161607172340154,9.983826637268066,-0.0663408786058425,2.0559396743774414,15.854741096496582
2201746712.0,-0.771202564239502,0.1845165938138961,10.360112190246582,1.0233272314071655,-0.2256102263927459,15.89772129058838
2201755045.0,-1.007648229598999,0.1483724564313888,10.226823806762695,1.600160002708435,-2.514857292175293,15.633048057556152
2201763378.0,-0.8740179538726807,0.2555735111236572,9.454667091369627,1.976561188697815,-2.987388849258423,15.37165641784668
2201771711.0,-0.7773664593696594,0.1203860118985176,9.534412384033203,1.9141391515731807,-1.965431809425354,15.530694007873535
2201780044.0,-1.0921391248703003,0.3661143481731415,9.574484825134276,1.6065891981124878,-1.0194724798202517,15.318018913269045
2201788377.0,-0.909561812877655,0.5109165906906128,9.98613166809082,1.9325047731399536,0.1656344830989837,15.28956127166748
2201796710.0,-0.944174826145172,0.6127012968063354,10.470891952514648,2.6041100025177,-0.373660534620285,14.940439224243164
2201805043.0,-0.8964669704437256,0.6526967883110046,11.27845287322998,2.6352059841156006,-1.7791393995285034,14.740726470947266
2201813376.0,-0.847059428691864,0.4455372989177704,11.06027603149414,1.9970015287399288,-3.251471757888794,14.598028182983398
2201821709.0,-0.8772174119949341,0.9707099199295044,10.021676063537598,2.111240863800049,-4.312490463256836,14.21804428100586
2201830042.0,-0.4793380498886108,1.3768354654312134,10.16389274597168,2.920318126678467,-4.352628231048584,14.266324996948242
2201838375.0,-0.2227390259504318,1.411656618118286,10.332928657531738,2.5253849029541016,-4.708961009979248,13.932252883911133
2201846708.0,-0.1767952591180801,1.4874075651168823,9.929996490478516,1.8940701484680176,-4.478764057159424,13.809659957885742
2201855041.0,-0.1861909031867981,1.3403476476669312,9.653593063354492,1.2180849313735962,-3.552963733673096,13.976690292358398
2201863374.0,-0.7093209624290466,1.5059139728546145,9.405332565307615,1.2730791568756104,-2.453857183456421,13.65789794921875
2201871707.0,-0.3645094037055969,1.3131191730499268,10.33729648590088,1.3731025457382202,-1.7330466508865356,13.553852081298828
2201880040.0,-0.0730269625782966,0.7573261857032776,10.627813339233398,1.101271390914917,-3.2541866302490234,13.544029235839844
2201888373.0,-0.0898868590593338,1.1385053396224976,10.298361778259276,1.110364556312561,-4.976334571838379,13.215603828430176
2201896706.0,0.0356530398130416,0.7793529033660889,10.13852882385254,1.0809593200683594,-5.715740203857422,13.353252410888672
2201905039.0,-0.3511552810668945,0.2179926633834839,9.192618370056152,1.313254714012146,-5.541717052459717,13.127232551574709
2201913372.0,-0.1172848492860794,-0.4472721815109253,9.318774223327637,1.5496745109558103,-3.5264663696289062,13.54287815093994
2201921705.0,-0.2030084729194641,-0.9723328948020936,9.551979064941406,1.9322996139526367,-2.5392417907714844,13.951985359191896
2201930038.0,-0.1256864815950393,-0.5753825902938843,9.73459529876709,3.503553628921509,-2.491650581359864,14.027751922607422
2201938371.0,0.146073430776596,-0.4945133626461029,10.275758743286133,5.119760990142822,-3.557049036026001,14.185535430908203
2201946704.0,0.3590275943279266,-0.3796963989734649,10.343037605285645,5.665985584259033,-5.368104457855225,13.861671447753906
2201955037.0,0.8926946520805359,-0.2803709805011749,10.27076244354248,5.793723583221436,-6.094038009643555,14.08869171142578
2201963370.0,0.954782783985138,-0.1707639247179031,9.76854419708252,5.603089809417725,-5.993361473083496,14.274765968322754
2201971703.0,0.7737247943878174,0.6401971578598022,9.421016693115234,6.221493244171143,-4.351308345794678,14.454933166503906
2201980036.0,0.8580976724624634,0.8096890449523926,9.726278305053713,6.707728862762451,-2.0530452728271484,14.77800750732422
2201988369.0,0.4534180462360382,0.698539674282074,9.861042976379396,6.189796447753906,-0.7291349172592163,14.79062271118164
2201996702.0,0.749164342880249,0.9114923477172852,10.004416465759276,5.319757461547852,0.0871524512767791,15.063746452331545
2202005035.0,0.4065962731838226,0.7547110915184021,9.824570655822754,5.036105632781982,-0.4130552113056183,15.215255737304688
2202013368.0,0.3517780303955078,0.9478145837783812,9.719012260437012,5.356078147888184,-1.4454114437103271,15.017101287841797
2202021701.0,0.7764524221420288,0.4360685646533966,9.948501586914062,5.385278701782227,-2.4199564456939697,15.234722137451172
2202030034.0,0.8101617097854614,0.1400219947099685,9.713333129882812,4.909481525421143,-3.4978678226470947,15.053999900817873
2202038367.0,1.0504648685455322,0.3021142184734344,9.201406478881836,5.150818824768066,-2.66945219039917,15.285606384277344
2202046700.0,0.8765072822570801,-0.0690565705299377,8.958831787109375,5.834231853485107,-1.4146616458892822,15.24679946899414
2202055033.0,0.4567816853523254,-0.314369648694992,9.307151794433594,6.064620018005371,0.7685938477516174,15.271429061889648
2202063366.0,0.6727597713470459,-0.9295105934143066,10.097503662109377,6.05062198638916,3.0440731048583984,15.75483226776123
2202071699.0,0.675315260887146,-1.0047632455825806,9.970988273620604,6.725786209106445,3.0176901817321777,16.03533172607422
2202080032.0,0.6303369998931885,-0.5231049656867981,10.24569606781006,8.338293075561523,2.574730396270752,16.248891830444336
2202088365.0,0.6944537162780762,-0.3541625142097473,10.524452209472656,9.437567710876465,1.0954443216323853,16.21927261352539
2202096698.0,1.2320011854171753,0.2911147475242615,10.34880256652832,9.916501998901367,-0.524387538433075,15.737875938415527
2202105031.0,1.7148574590682983,0.6040774583816528,10.175599098205566,10.00563907623291,-0.597541868686676,15.817485809326172
2202113364.0,1.293142557144165,1.1732529401779177,9.242427825927734,9.796743392944336,0.5859642028808594,15.825003623962402
2202121697.0,1.2450097799301147,2.195464372634888,8.506253242492676,10.295299530029297,3.7819557189941406,15.7130708694458
2202130030.0,0.7068828344345093,2.3019356727600098,8.928030014038086,10.370874404907228,6.973299026489258,15.806601524353027
2202138363.0,0.1025141105055809,2.5625901222229004,9.796438217163086,9.136677742004396,9.020081520080566,15.253206253051758
2202146696.0,0.1563546955585479,2.8533198833465576,10.122221946716309,7.62661600112915,9.573809623718262,15.163556098937988
2202155029.0,-0.2214477658271789,2.8054018020629883,10.115839958190918,6.8649492263793945,7.990310668945312,14.874777793884276
2202163362.0,-0.4403300583362579,3.383974552154541,10.248251914978027,6.697137832641602,5.758145809173584,14.506869316101074
2202171695.0,-0.4087687134742737,3.218052864074707,10.362971305847168,5.859296798706055,3.8076465129852295,14.261305809020996
2202180028.0,-0.1871303617954254,3.211148262023926,9.489614486694336,4.627865791320801,2.348864316940308,13.869739532470703
2202188361.0,0.2775136232376098,3.0377297401428223,9.052468299865724,3.7838501930236816,1.9992809295654297,13.817049026489258
2202196694.0,-0.0237395204603672,2.615172863006592,8.515830993652344,2.6061336994171143,2.5416624546051025,13.661060333251951
2202205027.0,-0.4013845324516296,2.827775955200196,7.784270763397217,2.3796777725219727,4.688801288604736,13.533602714538574
2202213360.0,-0.9229718446731568,2.8344221115112305,8.134543418884277,2.779772520065308,7.109193325042725,13.500791549682615
2202221693.0,-1.3640873432159424,3.0153896808624268,9.034517288208008,2.654980182647705,8.006333351135254,13.17498016357422
2202230026.0,-1.175582766532898,3.197687864303589,9.66638469696045,1.928393840789795,6.741463661193848,13.035215377807615
2202238359.0,-1.1438512802124023,3.2405593395233154,9.724888801574709,1.5060914754867554,3.6855556964874254,12.969051361083984
2202246692.0,-1.04135262966156,3.629455327987671,9.79173183441162,1.261859893798828,0.2089865654706955,12.557021141052246
2202255025.0,-0.6524336934089661,3.5415472984313965,9.96473503112793,0.3282080590724945,-2.416396141052246,12.31754207611084
2202263358.0,-0.5296475291252136,3.520132541656494,9.213971138000488,-0.963940680027008,-3.3615872859954834,11.999670028686523
2202271691.0,-0.2620064616203308,3.571594476699829,9.011001586914062,-1.4302605390548706,-2.013291835784912,12.007235527038574
2202280024.0,-0.2468500733375549,3.178021192550659,9.153484344482422,-1.890164136886597,0.055096223950386,12.109130859375
2202288357.0,-0.4722986221313476,3.3237123489379883,9.262104034423828,-2.497016668319702,2.11624813079834,12.03115940093994
2202296690.0,-0.3839400112628937,2.9194893836975098,10.044445991516112,-2.9255945682525635,3.4891459941864014,12.31225299835205
2202305023.0,-0.7019301652908325,2.6982038021087646,10.327420234680176,-3.719943046569824,2.851735591888428,12.150959968566896
2202313356.0,-0.5180665850639343,2.4146597385406494,10.667236328125,-4.008794784545898,1.1229795217514038,12.270501136779783
2202321689.0,-0.3992149531841278,1.7575457096099854,10.562661170959473,-4.832356452941895,-0.9801030158996582,12.51894474029541
2202330022.0,-0.25511234998703,1.750512719154358,10.216772079467772,-4.8667826652526855,-2.4765896797180176,12.578320503234863
2202338355.0,0.0114979241043329,1.586251735687256,10.271191596984863,-4.978716850280762,-2.615162849426269,12.858811378479004
2202346688.0,0.1097203120589256,1.0847424268722534,10.03470516204834,-5.403054714202881,-2.142976999282837,12.885704040527344
2202355021.0,0.1625857055187225,0.9088602662086488,9.72235870361328,-5.508725643157959,-0.5489131212234497,13.311834335327148
2202363354.0,0.0235555749386549,0.8354251980781555,10.00724983215332,-5.341670513153076,1.5191166400909424,13.71669578552246
2202371687.0,-0.1640438288450241,0.7875820398330688,10.424264907836914,-5.269195079803467,2.591290235519409,13.69224739074707
2202380020.0,-0.1265320479869842,0.8444705605506897,10.822434425354004,-4.7138776779174805,2.564420461654663,13.554363250732422
2202388353.0,-0.1690229773521423,0.4748148918151855,11.328487396240234,-4.932700157165527,1.5292466878890991,13.71962547302246
2202396686.0,-0.146648958325386,0.4315055906772613,11.02433967590332,-5.283256530761719,0.3604947626590729,13.618603706359863
2202405019.0,0.2713854908943176,-0.0965943932533264,10.953845024108888,-5.166097164154053,-0.2354588806629181,13.779742240905762
2202413352.0,0.3161708116531372,-0.4998562037944793,10.814186096191406,-4.791540622711182,-0.6498716473579407,13.92482089996338
2202421685.0,0.5551518797874451,-0.7536818981170654,10.605668067932127,-4.301770210266113,0.0441589392721653,14.029250144958496
2202430018.0,0.6165337562561035,-0.7161755561828613,10.127422332763672,-3.0918948650360107,1.0033226013183594,13.783340454101562
2202438351.0,0.5085617303848267,-0.4928880929946899,10.138296127319336,-1.7770519256591797,2.4800729751586914,13.509846687316896
2202446684.0,0.4309937357902527,-0.360504537820816,10.434639930725098,-1.189153790473938,4.400986671447754,13.66865348815918
2202455017.0,-0.0173598192632198,0.1298877149820327,10.410924911499023,-1.1469414234161377,5.4664626121521,13.480157852172852
2202463350.0,-0.1392644047737121,0.6369601488113403,10.85010814666748,-0.929118037223816,6.169367790222168,13.32524299621582
2202471683.0,-0.1316393911838531,0.7241764664649963,11.028448104858398,-1.1164350509643557,5.219413757324219,13.070998191833496
2202480016.0,-0.023197304457426,0.671249270439148,10.801117897033691,-1.388662815093994,3.659454822540283,12.769285202026367
2202488349.0,0.2231181859970092,0.0241185128688812,10.849350929260254,-1.9317619800567627,2.289451837539673,12.823819160461426
2202496682.0,0.2651969194412231,-0.5323187112808228,10.101675033569336,-2.338964462280273,1.4028278589248655,12.767251968383787
2202505015.0,0.2323409914970398,-0.8156949281692505,9.36462116241455,-1.6230589151382446,2.611012935638428,12.864544868469238
2202513348.0,-0.0342388749122619,-1.0216490030288696,9.374293327331545,-0.4461872577667236,4.436693668365479,12.931733131408691
2202521681.0,-0.4663188457489013,-0.9370821118354796,9.47375774383545,0.5229403972625732,6.476894378662109,12.36883544921875
2202530014.0,-0.6020303964614868,-0.7225425839424133,10.24042797088623,1.325203776359558,8.28979206085205,12.648874282836914
2202538347.0,-0.8969042301177979,-0.759626567363739,11.089922904968262,1.406349778175354,7.828248977661133,12.384227752685549
2202546680.0,-0.856573224067688,-0.2588198184967041,11.02303409576416,1.4394692182540894,6.446618556976318,12.47508430480957
2202555013.0,-0.5448899865150452,-0.6079444885253906,11.120078086853027,2.094130277633667,4.0789008140563965,12.437466621398926
2202563346.0,-0.2056243419647216,-0.8503168225288391,10.741104125976562,2.4827880859375,1.5677450895309448,12.205851554870604
2202571679.0,0.1489798724651336,-1.1895688772201538,10.253473281860352,2.8517613410949707,0.8492913246154785,12.568368911743164
2202580012.0,0.1971150189638137,-1.5179622173309326,9.224285125732422,3.804482936859131,1.713157296180725,12.57013702392578
2202588345.0,0.0641940236091613,-1.3855819702148438,8.31484317779541,5.313712596893311,3.974932909011841,12.57240390777588
2202596678.0,-0.0404453538358211,-1.815329551696777,8.74854850769043,6.459539413452148,6.797237873077393,12.79691219329834
2202605011.0,-0.3990088999271393,-1.976023435592652,8.987449645996094,6.978727340698242,8.190896034240723,12.80553150177002
2202613344.0,-0.4975087642669678,-1.7033052444458008,9.161685943603516,7.912007331848144,8.650286674499512,12.989185333251951
2202621677.0,-0.7294476628303528,-1.4441230297088623,9.35218906402588,9.284072875976562,7.0856032371521,13.184916496276855
2202630010.0,-0.9355095624923706,-0.6556797623634338,9.324713706970217,10.597124099731444,5.044981002807617,12.894978523254396
2202638343.0,-0.4966307282447815,-0.0775037184357643,9.641090393066406,10.866124153137209,2.9771430492401123,12.94536018371582
2202646676.0,-0.5708139538764954,0.4265352487564087,9.402868270874023,10.391389846801758,1.6559863090515137,12.844876289367676
2202655009.0,-0.5672810077667236,1.0404921770095823,8.862672805786133,9.879399299621582,2.1171579360961914,12.693071365356444
2202663342.0,-0.5644848346710205,1.0692713260650637,8.749626159667969,9.448081970214844,3.5193586349487305,12.858081817626951
2202671675.0,-0.6232644319534302,1.4797546863555908,8.601754188537598,8.95788860321045,4.682744026184082,12.726051330566406
2202680008.0,-0.3836841285228729,1.4125691652297974,9.1380033493042,8.464583396911621,5.267670154571533,12.874407768249512
2202688341.0,-0.5169548392295837,0.7505112886428833,9.421977043151855,7.684182167053223,4.476971626281738,12.804033279418944
2202696674.0,-0.4654666781425476,0.628125011920929,9.093278884887695,7.184166431427002,3.425891876220703,12.893095016479492
2202705007.0,-0.4930554628372192,0.4933068454265594,8.805180549621582,7.608030796051025,2.469353437423706,12.771476745605469
2202713340.0,-0.5621010661125183,1.077744960784912,8.708224296569824,8.641988754272461,1.9617176055908203,12.580740928649902
2202721673.0,-0.4961347579956054,1.3916800022125244,9.41469669342041,8.791857719421387,2.4355556964874268,12.579870223999023
2202730006.0,-0.7004415392875671,1.5553361177444458,9.221752166748049,7.942605018615723,3.0598132610321045,12.364646911621094
2202738339.0,-0.5127394795417786,1.6939085721969604,9.024534225463867,7.579625129699707,3.846195697784424,12.438518524169922
2202746672.0,-0.4752852320671081,1.3311070203781128,9.029282569885254,7.3919501304626465,3.648070335388184,12.501580238342283
2202755005.0,-0.5803714394569397,1.4595965147018433,8.819587707519531,7.577703952789307,2.8398120403289795,12.220667839050291
2202763338.0,-0.5392681956291199,1.2419387102127075,9.09734058380127,7.903940200805664,2.559579849243164,12.42180633544922
2202771671.0,-0.6611695885658264,0.778235912322998,8.812955856323242,7.764853477478027,1.9958101511001587,12.231157302856444
2202780004.0,-0.5401716232299805,1.2136865854263306,8.371211051940918,8.274065971374512,2.06573748588562,12.246091842651367
2202788337.0,-0.6407191157341003,1.3984956741333008,8.740544319152832,8.850578308105469,2.2728922367095947,12.226277351379396
2202796670.0,-0.9103920459747314,2.0921781063079834,8.914205551147461,9.185561180114746,2.304372310638428,11.920445442199709
2202805003.0,-0.6485791206359863,2.49588680267334,9.584609031677246,8.626876831054688,2.605865001678467,11.92803955078125
2202813336.0,-0.8972858786582947,2.754101276397705,9.752187728881836,7.575488567352295,2.5334787368774414,11.931700706481934
2202821669.0,-0.8560513854026794,3.36157488822937,9.877671241760254,6.937053680419922,2.2863786220550537,11.789159774780272
2202830002.0,-0.5452831983566284,3.5488317012786865,10.059310913085938,6.231919288635254,1.579860806465149,11.995994567871094
2202838335.0,-0.3983891308307647,3.639289617538452,10.304264068603516,5.047093868255615,0.6262552738189697,11.77044677734375
2202846668.0,-0.1206497028470039,3.904863357543945,10.330923080444336,3.765536308288574,-0.1018165946006774,11.883712768554688
2202855001.0,0.0137458126991987,3.311455726623535,9.923501014709473,2.22541618347168,-0.2157358825206756,11.93777084350586
2202863334.0,0.2657903432846069,3.100761651992798,9.258027076721191,1.19026780128479,0.367922842502594,12.048166275024414
2202871667.0,0.0765081644058227,2.745060682296753,9.122026443481444,0.7277772426605225,1.3508179187774658,12.25118637084961
2202880000.0,-0.5501376986503601,2.69530725479126,9.071097373962402,0.3298601806163788,3.108800172805786,12.030264854431152
2202888333.0,-0.8851158022880554,2.641157388687134,9.599803924560549,0.1417491734027862,5.155658721923828,12.098217964172363
2202896666.0,-1.215585231781006,2.59352970123291,10.005425453186035,-0.4643220901489258,5.791942596435547,12.053829193115234
2202904999.0,-0.8477969169616699,2.7736072540283203,10.349495887756348,-0.7591676712036133,4.339231491088867,11.899556159973145
2202913332.0,-0.5861341953277588,2.529344081878662,10.757720947265623,-0.9602265357971193,1.3583357334136963,12.016521453857422
2202921665.0,-0.7416471242904663,2.237612247467041,10.46977710723877,-2.025548219680786,-1.6042965650558472,11.774415969848633
2202929998.0,-0.6329414248466492,2.4614040851593018,9.820357322692873,-2.079863309860229,-1.4954999685287476,12.075627326965332
2202938331.0,-0.3110960721969604,2.233860969543457,10.04727268218994,-2.196471929550171,-0.5250661969184875,11.907866477966309
2202946664.0,-0.1751557737588882,2.6480603218078613,10.022638320922852,-2.4193673133850098,1.1047805547714231,11.66340446472168
2202954997.0,-0.0801770985126495,3.023397922515869,10.433624267578123,-2.382380485534668,2.815863132476806,11.9735689163208
2202963330.0,-0.2574464976787567,2.663856267929077,10.871878623962402,-3.555999279022217,3.670533418655396,11.99423885345459
2202971663.0,-0.1948212832212448,2.047053575515747,10.797125816345217,-4.949810981750488,3.8255889415740967,12.129419326782228
2202979996.0,0.0379621013998985,0.6837551593780518,10.48902988433838,-5.761014938354492,3.072505235671997,12.464889526367188
2202988329.0,0.0910228490829467,0.3302869200706482,9.939302444458008,-5.163561820983887,1.3927230834960938,12.58798885345459
2202996662.0,-0.0176170337945222,0.1614699959754943,9.905126571655272,-3.662822961807251,0.7509326338768005,12.750433921813965
2203004995.0,-0.282370924949646,-0.2636707127094269,9.639862060546877,-2.561129570007324,1.5013785362243652,12.58609390258789
2203013328.0,-0.4779465198516845,-0.2402625828981399,9.575762748718262,-1.8564302921295168,3.630869150161743,12.668749809265137
2203021661.0,-0.8225101232528687,-0.2502972185611725,10.27938461303711,-1.6750047206878662,5.784770965576172,12.955399513244627
2203029994.0,-0.906019389629364,0.2068489789962768,10.414626121520996,-1.2148960828781128,6.434706211090088,12.963006973266602
2203038327.0,-0.5708346366882324,0.9852783679962158,11.06343936920166,-0.0322867520153522,5.495945930480957,12.83719253540039
2203046660.0,-0.2573819756507873,1.3482314348220823,11.88137912750244,-0.0116416718810796,2.6866517066955566,12.66734218597412
2203054993.0,-0.1156191453337669,1.2815017700195312,11.514093399047852,-1.4020593166351318,0.3343938589096069,12.78186321258545
2203063326.0,-0.1538619846105575,1.027604341506958,10.170626640319824,-2.3575215339660645,0.2633399665355682,13.064745903015137
2203071659.0,-0.2240829467773437,0.7647048234939575,9.341974258422852,-2.4429707527160645,2.0023417472839355,13.173325538635254
2203079992.0,-0.3936096131801605,1.1044538021087646,9.160833358764648,-1.7162563800811768,4.312886714935303,13.013991355895996
2203088325.0,-0.5721611976623535,1.1924834251403809,9.94301414489746,-1.2761141061782837,6.155895233154297,12.94182300567627
2203096658.0,-0.9366198778152466,1.5580044984817505,10.087056159973145,-1.918237328529358,6.787568092346191,12.719057083129885
2203104991.0,-0.9548742771148682,1.6551274061203003,10.442814826965332,-2.5330047607421875,6.1353278160095215,12.609045028686523
2203113324.0,-0.8642416000366211,1.3523433208465576,10.607884407043455,-3.545689582824707,4.1105732917785645,12.676461219787598
2203121657.0,-0.8151370286941528,0.861250638961792,10.545857429504396,-4.116912364959717,1.8655872344970703,12.563526153564451
2203129990.0,-0.4371833503246307,0.6045138835906982,10.272786140441896,-4.086764812469482,0.4297556579113006,12.693902969360352
2203138323.0,-0.1857753694057464,0.247695654630661,9.746272087097168,-3.52455735206604,-0.1824886351823806,12.525439262390137
2203146656.0,0.0335528515279293,-0.0106972428038716,9.216787338256836,-2.468905210494995,0.4451114535331726,12.42140769958496
2203154989.0,-0.0414564423263073,-0.7591999769210815,8.762160301208496,-1.8331598043441768,2.3881819248199463,12.368103981018066
2203163322.0,-0.2399460822343826,-1.3798454999923706,8.260448455810547,-1.180777907371521,4.4600019454956055,12.531330108642578
2203171655.0,-0.2783597409725189,-1.5170526504516602,8.440384864807129,0.5065472722053528,5.877366542816162,12.745595932006836
2203179988.0,-0.5207776427268982,-1.8266026973724363,8.87357234954834,2.012152194976806,5.807004451751709,12.755020141601562
2203188321.0,-0.6941678524017334,-1.4812690019607544,8.538644790649414,3.801217555999756,4.651841163635254,12.702064514160156
2203196654.0,-0.5751969814300537,-1.018540620803833,8.841885566711426,5.421356678009033,3.2877159118652344,12.773796081542969
2203204987.0,-0.5252199172973633,-0.8239007592201233,9.226189613342283,5.73136568069458,1.5919251441955566,12.770057678222656
2203213320.0,-0.231220856308937,-0.4516816139221191,9.093814849853516,5.621172428131104,1.0749783515930176,12.976405143737791
2203221653.0,0.1121869906783104,-0.3585668504238128,9.093308448791504,5.729405403137207,1.112848877906799,13.443568229675291
2203229986.0,0.0549346320331096,-0.2649421095848083,9.026342391967772,6.194752216339111,1.763694167137146,13.604722023010254
2203238319.0,0.0758621245622634,0.1031785309314727,9.18185329437256,6.712262630462647,3.22977614402771,13.712376594543455
2203246652.0,0.2923355996608734,0.0128581840544939,9.4859037399292,6.921326160430908,4.325681209564209,13.869598388671877
2203254985.0,0.4309335947036743,0.0497236065566539,9.460558891296388,6.895199775695801,4.364052295684815,14.047182083129885
2203263318.0,0.3099210858345032,0.2055730670690536,9.400382995605469,6.84745454788208,4.51369047164917,14.288494110107422
2203271651.0,0.2087678611278534,-0.1822814494371414,9.179004669189451,6.681680679321289,4.510898590087891,14.48695468902588
2203279984.0,0.0107492450624704,-0.1250901520252227,8.281323432922363,6.90867280960083,4.926027774810791,14.761051177978516
2203288317.0,0.1146003603935241,0.0951323062181472,8.607219696044922,7.880579948425293,5.7021918296813965,15.065889358520508
2203296650.0,0.1853755116462707,0.3123320639133453,8.692793846130371,7.868796348571777,5.259884357452393,14.962839126586914
2203304983.0,0.1275097280740738,0.6478478312492371,8.273968696594238,7.992769241333008,4.944034576416016,14.961994171142578
2203313316.0,0.1450438648462295,0.915758728981018,8.504476547241211,7.986904621124268,5.20993709564209,15.26537036895752
2203321649.0,-0.216224268078804,0.8461683988571167,8.632650375366211,7.359638214111328,5.511237144470215,15.183710098266602
2203329982.0,-0.4710494577884674,1.31477689743042,8.493613243103027,7.231822967529297,6.854883670806885,15.180100440979004
2203338315.0,-0.6826003789901733,1.3491413593292236,9.223532676696776,7.621441841125488,8.059444427490234,15.262629508972168
2203346648.0,-0.6646111607551575,1.4186978340148926,9.54047966003418,7.560043811798096,8.007883071899414,15.021805763244627
2203354981.0,-0.5563331246376038,1.600519061088562,9.7244873046875,7.789674758911133,7.034924507141113,14.957715034484863
2203363314.0,-0.5635316967964172,1.3627532720565796,9.908342361450195,7.445278644561768,5.715420246124268,14.949429512023926
2203371647.0,-0.773651659488678,0.9859660863876344,9.233087539672852,6.903524875640869,5.02651309967041,14.923548698425291
2203379980.0,-0.9004934430122375,0.8082717657089233,8.966443061828613,7.009157180786133,5.834436893463135,14.958382606506348
2203388313.0,-1.1229918003082275,0.7624270915985107,9.35312843322754,7.754096984863281,7.37959098815918,14.921371459960938
2203396646.0,-1.126346230506897,1.1410309076309204,9.61789894104004,8.62229061126709,8.218174934387207,14.830951690673828
2203404979.0,-0.9658034443855286,1.918885588645935,10.253686904907228,9.578176498413086,8.244571685791016,14.724897384643556
2203413312.0,-0.8007472157478333,2.421438455581665,10.814635276794434,9.460097312927246,7.208578109741211,14.69293212890625
2203421645.0,-0.70870441198349,2.6291208267211914,10.593608856201172,8.44619369506836,6.041399955749512,14.546788215637209
2203429978.0,-0.6160349249839783,2.672952175140381,10.077960968017578,7.321959495544434,5.650707244873047,14.675860404968262
2203438311.0,-0.5410739183425903,2.319523572921753,9.696928024291992,6.722829341888428,5.553923606872559,14.75735092163086
2203446644.0,-0.8127721548080444,2.1106951236724854,9.131479263305664,6.434796333312988,6.497140884399414,14.976709365844728
2203454977.0,-1.324806571006775,2.307530641555786,8.856343269348145,6.827117919921875,8.045561790466309,15.146162986755373
2203463310.0,-1.5970438718795776,2.2788503170013428,9.28244686126709,7.051933288574219,9.574731826782228,15.237323760986328
2203471643.0,-1.5238171815872192,2.2820520401000977,10.14708137512207,6.481184005737305,9.37915325164795,15.194406509399414
2203479976.0,-1.459805607795715,2.747992038726806,10.668771743774414,5.587106227874756,7.608914375305176,15.174617767333984
2203488309.0,-1.5038772821426392,3.367052793502808,10.613069534301758,5.147283554077148,5.304503440856934,15.050260543823242
2203496642.0,-1.3821302652359009,3.6573410034179688,10.650050163269045,4.595066070556641,3.950074434280396,14.982563018798828
2203504975.0,-1.0936063528060913,3.664438009262085,10.599586486816406,3.614912271499634,3.8149590492248535,15.326766967773438
2203513308.0,-0.9400842189788818,3.5035505294799805,10.254465103149414,2.2138774394989014,3.837102651596069,15.320042610168455
2203521641.0,-1.045888900756836,3.561774253845215,10.039493560791016,1.333643913269043,5.069839000701904,15.298758506774902
2203529974.0,-1.276455998420715,3.3908424377441406,10.132391929626465,0.812061071395874,6.821341037750244,15.410306930541992
2203538307.0,-1.3845301866531372,2.923282623291016,10.521655082702637,0.37012580037117,7.890236377716064,15.262911796569824
2203546640.0,-1.3664366006851196,2.66256070137024,10.781282424926758,-0.2088329344987869,7.98497200012207,15.530006408691406
2203554973.0,-1.5837059020996094,2.389609098434448,10.786232948303224,-0.2930781245231628,6.740143775939941,15.52472686767578
2203563306.0,-1.591320514678955,2.2641279697418213,10.261116027832031,-0.213200107216835,5.420023918151856,15.471128463745115
2203571639.0,-1.6437362432479858,2.244615077972412,10.175912857055664,0.0619608424603939,4.461411476135254,15.61777114868164
2203579972.0,-1.7347540855407717,1.8257596492767327,10.144424438476562,-0.5747835040092468,3.8988330364227295,15.748568534851074
2203588305.0,-1.969508528709412,1.731587290763855,9.441057205200195,-0.9505060911178588,4.31833028793335,15.859031677246094
2203596638.0,-2.04193377494812,1.9695913791656487,9.658151626586914,-0.709885835647583,5.117929935455322,16.093786239624023
2203604971.0,-1.903486251831055,1.82919180393219,10.463661193847656,-0.4983634650707245,4.920931339263916,16.242578506469727
2203613304.0,-1.572582721710205,2.0793685913085938,10.949069023132324,-0.8261234164237976,3.639707088470459,16.114843368530273
2203621637.0,-1.0774050951004028,2.2737812995910645,11.418210983276367,-1.100093126296997,1.7164868116378784,16.263864517211914
2203629970.0,-0.535369336605072,2.2767252922058105,11.07553005218506,-1.4118696451187134,0.0800188854336738,16.139890670776367
2203638303.0,-0.1099685952067375,2.137906074523926,10.51718807220459,-1.6237761974334717,-0.4229551553726196,16.032207489013672
2203646636.0,0.1281644701957702,1.9629944562911987,10.30870532989502,-2.026662826538086,0.8007524609565735,16.263866424560547
2203654969.0,-0.168610006570816,1.3905454874038696,9.542664527893066,-2.53853726387024,2.9696121215820312,16.358585357666016
2203663302.0,-0.4413162469863891,1.024402737617493,9.035886764526367,-2.01659631729126,5.780979633331299,16.425798416137695
2203671635.0,-0.6290490627288818,0.9480482339859008,9.29834270477295,-1.2485791444778442,8.063311576843262,16.588781356811523
2203679968.0,-1.004131317138672,0.9199681878089904,10.211647033691406,-0.8743805885314941,8.272042274475098,16.528793334960938
2203688301.0,-1.2448176145553589,1.1989755630493164,10.345888137817385,-0.9116235375404358,7.144247055053711,16.27515983581543
2203696634.0,-1.1999940872192385,1.0521408319473269,10.362048149108888,-0.8255085349082947,5.04623556137085,16.304590225219727
2203704967.0,-0.8608981966972351,0.8339306116104126,10.218106269836426,-1.0227638483047483,2.8766329288482666,16.21094512939453
2203713300.0,-0.8474240303039551,1.0175402164459229,9.636682510375977,-0.9117517471313475,1.9190187454223635,16.167041778564453
2203721633.0,-0.7500388026237488,1.0272942781448364,9.180337905883787,-0.3670648634433746,2.3590457439422607,16.115890502929688
2203729966.0,-0.7428756356239319,0.814274787902832,8.806854248046875,0.1017653793096542,4.050328254699707,16.02985382080078
2203738299.0,-0.9933820366859436,0.7943345904350281,8.876513481140137,0.3690243661403656,5.694506168365479,16.019683837890625
2203746632.0,-1.1754536628723145,0.7686980962753296,8.986802101135254,0.2540676593780517,6.883904457092285,16.012897491455078
2203754965.0,-1.3926360607147217,0.7594097256660461,9.03494930267334,0.5060221552848816,6.763222217559815,15.845212936401367
2203763298.0,-1.326549053192139,0.7876349687576294,9.616504669189451,0.7182362079620361,5.263125419616699,15.70997142791748
2203771631.0,-1.357335925102234,0.3898467421531677,9.676398277282717,0.4429214000701904,2.9762208461761475,15.835389137268066
2203779964.0,-1.472571611404419,0.1559415757656097,8.944925308227539,0.3853406608104706,1.4282244443893433,15.747175216674805
2203788297.0,-1.3566519021987915,0.1097365245223045,8.725857734680176,1.0488519668579102,1.4815789461135864,15.881827354431152
2203796630.0,-1.169136643409729,-0.3019353747367859,8.843103408813477,1.294927954673767,1.6015304327011108,16.047142028808594
2203804963.0,-1.0574777126312256,-0.1889281570911407,8.78392505645752,2.0199902057647705,1.6891311407089231,15.854829788208008
2203813296.0,-1.017602801322937,-0.1211123391985893,8.946441650390625,2.8488669395446777,2.24406361579895,15.992020606994627
2203821629.0,-1.0566908121109009,-0.3101129829883575,8.98184871673584,3.3020856380462646,2.5583760738372803,15.93966579437256
2203829962.0,-0.8550703525543213,0.0065800938755273,9.185432434082031,3.6446244716644287,2.308995723724365,15.918840408325195
2203838295.0,-0.7865064144134521,0.3575310409069061,9.4860258102417,3.98530650138855,1.7784861326217651,16.197792053222656
2203846628.0,-1.0113768577575684,0.4587433636188507,9.316832542419434,4.1432318687438965,1.0375816822052002,15.962435722351074
2203854961.0,-1.100821852684021,0.6180979013442993,8.99970531463623,4.25772762298584,1.273283839225769,15.906392097473145
2203863294.0,-0.9636768102645874,0.5998802781105042,8.935108184814453,4.455930233001709,1.5798864364624023,15.964665412902832
2203871627.0,-0.94931298494339,0.7823312878608704,8.880743026733398,4.662227630615234,1.638568639755249,15.85857105255127
2203879960.0,-1.2208137512207031,1.015537142753601,8.932286262512207,4.67167854309082,1.463213324546814,16.105823516845703
2203888293.0,-1.477146863937378,1.065882682800293,8.738520622253418,4.508900165557861,1.5883647203445437,15.95587921142578
2203896626.0,-1.332587957382202,1.1470874547958374,8.76052474975586,4.357495307922363,1.289881944656372,16.01392364501953
2203904959.0,-1.134682059288025,1.2748818397521973,9.048556327819824,4.266692638397217,0.4620296955108642,16.028446197509766
2203913292.0,-1.0511690378189087,1.6920297145843506,8.999576568603516,4.101583003997803,-1.2438147068023682,16.012615203857422
2203921625.0,-0.8742220401763916,1.9414891004562376,8.966930389404297,3.99489951133728,-2.3890528678894043,15.75083827972412
2203929958.0,-0.7830000519752502,2.1145761013031006,9.190065383911133,3.3840770721435547,-2.595555067062378,15.855804443359377
2203938291.0,-0.694539487361908,1.9216986894607544,9.091753005981444,2.390448808670044,-2.033860206604004,15.720993995666504
2203946624.0,-0.5279602408409119,1.7643187046051023,8.54955768585205,2.134101867675781,-1.1979141235351562,15.649404525756836
2203954957.0,-0.3745883703231811,1.85749900341034,8.904478073120117,2.480226755142212,-0.1619204133749008,15.66254425048828
2203963290.0,-0.413795918226242,1.8514881134033203,9.400182723999023,2.698741912841797,0.0298405904322862,15.540671348571776
2203971623.0,-0.4887806475162506,1.694366693496704,9.39184284210205,2.5574536323547363,-0.2887877523899078,15.519948959350586
2203979956.0,-0.3245304822921753,1.689547419548035,9.212592124938965,2.337069034576416,-0.4629390239715576,15.536626815795898
2203988289.0,-0.4437499940395355,1.534096121788025,9.515203475952148,2.2381978034973145,-0.7564012408256531,15.436139106750488
2203996622.0,-0.3895445466041565,1.6247743368148804,9.605547904968262,2.073690176010132,-0.562616765499115,15.485126495361328
2204004955.0,-0.4649058282375335,2.000094413757324,9.809731483459473,2.4834413528442383,0.2179131507873535,15.496421813964844
2204013288.0,-0.4023597836494446,2.243730306625366,10.183663368225098,2.6047892570495605,0.9105350971221924,15.395618438720703
2204021621.0,-0.4633872509002685,2.5682032108306885,10.073315620422363,2.2569987773895264,1.277920126914978,15.267085075378418
2204029954.0,-0.4845406711101532,2.827856540679932,10.206170082092283,1.7437405586242676,1.717332363128662,15.252178192138672
2204038287.0,-0.4312900304794311,2.6522130966186523,10.18139362335205,0.6603607535362244,1.5977905988693235,15.294774055480955
2204046620.0,-0.4920626282691955,2.643526315689087,10.01903247833252,-0.1756240278482437,1.466978669166565,15.443568229675291
2204054953.0,-0.3399548828601837,2.6434216499328613,10.442928314208984,-0.8714861273765564,1.2704918384552002,15.730548858642578
2204063286.0,-0.4864753186702728,2.5739128589630127,10.190000534057615,-1.5030819177627563,1.1295111179351809,15.693331718444824
2204071619.0,-0.3707848191261291,2.7146692276000977,9.997276306152344,-1.60336172580719,1.4651600122451782,15.59873867034912
2204079952.0,-0.24058598279953,2.411677837371826,10.280454635620115,-2.0425946712493896,2.0742154121398926,15.59671688079834
2204088285.0,-0.2278241962194442,1.9382857084274288,10.250139236450195,-2.8528497219085693,2.2244174480438232,15.521280288696287
2204096618.0,-0.4709250926971435,1.9536463022232056,9.895410537719728,-3.1243350505828857,3.060952425003052,15.672712326049805
2204104951.0,-0.5044443011283875,1.7331719398498535,10.126787185668944,-2.604033231735229,3.746928215026856,15.85462474822998
2204113284.0,-0.4652677774429321,1.4198276996612549,10.32652473449707,-2.2371346950531006,3.637017250061035,15.749350547790527
2204121617.0,-0.5075673460960388,1.5097557306289673,10.336685180664062,-2.1679251194000244,3.2336184978485107,15.762362480163574
2204129950.0,-0.566173255443573,1.675200581550598,10.356974601745604,-2.144052743911743,3.176908493041992,15.657344818115234
2204138283.0,-0.5490645170211792,1.7141155004501345,10.320595741271973,-1.9256913661956787,3.256389617919922,15.694612503051758
2204146616.0,-0.7251364588737488,1.9345605373382568,10.459153175354004,-2.1719212532043457,4.040493011474609,15.84038543701172
2204154949.0,-0.8159624338150024,1.582038640975952,10.452689170837402,-2.352053642272949,4.771331787109375,15.776415824890137
2204163282.0,-0.674269437789917,1.4138447046279907,9.97582721710205,-2.1540677547454834,4.985555171966553,15.86845588684082
2204171615.0,-0.7337803840637207,1.0994594097137451,10.524555206298828,-1.727974772453308,4.6634297370910645,16.03059196472168
2204179948.0,-0.8705505728721619,0.5790606141090393,10.605133056640623,-1.977713704109192,3.6463406085968018,15.822502136230469
2204188281.0,-0.778928279876709,0.4849701821804046,9.767000198364258,-1.5541311502456665,3.3315672874450684,15.767305374145508
2204196614.0,-0.6661028861999512,0.6573381423950195,9.936379432678224,-0.3007752001285553,3.54644513130188,15.907824516296388
2204204947.0,-0.7491604685783386,0.5733140707015991,10.17882251739502,0.0385238155722618,3.5440375804901123,15.63690185546875
2204213280.0,-0.8241815567016602,0.5659293532371521,9.737048149108888,0.2796050608158111,4.0678229331970215,15.619256019592283
2204221613.0,-0.89048832654953,0.384079247713089,9.86989974975586,0.6946837902069092,5.183374404907227,15.999576568603516
2204229946.0,-1.0315804481506348,0.1115644201636314,10.21907901763916,0.8002656102180481,5.038961410522461,16.008438110351562
2204238279.0,-1.1853102445602417,0.2597717344760895,10.096163749694824,1.196262001991272,4.697319507598877,15.926117897033691
2204246612.0,-1.1277357339859009,0.4035723507404327,10.427016258239746,2.061126708984375,4.228834629058838,15.929625511169434
2204254945.0,-1.1000410318374634,0.3815537691116333,10.615699768066406,2.250262260437012,3.178752899169922,15.812848091125488
2204263278.0,-1.0606399774551392,0.7183798551559448,10.302168846130373,2.16273832321167,2.6566319465637207,15.82109546661377
2204271611.0,-1.2271711826324463,0.7905346751213074,10.112199783325195,2.129849672317505,2.882498264312744,15.96586799621582
2204279944.0,-1.3537578582763672,0.8338937163352966,9.824652671813965,2.113713026046753,3.6954948902130127,16.142532348632812
2204288277.0,-1.617115497589111,1.1556675434112549,9.78761386871338,2.3138368129730225,4.355624198913574,16.249595642089844
2204296610.0,-1.6845072507858276,1.2578177452087402,10.09129810333252,2.1284921169281006,4.04564094543457,16.38068962097168
2204304943.0,-1.685757040977478,1.2054301500320437,9.87557315826416,1.869353175163269,2.9555504322052,16.310562133789062
2204313276.0,-2.02862548828125,1.2222408056259155,9.789718627929688,1.5724071264266968,1.6934599876403809,16.381946563720703
2204321609.0,-2.151545763015747,1.1274609565734863,9.94186782836914,1.1675740480422974,1.0701631307601929,16.563323974609375
2204329942.0,-2.117637157440185,0.9108023047447203,9.789899826049805,0.906154990196228,0.3300138711929321,16.532533645629883
2204338275.0,-1.9818921089172363,1.1004515886306765,10.057540893554688,1.41590416431427,-0.5756161212921143,16.553998947143555
2204346608.0,-1.5094374418258667,1.1728349924087524,10.414326667785645,1.7839549779891968,-1.3921723365783691,16.653045654296875
2204354941.0,-1.009833574295044,1.4134875535964966,10.265363693237305,2.1688599586486816,-3.076846122741699,16.621719360351562
2204363274.0,-0.7815471887588501,1.778598427772522,10.104083061218262,2.269460201263428,-3.974868774414064,16.604265213012695
2204371607.0,-0.6148682236671448,1.6312189102172852,9.844830513000488,1.8566997051239007,-3.4629812240600586,16.514833450317383
2204379940.0,-0.4896508753299713,1.8110582828521729,9.27204132080078,1.727373123168945,-2.0810418128967285,16.50438117980957
2204388273.0,-0.377080500125885,1.9785079956054688,9.580975532531738,1.92209267616272,-0.3474700152873993,17.019996643066406
2204396606.0,-0.6858415007591248,1.8792574405670168,9.650970458984377,1.9156379699707031,0.620581865310669,17.03539276123047
2204404939.0,-0.8264825344085693,1.98955762386322,9.223825454711914,1.9243210554122925,0.7994204759597778,17.035186767578125
2204413272.0,-0.9336673021316528,1.5743786096572876,9.581807136535645,1.5454095602035522,0.6648688912391663,17.22701072692871
2204421605.0,-0.8659959435462952,0.7865637540817261,9.77258586883545,0.6358991861343384,-0.5637310743331909,17.33287811279297
2204429938.0,-0.5983273386955261,0.2669208943843841,9.322203636169434,0.6935311555862427,-1.8546630144119265,17.537866592407227
2204438271.0,-0.6833246350288391,0.3274120390415191,9.125049591064451,2.07928729057312,-2.327169418334961,17.902101516723633
2204446604.0,-0.4609518349170685,0.3605996072292328,9.145919799804688,3.69864559173584,-2.429831027984619,18.03240203857422
2204454937.0,-0.2635315656661987,0.9594320058822632,9.096485137939451,4.785252571105957,-1.896286368370056,18.013038635253906
2204463270.0,-0.1983783990144729,1.6384955644607544,9.531907081604004,5.04905366897583,-0.7008953094482422,18.18006706237793
2204471603.0,-0.3075400590896606,1.9175153970718384,9.536523818969728,4.407468318939209,0.4979152381420135,18.222585678100582
2204479936.0,-0.4334051311016083,2.632892608642578,9.571162223815918,4.133830547332764,1.7155393362045288,18.21776962280273
2204488269.0,-0.1822092980146408,3.3105854988098145,10.12697982788086,3.7220053672790527,2.1548492908477783,18.335750579833984
2204496602.0,-0.1617952585220337,3.2049801349639893,10.57430934906006,2.9759910106658936,1.0855573415756226,18.419790267944336
2204504935.0,-0.1594764590263366,3.1781439781188965,10.035768508911133,1.580424427986145,-0.0470405556261539,18.624753952026367
2204513268.0,-0.3868557512760162,3.094200372695923,9.50389289855957,0.6012686491012573,0.4265283346176147,18.9716739654541
2204521601.0,-0.4985827207565307,3.037100076675415,9.04140281677246,-0.0133322114124894,1.0122236013412476,18.94465065002441
2204529934.0,-0.60887610912323,3.284759759902954,8.92232894897461,-0.1883543282747268,2.12923526763916,18.68791961669922
2204538267.0,-0.7154330015182495,3.201269149780273,9.56053352355957,-0.732964277267456,3.255186080932617,18.767528533935547
2204546600.0,-1.0172686576843262,2.997625827789306,9.604331970214844,-2.0091168880462646,3.680638313293457,18.727006912231445
2204554933.0,-1.277401089668274,3.051109313964844,9.56930923461914,-2.892911195755005,3.928738594055176,18.742685317993164
2204563266.0,-1.4947738647460938,2.9203855991363525,9.61611557006836,-3.1602723598480225,3.565348625183105,18.74227333068848
2204571599.0,-1.6110018491744995,2.681999683380127,9.711047172546388,-3.039424180984497,2.4150640964508057,18.7189884185791
2204579932.0,-1.338003396987915,2.6291868686676025,9.865798950195312,-3.100949764251709,1.1224160194396973,18.732309341430664
2204588265.0,-1.0557923316955566,2.2186646461486816,10.04736042022705,-3.800474405288696,-0.3267736732959747,18.84629249572754
2204596598.0,-0.8857334852218628,2.019583940505981,9.500724792480469,-4.237249374389648,-1.4905568361282349,18.7819766998291
2204604931.0,-0.9674198627471924,1.800283432006836,9.379965782165527,-3.942556858062744,-1.0111862421035769,18.648422241210938
2204613264.0,-0.7469978332519531,1.43154776096344,9.410652160644531,-3.589540958404541,0.4428958296775818,18.626855850219727
2204621597.0,-0.7756499648094177,1.3263132572174072,9.198201179504396,-2.8107659816741943,1.720406413078308,18.60593032836914
2204629930.0,-0.9228710532188416,1.3819836378097534,9.61924648284912,-1.6872739791870115,2.8183603286743164,18.72016716003418
2204638263.0,-1.1996568441390991,1.3814494609832764,9.708944320678713,-1.4383296966552734,2.665085554122925,18.6279354095459
2204646596.0,-1.2127015590667725,1.274761199951172,9.622851371765137,-1.1744002103805542,2.2459850311279297,18.48318672180176
2204654929.0,-1.159367322921753,1.0752365589141846,9.77798843383789,-1.094919204711914,1.1736958026885986,18.493637084960938
2204663262.0,-1.0055394172668457,0.8647094964981079,9.684500694274902,-1.05150306224823,-0.688369870185852,18.404062271118164
2204671595.0,-1.103013038635254,1.2824188470840454,9.35604190826416,-0.1241137981414794,-1.125271916389465,18.257265090942383
2204679928.0,-1.1978033781051636,1.196071743965149,10.00160789489746,0.2236891537904739,-0.3144276142120361,18.568737030029297
2204688261.0,-1.2989345788955688,1.1107337474822998,9.772433280944824,-0.1983310580253601,0.4326373040676117,18.435911178588867
2204696594.0,-1.5297731161117554,1.5796891450881958,9.663278579711914,0.006173032335937,1.7087771892547607,18.57972526550293
2204704927.0,-1.6199147701263428,1.9091774225234983,10.318951606750488,0.211496815085411,2.367908477783203,18.5941219329834
2204713260.0,-1.68910014629364,2.00019907951355,10.68404483795166,-0.2762367725372314,1.1395263671875,18.512638092041016
2204721593.0,-1.5188759565353394,2.3112001419067383,10.548335075378418,-1.1443803310394287,-0.5963379740715027,18.53559303283692
2204729926.0,-1.5114926099777222,1.9246292114257808,10.562358856201172,-1.9532783031463623,-2.1996617317199707,18.63167381286621
2204738259.0,-1.3397520780563354,1.242636799812317,10.101329803466797,-3.040064811706543,-3.6679208278656006,18.653188705444336
2204746592.0,-1.2121208906173706,0.8670089840888977,9.75636863708496,-3.077269554138184,-3.7781264781951904,18.8466911315918
2204754925.0,-1.1378469467163086,0.3085012137889862,9.743488311767578,-2.472120523452759,-3.431732416152954,19.0615291595459
2204763258.0,-1.061340570449829,0.2508218586444855,9.55947971343994,-1.316200613975525,-2.530367136001587,19.02789878845215
2204771591.0,-0.9742612242698668,0.0451544262468814,9.79963493347168,-0.1818355023860931,-1.8885637521743768,19.240636825561523
2204779924.0,-0.9760432839393616,-0.2769286632537842,9.874062538146973,-0.0340285189449787,-1.789987325668335,19.30537796020508
2204788257.0,-0.8015762567520142,-0.4543217718601227,9.361626625061035,0.5475556254386902,-2.385364532470703,19.481678009033203
2204796590.0,-0.7080058455467224,-0.259784460067749,9.308629989624023,1.7744779586791992,-3.2133712768554688,19.84048652648925
2204804923.0,-0.6577268242835999,-0.4916896224021911,9.595860481262209,2.6030218601226807,-4.1150431632995605,19.77662849426269
2204813256.0,-0.5778470635414124,0.0064930226653814,9.37177276611328,3.299499273300171,-4.377512454986572,19.85626602172852
2204821589.0,-0.4134319722652435,0.6050781607627869,9.889212608337402,4.152914524078369,-3.8726305961608887,19.948938369750977
2204829922.0,-0.3049050271511078,0.7150021195411682,10.37746524810791,4.296277046203613,-3.213550329208374,20.07511329650879
2204838255.0,-0.3132675588130951,0.8828649520874023,10.43508243560791,4.272635459899902,-2.2700750827789307,20.127647399902344
2204846588.0,-0.3155328631401062,1.2257012128829956,10.83517837524414,4.302168369293213,-1.1394881010055542,20.32928276062012
2204854921.0,-0.2892447412014007,1.2413153648376465,10.997174263000488,3.887627601623535,-0.8721010088920593,20.35853385925293
2204863254.0,-0.1943348944187164,1.322291612625122,10.83070182800293,4.003148078918457,-1.0139014720916748,20.398412704467773
2204871587.0,-0.224880501627922,1.1447668075561523,10.763840675354004,3.766779899597168,-1.3287005424499512,20.6535587310791
2204879920.0,-0.2397921234369278,1.0930447578430176,10.392108917236328,3.536020517349243,-1.3569785356521606,20.78388404846192
2204888253.0,-0.3565312325954437,1.4832955598831177,10.041523933410645,3.7339932918548575,-0.5721068978309631,20.74308013916016
2204896586.0,-0.4207136034965515,1.6092443466186523,10.2693452835083,3.94835901260376,0.3105727136135101,20.86259651184082
2204904919.0,-0.3321794271469116,1.4744895696640017,10.307236671447754,3.856915712356568,0.8686814308166504,20.653249740600582
2204913252.0,-0.4214670360088348,1.5218759775161743,10.25563144683838,3.785426139831543,0.883793830871582,20.778839111328125
2204921585.0,-0.4467905461788177,1.714506983757019,10.393268585205078,3.812040090560913,0.9344587922096252,20.843488693237305
2204929918.0,-0.4356164038181305,1.6284523010253906,10.219681739807127,4.04226016998291,0.4514766335487366,20.65788650512696
2204938251.0,-0.3031959533691406,1.9982765913009644,10.12516975402832,4.470889568328857,0.2839338779449463,20.51693153381348
2204946584.0,-0.290696382522583,1.8180960416793823,10.36709213256836,4.286261558532715,0.419894278049469,20.53355598449707
2204954917.0,-0.2458837777376175,1.6436065435409546,9.92238998413086,3.7092244625091553,0.6482453346252441,20.1671199798584
2204963250.0,-0.2828766703605652,1.758745551109314,9.520102500915527,4.181525230407715,1.6095736026763916,20.31511688232422
2204971583.0,-0.2308078408241272,1.5055978298187256,10.05559253692627,4.45587968826294,2.57679295539856,20.56595993041992
2204979916.0,-0.3370243012905121,1.8402910232543943,10.13074016571045,4.530365467071533,2.6172120571136475,20.457252502441406
2204988249.0,-0.3656899631023407,2.333976984024048,9.971850395202637,4.867833137512207,2.796409368515014,20.396747589111328
2204996582.0,-0.2909508645534515,2.464210033416748,10.100658416748049,4.753055572509766,2.75645112991333,20.36906242370605
2205004915.0,-0.2067261040210724,2.3614819049835205,9.940835952758787,4.032578945159912,2.292654275894165,20.07803535461425
2205013248.0,-0.4024527966976166,2.496324300765991,9.560304641723633,3.209592580795288,2.637703657150269,20.16765594482422
2205021581.0,-0.6154863834381104,2.1273860931396484,9.503905296325684,2.688599109649658,3.529719829559326,20.252338409423828
2205029914.0,-0.7198315262794495,1.9511948823928835,9.162981986999512,2.5272552967071533,4.44542932510376,20.204030990600582
2205038247.0,-0.8633740544319153,1.8594118356704712,9.48962116241455,3.0571625232696533,4.703569412231445,20.347393035888672
2205046580.0,-0.926112413406372,1.529545545578003,9.879673957824709,3.136950731277466,4.160213947296143,20.2093563079834
2205054913.0,-1.039349913597107,1.1645251512527466,9.61632251739502,3.148477077484131,3.154957771301269,19.94048500061035
2205063246.0,-0.8859906196594238,0.7942561507225037,9.726810455322266,3.381208658218384,2.642467975616455,20.027650833129883
2205071579.0,-0.8091205954551697,0.3140494227409363,9.378046989440918,3.79933500289917,2.018735408782959,19.88397789001465
2205079912.0,-0.9197399616241456,0.3638851642608642,9.013484954833984,5.004613876342773,2.419009208679199,19.808162689208984
2205088245.0,-1.2266535758972168,0.6619758009910583,9.077994346618652,6.322952747344971,3.380619525909424,19.76535987854004
2205096578.0,-1.3369295597076416,0.8347287774085999,9.379212379455566,6.809316635131836,4.416715621948242,19.74676513671875
2205104911.0,-1.3407292366027832,1.4666266441345217,9.455055236816406,7.317938804626465,4.378857612609863,19.67988586425781
2205113244.0,-1.18771231174469,1.5847152471542358,10.123184204101562,7.1754469871521,3.666218042373657,19.9122314453125
2205121577.0,-1.310676097869873,1.7166292667388916,10.058661460876465,6.707371234893799,2.2812047004699707,19.781394958496094
2205129910.0,-1.4757307767868042,2.2827823162078857,9.67582893371582,7.064228534698486,1.3609871864318848,19.918275833129883
2205138243.0,-1.4936197996139526,2.7731235027313232,9.944960594177246,7.235512256622314,1.1868361234664917,20.03551483154297
2205146576.0,-1.593740701675415,3.0462775230407715,9.82230281829834,6.753657817840576,1.2929304838180542,19.771255493164062
2205154909.0,-1.6461668014526367,3.563936710357666,9.559310913085938,6.322210788726807,1.8449939489364624,19.79481506347656
2205163242.0,-1.7471442222595217,3.620331287384033,9.994214057922363,5.281195640563965,2.3681905269622803,19.81328392028809
2205171575.0,-1.9363192319869995,3.4807889461517334,10.01612663269043,3.5447041988372803,2.235175848007202,20.00221443176269
2205179908.0,-1.944661855697632,3.4002182483673096,9.880077362060549,2.495518922805786,1.583907961845398,20.2247257232666
2205188241.0,-1.7979940176010132,2.920496702194214,10.10012912750244,1.9793407917022705,0.0980513244867324,20.522619247436523
2205196574.0,-1.2691001892089844,2.295167922973633,10.003552436828612,1.5524537563323977,-2.57480788230896,20.601049423217773
2205204907.0,-0.9928832054138184,1.89387321472168,9.747467041015623,1.298872709274292,-4.734728813171387,20.611703872680664
2205213240.0,-0.575532078742981,1.9764949083328247,9.41397762298584,1.3808128833770752,-5.375675201416016,20.745849609375
2205221573.0,-0.580227255821228,2.03847885131836,9.01521110534668,1.6798079013824463,-4.411810874938965,20.897640228271484
2205229906.0,-0.5854285955429077,2.3282103538513184,9.141436576843262,2.0093092918396,-2.17563533782959,20.866437911987305
2205238239.0,-0.6652278304100037,1.9531980752944944,9.351378440856934,1.5369315147399902,0.4829053580760956,21.286487579345703
2205246572.0,-0.6368207931518555,1.6784504652023315,9.330296516418455,1.3525089025497437,1.6803711652755735,21.510942459106445
2205254905.0,-0.6442156434059143,1.8667547702789309,9.916759490966797,1.6950483322143557,1.383476734161377,21.699981689453125
2205263238.0,-0.533543586730957,1.6991214752197266,10.448493957519531,1.818227171897888,-0.5779982805252075,21.68627548217773
2205271571.0,-0.0558947809040546,1.495152235031128,10.105573654174805,2.085742473602295,-2.850801706314087,21.657203674316406
2205279904.0,0.2648590207099914,1.787987470626831,9.720346450805664,2.777583122253418,-3.8383328914642334,21.80325508117676
2205288237.0,0.3731970191001892,1.7754158973693848,9.746454238891602,2.97750186920166,-2.85390043258667,21.971359252929688
2205296570.0,0.1549722999334335,2.311763286590576,9.23186492919922,3.094200611114502,-0.50251305103302,22.0576286315918
2205304903.0,0.1549443006515503,2.948418378829956,9.336385726928713,3.5010573863983154,2.902862548828125,22.23956871032715
2205313236.0,0.0760143399238586,3.2442963123321533,10.07877254486084,3.4408388137817383,5.154611110687256,22.140111923217773
2205321569.0,-0.1130537688732147,3.812286853790283,10.238054275512695,2.5500259399414062,5.546098232269287,21.9331169128418
2205329902.0,-0.356424331665039,4.321203231811523,10.285685539245604,1.7100582122802734,5.3728437423706055,22.08483123779297
2205338235.0,-0.6760962009429932,4.139463424682617,10.342636108398438,0.1952830404043197,4.285084247589111,22.14700126647949
2205346568.0,-0.839750349521637,4.119974136352539,10.264575958251951,-1.516939640045166,3.638068199157715,21.990726470947266
2205354901.0,-0.8218989372253418,3.5779671669006348,10.107529640197754,-3.240330457687378,3.408513307571411,22.128173828125
2205363234.0,-0.95942884683609,3.0627925395965576,9.648837089538574,-4.068041801452637,3.3186590671539307,22.38616180419922
2205371567.0,-1.1556297540664673,3.019104242324829,9.513324737548828,-3.8304696083068848,3.770749807357788,22.158218383789062
2205379900.0,-1.2348620891571045,2.863490581512451,9.804896354675291,-3.5271456241607666,4.515740394592285,22.120948791503903
2205388233.0,-1.438449144363403,2.48235297203064,9.64993667602539,-3.979980230331421,4.938913345336914,21.859453201293945
2205396566.0,-1.3970152139663696,2.42305588722229,9.883365631103516,-4.487475872039795,5.5144147872924805,21.95820045471192
2205404899.0,-1.5708506107330322,1.907766819000244,10.231819152832031,-5.010030746459961,4.98389196395874,21.8072509765625
2205413232.0,-1.3259766101837158,2.005052328109741,10.139204025268556,-4.726814270019531,3.888857126235962,21.689451217651367
2205421565.0,-1.2557553052902222,1.6074057817459106,10.29216194152832,-4.074470520019531,2.705734968185425,21.78542709350586
2205429898.0,-1.3213454484939575,1.3903121948242188,9.98695182800293,-3.639566659927368,2.0264196395874023,21.61829376220703
2205438231.0,-1.444159746170044,1.4107468128204346,9.285253524780272,-2.978437662124634,2.4421393871307373,21.45710563659668
2205446564.0,-1.2975032329559326,1.0305428504943848,9.612241744995115,-2.578419685363769,3.541579246520996,21.42498588562012
2205454897.0,-1.3889585733413696,0.7890363335609436,9.419288635253906,-2.3056535720825195,3.608253240585327,21.279441833496094
2205463230.0,-1.7238725423812866,1.046359896659851,9.57428741455078,-1.1934572458267212,4.32350492477417,21.26983642578125
2205471563.0,-1.7754286527633667,0.9347700476646424,9.998783111572266,-0.5306630730628967,4.335134029388428,21.265560150146484
2205479896.0,-1.8872833251953125,0.8090718984603882,9.83490753173828,0.0569148585200309,3.405388593673706,21.16438674926757
2205488229.0,-1.7164952754974363,1.1163402795791626,9.940580368041992,0.4841347932815552,2.3571252822875977,21.126089096069336
2205496562.0,-1.5790870189666748,0.834231972694397,10.179540634155272,0.2800149023532867,0.7822589874267578,21.091562271118164
2205504895.0,-1.4884676933288574,1.1723911762237549,9.641043663024902,0.4186904430389404,-0.258434921503067,21.090282440185547
2205513228.0,-1.677159309387207,1.360168695449829,9.986854553222656,0.7347956895828247,-0.2777992784976959,21.010543823242188
2205521561.0,-1.7470314502716064,1.4341177940368652,9.91701316833496,0.249354675412178,0.2191811054944992,20.838035583496094
2205529894.0,-1.749130129814148,1.6927616596221924,9.8060941696167,0.2838058173656463,1.378123164176941,21.011287689208984
2205538227.0,-1.5909205675125122,1.78179669380188,10.43717098236084,0.2159793227910995,1.2927508354187012,21.032957077026367
2205546560.0,-1.415545105934143,1.915162205696106,10.501781463623049,-0.2850737273693084,-0.0796474814414978,21.03231430053711
2205554893.0,-1.3156771659851074,1.910151124000549,10.491701126098633,-0.5403197407722473,-1.7189337015151978,21.173784255981445
2205563226.0,-1.3105379343032837,1.6353501081466677,10.27844524383545,-1.2520116567611694,-2.910483121871948,21.1844425201416
2205571559.0,-1.1169564723968506,1.3715643882751465,9.694242477416992,-1.213871955871582,-2.9455740451812744,21.18533706665039
2205579892.0,-0.8649513721466064,0.7655613422393799,9.567220687866213,-1.0989407300949097,-2.662280559539795,21.36069297790528
2205588225.0,-1.0417307615280151,0.5285308361053467,9.299201011657717,-0.610912561416626,-2.293691635131836,21.33292579650879
2205596558.0,-1.0625407695770264,0.3328937888145447,9.469456672668455,0.1800681501626968,-1.38026225566864,21.46937561035156
2205604891.0,-0.9053235054016112,0.216968223452568,9.722960472106934,0.8797982335090637,-0.8933353424072266,21.430774688720703
2205613224.0,-0.7755849361419678,0.2678678631782532,9.780985832214355,1.839922308921814,-1.179395079612732,21.503154754638672
2205621557.0,-0.5512069463729858,-0.0366917140781879,10.301444053649902,2.618877410888672,-2.0896997451782227,21.915319442749023
2205629890.0,-0.5295001864433289,-0.1393161118030548,9.96729564666748,2.902785301208496,-3.1853747367858887,21.88404083251953
2205638223.0,-0.5575461387634277,-0.2163324356079101,9.492021560668944,4.051226139068604,-3.103050708770752,22.172203063964844
2205646556.0,-0.2408627271652221,-0.7221565246582031,9.727056503295898,4.816733360290527,-2.409391403198242,22.57050514221192
2205654889.0,-0.0803198963403701,-0.4823251664638519,9.391295433044434,5.560033321380615,-2.0436713695526123,22.90810203552246
2205663222.0,0.1674794405698776,-0.6976391673088074,9.656599044799805,6.676814556121826,-1.1734271049499512,23.16273307800293
2205671555.0,0.1476512402296066,-0.7316385507583618,9.60107135772705,7.453592777252197,-0.9111372232437134,23.492185592651367
2205679888.0,0.0717272982001304,-0.2648212015628814,9.377432823181152,8.58909797668457,-0.5603758096694946,23.292856216430664
2205688221.0,0.1236531510949134,0.0275212228298187,9.54128646850586,9.772449493408203,0.3735325634479522,23.60386276245117
2205696554.0,-0.0575646162033081,0.4936526715755462,9.529407501220703,10.427483558654783,0.6434555053710938,23.40386962890625
2205704887.0,0.0180173180997371,1.6664178371429443,9.3851957321167,11.095273971557615,1.2034599781036377,23.35553359985352
2205713220.0,-0.1372749507427215,1.8397738933563232,9.833001136779783,11.028754234313965,1.4277383089065552,23.42466926574707
2205721553.0,-0.196446880698204,2.4116029739379883,9.78674602508545,10.23563289642334,1.2049710750579834,23.133867263793945
2205729886.0,-0.1126615181565284,2.530552864074707,10.267197608947754,9.726858139038086,1.3855515718460083,23.21465492248535
2205738219.0,-0.2819294333457947,2.24791955947876,10.54124641418457,8.525471687316895,1.521640062332153,22.97364997863769
2205746552.0,0.1106360852718353,2.787539005279541,10.074089050292969,8.21738338470459,1.7009140253067017,22.70997428894043
2205754885.0,0.4595287144184112,2.656804323196411,10.26472282409668,8.516712188720703,1.6896696090698242,22.782390594482425
2205763218.0,0.3936512470245361,2.514356136322021,10.004110336303713,7.85028076171875,1.3459007740020752,22.483009338378903
2205771551.0,0.3511083722114563,2.490004777908325,9.194612503051758,7.330488681793213,2.600972890853882,22.22466087341309
2205779884.0,0.1036057248711586,2.1832492351531982,8.505648612976074,7.236485481262207,3.923436164855957,22.0037899017334
2205788217.0,-0.0495941005647182,2.442214012145996,8.278908729553223,7.450902462005615,5.128023147583008,21.592424392700195
2205796550.0,-0.3332578837871551,2.6399474143981934,9.062000274658203,7.810373306274414,6.169882774353027,21.621885299682617
2205804883.0,-0.8750430941581726,2.80851674079895,9.559094429016112,7.235820293426514,6.440471649169922,21.0427188873291
2205813216.0,-0.990754246711731,3.063474178314209,9.760523796081545,7.009774684906006,6.443161487579346,20.658403396606445
2205821549.0,-0.7730003595352173,2.719500064849853,9.910046577453612,6.359171390533447,5.306016445159912,20.668336868286133
2205829882.0,-0.9058704972267152,2.775815010070801,9.636675834655762,6.103643894195557,3.913650989532471,20.4727725982666
2205838215.0,-0.6770066618919373,3.191312789916992,9.709099769592283,6.213094234466553,3.0752973556518555,20.497108459472656
2205846548.0,-0.833676278591156,3.334092855453491,9.707103729248049,5.857030391693115,2.6281497478485107,20.515857696533203
2205854881.0,-0.974462389945984,3.64249587059021,9.430977821350098,5.314571380615234,3.344989776611328,20.256742477416992
2205863214.0,-1.0470805168151855,3.4661970138549805,9.357104301452637,4.471657752990723,4.815067768096924,20.159921646118164
2205871547.0,-1.4290560483932495,3.963844537734986,9.200068473815918,3.7789463996887207,6.1729817390441895,19.969247817993164
2205879880.0,-1.4184093475341797,4.244575500488281,10.088969230651855,3.3298771381378174,6.773917198181152,19.845327377319336
2205888213.0,-1.4262257814407349,4.30867862701416,10.346783638000488,2.703890800476074,5.511929512023926,19.74986267089844
2205896546.0,-1.295133113861084,4.401817798614502,10.315635681152344,1.9779318571090696,3.719828128814697,19.78185272216797
2205904879.0,-1.3203415870666504,4.39452075958252,9.898879051208496,0.75480055809021,1.7371324300765991,19.96115493774414
2205913212.0,-1.541530728340149,4.303562164306641,9.29725742340088,-0.3676540553569793,0.8368430137634277,19.95188331604004
2205921545.0,-1.516300916671753,4.28459358215332,9.053102493286133,-1.2690192461013794,1.1296395063400269,20.00833511352539
2205929878.0,-1.6763808727264404,4.119425296783447,9.403242111206056,-2.093003988265991,1.7423065900802612,19.81274604797364
2205938211.0,-1.5260376930236816,3.66584587097168,9.933638572692873,-3.114039182662964,2.421877861022949,19.718076705932617
2205946544.0,-1.3741620779037476,3.631569862365722,9.857086181640623,-3.5614171028137207,2.4907031059265137,19.9821834564209
2205954877.0,-1.505150556564331,3.814130544662476,10.229033470153809,-3.039501190185547,1.773811936378479,20.14168357849121
2205963210.0,-1.0103557109832764,3.196934461593628,10.999098777770996,-3.533395290374756,0.465974360704422,20.38668441772461
2205971543.0,-1.075338363647461,2.794242143630981,10.024171829223633,-4.37441349029541,-1.2187384366989136,19.91563606262207
2205979876.0,-0.208498939871788,3.036088705062866,10.13879108428955,-4.0931172370910645,-1.485203504562378,20.13381767272949
2205988209.0,-0.3371254801750183,2.515011548995972,10.2301025390625,-4.315808296203613,-1.695061206817627,20.349903106689453
2205996542.0,-0.6247755289077759,2.563642263412476,9.325563430786133,-4.335838794708252,-0.4267717599868774,20.05203437805176
2206004875.0,-0.5209566950798035,2.7841110229492188,9.336309432983398,-3.435292959213257,2.531891107559204,20.432279586791992
2206013208.0,-0.8898676633834839,2.310809135437012,10.54109001159668,-3.5603930950164795,4.138365268707275,20.62897109985352
2206021541.0,-1.005895972251892,2.547264814376831,10.79470920562744,-4.468750953674316,4.731719493865967,20.74054527282715
2206029874.0,-0.9595963358879088,2.5303268432617188,11.01763916015625,-4.775482177734375,4.134857177734375,20.99681854248047
2206038207.0,-0.4216695129871368,2.479785442352295,11.167560577392578,-4.715133666992188,1.5222800970077517,21.007497787475582
2206046540.0,-0.0623862035572528,2.2412497997283936,11.132730484008787,-4.844972133636475,-1.189358830451965,21.03005790710449
2206054873.0,-0.12198206782341,2.150214195251465,10.47353172302246,-5.228495121002197,-1.7204960584640503,21.064617156982425
2206063206.0,0.1944157779216766,1.8301093578338623,9.99777126312256,-5.7067389488220215,-0.104775071144104,21.30475234985352
2206071539.0,-0.1876544207334518,1.8625915050506592,9.37686252593994,-5.373651504516602,2.2149152755737305,21.160314559936523
2206079872.0,-0.2310969978570938,2.160938501358032,9.579704284667969,-4.292908668518066,4.937376022338867,21.07278823852539
2206088205.0,-0.3116925060749054,1.3700073957443235,10.30652904510498,-4.069348335266113,6.071242332458496,21.16743278503418
2206096538.0,-0.3726840913295746,1.5512499809265137,10.035902976989746,-4.049368858337402,5.459113597869873,21.083982467651367
2206104871.0,-0.553504467010498,1.5471068620681765,10.331600189208984,-3.699888229370117,4.116978168487549,21.07212448120117
2206113204.0,-1.233471393585205,1.4204282760620115,10.030858039855955,-3.781981706619263,2.337146043777466,20.704402923583984
2206121537.0,-0.4451931118965149,0.8896512389183044,9.638445854187012,-3.681368589401245,1.7500674724578855,20.906831741333008
2206129870.0,-0.4743483662605285,0.6921573281288147,9.551382064819336,-3.07961368560791,0.9996727705001832,21.050939559936523
2206138203.0,-0.4714581966400146,0.8491685390472412,9.748788833618164,-2.8485472202301025,0.7744722962379456,20.98365020751953
2206146536.0,-0.7300106883049011,0.4925310313701629,9.132357597351074,-2.0927987098693848,1.2572752237319946,20.944765090942383
2206154869.0,-0.6061769723892212,0.110748179256916,9.27507209777832,-1.4389439821243286,2.3585851192474365,20.76843643188477
2206163202.0,-0.1333121955394745,-0.3166801631450653,9.661724090576172,-0.9116237759590148,2.419726610183716,21.17906379699707
2206171535.0,-0.5392187833786011,-0.1570291817188263,9.268572807312012,-0.2717799246311188,1.261040449142456,21.085186004638672
2206179868.0,-0.732703447341919,0.7463670372962952,8.704307556152344,1.3179041147232056,0.8103322386741638,20.987388610839844
2206188201.0,-1.0801573991775513,0.5717456340789795,9.077549934387209,2.346904993057251,1.0392979383468628,21.06000518798828
2206196534.0,-0.7609692811965942,0.5376935601234436,9.660155296325684,1.655602216720581,0.942245602607727,21.022634506225582
2206204867.0,-0.6622846722602844,0.5861578583717346,9.652281761169434,1.0501329898834229,0.1449510306119918,21.35856819152832
2206213200.0,-0.8502951860427856,0.8079506754875183,9.37147331237793,1.589107632637024,-1.1018095016479492,21.11466789245605
2206221533.0,-0.3097254633903503,0.7716900706291199,9.756208419799805,2.632478713989258,-1.7942909002304075,21.32058334350586
2206229866.0,0.0537144504487514,0.3140401840209961,10.127302169799805,2.6808385848999023,-3.0742604732513428,21.17332649230957
2206238199.0,-0.0153399379923939,0.3403187692165375,9.582234382629396,2.1970362663269043,-3.378224372863769,21.364511489868164
2206246532.0,-0.4641966819763183,0.445566713809967,8.761312484741211,2.7399301528930664,-1.6237765550613403,21.391965866088867
2206254865.0,-0.0541330464184284,0.8544341921806335,8.70629596710205,3.7822248935699454,0.2071936279535293,21.49311828613281
2206263198.0,0.0459961928427219,0.6778659820556641,9.563199043273926,4.561820030212402,0.2211790233850479,21.532257080078125
2206271531.0,-0.4635811150074005,0.5119913220405579,9.240241050720217,3.951765537261963,-0.4797163605690002,21.351062774658203
2206279864.0,-0.6769542694091797,0.4071136713027954,8.503427505493164,4.072331428527832,-0.3988009095191955,21.26320457458496
2206288197.0,-0.7335596084594727,0.3454761505126953,8.835958480834961,4.882356643676758,-0.5518460869789124,21.49580955505371
2206296530.0,-0.1144320592284202,0.5291399955749512,9.608323097229004,5.521303653717041,-2.3397202491760254,21.703563690185547
2206304863.0,-0.2607211470603943,0.988436222076416,9.559670448303224,5.954825878143311,-4.613497257232666,21.320146560668945
2206313196.0,-0.3239443600177765,1.053986430168152,9.619202613830566,5.813076496124268,-4.641570568084717,21.44068717956543
2206321529.0,0.0143010318279266,1.182765007019043,9.536831855773926,5.584136962890625,-3.4054527282714844,21.680641174316406
2206329862.0,0.5280447602272034,1.6548250913619995,9.476692199707031,5.786258220672607,-2.839223861694336,21.60835838317871
2206338195.0,0.4013549387454986,1.9309542179107664,9.50106430053711,6.575432777404785,-2.61914610862732,21.67072868347168
2206346528.0,-0.3624979555606842,2.0274899005889893,9.99985408782959,6.556529521942139,-0.874739408493042,21.63632774353028
2206354861.0,0.3030302226543426,1.84818172454834,10.441107749938965,5.513286590576172,-0.1062863022089004,21.74003791809082
2206363194.0,0.1913668513298034,2.371154308319092,10.128847122192385,5.617639064788818,-0.6078131794929504,21.749670028686523
2206371527.0,0.1118031814694404,1.7772679328918457,10.57779598236084,5.937996864318848,-1.7695729732513428,21.55156898498535
2206379860.0,-0.1652913689613342,1.8478084802627563,9.81445598602295,5.846194744110107,-1.9343492984771729,21.39924049377441
2206388193.0,0.6185521483421326,2.2149786949157715,10.021842002868652,6.114530086517334,-1.8568663597106927,21.613018035888672
2206396526.0,0.5229573845863342,2.3911094665527344,10.438887596130373,6.1334075927734375,-2.51366662979126,21.35551643371582
2206404859.0,0.3187755942344665,2.592591524124145,10.055541038513184,5.736668586730957,-2.245613574981689,20.83857154846192
2206413192.0,0.5700217485427856,2.677729845046997,9.801270484924316,5.599606513977051,-0.168887510895729,21.06781959533692
2206421525.0,0.4444480836391449,2.5480659008026123,10.42639446258545,5.362035274505615,1.092089056968689,21.09028434753418
2206429858.0,0.4715210497379303,2.771736621856689,10.469494819641112,4.748881340026856,1.4412368535995483,20.898099899291992
2206438191.0,-0.0294386036694049,2.613959789276123,10.155847549438477,4.999003887176514,1.5568081140518188,20.69984436035156
2206446524.0,0.6075685024261475,2.233872413635254,10.51156234741211,4.915860652923584,1.3888044357299805,20.81426429748535
2206454857.0,0.1190215870738029,2.90806245803833,10.128782272338867,4.786431312561035,0.55260169506073,20.504919052124023
2206463190.0,0.4358819723129272,3.548512935638428,10.559263229370115,4.552700996398926,0.1362165510654449,20.15799903869629
2206471523.0,0.421172171831131,3.361377716064453,10.410972595214844,3.872515439987183,0.2862392067909241,20.13853454589844
2206479856.0,0.4722638428211212,3.287050008773804,10.246918678283691,3.2961180210113525,1.0830726623535156,19.813182830810547
2206488189.0,0.162616342306137,3.4386579990386963,10.313411712646484,2.606915235519409,2.756476879119873,20.008026123046875
2206496522.0,-0.175142303109169,3.441779613494873,10.510567665100098,2.304180383682251,4.179476261138916,19.604963302612305
2206504855.0,-0.0090868910774588,3.276913642883301,10.357206344604492,2.2201147079467773,4.663559913635254,19.583086013793945
2206513188.0,0.1921637654304504,2.8525331020355225,10.982165336608888,2.102494239807129,3.9206442832946777,19.61902618408203
2206521521.0,0.2538357377052307,2.646282196044922,10.770073890686035,1.3126530647277832,1.8166903257369995,19.41626167297364
2206529854.0,0.3470811545848846,2.564450740814209,9.757976531982422,1.1593263149261477,0.7416860461235046,19.39369773864746
2206538187.0,-0.0421510227024555,2.822432279586792,9.281700134277344,1.824476957321167,1.3595527410507202,19.243263244628903
2206546520.0,-0.1354648470878601,2.812159299850464,10.027371406555176,1.7213284969329834,3.3307995796203613,19.19121551513672
2206554853.0,0.3670729696750641,2.819974899291992,10.132920265197754,1.032920002937317,4.454573154449463,19.341596603393555
2206563186.0,0.0745743811130523,2.788745880126953,10.107186317443848,1.1303821802139282,4.615891933441162,19.447410583496094
2206571519.0,-0.2498521208763122,3.059359550476074,10.297348976135254,0.8184263110160828,4.781103610992432,19.55596351623535
2206579852.0,-0.5507898330688477,2.6391255855560303,10.116175651550291,0.6054182648658752,4.539459228515625,19.65439796447754
2206588185.0,-0.3946607410907745,2.431391954421997,9.697354316711426,0.2946662902832031,3.816240549087525,19.68050193786621
2206596518.0,-0.0606535449624061,2.0115725994110107,10.171846389770508,0.1025082096457481,2.680837869644165,20.00823402404785
2206604851.0,-0.062227725982666,2.156221389770508,9.7730712890625,-0.0835408493876457,1.5138784646987915,19.869504928588867
2206613184.0,-0.213904395699501,2.600329160690308,9.491065979003906,0.1421078294515609,1.8898956775665283,20.226926803588867
2206621517.0,-0.5240986347198486,2.715646743774414,9.684435844421388,0.4355701804161072,2.771025419235229,20.135459899902344
2206629850.0,0.0103871915489435,2.2824673652648926,9.687314987182615,-0.0577473081648349,3.262460470199585,20.12459754943848
2206638183.0,-0.331568032503128,1.998055338859558,9.58936595916748,-0.4545631408691406,3.971514225006104,20.36278533935547
2206646516.0,-0.5269159078598022,2.034703016281128,9.551466941833496,-0.6982314586639404,4.2913079261779785,20.61723899841309
2206654849.0,-0.8115652203559875,2.719369649887085,9.231330871582031,0.2637242674827575,3.455361843109131,20.559221267700195
2206663182.0,-0.6878300309181213,2.31994891166687,10.359930992126465,0.5538824200630188,2.4683423042297363,20.521209716796875
2206671515.0,-0.4054318964481354,1.6461246013641355,10.005328178405762,-0.7155979871749878,0.8842548727989197,20.45361328125
2206679848.0,0.3536483645439148,1.2735440731048584,9.741251945495604,-1.2952226400375366,-0.3484689891338348,20.68101692199707
2206688181.0,-0.0536377727985382,1.988077640533448,9.16830062866211,-0.5219286680221558,-0.935982882976532,20.823945999145508
2206696514.0,-0.5750120282173157,2.0000271797180176,9.327848434448242,0.7348982691764832,0.0820680409669876,20.24334716796875
2206704847.0,-0.1480819582939148,2.176968812942505,9.083832740783691,1.0947015285491943,2.5476438999176025,20.29331970214844
2206713180.0,-0.1013524755835533,1.713940978050232,9.614853858947754,0.91335266828537,3.482691764831543,20.485502243041992
2206721513.0,-0.3017091453075409,1.6510355472564695,9.87193775177002,-0.2445263564586639,3.0085461139678955,20.475128173828125
2206729846.0,-0.9428989887237548,2.20799207687378,9.19205093383789,-0.101240299642086,2.4760007858276367,20.244140625
2206738179.0,-0.3759901225566864,1.9574073553085327,9.913697242736816,0.9991348385810852,1.3818116188049316,19.98274803161621
2206746512.0,0.1025136187672615,1.868050575256348,10.43065071105957,0.6605657339096069,-0.8329880833625793,19.93108558654785
2206754845.0,0.0376873537898063,1.7428480386734009,10.202678680419922,-0.0384341739118099,-2.1809115409851074,19.63936233520508
2206763178.0,-0.2899684309959411,2.0528903007507324,8.981512069702148,-0.5638335347175598,-1.4773144721984863,19.455121994018555
2206771511.0,0.2130021601915359,1.9665473699569704,8.889314651489258,0.3201267719268799,0.4379779398441314,19.36825942993164
2206779844.0,-0.1703591793775558,1.7729424238204956,9.670014381408691,0.5498097538948059,1.8591587543487549,19.19695281982422
2206788177.0,-0.178848311305046,1.7615931034088137,10.20993709564209,-0.5001308917999268,2.8899524211883545,19.04485321044922
2206796510.0,-0.2357645481824875,1.8105491399765008,9.091719627380373,-0.330820769071579,2.651509523391724,18.99109268188477
2206804843.0,0.0600131750106811,1.4957809448242188,9.876009941101074,0.4327014088630676,1.0031818151474,18.853286743164062
2206813176.0,-0.4336626529693603,1.1905111074447632,10.0230073928833,-0.0127943139523267,-0.9003533124923706,18.46602249145508
2206821509.0,-0.215021327137947,1.467987060546875,9.77609634399414,-0.4726210832595825,-1.1436885595321655,18.23513603210449
2206829842.0,0.4233334362506866,1.8435237407684328,9.439570426940918,0.1922092586755752,-1.1007847785949707,18.41364288330078
2206838175.0,0.523871898651123,1.7510042190551758,10.0508451461792,0.9539512991905212,-1.1827504634857178,18.127891540527344
2206846508.0,0.055512897670269,1.8066198825836184,9.72111988067627,0.2766081690788269,-0.4923697710037231,17.860502243041992
2206854841.0,-0.0629085451364517,1.7143810987472534,9.304176330566406,-0.0764457061886787,1.813488483428955,17.762529373168945
2206863174.0,0.0693175718188285,1.3635281324386597,9.432966232299805,-0.093914620578289,2.925556182861328,17.64521598815918
2206871507.0,0.0598418042063713,1.4534540176391602,9.870417594909668,0.4882330894470215,2.522618293762207,17.682100296020508
2206879840.0,-0.0593444630503654,1.0442256927490234,10.402748107910156,0.5420228838920593,1.2232848405838013,17.652027130126953
2206888173.0,-0.3225109279155731,1.5761905908584597,9.827970504760742,0.5457627177238464,0.1454376727342605,17.25016975402832
2206896506.0,0.3579783141613006,1.4819412231445312,10.051196098327637,1.300281286239624,-0.4337643086910248,16.94092559814453
2206904839.0,0.4144342243671417,1.3129515647888184,10.1228609085083,1.0322026014328003,-1.2430461645126345,16.854400634765625
2206913172.0,0.0892673581838607,1.1656146049499512,9.838253021240234,0.6136659383773804,-0.2247008979320526,16.789749145507812
2206921505.0,-0.0527258925139904,1.687394142150879,9.182969093322754,0.9991602897644044,2.154310941696167,16.961774826049805
2206929838.0,0.0933866798877716,1.503095626831055,10.089516639709473,2.18814754486084,2.951246976852417,16.63739585876465
2206938171.0,0.0356177948415279,1.3049579858779907,10.504243850708008,1.8089542388916016,2.705350160598755,16.472694396972656
2206946504.0,0.0049736481159925,1.4395925998687744,10.175755500793455,1.337396502494812,1.9800068140029907,16.50446128845215
2206954837.0,-0.0122914733365178,1.7907335758209229,9.86765480041504,1.6657967567443848,0.9072052836418152,16.243860244750977
2206963170.0,0.0191300753504037,1.3792829513549805,10.163721084594728,1.5572947263717651,0.3202292621135711,16.243783950805664
2206971503.0,0.3800126314163208,0.4612561464309692,10.038678169250488,1.0841994285583496,-0.0114623727276921,16.05910301208496
2206979836.0,0.1987386345863342,0.7404111623764038,9.28894329071045,1.4806312322616575,0.3755559921264648,16.15871810913086
2206988169.0,0.0755588710308075,1.3300329446792605,9.328848838806152,2.7698981761932373,1.3348604440689087,16.084104537963867
2206996502.0,-0.2868001163005829,2.0494544506073,9.733671188354492,3.900382518768311,2.588139772415161,15.683367729187012
2207004835.0,-0.1043593734502792,1.5991390943527222,10.48831558227539,3.0516037940979004,3.422779560089112,15.666078567504885
2207013168.0,0.0157265868037939,1.415597677230835,10.25964069366455,1.5862897634506226,3.073606491088867,15.844405174255373
2207021501.0,0.2032463550567627,1.1951258182525637,10.5546293258667,1.1599408388137815,1.6114686727523804,15.937768936157228
2207029834.0,-0.0881230235099792,1.525369644165039,9.918635368347168,2.0130491256713867,0.2515318691730499,15.74625301361084
2207038167.0,0.3676849901676178,1.7293989658355713,10.133312225341797,3.224192380905152,-0.3577156662940979,15.434884071350098
2207046500.0,0.631271243095398,1.6083499193191528,10.168882369995115,3.1227598190307617,-0.2191426306962967,15.503146171569824
2207054833.0,0.2754476368427276,1.4369529485702517,10.043774604797363,2.0402514934539795,0.7240891456604004,15.487344741821287
2207063166.0,0.0527164675295352,1.7861251831054688,9.430964469909668,1.1625534296035769,3.348702907562256,15.579375267028809
2207071499.0,-0.3919258713722229,1.7617170810699463,9.312156677246094,1.6792181730270386,5.486262321472168,15.708699226379396
2207079832.0,-0.3720212280750274,1.7567214965820312,10.08603858947754,2.556173324584961,5.617536544799805,15.33714199066162
2207088165.0,-0.1630470007658004,0.7136566638946533,11.232680320739746,2.107590913772583,3.81383204460144,15.55629539489746
2207096498.0,-0.3967682421207428,0.995676815509796,10.131701469421388,1.2137820720672607,0.9407085180282592,15.341751098632812
2207104831.0,0.2920345664024353,1.5266916751861572,9.58609104156494,2.4171135425567627,-0.9320381283760072,15.215856552124023
2207113164.0,0.1466026306152343,1.5553208589553833,9.629056930541992,3.4974703788757324,-1.5929111242294312,15.042192459106444
2207121497.0,0.2980110645294189,0.879953920841217,9.91176986694336,2.746281862258911,-0.8719983696937561,14.86957836151123
2207129830.0,-0.1531369686126709,1.0478748083114624,8.675106048583984,1.9989863634109497,2.2734174728393555,15.130765914916992
2207138163.0,0.1125775203108787,1.265242099761963,9.168024063110352,2.857626914978028,4.613918304443359,15.311294555664062
2207146496.0,-0.3390951156616211,1.6146252155303955,9.779614448547363,4.276066780090332,5.140086650848389,15.043346405029297
2207154829.0,-0.1715435981750488,1.4612758159637451,10.530000686645508,4.546220302581787,4.1852126121521,15.03532600402832
2207163162.0,-0.1557048559188842,1.2684351205825806,10.510377883911133,3.722415208816528,1.7328546047210691,14.910381317138672
2207171495.0,-0.4172782003879547,1.8597557544708248,10.0750093460083,3.319631099700928,0.0938761904835701,14.767455101013184
2207179828.0,-0.0073211817070841,1.8126729726791384,9.895549774169922,3.405900001525879,-0.5576092600822449,14.897113800048828
2207188161.0,0.1960684061050415,1.960142016410828,9.701573371887209,3.823155641555786,-0.601230263710022,14.727983474731444
2207196494.0,0.2781296074390411,1.857080340385437,9.880622863769531,3.8074800968170166,0.3164639174938202,14.708208084106444
2207204827.0,-0.1702693998813629,2.025526523590088,9.485150337219238,3.292710542678833,2.1738803386688232,14.982614517211914
2207213160.0,-0.1248419359326362,1.8155525922775269,9.503860473632812,3.1452748775482178,3.438430070877075,14.885483741760254
2207221493.0,-0.2793094515800476,2.112926721572876,9.46381378173828,3.373088121414185,3.8984103202819824,14.951953887939451
2207229826.0,-0.1400726735591888,1.8038785457611084,10.1869478225708,3.620418548583984,2.7606000900268555,14.789764404296877
2207238159.0,-0.2555865049362182,2.280914783477783,10.488173484802246,3.156800985336304,1.106483817100525,14.784794807434082
2207246492.0,-0.3392632603645324,2.251044273376465,10.172101020812988,2.6042511463165283,-0.0799036175012588,14.899598121643066
2207254825.0,-0.1288364678621292,2.355537414550781,9.504290580749512,2.7020978927612305,-0.2595875263214111,14.706903457641602
2207263158.0,0.0824184939265251,1.8597487211227417,9.824336051940918,2.524513959884644,-0.1898143291473388,14.972855567932127
2207271491.0,-0.2447352260351181,1.7338881492614746,9.59092903137207,2.2307443618774414,0.7623823285102844,14.722350120544434
2207279824.0,0.0468524619936943,1.7172998189926147,9.4657621383667,2.2823312282562256,1.593410611152649,14.882845878601074
2207288157.0,-0.1895418763160705,2.083033323287964,9.665640830993652,3.460790634155273,2.4046390056610107,15.019883155822754
2207296490.0,-0.3944785594940185,1.8120300769805908,10.146602630615234,3.236179828643799,2.125699996948242,14.83597183227539
2207304823.0,-0.1090248525142669,1.747557282447815,9.871338844299316,2.91031551361084,1.845275521278381,14.976902961730955
2207313156.0,0.3158307373523712,1.784856915473938,10.021681785583496,2.964950561523437,0.1046085581183433,14.916964530944824
2207321489.0,-0.3170422911643982,1.9389774799346924,10.13100814819336,3.009673357009888,-0.8340380191802979,14.838071823120115
2207329822.0,-0.0501159988343715,2.0161945819854736,9.632472038269045,2.689059972763061,-0.2256999015808105,14.684209823608398
2207338155.0,0.0224949028342962,2.1153059005737305,8.997198104858398,3.1993978023529053,0.928208827972412,15.02052402496338
2207346488.0,0.2925892770290375,1.3938064575195312,10.161983489990234,3.1753973960876465,1.3563507795333862,15.088630676269531
2207354821.0,-0.1576780676841735,1.803185224533081,9.747488975524902,2.2901437282562256,1.4337314367294312,14.912508010864258
2207363154.0,0.2563835978507995,1.7227764129638672,9.927130699157717,2.949761390686035,1.6973788738250732,15.052617073059082
2207371487.0,0.2317170649766922,2.304466962814331,9.48344612121582,3.809016942977905,1.0218545198440552,15.05779266357422
2207379820.0,-0.0092499740421772,1.7006675004959106,10.186711311340332,3.991543769836426,0.7135358452796936,15.007866859436035
2207388153.0,-0.1817034631967544,1.5244207382202148,9.50147819519043,2.390244245529175,1.2390376329421997,15.013631820678713
2207396486.0,0.258583664894104,2.032008409500122,9.010293960571287,2.8186678886413574,1.805726766586304,15.315035820007324
2207404819.0,0.246679425239563,2.237055778503418,10.107908248901367,3.882427215576172,1.4342180490493774,15.183326721191406
2207413152.0,-0.2866646945476532,2.140519857406616,10.205055236816406,3.125859260559082,0.9076918363571168,15.012248992919922
2207421485.0,-0.045218326151371,2.1006674766540527,9.458200454711914,2.8768889904022217,1.575839281082153,15.11227321624756
2207429818.0,-0.4696442484855652,2.125460863113404,10.02610969543457,2.7161338329315186,2.5409579277038574,15.426764488220217
2207438151.0,-0.5853757262229919,2.664501905441284,9.893953323364258,2.145679235458374,2.4733364582061768,14.808873176574709
2207446484.0,0.6221163868904114,2.678865671157837,10.229496002197266,2.666621685028076,1.5348308086395264,14.878517150878906
2207454817.0,-0.0914784669876098,2.196939468383789,10.497539520263672,1.8192514181137085,-0.5000540018081665,15.021010398864746
2207463150.0,-0.4597776234149933,2.257079839706421,9.792901039123535,0.5778316259384155,-0.0560823716223239,14.709717750549316
2207471483.0,-0.1680841445922851,2.1663615703582764,8.902437210083008,1.0473918914794922,1.5674121379852295,14.911534309387209
2207479816.0,-0.0362251140177249,2.258082628250122,9.860635757446287,1.796634078025818,2.0248827934265137,14.703112602233888
2207488149.0,-0.4071557521820068,2.20301365852356,10.313138008117676,1.3632668256759644,2.3804595470428467,14.75298309326172
2207496482.0,-0.5100594162940979,2.008350610733032,10.12017059326172,0.645376443862915,2.2395553588867188,14.746938705444336
2207504815.0,-0.4841452538967132,2.166884183883667,9.718466758728027,0.7056465744972229,1.6573947668075562,14.640458106994627
2207513148.0,-0.1635120958089828,2.1330387592315674,9.805511474609377,0.9992371797561646,0.7657121419906616,14.829826354980469
2207521481.0,-0.015600387006998,1.6828774213790894,10.054011344909668,0.9021846652030944,-0.8909271955490112,14.491971015930176
2207529814.0,-0.2160960733890533,1.8536285161972048,9.785852432250977,0.5062141418457031,-1.4326683282852173,14.420892715454102
2207538147.0,-0.0920583084225654,1.875110983848572,9.662881851196287,0.3228418529033661,-0.1260348707437515,14.553933143615724
2207546480.0,-0.0409656837582588,2.2206876277923584,9.85774040222168,0.771449625492096,1.0647839307785034,14.50795555114746
2207554813.0,-0.3020411729812622,2.237144470214844,9.670486450195312,0.8416838645935059,1.5964328050613403,14.489179611206056
2207563146.0,-0.1606416851282119,2.099705457687378,9.74456024169922,1.0294106006622314,1.9765993356704712,14.420456886291504
2207571479.0,-0.166573092341423,1.6018877029418943,10.219131469726562,0.2937953174114227,1.21111798286438,14.259804725646973
2207579812.0,-0.0680441409349441,1.7371244430541992,9.908143043518066,0.0885228142142295,-0.1588979363441467,14.263161659240724
2207588145.0,-0.1648967713117599,1.835872292518616,9.596206665039062,0.890427827835083,-0.6550970077514648,14.17210292816162
2207596478.0,0.0909415036439895,1.9412777423858645,9.904583930969238,1.2316861152648926,-0.8521215915679932,14.205527305603027
2207604811.0,-0.1147374287247657,1.723760008811951,9.615198135375977,1.0319721698760986,-0.2771589159965515,14.063064575195312
2207613144.0,0.043191522359848,1.852128505706787,9.742105484008787,0.6847966909408569,0.6518055200576782,14.105992317199709
2207621477.0,-0.109057679772377,1.382487177848816,10.239194869995115,0.1909029185771942,1.1811237335205078,14.114240646362305
2207629810.0,-0.361594408750534,1.9693140983581543,9.699252128601074,0.414873868227005,1.943864583969116,14.080890655517578
2207638143.0,0.5112372040748596,1.2500219345092771,10.579885482788086,0.9522606134414672,1.3956429958343506,14.360595703125
2207646476.0,0.181512251496315,1.4566184282302856,10.068693161010742,1.1477998495101929,-0.563628613948822,14.053407669067385
2207654809.0,0.4109765291213989,1.289711356163025,10.002127647399902,1.1473642587661743,-1.029116153717041,14.04244327545166
2207663142.0,-0.0929493382573127,1.565129637718201,9.316370010375977,1.2136540412902832,-0.4301015436649322,13.93514633178711
2207671475.0,-0.2298290729522705,1.6830451488494873,9.51439380645752,1.3368072509765625,1.3685176372528076,13.615914344787598
2207679808.0,0.2766772806644439,2.1529107093811035,9.948759078979492,1.509985089302063,3.2665584087371826,13.688326835632324
2207688141.0,0.3047378659248352,1.9408996105194087,10.552616119384766,1.377021551132202,2.322366237640381,13.580977439880373
2207696474.0,-0.1550018638372421,1.886404156684876,10.620722770690918,0.930744767189026,1.571280002593994,13.452445030212402
2207704807.0,-0.4754918813705444,1.306577444076538,9.91735553741455,-0.0204529669135808,1.8222479820251465,13.467095375061035
2207713140.0,0.2916738390922546,1.3380502462387085,9.746109008789062,0.559927225112915,1.3501776456832886,13.431158065795898
2207721473.0,0.448641836643219,1.5792101621627808,9.77482795715332,1.2603741884231567,0.022438071668148,13.486997604370115
2207729806.0,0.0211818385869264,2.009462118148804,9.781623840332031,1.652989149093628,-0.0626652315258979,13.2347993850708
2207738139.0,-0.1516449600458145,1.804858684539795,9.636795043945312,0.8458078503608704,1.090449333190918,13.127066612243652
2207746472.0,-0.3004063367843628,1.8305171728134155,9.16703987121582,0.2411068230867386,2.8041954040527344,13.123711585998535
2207754805.0,-0.056461114436388,1.0275803804397583,9.88886547088623,0.0411108508706092,3.661811351776123,13.239717483520508
2207763138.0,-0.2414145022630691,1.212764859199524,9.982049942016602,0.0660591125488281,2.8996341228485107,13.042410850524902
2207771471.0,-0.063384510576725,1.2756084203720093,9.875802040100098,1.2199037075042725,1.271695613861084,12.778379440307615
2207779804.0,-0.2462333440780639,1.2101619243621826,10.309783935546877,1.8418943881988523,0.2924889922142029,12.698720932006836
2207788137.0,0.002947328146547,0.873946487903595,10.211811065673828,1.1332764625549316,-0.3944721221923828,12.656251907348633
2207796470.0,0.5260720252990723,1.1867694854736328,8.9818115234375,1.32146418094635,-0.1084890961647033,12.64221477508545
2207804803.0,0.4311513006687164,0.9839684367179872,9.404010772705078,2.3479034900665283,0.1138808950781822,12.672797203063965
2207813136.0,-0.2202478647232055,1.012144923210144,9.545903205871582,2.1232664585113525,1.8951976299285889,12.626615524291992
2207821469.0,-0.2426962405443191,0.7945482730865479,9.370567321777344,2.143399477005005,3.879148244857788,12.639090538024902
2207829802.0,0.2985385656356811,1.2381354570388794,9.286697387695312,2.91628360748291,4.066209316253662,12.650001525878906
2207838135.0,-0.1438778340816497,0.9870301485061646,10.107063293457031,3.471522569656372,2.6382150650024414,12.738472938537598
2207846468.0,-0.5956140756607056,0.6060141324996948,10.095200538635254,2.5868587493896484,1.63621187210083,12.624719619750977
2207854801.0,-0.3345796763896942,1.20308518409729,9.269573211669922,2.763110876083374,1.077155590057373,12.67710304260254
2207863134.0,0.2803339660167694,1.6146959066390991,9.912412643432615,3.958782434463501,0.1053513437509536,12.735243797302246
2207871467.0,-0.2020739465951919,1.118882179260254,10.328923225402832,3.350291013717652,-0.7147524952888489,12.560044288635254
2207879800.0,-0.1783061921596527,1.6325318813323977,9.195499420166016,2.1677844524383545,0.6194548010826111,12.558968544006348
2207888133.0,0.4281702935695648,1.5447442531585691,9.089253425598145,2.797715187072754,1.817099690437317,12.99827766418457
2207896466.0,-0.1209334358572959,1.5587592124938965,10.207682609558104,2.776583671569824,1.8752952814102173,12.54026985168457
2207904799.0,-0.3362926840782165,1.4327040910720823,9.982589721679688,2.178900957107544,2.5299696922302246,12.553180694580078
2207913132.0,-0.1330374330282211,1.5315542221069336,9.531041145324709,2.8924365043640137,2.994842290878296,12.64190673828125
2207921465.0,-0.1399865746498108,1.3456639051437378,10.103179931640623,3.619727611541748,1.9092342853546145,12.440861701965332
2207929798.0,0.1567719429731369,1.465422749519348,10.17046356201172,3.283207654953003,0.7013178467750549,12.557329177856444
2207938131.0,-0.381066620349884,1.5696641206741333,9.663236618041992,3.073452472686768,-0.4188824594020843,12.174549102783203
2207946464.0,-0.4856072664260864,2.408547878265381,9.324270248413086,3.0919454097747803,0.8188359141349792,11.915766716003418
2207954797.0,0.3445953130722046,1.5824625492095947,10.027799606323242,2.7447452545166016,1.613031268119812,12.072835922241213
2207963130.0,0.6042340397834778,1.1210697889328003,10.218679428100586,2.066915273666382,0.4552418291568756,11.847711563110352
2207971463.0,-0.3191553056240082,0.9961010217666626,9.489303588867188,2.33097243309021,1.1781779527664185,12.096040725708008
2207979796.0,-0.1950788795948028,1.33240807056427,9.348688125610352,3.3776731491088867,3.1282413005828857,12.188382148742676
2207988129.0,-0.4081842601299286,1.6949225664138794,9.875075340270996,5.02938175201416,3.062002897262573,11.498000144958496
2207996462.0,-0.0238834712654352,1.41460120677948,10.749577522277832,4.329010486602783,2.2803070545196533,11.382299423217772
2208004795.0,-0.1292099207639694,1.510193943977356,10.213937759399414,2.776583671569824,1.1669846773147583,11.47023582458496
2208013128.0,-0.1020581945776939,2.122320413589477,9.499907493591309,3.0449180603027344,0.1810926795005798,10.980517387390137
2208021461.0,-0.1950099766254425,2.047349452972412,9.666772842407228,3.650797128677368,0.4994007647037506,11.097803115844728
2208029794.0,-0.2390623390674591,2.111762523651123,10.563424110412598,3.401237726211548,0.8525698781013489,10.732544898986816
2208038127.0,0.3164981603622436,2.241901636123657,10.32790184020996,2.244088888168335,1.5672327280044556,10.74020290374756
2208046460.0,0.5353829264640808,2.172396659851074,10.20448112487793,2.2356104850769043,1.372974157333374,11.042705535888672
2208054793.0,-0.1477452963590622,2.261126041412353,10.172574996948242,2.363989353179932,1.1514368057250977,10.684927940368652
2208063126.0,-0.5663836002349854,2.0140268802642822,9.834157943725586,1.8333133459091189,2.88651967048645,10.713897705078123
2208071459.0,-0.34190434217453,2.155999660491944,9.658534049987791,1.7386685609817505,3.652333974838257,10.611644744873049
2208079792.0,-0.1457905024290084,2.1488680839538574,10.731382369995115,1.903855323791504,2.417241334915161,10.320130348205566
2208088125.0,-0.4424602687358856,1.6566274166107178,10.246452331542969,0.8134825825691223,0.9761843085289,10.217647552490234
2208096458.0,-0.230939120054245,1.5902923345565796,9.367481231689451,0.8358694911003113,0.1894941478967666,10.157197952270508
2208104791.0,-0.4770892560482025,1.020427107810974,9.36826229095459,1.3587839603424072,0.4062930047512054,10.17640781402588
2208113124.0,-0.3331585228443146,1.0912587642669678,9.676374435424805,1.3856791257858276,0.8002656102180481,10.29274845123291
2208121457.0,-0.3733653426170349,1.119154930114746,9.61111068725586,1.5462805032730105,1.2108875513076782,10.213268280029297
2208129790.0,0.2657904922962188,1.8739084005355835,10.260676383972168,2.192783832550049,1.0071262121200562,10.485727310180664
2208138123.0,-0.3843119144439697,2.211615562438965,10.406822204589844,2.270087480545044,0.1734852343797683,10.15338134765625
2208146456.0,-0.0072991638444364,1.9978662729263303,10.484657287597656,1.3811451196670532,0.2699484229087829,9.914374351501465
2208154789.0,0.0818953216075897,1.5918759107589722,9.916139602661133,0.573067307472229,0.6021651029586792,10.133377075195312
2208163122.0,0.0595706030726432,1.89979350566864,9.805259704589844,1.006485939025879,0.8859453201293945,10.435830116271973
2208171455.0,-0.197195902466774,1.6561851501464844,10.420367240905762,0.9055657982826232,1.4211291074752808,10.419641494750977
2208179788.0,0.0143310585990548,2.222543478012085,10.124882698059082,0.7908139824867249,1.4456931352615356,10.29930591583252
2208188121.0,0.2523657083511352,1.610809564590454,10.158860206604004,0.8421704769134521,1.002259373664856,10.346922874450684
2208196454.0,0.7373141646385193,1.3477201461791992,10.196944236755373,-0.1065680459141731,0.3529129922389984,10.603858947753906
2208204787.0,-0.6387925148010254,1.0593786239624023,9.30250358581543,-0.4684460163116455,0.4238900542259216,10.408576011657717
2208213120.0,-0.2252529859542846,0.9369822144508362,9.281047821044922,-0.3002116978168487,2.7204625606536865,10.352275848388672
2208221453.0,0.0347365252673625,1.0300711393356323,9.443353652954102,1.0096362829208374,3.3081297874450684,10.67547607421875
2208229786.0,0.161458820104599,0.8941161632537842,10.64995574951172,1.788385987281799,1.4564255475997925,10.424687385559082
2208238119.0,-0.4819240272045135,0.965183436870575,9.682050704956056,1.141549825668335,0.8463456034660339,10.516693115234377
2208246452.0,-0.0832923501729965,0.9296916723251344,9.057857513427734,1.603041410446167,0.9975721836090088,10.590950012207031
2208254785.0,-0.4956966340541839,1.4781601428985596,9.364279747009276,2.31521987915039,1.11094069480896,10.463236808776855
2208263118.0,-0.0866822600364685,1.642646312713623,10.23880672454834,1.990764141082764,1.5031203031539917,10.368925094604492
2208271451.0,-0.0024739520158618,1.6308414936065674,9.63272476196289,1.5960999727249146,0.6663543581962585,9.940987586975098
2208279784.0,0.0843021795153617,1.634310603141785,9.64754867553711,1.6975325345993042,0.6060072779655457,10.18132781982422
2208288117.0,0.1044793501496315,1.1728284358978271,9.595168113708496,1.2319936752319336,1.0198822021484375,10.370898246765137
2208296450.0,-0.6998416781425476,0.7117113471031189,9.559216499328612,1.0816636085510254,1.6474053859710691,10.229557991027832
2208304783.0,-0.513591468334198,1.019195556640625,8.998895645141602,1.4629058837890625,2.95473051071167,10.102459907531738
2208313116.0,-0.0014856527559459,0.9185975790023804,10.167891502380373,2.9076004028320312,2.4032559394836426,10.011069297790527
2208321449.0,-0.1022655293345451,1.2091783285140991,10.952508926391602,2.5486931800842285,0.3780917823314667,9.601112365722656
2208329782.0,-0.0785406157374382,1.5279357433319092,9.719366073608398,2.322340250015259,-0.5521532893180847,9.65474796295166
2208338115.0,-0.4826332926750183,1.686842679977417,9.286580085754396,2.864696502685547,0.0505368895828723,9.506083488464355
2208346448.0,-0.478864312171936,1.8183804750442505,9.67324161529541,2.219678401947021,1.3247169256210327,9.386796951293944
2208354781.0,-0.3535683155059814,1.334951639175415,9.334145545959473,1.5209734439849854,2.499309062957764,9.457647323608398
2208363114.0,-0.163428246974945,1.678449034690857,9.84666919708252,1.832980155944824,1.7676126956939695,9.488690376281738
2208371447.0,-0.9652050137519836,1.391121745109558,10.22658634185791,1.6412067413330078,1.3138054609298706,9.178375244140623
2208379780.0,-0.2387406080961227,1.3025087118148804,10.086505889892578,1.1045116186141968,1.0678319931030271,9.205987930297852
2208388113.0,-0.1424842774868011,1.330229878425598,9.729829788208008,1.5293748378753662,-0.3923973143100738,9.236519813537598
2208396446.0,-0.2351256757974624,1.303971290588379,9.910740852355955,1.5634419918060305,-1.2270371913909912,9.162930488586426
2208404779.0,-0.7841068506240845,1.2234376668930054,9.626964569091797,1.1372721195220947,-0.0220922771841287,8.916930198669434
2208413112.0,-0.3798852264881134,1.2170188426971436,9.510889053344728,1.395053744316101,1.5343950986862185,8.77518081665039
2208421445.0,-0.3751673400402069,1.337517261505127,9.466078758239746,1.923449993133545,1.8194819688797,8.943416595458984
2208429778.0,-0.5322713255882263,1.3230900764465332,10.533609390258787,2.0246005058288574,1.008893609046936,8.733250617980957
2208438111.0,-0.3679542243480682,1.2208824157714844,10.064085960388184,1.423946499824524,-0.0469893142580986,8.532793045043945
2208446444.0,0.0134453140199184,1.0508946180343628,10.015535354614258,1.3893674612045288,-0.8225371837615967,8.816267013549805
2208454777.0,-0.1043158397078514,0.8411653637886047,10.288447380065918,1.1279996633529663,-1.411894917488098,8.643600463867188
2208463110.0,-0.5277053117752075,1.2148503065109253,9.308393478393556,1.263908863067627,-0.959650218486786,8.480514526367188
2208471443.0,-0.5679876208305359,1.5936341285705566,9.214733123779297,2.744565486907959,0.9391459822654724,8.538864135742188
2208479776.0,0.0639742985367775,1.2276469469070437,10.17485809326172,2.7575008869171143,1.6222009658813477,8.866701126098633
2208488109.0,-0.2090001702308654,1.3414702415466309,10.084053993225098,1.8747828006744385,0.3835476040840149,8.50712776184082
2208496442.0,-0.371839702129364,0.6633788347244263,10.007790565490724,0.9064622521400452,-0.4142462313175201,8.582869529724121
2208504775.0,-0.3086833953857422,0.945085883140564,9.39527416229248,0.9791297316551208,-0.1347436755895614,8.825844764709473
2208513108.0,0.2373190969228744,0.9606362581253052,10.097288131713867,2.341295003890991,-1.1684573888778689,8.562223434448242
2208521441.0,0.3950115740299225,1.1828829050064087,10.652196884155272,2.724867820739746,-1.7468525171279907,8.505924224853516
2208529774.0,-0.4372373819351196,1.629793405532837,9.966592788696287,2.16611909866333,-0.5575066804885864,8.506436347961426
2208538107.0,-0.1213080808520317,2.079634428024292,9.596726417541504,2.0955007076263428,1.8826206922531128,8.480079650878906
2208546440.0,0.5705847144126892,1.498978853225708,10.327282905578612,1.914279818534851,2.1332814693450928,8.359025955200195
2208554773.0,0.102996252477169,0.2401253283023834,10.570342063903809,0.7702712416648865,0.7183511853218079,8.135004043579102
2208563106.0,-0.2101528644561767,0.0651795715093612,9.01036262512207,0.4124660193920135,1.0353786945343018,8.530257225036621
2208571439.0,-0.1565645337104797,1.0852243900299072,8.789122581481934,3.0702250003814697,1.6823432445526123,8.601876258850098
2208579772.0,-0.8207711577415466,1.595778465270996,10.123634338378906,4.770011901855469,1.4679776430130005,8.114745140075684
2208588105.0,0.1316580921411514,2.160820245742798,10.695942878723145,3.475903272628784,1.3301472663879397,7.761574268341064
2208596438.0,0.2485602647066116,2.057616949081421,10.262542724609377,1.9044955968856807,0.2017377316951751,7.773972034454346
2208604771.0,-0.1026882082223892,2.173753261566162,10.287580490112305,0.5286522507667542,-0.1163526847958564,7.8552470207214355
2208613104.0,-0.7769603133201599,1.8516961336135864,9.674073219299316,-0.1199642866849899,1.447614312171936,8.000044822692871
2208621437.0,-0.314209908246994,1.1833722591400146,9.750142097473145,0.4077785909175873,2.4764866828918457,7.795897006988525
2208629770.0,-0.2307848632335662,1.1393283605575562,10.153385162353516,1.242162585258484,2.083513259887696,7.74479866027832
2208638103.0,0.0083742663264274,0.5912848711013794,10.752144813537598,1.2642419338226318,0.8325139284133911,7.387478828430176
2208646436.0,0.4374370872974396,0.3026700317859649,9.65556812286377,0.7945792078971863,-0.7537373900413513,7.388247489929199
2208654769.0,0.0988468527793884,0.717690110206604,9.084619522094728,1.749682903289795,-0.6753833889961243,7.464066028594971
2208663102.0,-1.050652265548706,0.7855747938156128,9.020524978637695,2.4101715087890625,1.197388768196106,7.055390357971191
2208671435.0,-0.4119966924190521,1.559041976928711,8.998908996582031,2.9343154430389404,3.924305677413941,6.862206935882568
2208679768.0,-0.0850827768445015,0.7726069688796997,10.342941284179688,3.118840456008911,4.081986904144287,7.025139808654785
2208688101.0,0.0303444880992174,1.1353955268859863,10.988737106323242,1.6686137914657593,2.052929878234864,6.977113246917725
2208696434.0,-0.1481708735227584,1.469088077545166,10.128226280212402,1.397102952003479,0.3275804817676544,7.055569648742676
2208704767.0,-0.8575684428215027,1.3935377597808838,8.943116188049316,2.6104230880737305,-0.2718822956085205,6.698301315307617
2208713100.0,-0.5113473534584045,1.0970964431762695,9.2429838180542,2.7822184562683105,0.5908179879188538,6.548177719116211
2208721433.0,0.2741700112819671,0.6433730125427246,10.001143455505373,1.761413812637329,1.1098392009735107,6.716564178466797
2208729766.0,0.0313039869070053,0.6190537214279175,9.338191986083984,1.1716976165771484,0.1799912303686142,6.6595988273620605
2208738099.0,-0.3569859862327575,1.603564977645874,9.164468765258787,2.21155858039856,0.93868488073349,6.444592475891113
2208746432.0,-0.5785267949104309,1.10783052444458,10.146056175231934,2.2898871898651123,2.476999044418335,6.478224754333496
2208754765.0,-0.0355593301355838,0.8103207945823669,10.093932151794434,1.546741247177124,2.6268680095672607,6.472410202026367
2208763098.0,-0.6349732875823975,0.1647055596113205,10.224008560180664,1.219416856765747,2.345136880874634,6.6070637702941895
2208771431.0,-0.456979364156723,0.8707306981086731,10.293376922607422,1.2645492553710938,1.842022180557251,6.249053478240967
2208779764.0,0.4351300597190857,1.626024603843689,9.909704208374023,2.726507663726806,0.427014946937561,6.2798171043396
2208788097.0,0.31280517578125,0.9770463109016418,10.198005676269531,3.244786024093628,-1.471806883811951,6.431145668029785
2208796430.0,-0.2843820750713348,0.8993028998374939,9.804823875427246,1.5408498048782349,-0.8541450500488281,6.184812545776367
2208804763.0,0.181368738412857,0.7865268588066101,8.876091003417969,0.2419264167547226,1.5568586587905884,6.194699287414551
2208813096.0,-0.1478111147880554,0.9305975437164308,9.067824363708496,1.0650911331176758,3.814318418502808,6.103130340576172
2208821429.0,-0.7741818428039551,1.0527435541152954,9.866462707519531,1.931928038597107,5.330450534820557,6.020267009735107
2208829762.0,-0.8686974048614502,1.1017414331436155,10.650511741638184,2.1697306632995605,5.734770774841309,5.791481018066406
2208838095.0,-0.1549941003322601,0.668674647808075,10.942791938781738,1.4873417615890503,3.608354330062866,5.958178520202637
2208846428.0,-0.4510645568370819,1.1880823373794556,10.019296646118164,1.4318870306015017,0.6439675092697144,6.009613037109375
2208854761.0,-0.3232575953006744,0.0791342258453369,10.26659107208252,1.2118351459503174,-1.3461943864822388,5.6999616622924805
2208863094.0,-0.3052607774734497,0.6171869039535522,9.016963005065918,1.3436459302902222,-1.2120784521102903,5.666202545166016
2208871427.0,-0.5264689326286316,0.8079663515090942,9.3665132522583,2.414961576461792,0.6629476547241211,5.549145221710205
2208879760.0,-0.3601845800876617,1.61465585231781,9.953946113586426,2.6224112510681152,3.067765951156616,5.23936653137207
2208888093.0,-0.1444183439016342,1.654236078262329,9.855372428894045,2.87302041053772,3.696185111999512,5.050358295440674
2208896426.0,0.0491975620388984,1.00111722946167,10.427068710327148,2.1379942893981934,3.3276731967926025,5.013601779937744
2208904759.0,-1.182274341583252,0.8253251910209656,10.129509925842283,0.4975564479827881,3.087975025177002,5.048079013824463
2208913092.0,-0.8948599696159363,1.076344013214111,9.739537239074709,0.5308550596237183,3.0367727279663086,4.659792900085449
2208921425.0,-0.4912853240966797,0.828587532043457,10.046072006225586,1.5760438442230225,1.985385060310364,4.772213459014893
2208929758.0,-0.3277633488178253,0.9785023331642152,10.326603889465332,2.0741384029388428,0.0638306811451911,4.416714191436768
2208938091.0,-0.4546360969543457,0.3837147355079651,10.015374183654783,1.5071417093276978,-0.421059638261795,4.364614963531494
2208946424.0,-0.6320319175720215,0.002486287150532,9.377704620361328,0.8239330649375916,0.4453290998935699,4.364307403564453
2208954757.0,-0.9314393401145936,0.4709410965442657,8.927544593811035,1.477019190788269,2.30953335762024,4.110162734985352
2208963090.0,-0.6450902819633484,0.7593001127243042,10.139599800109863,2.5421619415283203,3.599005699157715,4.210596084594727
2208971423.0,-0.6094394326210022,0.6259245276451111,10.680920600891112,2.6783010959625244,2.545926570892334,3.702844858169556
2208979756.0,0.3068130910396576,0.9150472283363342,10.188532829284668,2.5019986629486084,0.8272374272346497,3.799436569213867
2208988089.0,-0.7989000082015991,0.6499786972999573,9.909808158874512,2.2900664806365967,-0.5312264561653137,3.862473249435425
2208996422.0,-1.6463191509246826,0.487882912158966,9.389824867248535,1.277458667755127,0.6608983278274536,3.571417808532715
2209004755.0,-0.958219051361084,0.4587139785289764,8.913984298706055,1.7733246088027954,3.0668435096740723,3.9291722774505615
2209013088.0,0.349356085062027,0.1179971769452095,10.664647102355955,2.945841789245605,1.8434818983078003,3.920796394348145
2209021421.0,-0.2769563198089599,1.0607317686080933,10.682979583740234,2.779349565505981,-1.3618450164794922,3.3906846046447754
2209029754.0,-0.7794683575630188,1.2324714660644531,9.69451904296875,2.8688201904296875,-1.592398762702942,3.1525745391845703
2209038087.0,-1.4688761234283447,0.948281466960907,9.267929077148438,2.596156358718872,1.290393948554993,3.3329498767852783
2209046420.0,-0.6564006805419922,1.1282601356506348,10.055264472961426,1.5951778888702393,3.58238172531128,3.196964263916016
2209054753.0,0.335635632276535,1.7943094968795776,10.411419868469238,1.7055491209030151,1.8700692653656008,3.096376180648804
2209063086.0,-0.120719276368618,0.4589135944843292,10.806598663330078,1.8078012466430664,-1.5317951440811155,3.074143409729004
2209071419.0,-1.0347598791122437,-0.5812045335769653,9.226927757263184,0.3763756155967712,-0.9818578362464904,3.3320794105529785
2209079752.0,-0.8381046652793884,-0.3458734154701233,8.49927806854248,1.2711575031280518,1.268929123878479,3.736271858215332
2209088085.0,-0.7732371687889099,0.1578607261180877,9.729476928710938,2.9658212661743164,1.8744498491287231,3.319733142852783
2209096418.0,0.0162540022283792,1.0293850898742676,9.940014839172363,3.946257591247559,0.8511353731155396,3.00252628326416
2209104751.0,0.1026259362697601,0.7176774144172668,10.486048698425291,3.9594743251800537,-0.798613429069519,2.9834694862365723
2209113084.0,-0.7737575769424438,0.3987321555614471,10.45834255218506,1.5081404447555542,-1.0392334461212158,3.115689754486084
2209121417.0,-0.7443779110908508,0.748026430606842,8.58769702911377,0.7009847164154053,0.7659680247306824,3.2644317150115967
2209129750.0,-0.741313636302948,0.6735037565231323,9.140402793884276,2.767285346984864,2.093963861465454,3.1952736377716064
2209138083.0,-0.3628433346748352,1.1634894609451294,10.286513328552246,3.544984817504883,2.1129698753356934,3.1672770977020264
2209146416.0,-0.2051565200090408,0.7914807796478271,10.754776000976562,2.918613910675049,0.2907983958721161,2.9611082077026367
2209154749.0,-0.0478773154318332,0.6224734783172607,10.512972831726074,1.3798645734786987,-1.176449179649353,2.9700729846954346
2209163082.0,-0.6125110983848572,-0.3552206158638,8.893274307250977,0.9000329375267029,-1.2431997060775757,3.330644369125366
2209171415.0,-0.7248404026031494,-0.5176756978034973,8.505417823791504,2.2761576175689697,0.3431026637554168,3.246988296508789
2209179748.0,-0.3372500538825989,-0.736426591873169,8.938464164733887,3.68837308883667,1.732623815536499,3.5354561805725098
2209188081.0,-0.3909211158752441,0.1760011166334152,9.952214241027832,5.121771335601807,1.512725591659546,3.218710422515869
2209196414.0,-0.9508653879165648,1.1690080165863037,10.325495719909668,5.043007850646973,1.2446726560592651,2.886724710464477
2209204747.0,-0.8150134682655334,1.3756214380264282,10.259461402893066,4.515738010406494,1.3568371534347534,2.875863790512085
2209213080.0,-1.087457299232483,0.8413885235786438,10.072070121765137,3.317222833633423,0.988427758216858,2.8716375827789307
2209221413.0,-0.3142955303192138,0.716487467288971,10.187275886535645,2.2222139835357666,0.033836405724287,3.168608903884888
2209229746.0,-0.6312142610549927,1.10486900806427,9.379430770874023,2.871842622756958,-1.7838138341903689,3.0084948539733887
2209238079.0,-0.1889074593782425,0.9404773712158204,9.870814323425291,3.7094531059265137,-2.554904699325561,2.858907461166382
2209246412.0,-0.4340361356735229,0.6639586687088013,9.817988395690918,3.237818717956543,-2.266232490539551,3.03751540184021
2209254745.0,-1.137486696243286,0.721769392490387,9.86040210723877,2.0640718936920166,-0.0369485318660736,2.6070423126220703
2209263078.0,-0.6783298850059509,0.4186706244945526,9.29406452178955,1.901805758476257,2.717107057571411,2.8751468658447266
2209271411.0,0.269409716129303,0.2801613807678222,9.910675048828123,3.870182991027832,1.6872097253799438,3.0338525772094727
2209279744.0,-0.9553273916244508,0.3537156581878662,11.189373970031738,4.438409328460693,-0.3372242450714111,2.8716375827789307
2209288077.0,-1.1885799169540403,0.9128168225288392,10.163910865783691,3.1960670948028564,-0.7682861685752869,2.5261781215667725
2209296410.0,-0.2178618460893631,1.4477452039718628,9.261690139770508,4.059574604034424,-0.9949722290039062,2.422978639602661
2209304743.0,-0.0535789392888546,0.7938419580459595,10.475367546081545,4.08009147644043,-2.6109743118286133,2.682553291320801
2209313076.0,-0.582597017288208,0.5479693412780762,10.064476013183594,2.0906338691711426,-2.190439462661743,2.6118321418762207
2209321409.0,-0.581875205039978,0.9604684710502625,9.0993070602417,2.500154495239258,0.1183890029788017,2.521414279937744
2209329742.0,-0.3703511655330658,1.6951086521148682,9.32014274597168,4.221328258514404,1.1319186687469482,2.5489494800567627
2209338075.0,-0.4587813317775726,1.6101709604263306,10.72288703918457,4.673009872436523,1.0345077514648438,2.565547466278076
2209346408.0,-0.8412730097770691,1.4825608730316162,10.649663925170898,2.6696696281433105,0.5361571907997131,2.301516056060791
2209354741.0,-0.682482898235321,1.206609845161438,10.236244201660156,1.1855037212371826,0.3315762877464294,2.460862159729004
2209363074.0,0.1337277442216873,1.048134446144104,10.241185188293455,0.972751796245575,-0.7586808800697327,2.673383474349976
2209371407.0,0.0991060510277748,0.4009506106376648,10.3655424118042,1.429402470588684,-3.164984703063965,2.6079647541046143
2209379740.0,-0.3050669431686401,0.6765992045402527,9.64829158782959,1.89496660232544,-2.919804811477661,2.2757222652435303
2209388073.0,-0.2616021931171417,0.3233596682548523,9.352246284484863,2.273160934448242,-0.4893984198570251,2.664828300476074
2209396406.0,-0.1741843819618225,0.5640872120857239,9.524272918701172,2.355510711669922,1.9824137687683103,2.849353313446045
2209404739.0,-0.1932065933942794,1.066702127456665,9.998479843139648,2.3787686824798584,2.931088447570801,3.055394172668457
2209413072.0,-0.5337867736816406,1.0890928506851196,10.41341781616211,2.287018299102783,2.2531306743621826,2.80849838256836
2209421405.0,-0.9220807552337646,1.174840211868286,10.29462432861328,1.9766759872436523,1.6153360605239868,2.619311571121216
2209429738.0,-0.214820921421051,0.7021380066871643,10.462421417236328,1.790486216545105,0.6426867842674255,2.9622349739074707
2209438071.0,-0.0836529657244682,0.3567114472389221,9.789999008178713,1.6512984037399292,-1.2677637338638306,2.806372165679932
2209446404.0,-0.1950017511844635,0.4661829471588135,9.677103996276855,2.1428353786468506,-1.989470601081848,3.005446434020996
2209454737.0,-1.194297432899475,0.9248875975608826,9.57007884979248,2.322314500808716,0.4812658727169037,2.962465524673462
2209463070.0,-0.553741455078125,1.8278124332427976,10.350279808044434,2.630710363388061,2.6745617389678955,2.920381546020508
2209471403.0,0.0081268996000289,1.9559543132781985,10.595331192016602,2.593210935592652,2.499641895294189,2.534426212310791
2209479736.0,0.0437900833785533,1.0727134943008425,10.352971076965332,1.8824414014816284,0.3701769113540649,2.46841812133789
2209488069.0,-0.7340472936630249,0.0130606116726994,9.5980863571167,0.5231963396072388,0.1388547569513321,2.79738187789917
2209496402.0,-0.5829529166221619,0.2061406672000885,9.2552490234375,0.073077417910099,1.152538180351257,3.1756017208099365
2209504735.0,-0.1451647877693176,0.6653285026550293,9.339216232299805,1.7072657346725464,0.6991661787033081,2.897328615188598
2209513068.0,-0.168843999505043,0.5960658192634583,9.67046070098877,3.2783145904541016,-0.5822243094444275,2.2692673206329346
2209521401.0,-0.3950299620628357,0.1638638377189636,9.774559020996094,2.6587066650390625,0.1116012334823608,2.4638845920562744
2209529734.0,-1.011597752571106,0.633181631565094,9.314604759216309,1.6234557628631592,2.114711046218872,2.5377302169799805
2209538067.0,-1.0374345779418943,1.5640051364898682,9.541385650634766,1.7582634687423706,3.921308517456055,2.443572521209717
2209546400.0,0.2188815772533416,0.8943620324134827,10.671276092529297,2.1596128940582275,2.4516406059265137,2.508376359939575
2209554733.0,0.3521611392498016,0.5870187878608704,10.62201690673828,1.845351934432984,-1.3776999711990356,2.188019037246704
2209563066.0,-0.4884587228298187,0.3819651007652282,10.157638549804688,0.9975207448005676,-2.664456605911255,2.299389839172364
2209571399.0,-0.9917686581611632,0.4522663354873657,8.691835403442383,0.8703716397285461,0.0546607747673988,2.140735149383545
2209579732.0,0.0116073200479149,0.8723258972167969,8.381093978881836,2.741056203842163,2.168808460235596,2.018324851989746
2209588065.0,-0.3614786863327026,0.0927953720092773,10.195439338684082,3.4515180587768555,2.6672616004943848,2.237992525100708
2209596398.0,-1.2032712697982788,-0.3862105011940002,10.004667282104492,1.2718747854232788,3.3541839122772217,2.1266984939575195
2209604731.0,-0.6922577619552612,0.3595154285430908,9.071556091308594,1.98520576953888,3.285486936569214,2.286173105239868
2209613064.0,-1.1811370849609375,0.2169908583164215,9.885245323181152,3.6045892238616943,1.3094511032104492,2.136457681655884
2209621397.0,-1.0631957054138184,1.022185206413269,10.78016471862793,3.5288474559783936,0.2128030508756637,2.00398063659668
2209629730.0,0.075083389878273,0.8590772151947021,10.682153701782228,2.4881668090820312,-1.8482080698013303,1.7988622188568115
2209638063.0,0.4307423830032348,1.078380465507507,10.09900188446045,2.3259263038635254,-3.9456300735473633,1.8142564296722408
2209646396.0,-0.3148603141307831,0.8815191984176636,9.860239028930664,1.743381381034851,-2.7283639907836914,1.7414348125457764
2209654729.0,-0.3952568769454956,0.3859312236309051,9.436819076538086,1.0788202285766602,1.1932134628295898,1.7870539426803589
2209663062.0,-0.875728964805603,1.0951025485992432,8.62412166595459,2.375720500946045,4.960555553436279,1.871453046798706
2209671395.0,-0.3775723874568939,0.545915961265564,10.08273220062256,3.818442106246948,5.633517742156982,1.953469514846801
2209679728.0,-0.8107489347457886,0.2702541351318359,11.057369232177734,2.7095508575439453,3.542884111404419,1.6345466375350952
2209688061.0,-0.4575695693492889,0.6149219870567322,10.7667818069458,1.413265347480774,0.6989356875419617,1.6573692560195925
2209696394.0,-0.5531694889068604,0.4353652596473694,9.96740436553955,1.3048149347305298,-1.3432745933532717,1.8322887420654297
2209704727.0,-0.4502068161964416,0.7779780626296997,9.82408046722412,1.7955834865570068,-2.458492994308472,1.6000957489013672
2209713060.0,-0.9795422554016112,1.2320150136947632,9.408698081970217,2.2565884590148926,-0.8225628137588501,1.4980229139328003
2209721393.0,0.139988973736763,0.5119624137878418,9.740811347961426,1.835925817489624,1.283759832382202,1.811848402023316
2209729726.0,0.5079294443130493,0.5576518774032593,9.95660400390625,1.822222113609314,1.582242488861084,1.892482161521912
2209738059.0,-0.3805609047412872,0.1897509694099426,10.152091979980469,1.3659815788269043,1.262218356132507,1.7752712965011597
2209746392.0,-1.1544716358184814,0.9002767205238342,9.537530899047852,1.7874125242233276,2.908189058303833,1.6198186874389648
2209754725.0,-1.0944303274154663,0.6750975847244263,9.763287544250488,2.4055099487304688,4.551342487335205,1.601914405822754
2209763058.0,-0.0358903929591178,1.1941787004470823,10.622230529785156,2.7891085147857666,3.016409158706665,2.117938756942749
2209771391.0,-0.9829424619674684,0.7742853760719299,11.13122272491455,1.7814701795578003,0.030532170087099,1.6764261722564695
2209779724.0,-0.3904561996459961,0.6957229375839233,10.03141975402832,0.3260179758071899,-1.3877406120300293,1.5768378973007202
2209788057.0,-0.6456485986709595,0.0232311133295297,8.624785423278809,1.3775849342346191,-1.3601287603378296,1.7236076593399048
2209796390.0,-0.2796995639801025,-0.3844400346279144,9.343032836914062,2.097114324569702,-0.3087667822837829,1.8505003452301023
2209804723.0,-0.808902382850647,0.0154294548556208,9.611855506896973,2.1683473587036133,1.2466447353363037,1.930903434753418
2209813056.0,-0.3345070779323578,0.897192120552063,9.51562786102295,3.178905963897705,2.258535146713257,1.5654140710830688
2209821389.0,-0.8711906671524048,1.0840723514556885,9.928759574890137,4.068795680999756,2.837801218032837,1.6100594997406006
2209829722.0,-0.0622893907129764,0.7006272673606873,11.38417911529541,2.585552215576172,1.6655913591384888,1.690181016921997
2209838055.0,-0.8539466261863708,0.9061768054962158,10.142984390258787,0.9138901829719543,0.0189289189875125,1.56725811958313
2209846388.0,-0.7589478492736816,0.8260079026222229,9.428726196289062,1.5767353773117063,-0.0751905813813209,1.4800928831100464
2209854721.0,-0.075830802321434,0.2624074518680572,9.787720680236816,2.4194436073303223,-0.1219878047704696,1.6896687746047974
2209863054.0,-0.1246559098362922,0.0996576696634292,10.21541690826416,2.5969247817993164,-1.1610292196273804,1.325331687927246
2209871387.0,-0.2125496119260788,-0.2472028732299804,9.763910293579102,1.881724238395691,-0.2792079746723175,1.5282989740371704
2209879720.0,-0.7235479950904846,0.114777959883213,8.860695838928223,2.720590591430664,1.5071417093276978,1.5117266178131104
2209888053.0,-1.2346506118774414,1.1747915744781494,9.682077407836914,4.259724140167236,4.002403736114502,1.2784833908081057
2209896386.0,-0.75078284740448,1.278575778007507,11.438289642333984,3.692804574966431,4.588611125946045,1.4343972206115725
2209904719.0,-0.4980123341083526,1.0632734298706057,10.828729629516602,2.5735135078430176,1.6894636154174805,0.9385567903518676
2209913052.0,-0.2301536202430725,0.5396050810813904,10.179425239562988,1.9300326108932493,-1.3731662034988403,1.155406832695007
2209921385.0,-0.4335309267044067,-0.7178499698638916,9.340362548828123,1.297361135482788,-2.8779516220092773,1.357452154159546
2209929718.0,-0.7625173330307007,-0.3763096332550049,8.035114288330078,2.2334330081939697,-2.1600356101989746,1.246824026107788
2209938051.0,-0.4970146417617798,0.3363632261753082,8.412732124328613,4.436257839202881,-0.1124080643057823,1.5099079608917236
2209946384.0,-0.6797116994857788,0.5067067742347717,9.74200439453125,4.8816118240356445,1.4984583854675293,1.1364011764526367
2209954717.0,-0.6067158579826355,1.0729182958602903,10.548870086669922,3.6480050086975098,2.5980007648468018,1.1002339124679563
2209963050.0,-0.7609507441520691,1.2687420845031738,10.305787086486816,2.23822283744812,2.5945169925689697,1.4262773990631104
2209971383.0,-0.7375608682632446,1.518634796142578,10.267810821533203,2.218397855758667,1.0751063823699951,1.225231409072876
2209979716.0,-0.477414608001709,0.4098355770111084,10.33208179473877,1.9471428394317627,-0.9720985889434814,1.271951675415039
2209988049.0,-0.7557238340377808,0.3529115915298462,9.947052001953123,1.3663657903671265,-2.1340372562408447,1.2746156454086304
2209996382.0,-0.2070498466491699,0.8219876289367676,9.634966850280762,1.5856492519378662,-1.864857077598572,1.3355518579483032
2210004715.0,0.8962429761886597,0.5595349669456482,9.489705085754396,2.108999252319336,-2.349914073944092,1.6062943935394287
2210013048.0,-0.6232542395591736,0.7529261112213135,9.414861679077148,2.261634349822998,-1.7903196811676023,1.2754608392715454
2210021381.0,-1.293766975402832,0.6730955839157104,9.33346462249756,1.148158073425293,2.4686999320983887,1.4755338430404663
2210029714.0,-0.827174723148346,0.956546425819397,9.092355728149414,1.563236951828003,5.663127899169922,1.505451202392578
2210038047.0,-0.6369796991348267,0.5162809491157532,11.079949378967283,2.3847367763519287,4.1636962890625,1.3596291542053225
2210046380.0,-0.6330676078796387,0.5478112101554871,11.451136589050291,1.2548412084579468,1.016859531402588,1.187936782836914
2210054713.0,-0.4481955766677856,0.099845714867115,10.306958198547363,1.1154742240905762,-2.338618040084839,1.138885736465454
2210063046.0,-0.2999397218227386,0.7324821949005127,9.02188205718994,2.096576452255249,-3.866097688674927,1.2586324214935305
2210071379.0,-0.4847360551357269,-0.226561889052391,9.588638305664062,2.455636501312256,-2.9774115085601807,1.5205378532409668
2210079712.0,-0.5394474267959595,0.3483967781066894,8.998905181884766,1.6746841669082642,-0.7887006998062134,0.9112263321876526
2210088045.0,-0.0198489036411046,0.5497826337814331,9.20932960510254,2.594440460205078,1.8178168535232544,1.1121190786361694
2210096378.0,-0.4886107742786407,0.7063766717910767,10.23931884765625,3.4001619815826416,2.958239316940308,1.180637001991272
2210104711.0,-0.4337417781352997,0.5580112934112549,10.353788375854492,2.6187732219696045,2.525383710861206,1.0953413248062134
2210113044.0,-0.2899468243122101,0.6942386031150818,9.86310577392578,2.676021337509156,1.253407001495361,1.3794546127319336
2210121377.0,-1.123254656791687,0.4188881516456604,10.165623664855955,2.130745410919189,0.0116032483056187,0.932998538017273
2210129710.0,-0.4436545372009277,0.9036860466003418,9.89816665649414,1.7035516500473022,-0.1155586242675781,0.8675029873847961
2210138043.0,-0.2309308648109436,1.063217043876648,9.92329216003418,2.6047117710113525,-0.9811661839485168,0.8612274527549744
2210146376.0,-0.1345732361078262,0.9092531204223632,10.720585823059082,2.2427566051483154,-1.3909937143325806,0.6635367274284363
2210154709.0,-0.5501176714897156,0.9614635109901428,8.965880393981934,1.2922124862670898,-0.299801766872406,0.7286736965179443
2210163042.0,-0.5127132534980774,0.5040557384490967,9.497774124145508,1.6658985614776611,1.1151412725448608,0.6885362863540649
2210171375.0,-0.8617441654205322,0.7731626033782959,9.874009132385254,1.036147117614746,2.729248046875,0.598988950252533
2210179708.0,-0.1789521872997284,0.1864555925130844,10.391764640808104,1.4337313175201416,2.2145044803619385,0.6603350639343262
2210188041.0,-0.1502756923437118,0.4352070391178131,10.74089813232422,1.9756516218185425,-0.1140730082988739,0.4534488618373871
2210196374.0,-0.7799755334854126,0.664098858833313,10.274337768554688,1.9728596210479736,-1.1930214166641235,0.4137723445892334
2210204707.0,-0.1957571357488632,0.3889247179031372,9.39991569519043,2.4174458980560303,-1.0621325969696045,0.1391621381044387
2210213040.0,0.1812025308609008,-0.3220031261444092,9.48052215576172,2.286249876022339,-1.0415899753570557,0.3476876318454742
2210221373.0,-0.205024167895317,-0.1679827272891998,9.715299606323242,1.8561100959777832,0.2479970455169677,0.4611331224441528
2210229706.0,-0.3154160678386688,0.0867921337485313,9.278515815734863,2.164479732513428,1.6614930629730225,0.4216615855693817
2210238039.0,-0.2949583828449249,0.5802743434906006,9.15122890472412,3.7326605319976807,2.535783767700196,0.2680529952049255
2210246372.0,-0.0367820300161838,0.5513303875923157,10.36617946624756,3.916007041931152,2.203336715698242,0.5383087992668152
2210254705.0,0.1321731805801391,0.6288542747497559,10.569893836975098,2.426462173461914,0.7175827622413635,0.3544241786003113
2210263038.0,-0.4955958425998688,0.4868529736995697,9.599990844726562,1.746711492538452,0.0395996086299419,0.3742239773273468
2210271371.0,-0.5591796636581421,0.5082863569259644,9.315239906311035,1.9369230270385744,1.9354374408721924,0.6161760687828064
2210279704.0,-0.7806453704833984,0.0055471695959568,9.667771339416504,2.496465921401977,2.591392040252685,0.5428681373596191
2210288037.0,-0.5171371698379517,-0.0599431842565536,9.74956226348877,2.8524010181427,2.467700958251953,0.7149189114570618
2210296370.0,0.0306897982954978,-0.0974963456392288,10.273322105407717,3.001988410949707,1.549481987953186,1.0184988975524902
2210304703.0,-0.3768141269683838,0.2919844388961792,10.400108337402344,2.7773258686065674,-0.3694469034671783,0.7469110488891602
2210313036.0,-0.6828041076660156,1.1766990423202517,10.035626411437988,2.801403284072876,-0.2634552419185638,0.5367463231086731
2210321369.0,-0.7571762800216675,0.9061164855957032,10.051435470581056,2.540163516998291,1.6964563131332395,0.6976292729377747
2210329702.0,-0.0453927256166935,1.243777632713318,9.978931427001951,2.142938137054444,2.614829540252685,0.8936039209365845
2210338035.0,0.3129306137561798,0.5884895920753479,10.812129974365234,1.938894748687744,1.7859011888504028,1.1548433303833008
2210346368.0,-0.0556202717125415,-0.2175534963607788,10.058971405029297,0.664971113204956,0.6318519711494446,1.01606547832489
2210354701.0,-0.0162930041551589,-0.6008416414260864,8.477773666381836,1.348154067993164,0.3362124562263489,1.136196255683899
2210363034.0,-1.28776752948761,-0.3325320482254028,8.159907341003418,3.0127975940704346,2.14998197555542,1.234631896018982
2210371367.0,-0.9568774104118348,0.6176636219024658,9.095362663269045,3.7863478660583496,4.236953258514404,1.027233362197876
2210379700.0,-0.3316980004310608,0.1878228783607483,10.538732528686523,3.831172227859497,4.003325939178467,0.9527471661567688
2210388033.0,-0.2982308566570282,0.3237096667289734,10.779507637023926,2.6575024127960205,1.743740200996399,1.143983006477356
2210396366.0,-0.5258831977844238,0.9555545449256896,10.31985092163086,2.3282060623168945,0.0496660023927688,1.3461817502975464
2210404699.0,-0.9048845171928406,1.6798374652862549,9.786086082458496,3.1273443698883057,-0.28438201546669,0.6403815150260925
2210413032.0,-0.4049642086029053,0.844264805316925,9.821976661682127,3.0795738697052,0.6190704703330994,0.8076937198638916
2210421365.0,0.4781665205955505,-0.0999371111392974,9.855528831481934,1.801449179649353,0.9288745522499084,1.066756010055542
2210429698.0,-0.1628339290618896,0.015303835272789,9.59354019165039,1.362293004989624,0.8447830677032471,1.067729353904724
2210438031.0,-1.0981659889221191,0.2050411701202392,8.8819580078125,2.428638935089112,2.849276304244995,0.9430392384529114
2210446364.0,-0.9356411695480348,0.8177748918533325,9.267977714538574,4.456159591674805,5.07054328918457,0.6582602262496948
2210454697.0,-0.7055649757385254,0.9681338667869568,11.019468307495115,4.463151931762695,4.461282730102539,0.6685827970504761
2210463030.0,-0.6760755181312561,0.7335427403450012,11.20864486694336,2.681220769882202,2.4957993030548096,0.5829799175262451
2210471363.0,-0.7276142835617065,0.0367250330746173,10.243622779846191,1.639285445213318,0.2662087678909302,0.5931488275527954
2210479696.0,-0.4555501043796539,0.0134260272607207,9.536850929260254,2.2872743606567383,-0.5436749458312988,0.737792432308197
2210488029.0,0.0905711874365806,0.2024042904376983,9.559715270996094,3.720006227493286,-1.2068274021148682,0.6865895390510559
2210496362.0,-0.3408624529838562,0.7294924259185791,9.518791198730469,4.725724220275879,-1.081599473953247,0.245768591761589
2210504695.0,-0.3255742490291595,0.7787301540374756,9.532133102416992,4.006783485412598,1.494360089302063,0.4054989814758301
2210513028.0,-0.5421981811523438,0.3833901286125183,9.22309112548828,2.9268362522125244,3.953813314437866,0.8338457942008972
2210521361.0,-1.0259824991226196,0.4686352014541626,9.56532096862793,2.475359916687012,5.372176170349121,0.6467338800430298
2210529694.0,-0.8693196177482605,0.1521063894033432,9.806889533996582,2.9189982414245605,4.993828296661377,0.6546230316162109
2210538027.0,-0.8870152235031128,0.2414975464344024,10.35275173187256,4.148661136627197,2.593646287918091,0.4617733955383301
2210546360.0,-0.4616350829601288,0.8704720735549927,10.823346138000488,4.021409034729004,-0.4267459511756897,0.5012192726135254
2210554693.0,-0.9257562160491944,1.352535843849182,10.10004711151123,3.7557644844055176,-2.3519632816314697,0.361468106508255
2210563026.0,-0.3849847316741943,0.6556004881858826,9.88840103149414,2.670386791229248,-2.199199914932251,0.0263058226555585
2210571359.0,-0.0106430929154157,0.4729673862457275,9.576003074645996,1.3877023458480835,-0.0463233441114425,0.7295190095901489
2210579692.0,-0.0032858289778232,0.4343732297420501,9.578948974609377,1.6879267692565918,1.3024839162826538,0.7695797085762024
2210588025.0,-0.6780384182929993,0.8104645609855652,9.87451171875,2.7524545192718506,2.794384956359864,0.387184739112854
2210596358.0,-0.9262962341308594,0.5614443421363831,10.090673446655272,3.3233699798583984,4.397580146789551,0.644787073135376
2210604691.0,-0.6107735633850098,0.0128913186490535,10.101012229919434,2.998453617095948,4.07537841796875,0.8504180312156677
2210613024.0,-0.8471542596817017,0.4386284053325653,10.141632080078123,2.6756887435913086,2.094988346099853,0.8462944030761719
2210621357.0,-0.8070651292800903,0.8271966576576233,10.181114196777344,2.6537628173828125,0.0332472808659076,0.6665592193603516
2210629690.0,-0.7608107924461365,0.3428998291492462,9.773637771606444,2.524410963058472,-1.3492426872253418,0.4311388432979584
2210638023.0,0.2267188429832458,0.1171036884188652,9.703241348266602,2.19042706489563,-1.791114091873169,0.8300549983978271
2210646356.0,-0.968011200428009,0.4959133267402649,8.861552238464355,2.4255144596099854,-1.1302921772003174,0.7862033247947693
2210654689.0,-1.0195798873901367,1.2191046476364136,8.827751159667969,3.4687047004699707,1.6787567138671875,0.5738100409507751
2210663022.0,-0.6066187620162964,0.5685431957244873,9.738643646240234,3.726358652114868,3.79766845703125,0.927952527999878
2210671355.0,0.1420310586690902,0.1407041698694229,10.731459617614746,2.32582426071167,2.236840009689331,0.9805641770362854
2210679688.0,-0.8386487364768982,0.4869729280471802,9.551711082458496,1.7124652862548828,0.2685908675193786,0.9456007480621338
2210688021.0,-1.167137861251831,-0.1838710755109787,9.336478233337402,2.4984381198883057,-0.2269549369812011,0.6978342533111572
2210696354.0,-0.5509984493255615,-0.0603488385677337,9.668533325195312,3.255466938018799,-0.1629193425178527,0.994882583618164
2210704687.0,-0.4183677136898041,-0.0201412681490182,10.430034637451172,3.5108401775360107,-0.905501425266266,1.0147333145141602
2210713020.0,-0.393990159034729,0.7177886366844177,9.943522453308104,3.847283363342285,-0.843079686164856,0.5515512824058533
2210721353.0,0.0644354596734047,0.9277180433273317,9.919848442077637,4.119742393493652,-0.377694696187973,0.4569579064846039
2210729686.0,-0.2039176672697067,1.1541920900344849,9.57050895690918,3.7404208183288574,0.6562622785568237,0.510722279548645
2210738019.0,-0.9373496770858764,0.710783839225769,10.095903396606444,2.441267251968384,2.2796669006347656,0.752648651599884
2210746352.0,-1.0148818492889404,0.6864582300186157,10.201741218566896,1.2456201314926147,3.715190887451172,0.8684250116348267
2210754685.0,-0.5198580622673035,1.111708164215088,9.892876625061035,2.354024887084961,2.888824462890625,0.5316234827041626
2210763018.0,-0.1690659821033477,0.6889211535453796,10.591116905212402,3.8442862033844,0.4228397309780121,0.4576494693756103
2210771351.0,-0.3053910434246063,0.0240096766501665,10.030747413635254,3.0852856636047363,-2.1351897716522217,0.1801449060440063
2210779684.0,-0.8840664029121399,-0.4685367047786712,8.610780715942383,2.321956157684326,-1.738425374031067,0.3610326647758484
2210788017.0,-1.2055442333221436,-0.5432158708572388,8.255769729614258,2.393829584121704,1.0615051984786987,0.7769309282302856
2210796350.0,-0.7270878553390503,0.3574636578559875,8.860920906066895,3.956119060516357,2.6878042221069336,0.7545440793037415
2210804683.0,-1.20319664478302,0.5608206987380981,10.571489334106444,4.988961696624756,2.512500524520874,0.263698548078537
2210813016.0,-0.7356115579605103,0.6487200260162354,11.354034423828123,3.784605264663696,1.301945686340332,0.2859829068183899
2210821349.0,0.4213030040264129,0.4240398406982422,10.680352210998535,2.9905900955200195,-1.6343291997909546,0.4561127424240112
2210829682.0,-0.02106823772192,0.6626598834991455,9.945348739624023,3.6312789916992174,-4.273620128631592,0.4930484294891357
2210838015.0,-1.030755877494812,0.7315474152565002,9.050461769104004,3.806941747665405,-2.852874994277954,0.3179238736629486
2210846348.0,-0.19798643887043,-0.0878860652446746,8.711576461791992,3.93660044670105,0.3811141848564148,0.4934582412242889
2210854681.0,-0.4617853462696075,0.218732863664627,9.351536750793455,4.173532485961914,2.440857172012329,0.7024959325790405
2210863014.0,-0.1144896149635315,0.822180986404419,11.157730102539062,3.605972290039064,3.174321174621582,0.9462154507637024
2210871347.0,-0.9464401602745056,1.3114643096923828,10.06435775756836,3.682430267333984,1.5709465742111206,0.3852636814117431
2210879680.0,-0.537004828453064,0.5605237483978271,10.225859642028809,4.247199058532715,0.3628256618976593,0.2402359247207641
2210888013.0,-0.1665351539850235,-0.1487691849470138,10.533034324645996,2.654147148132324,-0.4079963564872741,1.0392718315124512
2210896346.0,-0.7731025815010071,-0.204741895198822,9.966582298278809,1.3877023458480835,-1.513224959373474,1.0419869422912598
2210904679.0,0.2685863375663757,1.1145682334899902,8.994895935058594,3.059057235717773,-1.3122044801712036,0.9951643347740172
2210913012.0,-0.1830814927816391,0.9007238149642944,9.62175178527832,4.976768970489502,-1.569115161895752,0.6029078364372253
2210921345.0,-0.1010667532682418,0.4993255138397217,9.956687927246094,3.974893093109131,-0.3595597743988037,0.4136698246002197
2210929678.0,-0.9074299931526184,-0.0623001642525196,9.005868911743164,1.8501676321029663,2.750866651535034,1.038503646850586
2210938011.0,-0.94819837808609,0.4746006429195404,9.123147010803224,2.1946020126342773,4.969545841217041,1.1137069463729858
2210946344.0,-0.2890650629997253,1.3863505125045776,10.153118133544922,4.177861213684082,3.682430744171143,0.8956274390220642
2210954677.0,-0.2830377221107483,0.8720736503601074,11.658623695373535,4.547013759613037,-0.2496491521596908,0.4379265904426574
2210963010.0,-0.5757851004600525,0.2957072854042053,10.919203758239746,2.384941339492798,-2.347736358642578,0.5681749582290649
2210971343.0,-0.3308331668376922,0.6276770830154419,9.123780250549316,1.526839017868042,-1.814858317375183,1.0904749631881714
2210979676.0,-1.0229032039642334,0.9894404411315918,8.634849548339844,2.744104385375977,-0.3370705246925354,0.7288530468940735
2210988009.0,-0.4657657146453857,0.8421985507011414,9.865142822265623,3.246245622634888,2.02667498588562,0.803236722946167
2210996342.0,-0.1015954539179802,0.6523764133453369,10.430852890014648,3.0696358680725098,1.6736342906951904,0.7328488826751709
2211004675.0,-0.1194725707173347,0.7354158759117126,10.770357131958008,2.452409267425537,0.6356684565544128,0.5570583939552307
2211013008.0,-0.2134702056646347,1.137435793876648,9.699131965637209,2.0981128215789795,0.3097529113292694,0.9140952229499816
2211021341.0,-0.6121999025344849,0.9522395730018616,9.520655632019045,2.564676523208618,0.0401118956506252,0.3597775399684906
2211029674.0,-0.2248795628547668,1.0423203706741333,10.04851531982422,2.2009541988372803,1.1509243249893188,0.4751184284687042
2211038007.0,-0.2242173254489898,0.6267980337142944,9.931751251220703,1.4242026805877686,0.8606382608413696,0.5710949897766113
2211046340.0,-0.7001827359199524,0.3470627665519714,10.086764335632324,1.2680326700210571,1.4365743398666382,0.1588082462549209
2211054673.0,-1.1650205850601196,0.3045419454574585,9.313230514526367,1.5351635217666626,3.283360719680786,0.4639250338077545
2211063006.0,0.1157461255788803,-0.3345489203929901,10.086499214172363,2.933239698410034,2.485093355178833,0.5844144225120544
2211071339.0,-0.0717409774661064,0.1790748536586761,10.09765911102295,3.5641181468963623,-0.2870971262454986,0.4656155407428741
2211079672.0,-0.5631765127182007,0.2227819859981537,10.01974105834961,3.5016446113586426,-1.449419617652893,0.3313200771808624
2211088005.0,-1.1544917821884155,0.2632845044136047,8.737625122070312,3.1493465900421143,0.2899787425994873,-0.0587974786758422
2211096338.0,-0.3455474078655243,0.2788833677768707,9.365226745605469,3.406898498535156,2.700995683670044,0.4772188663482666
2211104671.0,-0.1423480957746505,0.2083478271961212,10.230379104614258,3.673388957977295,2.536756992340088,0.7334636449813843
2211113004.0,-0.7306538224220276,0.0440360531210899,10.161703109741213,3.7620387077331534,0.9627621173858644,0.463156521320343
2211121337.0,-0.6232925653457642,0.6771363615989685,9.495471000671388,4.354420185089111,0.6990381479263306,0.5977850556373596
2211129670.0,-0.4106815457344055,0.5037950873374939,10.298916816711426,4.186774730682373,0.5257322192192078,0.862713098526001
2211138003.0,-0.0218980070203542,0.8605202436447144,10.40730094909668,3.421652317047119,-0.2654787600040436,0.5246819853782654
2211146336.0,0.0549630485475063,1.2479243278503418,9.472455978393556,3.3877387046813965,-1.0099050998687744,0.393460214138031
2211154669.0,-0.9551241993904114,1.1384268999099731,9.698033332824709,3.1060590744018555,0.8761605024337769,0.5241697430610657
2211163002.0,-1.2057504653930664,0.9733949899673462,9.824711799621582,1.706189751625061,3.7146787643432617,0.6341828107833862
2211171335.0,-0.3328683972358703,0.6248857975006104,10.606733322143556,1.4551959037780762,4.4045729637146,0.8601004481315613
2211179668.0,-0.0844212621450424,0.2377136945724487,10.468252182006836,1.871145725250244,1.6844688653945925,0.9037726521492004
2211188001.0,0.52535080909729,-0.3912924230098724,10.426513671875,2.620976448059082,-1.62264883518219,0.8626874089241028
2211196334.0,-0.9104012846946716,-0.3613278865814209,8.832906723022461,3.0113887786865234,-2.9627602100372314,0.752008318901062
2211204667.0,-0.4358538687229156,0.1813770085573196,8.87064266204834,3.5282583236694336,-0.4716476798057556,0.6525994539260864
2211213000.0,-0.3742215037345886,0.7630904316902161,8.96129322052002,3.817929744720459,2.231358528137207,0.7673512697219849
2211221333.0,-0.2427529096603393,0.9293680787086488,10.24630355834961,3.885218143463135,3.693137168884277,0.758924126625061
2211229666.0,-1.1003199815750122,0.4227257072925567,10.722977638244627,2.893767833709717,4.460078716278076,0.6539570093154907
2211237999.0,-0.2714476287364959,-0.0207387916743755,10.54704761505127,1.9889711141586304,3.862755060195923,0.876928985118866
2211246332.0,-0.0010216746013611,0.0375134386122226,9.73464584350586,3.368810176849365,0.7997276782989502,0.8528259992599487
2211254665.0,-0.3647965788841247,-0.1712136268615722,10.003179550170898,4.416662693023682,-1.7645519971847534,0.7048268914222717
2211262998.0,-0.6567652225494385,0.3720469772815704,8.981707572937012,4.53154182434082,-1.421321153640747,0.4504519402980804
2211271331.0,-0.2555686831474304,-0.2538065612316131,9.50837230682373,4.220918655395508,0.5372074246406555,0.8401469588279724
2211279664.0,0.1891801357269287,0.7118014693260193,9.80496883392334,3.7297401428222656,2.261967658996582,1.256480693817139
2211287997.0,-1.0032174587249756,0.7662081122398376,9.89540672302246,4.003837585449219,2.998376846313477,0.7299288511276245
2211296330.0,-0.9263043999671936,0.834646463394165,9.71009635925293,4.313796043395996,4.599855422973633,0.5467615127563477
2211304663.0,-0.3979960083961487,0.4466743469238281,9.926886558532717,4.244585990905762,4.111161231994629,0.8217302560806274
2211312996.0,-0.2295182347297668,0.3130678832530975,10.85541820526123,3.836166858673096,1.2274852991104126,0.7742670774459839
2211321329.0,-0.8833290338516235,0.4824469685554504,10.054183959960938,2.9926135540008545,-0.7939260005950928,0.818118691444397
2211329662.0,-0.3797435462474823,1.1895040273666382,9.13394546508789,3.725513458251953,-0.8941032290458679,0.5399736762046814
2211337995.0,-0.29192715883255,1.2581520080566406,9.197349548339844,4.723930835723877,0.1098082289099693,0.5097233057022095
2211346328.0,-0.2710370421409607,0.0945434942841529,10.56123161315918,3.3104350566864014,1.285271167755127,0.6953752636909485
2211354661.0,-1.1399903297424316,0.3630563616752624,9.520997047424316,1.3095791339874268,3.10167932510376,0.5497071743011475
2211362994.0,-1.0647790431976318,1.1551817655563354,9.083026885986328,3.049015760421753,4.834968566894531,0.7615879774093628
2211371327.0,-0.5590822696685791,1.2528929710388184,10.717981338500977,5.080840110778809,3.8589890003204346,0.4839553534984588
2211379660.0,-0.5510901808738708,0.2965220212936401,10.976923942565918,3.979401826858521,0.102994829416275,0.1084762811660766
2211387993.0,-0.2769685089588165,0.0343425348401069,10.233458518981934,2.428767442703247,-1.6599947214126587,0.3726102709770202
2211396326.0,-0.7058918476104736,0.2590896189212799,8.971126556396484,2.18807053565979,-1.586404800415039,0.393870085477829
2211404659.0,-1.0264583826065063,1.513086438179016,8.774734497070312,4.574164390563965,0.2415934801101684,-0.1465262323617935
2211412992.0,-0.4111491739749908,1.2304410934448242,10.57135772705078,4.693987846374512,2.69720458984375,0.1614721417427063
2211421325.0,-0.4293863475322723,0.9396028518676758,10.390300750732422,3.296706199645996,2.745538711547852,0.2599845230579376
2211429658.0,-0.9771631360054016,1.082984447479248,9.537816047668455,2.6887776851654053,2.4470560550689697,0.1311704963445663
2211437991.0,-1.1592448949813845,1.2368324995040894,10.033350944519045,2.7660810947418213,2.5676989555358887,0.2142886817455291
2211446324.0,-1.003962755203247,1.15429949760437,10.179227828979492,2.684474229812622,1.005281925201416,-0.0277786366641521
2211454657.0,-0.5431550741195679,1.1628131866455078,10.273319244384766,2.5007433891296387,-0.7163149118423462,0.1315547078847885
2211462990.0,-0.7419524192810059,0.0243426654487848,10.425670623779297,1.5280170440673828,-1.887961268424988,0.127046599984169
2211471323.0,0.2634564340114593,-0.380577027797699,9.782330513000488,0.5688921213150024,-2.3046791553497314,0.3373907208442688
2211479656.0,-1.031826138496399,0.1055815368890762,8.650038719177246,2.007797241210937,-0.9609051942825316,0.3675642609596252
2211487989.0,-0.9184370040893556,0.565022349357605,9.352797508239746,4.070127487182617,1.7861831188201904,0.3240457475185394
2211496322.0,-0.7854917049407959,0.3211520910263061,10.23373031616211,4.363102912902832,3.3481903076171875,0.4257853925228119
2211504655.0,-0.4561604559421539,0.2453354895114898,10.628915786743164,3.254852056503296,2.3709304332733154,0.6685059070587158
2211512988.0,0.3150874674320221,0.0475099496543407,10.804908752441406,2.1711907386779785,-0.4992086589336395,0.9775928258895874
2211521321.0,-0.6808515191078186,1.031938076019287,9.142216682434082,2.848789930343628,-3.259040117263794,0.3043995797634125
2211529654.0,-0.8908497095108032,1.21566903591156,9.291996002197266,4.084984302520752,-1.8313026428222656,0.3379542231559753
2211537987.0,-0.6814298629760742,0.8663418292999268,9.938528060913086,3.096786499023437,1.2088381052017212,0.7556711435317993
2211546320.0,-0.4024446606636047,0.8941376805305481,9.668689727783203,1.970093369483948,1.9732950925827024,0.5600553154945374
2211554653.0,-0.0602962560951709,1.1175384521484375,9.923004150390623,1.8202757835388184,2.036485433578491,0.882461667060852
2211562986.0,-1.206044316291809,0.5629516243934631,9.983202934265137,1.840229034423828,1.06040358543396,0.6560574173927307
2211571319.0,-1.2773489952087402,1.0180935859680176,9.48313331604004,1.9775470495224,1.3339383602142334,0.4967624843120575
2211579652.0,-0.5312658548355103,1.206959843635559,10.630958557128906,2.4430859088897705,1.334757685661316,1.1019500494003296
2211587985.0,-0.9261130094528198,1.1532620191574097,10.98055648803711,1.95013964176178,-1.0561901330947876,0.3815496265888214
2211596318.0,-0.2034442275762558,1.356126308441162,10.259765625,1.2256667613983154,-1.6384787559509275,0.146743968129158
2211604651.0,0.2874715626239776,-0.0685847401618957,9.802120208740234,0.795142650604248,-2.0178768634796143,0.6274974942207336
2211612984.0,-0.1452808678150177,-0.6581032276153564,8.943665504455566,0.4809840619564056,-2.158139944076538,0.4456364512443542
2211621317.0,-0.7337761521339417,-0.0154265910387039,7.949440002441406,1.7541395425796509,0.5916888117790222,0.6874860525131226
2211629650.0,-1.4134769439697266,-0.0530328936874866,8.620000839233398,3.625797748565674,3.8809664249420166,0.7509582042694092
2211637983.0,-0.7163065671920776,0.8162117600440979,10.244329452514648,4.101376533508301,5.043416976928711,0.3937419950962066
2211646316.0,-0.6230776309967041,0.8863480687141418,11.32081413269043,3.450570583343506,2.410299777984619,0.4430238306522369
2211654649.0,-0.4911649525165558,0.8239569067955017,11.45878791809082,1.9991910457611084,-1.1706345081329346,0.1893404424190521
2211662982.0,-0.5518940091133118,0.5878808498382568,9.463061332702637,1.653834342956543,-3.2490758895874023,0.3125704824924469
2211671315.0,-0.2420775443315506,0.1006372720003128,9.099059104919434,2.760164737701416,-3.1287662982940674,0.5100306868553162
2211679648.0,-0.0036226171068847,-0.5922796726226807,9.189702033996582,2.4844272136688232,-2.367408514022827,0.4965831935405731
2211687981.0,-0.4630590677261352,0.1284151822328567,9.022706985473633,2.609450340270996,-0.0357958935201168,0.6779319643974304
2211696314.0,-0.4504399597644806,0.6404753923416138,9.096013069152832,3.626668691635132,2.48145604133606,0.618455708026886
2211704647.0,-0.5220915079116821,0.7846550345420837,9.686370849609377,4.698393821716309,3.068073272705078,0.4385413527488708
2211712980.0,-0.8962653875350952,0.2237859070301056,10.3258056640625,3.867570400238037,2.7528388500213623,0.4872596263885498
2211721313.0,-0.880284309387207,-0.1068141758441925,10.324116706848145,2.3757715225219727,1.872784972190857,0.6983464956283569
2211729646.0,-1.0536772012710571,0.7292221188545227,9.548227310180664,2.653737068176269,0.0152916982769966,0.5761153697967529
2211737979.0,0.1368399113416671,0.8301539421081543,10.367683410644531,4.238362312316895,-2.233779191970825,0.502346396446228
2211746312.0,-0.3563433289527893,0.3647441267967224,10.509905815124512,3.712245464324951,-4.227385997772217,0.2521209120750427
2211754645.0,-0.3948586285114288,0.7149607539176941,9.28161907196045,2.332560539245605,-2.71532678604126,0.1728192567825317
2211762978.0,0.069470927119255,0.7223016023635864,8.883210182189941,2.7640833854675293,0.5558289289474487,1.0620687007904053
2211771311.0,-0.7017788290977478,1.0180844068527222,9.525190353393556,3.5337398052215576,1.9562360048294067,0.3102652132511139
2211779644.0,-0.1209698840975761,0.9262203574180604,10.701410293579102,3.0936875343322754,3.148988485336304,0.4224299490451813
2211787977.0,-0.5278306603431702,0.4196502566337585,10.265948295593262,2.13356351852417,2.715365171432495,0.5477604866027832
2211796310.0,-1.0015676021575928,0.2859328687191009,10.007521629333496,2.1607658863067627,1.5900038480758667,0.5319308638572693
2211804643.0,-1.008586287498474,0.6709358096122742,9.988310813903809,2.6373183727264404,1.1444694995880127,0.9213183522224426
2211812976.0,-0.738453209400177,0.3898365497589111,10.540379524230955,3.072145938873291,-0.863212525844574,0.5291644930839539
2211821309.0,0.079148955643177,0.407247930765152,10.125042915344238,2.8225860595703125,-2.531877279281616,0.3692035675048828
2211829642.0,-0.0841619446873664,0.5284112691879272,9.828710556030272,2.836264133453369,-2.933098793029785,0.6483986973762512
2211837975.0,-0.742904007434845,0.6198663115501404,9.735360145568848,2.196215867996216,-0.9518635272979736,0.3887728750705719
2211846308.0,-0.65151447057724,1.2949775457382202,9.315496444702148,2.2198832035064697,2.7505078315734863,0.9233931303024292
2211854641.0,-0.5508797764778137,1.4405174255371094,10.164916038513184,3.57249402999878,3.9142909049987793,0.6177897453308105
2211862974.0,0.3804932832717895,0.7032703161239624,11.595653533935549,2.846151113510132,2.2286689281463623,0.455651581287384
2211871307.0,-0.5113284587860107,0.1407965421676635,10.794727325439451,1.2564549446105957,0.1020727232098579,0.6633574366569519
2211879640.0,-0.841167151927948,-0.3189238011837005,9.306671142578123,0.9979305863380432,-0.1866381168365478,0.7459632754325867
2211887973.0,-0.5921297669410706,0.2693446576595306,8.504348754882812,2.902784585952759,0.4197148978710174,0.9082039594650269
2211896306.0,-0.5955416560173035,0.3029064536094665,9.958725929260254,4.413614273071289,0.2683859765529632,0.6525739431381226
2211904639.0,0.3491653800010681,0.0402412004768848,10.873210906982422,3.317504405975342,0.1926190555095672,0.8413252234458923
2211912972.0,-0.1466515213251114,0.6256512403488159,10.17479133605957,2.438858985900879,-0.1597175449132919,0.8406334519386292
2211921305.0,-0.4343770444393158,1.523779034614563,9.151907920837402,3.0503735542297363,0.9497758150100708,0.4611331224441528
2211929638.0,-0.6793853640556335,1.3647756576538086,9.001355171203613,4.067566394805908,2.6587579250335693,0.5064190626144409
2211937971.0,-1.0968177318572998,0.9102834463119508,10.403671264648438,2.82471227645874,3.6374011039733887,0.3068329393863678
2211946304.0,0.2511994540691376,1.0184506177902222,10.804827690124512,0.5213009119033813,3.64851713180542,1.1109918355941772
2211954637.0,-0.244612917304039,1.1334466934204102,10.23680591583252,0.9828436374664308,0.2264297902584076,0.8305414915084839
2211962970.0,-1.366540551185608,0.9184439778327942,10.052926063537598,1.6960722208023071,-1.07440185546875,0.0944652929902076
2211971303.0,-0.8358513116836548,0.433694839477539,8.958903312683105,1.7819054126739502,1.0483137369155884,0.6015759706497192
2211979636.0,-0.5552751421928406,-0.9069339036941528,9.692378044128418,2.016916036605835,1.6251206398010254,0.6676349639892578
2211987969.0,0.0284121762961149,0.0558597594499588,10.315773010253906,1.4674139022827148,0.954949915409088,0.5359522700309753
2211996302.0,-0.9066829681396484,1.077410101890564,9.923423767089844,2.620310544967652,0.6885618567466736,0.4370557367801666
2212004635.0,-1.1674509048461914,1.7075551748275757,10.073671340942385,3.628409862518311,1.0862483978271484,-0.2702429592609405
2212012968.0,-0.5425788760185242,1.220120549201965,10.186675071716309,3.286921262741089,2.4433162212371826,0.1983053982257843
2212021301.0,-0.2115154862403869,-0.115404225885868,10.78351879119873,1.441389799118042,1.5368540287017822,0.2238427847623825
2212029634.0,-0.0361433140933513,-0.6527541279792786,9.658154487609863,-0.0176353994756937,-0.2592544853687286,0.3759401142597198
2212037967.0,-0.9206361174583436,-0.0617455430328846,8.035518646240234,2.4294075965881348,-0.085308201611042,0.6279585957527161
2212046300.0,-1.2151566743850708,-0.0695125460624694,9.320292472839355,4.8221611976623535,1.1431633234024048,0.1694125533103943
2212054633.0,-0.4286292195320129,0.3827998638153076,10.150064468383787,4.554595470428467,1.6576507091522217,0.1696174442768097
2212062966.0,-0.3796992897987366,0.3917025327682495,10.426465034484863,3.3276479244232178,1.096263766288757,0.419048935174942
2212071299.0,-0.6069105267524719,0.8787823915481567,10.068143844604492,2.6266884803771973,0.1577068269252777,0.1696942895650863
2212079632.0,-0.0042728972621262,0.8878740072250366,9.835519790649414,2.827606439590454,-0.3564092516899109,0.3755815029144287
2212087965.0,-0.6108817458152771,0.9013381004333496,9.281549453735352,3.208028793334961,-0.3475723266601562,0.2747894823551178
2212096298.0,-0.77748703956604,0.4686019122600555,9.895044326782228,2.7267637252807617,0.8274167776107788,0.6285989880561829
2212104631.0,-1.2082481384277344,0.605876088142395,9.417622566223145,2.0447585582733154,2.5735647678375244,0.584106981754303
2212112964.0,-0.5947824716567993,0.3811476528644562,10.015936851501465,2.596437931060791,2.764646530151367,0.6590542197227478
2212121297.0,0.1423816084861755,-0.2803390622138977,10.900212287902832,2.618671417236328,0.5120286345481873,0.7204260230064392
2212129630.0,-0.5354401469230652,-0.0256985276937484,9.622478485107422,2.715160131454468,-1.9685178995132449,0.6394593119621277
2212137963.0,-0.9441404938697816,0.0057073566131293,9.21543788909912,3.633225202560425,-1.1591849327087402,0.8832300305366516
2212146296.0,-1.575522541999817,0.6652752161026001,8.933036804199219,3.999586343765259,1.3131394386291504,0.902953028678894
2212154629.0,-0.4119278490543365,1.1468174457550049,9.895801544189451,4.176657199859619,2.233484506607056,0.6420975923538208
2212162962.0,-0.2289673388004303,0.5006504654884338,10.69207763671875,3.15242075920105,1.3090922832489014,0.9817935824394226
2212171295.0,-0.2219987660646438,-0.2002680897712707,10.608953475952148,1.968684434890747,-1.1041145324707031,1.044394850730896
2212179628.0,-1.0786337852478027,0.0760156884789466,9.287652015686035,2.1424002647399902,-1.075016736984253,1.1714926958084106
2212187961.0,-0.8583350777626038,0.4177128672599792,8.976049423217773,4.065619945526123,0.0083758551627397,1.1427533626556396
2212196294.0,-0.6670473217964172,0.9758763313293456,9.861743927001951,5.68646240234375,0.4930740296840668,0.8852022886276245
2212204627.0,-0.5413721799850464,0.8316091299057007,10.883238792419434,4.082371234893799,0.5932513475418091,0.8825129270553589
2212212960.0,0.117884561419487,1.0910792350769043,10.315946578979492,2.6148548126220703,-0.3220349550247192,0.851212203502655
2212221293.0,-0.3546315431594848,0.4062144160270691,10.3897705078125,2.237096071243286,-1.246683120727539,0.7900967001914978
2212229626.0,-0.6444004774093628,0.942835807800293,9.467220306396484,2.4474401473999023,-0.4332007765769958,0.6226052641868591
2212237959.0,-0.8819282054901123,0.1227717250585556,9.261178970336914,3.740958690643311,1.2775866985321045,0.4863374233245849
2212246292.0,-0.2966668605804443,-0.0845967307686805,9.848347663879396,4.146663188934326,1.9113341569900515,0.65388023853302
2212254625.0,-0.4287872910499573,0.1072116941213607,10.262843132019045,4.107780933380127,0.9692426919937134,0.7380998134613037
2212262958.0,-0.8511551022529602,1.108867883682251,10.22987937927246,3.8783278465271,0.4197148382663727,0.2377256900072097
2212271291.0,-0.6142638921737671,1.179417371749878,9.656872749328612,4.271635055541992,0.2036075592041015,0.2298109233379364
2212279624.0,0.2453636080026626,0.1040659621357917,9.993925094604492,4.523423194885254,-0.6938512325286865,0.2267884612083435
2212287957.0,-1.069751858711243,-0.0620349012315273,9.919700622558594,3.1353871822357178,-0.7696693539619446,0.3304236233234405
2212296290.0,-0.9642930030822754,0.2988763153553009,9.325593948364258,2.6638293266296387,1.3088873624801636,0.3319348692893982
2212304623.0,-0.3106125593185425,1.180673122406006,9.103364944458008,5.275609970092773,2.084998607635498,0.324224978685379
2212312956.0,-0.0071640852838754,1.3656593561172483,11.154463768005373,6.198953628540039,0.1146749556064605,0.0543790310621261
2212321289.0,-0.4279257655143738,0.6548468470573425,10.798935890197754,3.357923984527588,-1.2462478876113892,0.2159536331892013
2212329622.0,-0.817142128944397,0.6741665005683899,9.007697105407717,1.7058566808700562,-0.3008776009082794,0.2408506423234939
2212337955.0,-0.7283867001533508,1.6643222570419312,8.69964599609375,2.810829162597656,1.213243842124939,0.5317514538764954
2212346288.0,-0.6809570789337158,1.525409698486328,10.291793823242188,3.5810747146606445,1.257710099220276,0.1768150627613067
2212354621.0,-0.5392220616340637,1.2844828367233276,10.539507865905762,2.755527973175049,0.3531177937984466,-0.0069542643614113
2212362954.0,-0.4685259461402893,0.4763867259025574,10.417144775390623,1.0443947315216064,-0.4204960763454437,0.5523197054862976
2212371287.0,-0.8632551431655884,1.0510530471801758,9.614930152893066,0.6031640768051147,-0.4677031338214874,0.6110019683837891
2212379620.0,-0.7137821912765503,0.5142965316772461,10.00782871246338,1.425355315208435,-0.2985210716724396,0.4222506582736969
2212387953.0,0.5991264581680298,0.1990165561437606,10.284332275390623,1.9330551624298096,-1.4097179174423218,0.5613872408866882
2212396286.0,-0.5246663689613342,0.015850692987442,9.961869239807127,2.4578139781951904,-2.116081714630127,0.399991899728775
2212404619.0,-0.6633417010307312,0.3369595110416412,9.388912200927734,1.9811584949493408,0.0451322793960571,0.5577499270439148
2212412952.0,-0.7679168581962585,1.2536818981170654,9.36159896850586,2.748432874679565,2.492879629135132,0.6628195643424988
2212421285.0,-0.5702847838401794,0.96981281042099,10.718249320983888,2.6196188926696777,2.6353204250335693,0.5806233882904053
2212429618.0,-0.6326619982719421,1.4813668727874756,10.647622108459473,1.958285450935364,2.0913002490997314,0.7703737616539001
2212437951.0,-0.814158022403717,0.6367461085319519,10.672213554382324,1.602708339691162,-0.0134090529754757,0.3228418231010437
2212446284.0,-0.1098385602235794,-0.1630193293094635,9.946550369262695,1.349588394165039,-1.5699348449707031,0.6052899956703186
2212454617.0,-0.3794857263565063,-0.4280122220516205,8.895157814025879,1.9039831161499023,-2.52380919456482,0.7499079704284668
2212462950.0,-0.354201465845108,0.0128249060362577,9.084266662597656,3.091151475906372,-1.6774121522903442,0.757643461227417
2212471283.0,-0.8348777890205383,0.4770813584327698,9.065536499023438,3.798641681671143,0.4633358120918274,0.7217578291893005
2212479616.0,-0.0670576840639114,0.7090951800346375,10.071752548217772,3.7023327350616455,1.8698902130126955,0.3788857758045196
2212487949.0,-0.4587845206260681,0.3653106689453125,9.94977569580078,2.834112882614136,1.936999797821045,0.5324175953865051
2212496282.0,-0.9801276326179504,0.6714828014373779,9.81886386871338,2.488423109054565,1.8096458911895752,0.5751420855522156
2212504615.0,-0.9764277935028076,0.6110631823539734,9.672111511230469,2.9937665462493896,1.544897198677063,0.5294463038444519
2212512948.0,0.1751463711261749,0.8924335837364197,10.55864429473877,3.9060683250427246,-0.4567658007144928,0.6148697733879089
2212521281.0,-0.1604904979467392,1.0024601221084597,11.01648998260498,3.351213216781616,-2.97328782081604,0.363798975944519
2212529614.0,-0.1608277261257171,1.063957452774048,9.732783317565918,2.4995651245117188,-3.0595052242279053,0.2787853181362152
2212537947.0,-0.3248460292816162,0.2659225463867187,9.029449462890623,2.5047647953033447,-0.6171877980232239,0.283421516418457
2212546280.0,-0.7714595198631287,0.2743942737579345,9.237266540527344,2.111330270767212,2.667210578918457,0.6896889209747314
2212554613.0,-0.1573756635189056,0.7716367244720459,10.224387168884276,2.424233675003052,4.213080883026123,0.5375147461891174
2212562946.0,-0.6618528366088867,0.7596703767776489,10.22081470489502,3.2737300395965576,2.8328065872192383,0.2421057671308517
2212571279.0,-0.4826241433620453,0.7036221623420715,10.518272399902344,3.2679152488708496,1.3800182342529297,0.5237342715263367
2212579612.0,-0.9050058722496032,0.4752160310745239,10.190847396850586,2.32661771774292,-0.148754671216011,0.2567827105522156
2212587945.0,-0.7669250965118408,0.6171593070030212,9.331958770751951,1.9908663034439087,-0.7098344564437866,0.0637794435024261
2212596278.0,0.1642002016305923,0.4069033861160278,9.45564079284668,2.7216148376464844,-1.2188149690628052,0.3996589183807373
2212604611.0,-0.7402452230453491,0.5975103974342346,9.494555473327637,3.0953524112701416,-1.205572485923767,0.0930052921175956
2212612944.0,-0.152298629283905,0.9270931482315063,10.049968719482422,2.832550048828125,0.4724801480770111,0.3755046725273132
2212621277.0,-0.1165186613798141,0.6870277523994446,10.128275871276855,2.2762346267700195,1.2949020862579346,0.3994028270244598
2212629610.0,-0.7361963987350464,0.8739613890647888,9.37168788909912,2.2537200450897217,2.1989824771881104,0.1211553364992141
2212637943.0,0.0479540526866912,0.571232795715332,10.20577907562256,2.588702440261841,2.9031429290771484,0.6374614834785461
2212646276.0,-0.8856445550918579,-0.1878820806741714,10.113184928894045,1.718740701675415,1.3666731119155884,0.5360803008079529
2212654609.0,-0.3081016540527344,0.5504180192947388,9.629057884216309,2.207434892654419,0.949903964996338,0.6607449054718018
2212662942.0,-0.2729535400867462,0.3412313163280487,10.097745895385742,2.932291984558105,-0.0185831282287836,0.8528259992599487
2212671275.0,-0.7621079683303833,0.6974452137947083,9.84040069580078,2.904526233673096,-1.1441750526428225,0.5400249361991882
2212679608.0,-0.3802593648433685,0.5567142367362976,9.481374740600586,2.270855665206909,0.5517818331718445,0.855848491191864
2212687941.0,-0.4377248287200928,0.327736884355545,9.66773509979248,2.058513879776001,1.5318338871002195,0.8159158825874329
2212696274.0,-0.3500661849975586,0.7031154036521912,9.938974380493164,2.2535147666931152,1.5347540378570557,0.7368959188461304
2212704607.0,-0.3640535771846771,0.7233843207359314,10.01986312866211,2.349721670150757,1.7615164518356323,1.004513382911682
2212712940.0,-0.7250411510467529,0.5169222950935364,10.085007667541504,2.304410457611084,1.103077054023743,0.7815672159194946
2212721273.0,-0.1226755678653717,0.8608657121658325,9.748785972595217,2.020374059677124,0.763534665107727,0.8443988561630249
2212729606.0,-0.4673665463924408,-0.0402495712041854,10.111908912658691,2.08412766456604,0.4182035624980926,1.0226482152938845
2212737939.0,-0.7933933138847351,0.1858952343463897,9.685986518859863,1.358323097229004,0.5132837295532227,0.8338459134101868
2212746272.0,-0.8374320864677429,0.4071066975593567,8.967588424682617,2.687061309814453,1.7332897186279297,0.8600236177444458
2212754605.0,-0.805536150932312,0.5209197402000427,10.170913696289062,3.912292718887329,2.326925277709961,0.7519826889038086
2212762938.0,-0.5019068121910095,0.9658346772193908,10.69679832458496,2.828554391860962,1.5740972757339478,0.8221657276153564
2212771271.0,-0.656448245048523,0.82359778881073,9.961548805236816,2.3388357162475586,0.3040665686130523,0.682081401348114
2212779604.0,-0.2800414264202118,0.7473932504653931,10.050048828125,1.966379284858704,-0.5107350945472717,0.7229105830192566
2212787937.0,-0.7122832536697388,1.1321920156478882,10.101694107055664,1.8321350812911987,-0.2294651418924331,0.5900495648384094
2212796270.0,-0.3788902759552002,0.7741280198097229,9.726600646972656,2.017274618148804,0.1916456967592239,0.3511711359024048
2212804603.0,0.170628160238266,0.9533678293228148,9.841861724853516,2.266526699066162,0.4808303713798523,0.5560337901115417
2212812936.0,-0.6975072026252747,0.6023417711257935,10.270150184631348,1.8192254304885864,1.5949472188949585,0.6009867787361145
2212821269.0,-0.2200781255960464,0.3075957000255584,10.0779447555542,0.6882544755935669,2.374208927154541,0.6309554576873779
2212829602.0,-0.5006652474403381,0.65107262134552,8.929701805114746,1.879854202270508,2.2233924865722656,0.3580357730388641
2212837935.0,-0.5894750952720642,0.2108468115329742,10.28915309906006,3.1126930713653564,1.758494257926941,0.4926642179489136
2212846268.0,-0.9027928709983826,0.1340591013431549,10.501005172729492,1.9132297039031985,1.4824495315551758,0.1410319954156875
2212854601.0,0.2270492017269134,0.3368743062019348,9.455815315246582,2.468827962875366,0.3171298503875732,0.0708233639597892
2212862934.0,-0.1426673233509063,-0.4214654564857483,9.71351718902588,3.5277719497680664,-0.3399137258529663,0.1569896638393402
2212871267.0,-1.128435134887695,-0.5008835196495056,9.393196105957031,3.122144937515259,0.7153800129890442,0.0602702982723712
2212879600.0,-1.103952407836914,0.9416263103485109,8.709197998046875,3.89999794960022,3.831838130950928,0.1224360540509224
2212887933.0,-0.4241355061531067,1.1880295276641846,9.79126262664795,5.249484062194824,3.751845121383667,0.3949203193187713
2212896266.0,-0.6059772372245789,1.0501872301101685,10.879301071166992,4.624854564666748,2.01614761352539,-0.0439412184059619
2212904599.0,-0.7820938229560852,0.201883926987648,10.8951997756958,2.109562635421753,0.7558504343032837,0.2461784034967422
2212912932.0,-0.7101483345031738,0.4700990915298462,9.236615180969238,1.341801643371582,0.0210036728531122,0.541869044303894
2212921265.0,-0.1495914310216903,0.5008306503295898,9.436992645263672,3.448649644851685,-0.8205905556678772,0.2720232009887695
2212929598.0,-0.5107252597808838,0.5367689728736877,10.109859466552734,4.318713665008545,-0.9991472959518432,0.2686933577060699
2212937931.0,-0.6634767055511475,0.4786652326583862,9.747292518615724,3.1576461791992188,0.3962778151035309,-0.0679673701524734
2212946264.0,0.3011903762817383,1.0278030633926392,9.457815170288086,2.8132882118225098,2.104875326156616,0.5512439012527466
2212954597.0,-0.5301271080970764,1.272937893867493,9.841556549072266,2.6950275897979736,2.298980474472046,0.4512203931808471
2212962930.0,-1.075474977493286,1.0337573289871216,9.837823867797852,2.27344274520874,2.6463863849639893,0.3502234816551208
2212971263.0,-1.120835781097412,-0.179081454873085,10.14335823059082,1.4679516553878784,3.5306143760681152,0.539871096611023
2212979596.0,0.1573908030986786,-0.0833277180790901,9.795428276062012,1.8800591230392456,1.7643340826034546,0.8119711875915527
2212987929.0,-0.4269929230213165,0.3121636211872101,10.409284591674805,3.385509729385376,-1.1534727811813354,0.9062315225601196
2212996262.0,-1.604684829711914,1.379183053970337,9.940740585327148,3.426877021789551,-0.9227912425994872,0.3199217915534973
2213004595.0,-0.383916825056076,1.22001850605011,9.119300842285156,3.6711857318878174,0.7446569800376892,0.5040624737739563
2213012928.0,0.1791601330041885,0.6768423914909363,10.311497688293455,2.84643292427063,0.4711994528770447,0.5484007596969604
2213021261.0,-0.3764970302581787,1.0371264219284058,10.33477783203125,0.6287269592285156,0.3336766362190246,0.7248572111129761
2213029594.0,-1.5744670629501345,0.821588933467865,8.465274810791016,0.5346971750259399,1.9154324531555176,0.4101095199584961
2213037927.0,-1.0605971813201904,0.8102266788482666,9.126275062561035,2.6162383556365967,3.9246647357940674,0.3370833694934845
2213046260.0,0.138035848736763,-0.1792489737272262,10.840991020202637,2.733320474624634,2.48189115524292,1.0063576698303225
2213054593.0,-0.7831626534461975,0.0084225293248891,10.808122634887695,1.8665095567703247,-1.4628417491912842,0.6048545837402344
2213062926.0,-0.977240264415741,0.259004145860672,9.566150665283203,1.6483272314071655,-1.839242935180664,0.4807023704051971
2213071259.0,-0.2862438857555389,0.9276980757713318,8.546109199523926,3.2786736488342285,-1.0738128423690796,0.7206821441650391
2213079592.0,-0.3886908888816833,0.8479651808738708,10.257307052612305,4.416227340698242,-0.8047352433204651,0.2855987250804901
2213087925.0,-0.6759535670280457,0.3061230182647705,10.789155006408691,1.827422022819519,0.429909348487854,0.4405904710292816
2213096258.0,-0.5789574384689331,1.1126394271850586,9.096888542175291,1.4855999946594238,2.1810264587402344,0.32437863945961
2213104591.0,-0.4596984684467315,0.6425990462303162,9.875536918640137,3.0961718559265137,2.4168570041656494,0.4668962657451629
2213112924.0,-0.558491587638855,0.7749371528625488,10.622093200683594,2.920330286026001,1.1913180351257324,0.4622600972652435
2213121257.0,-0.7831361889839172,0.1769462525844574,10.302953720092772,2.26908802986145,-0.2637369930744171,0.146743968129158
2213129590.0,-0.7345795035362244,0.0778874233365058,9.419418334960938,2.2213690280914307,-0.1543129682540893,0.4780897200107574
2213137923.0,-0.6385935544967651,-0.0134363304823637,9.408745765686035,2.846893787384033,0.0092723527923226,0.7669925689697266
2213146256.0,-0.5515437126159668,0.6552452445030212,9.994342803955078,3.5979294776916504,-0.2253156453371048,0.1511240005493164
2213154589.0,-0.7232432961463928,1.2006680965423584,9.68729019165039,3.811064958572388,-0.1262653619050979,0.0596299320459365
2213162922.0,-0.509983479976654,0.2880759239196777,10.430503845214844,3.0746560096740723,0.2506096959114074,0.1220262125134468
2213171255.0,-0.6351867318153381,0.3528354465961456,10.312460899353027,1.398793339729309,0.6669434309005737,0.2344726920127868
2213179588.0,-0.6334337592124939,0.577880322933197,9.866626739501951,2.035306930541992,1.4557336568832395,0.4079578816890716
2213187921.0,-0.4620892405509949,0.904413104057312,10.19539737701416,3.509559631347656,1.0991578102111816,0.1960513293743133
2213196254.0,-0.7282955050468445,1.4196354150772097,10.287181854248049,4.071766376495361,0.0778416618704795,0.2222547084093094
2213204587.0,-0.7625476717948914,1.2846200466156006,10.342309951782228,2.881908893585205,0.3591884076595306,0.0673910528421402
2213212920.0,-0.800024151802063,0.8423259854316711,9.751315116882324,1.030998468399048,0.3370833098888397,0.1352687627077102
2213221253.0,-0.5481294989585876,0.9328952431678772,9.391282081604004,0.60198575258255,0.517638087272644,0.2909264862537384
2213229586.0,-0.8790919184684753,0.1576842963695526,9.715529441833496,1.0913969278335571,0.5298816561698914,0.4833405911922455
2213237919.0,-1.00840163230896,0.2231609672307968,9.844700813293455,1.6390035152435305,0.5301377773284912,0.4636944532394409
2213246252.0,-0.934581696987152,0.7059819102287292,9.852874755859377,2.2848920822143555,0.3694596886634826,0.4077529907226562
2213254585.0,-0.6178155541419983,0.6930370926856995,10.26268482208252,2.543083429336548,-0.3580485880374908,0.4321377575397491
2213262918.0,-0.6065847873687744,0.3328621685504913,10.098187446594238,1.6941510438919067,-1.2560324668884275,0.2836008071899414
2213271251.0,-0.7192301154136658,0.076493315398693,9.842824935913086,1.2850404977798462,-1.0020159482955933,0.4342893362045288
2213279584.0,-0.8744641542434692,0.4896548092365265,9.499468803405762,1.6206893920898438,-0.0010886050295084,0.6135889887809753
2213287917.0,-0.4311220943927765,0.3925911784172058,9.938197135925291,2.779426336288452,0.3724566102027893,0.645939826965332
2213296250.0,-0.1562966853380203,1.0253945589065552,10.19878101348877,3.518346071243286,-0.4189592599868774,0.741327166557312
2213304583.0,-0.3281674385070801,0.5052244663238525,10.31447410583496,2.4814815521240234,-1.1356967687606812,0.5453271269798279
2213312916.0,-0.7716928720474243,0.916152834892273,9.194026947021484,1.7538068294525146,-0.1785440444946289,0.4912298321723938
2213321249.0,-0.7406356334686279,0.2278203666210174,9.342906951904297,1.7240431308746338,1.5159274339675903,0.7014459371566772
2213329582.0,-0.5817585587501526,0.2269069105386734,9.761307716369627,2.065352439880371,1.9181474447250368,0.8599978685379028
2213337915.0,-0.7134761810302734,0.1078696697950363,10.172380447387695,2.413885593414306,1.0847628116607666,0.7905065417289734
2213346248.0,-0.6028267741203308,0.4510166347026825,9.804694175720217,2.9268102645874023,0.2625715136528015,0.841401994228363
2213354581.0,-0.7238845229148865,0.1259020566940307,9.462477684020996,3.058826446533203,-0.959317147731781,0.5936611890792847
2213362914.0,-0.5542481541633606,0.1769330948591232,9.787358283996582,2.62023401260376,-0.9203579425811768,0.6133840680122375
2213371247.0,-0.5135298371315002,0.021000824868679,9.398029327392578,2.025266170501709,-0.5908051133155823,0.6627427339553833
2213379580.0,0.0541198961436748,0.6705804467201233,9.59182834625244,3.105546712875366,-0.365937739610672,0.6032408475875854
2213387913.0,-0.6280429363250732,0.1256209760904312,9.898234367370604,3.506460905075073,0.1575787961483001,0.6651248931884766
2213396246.0,-0.5494747161865234,0.1161918714642524,9.451897621154783,3.279287815093994,1.6422821283340454,0.5259626507759094
2213404579.0,-0.7407792210578918,0.6030216813087463,9.544593811035156,3.5877604484558105,2.8765299320220947,0.7027521133422852
2213412912.0,-0.2398305535316467,1.0470333099365234,10.59251594543457,3.521803617477417,1.9882794618606567,0.8055164217948914
2213421245.0,-0.6912264227867126,1.5315252542495728,10.29017734527588,3.541168212890625,-0.0077995350584387,0.1917738020420074
2213429578.0,-0.3388285040855407,0.6871035099029541,9.91972541809082,2.743079662322998,-0.8174143433570862,0.1359347403049469
2213437911.0,-0.6536617279052734,-0.2734960317611694,9.566486358642578,1.804574012756348,0.2249185889959335,0.6348999738693237
2213446244.0,-0.3253258764743805,-0.2585006356239319,9.272501945495604,1.5374175310134888,0.5596709847450256,0.6500380039215088
2213454577.0,0.1568228304386139,0.9552278518676758,8.9746675491333,3.632533311843872,0.594992995262146,0.5847472548484802
2213462910.0,-0.7603824138641357,0.4352542161941528,9.91944694519043,5.030148983001709,0.2993791997432709,0.3006598949432373
2213471243.0,-0.6279661655426025,0.0732448548078537,10.051651000976562,3.4443459510803223,1.7504255771636963,0.0522018074989318
2213479576.0,-0.5114453434944153,0.0060649029910564,9.436076164245604,2.59274959564209,2.872918128967285,0.4264769852161407
2213487909.0,-0.9517919421195984,0.7043776512145996,9.772854804992676,3.3704748153686523,2.775660991668701,0.5232475996017456
2213496242.0,-1.0733429193496704,1.2225570678710938,10.19226360321045,4.206421375274658,2.381509304046631,0.3199217915534973
2213504575.0,-0.0448308438062667,1.1429531574249268,10.66357707977295,4.601443767547607,0.3434869050979614,0.2268396764993667
2213512908.0,-0.1296717971563339,0.7600938677787781,10.645726203918455,3.157313108444214,-2.3300886154174805,0.4188183546066284
2213521241.0,-0.1801309734582901,0.1474253833293914,9.727310180664062,1.48616361618042,-2.137751340866089,0.4174607992172241
2213529574.0,-0.6059906482696533,0.4739229679107666,8.414175987243652,1.641001582145691,0.2650048732757568,0.4834686517715454
2213537907.0,-0.8732466101646423,0.635392963886261,9.11728858947754,3.583329439163208,3.034313440322876,0.5624373555183411
2213546240.0,-1.0683027505874634,0.3996372818946838,10.425600051879885,3.758760690689087,5.2138285636901855,0.7146371603012085
2213554573.0,-0.3641715943813324,0.383689284324646,11.060251235961914,2.993023633956909,3.9613442420959473,0.7424798607826233
2213562906.0,-0.6541489362716675,0.6251218914985657,10.538826942443848,2.924659013748169,0.97964209318161,0.7551077008247375
2213571239.0,-0.735004186630249,0.9364381432533264,9.910383224487305,3.201267004013061,-0.996483325958252,0.6165602207183838
2213579572.0,-0.7124111652374268,0.9092021584510804,9.744043350219728,3.290660858154297,-1.7220065593719482,0.2638266086578369
2213587905.0,-0.3332683742046356,0.7723334431648254,10.14479923248291,2.522079944610596,-1.1939435005187988,0.5845425128936768
2213596238.0,-0.3893936276435852,0.5251045227050781,9.886859893798828,1.3629332780838013,0.4917677044868469,0.8344348073005676
2213604571.0,-0.3506747782230377,0.8826906681060791,9.692105293273926,1.9765737056732176,1.953546643257141,0.7991129159927368
2213612904.0,-0.5434022545814514,1.1078824996948242,10.03242015838623,2.973095417022705,2.76561975479126,0.7852811813354492
2213621237.0,-0.4273275434970855,0.6031807661056519,10.759026527404783,3.0110816955566406,2.835752248764038,0.7849226593971252
2213629570.0,-0.9055344462394714,0.2853155434131622,10.118071556091309,1.9235776662826536,1.8110543489456177,0.7747793793678284
2213637903.0,-0.7265543341636658,0.3042892515659332,9.80402660369873,1.944453477859497,1.372154712677002,0.8136618733406067
2213646236.0,-0.5152161717414856,0.3515127599239349,10.123452186584473,2.624178647994995,0.2857780158519745,0.6642283797264099
2213654569.0,-0.2234803289175033,0.7088629603385925,10.141002655029297,3.2572343349456787,-1.0621583461761477,0.437235027551651
2213662902.0,0.2636728286743164,0.5495368242263794,10.192065238952637,3.1019606590271,-1.4875338077545166,0.4537561535835266
2213671235.0,-0.6468203663825989,0.9036054015159608,9.515098571777344,2.748945474624634,-0.0911482572555542,0.3085234761238098
2213679568.0,-0.8749026656150818,0.7749468684196472,9.264792442321776,2.3354291915893555,3.0234527587890625,0.4120818078517914
2213687901.0,-0.6100338101387024,0.8581135869026184,9.706615447998049,2.748791456222534,5.121387004852295,0.6318775415420532
2213696234.0,-0.0629025846719741,-0.2467692792415619,11.117051124572754,2.5553014278411865,3.2312610149383545,0.6301357746124268
2213704567.0,-0.3238662481307983,0.4358360171318054,10.25490951538086,2.6243317127227783,0.4595705568790436,0.5092365741729736
2213712900.0,-0.6180176734924316,0.7551361322402954,9.527585983276367,3.906529188156128,-1.0304991006851196,0.3322422504425049
2213721233.0,-0.6668637990951538,0.8951019644737244,9.581379890441896,4.3723249435424805,-0.830810546875,0.1343210637569427
2213729566.0,-0.4868752062320709,0.9039521217346193,9.659028053283691,3.128932476043701,0.5696861743927002,0.2542468905448913
2213737899.0,-0.7182274460792542,0.9089645147323608,9.55471897125244,2.2496726512908936,2.136227369308472,0.3776306807994842
2213746232.0,-0.523815929889679,0.9659863114356996,9.88201904296875,2.034308195114136,2.979576110839844,0.2509682774543762
2213754565.0,-0.8963922262191772,1.1492516994476318,9.930219650268556,2.674381971359253,3.001859903335572,0.2031208574771881
2213762898.0,-0.3217440545558929,0.2159457802772522,10.684321403503418,2.656606435775757,1.1635266542434692,0.1401354819536209
2213771231.0,-0.1275785714387893,0.4795117080211639,9.705687522888184,2.18799376487732,-1.0262984037399292,0.2182076871395111
2213779564.0,-0.6710429191589355,0.5607231855392456,9.604488372802734,2.655350923538208,-1.8073534965515137,0.0705416053533554
2213787897.0,-0.639573872089386,0.5900861620903015,9.320197105407717,2.08023452758789,-0.4440611898899078,0.0355525575578212
2213796230.0,-0.5542224645614624,0.6754536628723145,9.59230899810791,2.3268485069274902,1.1885517835617063,0.1186195239424705
2213804563.0,-0.5922068357467651,0.3926644027233124,10.107743263244627,1.948807716369629,1.8773185014724727,0.1867790073156356
2213812896.0,-0.7587778568267822,0.5282031893730164,9.411686897277832,2.1965231895446777,2.126698732376098,0.3654383420944214
2213821229.0,-0.3492003977298736,0.4734482765197754,10.075136184692385,2.908163547515869,1.099644660949707,0.6278561353683472
2213829562.0,-0.914015769958496,0.5876263976097107,9.835659980773926,2.376873016357422,-0.5805595517158508,0.2238171845674514
2213837895.0,-0.440673291683197,0.4166978597640991,9.891704559326172,2.043554782867432,-0.8058109879493713,0.1882902234792709
2213846228.0,-0.0265625789761543,0.3202958106994629,9.55866241455078,2.0710902214050293,-1.7936495542526243,0.5273458957672119
2213854561.0,-0.3544468879699707,0.5491886734962463,9.676589965820312,2.706989288330078,-1.811246633529663,0.5115931034088135
2213862894.0,-0.8972032070159912,0.4953205585479736,9.354915618896484,2.6176211833953857,-0.2180155515670776,0.2866488993167877
2213871227.0,-0.2072221636772155,0.708419680595398,9.336305618286133,2.6188251972198486,1.290009617805481,0.3396703898906708
2213879560.0,-0.3518052697181701,0.7835634350776672,9.969568252563477,2.5908031463623047,1.2105799913406372,0.7926068305969238
2213887893.0,-0.907060980796814,0.861575722694397,10.424042701721191,1.881134867668152,0.6702733039855957,0.7117683291435242
2213896226.0,-0.914096474647522,0.5287688374519348,9.826607704162598,1.6431275606155396,0.3227649629116058,0.5585439801216125
2213904559.0,-0.8653411269187927,0.489136666059494,10.18921184539795,1.9660463333129885,-0.3193967342376709,0.6826450228691101
2213912892.0,-0.2883282601833343,1.0274691581726074,10.429715156555176,2.0762388706207275,-1.390865683555603,0.8068484663963318
2213921225.0,0.1377651542425155,0.7670131325721741,10.196172714233398,2.412092924118042,-3.495459794998169,0.6070062518119812
2213929558.0,-0.63776695728302,0.6988952159881592,9.591285705566406,1.9028047323226929,-3.052896976470948,0.5762178897857666
2213937891.0,-0.4061241149902344,0.6023337244987488,8.922005653381348,1.1868611574172974,-0.3730584681034088,0.7259330153465271
2213946224.0,-0.4904828667640686,0.5772574543952942,9.26899242401123,1.5980209112167358,1.3517400026321411,0.6558268070220947
2213954557.0,-0.5721258521080017,0.9197525382041932,10.38780689239502,1.5756083726882937,2.0054664611816406,0.6896632313728333
2213962890.0,-0.2272671014070511,0.7096551060676575,10.495956420898438,1.6514523029327393,1.1224415302276611,0.6520103812217712
2213971223.0,-0.2307899445295334,0.9004532098770142,10.087729454040527,2.0502912998199463,-0.982958972454071,0.3950739502906799
2213979556.0,-1.0015692710876465,0.2332996279001236,10.420787811279297,1.6959184408187866,-1.144840955734253,0.6773940324783325
2213987889.0,-0.7005851864814758,0.577563464641571,9.561884880065918,0.6959643959999084,-0.0854618921875953,0.4362872540950775
2213996222.0,0.0650436878204345,0.8884810209274292,9.874698638916016,2.318779945373535,-0.443062275648117,0.5326992869377136
2214004555.0,-0.2283019572496414,0.4615725576877594,10.443463325500488,2.457327365875244,-0.7331434488296509,0.479754626750946
2214012888.0,-0.2152029871940612,0.813694417476654,9.48569393157959,2.0048773288726807,-0.3681918382644653,0.3637733459472656
2214021221.0,-0.6853001713752747,0.7102609276771545,9.377692222595217,2.0382015705108643,0.4438434541225433,0.1532499641180038
2214029554.0,-0.7109040021896362,0.4107167720794678,9.908782958984377,1.2572489976882937,2.2304108142852783,0.3400033712387085
2214037887.0,-0.7176492810249329,0.109337605535984,9.805346488952637,1.1739517450332642,2.496004819869995,0.4286541938781738
2214046220.0,-0.6573753356933594,0.3213222920894623,10.404793739318848,2.1696791648864746,1.147799372673035,0.3624670207500458
2214054553.0,-0.9963245391845704,0.4049627184867859,10.570735931396484,2.6589879989624023,0.1921579986810684,0.4069589674472809
2214062886.0,-0.4371781051158905,0.5761409401893616,10.257437705993652,2.6419804096221924,-1.22562837600708,0.1311192661523819
2214071219.0,-0.0948605611920356,0.6122363805770874,9.752448081970217,2.727301597595215,-2.0405197143554688,0.1370617896318435
2214079552.0,-0.0999756902456283,0.0574068240821361,9.65931224822998,1.81041419506073,-1.930685997009277,0.3589835464954376
2214087885.0,-0.5448892712593079,0.5176798701286316,8.972283363342285,1.5203843116760254,-0.4864784181118011,0.2571413218975067
2214096218.0,-0.0886411815881729,0.4647567868232727,9.594459533691406,2.129593133926392,1.890125751495361,0.5158963799476624
2214104551.0,-0.2615329623222351,-0.0059780497103929,9.92906379699707,2.452332258224488,2.539600133895874,0.6398691534996033
2214112884.0,-1.157725214958191,0.0570411011576652,10.22500991821289,2.8531694412231445,2.6072983741760254,0.3353927731513977
2214121217.0,-1.4002714157104492,0.4531426727771759,9.940638542175291,2.5287652015686035,3.18961238861084,0.666354238986969
2214129550.0,-0.448805421590805,1.068576455116272,10.136122703552246,3.147425889968872,1.833108186721801,0.6792383193969727
2214137883.0,-0.0407510660588741,0.9697482585906982,11.091501235961914,3.04325270652771,-2.0680034160614014,0.6125643849372864
2214146216.0,-0.8196883797645569,0.6982851028442383,10.254676818847656,1.18681001663208,-3.845324039459229,0.4368763864040375
2214154549.0,-0.1502113342285156,0.3553835451602936,9.066211700439451,0.5473761558532715,-2.224583387374878,0.5343897342681885
2214162882.0,-0.0713709667325019,0.5819754600524902,8.80564022064209,1.5823962688446045,-0.6824527978897095,0.6760364770889282
2214171215.0,-0.2604583501815796,0.9012964367866516,9.820322036743164,2.587268352508545,1.3358079195022583,0.4686636924743652
2214179548.0,0.0758500918745994,-0.0910402610898017,10.08078670501709,1.9408676624298096,2.769974708557129,0.7937340140342712
2214187881.0,-0.5869613289833069,0.3350642919540405,9.473503112792969,1.6608269214630127,3.295219898223877,0.7154311537742615
2214196214.0,-0.783092737197876,0.4912967085838318,9.860411643981934,1.9434797763824463,3.362687349319458,0.9194228649139404
2214204547.0,-0.4412970542907715,0.2321436256170272,9.892711639404297,2.362401008605957,1.580116629600525,0.6312115788459778
2214212880.0,-0.2558434307575226,0.1941202878952026,10.352845191955566,2.857754707336426,-0.8507639765739441,0.5655879378318787
2214221213.0,-0.2513298690319061,0.0726034343242645,10.018332481384276,2.106617450714112,-1.3396629095077517,0.9289771318435668
2214229546.0,-0.4523898959159851,0.8174108862876892,9.295206069946287,2.454151153564453,-0.5483623743057251,0.634772002696991
2214237879.0,0.0013641569530591,0.5362681150436401,9.252924919128418,2.78898024559021,0.6353354454040527,0.4821623265743255
2214246212.0,0.0987812131643295,-0.3195003271102905,9.029181480407717,2.427307844161988,2.3880152702331543,0.7302362322807312
2214254545.0,-0.5969802737236023,-0.4062622189521789,9.51472282409668,2.3995418548583984,3.6094813346862793,0.6574918627738953
2214262878.0,-0.8173105120658875,0.6789911985397339,9.54415798187256,2.8442299365997314,4.298837184906006,0.7540573477745056
2214271211.0,-0.4493329226970672,0.7909807562828064,10.423603057861328,4.198480129241943,3.5787949562072754,0.5923547744750977
2214279544.0,-0.2629925310611725,0.7518869042396545,10.472681045532228,4.01459550857544,1.082636833190918,0.3329850435256958
2214287877.0,-0.5042583346366882,0.402505874633789,10.372374534606934,3.023632287979126,0.2611883580684662,0.7102827429771423
2214296210.0,-0.917367458343506,0.3383472859859466,9.736272811889648,1.7591087818145752,0.6406375765800476,0.5475298762321472
2214304543.0,-0.451102465391159,0.9932591319084167,9.033367156982422,2.619081258773804,1.915176510810852,0.3602386116981506
2214312876.0,0.2495650202035904,0.9055625796318054,9.747199058532717,4.402446269989014,1.6967637538909912,0.4449705183506012
2214321209.0,-0.5185858011245728,0.0647646859288215,10.597277641296388,3.216635704040528,1.334809184074402,0.2761214673519134
2214329542.0,-0.4517937302589416,0.2142254561185836,9.55457592010498,1.7070353031158447,2.794641256332397,0.496660053730011
2214337875.0,-0.907195508480072,1.2419263124465942,9.171969413757324,3.078165292739868,4.382698059082031,0.5679188966751099
2214346208.0,-0.8042454123497009,1.514568328857422,10.443740844726562,3.8894193172454834,4.299144744873047,0.1739462912082672
2214354541.0,-0.6928861737251282,1.1312580108642578,10.390036582946776,3.215585470199585,2.993971347808838,0.1158275753259658
2214362874.0,-0.8052126169204712,0.2008726745843887,10.64108657836914,1.7394369840621948,1.5764025449752808,0.1507141590118408
2214371207.0,-0.7757540345191956,0.7358132004737854,9.325711250305176,0.6696841716766357,0.9988270401954652,0.4862094223499298
2214379540.0,-1.0127813816070557,1.130781173706055,9.259795188903809,2.36941909790039,0.6119753122329712,0.2168757170438766
2214387873.0,-0.7056383490562439,1.1634093523025513,10.130465507507324,3.0950963497161865,1.219007134437561,-0.1531347185373306
2214396206.0,-0.3257352113723755,0.3033500015735626,10.624744415283203,1.7474284172058103,1.6274771690368652,0.2944099903106689
2214404539.0,-0.104710467159748,0.5860968232154846,10.10017204284668,0.7711420655250549,1.1734648942947388,0.1086299642920494
2214412872.0,-0.9920173287391664,0.8690326809883118,9.801486015319824,1.1877321004867554,2.0650198459625244,0.2659013867378235
2214421205.0,-0.9935128688812256,0.5096942186355591,9.404540061950684,2.0401227474212646,2.930550575256348,0.0154709992930293
2214429538.0,-0.0413521975278854,0.5151441097259521,9.881414413452148,2.7922587394714355,2.689648389816284,0.4525010585784912
2214437871.0,-0.7304303050041199,0.1665473580360412,10.683772087097168,1.9250634908676147,0.9409645199775696,0.4411795735359192
2214446204.0,-0.8732118606567383,0.0740749910473823,10.055187225341797,0.6462470293045044,0.8325906991958618,0.2895945310592651
2214454537.0,-0.6128504872322083,0.2909461855888366,9.095927238464355,2.0657880306243896,1.5115470886230469,0.5137447118759155
2214462870.0,-0.6125388145446777,0.8469119668006897,10.263440132141112,3.3181192874908447,1.483986258506775,0.5212240815162659
2214471203.0,-0.8103430867195129,1.3118305206298828,10.592944145202637,2.7851638793945312,1.7161794900894165,0.3853918015956878
2214479536.0,-0.6962646842002869,1.1615397930145264,9.661543846130373,2.1002390384674072,1.6937412023544312,0.2755579352378845
2214487869.0,-0.1671197265386581,0.461184024810791,9.907549858093262,1.429043889045715,1.679115653038025,0.5649988055229187
2214496202.0,-0.3244028985500335,-0.359995424747467,9.995776176452637,0.2187967896461486,1.0740816593170166,0.7633810043334961
2214504535.0,-1.075422763824463,-0.0255428031086921,8.747891426086426,0.8226780295372009,0.6813899278640747,0.5106966495513916
2214512868.0,-0.9987365007400512,-0.0225630458444356,8.955985069274902,3.0399487018585205,2.451307535171509,0.8739576935768127
2214521201.0,-0.4437835216522217,-0.5950814485549927,10.47216796875,3.76903247833252,2.357073307037353,0.7812854647636414
2214529534.0,-0.2813228964805603,0.1711168438196182,10.752083778381348,2.900991439819336,0.7732169032096863,0.5417923331260681
2214537867.0,0.2695725560188293,0.2865218222141266,9.796154022216797,2.953961133956909,-0.2321289777755737,0.7895331382751465
2214546200.0,-0.1979163140058517,0.5014479756355286,9.092413902282717,4.001455783843994,-0.672412097454071,0.4738121032714844
2214554533.0,-0.7756792306900024,0.8378434777259827,9.683605194091797,3.915520429611206,1.8282928466796875,0.331371396780014
2214562866.0,-0.2798443734645843,0.5731996893882751,9.542561531066896,2.642313241958618,3.853328943252564,0.6980903744697571
2214571199.0,-0.6366382241249084,0.6095636487007141,9.574687957763672,2.803452253341675,4.3597731590271,0.5380781888961792
2214579532.0,-1.1800113916397097,0.6277107000350952,9.805707931518556,3.1261918544769287,4.438127517700195,0.3623389601707458
2214587865.0,-1.2658541202545166,0.5500112175941467,9.82667064666748,3.2919158935546875,3.709863424301148,0.5772168636322021
2214596198.0,-0.5564315319061279,0.0721396505832672,10.387240409851074,2.997044801712036,1.6518875360488892,0.6486548781394958
2214604531.0,-0.6364578008651733,0.3630667626857757,9.661900520324709,2.511296510696411,-1.1345953941345217,0.79998379945755
2214612864.0,-1.0692033767700195,0.348477840423584,9.413070678710938,3.2217586040496826,-1.4886866807937622,0.3130316138267517
2214621197.0,-1.0150411128997805,0.0896395817399025,9.076390266418455,2.972096443176269,0.1458986699581146,0.4027070105075836
2214629530.0,-1.1275899410247805,0.588164746761322,9.188199996948242,3.4007248878479004,2.348517894744873,0.5488105416297913
2214637863.0,-0.7885469198226929,1.0377554893493652,10.212502479553224,3.9353199005126953,2.9134912490844727,0.6802884340286255
2214646196.0,-1.2555097341537476,0.9092945456504822,10.53717803955078,3.47180438041687,1.7427668571472168,0.2363681495189666
2214654529.0,-0.8557168841362,0.7121671438217163,10.10073947906494,2.824251174926758,1.1587624549865725,0.2304512560367584
2214662862.0,-0.5656689405441284,0.0236288979649543,10.223159790039062,2.3835840225219727,-0.5332755446434021,0.5543176531791687
2214671195.0,-0.6327257752418518,0.613592803478241,9.528247833251951,2.259687900543213,-2.379908323287964,0.3203060328960418
2214679528.0,-0.7104750275611877,0.4415862560272217,9.04132080078125,3.1937875747680664,-2.057399272918701,0.5853365063667297
2214687861.0,-0.997464120388031,-0.2028065472841262,9.425647735595703,2.8806793689727783,-0.2775430381298065,0.4077274203300476
2214696194.0,-0.6523473262786865,0.0238140504807233,9.521536827087402,2.35225772857666,1.749042272567749,0.7538013458251953
2214704527.0,-0.6117417812347412,-0.2517644464969635,9.935795783996582,2.832883596420288,1.7328546047210691,0.6297004222869873
2214712860.0,-0.829014241695404,-0.1552289873361587,9.643088340759276,3.8305318355560303,0.2451794296503067,0.291361927986145
2214721193.0,-1.4124382734298706,-0.0397132113575935,9.497224807739258,4.890398025512695,0.26810422539711,0.4856459200382232
2214729526.0,-0.5485575795173645,-0.3176347315311432,10.589436531066896,4.27404260635376,-0.3911934494972229,0.6013710498809814
2214737859.0,-0.3657319247722626,0.4486066997051239,9.702069282531738,3.8426222801208496,-2.505084991455078,0.5014755129814148
2214746192.0,-0.4442010223865509,0.4388242065906524,9.805794715881348,4.984735488891602,-2.8386340141296387,0.5432523488998413
2214754525.0,-0.7960194945335388,0.6478678584098816,9.875118255615234,4.669782638549805,-1.5713437795639038,0.3338559567928314
2214762858.0,-0.6364238858222961,0.7141021490097046,9.569011688232422,4.384875774383545,0.3616986274719238,0.2641852498054504
2214771191.0,-0.0908960923552513,0.2134467661380767,10.168584823608398,4.2031683921813965,1.3156497478485107,0.6831316947937012
2214779524.0,-0.5918800830841064,0.560714840888977,9.979872703552246,4.061264514923096,0.5730672478675842,0.4115695357322693
2214787857.0,-0.6018587350845337,0.9243337512016296,10.049034118652344,4.55211067199707,0.0550449937582016,0.4417431354522705
2214796190.0,-0.9507119059562684,0.3794182538986206,10.43218231201172,4.482363224029541,0.2445647120475769,0.6218624114990234
2214804523.0,-0.4375831484794616,-0.0581055395305156,10.159605979919434,3.5338425636291504,-0.6125260591506958,0.5500145554542542
2214812856.0,-0.1824799329042434,0.4867213368415832,9.529939651489258,3.972665548324585,-1.348192572593689,0.6649968028068542
2214821189.0,-0.1693051010370254,0.679462194442749,9.815704345703123,4.908379554748535,-1.9125765562057493,0.3403875529766083
2214829522.0,-0.5637364983558655,0.7752004265785217,9.659311294555664,4.888630390167236,-1.2735270261764526,0.1225641146302223
2214837855.0,-0.0489559955894947,1.4594486951828003,9.73425579071045,4.489253520965576,0.2636729478836059,0.344076007604599
2214846188.0,-0.5574382543563843,0.7637691497802734,10.062546730041504,3.7793290615081774,1.5590358972549438,0.4199709594249725
2214854521.0,-0.9589931964874268,0.9597550630569458,9.836896896362305,2.8026838302612305,2.991537570953369,0.4291152656078338
2214862854.0,-0.5138617753982544,0.6586304903030396,10.188714027404783,3.13525915145874,2.967383623123169,0.5469407439231873
2214871187.0,-0.521090030670166,0.374386727809906,11.084694862365724,3.438685655593872,0.7729095816612244,0.5032429695129395
2214879520.0,-0.4620820581912994,1.1919238567352295,10.61659812927246,3.442706346511841,-1.1724016666412354,0.4650776088237762
2214887853.0,-0.5478119254112244,1.2123066186904907,9.97487449645996,4.046075820922852,-2.105400562286377,0.0832206532359123
2214896186.0,-0.5904302000999451,1.307655692100525,9.48878574371338,3.8026123046875,-1.2234766483306885,-0.0611539855599403
2214904519.0,-0.2484490126371383,0.7894437909126282,9.534700393676758,2.5088632106781006,0.9480597376823424,0.2954089939594269
2214912852.0,-0.6685245633125305,0.5462239980697632,9.226652145385742,1.936000943183899,2.0996243953704834,0.2753786742687225
2214921185.0,-0.8577984571456909,0.9462722539901732,9.552611351013184,2.3628621101379395,2.910801410675049,0.382446140050888
2214929518.0,-0.752202033996582,0.8973158001899719,10.045289039611816,3.328749179840088,2.678173303604126,0.6093627214431763
2214937851.0,-1.2908371686935425,0.4303029775619507,10.345540046691896,3.124091148376465,0.9582797288894652,0.2203080505132675
2214946184.0,-1.2451566457748413,0.9880197644233704,9.742246627807615,2.47320818901062,0.2180540114641189,0.4083677530288696
2214954517.0,-0.7818320989608765,0.9631996750831604,9.965993881225586,2.552074432373047,-0.8615477085113525,0.4147969484329223
2214962850.0,-0.4170592725276947,1.0432655811309814,9.810140609741213,2.53609037399292,-2.6718590259552,0.1340904980897903
2214971183.0,-0.4824643135070801,0.8096792697906494,9.90473747253418,1.9862303733825684,-2.740633726119995,0.5823908448219299
2214979516.0,-0.7658496499061584,0.463114857673645,9.775121688842772,1.0184988975524902,-1.4709103107452393,0.6009612679481506
2214987849.0,-0.4878668189048767,0.9613492488861084,9.044118881225586,1.2059438228607178,0.4881304800510406,0.5134629607200623
2214996182.0,-0.4689605832099914,0.8716616630554199,10.045072555541992,2.810086250305176,1.4977154731750488,0.6587725281715393
2215004515.0,-0.3958340585231781,0.0483877398073673,11.150291442871094,1.883568286895752,0.8706533908843994,0.4770138561725616
2215012848.0,-0.7024128437042236,0.1357598751783371,9.690794944763184,1.3606793880462646,0.3747618794441223,0.946292281150818
2215021181.0,-0.2523358762264251,0.1359501630067825,9.599403381347656,2.527151584625244,0.1150591373443603,1.2571723461151123
2215029514.0,-0.3923509120941162,0.4767431616783142,9.912967681884766,3.392784357070923,-1.662555694580078,0.7829246520996094
2215037847.0,-0.2007135152816772,0.59979248046875,9.835618019104004,3.144991874694824,-2.160521984100342,0.4770138561725616
2215046180.0,-0.0535627156496048,0.6390174627304077,9.967399597167969,2.4324302673339844,-1.411792516708374,0.5417154431343079
2215054513.0,-0.5495514869689941,1.0663220882415771,9.58055305480957,1.9572604894638064,0.5124383568763733,0.3438454568386078
2215062846.0,-0.1652576923370361,1.5331364870071411,9.555176734924316,2.529046535491944,2.828758716583252,0.5599270462989807
2215071179.0,-0.6461579203605652,0.5431259274482727,10.557289123535156,2.408173084259033,3.131647109985352,0.5552652478218079
2215079512.0,-0.4596629440784454,0.8956144452095032,10.233424186706545,1.4297866821289062,2.616366386413574,0.5828263163566589
2215087845.0,-0.1288394033908844,0.6624427437782288,10.055140495300291,1.6964819431304932,1.460626244544983,0.986865222454071
2215096178.0,-0.2109273821115493,0.5328363180160522,10.017192840576172,2.1414012908935547,-1.4112547636032104,0.4572397172451019
2215104511.0,-0.3531865775585174,0.2925091087818146,9.483187675476074,1.7897948026657104,-1.7093788385391235,0.3267608284950256
2215112844.0,-0.7161714434623718,0.1763461381196975,8.895591735839844,1.3433897495269775,0.6104384660720825,0.4512716233730316
2215121177.0,-0.4022342264652252,0.2983824908733368,9.30951976776123,1.5781443119049072,3.046019554138184,0.7575154304504395
2215129510.0,-0.7546175122261047,0.222215935587883,10.124199867248535,1.6695871353149414,4.3805975914001465,0.9024919867515564
2215137843.0,-0.3576128482818603,0.2718733549118042,10.662690162658691,1.636493444442749,3.3776979446411133,0.7346162796020508
2215146176.0,-0.3686225712299347,-0.006614658050239,9.955547332763672,2.2777204513549805,1.0845835208892822,0.5955053567886353
2215154509.0,-0.5935043096542358,-0.12778140604496,10.210723876953123,2.612754344940185,-0.1570793092250824,0.5025513172149658
2215162842.0,-0.681997537612915,-0.0768552049994468,9.834972381591797,2.1468312740325928,-0.4259262681007385,0.7179669141769409
2215171175.0,-0.6501578092575073,0.044291965663433,8.946394920349121,2.849916696548462,0.8514428734779358,0.7069529294967651
2215179508.0,0.0601885691285133,0.2395683377981186,9.672940254211426,3.985344171524048,2.113327980041504,0.9333059787750244
2215187841.0,-0.3092676401138305,0.6302288770675659,10.050878524780272,4.284954071044922,1.5953826904296875,0.5192005634307861
2215196174.0,-0.5698262453079224,0.3029529750347137,9.703794479370115,3.450211524963379,1.6231483221054075,0.1625479161739349
2215204507.0,-1.0482629537582395,-0.1410450935363769,9.267988204956056,2.954345941543579,3.3139443397521973,0.5319821238517761
2215212840.0,-0.6323997974395752,-0.2942077815532684,9.479878425598145,3.024247407913208,3.5831241607666016,0.6512163877487183
2215221173.0,-0.218668133020401,-0.017068700864911,9.811463356018066,4.601033687591553,1.9749598503112795,0.6578247547149658
2215229506.0,-0.2420555502176284,-0.2049149423837661,10.17844581604004,5.19612979888916,-0.1887128800153732,0.3355721235275268
2215237839.0,-0.5675389170646667,0.6108421683311462,9.752394676208496,5.059682369232178,-0.3617114126682281,0.5445842742919922
2215246172.0,-0.865678071975708,1.0572532415390017,9.273669242858888,4.59122371673584,1.6608270406723022,0.422762930393219
2215254505.0,-0.75247722864151,0.920756995677948,9.59549331665039,4.157190322875977,3.1987059116363525,0.4099046289920807
2215262838.0,-0.3398907482624054,0.6691967844963074,9.813915252685549,3.519831418991089,3.4875576496124268,0.3791163265705108
2215271171.0,-0.5250386595726013,0.3105493187904358,9.91845417022705,3.9347567558288574,2.6994590759277344,0.6393313407897949
2215279504.0,-0.6693907976150513,0.2046066671609878,10.661873817443848,3.690626621246338,1.5046055316925049,0.7010871171951294
2215287837.0,-0.7285960912704468,0.6479747891426086,9.580219268798828,3.9329118728637695,1.0540001392364502,0.4835198819637298
2215296170.0,-0.2968369126319885,1.037522792816162,9.897104263305664,4.999873161315918,0.8069765567779541,0.5320333242416382
2215304503.0,-0.8908513188362122,0.6508119106292725,10.475994110107422,3.7015130519866943,1.389879584312439,0.5005789399147034
2215312836.0,-1.0288984775543213,0.9245725870132446,9.365094184875488,2.619798183441162,2.7383408546447754,0.3418731689453125
2215321169.0,-0.4266954064369201,0.9404978156089784,9.845354080200195,3.3233447074890137,3.477593421936035,0.655903697013855
2215329502.0,-0.90234375,1.1665910482406616,10.708806991577148,3.632098197937012,2.529636144638061,0.4811121821403503
2215337835.0,-0.5460357069969177,1.278430700302124,10.142897605895996,3.315225124359131,1.3693370819091797,0.4222250878810882
2215346168.0,-0.8516749739646912,1.604315161705017,9.788955688476562,3.510866641998291,0.4040902256965637,0.2770179510116577
2215354501.0,-0.5841851234436035,1.3306035995483398,10.351092338562012,2.1648638248443604,0.4321377575397491,0.2172086983919143
2215362834.0,-0.349380612373352,0.7817413806915283,9.8641996383667,0.8842802047729492,0.6382042765617371,0.2575255036354065
2215371167.0,-0.6629301309585571,0.7015148997306824,9.52416706085205,1.4447709321975708,1.414853572845459,0.176840677857399
2215379500.0,-0.373976856470108,0.5824029445648193,9.555413246154783,2.240528583526612,2.3865294456481934,0.36487478017807
2215387833.0,-1.0187581777572632,0.3414083123207092,9.738707542419434,3.228367328643799,3.1442244052886963,0.2076802253723144
2215396166.0,-0.9474288821220398,0.4656806886196136,10.267814636230469,2.9038093090057373,3.4746479988098145,0.1190549731254577
2215404499.0,-1.0688844919204712,0.7817389965057373,10.057655334472656,2.247443914413452,2.90086317062378,0.2201799303293228
2215412832.0,-0.4271181523799896,0.7178720831871033,10.154850959777832,2.818743944168091,0.8609457015991211,-0.0866657719016075
2215421165.0,-0.0585824139416217,-0.0891666412353515,10.310059547424316,2.5212860107421875,-1.087721347808838,0.137369155883789
2215429498.0,-0.3830284178256988,0.4075588583946228,9.62608814239502,2.5613210201263428,-1.2754735946655271,0.2864439785480499
2215437831.0,-0.5463381409645081,1.463787317276001,9.264385223388672,3.1879987716674805,0.2969714403152466,0.190083235502243
2215446164.0,-0.7326262593269348,2.106741428375244,8.8136625289917,3.8190572261810303,2.639444351196289,-0.0983202382922172
2215454497.0,-0.8792126178741455,0.9603644609451294,9.454999923706056,2.8514790534973145,4.115644454956055,-0.0194796286523342
2215462830.0,-0.5895895957946777,0.3588035106658935,10.611173629760742,0.0128839602693915,4.975462436676025,0.5810076594352722
2215471163.0,-0.7187648415565491,0.7266702055931091,9.81864070892334,-0.8985090255737305,3.158440113067627,0.6659700870513916
2215479496.0,-1.4267680644989014,1.142115831375122,9.957395553588867,1.9469894170761108,0.7332843542098999,0.2046321332454681
2215487829.0,-0.772355854511261,1.0574709177017212,10.3318510055542,2.725252151489258,-0.5416514277458191,0.082477830350399
2215496162.0,0.5349733233451843,0.2846778929233551,9.79760456085205,2.166733741760254,-2.4905874729156494,0.2679761350154876
2215504495.0,0.7192082405090332,0.209132432937622,9.12320613861084,0.8271092176437378,-4.016683101654053,0.0603983625769615
2215512828.0,-0.4337984025478363,0.7214070558547974,8.09894847869873,0.1289164423942566,-1.5391210317611694,0.1180304065346717
2215521161.0,-1.4991624355316162,0.5582118034362793,7.676522731781006,1.0935486555099487,4.100864887237549,-0.2332560569047927
2215529494.0,-1.1159342527389526,0.5665479302406311,9.509143829345703,2.1817948818206787,9.445478439331056,0.1727423965930938
2215537827.0,-0.5303938984870911,0.2611609697341919,11.807592391967772,2.017018795013428,8.248526573181152,0.3479950129985809
2215546160.0,-0.854596734046936,1.0251022577285769,11.161025047302246,1.7907167673110962,3.112257957458496,-0.2451154291629791
2215554493.0,-0.5790354013442993,0.8949671983718872,10.111076354980469,2.4170618057250977,-1.2136152982711792,0.0144208157435059
2215562826.0,0.0077020837925374,0.0987080559134483,9.622179985046388,2.050137758255005,-4.139350414276123,0.0686205402016639
2215571159.0,-0.3201524615287781,0.1045698449015617,9.400757789611816,0.8510074019432068,-4.279485702514648,0.0403424277901649
2215579492.0,-0.7988366484642029,-0.0945534333586692,8.645161628723145,0.2907471656799316,-0.775330126285553,0.2379306256771087
2215587825.0,-0.7565867900848389,0.4376335442066192,8.43054485321045,1.6114171743392944,3.882093906402588,0.1594742387533188
2215596158.0,-0.5210598111152649,1.3909493684768677,9.595824241638184,3.94892168045044,6.785980224609375,0.1428506076335907
2215604491.0,-0.8099575638771057,-0.2467125803232193,11.339743614196776,3.0673811435699463,5.98087215423584,0.2512756586074829
2215612824.0,-0.9321566224098206,-0.4814098477363586,10.1635160446167,0.7081312537193298,3.499186515808105,0.000691584427841
2215621157.0,-0.6069145202636719,-0.3316273093223572,9.270605087280272,1.251716375350952,1.0821244716644287,0.6695048809051514
2215629490.0,-0.3066141605377197,-0.2483052909374237,9.353470802307127,3.160489320755005,-2.1054515838623047,0.5166134834289551
2215637823.0,-0.7801702618598938,-0.0455841645598411,9.174245834350586,4.390254497528076,-3.1870381832122803,0.2922840416431427
2215646156.0,-1.073619723320007,0.1959045827388763,9.284664154052734,3.77558946609497,-0.7837315797805786,0.6734750866889954
2215654489.0,-0.9005322456359863,0.2673210799694061,9.321881294250488,3.0413060188293457,2.709883451461792,0.6926345229148865
2215662822.0,-0.017346316948533,0.9043205976486206,9.447903633117676,3.687220096588135,3.3660945892333984,0.7733962535858154
2215671155.0,-0.8525943756103516,1.0813599824905396,10.79312801361084,3.84505558013916,2.0392262935638428,0.535132646560669
2215679488.0,-0.9832926392555236,0.5313208699226379,10.687881469726562,2.360966444015503,1.5403889417648315,0.4042438566684723
2215687821.0,-0.8012741208076477,0.6522188782691956,9.758808135986328,1.8802127838134768,1.2596311569213867,0.6181226968765259
2215696154.0,-0.4988541901111603,0.3217668533325195,10.630231857299805,2.2493395805358887,0.387825071811676,0.7071833610534668
2215704487.0,-0.3820071816444397,0.1428235620260238,9.977049827575684,1.885232925415039,-0.9196406006813048,0.829491376876831
2215712820.0,-1.2705070972442627,0.3158721923828125,9.487659454345703,3.055598735809326,-0.8158774375915527,0.4865680038928985
2215721153.0,-0.7861654162406921,-0.024093210697174,9.463658332824709,2.8993260860443115,1.497971534729004,0.5470944046974182
2215729486.0,-0.0729919970035553,-0.4289970993995666,10.024462699890137,3.167558431625366,1.7589294910430908,0.6373333930969238
2215737819.0,0.295321524143219,-0.8777950406074524,10.683199882507324,2.88393235206604,-0.0377425737679004,0.4347504079341888
2215746152.0,-0.423988401889801,-0.8516390919685364,9.197407722473145,3.3946287631988525,-0.1442209333181381,0.6369235515594482
2215754485.0,-0.2528126537799835,-0.3070968985557556,8.73270320892334,5.684412956237793,0.3226113021373749,0.153864711523056
2215762818.0,-0.5721443295478821,0.3219775259494781,9.6051025390625,7.156719207763672,1.6483784914016724,0.2021987587213516
2215771151.0,-0.9206574559211732,0.4522195756435394,10.035264015197754,5.980692863464356,2.920739889144897,0.0375504679977893
2215779484.0,-0.7663484811782837,0.7278204560279846,9.627731323242188,5.113267421722412,4.175427913665772,-0.2094860225915908
2215787817.0,0.2071984261274337,0.9042344093322754,10.254167556762695,5.40649938583374,2.8739173412323,0.2940002381801605
2215796150.0,-0.4780859351158142,-0.1602950990200042,10.683184623718262,4.723546504974365,0.221435084939003,0.244897723197937
2215804483.0,-0.5764536261558533,0.1669454127550125,9.627763748168944,4.300937652587891,-0.4858124256134033,0.2943075597286224
2215812816.0,-0.3198598325252533,-0.1601894795894622,9.483646392822266,5.709797382354736,0.4769370257854461,0.5433035492897034
2215821149.0,-0.5040499567985535,0.7364850044250488,9.712516784667969,6.829190254211426,1.5867249965667725,0.0256654620170593
2215829482.0,-0.6234208345413208,1.2753844261169434,9.86315631866455,6.989715576171875,2.9028103351593018,-0.2317704111337661
2215837815.0,-0.958967924118042,1.5107123851776123,10.451371192932127,6.000852108001709,4.60095739364624,-0.2450129985809326
2215846148.0,-1.4468446969985962,2.907332181930542,10.11033058166504,4.558130264282227,5.385213375091553,-0.0131785236299037
2215854481.0,-0.9843437075614928,3.417607545852661,10.619789123535156,3.939520835876465,4.7694478034973145,0.0596043281257152
2215862814.0,-0.332345187664032,2.802849769592285,11.139074325561523,2.4841196537017822,1.1705193519592283,0.1180047765374183
2215871147.0,-1.6756607294082642,2.0741312503814697,10.480488777160645,0.0864480510354042,-0.9973799586296082,-0.2288503944873809
2215879480.0,-0.986954391002655,1.220886468887329,10.200512886047363,-2.435465335845948,0.0302760247141122,0.5456856489181519
2215887813.0,-1.3166236877441406,1.2768319845199585,9.089330673217772,-1.757123589515686,0.7642263174057007,0.5959663987159729
2215896146.0,-1.1810414791107178,0.4614230692386627,10.334769248962402,0.0429038405418396,0.772653341293335,0.3014026582241058
2215904479.0,-0.0505849048495292,0.1367480456829071,10.040044784545898,0.3643881380558014,0.3474827706813812,0.6843612194061279
2215912812.0,-0.5735498666763306,-0.4609001576900482,9.1663818359375,1.255251169204712,-1.124605655670166,0.3335229456424713
2215921145.0,-1.092316508293152,0.3922474384307861,8.236165046691895,1.6116732358932495,-0.6449023485183716,0.304963082075119
2215929478.0,-2.0557351112365723,0.3414924442768097,8.536321640014648,1.9794679880142207,2.011024713516236,0.2346520125865936
2215937811.0,-0.9185059070587158,1.1136780977249146,9.757198333740234,1.8169457912445068,2.7827303409576416,0.0341437757015228
2215946144.0,-0.3833752274513244,1.1884034872055054,11.142230033874512,1.6779118776321411,0.5242210030555725,0.5084425806999207
2215954477.0,-0.2825479507446289,0.2087143212556839,11.420662879943848,0.7430945634841919,-3.0297412872314453,0.1816817671060562
2215962810.0,-0.5742158889770508,0.1222771927714347,9.607401847839355,0.8073350191116333,-4.015786647796631,0.3362893164157867
2215971143.0,-0.7979981303215027,0.1595651507377624,9.153502464294434,2.1035947799682617,-2.012113332748413,0.7453486323356628
2215979476.0,-0.5944288969039917,1.0438034534454346,9.04865550994873,3.357283592224121,0.0616534687578678,0.6461960077285767
2215987809.0,-0.6681748628616333,1.0077849626541138,9.978999137878418,3.897589921951294,1.371001958847046,0.2398004531860351
2215996142.0,-0.8013916611671448,0.097296804189682,11.007984161376951,1.964150667190552,1.7575719356536863,0.4251450896263122
2216004475.0,-1.0833266973495483,0.1936560720205307,10.147252082824709,0.1283017098903656,1.4641352891921997,0.4341612756252289
2216012808.0,-1.1323294639587402,0.8541022539138794,9.67512321472168,1.8175092935562127,0.8416582345962524,0.3785271942615509
2216021141.0,-0.7267206311225891,0.2398210316896438,10.62961483001709,3.1980910301208496,-0.9748650193214417,0.2865208387374878
2216029474.0,-0.6256533861160278,-0.3979388773441314,10.018625259399414,2.68829083442688,-3.1515111923217773,0.2736368477344513
2216037807.0,-0.6765495538711548,-0.4625139832496643,9.32923984527588,2.422414779663086,-3.237831115722656,0.6187373995780945
2216046140.0,-1.6158592700958252,-0.094230405986309,9.120162010192873,2.4292798042297363,-0.6585292220115662,0.5370280742645264
2216054473.0,-0.932675004005432,0.6038397550582886,9.3986234664917,3.91523814201355,1.2902401685714722,0.3911805748939514
2216062806.0,0.1512829512357711,0.8097468614578247,10.767237663269045,4.865424633026123,-0.3351238667964935,0.3119814097881317
2216071139.0,-0.0416075773537159,0.696927547454834,10.86481761932373,3.946333885192871,-3.3304014205932617,0.0467972047626972
2216079472.0,-1.0318807363510132,0.4599632918834686,9.665395736694336,2.308687448501587,-2.991550207138061,0.1369592994451522
2216087805.0,-0.9892375469207764,1.1505135297775269,8.938782691955566,1.809722661972046,-0.298854112625122,0.3072171509265899
2216096138.0,-0.1542786806821823,0.7769629955291748,9.69444179534912,3.066049575805664,0.4300374090671539,0.2802197337150574
2216104471.0,-0.2805960476398468,0.3465703427791595,11.274194717407228,3.070019721984864,-0.6237450242042542,0.0874213874340057
2216112804.0,-0.1447232365608215,0.6227098107337952,10.654200553894045,1.8824925422668457,-1.4952181577682495,0.2073472291231155
2216121137.0,-0.9259948134422302,0.8717718124389648,9.966638565063477,2.215195894241333,-0.8426187038421631,0.1671328693628311
2216129470.0,-1.1281825304031372,1.1351760625839231,9.751540184020996,2.154029369354248,0.8263152241706848,-0.0260368697345256
2216137803.0,0.5446077585220337,-0.1629185974597931,10.08897304534912,2.120730400085449,0.1502530872821808,0.0825034454464912
2216146136.0,-0.177104651927948,-1.20475172996521,9.655967712402344,1.6702274084091189,-1.8596317768096924,0.3038104474544525
2216154469.0,-0.7091802358627319,-0.6350878477096558,8.744134902954102,1.9323636293411253,-1.2682504653930664,0.5357217192649841
2216162802.0,-1.4350075721740725,-0.0433357506990432,8.077413558959961,3.8295838832855225,0.6032919883728027,0.2683859169483185
2216171135.0,-1.1036558151245115,0.5601388216018677,9.369333267211914,5.02146577835083,1.7056776285171509,0.239877313375473
2216179468.0,-1.1007165908813477,0.731467068195343,10.761481285095217,3.924792766571045,1.8681743144989007,0.564691424369812
2216187801.0,-0.7724119424819946,0.7861724495887756,10.96351146697998,1.847068428993225,-0.314120203256607,0.5397176146507263
2216196134.0,-0.2612666487693786,1.1244807243347168,9.926794052124023,1.9398939609527588,-3.223769187927246,0.4858507812023163
2216204467.0,-0.5668128132820129,-0.6299389600753784,10.111202239990234,2.339808940887451,-4.501637935638428,0.7093093991279602
2216212800.0,-0.6415706872940063,-0.7431557774543762,9.377583503723145,2.1244192123413086,-3.7619240283966064,0.7456560134887695
2216221133.0,-0.1947438269853592,0.0588653050363063,8.387295722961426,3.945873260498047,-1.7456742525100708,0.7155336737632751
2216229466.0,-0.1571717411279678,0.3689150810241699,9.551189422607422,6.071239948272705,-0.3495190739631653,0.7802608609199524
2216237799.0,-0.6047595739364624,0.8842036128044128,10.577591896057127,4.618144512176514,0.3546803295612335,0.3907451927661896
2216246132.0,-0.4580326974391937,1.061554789543152,10.107479095458984,3.5658600330352783,1.471230387687683,0.5383087396621704
2216254465.0,-0.9862312078475952,1.168133020401001,10.132060050964355,3.4594075679779053,1.0024900436401367,0.3962522447109222
2216262798.0,-0.2156126350164413,2.1327478885650635,10.74799346923828,3.619931936264038,0.2336274534463882,0.0662896484136581
2216271131.0,0.3671155273914337,2.170109510421753,10.46816062927246,3.713552236557007,-2.3337514400482178,0.1803498417139053
2216279464.0,-0.7016646265983582,2.15543794631958,10.22423267364502,2.6289937496185303,-3.431628704071045,-0.3059236109256744
2216287797.0,-0.3892219364643097,1.371257185935974,10.301466941833496,0.2647487223148346,-0.6731804609298706,0.0658798068761825
2216296130.0,0.0469513460993766,0.4024331867694855,9.802178382873535,-0.6674173474311829,0.6339523196220398,0.1600633561611175
2216304463.0,-0.0772864669561386,0.830895721912384,9.519997596740724,0.7986774444580078,1.0899368524551392,-0.2867129445075989
2216312796.0,-0.0798686444759368,0.492840826511383,10.513033866882324,2.450974702835083,1.9225786924362185,-0.1553375273942947
2216321129.0,-0.1442781537771225,0.4189509749412536,10.1656494140625,2.391754627227783,1.0722118616104126,-0.6512802839279175
2216329462.0,-1.082866072654724,0.7617010474205017,9.37987995147705,2.04140305519104,2.3305881023406982,-0.5620659589767456
2216337795.0,-0.6923114657402039,0.5701839327812195,9.383950233459473,1.1882697343826294,3.4913477897644043,-0.0978335589170456
2216346128.0,-0.8031153678894043,0.5985646843910217,9.551106452941896,1.4874955415725708,2.0577964782714844,-0.7545313835144043
2216354461.0,-0.52012699842453,0.4391198754310608,9.642736434936523,1.8279852867126465,0.5119261145591736,-0.6038427948951721
2216362794.0,-0.0491674616932868,0.2788929045200348,10.008268356323242,2.008232831954956,-1.0802419185638428,-0.3016716241836548
2216371127.0,-0.8199977874755859,0.1433407664299011,9.997394561767578,1.87752366065979,-1.7516679763793943,-0.7417243123054504
2216379460.0,-0.0953310206532478,0.9475892782211304,9.18198299407959,1.7874892950057983,0.439156025648117,-0.2202696055173874
2216387793.0,-0.230166956782341,0.5544340014457703,9.896331787109377,2.490344285964966,1.4528138637542725,-0.1186579540371894
2216396126.0,-0.4948394298553467,0.770232617855072,10.512429237365724,1.732982158660889,2.0981130599975586,-0.566215455532074
2216404459.0,-0.1988222748041153,0.5696593523025513,10.439056396484377,1.2138330936431885,2.9339828491210938,-0.0220154356211423
2216412792.0,-0.2400106787681579,0.3917728066444397,10.574368476867676,1.373076558113098,1.897963643074036,-0.2881985902786255
2216421125.0,-0.3971301913261413,0.756960391998291,10.089046478271484,1.5848807096481323,1.5295027494430542,-0.0507546067237854
2216429458.0,-0.701897382736206,0.4145474731922149,9.865126609802246,2.097754716873169,1.418593168258667,-0.2936287820339203
2216437791.0,-0.5852677822113037,-0.0819717794656753,10.173049926757812,1.365520477294922,1.6900014877319336,-0.3801792860031128
2216446124.0,-0.5314356684684753,0.1864420473575592,9.462481498718262,0.8585123419761658,2.528714179992676,0.0459775552153587
2216454457.0,-0.9713685512542723,0.1090267822146415,9.939382553100586,1.969914078712464,2.6849608421325684,0.0120130768045783
2216462790.0,-0.528093695640564,0.3474421799182892,10.271280288696287,2.328026294708252,2.3601977825164795,-0.0495507344603538
2216471123.0,-0.6876081228256226,0.6564173102378845,9.775246620178224,2.7253549098968506,1.5572429895401,0.0375504717230796
2216479456.0,-0.6765764355659485,0.2765442430973053,10.392193794250488,2.192911624908448,1.300229787826538,0.1335526257753372
2216487789.0,-1.0179667472839355,0.1526134610176086,9.186902046203612,1.1620665788650513,1.456579327583313,0.0653931498527526
2216496122.0,-0.6938032507896423,0.1099864691495895,9.684330940246582,1.8138976097106927,1.9717580080032349,0.1456425338983535
2216504455.0,-0.4479576349258423,0.4871999323368072,9.842827796936035,2.239401340484619,1.390494465827942,0.278349906206131
2216512788.0,-0.8625447750091553,0.6005295515060425,9.74962329864502,3.0722227096557617,0.725190281867981,-0.0591304637491703
2216521121.0,-0.7485706210136414,0.3883567154407501,10.383994102478027,2.1325900554656982,1.3320683240890503,0.12812240421772
2216529454.0,-1.095028519630432,0.6079729795455933,9.9874267578125,1.177025318145752,1.6967637538909912,0.199099451303482
2216537787.0,-0.6364627480506897,1.163299560546875,9.92377758026123,1.428992509841919,1.98999571800232,0.2277617901563644
2216546120.0,-0.3155196011066437,1.138940930366516,10.191030502319336,2.3334310054779053,0.7521876692771912,0.3946641385555267
2216554453.0,-1.1549443006515503,-0.3614845871925354,10.372883796691896,1.638721942901611,-0.4710074067115783,-0.0429422706365585
2216562786.0,-1.185504913330078,0.145796537399292,9.66562843322754,0.2712034881114959,1.459114909172058,0.2961261570453644
2216571119.0,-0.5128968954086304,0.6799265146255493,9.409462928771973,1.4127787351608276,1.923833966255188,0.33388152718544
2216579452.0,-0.264580100774765,0.8830150961875916,10.482760429382324,2.932138442993164,-0.0210164804011583,-0.1217828914523124
2216587785.0,-0.5348454117774963,0.1743704825639724,10.747512817382812,1.8969900608062744,-0.939927101135254,0.0321202501654624
2216596118.0,-0.8217400312423706,0.0392118841409683,9.649528503417969,0.4784995317459106,-0.0782898962497711,-0.1049543246626854
2216604451.0,-1.2609918117523191,0.0542781539261341,9.240127563476562,1.114526629447937,1.7470444440841677,-0.0041366987861692
2216612784.0,-0.7373942732810974,0.5630744695663452,9.580466270446776,2.4327633380889893,3.09555721282959,0.1787873655557632
2216621117.0,-0.9052499532699584,-0.0694351643323898,10.573481559753418,3.556612730026245,1.8545728921890257,-0.156515747308731
2216629450.0,-0.725209653377533,-0.4547062814235687,10.710163116455078,2.4357855319976807,0.1926190257072448,-0.0414310246706008
2216637783.0,-0.3116143047809601,-0.6089475154876709,9.704791069030762,2.023038148880005,-1.1644104719161987,0.105735570192337
2216646116.0,-0.605269193649292,-0.1776679158210754,8.856232643127441,3.5153486728668213,-2.5545973777771,-0.432970255613327
2216654449.0,-0.8955198526382446,0.2125122547149658,9.124494552612305,4.820855617523193,-0.9819601774215698,-0.4530005753040313
2216662782.0,-1.0156396627426147,0.1972585916519165,9.528230667114258,4.644423961639404,1.7869771718978882,-0.4664224088191986
2216671115.0,-0.3455884754657745,0.6514595746994019,9.706811904907228,4.251886367797852,2.6017403602600098,-0.397366464138031
2216679448.0,-0.7265512347221375,0.7782367467880249,10.026893615722656,3.948127269744873,1.8881791830062864,-0.2779272794723511
2216687781.0,-0.9682038426399232,0.7064759135246277,10.203717231750488,3.5654501914978027,0.8085132837295532,-0.4146047830581665
2216696114.0,-0.4514556229114532,0.5003616809844971,9.80129051208496,3.471830368041992,-1.021047592163086,-0.4342253506183624
2216704447.0,-0.9351328015327454,0.6761437058448792,10.064444541931152,3.444576501846313,-1.5196540355682373,-0.2786444425582886
2216712780.0,-0.4657057821750641,0.7850810885429382,10.290117263793944,2.4468767642974854,-1.1286273002624512,-0.4018745422363281
2216721113.0,0.0097742602229118,1.0048538446426392,9.168907165527344,2.78234601020813,-1.1464804410934448,-0.3662707805633545
2216729446.0,-0.4370448887348175,0.2239083796739578,9.79220199584961,3.0705831050872803,-0.4677799642086029,-0.0875366479158401
2216737779.0,-1.0263103246688845,0.0779931768774986,9.747377395629885,1.7309843301773071,1.5171823501586914,0.033836405724287
2216746112.0,-0.4895621538162231,0.4138917922973633,9.48857593536377,1.8803666830062864,2.900991439819336,-0.0235779043287038
2216754445.0,-0.538448691368103,0.4929777681827545,9.957193374633787,3.5865302085876465,1.3305824995040894,0.0090674385428428
2216762778.0,-0.8371460437774658,-0.0562358163297176,10.148357391357422,3.334153652191162,-0.4304600059986114,-0.2541060149669647
2216771111.0,-0.5503274202346802,-0.1112386658787727,9.175979614257812,2.890002727508545,-0.9810124039649964,0.0136523870751261
2216779444.0,-0.8921111822128296,-0.0189863517880439,9.295793533325195,3.176754236221313,-0.905604124069214,0.2607529163360595
2216787777.0,-0.7091602087020874,0.8871514797210693,9.496686935424805,3.2853074073791504,-0.2477280497550964,0.1494590491056442
2216796110.0,-0.6051227450370789,1.213066577911377,9.62597370147705,4.139823913574219,-0.179671049118042,0.0639587417244911
2216804443.0,-0.9523069858551024,0.6387141346931458,10.431351661682127,3.6587629318237305,0.1083994358777999,-0.0330551676452159
2216812776.0,-0.9448699951171876,0.5298673510551453,9.662365913391112,2.288299083709717,0.897189736366272,0.0191082190722227
2216821109.0,-0.4434215426445007,0.6178529858589172,9.972722053527832,2.5844507217407227,0.2341653555631637,0.4006322622299194
2216829442.0,-0.6812101602554321,1.0430865287780762,10.316485404968262,3.141509294509888,-1.069970726966858,0.2222547382116317
2216837775.0,-0.9182185530662536,0.8306206464767456,10.28562831878662,3.087514162063598,-1.422934889793396,0.1096801608800888
2216846108.0,-0.3418114483356476,0.7628521919250488,10.283863067626951,2.5553786754608154,-1.1602352857589722,0.0890863090753555
2216854441.0,-0.4209055006504059,0.3508706092834472,9.67596435546875,1.8894598484039309,-1.5013656616210938,0.21807961165905
2216862774.0,-0.8038818836212158,0.5101685523986816,9.670966148376465,2.0323102474212646,-0.5998213291168213,0.175636813044548
2216871107.0,-0.3286442160606384,1.0891400575637815,9.550542831420898,2.356945276260376,0.5390260219573975,0.2024293094873428
2216879440.0,-0.5227084159851074,0.724137008190155,9.814129829406738,3.498085021972656,0.0513309277594089,0.1042499393224716
2216887773.0,-1.0821988582611084,0.1320912688970565,10.775591850280762,2.193654060363769,0.3125704824924469,-0.1743945181369781
2216896106.0,-1.1547049283981323,0.0458783358335495,9.785232543945312,0.6373845934867859,1.2139865159988403,0.1245876252651214
2216904439.0,-0.3443825244903564,0.3554711937904358,9.145943641662598,2.63342547416687,0.2903373539447784,0.1300947070121765
2216912772.0,-0.2176499664783477,0.4316260814666748,10.776500701904297,4.462307453155518,-1.995464324951172,0.0833231136202812
2216921105.0,-1.0204819440841677,0.0498844608664512,10.603645324707031,2.857396125793457,-3.1728737354278564,-0.5381167531013489
2216929438.0,-1.1456243991851809,0.4047544300556183,8.766170501708984,2.380561351776123,-0.703149139881134,-0.2858164310455322
2216937771.0,-0.6161625385284424,0.2164103537797927,9.60609245300293,3.4342544078826904,1.1607859134674072,-0.0745246186852455
2216946104.0,-0.2337751239538192,0.8506214022636414,10.4146728515625,3.9401602745056152,0.446789026260376,-0.3710093200206756
2216954437.0,-0.8405908346176147,1.2695214748382568,10.743870735168455,3.9034557342529297,-0.5440847873687744,-0.4532054662704468
2216962770.0,-0.7708267569541931,1.643186092376709,10.446611404418944,2.9952518939971924,-0.6443901658058167,-0.3997997939586639
2216971103.0,-0.5865688920021057,1.2825522422790527,10.261065483093262,2.380842924118042,-0.6815563440322876,-0.5963890552520752
2216979436.0,-0.3513492345809936,0.3831230998039245,10.505873680114746,1.1821995973587036,-1.1196366548538208,-0.4240052700042724
2216987769.0,-0.3211555182933807,-0.0001502041413914,9.954124450683594,0.8239842653274536,-1.0725576877593994,0.0116288624703884
2216996102.0,-0.7346672415733337,0.4041577279567718,9.47674560546875,2.083922863006592,-0.6972066760063171,-0.2529790103435516
2217004435.0,-0.4415374994277954,1.215646505355835,9.9968843460083,3.6567907333374015,-0.2244959473609924,-0.5594276785850525
2217012768.0,-0.079218178987503,0.052156277000904,10.682992935180664,2.7538633346557617,-0.2619183957576751,-0.5466206073760986
2217021101.0,-0.5541664958000183,-0.3245387971401214,9.792019844055176,0.7584118247032166,-0.0486798509955406,-0.3360715508460998
2217029434.0,-0.8480195999145508,0.5900165438652039,9.24499225616455,1.3109877109527588,0.956742823123932,-0.0825162604451179
2217037767.0,-0.7653487324714661,0.8022897839546204,10.42174243927002,3.1968870162963867,1.450969696044922,-0.1025465875864029
2217046100.0,-0.4041784405708313,0.7516568899154663,10.677569389343262,3.244478225708008,0.1684135943651199,-0.1869198679924011
2217054433.0,-0.2224514931440353,0.3039382994174957,10.431300163269045,2.1849966049194336,-0.8843954801559448,0.0773037523031234
2217062766.0,-0.7929559946060181,-0.0048189298249781,9.389972686767578,1.2471827268600464,-1.5566667318344116,0.0807616785168647
2217071099.0,-0.9194123148918152,0.3363535404205322,9.003975868225098,1.731137990951538,-0.2203720659017563,0.1429530531167984
2217079432.0,-0.203064739704132,-0.0547982901334762,10.181167602539062,2.3080220222473145,0.8532357215881348,0.4845957458019256
2217087765.0,-0.3696166574954986,0.0606859400868415,10.240545272827148,2.630377054214477,-0.0213494654744863,0.2197189033031463
2217096098.0,-0.5760213732719421,0.6820135712623596,10.068079948425291,3.1326723098754883,-0.0052124969661235,0.2521209418773651
2217104431.0,-0.932851791381836,0.7093325853347778,9.559391021728516,2.9723269939422607,0.3257874548435211,0.2010973691940307
2217112764.0,-0.5010210275650024,1.2487764358520508,9.466819763183594,3.0564956665039062,0.450400710105896,0.0761511176824569
2217121097.0,0.1308480948209762,1.6071017980575562,10.143216133117676,2.6652889251708984,-0.314888596534729,0.4346991777420044
2217129430.0,0.6969375014305115,1.70310378074646,10.192829132080078,1.87434720993042,-2.62457537651062,0.1645202189683914
2217137763.0,0.0630914494395256,2.053842544555664,9.468149185180664,1.23189115524292,-3.201305627822876,-0.0787765830755233
2217146096.0,-0.3049542009830475,1.758726716041565,9.095303535461426,-0.1131252646446228,-0.2143527269363403,0.0118593908846378
2217154429.0,-0.6294545531272888,0.8107846975326538,8.672863960266113,-1.288588285446167,3.253623008728028,0.1365751028060913
2217162762.0,-0.9904299974441528,-0.1328746974468231,9.55266284942627,-1.864267945289612,6.043166160583496,0.1950780153274536
2217171095.0,-1.862471461296081,-0.905417501926422,10.528579711914062,-1.8618863821029663,7.556994915008545,0.5457625985145569
2217179428.0,-1.0142004489898682,-1.345295548439026,10.568476676940918,-0.1348461508750915,4.811121940612793,0.0668787732720375
2217187761.0,-0.1743137389421463,-1.0405946969985962,10.38259983062744,3.0962231159210205,-0.3589963316917419,0.0648552477359771
2217196094.0,-0.7672619223594666,-1.1188278198242188,10.1431245803833,4.334005355834961,-5.157310485839844,-0.2241373509168625
2217204427.0,-0.3056909143924713,-0.6375753283500671,9.43357753753662,3.675002098083496,-5.313250541687012,-0.4638097584247589
2217212760.0,0.1021011471748352,0.4172946512699127,8.452777862548828,3.853687524795532,-3.020315647125244,-0.2760574519634247
2217221093.0,-0.2093739062547683,0.3081643879413605,9.143454551696776,4.489330291748047,-0.0352836102247238,-0.3111489415168762
2217229426.0,-1.1420220136642456,0.5126714110374451,9.275345802307127,3.933911085128784,4.708460330963135,-0.2658885717391968
2217237759.0,-1.1727938652038574,0.184996411204338,9.879281997680664,3.746031045913696,7.974684715270996,0.0783795639872551
2217246092.0,-0.4457935690879822,0.4092905819416046,10.655251502990724,4.133702278137207,6.686083793640137,-0.1087964698672294
2217254425.0,-0.849054217338562,-0.15987528860569,11.23048210144043,4.70103120803833,1.7849793434143066,-0.3183465003967285
2217262758.0,-0.5846989750862122,0.0804346799850463,10.641149520874023,4.472655296325684,-2.5265238285064697,-0.522312581539154
2217271091.0,-0.5824254155158997,-0.0890970826148986,9.488693237304688,4.566864967346191,-3.806288242340088,-0.095835655927658
2217279424.0,-0.2017289847135543,0.434576153755188,9.166279792785645,4.796956539154053,-3.498942852020264,-0.2246240377426147
2217287757.0,-0.473857581615448,0.3834126889705658,9.422896385192873,4.346735954284668,-0.8876997828483582,-0.5463900566101074
2217296090.0,-0.8267203569412231,0.2479249984025955,9.09371280670166,3.621340751647949,2.877759456634521,-0.511016845703125
2217304423.0,-0.5384155511856079,0.4796798229217529,9.492298126220703,3.855889797210693,5.814584732055664,-0.0529830418527126
2217312756.0,-0.7610605359077454,0.701512336730957,10.463594436645508,4.617221832275391,5.523786544799805,-0.1195288300514221
2217321089.0,-0.6350679993629456,0.249901607632637,11.18967056274414,4.226989269256592,2.6780452728271484,-0.0753698945045471
2217329422.0,-1.3820561170578003,0.2951545417308807,10.460545539855955,3.329850912094116,0.592124342918396,0.0902389511466026
2217337755.0,-0.3247794210910797,0.0810876041650772,10.017617225646973,3.512326240539551,-0.7087842226028442,0.7344369292259216
2217346088.0,0.0419055446982383,0.3715108931064605,10.57917022705078,4.3176116943359375,-2.8914501667022705,0.6898170113563538
2217354421.0,-0.5049181580543518,0.7534177303314209,10.067578315734863,4.184290409088135,-2.787917375564575,0.1271746754646301
2217362754.0,-0.4115148186683655,0.3768869042396545,8.841766357421875,4.19589376449585,0.4499140679836273,0.3978915214538574
2217371087.0,-1.2192413806915283,0.6686320900917053,9.326263427734377,4.375014305114746,4.251860618591309,0.3448957204818725
2217379420.0,-0.8194502592086792,1.1799405813217163,10.3379487991333,3.298678398132324,6.646971702575684,0.3642344772815704
2217387753.0,-0.6315280199050903,0.7652220129966736,10.622905731201172,3.4409141540527344,4.9287428855896,0.1723581999540329
2217396086.0,-0.9994936585426332,0.5138916373252869,10.48287296295166,3.978685140609741,1.4989451169967651,0.1125745549798011
2217404419.0,-0.6967639923095703,0.5259200930595398,10.456904411315918,3.681457042694092,-0.5075588226318359,0.6306992769241333
2217412752.0,-0.7936084270477295,0.8034034967422485,9.572869300842283,3.714192390441896,-1.9164187908172607,0.2873917520046234
2217421085.0,-0.5875675082206726,1.3621195554733276,9.338125228881836,4.140464782714844,-1.3719112873077393,0.2460759729146957
2217429418.0,-0.3942365050315857,0.5069881677627563,9.680941581726074,3.4249305725097656,0.41420778632164,0.4133112728595733
2217437751.0,-0.6815388798713684,0.8061808943748474,9.309908866882324,2.6202592849731445,2.1693718433380127,0.2908752560615539
2217446084.0,-0.6036339998245239,0.8564133048057556,10.230476379394531,2.415345430374145,3.8701059818267822,0.4441764950752258
2217454417.0,-0.9427235722541808,0.9691224098205566,10.078741073608398,2.3933427333831787,4.068513870239258,0.0666994675993919
2217462750.0,-0.8151451945304871,1.4561986923217771,10.110634803771973,3.6636037826538086,2.9230198860168457,-0.1221670880913734
2217471083.0,-0.642416775226593,0.7883418798446655,10.95915412902832,2.8941783905029297,1.285552978515625,0.1119598373770713
2217479416.0,-0.6574106216430664,0.8568462133407593,9.98904514312744,1.1729270219802856,-0.2146600782871246,-0.3142738342285156
2217487749.0,-0.3594875931739807,0.6198081374168396,9.244133949279783,1.5038886070251465,-0.1426072418689727,-0.0594378225505352
2217496082.0,-0.6478225588798523,0.5428140163421631,9.61462116241455,1.8534715175628664,1.0540001392364502,0.1162886247038841
2217504415.0,-0.8158995509147644,0.8423735499382019,9.055481910705566,2.7607789039611816,2.120192527770996,-0.1615617722272873
2217512748.0,-1.1638119220733645,0.408665269613266,9.763989448547363,2.8939478397369385,3.9684650897979736,-0.2346135824918747
2217521081.0,-0.5706936120986938,0.537676215171814,9.817066192626951,1.9764200448989868,4.35646915435791,-0.2274160087108612
2217529414.0,-1.062658429145813,0.8118769526481628,9.503536224365234,2.4774088859558105,2.8404903411865234,-0.3068201243877411
2217537747.0,-1.4566940069198608,1.6773598194122314,9.768155097961426,2.441420555114746,2.1126365661621094,-0.6600916385650635
2217546080.0,-1.8108917474746704,2.3093419075012207,8.672693252563477,2.5028438568115234,1.7902302742004397,-0.8037618398666382
2217554413.0,-2.158573627471924,2.2682552337646484,8.728017807006836,2.06888747215271,1.8208647966384888,-1.1592363119125366
2217562746.0,-1.506198167800903,1.507398247718811,9.613517761230469,0.2017889320850372,1.6606732606887815,-0.9060651659965516
2217571079.0,-0.9417486190795898,0.3792509436607361,10.377612113952637,-1.69336998462677,-0.431279718875885,-0.7842438817024231
2217579412.0,-0.6490902900695801,-0.2423806637525558,10.745438575744627,-2.164645910263061,-3.2028675079345703,-0.8663116693496704
2217587745.0,-0.4248712956905365,-0.1692018806934356,10.67013168334961,-0.6071470379829407,-4.159969806671143,-0.5989248752593994
2217596078.0,-0.8798440098762512,0.0775878056883812,9.782258987426758,1.9285472631454468,-2.845421552658081,-0.9587536454200744
2217604411.0,0.003341368632391,-0.8944379687309265,10.399941444396973,2.4898829460144043,0.2002520859241485,-0.6548407077789307
2217612744.0,0.0464157536625862,-0.8399572968482971,9.749261856079102,1.4216668605804443,1.99522078037262,-0.3268504440784454
2217621077.0,-1.0761404037475586,0.3477639555931091,8.681074142456055,2.202850103378296,3.591986656188965,-0.4203168153762817
2217629410.0,-1.4342873096466064,0.6837617754936218,8.96744441986084,3.222808837890625,5.09807825088501,-0.3225216567516327
2217637743.0,-1.3423399925231934,0.2021415531635284,9.767169952392578,3.2882275581359863,4.627108573913574,-0.0884075313806533
2217646076.0,-1.2881706953048706,0.1462902277708053,10.475228309631348,1.880545735359192,2.233023405075073,0.0797883421182632
2217654409.0,-0.8146161437034607,-0.3578637540340423,10.932435035705566,0.7368190288543701,-0.5120925903320312,0.5196359157562256
2217662742.0,-1.033940315246582,-0.2386455684900283,9.483390808105469,1.521639347076416,-3.231607437133789,0.2451794594526291
2217671075.0,-1.2861891984939575,-0.0189448185265064,9.27634334564209,3.322166204452514,-2.6404566764831543,0.3730713427066803
2217679408.0,-0.65505450963974,-0.2880671620368957,10.021795272827148,3.439069986343384,-0.43573659658432,0.9326655268669128
2217687741.0,-0.9121841192245485,0.2707930207252502,9.488617897033691,3.176267623901367,1.0175766944885254,0.4475575685501098
2217696074.0,-0.9241028428077698,0.4046516120433807,9.52725887298584,3.19706654548645,2.53463101387024,0.5439951419830322
2217704407.0,-1.4610334634780884,0.539452850818634,9.55154514312744,3.1264736652374268,3.559021472930908,0.4768089950084686
2217712740.0,-0.5603318810462952,0.1130755767226219,10.367880821228027,2.955165386199951,2.2389400005340576,0.4751440286636352
2217721073.0,-1.3846938610076904,-0.01444623619318,10.325934410095217,2.579097270965576,0.1684392094612121,0.478243350982666
2217729406.0,-1.449852705001831,0.1909667253494262,9.999281883239746,2.520594358444214,-0.4983633160591125,0.3560378551483154
2217737739.0,-1.1677842140197754,0.1519567668437957,9.401744842529297,3.5012097358703613,-0.3156314194202423,0.6833109259605408
2217746072.0,-1.4534274339675903,0.186128094792366,10.312213897705078,4.419787883758545,0.122692197561264,0.4323683083057403
2217754405.0,-0.5303736925125122,0.5313804149627686,10.29518985748291,3.5655786991119385,0.1825270503759384,0.4243766665458679
2217762738.0,-1.1778126955032349,0.5630926489830017,9.632356643676758,3.73506760597229,0.0739739015698432,0.0593225695192813
2217771071.0,-1.113910436630249,0.6754021048545837,9.6685791015625,3.866109609603882,1.1090450286865234,-0.1281095743179321
2217779404.0,-1.0002106428146362,0.1639725565910339,9.783036231994627,3.872795343399048,1.8511409759521484,-0.1169674023985862
2217787737.0,-1.5203601121902466,0.3320871889591217,10.047438621520996,3.342888116836548,1.7470957040786743,-0.2228054106235504
2217796070.0,-1.1056421995162964,0.8227601051330566,9.8306245803833,3.7079415321350098,1.6887205839157104,-0.1268544793128967
2217804403.0,-1.3339812755584717,0.165394902229309,10.062965393066406,4.486410140991211,0.4436129629611969,-0.4872980415821075
2217812736.0,-1.2007107734680176,0.2285614609718322,10.45675277709961,3.720082998275757,0.1306069791316986,-0.3304107785224914
2217821069.0,-1.5295963287353516,0.3134565055370331,9.68891716003418,3.318324565887451,0.2913619577884674,-0.1224488615989685
2217829402.0,-1.4981852769851685,0.9494568109512328,9.29113483428955,4.473091125488281,0.7784935235977173,-0.5741047263145447
2217837735.0,-1.211768388748169,0.9915944337844848,10.260462760925291,4.803745269775391,1.074440360069275,-0.4784867763519287
2217846068.0,-1.046049952507019,-0.0620160922408103,10.48121166229248,3.3000612258911133,0.0989734008908271,-0.3765164613723755
2217854401.0,-1.1472430229187012,0.2292745560407638,9.141160011291504,2.62420392036438,-0.6129871010780334,-0.5866044163703918
2217862734.0,-1.4206393957138062,0.4733948409557342,9.274378776550291,3.689909934997559,0.084578201174736,-0.3265430331230163
2217871067.0,-1.318730354309082,0.2739814817905426,9.866083145141602,4.380930423736572,0.8206800818443298,-0.6436216831207275
2217879400.0,-1.4103833436965942,0.4920559823513031,10.022692680358888,4.205345153808594,1.088144063949585,-0.6428788900375366
2217887733.0,-1.3892757892608645,0.685831606388092,10.12954807281494,3.907425880432129,1.433628797531128,-0.1873809397220611
2217896066.0,-1.7736424207687378,0.7666124105453491,10.012134552001951,3.515758991241455,0.8226011395454407,-0.4452650845050812
2217904399.0,-1.327850341796875,0.8105440735816956,9.726232528686523,3.720698118209839,0.5460186004638672,-0.5543304085731506
2217912732.0,-1.0722066164016724,0.3002637028694153,10.345712661743164,3.5668587684631348,-0.7444649338722229,-0.2243422567844391
2217921065.0,-1.437442183494568,0.8058921694755554,9.867384910583496,2.780092239379883,-1.69623863697052,-0.3854301869869232
2217929398.0,-1.5978820323944092,1.1794445514678955,9.141804695129396,3.529283285140991,-0.4451626241207123,-0.2668363153934479
2217937731.0,-1.0073710680007937,0.2500461637973785,9.907500267028809,3.168199062347412,0.4020154178142547,-0.131208911538124
2217946064.0,-1.3708808422088623,0.288793534040451,9.262115478515623,2.4081993103027344,0.835357129573822,-0.1285450458526611
2217954397.0,-1.4336260557174685,0.4670259058475494,9.7257080078125,2.8157215118408203,1.7043969631195068,-0.0207859519869089
2217962730.0,-1.6419156789779663,0.2794896066188812,10.0592679977417,2.7795796394348145,1.4254063367843628,0.0303272549062967
2217971063.0,-1.3759832382202148,0.4862540066242218,10.03679656982422,3.313688278198242,0.7447339296340942,-0.1112554371356964
2217979396.0,-0.94158136844635,0.1219147369265556,10.17908000946045,3.5378129482269287,-0.4200350642204284,0.3180007636547088
2217987729.0,-1.2779632806777954,0.1779010146856308,9.719066619873049,3.432051181793213,-1.7330461740493774,0.0372687093913555
2217996062.0,-1.863586902618408,0.7375408411026001,9.046307563781738,3.996229648590088,-0.3172194361686706,0.047770544886589
2218004395.0,-1.4303480386734009,0.2665842175483703,9.918597221374512,3.701846122741699,1.827012062072754,0.2858292162418365
2218012728.0,-1.0135291814804075,1.0617692470550537,9.66027545928955,3.831608057022095,1.725170016288757,0.1102692931890487
2218021061.0,-0.9550291299819946,1.2934095859527588,10.120353698730469,4.339435577392578,0.9418097734451294,0.1497408300638198
2218029394.0,-1.202728033065796,1.5262055397033691,9.93478775024414,3.49060583114624,0.1123184338212013,-0.0254221316426992
2218037727.0,-1.782540798187256,2.0111799240112305,9.37181282043457,2.981087207794189,0.6966816186904907,-0.2452691346406936
2218046060.0,-0.7804434299468994,1.9611990451812744,9.924129486083984,2.08353853225708,1.5087295770645142,-0.0572350062429904
2218054393.0,-0.7107565402984619,1.6541876792907717,9.837010383605955,1.2711063623428345,0.440180629491806,-0.1887897104024887
2218062726.0,-0.860494077205658,1.293927550315857,9.819135665893556,0.118875652551651,0.3672056794166565,-0.1149182543158531
2218071059.0,-1.2828580141067505,0.6462752819061279,9.066946983337402,-0.5497711300849915,1.7048321962356567,-0.0863327756524086
2218079392.0,-1.3415981531143188,0.0536282882094383,9.11744499206543,-0.3798462748527527,3.246066331863404,-0.4222122430801391
2218087725.0,-1.4484137296676636,-0.1348803043365478,9.49045753479004,0.3555768132209778,4.458081245422363,0.0885996371507644
2218096058.0,-2.5043153762817383,-0.8671739101409912,9.491527557373049,1.44167160987854,4.886709213256836,-0.1027002781629562
2218104391.0,-1.8847346305847168,-0.1857694089412689,9.608675003051758,2.3891677856445312,4.746804237365723,-0.4538970291614532
2218112724.0,-1.1329383850097656,-0.1538122594356537,10.528221130371094,3.3594603538513184,2.228258848190308,-0.4758228361606598
2218121057.0,-0.9210628271102904,0.3288808166980743,9.979202270507812,3.393348217010498,-1.573879361152649,-0.7642903327941895
2218129390.0,-1.097659468650818,1.09270179271698,9.25668716430664,3.859835147857666,-1.929610013961792,-0.629277765750885
2218137723.0,-1.5564388036727903,1.1681394577026367,9.265192985534668,3.3311314582824707,0.0077867275103926,-0.6449792981147766
2218146056.0,-2.3170738220214844,1.4151676893234253,9.100530624389648,2.262198209762573,4.155909538269043,-0.8163641095161438
2218154389.0,-2.379030227661133,0.2752701640129089,9.562979698181152,1.2046630382537842,8.113974571228027,-0.3897846341133117
2218162722.0,-2.0900301933288574,-0.46275395154953,10.310751914978027,1.1095575094223022,8.621316909790039,0.1032509952783584
2218171055.0,-2.0881941318511963,-0.3022176623344421,10.279934883117676,2.1974451541900635,4.771778106689453,-0.0410468056797981
2218179388.0,-1.567180037498474,-0.053295612335205,10.839818000793455,4.257368087768555,0.5757824182510376,-0.1966020762920379
2218187721.0,-1.0244455337524414,0.0997535362839698,10.63108730316162,4.528007984161377,-4.187068939208984,-0.4965191781520843
2218196054.0,-1.877734899520874,0.888609766960144,9.171516418457031,3.854046583175659,-4.578686237335205,-0.8443861603736877
2218204387.0,-2.2306997776031494,0.8622748851776123,9.153934478759766,2.692594051361084,-0.1876883059740066,-0.5940325260162354
2218212720.0,-2.4602808952331543,0.6373754739761353,8.889616966247559,1.756137490272522,5.537310600280762,-0.002292474033311
2218221053.0,-2.2602906227111816,-0.0083550242707133,10.09066390991211,1.969324946403504,8.643549919128418,0.4631566405296325
2218229386.0,-1.9173318147659304,0.7158228158950806,10.948885917663574,2.588625907897949,6.838924407958984,0.6276768445968628
2218237719.0,-2.278502941131592,0.3592958748340606,11.21799659729004,3.598569393157959,2.0034940242767334,0.240722581744194
2218246052.0,-2.451478958129883,-0.2048244476318359,10.62717628479004,3.10726284980774,-2.027738094329834,0.0945165306329727
2218254385.0,-3.0853960514068604,-0.4551272690296173,9.978530883789062,1.9535207748413088,-2.7820003032684326,0.0980512872338295
2218262718.0,-2.04135799407959,-0.336423248052597,9.450753211975098,1.9789559841156008,-1.4171204566955566,0.4482491612434387
2218271051.0,-1.303567886352539,0.0223657954484224,9.960710525512695,3.655253410339356,-1.342992663383484,0.5966323614120483
2218279384.0,-1.5849957466125488,0.6811897158622742,10.420682907104492,4.878026485443115,-1.3918135166168213,0.3628512620925903
2218287717.0,-1.614620566368103,0.6740111708641052,10.116344451904297,4.329651355743408,-0.0466051027178764,0.2281716167926788
2218296050.0,-1.914527416229248,0.957192599773407,9.505908966064451,3.4844324588775635,1.60519278049469,-0.040303997695446
2218304383.0,-2.601654052734375,0.641940712928772,9.49008083343506,2.8546810150146484,3.0818536281585693,0.1936179846525192
2218312716.0,-3.3182196617126465,0.0304828472435474,10.070999145507812,2.05966591835022,4.5936055183410645,0.5708131790161133
2218321049.0,-2.499058723449707,0.3057876825332641,10.390833854675291,2.8125452995300293,3.5115325450897217,0.5658441185951233
2218329382.0,-1.3064006567001345,-0.0622046440839767,11.181596755981444,4.001763343811035,-1.1054977178573608,0.8964470624923706
2218337715.0,-1.4824533462524414,0.6576752662658691,11.17860984802246,4.52454948425293,-6.048994064331055,0.4886427223682403
2218346048.0,-1.783332347869873,0.9340043067932128,9.889815330505373,3.669060707092285,-6.778181076049805,0.299276739358902
2218354381.0,-2.1518681049346924,1.1625862121582031,8.73168659210205,3.4598429203033447,-2.999004602432251,-0.0173280294984579
2218362714.0,-2.7121498584747314,1.2484866380691528,9.292227745056152,3.170837163925171,2.356688976287842,-0.2901196181774139
2218371047.0,-2.454673290252685,0.9822805523872375,9.973644256591797,1.9214519262313845,6.5611891746521,0.1867790073156356
2218379380.0,-2.15552020072937,1.157512664794922,10.209465026855469,2.49912977218628,6.105331897735596,0.0793529003858566
2218387713.0,-1.829139947891236,0.6566507816314697,10.94308090209961,3.100142002105713,1.6064223051071167,0.1403916180133819
2218396046.0,-2.270838499069214,0.2715611457824707,10.63572597503662,2.270266532897949,-2.5650737285614014,0.0815045088529586
2218404379.0,-2.758072853088379,-0.2867125272750854,9.276778221130373,1.9471430778503416,-4.464446067810059,0.0306858550757169
2218412712.0,-1.9633628129959104,-0.0467562638223171,8.644842147827148,2.7986369132995605,-3.432346105575561,-0.0961942672729492
2218421045.0,-1.0609506368637085,-0.938691020011902,9.357207298278809,4.009601593017578,-2.900850534439087,0.0734616294503212
2218429378.0,-0.5847993493080139,-0.9246719479560852,9.10720157623291,4.140182971954346,-2.6282124519348145,0.0744093582034111
2218437711.0,-0.892530083656311,-0.3573698699474334,8.80416202545166,5.110373020172119,-1.1381300687789917,0.1165447607636451
2218446044.0,-2.134751558303833,0.134822279214859,8.65434741973877,6.236093044281006,1.6538342237472534,-0.3347652554512024
2218454377.0,-3.908549308776856,1.4312392473220823,8.842690467834473,7.040712833404541,6.890510559082031,-0.6088888049125671
2218462710.0,-2.9374237060546875,1.452372908592224,10.614828109741213,6.145188808441162,9.346482276916504,-0.1935283839702606
2218471043.0,-1.8333945274353027,1.9097870588302608,11.499748229980469,5.020800590515137,5.981308460235596,-0.3103805184364319
2218479376.0,-0.9978287816047668,1.974047899246216,11.500652313232422,4.052326202392578,-1.7577128410339355,-0.2603046894073486
2218487709.0,-0.507661759853363,1.981382846832276,9.98196029663086,2.6650073528289795,-8.222437858581543,0.0159320533275604
2218496042.0,-2.038069009780884,1.972670316696167,8.366521835327148,2.090275526046753,-9.126520156860352,-0.2102288752794265
2218504375.0,-3.191733837127685,1.6443705558776855,7.341746807098389,0.8408384323120117,-3.0747711658477783,-0.6230790615081787
2218512708.0,-3.998884677886963,1.962002635002136,6.897670269012451,0.2343702316284179,6.324692249298096,-0.7362427115440369
2218521041.0,-3.2457022666931152,1.524763584136963,9.454838752746582,0.4921776354312897,11.902578353881836,-0.3993644118309021
2218529374.0,-2.6948883533477783,1.1823992729187012,11.270570755004885,-0.242272287607193,9.621374130249023,-0.2703967094421386
2218537707.0,-1.9049022197723389,0.9447546601295472,11.552349090576172,-0.2257510423660278,1.4895190000534058,-0.5945704579353333
2218546040.0,-1.5637999773025513,0.1999794691801071,10.69511890411377,0.1383937150239944,-7.0127034187316895,-0.5739509463310242
2218554373.0,-2.999219417572021,-0.1127915605902671,9.75003719329834,-0.460428774356842,-10.55466651916504,-0.381460040807724
2218562706.0,-3.2880897521972656,-0.0247830748558044,9.182217597961426,-1.5166059732437134,-7.217028141021728,0.026280203834176
2218571039.0,-2.4183199405670166,-0.651706337928772,8.58898639678955,-0.7384455800056458,-2.58192777633667,0.2804758846759796
2218579372.0,-1.1636297702789309,-0.6399112343788147,9.336710929870604,1.9955027103424072,-0.2920663356781006,0.1154689788818359
2218587705.0,-1.279781699180603,-0.8284294605255127,10.515557289123535,3.325829267501831,0.0335802659392356,0.4382340013980865
2218596038.0,-1.746023178100586,0.1958191990852356,9.702186584472656,3.532869338989258,-0.3832530081272125,0.3976866602897644
2218604371.0,-2.6531291007995605,1.2755802869796753,8.48564624786377,4.770753860473633,0.0339388623833656,0.1838845908641815
2218612704.0,-2.453066110610962,1.5142360925674438,9.187198638916016,4.534923553466797,0.5693532824516296,0.3769390881061554
2218621037.0,-1.6174358129501345,0.1985993534326553,10.455759048461914,2.4650373458862305,-0.7848585844039917,0.2256870418787002
2218629370.0,-1.0087348222732544,-0.7640066146850586,10.498126029968262,0.5371305346488953,-3.8200936317443848,0.4436384737491607
2218637703.0,-1.0981305837631226,-0.7440569996833801,10.047276496887209,1.35857892036438,-5.061948776245117,1.0667816400527954
2218646036.0,-2.333547830581665,0.8512483835220337,9.147987365722656,4.138082027435303,-4.250336170196533,0.4133625328540802
2218654369.0,-2.4451749324798584,1.4187792539596558,9.593356132507324,5.933230400085449,0.0018954534316435,0.0411364622414112
2218662702.0,-2.173372507095337,1.1465048789978027,9.871309280395508,4.671165466308594,3.164536237716675,0.072078451514244
2218671035.0,-1.2456433773040771,0.0415577068924903,10.641275405883787,1.9382034540176392,3.0753986835479736,0.4360054731369018
2218679368.0,-1.8724855184555047,-0.2888389527797699,10.335400581359863,-0.03892083466053,0.7352822422981262,0.7799022793769836
2218687701.0,-1.801628589630127,0.037001471966505,9.917451858520508,1.234144926071167,-1.952560305595398,0.4613635838031769
2218696034.0,-1.4720654487609863,-0.1785448491573333,9.816866874694824,3.8281502723693848,-4.044065475463867,0.1386242359876632
2218704367.0,-1.3568423986434937,0.2272283881902694,10.157373428344728,5.099742889404297,-4.161583423614502,-0.2028775364160537
2218712700.0,-1.5240107774734497,-0.1316004991531372,9.864137649536133,3.6798951625823975,-2.099739789962769,-0.0583364255726337
2218721033.0,-1.5782063007354736,0.0663724616169929,9.067025184631348,2.88680100440979,1.4037624597549438,0.0692608878016471
2218729366.0,-1.6788601875305176,0.0285565257072448,9.582915306091309,3.4931414127349854,3.70038652420044,-0.0525219924747943
2218737699.0,-1.539806842803955,0.2827594876289367,10.994955062866213,4.163311958312988,4.121996402740479,-0.1908900886774063
2218746032.0,-1.3936846256256104,-0.1199024766683578,10.60836696624756,4.519068241119385,2.115325927734375,-0.4475703239440918
2218754365.0,-1.284312129020691,-0.0123722255229949,10.221030235290527,4.939065456390381,0.3544497787952423,-0.3097401559352875
2218762698.0,-2.138912439346313,0.5005097985267639,9.95176124572754,4.322812080383301,0.3420781195163727,-0.1223720163106918
2218771031.0,-1.545708417892456,1.146062254905701,9.00279426574707,4.124967575073242,0.9715992212295532,-0.2419648915529251
2218779364.0,-1.34110426902771,1.7244318723678589,9.228779792785645,5.167339324951172,1.512443780899048,-0.3614553213119507
2218787697.0,-1.8212566375732424,0.104956604540348,10.440557479858398,3.610429048538208,1.6370824575424194,-0.3439607620239258
2218796030.0,-2.8120694160461426,-0.0682929381728172,9.377901077270508,1.3011775016784668,4.023253917694092,-0.4079195261001587
2218804363.0,-2.577320337295532,0.357537031173706,9.532470703125,2.5169827938079834,5.874419689178467,-0.1278790533542633
2218812696.0,-1.7348867654800415,0.350125789642334,10.344573974609377,4.564994812011719,4.196252346038818,-0.0765225291252136
2218821029.0,-1.9168689250946045,0.7168773412704468,11.097336769104004,5.594481945037842,0.4543965458869934,-0.425977498292923
2218829362.0,-1.519003987312317,0.4259519279003143,10.750946998596191,4.207726955413818,-1.7833783626556396,-0.3703178167343139
2218837695.0,-2.5493595600128174,0.2835375070571899,9.089938163757324,2.891181230545044,-0.6545589566230774,-0.3785143494606018
2218846028.0,-1.996346473693848,1.3482273817062378,8.868949890136719,3.616243362426758,1.967762351036072,-0.5828903317451477
2218854361.0,-1.7537658214569092,1.0514495372772217,9.853322982788086,4.690914154052734,3.4564361572265625,-0.377541035413742
2218862694.0,-2.0531930923461914,1.002095103263855,10.29350471496582,4.251936912536621,3.670750379562378,-0.5419331789016724
2218871027.0,-1.916348218917847,1.3978254795074463,10.314953804016112,3.409869432449341,3.7394731044769287,-0.1307734698057174
2218879360.0,-2.5314509868621826,0.5262011885643005,10.664082527160645,2.594235181808472,2.691466808319092,-0.2626099586486816
2218887693.0,-2.5547337532043457,1.113290309906006,9.837149620056152,2.3408594131469727,2.1380205154418945,-0.4792295694351196
2218896026.0,-1.9746423959732056,0.6473825573921204,9.866430282592772,3.559046745300293,1.2200571298599243,-0.1222695559263229
2218904359.0,-2.384599447250366,0.1208803206682205,10.695361137390137,3.166738986968994,0.2110356837511062,-0.2406841516494751
2218912692.0,-1.979504466056824,0.6564038991928101,10.291516304016112,2.0026745796203613,0.4154629409313202,-0.1801577359437942
2218921025.0,-1.7260541915893557,0.300510048866272,9.269597053527832,2.7385716438293457,0.3945617079734802,0.0593481883406639
2218929358.0,-1.91669237613678,0.4956555664539337,9.02198314666748,3.954222440719605,0.5189186930656433,-0.1500353515148162
2218937691.0,-2.591984748840332,0.081589862704277,8.534356117248535,3.826536178588867,2.044041633605957,0.060090996325016
2218946024.0,-2.03474497795105,0.0997549220919609,8.284140586853027,3.4064629077911377,2.951759099960327,0.2579609751701355
2218954357.0,-2.6743357181549072,0.6223548650741577,8.7615385055542,4.038980960845947,2.2704203128814697,0.3167456388473511
2218962690.0,-2.858970165252685,0.9191182255744934,10.400269508361816,3.720314025878906,1.522791862487793,0.3381078839302063
2218971023.0,-1.6359755992889404,1.171940803527832,10.81069278717041,2.867103815078736,-0.8621880412101746,0.2644669413566589
2218979356.0,-1.1668776273727417,1.3193740844726562,10.398005485534668,3.2134854793548584,-4.362091541290283,0.1432091891765594
2218987689.0,-1.204674482345581,1.1303011178970337,10.275175094604492,2.5871148109436035,-5.162536144256592,0.0144720440730452
2218996022.0,-1.6068402528762815,0.8881508708000183,9.46370792388916,1.710851788520813,-3.172284841537476,-0.2011357992887497
2219004355.0,-1.6969048976898191,0.7134310603141785,8.65217113494873,1.803216457366944,0.9873006343841552,-0.0249610710889101
2219012688.0,-1.7127175331115725,1.1090642213821411,8.71854305267334,2.778427124023437,4.546628475189209,0.3333692252635956
2219021021.0,-2.3289601802825928,1.0110973119735718,9.800588607788086,3.249934196472168,5.300558567047119,0.0667250901460647
2219029354.0,-2.419612169265747,0.7251506447792053,10.1893949508667,2.2134029865264893,4.049123764038086,0.1941046863794326
2219037687.0,-2.4068169593811035,0.7197570204734802,10.6342191696167,1.205892562866211,1.692076325416565,0.2241501659154892
2219046020.0,-1.6562318801879885,0.7073439359664917,11.359761238098145,0.9078965187072754,-2.197816610336304,-0.1799528002738952
2219054353.0,-0.9421728253364564,0.849474310874939,10.85757064819336,1.1685726642608645,-5.634222507476807,-0.3848667442798614
2219062686.0,-0.8943801522254944,0.9177725315093994,9.651172637939451,2.001368284225464,-6.624622344970703,-0.5929054617881775
2219071019.0,-1.738781213760376,1.3004852533340454,8.59065055847168,2.2979297637939453,-2.906869888305664,-0.5731056332588196
2219079352.0,-1.9916437864303589,0.9652606248855592,8.876872062683105,1.5072951316833496,3.4542839527130127,-0.3610966205596924
2219087685.0,-1.6062787771224976,-0.0036973250098526,9.406662940979004,0.5450453758239746,7.20881986618042,-0.2798483371734619
2219096018.0,-1.2142605781555176,0.0968426987528801,10.290080070495604,1.1606833934783936,6.230124473571777,-0.3957527577877044
2219104351.0,-1.849922776222229,0.1602488905191421,10.93506908416748,2.472388505935669,2.574512243270874,-0.5222614407539368
2219112684.0,-1.4387260675430298,0.2259018123149871,10.861176490783691,2.9815995693206787,-0.7752276062965393,-0.9482262134552002
2219121017.0,-0.9019773006439208,0.7294154763221741,9.92597770690918,3.2824642658233643,-3.4282474517822266,-1.2147423028945925
2219129350.0,-1.1714192628860474,0.3321919441223144,10.306172370910645,2.574460506439209,-3.0510776042938232,-0.9377753734588624
2219137683.0,-2.116504669189453,0.3323639929294586,9.028361320495604,0.7963977456092834,1.065961837768555,-0.8619318008422852
2219146016.0,-1.868923902511597,0.6579042673110962,8.378695487976074,1.5763001441955566,5.7426862716674805,-0.7351669669151306
2219154349.0,-1.3564531803131104,0.4272525906562805,9.601643562316896,3.3262906074523926,6.940689563751221,-0.6143959760665894
2219162682.0,-2.1058270931243896,0.4679352045059204,10.287585258483888,3.473341464996338,5.221180438995361,-0.7780707478523254
2219171015.0,-2.552632093429565,0.1423661112785339,9.99055290222168,2.2162461280822754,3.5560245513916016,-0.5556111931800842
2219179348.0,-2.377575397491455,0.3053054511547088,9.120014190673828,1.9032659530639648,1.7386685609817505,-0.3743648529052734
2219187681.0,-2.22993803024292,0.3535462915897369,9.777073860168455,2.230589866638184,-0.5022823214530945,-0.501129686832428
2219196014.0,-1.8650197982788088,0.2496639639139175,10.631457328796388,1.9243463277816768,-2.166285753250122,-0.5468767285346985
2219204347.0,-1.6589943170547483,0.1225676536560058,9.57729148864746,1.98704993724823,-2.7550289630889893,-0.7485888600349426
2219212680.0,-1.1927446126937866,0.3657473623752594,9.4072904586792,2.820152997970581,-1.2139995098114014,-0.4540250897407532
2219221013.0,-1.5530937910079956,0.0784665718674659,9.501822471618652,2.6560170650482178,0.5194311141967773,-0.150675743818283
2219229346.0,-1.705590009689331,0.504272997379303,9.262014389038086,2.6926448345184326,2.500000238418579,-0.3540526926517486
2219237679.0,-1.4803460836410522,-0.1991292387247085,9.634355545043944,2.958725690841675,4.02668571472168,0.0124229043722152
2219246012.0,-2.110245943069458,-0.7022547125816345,10.093866348266602,2.980881929397583,3.644239902496338,0.1241522058844566
2219254345.0,-2.089420318603516,-0.4670852720737457,10.184412956237791,3.340992927551269,2.8171818256378174,0.0625243559479713
2219262678.0,-1.7933833599090576,0.2529517114162445,9.599170684814451,4.709356784820557,0.6782904863357544,0.23511303961277
2219271011.0,-1.1891814470291138,0.5293819308280945,9.898016929626465,5.990068912506104,-1.3728591203689575,-0.0486286282539367
2219279344.0,-1.3117040395736694,0.5724925994873047,9.778468132019045,4.370223522186279,-2.422991275787353,0.0771244540810585
2219287677.0,-2.0405197143554688,0.8966696262359619,8.840357780456543,2.8405416011810303,-0.6119881272315979,-0.1040322035551071
2219296010.0,-2.0468289852142334,0.5759319067001343,8.107163429260254,2.541290760040283,2.4043314456939697,0.1847811192274093
2219304343.0,-2.275759220123291,0.8315598964691162,9.33346462249756,3.4717791080474854,5.233782768249512,0.4974797070026397
2219312676.0,-1.8160457611083984,0.6073739528656006,10.738792419433594,3.389378309249878,4.075608730316162,0.4393097758293152
2219321009.0,-2.177385807037353,0.6554990410804749,10.393126487731934,2.9807028770446777,1.4225634336471558,0.1933874934911728
2219329342.0,-2.65143084526062,0.7506731152534485,10.123631477355955,2.59415864944458,-0.3576131463050842,0.1125745549798011
2219337675.0,-1.7807916402816772,0.0499148666858673,9.902009963989258,2.239785432815552,-1.5078458786010742,0.2757372260093689
2219346008.0,-1.3668930530548096,-0.3522586226463318,9.68593978881836,2.6373183727264404,-3.0914714336395264,0.2850607633590698
2219354341.0,-1.341227650642395,0.1806995421648025,9.557095527648926,2.981932640075684,-3.0202131271362305,0.4367739856243133
2219362674.0,-2.026613235473633,0.5396489500999451,8.76723861694336,3.6861186027526855,-1.092434287071228,-0.0184550546109676
2219371007.0,-1.619213342666626,0.3756314814090729,9.279826164245604,4.267920970916748,1.821530818939209,-0.2515189945697784
2219379340.0,-1.605285406112671,0.1557832211256027,10.15292739868164,3.648030996322632,3.201933145523072,-0.0051868828013539
2219387673.0,-1.6498595476150513,0.3307532072067261,9.846109390258787,3.61345100402832,2.5552761554718018,-0.0295972507447004
2219396006.0,-2.074662685394287,0.5291811227798462,9.75148582458496,4.59409236907959,1.8129498958587649,0.2705888152122497
2219404339.0,-1.86859667301178,0.8774731755256653,10.56253147125244,4.813350677490234,0.5756543278694153,0.4204576909542084
2219412672.0,-1.7099769115447998,0.9764277935028076,9.898292541503906,4.581284999847412,-1.825231909751892,-0.1721404790878296
2219421005.0,-1.5474390983581543,0.8012245297431946,9.82036018371582,4.010267734527588,-2.5154333114624023,-0.2444238513708114
2219429338.0,-1.5638461112976074,0.8589653372764587,9.65035629272461,3.2740886211395264,-1.285796284675598,-0.083233468234539
2219437671.0,-1.26329505443573,0.6533622741699219,9.3698091506958,3.2098991870880127,-0.0221691224724054,0.0424684025347232
2219446004.0,-1.3466025590896606,0.9497878551483154,9.380970001220703,3.7045094966888414,1.315290927886963,0.0073256706818938
2219454337.0,-1.6530706882476809,0.850988507270813,10.045413970947266,3.836705207824707,1.7658711671829224,-0.1258299350738525
2219462670.0,-1.967401146888733,0.6767234802246094,10.012951850891112,3.390812635421753,2.4913432598114014,-0.0784948319196701
2219471003.0,-1.4034206867218018,0.4772712886333465,10.227733612060549,3.2015492916107178,1.715462327003479,-0.052778135985136
2219479336.0,-1.499377965927124,0.8637524843215942,9.984903335571287,3.225446939468384,0.0530214644968509,-0.3316659331321716
2219487669.0,-1.584855079650879,0.9631767868995668,10.201298713684082,3.532766342163086,-0.8802716135978699,-0.4289743900299072
2219496002.0,-1.1526520252227783,0.7922229170799255,10.196850776672363,3.307130813598633,-0.8536328077316284,-0.2617902755737304
2219504335.0,-0.9783068299293518,0.13153176009655,9.87412166595459,2.5050976276397705,-0.7184920907020569,-0.2034922838211059
2219512668.0,-1.287993311882019,0.3747717440128326,9.00965976715088,2.7377004623413086,0.6782392859458923,-0.20687335729599
2219521001.0,-1.4676767587661743,0.7044862508773804,8.91574764251709,3.777587652206421,2.4205453395843506,-0.4445222616195678
2219529334.0,-1.523038029670715,0.7277449369430542,9.544922828674316,4.185084342956543,3.749744892120361,-0.4749263823032379
2219537667.0,-1.903707504272461,0.9298696517944336,9.910642623901367,3.640397310256958,4.1754536628723145,-0.6513316035270691
2219546000.0,-1.4744139909744265,1.0998800992965698,10.35476016998291,2.9789867401123047,3.3554649353027344,-0.5091469883918762
2219554333.0,-1.6348345279693604,0.8745695352554321,10.15573501586914,2.474155902862549,1.7037822008132937,-0.4916268289089203
2219562666.0,-1.5223253965377808,1.215010166168213,9.748372077941896,2.6402387619018555,-0.1930160820484161,-0.6910080313682556
2219570999.0,-1.8121012449264529,0.8475131988525391,9.671826362609863,2.715262651443481,-0.2665801644325256,-0.8552209734916687
2219579332.0,-2.028182029724121,0.849111795425415,9.168375015258787,1.9524708986282349,1.149618148803711,-0.7195166945457458
2219587665.0,-1.884358525276184,0.5650476813316345,9.330720901489258,2.0687334537506104,3.087155342102051,-0.5154991745948792
2219595998.0,-1.707205891609192,0.389110267162323,9.609950065612791,1.965969443321228,3.11868667602539,-0.5386289358139038
2219604331.0,-1.9269359111785889,-0.0492266379296779,10.019197463989258,2.140172004699707,2.28706955909729,-0.7313504815101624
2219612664.0,-1.7593169212341309,0.1298298388719558,9.784149169921877,2.418675422668457,1.193264722824097,-0.7853452563285828
2219620997.0,-1.5264285802841189,0.1677906513214111,9.87320041656494,3.116278886795044,0.3000963628292084,-0.8933091759681702
2219629330.0,-1.832799315452576,0.4627248346805572,10.020219802856444,3.487992525100708,0.1294543445110321,-0.7078621983528137
2219637663.0,-1.838172554969788,0.1024742946028709,9.843377113342283,2.996840000152588,1.0303581953048706,-0.6423409581184387
2219645996.0,-1.608000874519348,0.0922834351658821,9.49455451965332,3.0296006202697754,1.857057809829712,-0.7454895377159119
2219654329.0,-1.4881216287612915,0.2846779823303222,9.930670738220217,3.4934229850769043,2.162046194076538,-0.5669071078300476
2219662662.0,-1.4862310886383057,0.4285558760166168,10.227473258972168,3.803124904632568,1.574763298034668,-0.790903627872467
2219670995.0,-1.7407820224761963,1.0362462997436523,9.575003623962402,3.998843669891357,1.4664150476455688,-0.6532014608383179
2219679328.0,-2.0512940883636475,0.9223361611366272,9.641709327697754,3.731994390487671,2.2309999465942383,-0.4081244468688965
2219687661.0,-1.7103906869888306,1.0311506986618042,9.478580474853516,2.8840346336364746,2.188019037246704,-0.7468982934951782
2219695994.0,-1.6587131023406982,0.4497984647750854,9.513128280639648,2.3821494579315186,1.4133167266845703,-0.6190832853317261
2219704327.0,-2.0519368648529053,0.6219279766082764,9.943772315979004,1.8507821559906008,1.7426902055740356,-0.3056930899620056
2219712660.0,-2.331836938858032,0.5385989546775818,9.93739891052246,1.9208626747131348,1.784569501876831,-0.3801280558109283
2219720993.0,-2.2063558101654053,0.456594318151474,9.81897258758545,3.026116847991944,2.0265729427337646,-0.3739293813705444
2219729326.0,-1.9468940496444704,-0.2564327120780945,10.398942947387695,3.0379254817962646,1.6051931381225586,-0.0983714833855629
2219737659.0,-1.7686091661453247,0.4879418015480041,9.763002395629885,2.598333835601806,0.4464817643165588,-0.2551562190055847
2219745992.0,-1.4503613710403442,0.954873502254486,9.765568733215332,3.371832132339477,-0.7379332780838013,-0.4662686884403229
2219754325.0,-1.595919847488403,0.7083830237388611,10.115147590637209,3.0933799743652344,-1.104037523269653,-0.7615240812301636
2219762658.0,-1.7758313417434692,0.3172523379325866,9.411664962768556,2.166836261749268,0.1908260434865951,-0.6302254796028137
2219770991.0,-2.3147096633911133,0.4446107149124145,8.844721794128418,2.1071035861968994,3.384971857070923,-0.0737049430608749
2219779324.0,-2.6057357788085938,1.0642436742782593,9.31144905090332,3.176344394683838,5.279324531555176,0.0589383579790592
2219787657.0,-2.7659640312194824,1.4311143159866333,10.706238746643066,3.551874876022339,4.894521713256836,-0.3706507980823517
2219795990.0,-1.9570549726486208,0.5750990509986877,11.4978666305542,2.339629411697388,1.9867167472839355,-0.4949054419994354
2219804323.0,-1.5725616216659546,0.1008777394890785,10.70863914489746,0.8917083144187927,-1.7440091371536257,-0.3507485091686249
2219812656.0,-1.818758130073548,0.3594425618648529,9.847405433654783,1.402405023574829,-3.277764081954956,-0.2069246172904968
2219820989.0,-1.613722801208496,0.1257838904857635,9.30789279937744,2.245805025100708,-2.607337236404419,-0.3365582525730133
2219829322.0,-1.815391540527344,0.367036759853363,8.491875648498535,3.443065643310547,-0.6236681938171387,-0.4849415123462677
2219837655.0,-2.0352697372436523,0.5265743136405945,9.58673858642578,3.698771953582764,3.148040771484375,-0.4574061930179596
2219845988.0,-2.207507848739624,0.8019671440124512,10.15095043182373,2.664828062057495,5.768376350402832,-0.3735964000225067
2219854321.0,-2.2015252113342285,0.7167434096336365,9.899040222167969,2.537525415420532,5.535620212554932,-0.5355296730995178
2219862654.0,-2.4445831775665283,1.0582118034362793,10.063159942626951,3.331028461456299,4.080705642700195,-0.4071254432201385
2219870987.0,-2.512167930603028,0.4254442155361175,10.6432523727417,3.077242851257324,1.353097677230835,-0.4292561411857605
2219879320.0,-2.8198351860046387,-0.0908097848296165,10.056467056274414,2.231178998947144,-0.783910870552063,-0.4650136530399322
2219887653.0,-2.2549843788146973,0.3129510581493377,9.536551475524902,2.11919379234314,-1.3525981903076172,-0.2612011730670929
2219895986.0,-2.049640655517578,0.7056244611740112,9.294116020202637,3.400853157043457,-1.809863328933716,-0.7859599590301514
2219904319.0,-1.9466131925582888,1.1272268295288086,9.779622077941896,4.235980033874512,-1.386101484298706,-1.1863617897033691
2219912652.0,-2.092738389968872,1.122560739517212,10.381420135498049,2.8059630393981934,0.7953988313674927,-1.061748504638672
2219920985.0,-2.310931205749512,1.0962666273117063,9.902219772338867,1.474432110786438,2.6113200187683105,-1.16095232963562
2219929318.0,-2.0776073932647705,1.193858027458191,9.82395362854004,1.521613597869873,3.70648193359375,-0.830964207649231
2219937651.0,-2.270718097686768,0.6150322556495667,10.326580047607422,1.672327756881714,2.5691075325012207,-0.9486104249954224
2219945984.0,-2.5416979789733887,0.8054764270782471,9.729394912719728,1.531014084815979,0.5533698797225952,-1.5308730602264404
2219954317.0,-2.353274345397949,1.221908450126648,9.787764549255373,2.0231401920318604,-0.1807212233543396,-1.3164305686950684
2219962650.0,-2.1274185180664062,0.6055117249488831,10.303190231323242,1.118855357170105,-1.261411428451538,-1.4081809520721436
2219970983.0,-2.027878522872925,0.2687958776950836,9.043484687805176,-0.0336699113249778,-1.5886332988739014,-1.483819842338562
2219979316.0,-2.157118558883667,-0.0789246261119842,8.827767372131348,0.556110680103302,-0.3105341494083404,-1.3852306604385376
2219987649.0,-2.1616342067718506,0.0675141811370849,9.823202133178713,0.9352012276649476,1.0282577276229858,-1.4847930669784546
2219995982.0,-2.094899177551269,0.3338567614555359,10.170984268188477,1.1995913982391355,1.1844277381896973,-1.6816641092300415
2220004315.0,-2.1045405864715576,0.3213976621627807,9.931632995605469,2.0653271675109863,1.2634477615356443,-1.6379408836364746
2220012648.0,-1.7609679698944092,-0.0577984601259231,9.914856910705566,1.967557668685913,0.5020133852958679,-1.7817392349243164
2220020981.0,-2.122225284576416,-0.0550502128899097,10.15928077697754,1.5701780319213867,0.0546351596713066,-1.7504383325576782
2220029314.0,-1.7863932847976685,-0.1362129151821136,10.04240608215332,1.1143473386764526,0.1542745232582092,-1.5999034643173218
2220037647.0,-1.7838834524154663,-0.2793305516242981,9.295353889465332,2.4153711795806885,-0.1009328961372375,-1.837270736694336
2220045980.0,-1.954367637634277,-0.2390986680984497,9.54331398010254,3.55379581451416,0.3048606216907501,-1.9311212301254272
2220054313.0,-2.239347457885742,0.0216316618025302,9.47131061553955,3.231030464172364,1.731573462486267,-1.893545150756836
2220062646.0,-2.2584564685821533,0.3035063743591308,9.074703216552734,3.224217653274536,2.5899322032928467,-2.135292291641236
2220070979.0,-2.0624094009399414,0.4864715039730072,10.084796905517578,3.3802335262298584,2.744257926940918,-2.017338752746582
2220079312.0,-2.140999317169189,-0.1060876473784446,10.32837200164795,2.654095411300659,1.2283049821853638,-2.090006351470948
2220087645.0,-2.169995784759521,0.1269021481275558,9.388904571533203,2.373696804046631,0.0900852605700492,-2.180373191833496
2220095978.0,-2.110935688018799,0.8289992809295654,9.584756851196287,3.3415818214416504,0.0819143205881118,-1.899231433868408
2220104311.0,-2.3709237575531006,0.6242250800132751,10.248902320861816,3.155186414718628,0.049973364919424,-2.2878758907318115
2220112644.0,-1.9727342128753664,0.415717601776123,9.803255081176758,1.8822110891342163,0.5486569404602051,-2.395148754119873
2220120977.0,-2.180663585662842,0.1448560208082199,9.377264976501465,1.5169005393981934,1.4859330654144287,-2.187929391860962
2220129310.0,-2.0559194087982178,-0.0584155172109603,9.778414726257324,1.6281176805496216,1.632625699043274,-2.5866153240203857
2220137643.0,-2.178076267242432,0.0899611338973045,9.629402160644531,2.3433949947357178,1.5568331480026243,-2.558541774749756
2220145976.0,-2.2398681640625,-0.3630799651145935,10.01837921142578,2.886544942855835,1.024799942970276,-2.6703734397888184
2220154309.0,-2.0664403438568115,-0.1736371517181396,9.594508171081545,2.5224130153656006,1.006127119064331,-2.6022398471832275
2220162642.0,-2.2634434700012207,-0.013136432506144,9.193077087402344,2.862979888916016,0.8492911458015442,-2.6882524490356445
2220170975.0,-2.1346230506896973,-0.0731738656759262,9.367425918579102,3.3242411613464355,0.7947584986686707,-3.001360893249512
2220179308.0,-2.4014780521392822,0.2803914844989776,9.40966510772705,3.709120273590088,0.8202446103096008,-3.064243793487549
2220187641.0,-2.245408058166504,0.5089235305786133,10.164016723632812,3.5106618404388428,1.2416757345199585,-2.9529242515563965
2220195974.0,-2.3855068683624268,0.6020018458366394,9.497629165649414,3.0491442680358887,0.8235232830047607,-3.260756254196167
2220204307.0,-2.367772340774536,0.4913549125194549,9.125847816467283,3.095736503601074,0.8686299920082092,-3.5220727920532227
2220212640.0,-2.002646446228028,0.1670063138008117,10.062966346740724,2.687727212905884,0.9787968397140504,-3.192391872406006
2220220973.0,-2.163945436477661,0.1325196176767349,10.186792373657228,2.178183317184448,-0.0029584439471364,-3.2536096572875977
2220229306.0,-2.2305920124053955,0.5491093397140503,9.683801651000977,2.5679802894592285,0.0508698672056198,-3.189445972442627
2220237639.0,-2.322904109954834,0.4050708711147308,9.403671264648438,3.047632932662964,0.2798611521720886,-3.231248617172241
2220245972.0,-2.3007078170776367,0.0423727184534072,9.280400276184082,2.5755369663238525,0.3277085423469543,-3.652398109436035
2220254305.0,-1.9675192832946773,-0.0404637344181537,9.367034912109377,2.1394290924072266,0.7708860635757446,-3.525274515151977
2220262638.0,-1.986966252326965,-0.0624527931213378,9.87121868133545,2.2923972606658936,0.1054794266819953,-3.512415885925293
2220270971.0,-2.413898229598999,0.2889032661914825,9.757843017578123,2.488576650619507,0.0608594268560409,-3.469179391860962
2220279304.0,-2.413951873779297,0.1739904433488845,9.628360748291016,3.013822555541992,0.5234013199806213,-3.579653739929199
2220287637.0,-2.226839542388916,0.1541955769062042,9.824838638305664,2.788083791732788,0.5352606773376465,-3.706290245056152
2220295970.0,-2.2762975692749023,0.6280540823936462,9.676190376281738,2.9247617721557617,0.2917717695236206,-3.7024483680725098
2220304303.0,-2.183342456817627,0.2466924786567688,9.953604698181152,2.7631869316101074,-0.2327181547880172,-3.737027406692505
2220312636.0,-2.3081557750701904,0.4943504631519317,9.600189208984377,2.4468255043029785,-0.4489279091358185,-3.848116159439087
2220320969.0,-2.204124927520752,0.3361263275146484,9.83194065093994,2.5181868076324463,-0.0215031523257493,-3.742201328277588
2220329302.0,-2.009853839874268,0.3627113103866577,9.971609115600586,2.6160075664520264,-0.1892251819372177,-4.025110721588135
2220337635.0,-1.791296124458313,-0.0673421621322631,10.004027366638184,2.553841590881348,-0.765007495880127,-4.1547698974609375
2220345968.0,-1.957408547401428,-0.0948348566889762,9.575264930725098,2.426231622695923,-0.1415314525365829,-3.956131935119629
2220354301.0,-2.128787040710449,0.3051724135875702,9.78738021850586,2.898609399795532,0.5059580206871033,-4.077543258666992
2220362634.0,-2.080294847488404,0.5229331851005554,9.758516311645508,3.213612794876098,0.9019284248352052,-4.151567935943604
2220370967.0,-2.110224723815918,0.2189688235521316,9.976146697998049,3.1796228885650635,0.8999561667442322,-4.171444416046143
2220379300.0,-1.8643778562545776,-0.3787850439548492,10.018359184265137,2.270548105239868,0.7115122079849243,-3.995449304580689
2220387633.0,-2.2352523803710938,-0.2952907979488373,9.428903579711914,2.155130624771118,0.3041946589946747,-3.816277742385864
2220395966.0,-2.104839563369751,0.1292714774608612,9.579693794250488,3.3612279891967773,0.1853446066379547,-3.802676200866699
2220404299.0,-1.9599090814590447,0.1025024428963661,9.79666519165039,3.9447715282440186,-0.2255461364984512,-3.920220375061035
2220412632.0,-2.0020110607147217,0.0102530419826507,9.795184135437012,3.4847140312194824,-0.1893532276153564,-4.1412458419799805
2220420965.0,-1.971743106842041,0.0287493020296096,9.83579444885254,2.8448705673217773,0.2479458153247833,-4.066810607910156
2220429298.0,-2.044574499130249,-0.1490864306688308,9.363686561584473,2.730298042297364,0.6877422332763672,-4.158996105194092
2220437631.0,-2.1076040267944336,0.2606106996536255,9.493989944458008,3.871771335601807,1.2167274951934814,-4.088352203369141
2220445964.0,-2.141939401626587,0.3241908848285675,10.225104331970217,4.300809383392334,1.2284075021743774,-4.05026388168335
2220454297.0,-2.300177574157715,0.515714168548584,9.963966369628906,3.594445943832397,0.7801072001457214,-4.212658405303955
2220462630.0,-2.0124824047088623,0.9176704287528992,9.92546558380127,3.5787181854248047,0.5003997087478638,-4.13386869430542
2220470963.0,-2.0714304447174072,0.1877016723155975,10.298995971679688,2.9684078693389893,-0.0560823641717433,-4.3406524658203125
2220479296.0,-1.952457427978516,0.2639577090740204,9.73325252532959,2.543416738510132,-0.5401145815849304,-4.537600040435791
2220487629.0,-1.9969444274902344,0.7230730652809143,9.476274490356444,3.407000780105591,0.0193643625825643,-4.527457237243652
2220495962.0,-2.395947217941284,0.5799722075462341,10.15517807006836,3.596264600753784,1.130304932594299,-4.670486927032471
2220504295.0,-1.96914803981781,0.8759382963180542,9.79682445526123,3.0986311435699463,1.4586795568466189,-4.847122669219971
2220512628.0,-1.837793231010437,0.4014066755771637,10.00008487701416,3.007418394088745,1.1067911386489868,-4.691823482513428
2220520961.0,-1.8440191745758057,-0.2565350532531738,10.154261589050291,1.9999338388442995,-0.1283145248889923,-4.8168721199035645
2220529294.0,-2.0715575218200684,0.0414759591221809,9.309382438659668,2.244882822036743,-0.2384301126003265,-4.904549598693848
2220537627.0,-1.7657986879348757,0.1239626109600067,9.931293487548828,3.736604928970337,-0.043736308813095,-4.838465213775635
2220545960.0,-1.6656486988067627,0.0107770198956131,10.215587615966797,3.762116432189941,-0.1126898378133773,-4.883238792419434
2220554293.0,-1.6618878841400146,-0.0064302049577236,9.541497230529783,3.478592872619629,-0.0910970345139503,-5.100166320800781
2220562626.0,-1.58101487159729,0.1839846819639206,9.35899257659912,3.522008419036865,0.6539057493209839,-4.917996883392334
2220570959.0,-1.5313560962677002,0.2920708358287811,9.83946418762207,3.471292495727539,0.5962738394737244,-5.113946914672852
2220579292.0,-1.168526291847229,0.6506868004798889,10.05747413635254,3.24250602722168,0.0793529078364372,-5.259665966033936
2220587625.0,-1.2623202800750732,0.4434191286563873,9.914902687072754,3.268914222717285,-0.5703137516975403,-5.381742477416992
2220595958.0,-1.4445326328277588,0.3328832387924194,9.441781997680664,3.084159135818481,-0.3304877281188965,-5.2586669921875
2220604291.0,-1.3534585237503052,0.2353430688381195,9.363425254821776,2.9563183784484863,0.614101231098175,-5.175112724304199
2220612624.0,-1.380672574043274,0.4099100828170776,9.36740779876709,2.7894673347473145,0.8338202238082886,-5.341400623321533
2220620957.0,-1.5630621910095217,0.2427373081445694,9.679089546203612,3.029677629470825,0.6316983103752136,-5.328491687774658
2220629290.0,-1.3777865171432495,-0.1580536812543869,9.93514347076416,2.7569117546081543,0.2243807017803192,-5.584864616394043
2220637623.0,-0.9979147911071776,-0.0294112879782915,9.981918334960938,2.8615450859069824,-0.9780666828155518,-5.576897144317627
2220645956.0,-0.8808763027191162,0.377461701631546,10.186357498168944,3.104675531387329,-1.7730813026428225,-5.455767631530762
2220654289.0,-0.8966113924980164,0.8296655416488647,10.271318435668944,3.11625337600708,-1.7279746532440186,-5.547543525695801
2220662622.0,-0.733401358127594,0.3930054306983948,9.659894943237305,2.6234612464904785,-1.3187360763549805,-5.839059352874756
2220670955.0,-0.7622866034507751,0.1236094236373901,9.434514045715332,2.338631153106689,0.0085551552474498,-5.812523365020752
2220679288.0,-0.8051617741584778,-0.3184250891208648,9.791021347045898,2.0499069690704346,1.0201125144958496,-5.894590377807617
2220687621.0,-0.8343161344528198,-0.1490368396043777,9.250919342041016,2.7163896560668945,1.24065101146698,-5.990798473358154
2220695954.0,-0.919417142868042,0.3916238844394684,9.801321029663086,4.201016426086426,1.1391931772232056,-5.892465114593506
2220704287.0,-1.1660094261169434,0.2941464185714721,10.47963809967041,3.896744728088379,0.1605243980884552,-5.837906837463379
2220712620.0,-1.0806230306625366,0.0135341612622141,9.726263046264648,2.7452821731567383,-0.4750031530857086,-6.204471111297607
2220720953.0,-0.5894178152084351,0.0534580014646053,9.439785957336426,2.687932252883911,-1.1194828748703003,-6.1757330894470215
2220729286.0,-0.8082947731018066,-0.1402659714221954,9.99667263031006,3.074476957321167,-1.7512069940567017,-6.300167560577393
2220737619.0,-0.8378451466560364,0.2429298311471939,9.934579849243164,3.341274738311768,-1.1362605094909668,-6.550469398498535
2220745952.0,-0.1761840283870697,0.1833969056606292,10.056557655334473,3.730995178222656,-0.3675515055656433,-6.359080314636231
2220754285.0,-0.1745877563953399,0.1124085113406181,9.943729400634766,3.74111270904541,-0.4261568784713745,-6.38566780090332
2220762618.0,-0.7363321185112,0.0986553356051445,9.667034149169922,3.2917368412017822,0.3672569394111633,-6.493016719818115
2220770951.0,-0.7190688252449036,-0.050548393279314,9.59549331665039,3.1510887145996094,1.5580114126205444,-6.265894889831543
2220779284.0,-0.8074731230735779,0.2232532501220703,9.907397270202637,3.706021785736084,1.5676171779632568,-6.470656394958496
2220787617.0,-0.6774836182594299,0.699664831161499,10.664039611816406,3.8556602001190186,0.9809998273849488,-6.585459232330322
2220795950.0,-0.4909811913967132,0.2203444540500641,10.356106758117676,3.331131219863892,-0.467242032289505,-6.675030708312988
2220804283.0,-0.7065504789352417,0.1234322488307952,9.424756050109863,2.8035547733306885,-1.003091812133789,-6.870083332061768
2220812616.0,-0.6698537468910217,0.2256403863430023,9.78161334991455,2.674203395843506,-0.1384065300226211,-6.750414371490479
2220820949.0,-0.3012181520462036,0.0596521683037281,9.997520446777344,2.6107308864593506,-0.0904310420155525,-6.873489856719971
2220829282.0,-0.6179613471031189,0.288064181804657,9.965855598449709,3.149501323699951,0.5413057208061218,-6.915985584259033
2220837615.0,-0.7947917580604553,0.1838487684726715,10.11041259765625,3.372037649154663,1.612851619720459,-6.702823162078857
2220845948.0,-0.4995993375778198,0.1693653613328933,9.8722562789917,3.1216843128204346,1.5607781410217283,-6.963269710540772
2220854281.0,-0.3405022323131561,-0.0337369851768016,10.072524070739746,3.330773115158081,0.7423262596130371,-6.850054264068604
2220862614.0,-0.6177074313163757,-0.5771434903144836,10.342555046081545,2.613856077194214,0.0755876079201698,-6.928459167480469
2220870947.0,-0.5275059938430786,-0.0745249018073082,9.761281967163086,2.715006828308105,-0.0532391965389251,-7.240159511566162
2220879280.0,-0.5543538331985474,0.2128833681344986,9.96104335784912,4.023919105529785,0.5428680777549744,-7.082040786743164
2220887613.0,-0.7315309047698975,0.0781121253967285,10.26362133026123,4.111955642700195,1.197772979736328,-7.346432209014893
2220895946.0,-0.7887620329856873,-0.0149614661931991,9.72322940826416,3.6042559146881104,1.85659658908844,-7.532288074493408
2220904279.0,-0.5608164072036743,-0.130960151553154,9.973960876464844,3.489632129669189,2.373363733291626,-7.323147773742676
2220912612.0,-0.7219371795654297,0.2024278342723846,10.162309646606444,3.628614902496338,1.5535801649093628,-7.59337854385376
2220920945.0,-0.6492693424224854,0.45834681391716,9.859315872192385,4.162467002868652,0.6299309134483337,-7.730261325836182
2220929278.0,-0.6518725752830505,0.0508720017969608,9.93276309967041,4.469197750091553,0.537053644657135,-7.686614513397217
2220937611.0,-0.8267387747764587,-0.024958224967122,10.03477954864502,3.5536932945251465,0.8441171050071716,-7.641430377960205
2220945944.0,-0.7634688019752502,0.3570227324962616,9.794353485107422,3.0841333866119385,1.610623121261597,-7.772677898406982
2220954277.0,-0.70061856508255,0.2652283608913421,9.774181365966797,3.601130962371826,1.6039378643035889,-7.788661956787109
2220962610.0,-0.7186440229415894,0.0374368429183959,10.027982711791992,3.66744613647461,1.0234423875808716,-8.145903587341309
2220970943.0,-1.005083084106445,-0.008700693026185,10.121587753295898,2.9282708168029785,1.1505403518676758,-8.055485725402832
2220979276.0,-0.7691823244094849,0.1848997473716735,9.718182563781738,2.681554317474365,0.9889143705368042,-8.050618171691895
2220987609.0,-0.621099591255188,0.3150962889194488,9.37607479095459,3.820670366287232,0.572196364402771,-8.236526489257812
2220995942.0,-0.4877142608165741,-0.2552762627601623,10.324135780334473,3.695699214935303,0.1192086637020111,-8.284528732299805
2221004275.0,-0.6544681787490845,-0.4098786115646362,9.847323417663574,2.4855031967163086,-0.0883563011884689,-8.316904067993164
2221012608.0,-0.7152315974235535,0.3969987332820892,9.282074928283691,3.07619309425354,1.0256452560424805,-8.287677764892578
2221020941.0,-0.6193004846572876,0.5291721820831299,9.913481712341309,4.135136604309082,1.5383399724960327,-8.137964248657227
2221029274.0,-0.5982730388641357,0.0884168595075607,10.129752159118652,3.777972221374512,1.0184990167617798,-8.61579704284668
2221037607.0,-0.6528096795082092,-0.1018377169966697,9.758066177368164,2.883368968963623,1.2113230228424072,-8.537161827087402
2221045940.0,-0.6188169717788696,-0.3579720854759216,9.802802085876465,2.650791645050049,1.188090682029724,-8.593793869018555
2221054273.0,-0.3938986361026764,-0.1349195390939712,9.660696983337402,3.416554927825928,0.3214842975139618,-8.942225456237793
2221062606.0,-0.7395418882369995,0.1503427624702453,10.132889747619627,4.247506141662598,0.5077509880065918,-8.827779769897461
2221070939.0,-0.7114429473876953,0.1125021651387214,9.80604362487793,3.8951570987701416,0.9851747751235962,-8.88884449005127
2221079272.0,-0.5617774128913879,-0.0341791808605194,9.401089668273926,3.700872659683228,1.4674906730651855,-8.94329833984375
2221087605.0,-0.7351179718971252,-0.1598874032497406,9.778759956359863,3.488633394241333,1.833723068237305,-8.892353057861328
2221095938.0,-0.4474214613437652,-0.5288252234458923,9.849964141845703,3.3683485984802246,1.406272530555725,-9.05246639251709
2221104271.0,-0.4851843416690826,-0.284634917974472,9.747736930847168,4.100941181182861,0.7622796297073364,-9.0107421875
2221112604.0,-0.697429895401001,-0.0103838527575135,10.232605934143066,4.469044208526611,0.5532419085502625,-8.65385913848877
2221120937.0,-0.7850993275642395,0.2530682981014251,9.750804901123049,3.873769044876098,0.8839471936225891,-8.894018173217773
2221129270.0,-0.663950502872467,0.4724341034889221,9.353504180908203,3.866110324859619,1.4417228698730469,-8.99329948425293
2221137603.0,-0.3886928558349609,-0.0659205541014671,9.927616119384766,3.611222982406616,1.4286339282989502,-8.985076904296875
2221145936.0,-0.5083617568016052,-0.3935413658618927,10.255502700805664,2.802710056304932,1.0421921014785769,-9.022859573364258
2221154269.0,-0.7446914315223694,0.0665222033858299,9.81552505493164,3.1110541820526123,1.213884353637695,-8.963946342468262
2221162602.0,-0.7330183982849121,0.0978314280509948,9.577804565429688,4.215360641479492,1.6527584791183472,-8.942096710205078
2221170935.0,-0.9140222668647766,0.5420829057693481,9.471681594848633,4.765861988067627,1.7249395847320557,-9.227054595947266
2221179268.0,-0.9492241144180298,0.2344257682561874,10.28315544128418,3.932860851287842,2.093579769134521,-9.195268630981444
2221187601.0,-0.723636269569397,-0.083450548350811,10.20911979675293,2.630530834197998,1.3292251825332642,-9.233176231384276
2221195934.0,-0.5637263655662537,0.0823180601000785,9.710282325744627,2.853758811950684,0.1692076325416565,-9.334556579589844
2221204267.0,-0.7056117653846741,0.2829306721687317,9.778596878051758,4.159419059753418,-0.1260092407464981,-9.225595474243164
2221212600.0,-1.072319269180298,0.4182804226875305,9.744466781616213,4.11467170715332,0.3707148730754852,-9.57686996459961
2221220933.0,-1.116203546524048,0.7904651165008545,9.471007347106934,3.680868864059448,1.5682573318481443,-9.729557037353516
2221229266.0,-1.0352646112442017,0.4915123879909515,10.068342208862305,2.8892862796783447,2.285712480545044,-9.680479049682615
2221237599.0,-0.7677842974662781,0.1185135915875434,10.103437423706056,2.0302867889404297,1.3523292541503906,-9.91384983062744
2221245932.0,-0.9009658098220824,0.0843543112277984,9.909250259399414,2.4973621368408203,-0.0243719425052404,-10.003780364990234
2221254265.0,-1.0582540035247805,0.3702071607112884,10.16744613647461,3.0959415435791016,-0.4466482996940613,-10.109081268310549
2221262598.0,-0.7152396440505981,0.6082392930984497,10.166842460632324,3.181057929992676,-0.6352459192276001,-10.28236198425293
2221270931.0,-0.4741364121437073,0.5912814736366272,10.088981628417969,3.045942544937134,-0.9802696108818054,-10.446138381958008
2221279264.0,-0.7288899421691895,-0.1429862976074218,10.122147560119627,1.644459843635559,-0.5287163257598877,-10.545907974243164
2221287597.0,-0.6339349150657654,-0.1031091138720512,9.224356651306152,1.357759714126587,0.6832854151725769,-10.6593017578125
2221295930.0,-0.3800020217895508,0.2287727296352386,9.536763191223145,2.8039391040802,1.250410079956055,-10.660375595092772
2221304263.0,-0.6701698899269104,0.2408888339996338,10.337862968444824,3.4839208126068115,0.741122305393219,-10.710375785827637
2221312596.0,-0.8062034845352173,0.0944956243038177,10.22214412689209,2.808933973312378,0.513027548789978,-11.013877868652344
2221320929.0,-0.6096695065498352,-0.0817900747060775,9.963817596435549,1.9754979610443115,0.7256001234054565,-10.834168434143066
2221329262.0,-0.6102867722511292,-0.1964783668518066,9.49659824371338,2.1507508754730225,0.2890822887420654,-10.96905517578125
2221337595.0,-0.6131319999694824,0.1067558825016021,9.599485397338867,3.1638705730438232,0.1187476143240928,-10.823641777038574
2221345928.0,-0.4843747615814209,0.1712451726198196,10.202130317687988,3.527182579040528,-0.321010410785675,-11.067411422729492
2221354261.0,-0.6518904566764832,-0.0574504286050796,10.017144203186035,2.742849349975586,-0.2742131948471069,-11.280522346496582
2221362594.0,-0.297732412815094,0.0200705714523792,9.713868141174316,2.1813340187072754,0.517433226108551,-11.153731346130373
2221370927.0,-0.3791995942592621,-0.1127123236656189,9.785633087158203,2.362452268600464,0.7069529891014099,-11.08526611328125
2221379260.0,-0.7757829427719116,0.1049835011363029,9.480210304260254,2.836597204208374,1.1670101881027222,-11.136391639709473
2221387593.0,-0.516049861907959,0.1367895156145095,10.066852569580078,3.128394842147827,1.694970726966858,-11.059624671936035
2221395926.0,-0.5079513788223267,-0.2892038822174072,10.45805835723877,2.3721089363098145,0.9641710519790648,-10.946898460388184
2221404259.0,-0.7286069989204407,-0.3242127001285553,9.864008903503418,2.082129955291748,0.6206585764884949,-10.999381065368652
2221412592.0,-0.8829482793807983,-0.141062393784523,9.553826332092283,2.771153211593628,0.6325947642326355,-11.061444282531738
2221420925.0,-0.6644793152809143,-0.1646368205547332,9.775850296020508,3.3242928981781006,0.5889481902122498,-11.195534706115724
2221429258.0,-0.349800556898117,-0.2091196179389953,10.051815032958984,3.1023194789886475,0.2602662742137909,-11.166462898254396
2221437591.0,-0.5711610913276672,-0.5544947385787964,10.10068130493164,2.425898551940918,0.0114239482209086,-11.24189567565918
2221445924.0,-0.6449007987976074,-0.2145661562681198,9.281206130981444,2.3570990562438965,0.5068545341491699,-11.35055160522461
2221454257.0,-0.6818513870239258,0.3151707649230957,9.349995613098145,3.701974868774414,1.4973827600479126,-11.261876106262209
2221462590.0,-0.459351897239685,-0.1441045701503753,10.33172607421875,3.5903475284576416,1.5065780878067017,-11.410463333129885
2221470923.0,-0.5922849774360657,-0.3206096291542053,9.919881820678713,2.335224151611328,1.0302557945251465,-11.515430450439451
2221479256.0,-0.7983053922653198,-0.3118492066860199,9.651360511779783,2.2508769035339355,1.1346338987350464,-11.520400047302246
2221487589.0,-1.0420876741409302,-0.5734899640083313,9.727975845336914,2.6105778217315674,1.5005590915679932,-11.576958656311035
2221495922.0,-1.0347663164138794,-0.1213067546486854,9.654728889465332,3.528770446777344,1.5827034711837769,-11.559126853942873
2221504255.0,-0.7607628703117371,-0.2737410962581634,10.524086952209473,3.894055128097534,1.26142418384552,-11.38917636871338
2221512588.0,-0.7679031491279602,-0.7016887068748474,10.045846939086914,2.753991842269897,-0.3194223940372467,-11.57664966583252
2221520921.0,-0.7242993712425232,-0.4462366104125976,9.06166172027588,2.923813581466675,-0.6788924932479858,-11.912066459655762
2221529254.0,-0.7327906489372253,-0.4700798690319061,9.557256698608398,3.5917818546295166,0.0026126522570848,-12.007532119750977
2221537587.0,-0.8558953404426575,-0.5806353092193604,10.170376777648926,3.483588218688965,0.6333121061325073,-12.236268997192385
2221545920.0,-0.7778269052505493,-0.3164982795715332,9.913288116455078,3.686170339584351,1.407220482826233,-12.337776184082031
2221554253.0,-1.0746407508850098,-0.4928056001663208,9.779194831848145,4.319995403289795,1.8172789812088013,-12.264750480651855
2221562586.0,-1.143309235572815,-0.4308901727199554,9.870238304138184,4.5772385597229,1.9768301248550413,-12.376838684082031
2221570919.0,-0.9714949131011964,-0.2257639616727829,10.217881202697754,4.35493278503418,1.1973631381988523,-12.503628730773926
2221579252.0,-0.775523841381073,0.0776107087731361,10.214593887329102,4.309237003326416,-0.3989545702934265,-12.782259941101074
2221587585.0,-0.7517809867858887,0.2423631697893142,10.230891227722168,4.265693187713623,-1.2518831491470337,-13.017706871032717
2221595918.0,-0.8184756636619568,0.1816106885671615,10.109295845031738,3.522470712661743,-0.9820884466171264,-13.175619125366213
2221604251.0,-0.9570854902267456,0.0615312308073043,9.261372566223145,3.133185148239136,0.3073452413082123,-13.316574096679688
2221612584.0,-0.7437533736228943,0.2333100885152816,9.58080005645752,3.450288772583008,1.9289056062698364,-13.143881797790527
2221620917.0,-0.808327853679657,0.1325360685586929,10.465317726135254,3.1433279514312744,1.6328308582305908,-13.29246997833252
2221629250.0,-1.0808720588684082,-0.1887721866369247,10.178411483764648,2.5104002952575684,0.866913914680481,-13.651249885559082
2221637583.0,-0.9670284986495972,-0.0800817161798477,9.805609703063965,2.5853729248046875,0.7302362322807312,-13.545077323913574
2221645916.0,-0.6585831642150879,-0.0105946119874715,10.19987678527832,3.176755428314209,-0.4785380959510803,-13.69804859161377
2221654249.0,-0.6966338753700256,-0.3875228762626648,10.189396858215332,2.905141115188598,-1.6626585721969604,-13.93797492980957
2221662582.0,-0.6737357378005981,-0.4440100789070129,9.56281852722168,2.4189064502716064,-1.2406386137008667,-13.940409660339355
2221670915.0,-0.7676621675491333,-0.6135921478271484,9.456890106201172,2.603456974029541,-0.2518264055252075,-13.926295280456545
2221679248.0,-0.8283652663230896,-0.2960200011730194,9.58680248260498,3.147989511489868,1.054102659225464,-13.914281845092772
2221687581.0,-0.7953795194625854,-0.2629212439060211,10.024746894836426,3.776076555252075,1.352406024932861,-14.15923023223877
2221695914.0,-0.805105984210968,-0.5678179860115051,10.091344833374023,3.666549682617188,0.7081824541091919,-14.218219757080078
2221704247.0,-0.996780812740326,-0.3910366594791412,9.862434387207031,3.1781375408172607,0.0174689088016748,-14.044888496398926
2221712580.0,-0.9236651062965392,-0.4795114994049072,10.007246017456056,3.303391456604004,-0.5918297171592712,-14.193092346191406
2221720913.0,-1.0094542503356934,-0.4558108747005462,9.804713249206545,3.638784170150757,-1.1698405742645264,-14.204694747924805
2221729246.0,-0.8078649640083313,-0.7108839154243469,9.739642143249512,4.159880638122559,-1.17245352268219,-14.302032470703123
2221737579.0,-0.620841383934021,-0.6382240653038025,9.656158447265623,4.487409591674805,-1.1174341440200806,-14.393139839172363
2221745912.0,-0.6882051229476929,-0.2607253789901733,9.588372230529783,4.444761753082275,-0.9617249965667723,-14.40848445892334
2221754245.0,-0.6121755838394165,0.1018891185522079,9.95168685913086,4.203758239746094,-0.382535845041275,-14.538399696350098
2221762578.0,-1.0822515487670898,-0.0812093913555145,10.122429847717283,3.712835311889648,-0.2489575892686844,-14.645517349243164
2221770911.0,-0.9175572991371156,-0.3229903876781463,10.04359245300293,3.278673887252808,0.0774062350392341,-14.668954849243164
2221779244.0,-0.7676812410354614,-0.7713347673416138,9.607549667358398,3.5679609775543213,-0.390296995639801,-14.72384548187256
2221787577.0,-0.7372531294822693,-0.7009040117263794,9.799190521240234,4.114338397979736,-1.2743980884552002,-14.850687980651855
2221795910.0,-0.525414764881134,-0.4314507842063904,10.0498046875,4.065287590026856,-1.9283552169799805,-14.866928100585938
2221804243.0,-0.5263251066207886,-0.5133569240570068,9.647994041442873,4.014264583587647,-2.257856845855713,-15.02509593963623
2221812576.0,-0.6069244146347046,-0.5366765260696411,9.816490173339844,3.719366788864136,-1.7164742946624756,-15.254446029663086
2221820909.0,-0.4606059193611145,-0.5994983315467834,9.57334804534912,3.2995753288269043,-0.7251520156860352,-15.208365440368652
2221829242.0,-0.4779340922832489,-0.6945884227752686,9.279375076293944,4.082064151763916,-0.3784631788730621,-15.384489059448242
2221837575.0,-0.5285593867301941,-0.3903068900108337,9.962594985961914,4.72964334487915,0.035603791475296,-15.314203262329102
2221845908.0,-0.5955294966697693,-0.406415194272995,10.34314250946045,4.230191707611084,-0.1690411865711212,-15.522216796875
2221854241.0,-0.7398044466972351,-0.3428456783294678,9.757875442504885,3.833478212356568,-0.5123488306999207,-15.826666831970217
2221862574.0,-0.7561332583427429,-0.2304806858301162,9.659256935119627,4.146791458129883,-0.3851741254329681,-15.696495056152344
2221870907.0,-0.5757503509521484,-0.5963847041130066,10.455957412719728,4.0410566329956055,-0.63204425573349,-15.897212982177734
2221879240.0,-0.4997195303440094,-0.3616882264614105,9.999733924865724,3.7448792457580566,-1.2107722759246826,-16.075305938720703
2221887573.0,-0.5035226345062256,-0.386889785528183,9.834766387939451,4.0113959312438965,-1.1700202226638794,-16.09715461730957
2221895906.0,-0.8113032579421997,-0.1583337932825088,9.532330513000488,4.183343410491943,-0.6257686614990234,-16.435543060302734
2221904239.0,-0.6635984778404236,-0.3405177295207977,10.014155387878418,3.904609203338623,0.2733551859855652,-16.406726837158203
2221912572.0,-0.4775735139846802,-0.6388378739356995,10.191795349121094,3.2885866165161133,0.2241502106189727,-16.612279891967773
2221920905.0,-0.6130632162094116,-0.2349882423877716,9.838891983032228,3.7212882041931152,-0.311814934015274,-16.83125877380371
2221929238.0,-0.3449763059616089,-0.4348865151405334,10.037347793579102,4.455265045166016,-0.5944938063621521,-16.69038200378418
2221937571.0,-0.545769214630127,-0.7704337239265442,10.11723518371582,4.105373859405518,-1.05393648147583,-16.88205337524414
2221945904.0,-0.3846730291843414,-0.3958820402622223,9.88185691833496,3.5134027004241943,-0.8433360457420349,-17.04475212097168
2221954237.0,-0.3398272097110748,-0.3223011791706085,9.700641632080078,3.907759189605713,-0.502051830291748,-17.08873176574707
2221962570.0,-0.4022154211997986,-0.1902337372303009,9.770462989807127,4.370865345001221,-0.3531819581985473,-17.300024032592773
2221970903.0,-0.2343254834413528,-0.7949976325035095,10.379250526428224,4.15334939956665,0.0566074736416339,-17.167264938354492
2221979236.0,-0.3484950363636017,-0.8064125776290894,9.651978492736816,3.6072278022766113,-0.2524923682212829,-17.374895095825195
2221987569.0,-0.014327460899949,-0.1736129522323608,9.637006759643556,4.576880931854248,-0.260893851518631,-17.22039031982422
2221995902.0,-0.348641037940979,-0.1942242234945297,10.06244659423828,4.930638790130615,-0.7932858467102051,-17.418643951416016
2222004235.0,-0.4439285397529602,-0.0186467133462429,9.872764587402344,4.286517143249512,-0.9505059719085692,-17.726552963256836
2222012568.0,-0.423820823431015,-0.2230580449104309,9.618440628051758,3.7205965518951416,-0.1123312637209892,-17.553735733032227
2222020901.0,-0.6537110805511475,-0.0092238616198301,9.723048210144045,3.542526960372925,0.1676196008920669,-17.694076538085938
2222029234.0,-0.6438027620315552,-0.2438991069793701,10.0717134475708,3.810810089111328,0.0390873365104198,-17.822660446166992
2222037567.0,-0.7301828861236572,-0.1569959074258804,10.042057037353516,3.624158620834351,-0.3148886859416961,-18.02165412902832
2222045900.0,-0.6644353270530701,0.2106159925460815,10.06348705291748,3.845107078552246,-0.954245626926422,-17.900089263916016
2222054233.0,-0.5080661177635193,0.2172543108463287,10.299047470092772,3.58712100982666,-2.0210275650024414,-18.20866584777832
2222062566.0,-0.2983390390872955,-0.0454281568527221,10.339645385742188,2.764647483825684,-2.958329677581787,-18.45950698852539
2222070899.0,-0.15794038772583,-0.4116382300853729,10.02952003479004,2.0826427936553955,-2.863787651062012,-18.232511520385746
2222079232.0,-0.4203932881355285,-0.0865338370203971,9.414313316345217,2.555866003036499,-2.220562696456909,-18.41509246826172
2222087565.0,-0.3447915613651275,-0.1371368467807769,10.126822471618652,3.47426438331604,-0.8146737217903137,-18.6109619140625
2222095898.0,-0.2504094541072845,-0.4976155757904053,10.250125885009766,2.8048107624053955,-0.467754453420639,-18.68621826171875
2222104231.0,-0.3404621183872223,-0.1081132143735885,9.623505592346191,2.6743319034576416,-0.49936243891716,-18.59461975097656
2222112564.0,-0.2736833393573761,-0.1311760544776916,10.108186721801758,2.9748125076293945,-0.8470245599746704,-18.515729904174805
2222120897.0,-0.2679217755794525,-0.1091457679867744,10.452153205871582,2.713470458984375,-2.3114676475524902,-18.89909744262696
2222129230.0,0.2176347970962524,-0.5821088552474976,10.42838191986084,2.3842248916625977,-3.17712664604187,-18.858652114868164
2222137563.0,-0.0226096902042627,-0.5261610746383667,9.376188278198242,2.2560513019561768,-3.2531497478485107,-19.024120330810547
2222145896.0,0.1536414474248886,-0.2739049196243286,9.457609176635742,3.2794175148010254,-2.269306898117065,-19.170583724975582
2222154229.0,0.0351911075413227,-0.6002944707870483,9.91239070892334,3.2597198486328125,-1.080114245414734,-19.18631172180176
2222162562.0,-0.1834066361188888,-0.3637085258960724,9.635211944580078,3.0333411693573,-0.0197101607918739,-19.27345085144043
2222170895.0,0.145293727517128,-0.2117266356945037,9.787642478942873,3.3973703384399414,0.500066876411438,-19.11653518676757
2222179228.0,-0.3684688210487366,-0.3694351613521576,10.317838668823242,3.414019823074341,-0.2188352942466735,-19.07055854797364
2222187561.0,-0.2326680719852447,-0.4673648774623871,10.41149616241455,2.712343692779541,-1.0547819137573242,-19.352933883666992
2222195894.0,-0.276904821395874,-0.4750771820545196,9.856689453125,2.9050655364990234,-1.7036675214767456,-19.26715087890625
2222204227.0,0.2147071063518524,-0.539557158946991,10.278093338012695,3.1127963066101074,-2.287518262863159,-19.387073516845703
2222212560.0,0.2935587465763092,-0.7521409392356873,10.107222557067873,2.9439470767974854,-2.738149642944336,-19.31901741027832
2222220893.0,0.2861496806144714,-0.444428026676178,9.800251960754396,2.7663891315460205,-1.995720624923706,-19.418806076049805
2222229226.0,0.4906745851039886,-0.4981197118759155,9.880821228027344,3.028602838516236,-0.7409561276435852,-19.212207794189453
2222237559.0,0.0010118453064933,-0.4848760664463043,9.837451934814451,2.9318060874938965,0.1547868847846985,-19.21599578857422
2222245892.0,-0.0485328584909439,-0.723931610584259,9.957564353942873,2.6079907417297363,1.133302092552185,-19.20106315612793
2222254225.0,-0.227935716509819,-0.806208074092865,9.36133861541748,2.977527618408203,1.2361946105957031,-19.14309883117676
2222262558.0,0.0547903776168823,-0.6129130721092224,10.172987937927246,3.4778761863708496,0.5847475528717041,-19.117536544799805
2222270891.0,-0.1114631295204162,-0.5569587349891663,10.414121627807615,2.901120185852051,-0.7673386335372925,-19.010108947753903
2222279224.0,-0.3462122082710266,-0.5410581827163696,9.643998146057127,2.7497146129608154,-1.5644283294677734,-19.26561164855957
2222287557.0,0.1768055558204651,-0.9214257001876832,9.913925170898438,2.936032295227051,-1.1257587671279907,-18.85053253173828
2222295890.0,0.0044079245999455,-1.152522325515747,9.974422454833984,2.7017645835876465,-0.826225757598877,-19.093917846679688
2222304223.0,0.1406542062759399,-0.660335898399353,9.578882217407228,3.058340787887573,-0.3676796853542328,-19.30992317199707
2222312556.0,0.2331910133361816,-0.513961136341095,9.49546241760254,4.155577659606934,0.0725395306944847,-19.19004821777344
2222320889.0,0.0341307781636714,-0.7990980744361877,10.139002799987791,4.086905479431152,0.4902052879333496,-19.247447967529297
2222329222.0,0.1884563267230987,-0.9953516125679016,10.115446090698242,2.9629530906677246,0.6377434134483337,-19.164306640625
2222337555.0,-0.2212811857461929,-0.6519452929496765,9.371784210205078,3.181980848312378,0.8640453815460205,-19.318660736083984
2222345888.0,-0.1718246638774871,-0.8359826803207397,10.018088340759276,4.017900466918945,1.0908080339431765,-19.29245376586914
2222354221.0,-0.3416193723678589,-0.4882334172725677,10.022639274597168,4.272456169128418,1.0580732822418213,-19.45807838439941
2222362554.0,-0.0674773827195167,-0.5233581066131592,10.273845672607422,4.151095867156982,0.2866489887237549,-19.681049346923828
2222370887.0,-0.3754203021526336,-0.7115646004676819,9.85450839996338,3.5762863159179688,-0.1336935460567474,-19.74380683898925
2222379220.0,-0.2528873085975647,-0.7126404643058777,9.705852508544922,3.40444016456604,0.1086812317371368,-19.89067649841309
2222387553.0,0.01981633156538,-1.0684467554092407,9.871496200561523,3.3304665088653564,0.0097077982500195,-19.745342254638672
2222395886.0,-0.3314414918422699,-0.206029936671257,9.477546691894531,4.15491247177124,-0.1078487783670425,-20.116416931152344
2222404219.0,-0.1133039370179176,-0.2083805650472641,10.119693756103516,4.561640739440918,0.4148482978343963,-20.21989822387696
2222412552.0,-0.3925913274288177,-0.6667544841766357,9.827140808105469,3.4822824001312256,0.6356430649757385,-20.416614532470703
2222420885.0,-0.615044116973877,-0.5078292489051819,9.74068832397461,2.888902425765991,1.505092978477478,-20.54253387451172
2222429218.0,-0.7312648892402649,-0.7779740691184998,9.96628761291504,2.805861473083496,1.8880773782730105,-20.63113594055176
2222437551.0,-0.3551887571811676,-0.5898444652557373,9.970293998718262,3.673006057739258,0.6675328612327576,-20.925338745117188
2222445884.0,-0.3717308342456817,-0.782502293586731,10.35871410369873,4.010038375854492,-1.0637212991714478,-21.02720832824707
2222454217.0,-0.5361818075180054,-0.7247673869132996,10.206993103027344,3.0877456665039062,-1.8554059267044067,-21.266441345214844
2222462550.0,-0.2073659002780914,-0.5736799836158752,9.56830596923828,2.9822661876678467,-1.5430148839950562,-21.399816513061523
2222470883.0,-0.0344453044235706,-0.9340437650680542,9.45412826538086,3.1408956050872803,-0.8410564661026001,-21.369823455810547
2222479216.0,-0.0293639749288558,-1.3046287298202517,9.74382495880127,3.3833601474761963,-0.2660936117172241,-21.60188865661621
2222487549.0,-0.2815204858779907,-1.5454065799713137,9.494595527648926,3.3303897380828857,0.273406445980072,-21.596254348754883
2222495882.0,-0.5336178541183472,-0.8749456405639648,9.391435623168944,4.441305160522461,1.3512026071548462,-21.61735916137696
2222504215.0,-0.4693599343299866,-0.6555274724960327,10.590180397033691,4.9248762130737305,1.1510273218154907,-21.74614715576172
2222512548.0,-0.6208076477050781,-0.7055337429046631,10.51320743560791,4.188287734985352,-0.0012422909494489,-22.11770820617676
2222520881.0,-0.4944311082363128,-1.1897681951522827,9.849867820739746,3.586455583572388,-1.0150796175003052,-22.176876068115234
2222529214.0,-0.2037515342235565,-1.0416220426559448,9.865135192871094,3.636070489883423,-1.4499330520629885,-22.373598098754883
2222537547.0,0.0532178692519664,-0.3504599928855896,10.32306957244873,4.183395862579346,-1.9955164194107056,-22.157207489013672
2222545880.0,-0.0614044182002544,-0.4188561737537384,10.270970344543455,4.206729888916016,-2.0709757804870605,-22.35287094116211
2222554213.0,-0.0852408483624458,-0.5913577675819397,9.719441413879396,4.031708240509033,-1.0311399698257446,-22.668212890625
2222562546.0,-0.1658078730106353,-1.0023999214172363,9.96701717376709,3.2926342487335205,0.7643290162086487,-22.53834724426269
2222570879.0,-0.2644152343273163,-0.769004225730896,9.840624809265137,2.947917938232422,1.7698931694030762,-22.42881965637207
2222579212.0,-0.3488963842391968,-0.31955686211586,9.888063430786133,3.81554913520813,1.6977120637893677,-22.41042709350586
2222587545.0,-0.8496133089065552,-0.6125929951667786,10.42665958404541,4.21656608581543,0.6879730820655823,-22.64423561096192
2222595878.0,-0.5433986186981201,-1.4236997365951538,10.59414005279541,2.906627893447876,-0.200930967926979,-22.88846778869629
2222604211.0,-0.0981168746948242,-1.6513197422027588,10.082756042480469,2.2541561126708984,-1.2710942029953003,-22.56895637512207
2222612544.0,-0.2792669534683227,-0.5696514844894409,9.439009666442873,3.654179811477661,-2.174457550048828,-22.653867721557617
2222620877.0,-0.2114928215742111,-0.3376736640930176,10.084257125854492,5.041652202606201,-1.6001603603363037,-22.79794692993164
2222629210.0,-0.4279911518096924,-1.1148916482925415,10.152481079101562,3.950203657150269,-0.5714410543441772,-23.072378158569336
2222637543.0,-0.2709506750106811,-1.213980793952942,9.284820556640623,2.7994065284729004,1.2592475414276123,-22.82302474975586
2222645876.0,-0.3303480446338653,-1.2966331243515017,9.337298393249512,3.286154270172119,2.538935422897339,-22.275957107543945
2222654209.0,-0.7901242971420288,-0.9269076585769652,9.864349365234377,4.332265853881836,2.221933603286743,-22.552845001220703
2222662542.0,-0.3932335972785949,-0.7538902163505554,10.66064739227295,4.760177612304688,0.8470631837844849,-22.556432723999023
2222670875.0,-0.4466462135314941,-0.9191272258758544,10.56385612487793,4.130784034729004,-0.766544759273529,-22.65089607238769
2222679208.0,-0.9169729351997375,-0.7167218923568726,9.891349792480469,3.1555209159851074,-1.2717087268829346,-22.57312774658203
2222687541.0,-0.7341554164886475,-0.8450281620025635,9.244196891784668,3.030472755432129,0.1514826714992523,-22.43560791015625
2222695874.0,-0.1390348225831985,-1.0567595958709717,9.4340238571167,3.954173803329468,0.3587787449359894,-22.36109733581543
2222704207.0,-0.144352376461029,-1.1526464223861694,10.383069038391112,4.379985332489014,0.0930053368210792,-22.306615829467773
2222712540.0,-0.5740888714790344,-1.0351126194000244,10.532668113708496,3.3442986011505127,0.2082694321870803,-22.3820743560791
2222720873.0,-0.5359160304069519,-0.6593772768974304,9.418594360351562,3.591296434402466,0.8584102392196655,-22.57943153381348
2222729206.0,-0.590406596660614,-0.4585744142532348,9.598441123962402,4.548603534698486,1.7828795909881592,-22.58478355407715
2222737539.0,-0.7561537027359009,-0.7707542777061462,10.380378723144531,4.03887939453125,1.6434868574142456,-22.77545738220215
2222745872.0,-0.6123255491256714,-0.8928226828575134,10.244659423828123,3.309412002563477,1.444182515144348,-22.722206115722656
2222754205.0,-0.6682599186897278,-0.7667650580406189,10.132773399353027,3.3588221073150635,0.7521367073059082,-22.386632919311523
2222762538.0,-0.8165845274925232,-0.829863965511322,10.030051231384276,3.97002911567688,-0.051881656050682,-22.67676544189453
2222770871.0,-1.052480697631836,-0.7157416343688965,9.717452049255373,4.466484069824219,0.3521958887577057,-23.03982353210449
2222779204.0,-0.7264384031295776,-0.894760012626648,9.881884574890137,4.354370594024658,1.0009790658950806,-23.020532608032227
2222787537.0,-0.5148809552192688,-0.8643276691436768,9.91325569152832,4.110958576202393,0.7965774536132812,-23.09358787536621
2222795870.0,-0.5129749774932861,-0.4453821778297424,10.33725643157959,3.9580156803131104,0.465999960899353,-23.27982711791992
2222804203.0,-0.7355154752731323,-0.7862154245376587,10.246246337890623,3.880251407623291,0.1413906514644622,-23.557336807250977
2222812536.0,-0.9574634432792664,-0.7668115496635437,9.727103233337402,3.9340157508850098,0.5574941039085388,-23.777233123779297
2222820869.0,-1.0300618410110474,-0.8534116744995117,9.956695556640623,4.26459264755249,1.4294542074203491,-23.613683700561523
2222829202.0,-1.0223109722137451,-1.0036510229110718,9.806159019470217,4.577111721038818,1.2755383253097534,-23.71770477294922
2222837535.0,-1.000698447227478,-0.9912291169166564,9.904070854187012,4.7449631690979,0.7514196634292603,-23.89170455932617
2222845868.0,-0.9057892560958862,-0.8403957486152649,10.288541793823242,4.489025115966797,-0.1510343998670578,-23.7685489654541
2222854201.0,-0.9665193557739258,-1.0064377784729004,9.694769859313965,4.1167988777160645,-1.410768747329712,-24.183807373046875
2222862534.0,-0.9257201552391052,-0.8501723408699036,9.385421752929688,4.552036285400391,-1.197299599647522,-24.25716781616211
2222870867.0,-0.4023671150207519,-1.0553687810897827,9.98737621307373,4.5511908531188965,-0.9539642333984376,-24.15471076965332
2222879200.0,-0.5426979660987854,-0.5053797364234924,9.853221893310549,4.09369421005249,-0.743850588798523,-24.35603904724121
2222887533.0,-0.394816517829895,0.215445414185524,10.00466537475586,4.28700590133667,-0.2229080200195312,-24.272613525390625
2222895866.0,-0.4414856433868408,-0.2725485861301422,10.114401817321776,3.8694162368774414,-0.1553888171911239,-24.302783966064453
2222904199.0,-0.5571202635765076,-0.4356744885444641,9.565765380859377,2.9399263858795166,0.0681851282715797,-24.725317001342773
2222912532.0,-0.381205141544342,-0.4433249235153198,9.506769180297852,2.700612545013428,0.7178905010223389,-24.412134170532227
2222920865.0,-0.8526459336280823,-0.4253197908401489,9.990456581115724,2.534248352050781,0.5406655669212341,-24.47801399230957
2222929198.0,-0.59566330909729,-0.0116701303049921,10.21815299987793,2.246625661849976,0.330782413482666,-24.6416130065918
2222937531.0,-0.3668792843818664,-0.4018724858760834,10.207984924316406,1.8404347896575928,-0.3159645497798919,-24.572912216186523
2222945864.0,-0.6213580369949341,-0.9384916424751282,9.987837791442873,1.033586025238037,-0.9998648762702942,-24.818065643310547
2222954197.0,-0.3569162487983703,-1.0423787832260132,9.62643814086914,1.014734148979187,-0.2530047297477722,-24.60928535461425
2222962530.0,-0.1531402021646499,-1.0343492031097412,9.868003845214844,1.725247502326965,0.2673615217208862,-24.42716789245605
2222970863.0,-0.3814977407455444,-0.8568663597106934,9.968731880187988,2.312019109725952,0.2876992523670196,-24.68902587890625
2222979196.0,-0.3411922454833984,-1.0352156162261963,9.61630153656006,2.2718048095703125,0.6750891804695129,-24.68111228942871
2222987529.0,-0.7747145891189575,-1.333340048789978,9.722519874572754,1.988075613975525,1.450739860534668,-24.54143714904785
2222995862.0,-0.7796818017959595,-1.2779629230499268,9.746465682983398,1.9315192699432373,1.9983725547790527,-24.38403511047364
2223004195.0,-0.5633357167243958,-1.1719948053359983,9.98375415802002,2.8186943531036377,1.3136011362075806,-24.335956573486328
2223012528.0,-0.8006626963615417,-0.6824866533279419,10.361454010009766,3.3455283641815186,0.1123441010713577,-24.561107635498047
2223020861.0,-0.7012495398521423,-0.7729171514511108,10.3020601272583,3.0066518783569336,-0.7368322610855103,-24.62329864501953
2223029194.0,-0.5697317719459534,-1.138569474220276,9.821354866027832,2.414271354675293,-0.6948249340057373,-24.65767478942871
2223037527.0,-0.5911985039710999,-1.340178608894348,9.703372955322266,2.490089178085327,-0.124318741261959,-24.462745666503903
2223045860.0,-0.574338972568512,-1.4719141721725464,9.521868705749512,3.0538330078125,0.719017505645752,-24.294509887695312
2223054193.0,-0.6200208067893982,-1.288724660873413,9.699284553527832,3.771339893341065,1.009688138961792,-24.260292053222656
2223062526.0,-0.6986979842185974,-0.8588771820068359,9.75992488861084,4.33185625076294,0.961174726486206,-24.52099609375
2223070859.0,-0.6874610185623169,-0.8725645542144775,10.360539436340332,3.939138412475586,0.6209661960601807,-24.838197708129883
2223079192.0,-0.3921975195407867,-0.9596220254898072,10.125407218933104,2.9419500827789307,-0.066123180091381,-24.748140335083008
2223087525.0,-0.5238456726074219,-0.7740521430969238,9.417593955993652,3.0556774139404297,-0.4569197595119476,-24.52714157104492
2223095858.0,-0.6613507270812988,-0.8914815783500671,10.066652297973633,3.389277458190918,0.1433117091655731,-24.5391788482666
2223104191.0,-0.2354670614004135,-1.080604076385498,10.084524154663086,3.059391498565674,0.0574271455407142,-24.73377227783203
2223112524.0,-0.0877773389220237,-0.7135573625564575,9.452351570129396,3.291687250137329,0.0253837220370769,-24.624526977539062
2223120857.0,-0.4166519343852997,-0.5447255373001099,9.988861083984377,3.228111982345581,0.6155359745025635,-24.41868782043457
2223129190.0,-0.7584631443023682,-0.942126452922821,9.752527236938477,2.4992592334747314,1.3368332386016846,-24.653419494628903
2223137523.0,-0.6938323378562927,-1.4302637577056885,9.442962646484377,2.3081769943237305,2.039919137954712,-24.7915096282959
2223145856.0,-0.8216274976730347,-1.4570757150650024,9.909343719482422,2.66675066947937,2.2946524620056152,-24.44366455078125
2223154189.0,-0.9118601083755492,-1.333531379699707,10.236611366271973,3.158698320388794,1.2986937761306765,-24.529037475585938
2223162522.0,-0.5280278921127319,-1.1189231872558594,10.306096076965332,3.3336429595947266,0.12164206802845,-24.807695388793945
2223170855.0,-0.5763758420944214,-1.100454807281494,10.22893238067627,3.229085683822632,-1.2354391813278198,-24.84014892578125
2223179188.0,-0.4096697568893432,-0.9186620712280272,10.00791072845459,2.7197721004486084,-1.1895897388458252,-25.00651359558105
2223187521.0,-0.2567556798458099,-1.471803069114685,9.58621883392334,2.5024094581604004,-0.2564626932144165,-24.799755096435547
2223195854.0,-0.9281065464019777,-1.6276302337646484,9.41263198852539,2.8155181407928467,1.6583945751190186,-24.9248275756836
2223204187.0,-0.7831035852432251,-1.3065602779388428,9.603483200073242,3.625619888305664,3.2938640117645264,-24.990398406982425
2223212520.0,-0.6270023584365845,-1.6916601657867432,10.110247611999512,4.692991256713867,3.0981717109680176,-24.976469039916992
2223220853.0,-0.9570034742355348,-1.428676962852478,10.294602394104004,4.489409446716309,1.645869255065918,-24.89181327819824
2223229186.0,-0.8115204572677612,-1.321257710456848,10.280875205993652,4.157525539398193,0.3568833470344543,-25.06816673278809
2223237519.0,-0.6090576648712158,-1.462061882019043,9.962285995483398,3.819724798202514,-1.0103156566619873,-25.45734977722168
2223245852.0,-0.6150340437889099,-2.1754956245422363,9.63382625579834,3.914369583129883,-1.3296740055084229,-25.26862525939941
2223254185.0,-0.5584031343460083,-2.105376005172729,9.317983627319336,4.396531581878662,-0.2129440307617187,-25.395490646362305
2223262518.0,-0.5478827953338623,-1.5245649814605713,9.39494800567627,5.6062421798706055,1.0755168199539185,-25.08653259277344
2223270851.0,-0.7475152015686035,-1.4847301244735718,9.737591743469238,6.025906085968018,2.118067741394043,-24.997520446777344
2223279184.0,-0.7125754356384277,-1.118841290473938,9.856828689575195,5.60642147064209,2.5367584228515625,-24.99993133544922
2223287517.0,-0.7855038642883301,-1.502799391746521,10.36982250213623,5.364442825317383,1.9559038877487185,-24.90774345397949
2223295850.0,-0.6322861909866333,-2.098618745803833,10.48154067993164,4.368074417114258,0.6647152900695801,-24.71184539794922
2223304183.0,-0.8121330738067627,-1.9896708726882928,9.504755020141602,4.689661502838135,-0.2605865597724914,-24.70982360839844
2223312516.0,-0.6549239754676819,-1.4770129919052124,9.472785949707031,6.447490215301514,-0.4844807386398315,-24.444381713867188
2223320849.0,-0.575819194316864,-1.455194354057312,9.81827449798584,6.852426052093506,-0.2954987585544586,-24.61153984069824
2223329182.0,-0.4232458472251892,-1.2398090362548828,9.698205947875977,5.802011966705322,0.0328118540346622,-24.73710060119629
2223337515.0,-0.766463041305542,-0.9822127223014832,9.40691375732422,5.093778133392334,1.1152187585830688,-24.434547424316406
2223345848.0,-1.011009931564331,-1.1627345085144043,9.69472885131836,4.832639217376709,2.326849460601806,-24.56325340270996
2223354181.0,-1.0111474990844729,-1.2379359006881714,9.64236068725586,5.405451774597168,2.5413947105407715,-24.544586181640625
2223362514.0,-1.0952306985855105,-1.4599488973617554,10.115734100341797,6.157639980316162,1.6990187168121338,-24.48695373535156
2223370847.0,-0.8840409517288208,-1.1221506595611572,10.418660163879396,6.233099460601807,0.2214607894420623,-24.450273513793945
2223379180.0,-0.8026555180549622,-0.9135201573371888,10.18357753753662,5.936768054962158,-1.4007023572921753,-24.478191375732425
2223387513.0,-0.7804292440414429,-1.0584261417388916,9.757143020629885,5.870990753173828,-2.0820417404174805,-24.65073204040528
2223395846.0,-0.8829953074455261,-1.136808156967163,9.526089668273926,5.565873622894287,-1.1815723180770874,-24.753393173217773
2223404179.0,-0.627377450466156,-1.2429100275039673,9.687408447265623,5.687643527984619,0.1177743151783943,-24.50270652770996
2223412512.0,-0.6242925524711609,-1.3353726863861084,9.928839683532717,6.125698566436768,0.8044923543930054,-24.58710289001465
2223420845.0,-0.9759280681610109,-0.6778531670570374,9.770442962646484,6.962029933929443,1.1839419603347778,-24.78681945800781
2223429178.0,-1.1086113452911377,-0.5478655099868774,10.237934112548828,7.327494621276855,1.6008907556533811,-24.79606819152832
2223437511.0,-0.9143469929695128,-0.2218428999185562,10.12601375579834,6.660140037536621,0.9864559769630432,-24.89191627502441
2223445844.0,-0.7567131519317627,-0.133165493607521,10.151087760925291,6.37226152420044,-0.3685762584209442,-24.927005767822266
2223454177.0,-0.6735133528709412,-0.4390494525432586,10.354521751403809,5.732340335845947,-1.4229098558425903,-24.849035263061523
2223462510.0,-0.5292361378669739,-0.55168616771698,10.077959060668944,5.099182605743408,-1.973180890083313,-25.03978538513184
2223470843.0,-0.2600784301757812,-0.2309103161096573,9.638833999633787,5.483216762542725,-1.5161970853805542,-25.044906616210938
2223479176.0,-0.549351155757904,0.1473516076803207,9.407758712768556,5.841509342193604,-0.4211366772651672,-25.08763313293457
2223487509.0,-0.6436808705329895,0.2766527533531189,9.981785774230955,5.5147223472595215,1.2666504383087158,-25.184993743896484
2223495842.0,-0.6592676043510437,-0.1896157562732696,10.135666847229004,4.046539306640625,2.15907621383667,-25.060585021972656
2223504175.0,-0.4387464225292206,-0.559068500995636,10.189805030822754,2.885317087173462,1.8759620189666748,-25.07392883300781
2223512508.0,-0.1134297028183937,-0.7253724932670593,10.192034721374512,3.0424346923828125,0.5744763016700745,-24.704057693481445
2223520841.0,-0.4169192314147949,-0.7660202980041504,10.03763198852539,4.091414928436279,-1.0780396461486816,-24.837072372436523
2223529174.0,-0.2975985705852508,-0.6181367039680481,9.760177612304688,4.195332050323486,-0.9633647799491882,-24.76650619506836
2223537507.0,-0.5726030468940735,-0.7376594543457031,9.304248809814451,3.921054601669312,0.4866450726985931,-24.614919662475582
2223545840.0,-0.4771869480609894,-1.00300133228302,9.672564506530762,3.316251039505005,2.1136367321014404,-24.49335670471192
2223554173.0,-0.4818412661552429,-0.9982079267501832,9.52994155883789,3.188614845275879,3.1218128204345703,-24.222789764404297
2223562506.0,-0.7027993202209473,-0.90549635887146,9.991416931152344,3.8814291954040527,2.9723029136657715,-24.102352142333984
2223570839.0,-0.81171715259552,-0.3626905977725982,9.937708854675291,4.426858901977539,1.896658182144165,-24.1426944732666
2223579172.0,-0.9105419516563416,-0.8750575184822083,10.0098295211792,4.375477313995361,0.8169921636581421,-24.210729598999023
2223587505.0,-0.7949169278144836,-0.9172194004058838,9.880529403686523,3.43008041381836,0.2702302932739258,-24.27773094177246
2223595838.0,-0.6644718647003174,-1.160124659538269,9.816702842712402,3.135235071182251,0.203761339187622,-23.80612564086914
2223604171.0,-0.9326533675193788,-0.9116868376731871,9.404006004333496,3.8168044090271,0.581597089767456,-23.677385330200195
2223612504.0,-0.9023500084877014,-0.4390085339546203,9.810253143310549,4.805923938751221,1.1572515964508057,-23.62666893005371
2223620837.0,-1.1116645336151123,-0.7382047772407532,10.038628578186035,4.269742012023926,1.526916742324829,-23.438589096069336
2223629170.0,-0.9359112977981568,-0.7731544375419617,9.88929271697998,3.550570249557495,1.333862066268921,-23.456287384033203
2223637503.0,-0.4801839888095855,-0.8171167969703674,10.133852005004885,3.502979040145874,0.4964298009872436,-23.368276596069336
2223645836.0,-0.8688005208969116,-0.6639742255210876,10.16331958770752,3.3446059226989746,-0.6449283957481384,-23.46591758728028
2223654169.0,-0.9490476846694946,-0.2693863213062286,9.632307052612305,3.5192441940307617,-0.3933195769786834,-23.4973201751709
2223662502.0,-1.0144425630569458,-0.2475185990333557,9.539107322692873,3.60364294052124,0.5405374765396118,-23.286794662475582
2223670835.0,-0.8834856748580933,-0.7759696841239929,10.337925910949709,2.624589204788208,1.0790770053863523,-23.46501922607422
2223679168.0,-0.9621690511703492,-1.1273068189620972,9.870484352111816,1.5877249240875244,0.989273488521576,-23.175479888916016
2223687501.0,-0.6668235063552856,-0.7126432061195374,9.759869575500488,2.3956491947174072,0.7720901966094971,-23.09399604797364
2223695834.0,-0.7460363507270813,-0.7703919410705566,10.175518035888672,3.4133284091949463,-0.7783527970314026,-23.35605239868164
2223704167.0,-1.0507651567459106,-1.0205258131027222,10.027345657348633,2.9881067276000977,-1.054115891456604,-23.36166763305664
2223712500.0,-0.714756429195404,-1.3542484045028689,9.307032585144045,2.493623733520508,-0.1692461371421814,-23.17142868041992
2223720833.0,-0.753548264503479,-1.4469894170761108,9.5186767578125,2.9376466274261475,0.5345948934555054,-23.18905067443848
2223729166.0,-0.9865191578865052,-1.3120197057724,10.13613224029541,2.955986261367798,0.805952250957489,-23.191303253173828
2223737499.0,-1.019709825515747,-1.230955719947815,9.850250244140623,3.5448575019836426,1.01452898979187,-23.229236602783203
2223745832.0,-0.9232784509658812,-1.2102882862091064,9.790979385375977,4.335723876953125,0.5357731580734253,-23.220685958862305
2223754165.0,-1.0681545734405518,-1.159048080444336,10.123717308044434,3.972999811172485,-0.0936072692275047,-23.13106155395508
2223762498.0,-0.9782700538635254,-1.3627148866653442,9.829352378845217,3.489248991012573,-0.4645015299320221,-23.34155464172364
2223770831.0,-0.8185271620750427,-1.423373103141785,9.604580879211426,3.954378128051758,-0.8087056875228882,-23.152956008911133
2223779164.0,-0.605516254901886,-1.6316152811050415,10.202181816101074,4.339744567871094,-1.062491774559021,-22.996994018554688
2223787497.0,-0.9419874548912048,-1.5761288404464722,9.758134841918944,4.49675989151001,-0.840006411075592,-23.00969886779785
2223795830.0,-0.9788028597831726,-1.7073075771331787,9.382692337036133,5.172181606292725,0.3205878734588623,-22.89668655395508
2223804163.0,-0.5775792598724365,-1.499227523803711,9.747291564941406,5.568536281585693,0.7547236680984497,-22.77848052978516
2223812496.0,-0.5668495893478394,-1.0802353620529177,10.581941604614258,5.728421688079834,0.0069670756347477,-22.976402282714844
2223820829.0,-0.9761731028556824,-1.115705966949463,10.401325225830078,5.312138080596924,-0.6073009967803955,-22.858448028564453
2223829162.0,-0.8749768733978271,-1.188854455947876,9.812586784362791,5.1212358474731445,0.1342442780733108,-22.75238037109375
2223837495.0,-0.5271748304367065,-0.9324229955673218,9.8651762008667,5.723606109619141,0.1605500876903534,-22.629610061645508
2223845828.0,-0.5742709636688232,-1.0038460493087769,10.254929542541504,5.7547783851623535,-0.1832058876752853,-22.56616401672364
2223854161.0,-0.3185575604438782,-1.133704662322998,10.009445190429688,5.412879943847656,-0.3967518806457519,-22.48594093322754
2223862494.0,-0.4316630065441131,-1.1879560947418213,9.986123085021973,5.40714168548584,-0.2324108481407165,-22.2600212097168
2223870827.0,-0.6410513520240784,-1.107736110687256,9.843826293945312,5.25783634185791,0.7633044719696045,-21.96517562866211
2223879160.0,-0.8069510459899902,-0.8030285835266113,9.152179718017578,5.911280632019043,1.5388782024383545,-21.98825454711914
2223887493.0,-0.798403799533844,-1.1556717157363892,9.710124015808104,6.505019664764404,2.076956987380981,-21.89194679260254
2223895826.0,-0.6527122259140015,-1.3417282104492188,10.419079780578612,5.496407508850098,1.568181037902832,-21.47832489013672
2223904159.0,-0.6253408193588257,-1.2526814937591553,10.28897476196289,4.875082492828369,0.1239729523658752,-21.301332473754883
2223912492.0,-0.9023619890213012,-0.8730005621910095,9.241765022277832,5.77263069152832,-0.6246674656867981,-21.1524600982666
2223920825.0,-0.6751236319541931,-1.1014564037322998,9.670129776000977,6.770715236663818,-0.3722902238368988,-21.1232852935791
2223929158.0,-0.4851682484149933,-1.0254617929458618,9.936012268066406,6.377102375030518,-0.3033111095428467,-20.867734909057617
2223937491.0,-0.5825945734977722,-0.915129542350769,9.92774486541748,5.809514999389648,0.51197749376297,-20.44924736022949
2223945824.0,-0.5762107968330383,-0.7046723365783691,9.59807586669922,6.033716678619385,1.098697304725647,-20.24827766418457
2223954157.0,-0.9056695103645324,-0.4720250070095062,9.764445304870604,6.749814033508301,1.4077588319778442,-20.16756629943848
2223962490.0,-0.7118151187896729,-0.426725298166275,9.85736846923828,6.770638465881348,1.476404905319214,-20.00658226013184
2223970823.0,-0.5933864116668701,-0.8179394602775574,10.029319763183594,6.335300445556641,0.5572123527526855,-19.94101333618164
2223979156.0,-0.7154262661933899,-0.3842757642269134,9.880242347717283,5.798065662384033,-0.2470109462738037,-19.80953025817871
2223987489.0,-0.7296773195266724,0.0590193644165992,9.732497215270996,6.051416873931885,-0.2641725242137909,-19.64316749572754
2223995822.0,-0.7088842988014221,-0.0588239207863807,9.905150413513184,6.189271926879883,-0.1842304617166519,-19.7820987701416
2224004155.0,-0.4418979585170746,-0.1061730682849884,9.878897666931152,5.913816452026367,0.3974049687385559,-19.628360748291016
2224012488.0,-0.4792678356170654,-0.3072885870933532,9.827775955200195,5.0640387535095215,0.4576241075992584,-19.391788482666016
2224020821.0,-0.924737513065338,0.1025929078459739,9.817771911621094,4.949747562408447,1.1535375118255615,-19.30536460876465
2224029154.0,-0.700562596321106,0.0801244005560875,9.821494102478027,5.145721435546875,1.6013000011444092,-19.07268524169922
2224037487.0,-0.3710079491138458,-0.3574944734573364,10.354652404785156,5.104201793670654,0.849240243434906,-19.067588806152344
2224045820.0,-0.540184497833252,-0.2002189606428146,10.097553253173828,4.466713905334473,-0.2594082355499267,-18.84049224853516
2224054153.0,-0.5283970236778259,-0.2892529368400574,9.697186470031738,4.347556591033936,-0.4935736358165741,-18.718185424804688
2224062486.0,-0.7368066906929016,0.0494220405817031,9.32923412322998,4.577264785766602,0.2290937751531601,-18.891387939453125
2224070819.0,-0.3198245763778686,0.2036894410848617,9.643787384033203,4.643657207489014,0.7397137880325317,-18.700973510742188
2224079152.0,-0.5986483097076416,0.0261962469667196,10.152005195617676,4.238542556762695,1.2822489738464355,-18.719287872314453
2224087485.0,-0.6421608328819275,-0.2836258113384247,10.138731002807615,3.225217342376709,1.3190054893493652,-18.662830352783203
2224095818.0,-0.6772657632827759,-0.0261838305741548,9.226691246032717,3.639988899230957,1.857698559761048,-18.41365623474121
2224104151.0,-0.5947169661521912,0.0320547446608543,9.919504165649414,4.369533538818359,1.511983036994934,-18.265811920166016
2224112484.0,-0.3952930271625519,0.0411361977458,10.322364807128906,4.108601093292236,0.2609578967094421,-18.55650520324707
2224120817.0,-0.5156520009040833,-0.1634598970413208,9.92086124420166,3.2495508193969727,-0.5940070748329163,-18.478588104248047
2224129150.0,-0.6068564653396606,-0.0929827615618705,9.355865478515623,2.895587921142578,0.2167221009731292,-18.14985466003418
2224137483.0,-0.6472591161727905,-0.0324086584150791,9.171847343444824,3.282362222671509,1.076156735420227,-18.10584831237793
2224145816.0,-0.4632416069507599,0.0215942431241273,9.748174667358398,3.4920661449432373,1.5380582809448242,-18.13804626464844
2224154149.0,-0.8382257223129272,0.1115390807390213,9.740927696228027,2.9638493061065674,1.750118613243103,-18.11009979248047
2224162482.0,-0.8711397647857666,0.0506451465189456,10.010019302368164,2.6643929481506348,2.10866641998291,-17.975675582885742
2224170815.0,-0.586484432220459,-0.0874905586242675,10.339125633239746,1.904726386070252,1.5157227516174316,-17.921632766723633
2224179148.0,-0.4177128970623016,-0.0848128572106361,9.754621505737305,2.0580272674560547,0.1183634176850318,-17.90933609008789
2224187481.0,-0.4889033436775207,-0.1267449259757995,9.527976036071776,2.4852216243743896,-0.4096357524394989,-17.86676597595215
2224195814.0,-0.6090111136436462,-0.5343002676963806,9.806354522705078,1.937000036239624,0.1259195953607559,-17.774324417114258
2224204147.0,-0.7208797335624695,-0.5350916385650635,9.203221321105955,1.2411123514175415,0.90090411901474,-17.638721466064453
2224212480.0,-0.7098833322525024,-0.4515442252159118,9.345402717590332,1.717178463935852,2.235123872756958,-17.35978126525879
2224220813.0,-0.8664194345474243,-0.4716194570064544,9.795805931091309,1.936129212379456,2.3059985637664795,-17.397741317749023
2224229146.0,-0.4841220080852508,-0.4349952936172485,10.202245712280272,2.0406863689422607,1.369388461112976,-17.56490135192871
2224237479.0,-0.4750990867614746,-0.3662524223327636,10.343428611755373,1.588723063468933,0.1296848803758621,-17.432655334472656
2224245812.0,-0.3896883428096771,-0.3030743598937988,10.095340728759766,1.0654242038726809,-0.7979987859725952,-17.453065872192383
2224254145.0,-0.3838391005992889,-0.5747292637825012,9.282501220703123,1.1799200773239136,-0.4766426086425781,-17.40978240966797
2224262478.0,-0.3777094483375549,-0.7565895318984985,9.439455032348633,1.4247665405273438,0.8273142576217651,-17.531600952148438
2224270811.0,-0.4009008109569549,-1.2606287002563477,9.761094093322754,1.239729404449463,1.8451732397079468,-17.214141845703125
2224279144.0,-0.6748666763305664,-1.409736156463623,9.643810272216797,1.504170536994934,2.939259529113769,-17.23411750793457
2224287477.0,-0.7676742672920227,-1.0271342992782593,9.486680030822754,2.372877359390259,3.191073179244995,-17.064552307128906
2224295810.0,-1.1459254026412964,-0.8442314267158508,10.321581840515137,3.184131383895874,3.178931951522827,-17.128690719604492
2224304143.0,-0.7970851063728333,-1.0309853553771973,10.61798858642578,2.4927008152008057,1.8794960975646973,-17.332040786743164
2224312476.0,-0.4279735684394836,-1.3460999727249146,10.478074073791504,1.852191686630249,0.0349378287792205,-17.197006225585938
2224320809.0,-0.702511191368103,-1.08000385761261,9.92880153656006,1.993479490280152,-0.6153693199157715,-17.0904483795166
2224329142.0,-0.7737462520599365,-0.9437426924705504,9.57275104522705,2.614010095596313,0.5484521389007568,-17.00518035888672
2224337475.0,-0.7804679274559021,-1.157018542289734,9.689329147338867,3.146069049835205,2.127185821533203,-17.036659240722656
2224345808.0,-0.7676080465316772,-1.3049113750457764,9.95397663116455,2.8016860485076904,3.346142292022705,-16.863969802856445
2224354141.0,-0.8121253252029419,-1.5782955884933472,10.020360946655272,2.667287826538086,3.398369550704956,-16.863662719726562
2224362474.0,-0.9873654842376708,-1.4610919952392578,9.867297172546388,3.1093130111694336,2.7021749019622803,-16.670991897583008
2224370807.0,-1.1604515314102173,-1.7849514484405518,10.070069313049316,3.779919385910034,1.7187669277191162,-16.61579132080078
2224379140.0,-1.1803770065307615,-1.916998028755188,10.10764980316162,4.00734806060791,0.9132758378982544,-16.931129455566406
2224387473.0,-1.070598840713501,-2.042884349822998,9.79058074951172,4.36622953414917,0.3102909624576568,-16.86194610595703
2224395806.0,-0.8660245537757874,-1.8152744770050049,9.73361587524414,5.001540184020996,0.5967094302177429,-16.665281295776367
2224404139.0,-0.8610665798187256,-1.5066514015197754,9.782865524291992,5.367002487182617,0.8157622218132019,-16.622268676757812
2224412472.0,-1.12962007522583,-1.4332445859909058,10.020096778869627,5.529678821563721,1.2491551637649536,-16.68548583984375
2224420805.0,-0.9611713886260986,-1.451590061187744,10.03681468963623,5.251610279083252,1.847503900527954,-16.7723445892334
2224429138.0,-1.0355929136276243,-1.4563168287277222,10.12433624267578,5.3369317054748535,2.0546975135803223,-16.566585540771484
2224437471.0,-1.103448510169983,-0.8158363103866577,10.125548362731934,5.975110530853272,1.794738531112671,-16.583209991455078
2224445804.0,-1.2670044898986816,-0.8906675577163696,10.474251747131348,6.270211696624756,1.026055097579956,-16.529956817626953
2224454137.0,-1.2187443971633911,-0.794447660446167,10.493885040283203,5.38344669342041,0.7055954933166504,-16.640968322753906
2224462470.0,-1.086915135383606,-0.548396646976471,10.069221496582031,4.966703414916992,0.3338816463947296,-16.458187103271484
2224470803.0,-1.234603762626648,-0.3885036706924438,10.191964149475098,5.261011123657227,0.1623430401086807,-16.816707611083984
2224479136.0,-0.8809077143669128,-0.4879606068134308,10.38575839996338,4.769423484802246,0.100356601178646,-16.72506332397461
2224487469.0,-0.947243869304657,-0.489572674036026,9.94448184967041,4.4786763191223145,0.1702066510915756,-16.726755142211914
2224495802.0,-1.1163992881774902,-0.3420477509498596,10.385875701904297,4.120768070220947,0.8613301515579224,-16.72928810119629
2224504135.0,-0.951172649860382,-0.8060768842697144,10.199849128723145,3.4458324909210205,0.8435537815093994,-16.671247482299805
2224512468.0,-1.028240203857422,-0.840889573097229,9.816667556762695,3.861449718475342,0.4083166420459747,-16.559465408325195
2224520801.0,-1.208763599395752,-0.7050424814224243,10.085533142089844,4.211544036865234,0.4173327684402466,-16.537078857421875
2224529134.0,-1.0814167261123655,-0.8901541233062744,10.012222290039062,4.22545337677002,0.1269953995943069,-16.740659713745117
2224537467.0,-0.6770476698875427,-0.7747573852539062,10.31505012512207,4.146330833435059,-0.4382724463939667,-16.745092391967773
2224545800.0,-1.000144124031067,-0.570940375328064,9.971203804016112,4.003915786743164,-0.8142127394676208,-16.617891311645508
2224554133.0,-1.2885748147964478,-0.6013151407241821,10.002378463745115,4.039545059204102,-0.1488315463066101,-16.749935150146484
2224562466.0,-1.24147367477417,-0.6053545475006104,9.729127883911133,4.0811686515808105,0.8805152773857117,-16.943681716918945
2224570799.0,-0.9000720977783203,-0.6271782517433167,10.108353614807127,4.393482208251953,0.7017532587051392,-16.927488327026367
2224579132.0,-1.136559009552002,-0.4621489346027374,10.63711643218994,4.170561790466309,0.12940314412117,-16.8134822845459
2224587465.0,-1.1995289325714111,-0.4437872767448425,10.11244297027588,3.9181337356567374,-0.6315831542015076,-17.017091751098633
2224595798.0,-0.8777395486831665,-0.6507223844528198,9.736613273620604,4.14884090423584,-1.1590571403503418,-16.946701049804688
2224604131.0,-0.9553214311599731,-0.5621802806854248,9.97404670715332,4.069666862487793,-1.7388354539871216,-16.92557144165039
2224612464.0,-0.9717893600463868,-0.5275422930717468,9.78466510772705,3.686682939529419,-1.3924798965454102,-17.12248992919922
2224620797.0,-0.5651370882987976,-0.5266270637512207,9.80649185180664,3.7249507904052734,-1.0266315937042236,-17.131559371948242
2224629130.0,-0.9075940251350404,-0.2072740793228149,9.754165649414062,3.7420096397399902,-0.7272011041641235,-17.312753677368164
2224637463.0,-0.5615492463111877,0.0967386737465858,9.95500373840332,3.6888601779937744,-0.4021563827991485,-17.363061904907227
2224645796.0,-0.6497608423233032,-0.3949855268001556,10.048554420471191,3.174116611480713,-0.4474167227745056,-17.42412567138672
2224654129.0,-0.2607506811618805,-0.615838885307312,9.917840957641602,2.190683126449585,-0.9246354699134828,-17.325328826904297
2224662462.0,-0.6047839522361755,-0.1451577395200729,9.582789421081545,2.3922929763793945,-0.641342043876648,-17.342926025390625
2224670795.0,-0.4893003106117248,-0.3963620960712433,10.04250717163086,2.669643878936768,-0.435531735420227,-17.5328311920166
2224679128.0,-0.4825771749019623,-0.7128192186355591,9.485687255859377,2.262608289718628,-0.1172747761011123,-17.570125579833984
2224687461.0,-0.5470333695411682,-0.8925459980964661,9.531085968017578,2.0621767044067383,0.52762770652771,-17.557191848754883
2224695794.0,-0.7936612963676453,-1.0998928546905518,9.666720390319824,1.927804470062256,1.018165946006775,-17.362241744995117
2224704127.0,-0.6231105327606201,-1.3732967376708984,9.677875518798828,2.028237819671631,1.0074591636657717,-17.357040405273438
2224712460.0,-0.6175632476806641,-1.2563332319259644,9.505793571472168,2.6647772789001465,0.3294503390789032,-17.364238739013672
2224720793.0,-0.760754406452179,-1.4266254901885986,9.993867874145508,2.897969484329224,-0.0965272635221481,-17.464107513427734
2224729126.0,-0.642299473285675,-1.4952356815338137,9.650404930114746,2.810727596282959,-0.1561059951782226,-17.571048736572266
2224737459.0,-0.7653527855873108,-1.311710000038147,9.3402681350708,3.1881022453308105,0.3236103653907776,-17.497793197631836
2224745792.0,-0.5889027118682861,-0.7685297727584839,9.636592864990234,3.67889666557312,1.0419105291366575,-17.362857818603516
2224754125.0,-0.5371772050857544,-0.7810713052749634,9.846624374389648,3.799488306045532,1.1447004079818726,-17.429222106933594
2224762458.0,-0.3668884932994842,-0.9666954874992372,9.962239265441896,3.147016286849976,0.6904829740524292,-17.355375289916992
2224770791.0,-0.7216426134109497,-0.6803771257400513,9.53746509552002,2.697025775909424,0.8158647418022156,-17.32451057434082
2224779124.0,-0.7877391576766968,-0.1095787361264228,9.348610877990724,2.93823504447937,1.1474411487579346,-17.479530334472656
2224787457.0,-0.6055214405059814,-0.1786608546972274,9.638067245483398,3.3521101474761963,1.3489995002746582,-17.590822219848633
2224795790.0,-0.6600485444068909,-0.3349988162517547,10.079782485961914,2.278745174407959,1.0950342416763306,-17.631906509399414
2224804123.0,-0.8722699880599976,-0.256841093301773,9.793448448181152,1.1505407094955444,1.0832008123397827,-17.394235610961914
2224812456.0,-0.9466946721076964,-0.3583836257457733,9.244671821594238,1.0431911945343018,1.3365254402160645,-17.582805633544922
2224820789.0,-0.8384675979614258,-0.5369132161140442,9.725098609924316,1.4492535591125488,1.4183628559112549,-17.50747299194336
2224829122.0,-0.7670247554779053,-0.7874084115028381,10.204644203186035,0.9989296793937684,0.9361748695373536,-17.650785446166992
2224837455.0,-0.6949942111968994,-0.7334500551223755,9.68010139465332,0.8906069993972778,0.4941242635250091,-17.704113006591797
2224845788.0,-0.677221417427063,-0.7110361456871033,9.566783905029297,1.2434688806533811,0.4595963358879089,-17.71420669555664
2224854121.0,-0.710750162601471,-0.8674197196960449,9.713001251220703,1.0030536651611328,0.5454040169715881,-17.62932014465332
2224862454.0,-0.6505900621414185,-1.0509264469146729,9.125255584716797,0.8729846477508545,0.921190619468689,-17.851961135864258
2224870787.0,-0.3914613425731659,-1.3817627429962158,9.299504280090332,1.38621723651886,1.1776148080825806,-17.703065872192383
2224879120.0,-0.7878819704055786,-1.5960406064987185,9.75321102142334,1.4976391792297363,1.1286146640777588,-17.735492706298828
2224887453.0,-0.7838970422744751,-1.3768792152404783,9.234400749206545,1.672353744506836,1.4123178720474243,-17.9316463470459
2224895786.0,-0.8484185934066772,-1.3180499076843262,9.273313522338867,2.7453598976135254,1.775092601776123,-17.67955207824707
2224904119.0,-0.6521348357200623,-1.281883955001831,10.064324378967283,2.794180631637573,1.083994746208191,-17.860286712646484
2224912452.0,-0.6742567420005798,-1.2970486879348757,9.711023330688477,2.4169600009918213,0.4342125952243805,-17.860336303710938
2224920785.0,-0.8543524146080017,-1.4743953943252563,9.53981590270996,2.524898052215576,0.5243234634399414,-17.673019409179688
2224929118.0,-0.6402394771575928,-1.3119962215423584,9.82139778137207,2.8117268085479736,0.8555670380592346,-17.662519454956055
2224937451.0,-0.6737974882125854,-1.0968092679977417,9.47805118560791,3.225473642349243,0.6485270857810974,-17.73539161682129
2224945784.0,-0.7029056549072266,-0.982434868812561,9.742897987365724,3.6015288829803467,1.203062653541565,-17.683509826660156
2224954117.0,-0.8631569743156433,-1.0923360586166382,9.859145164489746,2.9716875553131104,1.4705135822296145,-17.7070369720459
2224962450.0,-0.8619358539581299,-1.2430840730667114,9.723118782043455,2.45258903503418,1.690462946891785,-17.690847396850586
2224970783.0,-0.9210567474365234,-1.2616997957229614,9.625322341918944,2.676406145095825,1.5559369325637815,-17.46438980102539
2224979116.0,-0.8626676201820374,-1.2074437141418457,9.984262466430664,3.0343780517578125,0.9319868087768556,-17.43074607849121
2224987449.0,-0.6420761942863464,-1.4655466079711914,9.95738124847412,2.9745304584503174,-0.0984227135777473,-17.340980529785156
2224995782.0,-0.8313500881195068,-1.620398759841919,9.596406936645508,2.8055787086486816,-0.4300758838653564,-17.4632625579834
2225004115.0,-0.7917316555976868,-1.30095636844635,9.610843658447266,2.664469957351685,0.3380567133426666,-17.386959075927734
2225012448.0,-0.4765014946460724,-1.3647717237472534,9.8153715133667,3.0612094402313232,0.8650187253952026,-17.13694190979004
2225020781.0,-0.6163897514343262,-1.408182144165039,10.154970169067385,3.059877634048462,0.9473685026168824,-17.133790969848633
2225029114.0,-0.6083784103393555,-1.4312920570373535,10.0900239944458,2.8660032749176025,1.2851176261901855,-17.083097457885742
2225037447.0,-0.7248018383979797,-1.6466823816299438,9.915581703186035,3.177241086959839,1.747429132461548,-17.226125717163086
2225045780.0,-0.4517751932144165,-1.8696576356887813,9.74443817138672,3.526184320449829,1.4657748937606812,-17.1251277923584
2225054113.0,-0.7146284580230713,-1.6876248121261597,9.923666000366213,4.186519145965576,1.4979461431503296,-16.951053619384766
2225062446.0,-0.7487406134605408,-1.5424387454986572,10.265542984008787,3.952789783477783,1.1539984941482544,-16.90951156616211
2225070779.0,-0.8827929496765137,-1.7514708042144775,9.46500015258789,4.111649513244629,1.2045865058898926,-16.863147735595703
2225079112.0,-0.9627192616462708,-1.8339393138885496,9.939010620117188,4.441150188446045,1.6706887483596802,-16.9239559173584
2225087445.0,-1.022764801979065,-1.6597777605056765,9.913370132446287,4.241487503051758,1.930955171585083,-16.891860961914062
2225095778.0,-0.9411250948905944,-1.0247608423233032,9.646539688110352,5.294003009796143,1.7216355800628662,-16.98197364807129
2225104111.0,-0.7622295618057251,-1.002031922340393,10.464303016662598,5.395435333251953,1.082278609275818,-17.009382247924805
2225112444.0,-1.003808856010437,-1.0414661169052124,10.218756675720217,4.25255298614502,0.3352135419845581,-17.255199432373047
2225120777.0,-0.9487106800079346,-1.117393136024475,9.370121955871582,3.9817848205566406,0.6319544911384583,-17.064577102661133
2225129110.0,-0.8292833566665649,-1.2482690811157229,9.867196083068848,4.196816921234131,0.941374659538269,-16.832719802856445
2225137443.0,-0.8755413889884949,-0.7998129725456238,10.06746768951416,4.2023234367370605,0.8390455842018127,-17.14134407043457
2225145776.0,-0.8247745037078857,-0.5428849458694458,10.235039710998535,4.583693504333496,0.6629734039306641,-17.281198501586914
2225154109.0,-0.7417819499969482,-0.8478235006332397,10.719970703125,4.161673545837402,0.586438000202179,-17.462675094604492
2225162442.0,-0.8228194713592529,-0.9909247159957886,10.184938430786133,3.24084210395813,0.5636157393455505,-17.683855056762695
2225170775.0,-0.8710395097732544,-1.1375219821929932,9.93780517578125,3.6427290439605713,1.532371997833252,-17.511213302612305
2225179108.0,-0.7380600571632385,-1.1716047525405884,10.235468864440918,4.423707008361816,1.753345966339111,-17.530296325683594
2225187441.0,-0.6147717237472534,-1.4520310163497925,10.390796661376951,4.575292110443115,1.3926719427108765,-17.684825897216797
2225195774.0,-0.7148118019104004,-1.1882755756378174,10.181827545166016,4.699957370758057,0.8182469010353088,-17.818328857421875
2225204107.0,-0.8038654327392578,-1.426374435424805,9.95748233795166,4.68471622467041,1.113527774810791,-17.71684455871582
2225212440.0,-1.0106076002120972,-1.159074306488037,9.551054000854492,4.891910552978516,1.546178102493286,-17.885053634643555
2225220773.0,-1.055655598640442,-0.8399216532707214,9.704620361328123,5.234936714172363,2.3106353282928467,-17.873912811279297
2225229106.0,-1.0439857244491575,-0.5638118386268616,10.162301063537598,5.28875207901001,2.607350349426269,-17.876142501831055
2225237439.0,-0.9800596833229064,-0.7817739844322205,10.682708740234377,4.692605972290039,1.7119791507720947,-17.985130310058594
2225245772.0,-0.6835846900939941,-0.7552262544631958,10.36635398864746,3.85788893699646,0.4601598680019378,-17.96438217163086
2225254105.0,-0.7484256625175476,-0.527153491973877,10.301380157470703,4.031246185302734,-0.2491369098424911,-17.91371726989746
2225262438.0,-0.3530280292034149,-0.4853423237800598,10.32850170135498,3.7876033782958975,-0.545365571975708,-17.871118545532227
2225270771.0,-0.3283029198646545,-0.7146938443183899,9.767034530639648,3.6787941455841056,-0.0006019347347319,-18.11566162109375
2225279104.0,-0.0613084398210048,-1.037001371383667,9.739201545715332,3.718700885772705,0.9933202862739564,-18.271957397460938
2225287437.0,-0.0048235151916742,-1.3829576969146729,9.694555282592772,3.3124594688415527,2.225929021835327,-18.02931404113769
2225295770.0,0.1651849001646042,-1.925647139549256,9.343585014343262,3.659942388534546,2.678532600402832,-17.95044708251953
2225304103.0,-0.0110229449346661,-1.869364738464356,8.99618911743164,4.797291278839111,2.791363477706909,-17.97037696838379
2225312436.0,-0.6452094912528992,-1.839079022407532,9.45183277130127,5.767660617828369,3.442656278610229,-17.927932739257812
2225320769.0,-1.438099980354309,-1.0821313858032229,9.591119766235352,5.741382598876953,5.018932819366455,-17.888362884521484
2225329102.0,-1.8274880647659304,-0.1743983030319214,9.757762908935549,6.308608055114746,6.28483772277832,-18.3691635131836
2225337435.0,-1.2156134843826294,0.6089857816696167,11.039752006530762,6.292932510375977,5.670199871063232,-18.760961532592773
2225345768.0,-0.8256782293319702,0.9510158896446228,11.56268310546875,4.913220882415772,3.3095903396606445,-18.78590583801269
2225354101.0,-0.205877423286438,0.7515693306922913,11.35077953338623,2.486886739730835,0.3511968553066253,-18.54352188110352
2225362434.0,-0.2943643033504486,0.523396909236908,10.237970352172852,1.0030794143676758,-1.0471487045288086,-18.14529609680176
2225370767.0,-0.5751124024391174,-0.2978145480155945,9.505218505859377,0.0584645047783851,-0.0803518742322921,-17.992929458618164
2225379100.0,-1.0373386144638062,-0.6569115519523621,8.554357528686523,-0.0547120235860347,2.9910647869110107,-18.11872100830078
2225387433.0,-1.448901653289795,-0.5319857597351074,8.927501678466797,0.8953715562820435,6.597435474395752,-18.31521987915039
2225395766.0,-1.5765597820281982,-0.1704238802194595,10.32243824005127,0.9798216223716736,8.361103057861328,-18.524694442749023
2225404099.0,-1.343801498413086,0.0006965874345041,10.994474411010742,0.7474108338356018,6.829026699066162,-18.73213195800781
2225412432.0,-0.8892479538917542,-0.1781310588121414,10.95290470123291,-0.1727552562952041,3.007598638534546,-18.47077751159668
2225420765.0,-1.2716237306594849,-0.5995056629180908,10.19325065612793,-1.313895344734192,-0.4320482313632965,-18.479536056518555
2225429098.0,-1.372045636177063,-0.5748552680015564,9.142071723937988,-1.546216607093811,-1.3054684400558472,-18.573335647583008
2225437431.0,-0.9484885334968568,-1.232040286064148,9.013290405273438,-1.1328026056289673,-0.4512332379817962,-18.434120178222656
2225445764.0,-1.032394528388977,-1.4523053169250488,9.04147720336914,-0.9289900660514832,0.5550349354743958,-18.56075668334961
2225454097.0,-1.3232688903808594,-1.0703459978103638,9.163683891296388,-0.3943697214126587,2.6697981357574463,-18.76119041442871
2225462430.0,-1.1739193201065063,-1.3801538944244385,9.846389770507812,-0.0685565173625946,4.213619709014893,-18.515474319458008
2225470763.0,-1.0636026859283447,-1.3388583660125732,10.156360626220703,-0.089508980512619,3.562352418899536,-18.56783103942871
2225479096.0,-1.085076928138733,-1.2489285469055176,10.332345962524414,0.0976414903998375,1.747198462486267,-18.41291236877441
2225487429.0,-1.052749514579773,-1.1082226037979126,10.121783256530762,0.2455125153064727,-0.126803308725357,-18.405662536621094
2225495762.0,-0.798865795135498,-1.2663666009902954,9.717474937438965,0.3155930936336517,-1.724850296974182,-18.52323341369629
2225504095.0,-0.7477181553840637,-1.2189115285873413,9.516777992248535,0.1545563340187072,-1.2759863138198853,-18.60297203063965
2225512428.0,-0.6556575298309326,-1.0893217325210571,9.247092247009276,-0.1630987077951431,0.1155202314257621,-18.685243606567383
2225520761.0,-0.6464532017707825,-0.9450114369392396,8.906044960021973,0.0508698858320713,1.5236376523971558,-18.62335968017578
2225529094.0,-0.9204100370407104,-0.5750237107276917,9.228053092956545,0.3185002505779266,2.696039915084839,-18.51579093933105
2225537427.0,-0.9556875824928284,-0.5409011840820312,9.716920852661133,-0.3551670908927917,2.7118823528289795,-18.691097259521484
2225545760.0,-1.1071332693099976,-0.5582093596458435,9.676791191101074,-1.0727884769439695,1.9412522315979004,-19.02145767211914
2225554093.0,-1.169432520866394,-0.9672006964683532,9.723727226257324,-1.7135288715362549,0.576320469379425,-19.05406188964844
2225562426.0,-1.0820467472076416,-0.8496690392494202,9.468145370483398,-1.912500143051148,-0.3932682573795318,-19.04350852966309
2225570759.0,-0.9115529656410216,-0.7918215990066528,9.503761291503906,-1.4693483114242554,-0.943052351474762,-19.246580123901367
2225579092.0,-0.5506545305252075,-1.1977200508117676,9.90928077697754,-1.934720516204834,-1.2497700452804563,-19.277482986450195
2225587425.0,-0.5802455544471741,-1.896027684211731,9.739728927612305,-2.761586427688598,-1.1039097309112549,-19.48302459716797
2225595758.0,-0.7149940729141235,-1.9360578060150144,9.04401397705078,-2.8753910064697266,0.3344451785087585,-19.38451194763184
2225604091.0,-0.5757349729537964,-2.127667188644409,9.134933471679688,-1.755651593208313,1.633817434310913,-19.362064361572266
2225612424.0,-0.8361026644706726,-2.404048204421997,9.514162063598633,-1.1678173542022705,2.146576166152954,-19.652719497680664
2225620757.0,-0.9000404477119446,-2.1727371215820312,9.476080894470217,-1.2043688297271729,2.217475891113281,-19.75118064880371
2225629090.0,-0.9999287128448486,-2.4734389781951904,9.599394798278809,-1.1552406549453735,1.663696050643921,-19.635786056518555
2225637423.0,-0.9556127190589904,-2.502671480178833,9.484646797180176,-1.194609761238098,0.917655885219574,-19.8125
2225645756.0,-0.8939163088798523,-2.5215868949890137,9.48369598388672,-0.8083214163780212,0.0696707367897033,-19.771595001220703
2225654089.0,-0.9998448491096495,-2.2146127223968506,9.6179780960083,-0.3123528957366943,-0.0015496616251766,-19.855558395385746
2225662422.0,-0.9517263770103456,-2.33667540550232,9.652790069580078,-0.1917482316493988,0.4654492735862732,-19.98822975158692
2225670755.0,-0.9257025718688964,-2.623831987380981,9.530139923095703,-0.3621854186058044,1.0063453912734983,-20.131362915039062
2225679088.0,-1.0342211723327637,-2.601040363311768,9.663558959960938,-0.4236724078655243,1.9285475015640257,-20.079015731811523
2225687421.0,-0.9373989701271056,-2.7159812450408936,10.10284423828125,-0.0459903739392757,2.21150803565979,-20.054685592651367
2225695754.0,-0.7124686241149902,-2.8504867553710938,10.451619148254396,0.4609282910823822,1.3023561239242554,-20.25568008422852
2225704087.0,-0.7150708436965942,-2.7103779315948486,10.320840835571287,1.0794867277145386,0.7280080914497375,-20.47337532043457
2225712420.0,-0.6371908187866211,-2.9301743507385254,10.28547191619873,1.0505682229995728,0.3785017132759094,-20.8497257232666
2225720753.0,-0.6345149278640747,-3.0668652057647705,9.64947509765625,1.1289606094360352,1.205214262008667,-20.92694091796875
2225729086.0,-0.7927486896514893,-2.9519433975219727,9.548783302307127,2.089956045150757,2.496838331222534,-21.153833389282227
2225737419.0,-1.0868747234344482,-2.78570556640625,9.725829124450684,2.822087526321411,3.795326232910156,-21.202930450439453
2225745752.0,-1.3003469705581665,-2.9737021923065186,9.874407768249512,3.2316596508026123,4.638444900512695,-21.339073181152344
2225754085.0,-1.0840975046157837,-2.908803224563598,10.059910774230955,3.3168652057647705,4.241513729095459,-21.598533630371094
2225762418.0,-1.1568849086761477,-2.660286903381348,10.015830039978027,3.692191600799561,2.9131083488464355,-21.7615966796875
2225770751.0,-1.1311262845993042,-2.8362319469451904,10.281778335571287,3.842098474502564,1.7013622522354126,-22.11677360534668
2225779084.0,-1.1430050134658811,-2.648467540740967,9.871416091918944,4.031259059906006,1.2556229829788208,-22.371353149414062
2225787417.0,-1.0510505437850952,-2.461250066757202,9.847800254821776,4.336543560028076,1.6038872003555298,-22.459379196166992
2225795750.0,-1.0832141637802124,-2.2804176807403564,9.885127067565918,4.38280200958252,2.799765110015869,-22.60504531860352
2225804083.0,-0.8414771556854248,-2.071519613265991,10.051470756530762,4.30444860458374,3.330671548843384,-22.948148727416992
2225812416.0,-0.9681553840637208,-2.1984262466430664,10.39508819580078,3.972539186477661,3.796466827392578,-23.18314552307129
2225820749.0,-1.3245929479599,-1.9125795364379885,10.092408180236816,3.50641131401062,4.276631832122803,-23.38459205627441
2225829082.0,-1.0126434564590454,-1.703570008277893,10.17473316192627,3.7174723148345934,4.111624717712402,-23.556640625
2225837415.0,-1.0528825521469116,-2.061631679534912,10.547064781188965,3.62432599067688,3.1510517597198486,-23.679292678833008
2225845748.0,-1.2716352939605713,-2.426954507827759,10.082162857055664,2.600358486175537,2.857858419418335,-24.01393318176269
2225854081.0,-1.3079930543899536,-2.427283763885498,9.399686813354492,3.039335489273072,3.47091007232666,-23.86813735961914
2225862414.0,-1.203673243522644,-2.605200290679932,9.71231174468994,3.688669204711914,3.953136444091797,-24.027624130249023
2225870747.0,-1.5274897813796997,-2.6868321895599365,9.830187797546388,3.637095451354981,3.879688024520874,-24.37691307067871
2225879080.0,-1.6437735557556152,-2.4915339946746826,9.588668823242188,3.808799982070923,4.109896183013916,-24.5285873413086
2225887413.0,-1.6077824831008911,-2.674687385559082,9.802722930908203,3.9522783756256095,4.151378154754639,-24.596221923828125
2225895746.0,-1.6659971475601196,-2.7246458530426025,9.974498748779297,3.872387647628784,3.2837471961975098,-24.92173194885254
2225904079.0,-1.651763916015625,-2.72745680809021,9.631940841674805,4.245843887329102,2.697154998779297,-24.959129333496094
2225912412.0,-1.7163029909133911,-2.725584983825684,9.82065486907959,4.770397663116455,2.296112537384033,-24.871524810791016
2225920745.0,-1.585342526435852,-2.6662654876708984,9.977449417114258,4.899672985076904,1.8821860551834104,-25.10223197937012
2225929078.0,-1.5715824365615845,-3.054135322570801,9.686458587646484,4.958816051483154,1.4498176574707031,-25.13804244995117
2225937411.0,-1.5739706754684448,-3.319823741912842,9.199522972106934,5.129509925842285,1.6082674264907837,-25.33135223388672
2225945744.0,-1.3900264501571655,-3.8447749614715576,9.184916496276855,5.636723041534424,1.8699684143066408,-25.24831199645996
2225954077.0,-1.1283519268035889,-4.4879255294799805,9.192230224609377,6.247507095336914,1.4315674304962158,-25.360715866088867
2225962410.0,-1.046066403388977,-4.82713508605957,8.78796672821045,7.298563480377197,0.924149453639984,-25.415254592895508
2225970743.0,-0.6735832095146179,-4.550766468048096,8.441790580749512,8.886442184448242,0.5981311798095703,-25.390384674072266
2225979076.0,-1.8060661554336548,-3.520669460296631,8.709824562072754,10.801977157592772,1.018051266670227,-25.545860290527344
2225987409.0,-3.015199422836304,-1.860856771469116,9.138896942138672,11.63698959350586,4.005761623382568,-25.706348419189453
2225995742.0,-3.217734336853028,-1.3598099946975708,9.375346183776855,11.52415943145752,6.853042602539063,-25.747255325317383
2226004075.0,-3.333038806915283,-1.365199089050293,10.384238243103027,10.646360397338867,6.564319133758545,-25.923662185668945
2226012408.0,-2.1234750747680664,-0.3932395875453949,11.350194931030272,8.85172176361084,2.780298948287964,-25.885108947753903
2226020741.0,-1.688812494277954,-0.4469059705734253,11.324677467346191,7.884912014007568,-3.5250461101531982,-25.767257690429688
2226029074.0,-1.4671977758407593,-1.655902624130249,10.454604148864746,6.16978120803833,-8.648589134216309,-25.69792366027832
2226037407.0,-1.9087594747543333,-3.2593982219696045,8.705257415771484,4.082565307617188,-8.957174301147461,-25.562559127807617
2226045740.0,-2.844928979873657,-3.7704360485076895,6.65989875793457,3.917161703109741,-5.321629524230957,-25.55949783325196
2226054073.0,-2.9249653816223145,-3.350303888320923,6.913115978240967,6.705938339233398,0.3436663448810577,-25.29133987426757
2226062406.0,-3.4975810050964355,-1.941279888153076,9.757442474365234,9.481268882751465,3.632536172866821,-25.87547874450684
2226070739.0,-2.18552041053772,0.0068132621236145,12.339995384216309,9.180045127868652,2.453871011734009,-26.554489135742188
2226079072.0,-0.7767942547798157,0.941523253917694,13.38530731201172,7.124399185180664,-3.516798257827759,-26.58865547180176
2226087405.0,-0.9852560758590698,0.106336735188961,12.282111167907717,3.6935243606567374,-10.299863815307615,-26.74816131591797
2226095738.0,-0.9688640236854552,-0.6312404870986938,10.595046043395996,0.1156227514147758,-11.692612648010254,-26.444965362548828
2226104071.0,-1.3442106246948242,-0.5620680451393127,9.23691177368164,-0.5958259105682373,-8.853374481201172,-26.63204765319824
2226112404.0,-0.8386663198471069,-1.210310459136963,8.666895866394043,1.2427524328231812,-5.125219821929932,-27.44122886657715
2226120737.0,-0.5461132526397705,-1.9576703310012813,9.311237335205078,3.555680513381958,-1.842407464981079,-27.77412223815918
2226129070.0,-1.289980411529541,-2.582072734832764,9.471390724182127,3.15763521194458,0.11635272949934,-28.39629173278809
2226137403.0,-1.1553539037704468,-2.26627254486084,9.73536205291748,2.209344387054444,1.7078688144683838,-28.451339721679688
2226145736.0,-1.382233500480652,-1.4343329668045044,9.968767166137695,2.0706818103790283,0.3874411582946777,-28.483264923095703
2226154069.0,-1.3626855611801147,-1.213112235069275,10.790226936340332,2.9906435012817383,-2.860535860061645,-29.06743049621582
2226162402.0,-0.9186463356018066,-1.744829773902893,11.139304161071776,2.7631123065948486,-5.368069171905518,-29.500158309936523
2226170735.0,-0.5479178428649902,-2.183396100997925,10.45867919921875,1.819585204124451,-7.013553142547607,-29.645692825317383
2226179068.0,-0.1784697622060775,-2.049247026443481,9.597614288330078,2.3126087188720703,-6.4246826171875,-30.03836250305176
2226187401.0,-0.4232192933559418,-1.963168382644653,9.369505882263184,3.322899103164673,-4.009322166442871,-30.088298797607425
2226195734.0,-0.5386025905609131,-1.920683979988098,9.567693710327148,3.7372097969055176,-0.9296950697898864,-30.14341735839844
2226204067.0,-0.3697453737258911,-2.1556918621063232,9.721550941467283,3.8505396842956543,1.714746356010437,-29.993946075439453
2226212400.0,-0.4750082194805145,-2.1462631225585938,10.13833713531494,3.720599174499512,2.00654411315918,-29.97548484802246
2226220733.0,-0.3956358134746551,-1.917084097862244,10.396584510803224,3.4861767292022705,0.5200462341308594,-30.08979797363281
2226229066.0,-0.2831226289272308,-1.986360669136048,10.474674224853516,3.6966490745544434,-1.5418883562088013,-30.138818740844727
2226237399.0,-0.5021385550498962,-2.218344449996948,10.43155002593994,3.008035898208618,-2.79258131980896,-30.33971405029297
2226245732.0,-0.6466002464294434,-2.2268497943878174,9.761712074279783,2.5991549491882324,-1.8205204010009768,-30.166074752807617
2226254065.0,-0.7691349387168884,-2.474492311477661,9.110594749450684,2.604252338409424,0.4973775744438171,-29.73408889770508
2226262398.0,-0.7720047831535339,-2.396892547607422,9.38516616821289,3.0981462001800537,2.496877193450928,-29.327770233154297
2226270731.0,-0.923187255859375,-2.463300466537476,10.222220420837402,3.157878875732422,2.8145456314086914,-29.227108001708984
2226279064.0,-0.923660695552826,-2.5187058448791504,10.374762535095217,2.8033008575439453,1.912923812866211,-29.22731208801269
2226287397.0,-0.9226555824279784,-2.3647401332855225,10.032737731933594,2.8119070529937744,0.4852620661258697,-29.02823638916016
2226295730.0,-0.925501823425293,-2.105877161026001,10.043130874633787,2.782681465148926,-0.5999242663383484,-28.635236740112305
2226304063.0,-0.9659444093704224,-2.020833730697632,9.84877586364746,2.538859367370605,-0.9255325794219972,-28.61029052734375
2226312396.0,-0.7301515936851501,-2.271510362625122,9.712276458740234,1.9840033054351809,-0.5837873220443726,-28.603679656982425
2226320729.0,-0.8714765310287476,-2.4743151664733887,9.703604698181152,1.6289383172988892,0.311571717262268,-28.280874252319336
2226329062.0,-1.082764744758606,-2.447628259658813,9.681086540222168,1.7228785753250122,1.430235743522644,-28.150320053100582
2226337395.0,-1.2625222206115725,-2.226152181625366,9.790398597717283,2.256359100341797,2.248624086380005,-27.905406951904297
2226345728.0,-1.3484992980957031,-2.3873865604400635,10.250965118408203,2.53513240814209,2.1917734146118164,-27.84182357788086
2226354061.0,-1.3007651567459106,-2.595180988311768,10.231239318847656,1.807917833328247,1.2095690965652466,-27.74392318725586
2226362394.0,-1.3448679447174072,-2.509172439575196,9.947911262512209,1.792805552482605,0.19273442029953,-27.69635772705078
2226370727.0,-1.1173053979873655,-2.5449886322021484,9.910282135009766,2.0781991481781006,-0.660258412361145,-27.561111450195312
2226379060.0,-1.0383466482162476,-2.439319133758545,9.81494426727295,2.406190156936645,-1.2174453735351562,-27.65076446533203
2226387393.0,-1.0126625299453735,-2.236511468887329,9.628514289855955,2.5433156490325928,-0.7798387408256531,-27.624061584472656
2226395726.0,-1.0337599515914917,-2.197273015975952,9.552659034729004,2.5714657306671143,0.113522358238697,-27.5673770904541
2226404059.0,-1.3511805534362793,-2.269847869873047,9.38951015472412,2.27348256111145,1.1029367446899414,-27.50317001342773
2226412392.0,-1.505578637123108,-2.079123020172119,9.29515266418457,2.2845351696014404,1.990944623947144,-27.52150154113769
2226420725.0,-1.5031561851501465,-2.2768101692199707,9.653212547302246,2.5731310844421387,1.5363428592681885,-27.66709327697754
2226429058.0,-1.5912636518478394,-2.3463404178619385,9.961992263793944,2.4180493354797363,0.291810393333435,-27.574203491210938
2226437391.0,-1.5731523036956787,-2.3431310653686523,9.646245956420898,2.2454092502593994,-1.1390401124954224,-27.622690200805664
2226445724.0,-1.6635382175445557,-2.1860365867614746,9.331650733947754,2.5643839836120605,-2.08410382270813,-27.80160903930664
2226454057.0,-1.1854547262191772,-2.3700385093688965,9.539674758911133,2.513193368911743,-2.488898515701294,-27.83222961425781
2226462390.0,-1.0937566757202148,-2.752885341644287,9.43064308166504,2.213404417037964,-3.0335726737976074,-27.779783248901367
2226470723.0,-1.3060033321380615,-2.310516119003296,9.470240592956545,2.406267166137696,-2.401592254638672,-27.862213134765625
2226479056.0,-1.026880979537964,-2.039306163787842,9.607890129089355,2.9436280727386475,-1.4172877073287964,-27.94686508178711
2226487389.0,-0.8927717208862305,-2.1576569080352783,9.822517395019531,3.3078885078430176,-1.4489213228225708,-28.26437759399414
2226495722.0,-1.0347212553024292,-2.426805257797241,9.784546852111816,2.7986772060394287,-1.416698694229126,-28.207746505737305
2226504055.0,-1.077971339225769,-2.804159164428711,9.466408729553224,2.3995304107666016,-1.1615039110183716,-28.28297615051269
2226512388.0,-0.9555368423461914,-3.0516154766082764,9.315103530883787,2.939363479614258,-1.3555958271026611,-28.375301361083984
2226520721.0,-0.9179985523223876,-3.046073198318481,9.51830768585205,3.74567461013794,-1.664785385131836,-28.28416633605957
2226529054.0,-0.8508927822113037,-2.851773977279663,9.759394645690918,4.294114589691162,-2.018557071685791,-28.22642135620117
2226537387.0,-0.7875651717185974,-2.6505348682403564,9.956971168518066,4.360429763793945,-2.156925201416016,-28.39965057373047
2226545720.0,-0.6139894127845764,-2.531800508499145,9.779390335083008,4.034206390380859,-1.869584321975708,-28.487661361694336
2226554053.0,-0.6312482357025146,-2.4560117721557617,9.653717041015623,4.207960605621338,-1.3300328254699707,-28.48528861999512
2226562386.0,-0.8167248964309692,-2.478727340698242,10.031383514404297,4.30523157119751,-0.4136958122253418,-28.35400581359864
2226570719.0,-0.8841796517372131,-2.5487751960754395,10.167855262756348,3.943557977676392,0.4001586735248565,-28.54944229125977
2226579052.0,-0.8938380479812622,-2.659071922302246,9.95888614654541,4.335968017578125,0.6479509472846985,-28.544193267822266
2226587385.0,-0.7290752530097961,-3.0478737354278564,10.978171348571776,4.593083381652832,0.6026905179023743,-28.282590866088867
2226595718.0,-0.1577882468700409,-3.643523693084717,11.557766914367676,3.90956711769104,-0.3868520557880401,-27.95421600341797
2226604051.0,-0.4237568974494934,-3.502305269241333,10.317387580871582,4.4235944747924805,-1.1126317977905271,-28.018917083740234
2226612384.0,-0.1362978368997573,-3.094420909881592,10.337398529052734,5.9747419357299805,-0.3892085552215576,-27.880447387695312
2226620717.0,-0.0279690790921449,-3.317849636077881,10.353951454162598,6.501909255981445,0.4748754799365997,-28.02696228027344
2226629050.0,-0.2187679857015609,-3.7602670192718506,9.986204147338867,6.186136245727539,2.08416748046875,-28.288124084472656
2226637383.0,-0.4822784066200256,-3.4752745628356934,9.53798484802246,6.140722751617432,4.526281833648682,-27.77666282653809
2226645716.0,-0.9729241728782654,-2.679758787155152,9.58349895477295,7.233809947967529,6.118335247039795,-27.56682586669922
2226654049.0,-0.9624099135398864,-2.236502170562744,10.122507095336914,7.974677085876465,5.886270523071289,-27.60302352905273
2226662382.0,-0.9576605558395386,-2.3544273376464844,10.427106857299805,7.502120971679687,4.396136283874512,-27.73350143432617
2226670715.0,-0.7641326189041138,-2.693733692169189,10.464112281799316,6.194947719573975,2.3836238384246826,-27.76746368408203
2226679048.0,-0.7406193017959595,-2.8158769607543945,9.746078491210938,5.847516059875488,1.0047062635421753,-27.64679527282715
2226687381.0,-0.8531014919281006,-2.576061964035034,9.252912521362305,6.533466339111328,1.1985549926757812,-27.76741409301757
2226695714.0,-0.8835014700889587,-2.129993200302124,9.054728507995604,7.270798683166504,2.603881359100342,-27.843338012695312
2226704047.0,-0.668180525302887,-2.1351184844970703,9.464598655700684,7.217904090881348,4.143989086151123,-27.816308975219727
2226712380.0,-0.7992913126945496,-2.095428705215454,9.839200019836426,5.950972080230713,4.912135124206543,-27.949583053588867
2226720713.0,-1.0745915174484253,-2.027460813522339,9.492486000061035,5.054448127746582,5.362459659576416,-27.918153762817383
2226729046.0,-0.7601279020309448,-1.8597187995910645,9.556855201721191,5.793483257293701,4.899468898773193,-28.145339965820312
2226737379.0,-0.6144296526908875,-2.085190773010254,10.546220779418944,5.765486717224121,3.5696537494659424,-27.896753311157227
2226745712.0,-1.0487217903137207,-2.125309705734253,10.007827758789062,5.128818988800049,2.4264895915985107,-28.136913299560547
2226754045.0,-1.200529932975769,-2.149335622787476,9.011678695678713,4.886098384857178,3.523291826248169,-28.178586959838867
2226762378.0,-0.971939206123352,-2.257031202316284,9.10953140258789,5.335064888000488,5.036069869995117,-28.134506225585938
2226770711.0,-0.6783813834190369,-2.5557749271392822,9.950148582458496,5.506718635559082,5.077398300170898,-28.12434959411621
2226779044.0,-1.245496392250061,-2.5287373065948486,9.838932037353516,5.257620334625244,4.739264488220215,-28.1761417388916
2226787377.0,-1.2677805423736572,-2.063173770904541,9.26567840576172,5.615323066711426,5.037363052368164,-28.252933502197266
2226795710.0,-1.1330969333648682,-2.247565269470215,9.42127799987793,6.402449131011963,4.702405452728272,-28.33317947387696
2226804043.0,-1.0777230262756348,-2.3957295417785645,9.910140991210938,5.707330226898193,3.844815015792847,-28.570602416992188
2226812376.0,-1.1388237476348877,-2.435924530029297,9.471301078796388,5.172068595886231,3.3558640480041504,-28.356719970703125
2226820709.0,-1.458048939704895,-2.221773147583008,9.16862964630127,5.625261306762695,3.897810459136963,-28.260385513305664
2226829042.0,-1.3325250148773191,-2.198704481124878,9.48660659790039,6.1673102378845215,4.370163440704346,-28.28653907775879
2226837375.0,-1.4922254085540771,-2.1898627281188965,9.452068328857422,6.21107292175293,4.434237003326416,-28.24497985839844
2226845708.0,-1.4883785247802734,-2.3696417808532715,9.777915954589844,5.787553310394287,4.065865516662598,-28.079652786254883
2226854041.0,-1.5318963527679443,-2.6116297245025635,9.539212226867676,5.441965579986572,3.338139533996582,-27.982316970825195
2226862374.0,-1.565150022506714,-2.284743547439575,9.42806339263916,5.984347343444824,2.648270606994629,-28.08964157104492
2226870707.0,-1.460687518119812,-2.274156332015991,9.84048080444336,6.362183570861816,2.1494839191436768,-28.011032104492188
2226879040.0,-1.1889917850494385,-2.3597233295440674,9.744028091430664,6.041594982147217,1.5521851778030396,-27.977394104003903
2226887373.0,-1.411105394363403,-2.333525896072388,9.57078456878662,5.687965393066406,1.3865125179290771,-27.85163307189941
2226895706.0,-1.5377678871154783,-2.0798592567443848,9.43126106262207,5.594805717468262,2.435620784759521,-27.81423568725586
2226904039.0,-1.3082118034362793,-2.0927889347076416,9.671926498413086,5.922335147857666,2.678187370300293,-27.75022315979004
2226912372.0,-1.3766264915466309,-2.206003189086914,10.089400291442873,5.781764507293701,2.319588422775269,-27.73895835876465
2226920705.0,-1.6319255828857422,-1.9463855028152464,9.945929527282717,5.367991924285889,2.113777875900269,-27.59638786315918
2226929038.0,-1.3577874898910522,-1.6878496408462524,10.01255989074707,5.430310726165772,1.734891653060913,-27.70575714111328
2226937371.0,-1.0981508493423462,-1.8265761137008667,10.18918800354004,5.160285949707031,0.5526659488677979,-27.71444320678711
2226945704.0,-1.13705575466156,-1.816932678222656,10.02939224243164,4.473900318145752,-0.1801706403493881,-27.65363311767578
2226954037.0,-1.01667320728302,-1.6769194602966309,9.750725746154783,4.139749526977539,0.3639273047447204,-27.7138900756836
2226962370.0,-0.91476172208786,-1.7313169240951538,9.69703197479248,4.043145179748535,0.98529052734375,-27.76436233520508
2226970703.0,-1.0541969537734983,-2.040590763092041,9.95335578918457,3.726989269256592,1.8638081550598145,-27.82532501220703
2226979036.0,-1.0375090837478638,-1.8837683200836184,9.682289123535156,3.5365211963653564,2.6395103931427,-27.70878028869629
2226987369.0,-1.1765073537826538,-1.9241613149642944,9.792611122131348,3.905570983886719,2.5806994438171387,-27.8239860534668
2226995702.0,-1.1984161138534546,-2.366447925567627,10.430898666381836,3.678910732269287,2.17625093460083,-27.79394721984864
2227004035.0,-0.9355568289756776,-2.836059808731079,10.036822319030762,3.2089662551879883,1.0877219438552856,-27.93938636779785
2227012368.0,-0.9894995093345642,-2.6546061038970947,9.45612907409668,3.961077690124512,0.4863506257534027,-27.817487716674805
2227020701.0,-0.8651682138442993,-2.8847784996032715,9.776240348815918,4.715057849884033,0.5342235565185547,-27.969810485839844
2227029034.0,-0.9529229402542114,-2.911640882492065,9.561596870422363,4.781310081481934,0.940453052520752,-28.2479248046875
2227037367.0,-0.967587411403656,-2.582699775695801,9.44491958618164,5.1375017166137695,2.1586410999298096,-28.07248878479004
2227045700.0,-1.0826698541641235,-2.8685078620910645,9.954130172729492,5.569435119628906,3.1714799404144287,-28.04188346862793
2227054033.0,-1.0472198724746704,-2.5402626991271973,9.947901725769045,5.664656162261963,2.8895058631896973,-28.35382652282715
2227062366.0,-1.1781129837036133,-2.4746289253234863,10.06956958770752,5.936347007751465,2.6155099868774414,-28.190052032470703
2227070699.0,-1.3877218961715698,-2.209486246109009,10.216917991638184,5.942788124084473,2.463911533355713,-28.3870849609375
2227079032.0,-1.155450701713562,-2.065411329269409,10.171099662780762,5.691793918609619,1.903599977493286,-28.47317314147949
2227087365.0,-1.1642125844955444,-2.2000248432159424,10.252313613891602,5.3879075050354,1.423768401145935,-28.333784103393555
2227095698.0,-1.334585189819336,-2.1179304122924805,10.050907135009766,4.998007297515869,1.651684045791626,-28.27254104614257
2227104031.0,-1.1247553825378418,-1.9346870183944704,10.045710563659668,4.806271553039551,2.170564889907837,-28.383283615112305
2227112364.0,-1.224452018737793,-1.964710712432861,10.100378036499023,4.820718765258789,2.298175096511841,-28.41463661193848
2227120697.0,-1.2872049808502195,-2.063862562179565,10.21666145324707,4.318217277526856,2.502704381942749,-28.374267578125
2227129030.0,-1.2326828241348269,-2.0140836238861084,9.991450309753418,3.7864139080047607,2.5833382606506348,-28.25664710998535
2227137363.0,-1.1934611797332764,-2.086332082748413,10.172141075134276,3.566438913345337,2.3106489181518555,-28.27096366882324
2227145696.0,-1.0623005628585815,-2.227135181427002,10.26998233795166,3.3763558864593506,1.576877474784851,-28.27846908569336
2227154029.0,-1.0220990180969238,-2.2443888187408447,9.777328491210938,3.3795056343078613,1.37496018409729,-28.307512283325195
2227162362.0,-0.8252180218696594,-2.4176156520843506,9.716662406921388,3.469386339187622,1.478877305984497,-28.06594657897949
2227170695.0,-0.9478842616081238,-2.475020170211792,9.562929153442385,3.2469522953033447,1.7287698984146118,-28.135820388793945
2227179028.0,-1.0280441045761108,-2.5214767456054688,9.384429931640623,3.339010000228882,2.5302398204803467,-28.205108642578125
2227187361.0,-0.7100316882133484,-3.0118508338928223,9.641276359558104,3.5590622425079346,3.0150153636932373,-28.0874137878418
2227195694.0,-0.8648532629013062,-2.983627796173096,9.504571914672852,3.950575828552246,2.7719874382019043,-28.009878158569336
2227204027.0,-0.985198140144348,-2.815777063369751,9.495767593383787,4.40251350402832,2.566253423690796,-28.02806282043457
2227212360.0,-0.9921151995658876,-2.834319591522217,9.30501651763916,4.83188533782959,2.776700496673584,-28.003347396850582
2227220693.0,-0.9764990210533142,-2.939096689224243,9.505045890808104,4.93295955657959,2.4749643802642822,-27.967510223388672
2227229026.0,-0.8665680885314941,-3.023192882537842,9.585355758666992,4.675100803375244,2.346099138259888,-27.966514587402344
2227237359.0,-1.0548723936080933,-2.6737637519836426,9.033241271972656,5.023595809936523,2.6360909938812256,-27.843425750732425
2227245692.0,-1.0200176239013672,-2.919081926345825,9.57960033416748,5.663029670715332,2.9536306858062744,-27.82198143005371
2227254025.0,-1.1494580507278442,-3.080745220184326,9.615615844726562,5.416453838348389,3.2501027584075928,-27.65849876403809
2227262358.0,-1.2176765203475952,-2.894660472869873,9.44328498840332,5.575057506561279,3.397307872772217,-27.598127365112305
2227270691.0,-1.3705260753631592,-2.8561527729034424,9.589896202087402,6.132576942443848,3.3055319786071777,-27.308067321777344
2227279024.0,-1.289266586303711,-2.789778709411621,9.629420280456545,6.411823272705078,2.917962551116944,-27.41749382019043
2227287357.0,-1.0820168256759644,-2.9953877925872803,9.834108352661133,6.260814666748047,2.17992639541626,-27.346248626708984
2227295690.0,-1.3025221824645996,-3.255117654800415,9.39426612854004,6.024561405181885,1.5769286155700684,-27.422643661499023
2227304023.0,-1.2560747861862185,-3.2543532848358154,8.951236724853516,6.654723167419434,1.9911367893219,-27.447975158691406
2227312356.0,-1.508189082145691,-3.196751832962036,8.997977256774902,7.362982273101807,2.635488510131836,-27.280147552490234
2227320689.0,-1.7244346141815186,-2.8891711235046387,9.239158630371094,7.795237064361572,3.4243950843811035,-27.32767868041992
2227329022.0,-1.6701151132583618,-3.019958972930908,9.66335105895996,7.774937629699707,3.401432037353516,-27.15177726745605
2227337355.0,-1.6619725227355957,-2.8960330486297607,9.613198280334473,7.75219202041626,2.486567258834839,-27.137020111083984
2227345688.0,-1.6105526685714722,-2.780644416809082,9.627683639526367,7.768302917480469,1.4379968643188477,-27.175722122192383
2227354021.0,-1.4613139629364014,-2.670789957046509,9.712636947631836,7.926906108856201,0.2860983908176422,-27.10256767272949
2227362354.0,-1.4267266988754272,-2.7561841011047363,9.585850715637209,7.848116874694824,-0.4859535992145538,-27.217191696166992
2227370687.0,-1.396244764328003,-2.743121385574341,9.354414939880373,7.917927742004394,-0.0009093059343285,-27.07366371154785
2227379020.0,-1.2373700141906738,-2.722724914550781,9.338160514831545,7.957386493682861,0.7691318988800049,-27.171724319458008
2227387353.0,-1.3145124912261963,-2.61838698387146,9.390033721923828,8.1055908203125,1.3456060886383057,-27.03504753112793
2227395686.0,-1.6271528005599976,-2.469454050064087,9.644753456115724,8.349671363830566,1.8002852201461792,-27.13666725158692
2227404019.0,-1.7902501821517944,-2.2119643688201904,9.88396453857422,8.237045288085938,2.0257418155670166,-27.134614944458008
2227412352.0,-1.434862494468689,-2.1819419860839844,9.865204811096191,8.203003883361816,1.382619023323059,-27.17759323120117
2227420685.0,-1.436931610107422,-2.352539300918579,10.106613159179688,7.827215194702148,0.0228607170283794,-27.230457305908203
2227429018.0,-1.5352705717086792,-2.19033145904541,9.830678939819336,7.275458812713623,-0.8535692095756531,-27.323490142822266
2227437351.0,-1.2469747066497805,-2.009615898132324,9.654060363769531,7.49794340133667,-0.832744836807251,-27.32935333251953
2227445684.0,-1.1101588010787964,-2.1425323486328125,9.887423515319824,7.578449249267578,-0.7152266502380371,-27.29669570922852
2227454017.0,-1.1737850904464722,-1.9012738466262813,9.498480796813965,7.206505298614502,-0.1851654201745987,-27.436962127685547
2227462350.0,-1.1296427249908447,-1.8903887271881104,9.536859512329102,7.303943157196045,0.6742311120033264,-27.560935974121094
2227470683.0,-1.1382499933242798,-1.997429609298706,9.738012313842772,6.965424537658691,1.2594910860061646,-27.67340660095215
2227479016.0,-1.302482843399048,-2.1467857360839844,9.873129844665527,6.759639263153076,1.4040579795837402,-27.73503494262696
2227487349.0,-1.3035151958465576,-2.047065734863281,9.838655471801758,6.877286434173584,1.164411187171936,-27.749048233032227
2227495682.0,-1.2493339776992798,-2.1225454807281494,9.73569107055664,7.221002578735352,0.4055376052856445,-27.75406646728516
2227504015.0,-1.2084192037582395,-1.7541521787643433,9.69109344482422,7.349305152893066,-0.1392134577035904,-27.827831268310547
2227512348.0,-1.179767370223999,-1.8611904382705688,10.019150733947754,6.980255126953125,-0.3234055042266845,-27.858829498291016
2227520681.0,-0.92751282453537,-2.505343198776245,9.784918785095217,6.15383768081665,-0.4471480250358581,-28.09596824645996
2227529014.0,-1.0032211542129517,-2.2707326412200928,9.190553665161133,6.367587566375732,0.046297762542963,-28.020606994628903
2227537347.0,-0.8892186880111694,-2.4444048404693604,9.456097602844238,7.162424087524414,0.8475116491317749,-27.960363388061523
2227545680.0,-0.8375229239463806,-2.8180007934570312,9.645851135253906,7.618767261505127,1.0704835653305054,-27.974937438964844
2227554013.0,-0.5512440204620361,-3.216552972793579,9.600051879882812,7.461880207061768,0.7799924612045288,-28.187179565429688
2227562346.0,-0.3472396731376648,-3.1194653511047363,9.224995613098145,7.934617042541504,0.6515114307403564,-27.97788619995117
2227570679.0,-0.6666771769523621,-2.8514668941497803,9.177849769592283,8.974761009216309,0.6466190218925476,-28.16248893737793
2227579012.0,-1.187891960144043,-2.1693215370178223,9.20749568939209,9.674901008605955,1.9399594068527224,-28.022016525268555
2227587345.0,-1.6119552850723269,-1.992259502410889,9.952210426330566,9.775102615356444,3.927138566970825,-27.963132858276367
2227595678.0,-1.47126567363739,-1.3535401821136477,10.029312133789062,9.057392120361328,4.29923677444458,-28.200014114379883
2227604011.0,-1.3246612548828125,-0.8125494122505188,10.447504997253418,8.847304344177246,3.3061468601226807,-28.18832969665528
2227612344.0,-1.107575535774231,-0.8252577185630798,11.0332612991333,7.753909111022949,1.1719675064086914,-28.194812774658203
2227620677.0,-1.195587992668152,-0.8881262540817261,10.40450382232666,6.340897083282471,-0.9514926671981812,-28.25303077697754
2227629010.0,-0.8717936277389526,-1.050972580909729,10.026387214660645,5.52487850189209,-1.0377357006072998,-27.99297142028809
2227637343.0,-1.3332713842391968,-1.2237296104431152,9.71194839477539,4.596028804779053,0.195705696940422,-27.829986572265625
2227645676.0,-1.4899007081985474,-1.3727667331695557,9.622262954711914,4.39846658706665,2.328066349029541,-28.130748748779297
2227654009.0,-1.120335817337036,-1.369517207145691,10.197432518005373,4.618391036987305,3.8566484451293945,-28.05037498474121
2227662342.0,-1.2660033702850342,-1.6210681200027466,11.070511817932127,3.967070817947388,2.9888882637023926,-27.881288528442383
2227670675.0,-1.4867734909057615,-1.6347764730453491,10.41303825378418,3.3512535095214844,1.7511566877365112,-27.7724838256836
2227679008.0,-1.961140394210816,-1.9264758825302124,10.114018440246582,3.628297328948975,1.1150524616241455,-27.69077682495117
2227687341.0,-1.630256414413452,-2.002116203308105,10.382323265075684,3.441569328308105,0.4881948232650757,-27.65934562683105
2227695674.0,-1.366448163986206,-1.857356071472168,10.265440940856934,3.741768598556519,-0.3450495898723602,-27.75450134277344
2227704007.0,-1.149268627166748,-1.3152759075164795,10.64557647705078,4.021270751953125,-1.0250312089920044,-27.758190155029297
2227712340.0,-1.0717514753341677,-1.683920979499817,10.718653678894045,3.452711582183838,-0.959791660308838,-27.65214729309082
2227720673.0,-1.2870869636535645,-2.2483599185943604,9.824296951293944,2.4850306510925293,-0.2751226723194122,-27.69476890563965
2227729006.0,-1.4528565406799316,-2.3805031776428223,9.509756088256836,2.633439302444458,1.3994216918945312,-27.427175521850582
2227737339.0,-1.6220089197158811,-2.4027769565582275,9.924688339233398,3.581448554992676,2.3034512996673584,-27.34324073791504
2227745672.0,-1.652565360069275,-2.2676522731781006,10.62270450592041,4.505380153656006,1.882071018218994,-27.446054458618164
2227754005.0,-1.4087315797805786,-1.858924150466919,10.901339530944824,4.741313457489014,0.3620958626270294,-27.24382972717285
2227762338.0,-1.3073031902313232,-1.959922313690185,11.09264850616455,4.052187442779541,-1.5025832653045654,-27.462141036987305
2227770671.0,-1.2315921783447266,-1.977791666984558,10.362244606018066,3.1780247688293457,-2.74948525428772,-27.626331329345703
2227779004.0,-1.251621127128601,-1.8740601539611816,9.967093467712402,3.561418294906616,-1.7191261053085327,-27.58992958068848
2227787337.0,-0.8828741908073425,-1.5539885759353638,10.17652702331543,4.085050582885742,-0.79616779088974,-27.58024787902832
2227795670.0,-0.7144243717193604,-1.3283919095993042,10.297334671020508,4.311275959014893,-0.3793727457523346,-27.73160743713379
2227804003.0,-0.9916837811470032,-1.2513784170150757,10.355112075805664,3.4921321868896484,0.1603836566209793,-27.807397842407227
2227812336.0,-1.403538465499878,-1.7557320594787598,9.862213134765623,2.350504875183105,1.1736067533493042,-27.81925773620605
2227820669.0,-1.548653483390808,-2.494361639022827,9.489298820495604,2.175431251525879,2.0259463787078857,-27.532299041748047
2227829002.0,-1.43442702293396,-2.52996563911438,9.81295394897461,2.968243360519409,1.4741642475128174,-27.112403869628903
2227837335.0,-1.2287520170211792,-2.692840099334717,10.287713050842283,3.78861665725708,-0.8626623749732971,-27.240577697753903
2227845668.0,-1.2008633613586426,-2.6633479595184326,9.980875015258787,4.017301082611084,-2.877274513244629,-27.378177642822266
2227854001.0,-0.9339216947555542,-2.5501725673675537,9.820093154907228,3.938332319259644,-3.6400418281555176,-27.399696350097656
2227862334.0,-1.1893870830535889,-2.5014007091522217,9.11959457397461,3.670765161514282,-2.9553465843200684,-27.64256858825684
2227870667.0,-1.3854507207870483,-2.208502054214477,9.063989639282228,3.925883054733277,-0.5696097016334534,-27.51272964477539
2227879000.0,-1.1748143434524536,-2.2399277687072754,9.876958847045898,3.9307243824005127,1.4209121465682983,-27.236167907714844
2227887333.0,-1.274009108543396,-2.163004875183105,10.007944107055664,4.0433502197265625,1.4465007781982422,-27.151439666748047
2227895666.0,-0.9707863330841064,-1.9659209251403809,10.428098678588867,4.234996318817139,-0.0081453323364257,-26.884668350219727
2227903999.0,-1.1138463020324707,-2.404936552047729,10.432565689086914,3.545281171798706,-2.308510065078736,-26.93246459960937
2227912332.0,-1.2804383039474487,-2.309983491897583,9.739662170410156,3.1624763011932373,-3.422396659851074,-26.96760368347168
2227920665.0,-1.0001370906829834,-2.2370474338531494,9.850162506103516,3.178972005844116,-2.620850086212158,-26.92265510559082
2227928998.0,-1.099471926689148,-2.9379146099090576,9.648189544677734,3.250461339950561,-1.974628448486328,-27.045244216918945
2227937331.0,-0.97930508852005,-2.746771812438965,9.342245101928713,3.801653861999512,-0.7285972833633423,-27.118061065673828
2227945664.0,-0.7622798681259155,-2.5529773235321045,9.956493377685549,4.364834785461426,0.1651478856801986,-27.038837432861328
2227953997.0,-0.981209397315979,-2.478882074356079,10.184242248535156,4.234714031219482,-0.2438988536596298,-27.03363609313965
2227962330.0,-1.0725568532943726,-2.4405105113983154,9.904528617858888,4.044707775115967,-0.2277363091707229,-26.95756721496582
2227970663.0,-0.9665186405181884,-2.695952892303467,9.860318183898926,3.992865085601807,-0.4822395443916321,-27.1621208190918
2227978996.0,-0.8658339977264404,-2.834436416625977,9.677800178527832,4.067991733551025,-1.3871397972106934,-27.15266990661621
2227987329.0,-1.1714119911193848,-3.1636853218078613,9.307327270507812,4.226415634155273,-1.276870608329773,-26.860462188720703
2227995662.0,-1.0898287296295166,-3.207746744155884,8.960371971130371,4.720386505126953,-0.8499833345413208,-27.03207778930664
2228003995.0,-1.0488953590393066,-3.356801986694336,9.295923233032228,5.467553615570068,-0.6093117594718933,-26.804950714111328
2228012328.0,-1.0695788860321045,-3.131667375564575,9.35539722442627,5.490530490875244,-0.5184836387634277,-26.743328094482425
2228020661.0,-1.163341999053955,-3.1266472339630127,9.397929191589355,5.930403709411621,-0.7593344449996948,-26.64842796325684
2228028994.0,-1.5197480916976929,-2.754015684127808,9.317965507507324,6.531518459320068,-0.4171280860900879,-26.748140335083008
2228037327.0,-1.20380961894989,-2.6060361862182617,9.970538139343262,6.500755786895752,-0.6357969045639038,-26.662336349487305
2228045660.0,-1.1024224758148191,-2.200795412063598,9.805496215820312,6.201504707336426,-1.653528094291687,-26.97739219665528
2228053993.0,-0.9812915921211244,-2.117934465408325,9.672208786010742,6.2550129890441895,-2.2505195140838623,-26.941633224487305
2228062326.0,-0.9611936211586,-2.262057065963745,9.835532188415527,5.901587009429932,-2.524181842803955,-26.88822555541992
2228070659.0,-1.0763189792633057,-2.1117281913757324,9.44416046142578,5.560866355895996,-2.0138180255889893,-26.951749801635746
2228078992.0,-1.251562476158142,-1.93292248249054,9.301507949829102,5.859810829162598,-0.4847241342067718,-26.66277313232422
2228087325.0,-1.4309146404266355,-1.8039283752441408,9.729997634887695,5.99057149887085,0.0648680850863456,-26.825830459594727
2228095658.0,-1.415996551513672,-1.7282854318618774,10.21263027191162,5.815677165985107,0.0779569819569587,-26.848960876464844
2228103991.0,-1.4450129270553589,-2.079702615737915,10.447799682617188,5.190663814544678,-0.7428388595581055,-26.856386184692383
2228112324.0,-1.368868708610535,-2.04244327545166,10.14239501953125,4.877144813537598,-2.111536026000977,-27.06532096862793
2228120657.0,-1.0676811933517456,-1.700393557548523,9.633430480957031,5.38692045211792,-3.2445061206817627,-26.9834098815918
2228128990.0,-0.992132604122162,-2.6934595108032227,9.89926528930664,5.120481014251709,-4.053557872772217,-27.016939163208008
2228137323.0,-0.8613508343696594,-2.622910737991333,9.25094985961914,4.353308200836182,-3.87310528755188,-27.10361862182617
2228145656.0,-0.7667378187179565,-2.555384397506714,8.947040557861328,5.164038181304932,-2.789007663726806,-27.08791732788086
2228153989.0,-1.023056149482727,-2.408493757247925,9.37966537475586,5.946463584899902,-1.902319312095642,-27.33332633972168
2228162322.0,-0.9509817957878112,-1.832362055778504,9.512450218200684,6.730490684509277,-1.2017182111740112,-27.277359008789062
2228170655.0,-1.0136709213256836,-2.3584234714508057,10.320399284362791,6.285391330718994,-1.1338915824890137,-27.118602752685547
2228178988.0,-1.459065556526184,-1.777226448059082,10.257041931152344,5.523009300231934,-1.5056313276290894,-27.10897254943848
2228187321.0,-0.9392818212509156,-2.0974371433258057,10.06351089477539,5.331081867218018,-2.695746421813965,-27.045116424560547
2228195654.0,-0.5484773516654968,-2.1655092239379883,9.865779876708984,5.776077747344971,-4.970471382141113,-27.271747589111328
2228203987.0,-0.4156763851642608,-2.384803533554077,9.988866806030272,5.809197425842285,-6.430715084075928,-27.28148651123047
2228212320.0,-0.4441422522068023,-2.6224582195281982,9.381465911865234,5.339816093444824,-5.83264684677124,-27.211864471435547
2228220653.0,-0.6726109385490417,-2.044879674911499,8.772348403930664,5.7643208503723145,-3.6930627822875977,-27.24641799926757
2228228986.0,-0.6575310230255127,-2.0080325603485107,9.500057220458984,6.324146270751953,-1.0608654022216797,-26.957977294921875
2228237319.0,-0.9946984648704528,-2.033022403717041,10.392711639404297,5.924716949462891,-0.5295233726501465,-27.19995307922364
2228245652.0,-0.7345918416976929,-2.088866233825684,10.467363357543944,5.685864448547363,-1.2328394651412964,-27.094141006469727
2228253985.0,-0.8102591633796692,-2.1526803970336914,10.481913566589355,5.950741767883301,-2.903247356414795,-26.90853881835937
2228262318.0,-0.8080716133117676,-1.3707712888717651,10.845404624938965,6.350015640258789,-4.452474594116211,-26.94498634338379
2228270651.0,-0.7008042335510254,-1.665624976158142,10.73062801361084,6.157780170440674,-5.419053077697754,-27.0343017578125
2228278984.0,-0.1636111140251159,-1.6307600736618042,10.121667861938477,5.386407852172852,-5.631574630737305,-27.40094947814941
2228287317.0,0.3444829285144806,-1.7883062362670898,10.20717430114746,5.21095085144043,-4.861559867858887,-26.96614646911621
2228295650.0,-0.016963917762041,-1.8903964757919312,9.85521125793457,5.0599799156188965,-3.736735582351685,-27.039018630981445
2228303983.0,-0.1491825580596923,-1.996232867240905,9.707820892333984,5.304467678070068,-1.7802414894104004,-27.0378646850586
2228312316.0,-0.266759991645813,-2.1472535133361816,9.67739486694336,5.71898365020752,-0.296894758939743,-26.870222091674805
2228320649.0,-0.5422387719154358,-1.8809601068496704,10.367269515991213,5.8932623863220215,-0.054788876324892,-27.001798629760746
2228328982.0,-0.4096235930919647,-1.774794101715088,10.857440948486328,5.274986267089844,-0.8006502389907837,-26.784029006958008
2228337315.0,-0.572303295135498,-1.6506366729736328,10.124094009399414,5.038822650909424,-2.3607118129730225,-26.931564331054688
2228345648.0,0.1802083700895309,-1.4485788345336914,10.244630813598633,5.5710859298706055,-3.5138399600982666,-26.76691627502441
2228353981.0,0.0159376710653305,-2.131829738616944,10.667890548706056,4.461118698120117,-4.685486793518066,-26.55132484436035
2228362314.0,-0.3859588503837585,-1.904172420501709,9.52527904510498,3.679935216903688,-3.778896570205689,-26.548507690429688
2228370647.0,-0.2180441170930862,-1.7555263042449951,9.075323104858398,4.626817226409912,-1.0628633499145508,-25.97323608398437
2228378980.0,-0.6219747066497803,-1.7553354501724243,9.751809120178224,5.373293399810791,0.2512373626232147,-26.0098876953125
2228387313.0,-0.0404040813446044,-1.544143557548523,10.377309799194336,4.955679893493652,-0.1223592758178711,-26.04541778564453
2228395646.0,-0.2357249110937118,-2.5749123096466064,10.30994987487793,4.142554759979248,-1.811849594116211,-25.61448097229004
2228403979.0,-0.3278964459896087,-2.672960996627808,9.779436111450195,3.904137134552002,-2.9368789196014404,-25.497577667236328
2228412312.0,-0.2157277315855026,-2.436551332473755,9.897571563720703,5.07445240020752,-3.346271276473999,-25.12184333801269
2228420645.0,-0.6365149021148682,-2.396031379699707,10.419540405273438,5.959630012512207,-3.2174317836761475,-25.101173400878903
2228428978.0,0.0457588098943233,-2.211740493774414,10.367398262023926,6.3380279541015625,-2.252568483352661,-24.914775848388672
2228437311.0,0.165396362543106,-2.086620807647705,10.170821189880373,6.775185585021973,-2.211534023284912,-24.591854095458984
2228445644.0,0.4239578545093536,-1.7459441423416138,10.596634864807127,6.670090675354004,-2.2367897033691406,-24.37943458557129
2228453977.0,-0.2124821245670318,-1.7401776313781738,9.752466201782228,6.303858280181885,-1.8463774919509888,-24.08753776550293
2228462310.0,-0.2070705443620681,-2.005418539047241,9.928690910339355,6.829001903533936,-0.8560538291931152,-23.94529914855957
2228470643.0,0.182101234793663,-1.9964911937713623,10.011418342590332,7.0890631675720215,-0.4654621481895447,-23.30865859985352
2228478976.0,0.0051356824114918,-1.8168063163757324,10.270663261413574,7.460060119628906,-1.516414761543274,-23.40040779113769
2228487309.0,0.0665734633803367,-1.605319619178772,10.22347927093506,7.232091903686523,-2.143169641494751,-23.03030776977539
2228495642.0,-0.2568790018558502,-1.4280095100402832,9.914135932922363,7.069339752197266,-2.0898919105529785,-23.09559631347656
2228503975.0,0.1310014575719833,-0.9208094477653505,10.54503345489502,6.814094543457031,-1.2162926197052002,-22.71984100341797
2228512308.0,0.0408119484782218,-1.3184049129486084,10.604217529296877,6.300707817077637,-1.0445489883422852,-22.275915145874023
2228520641.0,-0.2582513689994812,-1.3825280666351318,10.08157730102539,6.2921013832092285,-0.9145054817199708,-22.18501091003418
2228528974.0,-0.1150569766759872,-0.808221697807312,10.02536392211914,7.103637218475342,0.0462721325457096,-21.67759132385254
2228537307.0,0.3260800242424011,-1.353263020515442,10.899723052978516,6.852668762207031,-1.036224365234375,-21.600238800048828
2228545640.0,0.6098552942276001,-1.175768256187439,10.835430145263672,5.970539569854736,-2.337351083755493,-21.13511085510254
2228553973.0,0.2834140658378601,-1.5816991329193115,10.039807319641112,5.560096740722656,-2.988516330718994,-20.72845268249512
2228562306.0,-0.4291980564594269,-1.7657549381256104,9.240740776062012,5.772516250610352,-1.285476565361023,-20.59321403503418
2228570639.0,-0.0151893598958849,-1.4870039224624634,8.937710762023926,6.853950023651123,0.845231831073761,-20.38074493408203
2228578972.0,0.1188358142971992,-1.285896897315979,10.170816421508787,7.595609188079834,1.326344013214111,-20.19047737121582
2228587305.0,0.4439117610454559,-0.692227303981781,11.337302207946776,6.72918176651001,0.1356658339500427,-19.86502265930176
2228595638.0,-0.3161162436008453,-0.3153788447380066,10.542563438415527,6.114875316619873,-1.142164707183838,-19.79389190673828
2228603971.0,-0.3449923098087311,-0.2942042946815491,9.952996253967283,6.27271032333374,-0.8439636826515198,-19.64266586303711
2228612304.0,0.109544925391674,-1.0154410600662231,9.845732688903809,6.114081382751465,-0.6954267621040344,-19.08757972717285
2228620637.0,0.2268939465284347,-1.035017967224121,9.568806648254396,5.85004997253418,-1.564543604850769,-19.13514518737793
2228628970.0,0.2247392684221267,-0.8975909352302551,9.95048713684082,5.905402183532715,-1.6434608697891235,-18.71261405944824
2228637303.0,-0.3374040126800537,-0.7634835243225098,9.925921440124512,5.637912750244141,-1.1073293685913086,-18.49763298034668
2228645636.0,0.2186067700386047,-0.4951916038990021,9.609770774841309,5.855043888092041,-0.4526036083698272,-18.24084854125977
2228653969.0,0.3123638927936554,-0.9075353145599364,10.042198181152344,5.939879417419434,-0.6224517822265625,-17.8797664642334
2228662302.0,0.0315118692815303,-0.7587007880210876,10.459284782409668,5.005368709564209,-0.741276204586029,-17.865371704101562
2228670635.0,-0.1233659610152244,-1.1805381774902344,9.487924575805664,4.887850761413574,-0.6122572422027588,-17.355621337890625
2228678968.0,-0.0808736532926559,-1.2073627710342407,9.393779754638672,6.129424095153809,-0.0702854767441749,-17.05854606628418
2228687301.0,0.2738125026226043,-1.630406618118286,10.397591590881348,6.227295398712158,-0.6552122235298157,-16.469417572021484
2228695634.0,-0.1369473338127136,-1.557367920875549,9.65696907043457,5.811039447784424,-1.855367541313172,-16.318784713745117
2228703967.0,0.0291070491075515,-0.4819689393043518,9.087392807006836,6.735532760620117,-1.747377634048462,-16.047012329101562
2228712300.0,0.1865913569927215,-0.6941671967506409,10.286214828491213,6.903101444244385,-1.898322582244873,-15.719819068908691
2228720633.0,0.2992134690284729,-0.5306445956230164,10.05624008178711,5.761936664581299,-2.3853776454925537,-15.79914665222168
2228728966.0,0.0904331058263778,-0.5887754559516907,9.913935661315918,5.442013740539551,-1.4268667697906494,-15.158916473388672
2228737299.0,-0.4083887636661529,0.0426823496818542,9.572949409484863,5.44091272354126,-0.0056607471778988,-14.953438758850098
2228745632.0,-0.3405886888504028,0.3553979098796844,10.019911766052246,6.323476791381836,0.880041241645813,-14.930848121643066
2228753965.0,0.3082689642906189,-0.2899076342582702,11.252386093139648,5.148499965667725,-0.2192578911781311,-14.879465103149414
2228762298.0,0.9678207039833068,-1.2932987213134766,10.922799110412598,3.2479496002197266,-3.320630073547364,-14.367589950561523
2228770631.0,0.3735291659832001,-1.7361021041870115,9.450357437133787,3.2468481063842773,-4.633641242980957,-14.084450721740724
2228778964.0,0.0325438976287841,-1.497885823249817,8.805573463439941,4.938054084777832,-3.370014190673828,-13.8563814163208
2228787297.0,-0.0935018137097358,-1.41462242603302,8.743890762329102,6.858379364013672,-0.7827968597412109,-14.051281929016112
2228795630.0,0.3939385712146759,-0.9642173647880554,9.60449504852295,7.959791660308838,1.051630973815918,-14.11956787109375
2228803963.0,0.9752418398857116,-0.7299280166625977,10.59392261505127,7.328810214996338,0.5394998788833618,-13.677207946777344
2228812296.0,0.5645115971565247,0.1224865466356277,10.026270866394045,6.620627880096436,-1.2955682277679443,-13.643348693847656
2228820629.0,0.4904561936855316,1.0497725009918213,9.83891487121582,6.389561176300049,-1.983028531074524,-13.601801872253418
2228828962.0,0.0411694385111331,0.9112829566001892,9.910057067871094,5.258386135101318,-1.829190015792847,-13.869830131530762
2228837295.0,0.5087633728981018,-0.1378683894872665,9.818284034729004,3.6508612632751465,-1.204304575920105,-13.78842544555664
2228845628.0,0.3886207640171051,-0.5749905705451965,9.724166870117188,2.2862370014190674,-0.2390576601028442,-13.1380033493042
2228853961.0,-0.0929729416966438,-0.3559128046035766,10.34033489227295,2.183396339416504,0.9347788691520692,-12.617599487304688
2228862294.0,-0.6707943677902222,0.0820119008421897,10.05600929260254,3.339417695999145,1.7695977687835691,-12.863648414611816
2228870627.0,0.0079831229522824,0.5078160166740417,11.190054893493652,4.211224555969238,0.7598848342895508,-13.458695411682127
2228878960.0,0.3584394454956054,-0.2321144640445709,11.767942428588867,2.7189385890960693,-1.750272274017334,-13.395146369934082
2228887293.0,0.330184131860733,-1.2300939559936523,10.48501205444336,0.1535445600748062,-3.0769104957580566,-12.678537368774414
2228895626.0,0.141068086028099,-1.3823447227478027,8.562479972839355,0.4086623191833496,-2.784754037857056,-11.956801414489746
2228903959.0,0.1613519787788391,-1.3077412843704224,8.5689058303833,3.0332252979278564,-1.8742451667785645,-12.068917274475098
2228912292.0,0.6411967873573303,-1.432850003242493,10.203330993652344,4.177823066711426,-0.9742119908332824,-12.233488082885742
2228920625.0,0.7197610139846802,-0.7537237405776978,10.693403244018556,3.671583652496338,-0.7904297709465027,-12.16691780090332
2228928958.0,0.1278423517942428,-0.3900061845779419,10.009718894958496,3.370718240737915,-0.1584240645170211,-11.99612045288086
2228937291.0,0.2072759121656417,-0.1002111434936523,9.75895881652832,3.3642117977142334,1.166459560394287,-11.73078155517578
2228945624.0,0.4449323117733001,-0.6536458730697632,10.385705947875977,3.043368101119995,0.6751527786254883,-11.233993530273438
2228953957.0,0.7607660293579102,-1.4897547960281372,10.756424903869627,2.260955810546875,-1.2167786359786987,-10.802419662475586
2228962290.0,0.4929187893867492,-0.8862485289573669,9.860675811767578,2.646706342697144,-2.7747905254364014,-11.037482261657717
2228970623.0,0.4573123455047607,-0.964222013950348,9.964278221130373,3.68692684173584,-2.5923402309417725,-11.122573852539062
2228978956.0,0.3585377037525177,-0.6290345191955566,9.427779197692873,4.211352348327637,-1.280250906944275,-11.03297519683838
2228987289.0,0.7626838684082031,-1.0382682085037231,10.269820213317873,3.604218244552612,0.6045857071876526,-10.674734115600586
2228995622.0,0.5908257961273193,-1.1755332946777344,9.818316459655762,2.8700625896453857,0.925788164138794,-10.135784149169922
2229003955.0,-0.0533192828297615,-1.0153241157531738,9.413189888000488,4.039122104644775,1.2701716423034668,-10.203893661499023
2229012288.0,0.3682257831096649,-0.8434524536132812,10.348634719848633,4.870995044708252,1.431413173675537,-9.80530834197998
2229020621.0,0.1139475628733635,-0.5685253143310547,10.62176513671875,4.846968650817871,-0.3329082131385803,-9.988526344299316
2229028954.0,0.830750584602356,-0.7316710352897644,10.721213340759276,3.638694524765015,-2.1028263568878174,-9.868474006652832
2229037287.0,0.315173864364624,-1.14270281791687,9.260909080505373,3.0852482318878174,-2.741543292999268,-9.50329303741455
2229045620.0,0.1318054944276809,-1.2668296098709106,9.266389846801758,3.595534086227417,-1.4477932453155518,-9.274375915527344
2229053953.0,-0.1209417060017585,-0.6936713457107544,9.41455364227295,3.852983236312866,0.6148313283920288,-9.008271217346191
2229062286.0,0.0150105627253651,0.0040667569264769,10.166916847229004,4.656553268432617,1.2795720100402832,-9.240413665771484
2229070619.0,0.7750962376594543,0.1974793821573257,10.95746612548828,4.499127864837647,0.1951933205127716,-9.35055446624756
2229078952.0,0.5519031286239624,-0.3825780153274536,11.092885971069336,2.8577163219451904,-1.655832290649414,-9.06674861907959
2229087285.0,0.5799750685691833,-0.468167096376419,10.207856178283691,1.1788568496704102,-2.359788417816162,-8.71319580078125
2229095618.0,0.2676421999931335,-0.4053331315517425,9.216907501220703,1.7873996496200562,-1.7976069450378418,-8.56450366973877
2229103951.0,0.9600866436958312,-0.6207669377326965,9.925110816955566,3.203380823135376,-1.1877834796905518,-8.655844688415527
2229112284.0,1.0327554941177368,-1.153531789779663,10.526244163513184,3.0571234226226807,-1.3087849617004397,-8.777820587158203
2229120617.0,1.001214623451233,-1.1194270849227903,9.778779029846191,2.209291934967041,-0.6965023875236511,-8.680459976196289
2229128950.0,0.8273076415061951,-0.8658783435821533,9.015118598937988,3.0646791458129883,0.7120117545127869,-8.360154151916504
2229137283.0,0.6285269260406494,-1.0370151996612549,9.63558864593506,3.965660333633423,1.5785927772521973,-8.393991470336914
2229145616.0,0.5137676000595093,-1.09235942363739,10.162202835083008,3.92247486114502,1.6274646520614624,-8.250679016113281
2229153949.0,0.1914388090372085,-0.969886600971222,10.208762168884276,3.645021438598633,1.5960615873336792,-8.484332084655762
2229162282.0,1.213878512382507,-0.7357142567634583,10.104966163635254,4.250798225402832,0.792133092880249,-8.048966407775879
2229170615.0,1.0089174509048462,-0.570176899433136,10.252540588378906,4.82591438293457,-1.205047369003296,-8.07022762298584
2229178948.0,0.8008821606636047,-0.8131420612335205,10.222967147827148,4.0746235847473145,-1.584163784980774,-7.998584270477295
2229187281.0,0.3022297620773315,-1.0706944465637207,8.773674011230469,3.723426342010498,0.0978848114609718,-7.744874477386475
2229195614.0,0.8191865086555481,-0.6886776685714722,9.143266677856444,4.512986183166504,2.4862844944000244,-7.656274795532227
2229203947.0,0.6826046705245972,-0.9782889485359192,10.151174545288086,4.946224212646484,3.074413061141968,-7.533300876617432
2229212280.0,0.3913793861865997,-0.6085342764854431,9.86168384552002,4.847072124481201,2.355600595474243,-7.513321876525879
2229220613.0,0.4183541536331177,-0.8450212478637695,9.862481117248535,4.892561435699463,2.024843454360962,-7.264298915863037
2229228946.0,0.3007693588733673,-0.5100750923156738,10.17405128479004,4.62812089920044,1.0814201831817627,-7.100804328918457
2229237279.0,0.7905299067497253,-0.1903745532035827,10.263400077819824,4.615928649902344,-0.1480246633291244,-7.194167613983154
2229245612.0,0.5562905073165894,-0.2787190973758697,9.93050765991211,4.68080997467041,-1.0739279985427856,-7.213199615478516
2229253945.0,0.5834539532661438,-0.0997334569692611,9.895214080810549,4.398874282836914,0.0847703292965889,-6.841486930847168
2229262278.0,0.7240169048309326,-0.2917070686817169,9.379470825195312,4.077159404754639,1.178908109664917,-6.697201251983643
2229270611.0,0.7570046782493591,-0.296715497970581,9.627869606018066,4.25446081161499,2.102250337600708,-6.570513725280762
2229278944.0,0.4713669717311859,-0.4810311496257782,10.012359619140623,3.6130545139312735,2.62119460105896,-6.327357292175293
2229287277.0,0.0400165691971778,0.0233094096183776,9.2410249710083,3.763282299041748,2.702391624450684,-6.49838399887085
2229295610.0,0.5440036654472351,-0.2510881125926971,10.024553298950195,4.283072471618652,2.352603912353516,-6.370389938354492
2229303943.0,0.2967905104160309,-0.7146315574645996,10.46914005279541,3.388084888458252,0.5621684193611145,-6.241011619567871
2229312276.0,0.3834668695926666,-0.6751576066017151,9.825904846191406,2.677827835083008,-0.0982562080025672,-6.125030040740967
2229320609.0,0.5283265113830566,-0.1652595698833465,9.022765159606934,3.816892385482788,-0.0018186108209192,-5.948368072509766
2229328942.0,0.4604816734790802,-0.0039295582100749,9.980292320251465,4.613290309906006,0.2339476495981216,-6.073237895965576
2229337275.0,0.2061124891042709,-0.1528283953666687,10.00305461883545,3.4150304794311523,0.806272029876709,-6.076849460601807
2229345608.0,0.3996862173080444,-0.0806449875235557,9.670599937438965,2.621143102645874,1.8321478366851809,-5.653753757476807
2229353941.0,0.7428472638130188,-0.0413467958569526,10.586448669433594,2.679979085922241,1.9296612739562988,-5.321767330169678
2229362274.0,0.3336764872074127,0.0168706569820642,10.954231262207031,2.526447534561157,0.7822716236114502,-5.524683475494385
2229370607.0,0.4139630794525146,-0.3049632906913757,10.388029098510742,2.3499906063079834,0.3759785294532776,-5.3153886795043945
2229378940.0,0.6941295266151428,-0.6647835969924927,10.249049186706545,2.706438541412353,0.2661446928977966,-5.21961784362793
2229387273.0,0.8548261523246765,-1.319616436958313,10.299345970153809,2.2668981552124023,-0.1772761195898056,-4.957942008972168
2229395606.0,0.5272437930107117,-1.6283612251281738,9.492161750793455,2.7373805046081543,0.3724950551986694,-4.807714939117432
2229403939.0,0.2568231225013733,-1.2165179252624512,9.495302200317385,4.157408237457275,1.7739779949188232,-4.669321537017822
2229412272.0,0.5240638256072998,-0.05371755361557,9.952520370483398,4.951884746551514,2.754004001617432,-4.411590576171875
2229420605.0,0.32283616065979,1.7351508140563965,9.69382381439209,5.700026512145996,2.103351593017578,-4.956022262573242
2229428938.0,-0.3519555330276489,1.8046770095825195,9.970829010009766,4.699354648590088,1.6080232858657837,-5.148436069488525
2229437271.0,-0.6491717100143433,0.950474500656128,10.052078247070312,1.783352613449097,2.0939762592315674,-5.04385232925415
2229445604.0,0.3469021022319793,0.1030237972736358,10.557019233703612,-0.4847494065761566,1.4008041620254517,-4.639430046081543
2229453937.0,0.5192534327507019,-0.3124087750911712,10.653209686279297,-0.7236277461051941,-1.2363991737365725,-4.298862457275391
2229462270.0,0.3514236807823181,-0.0056000719778239,10.039868354797363,1.1907674074172974,-3.50459098815918,-4.718244552612305
2229470603.0,0.3975726962089538,-0.2332685738801956,10.200675964355469,2.8500571250915527,-3.416503429412842,-5.026614189147949
2229478936.0,0.3468299806118011,-0.3223658204078674,10.86024570465088,1.8973358869552608,-1.3027143478393557,-5.178071022033691
2229487269.0,1.004958987236023,-0.628987193107605,10.4735107421875,0.4424731433391571,0.7361404299736023,-4.930920124053955
2229495602.0,1.474353313446045,-0.3105333745479584,10.3822603225708,1.0292952060699463,1.4724726676940918,-4.795342922210693
2229503935.0,0.8104456067085266,-0.2071870863437652,10.354387283325195,2.046128988265991,1.4908636808395386,-4.894777774810791
2229512268.0,0.5148678421974182,-0.4917794466018677,10.265554428100586,2.221458673477173,2.243102550506592,-4.565148830413818
2229520601.0,0.3390402197837829,-0.4013248682022095,9.69162940979004,1.850718379020691,2.351501941680908,-4.737993240356445
2229528934.0,0.4147183299064636,-0.8162791132926941,9.587814331054688,1.7696746587753296,1.9132167100906368,-4.599957942962647
2229537267.0,-0.1195278540253639,-0.7388540506362915,9.6160249710083,1.5374560356140137,1.5227535963058472,-4.421811103820801
2229545600.0,0.1172459423542022,-0.2401288300752639,9.907068252563477,1.547932267189026,1.220864176750183,-4.339051246643066
2229553933.0,0.4806548058986664,-0.2561893165111542,10.373353958129885,1.7461609840393066,0.0372302941977977,-4.252706050872803
2229562266.0,0.5415166020393372,-0.7623326778411865,10.847509384155272,1.1808034181594849,-1.4443354606628418,-4.437103271484375
2229570599.0,0.474388986825943,-1.3779772520065308,9.56053352355957,0.4602750241756439,-1.5091140270233154,-4.168435096740723
2229578932.0,0.1956530064344406,-1.1347315311431885,8.954580307006836,1.5605087280273438,0.2952680587768554,-3.8752031326293945
2229587265.0,0.5076573491096497,-1.0029131174087524,9.744516372680664,2.755413055419922,1.6855063438415527,-3.585122346878052
2229595598.0,0.3843661546707153,-0.9554179906845092,10.099159240722656,2.906690835952759,1.314381718635559,-3.61404061317444
2229603931.0,0.4500176012516022,-1.252419352531433,10.514416694641112,2.212288379669189,0.8664910793304443,-3.428183317184448
2229612264.0,0.2950646579265594,-0.8118600249290466,9.974716186523438,2.0096545219421387,0.1726783663034439,-3.381821870803833
2229620597.0,0.4340944290161133,-0.6574239730834961,9.903491973876951,2.955127477645874,-0.0737689957022667,-3.4449355602264404
2229628930.0,0.8795338273048401,-0.6875952482223511,10.09688949584961,3.6192784309387207,-0.9011600017547609,-3.432896375656128
2229637263.0,0.7857269048690796,-0.8594635128974915,10.46861171722412,3.109478712081909,-1.0452401638031006,-3.4946529865264893
2229645596.0,1.0565398931503296,-0.4494466185569763,9.881256103515623,2.587332010269165,-0.384879469871521,-3.2506253719329834
2229653929.0,0.4119266271591186,-0.320591002702713,9.00036907196045,3.311984777450561,0.8985346555709839,-3.526491403579712
2229662262.0,0.9460654258728028,-0.3214393556118011,9.5084810256958,3.872577667236328,2.5020880699157715,-3.285614490509033
2229670595.0,0.3820408880710602,-0.9693459868431092,10.088034629821776,3.213421106338501,2.4784460067749023,-3.320552587509156
2229678928.0,0.2829098105430603,-0.3572180867195129,9.85911750793457,2.7373294830322266,2.3556771278381348,-3.554948806762696
2229687261.0,0.4368513524532318,-0.7958810329437256,9.940337181091309,3.083403348922729,1.9457213878631592,-3.186564683914185
2229695594.0,0.3256395757198334,-0.5540117621421814,9.87292194366455,3.8060319423675537,0.3023376166820526,-3.5077157020568848
2229703927.0,0.6659240126609802,-0.6963944435119629,9.767083168029783,3.869401216506958,-0.4823672175407409,-3.369117021560669
2229712260.0,0.7698436379432678,-0.752338707447052,9.479435920715332,3.698298215866089,-0.9499549865722656,-3.4434494972229004
2229720593.0,0.5703739523887634,-0.4576025009155273,8.963339805603027,3.62007212638855,-0.4293714165687561,-3.5230069160461426
2229728926.0,0.282076358795166,-0.4457691609859466,8.936281204223633,3.710081100463867,1.4454240798950195,-3.3891735076904297
2229737259.0,0.0379990898072719,-0.3847026824951172,9.245586395263672,3.5463545322418213,2.839914083480835,-3.6148600578308105
2229745592.0,0.7457343935966492,-0.4483264088630676,9.67701816558838,3.4647738933563232,2.6949121952056885,-3.2408924102783203
2229753925.0,0.629438042640686,-0.4473355412483215,10.137572288513184,3.561287879943848,0.926812708377838,-3.24191689491272
2229762258.0,0.8854234218597412,-1.0406278371810913,10.612176895141602,2.6969356536865234,-1.419310450553894,-3.3161470890045166
2229770591.0,0.1281413286924362,-1.2418862581253052,9.129888534545898,2.6596925258636475,-1.3879841566085815,-3.19919228553772
2229778924.0,0.6548303365707397,-0.9186595678329468,8.982630729675293,3.771529674530029,0.0332856997847557,-2.981855869293213
2229787257.0,1.0076301097869873,-0.9585869312286376,9.618823051452637,4.78362512588501,0.5812510848045349,-3.0114400386810303
2229795590.0,1.0351344347000122,-1.0524296760559082,9.586909294128418,4.982493877410889,0.4674213230609894,-3.139101266860962
2229803923.0,1.0005003213882446,-1.1827166080474854,9.50320053100586,4.363372325897217,1.0047824382781982,-2.860265016555786
2229812256.0,0.1081893742084503,-0.4628731310367584,9.119001388549805,4.374155044555664,1.8403699398040767,-2.8146965503692627
2229820589.0,0.6558091044425964,0.0171425659209489,9.3234281539917,5.107542514801025,2.503804445266724,-2.814056634902954
2229828922.0,0.635161817073822,0.3475294113159179,10.046048164367676,5.809218406677246,1.365046501159668,-3.000784158706665
2229837255.0,0.6247112154960632,-0.0004927243571728,10.778250694274902,4.197263717651367,0.2232920825481414,-2.8703055381774902
2229845588.0,0.3508028388023376,0.2176486849784851,9.502032279968262,2.963707685470581,0.3871207237243652,-2.6213607788085938
2229853921.0,0.7391641736030579,0.3328424394130707,9.770743370056152,3.19669508934021,0.3688066005706787,-2.7309389114379883
2229862254.0,0.8161759376525879,0.1049396619200706,10.05639934539795,3.2412896156311035,-0.1704627424478531,-2.6525590419769287
2229870587.0,0.5055559277534485,-0.0086685121059417,9.599791526794434,3.021570444107056,-0.1545306742191314,-2.8587021827697754
2229878920.0,0.806394100189209,-0.366114854812622,9.698591232299805,2.6259841918945312,0.8832940459251404,-2.579174041748047
2229887253.0,0.2189537733793258,-0.0755353420972824,9.377723693847656,2.730464696884156,1.605333685874939,-2.7658510208129883
2229895586.0,0.6331667900085449,-0.3645367622375488,9.957036972045898,2.862634420394897,2.331651210784912,-2.4678804874420166
2229903919.0,0.2578915059566498,-0.7145843505859375,9.884029388427734,2.7823846340179443,1.445629000663757,-2.499821186065674
2229912252.0,0.7758191227912903,-0.5318439602851868,10.052674293518066,3.2840394973754883,0.6027414202690125,-2.5386524200439453
2229920585.0,0.4732889235019684,-0.6610546708106995,10.070409774780272,3.4055275917053223,-0.4860557019710541,-2.351002693176269
2229928918.0,0.4313319027423858,-0.3791788816452026,10.066226959228516,3.5741207599639893,-0.6585676074028015,-2.6163148880004883
2229937251.0,0.9918767213821412,-0.1289610117673874,10.017341613769531,4.111891746520996,0.1491901129484176,-2.35697078704834
2229945584.0,0.7138413190841675,0.1745662540197372,10.373019218444824,4.237708568572998,0.4311259686946869,-2.687086820602417
2229953917.0,0.949466586112976,0.0901221856474876,10.390414237976074,3.832927227020264,0.8855482339859009,-2.594210147857666
2229962250.0,0.4834136366844177,-0.2925027012825012,9.753778457641602,3.206223726272583,1.739142656326294,-2.525768518447876
2229970583.0,0.4918347597122192,0.0738612785935401,10.196982383728027,3.3396992683410645,2.7292349338531494,-2.422492027282715
2229978916.0,0.5268122553825378,0.3098864257335663,10.733656883239746,3.2886757850646973,2.4914071559906006,-2.349132776260376
2229987249.0,0.7914020419120789,0.4410901069641113,10.774094581604004,3.099463701248169,1.2512938976287842,-2.5391650199890137
2229995582.0,0.8648927211761475,0.029902022331953,10.45792007446289,2.807896375656128,-0.2055798321962356,-2.480712890625
2230003915.0,0.4824183583259582,-0.5718092322349548,10.151576042175291,1.7560219764709473,-0.1577324420213699,-2.252003192901612
2230012248.0,0.9559245705604552,-0.5526551008224487,9.670083999633787,1.6045397520065308,0.836061418056488,-2.2355082035064697
2230020581.0,0.942257821559906,-0.1406697928905487,9.784672737121582,3.0983359813690186,1.4183497428894043,-2.370469331741333
2230028914.0,0.89333575963974,-0.1451334059238433,10.57469654083252,3.5847508907318115,1.820237159729004,-2.375925302505493
2230037247.0,-0.0573668740689754,-0.0598767362534999,10.124334335327148,2.6291348934173584,3.0527942180633545,-2.33501935005188
2230045580.0,0.3417442440986633,0.2488568276166916,9.9510498046875,2.2842135429382324,4.259326934814453,-2.238248825073242
2230053913.0,0.4718995094299316,-0.2666151821613312,10.502954483032228,2.2578823566436768,3.297179698944092,-2.000190258026123
2230062246.0,0.5440834760665894,-0.2932154536247253,10.813098907470703,1.919261813163757,1.425701141357422,-2.223315715789795
2230070579.0,0.4261410534381866,-0.3828463554382324,10.469633102416992,1.7256693840026855,0.1231916695833206,-2.143347978591919
2230078912.0,0.5300593376159668,-0.2317176014184951,9.758515357971191,2.0812973976135254,-0.1969990730285644,-2.162071943283081
2230087245.0,0.9724107980728148,-0.7776765823364258,9.860570907592772,2.392740488052368,0.373724490404129,-2.115351438522339
2230095578.0,0.786477267742157,-0.872561514377594,9.962284088134766,1.953687310218811,1.1772942543029783,-1.886462569236756
2230103911.0,0.8555313944816589,-0.530703604221344,9.650219917297363,2.085369825363159,2.237518548965454,-2.0233194828033447
2230112244.0,0.5657282471656799,0.2290606200695037,9.696759223937988,3.40824294090271,3.2319912910461426,-2.171549081802368
2230120577.0,0.3732933700084686,-0.0506075322628021,11.045133590698242,3.3376755714416504,4.109023094177246,-2.2095351219177246
2230128910.0,0.1025528460741043,-0.0187054481357336,10.558149337768556,2.0679268836975098,3.95052170753479,-1.958925604820252
2230137243.0,0.1638670116662979,0.1390156298875808,10.009855270385742,2.091261625289917,3.1237971782684326,-2.083128929138184
2230145576.0,0.6117927432060242,-0.0309767611324787,10.662057876586914,2.308879852294922,1.8831456899642944,-1.9033682346344
2230153909.0,0.5304703116416931,-1.080762505531311,10.570183753967283,1.342634201049805,-0.3423598706722259,-2.0667612552642822
2230162242.0,0.7280900478363037,-1.4792628288269043,9.481773376464844,0.9928718209266664,-0.3890033960342407,-2.021859884262085
2230170575.0,0.4152068495750427,-1.5609973669052124,8.916841506958008,1.9355783462524407,0.6789949536323547,-1.832493662834168
2230178908.0,0.669236958026886,-0.8234855532646179,9.167037963867188,3.708646297454834,2.2689473628997803,-1.9021387100219729
2230187241.0,0.3817189037799835,-0.7390328645706177,10.102446556091309,4.5432868003845215,3.4516594409942627,-2.000113248825073
2230195574.0,0.283624529838562,-0.6688477396965027,10.404830932617188,3.688795566558838,4.186736583709717,-1.7715060710906982
2230203907.0,0.1234070658683776,-0.5487168431282043,9.93413543701172,3.298178434371948,4.04414176940918,-1.5719456672668457
2230212240.0,0.3895941376686096,-0.3973154127597809,9.986655235290527,3.654446601867676,2.504879951477051,-1.69366455078125
2230220573.0,0.6208351850509644,-0.6457210779190063,9.884613990783691,3.948498725891113,-0.1006127148866653,-1.7374902963638306
2230228906.0,0.9076555967330932,-1.227985978126526,9.578136444091797,3.876035451889038,-1.643895983695984,-1.746762752532959
2230237239.0,0.9712138772010804,-1.2176984548568726,9.522743225097656,3.345154523849488,-1.2056106328964231,-1.4724854230880735
2230245572.0,0.4811661839485168,-0.6829437017440796,8.734309196472168,3.717995643615722,0.7036614418029785,-1.636723875999451
2230253905.0,0.3355308473110199,-0.3703669309616089,8.571233749389648,5.178237438201904,3.722529649734497,-1.75987708568573
2230262238.0,0.1436217427253723,-0.2725322246551513,10.053018569946287,5.5410895347595215,5.59618616104126,-1.6971226930618286
2230270571.0,-0.1424383074045181,-0.263347864151001,10.8724946975708,3.957053422927856,5.7897772789001465,-1.6631065607070925
2230278904.0,0.1959679722785949,0.3586823344230652,10.194119453430176,3.492103815078736,3.6037051677703857,-1.5117008686065674
2230287237.0,0.1913046091794967,0.0731847584247589,10.464673042297363,4.051160335540772,0.2911185920238495,-1.5291699171066284
2230295570.0,0.2995885908603668,-0.7022678852081299,10.022489547729492,3.2718982696533203,-2.724099636077881,-1.5782978534698486
2230303903.0,-0.1943001449108123,-1.0611929893493652,8.532751083374023,2.971853494644165,-2.392984628677368,-1.8801617622375488
2230312236.0,0.4781465530395508,-0.7795858383178711,8.653220176696777,3.614513874053955,-0.3001475930213928,-1.7354923486709597
2230320569.0,0.2481611222028732,-0.5498731136322021,9.525171279907228,4.80821418762207,1.4032118320465088,-1.57012677192688
2230328902.0,0.3747601509094238,-0.6112474799156189,10.178415298461914,4.741796493530273,2.1040172576904297,-1.6653350591659546
2230337235.0,-0.2760771811008453,-0.4811865985393524,9.286985397338867,4.71172571182251,2.6573617458343506,-1.5807313919067385
2230345568.0,-0.4052902460098266,-0.4162566363811493,9.689501762390137,5.10541582107544,2.4447121620178223,-1.5715610980987549
2230353901.0,-0.1117630153894424,-0.3122703433036804,10.000186920166016,4.666414260864258,0.9560641646385192,-1.384859323501587
2230362234.0,0.3775725364685058,0.403091698884964,10.456884384155272,4.688493251800537,-1.859029769897461,-1.4020719528198242
2230370567.0,0.5156478881835938,0.3077453672885895,10.16067886352539,4.201106071472168,-4.499934673309326,-1.5334216356277466
2230378900.0,0.195043608546257,-0.1257559955120086,9.527085304260254,3.529449224472046,-4.381058216094971,-1.5060145854949951
2230387233.0,0.5337027907371521,-0.1042531952261924,9.096075057983398,2.857741594314575,-1.952112078666687,-1.2962340116500854
2230395566.0,0.2409227639436721,0.2148410826921463,9.103832244873049,3.501939535140991,0.4448296129703522,-1.3895210027694702
2230403899.0,0.5811054110527039,0.3001869916915893,9.983858108520508,4.38201904296875,1.5074361562728882,-1.4282753467559814
2230412232.0,0.249755173921585,-0.2080307751893997,11.003082275390623,3.62701416015625,0.817875325679779,-1.2208768129348757
2230420565.0,0.0127919306978583,-0.0007101949304342,10.223285675048828,2.6549534797668457,-0.1473586857318878,-1.180150032043457
2230428898.0,0.3977237343788147,-0.0720025300979614,9.634300231933594,3.0920610427856445,-0.8663759231567383,-0.9816656708717346
2230437231.0,0.5776455998420715,-0.072327971458435,10.177501678466797,3.784567356109619,-2.800865411758423,-1.052463173866272
2230445564.0,0.2547609210014343,-0.2710983455181122,10.245617866516112,3.1907782554626465,-3.445011854171753,-1.2551486492156982
2230453897.0,0.7543196678161621,-0.2012688368558883,9.674822807312012,2.750008344650269,-2.312709093093872,-1.0254658460617063
2230462230.0,0.9220656752586364,-0.3563635647296905,9.61515998840332,3.299202919006348,-1.6084970235824585,-0.9007245898246764
2230470563.0,0.5805896520614624,-0.0699125677347183,9.602293968200684,3.650630235671997,-0.2525819838047027,-0.91496604681015
2230478896.0,0.6898433566093445,-0.5190429091453552,9.631230354309082,3.89483642578125,1.049197554588318,-0.8477286696434021
2230487229.0,0.726786732673645,-0.5749233961105347,10.029351234436035,4.10080099105835,0.8285053372383118,-0.837226927280426
2230495562.0,0.788981556892395,-0.5619875192642212,10.48752212524414,3.757697343826294,0.1275460571050644,-0.609798014163971
2230503895.0,0.4558850526809692,0.1792375445365905,10.060626983642578,4.130154609680176,-0.6463752388954163,-0.8770570755004883
2230512228.0,0.8170793652534485,0.5121036171913147,10.077436447143556,4.970173358917236,-0.756618857383728,-0.9246481657028198
2230520561.0,0.7942000031471252,0.2057377398014068,10.227200508117676,4.69295072555542,-0.2727659940719604,-0.7236276865005493
2230528894.0,0.8456827402114868,-0.1699712127447128,10.878758430480955,2.917576551437378,0.1430683135986328,-0.6062120795249939
2230537227.0,0.2467006295919418,0.319577544927597,9.104658126831056,2.0865228176116943,1.224808692932129,-0.5033453106880188
2230545560.0,0.8021702170372009,0.5753049850463867,9.416112899780272,4.14898157119751,2.379626512527466,-0.4854153990745544
2230553893.0,0.5301987528800964,0.3930382132530212,10.845587730407717,4.135635852813721,1.4518790245056152,-0.4982481002807617
2230562226.0,0.1493686288595199,0.5617693066596985,10.950925827026367,2.077916383743286,1.0518101453781128,-0.6914050579071045
2230570559.0,0.6341056823730469,0.8889175057411194,10.05874252319336,1.3952715396881104,1.2488861083984375,-0.2562960088253021
2230578892.0,0.4945379495620727,0.5307016968727112,10.389169692993164,1.6405019760131836,0.5032044053077698,-0.3359306752681732
2230587225.0,0.6389062404632568,0.3276216685771942,10.47446632385254,1.2502691745758057,0.0326197259128093,-0.6290599703788757
2230595558.0,0.6615304946899414,-0.3165347874164581,10.166613578796388,0.9552445411682128,0.6007947325706482,-0.2211533188819885
2230603891.0,0.8424403667449951,-0.4200793206691742,9.70542812347412,1.0216366052627563,0.917207419872284,-0.2600100934505462
2230612224.0,0.3801380395889282,-0.1836993247270584,9.219185829162598,2.1000726222991943,1.741627216339111,-0.1553247272968292
2230620557.0,0.5011374950408936,-0.6261993050575256,9.59087371826172,2.260366439819336,2.3733508586883545,-0.1925422102212906
2230628890.0,0.2919637262821197,-0.2779033780097961,9.211858749389648,2.236673593521118,2.5041630268096924,-0.2753018140792846
2230637223.0,0.2848901450634002,-0.1327807456254959,10.027613639831545,2.1659014225006104,2.233471632003784,-0.3088564574718475
2230645556.0,0.2703413367271423,0.5309398770332336,10.421865463256836,1.8729770183563232,1.7246193885803225,-0.3035030961036682
2230653889.0,0.7106265425682068,0.7696675062179565,10.356261253356934,2.123816967010498,0.4299733340740204,-0.3965083360671997
2230662222.0,0.4560946822166443,0.4162476658821106,10.22679328918457,1.779792308807373,-0.0051228464581072,-0.3883886337280273
2230670555.0,0.4190492928028106,-0.1450811177492141,10.1172456741333,0.6320183873176575,0.6424177885055542,-0.4094179272651672
2230678888.0,0.7274226546287537,-0.5684078335762024,9.273531913757324,0.6449791789054871,1.4270586967468262,-0.4763479232788086
2230687221.0,0.916987419128418,-1.1157557964324951,9.549524307250977,1.7847614288330078,1.530437707901001,-0.2051444202661514
2230695554.0,0.3751636147499084,-0.7137138247489929,9.363162994384766,2.280243158340454,1.761324405670166,-0.464667797088623
2230703887.0,0.3082369267940521,-0.2621803879737854,9.444062232971191,3.056457042694092,2.710690259933472,-0.4616709649562835
2230712220.0,-0.0228782799094915,0.144518956542015,9.887964248657228,3.050668239593506,3.3968961238861084,-0.4460206925868988
2230720553.0,-0.0891369581222534,0.2551891505718231,10.528265953063965,2.188339233398437,3.1349899768829346,-0.5138983726501465
2230728886.0,-0.3406174778938293,0.0902912989258766,10.149188041687012,1.572111964225769,2.603110790252685,-0.5130530595779419
2230737219.0,0.0566374957561492,0.2966072261333465,9.696752548217772,2.038035154342652,1.371706485748291,-0.5460442900657654
2230745552.0,0.4549981355667114,-0.260661631822586,9.968256950378418,2.2442805767059326,-0.7278284430503845,-0.1011249870061874
2230753885.0,-0.08461944013834,-0.3645283579826355,9.64290714263916,1.5671685934066772,-2.018683671951294,-0.1050952151417732
2230762218.0,-0.2456572502851486,-0.6071832776069641,8.891840934753418,0.8659021258354187,-1.2487963438034058,-0.2500205338001251
2230770551.0,0.0014734856085851,-0.4897623062133789,9.128093719482422,1.2659193277359009,0.7281742095947266,-0.2766593098640442
2230778884.0,0.5695304870605469,0.0743659511208534,10.408456802368164,1.9547886848449707,1.1107484102249146,-0.013882914558053
2230787217.0,0.3284898996353149,0.0518923103809356,11.008075714111328,2.092158079147339,0.3617370128631592,-0.0260752905160188
2230795550.0,0.1173608228564262,-0.3422659635543823,10.499056816101074,1.823567271232605,-0.2952296733856201,-0.1836284548044204
2230803883.0,0.1943142265081405,-0.4544415175914764,10.169631958007812,1.4602546691894531,-0.0507674142718315,0.1601530015468597
2230812216.0,0.1253393739461898,-0.8082926273345947,9.96871566772461,1.4146614074707031,-0.0231040399521589,0.2084358483552932
2230820549.0,0.7621163725852966,0.1479362994432449,9.61487102508545,2.68991756439209,-0.7552101612091064,0.086127869784832
2230828882.0,1.042060375213623,-0.151522010564804,10.873038291931152,3.257810354232788,-2.009103536605835,0.1303380280733108
2230837215.0,0.4825648963451385,-0.1284134238958358,10.479135513305664,1.729434609413147,-2.0660440921783447,-0.0928516015410423
2230845548.0,0.4583255648612976,-0.3132372498512268,9.072622299194336,1.0869784355163574,-0.0974109321832656,-0.0137548437342047
2230853881.0,0.7572266459465027,0.0640009343624115,9.547039031982422,2.2381844520568848,1.7950069904327393,0.0197869967669248
2230862214.0,0.3573103845119476,-0.6279455423355103,10.319487571716309,2.582721710205078,1.9890862703323364,0.0073384782299399
2230870547.0,0.6391846537590027,-0.4465827047824859,10.349696159362791,2.315462827682495,1.943159818649292,-0.0229247417300939
2230878880.0,0.4420797228813171,-0.6249100565910339,10.624818801879885,2.485259532928467,0.5671888589859009,0.0203761253505945
2230887213.0,0.6582629680633545,-0.590644121170044,9.985299110412598,2.4475297927856445,-0.4947133958339691,0.0410724282264709
2230895546.0,0.7351277470588684,-0.7028903961181641,9.93362522125244,3.103689670562744,-1.0544354915618896,0.1630218029022216
2230903879.0,0.5134738683700562,-0.5778058767318726,10.140181541442873,2.901388645172119,-0.8580257296562195,0.1089757680892944
2230912212.0,0.9086498022079468,-0.4611226916313171,9.578688621520996,2.937274217605591,0.6125516295433044,0.2441677153110504
2230920545.0,0.7175941467285156,-0.4434177577495575,9.874971389770508,3.651296138763428,1.6526943445205688,0.3084594011306762
2230928878.0,0.6071845293045044,-0.6495232582092285,10.23915672302246,3.113269329071045,2.3329315185546875,0.4668322205543518
2230937211.0,0.5481078624725342,-0.172175794839859,9.648804664611816,3.5451252460479736,3.041139841079712,0.3667574524879455
2230945544.0,0.3812211751937866,-0.1175536513328552,10.511998176574709,4.095165729522705,2.27955174446106,0.5261036157608032
2230953877.0,0.3744915425777435,0.0230978317558765,10.551033973693848,3.71517825126648,1.666346788406372,0.5091981887817383
2230962210.0,0.3811215758323669,-0.3784316480159759,10.433287620544434,3.3375985622406006,1.1948912143707275,0.6041244864463806
2230970543.0,0.5520387887954712,0.1020841524004936,9.495285987854004,3.3030450344085693,0.4539994299411773,0.3872743844985962
2230978876.0,0.6572648286819458,-0.1134151741862297,9.478251457214355,4.009332180023193,0.7807089686393738,0.7943870425224304
2230987209.0,0.3645801544189453,-0.7751591205596924,9.547203063964844,3.205352544784546,0.7269191741943359,0.5633466243743896
2230995542.0,0.4235583841800689,-0.7235532999038696,8.896543502807617,2.7805662155151367,1.5834335088729858,0.5319436192512512
2231003875.0,0.1451959758996963,-0.1728435158729553,8.757394790649414,3.8439669609069824,2.908893585205078,0.7223342657089233
2231012208.0,0.4503408372402191,-0.4466241002082824,10.443873405456545,4.272979259490967,2.9588663578033447,0.6867304444313049
2231020541.0,0.1369845569133758,0.2291529178619384,10.19776725769043,3.918760538101196,1.8436486721038816,0.5083017349243164
2231028874.0,0.1502101123332977,0.373954564332962,10.398568153381348,3.9071569442749023,1.2353873252868652,0.4789477586746216
2231037207.0,0.1956890523433685,-0.2418973594903946,10.330907821655272,3.398228168487549,0.6953112483024597,0.5975929498672485
2231045540.0,0.3544901907444,0.1617292016744613,9.74960708618164,3.248692035675049,0.5526911020278931,0.6472845077514648
2231053873.0,0.3903895318508148,0.0236531924456357,9.946497917175291,3.753855705261232,0.1528785526752472,0.6647533774375916
2231062206.0,0.3371640741825104,0.4974739253520965,9.901845932006836,3.6063694953918457,0.1897118538618087,0.3347908854484558
2231070539.0,0.1929218471050262,0.6140785813331604,9.762564659118652,3.5609548091888428,1.143227219581604,0.2646334767341614
2231078872.0,0.3062483370304107,-0.0143917938694357,9.982830047607422,2.5572354793548584,2.177171468734741,0.3777458965778351
2231087205.0,0.3367792665958404,0.280449777841568,9.409623146057127,2.1366755962371826,2.042184829711914,0.2286454886198043
2231095538.0,-0.0933293849229812,-0.2160615622997284,9.725889205932615,2.745218515396118,1.842547059059143,0.1256506443023681
2231103871.0,-0.5665140151977539,-0.1752229183912277,9.922408103942873,2.649652004241944,1.6261069774627686,0.1324896365404129
2231112204.0,-0.0759393870830535,-0.208094522356987,9.965605735778809,2.654082775115967,1.15447199344635,0.160895824432373
2231120537.0,-0.0807404816150665,0.3446706235408783,10.031375885009766,2.7417094707489014,-0.2200519144535064,0.1791843920946121
2231128870.0,0.1719787120819091,0.8209904432296753,10.286438941955566,2.490433931350708,-1.410345435142517,-0.0119618475437164
2231137203.0,-0.1176086813211441,0.3704774379730224,9.810659408569336,1.9078123569488523,-1.771019458770752,-0.1685672849416732
2231145536.0,0.2616849243640899,0.3138922154903412,9.782483100891112,1.0778086185455322,-1.3220785856246948,0.0117185125127434
2231153869.0,-0.2166739255189895,-0.0304496530443429,9.638091087341309,0.7955909371376038,-0.0979744419455528,0.0602830983698368
2231162202.0,0.1622194051742553,0.7917983531951904,9.61561107635498,1.4328219890594482,0.5106325745582581,-0.1737925708293914
2231170535.0,0.1814488917589187,0.4344945847988128,10.316180229187012,2.09812593460083,0.2645822465419769,-0.1459755152463913
2231178868.0,-0.0950468406081199,0.0654483884572982,10.686455726623535,0.8719725608825684,-0.8043126463890076,-0.2079107463359832
2231187201.0,0.0037910144310444,-0.1598587930202484,9.66140842437744,-0.159755989909172,-1.4159036874771118,-0.1741255819797516
2231195534.0,0.1109772250056266,-0.1148426160216331,9.910927772521973,0.4028991162776947,-1.9849494695663448,-0.2120858877897262
2231203867.0,-0.0498215779662132,0.0265287719666957,10.122960090637209,0.605405330657959,-2.718592405319214,-0.2403896003961563
2231212200.0,0.733927845954895,0.2652201354503631,10.56059455871582,0.9451268911361694,-2.561910390853882,-0.4894111752510071
2231220533.0,0.9696555733680724,-0.25211101770401,10.581938743591309,0.8425417542457581,-3.0844662189483643,-0.6458629369735718
2231228866.0,0.9289469122886658,-0.4259618818759918,9.984177589416504,0.3871975839138031,-2.3596091270446777,-0.5068289041519165
2231237199.0,0.307371973991394,-0.2331612259149551,9.40951442718506,1.1329559087753296,-0.3678972125053406,-0.3828046917915344
2231245532.0,0.2377313524484634,-0.3090795576572418,9.89846897125244,1.6832009553909302,1.6284633874893188,-0.5134117007255554
2231253865.0,0.7177264094352722,-0.3327140808105469,10.02012538909912,2.308265209197998,1.7452389001846311,-0.7604098320007324
2231262198.0,1.0415705442428589,-0.9069756269454956,11.076318740844728,2.0207712650299072,-0.3971743583679199,-0.7845640182495117
2231270531.0,0.2815141975879669,-0.9763685464859008,10.195237159729004,0.6249232292175293,-1.9626139402389529,-0.4145151376724243
2231278864.0,0.8114626407623291,0.1676987111568451,9.067575454711914,1.9621144533157349,-1.554835319519043,-0.550040066242218
2231287197.0,0.8635283708572388,-0.0824831947684288,10.367476463317873,3.408216953277588,-1.400842308998108,-0.5589793920516968
2231295530.0,0.7239265441894531,0.1017874106764793,10.856383323669434,2.0977673530578613,-0.4926641583442688,-0.7391243577003479
2231303863.0,0.7038540244102478,0.1064843758940696,9.795589447021484,0.9768885374069214,1.2644340991973877,-0.3685632348060608
2231312196.0,0.8401677012443542,0.2830156683921814,9.75066089630127,1.2280616760253906,1.6934467554092407,-0.3773232996463775
2231320529.0,0.7883993983268738,-0.386841207742691,9.916686058044434,0.7643672227859497,1.61557936668396,-0.2488678991794586
2231328862.0,1.1783307790756226,-1.0089013576507568,9.73010540008545,0.3318195939064026,0.5423429608345032,-0.2496107071638107
2231337195.0,0.1112192943692207,-1.5349926948547363,9.358256340026855,0.6769970059394836,0.1031869500875473,-0.2787597179412842
2231345528.0,0.1922588944435119,-0.9146055579185486,8.991618156433105,1.2765495777130127,1.4025458097457886,-0.4076505899429321
2231353861.0,0.2338832020759582,-0.124279998242855,9.183177947998049,2.898903608322144,2.374887704849243,-0.5687384605407715
2231362194.0,1.1380378007888794,0.1499067097902298,10.892610549926758,3.243005752563477,1.4508544206619265,-0.4128502905368805
2231370527.0,0.2524881958961487,-0.4267171621322632,10.717734336853027,1.1619000434875488,0.4078426361083984,-0.2462296336889267
2231378860.0,0.1213765889406204,-0.5263848900794983,9.453876495361328,-0.1425176262855529,0.9706387519836426,-0.4000431299209595
2231387193.0,0.5533186197280884,-0.7716429829597473,9.257575988769531,0.8286845088005066,1.5254685878753662,0.0041623129509389
2231395526.0,0.6939343810081482,-1.0066546201705933,9.56898307800293,2.1857779026031494,0.1753934770822525,-0.247587189078331
2231403859.0,1.199087142944336,-1.4626787900924685,10.019006729125977,2.4463770389556885,-0.537489116191864,-0.5282935500144958
2231412192.0,1.2802743911743164,-1.4906573295593262,9.331787109375,2.084063768386841,-0.6735775470733643,-0.2177978307008743
2231420525.0,0.3735003769397735,-1.2889961004257202,8.655162811279297,2.771114587783813,0.9908995032310486,-0.0839122384786605
2231428858.0,0.5218407511711121,-0.8594567775726318,9.155058860778809,3.5664618015289307,3.797579288482666,-0.3435637354850769
2231437191.0,0.3991855084896087,-0.4995342791080475,9.603382110595703,4.276386737823486,4.734650611877441,-0.547581136226654
2231445524.0,1.015473246574402,-0.6354522109031677,10.455522537231444,4.289603233337402,3.832030773162842,-0.2969971001148224
2231453857.0,0.0425317883491516,-0.6850362420082092,10.11000633239746,3.54474139213562,2.3644373416900635,-0.1689771115779876
2231462190.0,0.3344171345233917,-0.4197683334350586,9.32240104675293,3.8930180072784415,1.483691692352295,-0.3064743280410766
2231470523.0,0.3781558871269226,-0.6633140444755554,9.072052001953123,4.646512031555176,0.8623929023742676,-0.160959854722023
2231478856.0,0.6076290011405945,-0.3927983939647674,9.87846851348877,4.418519973754883,0.1004974469542503,-0.2878271639347076
2231487189.0,0.2179721742868423,-0.520307719707489,9.54730224609375,3.536365509033203,0.6252819299697876,-0.5290877223014832
2231495522.0,0.699489951133728,-1.0123963356018066,9.351116180419922,3.231273651123047,1.9570938348770144,-0.2648255527019501
2231503855.0,0.6121721267700195,-0.985709011554718,9.199142456054688,3.942171812057495,2.642864227294922,-0.2888005375862121
2231512188.0,0.0427885688841342,-0.6890970468521118,10.093235969543455,4.939359188079834,3.3801183700561523,-0.1732546687126159
2231520521.0,-0.0405105650424957,-0.2131706774234771,10.194517135620115,5.021453380584717,3.594177484512329,-0.32694011926651
2231528854.0,0.1685981601476669,0.3479457199573517,10.364476203918455,5.680507183074951,2.9956488609313965,-0.3551157712936401
2231537187.0,0.3160297274589538,0.4979001581668854,10.920397758483888,4.701172351837158,1.400881052017212,-0.416487455368042
2231545520.0,1.0181868076324463,0.2357801347970962,10.553126335144045,3.072235584259033,-0.5606187582015991,-0.2885443270206451
2231553853.0,0.9278339147567748,-0.6060178279876709,9.288091659545898,2.490741014480591,-1.7700459957122805,-0.1480246633291244
2231562186.0,0.5553919076919556,-1.204364776611328,9.022990226745604,2.6331562995910645,-0.5055481195449829,0.0044440696947276
2231570519.0,-0.0618035458028316,-1.0889718532562256,8.748004913330078,3.4104459285736084,2.62759780883789,-0.3399777710437774
2231578852.0,0.8493946194648743,-0.4490265846252441,9.752509117126465,5.15421199798584,4.964590072631836,-0.1268929243087768
2231587185.0,0.8515883088111877,0.1549356281757354,10.746258735656738,6.141512870788574,4.303921699523926,-0.2296572476625442
2231595518.0,0.2811673879623413,0.2647936046123504,11.23859691619873,5.44216775894165,3.0187020301818848,-0.185114100575447
2231603851.0,-0.1798914968967437,-0.0848177000880241,10.8189115524292,3.4092421531677246,3.1039717197418213,-0.1287371516227722
2231612184.0,0.7112300395965576,0.2376090884208679,10.090784072875977,3.287087202072144,2.359339952468872,0.0486030094325542
2231620517.0,1.0977073907852173,0.1790398210287094,10.629716873168944,4.402766704559326,0.1766485720872879,0.0669428035616874
2231628850.0,0.599982738494873,0.1259634792804718,10.70324420928955,4.201618671417236,-0.881334662437439,-0.2699228227138519
2231637183.0,0.3797952830791473,0.4176506996154785,9.36174488067627,3.5304994583129883,1.3657125234603882,-0.163521260023117
2231645516.0,0.8000040650367737,0.2905710339546203,9.619032859802246,3.749988079071045,4.144421577453613,0.1647379547357559
2231653849.0,0.5042658448219299,0.0681025087833404,10.183550834655762,3.195286273956299,5.333050727844238,0.0982177928090095
2231662182.0,0.6297440528869629,-0.5162802338600159,10.252745628356934,2.814479351043701,5.1283159255981445,-0.1616770476102829
2231670515.0,0.1602807193994522,-0.0930932983756065,10.067280769348145,3.490208864212036,4.205434799194336,-0.3584456145763397
2231678848.0,-0.1576617807149887,0.1443433612585067,10.285298347473145,4.399155139923096,3.818403720855713,-0.1504836082458496
2231687181.0,0.1372703313827514,0.0709050148725509,10.311732292175291,4.51659631729126,3.009377956390381,-0.3177701830863952
2231695514.0,0.898642361164093,-0.1745691299438476,10.458139419555664,3.695787668228149,1.1633087396621704,-0.165800929069519
2231703847.0,0.3335810005664825,0.4727320373058319,9.835735321044922,3.032686948776245,0.6504094004631042,-0.1474867612123489
2231712180.0,0.6163226366043091,0.0089114429429173,9.588176727294922,2.6544671058654785,1.6134278774261477,-0.3594957888126373
2231720513.0,0.9233465790748596,-0.2593154013156891,9.177518844604492,3.3078606128692627,2.116773128509521,-0.5394101142883301
2231728846.0,0.0753101855516433,-1.0271579027175903,9.370564460754396,3.3673112392425537,3.798065900802612,-0.3303979933261871
2231737179.0,0.4978321492671966,-0.513874888420105,9.274388313293455,3.071748733520508,5.959907054901123,-0.1136247590184211
2231745512.0,0.5157901644706726,0.311855286359787,9.662957191467283,4.669360160827637,5.313071250915527,-0.2899788022041321
2231753845.0,-0.0179092697799205,0.5286372900009155,11.23730754852295,4.1836371421813965,3.802343845367432,-0.6032152771949768
2231762178.0,-0.1705662906169891,0.1873714476823806,10.256841659545898,2.18593168258667,2.987657070159912,-0.8511098027229309
2231770511.0,0.6030669212341309,-0.0779105201363563,9.408991813659668,2.43246865272522,2.2328054904937744,-0.5897933840751648
2231778844.0,0.6535921692848206,-0.7039960622787476,9.492161750793455,2.95051646232605,1.113079309463501,-0.0977439135313034
2231787177.0,0.057499062269926,-0.9706883430480956,9.086496353149414,2.977027177810669,1.294300198554993,-0.4716092944145202
2231795510.0,-0.167570024728775,-0.2991059124469757,8.699274063110352,3.517923355102539,3.2496910095214844,-0.2398004680871963
2231803843.0,-0.4258647561073303,0.4281538724899292,9.35538387298584,4.33996057510376,5.1152520179748535,-0.1294799447059631
2231812176.0,0.0784681290388107,0.346965879201889,10.71765422821045,3.446356773376465,5.094120502471924,-0.507827877998352
2231820509.0,0.8162132501602173,0.7979090809822083,11.269172668457031,2.1026599407196045,2.783947467803955,-0.3843672573566437
2231828842.0,-0.3430932760238647,0.18281951546669,10.406749725341797,1.1615928411483765,0.5734387040138245,-0.2553483247756958
2231837175.0,-0.4132755994796753,0.6408979892730713,9.34122371673584,1.6031309366226196,1.3039823770523071,-0.3493525683879852
2231845508.0,0.5852152705192566,-0.1648792624473571,9.667879104614258,2.235136747360229,1.2683273553848269,-0.3257618546485901
2231853841.0,0.8309728503227234,-0.8055762648582458,9.387602806091309,2.14651107788086,0.0402271524071693,-0.2454612106084823
2231862174.0,-0.1404001414775848,-1.5488972663879397,8.61193561553955,1.7495932579040527,0.6657780408859253,-0.0439796410501003
2231870507.0,-0.6229355335235596,-0.7356306910514832,7.91979169845581,2.49670958518982,3.474609613418579,0.2491624802350998
2231878840.0,-0.6604488492012024,-0.2381872087717056,9.206778526306152,4.243061542510986,5.304234027862549,0.3410663306713104
2231887173.0,-0.3330799639225006,-0.066888079047203,10.69206714630127,4.428611278533936,3.603884935379028,-0.1112682446837425
2231895506.0,-0.2418739348649978,0.0838899239897728,10.914328575134276,3.203713178634644,0.4796137511730194,-0.2359839677810669
2231903839.0,0.2758771181106567,-0.7867132425308228,10.596847534179688,1.847209095954895,-2.055081367492676,0.3462404310703277
2231912172.0,0.4473892152309418,-0.5404146313667297,9.260923385620115,1.979071259498596,-3.784170389175415,0.3072555661201477
2231920505.0,0.4077243208885193,-0.4045984745025635,9.230740547180176,3.5235328674316406,-3.813319444656372,0.0692224726080894
2231928838.0,-0.0058977068401873,-0.1351611316204071,9.240489959716797,3.977032661437988,-1.1606066226959229,-0.0879080519080162
2231937171.0,-0.0499529205262661,0.0109058693051338,9.568354606628418,4.139171123504639,2.5525739192962646,-0.0776111334562301
2231945504.0,0.0300407633185386,0.2257618755102157,10.234646797180176,3.620968818664551,4.52256441116333,-0.0666994675993919
2231953837.0,0.0254033375531435,-0.0173728037625551,10.801955223083496,2.9618637561798096,4.010664463043213,0.2453715801239013
2231962170.0,-0.5543919205665588,-0.0040838392451405,10.487476348876951,2.628314971923828,1.38612699508667,0.0867169871926307
2231970503.0,-0.5229756832122803,0.0869766175746917,10.72942352294922,2.3229167461395264,-0.8273142576217651,-0.0222331564873456
2231978836.0,0.0019123054808005,0.2536134719848633,10.30919075012207,2.521862268447876,-3.3040058612823486,-0.4753745496273041
2231987169.0,1.3366724252700806,-0.4970754384994507,10.612062454223633,2.4974265098571777,-5.286036014556885,-0.5631546378135681
2231995502.0,0.6477088332176208,-0.4417401254177093,9.159425735473633,2.0666205883026123,-4.922799587249756,-0.3680765628814697
2232003835.0,0.0853792205452919,-0.2034176588058471,8.167852401733398,3.0536649227142334,-1.4599857330322266,-0.4056526124477386
2232012168.0,-0.2781961262226105,-0.1410702764987945,8.778910636901855,3.8334391117095934,3.3460259437561035,-0.3354696631431579
2232020501.0,0.3887734711170196,0.5421898365020752,10.270904541015623,4.160302639007568,5.108746528625488,-0.1854470670223236
2232028834.0,0.2213645726442337,-0.1235822662711143,11.01647663116455,3.346743106842041,2.7275960445404053,-0.2043759971857071
2232037167.0,-0.0116311311721801,0.0132873011752963,10.908318519592283,2.2437427043914795,-0.4932277202606201,-0.2033001631498336
2232045500.0,-0.0467376783490181,-0.0030482918955385,10.09731388092041,2.0174410343170166,-2.643491268157959,-0.3333692848682403
2232053833.0,1.1789356470108032,-0.5647795796394348,10.505037307739258,2.2711758613586426,-4.51212739944458,-0.2192578613758087
2232062166.0,0.991736650466919,-0.1763061285018921,9.52107048034668,2.8408877849578857,-5.3932318687438965,-0.3265303075313568
2232070499.0,0.8428698778152466,-0.688738226890564,9.428454399108888,3.186064958572388,-3.259744644165039,-0.4601341187953949
2232078832.0,0.4889074563980102,-0.4013255536556244,8.591925621032715,3.0519492626190186,1.4733949899673462,-0.1434397250413894
2232087165.0,1.3319562673568726,-0.5781329274177551,9.306565284729004,3.645712614059448,4.21644926071167,0.4082781076431274
2232095498.0,0.7483226656913757,-0.689744770526886,10.559619903564451,3.835206270217896,3.876009941101074,0.5400121212005615
2232103831.0,-0.2140127569437027,-0.9903476238250732,9.740906715393066,3.434087991714477,2.999388694763184,0.2995456755161285
2232112164.0,-0.1490677297115326,-0.4973302781581878,9.001118659973145,5.001217365264893,3.0631935596466064,0.3342529535293579
2232120497.0,-0.1371999233961105,-0.2466724067926406,10.963850021362305,5.424826145172119,1.8930584192276,0.7861905097961426
2232128830.0,0.3529422879219055,1.0983407497406006,11.395092964172363,3.904083251953125,-0.5250661373138428,0.2411195784807205
2232137163.0,0.9877637028694152,1.5431418418884275,10.198084831237791,3.787564516067505,-2.403921604156494,0.1769559383392334
2232145496.0,0.1930283010005951,0.694892168045044,9.810738563537598,2.9186007976531982,-2.176517963409424,0.2383788079023361
2232153829.0,-0.3937218785285949,0.4235319793224334,8.796087265014648,1.0378247499465942,1.316020965576172,0.3025937378406524
2232162162.0,0.3197160065174103,0.3546804785728454,8.74991226196289,0.907012939453125,4.784342288970947,0.5681365728378296
2232170495.0,0.5355471968650818,-0.6324543356895447,10.125298500061035,1.206315279006958,4.369724750518799,0.7635219693183899
2232178828.0,0.9140473008155824,-0.8219977021217346,9.872363090515137,1.4175302982330322,1.8458516597747805,0.763419508934021
2232187161.0,-0.2412665337324142,-1.666282296180725,9.193371772766112,2.1589341163635254,-0.2100879549980163,0.727252185344696
2232195494.0,-0.772077202796936,-0.916114330291748,8.777645111083984,2.4547786712646484,1.0901288986206057,0.5183680057525635
2232203827.0,-0.2586364448070526,-0.4585064947605133,9.05483341217041,3.848346710205078,3.114575862884521,0.7831681370735168
2232212160.0,0.4341489374637604,0.2137567549943924,10.738211631774902,4.539393424987793,2.165440320968628,0.3750564157962799
2232220493.0,0.0177327562123537,1.054436445236206,10.625533103942873,3.912894725799561,0.5329681634902954,0.2051316052675247
2232228826.0,0.2001858800649643,0.0786806493997573,10.277565956115724,2.2925124168396,0.6262808442115784,0.2909649014472961
2232237159.0,0.0296254567801952,0.1558714658021927,9.293243408203123,1.4950900077819824,1.008573293685913,0.4272582232952118
2232245492.0,0.1673506796360016,0.3582471907138824,9.419113159179688,2.180091381072998,1.507461667060852,0.4304344058036804
2232253825.0,0.2818315029144287,-0.6208869218826294,9.926617622375488,2.6905832290649414,1.702334761619568,0.1936564296483993
2232262158.0,0.5169800519943237,-0.2521021664142608,9.686728477478027,3.253507375717163,1.7150907516479492,0.140609323978424
2232270491.0,-0.1529435962438583,-0.3676880300045013,10.089594841003418,3.3988428115844727,3.1027677059173584,0.6164193749427795
2232278824.0,-0.4955938458442688,-0.2256831526756286,9.736223220825195,3.0252845287323,4.123494625091553,0.465192973613739
2232287157.0,-0.2235466092824936,0.0507020652294158,8.989805221557617,4.119601726531982,3.76748275756836,0.2327181547880172
2232295490.0,-0.7396599054336548,-1.1468722820281982,10.31061840057373,4.266140460968018,3.1272289752960205,0.3584071695804596
2232303823.0,-0.7955854535102844,-0.9397430419921876,10.394841194152832,2.82285475730896,2.4905357360839844,0.2787725031375885
2232312156.0,0.0905495658516883,0.111925832927227,9.918768882751465,4.014147758483887,1.3565170764923096,0.3207030296325683
2232320489.0,0.2648124694824219,0.672011137008667,10.297059059143066,5.788163185119629,-1.006536841392517,0.3062821626663208
2232328822.0,-0.0525614917278289,0.0974101200699806,10.3800048828125,5.077548027038574,-1.450918436050415,-0.0431599840521812
2232337155.0,-0.4334332048892975,-0.2915347516536712,9.571298599243164,3.3304271697998047,1.226806640625,0.0525476075708866
2232345488.0,0.0012170365080237,-0.8568927645683289,9.08729076385498,2.595964431762696,4.215398788452148,0.5901647806167603
2232353821.0,-0.1746299266815185,-0.7176234126091003,9.118558883666992,3.9385855197906494,5.1337971687316895,0.6950294971466064
2232362154.0,-0.790561318397522,-0.7847887277603149,10.780085563659668,5.032851219177246,4.305893421173096,0.7329385280609131
2232370487.0,-0.8517626523971558,-0.0072090649046003,11.206148147583008,4.486268997192383,3.347332239151001,0.5777162313461304
2232378820.0,0.2616576552391052,0.4116759896278381,11.04839038848877,4.303281307220459,0.7447466850280762,0.6668282151222229
2232387153.0,-0.2413225322961807,0.0457048490643501,10.728509902954102,3.855288028717041,-1.2425978183746338,0.5911381244659424
2232395486.0,0.2872911393642425,-0.3743582963943481,10.111924171447754,2.773829698562622,-1.4514306783676147,0.656838595867157
2232403819.0,-0.0594507344067096,0.2434313297271728,9.195423126220703,3.4427967071533203,0.5513592958450317,0.536400556564331
2232412152.0,-0.68791663646698,0.231625810265541,9.622312545776367,4.325847625732422,3.527221441268921,0.7062485814094543
2232420485.0,-0.1687339842319488,-0.2820899784564972,10.251590728759766,4.479660987854004,5.737217903137207,0.6414445042610168
2232428818.0,-1.0234596729278564,-0.1710033565759658,10.506304740905762,3.7428672313690186,5.6968488693237305,0.5720298886299133
2232437151.0,-0.8013783693313599,0.3421078324317932,10.727041244506836,3.668176651000977,5.6234130859375,0.7454126477241516
2232445484.0,-0.4290860891342163,0.7032895088195801,10.777153968811035,4.040376663208008,2.266514301300049,0.6868842244148254
2232453817.0,-0.9047181606292723,1.489754319190979,10.84814167022705,3.926828622817993,-0.8217558860778809,-0.1165959984064102
2232462150.0,-0.8440104722976685,0.4628245830535888,10.151008605957031,2.2392349243164062,-1.1374000310897827,-0.2733551263809204
2232470483.0,0.2842396795749664,-0.3800806105136871,9.04516315460205,1.0509904623031616,-0.2754042446613312,-0.0120643032714724
2232478816.0,-0.6640298366546631,-0.8700461387634277,8.41943073272705,1.6863771677017212,1.140640139579773,0.3099706768989563
2232487149.0,-0.5867798328399658,-0.3542172908782959,9.663817405700684,2.9641945362091064,3.3106014728546143,0.3461636006832123
2232495482.0,-1.5233758687973022,0.0828187614679336,9.924506187438965,4.261734962463379,4.56956672668457,-0.0641892775893211
2232503815.0,-0.6741479635238647,0.5077164769172668,10.579345703125,4.829039573669434,4.724891662597656,0.0044952984899282
2232512148.0,-0.5447922348976135,-0.335367202758789,10.84162712097168,3.459907054901123,2.376706600189209,0.2101776301860809
2232520481.0,-0.3827800452709198,-0.6337738633155823,9.910551071166992,1.857736349105835,-1.2019221782684326,0.0817222148180008
2232528814.0,-0.2320043742656707,-0.7324787378311157,8.471983909606934,2.475705623626709,-2.684192419052124,0.1879956722259521
2232537147.0,-0.7836986184120178,-0.4505016207695007,8.730478286743164,4.083536624908447,-1.8988090753555296,0.2618927359580993
2232545480.0,-0.4576078057289123,0.2188914567232132,9.598340034484863,4.216756343841553,0.3920643031597137,0.1710390597581863
2232553813.0,-0.4165498316287994,1.0912824869155884,9.899541854858398,4.237785816192627,2.361082077026367,0.4177297949790954
2232562146.0,-0.3915859758853912,1.5659950971603394,10.483516693115234,3.409702777862549,3.074054002761841,0.3148886263370514
2232570479.0,-0.4732247292995453,1.4215835332870483,10.875432968139648,2.0185937881469727,2.9846856594085693,0.5285881161689758
2232578812.0,-0.800710916519165,0.8167247772216797,10.503056526184082,0.5674961805343628,1.950331687927246,0.4232111871242523
2232587145.0,0.0012803588761016,-0.092893972992897,10.167658805847168,-0.3125448822975158,-0.1496895849704742,0.6602197289466858
2232595478.0,-0.0264797769486904,-0.4121266305446625,8.94001293182373,0.7686960697174072,-2.3656797409057617,0.2955498695373535
2232603811.0,-0.5131816864013672,-0.5106008648872375,8.506278038024902,2.058193683624268,-1.6533732414245603,0.3702409863471985
2232612144.0,-0.5722686052322388,-0.776727020740509,8.273776054382324,2.20486068725586,0.7754838466644287,0.5954925417900085
2232620477.0,-0.996762216091156,-0.988114595413208,8.469573974609375,2.0286858081817627,3.0001819133758545,0.7620618343353271
2232628810.0,-0.9018514752388,-0.2778283953666687,9.38347053527832,1.9282013177871704,4.4532012939453125,0.9940756559371948
2232637143.0,-1.2984367609024048,0.2224867045879364,10.143753051757812,2.843475103378296,3.4442055225372314,0.8776846528053284
2232645476.0,-0.5921695828437805,0.6676966547966003,11.051708221435549,3.3441050052642822,0.4299733936786651,0.2461144030094146
2232653809.0,0.2421008497476577,0.3775755763053894,10.92227840423584,2.654799699783325,-2.841181516647339,0.4625546038150787
2232662142.0,0.3637177646160126,-0.0921611189842224,10.112220764160156,1.6457786560058594,-5.145541191101074,0.5805850028991699
2232670475.0,-0.5842353105545044,-0.3691597282886505,8.918850898742676,0.801354169845581,-3.791111469268799,0.692903459072113
2232678808.0,-0.6892534494400024,-0.0799775049090385,7.463065624237059,1.3585149049758911,0.8753792643547058,0.8439505696296692
2232687141.0,-0.2520938515663147,-0.4151412546634674,8.799108505249023,3.5333943367004395,4.052646160125732,0.8693856000900269
2232695474.0,-0.3985415399074554,-0.3830599784851074,10.414609909057615,3.047645807266236,3.8334901332855225,0.7257409691810608
2232703807.0,-0.7463839054107666,-0.1309672147035598,9.959006309509276,2.622244358062744,2.439461231231689,0.7003059983253479
2232712140.0,-0.8633837699890137,-0.1687875390052795,10.01706314086914,2.831282377243042,0.3860193490982055,0.4579953551292419
2232720473.0,-0.6536988615989685,0.7085416913032532,10.352489471435549,3.2672367095947266,-1.0236985683441162,0.3557433187961578
2232728806.0,-0.6537293195724487,0.0989075899124145,10.807064056396484,2.671295642852783,-2.582913637161255,0.0270358230918645
2232737139.0,-0.0158356931060552,0.2769807577133178,10.501681327819824,1.4711920022964478,-2.767361640930176,0.0671733394265174
2232745472.0,0.6737936735153198,-0.2156474441289901,9.80470371246338,1.5122005939483645,-2.553457498550415,0.3808196485042572
2232753805.0,-0.2432093173265457,-0.868904709815979,9.627058029174805,1.7986958026885986,-1.436523199081421,0.2154029309749603
2232762138.0,-0.2807042598724365,-0.1598362624645233,8.687565803527832,2.5681214332580566,1.3027784824371338,0.2897354364395141
2232770471.0,-0.6261593103408813,-0.7185131907463074,9.548995971679688,3.609339714050293,3.6756551265716553,0.5428296327590942
2232778804.0,-0.394236147403717,-0.2188509404659271,10.29616641998291,3.161142587661743,2.936352014541626,0.1908132582902908
2232787137.0,-0.2841666042804718,-0.9092347621917723,10.493408203125,2.5503714084625244,0.6875501871109009,0.3463941514492035
2232795470.0,-1.01585590839386,-0.8209532499313354,9.91287899017334,2.2403876781463623,-0.845116138458252,0.2553611397743225
2232803803.0,-0.6458142399787903,-0.7056751251220703,10.138031959533691,3.1429054737091064,-1.18511962890625,0.3501594364643097
2232812136.0,-0.1325152218341827,-0.511764645576477,10.784253120422363,3.597096443176269,-1.9120513200759888,0.3050014972686767
2232820469.0,0.7120341658592224,0.4524807631969452,10.503211975097656,4.050955295562744,-3.1003217697143555,0.3316403329372406
2232828802.0,0.517967164516449,0.1932425945997238,9.93946361541748,3.8614871501922607,-3.11522912979126,0.39629065990448
2232837135.0,-0.4537829458713531,0.3336894512176513,9.815664291381836,2.9344308376312256,-0.635258674621582,0.5226969122886658
2232845468.0,-0.4478527903556824,0.6447117924690247,9.35360336303711,1.8643192052841189,3.411162853240967,0.7683886289596558
2232853801.0,-0.2414789497852325,0.2542125582695007,10.360087394714355,2.368740558624268,4.987847328186035,0.96093088388443
2232862134.0,-0.3524450659751892,0.1290380656719207,11.59063720703125,2.010679006576538,2.99139666557312,0.5817120671272278
2232870467.0,0.0378814563155174,-0.2615293860435486,11.504167556762695,1.336179256439209,0.4775133728981018,0.7930550575256348
2232878800.0,-1.134218692779541,-0.065869890153408,10.29141902923584,1.4417612552642822,-1.299000263214111,0.6878061890602112
2232887133.0,-0.3664149940013885,0.3429792821407318,10.078993797302246,1.7303310632705688,-0.8245222568511963,0.8650566935539246
2232895466.0,-0.0044837398454546,-0.5423555970191956,9.745084762573242,1.9188519716262813,-0.65826016664505,0.663549542427063
2232903799.0,0.5197884440422058,-1.2879014015197754,10.0858736038208,1.491888403892517,-1.4797344207763672,0.5650628209114075
2232912132.0,-0.013741509988904,-1.1321316957473757,9.120265007019045,1.5020315647125244,-0.2408506721258163,1.0509392023086548
2232920465.0,-0.9460043907165528,0.0387596637010574,8.96762752532959,3.125359296798706,2.0252277851104736,0.8442323803901672
2232928798.0,-0.9958608746528624,0.8795475363731384,9.846431732177734,4.752836227416992,4.474742889404297,0.5295870900154114
2232937131.0,-0.083836019039154,0.2690224945545196,11.153566360473633,4.266550540924072,3.990710973739624,0.6749223470687866
2232945464.0,-0.2188533246517181,-0.5892895460128784,11.387652397155762,1.966366410255432,1.242585062980652,0.7253054976463318
2232953797.0,-0.6236708760261536,-0.5976628065109253,10.09559440612793,1.037619948387146,-0.6683522462844849,0.5547659397125244
2232962130.0,-0.6892998218536377,-0.4881196022033691,8.868011474609375,2.8166823387146,-1.410780906677246,0.5703137516975403
2232970463.0,-0.2255154550075531,-0.0651531144976615,8.954477310180664,4.825965404510498,-1.3141896724700928,0.3898870944976806
2232978796.0,-0.4233076572418213,0.1467003524303436,9.847107887268066,4.848608493804932,-0.0311212968081235,0.5128610134124756
2232987129.0,-0.3032654523849487,-0.2588807642459869,10.274174690246582,2.580467700958252,1.02821946144104,0.7106541991233826
2232995462.0,0.1102994680404663,0.1248999536037445,9.228310585021973,1.5860460996627808,1.662991285324097,0.6421616673469543
2233003795.0,-0.5380264520645142,0.1225123256444931,9.479241371154783,3.173591136932373,2.0244083404541016,0.8412098288536072
2233012128.0,-1.1653940677642822,-0.3841937184333801,10.10622215270996,3.517385482788086,2.373197555541992,0.5302018523216248
2233020461.0,-0.8682753443717957,-0.4985686838626861,9.667917251586914,3.4672327041625977,2.548757314682007,0.5168824195861816
2233028794.0,0.0250051282346248,-0.3608511984348297,9.792987823486328,3.8488845825195312,0.8005345463752747,0.7212072014808655
2233037127.0,0.2561881840229034,-0.7856215238571167,10.38056755065918,3.5875935554504395,-1.9036242961883545,0.7450796365737915
2233045460.0,-0.4747158288955688,-0.1839575320482254,8.918038368225098,3.534623861312866,-2.753812313079834,0.2892743945121765
2233053793.0,-0.5390390157699585,0.2496814727783203,8.260567665100098,4.6610612869262695,-0.6840537786483765,0.3108671903610229
2233062126.0,-0.2608136832714081,0.2286727577447891,9.669651985168455,4.606451034545898,2.133294582366944,0.2777223587036133
2233070459.0,-0.5299088954925537,0.9838687181472778,9.97358226776123,3.524890422821045,3.346512794494629,-0.1085019037127494
2233078792.0,-0.1041605919599533,0.5136630535125732,10.083420753479004,3.083403348922729,3.625887393951416,-0.0599373057484626
2233087125.0,-0.4724549353122711,-0.0703436881303787,9.96670150756836,2.617634057998657,1.8902151584625244,0.2130208015441894
2233095458.0,-0.7763204574584961,-0.5005574822425842,10.037742614746094,2.3385157585144043,0.494085818529129,0.0914300233125686
2233103791.0,-0.883469820022583,-0.0704140588641166,9.357492446899414,2.7277753353118896,0.055672537535429,0.1932722181081771
2233112124.0,-0.3582493960857391,-0.2304729968309402,9.795206069946287,3.878929853439331,-0.5632826089859009,-0.2228694558143615
2233120457.0,0.2822320759296417,-0.1756456941366195,9.729875564575195,3.919938325881958,-1.149771809577942,-0.0799676328897476
2233128790.0,-0.356425791978836,-0.8571088910102844,10.009060859680176,3.079714775085449,-1.1737979650497437,0.0875878781080246
2233137123.0,-0.7246106863021851,-0.5148054957389832,8.836048126220703,2.235879421234131,1.1589032411575315,0.1302868127822876
2233145456.0,-0.3646622002124786,0.4598165452480316,8.860370635986328,4.110457420349121,3.556037187576294,0.1776475310325622
2233153789.0,-0.2200164645910263,0.909445583820343,10.76445198059082,5.268835544586182,2.4801626205444336,-0.223970890045166
2233162122.0,-0.2700788080692291,0.483022928237915,11.364422798156738,3.060401678085327,1.236591339111328,-0.1350638717412948
2233170455.0,-0.6573176383972168,-0.2101576775312423,9.752822875976562,1.0568817853927612,0.4894240498542785,0.1636621505022049
2233178788.0,-0.6115895509719849,-0.2999544739723205,9.563615798950195,1.420219659805298,0.4445478320121765,0.6447486877441406
2233187121.0,-0.6545889377593994,-0.5603439211845398,10.041587829589844,2.3119025230407715,0.5284857153892517,0.8153139352798462
2233195454.0,0.3638453781604767,0.0341472178697586,9.943758010864258,3.637439012527466,-1.1698788404464722,0.3009544014930725
2233203787.0,-0.2799230515956878,-0.1070836037397384,9.95504093170166,4.072317600250244,-1.8172276020050049,0.0037524856161326
2233212120.0,-0.4319483339786529,-0.3037814199924469,9.424588203430176,2.551113605499268,-0.1531731188297271,0.3120454251766205
2233220453.0,-0.5146377682685852,-0.471680998802185,9.103522300720217,2.1853678226470947,2.0295052528381348,0.4316383302211761
2233228786.0,-0.0540691167116165,-0.6595888733863831,9.980993270874023,2.5228617191314697,2.536898136138916,0.6522025465965271
2233237119.0,-0.5492079257965088,-0.1040477901697158,10.267777442932127,3.590129375457764,1.931402921676636,0.485095202922821
2233245452.0,-0.2741007506847381,-0.0161563642323017,10.50765609741211,4.545233726501465,0.9774264693260192,0.2914259731769562
2233253785.0,-0.3369246423244476,-0.1391061246395111,10.360724449157717,4.0661444664001465,0.1305941641330719,0.5591971278190613
2233262118.0,-0.0836889445781707,0.2733527421951294,9.812455177307127,3.1404972076416016,-0.3504283428192138,0.5981820225715637
2233270451.0,-0.6743532419204712,-0.0216812398284673,9.480000495910645,3.144109010696411,-0.1924397349357605,0.526231586933136
2233278784.0,-0.1662725061178207,-0.1150290966033935,9.94826316833496,3.36037015914917,0.7486913204193115,0.3524647057056427
2233287117.0,0.2403029352426529,-0.7710244059562683,10.61726188659668,2.939988851547241,1.0711742639541626,0.6103231310844421
2233295450.0,0.1274261027574539,0.2419192194938659,10.159120559692385,3.329402446746826,0.314734935760498,0.1733443439006805
2233303783.0,-0.5017600059509277,0.3295514583587646,9.699747085571287,4.422259330749512,1.547727346420288,0.265068918466568
2233312116.0,-0.7140472531318665,0.2878731489181518,10.311250686645508,3.8744475841522217,3.3061442375183105,0.3133517205715179
2233320449.0,-0.0612990632653236,0.4207475483417511,10.736075401306152,2.495556592941284,3.8363850116729736,0.5451605916023254
2233328782.0,-0.021518737077713,-0.2454137504100799,10.61720085144043,1.9737434387207031,1.9509210586547847,0.6852447986602783
2233337115.0,-0.4448747336864471,0.4201357960700989,10.060790061950684,2.5684287548065186,-0.0876006707549095,0.260099709033966
2233345448.0,-0.8260990381240845,0.2554889321327209,9.837420463562012,3.320181131362915,0.5158579349517822,0.2866105139255523
2233353781.0,-0.6412854790687561,-0.0879749432206153,10.021571159362791,2.961761474609375,1.926408290863037,0.3664757013320923
2233362114.0,0.4899304807186126,-0.139739528298378,10.328540802001951,2.028096914291382,1.4062345027923584,0.3426288068294525
2233370447.0,-0.2774019539356231,0.1665495932102203,9.432907104492188,2.285468578338623,0.6988972425460815,0.3620443940162658
2233378780.0,-0.8920698165893555,-0.1039922982454299,9.835957527160645,2.758460998535156,1.2472978830337524,0.0152020482346415
2233387113.0,-1.0002713203430176,0.181120216846466,9.729454040527344,2.7579236030578613,3.4854445457458496,-0.0691840574145317
2233395446.0,-0.3787781596183777,-0.4475991725921631,10.451303482055664,2.831026077270508,3.65434455871582,0.1464750170707702
2233403779.0,-0.3618588149547577,-0.3941101133823395,10.786846160888672,2.652648687362671,2.090723752975464,0.3506717085838318
2233412112.0,-0.6549146175384521,-0.0616709664463996,9.950454711914062,2.9740302562713623,0.5165238976478577,0.3481614887714386
2233420445.0,-0.4746169447898865,0.4039315581321716,9.85146141052246,3.89240312576294,-0.1588594764471054,0.1533908396959304
2233428778.0,-0.2077331840991974,-0.0302038863301277,10.066396713256836,3.4369056224823,-0.5126689076423645,0.0383317060768604
2233437111.0,-0.5605230331420898,0.0282372049987316,9.509492874145508,2.391639709472656,0.2099214792251587,0.1931697726249694
2233445444.0,-0.4438260793685913,0.3141607940196991,9.385539054870604,2.379011631011963,2.0965378284454346,0.2545670866966247
2233453777.0,-0.3068761527538299,0.1614217311143875,9.744001388549805,2.985402822494507,2.895829916000366,0.4953407943248749
2233462110.0,-0.5997744202613831,0.1435807794332504,10.418395042419434,3.183964729309082,1.9846549034118648,0.2254180759191513
2233470443.0,-0.6370857357978821,-0.3164884448051452,10.14774227142334,2.3291919231414795,1.5016473531723022,0.6317622661590576
2233478776.0,-1.4090534448623655,-0.8465561866760254,9.401164054870604,1.6011842489242554,1.5363035202026367,0.6696969866752625
2233487109.0,-0.5481153726577759,0.1402312368154525,9.1989164352417,2.4971444606781006,1.361562967300415,0.5456472039222717
2233495442.0,-0.2382012605667114,0.0752670764923095,9.92101001739502,3.675398588180542,-0.8641217350959778,0.595287561416626
2233503775.0,-0.7709552645683289,-0.1471272259950637,10.205362319946287,3.159349203109741,-2.2750558853149414,0.3223423361778259
2233512108.0,-0.8637695908546448,-0.2421905845403671,9.144356727600098,1.9673656225204468,-0.8039283752441406,0.7028162479400635
2233520441.0,-0.3090976178646087,-0.8754754662513733,9.425748825073242,2.4602346420288086,0.6926473379135132,1.0049874782562256
2233528774.0,-0.7258728742599487,-0.3253165781497955,9.2946138381958,3.1560962200164795,0.7051726579666138,0.638063371181488
2233537107.0,-0.6051017642021179,0.015850905328989,9.71937084197998,4.63475513458252,1.0156172513961792,0.7451820969581604
2233545440.0,-0.8578361868858337,-0.4469685554504394,10.42617893218994,4.425845623016357,0.3688065707683563,0.403641939163208
2233553773.0,0.1145592927932739,0.1421226412057876,10.512953758239746,3.391465902328491,-0.8105881810188293,0.5791507363319397
2233562106.0,-0.3433282375335693,-0.4885832965373993,9.69293212890625,3.1829400062561035,-1.847042441368103,0.6577351689338684
2233570439.0,-0.8357970118522644,0.2242466509342193,9.247100830078123,3.536160469055176,-1.2068657875061035,0.429794043302536
2233578772.0,-0.5115439891815186,0.4431281387805938,9.473137855529783,4.06027889251709,0.7396239042282104,0.756068229675293
2233587105.0,-0.0556049421429634,0.5240394473075867,9.999399185180664,3.995705604553223,0.7347571849822998,0.6810697317123413
2233595438.0,-0.5183941125869751,0.1725238859653473,9.991994857788086,2.604673385620117,-0.4688942432403564,0.3542833030223846
2233603771.0,-0.871633768081665,-0.6831023693084717,9.546689987182615,1.7747461795806885,0.1115884110331535,0.297931969165802
2233612104.0,-0.4851827621459961,-0.8151136040687561,9.409062385559082,2.145768404006958,0.8060159087181091,0.6630116105079651
2233620437.0,0.357529729604721,-0.523242175579071,10.602768898010254,3.5734033584594727,-0.500399649143219,0.8744827508926392
2233628770.0,-0.4093192517757416,0.223683699965477,9.998629570007324,4.354048728942871,-2.3019516468048096,0.2940898537635803
2233637103.0,-0.6696091890335083,0.2196947485208511,9.61925220489502,4.568772792816162,-1.5069111585617063,0.0221691243350505
2233645436.0,-0.1786697804927826,-0.4372372031211853,9.619696617126465,3.113858699798584,1.0298075675964355,0.3964443504810333
2233653769.0,-0.0957078263163566,-0.4257062077522278,9.82053565979004,2.1785035133361816,1.5636850595474243,0.9143386483192444
2233662102.0,-0.6366186738014221,0.3148341178894043,9.589930534362791,3.1425468921661377,1.0763486623764038,0.5014883279800415
2233670435.0,-0.9395142197608948,-0.0753364711999893,9.90000343322754,4.599151611328125,1.1642566919326782,0.1576171815395355
2233678768.0,-0.2237415015697479,-0.5247943997383118,10.267556190490724,4.066451549530029,0.685398519039154,0.213866040110588
2233687101.0,0.2008684128522873,-0.6699807643890381,10.043545722961426,3.3535051345825195,-1.4867526292800903,0.4071510434150696
2233695434.0,-0.5297260880470276,-0.2237963229417801,9.433331489562988,3.332552433013916,-2.3166794776916504,0.0506521426141262
2233703767.0,-0.5387918949127197,0.3967617750167846,9.100632667541504,4.289552211761475,-0.8191945552825928,0.0758053287863731
2233712100.0,-0.6367529630661011,-0.3525316715240478,9.793947219848633,4.732626438140869,1.4215260744094849,0.106030136346817
2233720433.0,0.0617471374571323,-0.4379965662956238,10.304874420166016,3.538747310638428,2.0050439834594727,0.3954966068267822
2233728766.0,-0.3287266492843628,-0.3387971520423889,10.143303871154783,3.201766967773437,1.147453784942627,0.2654019296169281
2233737099.0,-0.2348013073205948,0.195708230137825,9.598444938659668,4.326820373535156,0.0666610449552536,0.3135054409503937
2233745432.0,-0.2743444740772247,0.1445901542901992,10.261601448059082,5.328695774078369,-0.3791419267654419,0.3643753230571747
2233753765.0,-0.3283203840255737,0.4923261106014251,10.590109825134276,3.8634846210479736,-0.8828458189964294,0.2903501391410827
2233762098.0,-0.149403914809227,0.6478946208953857,9.800093650817873,2.5708370208740234,-0.4735816419124603,0.165096566081047
2233770431.0,0.3405982553958893,0.1493471264839172,9.49341106414795,2.4755005836486816,-0.1463853567838668,0.391936182975769
2233778764.0,-0.439651608467102,0.2519086897373199,9.77492332458496,2.738917350769043,1.1733497381210327,0.5557648539543152
2233787097.0,-0.3900326490402221,-0.2990145087242126,10.54800033569336,2.176403284072876,2.65433931350708,0.624385416507721
2233795430.0,-0.0702953413128852,-0.2512783706188202,9.681512832641602,2.5012428760528564,2.321302890777588,0.6182379126548767
2233803763.0,-0.1010667756199836,-0.1152664646506309,9.827167510986328,3.87465238571167,1.036134123802185,0.6791998147964478
2233812096.0,-0.4485957622528076,-0.0485495366156101,10.415560722351074,3.3587560653686523,0.6583242416381836,0.6958234310150146
2233820429.0,-0.7601731419563293,0.0547949858009815,9.716145515441896,3.034172773361206,0.2776198983192444,0.3394270837306976
2233828762.0,0.0420578829944133,0.1274657696485519,9.697927474975586,3.413032531738281,1.011928677558899,0.4065106809139251
2233837095.0,0.0658951699733734,-0.3204250633716583,10.252777099609377,3.2106804847717285,0.6752553582191467,0.7367038726806641
2233845428.0,-0.3799138069152832,0.7547292709350586,9.718951225280762,3.405860662460327,0.4503878653049469,0.3337662816047668
2233853761.0,-0.5362019538879395,0.585300087928772,9.83834743499756,3.685158491134644,2.006708860397339,0.418908029794693
2233862094.0,-0.1036631539463996,0.9888947606086732,9.71042537689209,3.2591168880462646,2.493788957595825,0.2592800855636596
2233870427.0,0.138346329331398,0.0524522438645362,10.71776008605957,2.3737094402313232,1.4712175130844116,0.3834579288959503
2233878760.0,-0.3523132801055908,0.0579165704548358,9.837669372558594,1.1069062948226929,0.7759703993797302,0.7368574738502502
2233887093.0,-0.6493344306945801,0.3921202421188354,9.205244064331056,2.4965813159942627,1.1286784410476685,0.2494442462921142
2233895426.0,-0.2611584961414337,0.6314389705657959,10.024253845214844,3.6467113494873047,2.037727832794189,0.1362036913633346
2233903759.0,-0.3302713930606842,0.1176447868347168,10.182795524597168,2.616737365722656,1.6170138120651243,0.1844353079795837
2233912092.0,-0.4889925420284271,0.1296011358499527,9.850625991821287,1.5869171619415283,1.8718501329422,0.0252684410661458
2233920425.0,-0.628369927406311,0.1254163086414337,9.677753448486328,1.1600815057754517,2.686894655227661,0.3962137699127197
2233928758.0,-0.5864832997322083,-0.2583812177181244,9.767400741577148,2.091619968414306,2.5453248023986816,0.2050035297870636
2233937091.0,-0.3170241713523865,-0.45783731341362,10.260995864868164,2.888837575912476,1.2218374013900757,0.1035455390810966
2233945424.0,-0.350516676902771,-0.3938894271850586,10.43329906463623,2.644528865814209,0.2647359371185303,0.1572073698043823
2233953757.0,-0.550032913684845,0.3073305487632751,9.49570655822754,2.8385825157165527,0.756068229675293,0.0522914603352546
2233962090.0,0.2288781702518463,0.0962138846516609,10.093993186950684,3.187141180038452,1.375036358833313,0.2950632274150848
2233970423.0,-0.667824387550354,-0.1654416024684906,10.002645492553713,2.5268313884735107,1.6737751960754397,0.0313134044408798
2233978756.0,-0.5727964043617249,0.7603510618209839,9.544075012207031,2.394866943359375,3.1255898475646973,-0.1963587254285812
2233987089.0,-0.5447073578834534,0.1460401266813278,9.861327171325684,2.7234976291656494,3.5233023166656494,-0.0444919280707836
2233995422.0,-0.6208258867263794,0.7043247818946838,10.003832817077637,2.613356351852417,2.888632535934448,-0.3759401142597198
2234003755.0,-0.8393937349319458,0.3023693561553955,10.248809814453123,1.9298405647277832,1.9763814210891724,0.015381347388029
2234012088.0,-0.7827735543251038,0.2353897094726562,10.299701690673828,1.0285266637802124,1.4546962976455688,0.0256270412355661
2234020421.0,-0.3861962854862213,0.0978723466396331,9.803836822509766,1.0121848583221436,0.6381657719612122,0.3901431858539581
2234028754.0,-0.3432506322860718,0.0963774025440216,10.12773895263672,1.5567179918289185,-0.2667210400104522,0.0062114521861076
2234037087.0,-0.7784939408302307,0.0448840893805027,9.73336696624756,1.3766499757766724,0.0914812386035919,-0.2497131824493408
2234045420.0,-0.5221340656280518,-0.4896470308303833,9.5988187789917,1.248194456100464,1.684584140777588,-0.0071463715285062
2234053753.0,-0.9712441563606262,-0.7224174737930298,9.641990661621094,0.869539201259613,3.374534368515014,0.2100495249032974
2234062086.0,-0.2368314713239669,-0.4599843025207519,10.109210014343262,1.5042601823806765,3.171926259994507,0.5589154958724976
2234070419.0,-0.9530765414237976,-0.2685661911964416,10.023173332214355,2.431802749633789,1.5366877317428589,0.2194755971431732
2234078752.0,-0.9202704429626464,-0.1385565102100372,10.50564670562744,2.976515054702759,0.6046880483627319,0.1100515574216842
2234087085.0,-0.3789519071578979,-0.696727991104126,10.556553840637209,2.054710149765014,-0.1503811776638031,0.4185237884521484
2234095418.0,0.1427359133958816,-0.1294877529144287,9.894701957702637,1.8655743598937988,-1.4589868783950806,0.5536900758743286
2234103751.0,-0.4495642483234405,0.067052386701107,9.063651084899902,2.8395814895629883,-1.3089900016784668,0.3183721303939819
2234112084.0,-0.6990681290626526,-0.4197710454463959,9.725763320922852,2.840785026550293,1.0267081260681152,0.2181692421436309
2234120417.0,-0.1632705181837082,-0.8362085819244385,9.67119026184082,2.1767616271972656,3.1243345737457275,0.5023847222328186
2234128750.0,-0.7668556571006775,-0.8287890553474426,9.778911590576172,2.44970703125,3.436854362487793,0.6470028758049011
2234137083.0,-1.0778599977493286,0.3404189050197601,9.892533302307127,3.7891013622283936,3.0895254611968994,0.406408280134201
2234145416.0,-0.8925209641456604,0.3284728527069092,10.122092247009276,4.324515342712402,1.5810259580612185,0.1142522990703582
2234153749.0,-0.2544038295745849,0.2472432553768158,10.447922706604004,3.2622158527374268,-0.5864378809928894,0.2021090984344482
2234162082.0,0.1139480024576187,-0.7482509613037109,10.263387680053713,1.408718824386597,-2.650765895843506,0.5946472883224487
2234170415.0,-0.6866174936294556,-0.4612877666950226,8.961943626403809,1.215100884437561,-2.506276130676269,0.3711118400096893
2234178748.0,-0.9468830823898317,-0.2377957999706268,8.453882217407227,2.8242383003234863,0.3745697140693664,0.1852805465459823
2234187081.0,-0.3768826723098755,0.4146491885185241,9.451214790344238,4.486346244812012,2.9711616039276123,0.3795645534992218
2234195414.0,-0.2870505154132843,0.3091475963592529,10.79589557647705,4.01609468460083,2.5863332748413086,0.3415530323982239
2234203747.0,-1.069627046585083,-0.0438138358294963,10.200379371643066,1.8856559991836548,2.191746234893799,0.1737797856330871
2234212080.0,-0.3426887989044189,0.1110224574804306,9.70821762084961,1.4572066068649292,1.543731451034546,0.5593764185905457
2234220413.0,-0.3902451395988464,-0.5238028764724731,10.011344909667969,2.240900039672852,-1.1947760581970217,0.1752654016017913
2234228746.0,-0.3734633326530456,-0.2303454875946045,10.117371559143066,2.6360509395599365,-2.455124855041504,0.069478616118431
2234237079.0,-0.6746401190757751,-0.7123114466667175,9.430692672729492,2.730541706085205,-1.8498603105545044,0.0623322390019893
2234245412.0,0.1673377007246017,2.44011171162e-05,8.930008888244629,3.4222540855407715,-0.0411620773375034,0.2873533070087433
2234253745.0,-0.4700927436351776,-0.2296127825975418,9.653623580932615,3.52432632446289,1.4941166639328003,0.4502597749233246
2234262078.0,-0.5235318541526794,-0.0977459549903869,9.976320266723633,2.857588291168213,1.975510835647583,-0.0036884502042084
2234270411.0,-0.3294909596443176,-0.2098760604858398,9.549823760986328,2.917243242263794,2.330728530883789,0.2905294001102447
2234278744.0,-0.408111035823822,-0.1449524760246276,10.413763999938965,3.627270221710205,1.4289028644561768,0.3048990368843078
2234287077.0,-0.3129523992538452,0.538851261138916,10.24423885345459,3.315211772918701,0.027266351506114,-0.045414038002491
2234295410.0,-0.306454598903656,0.6801964640617371,9.806558609008787,3.5650787353515625,-0.6066475510597229,-0.1347308754920959
2234303743.0,-0.4017715454101562,0.0680014789104461,9.462434768676758,2.7313098907470703,-0.3134926259517669,0.1173003911972045
2234312076.0,0.0975368320941925,0.1867292821407318,9.237338066101074,2.2337019443511963,0.3218812644481659,0.1716025620698928
2234320409.0,-1.0166016817092896,0.3663984835147857,9.310100555419922,2.270125389099121,1.102961778640747,-0.1428249776363372
2234328742.0,-0.862414538860321,0.2104824632406234,9.577130317687988,1.985807538032532,3.025489330291748,-0.1100387498736381
2234337075.0,-0.7229933738708496,-0.1336554288864135,9.604742050170898,2.246790885925293,3.211653709411621,0.1691179871559143
2234345408.0,-0.8503671288490295,-0.1145951598882675,10.84052848815918,2.2255568504333496,1.19476318359375,0.1115884110331535
2234353741.0,-0.2717714011669159,-0.2548335194587707,10.838805198669434,1.559919834136963,-0.6114374995231628,0.2817694246768951
2234362074.0,-0.2513967454433441,-0.2597484290599823,9.842792510986328,1.919543623924256,-2.779016494750977,-0.1567334979772567
2234370407.0,-0.052305981516838,0.0972034931182861,9.790166854858398,2.657053709030152,-2.5131659507751465,-0.1349357813596725
2234378740.0,-0.3624444901943207,0.2191695570945739,9.163334846496582,2.660563468933105,-0.5249893665313721,0.122192695736885
2234387073.0,-0.8309166431427002,-0.0322847589850425,9.295523643493652,2.6376638412475586,2.111675977706909,-0.067852109670639
2234395406.0,0.0008617339190095,-0.236966386437416,9.94089698791504,2.048101663589477,3.9867660999298096,0.610605001449585
2234403739.0,-0.2798511385917663,0.0003490584203973,10.217276573181152,2.024203300476074,2.534822940826416,0.4170637726783752
2234412072.0,-0.8576582074165344,0.8022794723510742,10.077716827392578,2.7805917263031006,0.5806363224983215,0.1582831591367721
2234420405.0,-1.4206421375274658,0.2597550451755523,9.758575439453123,2.7018790245056152,0.869103729724884,0.0444278866052627
2234428738.0,-0.6073118448257446,0.0885720923542976,9.956135749816896,1.8681869506835933,0.6578887104988098,0.2418111711740493
2234437071.0,0.186787337064743,0.3160638511180877,10.356677055358888,1.4348454475402832,-1.079844951629639,0.618750274181366
2234445404.0,-0.4589704275131225,0.0616266317665576,10.414172172546388,1.352521300315857,-2.506685972213745,0.1607677340507507
2234453737.0,-1.0532948970794678,0.4431323111057281,9.415014266967772,1.3929917812347412,-1.0138626098632812,-0.1095264703035354
2234462070.0,-0.3305932879447937,-0.2989819049835205,9.531370162963867,1.882479786872864,1.777820110321045,0.2034922987222671
2234470403.0,-0.1134242862462997,-0.1074944362044334,10.069296836853027,1.9383957386016848,2.230039596557617,0.1447332501411438
2234478736.0,-0.0668584629893302,-0.0118586095049977,10.51190185546875,1.9982562065124512,0.861624538898468,0.1471153646707534
2234487069.0,-0.9796475172042848,-0.1756505370140075,9.849995613098145,2.195127010345459,0.2902989089488983,-0.0889070034027099
2234495402.0,-0.6959320902824402,-0.2895517349243164,9.98191738128662,2.234060764312744,1.1537548303604126,0.0552883297204971
2234503735.0,0.1322925090789795,-0.5305624604225159,10.333745002746582,1.9246666431427,0.8380337953567505,0.3510815501213074
2234512068.0,-0.1407729685306549,-0.0826412737369537,10.421815872192385,2.045949697494507,-0.8762373328208923,0.3117636442184448
2234520401.0,-0.8460537791252136,0.4256236851215362,9.79067611694336,2.528803825378418,-0.4604158997535705,-0.0623450465500354
2234528734.0,-0.7299429774284363,-0.200392484664917,9.867268562316896,2.3623626232147217,1.6454969644546509,-0.2107539176940918
2234537067.0,-0.2662330567836761,-0.4996583461761474,10.271254539489746,1.5523123741149902,2.345636367797852,0.1216291934251785
2234545400.0,-0.0280959233641624,-0.6156014800071716,10.1535062789917,1.1931239366531372,1.3707330226898191,0.4907559752464294
2234553733.0,-0.5651158094406128,-0.1783455610275268,9.309000015258787,2.495684862136841,0.3034646511077881,0.1746762841939926
2234562066.0,-0.478186696767807,0.3950348496437073,9.86793613433838,3.661132097244263,0.1092831268906593,0.154415413737297
2234570399.0,-0.6233542561531067,0.2011413872241974,10.41977596282959,2.7401211261749268,0.3873513042926788,0.1910437792539596
2234578732.0,-0.5310627818107605,-0.060312733054161,10.231661796569824,0.7012280821800232,0.845513105392456,0.1045701205730438
2234587065.0,-0.5398974418640137,0.6459405422210693,9.187010765075684,1.0137217044830322,1.516016960144043,0.1938357204198837
2234595398.0,-0.62420654296875,-0.307333379983902,10.41538143157959,2.007759094238281,1.923155307769776,0.5001052021980286
2234603731.0,-0.2736523449420929,-0.2477401793003082,10.670073509216309,1.480054497718811,1.160721778869629,0.2976245880126953
2234612064.0,-0.080485887825489,-0.4851208627223968,9.964869499206545,1.9048153162002563,-0.5474274158477783,0.1763668060302734
2234620397.0,-0.8531982898712158,0.1853411197662353,9.15647315979004,2.270714521408081,-0.461875855922699,-0.2678992748260498
2234628730.0,-0.1627093404531479,0.2873260378837585,9.472257614135742,2.3968393802642822,0.5905746817588806,0.030698662623763
2234637063.0,-0.6526765823364258,-0.476055383682251,9.9071683883667,1.5778751373291016,1.3569780588150024,0.2277745604515075
2234645396.0,-0.3842482566833496,-0.3549586832523346,10.292254447937012,0.6094778776168823,2.120026111602783,0.2003673464059829
2234653729.0,-0.4363162219524383,-0.5301533937454224,9.849967956542969,1.3552874326705933,1.575672268867493,0.1270850151777267
2234662062.0,-1.224889636039734,-0.5623990893363953,9.791418075561523,2.70979380607605,1.3929404020309448,-0.0291233826428651
2234670395.0,-0.5738334655761719,-1.2695990800857544,10.13390064239502,2.813506364822388,1.9565049409866333,0.4930099844932556
2234678728.0,-0.1875516176223755,-0.5946429371833801,9.904685020446776,3.3428757190704346,0.3650925457477569,0.417704164981842
2234687061.0,-0.016600901260972,-0.4597747027873993,10.100872993469238,3.715818405151367,-1.6712775230407717,0.2324875891208648
2234695394.0,-0.5459941029548645,-0.4013756811618805,9.318096160888672,3.624350309371948,-1.4373940229415894,0.3579204976558685
2234703727.0,-0.6807636022567749,-0.1619711816310882,9.17102336883545,3.412162065505981,0.8171581625938416,0.1042883619666099
2234712060.0,0.0751586779952049,-0.155169203877449,9.511397361755373,3.6909220218658447,2.401808738708496,0.5146284699440002
2234720393.0,-0.8226152062416077,0.2020867466926574,9.821978569030762,3.992042779922485,2.3177168369293213,0.2816669344902038
2234728726.0,-0.8390646576881409,0.1777434200048446,10.109992027282717,3.485137224197388,2.4564695358276367,0.4035139083862304
2234737059.0,-1.3798680305480957,-0.2293707430362701,9.741023063659668,2.987733840942383,2.523014783859253,0.5762562155723572
2234745392.0,-0.514423668384552,-0.1797549575567245,10.307589530944824,2.837788343429565,1.4111008644104004,0.7431841492652893
2234753725.0,-0.1458654105663299,0.0322149656713008,10.443000793457031,3.2233333587646484,-1.85608434677124,0.9173866510391236
2234762058.0,-0.8783025145530701,0.3310789167881012,9.848219871520996,3.449815034866333,-3.435483694076538,0.1273923963308334
2234770391.0,-0.6404569149017334,0.3898666799068451,9.25740909576416,3.43408727645874,-1.7731964588165283,0.2520568370819092
2234778724.0,-0.0638690739870071,-0.9255001544952391,10.090171813964844,2.506007194519043,0.5471585392951965,0.5489515066146851
2234787057.0,-0.4515564143657684,-0.4039011299610138,9.362014770507812,1.749260187149048,1.7513350248336792,0.763419508934021
2234795390.0,-0.4463835656642914,0.0114955212920904,9.220081329345703,3.5908725261688232,2.4680726528167725,0.846691370010376
2234803723.0,-0.9474749565124512,0.0236154105514287,10.081363677978516,5.094300270080566,1.93527090549469,0.5350430011749268
2234812056.0,-0.7597213983535767,-0.0251982677727937,10.661587715148926,4.290141105651856,0.8204880356788635,0.3051551878452301
2234820389.0,-0.4072937667369842,-0.9263197779655457,10.085260391235352,2.7630202770233154,-0.4484027922153473,0.5281015038490295
2234828722.0,-0.1215307340025901,-0.2363077104091644,9.43400764465332,2.863146543502808,-1.849680781364441,0.8391352295875549
2234837055.0,-0.4311093091964721,0.8351251482963562,9.337597846984863,4.40169095993042,-2.04273533821106,0.819924533367157
2234845388.0,-0.8639201521873474,0.8134686350822449,10.048316955566406,4.898633003234863,-0.2654403448104858,0.2184254080057144
2234853721.0,-0.4225341379642486,0.0246647652238607,10.07566261291504,3.1930060386657715,1.5325380563735962,0.2684243619441986
2234862054.0,-0.2988178431987762,-0.2497511655092239,9.58564281463623,2.111983299255371,2.2746081352233887,0.965567111968994
2234870387.0,-0.7111832499504089,0.2384434640407562,10.06898021697998,2.1970226764678955,1.541580080986023,0.7738957405090332
2234878720.0,-0.9491402506828308,0.8230075836181641,9.948935508728027,3.5654118061065674,0.844001829624176,0.2978807091712951
2234887053.0,-0.5603241324424744,0.2525640428066253,10.485269546508787,3.9532876014709473,-0.0280219689011573,0.3404259085655212
2234895386.0,0.0206429101526737,-0.2972603440284729,10.80735683441162,2.52624249458313,-1.7624385356903076,0.5148589015007019
2234903719.0,-0.7957512140274048,-0.193962812423706,9.426344871520996,1.4471914768218994,-2.148701429367065,0.2161200940608978
2234912052.0,-0.2423922419548034,-0.3230702877044678,9.23920440673828,2.46533203125,-0.1953853964805603,0.5564308762550354
2234920385.0,-0.2279412895441055,-0.2403677850961685,9.471364974975586,3.763000249862671,0.9063724875450134,0.7069656848907471
2234928718.0,-0.6263830661773682,0.3792007863521576,10.10976791381836,4.369699001312256,1.5174514055252075,0.429000049829483
2234937051.0,-0.6237516403198242,0.4631394445896148,9.993794441223145,3.639641284942627,1.780329942703247,0.2561551332473755
2234945384.0,-0.3147148787975311,-0.3773312568664551,10.019479751586914,2.6585655212402344,1.256954550743103,0.3104573488235473
2234953717.0,-0.0500460527837276,-0.2937532067298889,9.93463897705078,2.1820125579833984,-0.3322934806346893,0.7657759785652161
2234962050.0,-0.7341300249099731,-0.0901293233036995,9.92205810546875,2.773881196975708,-1.0189343690872192,0.4385285377502441
2234970383.0,-0.789355993270874,0.4984719157218933,9.69114589691162,3.614872455596924,-0.4125427901744842,0.224111720919609
2234978716.0,-0.320107102394104,0.3881294727325439,10.26194190979004,3.7623848915100098,0.978476583957672,0.3843287825584411
2234987049.0,-0.1301784664392471,-0.3339413702487945,10.999680519104004,2.4074435234069824,1.0028101205825806,0.5402169823646545
2234995382.0,-0.2027172297239303,0.0091647570952773,9.937077522277832,1.8733612298965447,0.4090977609157562,0.6469515562057495
2235003715.0,-0.887464702129364,0.0378457456827163,9.746331214904783,2.694528341293335,0.9329602122306824,0.5897294282913208
2235012048.0,-0.7621528506278992,0.7627145648002625,9.908949851989746,3.494511604309082,1.8191101551055908,0.5881924033164978
2235020381.0,-0.0721213743090629,0.3256725072860718,10.14431095123291,3.3307085037231445,0.6556347012519836,0.407817006111145
2235028714.0,0.5522268414497375,0.3934363126754761,10.067058563232422,2.162571430206299,-1.4312208890914917,0.5756927132606506
2235037047.0,-0.4912237823009491,0.1923020929098129,9.68087673187256,0.7917232513427734,-1.6624664068222046,0.7692851424217224
2235045380.0,-1.1106220483779907,0.5676279664039612,8.956181526184082,0.8019176721572876,0.8338330388069153,0.6740514039993286
2235053713.0,-0.6892948150634766,-0.1589015871286392,9.44426155090332,1.8923925161361688,3.5456631183624268,0.5103763937950134
2235062046.0,0.1355029046535492,-0.5441458821296692,10.72679328918457,2.19307804107666,2.970956802368164,0.7691569924354553
2235070379.0,-0.6170836091041565,-0.8579097390174866,10.451044082641602,1.806200385093689,1.1704297065734863,0.921254336833954
2235078712.0,-0.8025665879249573,-0.0638458654284477,9.293706893920898,2.704517364501953,0.1335910260677337,0.6692871451377869
2235087045.0,-0.3460304737091064,0.3990042209625244,9.687331199645996,4.09424352645874,-0.5770118236541748,0.5561234951019287
2235095378.0,-0.2962565422058105,0.2794568538665771,9.952672004699709,3.127152442932129,-1.1559191942214966,0.409763753414154
2235103711.0,-0.5094094276428223,0.0041930670849978,9.70350742340088,1.934553384780884,-0.5166134834289551,0.5135526061058044
2235112044.0,-0.5506930947303772,-0.1933860927820205,9.706092834472656,1.2730146646499634,1.6975449323654177,0.624206006526947
2235120377.0,0.0753020569682121,-0.165700078010559,9.8659086227417,2.442227602005005,2.640507459640503,0.969767689704895
2235128710.0,-0.4105803370475769,0.1784610450267791,10.377224922180176,3.691664457321167,1.7117351293563845,0.5578652024269104
2235137043.0,-1.180384397506714,0.1660749614238739,10.18185806274414,3.3734331130981445,1.819135785102844,0.563321053981781
2235145376.0,-1.021156907081604,-0.2621760666370392,9.193384170532228,2.345405578613281,2.9235188961029053,0.6837590932846069
2235153709.0,0.1143333166837692,-0.0807842537760734,10.02663803100586,2.463052272796631,1.3417633771896362,0.9539125561714172
2235162042.0,-0.0001481488579884,0.2589703500270843,10.46297836303711,2.067081451416016,-1.686543583869934,0.654097855091095
2235170375.0,-0.8749810457229614,0.3034050762653351,9.399463653564451,2.242974281311035,-2.3489019870758057,0.3928326964378357
2235178708.0,-0.6500109434127808,0.4032265841960907,8.92818546295166,2.643325090408325,0.3120454549789428,0.4472886025905609
2235187041.0,-0.710701584815979,-0.2572571039199829,9.956393241882324,2.116670846939087,3.053178071975708,0.9473552703857422
2235195374.0,-0.2323231995105743,-0.1964171826839447,10.525768280029297,0.8164923191070557,3.414877414703369,0.8805022239685059
2235203707.0,-0.1165262311697006,0.1436952352523803,9.912368774414062,1.9426219463348389,1.810222148895264,0.7254848480224609
2235212040.0,-0.6935968399047852,0.2242893427610397,10.10081386566162,3.217468023300171,0.2023652791976928,0.458097755908966
2235220373.0,-1.0193381309509275,-0.2508779168128967,10.593707084655762,1.90440571308136,0.3701641261577606,0.4673701524734497
2235228706.0,-0.626610517501831,-0.3374210596084595,9.262459754943848,1.0327787399291992,1.072096586227417,0.6743330955505371
2235237039.0,0.2439749389886856,-0.3483360707759857,9.666474342346191,2.069002628326416,0.714419424533844,0.8296322822570801
2235245372.0,-0.3682994544506073,-0.5453314781188965,10.208791732788086,2.385517835617065,-0.406702846288681,0.5302018523216248
2235253705.0,-0.5543007254600525,-0.3862355053424835,9.267230987548828,2.5340805053710938,0.4530005753040313,0.3787449300289154
2235262038.0,-0.5946691036224365,-0.4010927379131317,9.069816589355469,3.0536134243011475,2.1153640747070312,0.5579676628112793
2235270371.0,-0.7372514009475708,-0.4113135933876037,9.371708869934082,3.294746398925781,3.1724894046783447,0.5830441117286682
2235278704.0,-0.1591298431158065,-0.9858371019363404,10.28791332244873,3.155122995376587,2.56445860862732,0.8570650815963745
2235287037.0,-0.5501190423965454,-0.4839872717857361,10.168781280517578,2.901029825210572,1.0189471244812012,0.6245903372764587
2235295370.0,-0.9917372465133668,0.6938164234161377,9.53481101989746,3.824678897857666,0.1431195437908172,0.541907548904419
2235303703.0,-0.93318110704422,0.6144662499427795,10.488715171813965,4.473974704742432,0.724101722240448,0.3397600650787353
2235312036.0,-0.4845459759235382,-0.3778557181358337,10.61888313293457,2.51010537147522,1.084212064743042,0.3637349307537079
2235320369.0,0.1910728514194488,-0.0186108313500881,9.668920516967772,2.009449481964112,0.6726682782173157,0.830656886100769
2235328702.0,-0.9026982188224792,-0.2132629007101059,10.210086822509766,2.7248804569244385,0.3658864796161651,0.7875992059707642
2235337035.0,-0.6918075084686279,0.1858899742364883,10.147141456604004,2.9723141193389893,1.4049278497695925,0.6166755557060242
2235345368.0,0.0165594723075628,-0.1439189314842224,9.900444984436035,3.3044538497924805,1.490735650062561,0.7818872928619385
2235353701.0,-0.4015471935272217,-0.0134397251531481,9.966477394104004,3.3809382915496826,0.7116531729698181,0.6064810752868652
2235362034.0,-0.938511312007904,-0.6290895342826843,9.85410213470459,2.162008047103882,1.2885113954544067,0.762830376625061
2235370367.0,-0.7336795926094055,-0.0316644161939621,9.494312286376951,2.389923095703125,2.684000015258789,0.834703803062439
2235378700.0,-0.3836828470230102,0.2867108881473541,10.086482048034668,3.691254854202272,2.149021625518799,0.8822183609008789
2235387033.0,-0.4130394756793976,0.2563181817531585,10.67581844329834,3.5569334030151367,0.3599696159362793,0.8437456488609314
2235395366.0,-1.2818776369094849,0.0246633440256118,9.865947723388672,2.6369469165802,-0.3864419758319855,0.5350942015647888
2235403699.0,-0.8980981707572937,-0.193362757563591,8.878478050231934,2.1052725315093994,1.2833884954452517,0.7176213264465332
2235412032.0,0.0854632407426834,0.0222910176962614,9.713550567626951,3.0998477935791016,1.241201877593994,1.2325187921524048
2235420365.0,-0.0406734533607959,0.251977801322937,10.75341796875,3.3105249404907227,-1.0304863452911377,0.8442580699920654
2235428698.0,-0.8261094689369202,0.3902103900909424,10.041858673095703,2.652545928955078,-1.0137858390808103,0.3733915388584137
2235437031.0,-0.698249876499176,0.4039985239505768,9.037885665893556,2.7034671306610107,1.320016860961914,0.5923163890838623
2235445364.0,-0.0698720216751098,0.0298797152936458,9.952380180358888,2.529546976089477,2.435824155807495,0.9576522707939148
2235453697.0,-0.3723809123039245,0.0257422812283039,10.708419799804688,1.9161369800567627,1.8065848350524905,1.026785135269165
2235462030.0,-0.5873003005981445,-0.1347499042749405,10.247572898864746,1.6491339206695557,0.8200525045394897,0.7714623212814331
2235470363.0,-0.3278021216392517,0.0968513116240501,9.515246391296388,2.994060516357422,0.8521983623504639,0.8566808700561523
2235478696.0,-0.7034605741500854,-0.8135164380073547,10.11917781829834,3.2453362941741943,0.8225626945495605,1.1095702648162842
2235487029.0,-0.7340763807296753,-0.4508928060531616,9.15947723388672,2.3116719722747803,0.9821650981903076,0.7202083468437195
2235495362.0,-0.1578857600688934,-0.3239656984806061,8.953119277954102,3.024542093276977,1.197376012802124,1.0081123113632202
2235503695.0,-0.8014453649520874,0.8461055159568787,9.085718154907228,4.265756607055664,0.7405460476875305,0.7976914048194885
2235512028.0,-0.708071768283844,0.3623853027820587,10.716094017028809,3.595098733901977,0.8994054198265076,0.685116708278656
2235520361.0,-0.427754282951355,-0.3930237591266632,9.993850708007812,1.4306703805923462,0.9246354699134828,0.7934137582778931
2235528694.0,-0.4238467812538147,-0.1434462219476699,9.481823921203612,1.842700719833374,0.7925171852111816,0.9278116226196288
2235537027.0,-0.7530851364135742,0.3832490742206573,10.005707740783691,3.052487134933472,1.065462589263916,0.9603418111801147
2235545360.0,-0.6292434930801392,1.0239912271499634,10.507460594177246,3.754547357559204,0.8826536536216736,0.4142974019050598
2235553693.0,-0.3812946379184723,0.5033556222915649,10.252104759216309,3.079612493515014,0.5462363362312317,0.4464688897132873
2235562026.0,0.0153733696788549,0.4932144284248352,10.183335304260254,1.5336908102035522,0.4179858565330505,0.8468706011772156
2235570359.0,-0.8017192482948303,0.3956165909767151,9.473947525024414,0.4764887690544128,0.5173947215080261,0.6094523072242737
2235578692.0,-0.9575433135032654,0.8076484799385071,9.06328582763672,1.3430182933807373,1.6323566436767578,0.4301013648509979
2235587025.0,-0.7596642971038818,-0.1394200325012207,9.835427284240724,1.7835062742233276,2.2611093521118164,0.5488489866256714
2235595358.0,0.3354023396968841,0.0839915350079536,10.45552921295166,1.5032609701156616,1.2183281183242798,0.931730568408966
2235603691.0,-0.3639870285987854,-0.1814458817243576,10.218832015991213,0.9875183701515198,-1.091524958610535,0.7527894973754883
2235612024.0,-0.8937692046165466,0.2063023000955581,8.691125869750977,1.1631039381027222,-0.7276747822761536,0.269090324640274
2235620357.0,-0.7119811773300171,-0.0545247606933116,8.997652053833008,1.8926230669021609,1.6723918914794922,0.504510760307312
2235628690.0,-0.5847114324569702,-0.7410286068916321,10.408159255981444,1.4133293628692627,2.6980624198913574,0.7779683470726013
2235637023.0,-0.7325860857963562,-0.1725111603736877,10.11566925048828,1.0076255798339844,2.395379066467285,0.7480765581130981
2235645356.0,-0.1671328842639923,-0.0087402109056711,10.135275840759276,2.437591552734375,0.9816272258758544,0.8392888903617859
2235653689.0,-0.0131367510184645,0.14678955078125,10.391040802001951,3.0611701011657715,-1.2448261976242063,0.6658549308776855
2235662022.0,-0.3506996929645538,0.1162011474370956,9.812078475952148,2.2135183811187744,-1.6293984651565552,0.5152175426483154
2235670355.0,-0.788708508014679,-0.3782996833324432,9.102357864379885,1.1458656787872314,0.2835367619991302,0.831604540348053
2235678688.0,-0.9905890822410583,-0.0318619683384895,9.029251098632812,1.0800883769989014,3.5385167598724365,0.7704633474349976
2235687021.0,0.2220207601785659,-0.3938018083572387,10.399762153625488,2.1958699226379395,3.987047910690308,1.2962212562561035
2235695354.0,-0.0963505581021308,-0.4106921851634979,10.690882682800291,2.5128719806671143,0.7849354147911072,1.0287315845489502
2235703687.0,-1.648337960243225,0.4405197501182556,9.906494140625,2.7463200092315674,0.1958080232143402,0.588013231754303
2235712020.0,-1.2549717426300049,0.1002903133630752,9.348140716552734,2.2402596473693848,2.259982347488404,1.0200740098953247
2235720353.0,0.0110048353672027,-0.415838748216629,10.055912971496582,1.939599633216858,1.4410184621810913,1.2702484130859375
2235728686.0,-0.0180771555751562,-0.483934074640274,10.350671768188477,1.297834873199463,-1.4049921035766602,1.0516564846038818
2235737019.0,-0.8506466150283813,-0.6839432716369629,9.138672828674316,1.4621244668960571,-1.954519748687744,0.8145710825920105
2235745352.0,-0.8540567755699158,-0.4038044214248657,8.701515197753906,2.890502452850342,0.3181928396224975,0.7593467831611633
2235753685.0,-0.5132859945297241,-0.4421491026878357,9.810687065124512,3.5913848876953125,2.335877656936645,1.298039793968201
2235762018.0,-0.5793799757957458,0.2583200931549072,10.391058921813965,3.345795154571533,2.315795660018921,0.8971257209777832
2235770351.0,-0.4216681718826294,0.2280576378107071,10.60787868499756,2.6919665336608887,1.360154390335083,0.9728414416313172
2235778684.0,-0.6884125471115112,0.3647041618824005,9.90811824798584,2.8464457988739014,0.3621724545955658,0.7471544146537781
2235787017.0,-0.3487618565559387,-0.473783791065216,10.814770698547363,2.5232455730438232,0.0578497536480426,0.9633642435073853
2235795350.0,-0.0524613782763481,-0.4633618295192718,10.033173561096191,1.9893169403076167,-0.7184280157089233,1.1625149250030518
2235803683.0,-0.3392511308193207,0.0968881845474243,9.172911643981934,3.146747589111328,-0.8726771473884583,0.8740986585617065
2235812016.0,-0.7536832094192505,0.6357380151748657,9.471534729003906,3.952749967575073,0.716135561466217,0.7166222333908081
2235820349.0,-0.6778942942619324,0.3751035630702972,9.96442413330078,3.1474642753601074,2.6498053073883057,0.751227080821991
2235828682.0,-0.2049531191587448,-0.5384050011634827,10.421292304992676,1.1827757358551023,3.0787928104400635,0.9651060700416564
2235837015.0,-0.5949400663375854,-0.0098360637202858,10.001822471618652,0.909164547920227,1.886040210723877,1.0072669982910156
2235845348.0,-1.0379924774169922,0.3656614422798157,9.761693000793455,2.399451971054077,0.9152862429618835,0.7055056691169739
2235853681.0,-0.645257830619812,0.1793650835752487,10.428771018981934,3.169236660003662,0.5236446261405945,0.8642115592956543
2235862014.0,-0.2753697335720062,-0.0624620728194713,10.236908912658691,2.326425552368164,-1.003079175949097,0.7410326600074768
2235870347.0,-0.1687801033258438,-0.3171936273574829,9.89732837677002,1.5031585693359375,-0.9124558568000792,0.8472036123275757
2235878680.0,-0.6285565495491028,0.4350774586200714,9.005755424499512,1.4922212362289429,0.0529318153858184,0.8457179665565491
2235887013.0,-1.0184210538864136,0.735332190990448,9.60491943359375,2.759101390838623,2.01997709274292,0.4407825469970703
2235895346.0,-0.8526790738105774,0.1931008100509643,10.302088737487791,2.280294418334961,3.137807607650757,0.4070229828357696
2235903679.0,-0.320341020822525,-0.2573049068450928,10.403223037719728,1.613837718963623,2.632541418075561,0.3453183472156524
2235912012.0,-0.1709669828414917,-0.4480110108852386,10.476411819458008,1.1479147672653198,0.4387590289115906,0.7181335091590881
2235920345.0,-1.237250566482544,0.2912662029266357,9.252293586730955,2.079094648361206,-0.6747046113014221,0.2522873878479004
2235928678.0,-0.7179486751556396,0.4706639945507049,9.434221267700195,3.175435304641724,-0.4727363288402557,-0.0123460618779063
2235937011.0,-0.2734861671924591,-0.2560058534145355,10.551612854003906,2.7578463554382324,-0.0756388306617736,0.2921687662601471
2235945344.0,-0.4267672300338745,-1.0052319765090942,10.028950691223145,0.9118795990943908,-0.3776306211948395,0.2927578687667846
2235953677.0,-0.4751991331577301,-0.5373573303222656,9.290104866027832,1.1911002397537231,0.7346802949905396,0.6234888434410095
2235962010.0,-0.7732595801353455,-0.711686372756958,9.611804962158203,2.9886302947998047,1.8712351322174072,0.5674705505371094
2235970343.0,-0.7148166298866272,-0.4908187985420227,9.931684494018556,3.848961591720581,2.2114946842193604,0.6618334650993347
2235978676.0,-0.2802027761936188,-0.4021592438220978,10.299671173095703,3.935844421386719,1.0660772323608398,0.7839108109474182
2235987009.0,-0.6385376453399658,-0.1628367602825164,10.020906448364258,3.0784857273101807,-0.6219905018806458,0.3954197764396667
2235995342.0,-0.4711813926696777,0.7885057926177979,9.593289375305176,3.212806224822998,-0.7345393896102905,0.4827130734920501
2236003675.0,-0.6179640889167786,0.6313987374305725,10.43154239654541,3.052333116531372,-0.2958444058895111,0.3585608303546905
2236012008.0,-0.3339946269989013,0.6783331036567688,10.154133796691896,1.9645477533340447,0.2484964728355407,0.3772592544555664
2236020341.0,-0.1728009134531021,-0.5280998945236206,9.554753303527832,1.247733473777771,0.8666191697120667,0.7852171063423157
2236028674.0,-0.5448516607284546,-0.0565397106111049,9.303215980529783,1.591732621192932,1.7005163431167605,1.0876188278198242
2236037007.0,-0.8808091878890991,0.0626740604639053,9.918155670166016,2.2466628551483154,2.180757522583008,1.0153865814208984
2236045340.0,-0.5328212380409241,0.0555159859359264,10.36520767211914,2.667428493499756,1.4539538621902466,0.5951339602470398
2236053673.0,-0.2267655432224273,-0.3088357448577881,10.33310604095459,2.5009610652923584,-0.1681318432092666,0.4447271525859833
2236062006.0,-0.2143525779247284,-0.2974159717559814,9.810262680053713,1.7410378456115725,-0.7787495851516724,0.7658528685569763
2236070339.0,-1.227938532829285,0.3422347903251648,9.024666786193848,1.565324306488037,-0.1346028000116348,0.6390110850334167
2236078672.0,-1.1148560047149658,0.4022844731807709,8.76494312286377,2.490689992904663,2.1193346977233887,0.5196487903594971
2236087005.0,-0.0487890765070915,-0.5216673016548157,10.10496997833252,2.3675365447998047,2.219050884246826,0.7790953516960144
2236095338.0,-0.2618182599544525,-0.5123657584190369,10.307554244995115,1.721238136291504,-0.2736624777317047,0.7977169156074524
2236103671.0,-0.8221902847290039,0.0162677969783544,9.722919464111328,1.6169112920761108,-1.046956181526184,0.6994094848632812
2236112004.0,-1.2329394817352295,0.6026941537857056,9.324646949768066,2.6772639751434326,0.0230912361294031,0.4479802250862121
2236120337.0,-0.1755527108907699,-0.0852206423878669,10.428359985351562,2.7466530799865723,0.801072359085083,0.574873149394989
2236128670.0,0.3753745257854461,-1.1197131872177124,10.535143852233888,1.1810083389282229,-0.4237875044345855,0.953400194644928
2236137003.0,-0.2978478074073791,-0.4871375262737274,9.6246919631958,1.1545743942260742,-1.1600686311721802,0.6490006446838379
2236145336.0,-1.141817331314087,0.4128409624099731,8.995009422302246,2.836302757263184,0.4981327950954437,0.3980580270290375
2236153669.0,-0.2001707702875137,0.2771320343017578,9.9916410446167,3.8064935207366943,2.3562662601470947,0.4045896828174591
2236162002.0,0.053274005651474,-0.3627040982246399,10.65669059753418,2.480930805206299,1.427391767501831,0.7367038726806641
2236170335.0,-0.6615809798240662,-0.7032750248908997,10.28236198425293,0.4278217256069183,0.7069656848907471,0.666443943977356
2236178668.0,-0.8369203805923462,-0.0984886065125465,8.545787811279297,0.9763250946998596,1.402750849723816,0.7030724287033081
2236187001.0,-0.3193277716636657,-0.2855584621429443,9.59128761291504,3.6375670433044434,1.1791129112243652,0.7501768469810486
2236195334.0,-0.8943406939506531,-0.3932841420173645,10.65587329864502,3.64512300491333,0.2125853300094604,0.5747449994087219
2236203667.0,-0.6118985414505005,-0.5746556520462036,10.011759757995604,2.275197029113769,0.3607636988162994,0.3123783767223358
2236212000.0,-0.3136710226535797,0.060489535331726,8.898910522460938,2.868243455886841,0.3606612682342529,0.3056418597698211
2236220333.0,-0.219565287232399,0.1654513031244278,10.449492454528809,3.423022508621216,0.5934691429138184,0.6046624779701233
2236228666.0,-0.3275156915187835,-0.1688564419746399,10.51648998260498,2.153503894805908,0.254387766122818,0.431458979845047
2236236999.0,-0.6142129898071289,-0.0067782769910991,9.028335571289062,2.2376978397369385,0.3975969552993774,-0.0730005726218223
2236245332.0,-0.3549200892448425,0.0732099041342735,9.300152778625488,3.2157516479492188,2.208369493484497,0.384123831987381
2236253665.0,-0.8470512628555298,-0.1713494509458542,10.340853691101074,2.8383517265319824,2.39453387260437,0.1568487584590912
2236261998.0,0.0523612685501575,-0.2021843343973159,10.165027618408203,2.0299408435821533,1.1613109111785889,0.0993704125285148
2236270331.0,-0.1299331337213516,0.1158087328076362,9.349365234375,2.8554365634918213,-0.1009457036852836,0.2054389864206314
2236278664.0,-0.7141071557998657,-0.2708397805690765,10.006991386413574,2.956587553024292,-0.2991230487823486,0.0714252963662147
2236286997.0,-1.228980541229248,-0.1702869981527328,9.463360786437988,1.7556382417678833,1.7045891284942627,0.1408398747444152
2236295330.0,-0.6554467082023621,-0.2737782001495361,9.62922477722168,2.115671396255493,3.13547682762146,0.3009288012981415
2236303663.0,0.047804370522499,-0.1376260817050933,10.44947338104248,2.700265645980835,1.910245537757873,0.3922948241233825
2236311996.0,-0.4187368154525757,-0.1645716577768325,10.718232154846191,3.031611204147339,-0.0716174021363258,0.3600465357303619
2236320329.0,-0.5667684674263,-0.1579203009605407,10.205282211303713,2.336594581604004,-0.5309574604034424,0.2336146235466003
2236328662.0,-0.4812038838863373,0.3234018981456756,9.080620765686035,2.5355916023254395,0.1741383820772171,0.1685288548469543
2236336995.0,-0.1948593705892563,0.1072037443518638,9.804483413696287,2.769885301589966,1.4013676643371582,0.4005170166492462
2236345328.0,-0.3657680153846741,0.2395299077033996,10.02737808227539,1.6649125814437866,2.1358301639556885,0.5762050151824951
2236353661.0,-0.4196183681488037,0.3144192993640899,9.867429733276367,1.5850473642349243,2.3115949630737305,0.4796649813652038
2236361994.0,-0.8003793954849243,0.0724431872367858,10.105149269104004,1.6144267320632937,2.705926418304444,0.6113989949226379
2236370327.0,-0.6930541396141052,-0.7518998384475708,10.14073085784912,1.2544955015182495,2.143616914749145,0.6203895807266235
2236378660.0,-0.6964969635009766,-0.4010825157165527,9.837440490722656,1.829150915145874,1.1802654266357422,0.6258966326713562
2236386993.0,-0.7701351642608643,-0.4924349784851074,10.303768157958984,2.374068021774292,0.6626018285751343,0.7207717299461365
2236395326.0,-0.6031529307365417,-0.4558574259281158,9.60854721069336,2.8115339279174805,0.5742839574813843,0.5241057276725769
2236403659.0,0.1710737198591232,-0.6873831748962402,10.28984832763672,2.822855234146118,0.1627912819385528,0.699332594871521
2236411992.0,-0.5872892737388611,-0.0638757422566413,9.056485176086426,2.44507098197937,-0.2586525678634643,0.4337643086910248
2236420325.0,-0.5948655605316162,0.1670895665884018,8.847599983215332,3.6816487312316895,1.2555968761444092,0.2977526485919952
2236428658.0,-0.8135106563568115,-0.5725289583206177,10.006622314453123,3.6532175540924072,3.5612621307373047,0.5154224634170532
2236436991.0,-0.5483894348144531,-0.4787507057189941,10.346077919006348,2.708052396774292,3.86317777633667,0.5738997459411621
2236445324.0,-0.1941508948802948,-0.2629715800285339,10.188324928283691,3.2181596755981445,2.0564515590667725,0.6360911130905151
2236453657.0,-1.185254693031311,0.1620698869228363,10.075697898864746,4.279152870178223,0.5830953121185303,0.4292305707931518
2236461990.0,-0.64419025182724,0.0045208102092146,10.28240203857422,3.94204330444336,0.4785891771316528,0.5175739526748657
2236470323.0,-0.4472153186798095,0.2133422046899795,10.08812427520752,2.9702394008636475,0.2772612869739532,0.4966984689235687
2236478656.0,-0.5119244456291199,0.3786428272724151,9.840682983398438,2.363694429397583,-0.055019374936819,0.3093559443950653
2236486989.0,-0.2077395021915435,0.4330422282218933,9.488558769226074,2.7176060676574707,0.7383686900138855,0.3295143246650696
2236495322.0,-0.3139291405677795,-0.6917677521705627,9.72220516204834,2.397223472595215,1.2938390970230105,0.4763863980770111
2236503655.0,-0.6374977827072144,-0.3419449925422668,9.518118858337402,2.199122905731201,2.303961992263794,0.692416787147522
2236511988.0,-1.224746584892273,-0.4630508422851562,9.507871627807615,2.3549087047576904,3.392797470092773,0.5382959246635437
2236520321.0,-0.833145797252655,0.2766722440719604,9.803295135498049,3.453631639480591,3.326917886734009,0.4769498705863952
2236528654.0,-0.8014837503433228,0.1526133567094802,10.808043479919434,3.536928415298462,1.4241641759872437,0.4971594512462616
2236536987.0,-0.7812598943710327,-0.3415610194206238,11.059886932373049,1.9615765810012813,-0.0686717629432678,0.3370192945003509
2236545320.0,-0.5752452611923218,0.0308071356266737,9.774232864379885,1.4765197038650513,-1.2811983823776243,0.1894556879997253
2236553653.0,-0.3701165318489074,-0.2432541400194168,9.668221473693848,2.5525994300842285,-0.8233439326286316,0.3031828999519348
2236561986.0,-0.2575688362121582,0.1431771069765091,9.57099437713623,2.9442667961120605,0.0008580769062973,0.4406545162200928
2236570319.0,-0.7681241631507874,-0.1665949523448944,9.580339431762695,3.0508477687835693,1.4474989175796509,0.1838718056678772
2236578652.0,-0.3812648355960846,-0.1062419265508651,9.50350284576416,2.6001133918762207,2.7634811401367188,0.2444750219583511
2236586985.0,-0.4718291759490967,-0.3446838557720184,10.013181686401367,2.520760297775269,2.879077911376953,0.3617113530635834
2236595318.0,-0.8537554144859314,-0.1100554317235946,9.73000144958496,2.913094282150269,2.2708427906036377,0.2634808123111725
2236603651.0,-1.1540124416351318,0.0061517115682363,9.911540031433104,3.244286060333252,1.653872847557068,0.2080260217189788
2236611984.0,-1.3007444143295288,0.2791597247123718,10.053404808044434,2.95515251159668,1.0283730030059814,0.0040086274966597
2236620317.0,-0.2528773546218872,0.0480111390352249,10.524103164672852,2.1598563194274902,0.0778288543224334,0.4368379712104797
2236628650.0,-0.0606720671057701,0.0983788520097732,10.362855911254885,1.9940556287765503,-1.8637174367904663,0.3967773616313934
2236636983.0,-0.0782132074236869,-0.2963074743747711,9.729907989501951,1.7009261846542358,-2.637293100357056,0.2146857231855392
2236645316.0,-0.7241972088813782,-0.1640528291463852,8.720510482788086,2.358520746231079,-0.2696154415607452,0.3216763734817505
2236653649.0,-0.2288627922534942,-0.1335230469703674,9.522979736328123,2.773547649383545,2.225377559661865,0.4907047152519226
2236661982.0,-0.4719279110431671,-0.4228808283805847,9.913556098937988,2.8181421756744385,3.695096969604492,0.6213116645812988
2236670315.0,-0.3719263076782226,-0.0351026579737663,10.232494354248049,2.4400506019592285,3.683647394180298,0.5896012783050537
2236678648.0,-0.7146828770637512,0.1048088520765304,10.555724143981934,2.5988073348999023,2.350784540176392,0.5275635719299316
2236686981.0,-1.0519132614135742,-0.2555211186408996,10.044623374938965,2.241386651992798,1.1768332719802856,0.4632974863052368
2236695314.0,-0.879612147808075,-0.3980551660060882,9.548928260803224,2.281370162963867,0.4928818643093109,0.6014606356620789
2236703647.0,-0.5732764601707458,-0.2862581610679626,9.92459487915039,2.672473907470703,-0.1836540699005127,0.6501533389091492
2236711980.0,-0.6822822093963623,0.395041823387146,9.324419021606444,2.9154763221740723,-0.2520697116851806,0.3576900064945221
2236720313.0,-0.2256738990545272,0.1038315519690513,9.739815711975098,3.3065288066864014,0.0161241609603166,0.3751845061779022
2236728646.0,-0.8136878609657288,-0.9573022723197936,9.906932830810549,1.7799715995788574,0.759218692779541,0.5867580771446228
2236736979.0,-1.4538732767105105,-0.4373520016670227,9.233099937438965,1.5393259525299072,2.5690181255340576,0.6141397953033447
2236745312.0,-0.8128489255905151,-0.4008260667324066,9.509567260742188,3.124309062957764,3.581087827682495,0.7031491994857788
2236753645.0,-0.5067794919013977,-0.2597486972808838,10.335453987121582,4.6500983238220215,1.4741889238357544,0.5945448279380798
2236761978.0,-0.7291203737258911,-0.5785088539123535,10.57219696044922,3.961254596710205,-1.4194129705429075,0.2612267732620239
2236770311.0,-0.8881474137306213,-0.580241322517395,9.814253807067873,2.6787240505218506,-1.825270295143128,0.4457261562347412
2236778644.0,-0.3822472393512726,-0.2568632960319519,9.361635208129885,3.002948760986328,-1.1786901950836182,0.6422897577285767
2236786977.0,-0.1793518215417862,0.2125801146030426,9.493992805480955,4.409759521484375,-0.8929122686386108,0.5690586566925049
2236795310.0,-0.5144931077957153,0.0129616046324372,10.020212173461914,4.379432201385498,0.0614101253449916,0.2471901774406433
2236803643.0,-1.1648834943771362,0.0713329315185546,9.435144424438477,3.23726749420166,2.4573397636413574,0.371163010597229
2236811976.0,-0.62367844581604,0.1298750936985016,9.612137794494627,3.0377840995788574,3.822553396224976,0.4229294657707214
2236820309.0,-0.3654678761959076,-0.4241661131381988,10.585869789123535,3.2418270111083984,1.9653416872024536,0.5755646824836731
2236828642.0,-0.8448847532272339,-0.373749315738678,10.489720344543455,2.9872217178344727,-0.8282362818717957,0.3037463724613189
2236836975.0,-0.971007764339447,0.0565460547804832,9.404525756835938,3.3332953453063965,-1.619792938232422,0.2354844659566879
2236845308.0,-0.5536293983459473,0.0904963389039039,9.43150806427002,3.881337881088257,-1.0829952955245972,0.1769815385341644
2236853641.0,-0.1696328818798065,-0.0297263506799936,10.232465744018556,3.2295069694519043,-1.257121205329895,0.1189653277397155
2236861974.0,-0.7148087024688721,-0.3209887146949768,10.125274658203123,2.0627782344818115,0.0365899354219436,0.1255737692117691
2236870307.0,-0.3173021972179413,-0.3631815314292907,9.385879516601562,2.376142978668213,1.6544618606567385,0.3184233605861664
2236878640.0,-0.4834617972373962,0.2965064644813537,9.309550285339355,3.963559627532959,1.924871563911438,0.1336679011583328
2236886973.0,-0.5538036227226257,0.2740697860717773,10.46993637084961,4.031027793884277,1.7195990085601809,-0.0796346589922905
2236895306.0,-0.8500970005989075,-0.4382885694503784,10.296981811523438,2.20729398727417,1.1596461534500122,-0.1057099550962448
2236903639.0,-0.3782123029232025,0.0150465862825512,9.47476291656494,1.814115285873413,0.6177000403404236,0.13804791867733
2236911972.0,-0.6334810256958008,0.0816742852330207,9.683188438415527,3.017830848693848,-0.2177210003137588,0.2354332655668258
2236920305.0,-0.1856582015752792,0.475541353225708,10.00914478302002,3.315570831298828,-0.959739863872528,-0.3232516646385193
2236928638.0,-0.680121898651123,-0.3072932958602905,9.372955322265623,2.8170406818389893,-0.6132816076278687,-0.2150058895349502
2236936971.0,-0.8798405528068542,-0.3663150668144226,9.45431900024414,2.1736624240875244,1.4819501638412476,-0.0703110769391059
2236945304.0,-0.6094396114349365,-0.1384933590888977,10.00006866455078,1.9861150979995728,2.594401836395264,-0.0271767061203718
2236953637.0,-0.4825563430786133,0.3028042018413543,9.935884475708008,3.2130367755889893,1.943057417869568,-0.0939017832279205
2236961970.0,-0.3307177424430847,0.1466164141893386,10.506678581237791,3.706008195877075,0.5089163780212402,-0.0558390319347381
2236970303.0,-0.9001850485801697,-0.1488378345966339,10.23176097869873,2.438795328140259,-0.5311879515647888,-0.1303252279758453
2236978636.0,-0.6478043794631958,-0.2753057777881622,9.670443534851074,1.4680670499801636,0.010822013951838,-0.0324020087718963
2236986969.0,-0.7149796485900879,0.2629847824573517,8.904644966125488,2.3725056648254395,0.8589093089103699,0.1162758246064186
2236995302.0,-0.6539449095726013,0.1216955184936523,10.066940307617188,3.5966098308563232,1.08912992477417,-0.0137292286381125
2237003635.0,-0.6248114705085754,-0.4619485437870025,10.722585678100586,2.370840787887573,1.1248875856399536,0.4130679666996002
2237011968.0,-0.939836859703064,-0.0032191050704568,9.813891410827637,1.8101195096969604,1.484793186187744,0.2601765692234039
2237020301.0,-0.6603894829750061,-0.1845143586397171,10.242843627929688,2.50657057762146,1.353264093399048,0.2510835230350494
2237028634.0,-1.1290020942687988,-0.1453100144863128,10.076171875,2.590073108673096,1.1100313663482666,0.1517515480518341
2237036967.0,-0.6762222647666931,-0.2041230052709579,10.152518272399902,2.730976819992065,1.0338802337646484,0.1990097910165786
2237045300.0,-0.4333298206329345,-0.4931268990039825,10.716337203979492,2.3384897708892822,0.5798166394233704,0.4262848794460296
2237053633.0,-0.4109249711036682,-0.4508740603923797,9.862027168273926,1.805227398872376,-0.4703541398048401,0.3217020034790039
2237061966.0,-0.6830562353134155,-0.2152455449104309,9.050274848937988,3.2051987648010254,-0.4137723445892334,0.1525199562311172
2237070299.0,-1.0414506196975708,-0.3658858239650726,9.626666069030762,3.371307134628296,1.5530037879943848,0.0792632475495338
2237078632.0,-0.8334217667579651,-0.14486625790596,9.616283416748049,3.0326359272003174,2.802159070968628,0.234306201338768
2237086965.0,-0.8162944912910461,-0.2563416063785553,10.131439208984377,2.834406852722168,2.290667772293091,0.279899537563324
2237095298.0,-1.1868927478790283,-0.1253487914800644,10.112555503845217,2.612767219543457,1.222759485244751,0.1649428606033325
2237103631.0,-0.62430739402771,0.2397215962409973,9.921957969665527,3.329658508300781,0.1403276026248932,0.1370489597320556
2237111964.0,-0.5816724896430969,-0.0104620680212974,10.23882007598877,3.5918710231781006,-1.5605729818344116,0.2095372378826141
2237120297.0,-1.0503240823745728,-0.17460498213768,9.749643325805664,2.481698989868164,-1.4156731367111206,-0.0478986240923404
2237128630.0,-1.0760945081710815,0.0302431341260671,9.363025665283203,2.112521409988404,0.8102935552597046,-0.019159447401762
2237136963.0,-0.7934682965278625,0.1476713269948959,9.753527641296388,2.636409044265747,2.1400821208953857,-0.0486158169806003
2237145296.0,-0.1991255581378936,0.0137648563832044,10.421148300170898,3.2314794063568115,1.509382963180542,0.0515230372548103
2237153629.0,-0.676970899105072,-0.2149198353290558,10.318622589111328,2.5055716037750244,-0.394305557012558,-0.2192322313785553
2237161962.0,-0.8037018179893494,0.0417286939918994,9.529448509216309,2.1450769901275635,-0.839967668056488,-0.1775322705507278
2237170295.0,-0.4194664061069488,-0.7498490214347839,9.604211807250977,2.244895696640014,-0.4258878529071808,0.0238340478390455
2237178628.0,-0.4941520988941192,-0.1085319817066192,9.74221134185791,2.471043825149536,-0.455856591463089,-0.16792693734169
2237186961.0,-0.8359662890434265,-0.4886673092842102,9.880237579345703,2.82065224647522,0.270755261182785,-0.2901836335659027
2237195294.0,-1.103102207183838,-0.7603073716163635,9.616077423095703,2.5999860763549805,2.126327514648437,-0.10327660292387
2237203627.0,-0.8020138740539551,-0.3348026573657989,10.1839599609375,3.098515510559082,2.4344921112060547,0.2686036825180053
2237211960.0,-1.0592259168624878,0.2165983319282531,10.236502647399902,3.4885687828063965,1.1013479232788086,-0.0342718437314033
2237220293.0,-0.4461579322814941,0.2126476019620895,10.58695125579834,3.7858731746673584,-0.6072621941566467,-0.4448679685592651
2237228626.0,-0.2419459074735641,-0.3750745058059692,10.704129219055176,2.5422515869140625,-2.196727991104126,-0.0815301239490509
2237236959.0,-0.4531711637973785,-0.2812642753124237,9.64316463470459,1.5673478841781616,-1.9274200201034544,-0.061089951545
2237245292.0,-0.098764456808567,-0.1729628443717956,9.007770538330078,2.4963250160217285,-0.4514252841472626,-0.0656749010086059
2237253625.0,-0.593629002571106,-0.1124568283557891,9.451555252075195,3.496227741241455,1.1839027404785156,-0.3328569829463959
2237261958.0,-0.404061883687973,0.1140710264444351,9.525057792663574,3.655830144882202,3.029844045639038,-0.2778376042842865
2237270291.0,-0.5563637614250183,0.1053877547383308,9.67771053314209,3.464696884155273,3.104893684387207,-0.0523298867046833
2237278624.0,-0.9306068420410156,0.3068703114986419,10.41172981262207,2.591302394866944,2.028327465057373,-0.3520420789718628
2237286957.0,-1.2132518291473389,-0.0882887914776802,9.979988098144531,1.587480545043945,1.3764705657958984,-0.347636342048645
2237295290.0,-0.7118499875068665,-0.8235138058662415,10.127492904663086,1.584253191947937,0.4054093062877655,-0.3862370252609253
2237303623.0,-0.0273677669465541,-0.754389762878418,10.079671859741213,2.373197317123413,-1.1375025510787964,-0.0013831686228513
2237311956.0,-0.751213014125824,-0.7793484330177307,9.804061889648438,3.1473617553710938,-2.016301393508911,-0.2422850579023361
2237320289.0,-0.7018795609474182,-0.5750784277915955,9.383736610412598,3.2756893634796143,-0.0284830294549465,-0.3683071136474609
2237328622.0,-0.4826586842536926,-0.3649961650371551,8.849919319152832,3.6732993125915527,2.339796304702759,0.1004718467593193
2237336955.0,-0.3348392248153686,0.3520587086677551,10.111873626708984,4.122751712799072,2.9857873916625977,-0.0940298587083816
2237345288.0,-0.4868451654911041,0.824630081653595,10.670965194702148,3.1312248706817627,2.041826009750366,-0.3624926209449768
2237353621.0,-0.3860683441162109,0.4302811026573181,10.140287399291992,2.1929500102996826,0.8734326362609863,-0.4142334163188934
2237361954.0,-0.3149448931217193,0.3480130136013031,9.677462577819824,1.6418339014053345,0.4611458778381347,-0.2520184814929962
2237370287.0,-1.3693259954452517,-0.361554741859436,9.719189643859863,1.0887714624404907,1.0562412738800049,-0.2166707813739776
2237378620.0,-1.4857430458068848,-0.383972555398941,9.268197059631348,1.0113651752471924,3.149231672286988,-0.0183141753077507
2237386953.0,-1.1768131256103516,-0.4012858271598816,10.017704010009766,2.228348731994629,3.8197102546691895,0.3046685755252838
2237395286.0,-0.0619753636419773,-0.2108825594186782,10.653359413146973,2.9520533084869385,1.248271346092224,0.0772397220134735
2237403619.0,0.4687118232250213,0.1131907925009727,10.46872901916504,3.037579298019409,-3.1940183639526367,-0.1967685669660568
2237411952.0,-0.5882090926170349,0.1326979547739029,9.150251388549805,2.1309380531311035,-4.891217708587647,-0.8309001922607422
2237420285.0,-0.855372965335846,0.2691830694675445,7.962558269500732,1.2778812646865845,-0.6762925982475281,-0.7267782688140869
2237428618.0,-1.0683293342590332,-0.4045476913452148,8.80459976196289,0.9898237586021424,4.299849033355713,-0.154966115951538
2237436951.0,-1.174710988998413,-0.5803006291389465,10.197957992553713,1.0413082838058472,7.240772247314453,0.0897907018661499
2237445284.0,-0.8346536159515381,-1.0416761636734009,10.878340721130373,2.04546332359314,6.307748794555664,0.121731661260128
2237453617.0,-0.9537531137466432,-0.4179763197898865,10.03494358062744,3.827138185501098,1.944594383239746,-0.2913619577884674
2237461950.0,-1.0346288681030271,0.0592877194285392,10.26393985748291,5.1230645179748535,-1.962255358695984,-0.45319265127182
2237470283.0,-1.1136643886566162,-0.3822765946388244,10.233174324035645,3.4883899688720703,-3.895566463470459,-0.7780324220657349
2237478616.0,-0.2427866160869598,-0.2873620688915252,9.148816108703612,2.40285873413086,-3.53066635131836,-0.7939645051956177
2237486949.0,0.0641159936785698,-0.7315090894699097,9.5217866897583,2.5471949577331543,-1.87603759765625,-0.0215159580111503
2237495282.0,-1.1302846670150757,0.0302237141877412,9.432537078857422,3.2848339080810547,0.960700511932373,-0.4990166127681732
2237503615.0,-1.140191674232483,0.3936579525470733,9.626538276672363,4.401357173919678,4.699097156524658,-0.4923568069934845
2237511948.0,-1.1548564434051514,-0.2673153877258301,10.57736110687256,4.373745918273926,5.818516254425049,-0.1710262447595596
2237520281.0,-0.755620002746582,-0.0267392676323652,11.021114349365234,3.0323028564453125,3.5968408584594727,-0.1353456228971481
2237528614.0,-0.6892865896224976,0.2047916948795318,10.60177993774414,2.559822559356689,-0.4307545721530914,-0.1018421947956085
2237536947.0,-0.794243574142456,0.0741927996277809,10.174556732177734,2.739301919937134,-3.542986869812012,-0.600909948348999
2237545280.0,-0.3399052917957306,-0.2835620641708374,10.178566932678224,2.0914151668548584,-4.010369777679443,-0.3498136103153229
2237553613.0,-0.2222209870815277,-0.7829899787902832,9.504987716674805,1.4745219945907593,-3.0249390602111816,-0.3569343984127044
2237561946.0,-0.4969915449619293,-0.7602315545082092,8.98919677734375,1.870389699935913,0.0700677409768104,0.0307242721319198
2237570279.0,-0.9272856712341307,-0.2666205465793609,9.12987995147705,3.129944324493408,3.696966648101807,0.1556192934513092
2237578612.0,-1.2385404109954834,0.022059716284275,10.205650329589844,4.109509468078613,5.228057384490967,-0.3512992262840271
2237586945.0,-0.3782693743705749,-0.2523198127746582,10.949039459228516,3.491360902786255,3.6190478801727295,-0.3479437530040741
2237595278.0,-0.3721702098846435,-0.193700686097145,10.3731050491333,2.6585655212402344,-0.0765097215771675,-0.4177681803703308
2237603611.0,-0.5386736392974854,0.0935659855604171,9.825310707092283,2.479086399078369,-2.489882707595825,-0.5090829133987427
2237611944.0,-0.9167472124099731,0.0593141242861747,9.427539825439451,2.549833297729492,-2.555609226226806,-0.5019109845161438
2237620277.0,-0.3520892858505249,-0.1824425756931305,9.3358736038208,2.656055450439453,-0.9280293583869934,-0.6539826989173889
2237628610.0,-0.4839131832122803,-0.3177353143692016,9.911182403564451,2.53625750541687,0.9986350536346436,-0.4467635154724121
2237636943.0,-1.0245968103408811,-0.2696898877620697,10.119906425476074,1.985910415649414,2.855308771133423,-0.5262444615364075
2237645276.0,-0.6561377048492432,-0.1347996145486831,9.817354202270508,2.812250852584839,4.278127670288086,-0.4973003566265106
2237653609.0,-0.7779964208602905,-0.9679409861564636,10.50897216796875,3.593869686126709,2.65418553352356,-0.5140008926391602
2237661942.0,-0.7540292143821716,-0.904982089996338,10.586484909057615,3.119467735290528,0.0988837555050849,-0.6929162740707397
2237670275.0,-0.7387654781341553,-0.6406342387199402,9.798100471496582,3.2785065174102783,-1.3984858989715576,-0.7832576632499695
2237678608.0,-0.5124821662902832,0.0436595901846885,9.546258926391602,4.198775291442871,-1.4354474544525146,-0.8339483141899109
2237686941.0,-0.2292508333921432,0.0442410856485366,10.179229736328123,4.23494291305542,-0.6503710746765137,-0.7788521647453308
2237695274.0,-0.5485631227493286,-0.5614127516746521,9.621216773986816,3.007866859436035,0.4501829445362091,-0.7537244558334351
2237703607.0,-0.7387313842773438,0.0720193535089492,9.28392505645752,3.21142315864563,2.49412202835083,-0.5356960892677307
2237711940.0,-1.014118790626526,0.2395450323820114,10.624577522277832,3.3772244453430176,4.26801061630249,-0.2082949727773666
2237720273.0,-1.1435179710388184,0.0859564319252967,10.305571556091309,3.1722843647003174,3.608187913894653,-0.4756307005882263
2237728606.0,-0.6760109066963196,-0.3234399259090423,10.592362403869627,3.2740750312805176,1.884835958480835,-0.1597047448158264
2237736939.0,-0.7192437052726746,-0.3129259943962097,10.245519638061523,2.856410026550293,-0.8210643529891968,-0.1829881072044372
2237745272.0,-0.5604323148727417,-0.3388428092002868,9.774685859680176,2.9249274730682373,-2.5223872661590576,-0.362134039402008
2237753605.0,-0.6056438684463501,-0.2500707507133484,9.300959587097168,3.3240227699279785,-2.056002855300904,-0.1753294169902801
2237761938.0,-0.857496976852417,-0.4731442332267761,9.123590469360352,3.250075101852417,-0.2457685619592666,-0.4642067551612854
2237770271.0,-0.9837784171104432,-0.1362274289131164,8.80392074584961,3.4452295303344727,2.5353097915649414,-0.2438731342554092
2237778604.0,-0.988872528076172,0.2601757943630218,9.641485214233398,3.982744455337525,3.583956480026245,-0.1963843405246734
2237786937.0,-0.7327077388763428,0.1171603724360466,10.52382755279541,3.979927301406861,2.6867668628692627,-0.1693869531154632
2237795270.0,-0.7616015672683716,-0.5872107148170471,10.578794479370115,3.0068933963775635,0.0639715492725372,-0.1610110998153686
2237803603.0,-0.7062119245529175,-0.2492514699697494,9.75726318359375,2.885840654373169,-1.6842639446258545,-0.2533760070800781
2237811936.0,-0.6981720924377441,-0.1274397671222686,9.356973648071287,3.7200193405151367,-2.5484626293182373,-0.2396724075078964
2237820269.0,-0.8043634295463562,0.212726429104805,9.545483589172363,4.249133110046387,-1.459908962249756,-0.4746061563491821
2237828602.0,-0.2086454927921295,0.4439128935337066,10.000896453857422,3.6133105754852295,0.1547227948904037,-0.2899787724018097
2237836935.0,-0.1374311000108719,0.6955294013023376,10.05778980255127,2.925107479095459,0.7863954901695251,-0.438464492559433
2237845268.0,-0.9412294030189514,1.0015851259231567,9.62911891937256,2.581748485565185,1.367531180381775,-0.519303023815155
2237853601.0,-0.9475830793380736,0.3173223435878753,9.444440841674805,2.060447931289673,2.6779046058654785,-0.4758357107639313
2237861934.0,-1.1774309873580933,0.043815691024065,9.20494270324707,1.7095580101013184,2.30275821685791,-0.3817033171653747
2237870267.0,-1.347831130027771,0.2084780484437942,10.09091567993164,1.83655333518982,1.426110863685608,-0.3486353456974029
2237878600.0,-0.7248619794845581,-0.6529257893562317,10.986995697021484,1.4401732683181765,-0.5390515327453613,-0.1779420971870422
2237886933.0,-0.0046321274712681,-0.1554281413555145,10.57876968383789,1.6996452808380127,-3.5435500144958496,-0.3551925718784332
2237895266.0,0.0820294171571731,0.2246196866035461,9.82834815979004,2.5413289070129395,-4.384235382080078,-0.3140049278736114
2237903599.0,-0.451348602771759,0.1669115424156189,8.955330848693848,2.41036343574524,-2.8079092502593994,-0.5891273617744446
2237911932.0,-0.8441345691680908,0.743755042552948,8.030081748962402,2.232370138168335,0.88649582862854,-0.707798182964325
2237920265.0,-0.8656304478645325,0.0744352117180824,8.739006042480469,1.889933466911316,4.585063457489014,-0.1682086884975433
2237928598.0,-0.5747658014297485,-0.4528648853302002,10.410043716430664,0.580713152885437,4.995531558990479,-0.065982274711132
2237936931.0,-0.5048973560333252,0.1545435488224029,10.61043643951416,0.7656990885734558,2.0154175758361816,-0.2730733454227447
2237945264.0,-1.4009380340576172,0.0680478066205978,10.718029022216797,2.029454231262207,-0.9462410807609558,-0.6833877563476562
2237953597.0,-0.8170896768569946,-0.21555195748806,10.513914108276367,2.466099977493286,-1.8117461204528809,-0.5537285804748535
2237961930.0,0.384827584028244,-1.20933997631073,10.607605934143066,1.7959036827087402,-3.103651523590088,-0.265798956155777
2237970263.0,-0.216016873717308,-0.7588471174240112,9.39808464050293,1.4588204622268677,-3.1363096237182617,-0.1546331346035003
2237978596.0,-0.8385507464408875,0.0096432110294699,8.461580276489258,2.5676605701446533,-0.081632561981678,-0.4390791952610016
2237986929.0,-0.6264169216156006,0.449616402387619,8.99560260772705,4.26475715637207,3.3512003421783447,-0.5523453950881958
2237995262.0,-0.243630900979042,0.1846612691879272,10.731891632080078,3.6641550064086914,4.058178424835205,-0.5047029256820679
2238003595.0,-0.5577967166900635,-0.0813966691493988,11.066222190856934,1.4579750299453735,2.613253831863404,-0.4996568262577057
2238011928.0,-1.198264479637146,0.1964879333972931,10.016026496887209,0.6480529308319092,1.8485407829284668,-0.5177404880523682
2238020261.0,-0.6540461182594299,-0.3710330128669739,10.179905891418455,1.88119912147522,0.930936634540558,-0.0869347155094146
2238028594.0,-0.1752257198095321,-0.7470235228538513,10.53891658782959,2.403831720352173,-1.5312443971633911,0.0313902422785759
2238036927.0,-0.3129655420780182,-0.4285472333431244,9.928451538085938,2.435593366622925,-2.633706569671631,-0.0517151392996311
2238045260.0,-0.7408636212348938,0.2069376707077026,9.298510551452637,2.369764804840088,-0.9895035028457642,-0.3464581072330475
2238053593.0,-0.6256781220436096,0.5228391289710999,9.208588600158691,2.5488085746765137,1.5465234518051147,-0.6407144665718079
2238061926.0,0.1299772262573242,-0.4895487129688263,10.11542510986328,1.9400346279144287,3.264725923538208,-0.1118829622864723
2238070259.0,-0.4506739974021911,-0.96079021692276,10.467130661010742,0.6731548309326172,2.7765443325042725,-0.082554668188095
2238078592.0,-0.773831307888031,-0.0863863006234169,9.634770393371582,1.2313402891159058,2.643888235092163,-0.0011782547226175
2238086925.0,-0.8690401315689087,-0.1492035239934921,9.994861602783203,2.994572877883911,2.7542858123779297,0.1358450800180435
2238095258.0,-0.8257043361663818,0.0043175257742404,10.176952362060549,3.18762731552124,1.3804407119750977,-0.1309911906719207
2238103591.0,-0.3492695391178131,0.1029653847217559,9.797566413879396,2.6161997318267822,0.0414310283958911,-0.0864736661314964
2238111924.0,-0.6872523427009583,-0.3960743844509125,9.56377410888672,1.1484525203704834,-0.6313908696174622,0.1366903632879257
2238120257.0,-1.2766250371932983,-0.0340904742479324,9.210186004638672,0.9069872498512268,0.8970745205879211,0.0782899037003517
2238128590.0,-1.3965493440628052,-0.439723789691925,9.464783668518066,1.6870945692062378,3.0182149410247803,0.1349742263555526
2238136923.0,-0.4752959311008453,-0.6877381205558777,10.541800498962402,2.673088788986206,2.682565927505493,0.1065680235624313
2238145256.0,-0.5949663519859314,-0.7629421949386597,10.767135620117188,2.8556416034698486,0.4943419396877289,0.3111745417118072
2238153589.0,-1.0878300666809082,-0.4787358045578003,10.331867218017578,2.6868438720703125,-0.3566782474517822,0.2807192504405975
2238161922.0,-0.7125455737113953,-0.1415347456932068,9.974535942077637,2.810816764831543,-0.4964039027690887,-0.1561956107616424
2238170255.0,-0.2450860291719436,-0.5023511052131653,9.845084190368652,3.073004007339477,-0.3663092255592346,0.0464001856744289
2238178588.0,-0.604398787021637,-1.298393964767456,9.850945472717283,2.520427942276001,0.0508826822042465,0.1891483217477798
2238186921.0,-1.090237379074097,-0.6187089085578918,9.015107154846191,2.785100221633911,1.846671223640442,0.3590475618839264
2238195254.0,-0.7469538450241089,0.0040573002770543,9.387174606323242,4.613315582275391,3.064755916595459,0.3627103567123413
2238203587.0,-0.8960555195808411,0.2217260152101516,10.606246948242188,5.1455793380737305,2.024254322052002,0.1680934131145477
2238211920.0,-0.8603412508964539,-0.0749828368425369,10.365942001342772,3.6663315296173096,0.4678824245929718,-0.0809409767389297
2238220253.0,-0.4807158410549164,-0.2858674228191376,9.78537368774414,2.7125346660614014,-0.2121627330780029,0.1342826336622238
2238228586.0,-0.8634932041168213,-0.072175309062004,9.944171905517578,2.7678613662719727,-1.0418332815170288,-0.0036628353409469
2238236919.0,-0.8445339798927307,-0.1983788907527923,10.08374309539795,3.0764360427856445,-0.4810865819454193,0.0102841164916753
2238245252.0,-0.0794395953416824,-0.3810015916824341,10.14172077178955,3.614078998565674,0.4055118262767792,0.1310296356678009
2238253585.0,-0.3467661142349243,-0.3757518529891968,9.733704566955566,3.653755187988281,0.2216271609067917,0.0100792003795504
2238261918.0,-1.0661611557006836,0.0385485179722309,9.47706127166748,3.745300531387329,1.542834997177124,-0.0480523034930229
2238270251.0,-1.1720941066741943,-0.0924048423767089,9.775604248046877,3.3186190128326416,3.154252529144287,-0.0233089551329612
2238278584.0,-0.63924241065979,-0.5128800868988037,10.305340766906738,3.2117044925689697,2.5089268684387207,0.1865100264549255
2238286917.0,-0.5990697145462036,-0.5905691981315613,10.563539505004885,3.2016642093658447,0.5653446316719055,0.1724222302436828
2238295250.0,-0.815200924873352,-0.4342945516109466,9.837231636047363,3.824217796325684,-1.069087028503418,0.081747829914093
2238303583.0,-0.8998383283615112,0.2783318161964416,9.063764572143556,4.766412258148193,-1.0588926076889038,0.1086171567440033
2238311916.0,-0.7074958682060242,0.4855735003948211,10.17949104309082,4.495208740234375,-0.0752546191215515,0.218271717429161
2238320249.0,-0.2304004877805709,0.2214038074016571,10.226518630981444,2.9127614498138428,-0.1831674128770828,-0.0733335614204406
2238328582.0,-0.5101422667503357,-0.037223994731903,9.324956893920898,2.437566041946411,0.3073067963123321,0.0793913230299949
2238336915.0,-0.5487881302833557,-0.0650979280471801,9.48669147491455,2.743732690811157,1.5229583978652954,0.3730072975158691
2238345248.0,-0.5731795430183411,0.57774817943573,9.617348670959473,3.7339274883270255,1.5808461904525757,0.1182224750518798
2238353581.0,-0.4978807866573334,0.6873242855072021,10.43481159210205,3.390082597732544,0.962211549282074,-0.0593994222581386
2238361914.0,-0.6888296604156494,0.2923425734043121,10.122867584228516,2.362618923187256,0.4732358455657959,-0.1640335768461227
2238370247.0,-0.3700308799743652,-0.4284552931785583,9.616110801696776,1.4860482215881348,0.2946789562702179,0.052521988749504
2238378580.0,-0.6645573377609253,-0.283097356557846,9.488423347473145,1.625517964363098,0.6307889819145203,0.2243422865867614
2238386913.0,-0.8424174189567566,-0.3838997781276703,9.761151313781738,2.752467155456543,0.9597013592720032,0.1570024490356445
2238395246.0,-0.4620012640953064,-0.3031835258007049,9.999541282653809,3.1782782077789307,1.5618150234222412,0.1253688633441925
2238403579.0,-0.3161494135856628,-0.0873127281665802,9.77904987335205,3.445101499557495,0.7564523816108704,-0.0086576109752058
2238411912.0,-0.0207601636648178,-0.1765599995851516,9.86349391937256,3.1038689613342285,0.3653742372989654,0.0446840301156044
2238420245.0,-0.8883193731307983,-0.3424577116966247,9.351383209228516,2.4688663482666016,0.6739489436149597,-0.0144976582378149
2238428578.0,-1.205996870994568,0.2669733166694641,9.065688133239746,3.078357219696045,2.576907157897949,-0.2593697309494018
2238436911.0,-1.701712965965271,0.4123225808143616,9.901300430297852,3.834207773208618,4.597896575927734,0.0929924845695495
2238445244.0,-0.9260463118553162,0.4206893444061279,10.798993110656738,3.213702917098999,3.530243396759033,-0.214954674243927
2238453577.0,-0.5423431992530823,0.8439337611198425,10.776371955871582,2.7084877490997314,0.6168292760848999,-0.1277381926774978
2238461910.0,-0.7414830923080444,0.1991638988256454,11.026065826416016,1.2865647077560425,-2.201927661895752,-0.1102948933839798
2238470243.0,-0.3278096318244934,0.0656027868390083,9.637596130371094,0.4035906791687011,-3.0584163665771484,-0.0627036467194557
2238478576.0,-0.7656740546226501,-0.3530833125114441,8.980583190917969,1.4525190591812134,-1.9311593770980835,-0.0723089799284935
2238486909.0,-0.3265696465969085,-0.1485740691423416,9.38554573059082,1.9601163864135744,0.7211815118789673,0.0092339320108294
2238495242.0,-0.4553982019424438,-0.3732868134975433,9.333921432495115,2.2315762042999268,2.604673147201538,-0.0185190923511981
2238503575.0,-0.9006238579750061,0.1087052300572395,9.920337677001951,2.536129713058472,3.743072271347046,-0.0539179667830467
2238511908.0,-1.264121651649475,0.0229040309786796,10.587164878845217,1.80791699886322,4.119524955749512,0.1912230849266052
2238520241.0,-1.6622648239135742,0.0305572841316461,9.87048625946045,1.3466813564300537,2.682976007461548,-0.1266880184412002
2238528574.0,-1.086880803108215,-0.1889113783836364,10.169179916381836,2.148022413253784,0.943589985370636,-0.0037396783009171
2238536907.0,-0.5759072303771973,-0.7752814888954163,10.701932907104492,1.8954663276672363,-2.1241886615753174,0.2854066491127014
2238545240.0,-0.5431287884712219,-0.5072950124740601,9.975041389465332,1.894774794578552,-4.449781894683838,-0.0578113347291946
2238553573.0,-0.5039641261100769,0.1722086071968078,9.075242042541504,2.9036428928375244,-3.5202157497406006,0.1488827615976333
2238561906.0,-0.7604562640190125,0.0634243786334991,9.079851150512695,3.3460772037506104,-0.7549284100532532,0.0179683864116668
2238570239.0,-1.044106364250183,0.4571843147277832,9.36080551147461,2.756924152374268,2.73425555229187,0.1299538165330886
2238578572.0,-0.7191927433013916,-0.0238553583621978,10.347345352172852,1.5674504041671753,4.49090576171875,0.3394270539283752
2238586905.0,-1.0620664358139038,-0.1035388484597206,9.86109733581543,1.6247493028640747,2.5392544269561768,-0.0172127652913332
2238595238.0,-1.0545984506607056,0.1967552006244659,10.458385467529297,2.6342320442199707,0.6374486684799194,0.3437302112579345
2238603571.0,-1.0842238664627075,-0.2451584041118621,10.824057579040527,2.2616474628448486,-1.7302672863006592,0.5549452304840088
2238611904.0,-0.913198947906494,-0.436609148979187,9.785493850708008,1.7633734941482544,-3.681457042694092,0.1325920820236206
2238620237.0,-0.2506971955299377,-0.247211217880249,9.608943939208984,1.955582618713379,-3.616422653198242,0.3229826688766479
2238628570.0,-0.0981736332178115,-0.7880941033363342,9.50473690032959,1.9707462787628167,-3.2376139163970947,0.1685288548469543
2238636903.0,-0.1867427676916122,-0.3651250302791595,9.119308471679688,2.442483901977539,-1.5778627395629885,0.0748319998383522
2238645236.0,-0.9388592839241028,0.2195965498685836,9.645304679870604,3.304504632949829,1.5755441188812256,0.3851996064186096
2238653569.0,-1.0417766571044922,0.1571498066186905,10.06806468963623,2.9893224239349365,3.6597237586975098,0.0341565832495689
2238661902.0,-0.4042713642120361,0.1612824946641922,10.435073852539062,2.7716269493103027,3.402249336242676,0.3014411330223083
2238670235.0,-0.1468959301710128,-0.0819717124104499,11.375856399536133,2.148099422454834,0.3593549132347107,0.3060773313045501
2238678568.0,-0.6768192648887634,-0.0990120247006416,10.585875511169434,1.4500091075897217,-2.772254228591919,-0.0044824914075434
2238686901.0,-0.3463080525398254,-0.2873136103153229,9.66446590423584,1.9862689971923828,-3.005139112472534,-0.0682875588536262
2238695234.0,-0.1816007792949676,-0.0706316381692886,9.173891067504885,2.735229015350342,-1.8866420984268188,0.102930799126625
2238703567.0,-0.4392721354961395,-0.7441504001617432,9.508769989013672,2.6175057888031006,-0.0337083302438259,0.3075885474681854
2238711900.0,-0.5265086889266968,-0.5053220987319946,9.272896766662598,1.936192750930786,2.5307250022888184,0.2902733087539673
2238720233.0,-0.0013276955578476,-0.6663901209831238,9.612832069396973,2.516329526901245,3.0153462886810303,0.2303103804588318
2238728566.0,-0.8305913209915161,-0.1147550791501998,10.030932426452637,3.355554342269897,2.3800106048583984,-0.0161881949752569
2238736899.0,-0.9506937265396118,-0.417841225862503,10.594568252563477,2.8132498264312744,1.669727802276611,-0.0210805144160985
2238745232.0,-0.9804518222808838,-0.0246163848787546,9.331119537353516,2.627495527267456,1.082521677017212,-0.0534056834876537
2238753565.0,-0.5369348526000977,0.1351656019687652,10.315534591674805,2.8170411586761475,0.4167308211326599,0.2403255701065063
2238761898.0,-0.7855023741722107,-0.105961188673973,10.702144622802734,1.9956690073013303,-0.3494294285774231,0.4431646764278412
2238770231.0,-0.527003824710846,-0.1981948316097259,9.494112014770508,1.8166768550872805,-0.774600088596344,0.1925550252199173
2238778564.0,-0.3074636161327362,-0.554128110408783,9.596288681030272,2.654416084289551,-0.210190400481224,0.5632186532020569
2238786897.0,-0.3239907026290893,-0.7178332805633545,9.655402183532717,2.8175785541534424,0.0258063394576311,0.3148629665374756
2238795230.0,-0.528219997882843,-0.2065984457731247,9.432644844055176,3.080099105834961,1.068946123123169,0.2704991102218628
2238803563.0,-0.6902759075164795,-0.595267117023468,10.541379928588867,2.8833045959472656,2.323223829269409,0.3253391683101654
2238811896.0,-0.772251307964325,-0.5676417946815491,9.59640884399414,2.794525623321533,2.691555976867676,0.2722408473491668
2238820229.0,-1.0421466827392578,-0.5336288213729858,10.320157051086426,3.52542781829834,2.874365329742432,0.5684439539909363
2238828562.0,-1.056686520576477,-0.51755690574646,10.7042875289917,3.5838797092437744,2.0442848205566406,0.6787900924682617
2238836895.0,-0.6685550808906555,0.1453688740730285,9.592252731323242,4.150159358978272,0.3880172073841095,0.3659889698028564
2238845228.0,-0.2844373285770416,0.343875527381897,10.629436492919922,4.542210102081299,-1.4129579067230225,0.42413330078125
2238853561.0,-0.8978183269500732,0.1848650872707367,9.925951957702637,2.785355806350708,-2.169320583343506,-0.0227710530161857
2238861894.0,-0.7049126029014587,-0.3547000586986542,8.48670482635498,2.501729726791382,0.320831149816513,0.1944760978221893
2238870227.0,-0.8417477011680603,-0.5295465588569641,8.902249336242676,3.15883731842041,2.938375473022461,0.8741242289543152
2238878560.0,-1.2375274896621704,-0.7069975733757019,9.79410457611084,3.5468928813934326,3.352531909942627,0.7200289964675903
2238886893.0,-1.384868621826172,-0.199495330452919,9.472387313842772,4.5351152420043945,2.592532157897949,0.1351278871297836
2238895226.0,-0.4814660847187042,-0.2670009434223175,10.72287368774414,4.800095081329346,0.6482579112052917,0.1057483777403831
2238903559.0,-0.4716241657733917,-0.2390894889831543,10.075825691223145,3.7800850868225098,-2.7553744316101074,0.1923244893550872
2238911892.0,-1.0318357944488523,0.5489514470100403,9.384723663330078,3.5285019874572754,-3.083672285079956,-0.0580930858850479
2238920225.0,-0.7897323369979858,0.3802490532398224,9.323128700256348,3.296872138977051,-1.5865455865859983,0.0853850468993187
2238928558.0,-0.7269867062568665,-0.3336810767650604,9.595573425292969,3.175588846206665,0.7089636325836182,0.3427568972110748
2238936891.0,-0.4526003003120422,-0.3554208278656006,9.88294792175293,3.022082567214966,1.826512336730957,0.714777946472168
2238945224.0,-0.5243679285049438,-0.003407517215237,9.551595687866213,4.178847312927246,0.9643375873565674,0.4876566231250763
2238953557.0,-0.767886221408844,0.2314837425947189,9.64341163635254,4.997426986694336,-0.0369869545102119,0.35822793841362
2238961890.0,-0.7327737808227539,0.237236201763153,10.589370727539062,4.002544403076172,-0.5328272581100464,0.2989821434020996
2238970223.0,-0.9437839388847352,-0.0380928367376327,10.322490692138672,2.207524538040161,-1.0181914567947388,0.0936584547162056
2238978556.0,-0.6033147573471069,0.6139369606971741,9.654770851135254,2.422735452651977,-0.2233305275440216,0.183513194322586
2238986889.0,-0.2869497239589691,-0.222776174545288,10.827381134033203,2.874339818954468,-0.119157426059246,0.4373759031295776
2238995222.0,-0.5386891961097717,0.2373476028442382,9.942418098449709,2.641762971878052,-0.343282014131546,0.2503151595592499
2239003555.0,-0.470743179321289,0.2677142918109894,9.634796142578123,3.1310713291168213,0.1687850058078766,0.254874438047409
2239011888.0,-0.443112701177597,0.2028208374977111,9.895025253295898,3.04193377494812,0.6164705753326416,0.3014411330223083
2239020221.0,-0.3548583984375,-0.3234896957874298,9.930787086486816,2.035268545150757,0.432073712348938,0.5983613133430481
2239028554.0,-0.6491129994392395,0.0006775370566174,8.96601676940918,2.13193678855896,0.2761599123477936,0.673820972442627
2239036887.0,-0.6289586424827576,-0.1338894218206405,9.745651245117188,2.9598658084869385,0.5701344013214111,0.7402642369270325
2239045220.0,-0.9296442866325378,-0.321553111076355,10.494280815124512,2.3170254230499268,0.7578355669975281,0.7936187386512756
2239053553.0,-0.6771484017372131,0.0692769363522529,10.26655387878418,2.358853340148926,1.0516563653945925,0.6153180003166199
2239061886.0,-0.3626933693885803,0.6727835536003113,9.959307670593262,3.4900033473968506,0.2122267335653305,0.3841238617897033
2239070219.0,-0.5028706192970276,0.6817633509635925,10.841532707214355,3.6205592155456543,-0.4246327579021454,0.1271874904632568
2239078552.0,-0.406460165977478,-0.0796613022685051,10.61755657196045,1.652848243713379,-0.0563769340515136,0.4486461579799652
2239086885.0,0.0862132161855697,0.2790109515190124,9.550625801086426,1.3780585527420044,0.5503345727920532,0.4993622899055481
2239095218.0,-0.1029438823461532,0.2414376735687255,9.64979076385498,2.641071081161499,0.6283300518989563,0.4543068408966064
2239103551.0,-0.4182142913341522,-0.1775454878807068,9.698362350463867,3.014910697937012,1.298808217048645,0.3243914544582367
2239111884.0,-0.4321689009666443,0.2482787519693374,9.133990287780762,2.853259325027466,2.58589768409729,0.6196978688240051
2239120217.0,-1.2125166654586792,0.6268342137336731,9.79521942138672,2.894293546676636,3.751192092895508,0.5642944574356079
2239128550.0,-1.358224630355835,0.5192301869392395,10.701509475708008,1.9467461109161377,3.993912696838379,0.1322847157716751
2239136883.0,-0.833077073097229,-0.5713809132575989,10.947713851928713,0.9136212468147278,2.746089220046997,0.2674510478973388
2239145216.0,-0.3846945762634277,-0.6954495906829834,10.564499855041504,1.0033224821090698,0.0886636823415756,0.5305092930793762
2239153549.0,-0.3633585274219513,-0.1519136726856231,10.07338523864746,2.5931215286254883,-2.0880980491638184,0.3941646814346313
2239161882.0,-0.4551643133163452,0.2829893827438354,9.875941276550291,3.783363580703736,-2.242936134338379,0.1655576080083847
2239170215.0,-0.0675391852855682,-0.4927026331424713,9.579543113708496,3.024618625640869,-0.3217404186725616,0.3315634429454803
2239178548.0,-0.3611768782138824,-0.3917708396911621,8.649998664855957,1.749567627906799,2.225966691970825,0.5458778142929077
2239186881.0,-1.161421775817871,0.4846967160701751,9.411857604980469,1.94858980178833,5.217709064483643,0.6644971966743469
2239195214.0,-1.1955140829086304,0.4919113218784332,10.08168888092041,2.5086708068847656,6.341507911682129,0.4464688897132873
2239203547.0,-0.8376598954200745,0.0533641800284385,10.722494125366213,2.8705997467041016,4.290192127227783,0.643416702747345
2239211880.0,-0.7311059236526489,0.4256907105445862,11.109323501586914,2.229168653488159,0.7278156876564026,0.7262020111083984
2239220213.0,-1.2471342086791992,0.367561012506485,10.308788299560549,1.0340851545333862,-1.6971737146377563,0.5586593151092529
2239228546.0,-0.5634050369262695,0.2484933286905288,9.306523323059082,0.6777142286300659,-2.202798843383789,0.3750564455986023
2239236879.0,-0.0623008087277412,-0.3047687113285064,9.563261032104492,1.0202021598815918,-1.6888744831085205,0.703891932964325
2239245212.0,-0.6347358226776123,-0.6798421740531921,9.54700756072998,0.5091726183891296,-0.3306285440921783,0.4843779802322387
2239253545.0,-0.7656064033508301,-0.1166388168931007,8.82839584350586,1.0675116777420044,2.509926080703736,0.6415725946426392
2239261878.0,-0.8914843797683716,-0.2454586625099182,9.013761520385742,2.589739799499512,4.87340259552002,1.0074461698532104
2239270211.0,-0.9259674549102784,-0.357768565416336,10.203770637512209,2.656285762786865,4.778655052185059,0.7880090475082397
2239278544.0,-0.943587362766266,-0.2706649601459503,10.398388862609863,1.8883453607559204,2.047973394393921,0.5806875228881836
2239286877.0,-1.1599693298339844,-0.3149396777153015,10.049344062805176,1.3666603565216064,-0.4258366823196411,0.3166559934616089
2239295210.0,-0.5808780789375305,-0.4061053097248077,9.665895462036133,1.6841745376586914,-1.6327282190322876,0.8149809837341309
2239303543.0,-0.1501868516206741,-0.5543428063392639,9.45721435546875,2.456341028213501,-2.740723133087158,0.7097576260566711
2239311876.0,-0.5147045850753784,-0.6993526816368103,9.792357444763184,2.604698896408081,-2.391780376434326,0.6356556415557861
2239320209.0,-1.1580734252929688,-0.7820703983306885,8.911992073059082,2.171459436416626,1.0821117162704468,0.6713874936103821
2239328542.0,-0.639535129070282,-0.2372432053089141,8.95681381225586,3.687643051147461,4.27543830871582,0.5972343683242798
2239336875.0,-0.3151450157165527,-0.2547995746135711,10.514005661010742,4.587522506713867,4.075442790985107,0.6002056002616882
2239345208.0,-0.8465462923049927,-0.1426928043365478,10.68426513671875,3.674349069595337,1.657996654510498,0.5281783938407898
2239353541.0,-0.7472674250602722,-0.804184079170227,9.950291633605955,3.039448976516724,0.1311576813459396,0.6094522476196289
2239361874.0,-0.6136423349380493,-0.874606192111969,9.122103691101074,2.5970144271850586,-0.952465295791626,0.8690524101257324
2239370207.0,-0.3134479224681854,-0.1979443728923797,9.665952682495115,3.630779266357422,-1.6406173706054688,0.6044062972068787
2239378540.0,-0.3137837946414947,-0.6203829646110535,10.098146438598633,3.81115460395813,-1.1903446912765503,0.6749478578567505
2239386873.0,-0.416660338640213,-0.5453732013702393,9.502492904663086,3.24899959564209,0.6906238198280334,0.7172626852989197
2239395206.0,-0.7526819109916687,0.6470649838447571,9.110302925109863,4.127131938934326,2.71870756149292,0.9808074831962584
2239403539.0,-0.9225775003433228,0.2265478074550628,10.52787971496582,3.874473571777344,4.412935733795166,0.6788669228553772
2239411872.0,-0.9261395931243896,-0.0600896701216697,10.445395469665527,2.4975802898406982,3.8641765117645264,0.6623457074165344
2239420205.0,-0.9382612705230712,-0.3584595620632171,10.342039108276367,2.201761245727539,2.7665038108825684,1.107418656349182
2239428538.0,-0.7638185620307922,-0.3415759801864624,10.145249366760254,2.5335938930511475,-0.0698244124650955,1.0430245399475098
2239436871.0,-0.6869120597839355,-0.296136200428009,9.845480918884276,3.6583406925201416,-2.2571520805358887,0.5718249678611755
2239445204.0,-0.1534512788057327,-0.7213751077651978,9.588109016418455,3.686464786529541,-2.212070941925049,0.6871915459632874
2239453537.0,-0.6873260736465454,-1.3841044902801514,9.127079963684082,2.976130962371826,-0.462567538022995,0.8026860952377319
2239461870.0,-1.2680195569992063,0.4584206342697143,8.519698143005371,3.406168460845948,3.025054216384888,0.5958256125450134
2239470203.0,-1.3160429000854492,0.3992360532283783,9.725797653198242,5.274009704589844,5.663601875305176,0.8234848976135254
2239478536.0,-1.1572792530059814,0.2248387783765792,11.041899681091309,4.92327356338501,4.791206359863281,0.3331771492958069
2239486869.0,-0.4332567751407623,0.0965619310736656,11.356976509094238,3.381296396255493,1.888883233070373,1.007138729095459
2239495202.0,-0.2510161995887756,-0.2464044988155365,10.761653900146484,2.770371675491333,-1.8902281522750848,0.8477928042411804
2239503535.0,-0.1723354011774063,-0.0677599608898162,9.254196166992188,3.515796899795532,-4.577289581298828,0.4031296372413635
2239511868.0,-0.8820194602012634,-0.1305490434169769,8.814268112182617,4.514009475708008,-2.7614192962646484,0.545775294303894
2239520201.0,-1.1318765878677368,-0.0349273271858692,8.891719818115234,4.078388214111328,1.669548749923706,0.6717973351478577
2239528534.0,-0.6182774901390076,0.9254892468452454,9.364982604980469,4.054490089416504,5.289096355438232,0.5742583274841309
2239536867.0,-0.91738760471344,0.4817703068256378,11.106969833374023,3.5624146461486816,5.86723518371582,0.8321680426597595
2239545200.0,-1.437421202659607,0.0778032541275024,10.96875,1.6497232913970947,4.3714919090271,0.891208827495575
2239553533.0,-1.500820875167847,0.1125915870070457,10.11323070526123,2.2861599922180176,2.1478946208953857,0.7152646780014038
2239561866.0,-0.5269826054573059,-0.1701141893863678,10.735554695129396,3.188524007797241,-1.0304863452911377,0.924123227596283
2239570199.0,-0.8204532861709595,-0.450547844171524,10.274660110473633,2.8135316371917725,-3.512941360473633,0.6447488069534302
2239578532.0,-0.5423128604888916,-0.3526954650878906,8.835677146911621,2.6479358673095703,-3.2278292179107666,0.6582218408584595
2239586865.0,-0.8459091186523438,-0.8123528957366943,8.825589179992676,3.060683250427246,0.0902261361479759,1.025504231452942
2239595198.0,-0.8369986414909363,-0.7113292813301086,9.520906448364258,3.273409605026245,2.672269344329834,0.8989700675010681
2239603531.0,-1.1547541618347168,-0.2327736169099807,9.75176239013672,4.408350467681885,4.717360973358154,0.980576992034912
2239611864.0,-0.957981526851654,0.5392951965332031,10.403010368347168,5.460198879241943,3.939302682876587,0.8072453737258911
2239620197.0,-1.410823941230774,0.8445414304733276,10.629731178283691,5.108413219451904,2.073101043701172,0.598463773727417
2239628530.0,-1.1374292373657229,0.8659955263137817,10.66347599029541,3.2941572666168213,0.3051808476448059,0.5949802994728088
2239636863.0,-0.27642822265625,0.2994101047515869,10.251307487487791,1.7749511003494265,-1.6827270984649658,0.8921566605567932
2239645196.0,-0.4096865952014923,0.2942768037319183,9.553892135620115,1.6943942308425903,-3.145069122314453,0.8676180243492126
2239653529.0,-1.1420588493347168,0.4252966046333313,9.305509567260742,2.4880518913269043,-1.7026808261871338,0.8598315119743347
2239661862.0,-0.99873548746109,0.1060052514076232,9.041899681091309,2.845908164978028,1.368402123451233,0.6432119011878967
2239670195.0,-1.0007240772247314,0.1466318070888519,9.621665000915527,3.0816869735717773,3.871501922607422,0.797050952911377
2239678528.0,-0.9316097497940063,0.1683363765478134,10.40286636352539,2.1852400302886963,4.032257080078125,0.906859278678894
2239686861.0,-1.1910300254821775,0.0215614456683397,10.22309112548828,1.910476326942444,2.7806429862976074,0.9146972298622132
2239695194.0,-0.8131709098815918,-0.1765114963054657,10.376556396484377,2.13413953781128,0.1680678129196167,0.7265605926513672
2239703527.0,-0.715570330619812,0.1257190555334091,9.893342971801758,2.442227602005005,-2.177082061767578,0.3799487650394439
2239711860.0,0.0303713753819465,-0.0495099388062953,9.60280418395996,2.9003381729125977,-3.448880195617676,0.4361464381217956
2239720193.0,-0.8067335486412048,0.5608483552932739,9.016195297241213,2.9249026775360107,-2.0263166427612305,0.4524626731872558
2239728526.0,-1.3936268091201782,0.9441030025482178,9.520127296447754,2.0541465282440186,2.1435914039611816,0.3825101852416992
2239736859.0,-1.158392310142517,0.5372352600097656,9.427227973937988,1.2419190406799316,5.401721954345703,0.5691611170768738
2239745192.0,-0.9541043043136596,0.5418210029602051,10.218363761901855,1.4566177129745483,5.237868309020996,0.6118344664573669
2239753525.0,-0.9524291157722472,-0.2388679236173629,11.478954315185549,1.1041144132614136,2.291206121444702,0.9163107872009276
2239761858.0,-1.2226067781448364,-0.5056917071342468,9.925185203552246,0.4448040425777435,-1.2850661277770996,0.3684223592281341
2239770191.0,-0.5198571085929871,-0.0985548421740531,9.249351501464844,1.920337796211243,-2.781450033187866,0.4245175421237945
2239778524.0,-0.7176201939582825,-0.553776741027832,10.05930233001709,1.7809194326400757,-2.943331956863404,0.5894220471382141
2239786857.0,-1.245824933052063,-0.3599596619606018,9.310290336608888,0.7067351937294006,-0.745579183101654,0.0466307140886783
2239795190.0,-0.5847225785255432,0.2154793888330459,8.590668678283691,1.7910882234573364,2.5598738193511963,0.448261946439743
2239803523.0,-0.8796632289886475,-0.1770404875278473,9.927770614624023,2.9098925590515137,3.946039915084839,0.6617565751075745
2239811856.0,-1.1987780332565308,-0.2143195420503616,10.41635036468506,1.958067774772644,2.9734158515930176,0.4960837960243225
2239820189.0,-1.1082843542099,-0.6640176773071289,9.915287017822266,1.7222884893417358,1.919390082359314,0.7475898861885071
2239828522.0,-1.160847306251526,-0.6548885703086853,9.516047477722168,2.354729413986206,-0.112651415169239,0.5068673491477966
2239836855.0,-0.7449491024017334,-0.2112018316984176,10.15841293334961,3.218902587890625,-1.2997944355010986,0.6008715629577637
2239845188.0,-0.7013838887214661,-0.0581902265548706,10.342913627624512,3.381706476211548,-2.180591106414795,0.2518775761127472
2239853521.0,-0.9140446186065674,-0.0900612995028495,9.749342918395996,2.7872259616851807,-1.0489286184310913,0.3050271570682525
2239861854.0,-1.1537518501281738,0.1266629248857498,9.211227416992188,2.6932218074798584,1.6482120752334597,0.6388574838638306
2239870187.0,-1.1833758354187012,-0.1524108201265335,9.874323844909668,2.5638697147369385,3.361035823822021,0.6228998303413391
2239878520.0,-0.6342543959617615,-0.3023783266544342,9.962068557739258,2.196869134902954,2.540074348449707,0.464552640914917
2239886853.0,-0.7133032083511353,-0.2131293267011642,9.994547843933104,2.8600215911865234,0.4086111187934875,0.446597009897232
2239895186.0,-1.2114684581756592,-0.5047321319580078,10.530424118041992,2.6293399333953857,-1.006255269050598,0.4389383792877197
2239903519.0,-1.0703094005584717,-0.1303993314504623,9.5802640914917,2.299940824508667,-0.7051087021827698,0.7625742554664612
2239911852.0,-0.3781689405441284,-0.1307705193758011,9.679499626159668,3.0086865425109863,-0.3179751336574554,0.7323238253593445
2239920185.0,-0.8670240640640259,-0.0784666612744331,9.815857887268066,2.8793599605560303,-0.4837504625320434,0.4205473065376282
2239928518.0,-1.039620876312256,-0.1292275935411453,9.655403137207031,1.988189697265625,0.6803013682365417,0.2133537828922271
2239936851.0,-0.7990332245826721,-0.3322210013866424,8.874175071716309,2.5090808868408203,1.7925740480422974,0.2441677153110504
2239945184.0,-0.3494235873222351,-1.263460636138916,9.817935943603516,2.772523164749145,1.4696552753448486,0.7759448289871216
2239953517.0,-1.491441011428833,-1.1998111009597778,9.667741775512695,2.1765570640563965,1.2146655321121216,1.078756332397461
2239961850.0,-1.5879989862442017,-0.6353456377983093,9.633792877197266,2.680824518203736,1.5242135524749756,0.8957939147949219
2239970183.0,-0.680064857006073,-0.0794140174984932,10.260997772216797,4.286170959472656,0.6463881134986877,0.5364773869514465
2239978516.0,-0.199567049741745,0.1648468226194381,10.90487575531006,4.642720699310303,-2.074625015258789,0.5625782012939453
2239986849.0,-0.7113287448883057,-0.2110015004873275,10.473400115966797,3.182197570800781,-2.783499002456665,0.675946831703186
2239995182.0,-1.3713480234146118,0.1300629675388336,9.319099426269531,2.135138511657715,-0.1663132309913635,0.7587320804595947
2240003515.0,-1.130379319190979,0.1546120196580886,9.151671409606934,2.924748659133911,2.9846091270446777,0.9558080434799194
2240011848.0,-0.020578721538186,-0.2487274557352066,10.32022190093994,3.867711305618286,2.777620792388916,0.897561252117157
2240020181.0,-0.9930115342140198,-0.7295273542404175,10.51817226409912,3.619227170944214,0.5572504997253418,0.6922118663787842
2240028514.0,-1.1690030097961426,-0.7355237007141113,9.862831115722656,2.953436374664306,0.7778146266937256,0.8043509125709534
2240036847.0,-0.9382670521736144,-0.6032058000564575,9.075600624084473,3.823500633239746,0.8501493334770203,0.873944878578186
2240045180.0,-0.2127049267292022,0.5177552103996277,10.255855560302734,5.020197868347168,-0.2087304145097732,0.9695372581481934
2240053513.0,-1.1113369464874268,0.1372656822204589,10.75255298614502,4.196700572967529,-0.4938680827617645,1.1379764080047607
2240061846.0,-1.3072876930236816,-0.0472467765212059,9.31743621826172,2.755335807800293,0.4521552622318268,0.6090168356895447
2240070179.0,-0.4634329974651336,0.4405758380889892,9.087408065795898,3.6177420616149902,2.1933600902557373,0.8744059801101685
2240078512.0,-0.7259509563446045,0.5021679401397705,10.483173370361328,4.102619171142578,1.415429949760437,0.9753516912460328
2240086845.0,-0.828649640083313,0.2511276304721832,10.2716703414917,3.2372419834136963,0.1555168181657791,0.6675965785980225
2240095178.0,-1.035967469215393,-0.0702277794480323,9.134771347045898,2.8057961463928223,0.5993602871894836,0.8389046788215637
2240103511.0,-0.6392588019371033,-0.319375067949295,9.725817680358888,3.050079107284546,0.5769990086555481,0.954860270023346
2240111844.0,-1.081229567527771,-0.2607187032699585,10.013924598693848,2.941577196121216,0.6235401034355164,1.0368770360946655
2240120177.0,-1.4149653911590576,0.3730146884918213,9.840374946594238,3.751832008361816,1.0846219062805176,0.7765339016914368
2240128510.0,-0.7406802773475647,0.7104511260986328,9.83033847808838,4.656655311584473,0.8895183801651001,0.421059638261795
2240136843.0,-0.4487438499927521,0.8156464695930481,10.53883457183838,3.920501708984375,0.1650453209877014,0.4208034574985504
2240145176.0,-0.4442841708660126,0.1935842782258987,10.794666290283203,1.6795381307601929,-0.9683204293251038,0.599539577960968
2240153509.0,-0.7765985727310181,-0.1352887898683548,9.284404754638672,1.0312418937683103,-0.7352310419082642,0.3665525317192077
2240161842.0,-0.7088873982429504,-0.2514137625694275,9.231435775756836,2.779592990875244,0.9136981964111328,0.6493849158287048
2240170175.0,-0.8767876029014587,-0.2139001935720443,9.879029273986816,3.842967987060547,1.7801510095596311,0.7529944777488708
2240178508.0,-0.8686617612838745,0.1383120566606521,9.91035270690918,3.728548765182495,1.6309223175048828,0.3708812892436981
2240186841.0,-0.5145078301429749,-0.0460380651056766,10.350772857666016,3.026207208633423,1.3830535411834717,0.615702211856842
2240195174.0,-0.2420645356178283,-0.1654717326164245,10.562912940979004,2.028275966644287,0.1471921950578689,0.893642246723175
2240203507.0,-0.9004849791526794,0.3894301056861877,9.781533241271973,2.399580240249634,-0.4982737302780151,0.7383175492286682
2240211840.0,-0.758217990398407,0.3320679664611816,10.047645568847656,2.832691192626953,0.0256782732903957,0.641342043876648
2240220173.0,-0.7216213941574097,0.0825496762990951,9.2172269821167,2.730823516845703,0.8627002835273743,0.449670672416687
2240228506.0,-0.2510944902896881,0.5481566786766052,9.37006378173828,2.8617374897003174,1.4476780891418457,0.6157789826393127
2240236839.0,-0.435240626335144,0.2431226521730423,10.363917350769045,2.3074965476989746,0.949916660785675,0.7952579259872437
2240245172.0,-1.616814374923706,0.0573300346732139,9.819816589355469,0.8905940651893616,1.300370693206787,0.4593785107135772
2240253505.0,-0.9950162768363952,0.181941419839859,9.271768569946287,1.6281816959381104,2.3800363540649414,0.7148293256759644
2240261838.0,-0.1393286883831024,-0.1367160379886627,10.503528594970703,2.827004909515381,0.9282471537590028,0.6978726387023926
2240270171.0,-0.4752001464366913,-0.1961375325918197,10.723008155822754,2.3418710231781006,-1.7990412712097168,0.7110639214515686
2240278504.0,-0.5484175682067871,-0.5789822340011597,9.539831161499023,1.4410953521728516,-2.1076672077178955,0.5011810064315796
2240286837.0,-0.7300563454627991,-0.4317128658294678,8.89194107055664,2.199789047241211,-0.881590723991394,0.4168332517147064
2240295170.0,-0.82646244764328,-0.1937505602836609,9.287102699279783,2.843910217285156,1.2749871015548706,0.2808985114097595
2240303503.0,-0.9428420662879944,-0.4267809987068176,9.39501953125,3.3868296146392822,3.0446743965148926,0.3892979621887207
2240311836.0,-0.8531051278114319,0.0519762113690376,10.086125373840332,3.4321155548095703,3.171106338500977,0.6986411213874817
2240320169.0,-0.970137655735016,1.017560362815857,10.797743797302246,3.074361562728882,1.7382203340530396,0.7361915707588196
2240328502.0,-0.5826505422592163,0.5028563141822815,10.818193435668944,2.343228816986084,-1.097339391708374,0.4118128716945648
2240336835.0,-0.304362803697586,0.0068173897452652,10.333916664123535,1.5945245027542114,-2.7864701747894287,0.216811716556549
2240345168.0,-0.4881747364997864,-0.0535640344023704,9.689979553222656,0.9271200895309448,-2.7244327068328857,0.2701917886734009
2240353501.0,-0.9424381256103516,0.297847718000412,8.830972671508789,1.6878371238708496,-0.2587037682533264,0.3858912289142608
2240361834.0,-0.9517458081245422,0.2764264941215515,9.68756103515625,2.3583154678344727,2.426218748092652,0.4768474102020263
2240370167.0,-0.621124267578125,0.0048883678391575,10.49531078338623,1.5201663970947266,3.4643123149871826,0.7758166790008545
2240378500.0,-0.2377660721540451,-0.0950636714696884,10.12192726135254,0.8971000909805298,1.744624137878418,0.4607360661029815
2240386833.0,-0.8053455352783203,-0.2470305860042572,10.463136672973633,1.220582127571106,-0.0674166604876518,0.5615792274475098
2240395166.0,-1.589247226715088,-0.979417324066162,10.049994468688965,0.7213096022605896,-0.5350558161735535,0.5316361784934998
2240403499.0,-1.0661808252334597,-1.009501576423645,8.69478988647461,1.7717493772506714,0.4082781076431274,0.7360122203826904
2240411832.0,-0.1046230271458625,-0.3912316560745239,9.581695556640623,3.510981559753418,0.0758565589785575,1.0909487009048462
2240420165.0,-0.222751185297966,-0.14534792304039,11.017969131469728,3.4181551933288574,-1.7616443634033203,0.5393972992897034
2240428498.0,-0.4994097054004669,-0.3755306303501129,10.082806587219238,2.243794202804565,-1.4847034215927124,0.2921687960624695
2240436831.0,-0.3573576211929321,-0.662788987159729,9.03029441833496,2.5820045471191406,0.5970037579536438,0.8109594583511353
2240445164.0,-0.3385525941848755,-0.1394654214382171,9.529671669006348,3.6621828079223633,2.01762056350708,0.817619264125824
2240453497.0,-1.125802516937256,0.0911091566085815,10.187021255493164,3.79629898071289,3.201177835464477,0.5950315594673157
2240461830.0,-0.3056374490261078,0.0824116319417953,10.486348152160645,3.417950391769409,3.22932767868042,0.799202561378479
2240470163.0,-0.4582728445529938,-0.3842268288135528,10.246477127075195,2.915041208267212,1.7019507884979248,1.049146294593811
2240478496.0,-0.6035680174827576,0.0345088839530944,10.411920547485352,2.513000249862671,0.310764729976654,1.0278096199035645
2240486829.0,-0.957456648349762,-0.2857948839664459,9.535359382629396,2.373222827911377,0.1491644829511642,0.9521451592445374
2240495162.0,-1.0571118593215942,-0.5091156363487244,8.938397407531738,3.1260249614715576,0.8279929161071777,0.7318114042282104
2240503495.0,-0.6361320614814758,0.0712657272815704,9.510992050170898,3.270771741867065,2.4181761741638184,1.0564464330673218
2240511828.0,-0.4315097033977508,0.0831225737929344,10.668554306030272,2.7344350814819336,1.892904996871948,1.1209430694580078
2240520161.0,-0.6090695261955261,-0.1056454628705978,9.90858268737793,2.2784245014190674,0.5934690237045288,0.7677482962608337
2240528494.0,-1.1461493968963623,-0.2621669769287109,9.243932723999023,2.587434768676758,1.1174339056015017,0.8759172558784485
2240536827.0,-1.089447259902954,-0.6476596593856812,9.837888717651367,2.6770334243774414,2.010115623474121,0.8744571208953857
2240545160.0,-1.2587579488754272,-0.5975637435913086,9.483129501342772,2.978564500808716,1.9138059616088867,0.7225648164749146
2240553493.0,-0.941078782081604,-0.2884230613708496,10.104705810546877,3.60777759552002,1.4301323890686035,0.7732040286064148
2240561826.0,-0.2090058624744415,-0.6066945791244507,10.47941780090332,3.5976343154907227,-0.4943034648895263,0.7848585247993469
2240570159.0,-0.6195055246353149,-0.5382858514785767,9.951522827148438,3.4193081855773926,-1.8846185207366943,0.6329661011695862
2240578492.0,-0.6456291675567627,-0.0446412339806556,9.864789962768556,3.563541889190674,-0.9632232785224916,0.7165966033935547
2240586825.0,-0.843529999256134,-0.2717021405696869,9.147761344909668,3.844811201095581,0.6374485492706299,0.5802776217460632
2240595158.0,-0.5107788443565369,-0.0434846095740795,9.066767692565918,4.7314229011535645,2.0372154712677,0.6918788552284241
2240603491.0,-0.2511359453201294,-0.2582086324691772,10.425817489624023,4.380251884460449,2.114083766937256,0.954219937324524
2240611824.0,-1.0994046926498413,-0.0736735537648201,10.474394798278809,2.990551710128784,1.15623939037323,0.7401361465454102
2240620157.0,-1.3413654565811155,0.5867223143577576,9.35350513458252,3.517000436782837,1.6256712675094604,0.5533826351165771
2240628490.0,-0.5188436508178711,0.044912002980709,10.281723022460938,4.505121231079102,1.2115918397903442,0.8397243022918701
2240636823.0,-1.0664737224578855,-0.4893413186073303,10.44609546661377,3.382987260818481,-0.6255252361297607,0.6487957239151001
2240645156.0,-0.8683070540428162,0.0694887265563011,9.70044231414795,2.5750887393951416,-0.6371285319328308,0.662986159324646
2240653489.0,-0.2878248393535614,-0.2808500528335571,9.391947746276855,3.536185503005981,-0.6968095302581787,0.840595006942749
2240661822.0,-0.0481353402137756,0.0850534588098526,10.171595573425291,3.841943025588989,-1.1477227210998535,0.9081910252571106
2240670155.0,-0.3208861351013183,0.5547625422477722,9.803509712219238,3.3710765838623047,-1.1920608282089231,0.6191600561141968
2240678488.0,-0.8185103535652161,0.4527999758720398,8.983381271362305,3.332040548324585,0.5705955028533936,0.4533847570419311
2240686821.0,-0.7248966693878174,0.187511146068573,9.592658996582031,3.476377010345459,2.6845898628234863,0.5609645843505859
2240695154.0,-1.0970032215118408,0.0122279021888971,10.098736763000488,2.6807217597961426,3.531601428985596,0.8764551877975464
2240703487.0,-0.9712183475494384,-0.0016066738171502,10.250967979431152,2.6147396564483643,2.4018595218658447,0.8109082579612732
2240711820.0,-0.6500970125198364,0.510273814201355,10.05845069885254,3.450071096420288,-0.0952337384223938,0.520186722278595
2240720153.0,-0.19913250207901,0.2026306837797165,10.658998489379885,3.81264066696167,-3.0404610633850098,0.0252428278326988
2240728486.0,-0.1935572922229766,-0.2691937386989593,10.606772422790527,1.868494272232056,-3.790855884552002,0.2592032551765442
2240736819.0,-0.8108487129211426,0.5733166337013245,8.70444393157959,1.461432933807373,-1.6507093906402588,0.2708064913749695
2240745152.0,-0.9110821485519408,0.6408791542053223,8.966103553771973,2.864196538925171,2.385184526443481,0.48401939868927
2240753485.0,-0.6709842085838318,0.2331480383872985,9.981301307678224,2.99324107170105,4.293086528778076,0.6580168604850769
2240761818.0,-0.4445221722126007,0.2136419117450714,10.846304893493652,2.512923240661621,3.486955642700196,0.3921667635440826
2240770151.0,-0.2814655005931854,0.1437583714723587,10.919154167175291,1.7788957357406616,0.5798678398132324,0.4414741396903991
2240778484.0,-1.0059823989868164,0.224306434392929,9.958792686462402,1.734915852546692,-1.643818974494934,0.1120750829577446
2240786817.0,-0.956801176071167,0.6294041275978088,9.20319366455078,2.2360076904296875,-1.3873438835144043,0.0417640134692192
2240795150.0,-0.5431591868400574,0.0334646366536617,9.704130172729492,2.2097270488739014,-0.2046577185392379,0.2705503702163696
2240803483.0,-0.3145748674869537,0.1499736607074737,9.73637866973877,1.654128909111023,-0.1015092208981514,0.0251403730362653
2240811816.0,-0.362993836402893,0.2839676439762115,10.428561210632324,1.3705281019210815,1.0634132623672483,0.702226996421814
2240820149.0,-0.7453548312187195,0.0429957397282123,10.086359977722168,1.11771559715271,1.0563695430755615,0.6448767781257629
2240828482.0,-0.5966143012046814,0.4969393312931061,9.185275077819824,1.9936968088150024,1.2976555824279783,0.2937568724155426
2240836815.0,-0.4327671825885772,0.0379129983484745,9.940999984741213,2.1568851470947266,1.1244008541107178,0.4935479164123535
2240845148.0,-0.3326501250267029,-0.6486483812332153,10.387408256530762,0.7023806571960449,-0.1347052454948425,0.4630156457424164
2240853481.0,-0.9799898266792296,-0.2959990203380584,9.134037017822266,0.7362940311431885,0.1331043690443039,0.6738976836204529
2240861814.0,-0.7569835186004639,-0.1337059140205383,10.011245727539062,1.9855515956878664,1.3248066902160645,1.026221513748169
2240870147.0,-0.6411400437355042,0.2018196284770965,10.410405158996582,2.4216082096099854,0.9433594942092896,0.4364025592803955
2240878480.0,-0.1171779930591583,0.1195360273122787,10.199347496032717,2.5598480701446533,0.2328974157571792,0.2994944155216217
2240886813.0,-0.0406399294734001,-0.8263120055198669,10.305245399475098,1.688887357711792,-0.0048154760152101,0.5739766359329224
2240895146.0,-0.5927847027778625,-0.8037577867507935,9.203619956970217,0.8627002239227295,0.4595321416854858,0.8435407280921936
2240903479.0,-1.1603087186813354,-0.4066449701786041,8.585434913635254,2.243640661239624,2.421505928039551,1.023301601409912
2240911812.0,-1.134768843650818,0.1351518332958221,9.589219093322754,3.715639591217041,4.137992858886719,0.804427981376648
2240920145.0,-0.7103079557418823,-0.2833644449710846,11.270155906677246,3.315596342086792,3.060555219650269,0.4178065955638885
2240928478.0,-0.5312307476997375,-0.5752334594726562,11.10063934326172,1.6976218223571775,0.8450775742530823,0.9054759740829468
2240936811.0,-0.9080494046211244,-0.3973632156848907,9.720641136169434,1.6271058320999146,-0.4194586873054504,1.1946606636047363
2240945144.0,-0.9430580139160156,0.3012633025646209,8.85152530670166,3.3878543376922607,-0.1908772885799408,1.1108509302139282
2240953477.0,-0.8832432627677917,-0.1736143231391906,10.385821342468262,3.836153984069824,0.6480529308319092,1.0197410583496094
2240961810.0,-0.4611503779888153,-0.50595623254776,10.52756690979004,1.64526629447937,0.9183856248855592,0.7512271404266357
2240970143.0,-0.5520638227462769,-0.045857835561037,8.951872825622559,1.745315432548523,0.8906709551811218,0.6670330762863159
2240978476.0,-0.8661155700683594,0.4952757060527801,9.852245330810549,3.258092164993286,1.856020212173462,0.8790420889854431
2240986809.0,-1.2419250011444092,0.033453494310379,10.393354415893556,2.513307571411133,2.304039001464844,0.9787584543228148
2240995142.0,-0.959303379058838,0.2025307267904281,9.683882713317873,1.9931076765060425,2.052302122116089,0.737011194229126
2241003475.0,-0.7665873169898987,-0.4974165856838226,10.489200592041016,1.3852306604385376,1.083366870880127,0.9276835322380066
2241011808.0,-0.7033756375312805,-0.4500459432601928,9.822225570678713,1.2141274213790894,-1.1103769540786743,0.6998192667961121
2241020141.0,-0.6487547755241394,-0.1998023986816406,9.31904411315918,2.9082016944885254,-1.7783193588256836,0.6119624972343445
2241028474.0,-0.7540456056594849,-0.5811275839805603,9.92092514038086,3.219132900238037,-1.0828417539596558,0.7857038378715515
2241036807.0,-0.959084153175354,-0.5106967091560364,9.520333290100098,2.472529172897339,0.4075096547603607,0.3754406273365021
2241045140.0,-0.3735159337520599,-0.0889084562659263,9.557493209838867,2.7313358783721924,2.108192682266236,0.6818125247955322
2241053473.0,-0.5026814341545105,-0.4880056977272033,10.281453132629396,3.071390390396118,1.541400671005249,0.5840430855751038
2241061806.0,-0.550580620765686,-0.3945815563201904,10.198949813842772,3.1045351028442383,0.4180371165275574,0.2729837298393249
2241070139.0,-0.5899513959884644,-0.2834597527980804,9.61683177947998,3.3309133052825928,-0.0679289475083351,0.5156273245811462
2241078472.0,-0.5397002696990967,-0.109010137617588,9.136189460754396,3.828137159347534,-0.3196144104003906,0.2900940179824829
2241086805.0,-0.8707738518714905,-0.207133412361145,9.60509204864502,3.5763490200042725,-0.120796725153923,0.260663241147995
2241095138.0,-1.0682073831558228,0.1184939965605735,9.570882797241213,2.701853513717652,0.7520467638969421,0.3673721849918365
2241103471.0,-0.9879086017608644,0.0206632949411869,9.562992095947266,2.87354588508606,1.648468255996704,0.5462363958358765
2241111804.0,0.1759070605039596,0.1133302673697471,10.603714942932127,3.136322259902954,0.2750584781169891,0.4717757999897003
2241120137.0,-0.4227902889251709,-0.0856068059802055,10.60055923461914,2.385953187942505,-2.1261863708496094,0.1698351800441742
2241128470.0,-0.3032498955726623,-0.4113278985023498,9.427894592285156,1.834530115127564,-1.9674296379089355,0.3507229387760162
2241136803.0,-0.1876486241817474,-0.6669791340827942,9.094826698303224,2.521682977676392,0.0182501431554555,0.664138674736023
2241145136.0,-0.1189153790473938,-0.4187330305576324,9.967829704284668,3.073336839675904,1.0001975297927856,0.8529924154281616
2241153469.0,-0.7740440368652344,-0.3142728507518768,9.54551124572754,3.2504591941833496,2.021718740463257,0.6165473461151123
2241161802.0,-1.1614044904708862,0.0668991655111312,9.215779304504396,3.8902511596679688,3.410215139389038,0.2208587378263473
2241170135.0,-0.7837771773338318,0.131075233221054,10.607159614562988,3.9964990615844727,3.69043493270874,0.4669859111309051
2241178468.0,0.0685565248131752,-0.3185785114765167,11.276260375976562,2.875671863555908,1.021534085273743,0.6855266094207764
2241186801.0,-0.2921749949455261,-0.118592657148838,10.167895317077637,2.7159156799316406,-1.824681162834168,0.7166734337806702
2241195134.0,-0.7341068983078003,0.3807907700538635,9.268095970153809,3.327583312988281,-2.074010133743286,0.5034605264663696
2241203467.0,-1.1260837316513062,0.2502712309360504,9.427096366882324,3.84983229637146,0.5704674124717712,0.3388891220092773
2241211800.0,-0.5455809235572815,0.1318266242742538,10.21000862121582,2.888427495956421,2.641096591949463,0.2752121090888977
2241220133.0,-0.3011763393878937,0.158402681350708,10.03426742553711,2.5815176963806152,3.107531309127808,0.7304539084434509
2241228466.0,-0.4210474789142608,-0.3865089118480682,10.058429718017578,2.722575664520264,1.822055697441101,0.6777398586273193
2241236799.0,-0.5044394731521606,-0.4343630671501159,9.672199249267578,3.0948781967163086,0.5987455248832703,0.7199264764785767
2241245132.0,-0.6386340856552124,-0.5061776041984558,9.601963996887209,3.379171133041382,-0.177071213722229,0.8359845876693726
2241253465.0,-0.729171872138977,-0.0760860592126846,9.674537658691406,3.515566825866699,0.3169889748096466,0.7244090437889099
2241261798.0,-0.2437159270048141,0.2978930175304413,9.555706024169922,3.547892093658448,0.1943992525339126,0.3961882293224334
2241270131.0,-0.4532241821289062,0.8256050944328308,9.717768669128418,3.6867969036102295,0.9012751579284668,0.3776690065860748
2241278464.0,0.0515776872634887,0.4156919419765472,10.876739501953123,2.615354537963867,1.2299829721450806,0.5822499990463257
2241286797.0,-0.6823611259460449,-0.2766214311122894,10.04222011566162,1.2641777992248535,1.5652474164962769,0.7287890911102295
2241295130.0,-1.0092107057571411,-0.4283159077167511,9.14244556427002,1.5023391246795654,2.747652053833008,0.7200289964675903
2241303463.0,-0.8409382104873657,-0.0186866018921136,9.026800155639648,3.445434808731079,3.825242280960083,0.7824764251708984
2241311796.0,-0.4889748692512512,0.0842031091451644,10.765201568603516,4.280996799468994,2.2533998489379883,0.7149317860603333
2241320129.0,-0.7360100150108337,0.3899457454681396,10.89104175567627,2.476935148239136,0.2604327499866485,0.7487168908119202
2241328462.0,-1.114083766937256,0.1195954903960228,9.90160083770752,1.3272655010223389,-0.4586485028266907,0.328515350818634
2241336795.0,-1.0859699249267578,-0.0347101688385009,9.13905906677246,1.584253191947937,0.9595732688903807,0.2213710248470306
2241345128.0,-0.4566500782966614,-0.1568169146776199,9.805803298950195,2.351758480072021,1.474982976913452,0.5745657682418823
2241353461.0,-0.3433533310890198,0.0592172220349311,10.553083419799805,2.615917921066284,0.7176980972290039,0.4287695288658142
2241361794.0,-0.3406113088130951,0.5146369338035583,10.267738342285156,2.0195672512054443,-0.0577857084572315,0.4459309875965118
2241370127.0,-0.7151098847389221,0.4773175418376922,9.266451835632324,2.244690656661988,0.697462797164917,0.3700104355812073
2241378460.0,-0.0137561541050672,-0.5653694868087769,9.888876914978027,1.675363063812256,1.297399401664734,0.5801239609718323
2241386793.0,-1.0821831226348877,-0.7481681704521179,9.663256645202637,0.7965899705886841,1.4711921215057373,0.6433399319648743
2241395126.0,-1.66896653175354,-0.1516090184450149,9.665441513061523,1.3214510679244995,3.362111568450928,0.5274866819381714
2241403459.0,-0.8084554076194763,-0.0156929548829793,9.81809139251709,3.3106014728546143,3.637516260147095,0.3433716893196106
2241411792.0,-0.0611657984554767,0.0269900429993867,11.05343532562256,3.955798387527466,0.8336536288261414,0.3128650486469269
2241420125.0,-0.168905571103096,-0.3846755623817444,10.95783805847168,2.010935068130493,-1.9888174533844,0.4401422441005707
2241428458.0,-0.6266279220581055,-0.2478027194738388,8.748641967773438,1.5513644218444824,-2.475001096725464,0.148524135351181
2241436791.0,-0.6587235927581787,-0.1270070821046829,8.662260055541992,2.7866878509521484,-0.1233837679028511,0.3342273533344269
2241445124.0,-0.819301962852478,0.4556114971637726,9.635330200195312,3.718559503555298,2.7217304706573486,0.1344875395298004
2241453457.0,-0.5169852375984192,0.2532906532287597,10.260644912719728,3.6155905723571777,3.730546474456787,0.0985507741570472
2241461790.0,-1.081710696220398,0.684457540512085,10.270092010498049,2.736356258392334,3.739895820617676,0.440449595451355
2241470123.0,-1.1261413097381592,0.5846624970436096,10.503713607788086,1.9400349855422967,2.9175000190734863,0.153570145368576
2241478456.0,-0.347964346408844,-0.5873842835426331,9.91636562347412,1.5606368780136108,0.3255953192710876,0.1944760680198669
2241486789.0,-0.1959101259708404,-0.959646463394165,9.759872436523438,1.857224106788636,-2.27807879447937,0.2752633690834045
2241495122.0,-0.4568286538124084,-0.3976854383945465,9.477349281311035,2.705465078353882,-2.8475341796875,0.2552842497825622
2241503455.0,-0.7224757075309753,-0.2767878174781799,8.878321647644043,3.4303996562957764,-0.9967267513275146,0.3865828812122345
2241511788.0,-1.1041059494018557,0.2908239662647247,8.959237098693848,3.989993810653688,2.4276278018951416,0.3657585084438324
2241520121.0,-0.8995907306671143,0.2243965864181518,10.2966947555542,3.250664234161377,4.922019004821777,0.5708773136138916
2241528454.0,-0.969404399394989,-0.7275594472885132,10.266979217529297,1.961089968681336,4.447387218475342,0.470443844795227
2241536787.0,-0.7744429707527161,0.1049118712544441,10.151695251464844,2.4683284759521484,2.24589467048645,0.557327389717102
2241545120.0,-0.6560960412025452,0.4122741222381592,10.958869934082031,3.446305990219116,-0.6221954226493835,0.7204132080078125
2241553453.0,-0.7879494428634644,0.3232145309448242,10.145947456359863,3.0306379795074463,-3.1787009239196777,0.2714981138706207
2241561786.0,-0.3557963073253631,0.0144279170781373,9.390311241149902,1.967032551765442,-2.7839858531951904,0.642264187335968
2241570119.0,-1.0900074243545532,-0.3584933280944824,9.353959083557127,0.7463348507881165,-0.3100603520870209,0.7943359613418579
2241578452.0,-1.0872641801834106,-0.8756091594696045,9.309908866882324,0.2964463531970978,3.0487728118896484,0.7022270560264587
2241586785.0,-0.3050969839096069,-0.6601498126983643,9.41175937652588,2.433134794235229,4.07826042175293,0.9187442064285278
2241595118.0,-0.3932540416717529,-1.0355268716812134,11.445304870605469,4.124724388122559,2.3682029247283936,0.9473809599876404
2241603451.0,-0.1441726982593536,-0.1917552649974823,10.550317764282228,3.507830858230591,-0.3307822346687317,0.8537352085113525
2241611784.0,-0.9764575958251952,0.1247088983654975,9.015064239501951,3.766201734542847,-1.0222896337509155,0.5387057065963745
2241620117.0,-0.3414938449859619,-0.0248876102268695,9.700336456298828,3.2459254264831543,-0.1026362404227256,0.3428080976009369
2241628450.0,0.094489961862564,-0.727716863155365,9.31104850769043,2.2790651321411133,0.4582002460956573,0.3420397043228149
2241636783.0,-0.6590511798858643,-0.3382854461669922,9.546134948730469,2.75997257232666,1.9084782600402832,0.7864210605621338
2241645116.0,-1.3271605968475342,0.624243438243866,10.146967887878418,3.32279372215271,4.408247947692871,0.965003490447998
2241653449.0,-1.3881778717041016,1.0047895908355713,9.681532859802246,4.282891750335693,4.990818023681641,0.1264702826738357
2241661782.0,-0.2903055846691131,0.435528963804245,11.097634315490724,4.061712741851807,3.6211225986480713,0.2399925738573074
2241670115.0,-0.7196189165115356,-0.7712195515632629,11.715519905090332,0.9671550989151,0.5906002521514893,0.742210865020752
2241678448.0,-0.7972487807273865,-0.3619120419025421,9.6444730758667,-0.1196184754371643,-1.2822484970092771,0.7989720106124878
2241686781.0,-0.7750077843666077,-0.2613890469074249,8.435547828674316,2.692734956741333,-1.0280529260635376,1.1199697256088257
2241695114.0,-0.7149412035942078,-0.1634739488363266,9.965048789978027,4.426844596862793,-0.4577264189720154,0.3009800612926483
2241703447.0,-0.1359563469886779,-0.2908891439437866,10.325456619262695,3.104279041290283,0.4311516284942627,0.1446051746606826
2241711780.0,-0.9411500096321106,-0.3228814303874969,9.043853759765623,2.09510350227356,1.9730772972106927,0.2523386180400848
2241720113.0,-1.187696099281311,-0.1394955664873123,9.278153419494627,2.345252275466919,4.508194923400879,0.6122443079948425
2241728446.0,-0.8318686485290527,-0.5245887637138367,9.734838485717772,2.824084997177124,4.460424900054932,0.7734090685844421
2241736779.0,-0.2613005936145782,-0.7376183271408081,10.614490509033203,3.806672334671021,1.112592697143555,0.4777694940567016
2241745112.0,-0.6681234240531921,-0.6488913893699646,10.749961853027344,3.456397294998169,-1.427634835243225,0.7988694310188293
2241753445.0,-1.1883203983306885,-0.1083244085311889,9.522180557250977,3.3546574115753174,-2.038534164428711,0.730863630771637
2241761778.0,-1.0084350109100342,0.9457166194915771,8.670740127563477,4.434528350830078,-0.3514785766601562,0.3836116194725036
2241770111.0,-0.5873521566390991,0.7637131214141846,10.057570457458496,4.533271789550781,1.578105926513672,0.5650628209114075
2241778444.0,-0.4585603177547455,0.065185435116291,10.704256057739258,2.327757835388184,1.6207278966903689,0.3230595588684082
2241786777.0,-0.2781256139278412,-0.0769759714603424,9.900317192077637,1.0504781007766724,1.5470869541168213,0.9406698942184448
2241795110.0,-0.8394168019294739,0.0913471356034278,9.062166213989258,2.395968437194824,0.9011985659599304,1.2260125875473022
2241803443.0,-1.3083710670471191,0.0330696739256382,9.953343391418455,3.572583198547364,0.8900305032730103,0.9316792488098145
2241811776.0,-1.0148714780807495,-0.3472666442394256,9.724580764770508,2.9644761085510254,0.4031552672386169,0.674871027469635
2241820109.0,-0.8930144309997559,-0.3179482519626617,9.54496955871582,2.579007625579834,-0.0744349658489227,0.5225176215171814
2241828442.0,-0.1054746955633163,-0.5243008136749268,10.434940338134766,2.45442008972168,-0.5809308886528015,0.7326824069023132
2241836775.0,-0.028712835162878,-1.1365872621536257,10.075252532958984,2.631593704223633,-1.9761897325515747,1.0716100931167605
2241845108.0,-0.1247024536132812,-0.1549186110496521,9.393389701843262,4.105052471160889,-1.7987854480743408,0.9408493041992188
2241853441.0,-0.8759227395057678,0.0191735383123159,9.39362907409668,5.023937702178955,0.4160904288291931,1.0584955215454102
2241861774.0,-0.7086268663406372,0.2112535685300827,9.571419715881348,4.544234275817871,2.6640212535858154,0.5495405793190002
2241870107.0,-0.5113753080368042,0.7370002865791321,9.6513032913208,4.180896282196045,3.7209670543670654,0.6118344068527222
2241878440.0,-0.3783124387264251,0.469153493642807,10.932238578796388,3.555217742919922,2.985352039337158,1.032292127609253
2241886773.0,-0.7050405740737915,0.2246771603822708,10.588780403137209,2.2549874782562256,0.900942325592041,1.061569094657898
2241895106.0,-0.831240713596344,0.1365431845188141,9.456323623657228,2.695885419845581,-0.2709473669528961,0.9309109449386596
2241903439.0,-0.3553412556648254,-0.5847394466400146,9.77395248413086,3.234962224960327,-1.1156535148620603,0.9144409894943236
2241911772.0,-0.3491644263267517,-0.5835425853729248,9.78400707244873,3.0900888442993164,-1.1996939182281494,0.8414404392242432
2241920105.0,-0.4141445457935333,0.3027306199073791,8.773754119873047,3.48006558418274,0.0924802049994468,1.0571892261505127
2241928438.0,-0.6540979743003845,0.3362873196601867,8.969895362854004,4.140451908111572,1.5638132095336914,0.9757615923881532
2241936771.0,-0.7144073247909546,-0.0233866795897483,9.756036758422852,3.1768951416015625,2.791682720184326,0.8222041726112366
2241945104.0,-1.1274547576904297,-0.3505432307720184,9.95116901397705,2.271867513656616,3.387521266937256,0.9896700978279114
2241953437.0,-1.5047321319580078,0.1884572058916092,10.017099380493164,2.809023857116699,3.230480432510376,0.95941960811615
2241961770.0,-0.8939798474311829,0.4400334358215332,10.30649185180664,4.220803260803223,1.3064924478530884,1.0537569522857666
2241970103.0,-0.247055634856224,0.5112695097923279,10.870943069458008,4.582450866699219,-1.964150667190552,0.6635496020317078
2241978436.0,0.0174424722790718,0.4127687513828277,10.853055000305176,2.942909002304077,-4.1762471199035645,0.8962292671203613
2241986769.0,-0.5887538194656372,0.2348817288875579,9.507088661193848,1.4482673406600952,-2.819743156433105,1.193866729736328
2241995102.0,-0.8272964954376221,0.6743960976600647,9.037138938903809,1.484972357749939,0.7604737877845764,0.9019412398338318
2242003435.0,-0.5366523265838623,0.6187621355056763,9.482909202575684,2.7491886615753174,3.6871817111968994,0.9175403118133544
2242011768.0,-0.4518701434135437,-0.2439845502376556,10.564949035644531,2.8177835941314697,4.360349655151367,0.8688219785690308
2242020101.0,-0.8874053955078125,0.5869218111038208,10.868301391601562,1.6903729438781738,3.670532941818237,1.1783188581466677
2242028434.0,-1.240678310394287,1.0852012634277344,10.259854316711426,1.507180094718933,2.147740840911865,1.184184432029724
2242036767.0,-1.6038873195648191,0.1953503191471099,9.842698097229004,1.3354363441467283,0.9055271744728088,0.9485846757888794
2242045100.0,-1.3195922374725342,0.5281873941421509,9.705449104309082,0.8721774816513062,0.1258043050765991,0.7220268249511719
2242053433.0,-0.4344565272331238,-0.3214630782604217,10.257591247558594,0.2193219065666198,-0.9724188446998596,1.1386936902999878
2242061766.0,0.0266338363289833,0.5018406510353088,9.743130683898926,0.4638098180294037,-2.5666232109069824,1.2968103885650637
2242070099.0,-0.4099003076553345,0.1309577524662017,10.05291748046875,0.8819366097450256,-2.931779861450196,1.18408203125
2242078432.0,-1.268649697303772,-0.4501212537288666,9.25119400024414,-0.0751009359955787,0.0348993949592113,1.0851086378097534
2242086765.0,-1.0424174070358276,-0.7678673267364502,8.866042137145996,0.2157871127128601,3.9371767044067374,1.149195432662964
2242095098.0,-0.884550929069519,-0.3599480986595154,10.135398864746094,1.854124665260315,5.144631862640381,1.2101316452026367
2242103431.0,-0.6027175188064575,-0.1511002480983734,11.496487617492676,2.485925436019897,2.975925922393799,1.2041635513305664
2242111764.0,-0.349989652633667,-0.0187169890850782,10.42738151550293,2.6122806072235107,-1.04744291305542,0.9744808077812196
2242120097.0,-0.4434013664722442,0.013025676831603,9.736532211303713,2.5575175285339355,-3.481179714202881,0.8581410050392151
2242128430.0,-0.7419701218605042,-0.5212247371673584,9.090376853942873,1.6248775720596311,-2.756937265396118,0.9372633099555968
2242136763.0,-1.1734771728515625,-0.4066545367240906,8.465066909790039,1.5531574487686155,0.3935498893260956,0.910368263721466
2242145096.0,-1.197665095329285,0.3860585391521454,9.177380561828612,2.743681669235229,3.860898017883301,1.0218671560287476
2242153429.0,-0.5694364905357361,0.4524699449539184,10.74471378326416,3.741894006729126,4.419775009155273,0.8460254669189453
2242161762.0,-0.1620744317770004,-0.2645952105522156,11.082964897155762,3.1913414001464844,1.3095148801803589,0.6354250907897949
2242170095.0,-0.7055345177650452,-0.5305789113044739,10.425113677978516,1.753102421760559,-1.1567901372909546,1.0197155475616455
2242178428.0,-1.0908352136611938,-0.548640787601471,9.170809745788574,1.2598233222961426,-1.6792179346084597,0.985853374004364
2242186761.0,-0.7753199338912964,-0.3315602838993072,8.8710355758667,2.803542137145996,-0.9784637689590454,0.899482250213623
2242195094.0,-0.7673463225364685,-0.4579996168613434,10.152849197387695,3.2615761756896973,-0.3130572140216827,0.7792490720748901
2242203427.0,-0.5066618919372559,-0.3892483413219452,10.437999725341797,2.7200911045074463,0.4979023337364197,0.6707472205162048
2242211760.0,0.266224592924118,-0.3094156980514526,9.877670288085938,3.019111633300781,0.7383686900138855,0.9251733422279358
2242220093.0,0.0440300554037094,-0.2487727552652359,10.283903121948242,3.36897611618042,-0.0044568767771124,1.275627374649048
2242228426.0,-1.3588743209838867,0.2658389210700989,9.866491317749023,2.9307682514190674,0.6339139342308044,0.7391372323036194
2242236759.0,-0.6760191917419434,-0.0435259751975536,9.170215606689451,2.609847068786621,2.684051513671875,0.716724693775177
2242245092.0,-0.100405566394329,-0.5315319895744324,9.292348861694336,3.085452079772949,2.086317777633667,1.0024259090423584
2242253425.0,-0.920906662940979,0.4091927409172058,10.71178150177002,2.654595136642456,1.088515281677246,0.9908994436264038
2242261758.0,-0.8291971683502197,-0.0638185068964958,10.395835876464844,1.327111840248108,0.6972066164016724,1.1490930318832395
2242270091.0,-0.4958356320858001,-0.178984522819519,9.127424240112305,2.118591785430908,-0.0596811659634113,0.967897891998291
2242278424.0,-0.0662489831447601,-0.1160178631544113,10.445550918579102,2.54811692237854,-0.7204515933990479,1.1961719989776611
2242286757.0,-0.64768385887146,-1.093311786651611,10.22166633605957,1.1692513227462769,-0.6958106756210327,1.1381044387817385
2242295090.0,-0.7008550763130188,-0.552424967288971,7.832249164581299,2.2018380165100098,0.6756394505500793,0.8530948758125305
2242303423.0,-0.7945230603218079,-0.6458714604377747,8.976550102233887,4.657935619354248,2.908918619155884,1.4674522876739502
2242311756.0,-1.2538057565689087,-0.8434345126152039,10.767500877380373,3.502247333526612,3.259449958801269,1.2537529468536377
2242320089.0,-0.8162354230880737,-0.4673248529434204,9.871807098388672,2.701290369033813,2.0374972820281982,1.1457631587982178
2242328422.0,-0.9621632099151612,0.1349170058965683,9.870983123779297,4.082589149475098,0.5113754272460938,1.1972734928131104
2242336755.0,-0.8152971267700195,0.5562127828598022,11.175593376159668,4.047933101654053,-1.2526129484176636,0.9013522267341614
2242345088.0,-0.4035870134830475,-0.5863432288169861,10.417340278625488,3.004101514816284,-2.2635040283203125,0.9557310938835144
2242353421.0,-0.1018784716725349,-0.7866837978363037,9.258363723754885,3.1249747276306152,-1.96479082107544,1.4114336967468262
2242361754.0,-0.2128932476043701,-0.7468144297599792,9.721439361572266,3.904723882675171,-0.2031721174716949,1.8261797428131104
2242370087.0,-0.4098189771175384,-0.4057258665561676,9.583544731140137,4.486217975616455,1.3563379049301147,1.5217033624649048
2242378420.0,-0.3349246978759765,0.1644493639469146,9.586529731750488,5.403079509735107,2.215285539627075,1.2358996868133545
2242386753.0,-0.5268803238868713,0.1163716241717338,9.92318344116211,5.18727970123291,2.432391881942749,1.1170495748519895
2242395086.0,-1.4660054445266724,-0.1167980059981346,10.19251537322998,3.9549527168273926,2.9768991470336914,0.957165539264679
2242403419.0,-0.9353169798851012,-0.0458629988133907,9.810016632080078,2.9281811714172363,2.8536694049835205,1.1416138410568235
2242411752.0,-0.6439852118492126,0.3224724233150482,9.57248592376709,4.183406829833984,1.1670743227005005,1.447293996810913
2242420085.0,-0.7671425938606262,-0.0239750146865844,10.628169059753418,4.868254661560059,-1.2704404592514038,1.4318485260009766
2242428418.0,-0.7951079607009888,-0.0926048755645752,10.123001098632812,3.881568431854248,-2.0888922214508057,1.4916834831237793
2242436751.0,-0.507118284702301,-0.1472269296646118,9.277433395385742,3.5446128845214844,-1.3782505989074707,1.6041042804718018
2242445084.0,-0.4087162613868713,0.3633320331573486,9.533485412597656,4.035971164703369,0.0192490983754396,1.606358528137207
2242453417.0,-0.3857101798057556,0.5944620966911316,9.931340217590332,4.058639526367188,0.6094011664390564,0.9616736769676208
2242461750.0,-0.2387503534555435,0.8945801854133606,9.977276802062988,4.391266345977783,1.43850839138031,0.8376752138137817
2242470083.0,-0.8665406703948975,0.283130794763565,10.698939323425291,3.4164910316467285,2.262057304382324,1.427801489830017
2242478416.0,-1.0871363878250122,0.5620856285095215,10.132436752319336,2.2966105937957764,2.724726915359497,1.4586666822433472
2242486749.0,-0.8877139687538147,0.6100507974624634,9.445950508117676,3.0371434688568115,1.867521047592163,1.2681734561920166
2242495082.0,-0.6220377683639526,0.415696769952774,10.316222190856934,3.39756178855896,0.3843543827533722,1.2587475776672363
2242503415.0,-0.7949457764625549,0.2745024561882019,10.483351707458496,2.3410513401031494,-1.5163627862930298,1.0897191762924194
2242511748.0,-0.7489591240882874,-0.1469491124153137,9.495331764221191,1.890138506889344,-1.949550747871399,0.7399824857711792
2242520081.0,-0.7245442271232605,-0.7759441137313843,8.82779312133789,2.7251882553100586,-0.3906427025794983,1.1762185096740725
2242528414.0,-0.4730625748634338,-0.8335431218147278,9.511823654174805,3.498814821243286,1.0592637062072754,1.5929361581802368
2242536747.0,-1.0639911890029907,0.2061817198991775,9.416316986083984,4.246341228485107,1.23866605758667,1.472882628440857
2242545080.0,-0.7741835117340088,0.8310654163360596,10.03329372406006,4.9037299156188965,1.6972377300262451,1.270248293876648
2242553413.0,-0.0244605969637632,0.5574238896369934,11.056963920593262,3.6504509449005127,-0.1111145466566085,1.2953758239746094
2242561746.0,-0.234761357307434,-0.0662094578146934,10.683231353759766,1.3858197927474976,-2.261634349822998,1.1020396947860718
2242570079.0,-0.8608752489089966,0.2251738011837005,8.773751258850098,1.408795952796936,-1.591796636581421,1.3921209573745728
2242578412.0,-1.0171769857406616,0.5788922309875488,9.254355430603027,3.3642117977142334,0.8390838503837585,1.4014188051223757
2242586745.0,-0.3425509333610534,0.7796227335929871,10.427828788757324,3.809669494628906,1.7540501356124878,1.51555597782135
2242595078.0,-0.1388464868068695,-0.0762626826763153,10.64691162109375,2.752928733825684,1.0539106130599976,1.6676276922225952
2242603411.0,-0.2987647354602813,-0.5265637040138245,10.059906005859377,1.3588223457336426,-0.0856283828616142,1.744752049446106
2242611744.0,-0.3430017828941345,-0.3805762827396393,9.197590827941896,2.123868465423584,-0.506956934928894,1.7758734226226809
2242620077.0,-0.934422254562378,-0.3709019720554352,8.68165111541748,3.816610813140869,-0.0190057624131441,1.641552209854126
2242628410.0,-1.125516057014465,-0.3527632057666778,9.388205528259276,4.190450668334961,1.5185271501541138,1.667704463005066
2242636743.0,-1.0793710947036743,-0.1489616483449936,9.960911750793455,3.61169695854187,2.2541422843933105,1.768957495689392
2242645076.0,-0.92711079120636,0.0989558324217796,10.75759506225586,3.2966418266296387,1.9105017185211184,1.9682618379592896
2242653409.0,-0.7973570227622986,0.6091333627700806,10.736564636230469,3.376147747039795,0.2158895432949066,1.91544508934021
2242661742.0,-0.7811590433120728,0.6082333326339722,10.522175788879396,3.948242664337158,-1.547919511795044,1.771288514137268
2242670075.0,-0.8775039911270142,0.128891184926033,10.31302547454834,3.5605454444885254,-1.974985718727112,1.3841549158096311
2242678408.0,-0.0459177754819393,0.2776422202587127,10.175671577453612,2.608284950256348,-1.174745798110962,1.757431149482727
2242686741.0,-0.3027671873569488,0.9695590734481812,9.485453605651855,2.766299247741699,-0.809973418712616,2.040442943572998
2242695074.0,-0.5925272703170776,1.2215489149093628,9.686842918395996,3.345872163772583,0.3064358830451965,1.7445471286773682
2242703407.0,-0.9126619696617126,0.245233729481697,10.125091552734377,2.012113332748413,1.9207217693328853,1.845928192138672
2242711740.0,-1.0325353145599363,0.1467002928256988,10.077924728393556,0.5743607878684998,2.42724347114563,1.8086085319519043
2242720073.0,-1.0443779230117798,0.5369506478309631,10.309042930603027,1.109365463256836,2.273353099822998,1.822824239730835
2242728406.0,-1.011653184890747,1.5112109184265137,10.778681755065918,1.745469331741333,0.5618610978126526,1.584842562675476
2242736739.0,-0.0298007298260927,1.459891676902771,11.255532264709473,1.436792016029358,-2.2353289127349854,1.4541841745376587
2242745072.0,0.2449466437101364,0.2165499329566955,10.59946632385254,-0.6600020527839661,-4.537050247192383,1.5198079347610474
2242753405.0,-0.1732749789953231,-0.42078498005867,9.356322288513184,-1.8027812242507928,-4.017157554626465,1.5848169326782229
2242761738.0,-0.091613583266735,-0.4329071342945099,8.533533096313477,-1.0576117038726809,-0.9100737571716307,1.7362736463546753
2242770071.0,-0.4020339250564575,-0.2021567374467849,8.451714515686035,1.603848218917847,2.1366240978240967,1.702181339263916
2242778404.0,-0.1958256959915161,-0.2005058974027633,9.85330295562744,3.1581456661224365,3.504091501235962,1.5120980739593506
2242786737.0,-0.2994495332241058,-0.3126861751079559,11.17178440093994,2.25611424446106,2.6353073120117188,1.31740403175354
2242795070.0,-0.7333648800849915,-0.6328495144844055,10.664087295532228,0.467242032289505,1.540350317955017,1.2930961847305298
2242803403.0,-0.7119786739349365,-0.4434530138969421,9.625173568725586,0.952503740787506,0.9622883796691896,1.7837368249893188
2242811736.0,-0.2896312773227691,-0.0586885549128055,9.66709327697754,3.0107614994049072,-0.7873047590255737,1.609124779701233
2242820069.0,-0.2334486991167068,0.0192920211702585,10.43092918395996,3.705445051193237,-1.926241874694824,1.2976043224334717
2242828402.0,-0.2636759579181671,-0.3481570184230804,10.059006690979004,2.182371139526367,-2.134997844696045,1.2799049615859983
2242836735.0,-0.5375301241874695,-0.1157569214701652,8.857305526733398,1.6888104677200315,-0.2467675358057022,1.5346639156341553
2242845068.0,-0.5110384821891785,-0.2419168800115585,8.974544525146484,2.3464815616607666,2.49706768989563,1.876793384552002
2242853401.0,-0.4886378347873688,0.1515191197395324,10.13748264312744,2.958303213119507,3.414160251617432,2.260110378265381
2242861734.0,-0.5377926230430603,0.5622508525848389,10.882879257202148,2.8781816959381104,1.771877408027649,1.6870943307876587
2242870067.0,-0.0852183997631073,-0.0524193793535232,10.770628929138184,2.275094747543335,-0.0731542482972145,1.651618480682373
2242878400.0,-0.1366597861051559,-0.199027419090271,9.81886863708496,1.696597456932068,-2.048959732055664,1.6256972551345823
2242886733.0,-0.3143073618412018,0.0423002392053604,9.25875186920166,1.7048962116241455,-1.7323418855667114,1.96068012714386
2242895066.0,-0.4731066823005676,0.1650214940309524,8.607999801635742,2.129887819290161,-0.1799656152725219,2.062906503677368
2242903399.0,-0.1918814778327942,-0.5134350061416626,9.244264602661133,2.186187982559204,1.104550004005432,1.846466302871704
2242911732.0,0.3007681369781494,-1.06882905960083,9.734301567077637,1.5954724550247192,1.1271672248840332,2.045284032821656
2242920065.0,-0.1777160167694091,-1.0309977531433103,9.476258277893066,1.6649892330169678,0.5993090271949768,2.143463134765625
2242928398.0,-0.7133530974388123,-0.1849415898323059,9.19947910308838,3.1205437183380127,1.0479936599731443,2.172458410263061
2242936731.0,-1.2671889066696167,0.3483671844005584,9.468107223510742,4.329689979553223,2.3277833461761475,2.125891923904419
2242945064.0,-0.6140664219856262,-0.0146958995610475,10.675686836242676,3.572430372238159,2.1168246269226074,1.975869417190552
2242953397.0,-0.312882125377655,-0.4555532336235046,10.61884880065918,1.4932202100753784,0.4941369295120239,2.11057448387146
2242961730.0,-0.3500296473503113,0.0355960726737976,9.520219802856444,1.3345658779144287,-1.3551723957061768,2.0668511390686035
2242970063.0,-0.2085665017366409,0.4196906089782715,9.663322448730469,2.7214479446411133,-1.7888978719711304,2.165183782577514
2242978396.0,-0.0118377711623907,0.5403344631195068,9.735891342163086,3.096901655197144,-1.9759588241577148,1.7354795932769775
2242986729.0,-0.2898384034633636,-0.1929637640714645,9.44881820678711,2.167053937911988,-0.8634300827980042,1.637505054473877
2242995062.0,-0.5558418035507202,-0.3815304934978485,8.913240432739258,1.0757339000701904,2.1399285793304443,2.1949222087860107
2243003395.0,-0.8321998119354248,-0.596185028553009,9.418701171875,1.3654567003250122,4.135892391204834,2.2949459552764893
2243011728.0,-0.831170380115509,-0.6686898469924927,9.823686599731444,2.4236316680908203,3.5454843044281006,1.8083010911941528
2243020061.0,-0.6985568404197693,-0.3623048067092895,10.443887710571287,3.9120492935180655,1.7971076965332031,1.4470123052597046
2243028394.0,-0.2856665551662445,-0.7573691010475159,11.16006565093994,3.692509651184082,-0.792197048664093,1.6177053451538086
2243036727.0,-0.4370082914829254,-0.4451071619987488,10.155153274536133,2.78825044631958,-2.349721670150757,1.8251038789749143
2243045060.0,-0.4439507722854614,0.048317939043045,9.30081558227539,3.21518874168396,-2.069143772125244,1.862628936767578
2243053393.0,-0.498744249343872,-0.3663532733917236,9.529471397399902,3.6106715202331534,-0.3877995014190674,1.9344252347946167
2243061726.0,-0.5054500699043274,-0.0968705043196678,9.664087295532228,3.7601826190948486,1.505745768547058,1.4132014513015747
2243070059.0,-0.2370385080575943,0.0022609126754105,9.768068313598633,4.179897308349609,2.709230422973633,1.804791688919068
2243078392.0,-0.2772727310657501,-0.2927477657794952,9.983853340148926,4.373003482818604,2.67746901512146,2.011524438858032
2243086725.0,-1.000815510749817,0.0447806976735591,10.014312744140623,4.102747440338135,1.944056510925293,2.065032482147217
2243095058.0,-1.3847757577896118,0.3019860982894897,10.259281158447266,3.9091038703918457,1.5643765926361084,2.0604732036590576
2243103391.0,-1.0651369094848633,0.6788679361343384,10.145241737365724,3.916557788848877,0.7506892681121826,1.7697772979736328
2243111724.0,-0.5528823137283325,0.8563786745071411,10.676379203796388,3.79186749458313,-0.9213696718215942,1.572163462638855
2243120057.0,0.1302819550037384,0.2183301746845245,10.701136589050291,2.410081624984741,-2.722536563873291,1.585405707359314
2243128390.0,0.3488042056560516,0.2583549618721008,9.569756507873535,1.847644567489624,-3.5879909992218018,1.666987419128418
2243136723.0,-0.0012734761694446,-0.1948969662189483,9.657675743103027,2.2110846042633057,-1.9604109525680544,1.961909532546997
2243145056.0,-0.5682774782180786,-0.817961573600769,9.169251441955566,2.104196548461914,1.472985029220581,1.9436208009719849
2243153389.0,-0.3779684901237488,-0.4515235424041748,8.3712797164917,3.802932739257813,4.045012950897217,1.8377573490142824
2243161722.0,-0.4712000787258148,-0.172735720872879,9.938164710998535,5.435301780700684,4.802707195281982,1.8334797620773315
2243170055.0,-0.2839997708797455,-0.0915841311216354,11.420076370239258,4.1466240882873535,2.891911029815674,1.5610467195510864
2243178388.0,-0.0771477073431015,0.4752611517906189,10.494153022766112,3.2179551124572754,-0.3781686127185821,1.4421712160110474
2243186721.0,-0.6903743147850037,0.6541367173194885,10.111268043518066,3.6784987449646,-1.139218807220459,1.6365318298339844
2243195054.0,-0.508432924747467,0.0993195474147796,9.851231575012209,3.005100727081299,-1.037222981452942,1.7351723909378052
2243203387.0,-0.4150745570659637,0.4932641685009002,8.607551574707031,3.418334722518921,-0.0965144410729408,1.3204265832901
2243211720.0,-0.0840538814663887,0.9606582522392272,9.879350662231444,3.949318408966065,1.5482908487319946,1.433334231376648
2243220053.0,0.1253421902656555,0.5435736179351807,11.062589645385742,2.6532890796661377,1.8404982089996336,1.586917281150818
2243228386.0,0.1376398652791977,0.6888426542282104,10.129581451416016,1.6894766092300415,1.46929669380188,1.5185271501541138
2243236719.0,-0.5603522658348083,0.266646534204483,9.743488311767578,1.940521597862244,1.9522273540496824,1.8091975450515747
2243245052.0,-0.6498885154724121,-1.0321842432022097,9.87806224822998,1.4117670059204102,2.3959429264068604,1.6853781938552856
2243253385.0,-0.1145912557840347,-0.8052053451538086,9.3698148727417,1.962217092514038,2.386183977127075,1.8003864288330078
2243261718.0,-0.065748319029808,-0.3562676310539245,10.117767333984377,3.544459581375122,1.1200209856033323,2.232677936553955
2243270051.0,-0.5455436110496521,0.2345331758260727,10.197179794311523,3.720480442047119,0.302824318408966,2.080016851425171
2243278384.0,-0.7401139140129089,0.3866900503635406,9.103812217712402,3.5508627891540527,0.6279969215393066,1.7313557863235474
2243286717.0,-0.9464104175567628,0.3748129308223724,9.363361358642578,3.264854669570923,2.565509080886841,1.695521593093872
2243295050.0,-0.5738251209259033,0.1886156946420669,10.671472549438477,2.0357553958892822,3.43388295173645,2.0767126083374023
2243303383.0,-0.5077511072158813,0.259947270154953,10.048819541931152,2.04738450050354,2.298813581466675,2.035268545150757
2243311716.0,-0.485990434885025,0.340774655342102,10.286087989807127,3.046031951904297,0.6586828827857971,2.180629253387451
2243320049.0,-0.3725763857364654,0.3076049089431762,10.712676048278809,3.082660436630249,-0.5128993988037109,1.981248140335083
2243328382.0,-0.572018563747406,-0.2577044069766998,9.780682563781738,2.1165170669555664,-1.0242619514465332,1.9422377347946167
2243336715.0,-0.4303309917449951,0.1355109363794326,9.099267959594728,2.0596277713775635,0.4576111137866974,2.135113000869751
2243345048.0,-0.4468597173690796,0.4105077981948852,9.780451774597168,2.710484981536865,1.6987998485565186,2.046769380569458
2243353381.0,-0.5829716920852661,0.5908365249633789,10.365660667419434,2.454573392868042,2.207216739654541,1.978071928024292
2243361714.0,-0.6695510149002075,0.4477883577346802,10.33580207824707,1.9213112592697144,2.1350109577178955,1.7693418264389038
2243370047.0,-0.7789590954780579,0.7675139307975769,10.207209587097168,1.6293343305587769,1.9438515901565552,1.709686279296875
2243378380.0,-0.3634756505489349,0.5978419780731201,10.607165336608888,1.4452704191207886,1.2461965084075928,1.9730262756347656
2243386713.0,-0.5223132967948914,0.4128316342830658,10.13462734222412,1.178498148918152,-0.0445175394415855,1.7313557863235474
2243395046.0,-0.4989228248596191,0.2728658318519592,10.034501075744627,1.275832176208496,-0.1074773222208023,1.5469075441360474
2243403379.0,-0.2263965010643005,-0.0008037378429435,9.946561813354492,1.0430500507354736,0.525002121925354,1.9200814962387085
2243411712.0,-0.5774761438369751,0.0815928131341934,9.72858715057373,1.1010408401489258,1.5065908432006836,2.0195672512054443
2243420045.0,-1.085303783416748,0.4600200951099396,9.541979789733888,1.4078224897384644,2.815990686416626,1.732073187828064
2243428378.0,-0.8685469031333923,0.2127375900745391,10.507893562316896,1.4690659046173096,3.5396437644958496,1.4620733261108398
2243436711.0,-0.2305807918310165,-0.3060911297798157,10.768607139587402,0.8827305436134338,2.054120779037476,1.364047646522522
2243445044.0,-0.5821913480758667,-0.3333081901073456,10.35744571685791,0.7859855890274048,-0.05122846737504,1.4147894382476809
2243453377.0,-0.9105257391929626,0.0237972345203161,9.50893497467041,1.2051368951797483,-0.2607016861438751,1.430849552154541
2243461710.0,-0.6691879034042358,-0.1366740614175796,9.151113510131836,2.340872287750244,0.4444454312324524,1.155547857284546
2243470043.0,-0.646828830242157,-0.5958815813064575,9.528556823730469,2.235034227371216,1.174118161201477,1.519321322441101
2243478376.0,-0.950837790966034,0.0034025611821562,9.670562744140623,1.6624791622161863,1.7840185165405271,1.4120999574661257
2243486709.0,-0.6552011966705322,0.3995606303215027,9.87053680419922,2.393048048019409,1.8278446197509768,1.2508326768875122
2243495042.0,-0.4250995218753814,0.4006486535072326,10.38219928741455,2.464307308197021,0.878145694732666,1.3144328594207764
2243503375.0,-0.5894191265106201,0.1923112869262695,10.31583309173584,1.2640753984451294,-0.5153071284294128,1.0780903100967407
2243511708.0,-0.479011595249176,-0.1964742839336395,9.372756004333496,0.2034666687250137,-0.9764146208763124,0.9532977342605592
2243520041.0,-0.8755794763565063,-0.5473570227622986,9.195229530334473,0.6837079524993896,0.0190954115241765,1.1340317726135254
2243528374.0,-0.274101585149765,-0.6601138114929199,9.85962963104248,1.292891263961792,1.2101829051971436,1.3434025049209597
2243536707.0,-0.2221801280975341,-0.4270549118518829,10.225865364074709,1.7720825672149658,1.280391812324524,1.7577898502349854
2243545040.0,-0.7175900936126709,0.2469598799943924,10.10240364074707,1.8509231805801392,0.8621112108230591,1.6391445398330688
2243553373.0,-1.273282170295715,-0.1023217886686325,10.053766250610352,1.7908576726913452,1.1986820697784424,1.2000141143798828
2243561706.0,-0.5744013786315918,-0.6530905961990356,9.8543062210083,1.0947651863098145,1.5771580934524536,1.1687135696411133
2243570039.0,0.1609426885843277,-1.0111457109451294,10.207996368408203,1.425573229789734,0.2768515050411224,1.9479498863220213
2243578372.0,0.1037395372986793,-0.7188699841499329,10.228815078735352,1.9204914569854736,-1.9663026332855225,1.9713356494903564
2243586705.0,-0.5070577263832092,-0.2275132238864898,9.20203685760498,2.534720659255981,-1.8241435289382928,1.6923452615737915
2243595038.0,-0.4329699873924255,-0.2920547127723694,8.784551620483398,3.1834523677825928,0.2887877225875854,1.5432192087173462
2243603371.0,-0.4852487742900848,-0.5968155264854431,9.328032493591309,2.82948899269104,2.4596707820892334,1.5084350109100342
2243611704.0,-0.7753987908363342,-0.4438065588474273,9.683364868164062,2.1869819164276123,3.714179277420044,1.6071523427963257
2243620037.0,-0.7536561489105225,0.2130870074033737,9.141172409057615,2.8703184127807617,3.4844963550567627,1.7754892110824585
2243628370.0,-0.6762449145317078,0.2742631137371063,10.01002597808838,4.190219879150391,1.6103286743164062,1.5243929624557495
2243636703.0,-0.3220245242118835,-0.1120284795761108,10.989617347717283,2.997493267059326,-1.3964370489120483,1.1411527395248413
2243645036.0,-0.9034164547920228,-0.0531930439174175,10.024914741516112,1.0125946998596191,-2.6395468711853027,1.2050857543945312
2243653369.0,-0.8135924935340881,0.8953440189361572,8.76887321472168,1.5863536596298218,-1.3024070262908936,1.212898015975952
2243661702.0,-0.6830445528030396,0.8518304824829102,9.867974281311035,2.834100246429444,0.382715106010437,1.1500152349472046
2243670035.0,-0.0720186084508895,0.0829801931977272,10.928216934204102,1.3374344110488892,0.9713045358657836,1.104831576347351
2243678368.0,0.0933517515659332,-0.6428832411766052,10.000811576843262,-0.130171537399292,0.6738208532333374,1.266175627708435
2243686701.0,-0.2542478144168854,-0.5214422345161438,9.593585968017578,0.5774601697921753,0.3956246972084045,1.27314293384552
2243695034.0,-0.5390495657920837,-0.3016147017478943,9.6356782913208,1.75310218334198,0.7360634803771973,1.0058581829071045
2243703367.0,-0.6931784152984619,-0.5370326042175293,9.219422340393066,2.7941160202026367,0.722359836101532,0.5105558037757874
2243711700.0,-0.7539069056510925,-0.7608568072319031,10.100135803222656,2.505110740661621,1.426341533660889,0.5902159810066223
2243720033.0,-0.5667278170585632,-0.5435598492622375,9.702115058898926,1.2353616952896118,1.4965500831604004,0.9116746783256532
2243728366.0,-0.2488279938697815,-0.1914222240447998,9.060297966003418,2.055427074432373,0.4906022548675537,0.8908246755599976
2243736699.0,-0.1300754994153976,-0.8534083366394043,10.19984531402588,2.790581464767456,-0.8782097101211548,0.6997681260108948
2243745032.0,-0.7054023742675781,-1.19098699092865,10.16313362121582,1.9533542394638064,-1.0937790870666504,0.3793084025382995
2243753365.0,-0.7523605823516846,-0.7202299237251282,9.354918479919434,2.572962760925293,0.6161888837814331,0.4805358946323395
2243761698.0,-0.4923017621040344,-0.39638152718544,9.783706665039062,4.318367958068848,2.506852388381958,0.8251497745513916
2243770031.0,-0.2299220263957977,-0.3140820562839508,10.684046745300291,4.528123378753662,1.9117826223373413,0.52464359998703
2243778364.0,-0.5776230096817017,-0.5483447909355164,10.6549072265625,3.3298380374908447,0.7571183443069458,0.3563324809074402
2243786697.0,-0.7065356373786926,-0.6672509908676147,9.935933113098145,2.711484670639038,0.3788986206054687,0.282025545835495
2243795030.0,-0.4747408032417297,-0.4918904900550842,9.666715621948242,3.717099189758301,0.4399372637271881,0.3830992877483368
2243803363.0,-0.4224212169647217,-0.0517757274210453,10.004319190979004,4.78413724899292,0.5314313769340515,0.424568772315979
2243811696.0,-0.6665843725204468,0.6694566607475281,10.20085620880127,4.907111644744873,0.7433891296386719,0.4125044643878937
2243820029.0,-0.587795078754425,0.9937044382095336,10.717121124267578,3.953134775161743,1.582818865776062,0.2855603098869324
2243828362.0,-0.9173471927642822,0.7953150272369385,10.956497192382812,2.347813606262207,1.947693347930908,0.4671652019023895
2243836695.0,-0.8602204322814941,0.7013086676597595,10.144939422607422,1.5764154195785522,1.9186471700668333,0.2353563904762268
2243845028.0,-0.3596003651618957,0.2049711495637893,10.144217491149902,2.3797287940979004,1.057778239250183,0.3182953000068664
2243853361.0,-0.2105433195829391,-0.1541226655244827,10.44834041595459,2.2789368629455566,-0.5160756707191467,0.5253608226776123
2243861694.0,-0.3602862358093261,0.0892880260944366,9.727728843688965,1.7083028554916382,-1.3041232824325562,0.5474146008491516
2243870027.0,-0.5013078451156616,-0.1458058506250381,9.04382038116455,1.6835083961486816,-0.9567941427230836,0.5594788789749146
2243878360.0,-0.909591019153595,-0.5953310132026672,9.009211540222168,1.309028148651123,0.4416534304618835,0.5310214757919312
2243886693.0,-0.9438219666481018,-0.5115286707878113,9.184457778930664,1.188129186630249,2.611563205718994,0.8478695154190063
2243895026.0,-0.5626162886619568,-0.1088276728987693,9.8968505859375,1.9769705533981323,2.341153860092163,0.9027864336967468
2243903359.0,-0.3468494117259979,0.1742002516984939,10.776622772216797,2.4933793544769287,-0.2245087474584579,0.5771527290344238
2243911692.0,-0.3264560103416443,0.1204770877957344,10.396734237670898,1.7230567932128906,-2.255333423614502,0.4559205770492553
2243920025.0,-0.133167877793312,-0.6210087537765503,9.72361946105957,0.8306567668914795,-2.832857608795166,0.4914474785327911
2243928358.0,-0.2653634548187256,-0.5756799578666687,8.773335456848145,0.8402877449989319,-1.528580665588379,0.5883974432945251
2243936691.0,-0.0914960652589798,-0.5359699726104736,8.954767227172852,1.9924159049987795,0.2277745604515075,0.7345521450042725
2243945024.0,-0.760921061038971,-0.4028820693492889,9.515542030334473,3.110324144363404,1.795109748840332,0.4179090857505798
2243953357.0,-1.0050801038742063,-0.7096219062805176,9.65337085723877,3.0935208797454834,3.059095621109009,0.3224192261695862
2243961690.0,-0.3905035555362701,-1.0378762483596802,9.392979621887209,3.190368175506592,2.6010100841522217,0.1632779240608215
2243970023.0,-0.2927558720111847,-0.9811655879020692,9.974093437194824,3.729163408279419,0.2057719528675079,0.0931973904371261
2243978356.0,-0.6558071970939636,-0.9535520672798156,10.207831382751465,3.6530895233154297,-2.04627013206482,0.1460907906293869
2243986689.0,-1.1551133394241333,-0.9110497236251832,9.258013725280762,4.050033092498779,-2.0995476245880127,0.0153813492506742
2243995022.0,-0.9298003911972046,-0.4491510391235351,9.47513484954834,4.920046806335449,-0.0996906161308288,0.0596427544951438
2244003355.0,0.044090487062931,0.0174045003950595,9.82357406616211,5.291452407836914,0.2287479192018509,-0.1945657283067703
2244011688.0,0.0766196101903915,0.2923220992088318,10.303464889526367,5.260075092315674,-0.5000923871994019,-0.5323918461799622
2244020021.0,-0.3303965926170349,0.5050838589668274,10.506356239318848,3.858079671859741,-0.1883158534765243,-0.1239985078573226
2244028354.0,-0.7779473066329956,0.4899901747703552,9.86842155456543,2.7688863277435303,0.8121634125709534,-0.213494673371315
2244036687.0,-0.1948321014642715,0.2946170270442962,9.625812530517578,3.048593759536743,1.4205782413482666,-0.2730733752250671
2244045020.0,-0.0955707505345344,-0.4297701120376587,10.07170581817627,3.2853713035583496,0.797102153301239,-0.2179259061813354
2244053353.0,-0.5290051102638245,-0.0258714035153388,10.1655912399292,2.796984910964966,0.1687850058078766,-0.2962542474269867
2244061686.0,-0.3957220613956451,0.7248660922050476,10.193586349487305,2.636537313461304,0.2754170596599579,-0.4144383370876312
2244070019.0,-0.4909098446369171,0.6205754280090332,9.70753288269043,2.358213186264038,-0.0185703206807374,-0.70426344871521
2244078352.0,-0.9495290517807008,0.4772798120975494,9.756011009216309,1.644549012184143,0.9971749782562256,-0.7530072331428528
2244086685.0,-0.7632691860198975,-0.1627058535814285,9.613008499145508,0.3361484110355377,1.971335411071777,-0.6726554036140442
2244095018.0,-0.6039993762969971,-0.5706844925880432,9.938652992248535,0.4039236903190613,1.7739778757095337,-0.6106176972389221
2244103351.0,-0.6419392824172974,0.2002222090959549,10.378087043762209,1.1401278972625732,0.6512803435325623,-0.5974007844924927
2244111684.0,-0.3473842740058899,-0.1339075118303299,10.459338188171388,1.7264634370803833,-1.207173228263855,-0.9229320883750916
2244120017.0,-0.2893067300319671,-0.2907893657684326,9.469722747802734,1.7317657470703125,-2.3683435916900635,-1.3194148540496826
2244128350.0,-0.4878602623939514,-0.6072801351547241,9.682368278503418,1.1830573081970217,-0.658644437789917,-1.132430911064148
2244136683.0,-0.5538024306297302,-0.8045040965080261,9.704801559448242,0.6134737730026245,1.2795718908309937,-1.1451869010925293
2244145016.0,-0.2682562470436096,-0.5335147380828857,9.529027938842772,1.7878353595733645,2.218948602676392,-1.2772283554077148
2244153349.0,-0.3267817199230194,-0.5754833817481995,10.56764030456543,3.311779499053955,1.841112732887268,-1.293006420135498
2244161682.0,-0.1013055518269538,-1.1896653175354004,11.205978393554688,2.8447813987731934,0.5155761241912842,-1.5438212156295776
2244170015.0,-0.1259940415620803,-1.009286880493164,9.667391777038574,2.568377733230591,-0.1284553855657577,-1.3671084642410278
2244178348.0,-0.2503558695316314,-1.2900240421295166,9.76512622833252,3.499762535095215,0.2687573134899139,-1.206148624420166
2244186681.0,-0.7104056477546692,-0.7485142946243286,9.719058990478516,3.8759591579437256,1.4810024499893188,-1.4266104698181152
2244195014.0,-0.6363300085067749,0.0126149738207459,9.982133865356444,4.703401565551758,3.162217855453491,-1.6755294799804688
2244203347.0,-0.3039952516555786,-0.2010084837675094,10.599756240844728,4.691054821014404,3.4314236640930176,-1.5704855918884275
2244211680.0,-0.6872091293334961,0.1604322642087936,10.730884552001951,3.56963849067688,2.2989418506622314,-1.6832140684127808
2244220013.0,-0.629138708114624,0.755406379699707,10.25552463531494,2.771601438522339,1.5911434888839722,-1.71443772315979
2244228346.0,-0.7992187142372131,0.5896773338317871,9.557586669921877,2.883765697479248,0.7808627486228943,-1.79368793964386
2244236679.0,-0.8963174223899841,0.19670170545578,9.983231544494627,2.16743803024292,0.7443112730979919,-1.9662511348724363
2244245012.0,-0.8150458931922913,0.040878627449274,9.979405403137209,0.8854969143867493,1.1604658365249634,-1.7782939672470093
2244253345.0,-0.7864603996276855,-0.0903865322470665,9.718582153320312,0.7070425152778625,1.2366937398910522,-1.6438703536987305
2244261678.0,-0.9938711524009703,0.0351426526904106,10.252217292785645,0.8459228873252869,1.560739278793335,-1.5385446548461914
2244270011.0,-1.275426745414734,0.1872843354940414,10.186368942260742,0.7980243563652039,1.1165117025375366,-2.1094348430633545
2244278344.0,-0.7831533551216125,0.0230966322124004,10.133749961853027,0.8665167093276978,0.4107882678508758,-2.5585033893585205
2244286677.0,0.046972170472145,-0.8668074011802673,10.55574893951416,0.4659357070922851,-0.8197579383850098,-2.5753064155578613
2244295010.0,0.1838319450616836,-1.718199372291565,10.365154266357422,-0.3361356556415558,-2.056387662887573,-2.316833257675171
2244303343.0,-0.3476163446903229,-1.356937050819397,8.974064826965332,0.5992066264152527,-1.1684446334838867,-2.275901556015014
2244311676.0,-0.8236402869224548,-0.6768368482589722,8.178201675415039,3.411444902420044,1.3238844871520996,-2.469878435134888
2244320009.0,-0.8601250648498535,-0.456835389137268,9.17341423034668,4.4880876541137695,3.5795252323150635,-2.9440488815307617
2244328342.0,-0.7404198050498962,-0.5674620270729065,10.292009353637695,3.3305296897888184,4.152337074279785,-3.1781375408172607
2244336675.0,-0.6571040153503418,-0.4724105298519134,10.601825714111328,1.7819440364837646,2.8787713050842285,-3.108492612838745
2244345008.0,-0.9251803755760192,-0.0707320868968963,10.291301727294922,1.6623766422271729,0.8085260987281799,-2.879859685897827
2244353341.0,-1.0490777492523191,0.5686982274055481,9.756221771240234,2.6311066150665283,-0.6679679751396179,-2.859931468963623
2244361674.0,-0.66584712266922,0.5968590378761292,10.24715805053711,2.678544759750366,-1.5993785858154297,-3.010646343231201
2244370007.0,-0.5090521574020386,0.2306670397520065,10.41445541381836,0.9186672568321228,-1.739411473274231,-3.444960594177246
2244378340.0,-0.6953101754188538,-0.0648431777954101,9.82744026184082,-0.8612785935401917,-0.4016055762767792,-3.606637954711914
2244386673.0,-0.5490396022796631,0.175511747598648,9.625929832458496,-0.8247014284133911,1.632279872894287,-3.5224950313568115
2244395006.0,-0.5934714674949646,-0.133645549416542,9.887906074523926,0.1584880799055099,2.37560510635376,-3.615577697753906
2244403339.0,-0.6554392576217651,-0.6792250275611877,10.28307056427002,0.1453736126422882,2.0227179527282715,-3.99648666381836
2244411672.0,-0.700215756893158,-1.215807557106018,9.805598258972168,-0.4535000324249267,1.3758301734924316,-3.779226541519165
2244420005.0,-0.3435463905334472,-1.416287183761597,9.788415908813477,-0.4421273469924927,0.1607421487569809,-3.5988259315490723
2244428338.0,-0.7967760562896729,-1.168850064277649,9.225316047668455,0.1657881587743759,-1.1062020063400269,-4.112186431884766
2244436671.0,-0.913990318775177,-1.2023051977157593,9.242697715759276,1.4827953577041626,-0.7489858865737915,-4.441688060760498
2244445004.0,-0.9079015254974364,-1.407531976699829,9.35206127166748,1.64895498752594,0.801021158695221,-4.468967437744141
2244453337.0,-0.5909295082092285,-1.280335783958435,9.57814121246338,1.569294571876526,1.5440902709960938,-4.289360046386719
2244461670.0,-0.7699686884880066,-1.0437527894973757,9.582598686218262,1.9597067832946773,1.4621758460998535,-4.253551006317139
2244470003.0,-1.016725778579712,-1.1259039640426636,9.791584968566896,2.4045746326446533,0.9306548237800598,-4.43123722076416
2244478336.0,-0.8155150413513184,-1.827786564826965,10.375922203063965,2.3826234340667725,0.2154285460710525,-4.434463977813721
2244486669.0,-0.2559517920017242,-1.5478407144546509,10.22950839996338,2.107449531555176,-1.0650910139083862,-4.606412887573242
2244495002.0,-0.0774184241890907,-0.7789550423622131,9.715913772583008,3.362649440765381,-1.8455568552017207,-4.527238845825195
2244503335.0,-0.2714687585830688,-1.319401502609253,9.92104434967041,4.068910598754883,-1.7047041654586792,-4.561638832092285
2244511668.0,0.1165695115923881,-1.667769432067871,9.524349212646484,3.244542121887207,-0.1144700124859809,-4.72216272354126
2244520001.0,-0.5166244506835938,-1.3449686765670776,9.37155818939209,3.3757638931274414,1.8823775053024288,-4.540302753448486
2244528334.0,-0.7126513123512268,-1.1229724884033203,10.054569244384766,3.9137914180755615,3.718098402023315,-4.70192813873291
2244536667.0,-1.0225211381912231,-0.5400383472442627,9.622583389282228,5.0973992347717285,3.959179401397705,-5.065009593963623
2244545000.0,-0.7128275632858276,-0.3726769983768463,10.548377990722656,5.570314884185791,3.018829584121704,-5.246896743774414
2244553333.0,-0.548267662525177,-0.5724464058876038,11.007847785949709,3.869298696517944,1.0173590183258057,-5.004047870635986
2244561666.0,-0.749784529209137,-0.3809748589992523,10.25179958343506,2.213927984237671,-0.8719084858894348,-5.266209602355957
2244569999.0,-0.8079439997673035,-0.2835495769977569,9.46094036102295,2.607670307159424,-0.8365610241889954,-5.422739028930664
2244578332.0,-0.8327667713165283,-0.4797327816486358,9.852642059326172,3.388340473175049,0.4353779554367065,-5.406985759735107
2244586665.0,-0.557026743888855,-0.6204265356063843,10.186739921569824,2.807358741760254,1.706356406211853,-5.513925075531006
2244594998.0,-0.1912439465522766,-0.462189257144928,9.71275234222412,2.893242835998535,1.894799947738648,-5.737613677978516
2244603331.0,-0.1940417289733886,-0.8565117120742798,9.934617042541504,2.9413721561431885,1.6819970607757568,-5.756312370300293
2244611664.0,-0.8552194237709045,-1.0651569366455078,9.91390323638916,2.361132860183716,1.713297724723816,-5.806107044219971
2244619997.0,-0.9447702169418336,-1.3717947006225586,9.214883804321287,2.7069509029388428,1.9055583477020264,-6.023008346557617
2244628330.0,-0.9660664796829224,-1.105540156364441,9.148138999938965,4.060996055603027,2.332778215408325,-5.995704174041748
2244636663.0,-1.0634461641311646,-0.8576096892356873,10.21312141418457,4.4171881675720215,1.980556964874268,-5.886946201324463
2244644996.0,-0.7347423434257507,-0.3719226121902466,10.114232063293455,3.914483070373535,0.6835030913352966,-5.941836833953857
2244653329.0,-1.2267825603485107,-0.003128906013444,9.69948387145996,3.991222858428955,-0.2034282684326172,-6.1770782470703125
2244661662.0,-1.027416706085205,-0.7338046431541443,10.272876739501951,3.055816650390625,-0.1046085283160209,-6.134506702423096
2244669995.0,-0.8473365902900696,-1.66084623336792,9.574357986450195,2.479368209838867,0.1068241596221923,-6.085506916046143
2244678328.0,-0.8075351119041443,-1.7226213216781616,9.21321964263916,3.77050518989563,0.1880213022232055,-6.138272762298584
2244686661.0,-0.6170817613601685,-1.099541425704956,10.209495544433594,5.325418472290039,0.5202124118804932,-5.819247722625732
2244694994.0,-0.4051567614078522,-0.4841204583644867,10.409924507141112,5.58355712890625,-0.4639762639999389,-6.207353115081787
2244703327.0,-0.0279344618320465,-0.7013928890228271,9.67824935913086,5.295114994049072,-1.364060401916504,-6.458244800567627
2244711660.0,-0.1855495125055313,-1.4174697399139404,9.704376220703123,4.429508209228516,-0.7214762568473816,-6.2807135581970215
2244719993.0,-0.230323925614357,-1.5081173181533811,9.55509090423584,3.843301057815552,0.2716774344444275,-6.234991550445557
2244728326.0,-0.4957663118839264,-0.5605059862136841,8.892799377441406,5.500387668609619,1.7031031847000122,-5.871551036834717
2244736659.0,-1.264844536781311,0.2388307005167007,9.56764030456543,7.4696879386901855,2.8449349403381348,-5.989095211029053
2244744992.0,-1.1744208335876465,0.2077983766794204,10.625887870788574,6.665860652923584,3.2646496295928955,-6.545205593109131
2244753325.0,-0.9396079182624816,-0.3577857613563537,10.292784690856934,4.266627788543701,2.382853984832764,-6.369800090789795
2244761658.0,-0.7411474585533142,-0.5960727334022522,9.994210243225098,2.9191901683807373,0.3122247159481048,-6.103487968444824
2244769991.0,-0.9343371391296388,0.3306845724582672,9.95995807647705,3.4410550594329834,-1.2560453414916992,-6.084739208221436
2244778324.0,-0.8082205653190613,0.1897776871919632,10.194713592529297,4.217986583709717,-2.388988971710205,-6.363524436950684
2244786657.0,-0.8695333003997803,0.2306549847126007,9.787679672241213,3.808414936065674,-2.072934865951538,-6.707190990447998
2244794990.0,-0.5918259024620056,0.0129068717360496,9.693194389343262,2.8054378032684326,-0.1665181517601013,-6.691514492034912
2244803323.0,-0.2957044243812561,-0.3720571994781494,9.920893669128418,1.8613736629486084,0.9189234375953674,-6.503787040710449
2244811656.0,-0.777696430683136,-0.0689361169934272,9.82379150390625,1.7974148988723757,1.1078541278839111,-6.530579566955566
2244819989.0,-1.0060094594955444,0.0826612040400505,10.442374229431152,2.416229248046875,1.841035842895508,-6.463854789733887
2244828322.0,-0.8504460453987122,-0.4059672057628631,10.625300407409668,2.360313415527344,0.6433399319648743,-6.793254375457764
2244836655.0,-0.6722097992897034,-0.6189925074577332,10.299464225769045,2.053608655929565,-0.5256553888320923,-6.947349548339844
2244844988.0,-0.572363555431366,-0.1565022319555282,10.171924591064451,1.790755271911621,-1.0750038623809814,-6.748069763183594
2244853321.0,-0.5486778616905212,-0.0153963696211576,9.829484939575195,1.945567727088928,-1.6309609413146973,-6.964305877685547
2244861654.0,-0.6422730684280396,-0.5942623615264893,9.693742752075195,1.82249128818512,-1.2696465253829956,-7.203337669372559
2244869987.0,-0.6532667875289917,-1.0876169204711914,9.738725662231444,0.980884313583374,0.1796454340219497,-7.205924987792969
2244878320.0,-0.7593759298324585,-1.0602962970733645,9.454055786132812,1.2862060070037842,1.395527482032776,-7.053493976593018
2244886653.0,-0.9745294451713562,-0.7806962132453918,9.964022636413574,2.4206604957580566,2.276170492172241,-6.7404632568359375
2244894986.0,-1.0805580615997314,-0.7920068502426147,10.724514961242676,2.780079841613769,1.4414029121398926,-7.129518985748291
2244903319.0,-0.7098110914230347,-1.0663414001464844,10.47130012512207,2.3139004707336426,-0.3697927594184875,-7.450362682342529
2244911652.0,-0.3891872465610504,-1.2645901441574097,9.94747829437256,2.4544973373413086,-1.93269681930542,-7.468190193176269
2244919985.0,-0.2870553731918335,-1.7136719226837158,9.93687343597412,2.380394697189331,-2.862057685852051,-7.545619964599609
2244928318.0,-0.8043161034584045,-1.1099177598953247,8.975138664245605,2.813505887985229,-2.0040063858032227,-7.733372688293457
2244936651.0,-0.4692611694335937,-0.991818904876709,9.406336784362791,4.145753860473633,0.1814640611410141,-7.785216331481934
2244944984.0,-0.3211217224597931,-1.7880606651306152,10.024129867553713,3.838305950164795,1.432719588279724,-7.613780975341797
2244953317.0,-0.6545796394348145,-1.1443500518798828,9.561162948608398,3.575965166091919,1.4120744466781616,-7.855374336242676
2244961650.0,-0.83879554271698,-0.3163249790668487,9.61701202392578,4.495772838592529,1.5964457988739014,-7.941156387329102
2244969983.0,-1.0952361822128296,-0.4128483235836029,10.543594360351562,4.43760347366333,1.1866437196731567,-8.413176536560059
2244978316.0,-0.6940754055976868,-0.1143618002533912,10.822265625,3.312727689743042,0.153160348534584,-8.521652221679688
2244986649.0,-0.6294500827789307,-0.6049384474754333,10.779711723327637,2.2963037490844727,-0.7984470129013062,-8.331696510314941
2244994982.0,-0.5455276966094971,-0.4190230965614319,10.051724433898926,1.7690857648849487,-1.4333726167678833,-8.51230239868164
2245003315.0,-0.4071804285049438,-0.5904626846313477,9.254831314086914,2.5608222484588623,-1.150309920310974,-8.977227210998535
2245011648.0,-0.4741396307945251,-0.9735288023948668,9.834878921508787,2.840273380279541,-0.2826531231403351,-9.191874504089355
2245019981.0,-0.3466713428497314,-1.119937777519226,10.408477783203123,2.1280181407928467,1.3260875940322876,-9.142951011657717
2245028314.0,-0.674429178237915,-1.1984766721725464,9.56774616241455,1.8039727210998533,1.9816585779190063,-9.160907745361328
2245036647.0,-1.1997960805892944,-0.687286376953125,9.333855628967283,3.178560495376587,3.3308115005493164,-9.23321533203125
2245044980.0,-0.7226212024688721,-1.2748183012008667,10.27747917175293,3.49356460571289,2.658796548843384,-9.484313011169434
2245053313.0,-0.4223064184188843,-1.9093561172485352,10.357016563415527,2.7082059383392334,0.4341484606266022,-9.674241065979004
2245061646.0,-0.9391816854476928,-1.2908639907836914,9.35693359375,2.831384897232056,-1.124208927154541,-9.62795639038086
2245069979.0,-1.3357642889022827,-0.7018346786499023,9.054101943969728,4.147419452667236,-0.4136187732219696,-9.743067741394045
2245078312.0,-1.3690654039382937,-0.6833359599113464,9.15954303741455,4.890078067779541,0.5565333962440491,-9.923979759216309
2245086645.0,-1.0132153034210205,-0.6443088054656982,9.712682723999023,4.1241865158081055,1.4704749584197998,-9.894241333007812
2245094978.0,-0.8501332402229309,-0.8279960751533508,10.210232734680176,2.6446568965911865,0.9744296073913574,-9.682130813598633
2245103311.0,-0.9148263931274414,-0.7367074489593506,10.16151523590088,2.205270290374756,-0.4537305533885956,-9.775390625
2245111644.0,-0.9145041108131408,-0.5581521987915039,10.120180130004885,2.7107162475585938,-1.501404047012329,-9.765503883361816
2245119977.0,-1.0760807991027832,-0.4925279021263122,10.301958084106444,3.011427879333496,-1.6392089128494265,-9.964554786682127
2245128310.0,-0.7371224164962769,-0.5960555076599121,10.144716262817385,2.3872084617614746,-0.9353294372558594,-10.083070755004885
2245136643.0,-0.4330278635025024,-0.5555229187011719,10.04062271118164,2.2226884365081787,-0.6973732113838196,-10.109453201293944
2245144976.0,-0.8009161949157715,-0.5053137540817261,10.17919635772705,1.9696966409683228,-0.1966405063867569,-10.398356437683104
2245153309.0,-0.7391495108604431,-0.5327816009521484,10.036767959594728,1.9497942924499512,0.390476256608963,-10.358474731445312
2245161642.0,-0.9781760573387146,-1.0806204080581665,9.880701065063477,2.262748956680298,0.4228014349937439,-10.57553005218506
2245169975.0,-1.0976685285568235,-1.066952109336853,10.120734214782717,1.959655523300171,0.3995949029922485,-10.464056015014648
2245178308.0,-1.1311358213424685,-0.9650952219963074,9.832685470581056,2.230116844177246,0.0190441887825727,-10.487032890319824
2245186641.0,-1.171613693237305,-0.8459150195121765,10.012449264526367,2.664482355117798,-0.5254248380661011,-10.598991394042969
2245194974.0,-0.9254843592643738,-1.1036726236343384,10.473721504211426,2.505751132965088,-1.361780881881714,-10.785796165466309
2245203307.0,-0.6233963966369629,-1.2467235326766968,10.54568099975586,1.7754381895065308,-1.8030632734298704,-10.809439659118652
2245211640.0,-0.7771316766738892,-1.2459843158721924,9.668953895568848,1.831020951271057,-2.0703988075256348,-10.78057098388672
2245219973.0,-0.957058310508728,-1.1430046558380127,9.183188438415527,2.952386379241944,-1.214396595954895,-11.018193244934082
2245228306.0,-0.6054142713546753,-1.5097076892852783,9.86661434173584,3.102946758270264,-0.209806203842163,-11.009869575500488
2245236639.0,-0.4184246659278869,-1.60829496383667,10.03400421142578,2.8666558265686035,-0.3657713234424591,-11.021294593811035
2245244972.0,-0.1712365746498108,-1.628804087638855,9.913352966308594,2.9639127254486084,-1.2343499660491943,-11.101134300231934
2245253305.0,-0.1385242640972137,-1.331091046333313,9.258574485778809,3.6877963542938232,-2.08707332611084,-11.349079132080078
2245261638.0,-0.4460553824901581,-1.019985556602478,9.667280197143556,4.334478855133057,-1.5292465686798096,-11.50609302520752
2245269971.0,-0.4564551115036011,-0.9193652868270874,9.85272216796875,3.705034971237183,-0.4702773094177246,-11.608320236206056
2245278304.0,-0.7626749873161316,-0.5017107129096985,9.314678192138672,3.4779651165008545,0.7838596701622009,-12.077420234680176
2245286637.0,-0.5170674324035645,-0.5716907978057861,10.218562126159668,3.4557323455810547,1.6856344938278198,-12.13100528717041
2245294970.0,-0.5115376710891724,-1.1503047943115234,10.347016334533691,2.5038046836853027,1.198272466659546,-12.29214572906494
2245303303.0,-0.392084926366806,-0.5935964584350586,9.666973114013672,2.3705594539642334,-0.1019190624356269,-12.31261157989502
2245311636.0,-0.8672792315483093,-0.2413068115711212,9.636197090148926,3.182300329208374,-0.4005042612552643,-12.410764694213867
2245319969.0,-0.9006161093711853,-0.9897475242614746,9.887158393859863,2.520120859146118,-0.0651113912463188,-12.77725315093994
2245328302.0,-0.4293127954006195,-1.4425990581512451,9.92128562927246,1.5330761671066284,0.3687553703784942,-12.911958694458008
2245336635.0,-0.6499989032745361,-1.4755886793136597,9.808357238769531,1.6047961711883545,0.571338415145874,-12.93467903137207
2245344968.0,-0.8517906665802002,-1.4973065853118896,9.501649856567385,2.4377458095550537,1.136337399482727,-13.263079643249512
2245353301.0,-0.5513045191764832,-1.3837530612945557,9.782042503356934,3.18985652923584,1.2580561637878418,-13.487895011901855
2245361634.0,-0.946895182132721,-1.1333166360855105,10.096094131469728,3.224180221557617,1.2252956628799438,-13.68725299835205
2245369967.0,-0.8833228349685669,-1.4582483768463137,10.475656509399414,2.4433038234710693,1.5410420894622805,-13.515300750732422
2245378300.0,-1.0585039854049685,-0.9730616211891174,9.95914363861084,2.0922605991363525,1.1196368932724,-13.999053001403809
2245386633.0,-0.6584761142730713,-1.0975444316864014,10.348638534545898,2.9140422344207764,0.815109133720398,-14.196690559387209
2245394966.0,-0.4780543744564056,-1.80554461479187,10.138622283935549,2.833075523376465,0.001191062037833,-14.226658821105955
2245403299.0,-0.6173673272132874,-1.5608912706375122,9.767438888549805,2.891373634338379,0.0509595237672328,-14.172767639160156
2245411632.0,-0.5344559550285339,-1.5943481922149658,9.63629913330078,3.00474214553833,0.8502005338668823,-14.03414249420166
2245419965.0,-1.1340351104736328,-1.6455615758895874,9.445672988891602,3.219056367874145,1.96068012714386,-14.174919128417969
2245428298.0,-1.0238759517669678,-1.3005025386810305,9.596027374267578,3.3920297622680664,3.154892921447754,-14.431498527526855
2245436631.0,-1.2761958837509155,-1.3097002506256104,10.037817001342772,3.570509910583496,2.863070011138916,-14.628854751586914
2245444964.0,-1.2755990028381348,-1.1917695999145508,10.148327827453612,3.2532262802124023,1.8400118350982664,-14.954181671142578
2245453297.0,-0.91783207654953,-0.6440004706382751,9.78982162475586,3.334961414337158,0.3310768604278564,-14.707926750183104
2245461630.0,-0.8824052810668945,-0.9611886739730836,10.161358833312988,3.0224928855896,-1.3243842124938965,-14.884075164794922
2245469963.0,-0.4586941003799438,-1.2464295625686646,9.799893379211426,1.7066383361816406,-2.180668354034424,-14.977875709533691
2245478296.0,-0.5865363478660583,-1.5135478973388672,9.1919527053833,1.7960832118988037,-1.612621188163757,-14.88420295715332
2245486629.0,-0.7379528284072876,-1.6179708242416382,9.300169944763184,2.439026355743408,0.1618691831827163,-14.982486724853516
2245494962.0,-0.8136364221572876,-2.0577948093414307,9.406071662902832,3.092061281204224,1.7723642587661743,-15.027002334594728
2245503295.0,-0.7577506899833679,-1.4274951219558716,9.55683422088623,3.9698097705841056,2.560002326965332,-15.255224227905272
2245511628.0,-0.4795160591602325,-1.6517369747161863,10.429364204406738,4.008692741394043,1.7021560668945312,-15.206868171691896
2245519961.0,-0.6351902484893799,-1.805403113365173,10.126927375793455,3.3752520084381104,-0.3126473724842071,-15.486856460571287
2245528294.0,-1.269147515296936,-1.3159021139144895,9.51127815246582,3.5937421321868896,-0.521582841873169,-15.482961654663086
2245536627.0,-1.0130579471588137,-1.4728426933288574,9.778017044067385,3.927239179611206,0.5461596250534058,-15.41047477722168
2245544960.0,-1.155489206314087,-1.340620756149292,9.416791915893556,4.306534767150879,0.760269045829773,-15.573457717895508
2245553293.0,-1.1031943559646606,-1.1845908164978027,9.983019828796388,4.284634590148926,1.3257290124893188,-15.705473899841309
2245561626.0,-1.048228740692139,-0.8441795110702515,10.144658088684082,4.084895133972168,1.1220189332962036,-15.893303871154783
2245569959.0,-0.9561843276023864,-0.5310492515563965,10.471763610839844,4.06960391998291,0.3950356841087341,-16.05321502685547
2245578292.0,-1.3701571226119995,-0.478438138961792,10.47335147857666,3.402735948562622,0.0145360799506306,-15.960565567016602
2245586625.0,-1.4160680770874023,-0.7833190560340881,9.940441131591797,2.9697024822235107,0.1976010799407959,-16.357921600341797
2245594958.0,-0.9679174423217772,-1.1382514238357544,9.725497245788574,2.902106046676636,0.0986276119947433,-16.526151657104492
2245603291.0,-1.281124234199524,-0.715394914150238,10.025575637817385,2.819756031036377,-0.189212366938591,-16.51116943359375
2245611624.0,-1.333184003829956,-0.2253734916448593,10.523759841918944,2.685025930404663,-0.5389493107795715,-16.967565536499023
2245619957.0,-1.0934935808181765,-0.2623000144958496,10.136184692382812,2.2458183765411377,-0.8695010542869568,-17.165178298950195
2245628290.0,-0.8111147880554199,-1.1928141117095947,10.093324661254885,1.5932700634002686,-1.2448009252548218,-17.342790603637695
2245636623.0,-0.5545689463615417,-1.2780903577804563,9.791980743408203,0.8228701949119568,-1.506629467010498,-17.614219665527344
2245644956.0,-0.8020362854003906,-1.0378520488739014,9.939075469970703,1.049607515335083,-1.0636056661605835,-17.682201385498047
2245653289.0,-0.8992707133293152,-1.2151200771331787,10.196500778198242,1.5589979887008667,-0.4076250195503235,-17.68952751159668
2245661622.0,-0.9773390293121338,-1.6296745538711548,9.897037506103516,1.7437280416488647,0.4105835258960724,-18.129812240600582
2245669955.0,-0.8064364790916443,-2.0261850357055664,9.89173698425293,1.606051325798035,0.7798895835876465,-18.30765151977539
2245678288.0,-1.107929229736328,-2.3677382469177246,10.11782932281494,1.5730345249176023,0.555457592010498,-18.04348945617676
2245686621.0,-1.434501886367798,-2.416744947433472,9.739770889282228,2.045642852783203,0.3002116978168487,-18.225942611694336
2245694954.0,-1.2230069637298584,-2.1559293270111084,9.680922508239746,3.4592418670654297,-0.0348097570240497,-18.54366111755371
2245703287.0,-1.1176377534866333,-2.559338092803955,10.381534576416016,4.201414108276367,-0.7714752554893494,-18.471376419067383
2245711620.0,-1.243430733680725,-3.4082400798797607,10.20900058746338,3.3074774742126465,-1.3189029693603516,-18.46884155273437
2245719953.0,-1.146742343902588,-3.5124261379241943,9.225690841674805,4.094500541687012,-0.88871169090271,-18.5423526763916
2245728286.0,-1.235569715499878,-3.468836545944214,9.660943031311035,6.125633239746094,-0.3324472606182098,-18.52137756347656
2245736619.0,-1.4395092725753784,-3.7230145931243896,10.22249698638916,7.375916481018066,0.0050588133744895,-18.58016395568848
2245744952.0,-1.3472743034362793,-3.03031325340271,9.741053581237791,8.446949005126953,-0.0831182077527046,-18.575883865356445
2245753285.0,-1.6010069847106934,-2.835783004760742,10.011820793151855,9.636449813842772,-0.1065040379762649,-18.347841262817383
2245761618.0,-1.2887099981307983,-3.1685984134674072,10.139304161071776,9.426694869995115,-0.9611489176750184,-18.31720733642578
2245769951.0,-1.2979183197021484,-2.745605945587158,9.699393272399902,9.71798038482666,-2.294908046722412,-18.60757064819336
2245778284.0,-1.764676213264465,-2.244948625564575,10.062363624572754,10.190614700317385,-2.2059245109558105,-18.470149993896484
2245786617.0,-1.6385735273361206,-1.7126545906066897,10.3673734664917,10.50549030303955,-1.4474096298217771,-18.92016792297364
2245794950.0,-1.2427289485931396,-1.520893931388855,10.394242286682127,10.687249183654783,-1.4699245691299438,-18.9672966003418
2245803283.0,-1.0752710103988647,-1.4241389036178589,10.581430435180664,9.87399673461914,-1.8726062774658203,-18.696298599243164
2245811616.0,-1.6804951429367063,-1.25718092918396,10.215456008911133,9.04634952545166,-2.169424057006836,-18.85623359680176
2245819949.0,-1.2845513820648191,-0.2761843204498291,9.893192291259766,8.781779289245605,-1.7529364824295044,-19.19936180114746
2245828282.0,-1.343576192855835,-0.331942468881607,10.79779052734375,8.872838020324707,-1.93889582157135,-19.280479431152344
2245836615.0,-1.4609689712524414,-0.0980283915996551,10.901562690734863,7.23975133895874,-2.3936767578125,-19.65258026123047
2245844948.0,-1.754010558128357,0.1338621526956558,9.900896072387695,6.2761430740356445,-1.7690222263336182,-19.591670989990234
2245853281.0,-1.4883344173431396,0.4917607605457306,10.170404434204102,5.873743534088135,-1.2557895183563232,-19.81059455871582
2245861614.0,-1.4709203243255615,0.817244827747345,11.199201583862305,4.73769998550415,-2.114788770675659,-20.09409141540528
2245869947.0,-1.4312644004821775,0.5133926272392273,11.03135871887207,3.177152872085572,-3.069380760192871,-20.368858337402344
2245878280.0,-1.1133930683135986,0.3342048823833465,10.06898021697998,2.656978130340576,-3.726616144180298,-20.44262313842773
2245886613.0,-1.062662124633789,-0.0309286676347255,9.933329582214355,2.2807817459106445,-4.270073890686035,-20.717748641967773
2245894946.0,-0.90744948387146,-0.292353093624115,9.65372085571289,1.736120581626892,-3.773361921310425,-20.84377098083496
2245903279.0,-0.5582859516143799,-0.2294726073741912,9.551164627075195,1.903868556022644,-3.654410362243652,-21.099992752075195
2245911612.0,-0.4673200249671936,-0.307636946439743,9.993432998657228,2.123049736022949,-3.320067405700684,-21.1922550201416
2245919945.0,-0.4133069515228271,-0.5414517521858215,10.060043334960938,1.7391178607940674,-3.140998363494873,-21.259033203125
2245928278.0,-0.3313128352165222,-0.6862665414810181,9.619843482971191,1.786222219467163,-3.028320789337158,-21.57377815246582
2245936611.0,-0.6204729080200195,-0.3165493011474609,9.328498840332031,2.1851894855499268,-2.588780403137207,-21.5876579284668
2245944944.0,-0.5982677340507507,-0.2572798132896423,9.547296524047852,2.497888565063477,-2.155669450759888,-21.951562881469727
2245953277.0,0.036439511924982,-0.3248049616813659,9.668621063232422,2.4180235862731934,-2.6043286323547363,-21.924001693725582
2245961610.0,-0.1915085911750793,-0.5312178134918213,9.67060375213623,1.9152668714523315,-3.174783229827881,-22.00960350036621
2245969943.0,-0.1016813293099403,-0.5891449451446533,9.711328506469728,1.1451488733291626,-3.013951301574707,-21.918954849243164
2245978276.0,-0.3586085736751556,-0.3596855700016022,9.029747009277344,1.5656834840774536,-2.2332804203033447,-21.895004272460938
2245986609.0,-0.088215634226799,-0.9629881381988524,9.597854614257812,2.1917724609375,-1.4188499450683594,-21.98265647888184
2245994942.0,-0.2082836925983429,-1.136291265487671,9.341669082641602,1.7968266010284424,-0.9475479125976562,-21.8890380859375
2246003275.0,-0.2636021375656128,-1.1403871774673462,9.25624656677246,1.928995966911316,-0.7935292720794678,-21.898155212402344
2246011608.0,-0.0269552301615476,-1.1505804061889648,9.267097473144531,1.973411202430725,-1.089322805404663,-21.767396926879883
2246019941.0,-0.0978452339768409,-1.220955491065979,9.751877784729004,1.686377763748169,-1.8578522205352783,-21.757944107055664
2246028274.0,-0.0761024877429008,-0.5748573541641235,9.549450874328612,1.0393620729446411,-1.9602071046829224,-21.703617095947266
2246036607.0,-0.0024741364177316,-0.529649019241333,9.182003021240234,1.05224609375,-1.4544024467468262,-21.656869888305664
2246044940.0,0.3123895525932312,-0.500821590423584,9.562362670898438,0.5666512250900269,-0.6660472750663757,-21.749725341796875
2246053273.0,0.2669889628887176,-0.5437465906143188,9.974233627319336,-0.3924614191055298,0.1126642525196075,-21.59255027770996
2246061606.0,0.1676339954137802,-0.7099387049674988,9.904830932617188,-1.1552793979644775,1.01902437210083,-21.568347930908203
2246069939.0,0.176007866859436,-0.7250348329544067,9.783283233642578,-1.211143970489502,1.9981801509857176,-21.370811462402344
2246078272.0,0.1924091577529907,-1.3516523838043213,9.934450149536133,-0.9893245100975036,2.065673589706421,-21.478286743164062
2246086605.0,-0.0965174883604049,-2.113517999649048,9.679945945739746,-1.316059947013855,2.314592838287353,-21.35503196716309
2246094938.0,-0.1693034172058105,-2.055283546447754,9.11852741241455,-1.2836836576461792,2.7074644565582275,-21.27972984313965
2246103271.0,-0.4290040135383606,-1.8723351955413816,9.31439208984375,-0.2092939913272857,3.108711242675781,-21.447242736816406
2246111604.0,-0.2027043104171753,-1.9552762508392327,9.772324562072754,0.1966533660888672,3.0503621101379395,-21.766372680664062
2246119937.0,-0.1834016442298889,-2.2233126163482666,9.795536994934082,0.1280328035354614,2.7313878536224365,-21.803102493286133
2246128270.0,-0.4669834077358246,-2.1195666790008545,9.335461616516112,0.3796415328979492,3.16946792602539,-21.961883544921875
2246136603.0,-0.6081320643424988,-2.195298910140991,8.752317428588867,1.462073802947998,4.341857433319092,-21.955198287963867
2246144936.0,-0.6768208146095276,-2.484736680984497,9.12709140777588,2.6829512119293213,5.09996223449707,-22.14568901062012
2246153269.0,-0.751839280128479,-2.5787887573242188,9.961517333984377,2.8656578063964844,5.213049411773682,-22.138057708740234
2246161602.0,-0.9198731184005736,-2.483067512512207,9.635591506958008,3.093496561050415,4.786777019500732,-22.209163665771484
2246169935.0,-1.1175998449325562,-2.0324652194976807,9.182278633117676,4.446953296661377,3.9928133487701416,-22.281578063964844
2246178268.0,-1.0357396602630615,-1.952450394630432,9.564935684204102,5.540322780609131,3.2792766094207764,-22.57547187805176
2246186601.0,-0.9150790572166444,-2.466313600540161,10.057043075561523,4.828810691833496,2.5481948852539062,-22.755390167236328
2246194934.0,-1.239243984222412,-2.092694044113159,9.581793785095217,4.202081203460693,2.9444472789764404,-22.705081939697266
2246203267.0,-1.2862060070037842,-1.69862961769104,9.62880802154541,4.957061290740967,3.694867610931397,-22.704004287719727
2246211600.0,-1.430054783821106,-1.4966036081314087,9.974346160888672,5.821413040161133,4.58898401260376,-22.79941749572754
2246219933.0,-1.3429031372070312,-1.5033390522003174,10.437313079833984,5.663553237915039,4.689213275909424,-22.92971992492676
2246228266.0,-1.040988802909851,-1.7297130823135376,10.562435150146484,4.903091907501221,3.956132650375366,-22.775495529174805
2246236599.0,-1.3672469854354858,-1.6586782932281494,10.442363739013672,4.2888617515563965,2.6189157962799072,-22.89534378051757
2246244932.0,-1.333517074584961,-1.4656676054000854,10.020611763000488,4.4624762535095215,2.157834053039551,-22.78026390075684
2246253265.0,-1.2472718954086304,-1.7315572500228882,10.005885124206545,4.759909152984619,2.1194896697998047,-22.74212455749512
2246261598.0,-1.2117674350738523,-1.7201710939407349,10.19538116455078,4.332611560821533,1.958324313163757,-22.77185821533203
2246269931.0,-1.4256447553634644,-1.520160675048828,10.021387100219728,4.008693695068359,2.4594669342041016,-22.75623321533203
2246278264.0,-1.2713932991027832,-1.6649751663208008,9.857062339782717,4.18827486038208,2.994804859161377,-22.84691047668457
2246286597.0,-1.24384343624115,-1.9037342071533203,9.98299503326416,4.345803260803223,2.611590385437012,-22.86115074157715
2246294930.0,-1.6848180294036863,-1.7711923122406006,9.916369438171388,4.316551208496094,2.2433342933654785,-22.937559127807617
2246303263.0,-1.7763643264770508,-1.647541642189026,9.94556999206543,4.346622467041016,2.553112745285034,-22.93428039550781
2246311596.0,-1.714921951293945,-2.092447280883789,9.877309799194336,4.642620086669922,2.1728947162628174,-22.84547233581543
2246319929.0,-1.506331205368042,-1.948824882507324,9.846662521362305,5.241712093353272,1.4146363735198977,-22.763790130615234
2246328262.0,-1.5915014743804932,-1.77937912940979,10.415080070495604,5.674310684204102,0.6854243278503418,-22.669681549072266
2246336595.0,-1.0616490840911863,-1.9221470355987549,10.323356628417969,5.779022693634033,-0.3437175750732422,-22.86714553833008
2246344928.0,-0.8578177690505981,-2.2812862396240234,9.90007781982422,5.964162349700928,-0.8883533477783203,-22.731311798095703
2246353261.0,-1.103018045425415,-2.245526075363159,9.540406227111816,6.387411594390869,-0.5462237596511841,-22.58833312988281
2246361594.0,-1.4433592557907104,-2.168012857437134,8.66128158569336,7.214547157287598,0.7531996369361877,-22.45237159729004
2246369927.0,-1.3105456829071045,-2.779782056808472,9.0413179397583,8.062968254089355,1.986730694770813,-22.1875228881836
2246378260.0,-1.2326061725616455,-2.639082431793213,9.703939437866213,7.951059341430664,1.523906946182251,-21.831100463867188
2246386593.0,-1.615570306777954,-1.9965739250183103,10.145054817199709,8.403996467590332,0.3115333020687103,-21.743295669555664
2246394926.0,-1.2789433002471924,-1.6607435941696167,10.17074203491211,9.051934242248535,-1.3236418962478638,-21.60746192932129
2246403259.0,-1.3054749965667725,-1.2061280012130735,10.22498607635498,9.527180671691896,-2.5932629108428955,-21.832969665527344
2246411592.0,-1.2511714696884155,-1.123196005821228,10.545917510986328,8.939026832580566,-2.68147873878479,-21.85919761657715
2246419925.0,-1.0552705526351929,-1.394723415374756,10.165072441101074,8.19572639465332,-1.921836853027344,-21.90258979797364
2246428258.0,-0.6696429252624512,-0.885567843914032,9.799066543579102,8.801630973815918,-0.8761352896690369,-21.930532455444336
2246436591.0,-0.4984190464019775,-0.9708277583122252,10.57256317138672,9.573644638061523,-0.5577502250671387,-21.60548973083496
2246444924.0,-0.6751301884651184,-0.5197950601577759,10.421241760253906,9.299701690673828,-0.496634691953659,-21.86327362060547
2246453257.0,-0.7271638512611389,-0.3866243660449981,10.021440505981444,8.865386009216309,-0.3986345529556274,-21.937604904174805
2246461590.0,-1.1034282445907593,-0.1504968404769897,9.743789672851562,8.61833667755127,0.1187348514795303,-22.14892196655273
2246469923.0,-0.9951953291893004,-0.3014520108699798,10.134586334228516,8.317190170288086,0.3359692990779876,-22.20476150512696
2246478256.0,-1.180919885635376,-0.5698845386505127,9.996946334838867,7.790099143981934,-0.0284318104386329,-22.151121139526367
2246486589.0,-1.4086191654205322,0.0127582075074315,10.1104154586792,7.699963569641113,-0.1847812086343765,-22.401762008666992
2246494922.0,-1.6338423490524292,0.62650465965271,9.939472198486328,7.805878162384033,-0.1766614764928817,-22.321691513061523
2246503255.0,-1.1588956117630005,0.6342912316322327,10.610347747802734,7.338033676147461,-0.7406871914863586,-22.73653793334961
2246511588.0,-0.7202817797660828,0.527590274810791,10.95615577697754,5.719033718109131,-2.068504095077514,-22.7646598815918
2246519921.0,-0.7447476983070374,0.880265474319458,10.50474452972412,4.573052883148193,-3.0413334369659424,-22.66968536376953
2246528254.0,-0.6380045413970947,0.990598440170288,10.040416717529297,4.44108772277832,-2.842617511749268,-22.888044357299805
2246536587.0,-0.5212787389755249,0.2708882093429565,10.03083038330078,4.215836048126221,-2.0794925689697266,-22.832386016845703
2246544920.0,-0.5054128170013428,-0.3566517233848572,10.112347602844238,3.147824287414551,-1.1125035285949707,-22.62946891784668
2246553253.0,-0.5154081583023071,-0.1532925069332122,9.881354331970217,2.577702283859253,-0.2459735572338104,-22.40890312194824
2246561586.0,-0.5145479440689087,-0.0717458054423332,9.693153381347656,3.2006404399871826,-0.3179495930671692,-22.578981399536133
2246569919.0,-0.7210533618927002,-0.1140123456716537,10.150187492370604,3.747070074081421,-0.7138946652412415,-22.81051445007324
2246578252.0,-0.8277081847190857,-0.6731988787651062,10.246112823486328,2.744937896728516,-0.7552616596221924,-22.76204872131348
2246586585.0,-0.6396411061286926,-0.9366787672042848,9.63893699645996,2.065981388092041,-0.9948829412460328,-22.57644844055176
2246594918.0,-0.5203200578689575,-1.1519982814788818,9.623555183410645,2.9202675819396973,-1.4147005081176758,-22.378068923950195
2246603251.0,-0.3078527152538299,-1.4747329950332642,10.197078704833984,3.539235591888428,-1.9694280624389648,-22.08747100830078
2246611584.0,-0.1974494308233261,-1.832816243171692,10.459925651550291,3.76059365272522,-2.171934127807617,-21.886268615722656
2246619917.0,-0.2611742913722992,-1.9154797792434688,10.06631851196289,4.165812015533447,-1.3628829717636108,-21.553211212158203
2246628250.0,0.0106473602354526,-1.709197998046875,10.015155792236328,5.387482166290283,-0.2869819700717926,-21.40738677978516
2246636583.0,-0.0276065189391374,-2.2336254119873047,10.491083145141602,6.107550621032715,0.2493674904108047,-21.33448982238769
2246644916.0,-0.3352115154266357,-2.17659854888916,10.265499114990234,6.206140518188477,1.374498963356018,-21.01972007751465
2246653249.0,-0.4962112605571747,-1.9182404279708865,10.168232917785645,6.9812517166137695,2.4494519233703613,-20.86899757385254
2246661582.0,-0.3934986591339111,-1.4652562141418457,10.280632019042969,8.243036270141602,2.6298272609710693,-20.7452335357666
2246669915.0,-0.4595160782337188,-1.7689251899719238,10.37771987915039,8.293163299560547,1.8675477504730225,-20.47502899169922
2246678248.0,-0.5580930709838867,-1.408097267150879,10.105463027954102,7.715458393096924,1.335334539413452,-20.24823951721192
2246686581.0,-0.3489255011081695,-0.8779482245445251,10.163671493530272,7.614488124847412,1.2503466606140137,-19.987770080566406
2246694914.0,-0.6252135634422302,-0.5812771916389465,10.06175136566162,7.7036519050598145,0.9377759099006652,-20.075422286987305
2246703247.0,-0.7310256958007812,-0.5815932154655457,9.809490203857422,7.485263347625732,1.784070611000061,-19.91169548034668
2246711580.0,-0.6250186562538147,-0.7249294519424438,9.656987190246582,6.880023956298828,3.041678667068481,-19.87181282043457
2246719913.0,-0.4570361077785492,-0.6962134838104248,9.791691780090332,6.401549816131592,2.9169628620147705,-19.90754508972168
2246728246.0,-0.676983654499054,-0.3832606375217438,9.981151580810549,6.328447341918945,2.551370859146118,-19.97636985778809
2246736579.0,-0.7047451138496399,-0.0115964226424694,10.14697551727295,5.99628210067749,2.1440532207489014,-20.193811416625977
2246744912.0,-0.471218079328537,-0.043419849127531,9.8141450881958,5.659249305725098,1.75423002243042,-20.399259567260746
2246753245.0,-0.5856685638427734,-0.264176070690155,9.852313041687012,5.151933670043945,1.6298214197158811,-20.57991600036621
2246761578.0,-0.7731272578239441,-0.1866894960403442,9.77477741241455,4.320623397827148,2.2874159812927246,-20.74016189575196
2246769911.0,-0.8022619485855103,0.1898135691881179,9.038326263427734,4.562883377075195,3.4781711101531982,-20.91108512878418
2246778244.0,-0.8487818241119385,0.4906419515609741,9.404321670532228,5.424213409423828,3.842892408370972,-21.118125915527344
2246786577.0,-1.055468201637268,0.3528513014316559,9.82666015625,4.652431011199951,3.624966621398926,-21.40749168395996
2246794910.0,-1.0930685997009275,0.0384822003543376,9.477664947509766,3.1955695152282715,3.0609922409057617,-21.54135131835937
2246803243.0,-1.1007570028305054,-0.1631048917770385,9.157289505004885,2.7729086875915527,2.381266832351685,-21.64688301086425
2246811576.0,-1.1736878156661987,-0.0800406858325004,9.441697120666504,3.219723463058472,1.7167308330535889,-21.72387886047364
2246819909.0,-1.1227535009384155,-0.1897114813327789,9.625317573547363,3.281684637069702,1.0498639345169067,-21.93288993835449
2246828242.0,-0.993342936038971,-0.2940773069858551,9.32961082458496,3.3808884620666504,0.574540376663208,-21.93353080749512
2246836575.0,-1.2777525186538696,-0.2485306113958358,9.404465675354004,3.1768453121185303,1.0621331930160522,-21.748979568481445
2246844908.0,-1.067924976348877,-0.0876026079058647,9.67337703704834,2.605391502380371,1.2233234643936155,-22.068159103393555
2246853241.0,-0.8024782538414001,-0.158000499010086,9.173307418823242,2.9472389221191406,0.556277334690094,-22.19433212280273
2246861574.0,-0.928874373435974,-0.412723958492279,9.528958320617676,3.3894944190979004,-0.0653419345617294,-22.18242073059082
2246869907.0,-1.0382540225982666,-0.3689096570014953,9.768648147583008,2.5821845531463623,-0.370279461145401,-22.22545051574707
2246878240.0,-0.8930142521858215,0.0387758761644363,9.08882999420166,2.395508050918579,-0.6209405064582825,-22.274248123168945
2246886573.0,-0.6437503099441528,-0.0296782981604337,9.314581871032717,2.958559989929199,-0.5983231067657471,-22.139028549194336
2246894906.0,-0.5136492848396301,-0.5302361249923706,9.711010932922363,2.497965097427368,-1.3034576177597046,-22.05601692199707
2246903239.0,-0.6703280210494995,-0.7417483925819397,9.257786750793455,1.607229709625244,-1.6568316221237185,-21.97156524658203
2246911572.0,-0.5232279896736145,-0.7349504232406616,9.008196830749512,1.8288954496383667,-1.1719028949737549,-21.695858001708984
2246919905.0,-0.3155569732189178,-0.8645836114883423,9.102509498596191,2.513333797454834,-1.5617260932922363,-21.75763702392578
2246928238.0,-0.2797689735889435,-1.1001100540161133,9.250288963317873,2.835484266281128,-1.992224931716919,-21.729537963867188
2246936571.0,-0.5175102353096008,-0.8842144012451172,9.617059707641602,2.182807445526123,-1.716128706932068,-21.40692710876465
2246944904.0,-0.5031067132949829,-0.4076446890830993,9.77314281463623,1.5432199239730835,-1.1123753786087036,-21.20582771301269
2246953237.0,-0.6663020253181458,-0.1203416585922241,9.451967239379885,1.8304839134216309,-0.9881207942962646,-21.26866340637207
2246961570.0,-0.6583489775657654,-0.2853700220584869,10.005606651306152,2.022206544876098,-0.6612318158149719,-21.345043182373047
2246969903.0,-0.3781839311122894,-0.4753327369689941,10.38776397705078,0.8732280731201172,-0.9108681678771972,-21.264333724975582
2246978236.0,-0.1666037142276764,-0.2604972422122955,10.249988555908203,0.5765382051467896,-1.525686740875244,-21.019176483154297
2246986569.0,-0.226263552904129,-0.0659643113613128,10.551674842834473,0.737984836101532,-1.5967150926589966,-20.973121643066406
2246994902.0,0.0907951518893241,-0.134097620844841,10.577754974365234,0.6324028968811035,-1.7010163068771362,-20.97406959533692
2247003235.0,-0.0095815723761916,-0.379780650138855,10.370938301086426,0.3518500626087188,-1.0970324277877808,-21.041690826416016
2247011568.0,0.0672704428434372,-0.5876913070678711,10.45722484588623,0.0472454838454723,0.0981922149658203,-20.897306442260746
2247019901.0,0.0520203821361064,-0.7231773138046265,10.150121688842772,0.1218597665429115,0.9245844483375548,-20.98851585388184
2247028234.0,-0.1797188520431518,-0.6095598340034485,10.140141487121582,0.786600649356842,1.650594711303711,-21.104755401611328
2247036567.0,-0.2267363667488098,-0.7945510745048523,10.345495223999023,1.0797044038772583,2.2718422412872314,-21.06999397277832
2247044900.0,-0.3127597272396087,-0.8124798536300659,10.27962589263916,1.0686135292053225,2.0192348957061768,-21.18139266967773
2247053233.0,-0.084964819252491,-0.5809720158576965,10.713979721069336,0.94182288646698,1.6773102283477783,-21.01530647277832
2247061566.0,-0.1687384843826294,-0.768083393573761,10.759017944335938,0.7853967547416687,0.7680302262306213,-21.10818672180176
2247069899.0,-0.2735496163368225,-0.4749401211738586,10.21995735168457,1.239691138267517,0.5758466720581055,-21.148042678833008
2247078232.0,-0.0957016125321388,-0.3108101785182953,10.247365951538086,1.6932169198989868,1.18556809425354,-20.853349685668945
2247086565.0,-0.11859180778265,-0.6111146211624146,10.568163871765137,1.1989386081695557,1.6790521144866943,-21.012977600097656
2247094898.0,-0.3916998207569122,-0.5949360132217407,10.06394386291504,0.6023061275482178,2.1275575160980225,-20.94112968444824
2247103231.0,-0.4495866298675537,-0.7638240456581116,10.12691879272461,0.6430841088294983,3.0285134315490723,-20.89515495300293
2247111564.0,-0.4541618227958679,-0.8311694264411926,10.402901649475098,0.8127783536911011,2.7570784091949463,-20.85595893859864
2247119897.0,-0.6096094846725464,-0.7066391706466675,10.3278226852417,1.005627989768982,2.225787878036499,-20.820331573486328
2247128230.0,-0.5415884256362915,-0.7637883424758911,10.239456176757812,1.1084436178207395,1.652490496635437,-20.79062271118164
2247136563.0,-0.4253716170787811,-0.8546835780143738,10.041431427001951,0.8510972261428833,0.8207700252532959,-20.909523010253903
2247144896.0,-0.5025625228881836,-0.7632629871368408,10.000167846679688,0.6861416697502136,0.8549394607543945,-20.82197570800781
2247153229.0,-0.4068722128868103,-1.1296710968017578,10.057195663452148,0.4601727426052093,0.9054506421089172,-20.776302337646484
2247161562.0,-0.2869594395160675,-1.2429217100143433,9.608166694641112,0.6551740169525146,0.9714075326919556,-20.89702606201172
2247169895.0,-0.2433673739433288,-1.3357577323913574,9.848016738891602,1.3456827402114868,1.1265273094177246,-20.7762508392334
2247178228.0,-0.3318147361278534,-1.3545780181884766,9.697187423706056,1.2303162813186646,0.8767884373664856,-20.875661849975582
2247186561.0,-0.5170947313308716,-1.4133719205856323,9.201519966125488,1.4892762899398804,1.1670745611190796,-20.902706146240234
2247194894.0,-0.3323488235473633,-1.5924164056777954,9.706682205200195,1.5241371393203735,1.5109459161758425,-20.6500244140625
2247203227.0,-0.2681927382946014,-1.899616360664368,9.805577278137209,1.1874123811721802,0.6404457092285156,-20.62225914001465
2247211560.0,-0.4734396636486053,-1.961113452911377,9.249052047729492,1.6030032634735107,0.4507722556591034,-20.691415786743164
2247219893.0,-0.4804997444152832,-2.38897705078125,9.413041114807127,2.4006564617156982,0.6305074095726013,-20.335712432861328
2247228226.0,-0.5801238417625427,-2.399974584579468,9.309985160827637,2.859126091003418,0.7405206561088562,-20.37241744995117
2247236559.0,-0.5627458691596985,-2.280722618103028,9.471928596496582,3.5784504413604736,0.9086779356002808,-20.074880599975582
2247244892.0,-0.5213671326637268,-2.3113393783569336,9.695233345031738,4.135483741760254,0.5078151226043701,-19.96307373046875
2247253225.0,-0.7050557732582092,-2.0817947387695312,9.53017234802246,4.622436046600342,0.0740635842084884,-19.89798927307129
2247261558.0,-0.5552750825881958,-2.0075485706329346,9.741629600524902,4.939565658569336,-0.1225385293364524,-19.7236328125
2247269891.0,-0.5540606379508972,-2.028841018676758,9.705134391784668,5.202880382537842,-0.4269894361495971,-19.740306854248047
2247278224.0,-0.6369408369064331,-1.7294244766235352,9.547968864440918,5.552976131439209,-0.3910270929336548,-19.766796112060547
2247286557.0,-0.5460001826286316,-1.6531641483306885,9.867596626281738,5.985497951507568,0.0685821399092674,-19.70398712158203
2247294890.0,-0.4044544994831085,-1.3886641263961792,9.723685264587402,6.106474876403809,-0.3924870789051056,-19.98508071899414
2247303223.0,-0.3917356431484222,-1.0581098794937134,9.75887680053711,6.322760105133057,-0.5682263970375061,-20.00100898742676
2247311556.0,-0.4588973224163055,-1.012384057044983,10.074945449829102,5.925536155700684,-0.50490802526474,-20.01148796081543
2247319889.0,-0.6062922477722168,-0.6447914242744446,9.69029712677002,5.59201192855835,-0.1155714690685272,-20.16192054748535
2247328222.0,-0.4715630114078522,-0.4249114096164703,10.03524684906006,5.802381992340088,0.4152965545654297,-20.35233688354492
2247336555.0,-0.3315768837928772,-0.4657177031040191,10.348615646362305,5.152445793151856,-0.0297893676906824,-20.62015914916992
2247344888.0,-0.1659853309392929,-0.1741832196712494,10.025351524353027,4.9058837890625,-0.5255275368690491,-20.86026763916016
2247353221.0,0.0242390818893909,-0.3072912096977234,10.175320625305176,4.504738807678223,-0.8886349201202393,-20.769641876220703
2247361554.0,0.0068445624783635,-0.4870141744613647,9.929492950439451,3.699580430984497,-1.0162451267242432,-21.13792610168457
2247369887.0,-0.0202038213610649,-0.3079884648323059,9.459673881530762,3.62448000907898,-0.1833211779594421,-21.167383193969727
2247378220.0,0.1336147636175155,-0.4782935678958893,9.824544906616213,3.646174430847168,0.9398249983787536,-21.26043701171875
2247386553.0,0.0283303465694189,-0.5878493785858154,9.844840049743652,3.3426718711853027,1.293224811553955,-21.552234649658203
2247394886.0,-0.0063739488832652,-0.7488162517547607,9.961938858032228,3.491106510162353,1.754921555519104,-21.5705509185791
2247403219.0,-0.0214323848485946,-0.8409220576286316,10.025609016418455,3.5248916149139404,1.453339457511902,-21.690475463867188
2247411552.0,-0.2562684416770935,-0.6391263008117676,9.864288330078123,3.909130811691284,1.502083420753479,-21.658920288085938
2247419885.0,-0.0495493076741695,-0.80385822057724,10.223969459533691,4.1299262046813965,1.4032379388809204,-21.664758682250977
2247428218.0,-0.0342332199215889,-1.03534996509552,10.052114486694336,3.93835711479187,0.5600426197052002,-21.863988876342773
2247436551.0,-0.091615542769432,-0.8794223666191101,9.706991195678713,4.340064525604248,0.7578870058059692,-21.652130126953125
2247444884.0,0.0551065057516098,-0.9612822532653807,9.948630332946776,4.623845100402832,1.0766818523406982,-21.282928466796875
2247453217.0,-0.0529290735721588,-0.8727097511291504,9.747065544128418,4.9097771644592285,1.0733778476715088,-21.42685508728028
2247461550.0,-0.082172691822052,-0.6427025198936462,9.915773391723633,5.189586639404297,1.8721836805343628,-21.09853172302246
2247469883.0,-0.0659206882119178,-0.809499979019165,10.176043510437012,5.033493995666504,1.811324119567871,-21.12035369873047
2247478216.0,-0.2736454606056213,-0.4915439188480377,9.645584106445312,5.0936360359191895,1.5229333639144895,-21.04878807067871
2247486549.0,-0.0948263555765152,-0.4410823285579681,9.995941162109377,5.456155300140381,1.3840529918670654,-20.67141532897949
2247494882.0,-0.0265374258160591,-0.5332496166229248,10.212671279907228,4.767284393310547,0.3818443417549133,-20.733142852783203
2247503215.0,-0.0328604094684124,-0.3424819409847259,9.705829620361328,4.3076887130737305,0.0310828909277915,-20.459997177124023
2247511548.0,0.1464533507823944,-0.4998170137405395,9.824257850646973,4.238760471343994,0.1457834839820861,-20.259201049804688
2247519881.0,0.0618895888328552,-0.5986007452011108,9.768281936645508,4.104106426239014,0.0282140914350748,-20.100906372070312
2247528214.0,0.0300481300801038,-0.6595554351806641,9.677660942077637,3.99071216583252,1.128166437149048,-19.777219772338867
2247536547.0,0.1149686574935913,-1.0142292976379397,10.015746116638184,3.763923406600952,1.5116631984710691,-19.535369873046875
2247544880.0,-0.0973012596368789,-1.017195463180542,9.840027809143066,3.8246800899505615,1.235208511352539,-19.41964340209961
2247553213.0,-0.0796305537223815,-1.2098102569580078,9.972671508789062,4.288682460784912,1.5971630811691284,-19.16180992126465
2247561546.0,-0.0676632672548294,-1.477516531944275,10.061967849731444,4.590904235839844,1.1316498517990112,-19.07472038269043
2247569879.0,-0.1647013574838638,-1.0618059635162354,9.796758651733398,5.180031776428223,0.8088850378990173,-19.076642990112305
2247578212.0,-0.1514974236488342,-0.9621391892433168,10.12296199798584,5.619367599487305,1.0479170083999634,-18.793169021606445
2247586545.0,-0.2757899761199951,-0.8473421335220337,10.06081199645996,5.413480758666992,0.9346765279769896,-19.11444854736328
2247594878.0,-0.2177017629146576,-0.6247459053993225,9.755327224731444,5.582765102386475,1.5993660688400269,-18.9746208190918
2247603211.0,-0.1418197005987167,-0.6073125004768372,10.042854309082031,5.7086591720581055,1.6983139514923096,-18.86890983581543
2247611544.0,-0.3596958220005035,-0.2482562959194183,9.91472625732422,5.560327529907227,1.1537039279937744,-19.215011596679688
2247619877.0,-0.2608406543731689,-0.1363216638565063,10.138391494750977,5.551055431365967,1.353315830230713,-19.14756965637207
2247628210.0,-0.2880797386169433,-0.2079655677080154,10.297924995422363,4.806551456451416,0.9070644974708556,-19.352739334106445
2247636543.0,-0.4684213995933532,0.0811714977025985,9.979230880737305,4.292602062225342,0.9895935654640198,-19.579683303833008
2247644876.0,-0.2591196596622467,-0.0931234806776046,10.205399513244627,3.998677968978882,1.347655177116394,-19.54195213317871
2247653209.0,-0.2484257817268371,-0.1745660156011581,10.06341552734375,3.5441536903381348,0.7381384968757629,-19.90787696838379
2247661542.0,-0.2413581609725952,-0.1187416687607765,9.889949798583984,3.394028425216675,0.8488689661026001,-19.976524353027344
2247669875.0,-0.125800222158432,-0.3580458462238312,10.042996406555176,2.8823838233947754,0.8069382905960083,-20.23422813415528
2247678208.0,-0.2613607943058014,-0.2944754958152771,9.654497146606444,2.656747579574585,0.9114700555801392,-20.274391174316406
2247686541.0,-0.1342862695455551,-0.7271491289138794,9.972378730773926,2.678340435028076,1.4652756452560425,-20.22119140625
2247694874.0,-0.1472796350717544,-1.21126389503479,9.909521102905272,2.2531955242156982,1.2381800413131714,-20.37405776977539
2247703207.0,-0.2360508441925048,-1.228221774101257,9.481684684753418,2.7182986736297607,1.419195532798767,-20.501026153564453
2247711540.0,-0.0645542293787002,-1.398838996887207,9.72836971282959,3.4039156436920166,1.344299554824829,-20.40666389465332
2247719873.0,-0.1426970511674881,-1.2403051853179932,9.682740211486816,3.932337284088135,0.57635897397995,-20.66851806640625
2247728206.0,-0.0438133664429187,-1.0296828746795654,9.702874183654783,4.144268989562988,0.8573471307754517,-20.5848331451416
2247736539.0,-0.0564264394342899,-1.1066617965698242,9.845675468444824,3.862871170043945,0.7224881052970886,-20.729042053222656
2247744872.0,-0.3591327369213104,-0.6678070425987244,9.432476043701172,3.7985799312591553,1.0434091091156006,-20.93370246887207
2247753205.0,-0.2836816012859344,-0.7561619281768799,9.715675354003906,4.108460903167725,2.009014844894409,-20.6655216217041
2247761538.0,-0.3892116546630859,-0.8822799324989319,9.897637367248535,3.999574422836304,1.5052852630615234,-20.70494270324707
2247769871.0,-0.5521295666694641,-0.9896722435951232,10.110695838928224,3.768944025039673,1.5050289630889893,-20.620927810668945
2247778204.0,-0.450779914855957,-1.2289700508117676,10.088994026184082,3.638362884521485,0.6261274218559265,-20.55512237548828
2247786537.0,-0.680893063545227,-0.933224081993103,9.829174041748049,4.053697109222412,0.1726271957159042,-20.585426330566406
2247794870.0,-0.5675438046455383,-0.9465832114219666,10.157959938049316,4.291679382324219,-0.109475277364254,-20.38478660583496
2247803203.0,-0.5144138932228088,-1.3208277225494385,10.234207153320312,3.783313989639282,-0.6196342706680298,-20.53542900085449
2247811536.0,-0.4956519901752472,-1.1714160442352295,9.892537117004396,3.657188892364502,-0.4870293140411377,-20.55269241333008
2247819869.0,-0.3337754309177398,-1.2083574533462524,10.015143394470217,4.226363182067871,-0.0785076543688774,-20.336917877197266
2247828202.0,-0.5207834243774414,-0.7444456219673157,9.995789527893066,4.771869659423828,-0.2987645268440246,-20.42704963684082
2247836535.0,-0.3061166703701019,-0.7225320935249329,10.350275039672852,4.733396530151367,-0.1106535419821739,-20.09001922607422
2247844868.0,-0.3258499205112457,-0.932231903076172,10.248464584350586,4.1030049324035645,-0.7832067608833313,-20.07224464416504
2247853201.0,-0.4636725783348083,-0.6849167346954346,9.865815162658691,3.863127231597901,-1.0259015560150146,-19.97547149658203
2247861534.0,-0.2840418517589569,-0.8859637975692749,10.063549041748049,3.853419780731201,-0.8129960894584656,-19.802961349487305
2247869867.0,-0.3760203123092651,-0.6546518802642822,9.816514015197754,4.162378311157227,-1.3940294981002808,-19.921655654907227
2247878200.0,-0.1288147121667862,-0.5141460299491882,9.97756576538086,4.255614280700684,-1.3441842794418335,-19.65967559814453
2247886533.0,-0.1249114423990249,-0.8767687082290649,9.9606294631958,3.65283465385437,-2.038791418075561,-19.72642707824707
2247894866.0,-0.1949145197868347,-0.6203761100769043,9.33676052093506,3.3773019313812256,-2.1571547985076904,-19.7595443725586
2247903199.0,-0.0099918860942125,-0.5865052342414856,9.596864700317385,4.034947395324707,-1.5884159803390503,-19.42330551147461
2247911532.0,-0.173195794224739,-0.5170831084251404,9.817596435546877,4.003877639770508,-1.9039067029953003,-19.658830642700195
2247919865.0,-0.0922921076416969,-0.1557667553424835,9.735299110412598,3.9801080226898193,-1.661698341369629,-19.56789970397949
2247928198.0,-0.1272093504667282,-0.4315300285816192,9.861346244812012,3.751577138900757,-1.8436362743377688,-19.406888961791992
2247936531.0,-0.1728511750698089,-0.3509631752967834,9.843069076538086,3.4209742546081543,-1.997193694114685,-19.70672607421875
2247944864.0,0.2116541117429733,-0.5949472188949585,10.148675918579102,3.497894287109375,-2.423081874847412,-19.491289138793945
2247953197.0,0.1841269135475158,-0.7313898205757141,10.231843948364258,3.806340217590332,-3.290968656539917,-19.795530319213867
2247961530.0,0.2115726023912429,-0.587232232093811,10.082279205322266,3.9912497997283936,-3.036030530929565,-19.79668426513672
2247969863.0,0.3864882588386535,-0.8107919692993164,9.963311195373535,4.122113227844238,-2.459172248840332,-19.59592056274414
2247978196.0,0.3536843955516815,-0.8276998996734619,9.953264236450195,4.235225200653076,-1.7668192386627195,-19.89937210083008
2247986529.0,0.6172107458114624,-1.0719894170761108,10.248424530029297,4.550486087799072,-0.98602032661438,-19.652477264404297
2247994862.0,0.5365945100784302,-1.1806551218032837,10.28172206878662,4.75972843170166,-1.104178786277771,-19.81461334228516
2248003195.0,0.5380255579948425,-0.8822306990623474,10.218971252441406,5.343784332275391,-0.7610503435134888,-19.757009506225582
2248011528.0,0.4861104190349579,-1.2569762468338013,10.214073181152344,5.606714725494385,-0.5026795268058777,-19.716102600097656
2248019861.0,0.523833692073822,-0.9745491743087769,10.042685508728027,5.68704080581665,-0.4172816276550293,-19.80380630493164
2248028194.0,0.7707630395889282,-1.0477325916290283,10.264373779296877,5.798206329345703,0.0208884142339229,-19.56687355041504
2248036527.0,0.6753459572792053,-1.0711376667022705,10.08896541595459,5.761885643005371,-0.2952553927898407,-19.6861629486084
2248044860.0,0.5920612812042236,-1.0724949836730957,9.882954597473145,5.929684638977051,0.4289489686489105,-19.74322891235352
2248053193.0,0.5045254230499268,-1.4705066680908203,9.77924633026123,6.040799140930176,1.163258075714111,-19.37796974182129
2248061526.0,0.3700703382492065,-1.3957160711288452,9.74000644683838,6.278960227966309,1.7619909048080444,-19.179304122924805
2248069859.0,0.5137847661972046,-1.410864233970642,10.052818298339844,6.6742143630981445,2.040059328079224,-18.910356521606445
2248078192.0,0.2719525098800659,-1.251617431640625,10.016904830932615,6.980483531951904,1.3471170663833618,-18.997827529907227
2248086525.0,0.2039172649383545,-0.8794407844543457,9.993782997131348,7.283294677734375,1.267123818397522,-18.84375762939453
2248094858.0,0.1337012499570846,-0.8032662272453308,9.816996574401855,7.180787086486816,1.280058979988098,-18.738588333129883
2248103191.0,-0.2211429923772812,-0.2774512767791748,9.694354057312012,6.936862945556641,1.8310730457305908,-18.700937271118164
2248111524.0,-0.1715872585773468,-0.0811595469713211,9.939973831176758,6.480877876281738,2.407854080200196,-18.358163833618164
2248119857.0,-0.3849264979362488,0.200220301747322,9.932828903198242,6.257727146148682,2.009271144866944,-18.46200561523437
2248128190.0,-0.3433279395103454,0.5072827339172363,10.187978744506836,5.751101970672607,1.976586937904358,-18.29591941833496
2248136523.0,-0.2746744453907013,0.4103899598121643,10.279424667358398,4.785496234893799,0.7717699408531189,-18.25019645690918
2248144856.0,-0.3752390742301941,0.645832896232605,9.946152687072754,3.8348233699798575,-0.0931589975953102,-18.505905151367188
2248153189.0,-0.0623377114534378,0.4050149023532867,9.884995460510254,3.178253173828125,-0.5289596915245056,-18.10494041442871
2248161522.0,-0.3050805926322937,0.1942219287157058,9.546774864196776,2.51697039604187,-1.0483908653259275,-18.2596492767334
2248169855.0,-0.2085300236940384,-0.011324442923069,9.415645599365234,2.112777709960937,-0.3454079926013946,-18.19840431213379
2248178188.0,-0.1501664519309997,-0.5321453213691711,9.31234359741211,2.0088610649108887,-0.0740507841110229,-18.0194149017334
2248186521.0,-0.1744471192359924,-0.4376824796199798,9.280010223388672,2.431469678878784,-0.3748643398284912,-18.12189292907715
2248194854.0,-0.0516354367136955,-0.9006713628768921,9.698887825012209,2.64860200881958,-0.7680172920227051,-18.07650756835937
2248203187.0,-0.1123024597764015,-1.1703556776046753,9.410811424255373,2.787764549255371,-1.6064999103546145,-18.28104019165039
2248211520.0,0.1222636625170707,-1.200453758239746,9.410856246948242,3.438340425491333,-1.942097544670105,-18.305753707885746
2248219853.0,0.0219962541013956,-1.1500186920166016,9.413110733032228,4.156230926513672,-2.1039538383483887,-18.37142944335937
2248228186.0,-0.0091517381370067,-0.4575170278549194,9.376578330993652,5.11041259765625,-1.7089823484420776,-18.65200996398925
2248236519.0,0.0393868423998355,-0.0302279312163591,9.632049560546877,5.647851467132568,-1.2094022035598757,-18.63958740234375
2248244852.0,-0.3110029399394989,0.3681303858757019,9.776552200317385,5.4078450202941895,-1.0246978998184204,-18.942243576049805
2248253185.0,-0.0449599921703338,0.5906600952148438,9.959033966064451,4.71351957321167,-0.6993456482887268,-19.10463523864746
2248261518.0,-0.1041016429662704,0.5563766360282898,9.939752578735352,4.06965446472168,-1.4064267873764038,-19.19057273864746
2248269851.0,-0.0201974380761384,0.72015380859375,10.156195640563965,3.6001970767974854,-2.098958969116211,-19.3899040222168
2248278184.0,0.3842160701751709,0.3418748080730438,10.602579116821287,3.083224534988404,-3.0013999938964844,-19.36833572387696
2248286517.0,0.4391399025917053,0.3955586850643158,10.234533309936523,2.5691475868225098,-3.778075695037842,-19.54379844665528
2248294850.0,0.6076652407646179,0.0755126997828483,10.17369270324707,2.2005577087402344,-3.2143564224243164,-19.286651611328125
2248303183.0,0.4395730793476105,-0.2808825373649597,9.864728927612305,1.6435251235961914,-2.2498013973236084,-19.287628173828125
2248311516.0,0.6759029626846313,-0.4655267298221588,9.86132526397705,1.4857925176620483,-1.0379403829574585,-19.131149291992188
2248319849.0,0.756100058555603,-0.920552372932434,10.155843734741213,1.6229567527770996,-0.4100583791732788,-18.770551681518555
2248328182.0,0.5167640447616577,-0.8770854473114014,10.125507354736328,1.834633231163025,-0.4988631010055542,-18.835487365722656
2248336515.0,0.6993341445922852,-0.9315364956855774,10.025588035583496,2.192924976348877,-0.703264594078064,-18.52509117126465
2248344848.0,0.5454924702644348,-1.0775712728500366,10.069961547851562,2.607055902481079,-1.1157563924789429,-18.549680709838867
2248353181.0,0.9015701413154602,-1.1200065612792969,10.080909729003906,2.334033966064453,-1.3997671604156494,-18.341691970825195
2248361514.0,0.7358328104019165,-1.0917834043502808,9.720270156860352,2.482340097427368,-1.5543233156204224,-18.21612930297852
2248369847.0,0.7037405967712402,-0.842536449432373,9.662467956542969,3.0205209255218506,-0.6837208867073059,-18.16856384277344
2248378180.0,0.7267499566078186,-0.9218159317970276,9.71561050415039,3.09411096572876,0.0722705945372581,-17.841217041015625
2248386513.0,0.5278120040893555,-0.6472543478012085,9.768397331237791,3.170210838317871,0.6132946014404297,-17.87502670288086
2248394846.0,0.7299965620040894,-0.4498450756072998,10.014345169067385,3.066139936447144,0.7754327654838562,-17.581077575683594
2248403179.0,0.460750013589859,-0.4189145267009735,10.076604843139648,2.9553842544555664,0.3283874094486236,-17.719242095947266
2248411512.0,0.7845509052276611,-0.3361133635044098,10.27420139312744,2.68543553352356,-0.1208736076951026,-17.604129791259766
2248419845.0,0.6234347820281982,-0.5345754027366638,10.244457244873049,2.408212184906006,-0.5616690516471863,-17.541168212890625
2248428178.0,0.5464346408843994,-0.2447620034217834,10.070955276489258,2.280755519866944,-0.2599845230579376,-17.558073043823242
2248436511.0,0.6852777600288391,-0.5139045715332031,10.077385902404783,2.2329087257385254,0.6377817392349243,-17.376163482666016
2248444844.0,0.6209843754768372,-0.6711384057998657,10.213046073913574,2.189517974853516,1.145148515701294,-17.450084686279297
2248453177.0,0.7156079411506653,-0.884600043296814,10.385265350341797,2.1364200115203857,1.65809965133667,-17.235977172851562
2248461510.0,0.4238370358943939,-0.8628401160240173,10.134519577026367,2.39174222946167,1.7517192363739014,-17.29749870300293
2248469843.0,0.5285429954528809,-0.6643336415290833,10.375417709350586,2.9994916915893555,2.0931315422058105,-17.268505096435547
2248478176.0,0.3645900189876556,-0.8639944791793823,10.52849578857422,3.081789970397949,1.862731575965881,-17.16282081604004
2248486509.0,0.2267547696828842,-0.9280104637145996,10.350220680236816,2.828439474105835,1.7101987600326538,-17.280902862548828
2248494842.0,0.2725123763084411,-0.8773664832115173,9.901734352111816,3.1894466876983643,2.146716594696045,-17.044715881347656
2248503175.0,0.0689631924033165,-0.5391654968261719,10.01809024810791,3.791407346725464,2.101354122161865,-17.207571029663086
2248511508.0,0.2499912232160568,-0.4108783900737762,10.427499771118164,3.73244309425354,1.9832465648651123,-17.239973068237305
2248519841.0,0.0878276899456977,-0.5269957780838013,10.159921646118164,3.347947597503662,1.6099447011947632,-17.418684005737305
2248528174.0,0.1377999037504196,-0.1581228971481323,10.024191856384276,3.293696880340576,1.6170397996902466,-17.419401168823242
2248536507.0,-0.0079961996525526,-0.2521323561668396,10.105358123779297,3.082968473434448,1.792318344116211,-17.4232177734375
2248544840.0,0.0055041443556547,-0.253929853439331,10.09753704071045,2.8312058448791504,1.7042306661605835,-17.463661193847656
2248553173.0,0.1101054698228836,-0.5215783715248108,10.250231742858888,2.6205289363861084,1.6427820920944214,-17.454286575317383
2248561506.0,-0.1818725615739822,-0.5958383083343506,10.227723121643066,2.4444563388824463,1.494962215423584,-17.483970642089844
2248569839.0,0.1476046442985534,-0.7629621624946594,10.170780181884766,2.478702545166016,1.3394582271575928,-17.410715103149414
2248578172.0,0.0862816572189331,-1.1088876724243164,10.080451965332031,2.6520087718963623,0.7501513957977295,-17.30787467956543
2248586505.0,0.2546524703502655,-0.9316567182540894,10.12719440460205,2.66281795501709,0.4439331889152527,-17.335716247558594
2248594838.0,0.4127980172634125,-0.8306602239608765,9.72337818145752,2.8961377143859863,0.2544646263122558,-17.26914405822754
2248603171.0,0.2392058819532394,-0.7822923064231873,9.863887786865234,3.1680586338043213,0.383611649274826,-17.400442123413086
2248611504.0,0.5086184740066528,-1.1526609659194946,10.104269981384276,2.90008282661438,0.9097025394439696,-17.174964904785156
2248619837.0,0.3838285803794861,-1.1605863571166992,9.636262893676758,3.0454177856445312,1.1290884017944336,-17.177677154541016
2248628170.0,0.5337507724761963,-0.8509067296981812,9.82516098022461,3.855622291564941,1.3829257488250732,-16.931577682495117
2248636503.0,0.2346922904253006,-0.8374091982841492,9.70327854156494,4.206613540649414,1.020151138305664,-17.071123123168945
2248644836.0,0.3667393028736114,-0.8236554861068726,9.797754287719728,4.1239824295043945,1.0864664316177368,-17.304853439331055
2248653169.0,0.3121076226234436,-1.1563655138015747,9.81052589416504,3.6820602416992174,1.2980402708053589,-16.899202346801758
2248661502.0,0.0195466708391904,-0.9980791807174684,9.595104217529297,3.630857229232788,1.1104159355163574,-17.01449203491211
2248669835.0,0.2432837784290313,-0.8546658754348755,9.591750144958496,4.36631965637207,1.242098689079285,-16.679636001586914
2248678168.0,-0.0668209791183471,-0.8343192338943481,9.578272819519045,4.97965145111084,0.9057579040527344,-16.8247127532959
2248686501.0,0.0610956363379955,-0.6394044756889343,9.954107284545898,4.690288543701172,0.8288640975952148,-16.73872947692871
2248694834.0,-0.1388656198978424,-0.7209799289703369,9.726483345031738,4.2301530838012695,0.5551502108573914,-16.51644515991211
2248703167.0,-0.0707634091377258,-0.5206082463264465,9.751220703125,4.332225799560547,0.3731610774993896,-16.555892944335938
2248711500.0,0.0671703293919563,-0.591964602470398,9.924880981445312,4.540700435638428,-0.0428782403469085,-16.557506561279297
2248719833.0,0.0942478030920028,-0.1710272133350372,9.83542537689209,4.507223606109619,-0.8559256196022034,-16.720643997192383
2248728166.0,0.3049168586730957,0.0839050337672233,9.638750076293944,4.517237663269043,-1.0321003198623655,-16.609657287597656
2248736499.0,0.1364952623844146,0.2309750318527221,9.49155330657959,4.0931172370910645,-0.8773901462554932,-16.764673233032227
2248744832.0,0.3611576855182647,0.219326764345169,9.652019500732422,3.1701338291168213,-0.5173051953315735,-16.838594436645508
2248753165.0,0.1126789301633834,0.0453305952250957,9.554908752441406,2.503446102142334,-0.2009436935186386,-16.76508140563965
2248761498.0,0.0393030568957328,0.2836341559886932,9.793070793151855,2.1892106533050537,0.2771588563919067,-16.747791290283203
2248769831.0,-0.1192822605371475,0.0993182212114334,9.987897872924805,2.103351831436157,0.323085218667984,-16.704864501953125
2248778164.0,-0.1983313709497451,-0.1878104358911514,10.196535110473633,1.9221055507659912,-0.1032766327261924,-16.99481964111328
2248786497.0,0.2625152766704559,-0.2514748871326446,10.231818199157717,1.6627613306045532,-1.0307170152664185,-16.943513870239258
2248794830.0,0.0650736466050148,-0.3764940202236175,10.251379013061523,1.4848190546035769,-2.24583101272583,-17.03741455078125
2248803163.0,0.3473238348960876,-0.3934492170810699,10.10004711151123,1.532026290893555,-2.457097291946411,-16.949378967285156
2248811496.0,0.2514278888702392,-0.768711268901825,9.80191135406494,1.7438560724258425,-1.9385114908218384,-17.020431518554688
2248819829.0,0.6126484870910645,-0.8989540934562683,10.003313064575195,1.847823977470398,-1.0087143182754517,-16.799558639526367
2248828162.0,0.749092698097229,-1.084444284439087,9.96755599975586,2.1858296394348145,-0.7067992687225342,-16.66400909423828
2248836495.0,0.4427992105484009,-0.9858559370040894,9.99334716796875,2.8240082263946533,-0.4008372724056244,-16.795230865478516
2248844828.0,0.5817954540252686,-0.9742056727409364,10.139104843139648,3.0640649795532227,0.0971419960260391,-16.521106719970703
2248853161.0,0.3725925087928772,-0.9845491051673888,10.120132446289062,3.1174962520599365,-0.2502254843711853,-16.640905380249023
2248861494.0,0.7011894583702087,-1.1068894863128662,10.372515678405762,3.227816343307495,-0.4997849464416504,-16.45991325378418
2248869827.0,0.7293049097061157,-1.2968618869781494,10.092723846435549,3.338547945022583,-1.2414711713790894,-16.291606903076172
2248878160.0,1.0297926664352417,-1.1286628246307373,10.303828239440918,3.88740873336792,-1.2399852275848389,-16.223493576049805
2248886493.0,1.0151422023773191,-1.176167130470276,10.151774406433104,4.202925682067871,-0.8390201926231384,-15.984697341918944
2248894826.0,0.9409725666046144,-1.0221033096313477,9.980328559875488,4.416958808898926,0.0490128546953201,-16.1032657623291
2248903159.0,1.1512097120285034,-1.2402163743972778,10.05904769897461,4.544055938720703,1.5826911926269531,-15.768869400024414
2248911492.0,0.7504266500473022,-1.2619949579238892,10.076407432556152,4.694258213043213,2.336467027664185,-15.748968124389648
2248919825.0,0.7453885674476624,-0.9966311454772948,10.14204216003418,5.094813823699951,3.082815408706665,-15.47602367401123
2248928158.0,0.3159603774547577,-0.9256954789161682,10.14074420928955,5.5844035148620605,3.062527894973755,-15.595049858093262
2248936491.0,0.2783333361148834,-0.5174466967582703,10.364850997924805,5.563964366912842,2.900057077407837,-15.468465805053713
2248944824.0,0.2245404124259948,-0.579015851020813,10.10321044921875,5.16999101638794,2.3297812938690186,-15.335372924804688
2248953157.0,0.1467958241701126,-0.4888360500335693,9.96862506866455,4.906420230865479,1.4650192260742188,-15.378661155700684
2248961490.0,0.2146812677383422,-0.6933650374412537,9.910512924194336,4.716798305511475,1.095508098602295,-15.378609657287598
2248969823.0,-0.0837345272302627,-0.5029374957084656,9.654725074768066,4.55015230178833,1.341763615608215,-15.319851875305176
2248978156.0,0.1418506652116775,-0.5485377311706543,9.878344535827637,4.620053768157959,1.8550981283187864,-15.179149627685549
2248986489.0,-0.1572716832160949,-0.695644199848175,9.8172607421875,4.51434326171875,1.685737133026123,-15.291496276855469
2248994822.0,-0.1791927218437194,-0.7783111929893494,10.033958435058594,4.398438930511475,1.7785375118255615,-15.191805839538574
2249003155.0,-0.2546906769275665,-0.9388990998268129,9.889615058898926,4.484297752380371,1.5036710500717163,-15.397563934326172
2249011488.0,-0.0565307699143886,-0.545319676399231,10.079991340637209,4.858444690704346,0.7407509684562683,-15.569642066955566
2249019821.0,0.3072049021720886,-0.6170480251312256,10.401556015014648,4.946481227874756,-0.2415678948163986,-15.448870658874512
2249028154.0,0.2124140411615371,-0.3915996849536896,9.933372497558594,4.668285369873047,-1.1018222570419312,-15.82327365875244
2249036487.0,0.3981430828571319,-0.2012253105640411,9.74925422668457,4.458350658416748,-0.5868479013442993,-15.683879852294922
2249044820.0,0.1942430287599563,-0.0521730743348598,9.608841896057127,4.154565334320068,0.5959024429321289,-15.828934669494627
2249053153.0,0.3429487645626068,0.1249883100390434,9.782697677612305,4.136687278747559,1.6149652004241943,-15.983107566833496
2249061486.0,0.104512482881546,0.0823729261755943,9.90479564666748,3.919862747192383,2.268717288970948,-15.983824729919434
2249069819.0,-0.0386339873075485,0.1775673776865005,10.120333671569824,3.5860841274261475,1.992903470993042,-16.12887954711914
2249078152.0,-0.1248931288719177,-0.0850730687379837,10.042604446411133,2.942807197570801,1.5145572423934937,-16.045400619506836
2249086485.0,-0.2688106298446655,-0.0867096781730651,9.696649551391602,2.8692688941955566,0.3512352705001831,-16.256515502929688
2249094818.0,0.1927360147237777,-0.2220428884029388,9.8157320022583,2.659872770309448,-0.5811102986335754,-16.2723445892334
2249103151.0,0.037690382450819,-0.1997740119695663,9.519064903259276,2.498297691345215,-1.7417172193527222,-16.412221908569336
2249111484.0,0.2672191262245178,-0.3764186799526214,9.418829917907717,2.32391619682312,-1.813206672668457,-16.312788009643555
2249119817.0,0.1879822462797165,-0.8685601353645325,9.112857818603516,2.046001434326172,-1.0993119478225708,-16.180896759033203
2249128150.0,0.3107108771800995,-0.9631001353263856,9.185683250427246,2.1696155071258545,-0.3295528292655945,-16.13274574279785
2249136483.0,0.5128262042999268,-1.4248069524765017,9.591279983520508,2.817220687866211,-0.1062734797596931,-15.842586517333984
2249144816.0,0.2836097180843353,-1.2684608697891235,9.756115913391112,3.42048716545105,-0.5823909640312195,-15.912385940551758
2249153149.0,0.4350895881652832,-1.1887187957763672,9.906622886657717,4.073803901672363,-0.8569245338439941,-15.887540817260742
2249161482.0,0.2724964022636413,-1.0037517547607422,9.671382904052734,4.572282791137695,-1.0403223037719729,-15.897889137268066
2249169815.0,0.5750415921211243,-0.7038856744766235,10.173169136047363,4.846739292144775,-0.8431439399719238,-15.79855728149414
2249178148.0,0.5063034892082214,-0.19964300096035,9.970402717590332,4.792027950286865,-0.8670421242713928,-15.767972946166992
2249186481.0,0.6230185627937317,0.1853481233119964,10.103364944458008,4.907649993896484,-0.5837997794151306,-15.819380760192873
2249194814.0,0.56843101978302,0.2369698882102966,10.114639282226562,4.53534746170044,-0.1500994712114334,-15.633883476257324
2249203147.0,0.4552195072174072,0.2055949717760086,10.00888442993164,3.719302654266357,0.2844845652580261,-15.680781364440918
2249211480.0,0.7749106287956238,-0.1495320200920105,10.101083755493164,3.2156248092651367,0.4561512470245361,-15.316370010375977
2249219813.0,0.4795177280902862,-0.5978809595108032,9.852601051330566,2.965552568435669,0.1005230769515037,-15.14465045928955
2249228146.0,0.5983753800392151,-0.7015648484230042,9.781228065490724,2.98404598236084,0.1046725809574127,-15.079333305358888
2249236479.0,0.4140959978103637,-0.9160818457603456,9.718908309936523,3.312471866607666,0.0751393735408783,-14.93310260772705
2249244812.0,0.6261551380157471,-0.8677414059638977,9.956414222717283,3.53782606124878,0.0374095924198627,-14.867913246154783
2249253145.0,0.6011937260627747,-1.0030524730682373,10.154152870178224,3.675220727920532,0.0562616772949695,-14.604650497436523
2249261478.0,0.3804113864898681,-0.7118805050849915,10.156405448913574,3.705266237258911,0.4783074855804443,-14.597530364990234
2249269811.0,0.3263198435306549,-0.5104571580886841,10.260725021362305,4.014071941375732,1.1857728958129885,-14.380833625793455
2249278144.0,0.1992608457803726,-0.2900980114936828,10.399590492248535,4.125851631164551,1.4103840589523315,-14.427167892456056
2249286477.0,0.6345067024230957,0.0514310672879219,10.633219718933104,3.930031061172485,1.178216576576233,-14.473044395446776
2249294810.0,0.3290891945362091,0.375885009765625,10.481674194335938,3.5632095336914062,0.6951577067375183,-14.363645553588867
2249303143.0,0.2918910086154938,0.625823438167572,10.427838325500488,2.814812660217285,0.7126777768135071,-14.507983207702637
2249311476.0,0.0877801850438118,0.5447651743888855,9.99839973449707,1.873233199119568,1.2416884899139404,-14.380396842956545
2249319809.0,-0.0659593418240547,0.4456436336040497,10.01918601989746,1.3525983095169067,1.8931611776351929,-14.408084869384766
2249328142.0,-0.0753524303436279,0.1621769517660141,10.1688814163208,0.989234745502472,1.8663173913955688,-14.314541816711426
2249336475.0,-0.2539536654949188,0.082518570125103,10.115078926086426,0.8970745801925659,1.3162260055541992,-14.580801010131836
2249344808.0,0.015457633882761,-0.2167727649211883,10.51701831817627,0.9096511006355286,0.7972815632820129,-14.291130065917969
2249353141.0,-0.2815266847610473,-0.4762510359287262,10.218403816223145,0.6417006850242615,-0.4533464014530182,-14.475604057312012
2249361474.0,0.0624740906059742,-0.8487906455993652,9.992487907409668,0.6689285635948181,-0.6291112899780273,-14.59560775756836
2249369807.0,0.1549219787120819,-1.2992404699325562,9.59857940673828,1.027527928352356,-0.9415793418884276,-14.551371574401855
2249378140.0,0.1216675192117691,-1.1866531372070312,9.461943626403809,2.101917028427124,-0.7165326476097107,-14.57473087310791
2249386473.0,0.1723912507295608,-1.420418620109558,9.346935272216797,2.7815403938293457,-0.1669536232948303,-14.578320503234863
2249394806.0,0.0637723729014396,-1.4201537370681765,9.215753555297852,3.329531192779541,0.0342334285378456,-14.791915893554688
2249403139.0,0.3491092920303345,-1.4373118877410889,9.443071365356444,3.779931783676148,-0.0803774818778038,-14.657134056091309
2249411472.0,0.0869766399264335,-1.311660885810852,9.331368446350098,3.958693504333496,-0.7441192865371704,-14.757899284362791
2249419805.0,0.4079610705375671,-0.9347096681594848,9.697328567504885,4.594156742095947,-1.169392466545105,-14.86046028137207
2249428138.0,0.4300514161586761,-0.9707823395729064,10.044026374816896,4.581349849700928,-1.645074486732483,-14.906615257263184
2249436471.0,0.599078357219696,-0.5964944958686829,10.18675708770752,4.424591064453125,-1.6483787298202517,-15.074954986572266
2249444804.0,0.7261103987693787,-0.3636387884616852,9.987585067749023,4.354946136474609,-1.1286660432815552,-14.993553161621094
2249453137.0,0.5810704231262207,-0.1969506740570068,10.106508255004885,4.141246318817139,-0.1500226110219955,-15.171364784240724
2249461470.0,0.8586130142211914,-0.240928366780281,10.34431266784668,3.5297319889068604,0.5805595517158508,-15.06552791595459
2249469803.0,0.3888697326183319,-0.4403111040592193,10.013113975524902,2.90833044052124,0.9374939799308776,-15.213679313659668
2249478136.0,0.5632703900337219,-0.4322346150875091,9.897159576416016,2.561231851577759,1.4979079961776731,-15.219775199890137
2249486469.0,0.2661916613578796,-0.753033459186554,9.626153945922852,2.495377540588379,1.5593565702438354,-15.148696899414062
2249494802.0,0.2655657827854156,-0.6732794642448425,9.748310089111328,2.5235791206359863,1.3322606086730957,-15.244058609008787
2249503135.0,0.2678566873073578,-0.834370493888855,9.758087158203123,2.273865938186645,0.6511268019676208,-15.25650691986084
2249511468.0,-0.0879621356725692,-0.8320173025131226,9.681676864624023,2.0926194190979004,0.4444710910320282,-15.551173210144045
2249519801.0,0.1329624950885772,-0.9249612092971802,9.637709617614746,2.192258834838867,0.7436709403991699,-15.525993347167969
2249528134.0,0.0748566687107086,-1.0828821659088137,9.621797561645508,2.5026776790618896,0.7854990363121033,-15.540236473083496
2249536467.0,0.3343119323253631,-1.0810152292251587,10.17115879058838,2.876312732696533,0.5394487380981445,-15.713669776916504
2249544800.0,0.1193372011184692,-1.034997820854187,10.067285537719728,3.0188558101654053,0.2900940775871277,-15.823938369750977
2249553133.0,0.3341307044029236,-1.001891851425171,10.147722244262695,3.2067365646362305,0.4426012635231018,-15.850067138671877
2249561466.0,0.3398551940917969,-1.1816579103469849,9.997200012207031,3.6270406246185294,0.4010293483734131,-15.828652381896973
2249569799.0,0.4092563688755035,-1.083967208862305,9.90947437286377,3.885462522506714,0.6588367223739624,-15.99463176727295
2249578132.0,0.6381703019142151,-1.2160053253173828,10.010886192321776,4.122445106506348,0.6575559973716736,-15.92227268218994
2249586465.0,0.3427601456642151,-0.8083718419075012,9.829794883728027,4.468340396881104,0.9414643049240112,-15.866510391235352
2249594798.0,0.5877091884613037,-0.7102788686752319,9.970633506774902,4.698970794677734,1.43143892288208,-15.669050216674805
2249603131.0,0.4615688920021057,-0.8452527523040771,9.875725746154783,4.402024745941162,1.2015767097473145,-15.684059143066406
2249611464.0,0.6567463278770447,-0.659852147102356,10.120424270629885,4.30633020401001,1.2370012998580933,-15.493490219116213
2249619797.0,0.3668262958526611,-0.7065845727920532,10.154556274414062,3.985511541366577,1.2118223905563354,-15.25776195526123
2249628130.0,0.350279301404953,-0.3259777724742889,10.15919303894043,4.052211284637451,1.4061065912246704,-15.239500999450684
2249636463.0,0.5270835161209106,-0.277714192867279,10.295736312866213,4.050802230834961,1.3411742448806765,-15.087401390075684
2249644796.0,0.3152334094047546,-0.0843755379319191,10.34241008758545,3.635364770889282,1.2160488367080688,-15.240703582763672
2249653129.0,0.5289866328239441,0.1206746473908424,10.15418815612793,3.126461267471313,1.5283631086349487,-15.1648588180542
2249661462.0,0.2646673023700714,0.2869046926498413,10.070700645446776,2.808485984802246,1.8475422859191888,-15.12303066253662
2249669795.0,0.4352294504642486,0.2958866655826568,10.222124099731444,2.314592361450196,2.1310150623321533,-14.936406135559082
2249678128.0,0.3604669272899627,0.1228036731481552,9.82531452178955,1.834709644317627,1.8945188522338867,-15.03576374053955
2249686461.0,0.4202747642993927,-0.0364277809858322,10.00322723388672,1.489608883857727,1.6813825368881226,-15.060276985168455
2249694794.0,0.2918451428413391,-0.3919264078140259,9.968812942504885,1.0132609605789185,1.5125592947006226,-14.969345092773438
2249703127.0,0.2071761488914489,-0.7045259475708008,9.663469314575195,1.042076826095581,1.7020021677017212,-14.92618465423584
2249711460.0,0.2941292524337768,-1.104196071624756,9.596046447753906,1.532026290893555,1.925025463104248,-14.741841316223145
2249719793.0,0.1493554413318634,-1.1567144393920898,9.600146293640137,2.1870334148406982,1.7252599000930786,-14.780850410461426
2249728126.0,0.2794486880302429,-1.25028657913208,9.800399780273438,2.696065187454224,1.676977038383484,-14.773730278015137
2249736459.0,-0.1655121147632599,-1.2391278743743896,9.676738739013672,3.1119632720947266,1.755331039428711,-14.774114608764648
2249744792.0,-0.0287517979741096,-1.087709665298462,9.8981351852417,3.231274604797364,1.8689045906066888,-14.750727653503418
2249753125.0,-0.1329431384801864,-1.089173436164856,9.69100284576416,3.830008029937744,1.5318723917007446,-14.69404411315918
2249761458.0,-0.0586137771606445,-0.7809685468673706,9.991496086120604,4.204155445098877,1.1543185710906982,-14.796448707580566
2249769791.0,-0.0100209601223468,-0.5887627601623535,10.126914024353027,4.231972217559815,0.6644206047058105,-14.683414459228516
2249778124.0,0.0272330548614263,-0.2496978342533111,10.302545547485352,3.880672454833984,0.1793124824762344,-14.876134872436523
2249786457.0,0.3621599972248077,-0.1855868846178054,10.357399940490724,3.35337781906128,-0.1379839032888412,-14.878491401672363
2249794790.0,0.0552236214280128,-0.1174508929252624,9.969731330871582,3.028307676315308,-0.2062970697879791,-14.996138572692873
2249803123.0,0.27332204580307,-0.2667266428470611,10.12637996673584,2.7253165245056152,0.9029147624969482,-14.918859481811523
2249811456.0,-0.1436192989349365,-0.2745119929313659,9.776205062866213,2.513589382171631,1.588326096534729,-15.091473579406738
2249819789.0,-0.039542868733406,-0.2861163914203644,10.093047142028809,2.244742155075073,2.0991766452789307,-14.998802185058594
2249828122.0,-0.1551302671432495,-0.3806621134281158,10.152596473693848,1.94049608707428,1.428979992866516,-14.96714210510254
2249836455.0,-0.216402068734169,-0.4932703971862793,10.11716651916504,1.5742127895355225,0.3975970149040222,-15.170750617980955
2249844788.0,-0.0076307007111608,-0.503949761390686,9.956459999084473,1.277318000793457,-0.5791379809379578,-15.0365571975708
2249853121.0,0.0655065178871154,-0.5035116076469421,9.865824699401855,1.1620283126831057,-1.4052484035491943,-15.325870513916016
2249861454.0,0.541179895401001,-0.495286226272583,9.824788093566896,1.1084946393966677,-1.7560867071151731,-15.277870178222656
2249869787.0,0.1924526691436767,-0.5464423894882202,9.52730655670166,1.1354920864105225,-1.3119356632232666,-15.622791290283203
2249878120.0,0.2399357110261917,-0.4451847970485687,9.70608615875244,0.9572681784629822,0.2046193480491638,-15.689873695373535
2249886453.0,-0.2205014079809188,-0.6046319603919983,9.751896858215332,0.9885687232017516,1.605820655822754,-15.802884101867676
2249894786.0,-0.2079924941062927,-0.9700058102607728,10.324172973632812,0.9620580077171326,2.442228078842163,-15.855572700500488
2249903119.0,-0.102524422109127,-1.2495830059051514,10.508161544799805,0.9750444293022156,1.6227004528045654,-15.816049575805664
2249911452.0,-0.1351036578416824,-1.1573890447616575,10.511487007141112,1.6857627630233765,-0.0005635132547467,-16.072935104370117
2249919785.0,0.2012373358011245,-1.3619234561920166,10.627130508422852,2.3370046615600586,-1.5623661279678345,-16.093708038330078
2249928118.0,0.2072729915380478,-1.5088880062103271,10.286645889282228,2.5125906467437744,-2.658630132675171,-16.423208236694336
2249936451.0,0.7505638003349304,-1.5975730419158936,10.071236610412598,2.7128682136535645,-2.0288782119750977,-16.436887741088867
2249944784.0,0.6786794066429138,-1.5985360145568848,9.526432037353516,3.5256335735321045,-1.0643997192382812,-16.459529876708984
2249953117.0,0.8017840385437012,-1.260236382484436,9.658342361450195,4.508554458618164,0.8731253743171692,-16.470701217651367
2249961450.0,0.6834833025932312,-1.3125594854354858,9.788497924804688,5.010414123535156,2.1714088916778564,-16.38578987121582
2249969783.0,0.4596848487854004,-1.084153413772583,9.868967056274414,5.137050628662109,2.8723936080932617,-16.586219787597656
2249978116.0,0.4108946323394775,-0.9639211893081664,10.088098526000977,4.882497310638428,2.9030544757843018,-16.517499923706055
2249986449.0,0.1266559362411499,-0.5954062342643738,9.988252639770508,4.643234729766846,1.9826833009719849,-16.634017944335938
2249994782.0,0.2066776603460312,-0.6107636094093323,10.244572639465332,4.379023551940918,1.1184842586517334,-16.517446517944336
2250003115.0,-0.1484925150871276,-0.4469344019889831,9.761571884155272,3.763206243515015,0.7062999606132507,-16.703073501586914
2250011448.0,-0.0413072519004344,-0.514880359172821,9.789443016052246,3.266340494155884,0.9583183526992798,-16.45911979675293
2250019781.0,-0.2666264772415161,-0.6562333106994629,9.234856605529783,2.5905861854553223,1.3278295993804932,-16.333127975463867
2250028114.0,-0.3252919018268585,-0.54976487159729,9.35834503173828,2.6340789794921875,1.646547555923462,-16.22121810913086
2250036447.0,-0.4179250597953796,-1.120291233062744,10.042502403259276,2.1228184700012207,1.5628399848937988,-16.027442932128906
2250044780.0,-0.6845516562461853,-1.2759358882904053,9.883569717407228,1.6223162412643433,1.1447389125823977,-16.165939331054688
2250053113.0,-0.6049212217330933,-1.559919357299805,9.750333786010742,1.969440460205078,0.5800728797912598,-16.06612205505371
2250061446.0,-0.8250322341918945,-1.3282685279846191,9.71005630493164,2.701521158218384,0.0469637103378772,-16.084951400756836
2250069779.0,-0.3957118093967438,-1.4085365533828735,10.31837558746338,2.9417054653167725,-0.7250878214836121,-16.014944076538086
2250078112.0,-0.3337409496307373,-1.516710638999939,10.261186599731444,2.6124343872070312,-1.6715339422225952,-16.045093536376953
2250086445.0,-0.0455534718930721,-1.2485467195510864,10.299824714660645,2.7641735076904297,-2.005466938018799,-16.03499984741211
2250094778.0,-0.1226026639342308,-1.1717820167541504,10.20016860961914,3.2184934616088867,-1.1894484758377075,-16.03174591064453
2250103111.0,-0.1293057799339294,-0.9499498009681702,10.188267707824709,3.5328829288482666,-0.1526608616113662,-16.133258819580078
2250111444.0,0.0088528748601675,-0.9824045300483704,10.457179069519045,3.522713661193848,0.960700511932373,-15.893763542175291
2250119777.0,-0.0001140009262599,-1.0713685750961304,10.399855613708496,3.034480571746826,1.039361834526062,-16.129697799682617
2250128110.0,0.2663267254829407,-0.7751744389533997,10.300251960754396,3.2523555755615234,0.6460295915603638,-16.181386947631836
2250136443.0,0.1285566687583923,-0.7810799479484558,10.152606010437012,3.334961414337158,0.1057227775454521,-16.479740142822266
2250144776.0,0.0846756994724273,-0.3497911095619201,9.593216896057127,3.382040023803711,0.2352539747953415,-16.719257354736328
2250153109.0,-0.0238874182105064,-0.362133651971817,9.45775318145752,3.034506559371948,1.1316500902175903,-16.722410202026367
2250161442.0,-0.1926372945308685,-0.7862032055854797,9.366507530212402,2.1788113117218018,2.1494064331054688,-17.00985336303711
2250169775.0,-0.3006677329540252,-0.98535817861557,9.24349308013916,1.9584009647369385,3.048133373260498,-16.95631980895996
2250178108.0,-0.7362627387046814,-1.4912607669830322,9.64781665802002,2.1347551345825195,3.3098597526550293,-16.951839447021484
2250186441.0,-0.9210208654403688,-1.3847166299819946,9.636165618896484,2.894601345062256,3.029024839401245,-17.24819564819336
2250194774.0,-0.8400530219078064,-1.4195390939712524,10.121468544006348,3.985844850540161,1.941674828529358,-17.457849502563477
2250203107.0,-0.5401172637939453,-1.462433934211731,10.191805839538574,4.019167900085449,0.2883266806602478,-17.84738540649414
2250211440.0,-0.243231788277626,-1.3345048427581787,9.870203971862791,4.0082831382751465,-0.9389412999153136,-18.15522003173828
2250219773.0,-0.2314817309379577,-1.523625731468201,9.792237281799316,3.750577688217163,-1.0808954238891602,-18.33049774169922
2250228106.0,-0.5156328082084656,-1.1504589319229126,8.925100326538086,4.07887601852417,0.3908861577510834,-18.73499870300293
2250236439.0,-0.7094743251800537,-0.916109561920166,9.098313331604004,5.103728294372559,2.9656810760498047,-18.63572120666504
2250244772.0,-0.9184178709983826,-1.100308895111084,9.880081176757812,4.875273704528809,4.427408695220947,-18.793119430541992
2250253105.0,-0.982919692993164,-1.0422555208206177,10.097825050354004,4.333174228668213,4.211404323577881,-18.95077514648437
2250261438.0,-0.9671993851661682,-1.4235285520553589,10.499412536621094,4.087790012359619,2.7472174167633057,-18.882923126220703
2250269771.0,-1.0148065090179443,-1.6594586372375488,10.295181274414062,4.053953170776367,0.183948665857315,-19.229814529418945
2250278104.0,-0.7237353324890137,-1.784677505493164,9.953639030456545,4.653788089752197,-1.4743300676345823,-19.1973876953125
2250286437.0,-0.5488208532333374,-2.0719614028930664,9.694796562194824,4.891641616821289,-1.9302380084991453,-19.23918914794922
2250294770.0,-0.4218166172504425,-1.866399884223938,9.340310096740724,5.126319408416748,-1.0668588876724243,-19.4763298034668
2250303103.0,-0.2727163434028625,-1.5910470485687256,9.325040817260742,5.671031475067139,0.7477693557739258,-19.55542182922364
2250311436.0,-0.3394583165645599,-1.3711919784545898,9.434752464294434,5.856940746307373,2.1601901054382324,-19.568004608154297
2250319769.0,-0.6599938869476318,-0.889075756072998,9.68828010559082,6.060932159423828,3.448279619216919,-19.655527114868164
2250328102.0,-0.8380494117736816,-0.9316386580467224,10.120248794555664,5.537172317504883,3.842892408370972,-19.71741104125977
2250336435.0,-1.117978811264038,-0.814659059047699,9.942719459533691,5.190201282501221,3.23744797706604,-19.80019187927246
2250344768.0,-1.036420464515686,-0.7632478475570679,10.06137752532959,4.998709678649902,2.0475642681121826,-19.833213806152344
2250353101.0,-1.0198743343353271,-0.7148938775062561,10.08131980895996,4.849737167358398,0.4820216596126556,-19.877729415893555
2250361434.0,-0.8260055780410767,-0.595093846321106,9.679204940795898,4.630734920501709,-0.7838470339775085,-20.129364013671875
2250369767.0,-0.6764026284217834,-0.6664970517158508,9.456602096557615,4.22790002822876,-1.0306403636932373,-19.932849884033203
2250378100.0,-0.8665391206741333,-0.5690511465072632,9.091015815734863,3.704166173934937,-0.4412053823471069,-20.218809127807617
2250386433.0,-0.8110597729682922,-0.4682051539421081,9.02593994140625,3.5346250534057617,1.0160274505615234,-20.21747779846192
2250394766.0,-1.0838357210159302,-0.6245368123054504,9.448912620544434,3.267544984817505,2.161778211593628,-20.27782440185547
2250403099.0,-1.358404278755188,-0.4981659948825836,9.625844955444336,2.8919119834899902,2.308931827545166,-20.34736633300781
2250411432.0,-1.3307656049728394,-0.6642922163009644,10.054285049438477,2.6841039657592773,1.8887050151824951,-20.288124084472656
2250419765.0,-1.434081792831421,-0.7619994282722473,10.027199745178224,2.4822893142700195,0.147243469953537,-20.443035125732425
2250428098.0,-1.358980655670166,-0.7324056625366211,10.078269004821776,2.5968613624572754,-1.1907548904418943,-20.37336540222168
2250436431.0,-1.062235713005066,-1.0501971244812012,10.359037399291992,2.510439157485962,-2.622514486312866,-20.32413482666016
2250444764.0,-0.8777416944503784,-0.949962556362152,10.169715881347656,2.206628561019897,-3.0411534309387207,-20.359506607055664
2250453097.0,-0.663579523563385,-1.062557339668274,10.158453941345217,2.438616991043091,-2.6108343601226807,-20.395931243896484
2250461430.0,-0.6741651892662048,-1.09289288520813,9.934200286865234,2.569633722305298,-1.601351261138916,-20.53801345825196
2250469763.0,-0.5576005578041077,-0.9594591856002808,10.164286613464355,3.0557408332824707,0.0951184928417205,-20.544723510742188
2250478096.0,-0.6007386445999146,-1.0020018815994265,10.52062702178955,3.080202579498291,0.76518714427948,-20.62710189819336
2250486429.0,-0.8958067893981934,-0.8119924664497375,10.270505905151367,3.031177043914795,0.9292721152305604,-20.643291473388672
2250494762.0,-0.8254011869430542,-1.0127251148223877,10.365880012512209,3.285987138748169,1.0112632513046265,-20.600717544555664
2250503095.0,-0.9451683759689332,-1.376544713973999,10.032593727111816,2.9074594974517822,-0.2705376446247101,-20.637779235839844
2250511428.0,-0.8583469390869141,-1.2758300304412842,9.400007247924805,3.2738969326019287,-1.1581991910934448,-20.74979019165039
2250519761.0,-0.8442262411117554,-1.3764203786849976,9.502086639404297,3.854341983795166,-1.508294939994812,-20.825559616088867
2250528094.0,-0.683695912361145,-0.9051713347434998,9.379161834716797,4.010307312011719,-2.094067096710205,-20.91349220275879
2250536427.0,-0.6001023054122925,-0.8874785900115967,9.449923515319824,3.9736533164978014,-1.7271941900253296,-20.96492958068848
2250544760.0,-0.8066232800483704,-1.1381995677947998,9.534159660339355,3.4663119316101074,-1.1132208108901978,-21.1154899597168
2250553093.0,-0.6205894351005554,-0.9878522753715516,9.400956153869627,3.2433910369873047,-0.4349042773246765,-21.19855499267578
2250561426.0,-0.4235186874866485,-1.2185388803482056,9.902715682983398,3.6706624031066895,-0.294333279132843,-21.010086059570312
2250569759.0,-0.4487363696098327,-0.8922377824783325,10.12290382385254,3.753908395767212,-1.0503888130187988,-21.3492431640625
2250578092.0,-0.3328345119953155,-0.7407522201538086,10.342598915100098,3.816304206848145,-1.605346918106079,-21.305721282958984
2250586425.0,-0.2971386313438415,-1.025788187980652,10.07160758972168,3.2166497707366943,-1.7227885723114014,-21.36945343017578
2250594758.0,-0.1526762843132019,-0.9259240627288818,9.880245208740234,3.0225958824157715,-1.0770020484924316,-21.36906623840332
2250603091.0,-0.1564842015504837,-1.1536707878112793,9.981575012207031,3.1040244102478027,-0.124177873134613,-21.31894302368164
2250611424.0,-0.2422450482845306,-1.0220167636871338,9.817766189575195,3.4215126037597656,0.3857121169567108,-21.483718872070312
2250619757.0,-0.1766470372676849,-1.0411845445632937,10.235799789428713,3.602400302886963,1.38599956035614,-21.46448135375977
2250628090.0,-0.4853170812129974,-1.3876873254776,10.184395790100098,2.965885877609253,1.6406818628311155,-21.444833755493164
2250636423.0,-0.5584214925765991,-1.4799686670303345,9.815829277038574,2.845345258712769,1.8190851211547847,-21.403568267822266
2250644756.0,-0.603591799736023,-1.8036980628967283,9.956207275390623,3.2371156215667725,2.094413042068481,-21.186748504638672
2250653089.0,-0.7591517567634583,-1.6251471042633057,10.016594886779783,3.7002203464508057,1.6115072965621948,-21.30638885498047
2250661422.0,-0.6870459318161011,-1.418750286102295,10.141000747680664,4.295956611633301,1.382567286491394,-21.20367431640625
2250669755.0,-0.7380643486976624,-1.5095754861831665,9.922374725341797,4.313298225402832,0.9412851333618164,-21.45375061035156
2250678088.0,-0.5616700053215027,-1.33877432346344,9.698847770690918,4.478586673736572,1.0070624351501465,-21.566913604736328
2250686421.0,-0.3612521886825561,-1.651936650276184,10.056440353393556,4.3261823654174805,0.9384419918060304,-21.44998550415039
2250694754.0,-0.4934924244880676,-1.4304730892181396,9.511382102966309,4.412246227264404,0.9431548714637756,-21.5466537475586
2250703087.0,-0.4683865010738373,-1.1652106046676636,9.53347396850586,5.1091837882995605,1.589530348777771,-21.383617401123047
2250711420.0,-0.6773821711540222,-1.2650537490844729,9.694350242614746,5.115356922149658,2.132347345352173,-21.43046760559082
2250719753.0,-0.7847798466682434,-1.115301251411438,9.479446411132812,4.738315105438232,2.6581568717956543,-21.61319732666016
2250728086.0,-0.7234628796577454,-1.436379075050354,9.972887992858888,4.568057537078857,2.813353538513184,-21.46686363220215
2250736419.0,-0.814983069896698,-1.4572633504867554,9.984450340270996,4.340551376342773,2.038804531097412,-21.63043594360352
2250744752.0,-0.6093776822090149,-1.2466083765029907,9.87065887451172,4.864978313446045,1.0853396654129028,-21.43556785583496
2250753085.0,-0.592930793762207,-1.4952880144119265,10.111839294433594,5.023452281951904,0.5403196215629578,-21.42792701721192
2250761418.0,-0.6193354725837708,-1.606395959854126,9.885635375976562,4.604531764984131,0.3796159327030182,-21.777002334594727
2250769751.0,-0.4281006753444671,-1.583762764930725,9.851073265075684,4.671999931335449,1.4518795013427734,-21.47875022888184
2250778084.0,-0.5083436369895935,-1.6663047075271606,9.829219818115234,5.321756362915039,2.269690990447998,-21.654897689819336
2250786417.0,-0.6238523721694946,-1.3054914474487305,9.73280906677246,6.015671730041504,3.1135523319244385,-21.7844295501709
2250794750.0,-0.8530575037002563,-1.410127878189087,10.121596336364746,6.238362312316895,3.890662670135498,-21.622392654418945
2250803083.0,-0.9994693398475648,-1.4942009449005127,9.972684860229492,5.934552192687988,3.688951015472412,-21.88181495666504
2250811416.0,-1.0923882722854614,-1.4370192289352417,9.92880630493164,6.028069496154785,3.426891565322876,-21.889036178588867
2250819749.0,-1.1660925149917605,-1.5024628639221191,10.087096214294434,6.482338905334473,2.5267815589904785,-21.99935913085937
2250828082.0,-1.103185534477234,-1.2563101053237915,9.861492156982422,6.925105094909668,1.5307968854904177,-22.302783966064453
2250836415.0,-0.9986152052879332,-1.21301531791687,10.050732612609863,7.212216377258301,1.1822896003723145,-22.09418296813965
2250844748.0,-0.993581771850586,-1.1958661079406738,9.650391578674316,6.970827579498291,1.0876960754394531,-22.334930419921875
2250853081.0,-1.0153180360794067,-0.8007678389549255,9.233381271362305,6.96293830871582,1.7749775648117063,-22.366844177246094
2250861414.0,-0.9701078534126282,-0.7583124041557312,9.665667533874512,7.209706306457519,2.275531053543091,-22.3847770690918
2250869747.0,-1.0670297145843506,-0.6181389689445496,9.747957229614258,6.98652982711792,1.9702353477478027,-22.760156631469727
2250878080.0,-1.105436086654663,-0.4420514106750488,10.146395683288574,6.584666728973389,2.072230815887451,-22.573728561401367
2250886413.0,-1.1647359132766724,-0.5378908514976501,10.16511344909668,6.044334411621094,1.6072298288345337,-22.541202545166016
2250894746.0,-1.377098560333252,-0.3055798411369324,9.772683143615724,5.812243938446045,1.1114662885665894,-22.656030654907227
2250903079.0,-1.2067047357559204,-0.4242885708808899,10.340539932250977,5.464197635650635,0.9969961047172546,-22.418102264404297
2250911412.0,-1.2060102224349976,-0.7608436942100525,10.460926055908203,4.787725448608398,0.2658886611461639,-22.708436965942383
2250919745.0,-1.0238248109817505,-0.5239123106002808,10.302081108093262,4.612217426300049,0.1657882183790207,-22.68244171142578
2250928078.0,-0.8733210563659668,-0.4989123940467834,10.42046070098877,4.72755765914917,-0.0789175033569336,-22.615896224975582
2250936411.0,-1.0249375104904177,-0.1312442272901535,9.97367000579834,4.867615699768066,0.1288268417119979,-23.05740547180176
2250944744.0,-1.0819718837738037,-0.0121030649170279,10.171401023864746,4.5968217849731445,1.0651812553405762,-22.95494842529297
2250953077.0,-1.1216347217559814,-0.1227075010538101,10.247243881225586,3.702552080154419,1.3347711563110352,-23.09815788269043
2250961410.0,-1.1399098634719849,-0.020701166242361,9.96963882446289,3.337164878845215,1.2762426137924194,-23.0907039642334
2250969743.0,-1.041651487350464,-0.0576374679803848,10.306957244873049,3.5560901165008545,0.706658661365509,-23.05474281311035
2250978076.0,-1.1604670286178589,-0.3883597254753113,10.320989608764648,3.233145475387573,-0.4661280214786529,-23.32937812805176
2250986409.0,-1.2083150148391724,-0.3568074405193329,10.176530838012695,3.027130365371704,-0.6623332500457764,-23.462114334106445
2250994742.0,-1.213077187538147,-0.4469668269157409,10.242435455322266,2.757463216781616,-0.291387677192688,-23.34989547729492
2251003075.0,-1.1281499862670898,-0.4746401906013489,10.143791198730469,2.900006055831909,-0.0902645960450172,-23.4365463256836
2251011408.0,-0.8568961024284363,-0.3713016510009765,10.585753440856934,3.107609748840332,0.1491133421659469,-23.2983341217041
2251019741.0,-0.8133171796798706,-0.5429332852363586,10.859647750854492,2.581262826919556,-0.4679979085922241,-23.36646842956543
2251028074.0,-0.8338150978088379,-0.1750915348529815,10.236380577087402,2.3457398414611816,-0.7522647976875305,-23.527530670166016
2251036407.0,-0.8243879675865173,0.0994370058178901,10.362764358520508,2.4409737586975098,-0.2226646691560745,-23.45768165588379
2251044740.0,-0.8561457991600037,0.0229718778282403,10.478578567504885,1.8604521751403809,-0.1628553718328476,-23.39056968688965
2251053073.0,-0.984345555305481,0.1029260233044624,10.193163871765137,1.0317291021347046,0.5173437595367432,-23.24385452270508
2251061406.0,-0.9916043281555176,-0.2572971880435943,10.417372703552246,0.609093964099884,0.7392655611038208,-23.166805267333984
2251069739.0,-1.175817608833313,-0.6828956604003906,10.095227241516112,0.1591285169124603,0.2023141235113144,-23.18291664123535
2251078072.0,-1.1532553434371948,-0.7885328531265259,10.142255783081056,0.5745916366577148,0.0185831375420093,-23.08320426940918
2251086405.0,-1.3176679611206057,-1.2131763696670532,10.342578887939451,0.7055572271347046,-0.5985537171363831,-23.1666259765625
2251094738.0,-1.33806312084198,-1.2982392311096191,10.0968017578125,0.6889336705207825,-0.7843851447105408,-23.248979568481445
2251103071.0,-1.10817551612854,-1.7086741924285889,10.110074996948242,0.9477145075798036,-0.8761609792709351,-23.109149932861328
2251111404.0,-1.1690902709960938,-2.209918260574341,9.75211238861084,1.1558302640914917,-1.488367199897766,-23.22349166870117
2251119737.0,-1.040535807609558,-2.1317834854125977,9.406389236450195,2.004199743270874,-1.3975389003753662,-23.179149627685547
2251128070.0,-0.8658285140991211,-2.120614528656006,9.632091522216797,3.055203437805176,-1.620997667312622,-23.266929626464844
2251136403.0,-0.8296175599098206,-1.9077359437942505,9.589494705200195,3.5858280658721924,-2.031670570373535,-23.608470916748047
2251144736.0,-0.8838443756103516,-1.5247617959976196,9.34574031829834,4.0548505783081055,-1.6564218997955322,-23.66564178466797
2251153069.0,-0.7386175394058228,-1.566042184829712,9.67116355895996,3.887973308563232,-1.2468502521514893,-23.588132858276367
2251161402.0,-0.7494127750396729,-1.1881263256072998,9.55203342437744,3.653141736984253,-1.2642678022384644,-23.80590438842773
2251169735.0,-0.745672345161438,-0.867228627204895,9.925692558288574,3.750527858734131,-1.0142217874526978,-23.994197845458984
2251178068.0,-0.4874208867549896,-0.5347756743431091,9.983339309692385,3.6230716705322266,-1.515518307685852,-24.119966506958008
2251186401.0,-0.2959871292114258,-0.1325362175703048,9.974363327026367,3.3692855834960938,-1.8795480728149407,-24.43724822998047
2251194734.0,0.0218338165432214,0.0034817371051758,9.940790176391602,2.340745210647583,-2.0403027534484863,-24.53834724426269
2251203067.0,0.1378813534975052,-0.0125777842476964,9.471168518066406,1.1165379285812378,-2.0714757442474365,-24.86124420166016
2251211400.0,0.2945816814899444,0.0570429190993309,9.310086250305176,0.2866874635219574,-1.1115814447402954,-24.98341941833496
2251219733.0,0.35202357172966,-0.2079217731952667,9.293310165405272,-0.5381297469139099,0.0149202980101108,-25.00375938415528
2251228066.0,0.1946374177932739,-0.2633311748504638,8.97297191619873,-0.8419146537780762,1.2739630937576294,-25.19069099426269
2251236399.0,0.1906232386827469,-0.7378947734832764,9.291373252868652,-1.2976690530776978,2.607415199279785,-25.13723373413086
2251244732.0,0.1314290016889572,-1.350257396697998,9.321233749389648,-1.8169724941253664,2.8192708492279053,-25.27299118041992
2251253065.0,0.0563880763947963,-1.745209574699402,9.222015380859377,-1.7702009677886963,2.442587852478028,-25.1329345703125
2251261398.0,0.0222715865820646,-2.296062469482422,9.236090660095217,-1.1970818042755127,1.9725658893585205,-24.94379425048828
2251269731.0,-0.078938715159893,-2.2632083892822266,8.818967819213867,-0.1700785905122757,1.4333091974258425,-25.126270294189453
2251278064.0,-0.1478460133075714,-2.409872055053711,8.900978088378906,0.787778913974762,1.9714901447296145,-25.08523368835449
2251286397.0,-0.19440458714962,-2.591526508331299,8.686895370483398,1.307235836982727,2.370611429214477,-25.240997314453125
2251294730.0,-0.1462223678827285,-2.439984083175659,8.707837104797363,1.8799195289611816,3.37381911277771,-25.3017807006836
2251303063.0,-0.0829741209745407,-2.4347381591796875,9.187779426574709,2.570172071456909,3.668920755386353,-25.22624588012696
2251311396.0,-0.2867531478404999,-2.2086026668548584,9.08806610107422,3.459627151489258,3.261603355407715,-25.25293731689453
2251319729.0,-0.4152815341949463,-1.8613688945770264,9.397401809692385,4.381381034851074,3.362958669662476,-25.089746475219727
2251328062.0,-0.5587401390075684,-1.952935576438904,9.513861656188965,4.457225322723389,3.102999687194824,-25.17055892944336
2251336395.0,-0.6381022334098816,-1.6132965087890625,9.32276725769043,4.442113399505615,3.04854416847229,-25.40344619750977
2251344728.0,-0.6741106510162354,-1.3686347007751465,9.660955429077148,4.830732345581055,3.1655757427215576,-25.35536766052246
2251353061.0,-0.6072120666503906,-1.0230029821395874,9.792484283447266,4.624742031097412,2.798779010772705,-25.60582160949707
2251361394.0,-0.5021483898162842,-0.8057945966720581,10.031588554382324,4.388477325439453,2.422736883163452,-25.52081298828125
2251369727.0,-0.586703896522522,-1.293117642402649,10.254559516906738,3.2255897521972656,2.21984601020813,-25.55843544006348
2251378060.0,-0.5996238589286804,-1.5584886074066162,9.774364471435549,2.421481132507324,2.447787284851074,-25.83686256408692
2251386393.0,-0.7208803296089172,-1.788834571838379,9.576239585876465,2.680159568786621,3.414135694503784,-25.815216064453125
2251394726.0,-0.6951050162315369,-2.0924935340881348,9.947068214416504,3.247566699981689,3.924372434616089,-25.940244674682617
2251403059.0,-0.7254011034965515,-2.2117748260498047,9.987178802490234,3.4701552391052246,3.923783302307129,-25.98855400085449
2251411392.0,-0.8007899522781372,-2.372579336166382,10.08888816833496,3.6780407428741455,3.81354022026062,-25.92142105102539
2251419725.0,-0.8540119528770447,-2.6915345191955566,9.912585258483888,3.7853634357452393,3.295670747756958,-26.086986541748047
2251428058.0,-1.0156493186950684,-2.7947773933410645,9.727985382080078,4.305999755859375,3.191190481185913,-26.375844955444336
2251436391.0,-0.7333189249038696,-2.837804079055786,9.969470024108888,5.023761749267578,3.069035768508911,-26.517616271972656
2251444724.0,-0.6928377747535706,-2.9185028076171875,9.962777137756348,5.874179840087891,2.6375889778137207,-26.82969665527344
2251453057.0,-0.8251202702522278,-2.5662782192230225,9.696246147155762,6.628853797912598,2.9078197479248047,-26.99555397033692
2251461390.0,-0.851637601852417,-2.601746320724488,9.615608215332031,7.043649196624756,3.4752776622772217,-26.931102752685547
2251469723.0,-1.075709581375122,-2.5025007724761963,9.35703182220459,7.575069427490234,3.878753423690796,-27.28215217590332
2251478056.0,-1.1382315158843994,-2.5619115829467773,10.006396293640137,7.808645248413086,4.361915588378906,-27.28768539428711
2251486389.0,-1.2490681409835815,-3.0690925121307373,10.158764839172363,8.111739158630371,3.869763135910034,-27.511653900146484
2251494722.0,-1.0627597570419312,-2.9923970699310303,9.8159818649292,9.002269744873047,3.0036678314208984,-27.57018280029297
2251503055.0,-1.041903018951416,-2.9611241817474365,10.07396411895752,10.243741989135742,2.222817659378052,-27.53598594665528
2251511388.0,-1.3134921789169312,-2.5005650520324707,10.057796478271484,10.870830535888672,1.8267189264297483,-27.777687072753903
2251519721.0,-1.3931121826171875,-2.4375321865081787,9.98484992980957,11.074873924255373,2.0428266525268555,-28.01126480102539
2251528054.0,-1.4506492614746094,-2.097519874572754,9.873736381530762,11.34218406677246,2.604956865310669,-28.24650764465332
2251536387.0,-1.2699939012527466,-1.8389263153076167,10.004145622253418,11.67721939086914,2.614357709884644,-28.44988250732422
2251544720.0,-1.658805251121521,-1.689777970314026,10.199356079101562,11.937536239624023,2.434545516967773,-28.473419189453125
2251553053.0,-1.7802743911743164,-1.2968751192092896,10.400067329406738,11.92006778717041,2.202044486999512,-28.42016792297364
2251561386.0,-1.9745584726333616,-1.5956666469573977,10.59934425354004,11.549837112426758,1.9425207376480105,-28.078807830810547
2251569719.0,-2.351659059524536,-1.510759353637695,10.520313262939451,11.265521049499512,1.4625099897384644,-27.96564674377441
2251578052.0,-2.072066068649292,-1.3366997241973877,10.66542911529541,11.35445499420166,0.56642085313797,-28.022436141967773
2251586385.0,-1.7542724609375,-1.147241473197937,10.840818405151367,11.739026069641112,-1.3728729486465454,-28.40920829772949
2251594718.0,-1.7976878881454468,-0.9505751729011536,10.972661018371582,11.47417449951172,-3.0098800659179688,-28.647930145263672
2251603051.0,-1.8943088054656985,-0.9435412287712096,10.831124305725098,10.538869857788086,-2.885164260864258,-28.646114349365234
2251611384.0,-1.733081936836243,-1.0324313640594482,10.217995643615724,10.128196716308594,-1.80588173866272,-28.625926971435547
2251619717.0,-1.718438744544983,-0.7852621078491211,10.271557807922363,10.315180778503418,-0.7855379581451416,-28.388124465942383
2251628050.0,-1.606772780418396,-0.342598021030426,10.934398651123049,10.555492401123049,-0.8244715332984924,-28.504026412963867
2251636383.0,-1.2208266258239746,-0.3784951269626617,11.202347755432127,10.031936645507812,-2.2617383003234863,-28.786041259765625
2251644716.0,-1.0673209428787231,-0.401805430650711,10.81838035583496,8.999528884887695,-4.196869373321533,-28.82000732421875
2251653049.0,-1.1068878173828125,-0.1072436496615409,10.128753662109377,8.460221290588379,-4.636564254760742,-28.884784698486328
2251661382.0,-1.005592703819275,-0.2998344898223877,9.931170463562012,8.142707824707031,-4.270126819610596,-29.106246948242188
2251669715.0,-0.6933750510215759,-0.3364129066467285,9.87179946899414,7.696609973907471,-3.5538244247436523,-29.42693901062012
2251678048.0,-0.4213887751102447,-0.3312361538410187,10.14295768737793,7.452070236206055,-3.10903263092041,-29.496810913085938
2251686381.0,-0.2292939126491546,0.0622593648731708,10.024832725524902,7.095086097717285,-3.249040603637696,-29.700551986694336
2251694714.0,-0.4455850422382355,0.1956346184015274,9.88681411743164,6.869320869445801,-3.0827524662017822,-29.92674827575684
2251703047.0,-0.4393476843833923,0.1982239931821823,9.89582347869873,6.137495994567871,-2.5865018367767334,-30.29572105407715
2251711380.0,-0.255979984998703,0.1249881088733673,9.64494514465332,5.554515361785889,-2.4263103008270264,-30.36769676208496
2251719713.0,-0.3844636976718902,0.121260866522789,9.673949241638184,5.079038619995117,-2.1497278213500977,-30.39180564880371
2251728046.0,-0.3057968020439148,0.2760729789733886,9.841177940368652,4.906398296356201,-2.249239444732666,-30.46680450439453
2251736379.0,-0.2425306439399719,0.1485699266195297,9.714211463928224,4.663676738739014,-2.453999280929565,-30.71802520751953
2251744712.0,-0.3810560703277588,0.0539751574397087,9.773259162902832,4.130746841430664,-2.095143795013428,-30.707290649414062
2251753045.0,-0.231412336230278,-0.153086319565773,9.869003295898438,3.460242748260498,-1.7792943716049194,-30.82647705078125
2251761378.0,0.1063430085778236,-0.6086652874946594,9.50265884399414,3.2727208137512207,-2.134615421295166,-30.990461349487305
2251769711.0,-0.0211972128599882,-1.0968945026397705,9.542977333068848,3.3314030170440674,-2.187073230743408,-30.947757720947266
2251778044.0,-0.1044048145413398,-1.1232678890228271,9.284113883972168,3.3894195556640625,-1.436140060424805,-30.881010055541992
2251786377.0,-0.2029626667499542,-0.7841716408729553,8.974867820739746,4.271561145782471,-0.575437068939209,-30.892955780029297
2251794710.0,-0.2489078938961029,-0.3412016332149505,9.683161735534668,4.997751235961914,0.1961027681827545,-30.91867446899414
2251803043.0,-0.5197156667709351,0.3656061589717865,10.441556930541992,4.395610809326172,0.6949915289878845,-30.985912322998047
2251811376.0,-0.5593881607055664,0.7700466513633728,10.611184120178224,3.3421995639801025,1.0065124034881592,-31.184064865112305
2251819709.0,-0.7150912284851074,1.6969038248062134,10.661624908447266,2.796001434326172,1.117114543914795,-31.413877487182617
2251828042.0,-0.2338708490133285,2.634062528610229,11.55710792541504,1.8134890794754028,0.5529605150222778,-31.655208587646484
2251836375.0,0.3469740450382232,3.381573438644409,11.50344944000244,0.4333932399749756,-0.5068677663803101,-32.0136604309082
2251844708.0,0.9158667325973512,3.5220372676849365,11.546804428100586,-1.548830270767212,-1.2374632358551023,-32.22428512573242
2251853041.0,1.3660740852355957,3.1540935039520264,11.546294212341309,-4.329130172729492,-1.314844012260437,-32.50128173828125
2251861374.0,0.8443222045898438,2.33309292793274,10.51527976989746,-7.353046417236328,0.5557013154029846,-32.807315826416016
2251869707.0,0.7119243144989014,1.7293211221694946,9.612738609313965,-9.130241394042969,5.1270270347595215,-32.65778350830078
2251878040.0,0.4577136933803558,1.0034420490264893,10.146084785461426,-8.963902473449707,9.583550453186035,-32.44633865356445
2251886373.0,0.349985271692276,0.1316039413213729,10.982590675354004,-8.47464370727539,11.155675888061523,-32.38737487792969
2251894706.0,0.0105752283707261,-0.9726306796073914,10.544272422790527,-7.745867252349853,10.580867767333984,-32.428462982177734
2251903039.0,0.0374838039278984,-1.6269140243530271,10.3779935836792,-7.146570682525635,8.846627235412598,-32.49405670166016
2251911372.0,0.1892554759979248,-1.7982746362686155,10.052816390991213,-6.736717224121094,6.419548511505127,-32.491058349609375
2251919705.0,0.2570743262767792,-1.3885421752929688,9.430031776428224,-5.944161415100098,4.707056522369385,-32.67123794555664
2251928038.0,0.4853262901306152,-1.8082878589630127,9.413918495178224,-5.352803707122803,4.490588665008545,-32.4693603515625
2251936371.0,0.0188888348639011,-2.3604135513305664,8.59138011932373,-5.148812294006348,6.381536960601807,-32.047447204589844
2251944704.0,-0.5544922351837158,-2.651820659637451,7.801713943481445,-4.345855712890625,9.600686073303224,-31.38070678710937
2251953037.0,-0.8728095293045044,-2.688920259475708,8.243927955627441,-2.790353536605835,12.553293228149414,-30.657978057861328
2251961370.0,-1.179904818534851,-3.0334672927856445,9.02695655822754,-1.7177306413650513,12.17017936706543,-30.26523399353028
2251969703.0,-1.3862998485565186,-3.09743070602417,9.290323257446287,-0.9456400275230408,9.649505615234377,-30.17637634277344
2251978036.0,-1.7781976461410522,-3.376734733581543,8.988031387329102,-0.5843507647514343,6.527382850646973,-29.758214950561523
2251986369.0,-1.7699426412582395,-3.332267999649048,8.360374450683594,-0.0536234490573406,3.722058773040772,-29.452205657958984
2251994702.0,-2.0061538219451904,-2.9684269428253174,7.85400390625,0.6301363706588745,2.3771567344665527,-29.255130767822266
2252003035.0,-2.0624887943267822,-2.770861387252808,7.757319450378418,0.7837963104248047,1.786491870880127,-28.834238052368164
2252011368.0,-2.377681016921997,-2.614058494567871,7.745745658874512,0.7404568195343018,2.2501354217529297,-28.53239631652832
2252019701.0,-2.495434522628784,-2.426321268081665,8.144509315490723,0.511695921421051,2.6790201663970947,-28.15102195739746
2252028034.0,-2.4533915519714355,-2.8608455657958984,8.8134765625,0.104762315750122,2.163508415222168,-27.914430618286133
2252036367.0,-2.7589352130889893,-3.5335755348205566,8.952301025390625,-0.1531860381364822,0.4658976793289184,-27.669193267822266
2252044700.0,-2.3187148571014404,-4.06101131439209,9.17489242553711,0.506368100643158,-1.5832295417785645,-27.59032440185547
2252053033.0,-1.9309744834899905,-4.263225555419922,9.16018772125244,1.4537112712860107,-4.153286933898926,-27.53577041625977
2252061366.0,-1.7488934993743896,-3.860782623291016,9.07514190673828,2.784807205200196,-6.077225208282471,-27.63884353637696
2252069699.0,-1.6322897672653198,-3.379523038864136,9.154253959655762,3.542297840118408,-6.287825107574463,-27.686431884765625
2252078032.0,-1.5797128677368164,-3.4780495166778564,9.094544410705566,3.453672409057617,-5.371296405792236,-27.85958671569824
2252086365.0,-1.5161046981811523,-3.2297146320343018,8.563812255859375,3.1126697063446045,-3.75762391090393,-28.131046295166016
2252094698.0,-1.6717244386672974,-3.250526189804077,9.029115676879885,3.5406839847564697,-2.0584254264831543,-28.14856719970703
2252103031.0,-1.714729905128479,-3.314962387084961,9.2551851272583,4.1223320960998535,-1.8343775272369385,-28.353683471679688
2252111364.0,-1.6816421747207642,-3.1155006885528564,9.576257705688477,5.273897647857666,-3.131662607192993,-28.650733947753903
2252119697.0,-1.6925482749938965,-3.292623281478882,9.992907524108888,5.812924861907959,-4.928656578063965,-29.12987327575684
2252128030.0,-1.3101410865783691,-3.28336763381958,9.630166053771973,6.078903198242188,-6.6237311363220215,-29.323850631713867
2252136363.0,-1.1139039993286133,-3.2990732192993164,9.537107467651367,6.96405553817749,-7.204586982727051,-29.61219596862793
2252144696.0,-0.8692439794540405,-3.2260043621063232,9.726081848144531,7.67018985748291,-7.191368579864502,-30.02035903930664
2252153029.0,-0.6677852869033813,-3.4121110439300537,9.656764030456545,8.330909729003906,-6.489359378814697,-30.430727005004883
2252161362.0,-0.8087512850761414,-3.099111557006836,9.120075225830078,9.34413242340088,-5.030268669128418,-30.98576164245605
2252169695.0,-0.7540439367294312,-2.81304931640625,9.412962913513184,10.481329917907717,-3.218419075012207,-31.194955825805664
2252178028.0,-0.7625077962875366,-2.693731546401977,9.927467346191406,10.989030838012695,-2.456727981567383,-31.437110900878903
2252186361.0,-0.7153315544128418,-2.611660480499268,10.229751586914062,11.172684669494627,-2.791941404342652,-31.79763603210449
2252194694.0,-0.5585879683494568,-2.747544527053833,10.694666862487791,11.407514572143556,-3.591516256332397,-31.891510009765625
2252203027.0,-0.3337467014789581,-3.031979560852051,10.85976219177246,11.610688209533691,-4.444035530090332,-31.941659927368164
2252211360.0,-0.1959179490804672,-3.040644884109497,10.59091854095459,12.20824146270752,-4.92709493637085,-31.848783493041992
2252219693.0,0.010345634073019,-2.600092649459839,10.493555068969728,13.342801094055176,-4.506713390350342,-31.810415267944336
2252228026.0,0.1607016026973724,-2.517417430877685,10.640849113464355,13.952113151550291,-3.409783363342285,-31.67691230773925
2252236359.0,0.3256578743457794,-2.2978477478027344,10.716363906860352,13.959234237670898,-2.036372184753418,-31.55778312683105
2252244692.0,0.4497781991958618,-2.1541121006011963,10.680419921875,13.56426239013672,-1.226859211921692,-31.478710174560547
2252253025.0,0.2851879000663757,-1.9799690246582031,10.496334075927734,13.551631927490234,-0.4707515835762024,-31.19212913513184
2252261358.0,-0.033413928002119,-1.6118203401565552,10.398361206054688,13.611366271972656,0.562386691570282,-31.04178237915039
2252269691.0,-0.0874512940645217,-1.4918292760849,10.590819358825684,13.784828186035156,1.1078424453735352,-30.91330337524414
2252278024.0,-0.1628921180963516,-1.3933382034301758,10.592771530151367,13.636571884155272,1.3519207239151,-30.77995491027832
2252286357.0,-0.1799252033233642,-1.1415492296218872,10.72708225250244,13.308424949645996,0.9060019850730896,-30.531259536743164
2252294690.0,-0.2143398374319076,-0.6592327952384949,10.65000820159912,13.270313262939451,0.2495085150003433,-30.42988395690918
2252303023.0,-0.3068691194057464,-0.5420827269554138,10.412504196166992,13.15297508239746,-0.111357994377613,-30.26139259338379
2252311356.0,-0.2155676633119583,-0.3329635858535766,10.23574161529541,12.979872703552246,-0.1358708441257476,-30.33024406433105
2252319689.0,-0.6134975552558899,-0.2129272669553756,10.05614185333252,12.637357711791992,0.5791639685630798,-30.43105697631836
2252328022.0,-0.5484243631362915,0.2001670449972152,9.897183418273926,12.13808536529541,1.5541707277297974,-30.620582580566406
2252336355.0,-0.4143556356430053,0.5965648293495178,10.303309440612791,12.241106033325195,1.7225333452224731,-30.598705291748047
2252344688.0,-0.6911163330078125,0.8293565511703491,10.886545181274414,11.513686180114746,1.540723204612732,-30.49734878540039
2252353021.0,-0.509600818157196,0.8338858485221863,10.886961936950684,10.433456420898438,0.9776450991630554,-30.628341674804688
2252361354.0,-0.5675097703933716,1.054179072380066,10.548802375793455,9.85923671722412,0.2170552462339401,-30.8380184173584
2252369687.0,-0.5565632581710815,1.185094118118286,10.751870155334473,9.42591953277588,0.1333222091197967,-30.912578582763672
2252378020.0,-0.5033689737319946,0.7754662036895752,10.409257888793944,8.657720565795898,0.0735385343432426,-30.999971389770508
2252386353.0,-0.626819908618927,0.7251238226890564,10.217971801757812,8.248302459716797,0.6645106077194214,-30.98570251464844
2252394686.0,-0.4975216686725616,0.8818062543869019,10.614206314086914,7.80748176574707,1.381658673286438,-30.757049560546875
2252403019.0,-0.62589031457901,0.8651593923568726,10.261070251464844,7.333644390106201,1.139142990112305,-31.058198928833008
2252411352.0,-0.5856994390487671,1.1287015676498413,10.144265174865724,7.302675247192383,1.0703685283660889,-31.20647621154785
2252419685.0,-0.509329080581665,1.1979185342788696,10.447721481323242,6.46906042098999,0.8957562446594238,-31.20053672790528
2252428018.0,-0.6408277750015259,1.293484449386597,10.126786231994627,5.436882495880127,0.1449254602193832,-31.311342239379883
2252436351.0,-0.8046414256095886,1.4613666534423828,9.616534233093262,4.630468845367432,0.2636987864971161,-31.407676696777344
2252444684.0,-0.8246117830276489,1.140827775001526,9.822945594787598,3.864525318145752,0.6502435803413391,-31.229711532592773
2252453017.0,-0.8375447392463684,0.9266483783721924,9.763216018676758,3.004501342773437,0.3469963669776916,-31.36323928833008
2252461350.0,-0.9967440366744996,0.5313367247581482,9.765052795410156,2.3738269805908203,0.2549643218517303,-31.171772003173828
2252469683.0,-0.7519908547401428,0.8183157444000244,10.093276977539062,1.9531381130218504,-0.4176532626152038,-31.06126976013184
2252478016.0,-0.4650887250900268,1.0424842834472656,9.884934425354004,1.6882613897323608,-2.0107321739196777,-31.27033424377441
2252486349.0,-0.3106403946876526,1.1570472717285156,9.410353660583496,1.1954944133758545,-3.2872955799102783,-31.33406639099121
2252494682.0,-0.9845675826072692,1.221643090248108,8.861469268798828,0.2717928886413574,-2.998469114303589,-31.54947662353516
2252503015.0,-0.983551263809204,0.7995210886001587,8.929403305053711,-0.9259681105613708,-1.2429957389831543,-31.624755859375
2252511348.0,-0.3248123526573181,-0.1258239299058914,9.754283905029297,-2.2136480808258057,-0.2930655479431152,-31.285419464111328
2252519681.0,-0.2781705260276794,-0.4733033776283264,10.334239959716797,-2.5647425651550293,-1.355032444000244,-31.08345031738281
2252528014.0,-0.1380434483289718,-0.0382096916437149,9.71450138092041,-1.7853264808654783,-2.858794689178467,-30.997543334960938
2252536347.0,-0.7737361788749695,-0.206720620393753,9.52916431427002,-0.4541023671627044,-3.356607675552368,-31.130735397338867
2252544680.0,-0.2652784585952759,-0.6714908480644226,10.153833389282228,-1.7380425930023191,-2.5477607250213623,-31.14059829711914
2252553013.0,0.3270224332809448,-1.414225697517395,9.728596687316896,-3.0767455101013184,-2.4209179878234863,-30.78516960144043
2252561346.0,-0.0543007254600524,-1.606107234954834,9.320820808410645,-2.9681410789489746,-2.5470685958862305,-30.621957778930664
2252569679.0,-0.2462205737829208,-1.0185543298721311,9.065557479858398,-1.626902461051941,-1.5331798791885376,-30.57390785217285
2252578012.0,-0.6595140099525452,-1.7396483421325684,9.50337028503418,-0.8042747974395752,-0.5416005253791809,-30.554670333862305
2252586345.0,-0.3156036138534546,-1.3726149797439575,9.64937973022461,-1.1874639987945557,0.1190806701779365,-30.358203887939453
2252594678.0,-0.1458362340927124,-1.910271167755127,10.33497428894043,-1.548778772354126,-0.3264409303665161,-30.15470123291016
2252603011.0,-0.3091761469841003,-2.0720033645629883,10.079778671264648,-2.0919289588928223,-1.5800793170928955,-29.970664978027344
2252611344.0,-0.5260168313980103,-2.075340747833252,9.568631172180176,-0.9993273615837096,-1.6968035697937012,-30.009265899658203
2252619677.0,-0.3675746917724609,-2.223558187484741,10.157139778137209,-0.1909414678812027,-0.9734825491905212,-29.629636764526367
2252628010.0,0.0921892151236534,-2.3223206996917725,10.19604778289795,0.0915965810418129,-1.4311838150024414,-29.62131118774414
2252636343.0,-0.0007337301503866,-2.396259307861328,9.563520431518556,0.5615412592887878,-1.4340782165527344,-29.62443733215332
2252644676.0,-0.1846532970666885,-2.323788642883301,9.736860275268556,0.8974210023880005,-0.4989015758037567,-29.31337547302246
2252653009.0,-0.0581091716885566,-2.48297381401062,9.7893648147583,0.9492897987365724,0.3275038301944732,-29.287324905395508
2252661342.0,-0.3184275925159454,-2.504350185394287,9.2949800491333,1.8002212047576904,1.0236736536026,-29.27884864807129
2252669675.0,-0.1923737525939941,-2.6760613918304443,9.92623519897461,2.548567056655884,1.2973875999450684,-28.94875717163086
2252678008.0,-0.4763674437999725,-2.5484914779663086,9.973746299743652,2.757450819015503,1.1403721570968628,-29.00461769104004
2252686341.0,-0.5584815740585327,-2.608497142791748,9.92109489440918,3.469142436981201,1.1940594911575315,-28.84186363220215
2252694674.0,-0.6367114782333374,-2.4525978565216064,9.673506736755373,4.077353477478027,1.1725947856903076,-28.65966796875
2252703007.0,-0.5195612907409668,-2.455159902572632,9.892815589904783,4.546299457550049,0.5479145050048828,-28.83431053161621
2252711340.0,-0.4939842224121094,-2.5484743118286133,9.721749305725098,4.636077404022217,0.3715603649616241,-28.55765151977539
2252719673.0,-0.6230078935623169,-2.932175874710083,9.724413871765137,4.731644153594971,0.487055093050003,-28.47650718688965
2252728006.0,-0.4885154068470001,-2.42533016204834,9.443138122558594,5.487085342407227,0.6694797277450562,-28.58662223815918
2252736339.0,-0.613560676574707,-2.649145603179932,10.090874671936035,6.3386054039001465,1.0336376428604126,-28.27261734008789
2252744672.0,-0.8092963695526123,-2.195054769515991,9.724084854125977,6.399951934814453,1.3698759078979492,-28.2678279876709
2252753005.0,-0.8280259370803833,-1.86576783657074,9.736771583557127,7.024350643157959,1.6246353387832642,-28.23322296142578
2252761338.0,-0.852522075176239,-1.7925690412521362,10.283709526062012,7.00644588470459,1.6468172073364258,-28.30145835876465
2252769671.0,-0.6900205016136169,-1.9510746002197263,10.217718124389648,6.545952796936035,0.9792584180831908,-28.363624572753903
2252778004.0,-0.7831719517707825,-1.849531531333924,9.911442756652832,6.954040050506592,0.497121512889862,-28.069807052612305
2252786337.0,-0.8230535984039307,-1.5354793071746826,10.191206932067873,7.14558219909668,0.4505802690982818,-28.07525634765625
2252794670.0,-0.5873652696609497,-1.2742284536361694,9.870366096496582,7.6251325607299805,-0.0193515680730342,-28.274768829345703
2252803003.0,-0.4359706938266754,-1.5214240550994873,10.070055961608888,7.583637714385986,0.1149567663669586,-28.20970726013184
2252811336.0,-0.4478631913661957,-1.628326177597046,9.871796607971191,6.919894695281982,0.2607530653476715,-28.11767196655273
2252819669.0,-0.6534417271614075,-1.5681767463684082,9.564316749572754,7.211206436157227,0.5052923560142517,-28.1326847076416
2252828002.0,-0.5271715521812439,-1.3024829626083374,9.730637550354004,7.695494174957275,1.2289717197418213,-28.051307678222656
2252836335.0,-0.6470624804496765,-1.2880932092666626,9.99339771270752,8.157806396484375,1.2168563604354858,-27.95428276062012
2252844668.0,-0.536014974117279,-1.2355594635009766,10.25619125366211,7.919747829437256,0.7612044215202332,-28.00151252746582
2252853001.0,-0.4796785414218902,-1.2003271579742432,10.070034980773926,7.535636901855469,0.1611648947000503,-27.7316951751709
2252861334.0,-0.4498657584190368,-1.1456609964370728,9.74752712249756,7.805662155151367,-0.4633491039276123,-27.677982330322266
2252869667.0,-0.2764425575733185,-1.1910781860351562,9.823145866394045,8.27020263671875,-0.7613452672958374,-27.481904983520508
2252878000.0,-0.2515272200107574,-1.2179696559906006,9.706363677978516,8.423810958862305,-0.8456929326057434,-27.49161148071289
2252886333.0,-0.2556734979152679,-0.9157103896141052,9.608320236206056,8.463384628295898,-0.2468573600053787,-27.26310539245605
2252894666.0,-0.4150935113430023,-0.978747308254242,9.558728218078612,8.603904724121094,0.4824444353580475,-27.08647346496582
2252902999.0,-0.4566593468189239,-0.9148327112197876,9.51193141937256,8.844011306762695,0.937942624092102,-26.97089576721192
2252911332.0,-0.4409517347812652,-0.9612813591957092,10.175718307495115,8.943318367004395,0.7573366165161133,-26.567832946777344
2252919665.0,-0.2892831563949585,-0.4901921153068542,10.114038467407228,8.956356048583984,-0.1724735796451568,-26.530258178710938
2252927998.0,-0.3261988461017608,-0.3119013607501983,9.92127799987793,9.291033744812012,-1.1197398900985718,-26.53927421569824
2252936331.0,-0.3833035230636596,-0.1981396228075027,10.213047981262209,8.936838150024414,-1.2915345430374146,-26.246782302856445
2252944664.0,-0.1266903132200241,-0.2913078963756561,9.918992042541504,8.452625274658203,-1.2720164060592651,-26.07673072814941
2252952997.0,-0.1251919716596603,-0.3847594559192657,9.61545181274414,8.332956314086914,-0.7845261096954346,-25.7180290222168
2252961330.0,-0.1799467504024505,-0.1169848665595054,9.946242332458496,8.574651718139648,-0.2596901059150696,-25.40878677368164
2252969663.0,-0.1806099116802215,-0.0926709324121475,10.10743808746338,8.616941452026367,-0.2640444636344909,-25.35409927368164
2252977996.0,0.1414375156164169,-0.0741249471902847,10.14920425415039,8.445863723754883,-0.4902695417404175,-25.035585403442383
2252986329.0,-0.206741526722908,0.083537258207798,10.392351150512695,8.019333839416504,-0.8043002486228943,-24.780824661254883
2252994662.0,-0.1783269047737121,0.1009808257222175,10.018874168395996,7.3753662109375,-0.9013269543647766,-24.635385513305664
2253002995.0,-0.1567280739545822,0.2412455826997757,9.39702033996582,7.685094833374023,-0.5250280499458313,-24.194849014282227
2253011328.0,-0.1609494835138321,0.2417042702436447,10.406742095947266,7.776230335235596,-0.3461893796920776,-24.040239334106445
2253019661.0,0.0267674531787633,0.372509092092514,10.357547760009766,6.843640327453613,-0.7078883051872253,-23.823034286499023
2253027994.0,-0.1013428419828414,0.4099296629428863,9.881381034851074,6.72627592086792,-0.8445656895637512,-23.68801689147949
2253036327.0,0.1904971301555633,0.7432507276535034,10.122811317443848,6.862056255340576,-0.9024538993835448,-23.25892448425293
2253044660.0,0.0228570643812418,0.4371213912963867,10.42729949951172,6.298081874847412,-1.005038857460022,-23.120813369750977
2253052993.0,0.0368840955197811,0.6147821545600891,9.905397415161133,5.487365245819092,-0.7119350433349609,-22.83833694458008
2253061326.0,0.1331772804260254,0.2250841706991195,9.77634620666504,5.39640998840332,-0.3013900518417358,-22.671951293945312
2253069659.0,-0.0007136146887205,0.2738231420516968,9.826974868774414,5.481576919555664,-0.0990374833345413,-22.746898651123047
2253077992.0,0.1483958065509796,0.4913664162158966,10.158864974975586,5.393540382385254,0.1203101128339767,-22.36898422241211
2253086325.0,-0.1328347027301788,0.6850236058235168,10.040634155273438,5.397613048553467,0.2797331809997558,-22.13909721374512
2253094658.0,-0.0937047451734542,0.686867356300354,10.165284156799316,4.856409072875977,0.2573975622653961,-21.91004943847656
2253102991.0,-0.0771513953804969,0.577796459197998,10.176040649414062,4.283239364624023,-0.1327202022075653,-21.941097259521484
2253111324.0,-0.1480670869350433,0.0763429254293441,10.218961715698242,3.579002141952514,-0.1652247011661529,-21.877832412719727
2253119657.0,0.0988598018884658,0.6218138933181763,9.662208557128906,3.9689786434173584,-0.2215760350227356,-21.501121520996094
2253127990.0,0.1174073070287704,0.6935076117515564,10.31540298461914,4.570631504058838,-0.5856313705444336,-21.40658187866211
2253136323.0,0.0955850705504417,0.5360691547393799,10.284608840942385,3.520780086517334,-0.7278671264648438,-21.35576057434082
2253144656.0,0.252741664648056,0.0885805040597915,9.482477188110352,2.7278401851654053,-0.4564842283725738,-21.127843856811523
2253152989.0,0.1145327687263488,-0.2942354083061218,9.721320152282717,2.7502269744873047,0.4814966022968292,-20.862302780151367
2253161322.0,0.1004240959882736,0.1533012986183166,9.920551300048828,2.896458864212036,0.6883571743965149,-20.61965751647949
2253169655.0,-0.4257048666477203,0.1672584861516952,9.99487018585205,3.52298355102539,1.3367305994033811,-20.78863525390625
2253177988.0,-0.2379927039146423,0.5793893337249756,10.26081657409668,3.474162340164185,1.9117448329925537,-20.671680450439453
2253186321.0,-0.1406790167093277,0.0628383532166481,10.57640552520752,2.521260976791382,1.3637022972106934,-20.269922256469727
2253194654.0,-0.0626327618956565,0.1334168016910553,10.163509368896484,1.587519645690918,0.0862431600689888,-20.15153312683105
2253202987.0,-0.0816687196493148,0.2861738502979278,9.74832248687744,1.984796404838562,-0.7263815402984619,-19.87945938110352
2253211320.0,-0.048110082745552,-0.0185347832739353,10.25668239593506,1.9125897884368896,-0.897074818611145,-19.79718399047852
2253219653.0,-0.2841252088546753,0.0495848171412944,9.783120155334473,1.4196436405181885,-0.1285706758499145,-19.59848976135254
2253227986.0,-0.236534297466278,0.022681912407279,9.58208179473877,1.5654399394989014,1.3238719701766968,-19.52790069580078
2253236319.0,-0.2856813371181488,-0.4102417230606079,9.953032493591309,1.288498878479004,2.118016481399536,-19.29079246520996
2253244652.0,-0.3026809990406036,-0.3720436096191406,9.895026206970217,0.99898099899292,1.6736090183258057,-19.261716842651367
2253252985.0,-0.0871950015425682,-0.339129239320755,10.341569900512695,1.4853442907333374,0.8435794711112976,-18.930065155029297
2253261318.0,-0.2426523864269256,-0.6955585479736328,10.629733085632324,1.343467116355896,-0.58931964635849,-18.977989196777344
2253269651.0,-0.1608336269855499,-0.4156132340431213,9.383243560791016,1.5388010740280151,-0.975607931613922,-18.92793846130371
2253277984.0,-0.307598739862442,-0.8262428045272827,9.523482322692873,2.136151075363159,-0.0385366305708885,-18.449106216430664
2253286317.0,-0.1851342618465423,-0.5689445734024048,9.66466236114502,1.5227668285369873,0.5641537308692932,-18.66231918334961
2253294650.0,-0.1904615759849548,-0.5091909766197205,9.485600471496582,1.931877374649048,1.0348410606384275,-18.59559440612793
2253302983.0,0.0015730785671621,-1.2330825328826904,10.078201293945312,2.1666061878204346,0.800445020198822,-18.23056411743164
2253311316.0,-0.2917346060276031,-1.1233255863189695,9.570027351379396,2.070809125900269,0.2309636175632476,-18.042966842651367
2253319649.0,-0.6507073640823364,-0.765352725982666,9.78299045562744,2.937441110610962,0.8116128444671631,-17.860414505004883
2253327982.0,-0.3654053211212158,-0.7482806444168091,10.234427452087402,3.0471980571746826,0.7494470477104187,-17.80173110961914
2253336315.0,0.0104924915358424,-0.6592388153076172,10.042515754699709,3.1710429191589355,-0.3208568096160888,-17.900909423828125
2253344648.0,0.0387600548565387,-1.0150859355926514,10.288080215454102,2.866105318069458,-1.0583418607711792,-17.633546829223633
2253352981.0,-0.219616562128067,-1.1787292957305908,9.548938751220703,2.4116835594177246,-1.2885371446609497,-17.670536041259766
2253361314.0,-0.2082240581512451,-0.8353508114814758,9.006423950195312,3.423445701599121,-0.0968858748674392,-17.318851470947266
2253369647.0,0.0461695715785026,-1.0592776536941528,9.988162994384766,4.170049667358398,0.6374872326850891,-17.076282501220703
2253377980.0,-0.2528009414672851,-0.8343121409416199,9.839584350585938,3.9843716621398926,0.0889838635921478,-17.3027400970459
2253386313.0,-0.2528188526630401,-0.8761336207389832,9.60086154937744,3.968695878982544,0.4878999888896942,-17.031919479370117
2253394646.0,-0.1483688205480575,-1.1480677127838137,9.825235366821287,4.054043292999268,0.2251235693693161,-16.90420913696289
2253402979.0,-0.2049332857131958,-0.6810601949691772,10.036948204040527,4.460720539093018,-0.5032046437263489,-16.762819290161133
2253411312.0,0.1471011042594909,-1.0980745553970337,10.252227783203123,4.418149471282959,-1.3429930210113523,-16.395532608032227
2253419645.0,0.080545999109745,-0.8991239070892334,9.356144905090332,4.575497627258301,-2.2750699520111084,-16.601577758789062
2253427978.0,0.1387688219547271,-0.6378757357597351,9.584223747253418,5.263957500457764,-1.4418128728866575,-16.304296493530273
2253436311.0,0.1685007661581039,-0.6514359712600708,9.887845993041992,5.243542194366455,-0.7528665065765381,-16.075841903686523
2253444644.0,-0.0286581274121999,-0.1631142944097519,9.428483963012695,5.320308685302734,0.1556577533483505,-16.27655601501465
2253452977.0,0.4924846589565277,-0.3361632525920868,10.18596076965332,5.4180521965026855,0.5820067524909973,-15.590837478637695
2253461310.0,0.0507003217935562,-0.6691870093345642,10.228846549987791,4.838581562042236,-0.440500944852829,-15.817038536071776
2253469643.0,-0.0376766324043273,-0.703680694103241,9.821775436401367,4.816680431365967,-0.3590219616889953,-15.518041610717772
2253477976.0,0.0923198536038398,-0.9304770231246948,9.75892448425293,5.435264587402344,-0.2501614689826965,-14.875404357910156
2253486309.0,0.2711680233478546,-0.2222713977098465,10.103541374206545,6.345645904541016,-0.9315258860588074,-14.911957740783691
2253494642.0,0.4950725138187408,-0.2109120935201645,10.180089950561523,6.7460479736328125,-1.3901745080947876,-14.66900634765625
2253502975.0,0.1355543881654739,-0.5376092791557312,9.960326194763184,6.033690452575684,-1.4042365550994873,-14.560580253601074
2253511308.0,0.1173791959881782,0.1222150325775146,9.585774421691896,5.682672500610352,0.0963095352053642,-14.262406349182127
2253519641.0,0.4497467875480652,-0.1439547836780548,9.840578079223633,6.068603038787842,0.7562604546546936,-13.691492080688477
2253527974.0,0.5507455468177795,0.0656825602054596,10.122895240783691,6.855086803436279,-0.1194776073098182,-13.54054355621338
2253536307.0,0.1023538559675216,-0.4939415752887726,10.44374656677246,6.546972751617432,-0.4440099895000458,-13.16222095489502
2253544640.0,0.0668778494000434,-0.2924487888813019,9.834953308105469,6.130127906799316,0.0578625611960887,-12.886868476867676
2253552973.0,0.3815388679504394,0.2413561046123504,9.683960914611816,7.239095687866211,0.0501782931387424,-12.477681159973145
2253561306.0,0.5169484615325928,0.5067318081855774,10.40441608428955,7.872792720794678,-0.6423922181129456,-12.3612642288208
2253569639.0,0.4706909358501434,0.4089409410953522,10.348355293273926,7.037615776062012,-1.0486599206924438,-12.16836643218994
2253577972.0,0.5698627829551697,0.238501638174057,10.02495002746582,6.385066032409668,-0.743568480014801,-11.818395614624023
2253586305.0,0.3078882098197937,0.5196623802185059,9.816506385803224,6.418262004852295,0.1240497529506683,-11.282776832580566
2253594638.0,0.73289954662323,0.6591746807098389,9.969762802124023,6.942508220672607,0.6241677403450012,-10.843928337097168
2253602971.0,0.4481303691864013,0.5752562284469604,10.012627601623535,7.354180812835693,-0.0304425228387117,-10.662015914916992
2253611304.0,0.1678906232118606,1.0990382432937622,10.10545253753662,7.165711879730225,0.2817310094833374,-10.275882720947266
2253619637.0,0.3557577431201935,0.7128713726997375,10.337435722351074,6.066553115844727,0.7513681054115295,-9.8185396194458
2253627970.0,0.2559466361999511,1.182916522026062,9.775134086608888,5.8486008644104,0.1641872674226761,-9.762444496154783
2253636303.0,0.3556182980537414,1.097598910331726,10.13735580444336,6.127591609954834,0.1895709782838821,-9.294190406799316
2253644636.0,0.4245990812778473,0.9446789026260376,10.365005493164062,5.825959205627441,-0.6388063430786133,-9.114686965942385
2253652969.0,0.5603741407394409,1.0229215621948242,10.21523094177246,5.568048477172852,-1.1667670011520386,-8.753883361816406
2253661302.0,0.6720975637435913,0.9010891318321228,10.02676486968994,5.288852691650391,-0.888826847076416,-8.153946876525879
2253669635.0,0.3042254149913788,1.386116862297058,9.517765998840332,5.445201396942139,-0.6078898310661316,-8.413290023803711
2253677968.0,0.4476372599601745,1.4372199773788452,9.869718551635742,5.586874485015869,0.5927901864051819,-7.955384254455566
2253686301.0,0.5834306478500366,1.5852495431900024,10.153116226196287,4.953512191772461,0.8732406497001648,-7.7066969871521
2253694634.0,0.6978573203086853,1.534300684928894,10.527263641357422,4.1949968338012695,0.1559138298034668,-7.415051460266113
2253702967.0,0.5470054745674133,1.2954736948013306,9.95645523071289,3.362739562988281,-0.4369661211967468,-7.054762840270996
2253711300.0,0.2901653051376343,1.1144320964813232,9.429966926574709,3.2648162841796875,-0.5285882353782654,-6.944545269012451
2253719633.0,0.6992690563201904,1.034182071685791,9.55911350250244,3.6122987270355225,-0.1756240129470825,-6.572523593902588
2253727966.0,0.5125525593757629,1.2167081832885742,9.753310203552246,3.7464406490325928,-0.2067197114229202,-6.435896873474121
2253736299.0,0.6195759177207947,1.0904258489608765,10.28627872467041,3.188664674758911,-0.1556705087423324,-6.233160018920898
2253744632.0,0.3837793171405792,1.2409350872039795,9.659789085388184,2.425001859664917,-0.1600505411624908,-6.108060359954834
2253752965.0,0.4288489520549774,1.6005759239196775,9.527323722839355,2.9865942001342773,0.3160540759563446,-5.964672088623047
2253761298.0,0.5779023766517639,1.1340701580047607,10.087286949157717,2.723100185394287,0.2109844386577606,-5.745259761810303
2253769631.0,0.5928834676742554,0.9356222748756408,10.191007614135742,2.0967044830322266,-0.3856863379478454,-5.364555835723877
2253777964.0,0.7959415912628174,0.6120770573616028,9.831794738769531,1.5453068017959597,-0.7150341272354126,-5.027472019195557
2253786297.0,0.2425269931554794,0.8116760849952698,9.113929748535156,2.1198086738586426,-0.8189511895179749,-4.999989032745361
2253794630.0,0.726703405380249,1.079361081123352,9.58128833770752,2.877580165863037,-0.2825634479522705,-4.977524280548096
2253802963.0,0.4892410635948181,0.7713061571121216,10.251072883605955,2.471722364425659,0.3376211822032928,-4.562599182128906
2253811296.0,0.5050984025001526,0.8273484110832214,10.143189430236816,1.5170800685882568,0.482034295797348,-4.524716377258301
2253819629.0,0.6664400696754456,0.7819145917892456,9.745043754577637,1.8765246868133545,0.1738182008266449,-4.210173606872559
2253827962.0,0.1717380732297897,0.8894136548042297,9.786925315856934,2.49971890449524,0.0676984265446662,-4.182305812835693
2253836295.0,0.6411517858505249,0.4344834089279175,10.034070014953612,2.558401346206665,0.1660314947366714,-3.926803350448608
2253844628.0,0.5455987453460693,0.1733998954296112,9.883495330810549,2.1783370971679688,-0.2428101599216461,-3.861154317855835
2253852961.0,0.7637436389923096,0.7845511436462402,9.930907249450684,2.280691623687744,-0.5283320546150208,-3.5298337936401367
2253861294.0,0.4134819805622101,0.6557620763778687,9.786617279052734,2.7727155685424805,-0.3623005449771881,-3.4074490070343018
2253869627.0,0.4485543966293335,0.905708909034729,9.65147876739502,2.978013753890991,0.5827239155769348,-3.3506112098693848
2253877960.0,0.7802935242652893,0.7203053832054138,9.989486694335938,2.961825370788574,1.018550157546997,-2.9748244285583496
2253886293.0,0.3953345417976379,1.0163428783416748,10.20522403717041,2.559348821640014,0.9089723825454712,-2.9150662422180176
2253894626.0,0.3254923224449157,0.9014978408813475,10.30882167816162,2.1028265953063965,0.939402163028717,-2.7930147647857666
2253902959.0,0.3926088511943817,0.7582315802574158,9.936641693115234,2.2387611865997314,0.5930208563804626,-2.675163507461548
2253911292.0,0.9429091811180116,0.7748096585273743,10.224770545959473,2.463987350463867,0.1384193450212478,-2.335672616958618
2253919625.0,0.7536051273345947,0.7376914024353027,10.147258758544922,2.3631181716918945,-1.045995831489563,-2.0842175483703613
2253927958.0,0.3738157749176025,0.810896635055542,9.57383632659912,1.9094133377075195,-0.6287398934364319,-2.186828374862671
2253936291.0,0.5522474646568298,0.7590436935424805,9.094143867492676,2.0263421535491943,0.983919620513916,-1.6381711959838867
2253944624.0,0.2330857962369918,1.071072697639465,9.91955852508545,2.343984365463257,1.9488592147827148,-1.6430892944335938
2253952957.0,0.8928276896476746,0.8878369927406311,10.422730445861816,1.8224529027938845,1.6919227838516235,-1.276318907737732
2253961290.0,0.2987103760242462,0.4368287622928619,9.755853652954102,1.6150286197662354,0.6636647582054138,-1.257261872291565
2253969623.0,0.2365192323923111,0.9239821434020996,10.131755828857422,1.6525022983551023,0.5842350721359253,-0.9030681848526
2253977956.0,0.3389818668365478,0.5652512311935425,9.979455947875977,1.5907721519470217,-0.0223484225571155,-0.8845236301422119
2253986289.0,0.6542174220085144,0.7497063875198364,9.624821662902832,2.273365974426269,-0.4234929978847503,-0.7806578874588013
2253994622.0,0.8458694815635681,0.1767611801624298,10.224329948425291,2.1371235847473145,-0.1475764065980911,-0.1551069766283035
2254002955.0,0.1692048609256744,0.5418708920478821,9.729415893554688,1.6603914499282837,-0.2139172703027725,-0.3710093796253204
2254011288.0,0.8831433057785034,0.9162092804908752,9.676800727844238,2.3291280269622803,0.9028761982917786,-0.040867518633604
2254019621.0,0.75550776720047,0.5795883536338806,9.758434295654297,2.7288379669189453,0.8478567600250244,0.0999979749321937
2254027954.0,0.7157357931137085,0.6392195224761963,10.353175163269045,2.481609582901001,0.8383539915084839,0.3084466457366943
2254036287.0,0.4630707800388336,0.0892969518899917,9.855627059936523,2.016916036605835,1.1167548894882202,0.7166093587875366
2254044620.0,0.2618135213851928,0.3083695471286773,9.526444435119627,2.5212857723236084,1.5171823501586914,0.7017531991004944
2254052953.0,0.6692564487457275,0.558118999004364,9.90206241607666,3.5489542484283447,1.7058055400848389,1.0083554983139038
2254061286.0,0.2250952571630478,0.6877622604370117,10.462788581848145,3.906836748123169,0.7723203897476196,0.9834328293800354
2254069619.0,0.8051217794418335,1.0181797742843628,10.166255950927734,3.2740626335144043,-0.0697603672742843,0.8354594707489014
2254077952.0,0.4408831596374511,0.9064937233924866,9.648612022399902,2.955344915390014,-0.3379670083522796,1.1054078340530396
2254086285.0,0.2080547660589218,0.9638341069221495,9.645099639892578,2.4356064796447754,0.4559077620506286,0.971138060092926
2254094618.0,0.2538756430149078,0.6718191504478455,9.556056022644045,2.486527442932129,1.6448179483413696,1.1661906242370603
2254102951.0,0.5514021515846252,0.98224538564682,9.803359031677246,2.7975356578826904,1.8596957921981807,1.385371446609497
2254111284.0,0.216508612036705,0.9699962735176086,10.291239738464355,3.135335683822632,1.248847484588623,1.58913254737854
2254119617.0,-0.1799220442771911,0.8493860960006714,10.553887367248535,2.269779920578003,0.4729155898094177,1.1159096956253052
2254127950.0,0.3029238879680633,0.7904249429702759,9.663056373596191,1.9005247354507449,0.0713100284337997,1.219365477561951
2254136283.0,0.7076456546783447,0.5437213778495789,10.061236381530762,2.4749755859375,-0.8677719235420227,1.2366808652877808
2254144616.0,0.5568516254425049,1.3175429105758667,10.126959800720217,2.087687969207764,-1.6369160413742063,1.1734905242919922
2254152949.0,0.4452152252197265,1.5759565830230713,9.606405258178713,2.1850478649139404,-0.9074227809906006,0.9400424957275392
2254161282.0,0.6449140906333923,1.360075831413269,9.963502883911133,1.6392340660095217,0.5482470989227295,1.1455711126327517
2254169615.0,0.5333874821662903,0.9322657585144044,10.39163589477539,0.4203808009624481,1.098825216293335,1.193725824356079
2254177948.0,0.2320979237556457,0.967050552368164,9.567632675170898,-0.0623578540980815,1.5016087293624878,0.9383006691932678
2254186281.0,0.3549704849720001,0.9138078689575196,9.634492874145508,0.7844615578651428,1.7273982763290403,1.0045901536941528
2254194614.0,0.3149110674858093,0.6176337003707886,10.75462818145752,0.9069745540618896,0.6766512989997864,0.8057726621627808
2254202947.0,0.7125518321990967,0.6879385113716125,10.62937355041504,0.0512028522789478,-0.9209469556808472,0.7380740642547607
2254211280.0,0.9740852117538452,0.223972663283348,9.811107635498049,-0.0125893969088792,-2.000433444976806,0.7364605069160461
2254219613.0,0.5375396013259888,0.3784173429012298,9.275285720825195,0.3711758553981781,-1.633022665977478,0.5356960892677307
2254227946.0,0.9038042426109314,0.2959702312946319,9.541069984436035,0.4904357492923736,0.1610367000102996,0.5707876682281494
2254236279.0,0.496414452791214,0.5484728217124939,9.112192153930664,0.908255100250244,1.2281256914138794,0.2382636070251464
2254244612.0,0.8717517256736755,0.5298876762390137,10.214282035827637,0.9660664200782776,2.516803503036499,0.3809861242771148
2254252945.0,0.0542579367756843,0.0725896134972572,10.222891807556152,0.2973812818527221,2.6624975204467773,0.4712763428688049
2254261278.0,0.3966910243034363,0.3781532943248749,10.31299114227295,0.2513012588024139,2.173137187957764,0.3567038178443908
2254269611.0,0.7525508403778076,-0.0205284915864467,10.248799324035645,1.0112755298614502,0.5938659906387329,0.3177189528942108
2254277944.0,0.6272088289260864,0.0972631946206092,10.341682434082031,1.6212016344070437,-1.3437610864639282,-0.1375356316566467
2254286277.0,1.0128029584884644,-0.2407673597335815,10.131972312927246,1.1231329441070557,-1.421474814414978,0.2035307139158249
2254294610.0,0.3542301654815674,-0.3198751509189605,9.222118377685549,1.1663442850112915,-0.2432968318462371,0.1087324246764183
2254302943.0,1.0670900344848633,0.3496640026569366,9.19744110107422,2.0620737075805664,1.5546303987503052,-0.1005998998880386
2254311276.0,0.7786781191825867,0.0050683245062828,9.769125938415527,2.8283491134643555,2.5139853954315186,-0.1645842492580413
2254319609.0,0.395419180393219,0.1540744006633758,10.328115463256836,2.085664987564087,3.106110095977783,-0.2693721055984497
2254327942.0,0.2914969325065613,-0.1435343325138092,9.513664245605469,1.7381048202514648,3.4537715911865234,0.1612159609794616
2254336275.0,0.1992791295051574,0.0633986443281173,9.949100494384766,2.460298538208008,2.6509454250335693,-0.1163014471530914
2254344608.0,0.7854019403457642,-0.3007546067237854,10.333928108215332,2.597053050994873,0.6120521426200867,-0.1808236986398697
2254352941.0,0.3779583275318146,-0.3939730823040008,9.37241554260254,2.983315944671631,-0.9811149835586548,-0.2610731124877929
2254361274.0,0.5553426742553711,-0.188980370759964,9.924695014953612,2.94448471069336,-0.5143722891807556,0.015445384196937
2254369607.0,0.092859148979187,0.272711843252182,9.37827491760254,2.827401638031006,0.7915310263633728,-0.0687101930379867
2254377940.0,0.9706565141677856,0.5750351548194885,9.593914031982422,3.636043071746826,1.5673861503601074,-0.2789005637168884
2254386273.0,1.4223557710647583,-0.3118234574794769,10.500845909118652,3.368886947631836,1.2038179636001587,0.0050716185942292
2254394606.0,0.2381766140460968,-0.1543070971965789,10.044589042663574,2.381918907165528,1.0831235647201538,-0.0883819237351417
2254402939.0,0.0223336648195981,0.2904872298240661,9.56855297088623,2.75230073928833,2.868153810501098,-0.054058838635683
2254411272.0,0.3432062566280365,0.5516340136528015,9.363834381103516,4.275169372558594,3.2595908641815186,-0.1890202611684799
2254419605.0,0.7560886144638062,0.081482782959938,10.93043613433838,4.428061485290527,1.7142328023910522,-0.1638414710760116
2254427938.0,0.2021650075912475,-0.20567686855793,10.784683227539062,2.326284646987915,0.4120561778545379,-0.0751649737358093
2254436271.0,0.5284798741340637,0.2103753536939621,9.239802360534668,2.466292381286621,0.0417255908250808,-0.2663496136665344
2254444604.0,0.7364545464515686,0.5191442370414734,9.809022903442385,4.196380138397217,0.1548636704683303,-0.0992423593997955
2254452937.0,0.1966334581375122,0.0210323613137006,10.318887710571287,3.69815731048584,0.4927922189235687,-0.2213454097509384
2254461270.0,0.8643003702163696,-0.1145659685134887,9.366540908813477,3.306874513626098,1.7847230434417725,-0.3825357854366302
2254469603.0,0.7603527307510376,0.2296517193317413,9.689146041870115,4.039364814758301,2.261045455932617,0.0263314358890056
2254477936.0,0.2264624685049057,0.5222371816635132,10.472370147705078,4.012444496154785,2.4303555488586426,-0.3393502235412597
2254486269.0,0.1813064366579055,0.5853223204612732,10.001835823059082,4.116848468780518,2.56211519241333,-0.2518007457256317
2254494602.0,0.3443838357925415,0.4021970629692077,10.250133514404297,3.928045749664306,2.4200332164764404,0.0933382809162139
2254502935.0,0.1830150634050369,0.80254727602005,9.829063415527344,3.863856077194214,1.16183602809906,-0.1469872742891311
2254511268.0,0.561079204082489,0.2843487858772278,10.314092636108398,3.5632731914520264,0.4040389657020569,-0.2351002693176269
2254519601.0,0.5672873258590698,0.5760821104049683,9.78653621673584,3.214893817901612,-0.456842690706253,-0.2973428666591644
2254527934.0,0.4662050008773803,0.5346444249153137,9.560399055480955,3.604512453079224,-0.1876114755868911,-0.4226989448070526
2254536267.0,0.421218603849411,0.60044264793396,9.255027770996094,3.9381628036499023,1.2958498001098633,-0.1621765196323394
2254544600.0,0.2044053971767425,0.4868492484092712,10.046141624450684,3.739038228988648,2.661729097366333,-0.0607697740197181
2254552933.0,0.6374156475067139,0.8841288685798645,9.959657669067385,3.3961403369903564,2.9788589477539062,0.0726163610816001
2254561266.0,0.3652264177799225,0.9560319781303406,10.21848487854004,3.798053026199341,1.5220746994018557,-0.2835879921913147
2254569599.0,0.108350396156311,1.0769598484039309,10.72638988494873,3.1925840377807617,0.812201738357544,-0.3962137699127197
2254577932.0,0.0360772125422954,0.6038433909416199,9.811623573303224,2.260302782058716,0.8061312437057495,-0.1282376646995544
2254586265.0,0.739238977432251,0.7422183752059937,9.693531036376951,2.584604501724243,0.5549068450927734,-0.1906339526176452
2254594598.0,0.6515492796897888,0.3938297629356384,10.161575317382812,2.718208074569702,-0.0457342118024826,-0.0128455394878983
2254602931.0,0.4175516366958618,0.3087444901466369,9.800186157226562,2.3135030269622803,0.0342462323606014,-0.2543109059333801
2254611264.0,0.3139498233795166,0.2651317119598388,8.960073471069336,2.8800647258758545,1.0837383270263672,-0.2906575202941894
2254619597.0,0.2820473611354828,0.6280442476272583,9.454988479614258,3.514478206634521,2.3749775886535645,0.0062498734332621
2254627930.0,0.1399256885051727,0.5912376642227173,10.46104621887207,3.2092843055725098,2.483863592147827,-0.2175288796424865
2254636263.0,0.2553523778915405,0.4191231429576874,9.902874946594238,2.543928861618042,1.6228668689727783,-0.3313073515892029
2254644596.0,0.668085515499115,0.5798303484916687,9.891387939453123,2.93011474609375,0.4593912661075592,-0.0577216818928718
2254652929.0,0.5538622140884399,0.5259358882904053,10.640498161315918,2.665186643600464,-1.1849017143249512,-0.0466819442808628
2254661262.0,0.1023787334561348,1.063691258430481,9.607162475585938,2.295368432998657,-0.7630608677864075,-0.3897846341133117
2254669595.0,0.5197342038154602,0.5301308631896973,9.564253807067873,2.7045042514801025,0.7374594211578369,-0.1178382784128189
2254677928.0,0.2487453073263168,0.5581847429275513,10.073969841003418,2.5181095600128174,1.950779914855957,-0.2191425859928131
2254686261.0,0.8262706995010376,0.1918496042490005,10.620991706848145,2.016122341156006,2.015097618103028,-0.1716794222593307
2254694594.0,0.3639000356197357,0.7327842116355896,9.81570816040039,2.6921072006225586,1.267059326171875,-0.1883542835712433
2254702927.0,-0.0772786065936088,1.124451756477356,10.096528053283691,3.48853063583374,1.4685152769088743,-0.1785696148872375
2254711260.0,-0.306877076625824,0.9728764295578004,10.12795352935791,2.7380337715148926,1.7951735258102417,-0.3224447965621948
2254719593.0,0.5469907522201538,1.2975205183029177,10.132837295532228,1.9939144849777224,0.992807686328888,-0.7026112675666809
2254727926.0,0.7290105819702148,0.6816874146461487,10.340471267700195,1.3216688632965088,-0.2886084020137787,-0.2872508466243744
2254736259.0,-0.2143060863018036,0.5656467080116272,9.802085876464844,0.8356643915176392,-0.6556347608566284,-0.4019513428211212
2254744592.0,0.3759176731109619,0.2254361510276794,9.389673233032228,1.3020997047424316,0.2253796756267547,-0.3868134021759033
2254752925.0,0.1803874224424362,0.2116294503211975,9.313446998596191,2.481609344482422,0.9715991020202636,-0.4079451262950897
2254761258.0,0.7641468644142151,0.1927478611469268,10.536209106445312,2.6029186248779297,0.6697097420692444,-0.6564032435417175
2254769591.0,0.2384926527738571,0.1341510117053985,9.758536338806152,2.0883028507232666,0.3522981703281402,-0.595774233341217
2254777924.0,0.3364959955215454,0.6891657114028931,9.497370719909668,2.6056082248687744,0.8498803973197937,-0.4180371165275574
2254786257.0,-0.0601460225880146,0.9868815541267396,9.85086154937744,2.907010793685913,1.03978431224823,-0.3544881939888
2254794590.0,0.2619020044803619,0.8609294891357422,10.246036529541016,2.294728279113769,0.8559253215789795,-0.6854497790336609
2254802923.0,0.7108689546585083,0.3726221323013305,9.92208480834961,1.6302437782287598,-0.2901965081691742,-0.5348637700080872
2254811256.0,0.7635477781295776,0.5007149577140808,10.316934585571287,1.38465416431427,-1.0660772323608398,-0.4353779554367065
2254819589.0,0.3757529258728027,0.6826459169387817,9.88267421722412,1.3384462594985962,-0.8240482807159424,-0.3715729117393493
2254827922.0,0.3549208343029022,0.624893844127655,9.34893798828125,2.095731019973755,0.4090593159198761,-0.3890930116176605
2254836255.0,0.7404126524925232,0.3036524355411529,9.993410110473633,2.448720932006836,1.225948452949524,-0.3424751162528991
2254844588.0,0.2828270196914673,0.1991653144359588,10.10275173187256,1.466619849205017,1.4790170192718506,-0.3245195150375366
2254852921.0,0.4912298917770386,0.1509974747896194,9.703962326049805,1.2607839107513428,1.6452535390853882,-0.2727787792682647
2254861254.0,0.1374671906232834,0.5141872763633728,9.62868309020996,2.152210235595703,1.1058945655822754,-0.0672757849097251
2254869587.0,-0.0871847867965698,0.0473753735423088,10.30283546447754,2.2314610481262207,1.0024131536483765,-0.2677583992481231
2254877920.0,0.8085657358169556,-0.1640033274888992,9.673055648803713,1.84952712059021,-0.0853338316082954,-0.1820275634527206
2254886253.0,0.9003861546516418,0.1538610607385635,9.48854637145996,2.670642375946045,-1.6915512084960938,-0.1853830218315124
2254894586.0,0.2429874837398529,0.0287537313997745,9.613872528076172,2.440447330474853,-1.310770034790039,-0.1563108712434768
2254902919.0,-0.1197685897350311,-0.2027050256729126,8.958725929260254,2.463935852050781,1.2997688055038452,-0.2053877562284469
2254911252.0,0.6713094711303711,-0.1379482001066208,9.555328369140623,3.0203535556793213,2.788109302520752,0.14738430082798
2254919585.0,0.6665470600128174,0.3125771284103393,10.160435676574709,3.919669628143311,1.844404220581055,0.2060921490192413
2254927918.0,0.4052208960056305,0.1129614487290382,10.235920906066896,4.066054821014404,-0.2250338494777679,-0.1171979233622551
2254936251.0,-0.0742028355598449,-0.054214421659708,9.61008071899414,3.457691431045532,-0.3631458580493927,-0.116736888885498
2254944584.0,0.4778713583946228,0.0448332577943801,9.70521354675293,3.1135385036468506,0.2690263092517853,0.2044528275728225
2254952917.0,0.8026845455169678,0.7075978517532349,9.646737098693848,3.667215585708618,-0.0469636991620063,0.1830393224954605
2254961250.0,0.5178676247596741,0.8229245543479919,10.181324005126951,4.366150856018066,-0.2926042079925537,0.0689791366457939
2254969583.0,-0.0437579900026321,0.4727496802806854,10.068777084350586,2.9723269939422607,1.2012563943862915,0.2639290690422058
2254977916.0,0.3525447845458984,0.7516232132911682,9.722320556640623,2.384121894836426,2.266578197479248,0.1531475186347961
2254986249.0,0.8316941857337952,0.6594082713127136,10.415284156799316,2.810393810272217,1.4565279483795166,0.4673573076725006
2254994582.0,-0.0574827753007411,0.2745510339736938,10.212794303894045,2.64269757270813,0.4484027922153473,0.3124936819076538
2255002915.0,0.1934990137815475,0.1197907701134681,9.641876220703123,2.527458906173706,0.4129270315170288,0.3103420436382293
2255011248.0,0.1534222960472107,0.900949239730835,9.534297943115234,2.916308641433716,0.3993259072303772,0.1915944665670395
2255019581.0,0.5662673711776733,0.8705594539642334,10.770617485046388,2.521388530731201,-0.2713188230991363,0.2583964169025421
2255027914.0,0.0283609237521886,0.5215710401535034,9.832191467285156,1.559420108795166,0.0354757122695446,0.1828856319189071
2255036247.0,0.0155703714117407,0.3122893869876861,9.522849082946776,1.821300029754639,1.5138781070709229,0.3426416218280792
2255044580.0,-0.2038300633430481,0.7362837791442871,9.825210571289062,2.50215220451355,2.717670202255249,0.3895668983459472
2255052913.0,0.3548915386199951,0.6359421014785767,10.509071350097656,2.844844579696656,1.7454050779342651,0.1315547078847885
2255061246.0,0.6509799361228943,0.2822633981704712,10.607019424438477,2.7593190670013428,-0.378770500421524,0.2787597179412842
2255069579.0,-0.0027090418152511,0.0681241825222969,9.91247272491455,2.0190422534942627,-1.3424547910690308,0.350786954164505
2255077912.0,-0.3054862022399902,0.0626219287514686,9.243341445922852,2.117528915405273,-0.2129183411598205,0.3029908239841461
2255086245.0,0.1251639574766159,0.549549400806427,9.076358795166016,3.504744529724121,1.1509500741958618,0.2394418865442276
2255094578.0,0.1900449395179748,0.7503296136856079,10.022971153259276,4.22558069229126,1.6078054904937744,0.0903157889842987
2255102911.0,0.1093623638153076,0.68654465675354,10.87862777709961,3.614322185516357,1.2466959953308103,0.1832698583602905
2255111244.0,-0.0632562115788459,0.1434907764196396,10.439770698547363,2.281562089920044,0.7970893383026123,0.4324451088905334
2255119577.0,-0.0388982519507408,0.597133219242096,9.30862045288086,2.9907944202423096,0.4474806189537048,0.327785313129425
2255127910.0,0.0347890295088291,0.5353446006774902,10.069046974182127,4.257905960083008,-0.0342334248125553,0.2807064354419708
2255136243.0,0.1091154962778091,0.4817496538162231,10.29211711883545,3.6679201126098633,-0.6742434501647949,0.2158127278089523
2255144576.0,0.6775174736976624,0.6814264059066772,10.05832290649414,3.434792280197144,-0.9568069577217102,0.341002345085144
2255152909.0,0.1711581349372863,0.9127644896507264,10.264671325683594,3.020840644836426,-0.5782797932624817,0.62183678150177
2255161242.0,0.1001378744840622,0.7798236012458801,9.454495429992676,2.90647292137146,0.545634388923645,0.3418987989425659
2255169575.0,0.0762152373790741,0.5863069891929626,9.37138557434082,3.77838134765625,2.0887129306793213,0.4061649143695831
2255177908.0,0.0487640909850597,0.0994613915681839,10.471525192260742,3.3034164905548096,2.3028221130371094,0.6455555558204651
2255186241.0,-0.0882861092686653,0.8720096945762634,9.988804817199709,2.8912839889526367,1.830342173576355,0.591535210609436
2255194574.0,0.345884770154953,1.313062071800232,10.592870712280272,3.6576104164123535,0.2657732963562011,0.444791167974472
2255202907.0,0.1407752633094787,1.053677678108215,10.411544799804688,3.21599555015564,-0.9984301328659058,0.5464028716087341
2255211240.0,0.0296744480729103,0.8280012607574463,10.026187896728516,2.0974984169006348,-0.7108846306800842,0.526807963848114
2255219573.0,0.2857918441295624,0.7638092041015625,10.27445125579834,1.3414175510406494,0.4379265606403351,0.7962697148323059
2255227906.0,0.342255175113678,1.463678956031799,9.645306587219238,1.979519248008728,1.4413385391235352,0.688946008682251
2255236239.0,0.4029248654842376,0.926652193069458,10.117895126342772,2.823149919509888,1.7323418855667114,0.5775498151779175
2255244572.0,-0.286476582288742,0.9101081490516664,10.062735557556152,1.9794425964355469,2.002213716506958,0.371560126543045
2255252905.0,-0.1051109656691551,0.2390650808811187,9.80861759185791,0.768555223941803,2.35697078704834,0.5571608543395996
2255261238.0,-0.123649924993515,0.5727800130844116,9.184089660644531,1.1447769403457642,1.975600242614746,0.5347740054130554
2255269571.0,0.2764746248722076,0.2916951477527618,10.220563888549805,2.166810750961304,0.6750887632369995,0.5036270618438721
2255277904.0,-0.2537295222282409,0.5848550200462341,10.399582862854004,2.0909671783447266,-0.0120258843526244,0.547094464302063
2255286237.0,-0.2078951001167297,0.8446618914604187,9.994887351989746,1.946809887886048,-0.0557493790984153,0.1547355949878692
2255294570.0,0.5933119654655457,0.9151458144187928,9.662904739379885,2.17680025100708,0.0660335049033165,0.3887729048728943
2255302903.0,0.5327658653259277,0.5871414542198181,9.95097541809082,1.9306731224060056,0.018647164106369,0.4433568120002746
2255311236.0,-0.2109158784151077,0.656280517578125,9.366619110107422,1.2912135124206543,0.9425270557403564,0.3877739012241363
2255319569.0,-0.6184242367744446,1.1059777736663818,9.345151901245115,1.867841124534607,3.4492383003234863,0.4003760814666748
2255327902.0,0.0376591794192791,0.4826228618621826,10.46275234222412,1.9254990816116333,3.712732553482056,0.4145151674747467
2255336235.0,0.0520861074328422,0.530478298664093,10.522948265075684,1.2357075214385986,1.3093997240066528,0.3020942807197571
2255344568.0,-0.1139018684625625,0.0082472283393144,9.899620056152344,0.9139158129692078,-0.5556879639625549,0.4485820829868316
2255352901.0,0.1053484380245208,-0.0462903603911399,9.356649398803713,1.3315815925598145,-1.014951229095459,0.5425606966018677
2255361234.0,0.3631816208362579,0.0383990556001663,9.634100914001465,2.092811107635498,-1.358976125717163,0.4088544547557831
2255369567.0,0.0876189544796943,0.0451950170099735,9.615315437316896,2.023268222808838,-0.0663792788982391,0.6129229664802551
2255377900.0,-0.0991403609514236,0.5099366307258606,9.07703685760498,2.210124492645264,1.8559308052062988,0.3278366029262543
2255386233.0,-0.3483630716800689,0.6656591892242432,9.204416275024414,2.981727600097656,3.718393087387085,0.4251450896263122
2255394566.0,-0.1651926338672638,-0.4039880931377411,10.564011573791504,2.149854183197021,3.838984727859497,0.6944019198417664
2255402899.0,0.2129125744104385,-0.2316949665546417,10.315973281860352,1.3892649412155151,1.836591839790344,0.6798530220985413
2255411232.0,0.3270418345928192,0.0510476678609848,9.77766227722168,2.683629274368286,-1.073095679283142,0.7231155037879944
2255419565.0,-0.1932251751422882,0.5354421138763428,9.281320571899414,4.105526924133301,-2.4218902587890625,0.417998731136322
2255427898.0,-0.0336725935339927,0.1820514500141143,9.584301948547363,3.700770378112793,-1.2479639053344729,0.3516065776348114
2255436231.0,0.0410614237189292,0.3932787775993347,9.129666328430176,2.5974628925323486,1.082073211669922,0.4516045451164245
2255444564.0,0.7555123567581177,0.2996228337287903,9.33957576751709,2.362797737121582,2.342536687850952,0.942565381526947
2255452897.0,-0.2305714935064315,0.287337988615036,9.78599452972412,2.914297580718994,2.0708975791931152,0.7593978643417358
2255461230.0,-0.8371199369430542,0.2987608313560486,10.071955680847168,2.901862382888794,2.631299018859864,0.4671267867088318
2255469563.0,0.1361955851316452,0.6657703518867493,9.83935260772705,3.231978416442871,2.405663251876831,0.6332863569259644
2255477896.0,1.0306984186172483,0.1448447853326797,10.784219741821287,3.617625951766968,-0.953271985054016,0.6891765594482422
2255486229.0,-0.0432805866003036,-0.1022682413458824,10.323423385620115,2.560424566268921,-2.8114824295043945,0.6576966643333435
2255494562.0,-0.1088452562689781,0.3004247844219208,9.061275482177734,2.363886594772339,-0.7093222737312317,0.6843868494033813
2255502895.0,0.2471523284912109,0.7076534628868103,8.781661033630371,3.786449909210205,1.4166207313537598,0.5798550248146057
2255511228.0,0.3398219347000122,0.7847204804420471,9.78538990020752,4.6640448570251465,2.5423409938812256,0.5043955445289612
2255519561.0,0.1513631790876388,-0.1168789193034172,10.729105949401855,2.862262725830078,2.949427843093872,0.6119240522384644
2255527894.0,-0.1769383996725082,0.4704238474369049,10.155942916870115,1.808774828910828,2.9074203968048096,0.5183552503585815
2255536227.0,-0.0125812804326415,0.850094735622406,9.72472095489502,3.0084173679351807,2.3516173362731934,0.5433291792869568
2255544560.0,0.0946119725704193,1.1263747215270996,10.285746574401855,4.636612415313721,1.044087529182434,0.2496363520622253
2255552893.0,-0.0217508431524038,0.2879516184329986,10.795448303222656,3.54688024520874,-0.1348717510700225,0.4015799760818481
2255561226.0,-0.1375116854906082,0.3758744597434997,9.741750717163086,1.6838284730911257,0.8620214462280273,0.6261655688285828
2255569559.0,0.2479477524757385,0.5610281229019165,9.616588592529297,2.161303758621216,1.5945885181427002,0.6301102042198181
2255577892.0,0.3533716201782226,0.1150489002466201,9.9337739944458,3.274985313415528,0.999954342842102,0.4370813369750976
2255586225.0,-0.0061679850332438,-0.3050777018070221,9.5955171585083,3.7773051261901855,1.4681822061538696,0.3970206081867218
2255594558.0,0.0405481196939945,-0.1478476375341415,9.744961738586426,3.9506118297576895,2.608681917190552,0.6447871327400208
2255602891.0,-0.4498508274555206,0.5562074780464172,9.870084762573242,4.074302673339844,3.327237606048584,0.697603702545166
2255611224.0,0.0330400764942169,1.5207204818725586,9.951141357421877,4.886171817779541,2.850966691970825,0.3964315056800842
2255619557.0,-0.1262640804052353,1.3519883155822754,10.557435035705566,4.668245792388916,1.3903663158416748,0.0381908304989337
2255627890.0,-0.0744543522596359,1.070794701576233,10.723352432250977,2.877631425857544,0.8228573799133301,0.4616453945636749
2255636223.0,-0.3460417091846466,0.4046117961406708,9.989343643188477,1.5799373388290403,1.073569416999817,0.8129189610481262
2255644556.0,-0.0617526769638061,0.9877957701683044,9.73670482635498,2.1942694187164307,1.510061740875244,0.605546236038208
2255652889.0,0.1219980865716934,0.9356001019477844,10.00892734527588,3.4676294326782227,1.2590676546096802,0.5140520334243774
2255661222.0,-0.1263929456472396,0.7321150302886963,10.079669952392578,3.273576259613037,1.0037450790405271,0.4312669038772583
2255669555.0,-0.0911017060279846,0.310490608215332,9.865524291992188,2.1908109188079834,1.6702274084091189,0.6490902900695801
2255677888.0,-0.298272430896759,0.4088635742664337,9.53999137878418,1.3838090896606443,2.203054666519165,0.634823203086853
2255686221.0,-0.2578088641166687,0.4589987993240356,9.99193286895752,2.1450130939483643,2.4748730659484863,0.6870250701904297
2255694554.0,-0.4511009156703949,0.7362549901008606,10.01335620880127,3.132133722305298,1.888588547706604,0.654443621635437
2255702887.0,-0.3389953970909118,0.9147589206695556,10.768454551696776,3.219862937927246,1.0619916915893557,0.5547530651092529
2255711220.0,-0.5620082020759583,1.2761764526367188,10.17916488647461,2.1376872062683105,0.5724524855613708,0.7062099575996399
2255719553.0,-0.0937698632478714,0.9439133405685424,10.057710647583008,1.4661329984664917,0.3306029438972473,0.7659168243408203
2255727886.0,0.1429707109928131,0.5937790870666504,9.868471145629885,1.236347794532776,-0.3300009965896606,0.7791337370872498
2255736219.0,-0.0604558289051055,0.2983379364013672,9.885478973388672,1.253816843032837,-0.7146756052970886,0.5180479288101196
2255744552.0,-0.1940870285034179,0.1085915714502334,9.84914207458496,1.431016206741333,0.6009100079536438,0.7720387578010559
2255752885.0,-0.0641778036952018,0.0127589385956525,9.485185623168944,1.9079020023345947,1.437932014465332,1.0297691822052002
2255761218.0,0.270011693239212,0.5543074011802673,9.691670417785645,3.2368197441101074,1.3973335027694702,0.7848970293998718
2255769551.0,-0.3963602185249328,0.5756372213363647,9.965985298156738,3.251880884170532,0.8021866679191589,0.579189121723175
2255777884.0,-0.8145926594734192,0.5472581386566162,9.68552017211914,2.4360930919647217,1.5367518663406372,0.3987368047237396
2255786217.0,-0.7351140379905701,0.7077374458312988,9.697831153869627,2.2369935512542725,2.5682623386383057,0.610131025314331
2255794550.0,-0.7356364727020264,0.730824887752533,10.874164581298828,2.105823040008545,1.80503523349762,0.5692508220672607
2255802883.0,0.93047833442688,1.502487301826477,10.915163040161133,2.351694345474243,-1.4358444213867188,0.2422338128089904
2255811216.0,0.4475077688694,0.2964149713516235,10.28155517578125,2.4588897228240967,-4.489983081817627,0.179376482963562
2255819549.0,-0.1979425102472305,-0.4945406019687652,9.25828456878662,1.377558946609497,-3.550401210784912,0.2854962050914764
2255827882.0,-0.0455563366413116,-0.3134209513664245,8.0490083694458,1.2880631685256958,0.7936314940452576,0.8289278745651245
2255836215.0,0.0669299513101577,0.4557397365570068,8.69910717010498,3.560763120651245,3.152754068374634,0.5403066873550415
2255844548.0,-0.1583017855882644,1.13814115524292,10.416780471801758,4.862401962280273,3.6772308349609375,0.2103441059589386
2255852881.0,-0.0211428515613079,0.6894012689590454,11.165552139282228,3.5253899097442627,2.4468257427215576,0.2259944230318069
2255861214.0,-0.2287941426038742,0.1150459349155426,10.589221954345703,1.7122348546981812,0.7119989395141602,0.4926129877567291
2255869547.0,-0.3444305956363678,0.0595545135438442,9.579989433288574,1.227997660636902,-0.2522105872631073,0.6726041436195374
2255877880.0,0.2172830551862716,0.0852839350700378,9.249897956848145,2.753222942352295,-1.5560263395309448,0.574885904788971
2255886213.0,-0.0052943280898034,0.7936021089553833,9.76701545715332,4.272147178649902,-2.1474077701568604,0.0800444930791854
2255894546.0,0.0844538211822509,0.7666165828704834,10.091142654418944,3.617382526397705,-0.6790589094161987,0.4716732800006866
2255902879.0,0.4408415555953979,0.953147828578949,9.444522857666016,2.8316538333892822,0.4721984565258026,0.4689454138278961
2255911212.0,-0.5041136145591736,1.0436464548110962,9.664921760559082,2.2904763221740723,1.6702786684036257,0.2490216046571731
2255919545.0,-0.2830538749694824,0.3870345950126648,9.596792221069336,1.508345127105713,3.2964231967926025,0.6113860607147217
2255927878.0,-0.2637786865234375,-0.2092862278223037,9.487049102783203,1.844327449798584,2.6546850204467773,0.4253756105899811
2255936211.0,0.2327506244182586,-0.2654326558113098,10.098947525024414,2.803119659423828,0.3771440088748932,0.479729026556015
2255944544.0,0.5330700278282166,-0.9735647439956664,9.833953857421877,3.1328513622283936,-2.4624626636505127,0.6176103949546814
2255952877.0,-0.6267343759536743,-0.4644346833229065,8.939366340637207,4.030887126922607,-3.02661657333374,0.4880280196666717
2255961210.0,-1.0036875009536743,0.4355488121509552,8.70259952545166,4.4146904945373535,0.7148933410644531,0.9130706787109376
2255969543.0,0.3332245647907257,1.0066174268722534,10.039052963256836,5.176355361938477,2.4597606658935547,0.8699875473976135
2255977876.0,0.0812422409653663,1.4545304775238037,11.097708702087402,4.820702075958252,0.7493700981140137,0.0786100924015045
2255986209.0,0.2129853516817093,0.989687979221344,11.242865562438965,2.53847336769104,0.3101884126663208,0.8655307292938232
2255994542.0,-0.650393009185791,0.6341615319252014,9.229989051818848,1.6152336597442627,-0.1585905253887176,0.9970853328704834
2256002875.0,-0.6400424242019653,0.6661648154258728,9.463315963745115,2.612908124923706,0.2520697116851806,0.8316429853439331
2256011208.0,0.2800266742706299,0.2086671739816665,9.852890014648438,2.430176258087158,-0.1459627151489257,1.2480536699295044
2256019541.0,0.539148211479187,0.7104116678237915,10.072087287902832,2.840849161148072,-2.0902113914489746,0.8594344854354858
2256027874.0,-0.2742603123188019,0.3245605230331421,10.033868789672852,2.220165014266968,-1.8412920236587524,1.1254125833511353
2256036207.0,-0.0723227560520172,0.4539261162281036,9.28226375579834,2.110407829284668,0.0176994372159242,1.268954873085022
2256044540.0,-0.3618096709251404,0.2450834810733795,9.605138778686523,2.6946945190429688,1.39548921585083,1.0333293676376345
2256052873.0,-0.119499921798706,0.2315478771924972,10.28447437286377,2.431098461151123,2.081310510635376,1.322463035583496
2256061206.0,-0.2071719020605087,0.4863504469394684,10.146444320678713,3.013489246368408,0.7100266218185425,0.8474212884902954
2256069539.0,-0.0763644501566886,0.5083571672439575,10.827130317687988,3.034595251083374,-0.9126992225646972,0.7502921223640442
2256077872.0,-0.2367507666349411,0.5581539869308472,9.828733444213867,2.3097379207611084,-2.106194496154785,0.942885398864746
2256086205.0,0.3252982497215271,0.7348768711090088,9.339094161987305,2.841796875,-2.125482082366944,0.7131771445274353
2256094538.0,-0.0446942523121833,0.4521240890026092,9.579461097717283,3.2558507919311523,-1.5212935209274292,0.8619958162307739
2256102871.0,0.1049249693751335,0.6714776754379272,9.998909950256348,2.996225118637085,-0.3067944943904876,0.5478116273880005
2256111204.0,-0.0386960320174694,1.0042823553085327,10.272956848144531,2.9830081462860107,1.275409698486328,0.5894092321395874
2256119537.0,-0.1771757453680038,1.3010451793670654,10.298803329467772,3.071531295776367,1.4717172384262085,0.3383896648883819
2256127870.0,-0.3961379826068878,0.9702224135398864,9.940196990966797,3.0385401248931885,1.618461012840271,0.3395166993141174
2256136203.0,0.44621542096138,0.1385214477777481,10.586909294128418,2.4188547134399414,0.2832678556442261,0.6769843101501465
2256144536.0,0.0998308137059211,0.2952346801757812,10.0949125289917,1.840126633644104,-2.1433608531951904,0.4237875640392303
2256152869.0,0.0496134348213672,0.9308726191520692,10.072659492492676,2.689059257507324,-2.750494718551636,0.2483556121587753
2256161202.0,0.0691227242350578,0.8862673044204712,9.807619094848633,3.027064800262451,-1.4216797351837158,-0.0208115670830011
2256169535.0,0.6053564548492432,0.5811934471130371,9.99158000946045,2.8290157318115234,0.026561964303255,0.1167496889829635
2256177868.0,0.620596706867218,0.4405930936336517,10.008671760559082,2.393188953399658,1.43621563911438,0.4409746527671814
2256186201.0,0.1314861923456192,0.5331608057022095,10.289258003234863,2.2130441665649414,1.4757896661758425,0.2641595602035522
2256194534.0,-0.4714387357234955,1.237847924232483,9.646432876586914,3.06402587890625,2.4658567905426025,0.1294543445110321
2256202867.0,-0.0095387930050492,0.634626030921936,10.740930557250977,3.395013332366944,2.6067094802856445,0.3701513409614563
2256211200.0,-0.0182443056255579,0.9688217043876648,10.490276336669922,2.1855599880218506,0.9531312584877014,0.0976414531469345
2256219533.0,0.256312221288681,0.1704048216342926,10.40916919708252,1.6071652173995972,-0.8569883108139038,0.5757824182510376
2256227866.0,-0.4590799808502197,0.1875496655702591,9.222414016723633,1.506808519363403,-1.2949659824371338,0.403501033782959
2256236199.0,-0.1560900807380676,0.6184946894645691,9.479696273803713,2.5258452892303467,-0.241273283958435,0.3602898418903351
2256244532.0,0.0520937480032444,1.2765555381774902,10.425567626953123,2.997198343276977,0.5613871812820435,0.3351878821849823
2256252865.0,0.3032912611961365,1.705317139625549,10.77184009552002,1.979801058769226,0.6455042958259583,0.1335525959730148
2256261198.0,0.7913976907730103,1.3772941827774048,10.146815299987791,1.4075534343719482,0.3473034203052521,0.458213061094284
2256269531.0,0.0676301270723342,-0.4906063377857208,10.138296127319336,-0.0122820250689983,0.3562171459197998,0.757207989692688
2256277864.0,-0.2053389847278595,-0.2932349741458893,9.083680152893066,-0.5556880831718445,1.4093209505081177,0.9206781387329102
2256286197.0,-0.2826338708400726,-0.1479274928569793,9.133167266845703,1.7874127626419067,2.430458068847656,0.979257881641388
2256294530.0,0.104412093758583,0.1470021307468414,9.698038101196287,3.868287086486816,1.407041072845459,0.4979919195175171
2256302863.0,0.6122952699661255,0.1850070804357528,10.436795234680176,4.088236808776856,-0.1673249900341034,0.6362318992614746
2256311196.0,-0.0841021239757537,0.2881483137607574,10.134109497070312,2.18548321723938,-0.5952363610267639,0.8671699166297913
2256319529.0,-0.1873830258846283,0.7548753023147583,8.96386432647705,1.204125165939331,0.3510174453258514,0.8189382553100586
2256327862.0,0.349933922290802,0.890261173248291,8.942044258117676,2.585385322570801,1.398216962814331,0.7708988189697266
2256336195.0,0.3428255319595337,-0.1281266510486602,10.416237831115724,2.801633596420288,0.6573125123977661,0.7125367522239685
2256344528.0,-0.1393396556377411,0.3134949505329132,10.104575157165527,1.5455116033554075,1.0131198167800903,0.6037787199020386
2256352861.0,-0.4456810355186462,0.5708836913108826,9.359424591064451,1.8918160200119016,2.4811997413635254,1.0500298738479614
2256361194.0,0.0461766310036182,1.2177642583847046,9.792819023132324,3.1029598712921143,2.7248423099517822,1.056382417678833
2256369527.0,0.311357706785202,0.331681877374649,11.130247116088867,2.996174097061157,0.5899471640586853,1.0268235206604004
2256377860.0,-0.2988600730895996,-0.4480326175689697,10.024237632751465,0.8335384130477905,-0.6859107613563538,0.8008034229278564
2256386193.0,-0.046264536678791,-0.5681289434432983,8.323193550109863,1.4294023513793943,-0.0363081768155097,0.9984428286552428
2256394526.0,-0.5365438461303711,-0.4518172740936279,8.605449676513672,3.757069826126098,1.0545122623443604,1.083891749382019
2256402859.0,-0.8828781247138977,0.1091303974390029,9.99309539794922,4.373323440551758,2.501819372177124,1.0418334007263184
2256411192.0,-0.3237247169017792,0.6719321608543396,10.158714294433594,3.862729549407959,3.092663049697876,0.8996488451957703
2256419525.0,0.4587466418743133,1.3091881275177002,10.948075294494627,3.836550951004028,0.5154352188110352,0.6680704951286316
2256427858.0,-0.434468924999237,0.8767024874687195,10.903148651123049,2.9360058307647705,-1.4670424461364746,0.4182804822921753
2256436191.0,-0.1638820767402649,-0.0231401454657316,9.733699798583984,1.576658844947815,-0.6948246359825134,0.6824913620948792
2256444524.0,-0.0893688201904296,0.5986985564231873,9.070496559143066,2.7094738483428955,0.2736881077289581,0.9518250823020936
2256452857.0,-0.222204640507698,0.888081967830658,10.03995418548584,4.306265354156494,1.5748144388198853,0.8719854354858398
2256461190.0,-0.064846470952034,0.3196695148944855,10.195110321044922,4.143128395080566,2.018145799636841,0.6910721063613892
2256469523.0,-0.2640098035335541,0.2911226451396942,9.906168937683104,3.451594829559326,1.6885159015655518,0.4382339417934418
2256477856.0,-0.6889575123786926,0.4962590038776397,9.667274475097656,2.578892469406128,2.1357150077819824,0.8754945993423462
2256486189.0,-0.3018487095832824,1.212896466255188,9.914148330688477,2.907830715179444,2.1117913722991943,0.5461980104446411
2256494522.0,-0.5476097464561462,1.1079007387161257,10.221498489379885,3.64954137802124,0.8868671655654907,0.2076033353805542
2256502855.0,0.1493452787399292,0.8458858728408813,10.7066068649292,2.9853131771087646,0.2854450345039367,0.5561106204986572
2256511188.0,-0.3291650414466858,1.0610980987548828,10.043145179748535,2.136431932449341,0.2320393472909927,0.5228121280670166
2256519521.0,-0.1888419389724731,1.0179105997085571,9.779120445251465,2.182255983352661,0.6641514301300049,0.5411775708198547
2256527854.0,-0.2064283490180969,0.7836577892303467,9.31178379058838,2.4854519367218018,1.9496275186538696,0.7604098320007324
2256536187.0,-0.7737816572189331,0.0799353569746017,10.272313117980955,2.5690817832946777,2.795947313308716,0.7990360260009766
2256544520.0,-0.350974977016449,0.8192674517631531,10.234474182128906,1.749324083328247,3.4044134616851807,0.9606106281280518
2256552853.0,0.0561654940247535,0.8783621788024902,10.203545570373535,2.535117626190185,1.8737837076187127,1.007459044456482
2256561186.0,-0.8907390236854553,1.393329381942749,10.171340942382812,3.174910306930542,0.5763459205627441,0.4585204720497131
2256569519.0,-0.7404165863990784,0.456485241651535,10.255005836486816,1.611417293548584,1.7057545185089111,1.0082019567489624
2256577852.0,-0.3710997998714447,0.1463046371936798,9.461267471313477,0.8924767374992371,2.210866928100586,1.1717487573623655
2256586185.0,-0.1843274235725402,0.3679211139678955,9.297572135925291,1.7860807180404663,0.9111751914024352,1.2862188816070557
2256594518.0,-0.5659496784210205,0.4882538616657257,9.853171348571776,3.0234017372131348,0.7722436189651489,1.3310694694519043
2256602851.0,-0.8059852123260498,0.2130096107721328,9.747321128845217,3.172553777694702,0.8595113158226013,1.1147828102111816
2256611184.0,-0.5193939805030823,0.2016844004392624,9.662898063659668,3.059133529663086,2.065634250640869,1.5535545349121094
2256619517.0,-0.2011363059282302,0.4919668138027191,10.043354034423828,2.8212029933929443,2.0109479427337646,1.764769434928894
2256627850.0,-0.5027477741241455,1.4821827411651611,10.252796173095703,2.964770555496216,0.5110296010971069,1.5505831241607666
2256636183.0,-0.6122208833694458,1.4737601280212402,10.071538925170898,2.896867513656616,0.2821663916110992,1.5274536609649658
2256644516.0,0.0685154423117637,0.6161072254180908,10.087864875793455,1.9105401039123533,0.1130868569016456,1.6313962936401367
2256652849.0,-0.2437660694122314,0.3014558553695678,9.706767082214355,0.9090747237205504,-0.2978295087814331,1.4645962715148926
2256661182.0,-0.5288990139961243,0.2126260250806808,9.531982421875,1.012966275215149,1.2558146715164185,1.8158700466156008
2256669515.0,-0.6078982949256897,0.099473625421524,9.502548217773438,2.2621209621429443,2.360940456390381,1.822606325149536
2256677848.0,-0.4717324674129486,1.207040548324585,9.698993682861328,3.886908769607544,2.568672180175781,1.4672858715057373
2256686181.0,-0.7300379872322083,0.8877076506614685,11.41302490234375,3.552182197570801,2.1408891677856445,1.8625136613845823
2256694514.0,-0.928046941757202,1.2584747076034546,10.666122436523438,1.0179097652435305,1.2697490453720093,1.3464124202728271
2256702847.0,-0.6457512378692627,1.379194974899292,9.082420349121094,1.1333274841308594,0.8758018612861633,1.3162130117416382
2256711180.0,0.3337271809577942,0.2030591070652008,10.111627578735352,1.754344463348389,-0.690162718296051,1.5959718227386477
2256719513.0,-0.4128932058811188,-0.4696905016899109,9.625221252441406,0.7902504205703735,-2.6223981380462646,1.358246088027954
2256727846.0,-0.8907482624053955,-0.188982143998146,8.412837028503418,1.4746627807617188,-0.8953840136528015,1.502838373184204
2256736179.0,-0.5806238651275635,-0.2282901257276535,8.474932670593262,3.27019476890564,1.5807310342788696,1.538954496383667
2256744512.0,-0.6005539894104004,0.6225971579551697,9.631529808044434,4.734176158905029,2.430227279663086,1.1992071866989136
2256752845.0,-0.7468674182891846,0.3577643632888794,10.892823219299316,3.762167692184448,2.1363296508789062,1.3195428848266602
2256761178.0,-0.4741653203964233,0.958790957927704,10.274988174438477,2.415678739547729,1.2608095407485962,1.443925857543945
2256769511.0,-0.579527735710144,1.502617120742798,9.79246997833252,3.093175172805786,-0.4047433733940124,1.31180739402771
2256777844.0,-0.6515442132949829,1.0029656887054443,10.280837059020996,2.975656747817993,-1.8129371404647827,1.1644742488861084
2256786177.0,-0.9890545010566713,0.7267748117446899,9.555755615234377,1.5906697511672974,-1.7344040870666504,0.7228338122367859
2256794510.0,-0.00032853015,0.743870735168457,9.744030952453612,1.857954025268555,-0.3788473606109619,1.143957495689392
2256802843.0,0.8479660153388977,0.374956876039505,10.2196683883667,1.782699465751648,-1.0650526285171509,1.654346585273743
2256811176.0,-0.4559114873409271,0.8017904758453369,9.677937507629396,2.387554168701172,-1.2844642400741575,1.0195746421813965
2256819509.0,-1.3896446228027344,0.6535866856575012,8.905439376831055,2.2300519943237305,2.165504217147827,1.101002216339111
2256827842.0,-0.9507973790168762,0.8872149586677551,9.389081001281738,2.799431085586548,5.366797924041748,1.2175726890563965
2256836175.0,-0.6382921934127808,0.7353391647338867,11.251986503601074,2.2959320545196533,3.935755729675293,1.2339657545089722
2256844508.0,-0.5272315740585327,1.1552249193191528,11.478671073913574,1.168213963508606,0.897625207901001,1.1656270027160645
2256852841.0,-0.199216827750206,0.303552508354187,10.263444900512695,1.1284608840942385,-2.651854991912842,0.9305908679962158
2256861174.0,-0.1279273927211761,-0.0884526744484901,9.171929359436035,1.965969204902649,-3.9686570167541504,1.1533833742141724
2256869507.0,-0.9756389260292052,-0.2777515947818756,9.040038108825684,1.9173533916473389,-2.118566036224365,1.1704424619674685
2256877840.0,-0.2625325322151184,0.3053502738475799,8.866720199584961,2.2569475173950195,0.6225796341896057,1.10850727558136
2256886173.0,-0.5506108403205872,0.6891865730285645,9.203157424926758,4.0417985916137695,2.8595988750457764,1.2728482484817505
2256894506.0,-0.404662162065506,0.922335684299469,10.871050834655762,3.7734375,3.843031644821167,1.3993823528289795
2256902839.0,-0.7613427639007568,0.7780554890632629,10.71906280517578,2.199058532714844,2.707116842269897,1.249743938446045
2256911172.0,-0.0419252030551433,0.776920735836029,10.167362213134766,1.7870540618896484,0.7026240825653076,1.3769187927246094
2256919505.0,-0.6879850625991821,0.5238182544708252,9.849051475524902,2.053621292114258,-1.1950962543487549,1.614465355873108
2256927838.0,-1.2384644746780396,0.6117935180664062,10.043455123901367,1.913127303123474,-1.0136194229125977,1.200692892074585
2256936171.0,-0.0552675202488899,1.1080368757247925,9.587571144104004,1.9836175441741943,0.2098317891359329,1.5492513179779053
2256944504.0,-0.0413537994027137,0.8419095873832703,9.84230899810791,2.55143404006958,-0.3569215834140777,1.4983303546905518
2256952837.0,-0.555635392665863,0.6351642608642578,9.904227256774902,1.5219465494155884,0.0727188065648078,1.4641865491867063
2256961170.0,-0.4918851852416992,0.683172881603241,9.281912803649902,0.8005216717720032,1.5820633172988892,1.59694504737854
2256969503.0,-1.101050853729248,1.2696881294250488,9.60713005065918,1.3959758281707764,2.496568441390991,1.3642654418945312
2256977836.0,-0.4352322816848755,0.6787604093551636,10.51107692718506,1.0712385177612305,1.7840057611465454,1.5663360357284546
2256986169.0,-0.3587876856327057,0.3207562565803528,10.417466163635254,0.7768796682357788,0.2006106823682785,1.5723553895950315
2256994502.0,-0.6484402418136597,0.2016611397266388,10.51108741760254,0.7099242210388184,-1.305467963218689,1.5352660417556765
2257002835.0,-0.4555100500583648,0.125084787607193,9.80325412750244,0.9030297994613647,-0.8128805160522461,1.6154640913009644
2257011168.0,0.1618293821811676,0.0029525351710617,9.317034721374512,2.418368101119995,-1.075554609298706,1.491132736206055
2257019501.0,0.3199156820774078,-0.3406995236873626,9.763407707214355,3.099860429763794,-1.2150241136550903,1.45478618144989
2257027834.0,-0.3647213578224182,0.2453737109899521,9.11540985107422,2.697947263717652,0.2996353209018707,1.4565792083740234
2257036167.0,-0.3802787065505981,0.3102627396583557,9.251152992248535,3.013002157211304,2.607119083404541,1.2846819162368774
2257044500.0,0.0325409770011901,0.4834841191768646,9.704236030578612,3.294886827468872,3.500210762023926,1.5776063203811646
2257052833.0,-0.3797661066055298,0.6923779249191284,10.110236167907717,3.4347410202026367,2.5066349506378174,1.3729487657546997
2257061166.0,-0.2798163890838623,0.3862516283988952,10.288719177246094,2.9583675861358643,1.052437663078308,1.221056342124939
2257069499.0,-0.6523682475090027,0.5627632737159729,9.451350212097168,2.8815245628356934,0.6033432483673096,1.4498168230056765
2257077832.0,-0.5048778653144836,0.4335919618606567,9.879511833190918,2.9870805740356445,0.9066414833068848,1.588722825050354
2257086165.0,-0.7694836258888245,0.2507855296134949,9.651458740234377,2.944663524627685,1.1308940649032593,1.4141874313354492
2257094498.0,0.0877444669604301,0.2769369482994079,9.683147430419922,3.360689640045166,0.6391263008117676,1.536751389503479
2257102831.0,0.3778934478759765,0.3729401528835296,10.396259307861328,3.612323522567749,-0.2894023954868316,1.6574712991714478
2257111164.0,-0.8757848143577576,0.6499422192573547,10.062899589538574,2.771127223968506,-0.3846361637115478,1.2236688137054443
2257119497.0,-0.4559680521488189,1.2918455600738523,9.564011573791504,2.910749912261963,2.193807601928711,1.1888333559036257
2257127830.0,-0.8770581483840942,1.1432836055755615,10.197516441345217,3.432127952575684,4.108600616455078,1.339957356452942
2257136163.0,-0.331775039434433,1.6573065519332886,10.933183670043944,2.5570435523986816,4.01572322845459,1.4898264408111572
2257144496.0,-0.0656148865818977,1.0986855030059814,10.695364952087402,1.9662511348724363,1.6953295469284058,1.3062747716903689
2257152829.0,0.200384110212326,0.0245922692120075,10.274788856506348,1.2742056846618652,-0.7850635051727295,1.2300724983215332
2257161162.0,0.0298427864909172,-0.7317736744880676,8.749283790588379,0.6925833821296692,-1.8212618827819824,1.7683299779891968
2257169495.0,-1.1720452308654783,-0.2681347727775574,7.612115383148193,2.306177854537964,0.1282504796981811,1.5890815258026123
2257177828.0,-1.0126373767852783,0.6142707467079163,8.071048736572266,4.044359683990479,3.8573503494262695,1.282453536987305
2257186161.0,-0.2147034853696823,0.0275855585932731,10.58580493927002,4.613277912139893,5.310317993164063,1.5138270854949951
2257194494.0,-0.4672902524471283,0.4948674738407135,11.06985092163086,2.7943594455718994,3.339200019836426,1.333349108695984
2257202827.0,-0.7299261689186096,1.1831581592559814,10.68281078338623,2.5838875770568848,1.9891505241394043,1.5632882118225098
2257211160.0,-1.1291354894638062,1.698147177696228,9.702342987060549,3.4071028232574463,0.9256728291511536,1.1975934505462646
2257219493.0,-0.4328824877738952,1.2091628313064575,10.596393585205078,3.521829128265381,0.2323723286390304,1.2300978899002075
2257227826.0,0.1342653036117553,0.5900585055351257,10.294082641601562,1.6625686883926392,-0.6039453148841858,1.4931049346923828
2257236159.0,0.5118393301963806,0.0450880452990531,9.797759056091309,0.5823652148246765,-1.054012894630432,1.838640809059143
2257244492.0,-0.8067400455474854,0.1216786578297615,8.34541130065918,1.3708995580673218,0.4309339225292206,1.8235543966293333
2257252825.0,-1.3088250160217283,0.3414646089076996,8.506221771240234,3.2673263549804688,4.492122173309326,1.6696128845214844
2257261158.0,-0.9766966104507446,0.4592650234699249,10.205865859985352,3.941186189651489,6.782087326049805,1.6485323905944824
2257269491.0,-0.7423503398895264,1.0264426469802856,11.00329303741455,3.197885751724243,5.555215358734131,1.7678943872451782
2257277824.0,-0.6667371988296509,0.5894899368286133,11.08954906463623,2.178029775619507,2.3578672409057617,1.7246577739715576
2257286157.0,-0.6029860377311707,0.2942891716957092,10.524510383605955,1.585444092750549,-0.8455386757850647,1.7933293581008911
2257294490.0,-0.3666950166225433,0.2136192172765731,9.657231330871582,1.970964193344116,-2.2998385429382324,1.8376165628433228
2257302823.0,-0.1947304159402847,0.5974465608596802,9.277963638305664,3.035799026489258,-2.2853660583496094,1.661339282989502
2257311156.0,-0.6460627913475037,0.3696031868457794,9.247260093688965,3.327186822891236,0.0115007925778627,1.3501520156860352
2257319489.0,0.0752382352948188,0.3848218917846679,9.226889610290527,2.6707706451416016,3.647083282470703,2.0747532844543457
2257327822.0,-0.9877829551696776,0.320138156414032,9.356294631958008,2.877938747406006,5.637975215911865,2.157973527908325
2257336155.0,-1.1010594367980957,0.1862120479345321,9.97532844543457,3.134490489959717,6.012403964996338,1.939765810966492
2257344488.0,-1.0292457342147827,0.3849762380123138,9.795413970947266,3.9901089668273926,4.570552825927734,1.7811371088027954
2257352821.0,-0.6769628524780273,0.2490180730819702,10.868230819702148,4.5052876472473145,1.0138626098632812,1.6906932592391968
2257361154.0,-0.7102770805358887,1.222249150276184,10.54131317138672,3.5335607528686523,-1.6108921766281128,1.6655913591384888
2257369487.0,-0.7257553935050964,1.1640360355377195,9.637405395507812,3.311690092086792,-2.6799535751342773,1.325664758682251
2257377820.0,-0.4536447525024414,0.6874769330024719,9.41266918182373,2.9648478031158447,-1.0154892206192017,1.4518662691116333
2257386153.0,-0.5387242436408997,0.6241592764854431,9.611889839172363,2.116273641586304,1.5761208534240725,1.8389739990234373
2257394486.0,-0.5095304846763611,0.9070540070533752,9.73172378540039,2.52955961227417,3.3140981197357178,1.5751986503601074
2257402819.0,-0.7255197167396545,1.198875069618225,9.95536994934082,3.805558204650879,4.013776302337647,1.3864473104476929
2257411152.0,-0.7856543064117432,0.7410534024238586,10.934122085571287,3.740830659866333,3.7223892211914062,1.3326573371887207
2257419485.0,-0.6410771012306213,0.3869317471981048,10.430412292480469,2.3541789054870605,1.5377506017684937,1.5521458387374878
2257427818.0,-0.5921738743782043,0.7222965955734253,9.422320365905762,2.519006490707397,-0.2665801644325256,1.2970536947250366
2257436151.0,-1.0015277862548828,0.8941577672958374,9.68383502960205,3.270425796508789,-0.8223066926002502,1.193316102027893
2257444484.0,-0.7227160334587097,0.478110671043396,10.202045440673828,2.388322830200196,0.077483057975769,1.137502670288086
2257452817.0,0.1846530586481094,0.2860685586929321,9.469334602355955,1.8882815837860107,0.1201563850045204,1.5479964017868042
2257461150.0,-0.9916489720344543,0.5539166927337646,8.811715126037598,3.163588523864746,0.6137426495552063,1.5954594612121582
2257469483.0,-1.435846924781799,0.903080403804779,9.143077850341797,3.850178480148315,2.944279670715332,1.28168523311615
2257477816.0,-0.519279420375824,0.5657479166984558,9.68571662902832,3.9314777851104736,3.373984098434448,1.3326319456100464
2257486149.0,0.086800217628479,0.1594774425029754,10.689166069030762,2.8612382411956787,0.6809543967247009,1.4602417945861816
2257494482.0,-0.7272887825965881,0.8212218880653381,9.677854537963867,2.061689853668213,-2.078223943710327,1.37471604347229
2257502815.0,-1.2341982126235962,0.2551949024200439,9.009220123291016,2.3873746395111084,-1.6930880546569824,1.2175981998443604
2257511148.0,-0.2107663303613662,0.0023384820669889,9.46958351135254,2.947148323059082,0.0815813317894935,1.4827824831008911
2257519481.0,-0.4394799768924713,-0.2358878552913665,10.51600742340088,2.9869272708892822,0.4681001305580139,1.6453304290771484
2257527814.0,-0.2898857891559601,0.8406456112861633,10.188817024230955,3.393603801727295,0.5417153835296631,1.3830403089523315
2257536147.0,-0.6093513369560242,0.9521753191947936,9.58353328704834,4.4816975593566895,1.1251310110092163,1.244544506072998
2257544480.0,-0.0092382170259952,1.5519325733184814,9.899480819702148,4.36310338973999,0.964811384677887,1.4235880374908447
2257552813.0,-0.6371225118637085,0.7452666163444519,10.45256805419922,2.6618826389312744,0.7609477043151855,1.606320023536682
2257561146.0,-0.8899654150009155,0.6070664525032043,10.227191925048828,0.5185858011245728,1.2907781600952148,1.8186362981796265
2257569479.0,-0.9776070713996888,0.9459995031356812,9.513940811157228,0.983586609363556,1.8559308052062988,1.7766544818878174
2257577812.0,-0.2431711107492447,1.3589630126953125,10.061717987060549,3.1966047286987305,1.1905237436294556,1.5220487117767334
2257586145.0,-0.2072790116071701,0.6156185865402222,10.651361465454102,3.210308790206909,-0.9095231294631958,1.2449798583984375
2257594478.0,-0.3728471100330353,-0.329285979270935,9.55042552947998,1.4679261445999146,-1.7326875925064087,1.441210389137268
2257602811.0,-1.2429759502410889,-0.4924503266811371,8.017496109008789,0.9452677965164183,0.4737609326839447,1.84355902671814
2257611144.0,-0.9731161594390868,-0.2062098979949951,8.51506233215332,2.3533334732055664,3.0480685234069824,2.19565224647522
2257619477.0,-0.833629310131073,0.4227946996688843,9.610398292541504,4.248837471008301,2.2963414192199707,1.8726823329925537
2257627810.0,-0.9100868105888368,0.3492814898490906,11.345590591430664,4.285594463348389,0.3545778691768646,1.5452044010162354
2257636143.0,-0.8286418914794922,0.5698805451393127,10.773754119873049,2.770435571670532,-0.4806638956069946,1.4989449977874756
2257644476.0,0.3725851774215698,0.3644402623176574,10.161311149597168,2.882728099822998,-2.1352405548095703,1.7454560995101929
2257652809.0,-0.303694486618042,0.5932655930519104,9.740795135498049,3.547136068344116,-3.253865957260132,1.5298357009887695
2257661142.0,-0.994676947593689,0.4197931885719299,8.828164100646973,3.922154188156128,-0.95235013961792,1.405632495880127
2257669475.0,-0.2511765956878662,-0.2363994121551513,8.666223526000977,4.485539436340332,1.862539291381836,1.717203974723816
2257677808.0,-0.4261903464794159,0.4146305024623871,9.925308227539062,5.013653755187988,2.782397508621216,1.815511465072632
2257686141.0,-0.2902192175388336,0.9640986919403076,11.144525527954102,3.990364789962769,2.2078957557678223,1.8260130882263184
2257694474.0,-1.0678958892822266,1.5463896989822388,9.941191673278809,4.171022415161133,0.7531610131263733,1.3117307424545288
2257702807.0,-0.6398840546607971,0.7686272859573364,10.126137733459473,4.40480375289917,0.2697691321372986,1.2117840051651
2257711140.0,-0.1488721519708633,-0.0835545286536216,10.70323371887207,2.8228423595428467,-0.2629173099994659,1.913844466209412
2257719473.0,-0.6823208332061768,0.016234403476119,10.013864517211914,1.7293962240219116,-1.1155638694763184,1.7144118547439575
2257727806.0,0.1432865858078003,1.2410038709640503,8.966768264770508,3.8002562522888175,-0.9721755385398864,1.653860092163086
2257736139.0,-0.3079447746276855,1.2624132633209229,9.560294151306152,5.926187038421631,-0.7060948610305786,1.404454231262207
2257744472.0,-0.1274630278348922,0.8005155920982361,10.123278617858888,4.413307189941406,0.1791203618049621,1.0406296253204346
2257752805.0,-0.8698756098747253,0.1781184822320938,9.39259910583496,2.0322844982147217,2.904602766036988,1.721916913986206
2257761138.0,-1.0888813734054563,0.6422961950302124,9.015791893005373,1.9292384386062624,4.43910026550293,1.6710212230682373
2257769471.0,-0.4236321151256561,1.3197234869003296,9.975296020507812,4.0501484870910645,3.9724349975585938,1.6326770782470703
2257777804.0,-0.3345794081687927,0.6615989804267883,11.420652389526367,5.069492340087891,0.2890566289424896,1.2761011123657229
2257786137.0,-0.6938100457191467,0.4068624079227447,10.957379341125488,3.413583517074585,-2.0648019313812256,1.0732619762420654
2257794470.0,-0.3657473027706146,0.6129459738731384,9.229623794555664,2.015712261199951,-1.510228157043457,1.6515545845031738
2257802803.0,-0.6075730323791504,1.1907460689544678,8.448749542236328,3.3348195552825928,-0.5149869918823242,1.535009741783142
2257811136.0,-0.9596694111824036,1.201221585273743,9.733986854553224,4.001276969909668,1.4583721160888672,1.32794451713562
2257819469.0,-0.2634912133216858,1.146849513053894,10.391013145446776,2.7010464668273926,2.5775604248046875,1.3329646587371826
2257827802.0,-0.400783896446228,0.9231400489807128,10.44196319580078,2.2849435806274414,1.8064439296722408,1.2758450508117676
2257836135.0,-0.4342293739318847,1.415166974067688,10.33059024810791,2.054415464401245,1.2074806690216064,1.5407218933105469
2257844468.0,-0.6076341867446899,0.8101402521133423,10.043254852294922,2.059000492095948,0.1836540699005127,1.5534776449203491
2257852801.0,-0.3735690712928772,0.7843208312988281,9.746949195861816,1.9608464241027832,-0.2852785289287567,1.2471569776535034
2257861134.0,-0.07759889960289,0.5772721767425537,10.0352783203125,1.5551426410675049,0.0212341994047164,1.7335970401763916
2257869467.0,-0.3492642045021057,0.8392475247383118,9.742511749267578,1.5221515893936155,-0.2384301126003265,1.239652156829834
2257877800.0,-0.908022165298462,0.559934139251709,9.146313667297363,1.6776812076568604,1.1221340894699097,1.1602736711502075
2257886133.0,-0.6320183277130127,0.483196347951889,9.362112998962402,2.114736795425415,3.278391599655152,1.569128155708313
2257894466.0,-0.214544266462326,0.0328861027956008,10.395729064941406,2.1355865001678467,2.788595676422119,1.5528883934020996
2257902799.0,-0.080715000629425,0.29895880818367,10.283710479736328,1.993350863456726,0.4612099230289459,1.5446408987045288
2257911132.0,-1.1160413026809692,0.2219721674919128,9.41845703125,2.529559373855591,-0.6160863637924194,1.2844513654708862
2257919465.0,-0.8599464893341064,0.2368828654289245,9.409479141235352,2.842770338058472,0.9378396272659302,1.2287404537200928
2257927798.0,-0.6522746682167053,0.4025149941444397,9.45004177093506,3.1592342853546143,1.585418701171875,1.6199979782104492
2257936131.0,0.1455096155405044,0.374983936548233,10.26974105834961,3.3943469524383545,0.9361746311187744,1.8090308904647827
2257944464.0,-0.7733525037765503,0.1962447762489318,10.02432918548584,2.9097771644592285,-0.0538283102214336,1.623788833618164
2257952797.0,-0.4803778827190399,0.430681437253952,9.464693069458008,2.9438953399658203,0.1487930864095688,1.502889633178711
2257961130.0,-0.563742995262146,0.4214772880077362,9.493627548217772,3.390939950942993,0.9572038650512696,1.7891284227371216
2257969463.0,-0.2022691071033477,0.6232990026473999,10.330181121826172,3.478848457336426,0.8495985269546509,1.6738389730453491
2257977796.0,-0.1441762000322342,1.1602424383163452,9.880216598510742,3.356463670730591,0.5733490586280823,1.3805047273635864
2257986129.0,-0.7909811735153198,1.0558414459228516,10.041765213012695,3.0800607204437256,1.09260094165802,1.58700692653656
2257994462.0,-1.3022613525390625,1.1617774963378906,9.677790641784668,2.1055667400360107,2.619490623474121,1.567949652671814
2258002795.0,-0.5569663643836975,0.9189470410346984,10.60215950012207,1.895683765411377,3.0237090587615967,1.688439130783081
2258011128.0,-0.2131324559450149,0.6303759217262268,10.45786476135254,1.754088282585144,0.7337709665298462,1.4446940422058103
2258019461.0,0.2001383006572723,-0.0883652940392494,10.234025955200195,2.2586374282836914,-1.802486538887024,1.6177181005477903
2258027794.0,-0.2323732674121856,-0.1547469943761825,9.402219772338867,2.487577438354492,-2.8065645694732666,1.487725853919983
2258036127.0,-0.7126059532165527,-0.0511839054524898,9.020241737365724,3.021583080291748,-0.3968285620212555,1.0969295501708984
2258044460.0,-0.3835065364837646,0.5343692302703857,8.697883605957031,3.5150671005249023,3.065050840377808,1.1427278518676758
2258052793.0,-0.416436493396759,0.9081910252571106,9.754298210144045,4.755564212799072,4.425576686859131,1.1181894540786743
2258061126.0,-0.9104665517807008,0.8316740989685059,11.216931343078612,3.826228857040405,4.5211944580078125,1.1115809679031372
2258069459.0,-0.7371385097503662,0.3408706188201904,10.797550201416016,2.065122127532959,3.692369222640991,1.1877833604812622
2258077792.0,-0.0984024330973625,0.2506919205188751,9.618258476257324,2.8375964164733887,0.9108677506446838,1.23475980758667
2258086125.0,-0.0644023567438125,-0.2690222263336181,10.094868659973145,4.024303436279297,-2.154426097869873,1.3150092363357544
2258094458.0,-0.6821157932281494,-0.0960600972175598,9.032203674316406,3.73102068901062,-2.2824206352233887,0.9363028407096864
2258102791.0,-0.5348881483078003,-0.1148504987359047,8.675983428955078,4.347529888153076,0.7845384478569031,1.07948637008667
2258111124.0,-0.1287799030542373,-0.1437798589468002,9.699566841125488,4.322504997253418,3.628896951675415,1.5983028411865234
2258119457.0,-0.2913612425327301,1.0007270574569702,9.970308303833008,4.949899673461914,3.7881147861480713,1.394208312034607
2258127790.0,-1.268551230430603,1.1815061569213867,10.16480827331543,5.377197265625,4.0311689376831055,1.0305119752883911
2258136123.0,-0.97605699300766,1.0477895736694336,10.207687377929688,4.396709442138672,4.217383861541748,1.1618874073028564
2258144456.0,-0.3080361485481262,0.5036548376083374,10.549548149108888,3.4028513431549072,2.236302137374878,1.3273040056228638
2258152789.0,-0.2128494530916214,0.2418799251317978,10.319413185119627,2.6851401329040527,-0.8325011134147644,1.548738956451416
2258161122.0,-0.6991032958030701,0.4089917540550232,9.488454818725586,3.1069555282592773,-1.7002087831497192,1.4813991785049438
2258169455.0,-0.5650241374969482,0.929688274860382,9.049603462219238,4.476292610168457,-0.8193866014480591,1.4198994636535645
2258177788.0,-0.2613033652305603,1.018924355506897,9.471735954284668,4.715759754180908,1.0883231163024902,1.4375733137130735
2258186121.0,-0.4726491272449493,0.5154279470443726,9.907710075378418,3.3038010597229004,2.527202844619751,1.6568056344985962
2258194454.0,-1.192255973815918,0.6482259631156921,9.902609825134276,2.032848358154297,4.105116844177246,1.631037712097168
2258202787.0,-1.053856611251831,1.4005523920059204,9.635334968566896,2.482659816741944,4.915295124053955,1.7909729480743408
2258211120.0,-0.4737319350242615,1.6061171293258667,10.644182205200195,4.019027233123779,2.2575876712799072,1.452608942985535
2258219453.0,-0.4916585981845855,0.3224664628505707,11.185340881347656,3.011568069458008,-1.4496248960494995,1.238755702972412
2258227786.0,-0.5686188340187073,0.074312686920166,9.956506729125977,1.221901535987854,-2.130809783935547,1.4243052005767822
2258236119.0,-0.8377818465232849,0.1330726444721222,8.953608512878418,1.5482523441314695,-0.9105475544929504,1.7286792993545532
2258244452.0,-0.7753479480743408,1.3239020109176636,8.769128799438477,3.867467403411865,0.6382042169570923,1.2438783645629885
2258252785.0,-0.2414939254522323,1.0167003870010376,10.710320472717283,4.53095293045044,2.025599241256714,1.264088153839111
2258261118.0,-0.3595373034477234,1.0121523141860962,10.206870079040527,3.0411269664764404,1.9331830739974976,1.1736441850662231
2258269451.0,-0.9612415432929992,0.8851186633110046,9.560816764831545,2.4279990196228027,2.040865659713745,1.1553558111190796
2258277784.0,-1.3898983001708984,1.1974815130233765,9.750237464904783,2.389347076416016,2.652994155883789,1.2594774961471558
2258286117.0,-1.3917434215545654,1.434981346130371,10.03550624847412,2.9945085048675537,2.258790969848633,0.7176595330238342
2258294450.0,-0.1441483199596405,1.3880677223205566,10.526578903198242,3.0140271186828613,-0.0793400928378105,0.7628431916236877
2258302783.0,-0.6950411796569824,0.3430947959423065,10.828049659729004,1.8028324842453003,-2.8594326972961426,0.9197048544883728
2258311116.0,-0.3938432931900024,-0.0039269863627851,9.645304679870604,0.3571136593818664,-2.9036426544189453,0.7482942938804626
2258319449.0,-0.2812782227993011,0.1380837112665176,8.701902389526367,1.6100338697433472,-1.3773412704467771,1.122594952583313
2258327782.0,-0.5833807587623596,0.4657556116580963,9.428516387939451,3.913752555847168,-0.0411492623388767,0.696681559085846
2258336115.0,-0.8008914589881897,0.6894977688789368,9.71077823638916,4.2865166664123535,2.18135952949524,0.4992214143276214
2258344448.0,-0.3433716297149658,-0.0430100336670875,10.293209075927734,3.4614052772521973,3.219350814819336,0.6989100575447083
2258352781.0,-0.2816859483718872,0.3853753507137298,10.369132995605469,2.721153974533081,2.36941909790039,0.9579211473464966
2258361114.0,-0.200061023235321,0.385800689458847,10.416271209716797,3.053140163421631,-0.4752336740493774,0.9025687575340272
2258369447.0,-0.7936002016067505,1.026567816734314,9.446450233459473,4.257598400115967,-2.096973657608032,0.3473803102970123
2258377780.0,-0.8304126262664795,0.7326119542121887,9.769064903259276,4.267920970916748,-0.3852765262126922,0.8636864423751831
2258386113.0,-0.4115199148654938,1.2106547355651855,9.736448287963867,3.157518148422241,1.1209301948547363,0.827621579170227
2258394446.0,-0.3355110287666321,1.0441410541534424,9.783907890319824,2.512346744537353,1.0974419116973877,0.7317730784416199
2258402779.0,-0.2343811392784118,1.3058650493621826,9.585827827453612,2.486604690551758,1.085403323173523,0.8640962839126587
2258411112.0,-0.8769192099571228,0.7258799076080322,9.798640251159668,2.218090534210205,0.5356192588806152,0.7713983058929443
2258419445.0,-1.4569907188415527,1.3152360916137695,9.655856132507324,1.865561604499817,1.5715101957321167,0.6716052293777466
2258427778.0,-0.9581697583198548,1.3478895425796509,10.484163284301758,1.8048046827316284,2.1843819618225098,0.909535825252533
2258436111.0,-0.5028162598609924,1.171642780303955,11.307722091674805,1.2757680416107178,0.3602641820907593,0.6622048020362854
2258444444.0,-0.5153195261955261,1.2638025283813477,10.4365234375,0.7079774737358093,-1.5676552057266235,0.5059579610824585
2258452777.0,0.4256239533424377,0.3315224945545196,10.1839017868042,0.4664608836174011,-2.57670259475708,0.9261338710784912
2258461110.0,-0.2326852679252624,-0.6419166922569275,8.895580291748047,-0.3417835533618927,-2.9633493423461914,0.8490095138549805
2258469443.0,-0.42841237783432,-0.1451311856508255,7.639837265014648,0.6167651414871216,-0.6654193997383118,0.9144026041030884
2258477776.0,-1.2722082138061523,-0.4420162141323089,8.126838684082031,2.2040789127349854,3.1250901222229004,0.9932430386543274
2258486109.0,-1.1073925495147705,0.0724201425909996,9.892131805419922,2.984058380126953,5.113626003265381,0.8512123227119446
2258494442.0,-0.6091630458831787,0.8240582942962646,10.9169282913208,3.1916615962982178,3.876483678817749,0.970292866230011
2258502775.0,-0.5024558901786804,0.9086854457855223,11.719507217407228,2.864900827407837,-0.0237059742212295,0.8358180522918701
2258511108.0,-0.6399296522140503,0.9056429266929626,10.38594913482666,1.4405444860458374,-2.964578628540039,0.7396366000175476
2258519441.0,-0.1731756031513214,0.1967881470918655,9.249934196472168,0.9438077211380004,-3.825857162475586,1.171543836593628
2258527774.0,-0.0175135005265474,-0.5782854557037354,8.787493705749512,1.3774566650390625,-3.8147149085998535,0.9519530534744264
2258536107.0,0.0212362855672836,-0.1677996814250946,8.891397476196289,1.8290358781814573,-1.977354884147644,1.0310242176055908
2258544440.0,-0.640361487865448,0.4831498861312866,9.147686004638672,2.7723307609558105,1.448177456855774,1.0391180515289309
2258552773.0,-0.3488596677780151,0.7173029184341431,9.561985969543455,3.589860439300537,4.180346012115479,1.0869144201278689
2258561106.0,-1.0071972608566284,0.4868082404136657,10.195444107055664,3.529257297515869,4.338743686676025,1.062888264656067
2258569439.0,-0.8504737019538879,-0.5132267475128174,10.888635635375977,1.9447606801986688,3.0861563682556152,1.0731594562530518
2258577772.0,-0.9126799702644348,-0.3532648384571075,9.755878448486328,1.920222282409668,0.7219628691673279,1.0563054084777832
2258586105.0,-0.4285447895526886,0.0123199913650751,9.795136451721191,4.182497024536133,-2.081169605255127,1.0692918300628662
2258594438.0,0.0116341821849346,0.6167482137680054,10.301318168640137,5.02594804763794,-4.393315315246582,0.8390710949897766
2258602771.0,-0.2631251215934753,0.3754768073558807,9.935052871704102,4.177144527435303,-4.607040882110596,0.6612827777862549
2258611104.0,-0.2306167036294937,0.6371680498123169,8.643742561340332,3.006419897079468,-1.5983412265777588,0.8381490707397461
2258619437.0,-0.0779293105006218,0.4875443875789642,9.162847518920898,3.3550806045532227,1.8222733736038208,1.0713152885437012
2258627770.0,-0.8911703824996948,0.9360432028770448,9.737247467041016,3.71665096282959,3.9335007667541504,0.5582365989685059
2258636103.0,-0.3951375186443329,0.6260877847671509,10.747025489807127,3.746414661407471,4.426907539367676,0.8062847852706909
2258644436.0,-0.6204342246055603,0.6522496938705444,10.492798805236816,3.79643988609314,2.5764849185943604,0.7860240936279297
2258652769.0,-0.728976309299469,0.6618868708610535,10.84717082977295,3.6059203147888175,0.0302247907966375,0.8187589049339294
2258661102.0,-0.7450370788574219,0.8503901362419128,10.317883491516112,3.0006563663482666,-1.5722402334213257,0.8319503664970398
2258669435.0,-0.4878461956977844,0.8176236152648926,10.001100540161133,2.892820119857788,-2.365180015563965,0.3995820581912994
2258677768.0,0.2140576690435409,1.0100547075271606,9.60156536102295,3.054471731185913,-2.204322576522827,0.4449960887432098
2258686101.0,-0.0227812528610229,0.0363261029124259,9.877618789672852,2.8079605102539062,-1.120046615600586,0.6938384175300598
2258694434.0,-0.8933439254760742,0.0087198447436094,9.260369300842283,1.967455267906189,1.6406431198120115,0.607620894908905
2258702767.0,-0.704669177532196,0.7566933631896973,9.41360569000244,2.937645196914673,4.7883501052856445,1.180329442024231
2258711100.0,-0.8082630634307861,1.6618391275405884,10.708413124084473,4.70753812789917,4.576213836669922,0.6154332160949707
2258719433.0,-0.1711265444755554,1.199481725692749,11.746259689331056,4.16840934753418,1.5881081819534302,0.2226901650428772
2258727766.0,-0.4166930615901947,0.5225341320037842,10.624239921569824,2.227311372756958,-0.8509177565574646,0.4328037798404693
2258736099.0,-0.728508472442627,0.0354593321681022,9.53257179260254,0.7136126160621643,-1.729204177856445,0.6865126490592957
2258744432.0,-0.3031837344169616,0.6621962785720825,8.69356918334961,1.810234785079956,-0.8079882264137268,0.6788540482521057
2258752765.0,-0.53812575340271,0.4831375777721405,9.688685417175291,3.8509464263916016,-0.0837201252579689,0.4164105951786041
2258761098.0,0.0293319467455148,0.0178619753569364,10.374918937683104,3.4103052616119385,1.041064977645874,0.5174076557159424
2258769431.0,-0.2740848660469055,-0.1288550943136215,9.669017791748049,2.887646675109864,1.926139235496521,0.8860732913017273
2258777764.0,-0.3485774993896484,0.9472029209136964,9.786539077758787,3.1987314224243164,2.5804548263549805,0.8154804706573486
2258786097.0,-0.7746052145957947,1.3989933729171753,9.634435653686523,3.8449785709381104,2.9975829124450684,0.5628471970558167
2258794430.0,-0.6948460936546326,1.2611078023910522,10.311060905456545,3.9113962650299072,2.2252111434936523,0.3284257650375366
2258802763.0,-0.8237432241439819,1.2915757894515991,10.642822265625,1.763642430305481,1.6629786491394043,0.5114394426345825
2258811096.0,-0.0432389341294765,1.0994491577148438,10.12494945526123,0.7661729454994202,0.1403403729200363,0.7525718212127686
2258819429.0,-0.2495995312929153,0.969879984855652,9.912972450256348,1.028181076049805,-1.489301323890686,0.3720979988574981
2258827762.0,-1.0744071006774902,0.7254770994186401,9.404150009155272,1.2429819107055664,-0.2095372229814529,0.4077273607254028
2258836095.0,-0.5450645685195923,0.286449670791626,8.914003372192383,1.708853840827942,2.197880983352661,0.6718869805335999
2258844428.0,-0.2324621528387069,-0.2716044783592224,10.111562728881836,1.703909993171692,2.6280202865600586,0.9237773418426514
2258852761.0,-0.7026602029800415,0.4358258545398712,10.309711456298828,1.5210500955581665,2.08412766456604,0.847037136554718
2258861094.0,-1.0409425497055054,0.7538002729415894,10.1930570602417,2.316807746887207,1.7023478746414185,0.6702989339828491
2258869427.0,-1.101898193359375,1.5640912055969238,10.377731323242188,3.0314958095550537,1.5077306032180786,0.0629341676831245
2258877760.0,-0.3471816182136535,0.9625325798988342,10.755755424499512,2.5145750045776367,0.5092878341674805,0.2142374813556671
2258886093.0,-0.1270559430122375,0.1732990741729736,10.324141502380373,0.8619701862335205,-0.9931790828704834,0.1497152000665664
2258894426.0,-0.3562258780002594,-0.2458146065473556,8.673430442810059,0.6187118291854858,-1.3252933025360107,0.561079740524292
2258902759.0,-0.897260308265686,-0.2148648500442505,8.295755386352539,2.432891368865967,0.1726399362087249,0.7083616256713867
2258911092.0,-1.213512659072876,-0.2823420166969299,9.442431449890137,3.5785648822784424,2.110152006149292,0.5460442900657654
2258919425.0,-0.4128946363925934,0.4020077288150787,9.67563247680664,3.811424016952514,2.5506913661956787,0.6642283797264099
2258927758.0,-0.3795835673809051,0.7283198237419128,10.63866138458252,4.11664342880249,1.202409029006958,0.5070338249206543
2258936091.0,-0.9484928250312804,0.8586059212684631,10.908310890197754,2.842360734939575,-0.0669428035616874,0.2048626542091369
2258944424.0,-0.2961895167827606,0.7262409329414368,9.61503791809082,2.159203290939331,-0.4351986348628998,0.1296336501836776
2258952757.0,0.1591815054416656,0.4530580043792724,9.438581466674805,3.160950422286988,-0.9927181601524352,0.389157086610794
2258961090.0,-0.7631864547729492,0.2998430728912353,9.756075859069824,3.142789602279663,-1.0786025524139404,0.3553462922573089
2258969423.0,-0.762897789478302,0.9764268398284912,8.96291732788086,3.272218704223633,1.460037112236023,0.0240005403757095
2258977756.0,-0.553633987903595,0.5227876901626587,9.684237480163574,3.80881142616272,2.9166929721832275,0.3826767206192016
2258986089.0,-0.0246739089488983,0.5515527725219727,10.79776668548584,2.509247064590454,1.87006950378418,0.454857587814331
2258994422.0,-0.7374137043952942,-0.1182322204113006,9.772760391235352,1.7330846786499023,0.5770630240440369,0.4663071036338806
2259002755.0,-1.1864029169082642,-0.1762216538190841,9.230488777160645,2.995200634002685,0.7900198698043823,0.3939725756645202
2259011088.0,-1.2507374286651611,0.0333877205848693,9.854426383972168,3.914393424987793,1.511829137802124,0.5536261796951294
2259019421.0,-0.1305846124887466,0.1531422287225723,10.512503623962402,4.469069480895996,0.6277536749839783,0.5404347777366638
2259027754.0,-0.5491445064544678,0.5611194372177124,9.823336601257324,4.263463973999023,-1.798285961151123,0.3185130357742309
2259036087.0,-0.371420294046402,0.7962919473648071,9.808497428894045,3.713577270507813,-1.2305463552474976,0.5147180557250977
2259044420.0,-0.5865011215209961,0.3871062695980072,9.186119079589844,2.8053481578826904,0.0306090135127306,0.8180930614471436
2259052753.0,-0.7578036189079285,0.6432075500488281,9.844038009643556,2.9227890968322754,1.2249751091003418,0.6524457931518555
2259061086.0,-0.8512987494468689,1.0302296876907349,9.790627479553224,3.2110774517059326,2.452076196670532,0.7841029763221741
2259069419.0,-0.7062514424324036,0.7777063846588135,10.183417320251465,3.970104217529297,1.7482997179031372,0.5527039170265198
2259077752.0,-0.35390105843544,0.6492631435394287,10.661500930786133,3.429618120193481,0.2799123525619507,0.6466057896614075
2259086085.0,-0.5883655548095703,0.5997704863548279,10.751337051391602,2.17907977104187,-1.153191328048706,0.9341256022453308
2259094418.0,-0.7416288256645203,0.6950647234916687,10.056445121765137,1.6917691230773926,-1.680076241493225,0.278964638710022
2259102751.0,-0.302578717470169,0.5753384232521057,8.993709564208984,2.479329824447632,-0.7540702223777771,0.7019581198692322
2259111084.0,-0.4414471685886383,0.0814499109983444,9.44139003753662,3.255415439605713,-0.0119746541604399,0.6038556098937988
2259119417.0,-0.2600696086883545,0.0161528214812278,10.121906280517578,2.3307673931121826,0.978182017803192,0.667071521282196
2259127750.0,-0.61181640625,-0.0499781668186187,9.52186107635498,2.513627529144287,1.4272252321243286,0.763765275478363
2259136083.0,-0.8507763147354126,0.6382696628570557,10.019797325134276,3.443603277206421,1.7747334241867063,0.467408537864685
2259144416.0,-0.7396411895751953,0.7225807905197144,10.287184715270996,3.713961601257324,1.6588547229766846,0.5426375865936279
2259152749.0,-0.044794462621212,-0.2586627900600433,10.06883716583252,3.567986249923706,-0.1064143478870391,0.423659473657608
2259161082.0,-0.1155529767274856,-0.3671773374080658,10.064886093139648,2.9952516555786133,-1.4160445928573608,0.7315168976783752
2259169415.0,-0.9324273467063904,0.0954954400658607,9.214954376220703,3.383384227752685,-1.3070303201675415,0.7301081418991089
2259177748.0,-0.808192253112793,1.0372626781463623,9.20541286468506,5.088984966278076,0.7503945827484131,0.317949503660202
2259186081.0,-0.5973665714263916,1.121423840522766,9.821523666381836,5.586823463439941,1.9124099016189573,0.4888220727443695
2259194414.0,-0.3883497416973114,0.6842909455299377,10.523076057434082,4.2420759201049805,1.3389843702316284,0.3036567866802215
2259202747.0,-0.4899485111236572,0.564155101776123,10.010536193847656,2.2897591590881348,0.7887135148048401,0.5195847749710083
2259211080.0,-0.545998752117157,0.82578045129776,9.95822811126709,2.767131328582764,-0.2087431997060775,0.4856202602386474
2259219413.0,-0.8588010668754578,0.93325936794281,9.510797500610352,3.7475411891937256,-0.822793185710907,0.2520696520805359
2259227746.0,-0.7302407622337341,1.2787866592407229,9.83271598815918,4.509514331817627,0.0166492536664009,0.2696666717529297
2259236079.0,-0.5318849086761475,1.0302737951278689,10.211155891418455,3.388533115386963,0.2682579159736633,0.2099598944187164
2259244412.0,-0.312895804643631,1.150177240371704,10.257079124450684,2.013150930404663,0.3876970410346985,0.2638522088527679
2259252745.0,-0.8333935141563416,1.254785656929016,9.735847473144531,1.7970434427261353,-0.1023160517215728,-0.0368460714817047
2259261078.0,-0.2326000332832336,0.5221855044364929,10.22207736968994,2.3631951808929443,-0.1473971307277679,0.011142193339765
2259269411.0,-0.5088171362876892,0.265010267496109,9.992498397827148,2.556095838546753,-0.3460867702960968,0.1837565451860427
2259277744.0,-1.029068112373352,0.5525965094566345,9.937227249145508,2.554405450820923,0.3899255096912384,-0.0319537594914436
2259286077.0,-0.6462066173553467,1.4313747882843018,9.704548835754396,3.266942024230957,1.6628504991531372,-0.0907896533608436
2259294410.0,-0.146980345249176,1.0679341554641724,10.822440147399902,3.2701950073242188,0.6960412263870239,-0.1302099674940109
2259302743.0,-0.2730773389339447,1.1862099170684814,10.640836715698242,1.6263757944107056,-0.8770442605018616,-0.2823072969913482
2259311076.0,-0.7456337809562683,1.0177565813064575,9.662933349609377,1.1844278573989868,-0.5256681442260742,0.0471301898360252
2259319409.0,-1.1563714742660522,0.4147790670394897,9.334867477416992,1.2887803316116333,0.815813422203064,-0.0150483641773462
2259327742.0,-0.4390831887722015,0.6125344038009644,9.437211036682127,2.2641191482543945,1.4701803922653198,0.0461312383413314
2259336075.0,-0.4329021573066711,0.3293172419071197,10.36005401611328,2.769564628601074,0.5912533402442932,0.0285342559218406
2259344408.0,-0.3136947154998779,0.531853973865509,10.402141571044922,1.9817732572555544,-0.9134675860404968,-0.1339240223169326
2259352741.0,-0.3743277490139007,0.34050253033638,9.414154052734377,1.7718133926391602,-1.1150516271591189,-0.1178638935089111
2259361074.0,-0.2722392380237579,0.1403528749942779,9.377439498901367,2.292191982269287,-0.389169842004776,0.1817585974931717
2259369407.0,-0.91692715883255,0.1125387698411941,9.084352493286133,2.022166967391968,1.0492358207702637,0.1489211469888687
2259377740.0,-0.939472496509552,0.2908608019351959,9.381391525268556,2.707680940628052,2.20464301109314,0.1620100438594818
2259386073.0,-0.4931418299674988,0.2518031597137451,10.123246192932127,2.8271713256835938,2.0705268383026123,0.0411876961588859
2259394406.0,0.024239620193839,0.3429495990276336,10.52276611328125,2.5314292907714844,-0.2390960901975631,0.2413117289543151
2259402739.0,-0.2564996480941772,0.6832331418991089,10.415300369262695,2.466651201248169,-2.352219581604004,0.1915688812732696
2259411072.0,-1.1937286853790283,0.2410825043916702,9.32053279876709,2.081515073776245,-1.4469608068466189,0.0491024851799011
2259419405.0,-0.7070351243019104,0.5349116921424866,8.91123104095459,2.477537155151367,1.331889033317566,0.0491024926304817
2259427738.0,-0.2058156877756118,0.2244408726692199,10.430097579956056,2.643568515777588,2.3423449993133545,0.3163101971149444
2259436071.0,-0.1658455729484558,1.2516493797302246,10.88824462890625,1.9917116165161133,1.1564570665359497,0.1711543053388595
2259444404.0,-0.3290463387966156,0.9058741927146912,10.259543418884276,1.708495020866394,-0.3343042135238647,0.0627036467194557
2259452737.0,-0.7394753098487854,0.1223207861185073,9.648449897766112,1.5072697401046753,-0.0343102663755416,0.1783519238233566
2259461070.0,-0.8892772197723389,-0.3873407542705536,9.358643531799316,0.7467573881149292,1.0721606016159058,0.1344234943389892
2259469403.0,-0.6226471066474915,-0.0833372175693512,9.207552909851074,1.5360344648361206,1.877753973007202,0.1358578950166702
2259477736.0,-0.9554840922355652,0.4468582570552826,9.702593803405762,3.342888116836548,1.644664287567139,-0.0985763818025589
2259486069.0,-0.1814396977424621,0.1983426511287689,10.841946601867676,3.404695749282837,0.6263961791992188,-0.1331812143325805
2259494402.0,-0.6647467017173767,0.4647992253303528,9.915975570678713,2.426795244216919,-0.4640403389930725,-0.2884803414344787
2259502735.0,0.0073412414640188,0.4687728881835937,9.643014907836914,1.8024992942810056,-0.7351669669151306,-0.2177081853151321
2259511068.0,-1.1351549625396729,0.4107750952243805,9.102784156799316,2.1282098293304443,-0.2407353520393371,-0.3204468488693237
2259519401.0,-0.852940022945404,0.3022235333919525,9.843085289001465,2.455329179763794,2.021808624267578,-0.5883718132972717
2259527734.0,-0.0330034717917442,-0.0186943765729665,10.069117546081545,2.659986734390259,2.672947883605957,-0.1081048771739006
2259536067.0,0.0201506782323122,0.1721222400665283,10.087459564208984,3.560532569885254,0.631083607673645,-0.3134798407554626
2259544400.0,-0.4986210167407989,0.0485655590891838,9.766528129577637,3.37009072303772,0.0750240981578826,-0.3481871485710144
2259552733.0,-0.9071359634399414,0.1194777637720108,9.450047492980955,3.247321605682373,0.8109980225563049,-0.4090977609157562
2259561066.0,-1.2134952545166016,0.4920209944248199,9.30737590789795,3.076961040496826,2.464524745941162,-0.5986430644989014
2259569399.0,-0.4486283659934997,0.5603766441345215,10.046886444091797,3.578411340713501,3.119480848312378,-0.1864332109689712
2259577732.0,-0.4923248887062073,0.2944188117980957,10.447012901306152,3.490233421325684,1.1258094310760498,-0.5674576163291931
2259586065.0,-0.3673303127288818,0.247679129242897,10.001519203186035,3.0508861541748047,-0.1550557762384414,-0.610169529914856
2259594398.0,-0.9128820896148682,0.3308122754096985,9.536707878112791,3.471497058868408,0.3716112971305847,-0.3539246916770935
2259602731.0,-0.890408456325531,0.4019747674465179,10.152997016906738,3.204263687133789,1.0070748329162598,-0.3457537591457367
2259611064.0,-0.4445040822029114,0.4863049983978271,9.947607040405272,3.078190803527832,1.815204381942749,-0.4078426957130432
2259619397.0,-0.2793878018856048,0.1946200132369995,9.744803428649902,3.5279765129089355,0.967372715473175,-0.2963438630104065
2259627730.0,-0.6259565949440002,0.4824273884296417,9.77743911743164,3.729790449142456,0.73287433385849,-0.3868389427661896
2259636063.0,-0.898057758808136,0.6852499842643738,9.593587875366213,3.638553142547608,1.2293808460235596,-0.1771608293056488
2259644396.0,-1.2654151916503906,0.5057453513145447,10.02297592163086,3.583534240722656,2.3516430854797363,-0.3175269067287445
2259652729.0,-0.9333299994468688,0.5195385813713074,9.933551788330078,2.941641092300415,2.677276372909546,-0.3361227512359619
2259661062.0,-0.7298726439476013,0.8051647543907166,10.37332248687744,3.2232699394226074,1.5462546348571775,-0.1179663762450218
2259669395.0,-0.4133181869983673,0.4970670640468597,10.600564002990724,2.9222512245178223,-0.668237030506134,-0.2407097667455673
2259677728.0,-0.7798643708229065,1.137526035308838,10.01762580871582,2.770461320877075,-1.7182927131652832,-0.0868194475769996
2259686061.0,-0.8194558024406433,1.218427300453186,9.899837493896484,2.708423852920532,-0.9284008145332336,-0.3491604626178741
2259694394.0,-0.3763200044631958,1.0880275964736938,9.651509284973145,2.075829029083252,0.7258050441741943,-0.1145340576767921
2259702727.0,-0.6292016506195068,0.8145996332168579,10.186094284057615,1.4354474544525146,1.92488431930542,-0.0699909031391143
2259711060.0,-0.5607991814613342,0.981236219406128,10.142461776733398,0.6739104986190796,2.7484073638916016,0.1178254708647728
2259719393.0,-0.439267635345459,0.889354407787323,9.684734344482422,1.298949122428894,1.9207346439361568,-0.0476808995008468
2259727726.0,-0.5942404270172119,0.5656182765960693,10.175127029418944,1.807494163513184,1.1635265350341797,-0.2556428611278534
2259736059.0,-1.166378378868103,-0.3842435777187347,10.410877227783203,0.4093410968780517,1.4169025421142578,-0.0064163655042648
2259744392.0,-1.066864013671875,0.4018989503383636,9.0416898727417,0.3849307000637054,2.213454008102417,-0.4173198938369751
2259752725.0,-0.2756313383579254,0.3855375349521637,9.555922508239746,2.7522497177124023,1.668972373008728,-0.2191426008939743
2259761058.0,-0.6407384872436523,0.0010088018607348,10.432381629943848,3.027961254119873,0.7560809850692749,-0.4170126020908355
2259769391.0,-1.073973536491394,-0.3016283512115478,9.700069427490234,1.634623646736145,1.14165198802948,-0.2774149775505066
2259777724.0,-1.3654505014419556,0.6575507521629333,8.718108177185059,2.237326145172119,2.964207172393799,-0.1842559874057769
2259786057.0,-0.7255086302757263,0.231096401810646,9.988255500793455,3.4094088077545166,2.98477554321289,-0.4695986211299896
2259794390.0,-0.8230047225952148,0.0826026275753974,10.22847843170166,3.334102392196656,1.9473990201950075,-0.464987963438034
2259802723.0,-1.204040288925171,0.0409050621092319,10.073118209838867,2.771921396255493,1.2985905408859253,-0.2132257223129272
2259811056.0,-1.0362058877944946,0.4835998117923736,9.682496070861816,3.090639114379883,1.1434450149536133,-0.3504923582077026
2259819389.0,-0.6377168297767639,0.6908019185066223,9.297149658203123,4.1309356689453125,0.339081197977066,-0.5474658012390137
2259827722.0,-0.7281285524368286,0.0762593448162078,9.79129695892334,4.0936665534973145,0.1448997110128402,-0.4837376475334167
2259836055.0,-1.3900542259216309,-0.2220437973737716,9.875925064086914,2.471414804458618,1.1467492580413818,-0.3987495899200439
2259844388.0,-0.6746605634689331,1.0502793788909912,9.305377960205078,2.5622947216033936,2.2142484188079834,-0.5011553764343262
2259852721.0,-0.3514337539672851,0.905809223651886,10.024663925170898,4.2620038986206055,1.2448004484176636,-0.392781525850296
2259861054.0,-0.7062954902648926,1.0230854749679563,10.439842224121094,3.955400943756104,0.0052253026515245,-0.5203403234481812
2259869387.0,-1.0551950931549072,0.3202564716339111,10.135009765625,2.367831230163574,0.4210980534553528,-0.4904742240905761
2259877720.0,-0.9493205547332764,0.4330229163169861,9.408610343933104,1.754216551780701,1.694074273109436,-0.3148373663425445
2259886053.0,-0.3565742969512939,0.8929963111877441,9.41188144683838,3.1212737560272217,1.2582223415374756,-0.4673188924789428
2259894386.0,-0.7453408241271973,0.4319410026073456,9.936822891235352,4.015440940856934,0.1278150379657745,-0.6437753438949585
2259902719.0,-1.305015206336975,0.4337035715579986,9.971891403198242,2.838006019592285,1.185964584350586,-0.3794108629226684
2259911052.0,-0.738021194934845,0.8199876546859741,9.693718910217283,2.331305265426636,1.8834915161132808,-0.1024441421031951
2259919385.0,-1.1733574867248535,0.7141256332397461,9.892196655273438,2.5770483016967773,1.0263625383377075,-0.519008457660675
2259927718.0,-0.5866774320602417,0.5218254327774048,9.89003849029541,2.465447425842285,0.3986855745315552,-0.358279138803482
2259936051.0,-0.9593705534934998,0.187475174665451,9.286211967468262,2.888927459716797,-0.1555168330669403,-0.3398112654685974
2259944384.0,-1.2543394565582275,0.8203067779541016,9.907675743103027,2.743156909942627,0.243463322520256,-0.4249273836612701
2259952717.0,-0.7482638359069824,0.6628809571266174,9.82462215423584,2.3324577808380127,0.4695089161396026,-0.2013150602579116
2259961050.0,-0.2785221338272095,0.487562358379364,9.850504875183104,2.6788904666900635,-0.5887816548347473,-0.3290276527404785
2259969383.0,-1.1761367321014404,0.5428749918937683,9.72917652130127,2.314733028411865,-0.7259203195571899,-0.3348421454429626
2259977716.0,-1.1493148803710938,0.4145768880844116,9.614474296569824,2.068554401397705,0.7776994109153748,-0.4397324025630951
2259986049.0,-0.5775395631790161,0.4437134861946106,9.927538871765137,2.6081950664520264,1.0863510370254517,-0.1935795843601226
2259994382.0,-0.4000930786132812,0.2724005579948425,10.704168319702148,2.716876268386841,-0.3575362861156463,-0.0164059158414602
2260002715.0,-0.7931141257286072,0.4950757324695587,10.151987075805664,2.2398626804351807,-1.116844654083252,-0.1059020608663559
2260011048.0,-0.7192493081092834,1.1047284603118896,9.562338829040527,2.7094480991363525,-1.0171797275543213,-0.3204468786716461
2260019381.0,-0.4814085662364959,0.2466528713703155,9.741704940795898,2.368471622467041,-0.3125064671039581,-0.1932978183031082
2260027714.0,-0.5087858438491821,0.3165929019451141,9.610347747802734,1.7368756532669067,-0.0798523798584938,-0.0194540116935968
2260036047.0,-0.5538732409477234,-0.031994666904211,10.077054023742676,1.499739170074463,0.4219433069229126,0.0176482088863849
2260044380.0,-1.1681991815567017,0.3904730975627899,9.44168758392334,2.2908859252929688,1.0512337684631348,-0.0138444937765598
2260052713.0,-0.6610598564147949,0.1004603505134582,9.92624568939209,3.472188949584961,1.0156043767929075,-0.1928623914718628
2260061046.0,-0.3336422443389892,0.1761025041341781,10.343900680541992,3.453157663345337,-0.1037760823965072,-0.0053917970508337
2260069379.0,-1.2123186588287354,0.2581762969493866,9.98739528656006,2.495159387588501,-1.2166122198104858,-0.0072104078717529
2260077712.0,-0.8248893618583679,1.2424510717391968,9.6320161819458,2.697307109832764,-0.251339703798294,-0.3077422380447387
2260086045.0,-0.8083829879760742,0.4562450647354126,10.197636604309082,2.9732491970062256,-0.0421738401055336,-0.1983438432216644
2260094378.0,-0.1437195539474487,0.2555854618549347,10.55198860168457,2.38437819480896,-0.4924465119838714,-0.4648343324661255
2260102711.0,-0.4934917390346527,-0.084094114601612,10.221420288085938,2.1573078632354736,-0.1243186891078949,-0.3103292882442474
2260111044.0,-0.8065813183784485,1.179640531539917,9.501995086669922,3.1043686866760254,0.5759873390197754,-0.3392477631568908
2260119377.0,-0.8214627504348755,1.3814395666122437,9.923315048217772,4.350116729736328,1.1440597772598269,-0.5569431185722351
2260127710.0,-0.7614028453826904,1.0752264261245728,10.68990993499756,2.9331371784210205,1.1652172803878784,-0.5689818263053894
2260136043.0,-0.7392963767051697,0.2530389726161957,10.004137992858888,0.8906837105751038,0.6140244007110596,-0.3303339779376983
2260144376.0,-0.634700357913971,0.382569819688797,9.057616233825684,1.2124242782592771,0.1779933124780655,-0.3731865882873535
2260152709.0,-1.2678934335708618,0.9475061893463136,9.556418418884276,2.711010694503784,-0.2283636927604675,-0.392935186624527
2260161042.0,-1.067103385925293,0.7472512722015381,10.14826774597168,2.978269577026367,-0.1584112346172332,-0.7116530537605286
2260169375.0,-0.6678050756454468,0.2352542728185653,10.24890422821045,2.0464236736297607,-0.4156806170940399,-0.5437005758285522
2260177708.0,-0.4184413254261017,0.3270780444145202,10.243249893188477,1.1719281673431396,-0.9227144718170166,-0.5280503034591675
2260186041.0,-0.5199229121208191,0.1554981768131256,9.64439296722412,1.7308820486068726,-1.1112864017486572,-0.4569707810878753
2260194374.0,-0.76167231798172,0.2665424644947052,9.724041938781738,2.8747880458831787,-0.6307633519172668,-0.5332499742507935
2260202707.0,-0.6289563179016113,0.5207145810127258,10.069791793823242,3.1652278900146484,0.2889797985553741,-0.4508746266365051
2260211040.0,-0.6003895998001099,1.2339696884155271,9.810150146484377,3.182184219360352,0.4839041233062744,-0.5339671969413757
2260219373.0,-0.2176330089569091,0.6498927474021912,10.32751750946045,2.6451566219329834,-0.0018314179033041,-0.6478224396705627
2260227706.0,-0.2982664108276367,0.0673297122120857,9.87740421295166,1.517925262451172,-0.386096179485321,-0.3880940973758697
2260236039.0,-0.8694638013839722,0.3486367166042328,9.346891403198242,1.617615818977356,0.0741788297891616,-0.3324855864048004
2260244372.0,-0.961990237236023,0.6686680316925049,9.489585876464844,2.739365577697754,1.1713647842407229,-0.320395678281784
2260252705.0,-0.7145779132843018,0.5668839812278748,9.911273002624512,3.5626580715179443,1.3141381740570068,-0.3990825712680816
2260261038.0,-0.6718215346336365,0.3901019394397735,10.26002311706543,2.761726856231689,0.5293694138526917,-0.3710350394248962
2260269371.0,-0.4486835300922394,0.2766076028347015,10.191070556640623,1.599403977394104,-0.1893532276153564,-0.2787981629371643
2260277704.0,-0.7779988050460815,0.1474474370479583,9.269068717956545,1.5146209001541138,-0.9582669138908386,-0.3913983404636383
2260286037.0,-0.2011588364839553,-0.0867334082722663,9.397459030151367,2.7720494270324707,-0.854478120803833,-0.3642984628677368
2260294370.0,-0.6142739057540894,-0.4959104061126709,9.494832038879396,3.137744188308716,-0.611040472984314,-0.1401482969522476
2260302703.0,-0.8872412443161011,0.472161591053009,9.640774726867676,3.0877959728240967,1.1088402271270752,-0.1768534928560257
2260311036.0,-0.4606940448284149,0.7859768271446228,9.592077255249023,3.5893733501434326,1.9893805980682373,-0.0485517755150795
2260319369.0,-0.3999620378017425,0.4831264019012451,10.256423950195312,3.6059720516204834,1.1615285873413086,-0.2768770754337311
2260327702.0,-0.7336623668670654,-0.5059195160865784,10.549691200256348,2.237454414367676,0.1235886737704277,-0.0893808603286743
2260336035.0,-0.4923498034477234,-0.0691106170415878,9.378629684448242,1.763386368751526,-0.0961430147290229,0.1488187164068222
2260344368.0,-0.2486467212438583,0.9983248710632324,9.386242866516112,3.887139320373535,-0.3689858317375183,0.0007428127573803
2260352701.0,-0.4558770358562469,1.610820770263672,9.955313682556152,4.611997127532959,-0.6757676005363464,-0.1520333141088485
2260361034.0,-0.6939603090286255,0.9257957339286804,10.073784828186035,2.8970983028411865,0.3632610738277435,-0.3510559201240539
2260369367.0,-0.5398151278495789,0.0846413746476173,9.592331886291504,0.5604907870292664,1.7664858102798462,-0.2324363887310028
2260377700.0,-0.2957221865653991,-0.0306594800204038,9.53803539276123,0.4088031649589538,2.2597389221191406,0.1436190158128738
2260386033.0,-0.5851150155067444,0.428049236536026,9.518994331359863,2.454202175140381,1.6773993968963623,0.0474887900054454
2260394366.0,-0.7884007096290588,-0.1233227327466011,10.076171875,4.115926265716553,1.102078199386597,-0.0792120173573494
2260402699.0,-0.9210832118988036,-0.1684251427650451,10.118029594421388,3.726794242858887,0.902082085609436,-0.0366411618888378
2260411032.0,-0.6364766359329224,0.5262380838394165,9.492755889892578,3.2694523334503174,1.1602225303649902,-0.114226683974266
2260419365.0,-0.1860152035951614,0.4516471028327942,9.57404899597168,3.4482905864715576,0.3110336363315582,-0.0735256671905517
2260427698.0,-1.0753291845321655,0.4145930707454681,9.983628273010254,3.556818008422852,0.2304256409406662,-0.3821771442890167
2260436031.0,-0.4466463625431061,0.3101523816585541,10.193683624267578,2.891052722930908,1.2729250192642212,-0.1624582707881927
2260444364.0,-0.4288071990013122,0.8978511691093445,9.609427452087402,3.5583038330078125,1.6872607469558716,-0.0524707585573196
2260452697.0,-0.5001229643821716,0.4950341284275055,10.12609577178955,4.252321720123291,1.1237221956253052,-0.0915580838918685
2260461030.0,-0.8099287152290344,0.3232767581939697,9.686285018920898,3.2685558795928955,1.3297119140625,-0.2234458029270172
2260469363.0,-0.5759609341621399,0.3696295022964477,9.89228057861328,3.1810572147369385,1.7778581380844116,-0.0932742282748222
2260477696.0,-0.8002146482467651,0.5884013772010803,10.19454860687256,3.2440688610076904,1.6001213788986206,0.1724350452423095
2260486029.0,-0.7996102571487427,0.3330023884773254,10.367487907409668,3.564732551574707,1.4238696098327637,0.013985370285809
2260494362.0,-0.7064153552055359,0.4370827376842499,9.78803825378418,3.9187984466552734,1.1311501264572144,-0.2423746883869171
2260502695.0,-0.665783703327179,0.8824442028999329,10.13570499420166,4.035855293273926,0.7866643667221069,-0.1908388584852218
2260511028.0,-0.7614223957061768,0.8428859114646912,9.97863483428955,3.4131739139556885,0.8287486433982849,-0.2360479980707168
2260519361.0,-0.6152053475379944,1.1572210788726809,9.87447452545166,3.178828954696656,0.7491138577461243,-0.4582002162933349
2260527694.0,-0.6794306039810181,0.5375599265098572,10.293235778808594,2.702455520629883,1.1463395357131958,-0.1130740344524383
2260536027.0,-0.8821684122085571,0.6169400811195374,9.91759967803955,2.316859006881714,1.91545832157135,0.0749216303229332
2260544360.0,-0.6819233298301697,0.8654777407646179,9.975700378417969,2.831090450286865,1.928111672401428,-0.015611876733601
2260552693.0,-0.7760576009750366,1.0164045095443726,10.169785499572754,3.113077640533448,1.3932095766067505,-0.0908152759075164
2260561026.0,-0.6103052496910095,0.5518385767936707,10.33364486694336,2.653993368148804,0.335341602563858,-0.1895069181919098
2260569359.0,-1.0062967538833618,0.3033106923103332,9.905478477478027,1.877753973007202,0.4881048500537872,-0.119836188852787
2260577692.0,-0.5811238288879395,0.1403162032365799,9.937084197998049,2.123368978500366,1.145391821861267,-0.1620740741491317
2260586025.0,-0.6132593154907227,0.677441418170929,9.586524963378906,3.040179252624512,0.8311050534248352,-0.325569748878479
2260594358.0,-0.8572812676429749,0.7039895057678223,10.343077659606934,3.7242836952209473,1.3436200618743896,-0.4772315621376037
2260602691.0,-0.3881265521049499,0.9406856894493104,9.99842929840088,3.219401836395264,1.3575544357299805,-0.2237275242805481
2260611024.0,-0.5366017818450928,0.8742493391036987,9.947835922241213,2.7738938331604004,0.6685315370559692,-0.4401934742927551
2260619357.0,-0.8269699215888977,0.6209806203842163,10.173835754394531,1.7033464908599854,1.1533833742141724,-0.3565117120742798
2260627690.0,-1.2627185583114624,0.5202457904815674,9.271178245544434,1.576735496520996,2.057668447494507,-0.1428377777338028
2260636023.0,-0.8850983381271362,0.062396727502346,9.86977481842041,2.4791252613067627,2.617160081863404,-0.0485773980617523
2260644356.0,-0.1022859215736389,0.6016714572906494,10.455998420715332,2.8416433334350586,1.0443179607391355,0.0571965910494327
2260652689.0,-0.1096671968698501,0.5199419856071472,10.591705322265623,2.8419504165649414,-1.650747776031494,-0.1733443439006805
2260661022.0,-0.8199255466461182,0.9038850665092468,9.101689338684082,2.2884016036987305,-1.497933268547058,-0.3284129202365875
2260669355.0,-1.0701121091842651,0.6653468608856201,9.167510986328123,2.117400646209717,1.6416163444519043,-0.126752033829689
2260677688.0,-0.7627835869789124,0.5809665322303772,9.588388442993164,1.3890854120254517,3.528411865234375,-0.2143527269363403
2260686021.0,-0.3955806493759155,0.7650856971740723,9.986026763916016,1.6304997205734253,3.419013738632202,0.2037868499755859
2260694354.0,-0.8988678455352783,0.6059965491294861,10.51884651184082,2.007310628890991,2.038841962814331,0.0553267449140548
2260702687.0,-1.3902491331100464,0.5711846351623535,10.017120361328123,1.916892409324646,0.9441663026809692,-0.148780271410942
2260711020.0,-0.6622102856636047,0.0731626003980636,9.8372220993042,1.985692262649536,0.5422021150588989,0.0587078258395195
2260719353.0,-0.9405556321144104,-0.1978945136070251,9.7736177444458,1.6398231983184814,-0.6523817181587219,-0.1429914683103561
2260727686.0,-0.2303464412689209,0.2762779593467712,9.416662216186523,1.9910202026367188,-1.2103623151779177,-0.1314138323068618
2260736019.0,-0.7196617126464844,0.3648084998130798,9.378204345703123,3.2500367164611816,-0.5392693281173706,-0.0895089507102966
2260744352.0,-1.151053547859192,0.1420748829841613,10.022433280944824,2.7085001468658447,1.374690294265747,-0.2386606037616729
2260752685.0,-0.8881745338439941,0.2845138907432556,9.449132919311523,2.2832016944885254,3.272448778152466,-0.1364085972309112
2260761018.0,-0.8200305700302124,0.125326469540596,9.67776584625244,2.885341167449951,2.6231024265289307,-0.0440692864358425
2260769351.0,-0.9027155637741088,0.5466327667236328,9.977230072021484,3.391094446182251,1.0929850339889526,-0.0681210607290268
2260777684.0,-0.6304565072059631,0.4997729659080505,10.110089302062988,3.567474126815796,-0.6706703901290894,-0.1323615759611129
2260786017.0,-0.8470807075500488,0.399812787771225,9.940923690795898,3.098144054412842,-2.0673632621765137,-0.2417343258857727
2260794350.0,-1.099887132644653,0.7924833297729492,9.425480842590332,2.3665249347686768,-1.0689972639083862,-0.2792848348617553
2260802683.0,-0.2592614293098449,0.2721381783485412,9.43336009979248,2.207434892654419,0.1608061492443084,-0.0649705082178115
2260811016.0,-0.7671384215354919,0.8814877867698669,9.224813461303713,3.427133321762085,0.6392288208007812,-0.1079511865973472
2260819349.0,-0.9147259593009948,0.2210165709257125,10.684922218322754,3.175448179244995,1.4982534646987915,-0.0276505686342716
2260827682.0,-0.9994982481002808,0.6344274878501892,9.791741371154783,2.184689283370972,1.6127746105194092,-0.3486737608909607
2260836015.0,-0.5019062757492065,0.8320239782333374,9.399261474609377,3.14719557762146,0.7389706969261169,-0.2158639580011367
2260844348.0,-0.7545691132545471,0.4458544850349426,10.389476776123049,3.1549952030181885,-0.4595450162887573,-0.0034579220227897
2260852681.0,-1.255191445350647,0.2785685658454895,9.870210647583008,1.928162693977356,-1.1734009981155396,-0.2728044092655182
2260861014.0,-1.064193844795227,0.6871099472045898,9.206239700317385,2.322340250015259,-0.0139725664630532,-0.0716558322310447
2260869347.0,-1.0254908800125122,0.848167896270752,9.87881851196289,3.3278017044067383,0.22758249938488,-0.2635064721107483
2260877680.0,-0.2295226007699966,1.1619502305984497,10.417939186096191,3.0557525157928467,-0.5039472579956055,-0.2610986828804016
2260886013.0,-0.6563811898231506,0.8561946153640747,9.936114311218262,2.346597194671631,-1.553695559501648,-0.1973192393779754
2260894346.0,-1.0931198596954346,0.9577324986457824,9.62042999267578,1.5205633640289309,-1.040770411491394,-0.3447547852993011
2260902679.0,-0.9894885420799256,0.8538920879364014,9.681065559387209,1.0248254537582395,0.6560829281806946,-0.1358450800180435
2260911012.0,-0.439486563205719,0.3785704374313354,10.003474235534668,1.6477892398834229,0.6514211893081665,-0.0658157765865325
2260919345.0,-0.303676038980484,0.1897727102041244,10.651270866394045,1.5719966888427734,-0.8307849168777466,0.2196676582098007
2260927678.0,-0.6427265405654907,0.9341427087783812,9.866989135742188,1.4514051675796509,-1.914728283882141,0.0530983135104179
2260936011.0,-0.2774437665939331,0.7376247644424438,9.769501686096191,2.1468827724456787,-1.9011014699935915,-0.1691692322492599
2260944344.0,-0.5916479825973511,0.2151877731084823,9.749004364013672,1.4745346307754517,-1.1616696119308472,-0.0412261113524436
2260952677.0,-0.8926533460617065,0.1440511047840118,9.48599338531494,0.6178153157234192,1.1545616388320925,0.1851396858692169
2260961010.0,-0.7415493130683899,0.4110450744628906,9.486838340759276,1.1242856979370115,2.597898244857788,0.3263510167598724
2260969343.0,-0.5995005965232849,1.2556029558181765,9.978175163269045,2.7874178886413574,1.291495442390442,0.1457962393760681
2260977676.0,-0.2487772107124328,0.6175087690353394,11.377236366271973,2.3695731163024902,-0.9854947924613952,0.0609618797898292
2260986009.0,-0.7360063791275024,0.5264543890953064,10.324509620666504,0.2564241290092468,-2.054633140563965,-0.1502915173768997
2260994342.0,-0.6071117520332336,0.3781564831733703,9.117391586303713,0.1519692540168762,-1.3192483186721802,0.0614997781813144
2261002675.0,-0.5472998023033142,-0.2316519767045974,9.391868591308594,0.9679875373840332,-0.2827171087265014,0.1640335619449615
2261011008.0,-0.4486429393291473,-0.2412913143634796,9.845504760742188,1.8355416059494016,0.4832125306129455,0.2463833093643188
2261019341.0,-0.6247654557228088,0.3108333647251129,9.859057426452637,2.651303768157959,1.2375516891479492,0.4333160519599914
2261027674.0,-0.9039509892463684,0.252450555562973,10.301353454589844,2.971482038497925,1.341366410255432,0.1192086562514305
2261036007.0,-0.6335578560829163,0.6068203449249268,9.975885391235352,2.665570974349976,0.9041056632995604,-0.0123844817280769
2261044340.0,-0.7784733176231384,0.2413539588451385,9.77670192718506,2.19992995262146,0.1667486578226089,0.0258447621017694
2261052673.0,-0.7164404392242432,0.4765931963920593,9.60035514831543,2.185099124908448,-0.3031060695648193,-0.1361524760723114
2261061006.0,-0.4473260045051574,0.2720227539539337,9.76734447479248,2.432225465774536,-0.7554022073745728,-0.1103845536708831
2261069339.0,-0.456890344619751,0.1918914169073104,10.357766151428224,2.478151559829712,-0.794002890586853,0.0623962730169296
2261077672.0,-0.3297566771507263,0.1969137191772461,9.994078636169434,2.4800727367401123,-0.6874732375144958,0.0794297382235527
2261086005.0,-0.6375758051872253,0.3922296166419983,9.04758644104004,3.264047861099243,0.6026261448860168,-0.077419027686119
2261094338.0,-1.0521438121795654,0.219634398818016,9.95081901550293,3.5196518898010254,2.056925296783448,0.0676215812563896
2261102671.0,-0.9951761364936828,0.6257872581481934,10.265417098999023,2.766414165496826,2.947660446166992,0.0189801454544067
2261111004.0,-0.0527043715119361,1.1793006658554075,10.45860481262207,3.0829806327819824,1.199821949005127,0.0070439144037663
2261119337.0,-0.3675351738929748,1.0066463947296145,10.673287391662598,3.0410759449005127,-1.7731839418411257,-0.4093283116817474
2261127670.0,-1.0050461292266846,0.6131668090820312,9.739073753356934,1.773939609527588,-1.8775620460510247,-0.2671692967414856
2261136003.0,-0.6906713843345642,0.5427291393280029,9.08795166015625,1.1974399089813232,0.1163398548960685,-0.0170462727546691
2261144336.0,-0.5212633013725281,0.7511054873466492,9.799222946166992,1.832160472869873,1.3289176225662231,-0.2482659369707107
2261152669.0,-0.0587547495961189,0.5495240092277527,10.452240943908691,2.284994840621948,0.9348683953285216,-0.2572565972805023
2261161002.0,-0.3696047961711883,0.356536328792572,9.987709045410156,2.2760040760040283,0.3623133301734924,-0.3759272992610931
2261169335.0,-0.4765855073928833,-0.1225238293409347,9.509709358215332,1.9282907247543333,0.8948076963424683,0.0945677533745765
2261177668.0,-0.8834604620933533,-0.1104662492871284,9.17092514038086,1.815409064292908,1.3463354110717771,0.1849347949028015
2261186001.0,-0.5591979026794434,0.3991957306861877,9.597481727600098,2.483299732208252,1.4767630100250244,-0.1697583347558975
2261194334.0,0.0123274512588977,0.5439006686210632,9.899177551269531,3.17649793624878,0.5173050761222839,-0.1836924850940704
2261202667.0,-0.2862957119941711,0.0711195841431617,10.35801887512207,2.9215855598449707,-0.5035118460655212,-0.3781814277172088
2261211000.0,-0.5958132743835449,0.3263897597789764,9.491357803344728,1.7073936462402344,0.4342637360095978,-0.0755748003721237
2261219333.0,-0.9433099031448364,0.6827749013900757,8.831338882446289,2.5071218013763428,2.276721477508545,-0.0180196166038513
2261227666.0,-0.5292893052101135,0.7737492918968201,9.892948150634766,3.320117473602295,3.321577310562134,-0.090764045715332
2261235999.0,-0.2241998761892318,0.0559855327010154,10.678459167480469,2.7042744159698486,2.399311065673828,0.1533780694007873
2261244332.0,-0.582084059715271,-0.5142965316772461,10.077125549316406,1.6077287197113037,0.4534231722354889,-0.0411236546933651
2261252665.0,-0.7727552056312561,0.0166238583624362,9.212347030639648,2.4185984134674072,0.6572100520133972,0.2363425344228744
2261260998.0,-0.2171626389026641,0.0848292708396911,9.555453300476074,3.7993338108062735,0.6309298276901245,0.2536833584308624
2261269331.0,-0.7280764579772949,0.8727841973304749,9.672510147094728,4.096407413482666,0.8477798700332642,-0.1059020534157753
2261277664.0,-0.2493136525154113,0.7878689169883728,9.899139404296877,3.06064510345459,1.7205852270126345,0.0180836524814367
2261285997.0,-0.6219124794006348,0.2552337050437927,9.51838207244873,2.0675041675567627,2.166451930999756,0.0590920411050319
2261294330.0,-0.9800230860710144,0.4896115064620971,9.898477554321287,1.7308564186096191,3.128394603729248,0.214954674243927
2261302663.0,-0.7521378397941589,0.9033583998680116,10.074149131774902,2.266552686691284,3.683583498001098,0.1539159566164016
2261310996.0,-0.4638352692127228,1.171586990356445,10.433451652526855,3.5900652408599854,2.1416573524475098,-0.1563621014356613
2261319329.0,-0.1058806329965591,0.2980992496013641,10.78498649597168,2.594184160232544,0.4951744079589844,0.0910329967737197
2261327662.0,-0.670936644077301,-0.3779347538948059,9.96816635131836,0.7967051267623901,0.1946169435977935,0.2694873511791229
2261335995.0,-0.834662914276123,0.8524876236915588,8.796507835388184,1.346975803375244,1.52637779712677,0.1584496647119522
2261344328.0,-0.6421545147895813,0.5982505679130554,9.343326568603516,3.428337574005127,2.9392850399017334,-0.0944268777966499
2261352661.0,-0.6622768640518188,1.0064269304275513,9.822321891784668,3.882272720336914,3.2165842056274414,-0.3543601036071777
2261360994.0,-0.7858974933624268,0.2834432721138,10.700895309448242,2.3474676609039307,3.06225848197937,-0.1868942528963089
2261369327.0,-1.2473795413970947,0.162416785955429,9.380865097045898,0.8984450101852417,3.164024353027344,0.0252556391060352
2261377660.0,-1.2509340047836304,0.8892831802368164,9.315394401550291,2.334378719329834,3.058083295822144,-0.0458878986537456
2261385993.0,-1.0864102840423584,0.8434019684791565,10.477860450744627,3.4336133003234863,1.648480772972107,-0.2032873332500457
2261394326.0,-0.8947921991348267,0.8064019083976746,10.55935001373291,2.844947576522827,0.1717434674501419,-0.4606592357158661
2261402659.0,-0.328614741563797,0.5362440943717957,10.617857933044434,1.790921688079834,-0.901147186756134,-0.260483980178833
2261410992.0,-0.592162549495697,0.6022623181343079,9.850651741027832,1.2016661167144775,-1.0319335460662842,-0.2384813129901886
2261419325.0,-0.6510129570960999,0.9453637599945068,9.22157096862793,2.1052849292755127,0.4860044717788696,-0.5928030610084534
2261427658.0,-0.62648606300354,0.165790244936943,9.766066551208496,2.5882928371429443,2.4592225551605225,-0.4933941960334778
2261435991.0,-0.3510116934776306,0.3914814591407776,9.715574264526367,2.4283063411712646,3.455130100250244,-0.4104040861129761
2261444324.0,-0.7137307524681091,0.4229854047298431,10.375335693359377,2.5259220600128174,2.9685616493225098,-0.3036951720714569
2261452657.0,-1.3188507556915283,0.397050142288208,10.056769371032717,2.307867765426636,2.269702911376953,-0.6634727120399475
2261460990.0,-0.7793971300125122,0.2536623775959015,9.838671684265137,2.862544536590576,1.962485790252685,-0.4890397787094116
2261469323.0,-0.6489928960800171,0.093872919678688,10.559880256652832,2.877580165863037,0.9135828614234924,-0.1496767848730087
2261477656.0,-0.8683207631111145,0.7163555026054382,10.198307991027832,2.598231315612793,-0.3072299361228943,-0.3372498154640198
2261485989.0,-0.9075223803520204,1.2429646253585815,9.52065658569336,2.948480129241944,0.3032981753349304,-0.522491991519928
2261494322.0,-0.640311598777771,0.7027514576911926,9.849794387817385,2.9956870079040527,1.0693174600601196,-0.4385541081428528
2261502655.0,0.0178020149469375,0.1278976649045944,9.903271675109863,1.879418969154358,1.030127763748169,-0.3659377694129944
2261510988.0,-0.3776037693023681,0.0711930021643638,9.370333671569824,1.4253554344177246,1.1371952295303345,-0.279771476984024
2261519321.0,-1.0909336805343628,0.469765692949295,8.976101875305176,2.3155524730682373,1.648941993713379,-0.3560250699520111
2261527654.0,-0.8760594129562378,0.1709465533494949,9.81430435180664,2.9541666507720947,3.263484001159668,-0.1164551153779029
2261535987.0,-0.2664304673671722,-0.5306081771850586,10.082626342773438,2.5676732063293457,2.006798505783081,-0.2114070802927017
2261544320.0,-0.5698190927505493,-0.1267670392990112,10.291775703430176,2.6633167266845703,0.1298641711473465,-0.315990000963211
2261552653.0,-1.061349630355835,0.6476044058799744,10.047286033630373,2.757398128509521,0.6216574907302856,-0.2061817944049835
2261560986.0,-0.4479575455188751,1.1012775897979736,9.517044067382812,3.5664491653442383,1.3662632703781128,-0.3589706718921661
2261569319.0,-0.020542174577713,0.491764634847641,10.255755424499512,3.651488304138184,1.02070152759552,-0.1612031906843185
2261577652.0,-0.3982273638248443,-0.0807627514004707,10.248836517333984,1.4604979753494265,0.6491414904594421,-0.1602042317390442
2261585985.0,-0.1701552420854568,0.1712403446435928,8.652316093444824,0.9191667437553406,1.433474898338318,-0.1062094196677208
2261594318.0,-0.5774133205413818,0.2851414382457733,8.724926948547363,3.1831576824188232,2.5314035415649414,0.1140858009457588
2261602651.0,-1.2357444763183594,-0.0037921839393675,10.115893363952637,3.3233704566955566,3.5993380546569824,-0.0174561031162738
2261610984.0,-1.1344881057739258,0.226255252957344,9.769854545593262,2.5331709384918213,4.344251155853272,-0.1524431258440017
2261619317.0,-1.0692185163497925,0.2418024688959121,9.76651382446289,2.7504053115844727,3.6484920978546143,0.1177742630243301
2261627650.0,-0.9904946088790894,0.2771172225475311,10.028615951538086,2.708730697631836,1.6504532098770142,-0.0832334533333778
2261635983.0,-1.0125521421432495,0.0955323651432991,9.960225105285645,2.760932683944702,-0.3649131953716278,-0.1861258447170257
2261644316.0,-0.6199213266372681,-0.2297345995903015,9.646523475646973,2.324235677719116,-1.6234685182571411,0.132092610001564
2261652649.0,-1.258154273033142,0.2569459974765777,9.083760261535645,3.1046247482299805,-0.494085818529129,0.1124721094965934
2261660982.0,-1.1585474014282229,0.4591189920902252,9.48962688446045,3.807837247848511,1.2241809368133545,-0.0898675322532653
2261669315.0,-0.8270907402038574,0.8543782234191895,9.609003067016602,3.8556084632873535,2.0072593688964844,-0.3647595345973968
2261677648.0,-0.8748272657394409,0.5931142568588257,10.265297889709473,3.731943368911743,2.02682900428772,-0.380845308303833
2261685981.0,-1.020150661468506,0.3608773350715637,10.670570373535156,2.7019174098968506,1.4487154483795166,-0.1287243366241455
2261694314.0,-1.2019776105880735,0.3084347546100616,9.6656494140625,2.509836435317993,0.3186154663562774,-0.2035691142082214
2261702647.0,-1.0019543170928955,0.4989697635173797,9.59935474395752,3.271296501159668,-0.4328677654266357,0.104915902018547
2261710980.0,-0.6550540924072266,-0.5007361769676208,9.857479095458984,3.387379646301269,-1.6133252382278442,-0.001242290250957
2261719313.0,-0.3428373038768768,-0.3437979817390442,9.20631504058838,3.3081040382385254,-2.160240411758423,0.0459007062017917
2261727646.0,-0.9814522862434388,0.2117809802293777,9.425493240356444,4.017362117767334,-1.1462241411209106,0.2826530933380127
2261735979.0,-1.1797091960906982,0.2515604197978973,9.295108795166016,4.41694450378418,0.5747066736221313,0.0012294835178181
2261744312.0,-0.9937549233436584,0.7117485404014587,9.329787254333496,5.347381591796875,2.211404800415039,0.0492561757564544
2261752645.0,-0.6194313764572144,-0.1001431345939636,10.952720642089844,4.688660144805908,1.2611937522888184,0.059758011251688
2261760978.0,-0.6693741679191589,-0.2012283056974411,10.463598251342772,3.629895448684693,-0.582147479057312,0.0975902304053306
2261769311.0,-0.2578244209289551,0.2585899829864502,9.536750793457031,4.400269508361816,-2.33884859085083,0.2229719012975692
2261777644.0,-0.7612045407295227,0.5140299201011658,9.615242004394531,6.166422367095947,-3.1402926445007324,0.0251531787216663
2261785977.0,-1.072896122932434,0.8354271054267883,9.737618446350098,5.783694744110107,-1.285719394683838,-0.1572329699993133
2261794310.0,-0.4789344370365143,0.7061905860900879,10.034771919250488,4.618016242980957,1.073236346244812,0.1976906806230545
2261802643.0,-0.2220560312271118,0.4385618865489959,10.037449836730955,4.232624530792236,1.3334771394729614,0.1994580626487732
2261810976.0,-0.205635666847229,0.3549012839794159,10.228364944458008,4.272146701812744,0.7010103464126587,0.4185366034507751
2261819309.0,-0.5669878721237183,0.1215180158615112,9.666326522827148,4.688736915588379,-0.6936720013618469,0.1353712379932403
2261827642.0,-0.6048362255096436,0.5806707739830017,9.408145904541016,5.201559066772461,-0.7511501908302307,-0.0256014261394739
2261835975.0,-0.90053790807724,0.8435157537460327,9.961451530456545,5.162267208099365,-0.0103097287937998,-0.0447608791291713
2261844308.0,-0.5158968567848206,0.5783877968788147,10.22082233428955,4.038135051727295,0.7715775370597839,-0.3785143196582794
2261852641.0,-0.3498279750347137,0.9493874311447144,9.838824272155762,3.821438789367676,0.8619189858436584,-0.291835755109787
2261860974.0,-0.1943030953407287,1.0957746505737305,10.508577346801758,4.2729926109313965,0.7354615330696106,-0.0817478373646736
2261869307.0,-0.4891183972358703,1.1016770601272583,10.041123390197754,4.023919105529785,0.0704391449689865,-0.2143527269363403
2261877640.0,-0.5652360320091248,0.9579084515571594,9.860918998718262,3.7987701892852783,0.3133389353752136,-0.3914751410484314
2261885973.0,-0.174983263015747,0.4407719373703003,9.715825080871582,2.668644428253174,0.9182189702987672,-0.1368184089660644
2261894306.0,-0.4552370905876159,0.0266162976622581,9.370126724243164,2.212634563446045,0.6408425569534302,-0.3808964788913727
2261902639.0,-0.633855402469635,0.1349404454231262,9.645816802978516,2.768284320831299,1.5670019388198853,-0.4191128611564636
2261910972.0,-0.7697719931602478,-0.4079514443874359,10.023330688476562,2.9834177494049072,2.65896224975586,-0.2501357793807983
2261919305.0,-0.7131969928741455,0.0850812792778015,9.786012649536133,3.8857052326202393,2.4626803398132324,-0.516267716884613
2261927638.0,-0.8838111758232117,0.7013604640960693,10.140127182006836,4.937911987304688,1.8008596897125244,-0.2707808911800384
2261935971.0,-1.0360661745071411,0.6205489635467529,10.496211051940918,4.262439250946045,1.0513362884521484,-0.3795133531093597
2261944304.0,-0.8418693542480469,1.5999083518981934,9.90860366821289,3.883476495742798,0.612538754940033,-0.5814815163612366
2261952637.0,-0.4207160472869873,1.1102360486984253,10.50239086151123,3.608046531677246,0.3905658423900604,-0.2615341246128082
2261960970.0,-0.4803923070430755,0.7541601657867432,9.921873092651367,2.39902925491333,-0.2107667326927185,-0.5269232392311096
2261969303.0,-0.8829296231269836,0.6177507042884827,9.22142505645752,2.630505084991455,0.5775497555732727,-0.1237039417028427
2261977636.0,-1.3351521492004397,0.1935696899890899,9.305167198181152,2.891898393630981,2.5692100524902344,0.369459718465805
2261985969.0,-1.2390495538711548,0.1303089708089828,9.387609481811523,3.609660625457764,2.9388749599456787,0.0273303911089897
2261994302.0,-1.3962045907974243,0.7128100395202637,10.31219482421875,4.234468936920166,2.517956256866455,0.0609874986112117
2262002635.0,-0.9764085412025452,0.95320463180542,10.967317581176758,3.4755189418792725,0.6698890924453735,0.1905442923307418
2262010968.0,-1.397777795791626,1.8041237592697144,10.125880241394045,3.138102531433105,-1.4554904699325562,-0.099114291369915
2262019301.0,-0.9636468887329102,1.5537046194076538,10.319172859191896,2.6676716804504395,-2.1722538471221924,0.0529958568513393
2262027634.0,-0.7165758013725281,0.9920172691345216,9.352069854736328,1.8601057529449463,-2.5401511192321777,-0.1414290070533752
2262035967.0,-0.2123990356922149,0.1970522254705429,9.512375831604004,1.435447335243225,-2.1244828701019287,0.1704627275466919
2262044300.0,-0.4534875750541687,0.0140806334093213,9.312573432922363,1.3348602056503296,-1.1285759210586548,0.6792638897895813
2262052633.0,-1.0951719284057615,0.6262829899787903,9.078847885131836,2.626765251159668,0.1777883917093277,0.4009396135807037
2262060966.0,-0.5441898107528687,0.5960217118263245,10.183576583862305,3.900304794311523,1.265445590019226,0.3004549145698547
2262069299.0,-0.6873534321784973,0.2583713233470917,10.635491371154783,2.8939733505249023,0.874879777431488,0.2411580234766006
2262077632.0,-0.794424831867218,0.4307102859020233,10.419636726379396,2.11330246925354,0.3373650908470154,0.3308078348636627
2262085965.0,-0.7822515964508057,0.731160044670105,10.209574699401855,2.1648640632629395,-0.350492388010025,0.4554979503154754
2262094298.0,-0.849348247051239,1.096198320388794,9.977249145507812,3.2039055824279785,-1.3672494888305664,0.16769640147686
2262102631.0,-0.2152958959341049,0.8940961360931396,10.093465805053713,3.477439641952514,-1.9696449041366573,0.3472777903079986
2262110964.0,-0.0034528532996773,0.9720749258995056,10.333086013793944,2.4918808937072754,-2.434927463531494,0.3618522584438324
2262119297.0,-0.2584962546825409,0.9417258501052856,9.455073356628418,1.5887486934661863,-1.5516207218170166,0.0717710852622985
2262127630.0,-0.184385135769844,0.9443049430847168,9.119441986083984,1.9995496273040767,0.9740068912506104,0.297176331281662
2262135963.0,-0.6309458613395691,0.7781292796134949,10.201705932617188,2.5658035278320312,2.712675333023072,0.3593420684337616
2262144296.0,-0.5383800268173218,1.4200009107589722,10.37566089630127,2.272878646850586,2.896867036819458,0.0789174437522888
2262152629.0,-0.5444247722625732,1.370929479598999,10.502299308776855,2.3716986179351807,2.328692674636841,-0.0284958370029926
2262160962.0,-0.5418921709060669,0.4428611993789673,10.266841888427734,1.2500771284103394,0.3605972230434418,-0.0521377809345722
2262169295.0,-0.6858074069023132,0.4754137098789215,9.323744773864746,0.991911232471466,-0.4290256202220917,-0.1304661035537719
2262177628.0,-0.5078660249710083,0.5194323062896729,9.465336799621582,1.376893162727356,-0.749126672744751,-0.2158127278089523
2262185961.0,-0.7244971394538879,0.786519467830658,10.055788040161133,1.5685901641845703,0.0696707218885421,-0.2159920185804367
2262194294.0,-0.5085321664810181,0.9123320579528807,9.758368492126465,1.5277611017227173,1.3060184717178345,-0.2584604322910309
2262202627.0,-0.2533527016639709,0.0794680565595626,9.891493797302246,1.5195388793945312,1.5823451280593872,-0.1237295717000961
2262210960.0,-0.757182240486145,-0.6358020305633545,10.00446319580078,0.7504713535308838,2.219934463500977,-0.2835367619991302
2262219293.0,-0.5824769735336304,0.0231271646916866,9.42375659942627,1.282504677772522,2.792207717895508,0.1108584105968475
2262227626.0,-0.4025417268276214,0.3291941583156585,9.641340255737305,3.093764305114746,1.4787099361419678,-0.1222439557313919
2262235959.0,-0.992332398891449,0.5610257983207703,10.310260772705078,3.195990562438965,0.1596791446208953,-0.3931913077831268
2262244292.0,-0.7872703671455383,0.3635720014572143,10.231385231018066,1.362882137298584,0.655468225479126,-0.2599716782569885
2262252625.0,-0.0509067848324775,0.1970822811126709,9.669119834899902,0.8487532734870911,0.775880753993988,-0.1919658780097961
2262260958.0,-0.4679863154888153,0.0428885743021965,9.604389190673828,1.658406376838684,0.5022054314613342,-0.132092610001564
2262269291.0,-0.7041316032409668,-0.6222461462020874,9.262386322021484,1.9222713708877563,1.3213870525360107,-0.1161477416753768
2262277624.0,-0.5737593173980713,-0.5194076895713806,8.513276100158691,2.849865436553955,2.069041013717652,0.2243038415908813
2262285957.0,-1.342719793319702,-0.5057050585746765,9.395015716552734,3.306772232055664,3.039820671081543,0.4953793287277221
2262294290.0,-0.8921084403991699,-0.1528855860233307,10.066015243530272,2.713956356048584,3.3095643520355225,0.5183553099632263
2262302623.0,-0.2890515327453613,0.1798576712608337,9.84104824066162,3.4246745109558105,0.7482686042785645,0.290337324142456
2262310956.0,0.0037411670200526,0.0124807339161634,10.1866455078125,4.042336463928223,-1.7845054864883425,0.4723265171051025
2262319289.0,-0.9551132321357728,-0.2386547178030014,9.538670539855955,3.255108118057251,-2.101558208465576,0.4125684797763824
2262327622.0,-1.060720920562744,0.3679777085781097,8.793596267700195,3.105905294418335,0.6977317333221436,0.1476916819810867
2262335955.0,-0.1950780153274536,0.3401811718940735,8.854738235473633,3.9525840282440186,3.033186674118042,0.714560329914093
2262344288.0,-0.5274180173873901,-0.1417962610721588,9.794907569885254,4.737327098846436,2.556864023208618,0.5940197110176086
2262352621.0,-1.0255286693572998,-0.1456349790096283,10.057202339172363,3.911703586578369,2.599665880203247,0.4781153202056885
2262360954.0,-0.6303577423095703,-0.2697667479515075,9.530038833618164,3.765676736831665,2.0090012550354004,0.7697077989578247
2262369287.0,-0.685931384563446,-0.0353352129459381,9.55368709564209,5.045159339904785,0.1518411785364151,0.6017040014266968
2262377620.0,-0.4408324062824249,-0.1329350173473358,10.336769104003906,4.897646903991699,-0.5723884701728821,0.9446529746055604
2262385953.0,-0.4462176263332367,-0.1427648514509201,9.93700885772705,4.319892406463623,-0.9204604029655457,0.6895352602005005
2262394286.0,-0.5735670924186707,0.7739852666854858,9.603656768798828,4.780179977416992,0.5326223969459534,0.5064190626144409
2262402619.0,-0.5882985591888428,0.902981698513031,10.204561233520508,5.137575149536133,2.6044554710388184,0.6048545837402344
2262410952.0,-0.8062114715576172,0.9709420204162598,9.914005279541016,5.587463855743408,2.9934589862823486,0.0216440297663211
2262419285.0,-0.1523251831531524,0.8727362155914307,10.319124221801758,5.259525299072266,3.1011669635772705,0.2226389497518539
2262427618.0,-0.9741719961166382,0.5603657364845276,10.441808700561523,4.69286060333252,2.261327028274536,0.3019149899482727
2262435951.0,-1.1929054260253906,0.8119984269142151,9.953777313232422,3.977429628372192,1.570664882659912,-0.3380694985389709
2262444284.0,-0.3220831155776977,1.8512784242630005,9.571953773498535,5.285394668579102,1.3284053802490234,0.0535593628883361
2262452617.0,-0.6303547620773315,0.8127062916755676,11.124065399169922,5.232450485229492,0.1387523263692855,-0.1584112495183944
2262460950.0,-0.7520509958267212,1.2810566425323486,9.922558784484863,3.3360745906829834,0.6814155578613281,-0.201929822564125
2262469283.0,-0.5892704725265503,1.372747778892517,9.687891960144045,3.3963449001312256,2.1550536155700684,-0.264018714427948
2262477616.0,-0.421061098575592,1.7777327299118042,10.26381492614746,3.564887046813965,2.291372776031494,-0.4687789380550384
2262485949.0,-0.6378507018089294,1.765262007713318,9.948067665100098,3.6307411193847656,2.381918907165528,-0.6012557744979858
2262494282.0,-0.5824050903320312,1.0301798582077026,10.454797744750977,2.949171781539917,2.915693998336792,-0.4091489613056183
2262502615.0,-1.0975196361541748,0.3490501940250397,10.098913192749023,1.2589653730392456,2.60947585105896,-0.483251005411148
2262510948.0,-1.162918210029602,0.7575420141220093,9.44888401031494,1.7957627773284912,2.969714403152466,-0.4066132009029388
2262519281.0,-1.0414786338806152,0.4887354969978332,10.097907066345217,3.2260613441467285,2.628532886505127,0.0071719861589372
2262527614.0,-0.6118565201759338,0.5520763397216797,10.496124267578123,3.480897903442383,0.7393293380737305,-0.420009434223175
2262535947.0,-0.5071495771408081,0.1930401772260666,10.552563667297363,2.863107442855835,-0.2907343506813049,-0.0298790037631988
2262544280.0,-0.5678311586380005,0.4466437101364136,9.85448169708252,1.7710708379745483,-0.930834174156189,-0.2535681426525116
2262552613.0,-0.7259177565574646,1.7342064380645752,8.71635627746582,2.993100166320801,0.690739095211029,-0.2342293560504913
2262560946.0,-0.175993800163269,1.8834123611450195,9.912038803100586,4.236081600189209,2.807422399520874,-0.0515742599964141
2262569279.0,-0.2473634630441665,0.86467045545578,10.606783866882324,2.366729974746704,2.404536247253418,-0.1474739611148834
2262577612.0,-0.7661221027374268,1.0083996057510376,9.457796096801758,0.3719955682754516,2.826889514923096,0.0084783127531409
2262585945.0,-0.7195277214050293,0.6485666632652283,9.408536911010742,0.6559549570083618,3.132134437561035,0.2374439835548401
2262594278.0,-1.0510863065719604,0.9021823406219482,9.355106353759766,1.8670474290847776,2.4219796657562256,-0.1694509834051132
2262602611.0,-0.4378403425216675,0.5663283467292786,10.2616548538208,2.7426183223724365,1.409192681312561,0.1322719156742096
2262610944.0,-0.3113005459308624,0.2353076487779617,10.33967113494873,1.770711898803711,-0.145629733800888,0.1386498510837555
2262619277.0,-0.9500548839569092,0.90193772315979,9.277337074279783,1.075977087020874,-0.2003161162137985,-0.2891975045204162
2262627610.0,-0.8347408771514893,2.0687663555145264,9.192935943603516,1.769431471824646,2.584937334060669,-0.0015496612759307
2262635943.0,-0.6898804306983948,1.414981484413147,10.082693099975586,1.554553747177124,3.2218611240386963,-0.182667925953865
2262644276.0,-0.7758950591087341,1.5001208782196045,9.953009605407717,0.8999049663543701,3.0773966312408447,-0.4119409322738647
2262652609.0,-0.6856896281242371,0.8336825966835022,10.591242790222168,-0.5879875421524048,2.7558352947235107,0.2471260875463485
2262660942.0,-0.4902913570404053,0.3982828259468078,9.441014289855955,-1.412074327468872,1.3137028217315674,0.0114239482209086
2262669275.0,-0.0923646613955497,0.4844119846820831,9.162884712219238,0.4043206870555877,-0.2350490093231201,-0.0356422066688537
2262677608.0,-0.7177878022193909,-0.2602562010288238,9.876123428344728,0.6478608250617981,-0.2264938503503799,0.1267648488283157
2262685941.0,-0.9761413335800172,-0.2596625089645386,9.099224090576172,0.0591944940388202,1.4686945676803589,0.0687485933303833
2262694274.0,-1.171359658241272,0.773125410079956,8.926494598388672,1.0643996000289917,4.191770076751709,0.2203592807054519
2262702607.0,-1.019800305366516,1.115557074546814,10.150175094604492,1.6209712028503418,4.880408763885498,0.0679289549589157
2262710940.0,-0.5058954954147339,0.7148602604866028,10.754494667053224,1.280378818511963,2.7227163314819336,-0.238276407122612
2262719273.0,-0.9606696963310242,0.2573664486408233,10.153632164001465,0.0349634289741516,0.7580275535583496,-0.0655596330761909
2262727606.0,-1.10359787940979,-0.1281717866659164,9.889062881469728,-0.1996501386165619,0.1930032521486282,0.2467931509017944
2262735939.0,-1.168681502342224,0.2993035912513733,8.983922004699707,0.6997039914131165,0.1044036149978637,-0.0554163940250873
2262744272.0,-0.3441779613494873,0.4786471128463745,9.49989891052246,2.342729330062866,0.618737518787384,0.1225897297263145
2262752605.0,-0.3766740262508392,-0.3613169193267822,10.178131103515623,1.888358235359192,0.1130612269043922,0.3364173471927643
2262760938.0,-1.368860960006714,-0.2330038547515869,9.087800979614258,0.7375875115394592,1.2341961860656738,0.114905446767807
2262769271.0,-1.2614675760269165,0.2715059518814087,8.789006233215332,1.856852650642395,3.35638689994812,0.2821663916110992
2262777604.0,-1.438887596130371,0.0784727782011032,9.651507377624512,2.9753239154815674,3.191662073135376,0.0478217788040638
2262785937.0,-0.9694468379020692,-0.1869428157806396,10.378288269042969,3.034134149551392,1.6606988906860352,-0.0063139097765088
2262794270.0,-0.8109531402587891,-0.0770884603261947,10.236860275268556,2.4794068336486816,-0.7517393827438354,0.3785271644592285
2262802603.0,-0.4248075485229492,0.5542775988578796,9.857422828674316,2.33494234085083,-2.922443389892578,0.0123460609465837
2262810936.0,-0.3297018706798553,0.848554790019989,9.572759628295898,2.875761747360229,-3.338264942169189,0.0345536023378372
2262819269.0,-1.001856803894043,0.1771521866321563,9.390182495117188,2.127902746200561,-1.2594648599624634,0.0575295761227607
2262827602.0,-0.8290647268295288,0.1792664527893066,8.901507377624512,1.7189202308654783,2.056259632110596,0.3530922532081604
2262835935.0,-0.6791978478431702,-0.1543088555335998,9.599770545959473,2.15979266166687,4.020615577697754,0.7055186033248901
2262844268.0,-0.7461807131767273,-0.106593370437622,10.124605178833008,2.767797470092773,2.6121652126312256,0.534466564655304
2262852601.0,-0.9877514243125916,0.0587164610624313,10.448226928710938,3.155263900756836,0.4802925586700439,0.4357237815856933
2262860934.0,-0.9709066152572632,0.1578690111637115,10.410663604736328,2.945355176925659,-1.1289857625961304,0.4092642068862915
2262869267.0,-0.5793684124946594,0.0113652255386114,10.09495449066162,2.42871618270874,-2.537231206893921,0.2577304542064667
2262877600.0,-0.3335922360420227,-0.4133572280406952,9.751667022705078,1.9341821670532229,-2.335186004638672,0.4541403949260711
2262885933.0,-0.2070739716291427,-0.5073940753936768,9.141804695129396,2.633963108062744,-1.2782145738601685,0.4728131890296936
2262894266.0,0.0659553036093711,-0.3917582333087921,9.402475357055664,3.71024751663208,0.1761490851640701,0.6692742705345154
2262902599.0,-0.1516615003347396,-0.199543684720993,9.365771293640137,5.004098892211914,1.402251124382019,0.7617161273956299
2262910932.0,-0.2622034847736358,-0.0709834992885589,9.745291709899902,5.266081809997559,1.7734272480010986,0.6665849089622498
2262919265.0,-0.6241052746772766,0.6287163496017456,9.166571617126465,5.030815601348877,2.709448337554932,0.4642580449581146
2262927598.0,-0.6998976469039917,0.4104868471622467,9.605705261230469,5.095669746398926,3.005805015563965,0.4747342765331268
2262935931.0,-0.93148934841156,0.2816012501716614,10.52353286743164,4.305701732635498,2.471543312072754,0.3813447654247284
2262944264.0,-0.8568021655082703,0.6647383570671082,10.083540916442873,3.7663938999176025,1.4125736951828003,0.7127673029899597
2262952597.0,-0.2109231352806091,1.0683194398880005,10.03519058227539,4.844958305358887,-0.1857672482728958,0.3789626061916351
2262960930.0,-0.4850826561450958,1.0037195682525637,10.390739440917969,5.146667957305908,-1.5682443380355835,0.1035583466291427
2262969263.0,-0.7446645498275757,0.5169417858123779,10.052614212036133,3.734606266021729,-0.4212900698184967,-0.0036500277929008
2262977596.0,-0.4253768920898437,-0.1206207647919654,9.822409629821776,2.87384033203125,2.3400139808654785,0.1444386690855026
2262985929.0,-0.1290530562400818,-0.1050885096192359,9.476290702819824,3.805506467819214,3.2967312335968018,0.572836697101593
2262994262.0,-0.5156243443489075,0.337592750787735,10.117301940917969,5.81058931350708,3.2539045810699463,0.5852084159851074
2263002595.0,-1.3791301250457764,1.2964898347854614,9.974790573120115,6.235222339630127,3.5458552837371826,0.0607313551008701
2263010928.0,-0.7688620686531067,1.474475383758545,10.007977485656738,5.9927825927734375,3.017484664916992,-0.1359731703996658
2263019261.0,-0.8389950394630432,1.489209771156311,10.420561790466309,4.450934886932373,1.6535526514053345,-0.2387887239456176
2263027594.0,-1.5957967042922974,1.9214084148406985,9.773138999938965,2.4225945472717285,0.9217538833618164,-0.4348144829273224
2263035927.0,-1.165648102760315,1.5408923625946045,9.616021156311035,1.9256525039672847,1.721635103225708,-0.4223403036594391
2263044260.0,-1.0081664323806765,0.9083817601203918,10.248480796813965,2.578969240188598,1.4560413360595703,0.0542509518563747
2263052593.0,-0.7542423605918884,-0.118814542889595,10.890857696533203,2.075521469116211,0.284650981426239,0.136677548289299
2263060926.0,-0.7753726243972778,0.5927987098693848,9.744749069213867,2.448208808898926,-0.7163149118423462,-0.0163290742784738
2263069259.0,-1.2622478008270264,1.601873755455017,9.02169704437256,4.0775299072265625,-0.5356576442718506,-0.4661149978637695
2263077592.0,-1.1595211029052734,1.2671219110488892,9.864779472351074,3.779687643051148,1.1755139827728271,-0.3838933110237121
2263085925.0,-0.8155032992362976,0.9711893796920776,10.362099647521973,1.4633666276931765,1.7822383642196655,-0.3501850068569183
2263094258.0,-0.7153701782226562,1.6372642517089844,10.354884147644045,0.8954480290412903,1.0678061246871948,-0.1620228439569473
2263102591.0,-1.0354241132736206,1.4542516469955444,10.135156631469728,1.539236307144165,0.2007387727499008,-0.1507782042026519
2263110924.0,-1.2438534498214722,1.4990804195404053,9.666293144226074,2.1731626987457275,-0.1212962120771408,-0.1914023458957672
2263119257.0,-0.6833466291427612,0.8936083316802979,9.80465316772461,1.87434720993042,-0.4639122188091278,0.0098614804446697
2263127590.0,-0.4225580394268036,0.3500876426696777,9.93374729156494,0.1733059138059616,-1.8233877420425413,-0.070938616991043
2263135923.0,-0.870937168598175,0.7837308049201965,8.94379711151123,0.3348292708396911,-1.6916792392730713,-0.3349957168102264
2263144256.0,-0.6355944871902466,0.0100568970665335,9.450965881347656,1.4293767213821411,-0.3759528994560241,-0.1125361323356628
2263152589.0,-1.1462386846542358,0.4327735006809234,10.14275074005127,1.83692479133606,0.7931703925132751,-0.048244409263134
2263160922.0,-0.8415782451629639,0.8774381875991821,10.50920867919922,1.9594119787216189,1.518155813217163,-0.1670432388782501
2263169255.0,-0.5921564102172852,1.1040961742401123,10.346940994262695,2.333508014678955,0.705979585647583,-0.2179130911827087
2263177588.0,-0.0823170989751815,0.5657867789268494,10.812461853027344,1.6433067321777344,-1.2549822330474854,-0.3642215728759765
2263185921.0,-0.4845348298549652,0.5361114144325256,10.18467903137207,0.526756763458252,-2.343459129333496,0.1611903756856918
2263194254.0,-0.6791333556175232,0.0679407492280006,9.397139549255373,0.2392625659704208,-1.8036390542984009,-0.1140729933977127
2263202587.0,-0.3553175628185272,-0.0285112354904413,8.939288139343262,1.3325294256210327,-0.0075946203432977,0.1841663569211959
2263210920.0,-0.7283366322517395,-0.6842404007911682,9.580865859985352,2.264810800552368,1.6093424558639526,0.2543493509292602
2263219253.0,-0.4654156863689422,-0.5580152273178101,9.785120010375977,2.19506311416626,2.0944244861602783,0.3460995554924011
2263227586.0,-0.901136875152588,-0.2020667344331741,10.339341163635254,2.665750503540039,1.8662277460098269,0.438336431980133
2263235919.0,-0.6263391375541687,-0.0603381432592868,10.310469627380373,2.895458459854126,0.4515276849269867,0.1686441153287887
2263244252.0,-0.6085216999053955,0.4212004244327545,9.800992012023926,3.75576400756836,-0.4320481121540069,0.2310147732496261
2263252585.0,-0.7255061268806458,0.3074081838130951,10.402751922607422,3.19978141784668,-0.5717993974685669,0.3189740478992462
2263260918.0,-0.6370903253555298,1.129027247428894,9.134188652038574,2.400335788726806,-0.3794621229171753,-0.0665842071175575
2263269251.0,-0.540414571762085,0.6268472075462341,9.50949764251709,2.7470500469207764,0.3029139637947082,0.0401887372136116
2263277584.0,-0.5208964943885803,-0.0322478041052818,9.905069351196287,2.080695390701294,0.877185046672821,0.4070869982242584
2263285917.0,-1.052992343902588,-0.1537521630525589,9.564809799194336,2.09688401222229,1.3459511995315552,0.2285302132368087
2263294250.0,-0.8236238956451416,0.5144026875495911,9.925619125366213,3.2105135917663574,1.964073896408081,0.3504539430141449
2263302583.0,-0.3598377704620361,0.9517585039138794,10.285082817077637,4.246303081512451,0.7354615926742554,0.3092662692070007
2263310916.0,-0.8024765849113464,1.0038156509399414,10.508015632629396,3.5187036991119385,-0.9596756100654602,-0.2655555307865143
2263319249.0,-0.6671242117881775,0.5174867510795593,10.46072483062744,1.5269157886505127,-0.6133712530136108,-0.2251875549554824
2263327582.0,-0.7731077671051025,0.3664402365684509,9.098417282104492,0.7530328631401062,0.2768130302429199,-0.119042158126831
2263335915.0,-1.1098763942718506,0.3842094242572784,9.532662391662598,2.310736894607544,1.796992301940918,0.048692662268877
2263344248.0,-0.6702287197113037,-0.4718957841396332,9.988636016845703,3.0979394912719727,1.900678753852844,0.1785824447870254
2263352581.0,-1.0813323259353638,-0.4665970802307129,9.562458038330078,3.5753629207611084,0.8005728721618652,-0.2286454737186432
2263360914.0,-1.217039704322815,0.1880691647529602,9.592161178588867,3.488044261932373,0.5507829785346985,-0.1104357838630676
2263369247.0,-0.928624153137207,0.4371665120124817,9.300748825073242,3.688142061233521,-0.1827703565359115,-0.0461440347135067
2263377580.0,-1.0068868398666382,0.0183895919471979,9.193353652954102,3.986983299255371,-1.5059505701065063,-0.2142246663570404
2263385913.0,-1.627739429473877,0.4003779292106628,9.5960111618042,3.769108772277832,-0.7253054976463318,0.1040450185537338
2263394246.0,-1.4560275077819824,0.683236837387085,10.339728355407717,3.364506483078003,0.0433136671781539,0.0384725779294967
2263402579.0,-0.6794894337654114,1.250698804855347,10.116494178771973,4.141207218170166,-0.6481555104255676,-0.1472434252500534
2263410912.0,-0.5204231142997742,1.3145049810409546,10.734330177307127,4.372452259063721,-2.570862054824829,-0.3162717223167419
2263419245.0,-0.1504928320646286,0.4974896013736725,10.984610557556152,2.5322744846343994,-3.7570066452026367,-0.3346371948719024
2263427578.0,-0.1993497610092163,-0.2176358103752136,8.700567245483398,1.220671772956848,-3.8441202640533447,-0.199778214097023
2263435911.0,0.0451938472688198,-0.8067262172698975,8.817170143127441,2.6857805252075195,-2.205270290374756,0.4375679492950439
2263444244.0,-0.5663859844207764,-0.5965785980224609,9.254599571228027,3.7984116077423096,-0.1122543737292289,0.5015267133712769
2263452577.0,-0.7035372853279114,0.677922248840332,9.524544715881348,5.584979057312012,1.763027906417847,0.0812995806336402
2263460910.0,-0.98339182138443,2.228317975997925,10.212733268737791,6.4609856605529785,3.033186197280884,0.1256378293037414
2263469243.0,-1.0103367567062378,2.3466296195983887,11.11508846282959,4.484334945678711,2.5247950553894043,0.1791971772909164
2263477576.0,-1.108004808425903,2.4632697105407715,10.810836791992188,1.6286041736602783,0.8973178267478943,-0.0623578540980815
2263485909.0,-0.4844767451286316,1.0306146144866943,10.868050575256348,-0.7596285939216614,-1.6286940574645996,0.3448444604873657
2263494242.0,0.30552738904953,0.1340492516756057,10.539560317993164,-1.817393779754639,-4.574740886688232,0.7307997941970825
2263502575.0,-0.254567801952362,0.6766324639320374,9.70844554901123,-0.3400161862373352,-5.728329658508301,0.5404603481292725
2263510908.0,-0.7181556224822998,0.7317306399345398,9.019542694091797,2.082923650741577,-3.470305919647217,0.3607252538204193
2263519241.0,-0.2339857369661331,0.1976320296525955,9.489603996276855,2.694310188293457,0.7572592496871948,0.1278918832540512
2263527574.0,0.1031422466039657,-0.0964145958423614,9.910747528076172,1.7872073650360107,3.180800676345825,0.3458433151245117
2263535907.0,-0.1655279546976089,-0.2380326092243194,9.898804664611816,0.8667599558830261,3.5538976192474365,0.6790589094161987
2263544240.0,-1.312550067901611,0.6682410836219788,9.521023750305176,1.9058268070220947,3.4682693481445312,0.5548810958862305
2263552573.0,-1.215575098991394,0.9538334608078004,10.34233283996582,3.464863538742065,2.666544437408448,0.5306501388549805
2263560906.0,-0.6932799816131592,1.0400607585906982,10.97906494140625,3.2687604427337646,0.3709453642368316,0.0383701212704181
2263569239.0,-0.070179745554924,1.5298113822937012,11.127601623535156,2.127800226211548,-2.6424288749694824,-0.0693505480885505
2263577572.0,0.1283218562602996,0.930917263031006,10.297274589538574,0.5313928723335266,-3.839432954788208,0.0776111260056495
2263585905.0,-0.4558724164962768,0.6661844253540039,8.680179595947266,0.3443577587604522,-2.4021928310394287,-0.0927363410592079
2263594238.0,-0.5496448278427124,0.6221330165863037,8.184687614440918,1.468643307685852,1.5033762454986572,0.1873681247234344
2263602571.0,-0.6591018438339233,-0.0658705756068229,9.529765129089355,2.222752094268799,4.377191066741943,0.6409962177276611
2263610904.0,-0.3489286303520202,0.3706066012382507,10.372535705566406,2.0603833198547363,4.633179664611816,0.2724842131137848
2263619237.0,-0.4167901873588562,0.7824198007583618,10.235697746276855,2.473822593688965,2.980651378631592,0.4049354195594787
2263627570.0,-0.6134182810783386,0.3275069892406463,10.860272407531738,2.1818971633911133,0.4523473680019378,0.1765588968992233
2263635903.0,-0.8507519960403442,0.4124257862567901,9.771799087524414,0.9107652902603148,-0.5716712474822998,0.1560163050889969
2263644236.0,-1.1831302642822266,0.5326793789863586,9.09652042388916,1.6145164966583252,0.2722024917602539,0.2902605235576629
2263652569.0,-0.5556640028953552,0.8320372104644775,9.812348365783691,2.281485319137573,1.194494366645813,0.1032765954732894
2263660902.0,-0.8746576905250549,0.6034015417098999,9.992115020751951,2.3830716609954834,1.2423416376113892,0.1851653158664703
2263669235.0,-0.4526221752166748,-0.3630495965480804,10.083752632141112,1.1988229751586914,1.4429267644882202,0.302043080329895
2263677568.0,-0.2202360332012176,-0.9284461736679076,9.445379257202148,1.07108473777771,0.8699619770050049,0.7118964195251465
2263685901.0,-0.884433388710022,-0.5704596638679504,9.149873733520508,2.777377128601074,0.4020922780036926,0.3609302341938019
2263694234.0,-0.6695874929428101,-0.4387614130973816,9.842852592468262,4.092565536499023,1.038810968399048,0.4281675815582275
2263702567.0,-0.8382733464241028,0.2086746096611023,9.492640495300291,5.040496826171875,1.4997133016586304,0.2868538200855255
2263710900.0,-0.2534765303134918,0.8667474389076233,10.2708101272583,5.050717353820801,1.3861654996871948,0.2435913681983947
2263719233.0,-0.8629546165466309,0.6228352785110474,10.105066299438477,3.600745916366577,0.8401211500167847,0.0339388586580753
2263727566.0,-1.134903907775879,0.5912298560142517,9.606280326843262,2.6399569511413574,1.755164384841919,-0.0988837555050849
2263735899.0,-0.7355518341064453,0.3258183598518371,9.663979530334473,2.5213117599487305,2.510118246078491,0.4690222144126892
2263744232.0,-0.545890212059021,0.5238573551177979,10.22316551208496,3.4474198818206787,1.3072224855422974,0.4594937264919281
2263752565.0,-0.8628718256950378,0.8081722855567932,10.459425926208496,3.973612785339356,-0.088663674890995,0.417563259601593
2263760898.0,-1.1221753358840942,0.6215904951095581,9.684399604797363,3.243300199508667,-0.0610771402716636,0.3651821315288543
2263769231.0,-0.7287392020225525,0.7284939289093018,9.105422019958496,2.994508981704712,0.7549284100532532,0.2369316667318344
2263777564.0,-0.5905595421791077,0.1019504889845848,10.143675804138184,2.392958641052246,0.7538013458251953,0.4605695903301239
2263785897.0,-1.0805538892745972,0.3546879887580871,9.381399154663086,2.3804845809936523,0.6762926578521729,0.0057632029056549
2263794230.0,-0.6723518967628479,0.1431374102830886,10.24112606048584,3.349803924560547,1.3808377981185913,0.4664865136146545
2263802563.0,-0.4715479910373688,0.8711229562759399,10.885176658630373,3.36081862449646,0.3994540274143219,0.3921027481555938
2263810896.0,-0.6267863512039185,0.8278273344039917,10.613286018371582,3.146247386932373,-0.4493120908737182,0.0349122025072574
2263819229.0,-0.5602630376815796,0.7342308163642883,10.068663597106934,2.518827199935913,0.4123892188072204,0.2770948112010956
2263827562.0,-0.3390000760555267,-0.5372200012207031,10.001612663269045,1.7383356094360352,0.3704842627048492,0.3890801966190338
2263835895.0,-0.5939782857894897,-0.1586308032274246,9.096809387207031,2.355741500854492,0.9993137717247008,0.7045964598655701
2263844228.0,-1.230521321296692,0.2614718377590179,9.744099617004396,3.974023103713989,2.115940809249878,0.8126116991043091
2263852561.0,-1.1428520679473877,0.7273415327072144,10.231048583984377,4.333595275878906,2.6225388050079346,0.4885147213935852
2263860894.0,-0.6973214149475098,1.0822722911834717,10.73748016357422,4.01933479309082,2.0773401260375977,0.2648512125015259
2263869227.0,-0.1412210166454315,1.0458879470825195,11.22187328338623,2.769154787063598,-0.0838481932878494,0.509262204170227
2263877560.0,-0.6979106068611145,0.6942799091339111,10.24392318725586,1.646354913711548,-1.4035191535949707,0.3776562511920929
2263885893.0,-0.8918015956878662,0.3194475471973419,9.074406623840332,1.757264494895935,-0.1545691043138504,0.6463239192962646
2263894226.0,-1.0458475351333618,0.5622594952583313,8.505803108215332,3.164844036102295,1.126206874847412,0.5795989632606506
2263902559.0,-0.8156567215919495,0.2362905740737915,9.569903373718262,3.779841661453247,2.280922174453736,0.3574210703372955
2263910892.0,-0.7848686575889587,0.3268931210041046,9.948529243469238,2.813185691833496,1.9325426816940308,0.5692763924598694
2263919225.0,-0.9692413210868835,0.9143566489219666,10.424251556396484,2.545107126235962,1.1891921758651731,0.6476302742958069
2263927558.0,-1.1619411706924438,1.5544496774673462,10.287887573242188,2.591315031051636,0.3708429038524627,0.7378692626953125
2263935891.0,-0.90816068649292,1.6021714210510254,10.685868263244627,2.9511187076568604,-0.8495601415634155,0.0927491411566734
2263944224.0,-0.3409027457237243,0.8000386953353882,10.2769136428833,1.9971418380737305,-1.401213765144348,0.1852677464485168
2263952557.0,-0.88413405418396,0.5698740482330322,9.522249221801758,1.3392658233642578,-0.4886811375617981,0.4809840619564056
2263960890.0,-0.6297692656517029,0.8544578552246094,9.556578636169434,1.7264505624771118,0.6563135385513306,0.3260179758071899
2263969223.0,-0.5050624012947083,0.6433137655258179,9.515612602233888,2.540035486221313,1.0715715885162354,0.5029610991477966
2263977556.0,-0.5293528437614441,0.8010038137435913,10.211141586303713,2.7958192825317383,0.5684822797775269,0.1451814770698547
2263985889.0,-0.6506900787353516,0.4959131479263305,10.095906257629396,1.7413837909698486,0.4963270127773285,0.3095992505550384
2263994222.0,-0.7254116535186768,0.3367963433265686,9.195028305053713,1.582498550415039,0.617431104183197,0.4407185316085815
2264002555.0,-0.9815590381622314,0.2638335824012756,9.637873649597168,2.542827606201172,0.7723717093467712,0.4853385686874389
2264010888.0,-1.397433519363403,0.423386812210083,10.256146430969238,2.9374148845672607,1.120315432548523,0.3733274638652801
2264019221.0,-0.5453082919120789,0.907675564289093,10.186073303222656,2.9092390537261963,0.7225775718688965,0.1016116663813591
2264027554.0,-0.2962316572666168,1.1177692413330078,10.470904350280762,3.115305662155152,-0.6525610089302063,0.1969734579324722
2264035887.0,-0.394776314496994,0.8274663090705872,10.34038543701172,2.3169610500335693,-1.8659842014312744,0.303272545337677
2264044220.0,-1.0835256576538086,0.8123815059661865,9.181621551513672,1.5858540534973145,-0.6657267808914185,0.3316787183284759
2264052553.0,-1.1569606065750122,1.2474822998046875,8.95334529876709,1.8980406522750848,1.849629521369934,0.4689454138278961
2264060886.0,-0.3807306885719299,1.2177172899246216,9.709545135498049,2.411528825759888,2.1766719818115234,0.2899787127971649
2264069219.0,-0.2339620143175125,0.6273483037948608,10.353046417236328,2.140965700149536,-0.2047729790210724,0.1103717386722564
2264077552.0,-1.0404739379882812,0.1897720694541931,9.944196701049805,0.6211708188056946,-1.1199183464050293,0.2143911719322204
2264085885.0,-1.361422061920166,0.2352212369441986,8.889281272888184,0.6579528450965881,0.1951548457145691,0.3316274881362915
2264094218.0,-0.8495053052902222,0.6193035840988159,9.214967727661133,2.395263910293579,0.8842802047729492,0.1322462707757949
2264102551.0,-0.8707469701766968,0.8294275999069214,10.519330024719238,2.9438183307647705,0.1412881165742874,0.0203633159399032
2264110884.0,-0.819861888885498,0.8678032755851746,10.373061180114746,1.6134920120239258,-0.6269212365150452,-0.0877927914261818
2264119217.0,-0.5843943953514099,0.9893383383750916,10.025517463684082,1.2791236639022827,-1.011980056762695,0.0876775309443473
2264127550.0,-0.5347250699996948,0.7066007256507874,9.916537284851074,0.897113025188446,-1.149298071861267,0.0230015851557254
2264135883.0,-0.2600488364696502,-0.2970145642757416,9.600454330444336,0.6432246565818787,-1.2871536016464231,0.2220241874456405
2264144216.0,-0.3680877983570099,0.0200093109160661,8.985640525817871,1.5536569356918335,-0.7733578085899353,0.332754522562027
2264152549.0,-0.917075216770172,0.1443833261728286,9.58865451812744,2.296828269958496,0.5398200154304504,0.2542724907398224
2264160882.0,-0.7577191591262817,-0.1607786417007446,9.447660446166992,2.3396809101104736,1.7032184600830078,0.2428485453128814
2264169215.0,-0.6667038798332214,-0.0873098000884056,9.770282745361328,2.433710813522339,1.436932921409607,0.5600296258926392
2264177548.0,-1.2849664688110352,0.0286443158984184,10.319865226745604,1.923782587051392,0.6868200898170471,0.799701988697052
2264185881.0,-1.4936524629592896,0.8627791404724121,9.557906150817873,2.1639416217803955,0.2338067144155502,0.5230426788330078
2264194214.0,-0.6442988514900208,0.8644689917564392,10.773950576782228,2.867436647415161,-0.8743546605110168,0.5439695119857788
2264202547.0,-0.5900975465774536,0.3321815729141235,10.895426750183104,1.4437974691390991,-2.860354423522949,0.669043779373169
2264210880.0,0.1313036233186721,0.6720408797264099,9.773941040039062,0.7806450128555298,-3.962688446044922,0.6685059070587158
2264219213.0,-0.6529301404953003,0.3441601097583771,9.348260879516602,1.237884759902954,-2.5965278148651123,0.7643543481826782
2264227546.0,-0.9084250926971436,0.4274395406246185,9.037165641784668,1.3988956212997437,-0.0468612387776374,0.558185338973999
2264235879.0,-0.3474456071853637,0.0388906821608543,9.593780517578123,1.9487056732177728,2.604967832565308,0.7834370136260986
2264244212.0,-1.0387154817581177,-1.055719971656799,10.528701782226562,1.8005273342132568,2.8518123626708984,1.1205973625183103
2264252545.0,-1.4694645404815674,-0.3211457729339599,9.878876686096191,1.909233808517456,2.2710349559783936,1.0998497009277344
2264260878.0,-0.8108771443367004,0.3212026059627533,10.02089500427246,3.639142274856568,0.1028411537408828,0.8184772729873657
2264269211.0,-0.2571191787719726,0.4675816595554352,10.24703884124756,4.662431240081787,-3.806519031524658,0.2849071323871612
2264277544.0,-1.007259964942932,-0.8176409006118774,10.476686477661133,3.097376108169556,-4.984440803527832,0.2984826862812042
2264285877.0,-1.0089800357818604,-0.3488945960998535,9.40977668762207,1.6184608936309814,-2.2682554721832275,0.4171277582645416
2264294210.0,-0.5780246257781982,0.5456310510635376,8.781363487243652,3.70538067817688,0.4304984211921692,0.6099516749382019
2264302543.0,0.4769499599933624,0.5759726166725159,10.292261123657228,6.391468524932861,0.501270592212677,0.5067520141601562
2264310876.0,-0.2168549001216888,-0.0313816256821155,11.245285034179688,5.214494228363037,-0.511221706867218,0.7015226483345032
2264319209.0,-0.8958032131195068,0.0681698471307754,9.89641571044922,2.7060415744781494,-0.2089737504720688,0.6049569845199585
2264327542.0,-0.712798535823822,0.6556153297424316,8.911651611328125,3.713987112045288,1.3576058149337769,0.5582877993583679
2264335875.0,-0.5485427975654602,0.3855113387107849,10.487610816955566,5.249535083770752,1.0375045537948608,0.6546998023986816
2264344208.0,-0.8817923069000244,0.6751076579093933,10.93899917602539,4.424372673034668,-0.1342570185661316,0.4379522204399109
2264352541.0,-0.3790791034698486,1.1467421054840088,10.199809074401855,4.118487358093262,-0.7066583633422852,0.4319584369659424
2264360874.0,-0.1966175436973571,0.925635039806366,10.226073265075684,4.047228813171387,-1.5211397409439087,0.3260692358016968
2264369207.0,-0.9747498631477356,0.5200625061988831,10.08653736114502,3.022172689437866,-0.8709737062454224,0.390386551618576
2264377540.0,-0.4745772182941437,0.3094087243080139,9.336997032165527,2.326413154602051,1.2586835622787476,0.5415874123573303
2264385873.0,-0.3695348501205444,0.8396921753883362,8.838408470153809,4.0354204177856445,1.3737684488296509,0.4813683629035949
2264394206.0,-0.322062224149704,0.949107825756073,10.749800682067873,4.989780902862549,0.8456794619560242,0.3299881517887115
2264402539.0,-0.7901605367660522,0.542256236076355,10.837250709533691,3.0067014694213867,0.3235334157943725,0.4474294483661651
2264410872.0,-0.7202613949775696,0.6820034980773926,9.178866386413574,2.260404825210572,0.4379265606403351,0.2758396863937378
2264419205.0,-0.3238566517829895,0.5076356530189514,9.525447845458984,3.805865526199341,0.8422216176986694,0.7311327457427979
2264427538.0,-0.8211150169372559,0.5795010328292847,10.55749797821045,3.7160873413085938,-0.0265235397964715,0.2214606702327728
2264435871.0,-0.514173686504364,0.9495350122451782,9.523842811584473,3.444730520248413,-0.2033130079507827,-0.1551582366228103
2264444204.0,-0.1938025057315826,1.38221275806427,9.41817855834961,4.263335704803467,0.34456267952919,0.2269165217876434
2264452537.0,-0.5171149373054504,1.120394945144653,10.45206356048584,3.667984008789064,0.2318344116210937,0.1565285772085189
2264460870.0,-0.8736740350723267,0.9276117086410522,9.527387619018556,2.100648880004883,0.9740068912506104,-0.0481931827962398
2264469203.0,-0.7623957991600037,1.2370134592056274,9.274309158325195,2.48248028755188,2.80025053024292,0.2294523119926452
2264477536.0,-0.4676989316940307,1.10614013671875,10.401445388793944,2.7634432315826416,2.0496256351470947,0.3091638088226318
2264485869.0,-0.7528278231620789,0.754572331905365,11.055374145507812,2.4860153198242188,0.351273626089096,0.1943095922470092
2264494202.0,-0.4292421042919159,0.6319751143455505,10.621542930603027,1.2327362298965454,-0.3092022240161896,0.2649280130863189
2264502535.0,-0.5745389461517334,0.7323893308639526,9.185296058654783,1.8029347658157349,-0.5033581256866455,0.4045512080192566
2264510868.0,-0.4607177078723907,0.8161376714706421,9.360455513000488,2.627098560333252,0.0565562359988689,0.285086452960968
2264519201.0,-0.5715608596801758,0.3926233351230621,10.211179733276367,1.9249097108840945,1.2780734300613403,0.2839337885379791
2264527534.0,-0.3181433081626892,0.2700256407260895,9.420677185058594,0.9704208970069884,1.536341905593872,0.2610090672969818
2264535867.0,-0.3274098336696625,0.8528462052345276,9.04544162750244,2.237967014312744,2.1942434310913086,0.6879470944404602
2264544200.0,-0.8887710571289062,0.3977001905441284,10.128387451171877,2.569389581680298,1.990226030349732,0.5125152468681335
2264552533.0,-1.131666898727417,0.7863261699676514,9.686593055725098,1.6957136392593384,2.1584348678588867,0.3092918992042541
2264560866.0,-0.5703068971633911,0.1006459891796112,9.803000450134276,1.7815724611282349,2.073241949081421,0.6305199861526489
2264569199.0,-0.2948299944400787,0.1621807664632797,10.26498031616211,1.644869327545166,0.3876970708370209,0.8480105400085449
2264577532.0,-1.0840054750442505,0.4169599413871765,9.793787002563477,2.1195523738861084,-0.56434565782547,0.4781665503978729
2264585865.0,-1.0292723178863523,0.8608565926551819,9.420654296875,2.8174123764038086,0.561079740524292,0.2485605329275131
2264594198.0,-0.343694806098938,0.2939911186695099,9.827529907226562,2.906600952148437,1.3641372919082642,0.2706656157970428
2264602531.0,-0.3771910667419433,0.0519315972924232,10.305242538452148,1.919889569282532,0.8674260377883911,0.4519376158714294
2264610864.0,-0.959667146205902,0.290162593126297,9.889205932617188,1.532627820968628,1.421666979789734,0.3230980038642883
2264619197.0,-1.15025794506073,0.4877598881721496,8.84678840637207,3.0184578895568848,2.181180000305176,0.2927706837654114
2264627530.0,-0.9834890365600586,0.2823744714260101,10.040301322937012,4.037341594696045,2.4765636920928955,0.3874921798706054
2264635863.0,-0.2705157399177551,0.2348035424947738,10.689324378967283,2.9300127029418945,0.6623585224151611,0.4754514396190643
2264644196.0,-0.9380850791931152,0.3952038288116455,9.908096313476562,2.296623706817627,-0.9657464027404784,0.0335546471178531
2264652529.0,-0.6105754971504211,0.9064757823944092,9.68804931640625,2.4774086475372314,-0.3235205709934234,0.1285578310489654
2264660862.0,-0.4763537347316742,0.5630239844322205,10.067564964294434,3.0483500957489014,-0.0907384231686592,0.047591246664524
2264669195.0,-0.2205128669738769,0.6486368179321289,10.251520156860352,2.709089517593384,0.1954878270626068,-0.2545926868915558
2264677528.0,0.0923223569989204,0.589728593826294,9.748601913452148,2.279845952987671,0.8298755884170532,0.1156226471066474
2264685861.0,-0.2013493627309799,0.3283869326114654,9.380094528198242,2.4263339042663574,1.1656782627105713,-0.1693997383117675
2264694194.0,-1.2306838035583496,0.5251617431640625,9.229626655578612,2.324594497680664,2.6228721141815186,-0.1555168479681015
2264702527.0,-0.946603536605835,0.2862229347229004,10.012381553649902,2.336556196212769,4.510717868804932,-0.0410211943089962
2264710860.0,0.0006656574551016,-0.416943222284317,10.708821296691896,2.647256374359131,3.0129764080047607,0.159909650683403
2264719193.0,-0.4768626093864441,0.7132308483123779,10.287473678588867,3.4460368156433105,0.0987684950232505,0.0344511494040489
2264727526.0,-0.8050775527954102,1.0079267024993896,10.327061653137209,3.708095550537109,-0.5862969756126404,-0.0279835518449544
2264735859.0,-0.699484646320343,0.2925390005111694,9.392451286315918,2.763648271560669,0.1218981444835662,-0.3123015761375427
2264744192.0,-0.8064708113670349,-0.0209113452583551,9.233553886413574,2.096269130706787,2.3700597286224365,0.2250466793775558
2264752525.0,-0.3128564953804016,0.0924966186285018,10.09280490875244,1.732905387878418,3.423060655593872,0.5143337845802307
2264760858.0,-0.679559051990509,0.9864743947982788,9.67586898803711,3.167584180831909,2.4156529903411865,0.1356273740530014
2264769191.0,-0.9669234752655028,1.1124417781829834,10.17577075958252,4.597243309020996,2.026675224304199,0.0889326184988021
2264777524.0,-1.081619381904602,0.4969558119773865,10.417647361755373,3.1534197330474854,1.9517019987106323,0.1745865941047668
2264785857.0,-1.13297438621521,0.6797107458114624,9.667535781860352,1.826141357421875,1.803319215774536,-0.0785972848534584
2264794190.0,-0.7531661987304688,0.7450169920921326,9.83139705657959,1.861796259880066,1.9370508193969729,0.4661534130573272
2264802523.0,-0.302984744310379,0.1424914300441742,10.238542556762695,2.2326135635375977,0.1980748921632766,0.4281675517559051
2264810856.0,-0.4681182205677032,0.3514247834682464,9.95037841796875,2.4491307735443115,-1.0597505569458008,0.1914664208889007
2264819189.0,-0.5612248182296753,0.4662725925445556,9.976759910583496,2.1859445571899414,0.2176953852176666,0.6127181053161621
2264827522.0,-0.5339342951774597,0.5209865570068359,9.454934120178224,2.110177516937256,1.500712275505066,0.2169525623321533
2264835855.0,-0.404296338558197,0.6919550895690918,9.242801666259766,2.7922587394714355,2.652251720428467,0.3288355469703674
2264844188.0,-0.6549571752548218,0.155033677816391,10.190964698791504,2.417804718017578,3.416196346282959,0.7121782302856445
2264852521.0,-0.9288366436958312,0.1033302471041679,9.851224899291992,1.5399022102355957,2.8748905658721924,0.3354440331459045
2264860854.0,-0.8625315427780151,0.8105887770652771,9.393150329589844,2.601970672607422,2.360915184020996,0.4208931028842926
2264869187.0,-1.0322329998016355,0.1026472821831703,10.228565216064451,2.9577529430389404,1.4138545989990234,0.6384860277175903
2264877520.0,-0.9628050327301024,0.3936094045639038,9.81170654296875,2.186379909515381,0.3729176223278045,0.3980964422225952
2264885853.0,-0.5794975757598877,0.9514329433441162,9.617064476013184,2.545184135437012,0.0463617667555809,0.5432010889053345
2264894186.0,-0.5610734224319458,0.4310729801654815,10.026566505432127,2.3122479915618896,0.023923696950078,0.4191257357597351
2264902519.0,-0.994944989681244,0.7601711750030518,9.6578369140625,1.9371023178100584,0.9593555927276612,0.2481763362884521
2264910852.0,-0.9478834867477416,0.3692871928215027,9.697154998779297,1.5643635988235474,2.66147255897522,0.6261399388313293
2264919185.0,-0.7321926355361938,0.4084901213645935,9.35399341583252,2.08236050605774,2.6670310497283936,0.5575706958770752
2264927518.0,-0.7266141772270203,0.6866294741630554,10.091465950012209,3.1664066314697266,1.315009355545044,0.3313970267772674
2264935851.0,-0.9490894079208374,0.1939897388219833,10.220629692077637,2.537883996963501,-0.09834586083889,0.0350402742624282
2264944184.0,-1.11136794090271,0.3417071402072906,9.300296783447266,2.3832767009735107,-0.079877994954586,-0.2127390503883361
2264952517.0,-0.5853846073150635,0.6134213805198669,9.715531349182127,2.8275299072265625,0.5780876874923706,0.0460543967783451
2264960850.0,-1.08808434009552,0.3580792248249054,9.817322731018066,3.006624460220337,0.2222290933132171,-0.1522382050752639
2264969183.0,-0.896070659160614,0.2788060903549194,9.973885536193848,2.9288599491119385,0.8797209858894348,-0.1536213755607605
2264977516.0,-0.5216114521026611,0.3728318214416504,10.297165870666504,3.110208749771118,1.3015105724334717,0.226276159286499
2264985849.0,-0.6330090165138245,0.7985462546348572,9.9091215133667,3.3868167400360107,0.1002285107970237,-0.2077698856592178
2264994182.0,-0.7036164999008179,1.072402834892273,9.815794944763184,3.696415662765503,-0.1057227551937103,-0.2744692862033844
2265002515.0,-0.7857540845870972,0.362199455499649,9.773176193237305,2.7784786224365234,0.0362441465258598,-0.1437342911958694
2265010848.0,-0.4612208902835846,-0.0637288019061088,9.543466567993164,1.8405110836029053,0.2711522877216339,0.1249462515115737
2265019181.0,-0.726473867893219,0.6485506296157837,9.683189392089844,2.26629638671875,0.7978578209877014,0.3174372315406799
2265027514.0,-1.2276288270950315,0.9352033138275146,9.523579597473145,3.394245147705078,1.0155019760131836,-0.1048006489872932
2265035847.0,-0.5133726000785828,0.3574599027633667,9.939780235290527,3.9003560543060303,1.1575841903686523,-0.1270337998867035
2265044180.0,-0.5869783759117126,0.092812068760395,10.648350715637209,2.5978472232818604,0.2311428636312484,0.2918229699134826
2265052513.0,-1.1519296169281006,0.7264928221702576,9.894498825073242,1.44108247756958,-0.1783647239208221,0.1382656246423721
2265060846.0,-0.4998730421066284,0.9423456192016602,9.7171049118042,2.569978713989258,0.1244851723313331,0.1134454384446144
2265069179.0,-0.01096798107028,0.2817053496837616,10.278980255126951,3.313739538192749,-0.9414641261100768,0.0901364982128143
2265077512.0,-0.3211466372013092,-0.2637688815593719,10.25318717956543,2.289067506790161,-0.8951279520988464,0.4427933394908905
2265085845.0,-0.8331152200698853,0.4373365938663482,9.352039337158203,1.8955044746398928,0.7734474539756775,0.6161760687828064
2265094178.0,-1.043092131614685,0.8214488625526428,9.347464561462402,3.4812052249908447,2.3674724102020264,0.48372483253479
2265102511.0,-0.5394845604896545,0.2803870141506195,10.183979034423828,3.802356481552124,2.619875431060791,0.4053452610969543
2265110844.0,-1.0265142917633057,0.2939335107803345,10.180572509765623,2.788647413253784,1.635059118270874,0.5161781311035156
2265119177.0,-0.8666975498199463,-0.0367270968854427,10.269267082214355,2.133819341659546,0.5956334471702576,0.6337985992431641
2265127510.0,-1.288623571395874,0.3483340442180633,9.557547569274902,2.462578058242798,-0.2801812887191772,0.5016035437583923
2265135843.0,-0.4870984852313995,0.8817963600158691,9.623284339904783,3.857990026473999,-1.2158949375152588,0.4094691574573517
2265144176.0,-0.144132524728775,0.5793880224227905,10.320959091186523,3.5600838661193848,-1.7970434427261353,0.6067115068435669
2265152509.0,-0.8281396627426147,0.5727676153182983,9.43204402923584,2.3097381591796875,-1.7096606492996216,0.402271568775177
2265160842.0,-1.0439993143081665,0.0932024717330932,9.087873458862305,1.999549865722656,0.9432698488235474,0.511311411857605
2265169175.0,-1.0842725038528442,0.0919603258371353,9.286131858825684,2.3720571994781494,3.112539291381836,0.812534749507904
2265177508.0,-0.245465412735939,0.1543743759393692,10.581856727600098,3.508919477462769,1.7917157411575315,0.8961908221244812
2265185841.0,-0.6040030717849731,0.8825913667678833,10.467286109924316,3.8110134601593018,-0.8968439698219299,0.5909460186958313
2265194174.0,-0.7537242770195007,0.839137077331543,9.940237998962402,3.334460735321045,-1.9161368608474727,0.3405155837535858
2265202507.0,-0.6415239572525024,0.4512571990489959,9.935158729553224,2.221215009689331,-1.2535477876663208,0.4578544199466705
2265210840.0,-0.7539096474647522,0.1635068356990814,9.79734230041504,1.212347388267517,-0.28543221950531,0.3918978273868561
2265219173.0,-0.2838742434978485,0.7881661653518677,9.077372550964355,2.392087936401367,0.6591311097145081,0.2835496068000793
2265227506.0,-0.3939539790153503,0.7285165190696716,9.847370147705078,4.266845226287842,0.8122017979621887,0.4083165228366852
2265235839.0,-0.9328789114952089,0.2509659826755523,10.6176118850708,3.1155872344970703,1.042627453804016,0.3047069013118744
2265244172.0,-0.7548826336860657,0.01130145881325,10.295883178710938,1.374280571937561,1.71310555934906,0.5026282072067261
2265252505.0,-0.3749478459358215,0.3559987246990204,9.428597450256348,2.12406063079834,0.7352054119110107,0.3483792543411255
2265260838.0,-0.7111552953720093,0.5343330502510071,10.04621410369873,4.024456977844238,-0.6251281499862671,0.0324276201426982
2265269171.0,-0.7257802486419678,0.3489889204502105,10.312474250793455,3.903686285018921,-0.8127780556678772,0.0030224795918911
2265277504.0,-0.3730634748935699,0.3064653277397156,9.286359786987305,3.225088357925415,-0.4682410657405853,0.0352195724844932
2265285837.0,-0.5196993350982666,0.3668843507766723,9.273719787597656,3.350316286087036,0.2111637443304062,0.1463341265916824
2265294170.0,-1.00182843208313,0.5190573334693909,9.571460723876951,3.338047504425049,1.3701311349868774,0.0484365262091159
2265302503.0,-0.7788575291633606,0.5975430011749268,9.40198040008545,3.572826862335205,2.1556427478790283,-0.2667082250118255
2265310836.0,-0.2250706106424331,0.2432621121406555,10.176680564880373,3.811321258544922,1.3265612125396729,0.1519180238246917
2265319169.0,-0.507477879524231,0.3382147848606109,10.431361198425291,3.503003120422364,-0.5118877291679382,0.200764387845993
2265327502.0,-0.7955088019371033,0.4077276885509491,9.575732231140137,3.353876829147339,-1.0080355405807495,0.0159064400941133
2265335835.0,-0.5425705909729004,0.4381318688392639,9.09471035003662,4.035573959350586,-0.3993387222290039,0.0466179065406322
2265344168.0,-0.3162014782428741,0.1846052706241607,10.238933563232422,4.202707290649414,0.3691523373126983,0.0526884868741035
2265352501.0,0.1185105144977569,0.1546739190816879,10.32777214050293,2.952681064605713,0.2784779667854309,-0.1786464750766754
2265360834.0,-0.3446628749370575,0.2141872197389602,9.26989459991455,3.663501262664795,0.3600592911243438,-0.1413009166717529
2265369167.0,-0.38651242852211,0.2067683637142181,9.543320655822754,4.610818862915039,1.810747146606445,0.0817862600088119
2265377500.0,-0.6235451102256775,-0.2860745191574096,9.761115074157717,4.594015121459961,2.728377103805542,0.1117549017071724
2265385833.0,-0.5607063174247742,0.0131440302357077,9.710805892944336,4.67498254776001,2.6705145835876465,-0.0126918535679578
2265394166.0,-0.6163322329521179,-0.0840467363595962,9.857150077819824,5.057095527648926,2.1859445571899414,0.2858292460441589
2265402499.0,-0.7694413661956787,0.200300320982933,9.772045135498049,5.658568382263184,0.9916551113128662,0.1991506665945053
2265410832.0,-0.8369977474212646,0.3931668102741241,10.137660026550291,5.647683143615723,1.0477759838104248,0.309829831123352
2265419165.0,-1.0813699960708618,0.2752585709095001,9.740602493286133,5.30463171005249,1.330608367919922,0.3990698158740997
2265427498.0,-0.8266762495040894,0.6249046325683594,9.76801586151123,5.439977169036865,1.5356760025024414,0.3834963738918304
2265435831.0,-0.6005653738975525,1.031553864479065,10.286405563354492,5.561004161834717,1.369055151939392,0.5908436179161072
2265444164.0,-0.6700197458267212,1.553217530250549,10.464932441711426,5.233039379119873,0.4238131046295166,0.3779124021530151
2265452497.0,-0.5869693160057068,1.6808708906173706,10.42058277130127,4.584359169006348,0.1237936019897461,0.3840086162090301
2265460830.0,-0.892650842666626,1.7362018823623655,10.092236518859863,3.5934979915618896,1.1191370487213137,0.6220929026603699
2265469163.0,-0.9421784281730652,1.842543721199036,10.041768074035645,2.8774778842926025,2.0144827365875244,0.5911509394645691
2265477496.0,-1.0377980470657349,2.4982497692108154,9.884185791015623,2.8104963302612305,2.3544347286224365,0.3601105511188507
2265485829.0,-1.01352858543396,2.103822946548462,10.753534317016602,2.2617883682250977,1.8084419965744016,0.4299861788749695
2265494162.0,-0.7461774349212646,1.3601346015930176,10.741252899169922,0.561156690120697,0.5925084352493286,0.357702761888504
2265502495.0,-0.079031765460968,0.657997190952301,9.655372619628906,-0.6740769743919373,-0.7306844592094421,0.7251901626586914
2265510828.0,0.71019047498703,0.137605145573616,9.109450340270996,-0.105466604232788,-2.8262104988098145,0.785639762878418
2265519161.0,-0.4318462908267975,-0.0126350717619061,8.861184120178223,1.1563290357589722,-2.515228271484375,0.7580532431602478
2265527494.0,-1.643665075302124,0.7730525135993958,8.67432689666748,1.6765542030334473,1.8219404220581048,0.4509898126125335
2265535827.0,-1.730990648269653,2.301302909851074,9.174483299255373,2.990717887878418,6.595664978027344,-0.0139469504356384
2265544160.0,-1.868494868278504,2.429373025894165,11.2083158493042,2.6436703205108643,7.875429153442383,-0.3914751410484314
2265552493.0,-1.316389799118042,2.2397146224975586,11.879823684692385,-0.1655319929122924,6.200489044189453,-0.3123783767223358
2265560826.0,0.2662811577320099,0.8239983320236206,11.589491844177246,-2.3399243354797363,0.4771675765514374,0.4757331907749176
2265569159.0,0.0783274993300437,-0.2461196184158325,10.491415023803713,-2.4981689453125,-6.3555192947387695,0.670555055141449
2265577492.0,-1.0211373567581177,-0.4658973515033722,9.677620887756348,-1.8070204257965088,-7.72954511642456,0.6912515163421631
2265585825.0,-1.223921298980713,-0.459967166185379,7.792152881622314,0.1239216700196266,-3.178150177001953,0.2630069851875305
2265594158.0,-1.5641778707504272,0.5692787170410156,7.870019435882568,3.1918413639068604,3.15014123916626,-0.2967281341552734
2265602491.0,-0.9900640845298768,0.7771442532539368,10.68517017364502,3.188998222351074,7.478870391845703,-0.2660422623157501
2265610824.0,-1.0138816833496094,0.5639773011207581,11.012042045593262,1.2516908645629885,7.265862464904785,-0.4027710855007171
2265619157.0,-0.5386950373649597,0.658780038356781,10.599824905395508,0.9160673022270204,3.9752004146575928,0.0277402121573686
2265627490.0,-1.1916707754135132,-0.1459466069936752,10.505644798278809,0.992756485939026,-0.3373010456562042,0.379218727350235
2265635823.0,-1.4162237644195557,0.2033214420080185,9.893948554992676,0.5769606232643127,-3.3516862392425537,-0.0203761234879493
2265644156.0,-0.7818083167076111,0.410104364156723,9.668773651123049,1.6421797275543213,-3.595508575439453,0.1055306494235992
2265652489.0,-0.5657074451446533,0.1967938989400863,9.668577194213867,1.870530724525452,-2.937735080718994,-0.2490344047546386
2265660822.0,-0.640601396560669,0.0120525024831295,9.719134330749512,1.5731749534606934,-0.4344558715820312,-0.16740183532238
2265669155.0,-1.1353768110275269,-0.3932088911533355,9.331829071044922,0.8186308741569519,3.18548846244812,0.1552734822034835
2265677488.0,-0.9278879761695862,-0.0487540774047374,9.146892547607422,2.0022647380828857,4.644757270812988,0.4039876759052276
2265685821.0,-1.2490540742874146,-0.1218990758061409,10.247909545898438,3.4367387294769287,4.22660493850708,0.3927943110466003
2265694154.0,-0.994614601135254,0.0467569343745708,10.856444358825684,3.0598764419555664,1.80864691734314,0.3047069907188415
2265702487.0,-1.1573482751846311,-0.4848366379737854,10.25122356414795,2.094219923019409,-1.30503249168396,0.0729237273335456
2265710820.0,-1.5426496267318726,0.27174773812294,9.493134498596191,2.1370980739593506,-1.901203870773316,-0.1803882718086242
2265719153.0,-1.617919921875,0.0072236154228448,9.703086853027344,2.8975844383239746,0.0085551543161273,0.002791951643303
2265727486.0,-0.9172390699386596,-0.3110977411270141,9.9371337890625,3.183567523956299,0.9146074652671814,0.1159300282597541
2265735819.0,-0.5135833621025085,0.2678725719451904,10.02994155883789,3.6220061779022217,0.8433742523193359,0.235266774892807
2265744152.0,-0.8151625990867615,0.0352698117494583,10.09317398071289,3.7666757106781006,0.2943587601184845,0.2968689501285553
2265752485.0,-1.0428531169891355,-0.0026076263748109,9.4226713180542,3.0800347328186035,0.6519591808319092,0.2466906905174255
2265760818.0,-1.3253697156906128,0.2837857604026794,9.196976661682127,3.491629838943481,1.888870477676392,0.2760190069675445
2265769151.0,-1.4048255681991575,0.4601786434650421,9.880659103393556,3.683506488800049,2.325977563858032,0.0360136181116104
2265777484.0,-1.353560209274292,0.6565150022506714,9.936607360839844,3.4197564125061035,2.003596544265747,-0.0020619458518922
2265785817.0,-1.024937868118286,0.0166991017758846,9.84962558746338,3.3527495861053467,0.9656054377555848,0.2674126327037811
2265794150.0,-1.1017167568206787,-0.5068493485450745,9.756773948669434,2.764390707015991,-0.5733874440193176,0.4015287160873413
2265802483.0,-1.08189058303833,-0.0295481625944376,9.123879432678224,3.33840560913086,-1.2361557483673096,0.3734555244445801
2265810816.0,-0.9683891534805298,-0.0298708043992519,9.125940322875977,4.71629810333252,-0.8920028805732727,0.540870189666748
2265819149.0,-1.2345703840255735,-0.3193874359130859,9.471278190612791,4.822136402130127,-0.2103056907653808,0.3317299783229828
2265827482.0,-0.9039117097854614,0.2394240200519561,9.087637901306152,4.421375751495361,1.3026888370513916,0.1976906806230545
2265835815.0,-1.0923665761947632,-0.4149958193302154,9.68757152557373,4.687815189361572,2.077903509140014,0.6411755084991455
2265844148.0,-1.228628158569336,0.0616579428315162,9.82583236694336,4.42342472076416,1.9868195056915283,0.6253460049629211
2265852481.0,-1.3327083587646484,0.0716985538601875,9.802169799804688,5.368154525756836,1.807110071182251,0.8817188143730164
2265860814.0,-1.370133638381958,0.0967575535178184,9.811973571777344,5.824498176574707,0.5847729444503784,0.7573617100715637
2265869147.0,-0.6850267648696899,0.7171237468719482,9.795614242553713,5.631289482116699,-1.1736057996749878,1.0014396905899048
2265877480.0,-0.7462396025657654,0.2943474650382995,9.86897087097168,5.050743103027344,-2.464563369750977,1.101130485534668
2265885813.0,-1.2685612440109253,0.5346754193305969,9.164543151855469,4.032500743865967,-1.6806141138076782,1.0376070737838743
2265894146.0,-1.5808876752853394,0.9431450963020324,9.096774101257324,4.251245498657227,1.2630891799926758,1.121288776397705
2265902479.0,-1.6470528841018677,0.5813177824020386,10.097355842590332,4.612303733825684,3.404541492462158,1.4275325536727903
2265910812.0,-1.551671862602234,0.6398890018463135,10.531651496887209,4.697216033935547,3.391862869262696,1.1824555397033691
2265919145.0,-1.349150538444519,0.8000789284706116,10.762526512145996,4.8791279792785645,1.8349783420562744,1.3537124395370483
2265927478.0,-1.3937475681304932,0.4845608472824096,11.018017768859863,4.742527008056641,-1.0181018114089966,1.1155768632888794
2265935811.0,-1.5060709714889526,0.2574058771133423,9.808223724365234,4.196841239929199,-2.5474512577056885,1.05879008769989
2265944144.0,-1.1132484674453735,0.9281695485115052,9.40419578552246,4.937502384185791,-1.9177250862121584,1.223797082901001
2265952477.0,-0.7346746325492859,1.2672834396362305,10.020995140075684,5.642790794372559,-1.5655806064605713,0.9999284744262696
2265960810.0,-1.1511226892471311,1.9060512781143188,9.458778381347656,5.788893699645996,-0.5286905765533447,0.6577222943305969
2265969143.0,-1.6854263544082642,2.1497802734375,9.945558547973633,5.52965259552002,1.9650729894638064,0.8150193691253662
2265977476.0,-2.108837366104126,2.116827964782715,10.26323413848877,3.717982769012451,4.034703254699707,0.7233204245567322
2265985809.0,-1.4371694326400757,2.38871693611145,9.9316987991333,2.8879282474517822,3.656739473342896,0.697398841381073
2265994142.0,-0.8337966203689575,0.9825448989868164,9.978193283081056,3.3582565784454346,-0.2639162838459015,0.5854901671409607
2266002475.0,-1.0043460130691528,-0.0001931432634592,8.997482299804688,3.1216068267822266,-4.65376091003418,0.3223039209842682
2266010808.0,-2.3043758869171143,0.6978465914726257,9.023234367370604,2.7484588623046875,-3.9905059337615967,0.5413312911987305
2266019141.0,-2.0766420364379883,2.319223403930664,10.04736614227295,2.318242073059082,-0.3320245444774627,0.6512675881385803
2266027474.0,-0.9026312232017516,3.1967973709106445,9.923163414001465,3.051859140396118,0.3656176030635834,0.2286838889122009
2266035807.0,-0.6375806331634521,2.15857458114624,11.63127899169922,3.1703250408172607,-0.7058642506599426,-0.1559778898954391
2266044140.0,-0.8351301550865173,0.3042676448822021,11.70950412750244,-0.5751548409461975,-1.111209511756897,0.4681513011455536
2266052473.0,-0.6219702959060669,0.1845026910305023,10.17248821258545,-1.932914137840271,-0.5963121652603149,0.7809011936187744
2266060806.0,-1.2638719081878662,0.4387340247631073,8.504524230957031,1.331812024116516,-0.1644561737775802,0.8855352997779846
2266069139.0,-0.9240033030509948,0.3367854058742523,9.208052635192873,4.5087199211120605,0.510671079158783,0.8019304871559143
2266077472.0,-1.3474372625350952,1.027406096458435,10.198155403137209,4.578006267547607,0.3921795785427093,0.304322749376297
2266085805.0,-0.7629331350326538,0.8156700730323792,10.892354011535645,1.828267335891724,0.8040564060211182,0.5342360734939575
2266094138.0,-1.0679552555084229,1.3131475448608398,9.537236213684082,0.4109547436237335,0.950954020023346,0.7062100172042847
2266102471.0,-1.1380048990249634,1.5738742351531982,9.776101112365724,1.3136261701583862,0.8882505297660828,0.6622048616409302
2266110804.0,-1.823072075843811,1.2173051834106443,9.96540355682373,1.7900766134262085,1.6906421184539795,0.956717312335968
2266119137.0,-1.0979552268981934,1.0677272081375122,9.90457820892334,1.642897129058838,1.518463134765625,0.874393105506897
2266127470.0,-0.9805595874786376,1.313559651374817,10.051518440246582,1.4602417945861816,0.4958403706550598,0.9925771951675416
2266135803.0,-1.046890139579773,1.4822192192077637,10.094141960144045,0.5874112248420715,-0.7289682626724243,0.87762051820755
2266144136.0,-1.2301673889160156,0.2344129681587219,9.680164337158203,-0.3092022538185119,-1.1721715927124023,0.6263704895973206
2266152469.0,-1.0241369009017944,0.6062391996383667,9.20656681060791,-0.095169685781002,0.3212537467479706,0.928644061088562
2266160802.0,-0.9841461181640624,0.2470587790012359,9.847774505615234,0.70864337682724,1.1427533626556396,1.058226466178894
2266169135.0,-1.3263970613479614,0.5084367394447327,10.075961112976074,0.983279287815094,1.5850602388381958,0.888532280921936
2266177468.0,-1.122192144393921,0.0680964589118957,9.686529159545898,1.4648782014846802,1.9132040739059448,1.1242088079452517
2266185801.0,-1.4759565591812134,0.0797392874956131,9.828302383422852,1.2405229806900024,1.6209455728530884,0.9913732409477234
2266194134.0,-1.5411041975021362,0.6372758150100708,10.0609130859375,0.8472164273262024,1.5256094932556152,0.7665828466415405
2266202467.0,-1.2052828073501587,-0.1140022575855255,10.12278938293457,0.5400761365890503,0.8928609490394592,0.8542090654373169
2266210800.0,-0.9621288776397704,-0.4930669367313385,9.956964492797852,0.5033709406852722,-0.3478797078132629,0.9175274968147278
2266219133.0,-0.7531152963638306,-0.7333612442016602,10.015731811523438,0.8332054018974304,-0.8247142434120178,1.304302453994751
2266227466.0,-0.8457042574882507,-1.0451631546020508,9.50279712677002,1.500661015510559,-0.6528427004814148,1.3372423648834229
2266235799.0,-0.7525972127914429,-1.0701922178268433,8.456392288208008,2.779529094696045,0.0668019279837608,1.2524592876434326
2266244132.0,-0.8745314478874207,-0.9135354161262512,8.866530418395996,4.253115653991699,1.686313271522522,1.4041469097137451
2266252465.0,-1.3265124559402466,-0.459827572107315,9.811456680297852,3.993361473083496,3.05672574043274,1.2743593454360962
2266260798.0,-1.8237628936767576,-0.0713510662317276,9.43478012084961,3.9337317943573,4.139542579650879,1.0784873962402344
2266269131.0,-1.8635565042495728,0.0714905932545661,9.813175201416016,4.6842546463012695,4.290281772613525,1.0479551553726196
2266277464.0,-1.737273335456848,-0.1140734478831291,10.80512523651123,4.731358528137207,2.86484956741333,1.1997195482254028
2266285797.0,-1.3671551942825315,-0.2625668942928314,10.494519233703612,4.454981327056885,0.1335013806819915,1.2584530115127563
2266294130.0,-0.7327355742454529,-0.0075925299897789,9.687253952026367,5.284934520721436,-2.2949202060699463,1.3426470756530762
2266302463.0,-1.214340090751648,-0.0770049542188644,9.275314331054688,5.982076168060303,-3.2360382080078125,1.2525873184204102
2266310796.0,-1.4352823495864868,0.5090613961219788,9.008885383605955,5.920346736907959,-1.0767840147018433,1.0158350467681885
2266319129.0,-1.4471724033355713,0.5828197002410889,8.919684410095215,5.989401817321777,2.365192651748657,0.949084222316742
2266327462.0,-1.4856916666030884,0.1553059965372085,9.339203834533691,5.884690761566162,4.274195671081543,1.073133945465088
2266335795.0,-1.3821088075637815,0.4953658282756805,9.969216346740724,5.995063304901123,4.204756259918213,1.43519127368927
2266344128.0,-1.7980852127075195,0.5404444336891174,10.776252746582031,6.11355447769165,1.8991930484771729,1.5468692779541016
2266352461.0,-1.9253977537155151,1.2651045322418213,10.195968627929688,5.933051586151123,-0.3187051713466644,1.1652429103851318
2266360794.0,-0.933271586894989,1.7038649320602417,10.517770767211914,6.07111120223999,-2.066338539123535,1.315521478652954
2266369127.0,-0.4772993326187134,0.9182320833206176,10.56259059906006,4.754642009735107,-4.507964134216309,1.0012603998184204
2266377460.0,-1.0390280485153198,1.034918189048767,9.021188735961914,3.580818653106689,-3.372793197631836,0.9983148574829102
2266385793.0,-1.53833270072937,1.6299158334732056,8.4451904296875,4.160238742828369,1.2146271467208862,1.508499264717102
2266394126.0,-1.5266121625900269,1.4275476932525637,9.43774127960205,4.738633155822754,4.281957626342773,1.5525813102722168
2266402459.0,-1.7326279878616333,1.8363434076309204,10.333256721496582,4.909352779388428,5.247793674468994,1.5606242418289185
2266410792.0,-0.8793474435806274,0.469666987657547,11.490748405456545,3.5747992992401123,3.145838022232056,1.6711496114730835
2266419125.0,-1.2195298671722412,0.504753828048706,10.130300521850586,2.683398723602295,-0.8082700371742249,1.5498148202896118
2266427458.0,-1.2096585035324097,0.7700732350349426,10.1680908203125,3.800717353820801,-2.6206822395324707,1.71561598777771
2266435791.0,-1.8939884901046755,0.5920905470848083,9.829195022583008,4.011266231536865,-2.3167436122894287,1.6605195999145508
2266444124.0,-1.1604197025299072,0.6516098976135254,9.701986312866213,4.631181716918945,-0.0686845779418945,1.548508644104004
2266452457.0,-0.3439829349517822,0.4962231814861297,9.856270790100098,5.154454708099365,1.776475191116333,2.160253524780273
2266460790.0,-1.1401106119155884,0.4963465631008148,10.02487850189209,4.992239952087402,2.3016180992126465,2.414295196533203
2266469123.0,-2.000791549682617,1.537333369255066,9.010638236999512,5.238341331481934,3.6201112270355225,2.16663146018982
2266477456.0,-2.2234444618225098,1.6716070175170898,9.68726921081543,5.8819499015808105,5.416872024536133,2.268217325210572
2266485789.0,-1.6940996646881104,1.439846396446228,10.763662338256836,5.033478736877441,4.455237865447998,2.359455347061157
2266494122.0,-1.3101741075515747,1.2557474374771118,11.042654991149902,3.8279967308044434,1.738515019416809,2.6528408527374268
2266502455.0,-1.6393462419509888,1.5041463375091553,10.129050254821776,3.5012869834899902,-0.6743331551551819,2.4138343334198
2266510788.0,-2.480393409729004,2.273951530456543,9.382269859313965,4.4063401222229,0.067186139523983,2.5244619846343994
2266519121.0,-2.417157888412476,1.836686491966248,9.43031883239746,4.316895008087158,3.011491060256958,2.677558660507202
2266527454.0,-2.1829874515533447,1.950899839401245,9.189605712890623,3.471163749694824,4.839962959289551,2.886749744415283
2266535787.0,-2.239039897918701,1.3840460777282717,10.09323024749756,2.576535940170288,4.437256336212158,2.759549379348755
2266544120.0,-2.2779972553253174,1.355451583862305,10.058208465576172,1.3485639095306396,3.2274959087371826,2.8085238933563232
2266552453.0,-1.624379277229309,0.9310884475708008,10.204341888427734,1.9911997318267824,0.6087223887443542,2.6603715419769287
2266560786.0,-1.7695366144180298,1.2889243364334106,10.123695373535156,2.67097544670105,-1.1727604866027832,2.7994308471679688
2266569119.0,-2.33156967163086,1.4038835763931274,10.073054313659668,2.4309444427490234,-0.106721706688404,2.871893405914306
2266577452.0,-2.07642126083374,1.2089110612869265,8.952366828918457,1.946682095527649,2.499257802963257,2.763929843902588
2266585785.0,-1.843450903892517,1.0914520025253296,9.277634620666504,2.057616949081421,4.769524097442627,3.102165460586548
2266594118.0,-1.775281310081482,1.41758930683136,10.27698040008545,1.976573467254639,4.511998653411865,3.2157645225524902
2266602451.0,-2.0994017124176025,0.8201025128364563,10.129002571105955,1.5163371562957764,3.2636377811431885,2.923737049102783
2266610784.0,-2.374523878097534,1.5259840488433838,9.228100776672363,1.6676918268203735,2.4919066429138184,2.970252275466919
2266619117.0,-2.5059850215911865,1.5475823879241943,9.310973167419434,1.9071333408355715,2.322903633117676,2.8569345474243164
2266627450.0,-2.216081142425537,1.5497952699661257,9.050257682800291,1.5353940725326538,1.8161518573760984,2.4941349029541016
2266635783.0,-1.8748449087142944,0.7211402058601379,10.152482986450195,0.6024980545043945,1.5559111833572388,2.7749698162078857
2266644116.0,-2.5618669986724854,0.6106449365615845,9.466485977172852,-0.5635771751403809,1.6265805959701538,2.770512342453003
2266652449.0,-2.670218706130981,1.193282127380371,9.03628921508789,0.9416049718856812,3.1718878746032715,2.689725399017334
2266660782.0,-2.089200258255005,1.5045080184936523,10.159008979797363,2.327002048492432,3.6720566749572754,2.932957649230957
2266669115.0,-2.106911420822144,0.9197604656219482,10.21954345703125,1.645919680595398,1.77314555644989,2.417215585708618
2266677448.0,-2.332137107849121,0.3669719099998474,9.572239875793455,0.2822176516056061,1.161298155784607,2.5548408031463623
2266685781.0,-2.569965124130249,0.630372166633606,9.186248779296877,0.0137548437342047,1.7903069257736206,2.8061931133270264
2266694114.0,-1.8652887344360352,0.8219016790390015,9.65844440460205,1.347718596458435,1.7072399854660034,2.7769157886505127
2266702447.0,-2.3729498386383057,0.631756603717804,9.906331062316896,2.1544644832611084,1.4031221866607666,2.834240674972534
2266710780.0,-2.7398929595947266,0.9500343203544616,9.596612930297852,2.0461418628692627,1.777884006500244,2.4851186275482178
2266719113.0,-2.6586251258850098,0.8522444367408752,9.498663902282717,1.371565341949463,2.98631238937378,2.359301805496216
2266727446.0,-2.3892199993133545,0.8328640460968018,9.71774959564209,0.983048677444458,2.767464160919189,2.4151148796081543
2266735779.0,-2.67063045501709,0.7838297486305237,9.933712005615234,1.115960955619812,1.6725071668624878,2.5573506355285645
2266744112.0,-2.7434160709381104,0.5715922713279724,9.89943027496338,1.081484317779541,0.9496734738349916,2.6846024990081787
2266752445.0,-2.8972747325897217,0.5327675938606262,9.68817901611328,1.3573238849639893,0.2075008898973465,2.696564197540283
2266760778.0,-2.7566728591918945,0.2565132081508636,9.920942306518556,1.0985689163208008,-0.0958868861198425,2.7544522285461426
2266769111.0,-2.8249473571777344,-0.2663085460662842,9.533496856689451,0.6832853555679321,-0.1732418835163116,2.610193014144897
2266777444.0,-1.760911464691162,-0.515612006187439,9.59847354888916,1.190729022026062,-0.7178773283958435,2.854194164276123
2266785777.0,-1.687503695487976,-1.3144015073776243,9.523514747619627,1.7480690479278564,-1.7907809019088743,3.4343056678771973
2266794110.0,-2.456217765808105,-0.8635169267654419,9.038021087646484,2.5957722663879395,-1.6664493083953855,3.186564922332764
2266802443.0,-2.64202094078064,-0.4488617181777954,8.899017333984375,3.806019306182861,0.2815260589122772,3.1862826347351074
2266810776.0,-2.406635284423828,-0.0701082423329353,9.1036958694458,5.224816799163818,1.868712067604065,3.276419162750244
2266819109.0,-2.226684093475342,0.4545750319957733,9.984892845153809,5.567330837249756,1.5131864547729492,3.018560647964477
2266827442.0,-2.37496018409729,0.5659570693969727,10.78233528137207,4.541045188903809,0.3232004046440124,3.1180975437164307
2266835775.0,-1.837259650230408,0.4784002602100372,10.337891578674316,3.7843751907348633,-1.0060118436813354,3.1617696285247803
2266844108.0,-1.5696669816970823,0.7701185941696167,9.840824127197266,4.44663143157959,-2.437002658843994,3.2356412410736084
2266852441.0,-1.811878561973572,0.6911702752113342,9.999598503112791,4.874157905578613,-2.7188868522644043,3.164894819259644
2266860774.0,-2.0672194957733154,0.4130028784275055,9.06344509124756,4.351832866668701,-0.6235401034355164,2.9342386722564697
2266869107.0,-2.0610055923461914,1.0561072826385498,8.637809753417969,4.571295738220215,2.236865520477295,3.247167587280273
2266877440.0,-2.0993757247924805,1.1763689517974854,9.95120620727539,5.085091590881348,3.858426094055176,3.25695276260376
2266885773.0,-1.87735915184021,0.5977689623832703,10.59561538696289,3.93298864364624,2.6862926483154297,3.0182018280029297
2266894106.0,-2.172064781188965,0.504568874835968,9.948946952819824,3.50996994972229,1.0141444206237793,3.053549766540528
2266902439.0,-2.2697196006774902,0.7520714998245239,9.523728370666504,4.218459129333496,-0.1565157622098922,3.089435338973999
2266910772.0,-2.51369309425354,1.3551716804504397,9.771368026733398,4.893548011779785,-0.1991890966892242,2.882446527481079
2266919105.0,-2.0068435668945312,1.5674538612365725,10.018085479736328,4.5558247566223145,-0.0495763532817363,2.54052209854126
2266927438.0,-1.7725152969360352,1.2272721529006958,9.508193016052246,3.749027729034424,0.1239985227584838,2.640597343444824
2266935771.0,-2.336334228515625,1.2015128135681152,9.525471687316896,2.6373438835144043,1.2097090482711792,2.8756844997406006
2266944104.0,-2.343867063522339,1.4999698400497437,9.185834884643556,2.434018135070801,2.1729581356048584,2.788417100906372
2266952437.0,-2.329942464828491,0.9164384007453918,10.087146759033203,3.336253881454468,2.8621857166290283,2.679633378982544
2266960770.0,-2.0817084312438965,1.3624763488769531,10.70729923248291,2.7137258052825928,1.967634558677673,2.7181315422058105
2266969103.0,-2.0575921535491943,1.2076247930526731,10.12618637084961,2.80253005027771,0.2407481968402862,2.4474401473999023
2266977436.0,-1.8585952520370483,1.0630754232406616,9.81861400604248,2.5556347370147705,-0.7366525530815125,2.163864850997925
2266985769.0,-2.236570358276367,0.6108955144882202,9.916183471679688,1.6576508283615112,-0.16740183532238,2.4508724212646484
2266994102.0,-1.912852168083191,0.4087048172950744,9.052062034606934,1.4024561643600464,1.0811001062393188,2.4304323196411133
2267002435.0,-1.863747358322144,0.4854357540607452,8.800889015197754,3.13172459602356,2.17621111869812,2.5461318492889404
2267010768.0,-2.2447855472564697,0.6548755764961243,10.033161163330078,3.897026300430298,2.5426735877990723,2.657681703567505
2267019101.0,-2.7578415870666504,0.4549393057823181,9.85659885406494,3.0364139080047607,3.084927082061768,2.622718095779419
2267027434.0,-2.14617657661438,0.7402346134185791,9.293721199035645,3.123399496078491,3.00892972946167,2.592365503311157
2267035767.0,-1.960995316505432,1.021276831626892,10.074739456176758,3.695135354995728,1.5263522863388062,2.63032603263855
2267044100.0,-2.0977425575256348,1.0771788358688354,10.333660125732422,3.2823362350463867,-0.2459350973367691,2.3895263671875
2267052433.0,-2.1070895195007324,0.6320036053657532,9.861235618591309,2.9388747215271,-0.1042371243238449,2.419085025787353
2267060766.0,-2.281374216079712,0.609875500202179,9.407755851745604,2.7615983486175537,1.364751935005188,2.6380865573883057
2267069099.0,-2.153688907623291,1.0176352262496948,9.150623321533203,3.3667092323303223,3.0347235202789307,2.716927289962769
2267077432.0,-2.1812241077423096,1.4229599237442017,9.794340133666992,4.175376892089844,3.5787954330444336,2.567135810852051
2267085765.0,-1.5590105056762695,1.4552093744277954,10.238252639770508,3.476645469665528,2.4375274181365967,2.5463621616363525
2267094098.0,-2.1220855712890625,0.99481201171875,10.025714874267578,2.2237510681152344,1.2806605100631714,2.5946195125579834
2267102431.0,-2.8313262462615967,1.0028884410858154,9.918667793273926,1.1985669136047363,1.957952260971069,2.79738187789917
2267110764.0,-2.837502241134644,0.9376682043075562,9.13469409942627,1.439699411392212,2.984955072402954,2.778683662414551
2267119097.0,-2.271641969680786,1.2799426317214966,9.354631423950195,3.446190357208252,3.025297403335572,2.528125286102295
2267127430.0,-1.9251397848129272,1.183065414428711,10.996223449707031,3.2407386302948,1.8718116283416748,2.650202512741089
2267135763.0,-2.099531650543213,1.236064076423645,10.76544189453125,1.1493877172470093,0.3005830347537994,2.409761667251587
2267144096.0,-2.110615968704224,1.2902816534042358,9.31009578704834,0.8867136240005493,0.6012173295021057,2.5290727615356445
2267152429.0,-2.4260613918304443,0.6933819651603699,9.177590370178224,1.8163052797317505,1.9628702402114868,2.566802740097046
2267160762.0,-2.6489691734313965,0.554401695728302,9.296010971069336,1.8868213891983032,3.571161985397339,2.168936491012573
2267169095.0,-2.643038511276245,0.7971404194831848,9.459782600402832,2.247700452804565,4.578442573547363,2.257075309753418
2267177428.0,-2.1842291355133057,1.0326532125473022,10.105459213256836,2.395596981048584,3.679741382598877,2.3650903701782227
2267185761.0,-2.6325700283050537,1.4323621988296509,10.594215393066406,2.0276999473571777,1.7224295139312744,2.0539803504943848
2267194094.0,-2.774817943572998,1.15628182888031,10.315109252929688,0.8937574625015259,0.5365412831306458,2.0294926166534424
2267202427.0,-2.561016321182251,0.6740773320198059,8.870941162109375,0.7105388045310974,0.4733254313468933,1.9697089195251465
2267210760.0,-2.249558448791504,0.2935198545455932,9.38719367980957,1.482833743095398,0.9836123585700988,1.9667890071868896
2267219093.0,-2.2010538578033447,0.4043624401092529,10.155617713928224,1.014656662940979,1.040347695350647,2.519390344619751
2267227426.0,-2.9395439624786377,1.00491464138031,9.31289005279541,1.5401583909988403,1.2555073499679563,2.3122482299804688
2267235759.0,-2.573081016540528,1.0967732667922974,9.573851585388184,2.461118459701538,2.534528970718384,2.345597982406616
2267244092.0,-2.820913791656494,0.1553952395915985,10.233141899108888,1.742459774017334,2.042710065841675,2.212096691131592
2267252425.0,-2.940500497817993,0.0542047694325447,9.556726455688477,0.3794749081134796,1.788898229598999,1.8321350812911987
2267260758.0,-2.522068738937378,0.3235277235507965,9.243463516235352,1.3038671016693115,1.6378767490386963,2.3835840225219727
2267269091.0,-2.669642210006714,1.0496114492416382,10.190910339355469,3.1441729068756104,0.1194135621190071,2.107539176940918
2267277424.0,-2.377772331237793,1.544212818145752,10.636836051940918,2.830270290374756,-1.2370010614395142,1.956568956375122
2267285757.0,-2.0861709117889404,0.7133569717407227,9.882810592651367,1.4698984622955322,-1.391454815864563,2.195498466491699
2267294090.0,-2.42922043800354,-0.2243851423263549,8.825736999511719,0.4299349188804626,-0.7983572483062744,2.0521609783172607
2267302423.0,-2.476046562194824,0.1307956129312515,9.063353538513184,0.7845896482467651,1.345310926437378,2.205334186553955
2267310756.0,-2.5919997692108154,0.7011069059371948,9.946687698364258,2.3455724716186523,2.6914925575256348,2.410888671875
2267319089.0,-2.599738836288452,1.05804181098938,10.046293258666992,3.7499241828918457,2.1181437969207764,2.16568374633789
2267327422.0,-2.409489870071411,0.5092584490776062,10.273236274719238,3.226881504058838,1.0808950662612915,1.903035283088684
2267335755.0,-2.241118907928467,0.0557488314807415,10.105271339416504,1.2244884967803955,-0.0746014565229415,2.1264424324035645
2267344088.0,-2.1391541957855225,0.2226170301437378,9.286820411682127,0.7914286255836487,-1.0346486568450928,2.2162973880767822
2267352421.0,-2.492074012756348,0.8993144035339355,9.225135803222656,2.5062248706817627,-0.90045565366745,2.1671438217163086
2267360754.0,-2.310909986495972,0.8440475463867188,9.974919319152832,3.307642936706543,-0.2306433767080307,2.129593133926392
2267369087.0,-2.102458238601685,0.1639681458473205,9.597822189331056,2.609117031097412,0.5525502562522888,2.105259418487549
2267377420.0,-2.392559766769409,0.1768176704645156,9.62975025177002,1.6986336708068848,1.846479177474976,2.2730329036712646
2267385753.0,-2.786781549453736,0.5432561635971069,9.523648262023926,1.749810814857483,2.6512012481689453,2.388655424118042
2267394086.0,-2.264710187911988,0.7762101292610168,9.772059440612791,3.405848264694214,2.394188165664673,2.304359197616577
2267402419.0,-2.4557478427886963,0.4361688494682312,10.851601600646973,3.957553386688232,0.3170274198055267,2.193552255630493
2267410752.0,-2.4776628017425537,0.1461300253868103,10.512508392333984,1.8359514474868768,-0.7777122259140015,2.081617593765259
2267419085.0,-2.5227842330932617,0.593086838722229,9.154553413391112,1.8464279174804688,-0.0491665229201316,2.164761781692505
2267427418.0,-2.4236960411071777,0.8511396646499634,9.792276382446287,3.1796741485595703,0.3453311026096344,1.972833752632141
2267435751.0,-2.179410934448242,0.5029182434082031,9.900044441223145,3.328288316726685,0.6186861991882324,1.872989654541016
2267444084.0,-2.0408010482788086,0.6631770133972168,9.999244689941406,3.193121671676636,1.254815697669983,2.08133602142334
2267452417.0,-2.559191942214966,0.7739189863204956,10.676739692687988,2.324671030044556,1.71369469165802,2.34157657623291
2267460750.0,-3.2315120697021484,0.8211164474487305,9.644606590270996,2.057616949081421,2.660243034362793,2.1082563400268555
2267469083.0,-2.706870555877685,0.2388926297426223,9.479954719543455,3.0557525157928467,3.1265249252319336,1.9886125326156616
2267477416.0,-2.028388500213623,-0.4679479897022247,9.851661682128906,3.2347958087921143,0.9675777554512024,2.1971890926361084
2267485749.0,-2.167762756347656,0.0700389295816421,9.992746353149414,3.23167085647583,-1.0202021598815918,2.096396923065185
2267494082.0,-2.388135433197021,0.5128450393676758,10.324193000793455,3.155212640762329,-1.5310269594192505,2.0676066875457764
2267502415.0,-2.7751829624176025,0.5148968696594238,9.491578102111816,3.2861528396606445,-0.6041245460510254,1.9172509908676147
2267510748.0,-2.6922271251678467,0.5032656192779541,8.915367126464844,3.8997414112091056,1.7927658557891846,1.9239106178283687
2267519081.0,-2.791992664337158,0.4425574541091919,9.585938453674316,3.9995858669281006,3.599952459335327,2.197291612625122
2267527414.0,-2.593332290649414,1.0105708837509155,9.90958309173584,3.629127025604248,3.1770613193511963,1.9987554550170896
2267535747.0,-2.4837539196014404,1.3751870393753052,10.669445991516112,3.7136545181274414,1.45478618144989,2.065762519836426
2267544080.0,-2.30155348777771,0.7993811964988708,10.62644863128662,2.908803701400757,-1.2013715505599976,1.854111671447754
2267552413.0,-2.3510453701019287,0.4074179530143738,9.293787956237791,2.519902467727661,-2.1083459854125977,1.914587020874024
2267560746.0,-2.49622106552124,0.5616443157196045,9.076030731201172,2.806603193283081,-1.0998882055282593,1.9721168279647827
2267569079.0,-2.151742458343506,0.5946987867355347,9.297367095947266,2.9472765922546387,0.3746594488620758,2.009385585784912
2267577412.0,-2.291861057281494,0.7402880787849426,9.146679878234863,3.5141191482543945,1.2926989793777466,1.6937156915664673
2267585745.0,-2.161841869354248,0.6958362460136414,9.708284378051758,3.4363036155700684,1.974242925643921,1.752577304840088
2267594078.0,-2.3850789070129395,0.6693549156188965,9.763015747070312,2.922609806060791,1.6805243492126465,1.6079591512680054
2267602411.0,-2.9846177101135254,0.8518520593643188,9.41641902923584,2.824635028839112,1.9326705932617188,1.7565470933914185
2267610744.0,-2.7253572940826416,1.1593390703201294,9.902484893798828,3.3543121814727783,1.95434045791626,1.8436357975006104
2267619077.0,-2.297083139419556,0.6644207835197449,10.011799812316896,3.4376606941223145,-0.1404556483030319,1.5133146047592163
2267627410.0,-2.137279272079468,1.1414237022399902,9.548834800720217,3.275164127349853,-1.5136603116989136,1.556115984916687
2267635743.0,-2.129096746444702,0.8447376489639282,9.560941696166992,2.9018876552581787,-1.5601757764816284,1.7280387878417969
2267644076.0,-2.149070978164673,0.8399083018302917,9.261801719665527,2.449796676635742,-0.8150577545166016,1.4291462898254397
2267652409.0,-2.1308655738830566,0.9030276536941528,9.211223602294922,2.613036155700684,0.8566938042640686,1.6098034381866455
2267660742.0,-2.6626193523406982,0.9937463998794556,9.498512268066406,2.7385711669921875,2.62656044960022,1.5179764032363892
2267669075.0,-2.443776845932007,1.5187666416168213,9.587491035461426,3.124885320663452,3.1554691791534424,1.3109365701675415
2267677408.0,-1.9187318086624143,0.9569453597068788,10.419416427612305,2.758320569992065,1.7065997123718262,1.3403160572052002
2267685741.0,-2.0455851554870605,0.7667766213417053,10.228013038635254,1.5050923824310305,-1.1120548248291016,1.2271010875701904
2267694074.0,-2.390064716339112,1.2606770992279053,9.329320907592772,1.5853930711746216,-1.6711623668670654,1.276434302330017
2267702407.0,-2.381418466567993,0.8403577208518982,9.487980842590332,1.970426321029663,-0.9794756174087524,1.3417249917984009
2267710740.0,-2.558997631072998,0.6485450863838196,9.23495864868164,1.9351040124893188,0.6925576329231262,1.3425956964492798
2267719073.0,-2.3643100261688232,0.8382424116134644,9.510494232177734,2.3186001777648926,2.4799957275390625,1.671943187713623
2267727406.0,-2.056079149246216,0.6643414497375488,10.062057495117188,2.278770446777344,2.0868945121765137,1.62553071975708
2267735739.0,-2.2269318103790283,0.5649983882904053,9.731328010559082,2.2398881912231445,0.5855414867401123,1.4117286205291748
2267744072.0,-2.2782950401306152,0.5969232320785522,9.948160171508787,1.968966245651245,0.0389592498540878,1.6143372058868408
2267752405.0,-2.268854856491089,0.9834063649177552,9.686820030212402,2.0069267749786377,-0.4009780883789062,1.4947186708450315
2267760738.0,-2.1088321208953857,1.098780393600464,9.474267959594728,2.4467227458953857,-0.156105950474739,1.3478978872299194
2267769071.0,-2.220287561416626,0.8720104098320007,9.832695960998535,1.9574400186538696,0.6171749830245972,1.5705113410949707
2267777404.0,-2.01486873626709,0.5692024827003479,9.546164512634276,0.859588086605072,0.8393015265464783,1.5757362842559814
2267785737.0,-2.4036476612091064,1.043108582496643,9.073108673095703,1.663772463798523,1.271413803100586,1.792509913444519
2267794070.0,-2.2678110599517822,0.5518472194671631,10.187225341796877,2.168449878692627,1.366519331932068,1.9282394647598269
2267802403.0,-2.4218785762786865,0.4591467082500458,9.72364902496338,1.5281707048416138,0.7448362708091736,1.859106421470642
2267810736.0,-2.509860038757324,0.8136739730834961,9.52570629119873,1.5536826848983765,0.5143850445747375,1.9233471155166624
2267819069.0,-2.5853426456451416,0.9265458583831788,9.894024848937988,1.576940417289734,0.2243038713932037,1.867252349853516
2267827402.0,-2.415708541870117,0.2730288505554199,9.816449165344238,1.521357536315918,-0.3585864901542663,1.3234363794326782
2267835735.0,-2.020305871963501,0.1464070826768875,9.52957248687744,1.525225281715393,-0.4330470860004425,1.7528845071792605
2267844068.0,-2.2705743312835693,0.3733426630496979,9.565924644470217,1.731343150138855,-0.4822520315647125,1.8225809335708616
2267852401.0,-2.269188642501831,0.7965219020843506,9.472393989562988,1.855905055999756,-0.0567995682358741,1.7289609909057615
2267860734.0,-2.0469624996185303,0.7266620397567749,9.834659576416016,2.13702130317688,0.6189168095588684,1.7862343788146973
2267869067.0,-1.9313690662384035,0.2526766359806061,10.039584159851074,1.833210825920105,0.1997141987085342,1.5279659032821655
2267877400.0,-2.372286558151245,0.5696067810058594,9.727140426635742,1.6021449565887451,0.6096444725990295,1.6801658868789673
2267885733.0,-2.471799612045288,0.6841127872467041,9.34678840637207,2.1552844047546387,1.4002279043197632,1.7360560894012451
2267894066.0,-2.4168124198913574,0.3801756501197815,9.381969451904297,2.858728170394897,1.5656702518463137,1.540926814079285
2267902399.0,-2.130216121673584,0.1670856177806854,10.256001472473145,2.444571256637573,1.161887288093567,1.6699713468551636
2267910732.0,-2.181928396224976,0.4828546941280365,10.087881088256836,1.937076449394226,-0.2174520641565323,1.6380302906036377
2267919065.0,-2.350792169570923,0.717021644115448,9.749567031860352,2.4904465675354004,-0.5634747743606567,1.51526141166687
2267927398.0,-2.3600053787231445,0.9202062487602234,9.510628700256348,2.986440420150757,0.1582703590393066,1.4841912984848022
2267935731.0,-2.3363821506500244,0.307484358549118,9.711194038391112,2.5108354091644287,0.750292181968689,1.2809423208236694
2267944064.0,-2.2573282718658447,0.3295674324035644,9.437420845031738,1.593256592750549,1.7803431749343872,1.428429126739502
2267952397.0,-2.376521587371826,0.7433652877807617,9.817422866821287,2.05216121673584,2.3149635791778564,1.583292841911316
2267960730.0,-2.361117362976074,1.0074647665023804,10.655893325805664,2.60225248336792,1.5289394855499268,1.5220234394073486
2267969063.0,-2.2839927673339844,0.8335752487182617,10.275004386901855,2.545004844665528,0.2251491248607635,1.39607834815979
2267977396.0,-2.162695407867432,0.4574974179267883,9.950971603393556,1.959642767906189,-0.0933766886591911,1.4698728322982788
2267985729.0,-2.159282922744751,0.417794793844223,9.595005989074709,1.4157755374908447,-0.3679356575012207,1.6628504991531372
2267994062.0,-2.173178434371948,0.573651909828186,9.372603416442873,1.849936962127685,0.1889562159776687,1.6963282823562622
2268002395.0,-1.8379170894622805,0.3104391694068908,10.159640312194824,2.572028160095215,0.5623348951339722,1.7157182693481443
2268010728.0,-2.1025099754333496,0.2217452228069305,9.798739433288574,2.465959072113037,0.458827793598175,1.4749702215194702
2268019061.0,-2.288779258728028,0.6275113224983215,9.26221752166748,2.730349063873291,1.267776370048523,1.4057602882385254
2268027394.0,-2.228101253509521,0.3018562495708465,9.773655891418455,2.5864744186401367,1.6993509531021118,1.5892609357833862
2268035727.0,-2.1033177375793457,0.4995567202568054,9.727561950683594,2.472132444381714,0.8263664245605469,1.3649824857711792
2268044060.0,-1.876230239868164,0.753781259059906,10.3176851272583,2.804605007171631,-0.2982905805110931,1.6354176998138428
2268052393.0,-1.666515588760376,0.5860786437988281,10.264555931091309,2.5709009170532227,-2.0258171558380127,1.4752519130706787
2268060726.0,-1.6038997173309326,0.4337826073169708,9.187491416931152,2.5172390937805176,-2.173278331756592,1.4156732559204102
2268069059.0,-1.3389348983764648,0.284335196018219,9.397393226623535,2.8714840412139893,-1.027783989906311,1.679243803024292
2268077392.0,-1.3976664543151855,0.2882279753684997,9.646880149841309,2.5412395000457764,-0.1663516759872436,1.6616981029510498
2268085725.0,-1.4735562801361084,0.5497668385505676,9.411091804504396,3.077934741973877,0.708925187587738,1.657189965248108
2268094058.0,-1.4063608646392822,0.2991147637367248,10.032061576843262,3.512889623641968,1.3313766717910769,1.7451746463775637
2268102391.0,-1.268650770187378,0.1935219466686248,10.146556854248049,3.2269327640533447,0.349096417427063,1.616360783576965
2268110724.0,-1.2377715110778809,0.4220540821552276,9.765856742858888,3.359511613845825,-0.5732594132423401,1.4495863914489746
2268119057.0,-1.4449113607406616,0.652679443359375,9.842329978942873,3.611555576324463,-0.6562238931655884,1.4307599067687988
2268127390.0,-1.2604615688323977,0.7095474004745483,9.576970100402832,3.744160652160645,-0.5444177389144897,1.3332977294921875
2268135723.0,-1.178368330001831,0.7247280478477478,9.79909610748291,3.826612710952759,-0.0262417830526828,1.5209219455718994
2268144056.0,-1.184939980506897,0.4660455286502838,9.905311584472656,3.2889959812164307,0.2875198125839233,1.466978669166565
2268152389.0,-1.3601319789886477,0.4029586613178253,9.19016170501709,3.4555397033691406,0.6137939095497131,1.4282240867614746
2268160722.0,-1.2838200330734253,0.6213386058807373,9.70283031463623,4.01403284072876,1.114706039428711,1.7257592678070068
2268169055.0,-1.2366079092025757,0.588950514793396,10.152304649353027,3.84282660484314,0.536259651184082,1.5675911903381348
2268177388.0,-1.1472772359848022,0.8033300638198853,9.706048965454102,3.7099146842956543,-0.481253057718277,1.383680820465088
2268185721.0,-1.1396757364273071,0.7754759788513184,9.974830627441406,3.692676067352295,-0.6207993030548096,1.5798858404159546
2268194054.0,-1.1488014459609983,0.5379898548126221,10.14186191558838,2.89697003364563,-0.3221374452114105,1.5155174732208252
2268202387.0,-1.0236420631408691,0.9068564772605896,9.540112495422363,2.991819381713867,0.1067601293325424,1.4686176776885986
2268210720.0,-0.9644959568977356,0.9848702549934388,9.80825901031494,3.690089225769043,0.6064682006835938,1.4713326692581177
2268219053.0,-1.3575016260147097,0.545666515827179,10.020818710327148,3.401339769363404,1.170263171195984,1.486266016960144
2268227386.0,-1.5281004905700684,0.6561323404312134,9.85997486114502,2.910442590713501,2.084921598434448,1.614208698272705
2268235719.0,-1.0779304504394531,0.7606078386306763,9.888989448547363,3.1077492237091064,2.013867855072021,1.641821026802063
2268244052.0,-1.040658950805664,0.8250960111618042,10.209177017211914,3.665396690368652,0.3817545473575592,1.5728163719177246
2268252385.0,-1.271093726158142,0.8313124179840088,10.31582736968994,3.1611549854278564,-0.3693444430828094,1.623660683631897
2268260718.0,-1.3814563751220703,0.7320667505264282,9.620861053466797,2.583836078643799,0.3829072117805481,1.6451767683029177
2268269051.0,-1.0704927444458008,0.9516193866729736,9.501182556152344,3.012899875640869,1.1373231410980225,1.654679536819458
2268277384.0,-1.0165610313415527,0.8533567786216736,10.344059944152832,3.1464011669158936,1.380786418914795,1.8186616897583008
2268285717.0,-1.0808801651000977,0.4876537919044494,10.024983406066896,2.5426735877990723,0.922727108001709,1.7176393270492554
2268294050.0,-0.96096670627594,0.3245428800582886,9.30202579498291,2.681118965148926,1.0107121467590332,1.7911268472671509
2268302383.0,-0.7791705131530762,0.3311837911605835,9.834694862365724,3.096607446670532,0.8420679569244385,2.0696046352386475
2268310716.0,-1.0504117012023926,0.5724486708641052,9.987181663513184,3.132159471511841,0.4632846415042877,2.012023448944092
2268319049.0,-1.3241608142852783,0.9649706482887268,9.488804817199709,3.599235773086548,1.0357372760772705,2.0246517658233643
2268327382.0,-1.4451656341552734,1.0689294338226318,9.623485565185549,4.113927364349365,2.058206081390381,2.057079076766968
2268335715.0,-1.3834972381591797,0.5144895911216736,10.199131965637209,3.294272422790528,2.2252111434936523,2.098318099975586
2268344048.0,-1.350425124168396,0.5492518544197083,9.836756706237791,2.557197332382202,1.6996837854385376,2.2672951221466064
2268352381.0,-1.4979217052459717,0.929462730884552,9.935420989990234,3.3969852924346924,1.1285631656646729,2.3004913330078125
2268360714.0,-1.3066279888153076,1.2247552871704102,10.235907554626465,3.9122159481048575,0.205118790268898,2.264554262161255
2268369047.0,-1.1064205169677734,1.1081660985946655,10.221092224121094,3.698234081268311,-0.7005364894866943,2.2296934127807617
2268377380.0,-0.9188899397850036,0.5728393793106079,10.061688423156738,2.595977067947388,-0.6546614766120911,2.335967302322388
2268385713.0,-0.8960011601448059,0.3876563012599945,9.360822677612305,2.216194629669189,0.2292474061250686,2.3953919410705566
2268394046.0,-0.9927635788917542,0.8046005368232727,9.18251609802246,3.5453176498413086,1.3071714639663696,2.3853256702423096
2268402379.0,-1.283963322639465,0.7378592491149902,9.754934310913086,4.350347518920898,2.2046942710876465,2.5705935955047607
2268410712.0,-1.4903393983840942,0.7428606748580933,9.901628494262695,3.839932441711426,2.858292579650879,2.531480550765991
2268419045.0,-1.4976149797439575,0.9763510823249816,9.9323091506958,3.2442986965179443,2.9074716567993164,2.6408276557922363
2268427378.0,-1.433982014656067,0.9795292615890504,10.276507377624512,3.2050580978393555,1.7769875526428225,2.7831404209136963
2268435711.0,-1.539953589439392,0.7194361686706543,9.96270751953125,3.0343129634857178,-0.0222971886396408,2.6104230880737305
2268444044.0,-1.408728003501892,0.9062782526016236,9.665042877197266,3.1498847007751465,-0.2955754399299621,2.5871145725250244
2268452377.0,-0.9784953594207764,1.0682741403579712,9.74933910369873,3.305824518203736,-0.5827366709709167,2.7287356853485107
2268460710.0,-0.9565814733505248,1.2267208099365234,9.834959030151367,3.1853606700897217,-0.3579460978507995,2.6113197803497314
2268469043.0,-1.2417738437652588,1.2965879440307615,9.886101722717283,2.6531991958618164,0.9054118990898132,2.735779285430908
2268477376.0,-1.380290985107422,1.105071187019348,9.688109397888184,2.082693576812744,2.5843992233276367,2.7452313899993896
2268485709.0,-1.4086737632751465,1.1085535287857056,9.80361270904541,2.216066598892212,3.1882805824279785,2.6953091621398926
2268494042.0,-1.4050803184509275,0.9699110984802246,10.354901313781738,2.392139196395874,2.701815366744995,2.603789567947388
2268502375.0,-1.344753980636597,0.6856560707092285,10.16583251953125,2.176826000213623,1.100797414779663,2.460324287414551
2268510708.0,-1.3444492816925049,0.8775181174278259,10.071309089660645,2.233151435852051,0.0346304476261138,2.5152666568756104
2268519041.0,-1.367564082145691,0.7723314166069031,10.127870559692385,1.9629215002059937,-0.1380479335784912,2.538114547729492
2268527374.0,-1.3974533081054688,0.846174955368042,9.306397438049316,2.034718036651612,0.6849502921104431,2.5600407123565674
2268535707.0,-1.6439586877822876,0.913988709449768,9.21718692779541,2.725175619125366,2.2574594020843506,2.5325305461883545
2268544040.0,-1.6522246599197388,0.5013691782951355,10.033730506896973,2.452152967453003,3.492705106735229,2.7351388931274414
2268552373.0,-1.5917000770568848,0.4660900235176086,9.890941619873049,1.8474780321121216,3.0032176971435547,2.604276180267334
2268560706.0,-1.434708833694458,1.0038206577301023,9.899931907653809,2.7048890590667725,1.8492965698242188,2.680811643600464
2268569039.0,-1.3325384855270386,0.9182063341140748,10.539379119873049,3.063180446624756,0.1665181219577789,2.651867151260376
2268577372.0,-1.3853306770324707,0.3598973751068115,10.207595825195312,2.337862253189087,-0.9389281868934632,2.4118363857269287
2268585705.0,-1.3903988599777222,0.3576367199420929,9.18010425567627,2.0537238121032715,-0.0568251870572567,2.6655967235565186
2268594038.0,-1.4399834871292114,0.6615411043167114,9.0505952835083,3.0373876094818115,1.81689453125,2.976630449295044
2268602371.0,-1.560746669769287,0.9939379096031188,9.5325345993042,3.7664198875427246,2.7603437900543213,2.8192055225372314
2268610704.0,-1.6674920320510864,0.9612743854522704,10.12383270263672,3.6391172409057617,3.2819266319274902,2.839543104171753
2268619037.0,-1.4485701322555542,0.475197821855545,10.3808012008667,2.499744415283203,2.739903450012207,2.92834734916687
2268627370.0,-1.4901922941207886,0.6518606543540955,9.843860626220703,2.064199924468994,1.136196255683899,3.167994260787964
2268635703.0,-1.5931986570358276,0.8289051651954651,9.9278564453125,3.063616275787353,0.0121155334636569,3.2518296241760254
2268644036.0,-1.5618267059326172,0.5629540085792542,9.946402549743652,3.3528010845184326,-0.2674510180950165,3.1736295223236084
2268652369.0,-1.1080448627471924,0.6895034313201904,9.6793212890625,3.203674793243408,-0.0556213147938251,3.355721473693848
2268660702.0,-1.2304975986480713,0.8396973609924316,9.824050903320312,2.940207004547119,0.6343621611595154,3.421037435531616
2268669035.0,-1.3886207342147827,0.610551655292511,9.72582721710205,2.566059827804565,1.2560967206954956,3.371012687683105
2268677368.0,-1.607988357543945,0.6188142895698547,9.223864555358888,2.963541269302368,2.3891677856445312,3.434587001800537
2268685701.0,-1.613986849784851,0.5708217024803162,9.891905784606934,3.39683198928833,2.9423327445983887,3.643292188644409
2268694034.0,-1.3470726013183594,0.583260178565979,10.301764488220217,3.084542989730835,1.8709661960601809,3.625976800918579
2268702367.0,-1.2526763677597046,0.648630678653717,10.063793182373049,3.156723976135254,0.0610643401741981,3.6308436393737793
2268710700.0,-1.1864041090011597,0.8758934736251831,10.09473991394043,3.1384353637695312,-0.5878595113754272,3.733941078186035
2268719033.0,-1.0964759588241575,0.9644217491149902,9.897377014160156,3.0044474601745605,-0.8760195970535278,3.724438190460205
2268727366.0,-1.0264791250228882,0.9084555506706238,9.536535263061523,2.985569953918457,-0.0667378902435302,3.6785888671875
2268735699.0,-0.7879021763801575,0.5298950672149658,9.62894344329834,2.689648389816284,0.8444501757621765,3.854891300201416
2268744032.0,-0.7202160954475403,0.4070113003253937,9.387777328491213,2.607529163360596,1.4196946620941162,3.864880561828613
2268752365.0,-0.8269498944282532,0.8196120262145996,9.462334632873535,3.2413017749786377,1.4358060359954834,4.0025315284729
2268760698.0,-0.9231134653091432,0.8266895413398743,9.958623886108398,3.4900927543640137,1.2595287561416626,4.078784942626953
2268769031.0,-1.0725829601287842,0.5388755202293396,9.548172950744627,2.978243827819824,0.7726277709007263,4.0376739501953125
2268777364.0,-1.0810199975967407,0.6629757285118103,9.475837707519531,3.102652311325073,0.826981246471405,4.3520121574401855
2268785697.0,-1.017087459564209,0.9455047845840454,9.971026420593262,3.29053258895874,0.2838313281536102,4.400423049926758
2268794030.0,-0.6070513725280762,0.90562641620636,9.94530200958252,3.611863374710083,-0.8520959615707397,4.270251274108887
2268802363.0,-0.4572139680385589,0.956576645374298,9.854104042053224,3.7073020935058594,-1.5798476934432983,4.359952926635742
2268810696.0,-0.6628483533859253,1.1139971017837524,9.824896812438965,3.3072588443756104,-1.3459895849227903,4.403266429901123
2268819029.0,-0.791283905506134,1.053764820098877,9.337169647216797,2.847559928894043,0.0340669304132461,4.427266597747803
2268827362.0,-0.815922200679779,1.0717231035232544,9.398164749145508,3.123963117599488,1.6594438552856443,4.463613033294678
2268835695.0,-0.5710894465446472,0.7866541743278503,10.12948226928711,3.2338998317718506,1.866125106811524,4.596654415130615
2268844028.0,-0.5842260718345642,0.667580246925354,10.275019645690918,3.0886669158935547,0.7217835187911987,4.719063758850098
2268852361.0,-0.6175737977027893,1.1468795537948608,9.93224048614502,3.448572874069214,-0.3940622210502624,4.580465793609619
2268860694.0,-0.6842640042304993,1.24083149433136,9.831247329711914,3.8282783031463614,-0.9716121554374696,4.659485816955566
2268869027.0,-0.6253307461738586,0.9460973739624025,9.732375144958496,3.490118741989136,-0.8488941192626953,4.375910758972168
2268877360.0,-0.5453552603721619,0.9284205436706544,9.441024780273438,3.002065420150757,0.2538114190101623,4.767757415771484
2268885693.0,-0.4502764046192169,1.0559269189834597,9.561888694763184,3.094609498977661,0.9398375749588012,4.827771186828613
2268894026.0,-0.5927359461784363,1.3869024515151978,9.861793518066406,3.551311016082764,1.0337648391723633,4.756768226623535
2268902359.0,-0.626084566116333,1.4084292650222778,10.296475410461426,3.3296968936920166,0.8586916327476501,4.705591201782227
2268910692.0,-0.5369867086410522,1.186564326286316,10.080355644226074,2.707911252975464,0.5038064122200012,4.804410934448242
2268919025.0,-0.5091597437858582,1.077613115310669,9.694884300231934,2.4949543476104736,-0.0468612425029277,4.920904159545898
2268927358.0,-0.5932506322860718,1.153066635131836,9.703280448913574,2.6115505695343018,0.2512756586074829,5.082786560058594
2268935691.0,-0.5463322401046753,1.1288667917251587,9.934730529785156,2.6973838806152344,0.3696902692317962,5.083913326263428
2268944024.0,-0.3508719503879547,1.268048882484436,9.952820777893066,2.571387529373169,0.390770822763443,5.210217475891113
2268952357.0,-0.5684764385223389,1.3432916402816772,9.980735778808594,2.425309419631958,0.720784604549408,5.473403930664063
2268960690.0,-0.734251081943512,1.194717526435852,9.88389015197754,2.127134084701538,1.179023265838623,5.414464950561523
2268969023.0,-0.5315301418304443,1.0157991647720337,9.72449779510498,2.078697681427002,1.4956663846969604,5.39743185043335
2268977356.0,-0.394774466753006,0.9226752519607544,9.94660758972168,2.200134754180908,1.0730571746826172,5.634286880493164
2268985689.0,-0.4634172916412353,1.0072579383850098,9.992731094360352,2.3776156902313232,0.3808580636978149,5.704136848449707
2268994022.0,-0.6024467945098877,1.108733057975769,9.66823959350586,2.4489002227783203,0.2934367060661316,5.805825233459473
2269002355.0,-0.6978036761283875,1.2180384397506714,9.835832595825195,2.2757222652435303,1.2297650575637815,6.013171672821045
2269010688.0,-0.640096127986908,1.1900800466537476,10.007861137390137,2.041351795196533,1.584291696548462,6.139808654785156
2269019021.0,-0.6184844970703125,1.1170740127563477,9.982949256896973,2.0257275104522705,1.5712027549743652,6.264780521392822
2269027354.0,-0.6931589245796204,0.9562442302703856,10.18386173248291,2.094552993774414,1.3754332065582275,6.362704277038574
2269035687.0,-0.631610095500946,0.8039756417274475,10.10040283203125,1.8955559730529783,0.980128824710846,6.5399041175842285
2269044020.0,-0.6397712826728821,1.0380120277404783,9.684852600097656,2.242013931274414,0.6266266703605652,6.451252460479736
2269052353.0,-0.5911388397216797,1.387236714363098,9.969237327575684,2.551664352416992,0.6286245584487915,6.556398391723633
2269060686.0,-0.4896387755870819,1.1427818536758425,10.23017692565918,2.023934364318848,0.8008289933204651,6.622765064239502
2269069019.0,-0.5814158916473389,0.97853422164917,9.713729858398438,1.3416736125946045,1.0040011405944824,6.653860569000244
2269077352.0,-0.8553926348686218,0.9665934443473816,9.433387756347656,1.729882836341858,1.971681237220764,6.869455814361572
2269085685.0,-0.8650107383728027,0.9058182835578918,9.754467010498049,2.244601249694824,2.5043299198150635,6.957698822021484
2269094018.0,-0.828253984451294,0.7990250587463379,10.045856475830078,2.422005414962769,1.9374865293502808,6.784212112426758
2269102351.0,-0.8158792853355408,0.8443005681037903,10.175209045410156,2.1232664585113525,1.0564848184585571,6.766692161560059
2269110684.0,-0.570440948009491,0.821835458278656,9.94166660308838,1.8105164766311648,-0.0623578540980815,6.881110668182373
2269119017.0,-0.5339645147323608,0.8398125767707825,9.52816104888916,2.070552349090576,-0.5674705505371094,6.770763874053955
2269127350.0,-0.6359840035438538,1.099274754524231,9.75196647644043,2.454177141189575,0.1479222029447555,6.897811412811279
2269135683.0,-0.5909395813941956,1.1335866451263428,9.829949378967283,2.37310791015625,1.0978773832321167,6.801937580108643
2269144016.0,-0.5965609550476074,1.36675226688385,9.697460174560549,2.345982074737549,1.9733208417892456,6.8137969970703125
2269152349.0,-0.6615104079246521,1.5192230939865112,10.070926666259766,2.2841498851776123,2.2996718883514404,6.943328857421875
2269160682.0,-0.6897273659706116,1.2485337257385254,10.0718994140625,1.4917476177215576,1.7323932647705078,6.9081854820251465
2269169015.0,-0.7698934674263,1.1256452798843384,9.773797988891602,1.308503270149231,0.8925281763076782,6.852576732635498
2269177348.0,-0.9242088198661804,0.8967118859291077,9.883617401123049,0.9592018723487854,0.4393097162246704,6.885285377502441
2269185681.0,-0.7282862663269043,0.6083447337150574,9.841466903686523,0.9812557101249696,0.1974345296621322,6.7822136878967285
2269194014.0,-0.5523262619972229,0.7946419715881348,9.65804672241211,1.6320621967315674,0.0760998874902725,6.785006046295166
2269202347.0,-0.7065162658691406,1.0410387516021729,9.975529670715332,2.008540391921997,0.4929460287094116,6.997783660888672
2269210680.0,-0.6398751735687256,1.0096023082733154,9.852882385253906,1.7661782503128052,0.675754725933075,6.749427318572998
2269219013.0,-0.6191899180412292,0.8320873975753784,9.5570707321167,1.4386234283447266,1.1700069904327393,6.795277118682861
2269227346.0,-0.7917292714118958,0.6731382608413696,9.742618560791016,1.239498496055603,1.5910537242889404,6.957133293151856
2269235679.0,-0.9318010210990906,0.777431070804596,9.746431350708008,1.246132731437683,1.6447157859802246,6.931161403656006
2269244012.0,-0.9020926356315612,1.0390688180923462,9.916828155517578,2.003033399581909,1.3433642387390137,7.101675033569336
2269252345.0,-0.7987801432609558,1.0569087266921997,10.34584617614746,2.094040632247925,0.3995308876037597,7.04499101638794
2269260678.0,-0.4838089644908905,0.6445809602737427,10.20840835571289,1.3438509702682495,-0.9666940569877625,6.908339023590088
2269269011.0,-0.5114327669143677,0.3566254377365112,9.470834732055664,0.9672191739082336,-1.2288813591003418,7.06517505645752
2269277344.0,-0.5837671160697937,0.5718046426773071,9.214130401611328,1.6674100160598757,-0.2295419871807098,7.16217565536499
2269285677.0,-0.5116749405860901,0.816945493221283,9.50076961517334,2.768233299255371,0.672296941280365,7.193170070648193
2269294010.0,-0.6666596531867981,0.9352911710739136,9.965177536010742,2.892821311950684,1.6080362796783447,7.308280467987059
2269302343.0,-0.7321059107780457,1.013177752494812,10.14842414855957,2.0566697120666504,1.9547762870788568,7.509250164031982
2269310676.0,-0.5878701210021973,0.9929982423782348,9.870939254760742,1.6329076290130615,1.4142645597457886,7.558812618255615
2269319009.0,-0.4407748281955719,0.8819968104362488,10.094970703125,1.9480910301208496,0.0801725685596466,7.535197257995605
2269327342.0,-0.3533611595630646,0.6427850127220154,10.203096389770508,1.710186004638672,-1.137797236442566,7.633452892303467
2269335675.0,-0.427771657705307,0.604500949382782,9.714685440063477,1.852857232093811,-1.4813355207443235,7.629329204559326
2269344008.0,-0.4164001643657684,0.8283372521400452,9.46510410308838,2.3005168437957764,-0.4099942445755005,7.911366462707519
2269352341.0,-0.184659942984581,0.7621898055076599,9.760210037231444,2.511347770690918,0.8937830924987793,8.096198081970215
2269360674.0,-0.2135313749313354,0.7861675024032593,9.72858715057373,2.314758539199829,1.0017727613449097,8.254009246826172
2269369007.0,-0.4060880839824676,0.973131537437439,9.754244804382324,2.1887362003326416,1.409372091293335,8.353697776794434
2269377340.0,-0.5196723341941833,0.852493166923523,9.91351318359375,1.9995242357254028,1.320926308631897,8.329621315002441
2269385673.0,-0.6035082340240479,0.912707507610321,9.821182250976562,1.9560052156448364,1.1397053003311155,8.260283470153809
2269394006.0,-0.45733642578125,0.9079100489616394,9.955648422241213,2.114224433898926,0.5944295525550842,8.62779712677002
2269402339.0,-0.2744135558605194,0.6784042119979858,9.987139701843262,2.172215223312378,-0.0587206371128559,8.684917449951172
2269410672.0,-0.1902883946895599,0.652924656867981,9.912877082824709,2.0375869274139404,-0.6997681260108948,8.753844261169434
2269419005.0,-0.2539174258708954,0.9372536540031432,9.83306884765625,2.3003122806549072,-0.2614317238330841,8.871566772460938
2269427338.0,-0.1031381860375404,1.062732458114624,9.580373764038086,2.666929006576538,0.0972316563129425,8.894774436950684
2269435671.0,-0.1359497308731079,1.073728322982788,9.510442733764648,2.9445104598999023,0.8625850081443787,8.868648529052734
2269444004.0,-0.2001671493053436,0.959688663482666,9.856725692749023,2.477716445922852,1.417901873588562,9.035140991210938
2269452337.0,-0.2662254869937897,0.905864417552948,9.816277503967283,1.931364893913269,1.6872355937957764,9.059090614318848
2269460670.0,-0.4824533462524414,1.1239601373672483,9.589937210083008,2.338452100753784,1.5592412948608398,9.085576057434082
2269469003.0,-0.392923504114151,0.9986963272094728,10.253569602966309,2.7020719051361084,1.2285102605819702,9.147075653076172
2269477336.0,-0.3921102583408355,1.042483687400818,10.158193588256836,2.44948959350586,0.1708213537931442,9.040929794311523
2269485669.0,-0.1831257045269012,1.2890936136245728,9.896369934082031,2.722076416015625,-0.2979063987731933,9.1410551071167
2269494002.0,-0.1194276884198188,1.025806546211243,10.171171188354492,2.503279209136963,-0.4324323534965515,9.237212181091309
2269502335.0,-0.2690071761608124,1.132516860961914,9.709139823913574,2.244088888168335,-0.2986491918563843,9.056758880615234
2269510668.0,0.0978535711765289,1.03024423122406,9.615676879882812,2.2817931175231934,0.677061140537262,9.286672592163086
2269519001.0,0.1137742102146148,0.8730329871177673,9.682215690612791,2.510528326034546,0.5396919846534729,9.21623420715332
2269527334.0,0.102137915790081,1.0487635135650637,9.551862716674805,2.8411567211151123,0.3488659560680389,9.140851020812988
2269535667.0,-0.057019792497158,0.7792295813560486,9.902143478393556,2.834368944168091,0.6689413785934448,9.470633506774902
2269544000.0,-0.3107627034187317,1.0810818672180176,9.68710994720459,2.5592973232269287,0.7292885184288025,9.300247192382812
2269552333.0,0.1839309781789779,1.0958906412124634,9.672327041625977,3.0829551219940186,0.5593892931938171,9.48031520843506
2269560666.0,0.3588467240333557,0.6688185930252075,10.097004890441896,3.1214277744293213,-0.9108294248580932,9.352142333984377
2269568999.0,0.1406100839376449,1.0495949983596802,9.893385887145996,2.765517473220825,-1.5909130573272705,9.52439785003662
2269577332.0,0.340497612953186,1.141111969947815,9.722128868103027,2.828144788742065,-1.1527559757232666,9.802440643310549
2269585665.0,0.2744191586971283,1.2991943359375,9.540125846862791,3.2281370162963867,-0.8187206983566284,9.665046691894531
2269593998.0,0.7505283355712891,1.1911382675170898,9.809553146362305,3.26594352722168,-0.5382960438728333,9.907537460327148
2269602331.0,0.4594747722148895,0.8782215714454651,9.813725471496582,2.7423884868621826,-0.5886279940605164,10.064167022705078
2269610664.0,0.0905110165476799,1.329261302947998,9.871133804321287,2.503894329071045,0.0358343161642551,10.048439979553224
2269618997.0,0.3026579320430755,1.2131601572036743,10.00306510925293,2.550307273864746,0.6180715560913086,10.387853622436523
2269627330.0,0.2856779992580414,1.090844988822937,10.192991256713867,2.832115173339844,-0.1754447221755981,10.382295608520508
2269635663.0,0.4753688275814056,0.9088361859321594,10.438702583312988,2.425104856491089,-1.004603147506714,10.606549263000488
2269643996.0,0.3973229527473449,1.0568863153457642,9.984845161437988,2.1596128940582275,-1.6146315336227417,10.60452365875244
2269652329.0,0.6735851764678955,1.4310473203659058,9.937922477722168,2.5094268321990967,-1.9171359539031985,10.449456214904783
2269660662.0,0.6353005170822144,1.274120211601257,9.879819869995115,2.5418801307678223,-1.5995707511901855,10.587799072265623
2269668995.0,0.5379769802093506,1.2337543964385986,9.85886001586914,2.1345114707946777,-0.521493136882782,10.664103507995604
2269677328.0,0.7460833191871643,0.9501746892929076,9.784893035888672,1.628604292869568,0.447352647781372,10.951495170593262
2269685661.0,0.3452844321727752,0.997687816619873,9.68978214263916,2.0421464443206787,0.8580770492553711,10.96225357055664
2269693994.0,0.559861421585083,0.9768763780593872,10.098868370056152,2.677558898925781,0.5793172121047974,11.057333946228027
2269702327.0,0.5646556615829468,0.7822681069374084,10.061278343200684,2.864260673522949,-0.4182164072990417,10.927160263061523
2269710660.0,0.8005106449127197,1.2873153686523438,10.236340522766112,2.782833337783813,-1.3135110139846802,10.961870193481444
2269718993.0,0.7394540309906006,1.3413771390914917,10.387120246887209,2.2911934852600098,-1.7828150987625122,11.14147663116455
2269727326.0,0.6367492079734802,1.5362440347671509,9.853626251220703,2.1132516860961914,-1.3932737112045288,10.933693885803224
2269735659.0,0.9370285272598268,1.076816201210022,9.836381912231444,2.27690052986145,-0.3170658051967621,11.143011093139648
2269743992.0,0.3732130229473114,0.94846373796463,9.768498420715332,2.265425682067871,0.6775990724563599,11.0861234664917
2269752325.0,0.5387783050537109,1.2677356004714966,9.83407497406006,2.269191026687622,1.7789855003356934,11.234609603881836
2269760658.0,0.7532174587249756,1.209790587425232,10.024605751037598,2.716747999191284,1.4184907674789429,11.289345741271973
2269768991.0,0.6205790638923645,1.3836857080459597,10.53141975402832,2.568185806274414,0.1736132800579071,11.242831230163574
2269777324.0,0.5270389318466187,1.129364252090454,10.44249153137207,1.5472023487091064,-0.6306865215301514,11.295647621154783
2269785657.0,0.4334906041622162,0.9935989379882812,9.862750053405762,1.3621139526367188,-0.6720023155212402,11.299515724182127
2269793990.0,1.0370289087295532,1.0703314542770386,9.862037658691406,2.0095903873443604,-0.3685760498046875,11.51951503753662
2269802323.0,0.7996862530708313,1.3767293691635132,9.898407936096191,2.73875093460083,-0.6280739307403564,11.478534698486328
2269810656.0,0.795550525188446,1.4287807941436768,10.195342063903809,2.4577882289886475,-0.0935047715902328,11.30784034729004
2269818989.0,0.4830658435821533,1.2653628587722778,9.689599990844728,1.6955856084823608,0.8089489340782166,11.403894424438477
2269827322.0,0.7064598798751831,1.3058305978775024,9.899404525756836,1.5916175842285156,1.777115821838379,11.500972747802734
2269835655.0,0.4283016324043274,1.0902482271194458,10.316753387451172,1.701169490814209,1.6211762428283691,11.56101131439209
2269843988.0,0.3670461475849151,1.309454083442688,10.30613899230957,1.9983714818954468,1.152512550354004,11.501509666442873
2269852321.0,0.6957439184188843,1.3089141845703125,10.322293281555176,2.3595070838928223,0.2498413026332855,11.667773246765137
2269860654.0,0.5856995582580566,1.1390924453735352,10.349656105041504,2.0606908798217773,-0.6749223470687866,11.609525680541992
2269868987.0,0.8866934776306152,1.1331216096878052,9.829916954040527,1.4054019451141355,-1.1322389841079712,11.615877151489258
2269877320.0,0.653793454170227,0.9624159336090088,9.299323081970217,1.840280532836914,-0.3283617198467254,11.679861068725586
2269885653.0,0.835921585559845,1.1573646068572998,9.539427757263184,2.3780767917633057,0.843271791934967,11.916049003601074
2269893986.0,0.3758300542831421,1.1643471717834473,9.751598358154297,2.5868844985961914,1.9835410118103027,12.077574729919434
2269902319.0,0.6267562508583069,1.4777405261993408,9.935029983520508,2.322904109954834,2.3972878456115723,12.096349716186523
2269910652.0,0.7653255462646484,1.5294588804244995,9.895672798156738,2.308739423751831,1.3996645212173462,12.286612510681152
2269918985.0,0.5587825775146484,1.3910539150238037,10.268159866333008,2.0106663703918457,-0.1617923229932785,12.141685485839844
2269927318.0,0.8016322255134583,1.0104974508285522,10.055865287780762,1.266162991523743,-1.0254530906677246,12.287840843200684
2269935651.0,0.6210294365882874,1.1045531034469604,9.522547721862791,1.5787334442138672,-1.0064985752105713,12.313380241394045
2269943984.0,0.7947731614112854,1.533948540687561,9.681540489196776,2.261993408203125,-0.3326137065887451,12.47334098815918
2269952317.0,0.5807320475578308,1.6453516483306885,9.587204933166504,2.670463800430298,0.5617459416389465,12.301058769226074
2269960650.0,0.8690816760063171,1.4244840145111084,9.9999418258667,1.9570560455322263,1.178741693496704,12.463709831237791
2269968983.0,0.4827642142772674,1.057870626449585,9.958402633666992,0.6840538382530212,1.5253791809082031,12.656661033630373
2269977316.0,0.4999920427799225,1.2720504999160769,9.666522026062012,0.4988373219966888,1.6096243858337402,12.558405876159668
2269985649.0,0.683025062084198,1.6070144176483154,9.950902938842772,1.8255267143249512,1.1011561155319214,12.7689790725708
2269993982.0,0.5953080058097839,1.5547690391540527,10.6764497756958,2.2435507774353027,-0.0103609589859843,12.78736972808838
2270002315.0,0.489565908908844,1.202990174293518,10.309207916259766,0.9158371090888976,-0.5088397264480591,12.974509239196776
2270010648.0,0.6263360977172852,1.3003791570663452,9.332676887512209,0.4059856235980987,-0.3066664636135101,12.951275825500488
2270018981.0,1.1266088485717771,1.1208627223968506,9.659147262573242,0.8309515118598938,-0.231872871518135,13.127142906188965
2270027314.0,0.7744929194450378,1.0186660289764404,9.991958618164062,0.9346378445625304,-0.378591239452362,13.19922161102295
2270035647.0,0.7587898373603821,1.03015398979187,9.659612655639648,1.073543906211853,0.415232390165329,13.131548881530762
2270043980.0,0.5442127585411072,1.0257091522216797,9.327730178833008,1.7848769426345823,1.3573496341705322,13.252217292785645
2270052313.0,0.7968100905418396,0.8964406251907349,9.869162559509276,1.8766015768051147,1.74117910861969,13.35710906982422
2270060646.0,0.6643738150596619,0.8087292909622192,10.06434726715088,1.8105424642562864,1.117011308670044,13.48182487487793
2270068979.0,0.6642128229141235,1.264850616455078,10.240959167480469,2.072294473648072,0.49709552526474,13.55095672607422
2270077312.0,0.699329674243927,1.3402704000473022,10.18744659423828,2.3536157608032227,-0.114201083779335,13.520400047302246
2270085645.0,0.8276242613792419,1.1012020111083984,9.94658374786377,2.2254929542541504,-0.6081204414367676,13.402342796325684
2270093978.0,0.8606815338134766,1.0140058994293213,9.19408893585205,2.0473971366882324,-0.350261926651001,13.587995529174805
2270102311.0,0.8354524970054626,1.336623191833496,9.386963844299316,2.38704252243042,0.6345416307449341,13.711713790893556
2270110644.0,0.7150731682777405,1.27915620803833,10.04914093017578,2.241246223449707,1.2213894128799438,13.76268482208252
2270118977.0,0.4164401888847351,1.0071170330047607,9.995406150817873,1.9632806777954104,1.7454315423965454,13.68996810913086
2270127310.0,0.7010934352874756,0.6488083600997925,9.84520149230957,2.13422966003418,1.9751139879226685,13.935733795166016
2270135643.0,0.7335034012794495,1.0933094024658203,9.966190338134766,2.989872932434082,0.892451286315918,13.97707462310791
2270143976.0,0.5872747898101807,1.5612231492996216,10.173502922058104,3.555819511413574,-0.1403532177209854,13.826590538024902
2270152309.0,0.3705179691314697,1.469630002975464,9.89803409576416,3.057955980300904,-0.4288464188575744,13.78522491455078
2270160642.0,0.9145268201828004,0.9714493155479432,9.80257511138916,2.191016674041748,-0.3087412714958191,13.846854209899902
2270168975.0,1.0092583894729614,0.8694460391998291,9.564123153686523,1.9396382570266724,-0.3101756572723388,13.997694969177246
2270177308.0,1.0425984859466553,1.176974892616272,9.680809020996094,2.675970554351806,-0.0768299102783203,13.980353355407717
2270185641.0,0.6873592138290405,1.7394834756851196,9.522603034973145,3.465093851089477,0.3765036761760711,14.037446975708008
2270193974.0,0.4469009339809418,1.9809436798095703,10.046454429626465,3.615372896194458,1.595382809638977,13.941137313842772
2270202307.0,0.7356308102607727,1.1146905422210691,10.438525199890137,1.9238598346710205,2.011691093444824,14.009885787963867
2270210640.0,0.6941154599189758,1.1352330446243286,9.315587997436523,1.1305102109909058,1.218725562095642,13.939348220825195
2270218973.0,0.9391456246376038,1.0894196033477783,9.729717254638672,2.154490232467652,0.261239618062973,14.332114219665527
2270227306.0,0.3964942693710327,1.2254937887191772,10.357428550720217,2.8679747581481934,-0.3758504986763,14.311365127563477
2270235639.0,0.713946521282196,0.9393851161003112,10.593151092529297,2.6454126834869385,-0.2995713353157043,14.24651050567627
2270243972.0,0.7183663249015808,1.0614467859268188,9.829277992248535,2.3741323947906494,0.0953361913561821,14.568404197692873
2270252305.0,0.8311774134635925,1.045207142829895,9.559118270874023,2.5294313430786133,0.4686636924743652,14.424837112426758
2270260638.0,0.797418475151062,0.9316805005073548,9.173095703125,3.0991697311401367,0.9580239057540894,14.51876735687256
2270268971.0,0.9449753165245056,0.7362462878227234,10.014007568359377,3.1280620098114014,1.2721055746078491,14.7742919921875
2270277304.0,0.6511445045471191,1.0867365598678589,10.378050804138184,2.816080331802368,1.0552810430526731,14.86373805999756
2270285637.0,0.4989742040634155,1.37426495552063,10.08637809753418,3.160207986831665,1.396513819694519,14.952926635742188
2270293970.0,0.7113333344459534,1.2639946937561035,9.791744232177734,3.8252816200256334,1.43844473361969,15.021600723266602
2270302303.0,0.6325700879096985,1.417863368988037,10.184462547302246,3.730611324310303,0.8722929358482361,14.96627140045166
2270310636.0,0.8336113691329956,1.4372200965881348,9.93813705444336,2.8082683086395264,0.2248418033123016,14.916375160217283
2270318969.0,0.7275356650352478,1.5201834440231323,9.671601295471191,2.688624143600464,0.0776367560029029,14.937097549438477
2270327302.0,0.7618270516395569,1.514496684074402,9.706748962402344,2.95127272605896,0.4425628185272217,15.22884464263916
2270335635.0,0.703798234462738,1.5801366567611694,9.712679862976074,3.0229923725128174,1.147313117980957,15.240472793579102
2270343968.0,0.7342888712882996,1.7885762453079224,9.675491333007812,2.907062292098999,1.4314005374908447,15.202051162719728
2270352301.0,0.668370246887207,1.7253241539001465,9.75937271118164,2.629301786422729,1.528043270111084,15.309247970581056
2270360634.0,0.4136314392089844,1.438623547554016,10.109268188476562,2.184971332550049,1.1605299711227417,15.09185791015625
2270368967.0,0.3885756433010101,1.5276380777359009,10.177509307861328,2.0687594413757324,1.490210771560669,15.233659744262695
2270377300.0,0.796987771987915,1.4469252824783323,9.833274841308594,2.540830135345459,0.7307230234146118,15.344311714172363
2270385633.0,0.6615960597991943,1.9614065885543823,9.748847007751465,3.5073578357696533,-0.1134326606988906,15.352405548095703
2270393966.0,0.5995946526527405,1.726304531097412,9.96925449371338,2.808985471725464,-0.3506973385810852,15.20684051513672
2270402299.0,0.3419739007949829,1.748151779174805,9.724945068359377,1.7468911409378052,0.4726083278656006,15.08473777770996
2270410632.0,1.0475270748138428,1.7197364568710327,9.90928840637207,1.3780460357666016,1.4573990106582642,15.318442344665527
2270418965.0,0.6535025238990784,1.842729568481445,9.898756980895996,2.353461980819702,1.2579665184020996,15.340649604797363
2270427298.0,0.5678014159202576,1.8127756118774407,10.231741905212402,2.7767884731292725,1.3447988033294678,15.311038970947266
2270435631.0,0.5272294878959656,1.921266436576844,10.059659004211426,2.2427573204040527,1.8897161483764648,15.601404190063477
2270443964.0,0.7024100422859192,1.970312237739563,10.466787338256836,1.5112143754959106,1.1156026124954224,15.382657051086426
2270452297.0,0.7507845163345337,1.781134843826294,10.128230094909668,0.9602010250091552,0.383931815624237,15.378046035766602
2270460630.0,0.744021475315094,1.0208261013031006,9.409260749816896,1.4612154960632324,0.1005871221423149,15.455222129821776
2270468963.0,0.4797123670578003,1.0004335641860962,9.086264610290527,2.0317728519439697,1.1724917888641355,15.792638778686523
2270477296.0,0.7195076942443848,1.5213013887405396,9.667243003845217,2.3942911624908447,2.1137640476226807,16.110641479492188
2270485629.0,0.6692661643028259,2.1671700477600098,10.02740478515625,2.56073260307312,1.721866250038147,16.0290584564209
2270493962.0,0.6459386944770813,1.9066665172576904,10.72605800628662,2.064610242843628,1.1449053287506104,15.805957794189451
2270502295.0,0.5755764842033386,1.2649754285812378,10.358555793762209,0.8919902443885803,1.2707992792129517,16.00941276550293
2270510628.0,0.8741810917854309,1.6016687154769895,9.34082317352295,1.106202244758606,1.2834528684616089,16.410404205322266
2270518961.0,0.7198527455329895,1.8083521127700808,9.559450149536133,2.5317368507385254,1.33921480178833,16.60076904296875
2270527294.0,0.8222067356109619,1.889358401298523,10.37791633605957,2.349824905395508,1.345720887184143,16.50537872314453
2270535627.0,0.716190755367279,1.5242278575897217,10.295194625854492,1.292469143867493,1.509831428527832,16.526437759399414
2270543960.0,0.7045565247535706,1.4901092052459717,10.0975980758667,0.8007267117500305,2.1111767292022705,16.7427978515625
2270552293.0,0.3013062179088592,1.6579828262329102,9.790217399597168,1.4175946712493896,2.904603719711304,16.742109298706055
2270560626.0,0.9354520440101624,1.4207909107208252,9.87050724029541,2.320932149887085,3.1742959022521973,16.8714599609375
2270568959.0,0.7275651693344116,1.1494624614715576,10.245378494262695,2.2902204990386963,2.0627403259277344,16.94118309020996
2270577292.0,0.6115807294845581,1.0530143976211548,10.418421745300291,1.3768935203552246,1.1953141689300537,16.846355438232422
2270585625.0,0.7044596672058105,1.0185447931289673,9.333049774169922,1.3417249917984009,1.4997137784957886,16.78080940246582
2270593958.0,0.7337296605110168,1.254364252090454,9.223942756652832,2.8348820209503174,1.7834941148757937,16.936954498291016
2270602291.0,0.441926509141922,1.2869749069213867,9.680256843566896,3.439633369445801,2.837775945663452,17.03141975402832
2270610624.0,0.3717495203018188,1.367809772491455,9.951361656188965,3.0572643280029297,3.4377124309539795,16.992740631103516
2270618957.0,0.5916721224784851,1.613953948020935,10.227078437805176,2.578969240188598,3.3401477336883545,16.97491455078125
2270627290.0,0.168181300163269,2.1013023853302,10.228887557983398,2.638855695724488,3.142072916030884,17.104751586914062
2270635623.0,0.014325251802802,2.14406156539917,10.045248985290527,2.863518238067627,2.498643398284912,16.619388580322266
2270643956.0,0.5467519760131836,2.252291202545166,9.796714782714844,2.948582887649536,1.9194285869598389,16.588958740234375
2270652289.0,0.6915223598480225,1.7754695415496826,10.265558242797852,1.9031379222869875,0.9693196415901184,16.71270179748535
2270660622.0,0.538450300693512,2.151954412460327,10.150554656982422,0.6470926403999329,0.5071876645088196,16.66165542602539
2270668955.0,-0.1284618079662323,2.0346124172210693,9.474699020385742,0.5931233167648315,1.524098515510559,16.442806243896484
2270677288.0,0.4205552935600281,1.7750016450881958,9.409138679504396,1.282530665397644,3.14412260055542,16.644210815429688
2270685621.0,0.2706327736377716,1.0907089710235596,9.963465690612791,1.2659835815429688,2.848789930343628,16.6014347076416
2270693954.0,0.5091827511787415,1.1051626205444336,10.381712913513184,0.3613401055335998,2.0606913566589355,16.43952751159668
2270702287.0,0.4532108902931213,1.0927125215530396,9.695618629455566,0.6359503865242004,0.7835396528244019,16.6449031829834
2270710620.0,0.0767213404178619,1.4006068706512451,9.97397804260254,1.9505242109298704,0.3720980584621429,16.612985610961914
2270718953.0,-0.2911274433135986,1.3470492362976074,9.89775276184082,1.783212184906006,1.24861741065979,16.610782623291016
2270727286.0,0.4248450994491577,1.7639237642288208,9.157231330871582,1.9443002939224243,1.518258571624756,16.41055679321289
2270735619.0,0.45175501704216,2.199483633041382,9.783808708190918,2.5919814109802246,1.103435754776001,16.517009735107422
2270743952.0,0.2711489200592041,1.9691357612609863,10.921255111694336,1.2811731100082395,0.6280868053436279,16.7412109375
2270752285.0,0.1929885447025299,1.6700971126556396,9.698312759399414,0.3199218511581421,0.3191790580749511,16.60448455810547
2270760618.0,0.4623652398586273,1.723819613456726,9.661052703857422,1.5440778732299805,0.8746239542961121,17.130088806152344
2270768951.0,0.137108027935028,2.3403470516204834,10.16443157196045,2.20577073097229,1.0063836574554443,17.23490333557129
2270777284.0,0.5583394169807434,2.23807692527771,10.422995567321776,1.65816330909729,0.3251983523368835,16.86441421508789
2270785617.0,0.7756125926971436,1.950974702835083,9.659475326538086,0.8373806476593018,-0.1089501678943634,16.85788345336914
2270793950.0,0.7827256321907043,2.024195909500122,9.66760540008545,0.578728199005127,-0.2628917694091797,17.3022403717041
2270802283.0,0.387688398361206,2.070756673812866,9.540313720703123,0.6060585379600525,0.7371010780334473,17.69098663330078
2270810616.0,0.5509398579597473,1.9917668104171755,9.365955352783203,1.1235686540603638,1.5727144479751587,17.86629295349121
2270818949.0,0.2645062208175659,2.0881507396698,9.797059059143066,1.3652647733688354,1.946810603141785,17.79656982421875
2270827282.0,0.7810835838317871,2.0282235145568848,10.408730506896973,0.5915609002113342,1.2740778923034668,17.803537368774414
2270835615.0,0.7732614874839783,1.749972581863403,10.17194652557373,0.0855771675705909,0.1106535047292709,17.71880340576172
2270843948.0,1.0022610425949097,1.45298969745636,9.805401802062988,-0.0817990824580192,-0.54961758852005,18.03475570678711
2270852281.0,0.7303739786148071,1.6447653770446775,9.345544815063477,0.5127458572387695,0.4318048655986786,18.4384880065918
2270860614.0,0.4633952975273132,1.754969358444214,9.81429958343506,1.1217756271362305,1.595126748085022,18.50961875915528
2270868947.0,0.4215764999389648,2.389076232910156,9.73320770263672,0.8934760093688965,2.865055561065674,18.406497955322266
2270877280.0,0.7604656219482422,1.8760271072387693,10.338689804077148,0.7022656798362732,3.011184930801392,18.553829193115234
2270885613.0,0.6672578454017639,1.9710830450057983,10.062577247619627,-0.5088141560554504,1.906007170677185,18.62065887451172
2270893946.0,0.7773527503013611,1.688584804534912,9.350678443908691,-0.3845338821411133,0.9906309843063354,18.88517951965332
2270902279.0,0.7004728317260742,1.0726735591888428,10.262755393981934,-0.4074329435825348,0.7678124904632568,18.831615447998047
2270910612.0,0.4661765396595001,1.2297598123550415,9.968503952026367,-0.7886753082275391,0.6986028552055359,18.55080795288086
2270918945.0,0.3855628967285156,1.7758969068527222,9.03977108001709,0.5345692038536072,2.18410062789917,18.58661460876465
2270927278.0,0.4006076455116272,1.771714448928833,10.042824745178224,1.6082156896591189,3.595829486846924,18.66535377502441
2270935611.0,0.9636885523796082,1.5303118228912354,10.580904960632324,0.5265263319015503,3.0723769664764404,18.600318908691406
2270943944.0,0.4393158257007599,1.1622297763824463,10.279659271240234,-0.5563286542892456,2.3204715251922607,18.77729225158692
2270952277.0,0.3694441020488739,1.0115844011306765,10.071959495544434,-0.3876587450504303,2.060256242752075,18.74647521972656
2270960610.0,0.6117597222328186,1.1479742527008057,9.590907096862791,1.1275132894515991,1.6786292791366575,18.49025535583496
2270968943.0,1.1883835792541504,1.4437599182128906,10.046772003173828,2.638343811035156,1.3281751871109009,18.58315658569336
2270977276.0,0.5641936659812927,1.9169156551361084,9.658294677734377,2.6160337924957275,1.260015845298767,18.49658203125
2270985609.0,0.4978161156177521,2.080772638320923,9.770651817321776,1.5765823125839231,2.9317805767059326,18.40565299987793
2270993942.0,0.2362364083528518,1.94012713432312,9.653609275817873,0.4045000970363617,4.297813892364502,18.339540481567383
2271002275.0,0.2146771401166916,1.7532879114151,9.817461967468262,0.1557345986366272,4.7871994972229,18.217514038085938
2271010608.0,0.0686783418059349,2.176458835601806,9.82455062866211,0.7968591451644897,4.494044780731201,18.41863822937012
2271018941.0,0.3055735230445862,1.8014516830444336,10.538820266723633,1.3008705377578735,2.4492595195770264,18.3625431060791
2271027274.0,0.3478999435901642,1.854380965232849,10.41884422302246,0.5658954977989197,0.6695818901062012,18.16446876525879
2271035607.0,0.5006407499313354,1.2740825414657593,10.017536163330078,-0.2284662276506424,-0.1849988549947738,18.403499603271484
2271043940.0,0.3927987813949585,1.5148159265518188,9.162789344787598,-0.3587402403354645,0.2523002922534942,18.250606536865234
2271052273.0,0.1865443736314773,1.6521379947662354,8.788814544677734,0.9216260313987732,2.046372890472412,18.539947509765625
2271060606.0,0.3543569147586822,1.3360886573791504,9.65775203704834,1.2949538230895996,3.6822783946990967,18.470918655395508
2271068939.0,0.092897742986679,1.5929630994796753,10.003046035766602,0.6196085214614868,3.702385187149048,18.467124938964844
2271077272.0,-0.3676629960536957,1.3787750005722046,10.084464073181152,0.4716350138187408,3.355977773666382,18.698806762695312
2271085605.0,-0.4987282454967499,1.3483378887176514,9.616955757141112,0.8174272179603577,3.075937032699585,18.85674285888672
2271093938.0,0.2051248550415039,1.2325844764709473,9.968310356140137,1.6976351737976074,1.0849937200546265,19.07082748413086
2271102271.0,0.246327206492424,1.5397487878799438,10.170513153076172,1.8723753690719604,-1.496371150016785,18.96288681030273
2271110604.0,0.5186187624931335,1.7125015258789062,10.129948616027832,1.5553991794586182,-3.0563554763793945,18.997108459472656
2271118937.0,0.4854997098445892,1.4218155145645142,9.608006477355955,1.0726476907730105,-2.137470006942749,19.240623474121094
2271127270.0,0.3922802209854126,1.3369293212890625,9.283867835998535,0.7559018731117249,0.3283233940601349,19.491748809814453
2271135603.0,0.507880449295044,1.4938499927520752,9.045370101928713,1.6561400890350342,2.923328161239624,19.66948509216309
2271143936.0,0.1436856240034103,1.6261588335037231,9.509090423583984,2.7941548824310303,3.649158477783203,19.84307098388672
2271152269.0,-0.2321068346500396,1.667874097824097,10.486664772033691,2.518418073654175,3.6020283699035645,19.877010345458984
2271160602.0,0.0179962553083896,1.4280287027359009,10.480938911437988,1.4139318466186523,1.8248614072799685,19.885053634643555
2271168935.0,0.3948773443698883,1.617751121520996,10.07799243927002,1.7898207902908323,-0.9187188148498536,19.969402313232425
2271177268.0,0.3313232660293579,1.569427728652954,10.041967391967772,2.2595860958099365,-2.7552857398986816,20.36104393005371
2271185601.0,0.6204873919487,1.3700637817382812,9.516221046447754,2.205744981765747,-3.097184658050537,20.22918128967285
2271193934.0,0.4581364691257477,1.3869670629501345,9.023728370666504,2.333098888397217,-1.709020733833313,20.1175537109375
2271202267.0,0.5710313320159912,0.8630690574645996,10.02165985107422,2.036332368850708,0.9487003684043884,20.58388900756836
2271210600.0,0.125189870595932,0.7306820154190063,9.564034461975098,1.8570326566696167,2.6752796173095703,20.54977035522461
2271218933.0,0.3564588129520416,0.993834674358368,9.29265022277832,3.606588363647461,3.5697543621063232,20.818923950195312
2271227266.0,0.4662712216377258,0.7565667629241943,10.198660850524902,4.900824546813965,2.0668132305145264,21.03984642028809
2271235599.0,0.3000128865242004,0.7041506767272949,10.62259578704834,4.470710277557373,-0.6841948628425598,20.67471694946289
2271243932.0,1.1041991710662842,0.5812162160873413,9.814153671264648,3.982093334197998,-2.6999077796936035,20.98454666137696
2271252265.0,0.7898557782173157,0.6243844628334045,9.086824417114258,5.063782215118408,-3.442464828491211,20.902862548828125
2271260598.0,0.7724536657333374,0.957240104675293,9.632333755493164,5.76878833770752,-1.3859739303588867,20.80796241760254
2271268931.0,0.7338353991508484,1.6004538536071775,9.224928855895996,6.28148365020752,1.297566533088684,20.870615005493164
2271277264.0,0.8522877097129822,1.852423429489136,9.808643341064451,7.133004665374756,3.170966863632202,20.82819938659668
2271285597.0,0.8885144591331482,1.915119886398316,10.699379920959473,6.466341018676758,3.676873207092285,21.05421638488769
2271293930.0,0.5618780851364136,2.1769673824310303,11.243274688720703,5.406040191650391,3.026707172393799,20.85737037658692
2271302263.0,0.6815193295478821,2.745646476745605,10.133280754089355,5.112398624420166,1.5750200748443604,20.708913803100582
2271310596.0,0.4435345530509949,2.6563289165496826,10.082054138183594,5.671403884887695,0.9931667447090148,20.88772392272949
2271318929.0,0.7326182723045349,2.775796175003052,10.060096740722656,4.718912601470947,0.5310600996017456,20.647180557250977
2271327262.0,0.6665321588516235,2.6200108528137207,9.86447048187256,3.3537240028381348,0.7709118723869324,20.6909294128418
2271335595.0,0.380276083946228,2.724184989929199,10.07516098022461,2.1103832721710205,2.007798433303833,20.64751434326172
2271343928.0,0.5041698813438416,2.6470272541046143,9.985048294067385,1.7070099115371704,3.39729380607605,20.48345184326172
2271352261.0,0.7897188663482666,2.7491588592529297,9.790101051330566,2.725227117538452,3.5817675590515137,20.087661743164062
2271360594.0,0.7901861667633057,2.321840524673462,10.621081352233888,2.8926169872283936,3.172733783721924,20.289173126220703
2271368927.0,0.3017469644546509,2.403686046600342,10.555944442749023,1.5008156299591064,2.8637492656707764,20.28333282470703
2271377260.0,-0.1761399954557418,2.5962862968444824,9.339913368225098,1.381401777267456,2.977041006088257,19.902677536010746
2271385593.0,0.2718406617641449,2.233184576034546,9.485522270202637,2.177466630935669,3.702564477920532,19.87572860717773
2271393926.0,0.2402778714895248,1.919272184371948,9.72763442993164,2.2095870971679688,2.9823687076568604,19.866792678833008
2271402259.0,0.5123326778411865,1.8350253105163568,10.058598518371582,1.5800402164459229,2.000241994857788,19.797607421875
2271410592.0,0.0779169574379921,2.835543394088745,9.76153564453125,1.7066001892089844,1.7765525579452517,19.665283203125
2271418925.0,0.1493924260139465,2.700962543487549,9.720945358276367,2.4011306762695312,2.196318864822388,19.72883415222168
2271427258.0,0.0901419892907142,2.234438180923462,9.711590766906738,2.498695373535156,3.202600717544556,19.780447006225582
2271435591.0,0.3652006685733795,2.355178117752075,9.683448791503906,1.9774450063705444,3.3915815353393555,19.92401123046875
2271443924.0,0.2907519936561584,2.976479768753052,9.744498252868652,2.269217014312744,2.983700752258301,19.924190521240234
2271452257.0,-0.1557253450155258,3.117295026779175,10.159147262573242,1.8993475437164309,2.3520278930664062,19.716461181640625
2271460590.0,-0.0760446861386299,2.898411750793457,9.655869483947754,1.076028823852539,2.576357364654541,19.818023681640625
2271468923.0,0.1699655205011367,2.157970666885376,9.626689910888672,0.6863592863082886,2.4847352504730225,19.928754806518555
2271477256.0,0.0568015798926353,2.1813907623291016,9.722734451293944,0.1812463849782943,2.503612995147705,20.321956634521484
2271485589.0,-0.1113917678594589,2.2222495079040527,9.441764831542969,0.7524183988571167,2.019529342651367,20.458532333374023
2271493922.0,0.3207464516162872,2.4158685207366943,9.760324478149414,1.6170529127120972,1.4256634712219238,20.425800323486328
2271502255.0,0.3870263397693634,2.036834478378296,9.80383014678955,1.6876968145370483,0.6936593651771545,20.40745735168457
2271510588.0,0.0736697018146514,1.822381854057312,9.130348205566406,0.6733984351158142,0.7849228978157043,20.449106216430664
2271518921.0,0.063941054046154,2.557717800140381,8.86011791229248,0.6728349328041077,2.320573568344116,20.91454124450684
2271527254.0,-0.0354760438203811,2.6163692474365234,9.416373252868652,1.253125548362732,2.631504774093628,21.0809326171875
2271535587.0,0.2450879663228988,2.5447492599487305,9.953803062438965,0.9695247411727904,1.647661805152893,20.87581443786621
2271543920.0,0.4808748662471771,2.8576343059539795,9.404340744018556,0.7907117605209351,0.4806513488292694,20.859474182128903
2271552253.0,0.3286199271678924,2.699180603027344,9.9298734664917,-0.001524047460407,-0.1659162640571594,21.298959732055664
2271560586.0,0.1935032606124878,3.0175368785858154,10.051251411437988,-1.2494500875473022,0.1532500088214874,21.66089057922364
2271568919.0,0.3004760146141052,2.5521938800811768,9.27104377746582,-1.6368399858474731,0.2838314473628998,21.46256256103516
2271577252.0,0.3506463170051574,2.2426867485046387,9.56843376159668,-1.2037032842636108,1.212040662765503,21.42403984069824
2271585585.0,0.4063160419464111,1.7042567729949951,10.306848526000977,-1.9720790386199951,1.6311150789260864,21.54250144958496
2271593918.0,0.3431342542171478,1.8114365339279173,10.02431869506836,-2.093490600585937,1.6783477067947388,21.82466697692871
2271602251.0,0.1232215464115142,2.72994065284729,9.604631423950195,-1.0689977407455444,1.9404329061508176,22.134986877441406
2271610584.0,0.2767068445682525,2.351984977722168,9.979269981384276,-0.4489537179470062,1.29989755153656,21.81591033935547
2271618917.0,0.3266270160675049,1.8095594644546509,9.825560569763184,-1.274782419204712,0.6887927055358887,21.53276824951172
2271627250.0,0.7290363311767578,1.4284061193466189,9.876758575439451,-2.3520150184631348,0.6301872134208679,22.24809455871582
2271635583.0,0.0322723984718322,1.61198890209198,9.861462593078612,-2.1090898513793945,1.4594485759735107,22.44619941711425
2271643916.0,0.1059822812676429,2.6335840225219727,9.94796085357666,-0.8145201802253723,2.259202003479004,22.267871856689453
2271652249.0,0.1937428414821624,2.695355176925659,9.620291709899902,0.5901010036468506,2.3935999870300293,21.96057891845703
2271660582.0,0.1540185660123825,1.707308053970337,10.42356777191162,-0.0618455968797206,2.026573181152344,21.771955490112305
2271668915.0,0.3736085593700409,1.121478796005249,10.384127616882324,-2.5665090084075928,1.8376171588897705,22.169897079467773
2271677248.0,-0.0599691495299339,1.6166117191314695,9.010194778442385,-1.885093212127685,1.2447497844696045,22.19359016418457
2271685581.0,0.3058773279190063,1.560405731201172,10.052587509155272,0.267284631729126,0.8315920829772949,22.12760734558105
2271693914.0,0.241512045264244,2.009859800338745,10.03869342803955,1.0304354429244995,0.0641380622982978,22.00440216064453
2271702247.0,0.2361671179533004,1.3434813022613523,9.902664184570312,0.7494214773178101,-0.0255502052605152,21.69505882263184
2271710580.0,0.4733703434467315,1.361743450164795,10.040366172790527,-0.4955716431140899,1.2141408920288086,22.07194900512696
2271718913.0,-0.066647008061409,2.111945867538452,9.764033317565918,-0.5367850065231323,1.6738911867141724,21.882917404174805
2271727246.0,0.1963691413402557,2.006419897079468,10.03323459625244,0.3925639390945434,1.989612102508545,21.8757438659668
2271735579.0,-0.3145917952060699,1.8739333152771,10.353802680969238,0.964017689228058,1.8787792921066284,21.61944580078125
2271743912.0,0.3211207985877991,1.1557493209838867,10.878212928771973,0.26044562458992,1.1050240993499756,21.71619033813477
2271752245.0,0.4948276579380035,0.7842838168144226,10.109158515930176,-0.3625568151473999,0.2781451046466827,22.12663650512696
2271760578.0,0.6341419816017151,1.2552956342697144,10.086338996887209,0.4892832636833191,-1.2003475427627563,22.07773971557617
2271768911.0,0.4042069017887115,1.8105072975158687,9.919906616210938,1.8824933767318728,-1.2428416013717651,21.844009399414062
2271777244.0,0.5079261660575867,1.5132827758789062,9.865220069885254,2.245446920394897,-0.1545179188251495,21.57684898376465
2271785577.0,0.6801220178604126,1.5269579887390137,9.637897491455078,1.6765549182891846,1.720175862312317,21.942110061645508
2271793910.0,0.7206082940101624,1.7710554599761963,9.62458610534668,1.4164931774139404,3.0573418140411377,22.11812973022461
2271802243.0,0.4573935866355896,1.8645707368850708,10.098102569580078,1.3835020065307615,2.58217191696167,21.90870857238769
2271810576.0,0.1592476516962051,2.3187074661254883,10.131913185119627,1.7107754945755005,2.365501165390014,21.84546661376953
2271818909.0,0.4534872770309448,1.7641645669937134,10.462403297424316,1.9241420030593872,1.782930850982666,22.006940841674805
2271827242.0,0.8716343641281128,2.2018256187438965,10.088459014892578,1.7039620876312256,0.2128543853759765,21.777746200561523
2271835575.0,0.4095449447631836,2.3947982788085938,9.558963775634766,1.823196530342102,0.0352964326739311,21.914066314697266
2271843908.0,0.4708170890808105,2.1406588554382324,10.262860298156738,0.922394633293152,1.3891630172729492,22.107221603393555
2271852241.0,0.3112421333789825,2.3747317790985107,9.825878143310549,0.5595943927764893,2.4897046089172363,21.7843017578125
2271860574.0,0.8579959869384766,2.0726492404937744,10.239821434020996,0.8915038108825684,3.269376277923584,22.087905883789062
2271868907.0,0.2170545011758804,1.7895642518997192,10.45038890838623,0.844680905342102,3.714987754821777,22.370407104492188
2271877240.0,-0.2016743123531341,2.2775206565856934,9.361295700073242,1.0221108198165894,3.66534686088562,22.067514419555664
2271885573.0,0.1320717632770538,2.4413628578186035,9.782864570617676,1.9544436931610107,3.9290459156036377,22.40178298950196
2271893906.0,0.0937160179018974,2.002640008926392,10.76608180999756,0.686384916305542,2.3458034992218018,22.358341217041016
2271902239.0,0.2116976231336593,1.2177883386611938,10.25534725189209,-0.6541494131088257,0.8964729905128479,22.462081909179688
2271910572.0,0.3313043415546417,0.9989741444587708,9.114096641540527,-0.1195032447576522,0.8584357500076294,22.89426612854004
2271918905.0,0.3333560526371002,0.9578742980957032,9.219833374023438,1.8273204565048216,1.0410910844802856,23.05499839782715
2271927238.0,0.7412912249565125,1.1080366373062134,9.6329345703125,2.6891119480133057,1.3801213502883911,23.134275436401367
2271935571.0,0.2336984723806381,1.120086669921875,9.283742904663086,2.837827444076538,2.3825602531433105,23.126766204833984
2271943904.0,0.6698795557022095,0.9101356863975524,9.399984359741213,2.6813507080078125,3.127678871154785,23.435216903686523
2271952237.0,0.2680635154247284,1.4258027076721191,9.161928176879885,3.2042653560638428,3.867008447647095,23.58879852294922
2271960570.0,0.1980936527252197,1.303949236869812,9.77439308166504,3.925460338592529,3.7013866901397705,23.871915817260746
2271968903.0,0.2029600888490677,1.5347763299942017,9.448758125305176,4.477601528167725,3.092843770980835,23.776531219482425
2271977236.0,0.2799331247806549,0.9724159240722656,9.779424667358398,4.3736066818237305,1.7912040948867798,23.687952041625977
2271985569.0,0.730635941028595,0.8562788963317871,9.759514808654783,3.9820425510406494,0.808692991733551,23.75506401062012
2271993902.0,0.4209115207195282,1.2056336402893066,8.8555908203125,4.533952236175537,0.5391287207603455,23.79891586303711
2272002235.0,0.2787352800369262,1.591079592704773,8.996110916137695,5.79086971282959,1.71571946144104,24.002910614013672
2272010568.0,0.0595421679317951,1.96432101726532,8.82007122039795,6.321878910064697,3.2924811840057373,23.755245208740234
2272018901.0,0.318873256444931,1.7397491931915283,9.348121643066406,5.8405351638793945,4.009346961975098,23.78359603881836
2272027234.0,0.2922336161136627,1.8558799028396609,9.788381576538086,5.059736728668213,3.310462713241577,23.65242958068848
2272035567.0,-0.3991303741931915,2.53421688079834,9.826645851135254,5.001514434814453,2.817695140838623,23.5064754486084
2272043900.0,0.2992058992385864,2.4388649463653564,9.965991020202637,5.511724948883057,2.143476963043213,23.588542938232425
2272052233.0,0.8330702781677246,2.701988220214844,10.161251068115234,5.89470911026001,0.1580142825841903,23.39994430541992
2272060566.0,0.6459129452705383,2.604289054870605,10.401817321777344,4.970111846923828,-0.8257904648780823,23.21680450439453
2272068899.0,0.491714596748352,2.451716899871826,9.370582580566406,3.85187029838562,0.4815990328788757,23.15986442565918
2272077232.0,0.2765378057956695,3.196925163269043,8.887791633605957,4.445352077484131,3.359205484390259,22.92203521728516
2272085565.0,0.5213378071784973,3.0649752616882324,9.941950798034668,4.934303283691406,5.483882427215576,23.22687339782715
2272093898.0,0.1286902874708175,3.0644359588623047,9.821171760559082,4.492687702178955,5.648223400115967,22.9765682220459
2272102231.0,-0.112322099506855,3.0465991497039795,9.979357719421388,3.8003859519958496,5.126640319824219,22.880258560180664
2272110564.0,0.117478959262371,2.997220516204834,9.977070808410645,3.1762561798095703,4.042324542999268,23.05073356628418
2272118897.0,0.0975072309374809,3.428462266921997,10.172009468078612,3.323640823364258,1.871389508247376,22.86090660095215
2272127230.0,0.2665044367313385,3.937347173690796,9.916370391845703,2.925492763519287,0.6410093307495117,22.82294654846192
2272135563.0,-0.2772226929664612,4.115926265716553,9.486271858215332,2.6612565517425537,1.5083078145980835,22.743955612182617
2272143896.0,-0.2282340377569198,3.504798173904419,10.02551555633545,1.0507090091705322,3.1810970306396484,22.599254608154297
2272152229.0,0.551603376865387,3.0252084732055664,10.251566886901855,-0.5959666967391968,4.121217250823975,23.073993682861328
2272160562.0,0.110477402806282,2.777724027633667,10.0103120803833,-0.4196125566959381,3.9160468578338623,23.28948211669922
2272168895.0,-0.0727695673704147,2.944011211395264,10.291817665100098,-0.0257679317146539,3.74970817565918,23.697265625
2272177228.0,-0.3751355111598968,3.292092800140381,10.082782745361328,0.8573216199874878,3.498790740966797,23.260311126708984
2272185561.0,0.1747359335422516,2.5022637844085693,10.601139068603516,-0.2220242768526077,2.6104631423950195,23.33428382873535
2272193894.0,0.2906074225902557,2.062354564666748,10.098475456237791,-1.6012747287750244,1.997360348701477,23.78150749206543
2272202227.0,-0.4205390512943268,2.1847472190856934,9.420677185058594,-1.3969241380691528,2.0254335403442383,23.85850524902344
2272210560.0,-0.473435640335083,2.689554214477539,9.279855728149414,0.0144592402502894,3.4404666423797607,23.99961280822754
2272218893.0,-0.6018568277359009,3.0261011123657227,9.912667274475098,1.2286258935928345,4.269575119018555,23.64224624633789
2272227226.0,-0.151433065533638,3.2680413722991943,10.959076881408691,0.1344107687473297,3.7321369647979736,23.817371368408203
2272235559.0,-0.3651732504367828,3.199226856231689,10.469395637512209,-1.47248637676239,2.3997604846954346,23.90840530395508
2272243892.0,-0.797361433506012,3.2910563945770264,10.288447380065918,-2.172703266143799,1.83688759803772,23.7011833190918
2272252225.0,-0.5170262455940247,2.701453447341919,10.627192497253418,-2.616495132446289,1.608561873435974,23.841035842895508
2272260558.0,-0.4529003798961639,2.511052370071411,10.090264320373535,-1.9388960599899288,0.859703779220581,23.713119506835938
2272268891.0,-0.2382083088159561,2.430041551589966,10.011813163757324,-1.5246881246566772,0.7070428729057312,23.782690048217773
2272277224.0,-0.3915770053863525,2.7718679904937744,9.96328353881836,-1.3147794008255005,0.915107488632202,23.68868637084961
2272285557.0,-0.2860321402549743,2.427803039550781,9.9627046585083,-1.9069805145263672,0.9868784546852112,23.366043090820312
2272293890.0,-0.4673839509487152,2.0662431716918945,9.634847640991213,-2.480278968811035,1.4448614120483398,23.63302421569824
2272302223.0,-0.354662537574768,2.150052070617676,10.033405303955078,-2.11635160446167,1.8817893266677856,23.5413761138916
2272310556.0,-0.0901207327842712,2.3689568042755127,9.788232803344728,-1.4387521743774414,1.2603874206542969,23.54449844360352
2272318889.0,0.1854129135608673,2.252941846847534,10.389820098876951,-0.6835162043571472,0.1179151833057403,23.38899612426757
2272327222.0,0.0430469587445259,2.265005350112915,10.064682006835938,-1.494181513786316,-0.94462788105011,23.267074584960938
2272335555.0,0.0213179923593997,1.7870204448699951,9.66371726989746,-2.1296708583831787,-0.4946366548538208,23.29640007019043
2272343888.0,0.061610534787178,1.9391632080078125,9.1653413772583,-1.9544436931610107,0.9520686268806458,23.35026359558105
2272352221.0,-0.2349567115306854,2.07361102104187,9.404571533203123,-0.8866627216339111,2.033297300338745,23.364585876464844
2272360554.0,0.2063100039958953,1.652047634124756,10.280084609985352,-0.5482217073440552,2.4629247188568115,23.35152053833008
2272368887.0,-0.2557575106620788,1.9050613641738887,9.79010772705078,-0.9499556422233582,1.8449045419692995,23.5815372467041
2272377220.0,-0.1641602665185928,1.810542583465576,9.808480262756348,-0.8785942196846008,1.2565964460372925,23.56681060791016
2272385553.0,0.0163235981017351,1.6745420694351196,9.664011001586914,-0.7936830520629883,0.4346353411674499,23.61148262023925
2272393886.0,0.0369527712464332,1.370326042175293,9.858067512512209,-0.919961154460907,-0.4671013951301574,23.526287078857425
2272402219.0,0.3697861731052398,1.7197786569595337,9.623544692993164,-0.8138415813446045,-0.2870845198631286,23.73863410949707
2272410552.0,-0.1237540692090988,1.9313900470733645,9.436936378479004,-0.1152128875255584,0.4912684559822082,23.61066246032715
2272418885.0,0.066686563193798,2.110719919204712,9.796085357666016,-0.2298366427421569,1.922592639923096,23.73317527770996
2272427218.0,-0.1370198279619217,1.9359235763549805,9.597944259643556,-0.5475045442581177,3.184683322906494,23.84908103942871
2272435551.0,0.0689079165458679,1.91623330116272,9.929981231689451,-0.9977774024009703,3.1865017414093018,23.906326293945312
2272443884.0,0.0580970495939254,1.8935351371765137,10.026037216186523,-0.6882035136222839,2.376195192337036,23.94518280029297
2272452217.0,-0.2831825017929077,1.5913501977920532,9.815528869628906,-0.6789824366569519,1.486510157585144,23.787221908569336
2272460550.0,0.0746117308735847,1.3717286586761477,9.87557315826416,-0.6558271646499634,1.136926770210266,23.8826847076416
2272468883.0,-0.0430758111178875,2.0556702613830566,9.255426406860352,0.0972701162099838,0.9323458075523376,23.73537826538086
2272477216.0,0.07908646017313,1.7156717777252195,9.800395965576172,0.2464218884706497,1.451469898223877,23.82766914367676
2272485549.0,0.0318319015204906,2.166933536529541,9.41164207458496,-0.1611392349004745,2.554035186767578,23.694244384765625
2272493882.0,0.0779131650924682,2.453850746154785,9.79449462890625,-0.0099639417603611,3.3981778621673584,23.703102111816406
2272502215.0,-0.2977280020713806,2.233659029006958,10.24869155883789,-0.4966090321540832,3.831597328186035,23.53394889831543
2272510548.0,-0.320999264717102,2.135737419128418,9.84574031829834,-0.7638680934906006,4.156155109405518,23.33500289916992
2272518881.0,-0.0557438656687736,1.6917115449905396,9.665276527404783,-0.3907196819782257,3.703858375549317,23.63532829284668
2272527214.0,-0.1640857607126236,1.609632134437561,10.072211265563965,-0.0727188512682914,2.5212230682373047,23.476137161254883
2272535547.0,-0.3676882684230804,1.2948527336120603,9.564656257629396,-0.3084211051464081,1.812451124191284,23.300189971923828
2272543880.0,-0.3011325597763061,1.1460483074188232,8.875103950500488,0.2435531020164489,2.0692598819732666,23.20880126953125
2272552213.0,-0.261557012796402,1.4689594507217407,9.00074577331543,1.1572901010513306,2.5099785327911377,23.11571884155273
2272560546.0,-0.4856505692005157,1.3607069253921509,9.48910140991211,1.1041404008865356,3.280403614044189,23.17329788208008
2272568879.0,-0.4279482662677765,1.5570753812789917,9.261857986450195,0.9139291644096376,3.842867136001587,23.05411720275879
2272577212.0,-0.5866624116897583,1.96740984916687,9.532600402832031,1.2311103343963623,3.745738029479981,23.153215408325195
2272585545.0,-0.6451475024223328,1.785190463066101,10.059988975524902,1.0204843282699585,2.8015453815460205,22.74126434326172
2272593878.0,-0.5248010754585266,1.9951939582824707,9.895073890686035,0.7342963814735413,1.629053235054016,22.42948341369629
2272602211.0,0.0186219289898872,1.8500150442123413,9.73454761505127,0.751688539981842,0.3808198273181915,22.511886596679688
2272610544.0,-0.1155159398913383,2.287085771560669,9.685647010803224,0.8102937340736389,-0.396841436624527,22.338064193725582
2272618877.0,-0.542572021484375,2.428556203842163,9.340956687927246,0.3374036252498626,0.2619184553623199,21.98707771301269
2272627210.0,-0.2859644293785095,1.986171841621399,9.24582290649414,-0.1472050696611404,1.9824274778366089,21.747556686401367
2272635543.0,-0.3560197055339813,2.063750743865967,9.48631763458252,-0.5910742878913879,3.0450081825256348,21.468616485595703
2272643876.0,-0.6127921342849731,1.93064284324646,10.191678047180176,-1.050978183746338,3.1409599781036377,21.279203414916992
2272652209.0,-0.7191909551620483,1.6546730995178225,9.987232208251951,-1.2056879997253418,2.452986001968384,20.82047271728516
2272660542.0,-0.4270817935466766,1.6274960041046145,9.921483039855955,-0.6952217817306519,0.9147742986679076,20.57088851928711
2272668875.0,-0.4450180232524872,1.4455249309539795,10.645092964172363,-0.8547472953796387,-0.5891275405883789,20.34881401062012
2272677208.0,-0.4680050611495971,1.6308038234710691,10.092569351196287,-1.5224592685699463,-1.2319681644439695,19.813447952270508
2272685541.0,-0.1321621388196945,1.5036451816558838,9.56169319152832,-1.3008962869644165,-0.889070451259613,19.45723342895508
2272693874.0,0.2373087555170059,1.4212192296981812,9.937435150146484,-1.232506275177002,-0.0242054611444473,19.45743751525879
2272702207.0,-0.0019746616017073,1.324024677276611,10.083935737609863,-1.8575702905654907,0.2235995382070541,18.8745059967041
2272710540.0,-0.3628442287445068,1.3956433534622192,9.488274574279783,-1.806879639625549,1.5484706163406372,18.43278884887696
2272718873.0,-0.3510457873344421,1.0025131702423096,9.63693618774414,-1.6591113805770874,2.961172819137573,18.37641334533692
2272727206.0,-0.17856465280056,0.8398600816726685,10.163867950439451,-1.6917693614959717,2.585155725479126,18.22106170654297
2272735539.0,-0.452998548746109,0.4895420372486114,10.30173683166504,-1.719407320022583,1.069561243057251,18.00249671936035
2272743872.0,-0.614625096321106,0.3759960532188415,9.718138694763184,-1.70685613155365,-0.0570685267448425,17.60808563232422
2272752205.0,-0.1827370524406433,0.1858013123273849,9.750554084777832,-0.717608630657196,-0.6751658320426941,17.347593307495117
2272760538.0,-0.0483852848410606,-0.1497954428195953,9.720108032226562,-0.2695386707782745,-1.0302304029464722,17.25320053100586
2272768871.0,0.1095606908202171,-0.3871074318885803,9.95750331878662,-0.1894685477018356,-0.9374556541442872,17.034149169921875
2272777204.0,0.1341079622507095,-0.1059050112962722,9.26241970062256,0.4440356492996216,-0.1604219824075698,16.865886688232422
2272785537.0,0.2447796612977981,0.2789241373538971,9.631142616271973,1.7693933248519895,1.0013759136199951,16.8012638092041
2272793870.0,0.0682868883013725,0.8324335813522339,10.053794860839844,2.2470219135284424,1.5773375034332275,16.566635131835938
2272802203.0,-0.3399850726127624,0.7303341031074524,9.785715103149414,1.7730306386947632,2.14005708694458,16.224864959716797
2272810536.0,-0.2603189647197723,0.4793014228343963,9.875046730041504,1.442965388298035,2.893653631210327,16.16987419128418
2272818869.0,-0.2694441676139831,0.1731669455766677,10.219714164733888,1.1850556135177612,2.3416666984558105,16.373456954956055
2272827202.0,-0.0430662967264652,0.0752157866954803,10.178765296936035,1.6276183128356934,0.7399057149887085,15.908990859985352
2272835535.0,-0.0157434176653623,0.1927894651889801,9.68971061706543,2.803004503250122,-0.4330087304115295,15.695137977600098
2272843868.0,-0.0735479295253753,0.1699711084365844,9.62346649169922,3.403248786926269,-0.489206314086914,15.52336883544922
2272852201.0,-0.0390537306666374,0.3481559157371521,9.378000259399414,3.036504030227661,0.7806323766708374,15.455106735229492
2272860534.0,-0.0725091621279716,0.3902162313461303,9.070443153381348,2.8441412448883057,2.2844955921173096,15.362920761108398
2272868867.0,-0.1090794652700424,0.4458901584148407,9.42601203918457,3.3587565422058105,3.352660655975342,15.25416374206543
2272877200.0,-0.2824800312519073,0.1685848832130432,9.646827697753906,3.688770532608032,3.287933588027954,15.05409049987793
2272885533.0,-0.1916368752717971,0.0823686942458152,9.775696754455566,4.196804523468018,2.587486743927002,14.845747947692873
2272893866.0,-0.3351227939128876,0.2593099474906921,9.35378360748291,4.847481727600098,1.5036197900772097,14.77371597290039
2272902199.0,-0.2394161224365234,0.5911828875541687,9.398749351501465,5.420600414276123,0.8716141581535339,14.494675636291504
2272910532.0,-0.3931270837783813,0.910808563232422,9.473688125610352,5.557713508605957,0.8373934626579285,14.220782279968262
2272918865.0,-0.2755603492259979,0.6568250060081482,9.910597801208496,4.837749004364014,1.3710662126541138,14.27357292175293
2272927198.0,-0.1745980381965637,0.9142242670059204,9.890361785888672,4.733524322509766,1.7212384939193726,14.024835586547852
2272935531.0,-0.3825407028198242,1.1622788906097412,9.88501262664795,5.339071273803711,1.807456135749817,13.784727096557615
2272943864.0,-0.3575608432292938,1.78352153301239,9.93864631652832,6.187107563018799,1.9588621854782104,13.410144805908203
2272952197.0,-0.3364616334438324,2.196929693222046,10.523147583007812,6.004501819610596,1.9004098176956177,13.11112117767334
2272960530.0,-0.0758400857448577,2.167617082595825,10.939149856567385,4.5477447509765625,1.487585425376892,13.20986557006836
2272968863.0,-0.3823396563529968,2.411338329315185,10.19804573059082,3.241699457168579,0.8277112245559692,13.077232360839844
2272977196.0,-0.5389873385429382,2.511079788208008,9.946453094482422,3.077409744262696,1.1888463497161863,12.841017723083496
2272985529.0,-0.519647479057312,2.622704029083252,10.176880836486816,2.636179208755493,1.7565093040466309,12.737615585327148
2272993862.0,-0.3856293261051178,2.8199028968811035,10.57578945159912,1.7184466123580933,1.687658190727234,12.487954139709473
2273002195.0,-0.1690743565559387,2.917619705200196,10.674324035644531,0.7297369241714478,1.300729513168335,12.491104125976562
2273010528.0,-0.5451967120170593,2.722576379776001,10.38870334625244,-0.5200202465057373,0.9407724738121032,12.356550216674805
2273018861.0,-0.4224351942539215,2.596770763397217,10.324566841125488,-1.3891113996505735,1.242892503738403,12.407652854919434
2273027194.0,-0.3904111385345459,2.2984654903411865,10.093031883239746,-1.7110565900802612,1.47055184841156,12.247896194458008
2273035527.0,-0.0888180583715438,1.8583685159683228,10.409157752990724,-2.056105852127075,0.9570631980895996,12.183195114135742
2273043860.0,-0.3083868622779846,1.901461124420166,10.023130416870115,-2.362682580947876,0.3606868684291839,12.119054794311523
2273052193.0,-0.4158394336700439,1.6254328489303589,9.75425910949707,-2.283765316009521,0.7977938055992126,11.9574556350708
2273060526.0,-0.2258013486862182,1.3860474824905396,9.55440902709961,-2.156872272491455,1.1662033796310425,12.040623664855955
2273068859.0,0.0071155624464154,1.2754144668579102,9.869237899780272,-1.9755750894546509,1.0267852544784546,12.222846031188965
2273077192.0,-0.3058825135231018,1.499644160270691,9.816619873046877,-1.6963539123535156,0.492369681596756,12.01828956604004
2273085525.0,-0.5182974934577942,1.2441565990447998,9.73953342437744,-1.4465128183364868,0.6490519642829895,11.707769393920898
2273093858.0,-0.1402972936630249,0.8193498253822327,10.013838768005373,-1.167522668838501,1.1370289325714111,11.80779266357422
2273102191.0,-0.024623442441225,0.851513683795929,10.090832710266112,-1.0810234546661377,0.6579914689064026,11.948389053344728
2273110524.0,0.1533692926168441,0.8950040936470032,10.05655002593994,-0.6225540637969971,-0.1521998047828674,11.829103469848633
2273118857.0,-0.2069699764251709,0.7268760800361633,9.960169792175291,-0.0839122459292411,-0.2180540114641189,11.788531303405762
2273127190.0,0.164897084236145,0.4890097975730896,10.199034690856934,-0.414873868227005,0.7352439165115356,11.803156852722168
2273135523.0,0.0774983316659927,0.6078835129737854,9.811128616333008,-0.2696922719478607,1.2394087314605713,12.096565246582031
2273143856.0,0.0672307163476944,0.9806175827980042,9.730901718139648,0.2670155763626098,1.4361259937286377,12.124459266662598
2273152189.0,-0.1927388161420822,1.1933742761611938,9.78356647491455,0.7360378503799438,1.910988569259644,12.153326988220217
2273160522.0,0.0166400913149118,0.8105517625808716,10.558666229248049,-0.1381888091564178,1.8086596727371216,12.114521980285645
2273168855.0,-0.0881931483745575,0.3185876905918121,10.27512550354004,-1.3210028409957886,1.2491421699523926,12.206246376037598
2273177188.0,-0.0938334017992019,0.239889770746231,9.910496711730955,-1.065782904624939,1.121890902519226,12.417668342590332
2273185521.0,0.0183914247900247,0.5516906380653381,9.663492202758787,-0.0076074292883276,1.1221469640731812,12.451324462890623
2273193854.0,0.3313803970813751,0.3846279084682464,9.964340209960938,0.942872941493988,0.5454168319702148,12.481985092163086
2273202187.0,0.2199481874704361,0.6659695506095886,10.059523582458496,0.263378381729126,0.3787961602210998,12.24907398223877
2273210520.0,-0.0066876788623631,0.691245436668396,9.454309463500977,-0.4982736706733703,1.1247082948684692,12.086883544921877
2273218853.0,0.1588934659957885,0.8239334225654602,9.091646194458008,-0.1989713758230209,2.464819431304932,12.001742362976074
2273227186.0,0.0943820849061012,0.9447574615478516,9.601466178894045,0.1348717659711837,3.037348985671997,12.173998832702637
2273235519.0,-0.0750502198934555,1.1979459524154663,10.30923557281494,-0.1571689695119857,2.495172500610352,11.745805740356444
2273243852.0,0.0129443248733878,1.0430198907852173,10.369256973266602,-0.8624313473701477,1.9655468463897705,11.45500659942627
2273252185.0,-0.0038746176287531,1.0956017971038818,9.826495170593262,-0.9335364699363708,1.5674502849578855,11.41901969909668
2273260518.0,-0.0992448180913925,0.771668553352356,9.908589363098145,-0.8122531771659851,1.406055212020874,11.28764533996582
2273268851.0,-0.064384289085865,1.1500266790390017,9.447949409484863,-0.7097960710525513,1.6068707704544067,10.907093048095703
2273277184.0,0.0368569642305374,0.6807949542999268,9.660480499267578,-0.3474315702915191,1.675773024559021,10.65773868560791
2273285517.0,0.1922582536935806,0.6553651690483093,10.014461517333984,-0.822882890701294,1.9533542394638064,10.714395523071287
2273293850.0,-0.1926430165767669,0.4135346412658691,9.61078643798828,-1.0214959383010864,1.8967469930648804,10.068892478942873
2273302183.0,-0.0490194670855999,0.3229830265045166,9.329167366027832,-0.0571709796786308,2.563306331634521,10.050040245056152
2273310516.0,0.0198808182030916,0.0049850502982735,9.634562492370604,0.4950848221778869,2.9515931606292725,10.111156463623049
2273318849.0,0.2753233611583709,0.3251002132892608,10.04151439666748,0.9849826693534852,2.3214821815490723,9.85219669342041
2273327182.0,0.0241937600076198,0.3583215773105621,9.595296859741213,0.9338310360908508,1.729076266288757,9.627789497375488
2273335515.0,0.0135945565998554,0.1684262901544571,9.545799255371094,1.3218097686767578,1.86344850063324,9.523027420043944
2273343848.0,0.0874616652727127,-0.1015568599104881,9.407312393188477,1.4332832098007202,2.595759630203247,9.684551239013672
2273352181.0,0.2654821574687958,-0.0607329905033111,9.444726943969728,1.8263591527938845,2.7546701431274414,9.790183067321776
2273360514.0,0.2027443796396255,0.1458607167005539,9.706402778625488,2.4031403064727783,2.226632833480835,9.55701732635498
2273368847.0,0.0036010351032018,0.3871150612831116,9.413118362426758,2.8576135635375977,2.000843048095703,9.324798583984377
2273377180.0,0.0157609619200229,0.175070583820343,9.59054946899414,2.8825879096984863,2.4825704097747803,9.420212745666504
2273385513.0,0.0464876443147659,0.2822802066802978,9.60267448425293,2.5024213790893555,3.0028467178344727,9.640827178955078
2273393846.0,0.0301785096526145,0.3804832696914673,9.62282371520996,2.7677080631256104,2.751750469207764,9.592083930969238
2273402179.0,0.1348988860845565,0.6061105132102966,9.63305377960205,3.0899863243103027,2.580595731735229,9.522540092468262
2273410512.0,0.018678393214941,0.4931079745292663,10.072487831115724,2.936659574508667,1.9831949472427368,9.597256660461426
2273418845.0,-0.0240104645490646,0.5808574557304382,9.677021980285645,2.357598304748535,1.8954148292541504,9.577713966369627
2273427178.0,0.0382811576128006,0.5775846838951111,9.111326217651367,2.6196835041046143,2.028404474258423,9.645336151123049
2273435511.0,0.2426226139068603,0.6622428894042969,9.219709396362305,2.934584856033325,2.007913112640381,9.706477165222168
2273443844.0,-0.1381640434265136,0.4295997619628906,9.65627384185791,2.477473020553589,1.8956458568573,9.654147148132324
2273452177.0,-0.5450875759124756,0.3428422510623932,9.248394966125488,1.7501566410064695,2.632541418075561,9.344649314880373
2273460510.0,-0.3726681768894195,0.3386431634426117,9.280110359191896,2.074458837509156,3.7625911235809326,9.640419006347656
2273468843.0,-0.0841143578290939,0.5965874791145325,9.833391189575195,3.095416307449341,2.94124436378479,9.628583908081056
2273477176.0,0.1295136660337448,0.7828594446182251,10.199045181274414,3.3319127559661865,0.8088079690933228,9.23158836364746
2273485509.0,-0.1844680607318878,1.0555495023727417,9.613104820251465,3.022646427154541,-0.6928651332855225,8.78905200958252
2273493842.0,-0.2200577706098556,1.1823265552520752,9.163759231567385,2.559105396270752,0.0493970513343811,8.672045707702637
2273502175.0,0.188008964061737,0.983385682106018,9.03801155090332,2.1473567485809326,1.1350563764572144,8.959258079528809
2273510508.0,0.3766369223594665,1.0326082706451416,9.3834867477417,2.205321788787842,1.5305147171020508,8.902881622314453
2273518841.0,0.0969076827168464,0.8440172672271729,9.731056213378906,1.88583505153656,1.6367111206054688,8.67153263092041
2273527174.0,-0.0529288463294506,1.2721443176269531,9.558638572692873,2.0772504806518555,1.8081986904144287,8.440620422363281
2273535507.0,0.0698893070220947,1.1458559036254885,10.086709976196287,2.262518405914306,2.0279431343078613,8.309450149536133
2273543840.0,-0.2870974540710449,0.8525625467300415,10.234864234924316,1.686889410018921,1.6697536706924438,8.256684303283691
2273552173.0,0.1032274365425109,0.5449840426445007,10.379714965820312,0.947790801525116,1.443118929862976,8.3351411819458
2273560506.0,0.3209449648857116,0.6362112760543823,10.18805694580078,1.1384119987487793,0.6893944144248962,8.297591209411621
2273568839.0,0.5952409505844116,0.7997222542762756,10.393858909606934,2.062009811401367,-0.3198705315589905,8.021059036254883
2273577172.0,0.5161376595497131,0.8170638680458069,10.27009105682373,2.000945568084717,-0.3462788462638855,7.900518417358398
2273585505.0,0.3207312226295471,1.0951178073883057,9.662494659423828,1.7875277996063232,1.094304084777832,7.931793689727783
2273593838.0,0.369225800037384,1.1780946254730225,9.857743263244627,1.4112805128097534,3.549685001373291,8.208094596862793
2273602171.0,-0.0554114915430545,1.053073167800903,10.281667709350586,0.8368299603462219,4.587164402008057,8.00687026977539
2273610504.0,0.2477907091379165,1.1690523624420166,10.543126106262209,0.3784375786781311,4.524204730987549,8.068114280700684
2273618837.0,-0.0930009111762046,1.332147240638733,10.188284873962402,0.7854989767074585,3.091343879699707,7.971957206726074
2273627170.0,-0.0431678220629692,1.5917178392410278,10.7581148147583,0.7569904327392578,1.966033697128296,7.671477317810059
2273635503.0,0.1150027513504028,1.2970638275146484,10.478129386901855,-0.2876222729682922,1.0269900560379028,7.512924671173096
2273643836.0,0.6192267537117004,0.7977902293205261,9.916644096374512,-1.0531548261642456,0.2232664674520492,7.47785758972168
2273652169.0,0.8528199195861816,0.4997271299362182,9.983453750610352,-1.241291642189026,0.4794345200061798,7.542484283447266
2273660502.0,0.2699163854122162,0.5016782283782959,9.551560401916504,-0.8478823304176331,1.3828996419906616,7.182320594787598
2273668835.0,0.376880019903183,0.6209835410118103,9.50243854522705,0.3729817867279053,3.7200710773468018,7.11941385269165
2273677168.0,0.5624239444732666,0.4338733255863189,10.162622451782228,0.9128528833389282,4.673739910125732,7.111855983734131
2273685501.0,0.5453444123268127,0.8994525074958801,10.471156120300291,0.417038232088089,4.429585933685303,6.819624900817871
2273693834.0,0.4133455753326416,0.8106041550636292,9.98452854156494,0.025857575237751,3.335909128189087,6.937783718109131
2273702167.0,0.045906726270914,0.8370305895805359,9.616412162780762,0.3589963018894195,2.5369489192962646,6.258235931396484
2273710500.0,0.0361908562481403,0.4791781902313232,10.19664192199707,0.005494253244251,2.8004939556121826,6.327343940734863
2273718833.0,0.0035375913139432,0.4639085829257965,9.59010887145996,-0.1755343377590179,2.969829559326172,6.225168704986572
2273727166.0,0.2965516746044159,0.8395112752914429,9.40432834625244,0.7627791166305542,3.07021164894104,6.216228485107422
2273735499.0,0.0661366134881973,0.7416946887969971,10.165083885192873,0.9228937029838562,3.123847961425781,6.159082889556885
2273743832.0,-0.074385330080986,0.5602307319641113,10.10000228881836,-0.2034026235342025,2.815503597259521,5.710910797119141
2273752165.0,0.1454115360975265,0.1926730126142501,9.705828666687012,-0.5604650974273682,3.476761102676392,5.812010765075684
2273760498.0,0.0529499724507331,-0.3633458912372589,10.022037506103516,-0.3420012593269348,3.2778666019439697,5.921358108520508
2273768831.0,0.0895244032144546,0.2094036787748336,9.703143119812012,0.5728239417076111,3.028434991836548,5.400620937347412
2273777164.0,0.4662405252456665,0.0180622451007366,10.019523620605469,1.5288238525390625,2.737431526184082,5.664933204650879
2273785497.0,0.2883934676647186,-0.1835657656192779,10.163936614990234,0.959317147731781,2.5018832683563232,5.525285243988037
2273793830.0,-0.0835280194878578,0.0246148537844419,9.38986110687256,0.4315870404243469,3.334422826766968,5.516371250152588
2273802163.0,-0.0610864013433456,-0.1691869646310806,9.072257041931152,0.9216386079788208,4.837619781494141,5.521852970123291
2273810496.0,-0.2269506752490997,-0.0696176141500473,9.573277473449709,1.593807578086853,5.145042419433594,5.401773929595947
2273818829.0,-0.2105426639318466,0.3112041354179382,10.20047378540039,1.4822828769683838,4.941869258880615,5.338070392608643
2273827162.0,-0.4531160891056061,0.491617888212204,10.180794715881348,1.2760114669799805,4.106256484985352,5.071042537689209
2273835495.0,-0.2198866456747055,0.8587476015090942,9.93064785003662,1.1883082389831543,3.5564723014831543,5.083259582519531
2273843828.0,-0.2888546288013458,0.6756199598312378,10.075100898742676,0.6231302618980408,3.543665170669556,5.331794738769531
2273852161.0,-0.3033205866813659,0.6799704432487488,9.731963157653809,-0.3681277632713318,3.0146288871765137,4.769281387329102
2273860494.0,-0.4721835553646087,0.7705806493759155,9.68173599243164,-0.5717097520828247,4.007565021514893,4.65178918838501
2273868827.0,-0.7557928562164307,0.3102375268936157,9.986536026000977,-0.849060595035553,5.23338508605957,4.836364269256592
2273877160.0,-0.789339005947113,0.1799950450658798,9.527562141418455,-0.8624569773674011,5.96544075012207,4.8821120262146
2273885493.0,-0.8230854272842407,0.2882744669914245,9.644230842590332,-0.0364234484732151,5.831785678863525,5.022017002105713
2273893826.0,-1.0613075494766235,-0.1070383712649345,10.21261978149414,-0.2951015830039978,4.740106582641602,4.753451347351074
2273902159.0,-0.9776393175125122,-0.3829474747180938,9.791720390319824,-0.7158666253089905,3.319592237472534,4.4196977615356445
2273910492.0,-0.6985260248184204,-0.6978555917739868,9.40794277191162,-0.1824501901865005,2.4137699604034424,4.516851902008057
2273918825.0,-0.6216409802436829,-0.955822229385376,9.246383666992188,0.654533326625824,1.915778398513794,4.4417266845703125
2273927158.0,-0.5374683737754822,-0.4137865602970123,8.789719581604004,1.881967306137085,2.1832163333892822,4.295468330383301
2273935491.0,-0.4833262264728546,-0.4816936552524566,9.387772560119627,2.72298526763916,3.269721269607544,4.4670586585998535
2273943824.0,-0.7842848896980286,-0.2702350318431854,9.331374168395996,2.420301675796509,4.064838409423828,4.18676233291626
2273952157.0,-0.8870905041694641,0.132337287068367,9.380962371826172,2.644247055053711,5.039228916168213,4.167397499084473
2273960490.0,-0.5557324290275574,-0.4508827924728393,10.13035774230957,2.644733667373657,4.748456001281738,4.185788631439209
2273968823.0,-0.7991865277290344,-0.3378649652004242,9.793127059936523,2.7174265384674072,3.2291221618652344,4.11227560043335
2273977156.0,-0.7770040035247803,-0.231861412525177,10.123629570007324,3.2355518341064453,2.4328017234802246,4.452714920043945
2273985489.0,-0.8518771529197693,-0.3992310762405395,9.845366477966309,3.0954418182373047,1.568987250328064,4.24692964553833
2273993822.0,-0.4031619131565094,-0.0709845125675201,9.304932594299316,3.690972805023194,1.164896845817566,4.186326503753662
2274002155.0,-0.0593147277832031,-0.6273701786994934,9.817047119140623,3.75951623916626,1.0538592338562012,4.393724918365479
2274010488.0,-0.465375542640686,-0.3276174068450928,9.264142036437988,3.4124438762664795,0.8212820291519165,4.12341833114624
2274018821.0,-0.6628338098526001,-0.0779066830873489,8.8433198928833,3.872167825698853,2.191361904144287,4.442136287689209
2274027154.0,-0.6088011264801025,-0.2456052303314209,9.40151596069336,4.325437545776367,3.22586989402771,4.592850208282471
2274035487.0,-0.7537122964859009,-0.002017994178459,9.841126441955566,4.291806221008301,2.6021885871887207,4.444133758544922
2274043820.0,-0.7006228566169739,-0.2271042913198471,10.250636100769045,4.232611179351807,1.7335331439971924,4.549741268157959
2274052153.0,-1.0744047164916992,0.2338707596063614,9.8494873046875,4.048521995544434,0.2507249712944031,4.27484941482544
2274060486.0,-1.061595439910889,0.6801154017448425,10.449100494384766,4.374002933502197,0.678636372089386,4.3666768074035645
2274068819.0,-0.6870542168617249,0.3130676746368408,10.306143760681152,3.732237339019776,0.2249826192855835,4.490905284881592
2274077152.0,-0.3293443918228149,0.6982194185256958,9.965218544006348,3.742611169815064,-0.7092581391334534,4.38032865524292
2274085485.0,-0.3133492767810821,1.0482256412506104,9.991524696350098,3.7655866146087646,-0.91253262758255,4.312527656555176
2274093818.0,-0.6468425989151001,1.1190358400344849,9.90720558166504,3.241161584854126,-0.1895197480916977,3.754573345184326
2274102151.0,-0.7408113479614258,0.9994865655899048,9.547968864440918,2.725931167602539,1.5732903480529783,3.7966833114624015
2274110484.0,-1.0553961992263794,0.7145867943763733,9.449033737182615,2.2108540534973145,2.939169406890869,4.092629432678223
2274118817.0,-1.451937556266785,0.7003493905067444,9.58963394165039,2.1421823501586914,3.544177532196045,4.082818984985352
2274127150.0,-1.366858720779419,0.3595161736011505,10.245393753051758,2.329960584640503,2.6143810749053955,4.091451168060303
2274135483.0,-0.7699692249298096,0.2121142894029617,10.578425407409668,2.0721275806427,-0.1322975307703018,3.8501405715942383
2274143816.0,-0.2779731154441833,0.276398092508316,10.533065795898438,2.5422253608703613,-3.33730411529541,3.8594889640808105
2274152149.0,-0.4059644043445587,0.3405480682849884,10.04519748687744,2.799879312515259,-4.923107624053955,3.758338451385498
2274160482.0,-0.6115509867668152,0.3684273064136505,9.023614883422852,3.074028730392456,-3.298447608947754,3.443488359451294
2274168815.0,-0.339610755443573,0.0208752527832984,9.219487190246582,3.156583070755005,0.3384793102741241,3.624324560165405
2274177148.0,-0.1758033633232116,-0.0985030978918075,9.598088264465332,3.1737959384918213,2.747933387756348,4.010228633880615
2274185481.0,-0.2535811066627502,0.0036976875271648,10.118009567260742,3.879313945770264,3.367055177688598,4.094141006469727
2274193814.0,-0.5468868017196655,0.1357977241277694,10.3197603225708,4.603940486907959,2.370277166366577,4.204128265380859
2274202147.0,-0.6055445671081543,0.2697932720184326,10.24660301208496,5.125574588775635,0.5476963520050049,3.894452333450317
2274210480.0,-0.1638870537281036,0.4482709765434265,10.585155487060549,4.8529887199401855,-0.7814391255378723,3.846835613250733
2274218813.0,0.0027892882935702,0.3548714816570282,9.954792976379396,4.10441255569458,-2.297443389892578,3.8912253379821777
2274227146.0,0.2697572708129883,0.8303879499435425,9.217608451843262,4.634524345397949,-1.7732220888137815,4.025751113891602
2274235479.0,-0.1265831440687179,0.8331688046455383,9.475777626037598,4.687469005584717,0.0364618599414825,4.352409362792969
2274243812.0,-0.3914507329463959,0.8430520296096802,9.527565956115724,4.052313327789307,2.4128737449646,4.08148717880249
2274252145.0,-0.3596259951591491,0.9891421794891356,9.522014617919922,3.7464792728424072,4.608551979064941,4.213016986846924
2274260478.0,-0.4143828451633453,0.6101020574569702,10.072792053222656,3.2193636894226074,4.565776824951172,4.437269687652588
2274268811.0,-0.6110703349113464,0.8070613145828247,10.04052448272705,3.1936984062194824,2.876901388168335,4.319008827209473
2274277144.0,-0.224454864859581,0.3518890142440796,10.323758125305176,2.851440668106079,0.7315040826797485,4.42451286315918
2274285477.0,-0.3474842607975006,0.124455988407135,9.494636535644531,2.5848987102508545,-1.2496416568756104,4.294239044189453
2274293810.0,-0.0759550109505653,0.2977027297019958,9.260092735290527,2.9826369285583496,-1.1628351211547852,4.268574237823486
2274302143.0,-0.1177368387579917,0.2655423581600189,8.9672212600708,3.249562978744507,0.2203977108001709,4.321723937988281
2274310476.0,0.1608349084854126,0.0884032547473907,9.211441040039062,3.352480888366699,1.9971548318862915,4.100775241851807
2274318809.0,0.2341558635234832,0.0069360132329165,9.393016815185549,3.280965566635132,3.568434238433838,4.486089706420898
2274327142.0,-0.6266699433326721,-0.1102867200970649,9.454858779907228,3.645584583282471,4.57804536819458,4.353613376617432
2274335475.0,-1.2447664737701416,0.483569473028183,9.486300468444824,4.436987400054932,5.790059566497803,4.054438591003418
2274343808.0,-1.432799220085144,0.8239036202430725,10.138631820678713,5.290735721588135,5.946153163909912,3.749117374420166
2274352141.0,-0.6290670037269592,1.104539394378662,11.010465621948242,4.718001365661621,3.924600601196289,3.634826421737671
2274360474.0,-0.2724425196647644,1.159240484237671,10.944586753845217,3.377070426940918,0.4866320490837097,3.76850700378418
2274368807.0,-0.6608694195747375,0.7324724793434143,9.641090393066406,2.380292654037476,-1.6391061544418335,3.700603723526001
2274377140.0,-0.8084179162979126,0.8099871277809143,8.870043754577637,2.155860662460327,-0.4946365356445312,3.878751039505005
2274385473.0,-1.1973158121109009,0.4306872189044952,8.836273193359375,2.370943307876587,2.009603261947632,3.671634435653688
2274393806.0,-1.3164418935775757,0.7317785024642944,9.076981544494627,2.7990081310272217,4.898991107940674,3.528860092163086
2274402139.0,-1.19178307056427,1.022563338279724,10.122417449951172,2.949901819229126,5.912213325500488,3.585134744644165
2274410472.0,-1.2053805589675903,1.1328314542770386,10.888444900512695,2.4157168865203857,3.973087787628174,3.534034252166748
2274418805.0,-1.3189404010772705,1.1282234191894531,10.99836254119873,1.4773393869400024,1.1160507202148438,3.756007194519043
2274427138.0,-1.361924648284912,0.9755012392997742,10.471481323242188,0.6496665477752686,-1.0763611793518066,3.5366978645324707
2274435471.0,-0.7722167372703552,1.2321043014526367,9.946187019348145,0.8893647193908691,-2.296982288360596,3.54988980293274
2274443804.0,-0.4439754486083984,1.1925792694091797,10.08124542236328,0.6409578323364258,-2.685985803604126,3.554782152175904
2274452137.0,-0.8728177547454834,1.690105676651001,9.504487037658691,0.2388911545276641,-1.743586540222168,3.1968228816986084
2274460470.0,-0.8838781118392944,1.3761224746704102,9.543481826782228,-0.2069886475801468,1.0278865098953247,3.3543763160705566
2274468803.0,-0.9434401988983154,0.462297648191452,10.00706672668457,-1.2048935890197754,3.0896785259246826,3.463211297988892
2274477136.0,-1.0246624946594238,0.4636777937412262,10.035276412963867,-1.2688522338867188,3.037015914916992,3.668586015701294
2274485469.0,-0.972794771194458,0.4526134133338928,10.594125747680664,-0.1836540699005127,1.3250627517700195,3.760002613067627
2274493802.0,-0.9164098501205444,0.3293445408344269,10.784035682678224,0.416192889213562,-1.222797989845276,3.218595266342163
2274502135.0,-0.3623048365116119,0.0772352442145347,10.574939727783203,0.4641940295696258,-3.158414840698242,3.395845890045166
2274510468.0,-0.1851359903812408,-0.6898030638694763,9.931432723999023,-0.4230703115463257,-3.791598081588745,3.5237629413604736
2274518801.0,-0.4798475503921509,-0.4717721045017242,8.552946090698242,0.1494974941015243,-2.5244369506835938,3.536954879760742
2274527134.0,-0.7338591814041138,-0.3802137672901153,8.604280471801758,1.9259216785430908,0.3120198547840118,3.888663768768311
2274535467.0,-0.6003379225730896,-0.0174461510032415,9.363558769226074,3.035530567169189,2.4813406467437744,3.729829788208008
2274543800.0,-0.6380246877670288,0.2513129413127899,9.840362548828123,3.338572263717652,2.2878763675689697,3.7362334728240967
2274552133.0,-0.5743756890296936,-0.0118625406175851,10.330564498901367,2.4506545066833496,1.0904620885849,3.9359734058380127
2274560466.0,-1.078882336616516,0.1688861399888992,9.715423583984377,2.08406400680542,-0.7713983654975891,3.720531702041626
2274568799.0,-0.6342833042144775,-0.1631935983896255,10.3469820022583,2.4196102619171143,-1.5586519241333008,3.993323564529419
2274577132.0,-0.2972104549407959,-0.6382846236228943,10.524998664855955,2.567045927047729,-2.637753963470459,4.348285675048828
2274585465.0,0.3123722970485687,-0.6060964465141296,9.98362922668457,3.106738328933716,-3.4071805477142334,4.049290657043457
2274593798.0,0.2691718637943268,-0.5992250442504883,9.47415256500244,3.97400975227356,-2.824789047241211,4.363269805908203
2274602131.0,-0.2797063291072845,-0.534081220626831,9.228998184204102,4.254716396331787,-0.5455832481384277,4.266448497772217
2274610464.0,-0.5637993812561035,-0.1988165825605392,9.25450611114502,4.254255294799805,2.970444440841675,4.522769451141357
2274618797.0,-0.6961150169372559,-0.1051579937338829,10.312174797058104,4.162198543548584,4.830678939819336,4.771510124206543
2274627130.0,-0.9490124583244324,0.957963764667511,10.283759117126465,4.474589347839356,3.9006001949310303,4.479660987854004
2274635463.0,-0.8574642539024353,1.3647894859313965,10.820773124694824,4.9033203125,1.873771071434021,4.425973892211914
2274643796.0,-0.912391722202301,1.1766242980957031,11.438258171081545,3.349688768386841,-0.6466057896614075,4.340166091918945
2274652129.0,-1.019669532775879,1.6433109045028689,10.806983947753906,1.4259315729141235,-2.0820016860961914,4.404611110687256
2274660462.0,-0.4839466214179992,1.618159294128418,10.52212619781494,0.7647513747215271,-1.7899227142333984,4.70701265335083
2274668795.0,-0.445924162864685,1.446393370628357,9.990185737609863,0.6412908434867859,-1.4979974031448364,4.458759784698486
2274677128.0,-0.6488537788391113,1.433444857597351,9.894452095031738,0.7227184772491455,0.1233197450637817,4.207561016082764
2274685461.0,-0.8321759104728699,1.0566052198410034,10.393905639648438,-0.056966058909893,2.235392808914185,4.266422748565674
2274693794.0,-0.6162306070327759,0.871160626411438,9.957658767700195,-0.912353515625,2.714046001434326,4.075647830963135
2274702127.0,-0.441598117351532,0.7241594791412354,10.07046604156494,-0.3484048247337341,1.6150672435760498,4.234071731567383
2274710460.0,-0.965424656867981,0.1490785479545593,10.508100509643556,-0.5133861303329468,0.0465538688004016,4.119319438934326
2274718793.0,-0.8943098187446594,0.2176010757684707,9.535654067993164,-0.5294462442398071,-0.3605203330516815,3.888406991958618
2274727126.0,-0.345736563205719,-0.2906541228294372,10.071578979492188,0.382279634475708,-0.3653102219104767,4.13532829284668
2274735459.0,-0.3203818202018738,-0.3938146829605102,9.913822174072266,0.7046859860420227,-1.055921196937561,3.880107879638672
2274743792.0,-0.4371298849582672,-0.1057570055127143,9.134584426879885,1.9158552885055544,-0.1256890594959259,3.7455570697784415
2274752125.0,-0.1817135661840438,-0.4279477298259735,9.512465476989746,2.802081823348999,1.2913031578063965,3.9938864707946777
2274760458.0,-0.7137218117713928,-0.0839008912444114,9.34744930267334,2.968062162399292,2.004992723464966,3.795581340789795
2274768791.0,-0.6326239109039307,0.0497094355523586,9.420373916625977,3.477759838104248,3.050950050354004,3.855364799499512
2274777124.0,-0.570176899433136,-0.5287352800369263,9.679009437561035,3.807031393051148,2.797727584838867,3.988251686096192
2274785457.0,-0.4545439481735229,-0.3644064962863922,9.84686279296875,3.959589719772339,1.2443523406982422,3.9882776737213135
2274793790.0,-0.7555745840072632,-0.2341601997613906,10.116683959960938,4.420595169067383,0.5814304351806641,4.177797317504883
2274802123.0,-0.6578565239906311,-0.0807286575436592,9.694328308105469,4.617030143737793,0.1185554936528205,4.243779182434082
2274810456.0,-0.5693121552467346,0.0837187319993972,9.416573524475098,5.04673433303833,0.9431544542312622,4.649022102355957
2274818789.0,-0.9592294096946716,0.1717188358306884,9.6412353515625,4.876169204711914,2.1116504669189453,5.058133125305176
2274827122.0,-0.9906132817268372,0.7835986614227295,9.11865234375,4.5771484375,2.476601839065552,4.637546062469482
2274835455.0,-0.9579210877418518,1.2094876766204834,9.776662826538086,4.730706691741943,2.7864320278167725,4.993073463439941
2274843788.0,-1.0008118152618408,1.3549823760986328,10.296147346496582,3.82183575630188,1.744137406349182,5.151086807250977
2274852121.0,-0.8574968576431274,1.0956772565841677,9.590760231018066,2.736048698425293,0.2654019296169281,5.087281703948975
2274860454.0,-0.6441957354545593,0.5691640973091125,9.283254623413086,2.4183809757232666,-0.5732977986335754,5.570033073425293
2274868787.0,-1.00214946269989,-0.1663821786642074,9.299721717834473,1.6022602319717407,-1.0235449075698853,5.904325008392334
2274877120.0,-1.4972490072250366,0.3683500289916992,8.473257064819336,2.1101136207580566,0.3920899331569671,5.837369441986084
2274885453.0,-1.0388271808624268,0.6837754845619202,9.179380416870115,3.414877414703369,1.8532540798187256,5.990926265716553
2274893786.0,-0.6247116327285767,0.2042028903961181,10.037952423095703,3.393156051635742,0.7859088182449341,5.889288902282715
2274902119.0,-0.6386984586715698,-0.2751371264457702,9.553314208984377,2.4628982543945312,-0.8668369650840759,6.12724494934082
2274910452.0,-0.9422845840454102,-0.6016284227371216,9.016035079956056,2.208984375,-0.8798233866691589,6.603772163391113
2274918785.0,-1.4694490432739258,-0.4348668456077575,8.644913673400879,3.183298826217652,-0.2934111058712005,6.586252689361572
2274927118.0,-1.207960605621338,0.5332093238830566,9.393390655517578,4.58186149597168,0.8231262564659119,6.83091926574707
2274935451.0,-0.2590314447879791,0.8915454149246216,10.354758262634276,5.20856523513794,-0.2626739740371704,6.6158623695373535
2274943784.0,-0.3950850069522857,0.3489764332771301,10.41613483428955,4.607758045196533,-2.034231185913086,6.549572467803955
2274952117.0,-0.5153677463531494,0.1129075288772583,9.869916915893556,3.284757137298584,-1.5022239685058594,6.811787128448486
2274960450.0,-0.7411195635795593,0.3161183893680572,9.133243560791016,3.767995595932007,0.0579778291285038,7.128635406494141
2274968783.0,-0.8353944420814514,0.9183910489082336,9.221280097961426,5.917311668395996,1.575775146484375,6.899413108825684
2274977116.0,-1.0195506811141968,1.3154503107070925,10.40903663635254,7.034964084625244,2.537999391555786,6.905458450317383
2274985449.0,-1.0142265558242798,1.0238431692123413,10.914463996887209,5.463376045227051,2.408980369567871,6.792447566986084
2274993782.0,-0.6775532364845276,1.4840871095657349,10.154184341430664,4.181741714477539,1.345093011856079,6.913832664489746
2275002115.0,-0.4486887156963348,1.815258741378784,10.556476593017578,4.439010620117188,-0.4698674976825714,7.098946571350098
2275010448.0,-0.889904260635376,1.6579031944274902,10.456546783447266,3.979313135147095,-1.5388009548187256,6.926333904266357
2275018781.0,-0.8471349477767944,1.5626643896102903,9.755199432373049,3.4866743087768555,-0.3342658281326294,7.13524341583252
2275027114.0,-0.7444710731506348,1.520629644393921,10.079564094543455,3.2848339080810547,1.3627671003341677,7.263108730316162
2275035447.0,-0.4340480268001556,1.131268858909607,10.393010139465332,2.675112724304199,2.000561714172364,7.320408821105957
2275043780.0,-0.4999787211418152,1.375702738761902,9.900877952575684,3.118699312210083,1.859196305274964,7.434082984924316
2275052113.0,-0.8754494190216064,1.5344663858413696,10.494275093078612,3.695711135864258,1.753383994102478,7.424657344818115
2275060446.0,-1.1268205642700195,1.268391728401184,10.680837631225586,2.7632763385772705,1.962396144866944,7.464974403381348
2275068779.0,-0.797836422920227,1.1138553619384766,10.23721981048584,2.221254110336304,2.115262269973755,7.528549671173096
2275077112.0,-0.4845855236053467,0.9053544998168944,9.908751487731934,2.560795783996582,1.3912497758865356,7.823521614074707
2275085445.0,-0.6144995093345642,1.0962377786636353,10.08008098602295,2.9800500869750977,0.5391925573348999,7.834024906158447
2275093778.0,-0.8662864565849304,1.1391520500183103,9.94778060913086,2.927540302276612,0.7674152255058289,7.811227321624756
2275102111.0,-0.6001851558685303,0.9467266798019408,9.412276268005373,2.9845833778381348,1.5477272272109983,7.750546932220459
2275110444.0,-0.8005167841911316,0.7506105899810791,9.795913696289062,3.026411533355713,2.7964470386505127,8.101820945739746
2275118777.0,-1.0834048986434937,0.832395076751709,9.767922401428224,2.7969086170196533,3.683853149414064,8.3882417678833
2275127110.0,-1.1134672164916992,0.6244192719459534,9.591351509094238,3.51556658744812,3.696377277374268,8.317083358764648
2275135443.0,-0.8766359090805054,0.7132041454315186,10.21860694885254,4.002160549163818,2.976771354675293,8.534369468688965
2275143776.0,-0.88612961769104,0.4820964932441711,10.295681953430176,3.7804439067840576,1.0239421129226685,8.59392261505127
2275152109.0,-1.2143794298171997,0.9041116833686828,9.330063819885254,3.8560829162597656,0.4244407713413238,8.357990264892578
2275160442.0,-1.0970444679260254,0.9209850430488586,9.363920211791992,4.416931629180908,1.4076942205429075,8.766663551330566
2275168775.0,-1.0070348978042605,0.9726060032844543,9.66588306427002,4.161532402038574,2.0852935314178467,8.769277572631836
2275177108.0,-1.1796687841415403,1.2146356105804443,9.769243240356444,3.8268308639526367,2.490433931350708,8.85995101928711
2275185441.0,-1.1838066577911377,1.1607667207717896,9.830526351928713,3.689718246459961,2.837276220321656,9.069398880004885
2275193774.0,-1.0635311603546145,1.329228162765503,9.913597106933594,3.796298503875733,2.3932275772094727,9.166194915771484
2275202107.0,-1.2488433122634888,1.5133137702941897,10.257479667663574,3.654575109481812,1.479798436164856,9.21265983581543
2275210440.0,-1.124889850616455,1.652910232543945,10.523812294006348,2.7286202907562256,0.8754048943519592,9.324414253234863
2275218773.0,-1.2235466241836548,1.735772728919983,9.94454574584961,2.030248641967773,0.7455152273178101,9.33038330078125
2275227106.0,-0.8830804228782654,1.640606164932251,10.271105766296388,1.816395163536072,1.1134378910064695,9.603635787963867
2275235439.0,-0.6497697234153748,1.3487876653671265,10.302939414978027,1.1064196825027466,1.1853883266448977,9.870047569274902
2275243772.0,-0.8195982575416565,1.0662184953689575,9.898736953735352,0.8904662132263184,1.367685079574585,10.027167320251465
2275252105.0,-0.8833826780319214,1.3663049936294556,9.732562065124512,1.310257911682129,2.0688748359680176,10.228597640991213
2275260438.0,-0.8322438597679138,0.8191619515419006,10.053861618041992,1.4744707345962524,2.3578548431396484,10.065204620361328
2275268771.0,-0.7526435256004333,0.5717623233795166,9.99867820739746,1.121019959449768,2.6588730812072754,10.331900596618652
2275277104.0,-0.9585469365119934,0.6438513398170471,9.705523490905762,1.347629189491272,2.5702991485595703,10.506768226623535
2275285437.0,-1.071888446807861,1.1566410064697266,9.53236198425293,2.645732879638672,2.655747890472412,10.173884391784668
2275293770.0,-0.8823056221008301,1.147111892700195,10.044079780578612,3.38086199760437,2.8255960941314697,10.280414581298828
2275302103.0,-0.8563017249107361,0.9581116437911988,10.175264358520508,2.609360933303833,2.2968413829803467,10.51457977294922
2275310436.0,-1.42013680934906,1.6486300230026243,9.199130058288574,2.3818037509918213,2.5532400608062744,10.293760299682615
2275318769.0,-1.4243347644805908,2.085732698440552,9.68419361114502,3.1149346828460693,3.857004880905152,10.574542999267578
2275327102.0,-1.2585750818252563,1.76598060131073,10.252132415771484,2.657643795013428,3.5395162105560303,10.603179931640623
2275335435.0,-1.5304632186889648,2.2335422039031982,10.07009220123291,1.916572451591492,3.012579917907715,10.678255081176758
2275343768.0,-1.5825594663619995,2.589296102523804,10.340412139892578,1.4126890897750854,2.655491828918457,10.687169075012209
2275352101.0,-1.6929316520690918,2.5578973293304443,10.219200134277344,0.7229235172271729,1.895825147628784,10.549750328063965
2275360434.0,-1.2707865238189695,2.464176177978516,10.03736400604248,-0.1175437271595001,1.4367666244506836,10.719443321228027
2275368767.0,-1.2770060300827026,2.257441759109497,10.111772537231444,-0.942501425743103,1.0571892261505127,11.056604385375977
2275377100.0,-1.1902894973754885,1.8309646844863887,10.00423812866211,-1.762233853340149,0.3954198062419891,11.005629539489746
2275385433.0,-1.2350592613220217,1.429640293121338,9.12893009185791,-1.871376037597656,0.8045815229415894,11.267433166503906
2275393766.0,-1.2779995203018188,1.228034496307373,9.34444522857666,-1.25309956073761,1.3633817434310913,11.34422492980957
2275402099.0,-1.370315670967102,1.119670033454895,9.447155952453612,-1.2721312046051023,1.6656556129455566,11.599550247192385
2275410432.0,-1.5396322011947632,1.191516995429993,9.394000053405762,-1.0398354530334473,1.9723857641220093,11.493504524230955
2275418765.0,-1.281546711921692,1.0887292623519895,9.747300148010254,-1.0471612215042114,1.573136806488037,11.60077667236328
2275427098.0,-1.2104321718215942,1.1194919347763062,9.782161712646484,-1.0357885360717771,0.4949567019939422,11.997056007385254
2275435431.0,-0.8541302680969238,1.3763585090637207,9.78891372680664,-0.955180525779724,-0.6412011384963989,12.121105194091797
2275443764.0,-0.829188346862793,1.1936814785003662,9.775766372680664,-0.809230625629425,-1.413444757461548,12.29087734222412
2275452097.0,-0.7903692126274109,0.9129670262336732,9.120410919189451,-0.93448406457901,-0.5677650570869446,12.154991149902344
2275460430.0,-0.7346457242965698,0.6580353379249573,9.312546730041504,-0.8052348494529724,1.1732730865478516,12.638412475585938
2275468763.0,-0.8164798021316528,0.4351658523082733,9.466557502746582,-0.4860301911830902,2.3086752891540527,12.906667709350586
2275477096.0,-1.025938868522644,0.7626973390579224,9.358379364013672,0.5549452900886536,3.0972096920013428,13.240192413330078
2275485429.0,-1.03146231174469,1.119462251663208,9.59469985961914,1.6138120889663696,2.7792344093322754,13.266291618347168
2275493762.0,-0.962861955165863,1.204329490661621,10.00426959991455,1.4456548690795898,1.844033122062683,13.247108459472656
2275502095.0,-1.1512091159820557,1.580079436302185,9.888644218444824,0.4515405595302582,0.8043767809867859,13.212963104248049
2275510428.0,-1.0939631462097168,1.7667691707611084,9.324848175048828,-0.1166728511452674,0.784986674785614,13.623661994934082
2275518761.0,-0.9231097102165222,1.8799546957015991,9.20989227294922,0.1425048261880874,1.1174085140228271,13.771636962890623
2275527094.0,-0.7631438374519348,1.6862387657165527,9.910231590270996,-0.2152621001005172,1.0707905292510986,14.045121192932127
2275535427.0,-1.0634223222732544,1.2695900201797483,9.604852676391602,-1.1173443794250488,1.3244227170944214,14.068992614746094
2275543760.0,-1.1058601140975952,0.9488112330436708,9.19534683227539,-1.4788891077041626,2.298378229141236,14.523029327392578
2275552093.0,-1.14982807636261,0.9586094617843628,9.29823112487793,-0.7934266328811646,2.8241875171661377,14.777968406677246
2275560426.0,-0.9743627905845642,0.8808363080024719,9.742093086242676,-0.086243137717247,1.7985676527023315,14.44908046722412
2275568759.0,-1.053305983543396,0.6451234221458435,9.584410667419434,-0.2121115028858184,0.845897376537323,14.554738998413086
2275577092.0,-0.7190574407577515,0.424750417470932,9.304197311401367,-0.2022244483232498,0.3723926842212677,14.916851997375488
2275585425.0,-0.9125059843063354,0.4934197068214416,9.162622451782228,0.022681413218379,0.0757285058498382,14.924099922180176
2275593758.0,-1.24250328540802,0.5827963948249817,9.50442123413086,0.2655556201934814,1.2804429531097412,15.020151138305664
2275602091.0,-1.2738730907440186,0.6896275877952576,9.311027526855469,0.7829632759094238,2.6388940811157227,15.0447416305542
2275610424.0,-1.021094560623169,0.9210224151611328,9.94254207611084,1.6559481620788574,3.4908759593963623,15.170306205749512
2275618757.0,-0.972077250480652,0.9950863122940063,10.78005599975586,1.4249073266983032,2.5812363624572754,15.235182762145996
2275627090.0,-0.9286192655563354,0.7365578413009644,10.38934326171875,0.8203344941139221,1.1091861724853516,15.110620498657228
2275635423.0,-0.8859801292419434,1.088088035583496,9.29137134552002,1.4681696891784668,0.4262081682682037,15.099940299987791
2275643756.0,-0.8149376511573792,1.1478956937789917,10.037530899047852,2.1756863594055176,0.6208763718605042,15.221172332763672
2275652089.0,-0.7489038705825806,1.0517544746398926,9.742130279541016,1.7705203294754028,1.2767033576965332,15.17245388031006
2275660422.0,-1.158605694770813,1.0463975667953491,9.109356880187988,1.6850969791412354,2.713764905929565,15.337616920471191
2275668755.0,-1.3440102338790894,1.0516279935836792,9.847301483154297,1.5969069004058838,4.47264289855957,15.63317584991455
2275677088.0,-1.320357322692871,0.7216113209724426,10.11363410949707,1.3340792655944824,4.470901966094971,15.492247581481934
2275685421.0,-1.3952996730804443,0.7623049020767212,10.08123016357422,1.899462342262268,3.520817995071411,15.62531280517578
2275693754.0,-1.3945506811141968,0.5466610789299011,10.505145072937012,2.214261293411255,1.8893191814422607,15.817062377929688
2275702087.0,-1.2054579257965088,0.545242965221405,9.9480562210083,2.4331092834472656,0.1798503845930099,15.797773361206056
2275710420.0,-1.0683284997940063,0.7879648804664612,9.638557434082031,2.712279319763184,-0.4385926723480224,16.06695556640625
2275718753.0,-0.9622194170951844,0.5182608962059021,9.708662986755373,2.716197967529297,0.1422486752271652,16.13959503173828
2275727086.0,-1.170944333076477,0.6752667427062988,9.492210388183594,2.699497938156128,1.550417184829712,16.28693199157715
2275735419.0,-1.1126527786254885,0.6303415894508362,9.805411338806152,2.982765913009644,3.155277967453003,16.8192195892334
2275743752.0,-1.2726393938064575,0.7031757831573486,9.741528511047363,3.741663932800293,3.573582887649536,16.807666778564453
2275752085.0,-1.3027271032333374,1.0655808448791504,10.03722858428955,4.4114508628845215,2.996366500854492,16.886226654052734
2275760418.0,-1.3720078468322754,1.0178457498550415,10.443872451782228,4.0902485847473145,1.953790307044983,17.20074462890625
2275768751.0,-1.4109680652618408,0.9439660906791688,10.077075004577637,3.2629337310791016,0.6754090189933777,17.26009178161621
2275777084.0,-1.1263136863708496,1.2444522380828855,9.828343391418455,3.4682066440582275,0.0299558565020561,17.488264083862305
2275785417.0,-0.755233883857727,1.1561095714569092,9.881582260131836,4.072446346282959,-0.5258859992027283,17.571178436279297
2275793750.0,-0.7330588698387146,0.9184443354606628,9.73947048187256,4.204949855804443,-0.3272987902164459,17.70209312438965
2275802083.0,-0.6682197451591492,1.189602971076965,9.631254196166992,3.9926583766937256,0.873176634311676,17.970067977905273
2275810416.0,-0.4725474715232849,1.21712327003479,9.586523056030272,4.217039585113525,1.988369464874268,18.093503952026367
2275818749.0,-0.4957687854766845,1.427038073539734,9.63246250152588,4.448976039886475,2.8017499446868896,17.993122100830078
2275827082.0,-0.4066772162914276,1.284952163696289,9.889751434326172,4.575253963470459,2.859919786453247,18.29790496826172
2275835415.0,-0.536243200302124,1.3220903873443604,9.603291511535645,4.530608654022217,2.449221134185791,18.25489997863769
2275843748.0,-0.4711878299713135,1.4661998748779297,9.68108081817627,4.653506278991699,2.421019554138184,18.54997634887696
2275852081.0,-0.6718533635139465,1.3372523784637451,9.660126686096191,4.478970050811768,2.6141510009765625,18.61211395263672
2275860414.0,-0.8333739638328552,1.406735897064209,9.327824592590332,4.500870704650879,3.092317819595337,18.62277030944824
2275868747.0,-1.1743924617767334,2.181205987930298,9.446260452270508,5.2292890548706055,4.387143611907959,18.60607147216797
2275877080.0,-1.2497003078460691,2.0694050788879395,10.457746505737305,4.858368396759033,4.8874921798706055,18.44305992126465
2275885413.0,-1.3624435663223269,2.5330166816711426,9.766850471496582,3.997985601425171,4.675713062286377,18.179643630981445
2275893746.0,-1.347246766090393,2.8083178997039795,10.032702445983888,3.836718797683716,4.14567756652832,18.42943382263184
2275902079.0,-1.220649003982544,2.7491486072540283,10.23529052734375,2.677060127258301,3.0056910514831543,18.47672271728516
2275910412.0,-1.5008816719055176,2.857701539993286,9.69382667541504,1.7659355401992798,2.0208740234375,18.496620178222656
2275918745.0,-1.5143707990646362,2.488238573074341,9.868998527526855,0.940695822238922,2.294767379760742,18.52000617980957
2275927078.0,-1.7814381122589111,2.1765408515930176,9.399665832519531,0.4873750507831573,2.5748331546783447,18.44457244873047
2275935411.0,-1.7277308702468872,1.965533137321472,9.786130905151367,0.5057916641235352,3.1233880519866943,18.67279624938965
2275943744.0,-1.4968831539154053,1.8656450510025024,10.03693389892578,0.4148866832256317,2.710947275161743,18.664215087890625
2275952077.0,-1.1787055730819702,1.3231840133666992,10.115574836730955,0.3349190354347229,0.9949467182159424,18.462963104248047
2275960410.0,-1.1131081581115725,1.622366189956665,9.750595092773438,0.5422406792640686,0.3261589407920837,18.69477081298828
2275968743.0,-1.1633244752883911,1.283935546875,10.067049026489258,0.8724595904350281,0.1216036230325698,18.825586318969727
2275977076.0,-1.1566126346588137,1.6639890670776367,9.52747631072998,1.158596396446228,0.7768928408622742,18.79753875732422
2275985409.0,-1.0006107091903689,1.858987092971801,9.710308074951172,2.020003080368042,2.1682071685791016,18.94425392150879
2275993742.0,-1.2151671648025513,2.072011709213257,10.337430953979492,2.0277130603790283,2.9108152389526367,18.74382400512696
2276002075.0,-1.3195219039916992,2.283371925354004,10.369013786315918,1.317020297050476,3.5718934535980225,18.59661865234375
2276010408.0,-1.1487611532211304,2.3899850845336914,10.41391658782959,1.237488031387329,3.698273897171021,18.88470268249512
2276018741.0,-1.157233476638794,1.9252500534057613,10.676204681396484,0.9596758484840392,2.2469193935394287,18.83969688415528
2276027074.0,-1.293984055519104,2.1353647708892822,10.01030445098877,0.9101637005805968,1.6899123191833496,19.02798652648925
2276035407.0,-1.2926784753799438,1.8160902261734009,10.300898551940918,0.9686154127120972,1.805227756500244,19.17544937133789
2276043740.0,-1.7180559635162354,1.74586021900177,9.878057479858398,0.4326885938644409,1.9314547777175903,19.11420631408692
2276052073.0,-1.526045322418213,1.8287341594696045,9.946499824523926,0.3121223449707031,3.275869131088257,19.382179260253903
2276060406.0,-1.3734904527664185,1.666244387626648,10.185300827026367,0.2463706135749817,2.899775743484497,19.31548309326172
2276068739.0,-1.3598577976226809,2.158975601196289,9.750146865844728,0.3725719749927521,1.9568383693695068,19.227523803710938
2276077072.0,-1.0797016620635986,2.2588605880737305,10.24166774749756,0.36078941822052,1.4850497245788574,19.818546295166016
2276085405.0,-1.1035175323486328,2.2146780490875244,10.122539520263672,-0.5635133385658264,0.3230084180831909,19.86859703063965
2276093738.0,-0.9757145047187804,2.171914577484131,9.414721488952637,-1.0243393182754517,0.2721641659736633,19.98755073547364
2276102071.0,-1.2699220180511477,1.6700955629348757,9.38636589050293,-1.3117053508758545,1.129575252532959,20.22312355041504
2276110404.0,-1.3070406913757324,1.532021403312683,9.20619773864746,-1.6566267013549805,2.0769693851470947,20.03616523742676
2276118737.0,-1.231177568435669,1.891821265220642,9.116744995117188,-0.8691169023513794,2.9014663696289062,20.307268142700195
2276127070.0,-0.9971755146980286,1.3466249704360962,10.391853332519531,-0.9912456274032592,2.1931045055389404,20.373071670532227
2276135403.0,-1.232629418373108,1.4228333234786987,9.568429946899414,-1.8360289335250848,0.8432080745697021,20.18800544738769
2276143736.0,-1.0703885555267334,1.099217653274536,9.01860237121582,-1.5809366703033447,0.563782274723053,20.32944679260254
2276152069.0,-0.9058536887168884,0.8315581679344177,9.356362342834473,-1.2754870653152466,0.4104042947292328,20.4720458984375
2276160402.0,-1.1435281038284302,0.5829407572746277,9.113146781921388,-1.0737745761871338,0.1756752878427505,20.357290267944336
2276168735.0,-1.0762686729431152,0.7890532612800598,9.024065017700195,-0.2051444947719574,1.3169690370559692,20.56656074523925
2276177068.0,-0.9286579489707948,0.8520466089248657,9.404976844787598,0.5729009509086609,1.7461100816726685,20.73113250732422
2276185401.0,-1.4892528057098389,0.9349066615104676,9.63565158843994,0.515012800693512,2.3174357414245605,20.533287048339844
2276193734.0,-1.4018564224243164,1.2910085916519165,10.007450103759766,0.2577689290046692,2.8981618881225586,20.44944953918457
2276202067.0,-1.210953950881958,1.04382061958313,9.732195854187012,0.3052065074443817,1.911347508430481,20.306241989135746
2276210400.0,-1.0482165813446045,0.7556884288787842,9.911664962768556,0.562194287776947,0.4467508494853973,20.548912048339844
2276218733.0,-0.6169454455375671,0.3354993760585785,9.981361389160156,0.2991359531879425,-0.7300828099250793,20.78740692138672
2276227066.0,-0.8807130455970764,-0.2106435894966125,8.869364738464355,0.6476176977157593,-1.1338144540786743,20.908355712890625
2276235399.0,-0.7479838132858276,-0.3460801243782043,8.642740249633789,1.770187497138977,0.1149695217609405,21.24403190612793
2276243732.0,-1.1428653001785278,-0.1134040802717208,8.959224700927734,3.060222864151001,1.75230872631073,21.335521697998047
2276252065.0,-0.9486322999000548,0.2197845876216888,9.28685474395752,3.955082654953003,3.049234628677368,21.25727272033692
2276260398.0,-0.6189285516738892,0.3002166748046875,9.728360176086426,4.398107051849365,2.964938879013061,21.506759643554688
2276268731.0,-0.7662567496299744,0.2312078028917312,10.106181144714355,4.177978038787842,1.299320936203003,21.799785614013672
2276277064.0,-0.6920945048332214,0.1820899993181228,9.290172576904297,4.016582489013672,0.3402212262153625,21.989482879638672
2276285397.0,-0.5950027704238892,0.6006240248680115,8.87553882598877,5.373984336853027,0.4782564043998718,22.306102752685547
2276293730.0,-0.5910071134567261,0.9326702952384948,9.589513778686523,6.35657262802124,1.00304114818573,22.43094825744629
2276302063.0,-0.8818152546882629,1.786647081375122,9.429970741271973,6.406314849853516,2.0911853313446045,22.36785697937012
2276310396.0,-0.8084942698478699,2.701664686203003,9.58645248413086,6.421811580657959,3.891226291656494,22.382789611816406
2276318729.0,-0.9007477164268494,2.8416640758514404,10.21757984161377,5.481845855712891,4.80209493637085,22.55402183532715
2276327062.0,-1.23106050491333,2.726717472076416,10.512136459350586,3.665923595428467,4.623307228088379,22.61554718017578
2276335395.0,-1.416679620742798,3.0846967697143555,10.21214485168457,2.3755550384521484,4.286300659179688,22.64380073547364
2276343728.0,-1.281240463256836,2.909792423248291,10.30633544921875,1.9377820491790767,3.03983473777771,22.92922019958496
2276352061.0,-1.3384581804275513,3.3068997859954834,10.24449634552002,1.4858438968658447,1.3968087434768677,22.80975151062012
2276360394.0,-0.966739535331726,2.773206949234009,10.170541763305664,0.4497733116149902,0.0306730549782514,22.76508140563965
2276368727.0,-0.810477614402771,2.072090148925781,9.605709075927734,-0.7514708042144775,-0.368204802274704,22.632686614990234
2276377060.0,-1.17004132270813,1.4925073385238647,9.497533798217772,-1.7255804538726809,0.9895423650741576,22.62469291687012
2276385393.0,-1.441408395767212,1.553187131881714,9.249939918518066,-1.037402629852295,3.3278160095214844,22.7949275970459
2276393726.0,-1.3585268259048462,1.322912573814392,9.603948593139648,0.9376222491264344,4.933316230773926,22.863927841186523
2276402059.0,-1.1426796913146973,1.6615225076675415,10.815540313720703,2.001382112503052,4.595977306365967,22.692750930786133
2276410392.0,-0.8961172699928284,1.5526198148727417,11.071847915649414,1.1550872325897217,2.329885005950928,22.534404754638672
2276418725.0,-0.8883008360862732,1.5139589309692385,10.205944061279297,0.2263402789831161,-0.0830669999122619,22.183767318725582
2276427058.0,-0.8671271204948425,1.2561708688735962,9.853615760803224,0.4053325951099396,-0.2679761946201324,22.113508224487305
2276435391.0,-0.8093327283859253,1.0878175497055054,9.64789581298828,0.9392104744911194,1.0691001415252686,22.241554260253903
2276443724.0,-0.9231409430503844,1.2717905044555664,9.466523170471191,2.1394171714782715,3.2763826847076416,22.61401557922364
2276452057.0,-0.9639395475387572,1.2048755884170532,9.556355476379396,3.0255672931671143,5.020302772521973,22.87934875488281
2276460390.0,-1.3971394300460815,1.0704442262649536,10.172475814819336,3.2165727615356445,5.917646408081055,22.703840255737305
2276468723.0,-1.0570449829101562,1.063664793968201,10.400925636291504,2.818553686141968,5.52672290802002,23.06971740722656
2276477056.0,-1.0705955028533936,1.2018455266952517,9.96518325805664,3.2792251110076904,3.2820427417755127,23.102293014526367
2276485389.0,-0.997523546218872,1.8800822496414185,9.981210708618164,4.401718616485596,1.5350747108459473,23.04581642150879
2276493722.0,-1.3373740911483765,1.978790283203125,10.19667148590088,4.146652221679688,1.3937608003616333,23.117151260375977
2276502055.0,-1.4467633962631226,1.6368677616119385,9.944608688354492,2.6604108810424805,2.3228919506073,22.956729888916016
2276510388.0,-1.4767972230911257,2.154195785522461,9.124147415161133,2.434621334075928,4.757730960845947,23.241817474365234
2276518721.0,-1.4456262588500977,2.143552541732788,10.148093223571776,3.2438008785247803,5.645853519439697,23.37939071655273
2276527054.0,-1.7832438945770264,2.449331521987915,10.300653457641602,3.077360153198242,4.654634952545166,23.2023983001709
2276535387.0,-1.820966362953186,2.3690576553344727,10.383139610290527,2.6243717670440674,3.884490728378296,23.27311897277832
2276543720.0,-1.7464007139205933,2.120319604873657,10.243752479553224,1.162822723388672,2.509338140487671,23.531309127807617
2276552053.0,-1.950056076049805,2.0837624073028564,9.492897987365724,0.6843229532241821,1.2803409099578855,23.497318267822266
2276560386.0,-1.91254472732544,2.5000767707824707,9.498771667480469,0.9994295835494996,1.100170373916626,23.622472763061523
2276568719.0,-2.120979785919189,2.613065958023072,9.87702751159668,1.0504785776138306,1.024070382118225,23.39181137084961
2276577052.0,-1.7757974863052368,3.0824291706085205,10.033355712890623,0.1554400622844696,1.0792690515518188,23.173656463623047
2276585385.0,-1.9015905857086184,3.207989454269409,10.42951488494873,-1.16567862033844,1.4653526544570925,23.32390785217285
2276593718.0,-1.6523891687393188,2.8769302368164062,10.255538940429688,-2.4074060916900635,0.925967812538147,23.213178634643555
2276602051.0,-1.5115777254104614,2.703803539276123,9.76517391204834,-2.6914427280426025,0.280232697725296,23.446117401123047
2276610384.0,-1.463354229927063,2.1902079582214355,9.948537826538086,-2.847792387008667,-0.3489172756671905,23.54626846313477
2276618717.0,-1.4778051376342771,1.5558247566223145,9.233119010925291,-3.316046714782715,-1.220262885093689,23.42350006103516
2276627050.0,-1.2848505973815918,1.3782767057418823,9.029329299926758,-2.817106008529663,-0.8214744925498962,23.47270393371582
2276635383.0,-1.0952266454696655,0.7046799063682556,9.338789939880373,-2.539857149124145,-0.7225777506828308,23.82848358154297
2276643716.0,-1.5310451984405518,0.4265540838241577,8.956565856933594,-1.9892281293869016,-0.3929737508296966,23.68584251403809
2276652049.0,-1.4427942037582395,0.5453338027000427,8.979305267333984,-0.6274210214614868,0.7378568053245544,23.676645278930664
2276660382.0,-1.18916654586792,0.3244849741458893,9.862236976623535,0.0690944418311119,0.6871150732040405,23.757253646850582
2276668715.0,-1.1519653797149658,0.6256710290908813,9.845717430114746,0.4992857277393341,-0.533621609210968,23.530641555786133
2276677048.0,-1.0431867837905884,1.0548508167266846,9.98961353302002,1.0342391729354858,-0.6070833206176758,23.757686614990234
2276685381.0,-1.4589731693267822,1.2379244565963743,9.93622589111328,1.1405127048492432,-0.6597204804420471,23.58327865600586
2276693714.0,-1.035711407661438,1.803422808647156,9.536622047424316,1.4306710958480835,0.0767787098884582,23.61020278930664
2276702047.0,-0.690396249294281,1.690003514289856,10.19329071044922,1.7488256692886353,0.3977508544921875,24.0792236328125
2276710380.0,-1.164901852607727,1.1425319910049438,10.382779121398926,0.8939756751060486,-0.0709002315998077,23.886219024658203
2276718713.0,-1.2385544776916504,1.542203664779663,9.632779121398926,0.5124770402908325,1.15654718875885,24.252450942993164
2276727046.0,-1.2340569496154783,1.6644294261932373,10.493059158325195,0.9391080141067504,1.8863228559494016,24.58185195922852
2276735379.0,-1.348630428314209,2.005665779113769,10.418417930603027,0.8216665983200073,0.8786583542823792,23.82623291015625
2276743712.0,-1.2260388135910034,1.9178009033203125,10.3014497756958,0.4692145884037018,0.600103497505188,23.879228591918945
2276752045.0,-1.246941089630127,1.201622486114502,10.398968696594238,-0.6852579712867737,0.417576253414154,24.05463409423828
2276760378.0,-1.5787906646728516,1.329013109207153,9.582182884216309,-1.262244462966919,0.6472848057746887,24.20247840881348
2276768711.0,-1.2102729082107544,1.3958978652954102,9.642315864562988,-0.4386952519416809,1.1150522232055664,24.54934883117676
2276777044.0,-0.871492862701416,0.7078554630279541,9.974872589111328,-0.1178767681121826,0.1544667333364486,24.720272064208984
2276785377.0,-1.2223025560379028,0.980935037136078,9.434281349182127,-0.0759974643588066,-0.689407467842102,24.60759353637696
2276793710.0,-1.2725169658660889,1.0262478590011597,9.570342063903809,0.1335911303758621,0.1794150173664093,24.693300247192383
2276802043.0,-1.1748653650283811,0.8306077718734741,9.657522201538086,0.5809695720672607,0.3816651105880737,24.312055587768555
2276810376.0,-1.4005628824234009,0.9893655180931092,10.00157642364502,0.870769202709198,1.295299768447876,24.254297256469727
2276818709.0,-1.11553692817688,1.3525267839431765,10.08283805847168,1.011519432067871,1.796083688735962,24.41792106628418
2276827042.0,-1.1350066661834717,1.4544358253479004,10.04185962677002,1.5370213985443115,0.8450525403022766,24.191774368286133
2276835375.0,-0.7470130324363708,1.6505112648010254,10.394293785095217,1.3522400856018066,0.2470878362655639,24.27727508544922
2276843708.0,-0.6001824140548706,0.7840794920921326,10.296198844909668,0.5767431855201721,-0.8060291409492493,24.13582992553711
2276852041.0,-0.8815031051635742,1.2391493320465088,9.073862075805664,0.834038257598877,-0.5068547129631042,23.97758674621582
2276860374.0,-1.154171586036682,1.5884604454040527,9.275840759277344,2.054352283477783,1.7191386222839355,24.38923072814941
2276868707.0,-1.2744977474212646,1.3576098680496216,9.717975616455078,2.2000715732574463,2.882896423339844,23.888628005981445
2276877040.0,-1.3036701679229736,1.3230774402618408,9.43970775604248,1.6499546766281128,3.4735615253448486,24.07658767700196
2276885373.0,-1.2972900867462158,0.8645445108413696,10.315112113952637,1.1369013786315918,3.5740456581115723,24.45037651062012
2276893706.0,-1.4593528509140017,1.0544196367263794,10.19924545288086,0.885394811630249,1.3293410539627075,23.780075073242188
2276902039.0,-1.1573704481124878,1.8861160278320312,9.646485328674316,2.5717344284057617,0.028060408309102,23.857149124145508
2276910372.0,-1.3821845054626465,1.472915530204773,10.452653884887695,2.7472941875457764,-0.8232162594795227,23.90460968017578
2276918705.0,-1.423376441001892,1.6975665092468262,9.950783729553224,0.9872116446495056,-0.3305262625217438,23.45974349975586
2276927038.0,-1.2129298448562622,1.5928059816360474,9.0941801071167,0.3765422999858856,1.3979361057281494,23.83176612854004
2276935371.0,-0.8421561121940613,1.8037896156311035,9.602202415466309,0.9801676869392396,1.9260506629943848,23.96296119689941
2276943704.0,-1.2659841775894165,2.057804107666016,9.94158935546875,1.4863563776016235,1.3663792610168457,23.541479110717773
2276952037.0,-1.425611138343811,2.1118905544281006,10.223793983459473,1.282441020011902,1.5554120540618896,23.53071594238281
2276960370.0,-1.1771262884140017,1.33588707447052,10.141148567199709,0.3297193944454193,1.2411510944366455,23.461816787719727
2276968703.0,-1.3154417276382446,1.1379367113113403,9.716512680053713,-0.1456938236951828,0.824919581413269,23.414838790893555
2276977036.0,-0.9474023580551147,0.9949715733528136,9.51301097869873,0.3787707090377807,0.5151410102844238,23.590965270996094
2276985369.0,-0.8205813765525818,0.8554630875587463,9.37295150756836,1.2434308528900146,-0.112446554005146,23.51627540588379
2276993702.0,-1.1265153884887695,0.9014163017272948,9.357022285461426,1.4724477529525757,0.0193259492516517,23.54111862182617
2277002035.0,-1.0679516792297363,0.7769913673400879,9.159180641174316,1.2867701053619385,0.9158501625061036,23.476442337036133
2277010368.0,-1.162885308265686,0.6879327893257141,8.645824432373047,1.893571615219116,1.5393520593643188,23.45958709716797
2277018701.0,-1.1898001432418823,0.6266217231750488,9.159276962280272,2.5656895637512207,2.171895980834961,23.753538131713867
2277027034.0,-1.2360990047454834,0.7360134124755859,9.810787200927734,2.8295931816101074,1.792292833328247,23.680150985717773
2277035367.0,-1.2029633522033691,0.5458223223686218,9.44284725189209,2.90203070640564,0.6504355072975159,23.63653564453125
2277043700.0,-0.800106406211853,0.5412964820861816,9.410444259643556,3.424765586853028,-0.0809410214424133,24.1128044128418
2277052033.0,-0.7962746024131775,0.6674579977989197,9.339068412780762,3.757136106491089,-1.1922919750213623,24.22714614868164
2277060366.0,-1.2647356986999512,0.9997983574867249,8.954120635986328,3.971758365631104,-0.5611569285392761,24.30770492553711
2277068699.0,-1.231283187866211,0.6257902383804321,9.031094551086426,3.810184001922608,0.8702313899993896,24.49950790405273
2277077032.0,-0.8243507742881775,0.5203415155410767,9.261001586914062,3.8548550605773926,1.6064103841781616,24.560029983520508
2277085365.0,-0.6923314929008484,0.4461700022220611,9.597037315368652,4.255871772766113,1.3044440746307373,25.12241744995117
2277093698.0,-1.243710994720459,0.7815204858779907,9.62267017364502,4.69000768661499,0.6259995102882385,25.03891563415528
2277102031.0,-1.2146438360214231,1.2498490810394287,9.008183479309082,5.480463027954102,0.3511329591274261,24.749679565429688
2277110364.0,-1.082578420639038,1.3718785047531128,9.255000114440918,5.78276252746582,0.5542795658111572,25.088735580444336
2277118697.0,-0.9785496592521667,1.1919701099395752,10.038818359375,4.527843952178955,0.0658414289355278,25.026594161987305
2277127030.0,-1.1267112493515017,1.3308061361312866,9.02354621887207,3.588286876678467,-0.1762772649526596,25.03238105773925
2277135363.0,-0.9357427954673768,0.8861383199691772,8.87824821472168,4.2947540283203125,0.1335398852825164,25.470436096191406
2277143696.0,-1.050185203552246,1.1939948797225952,9.379780769348145,5.187077045440674,0.0159704834222793,25.5808334350586
2277152029.0,-1.30931293964386,1.3657315969467163,9.92615032196045,5.111847877502441,0.2304386049509048,25.68175506591797
2277160362.0,-1.2275642156600952,1.590892672538757,9.927350044250488,4.308355331420898,0.5329685211181641,25.64625358581543
2277168695.0,-1.270290493965149,1.8497198820114136,9.77875804901123,4.259227275848389,0.2576921880245209,25.43732070922852
2277177028.0,-0.610840380191803,1.6771577596664429,10.030357360839844,4.073984622955322,-0.3455362319946289,25.35450935363769
2277185361.0,-0.6611389517784119,1.447287917137146,10.281890869140623,3.6703298091888414,-1.5184382200241089,25.35294532775879
2277193694.0,-0.7760732173919678,1.7801896333694458,9.55290412902832,3.43990445137024,-1.482783317565918,25.31621551513672
2277202027.0,-1.3650792837142944,2.028542995452881,9.245676040649414,3.960386276245117,0.418447196483612,25.698768615722656
2277210360.0,-1.3542357683181765,1.7320605516433716,9.571393966674805,3.598405361175537,1.7486463785171509,25.43411636352539
2277218693.0,-0.7851583361625671,1.2415540218353271,9.188420295715332,3.540183782577514,1.7756949663162231,25.24902534484864
2277227026.0,-0.7570274472236633,1.4212523698806765,10.113662719726562,3.789462089538574,0.3899641633033752,25.1500301361084
2277235359.0,-1.081133246421814,2.00305724143982,10.689407348632812,3.6650023460388175,-0.2418753504753112,25.057716369628903
2277243692.0,-1.4900420904159546,2.592355251312256,10.16800022125244,4.009129047393799,0.124677337706089,24.819908142089844
2277252025.0,-1.1529018878936768,3.4849698543548584,10.745844841003418,4.410710334777832,0.952504336833954,24.38744354248047
2277260358.0,-0.8659477233886719,3.074064254760742,11.199164390563965,3.3243062496185303,0.9154915809631348,24.08342361450196
2277268691.0,-0.9031778573989868,2.4578399658203125,10.517470359802246,1.6872488260269165,0.3947539329528808,23.645240783691406
2277277024.0,-0.8293481469154358,2.556645393371582,9.684552192687988,2.0640087127685547,0.6106564402580261,23.54452514648437
2277285357.0,-1.43551504611969,2.1408846378326416,9.24827480316162,3.1103761196136475,1.0661033391952517,23.27362823486328
2277293690.0,-1.758516550064087,2.408174753189087,9.622515678405762,3.788129568099976,2.447223663330078,22.69152069091797
2277302023.0,-1.558835744857788,3.11965012550354,9.74507999420166,3.6408984661102295,3.2307121753692627,22.563396453857425
2277310356.0,-1.7576347589492798,3.1067609786987305,10.920624732971191,3.521459579467773,2.2661051750183105,22.23215675354004
2277318689.0,-1.680640697479248,4.147324085235596,12.225711822509766,1.7151168584823608,1.1221216917037964,21.75157928466797
2277327022.0,-1.1357343196868896,4.116876125335693,12.101655006408691,0.0827212110161781,-0.1770712882280349,21.52061653137207
2277335355.0,-0.6992713809013367,3.7361438274383545,10.65310764312744,-0.0904695093631744,-1.883902192115784,20.97103500366211
2277343688.0,-0.7242735624313354,3.768399715423584,10.846796989440918,-0.0993832647800445,-1.033867597579956,21.169416427612305
2277352021.0,-0.3621137738227844,3.3484456539154053,11.406255722045898,-2.248187780380249,0.6349643468856812,21.59853172302246
2277360354.0,-0.7580058574676514,3.0597128868103027,10.361125946044922,-3.409179210662842,1.865626335144043,21.29205894470215
2277368687.0,-0.8567962646484375,2.7210516929626465,9.905076026916504,-3.640860080718994,4.042016983032227,21.54233741760254
2277377020.0,-1.0016868114471436,1.767846703529358,10.076796531677246,-3.5863277912139893,5.050425052642822,21.7261962890625
2277385353.0,-1.3994282484054563,1.6640111207962036,10.304414749145508,-4.100149631500244,4.8664631843566895,21.684574127197266
2277393686.0,-1.3248757123947144,1.7631776332855225,10.82516098022461,-4.592557430267334,4.5957207679748535,22.43458366394043
2277402019.0,-1.1082948446273804,1.305694341659546,10.29889678955078,-4.705516338348389,2.22927188873291,22.611553192138672
2277410352.0,-1.0567688941955566,1.428452968597412,9.67784023284912,-4.223738193511963,0.3253906071186065,22.7111930847168
2277418685.0,-1.2396539449691772,1.0420993566513062,10.160730361938477,-4.725188732147217,0.5620149970054626,23.22263526916504
2277427018.0,-1.3854140043258667,1.0030416250228882,9.813793182373049,-5.595150947570801,1.4987025260925293,23.17243003845215
2277435351.0,-0.8456310629844666,1.255920648574829,9.316909790039062,-4.6117939949035645,2.7359986305236816,23.41527557373047
2277443684.0,-1.0890287160873413,0.7803900837898254,9.850630760192873,-3.5723681449890137,3.638670682907105,23.92513084411621
2277452017.0,-1.438612461090088,0.716869592666626,10.142586708068848,-4.259265422821045,3.712132215499878,24.185089111328125
2277460350.0,-1.1351196765899658,0.790533185005188,9.999634742736816,-4.433953762054443,3.7201743125915527,24.54883575439453
2277468683.0,-0.8077561855316162,0.4505384564399719,10.55287265777588,-3.957785606384277,2.017083644866944,24.49407386779785
2277477016.0,-0.9936225414276124,0.4407995343208313,10.46272087097168,-3.4427852630615234,0.7194658517837524,24.21820640563965
2277485349.0,-1.0523275136947632,0.8069727420806885,9.424712181091309,-2.596132278442383,1.5668108463287354,24.506420135498047
2277493682.0,-0.8863860964775085,0.7450907826423645,9.182790756225586,-1.705857753753662,2.783922910690308,24.573272705078125
2277502015.0,-1.0116360187530518,1.0883506536483765,9.390954971313477,-1.464725136756897,3.898347616195679,24.46784400939941
2277510348.0,-0.6990945935249329,0.155058667063713,10.164871215820312,-2.3184735774993896,4.170088768005371,24.50757026672364
2277518681.0,-1.079321265220642,0.0396390482783317,9.232563018798828,-2.3133506774902344,3.434703826904297,24.153018951416016
2277527014.0,-1.011712670326233,0.5184208750724792,8.8433198928833,0.0278298780322074,3.5594706535339355,24.22081756591797
2277535347.0,-0.8467462658882141,0.156378224492073,9.481772422790527,1.3261135816574097,3.25204873085022,24.20647621154785
2277543680.0,-0.8257960677146912,0.2146490067243576,9.481645584106444,0.9592919945716858,2.236879348754883,23.94554328918457
2277552013.0,-1.0035392045974731,0.66371089220047,8.915850639343262,0.6582733392715454,2.6633310317993164,24.19638442993164
2277560346.0,-1.0078580379486084,0.3500352501869201,9.302075386047363,0.9079098701477052,3.3389837741851807,23.806432723999023
2277568679.0,-1.0071516036987305,0.2945659756660461,9.015218734741213,1.277446746826172,3.3621139526367188,23.566686630249023
2277577012.0,-0.6049131155014038,0.2401589155197143,9.47841453552246,1.9728987216949463,3.4143662452697754,23.69267845153809
2277585345.0,-0.5855017304420471,0.4612781405448913,9.1969575881958,2.399068593978882,2.4459683895111084,23.35141944885254
2277593678.0,-0.8362420797348022,0.7335217595100403,8.845096588134766,2.730670928955078,2.2488670349121094,23.36909294128418
2277602011.0,-0.9270747303962708,0.656725287437439,9.204626083374023,2.293743133544922,3.063246488571167,23.39745140075684
2277610344.0,-0.8656397461891174,0.0616925023496151,9.190131187438965,1.4585134983062744,3.2826833724975586,23.072555541992188
2277618677.0,-0.8716294765472412,0.4968105852603912,8.888289451599121,1.910656213760376,3.754958868026733,22.990873336791992
2277627010.0,-1.2180006504058838,0.3387865126132965,9.81975269317627,2.882972717285156,3.9649949073791504,22.85186195373535
2277635343.0,-1.1307096481323242,0.6745886206626892,9.36048984527588,2.945676565170288,3.202561855316162,22.419113159179688
2277643676.0,-0.9395355582237244,0.6914181709289551,9.429423332214355,3.096109390258789,2.8743152618408203,22.40425682067871
2277652009.0,-0.953799843788147,0.319335401058197,9.804033279418944,2.062830209732056,2.030095338821411,22.316526412963867
2277660342.0,-0.7903207540512085,0.5281649827957153,9.23219394683838,1.8926236629486084,1.486509919166565,22.08202743530273
2277668675.0,-0.7472881078720093,0.3638096451759338,9.269679069519045,2.6956558227539062,1.8279474973678589,22.28512191772461
2277677008.0,-1.1075055599212646,0.6760594248771667,9.187737464904783,3.0269250869750977,2.284982919692993,21.932748794555664
2277685341.0,-1.4111863374710083,1.189221739768982,8.8533935546875,3.745327949523926,3.749963760375977,21.60027503967285
2277693674.0,-1.2468191385269165,0.8572521805763245,9.838558197021484,3.44710111618042,4.572078227996826,21.53480529785156
2277702007.0,-1.489208698272705,0.8101447820663452,10.10422134399414,2.0995357036590576,3.7200207710266113,21.29062461853028
2277710340.0,-1.8103994131088257,1.3401098251342771,9.615411758422852,2.1052727699279785,3.17866325378418,21.2381649017334
2277718673.0,-1.4076619148254397,1.0959234237670898,10.018142700195312,2.873777151107788,2.041929244995117,21.103330612182617
2277727006.0,-0.8348529934883118,0.8853816390037537,10.23627758026123,2.9394264221191406,-0.3067817986011505,20.56125831604004
2277735339.0,-0.6998303532600403,1.009558916091919,9.94527816772461,2.303757667541504,-1.3302757740020752,20.842527389526367
2277743672.0,-0.9327800869941713,0.9764600396156312,9.15262508392334,1.7921648025512695,-0.1638543307781219,20.97651481628418
2277752005.0,-1.0457719564437866,1.1099563837051392,8.706096649169922,2.3989152908325195,1.9771766662597656,20.69845199584961
2277760338.0,-0.9462139010429382,0.8846479654312134,10.004773139953612,3.079587936401367,3.997448444366455,20.70615768432617
2277768671.0,-0.908378541469574,0.1528108566999435,10.512988090515137,2.2701520919799805,3.7946858406066895,20.748497009277344
2277777004.0,-1.1613792181015017,0.4936700761318207,9.407954216003418,2.681567907333374,2.690225601196289,20.478063583374023
2277785337.0,-1.464181423187256,0.9679605960845948,9.516275405883787,3.936461210250856,2.1437456607818604,20.51082420349121
2277793670.0,-0.9712858200073242,1.1077710390090942,10.189154624938965,4.060664653778076,0.9404653906822203,20.408185958862305
2277802003.0,-1.2845369577407837,0.960933268070221,10.41017246246338,3.1407034397125244,0.3129164576530456,20.293819427490234
2277810336.0,-0.9119890332221984,1.1998108625411987,10.014466285705566,2.301632165908813,0.4414743185043335,20.422632217407227
2277818669.0,-0.6050405502319336,1.2291133403778076,9.170642852783203,3.075617790222168,0.6456454396247864,20.26728630065918
2277827002.0,-0.7883886694908142,1.2888529300689695,9.805091857910156,3.729062557220459,1.3723986148834229,20.50234603881836
2277835335.0,-1.0952526330947876,1.423694372177124,10.26144027709961,3.1785097122192383,2.1247398853302,20.27309799194336
2277843668.0,-1.227944016456604,1.5057823657989502,9.780699729919434,2.755234241485596,2.867553234100342,19.89193153381348
2277852001.0,-1.1132053136825562,1.373931050300598,10.305834770202637,2.620247364044189,3.5297584533691406,20.10965156555176
2277860334.0,-1.4903467893600464,1.35247802734375,10.68055534362793,2.1863932609558105,2.645580053329468,19.74457359313965
2277868667.0,-1.4734984636306765,1.678261637687683,9.997753143310549,2.373531103134156,1.7562536001205444,19.34394073486328
2277877000.0,-0.5583063364028931,1.5726789236068726,10.64488410949707,2.847752571105957,0.6880624890327454,19.458511352539062
2277885333.0,-0.9510769844055176,1.2677576541900637,10.88280963897705,1.6700613498687744,-0.6965537667274475,19.34381103515625
2277893666.0,-1.2006529569625854,1.162614107131958,9.580230712890623,0.5413442254066467,0.2367396354675293,19.30464744567871
2277901999.0,-1.015662670135498,1.013599872589111,8.985780715942383,1.506745219230652,2.3080358505249023,19.29299736022949
2277910332.0,-1.163980484008789,0.9435302019119264,9.92233180999756,2.403141498565674,3.173515796661377,19.11956214904785
2277918665.0,-0.8845334649085999,1.0326720476150513,10.296948432922363,1.985321283340454,3.093444347381592,19.32954216003418
2277926998.0,-0.9001001715660095,1.1050889492034912,9.863972663879396,1.8896523714065552,1.4962942600250244,18.98290634155273
2277935331.0,-1.306096076965332,1.3573464155197144,10.136008262634276,1.4856388568878174,1.0160785913467407,18.908597946166992
2277943664.0,-1.3995712995529177,1.6000820398330688,10.283565521240234,1.019587755203247,1.6354821920394895,18.730070114135746
2277951997.0,-1.0368168354034424,1.250568151473999,9.885092735290527,1.326702356338501,0.898457944393158,18.33601951599121
2277960330.0,-0.9900158047676086,1.16248881816864,9.830118179321287,1.2790343761444092,1.0575224161148071,18.407020568847656
2277968663.0,-0.9425930976867676,0.9269315600395204,10.187599182128906,0.4369149208068847,1.0783979892730713,18.41801071166992
2277976996.0,-0.8037208318710327,0.6734023094177246,9.769292831420898,0.1238320618867874,0.6786365509033203,18.09363174438477
2277985329.0,-0.8720707297325134,0.9308680891990662,9.55615234375,0.9772217273712158,1.031037211418152,18.105693817138672
2277993662.0,-1.051471710205078,0.7157500982284546,9.96674633026123,1.6775150299072266,1.7150654792785645,18.0779037475586
2278001995.0,-1.4531875848770142,0.8768913745880127,9.753799438476562,1.3347710371017456,2.3365440368652344,17.84427833557129
2278010328.0,-1.365351319313049,0.4216687083244324,9.796701431274414,0.9029916524887084,2.922623634338379,17.770763397216797
2278018661.0,-1.2722272872924805,-0.0262286756187677,9.930514335632324,0.4098406434059143,2.190901041030884,17.461700439453125
2278026994.0,-0.8111698627471924,0.2414405941963195,9.825576782226562,1.2886654138565063,0.4451370537281036,17.286474227905273
2278035327.0,-0.6507397294044495,0.9147313833236694,9.8443603515625,2.4842607975006104,-1.1144754886627195,17.31705665588379
2278043660.0,-0.8263753056526184,0.8525439500808716,10.003761291503906,2.8456528186798096,-1.6542702913284302,17.109533309936523
2278051993.0,-1.1523418426513672,0.4166967272758484,9.261441230773926,1.6649383306503296,-0.2257382869720459,16.749727249145508
2278060326.0,-1.191769242286682,0.0888006910681724,9.33315372467041,1.3250885009765625,2.196945905685425,16.753339767456055
2278068659.0,-1.1160755157470703,0.0711877644062042,9.56263828277588,2.040827751159668,3.4633657932281494,16.793197631835938
2278076992.0,-1.3491642475128174,0.7331336140632629,10.093485832214355,3.599428653717041,3.137347459793091,16.42576026916504
2278085325.0,-0.8793447613716125,1.354691982269287,10.539410591125488,4.357866287231445,1.278496503829956,15.96611213684082
2278093658.0,-0.5801242589950562,1.0610415935516355,10.730107307434082,3.579116106033325,-0.9726495742797852,15.960349082946776
2278101991.0,-0.4751948714256286,0.8416765928268433,10.595855712890623,1.3939908742904663,-2.0055181980133057,16.08931541442871
2278110324.0,-0.5982800126075745,0.8690431118011475,9.663789749145508,0.6689286828041077,-1.4231528043746948,15.967928886413574
2278118657.0,-0.5585505962371826,1.019428849220276,9.081555366516112,2.2291688919067383,0.5639870762825012,15.59690761566162
2278126990.0,-0.4064252972602844,1.176628351211548,9.675074577331545,3.209836006164551,2.958303928375244,15.837246894836426
2278135323.0,-0.6055992245674133,0.9182265400886536,10.146254539489746,2.6397392749786377,3.5394654273986816,15.436843872070312
2278143656.0,-0.4760442078113556,1.040566086769104,10.03562355041504,1.5250078439712524,3.568229913711548,15.279777526855469
2278151989.0,-0.9151145219802856,0.7509896755218506,10.078885078430176,0.96789813041687,3.0565345287323,15.401880264282228
2278160322.0,-1.1729412078857422,0.9689334630966188,9.6687650680542,1.1816744804382324,2.370021343231201,15.175297737121582
2278168655.0,-1.4183738231658936,1.1945992708206177,9.541093826293944,1.9605010747909544,2.5979628562927246,14.971561431884766
2278176988.0,-1.0340209007263184,1.253504991531372,10.26290225982666,1.7753870487213137,2.2069098949432373,14.789419174194336
2278185321.0,-0.500241219997406,0.8690165281295776,10.017221450805664,0.7526360154151917,1.0226869583129885,14.980013847351074
2278193654.0,-0.7623509764671326,0.6156073212623596,9.676960945129396,0.5180864334106445,0.809397280216217,14.942183494567873
2278201987.0,-0.9541056156158448,0.2560630440711975,9.801989555358888,0.6213886141777039,1.7111467123031616,14.881887435913086
2278210320.0,-0.9197674989700316,0.265574038028717,9.455404281616213,1.475444197654724,3.163601875305176,14.813956260681152
2278218653.0,-0.872347354888916,0.1225001439452171,9.967719078063965,2.391562938690185,4.168807029724121,14.869617462158203
2278226986.0,-0.8384037613868713,0.1449296623468399,10.067371368408203,2.352475881576538,3.955056190490722,14.758143424987791
2278235319.0,-0.8590733408927917,0.0684181451797485,9.97384548187256,2.4741690158843994,3.363572359085083,14.542471885681152
2278243652.0,-1.0118297338485718,0.7868205308914185,10.17399787902832,2.5933523178100586,3.4154412746429443,14.775022506713867
2278251985.0,-1.1307439804077148,1.0015833377838137,9.841438293457031,2.939759016036988,2.788532495498657,14.72694492340088
2278260318.0,-1.1415234804153442,0.7413513660430908,9.57283878326416,3.3821425437927246,3.158094644546509,14.554407119750977
2278268651.0,-1.1895627975463867,0.462666779756546,9.99370574951172,2.557364225387573,3.918068885803223,14.829940795898438
2278276984.0,-1.2611284255981443,0.3822770714759826,9.51632308959961,2.301964282989502,3.93323278427124,14.768721580505373
2278285317.0,-1.5553081035614014,0.8263100385665894,9.15781593322754,3.35050892829895,4.071780204772949,14.806989669799805
2278293650.0,-1.2235698699951172,0.8560752272605896,10.023174285888672,3.913714647293091,3.772221803665161,14.81910514831543
2278301983.0,-1.0728254318237305,0.4498310387134552,10.192291259765623,3.0822253227233887,2.5046753883361816,14.670056343078612
2278310316.0,-1.3837462663650513,0.2588715553283691,9.800642013549805,2.348915338516236,2.160522699356079,15.009342193603516
2278318649.0,-1.413618564605713,-0.0536284893751144,9.226805686950684,2.791452646255493,2.5948376655578613,14.958011627197266
2278326982.0,-1.288117527961731,0.2286475300788879,8.543233871459961,4.422874927520752,2.706336736679077,14.918131828308104
2278335315.0,-1.33417546749115,1.0230199098587036,9.292950630187988,5.801202774047852,2.8640692234039307,15.083267211914062
2278343648.0,-1.5541001558303833,0.7509024143218994,10.078290939331056,4.892178535461426,2.761714220046997,15.018433570861816
2278351981.0,-1.7959314584732056,0.4471180140972137,9.73816967010498,3.1784324645996094,2.806590795516968,14.779069900512695
2278360314.0,-1.5102322101593018,0.8157111406326294,9.309882164001465,3.3883159160614014,3.0560216903686523,15.049480438232422
2278368647.0,-1.5765942335128784,0.9106380343437196,9.675049781799316,4.788056373596191,2.275914669036865,15.23684787750244
2278376980.0,-1.525336503982544,1.3408963680267334,9.68577766418457,5.523748874664307,0.9808588027954102,14.90109634399414
2278385313.0,-1.819066286087036,1.505337476730347,10.024249076843262,4.851144790649414,0.951376974582672,14.870797157287598
2278393646.0,-1.5677978992462158,1.0806924104690552,10.081897735595703,2.89521598815918,0.997815728187561,14.668315887451172
2278401979.0,-1.5466498136520386,1.2418222427368164,9.197463035583496,2.5826966762542725,1.2693008184432983,14.820384979248049
2278410312.0,-1.531502366065979,1.3304734230041504,9.469146728515623,3.7171764373779297,1.2752689123153689,14.879247665405272
2278418645.0,-1.3283631801605225,1.1560479402542114,9.942269325256348,3.9155852794647217,0.8541196584701538,14.849048614501951
2278426978.0,-1.707322597503662,1.1293692588806152,10.035250663757324,3.22476863861084,0.4922672808170318,14.913033485412598
2278435311.0,-1.6118404865264893,1.0427007675170898,9.685341835021973,2.5042145252227783,0.7205926775932312,15.15938949584961
2278443644.0,-1.4715408086776731,1.320351481437683,9.2481689453125,2.9376587867736816,0.4957508146762848,15.053168296813965
2278451977.0,-1.449589729309082,1.494564652442932,10.003305435180664,3.54622745513916,0.2215503752231598,14.943410873413086
2278460310.0,-1.3178106546401978,1.4610074758529663,10.14273166656494,2.7965242862701416,-0.3213050067424774,15.023481369018556
2278468643.0,-1.1288033723831177,1.3885761499404907,9.551657676696776,2.4182276725769043,-0.891657292842865,14.828787803649902
2278476976.0,-1.001072883605957,1.2367948293685913,9.639321327209473,2.24817442893982,-0.7906346917152405,15.191228866577148
2278485309.0,-1.1049426794052124,1.0818443298339844,9.30600929260254,2.310878276824951,-0.3373907804489136,15.3883056640625
2278493642.0,-1.5005677938461304,1.446594476699829,9.12424373626709,3.0419344902038574,0.6607833504676819,15.36181926727295
2278501975.0,-1.6310043334960938,1.6556967496871948,10.089839935302734,3.2849106788635254,1.8172918558120728,15.377161979675291
2278510308.0,-1.194578766822815,1.161107897758484,10.211811065673828,2.331088066101074,1.559714913368225,15.308978080749512
2278518641.0,-0.9567440748214722,1.0931034088134766,9.901012420654297,2.038957595825196,-0.3077294528484344,15.145430564880373
2278526974.0,-1.1105387210845947,1.6221420764923096,9.639565467834473,2.4097237586975098,-1.4776854515075684,15.318866729736328
2278535307.0,-1.3787325620651243,1.794140338897705,9.633552551269531,2.839069604873657,-0.926800012588501,15.153498649597168
2278543640.0,-1.0241119861602783,1.6036694049835205,10.056351661682127,2.753671407699585,0.2514422237873077,15.34058666229248
2278551973.0,-1.1325738430023191,1.1807767152786257,10.091193199157717,1.7223398685455322,1.0157454013824463,15.63994026184082
2278560306.0,-1.3811233043670654,1.245170831680298,9.584672927856444,1.3912757635116575,1.623853087425232,15.835119247436523
2278568639.0,-1.4918564558029177,1.8584450483322144,9.428521156311035,2.2467403411865234,1.9553269147872925,15.734148979187012
2278576972.0,-1.4375442266464231,1.682357907295227,10.339045524597168,2.644580602645874,1.10962176322937,15.48638153076172
2278585305.0,-1.7755935192108154,1.6885168552398682,10.706345558166504,1.283670425415039,0.1259067952632904,15.14625072479248
2278593638.0,-1.7706421613693235,1.939101338386536,10.304435729980469,0.1661980003118515,0.0873829796910286,15.152167320251465
2278601971.0,-1.674537181854248,1.620576024055481,9.799269676208496,0.4542557299137115,0.2952937483787536,15.34335231781006
2278610304.0,-1.615188717842102,1.7526203393936155,10.043176651000977,0.8699492812156677,0.2179387658834457,15.284643173217772
2278618637.0,-1.2862226963043213,2.1390323638916016,10.619236946105955,0.6026133894920349,-0.2975350320339203,15.472601890563965
2278626970.0,-1.7556861639022827,2.16225266456604,10.442462921142578,-0.3078575432300567,-0.7303900122642517,15.241637229919434
2278635303.0,-1.8694814443588257,1.7916253805160522,9.826171875,-1.170519471168518,0.5071747303009033,15.021893501281738
2278643636.0,-1.6211400032043457,1.5755388736724854,10.046271324157717,-1.5646713972091677,1.3112313747406006,15.055089950561523
2278651969.0,-1.6482949256896973,1.6085734367370603,10.576839447021484,-1.4755338430404663,0.6398308873176575,14.98505973815918
2278660302.0,-1.5153074264526367,1.848397254943848,10.639728546142578,-1.4917221069335938,-0.0406754128634929,14.99123191833496
2278668635.0,-1.2188849449157717,1.144103765487671,10.4180908203125,-1.8765246868133545,-1.194058895111084,14.87929916381836
2278676968.0,-1.1469781398773191,0.9353787302970886,9.462928771972656,-2.147625684738159,-1.5781700611114502,15.033085823059082
2278685301.0,-1.4502849578857422,0.4630348086357116,9.55825138092041,-1.9965019226074217,-0.5794453620910645,15.200244903564451
2278693634.0,-1.1747136116027832,0.189469963312149,9.73678970336914,-1.6170783042907717,0.6468492150306702,15.04901885986328
2278701967.0,-0.9961439967155457,0.3152547180652618,9.739818572998049,-0.3204341232776642,1.1764748096466064,15.250680923461914
2278710300.0,-0.8036972284317017,0.0111137824133038,10.050941467285156,0.446340948343277,0.9313977956771852,15.437023162841797
2278718633.0,-0.8060792088508606,-0.318097174167633,9.574090957641602,0.6472846269607544,0.3308719098567962,15.171250343322754
2278726966.0,-0.6357825398445129,-0.3238211274147033,9.38308811187744,1.0034762620925903,0.4437795281410217,15.56537628173828
2278735299.0,-0.5695024728775024,-0.2928591668605804,9.576566696166992,1.5036455392837524,0.8559382557868958,15.733585357666016
2278743632.0,-0.745742917060852,0.2030299752950668,9.006036758422852,2.8046183586120605,1.2388710975646973,15.645267486572266
2278751965.0,-1.0023398399353027,0.3541904985904693,9.49977684020996,3.861077785491944,2.6859219074249268,15.582255363464355
2278760298.0,-1.031489610671997,0.5792155265808105,9.794485092163086,3.331835985183716,3.651322603225708,15.55300521850586
2278768631.0,-1.115918517112732,0.7548880577087402,9.780997276306152,2.7906079292297363,4.2782063484191895,15.85973834991455
2278776964.0,-1.1800206899642944,1.110312819480896,10.040120124816896,2.6406362056732178,3.803369045257568,15.73276710510254
2278785297.0,-1.2051368951797483,1.0858029127120972,9.87907600402832,2.937479257583618,2.7593579292297363,15.48361587524414
2278793630.0,-1.1367069482803345,0.8929349184036255,9.734123229980469,2.9165523052215576,2.489332437515259,15.591785430908203
2278801963.0,-0.9782730937004088,0.8467268347740173,9.844562530517578,2.2016077041625977,2.176480293273926,15.805766105651855
2278810296.0,-1.1804460287094116,1.2099553346633911,9.260149955749512,2.211085081100464,2.3491458892822266,15.651286125183104
2278818629.0,-1.4720745086669922,0.8065283894538879,9.392208099365234,2.308572769165039,3.4032742977142334,15.76309299468994
2278826962.0,-1.5836162567138672,0.591516375541687,9.408379554748535,1.5678861141204834,4.52827787399292,15.648393630981444
2278835295.0,-1.6374168395996094,0.6908226609230042,9.076495170593262,1.7890647649765017,4.606015682220459,15.44229793548584
2278843628.0,-1.8741638660430908,0.7000359296798706,9.726887702941896,2.344432830810547,4.17395544052124,15.48110580444336
2278851961.0,-1.767302393913269,0.6398670673370361,10.15704345703125,2.1038382053375244,3.016652822494507,15.262588500976562
2278860294.0,-1.678131103515625,0.4725849330425262,9.800957679748535,1.769342303276062,1.9259732961654663,15.49255657196045
2278868627.0,-1.7419836521148682,0.6743489503860474,9.58457374572754,1.9060964584350584,1.4664791822433472,15.754101753234863
2278876960.0,-1.661896586418152,0.7476738691329956,9.111815452575684,2.5997300148010254,1.1372849941253662,15.54053020477295
2278885293.0,-1.8053010702133176,0.8633272647857666,9.426539421081545,3.116164445877075,1.949102759361267,15.494168281555176
2278893626.0,-1.911701321601868,1.0507642030715942,10.048362731933594,2.1757376194000244,2.9539239406585693,15.536355018615724
2278901959.0,-1.975910305976868,1.4075367450714111,9.48184871673584,1.9368847608566284,3.1234898567199707,15.31719970703125
2278910292.0,-2.106275081634521,1.4397939443588257,9.796558380126951,2.4874372482299805,2.8983922004699707,15.15462589263916
2278918625.0,-1.957704901695252,1.5945426225662231,10.178580284118652,1.898975491523743,2.066108226776123,15.203368186950684
2278926958.0,-2.1961870193481445,1.7159452438354492,9.991374015808104,1.3951692581176758,1.0088040828704834,14.9881591796875
2278935291.0,-2.194577217102051,1.353071212768555,10.21352767944336,0.8602157235145569,0.7428769469261169,15.132598876953123
2278943624.0,-1.8786154985427856,1.0144741535186768,10.05371379852295,0.3024145066738128,0.1669151932001114,15.24734878540039
2278951957.0,-1.7664690017700195,1.3040430545806885,9.577366828918455,0.9269664883613586,-0.3701513707637787,15.124786376953123
2278960290.0,-1.7918658256530762,1.5183610916137695,9.882381439208984,1.3756768703460691,-0.1759698241949081,15.259568214416504
2278968623.0,-1.6705970764160156,0.9399918913841248,10.121023178100586,0.6138581037521362,-0.1775835156440735,15.037442207336426
2278976956.0,-1.4392268657684326,0.5350513458251953,9.684147834777832,-0.1567847728729248,0.1940150409936905,15.151193618774414
2278985289.0,-1.4793317317962646,0.742967963218689,9.610888481140137,0.2900428473949432,0.5151408314704895,15.283413887023926
2278993622.0,-1.471497654914856,0.488915354013443,9.731513023376465,1.4826418161392212,0.3235206604003906,14.984368324279783
2279001955.0,-1.3601298332214355,0.1544091701507568,9.963386535644531,2.0117297172546387,0.0789302811026573,15.16745948791504
2279010288.0,-1.1845768690109253,0.0764698311686515,9.811064720153809,1.840652108192444,-0.2430022805929184,15.293045997619627
2279018621.0,-1.0395289659500122,0.2228935360908508,9.341814041137695,2.14461636543274,-0.4776031076908111,15.04607391357422
2279026954.0,-0.7121776342391968,0.1854782253503799,9.439101219177246,2.816298246383667,-0.6313141584396362,15.161797523498535
2279035287.0,-0.682366669178009,-0.1544899642467498,9.322463035583496,3.207991600036621,-0.5155889987945557,15.13690185546875
2279043620.0,-1.015861749649048,-0.0944008231163024,9.119003295898438,3.477581262588501,0.3223423659801483,15.104448318481444
2279051953.0,-0.8842125535011292,0.1786946505308151,9.361380577087402,3.970297336578369,2.0534040927886963,15.24407196044922
2279060286.0,-1.0225143432617188,0.1795770078897476,9.753717422485352,4.592799663543701,2.634693145751953,15.30160140991211
2279068619.0,-1.4244996309280396,0.1392337530851364,9.932744979858398,4.613009452819824,2.5749611854553223,15.26166820526123
2279076952.0,-1.333191156387329,0.6266059279441833,9.845897674560549,4.538932800292969,2.4351072311401367,15.249553680419922
2279085285.0,-1.3564590215682983,0.5612606406211853,9.834731101989746,4.805013179779053,1.34127676486969,15.053552627563477
2279093618.0,-1.4277323484420776,0.9940564632415771,9.947049140930176,4.474256992340088,0.6285349726676941,14.855528831481934
2279101951.0,-1.2103182077407837,1.179252028465271,9.94765567779541,3.842020750045776,0.470187783241272,14.76185703277588
2279110284.0,-1.2610056400299072,0.9955252408981324,9.902677536010742,3.459676504135132,0.4174992740154266,14.32608127593994
2279118617.0,-1.5537289381027222,0.9637333750724792,9.920578956604004,2.926567792892456,1.55187726020813,14.453028678894045
2279126950.0,-1.8313567638397217,1.2478961944580078,9.598782539367676,2.8866610527038574,2.918473958969116,14.442219734191896
2279135283.0,-1.812053084373474,1.5216434001922607,9.73078155517578,3.6310105323791504,3.4912333488464355,14.269217491149902
2279143616.0,-1.8248639106750488,1.7283014059066772,10.764942169189451,3.176331758499145,2.420916795730591,14.118016242980955
2279151949.0,-1.731456637382507,1.1197123527526855,10.972526550292969,1.4779032468795776,0.7856271862983704,13.714312553405762
2279160282.0,-1.571054220199585,1.1333545446395874,9.77988624572754,0.5015140175819397,-0.6627172231674194,13.711878776550291
2279168615.0,-1.8254019021987915,1.7173267602920532,9.76644515991211,1.242457151412964,-0.5482984781265259,13.63370418548584
2279176948.0,-1.7177318334579468,1.5851751565933228,10.08714199066162,1.3572856187820437,0.0903029963374137,13.331327438354492
2279185281.0,-1.4171425104141235,1.241746425628662,9.856623649597168,1.0096492767333984,0.8662095665931702,13.14728832244873
2279193614.0,-1.409570813179016,0.8634935021400452,10.284354209899902,0.5827623009681702,1.4427090883255005,13.371156692504885
2279201947.0,-1.4226531982421875,0.7523170709609985,10.085610389709473,0.2062586545944214,1.376803994178772,13.507426261901855
2279210280.0,-1.39790678024292,1.0218160152435305,9.588875770568848,0.9531185626983644,0.9259419441223145,13.47535514831543
2279218613.0,-1.1180790662765503,0.8893386721611023,10.096598625183104,1.8859124183654783,0.6630117893218994,13.664902687072754
2279226946.0,-1.0258170366287231,0.3848386704921722,10.210664749145508,1.33185076713562,-0.1496383547782898,13.443056106567385
2279235279.0,-1.070507287979126,0.4052040576934814,9.52487564086914,1.003809094429016,-0.0241286121308803,13.59579372406006
2279243612.0,-0.8867612481117249,0.3588996529579162,8.941056251525879,2.0597822666168213,0.7826560139656067,13.798712730407717
2279251945.0,-0.8652288317680359,0.184113010764122,9.282411575317385,3.133761405944824,1.469757914543152,13.824786186218262
2279260278.0,-0.7693540453910828,0.2555209696292877,9.62059211730957,3.168673276901245,1.8085572719573968,13.912385940551758
2279268611.0,-0.8287422060966492,-0.1187745183706283,9.634400367736816,3.2106549739837646,1.883017897605896,14.1896333694458
2279276944.0,-1.2782162427902222,0.3888215720653534,9.505352020263672,3.637081861495972,2.4036786556243896,14.178546905517578
2279285277.0,-1.402923583984375,0.4818441867828369,9.845511436462402,4.240143299102783,3.455604314804077,14.401107788085938
2279293610.0,-1.168979525566101,0.3264813125133514,9.971492767333984,4.642900943756104,3.0245163440704346,14.375569343566896
2279301943.0,-1.1513183116912842,0.6538201570510864,10.238147735595703,4.488908290863037,2.384800910949707,14.507431030273438
2279310276.0,-1.178959846496582,0.8724951148033142,10.215097427368164,4.031361103057861,1.810785889625549,14.664421081542969
2279318609.0,-1.3501349687576294,1.106776237487793,9.50003433227539,3.988278150558472,1.8018207550048828,14.42861557006836
2279326942.0,-1.2075684070587158,1.1624685525894165,9.926650047302246,4.07754373550415,2.781719207763672,14.68593692779541
2279335275.0,-1.5103628635406494,1.2264083623886108,10.19137191772461,3.259885787963867,3.3293519020080566,14.512476921081545
2279343608.0,-1.728848576545715,1.2826452255249023,9.581600189208984,3.0748231410980225,3.69722318649292,14.316451072692873
2279351941.0,-1.803810715675354,1.3758203983306885,9.840861320495604,3.2153940200805664,4.188350677490234,14.235562324523926
2279360274.0,-1.8601741790771484,1.2287708520889282,10.399465560913086,2.504623889923096,3.665307521820069,14.017889976501465
2279368607.0,-1.65906822681427,1.3739910125732422,9.939221382141112,1.8387306928634644,2.241053581237793,14.040379524230955
2279376940.0,-1.6412477493286133,1.4659076929092407,9.70467472076416,2.0417752265930176,1.3483978509902954,13.699585914611816
2279385273.0,-1.801232933998108,0.7810744047164917,10.256677627563477,1.5342035293579102,0.798869788646698,13.727940559387209
2279393606.0,-1.8459031581878664,0.6334940195083618,9.795214653015137,0.8014310598373413,1.3567733764648438,13.393442153930664
2279401939.0,-1.40797221660614,0.7326845526695251,9.52901554107666,1.5155049562454224,1.9754085540771484,13.496950149536133
2279410272.0,-1.6561437845230105,0.894781231880188,9.49977207183838,2.375605583190918,1.5426048040390017,13.230152130126951
2279418605.0,-1.8807790279388428,1.30025053024292,9.426511764526367,2.494890689849853,1.967468023300171,12.820117950439451
2279426938.0,-1.8483017683029173,0.9987975358963012,9.503092765808104,1.834555983543396,2.298429489135742,12.614385604858398
2279435271.0,-1.884441494941712,0.7144067883491516,9.893781661987305,1.1652300357818604,1.896490812301636,12.437389373779297
2279443604.0,-1.8695813417434688,0.7907396554946899,9.97891902923584,1.106291651725769,1.3351548910140991,12.581649780273438
2279451937.0,-1.814375638961792,1.061330795288086,9.560040473937988,2.2031192779541016,0.0472966879606246,12.317336082458496
2279460270.0,-1.9105021953582764,1.2067590951919556,9.627964973449709,3.1492834091186523,-0.368640124797821,12.14059829711914
2279468603.0,-1.7627698183059692,0.9814128875732422,10.342422485351562,2.0798630714416504,-0.024589667096734,12.152583122253418
2279476936.0,-1.7476969957351685,0.6146326065063477,9.85871410369873,0.4801772534847259,0.0447352565824985,12.081350326538086
2279485269.0,-1.6508365869522097,0.5922417044639587,9.404570579528809,0.816953182220459,0.7194399237632751,12.193951606750488
2279493602.0,-1.427603006362915,0.8115352988243103,9.750224113464355,2.4386675357818604,0.5414466261863708,12.216544151306152
2279501935.0,-1.3240424394607544,0.5951123833656311,10.274439811706545,2.706361532211304,-0.3494806289672851,12.052098274230955
2279510268.0,-1.4050618410110474,0.3540151417255401,10.079166412353516,1.6498769521713257,-0.4507849812507629,12.307653427124023
2279518601.0,-1.3348309993743896,0.1845909804105758,9.534184455871582,1.2955809831619265,-0.1342698335647583,12.419408798217772
2279526934.0,-1.2574864625930786,0.1699127256870269,9.430662155151367,2.066774606704712,0.1508038341999054,12.320435523986816
2279535267.0,-1.2353367805480957,0.2808546721935272,9.771930694580078,3.0678305625915527,0.5538183450698853,12.428400993347168
2279543600.0,-0.9539543390274048,0.2394706010818481,9.961134910583496,3.201972007751465,0.5508214235305786,12.630572319030762
2279551933.0,-1.1276284456253052,0.4881720542907715,9.693424224853516,3.0672154426574707,0.5055097937583923,12.578063011169434
2279560266.0,-1.178809642791748,0.6421954035758972,9.553777694702148,2.947391986846924,1.135722517967224,12.726703643798828
2279568599.0,-1.0593470335006714,0.1623650044202804,9.458827018737791,3.072312831878662,1.197837233543396,12.586798667907717
2279576932.0,-0.8794161677360535,0.2384801506996154,9.496681213378906,3.52079176902771,1.0137730836868286,12.696606636047363
2279585265.0,-0.7704986929893494,0.4226130843162536,10.027984619140623,3.947909593582153,0.93132084608078,12.90546417236328
2279593598.0,-0.9293339252471924,0.469704270362854,10.031926155090332,3.9689905643463135,0.8371116518974304,12.740049362182615
2279601931.0,-1.107069492340088,0.8732122182846069,9.37787914276123,4.130564689636231,1.5686798095703125,12.611618041992188
2279610264.0,-1.015286207199097,0.8172674775123596,9.541178703308104,4.30825138092041,2.8072566986083984,12.73249340057373
2279618597.0,-0.9980343580245972,0.6175044178962708,10.13361358642578,3.6474552154541016,2.924467325210572,12.449070930480955
2279626930.0,-1.2714533805847168,0.9328051209449768,9.915760040283203,3.2115774154663086,2.937786817550659,12.317157745361328
2279635263.0,-1.4252387285232544,0.8801501989364624,9.782710075378418,3.611748218536377,3.139012098312378,12.331320762634276
2279643596.0,-1.4151111841201782,0.705184280872345,9.872895240783691,3.8607699871063232,2.962350368499756,12.277710914611816
2279651929.0,-1.2629659175872805,0.932867169380188,9.781783103942873,3.4770429134368896,2.738943338394165,12.429986953735352
2279660262.0,-1.3315025568008425,0.7867778539657593,9.930182456970217,3.1692371368408203,2.2905149459838867,12.283807754516602
2279668595.0,-1.4137895107269287,1.0424684286117554,9.812079429626465,2.701981782913208,2.384083747863769,12.04544162750244
2279676928.0,-1.3967278003692627,0.9012479186058044,9.806390762329102,2.5353357791900635,2.5430455207824707,11.96027374267578
2279685261.0,-1.6702377796173096,0.7985396385192871,9.663000106811523,2.448862075805664,3.121338129043579,11.686354637145996
2279693594.0,-1.8645073175430296,0.9312645196914672,9.493480682373049,2.38518500328064,3.705880641937256,11.392457008361816
2279701927.0,-1.648659110069275,0.8368067145347595,9.93004322052002,2.377270221710205,3.578014373779297,11.26033878326416
2279710260.0,-1.643294095993042,0.6186568140983582,10.11733055114746,1.9027918577194207,2.274172782897949,11.0819091796875
2279718593.0,-1.6772459745407104,0.8087736368179321,9.741260528564451,1.764731526374817,1.2179185152053833,10.88071060180664
2279726926.0,-1.8396779298782349,1.0373836755752563,9.604012489318848,2.2378008365631104,1.236053466796875,10.860475540161133
2279735259.0,-2.062735080718994,1.01265549659729,9.578863143920898,1.8870905637741089,2.004608631134033,10.693829536437988
2279743592.0,-2.292646646499634,1.10055410861969,9.645071029663086,1.530898928642273,2.8974435329437256,10.470266342163086
2279751925.0,-2.023531675338745,0.6981558799743652,10.06387424468994,1.0162066221237185,2.907869577407837,10.25938606262207
2279760258.0,-2.0171122550964355,0.5780356526374817,9.994543075561523,1.0539873838424685,1.941571950912476,10.06597137451172
2279768591.0,-1.940736532211304,0.5461655855178833,10.4232816696167,1.499828815460205,0.9380829334259032,9.897839546203612
2279776924.0,-1.6894062757492063,0.4092267453670501,10.24253273010254,1.231673240661621,-0.2628020346164703,9.736163139343262
2279785257.0,-1.684302806854248,0.515129029750824,9.64078426361084,1.3757535219192505,-0.5098514556884766,9.523669242858888
2279793590.0,-1.7795289754867554,0.4296592473983764,9.718557357788086,1.4471402168273926,0.8393657207489014,9.625125885009766
2279801923.0,-2.120098114013672,0.2118337005376815,9.652081489562988,1.109775185585022,2.499296188354492,9.503201484680176
2279810256.0,-2.190962314605713,0.5557988882064819,9.744418144226074,1.7138869762420654,3.817610025405884,9.31527042388916
2279818589.0,-2.0729904174804688,0.4669877290725708,10.57284927368164,1.9039191007614136,3.940711736679077,9.144832611083984
2279826922.0,-2.0618703365325928,0.3092814683914184,10.722390174865724,1.518527269363403,2.124329805374145,8.820967674255371
2279835255.0,-2.0515499114990234,0.4295104146003723,10.35468292236328,1.2656633853912354,0.9370328187942504,8.8884859085083
2279843588.0,-2.0452890396118164,0.014093498699367,10.107446670532228,1.5219595432281494,0.3907067775726318,8.890228271484375
2279851921.0,-2.2257959842681885,0.2730288207530975,9.33884334564209,1.8942112922668457,0.7775329947471619,8.539978981018066
2279860254.0,-2.301398992538452,0.4055366814136505,9.23411464691162,2.650625228881836,2.458160161972046,8.572150230407715
2279868587.0,-2.428435802459717,0.128736063838005,9.64741325378418,2.5644333362579346,3.5740184783935547,8.452532768249512
2279876920.0,-2.350929975509644,0.1819001287221908,9.920418739318848,1.9196465015411377,3.689641714096069,8.277100563049316
2279885253.0,-2.4271273612976074,0.4482939839363098,9.972407341003418,2.015623092651367,3.1983091831207275,8.426405906677246
2279893586.0,-2.6649184226989746,0.2639614045619964,9.956984519958496,2.517226219177246,2.0966148376464844,8.290084838867188
2279901919.0,-2.81934118270874,0.2475740909576416,9.850142478942873,2.71348237991333,1.3840525150299072,7.999057292938232
2279910252.0,-2.5124197006225586,0.1070353090763092,10.221586227416992,2.548962116241455,1.0522456169128418,7.93934965133667
2279918585.0,-2.299342155456543,-0.0991281419992446,10.05849838256836,2.0709240436553955,0.4155782163143158,7.751060962677002
2279926918.0,-2.695646286010742,0.3628219068050384,9.502814292907717,2.7056188583374023,0.7654942870140076,7.803337574005127
2279935251.0,-2.8464105129241943,0.5255092978477478,9.864248275756836,3.26741623878479,2.47114634513855,7.750598907470703
2279943584.0,-2.845879554748535,0.5020104050636292,10.054780960083008,2.7694242000579834,3.2030222415924072,7.563153743743896
2279951917.0,-2.8644144535064697,0.5870764851570129,10.025198936462402,2.262390375137329,3.0494132041931152,7.655083179473877
2279960250.0,-2.852246046066284,0.4640468955039978,10.353029251098633,1.7976455688476562,2.1402618885040283,7.541357040405273
2279968583.0,-2.9133403301239014,0.5007861256599426,10.17281723022461,1.815139889717102,0.4615813195705414,7.227889060974121
2279976916.0,-2.747525215148926,0.5095527172088623,9.99517059326172,1.851486563682556,-0.2363937795162201,7.056554794311523
2279985249.0,-2.66694712638855,0.4791585206985473,9.836030006408691,1.619216799736023,-0.3968670070171356,6.970133304595947
2279993582.0,-2.526761054992676,0.3193430006504059,9.536508560180664,1.3619215488433838,-0.2888517081737518,6.916752338409424
2280001915.0,-2.7029027938842773,0.2089287042617797,9.50643825531006,1.1722227334976196,0.6815564036369324,6.874387264251709
2280010248.0,-2.65878701210022,0.1019214987754821,9.615057945251465,1.4287490844726562,1.422934651374817,6.565402030944824
2280018581.0,-2.601508855819702,-0.0628168731927871,9.609260559082031,1.926433801651001,1.2902785539627075,6.314023971557617
2280026914.0,-2.636730670928955,-0.1828126311302185,9.90993595123291,2.138366222381592,0.6655987501144409,6.282979965209961
2280035247.0,-2.469431638717652,-0.3486504256725311,9.7448148727417,2.201761245727539,-0.1351407021284103,6.113208770751953
2280043580.0,-2.368292570114136,-0.4314991533756256,9.449909210205078,2.4960174560546875,-0.9507747292518616,5.747283458709717
2280051913.0,-2.5286307334899902,-0.242969274520874,9.575376510620115,3.04134464263916,-0.9915526509284972,5.662320613861084
2280060246.0,-2.729402542114258,0.1571266502141952,9.476787567138672,3.481140375137329,0.0214263070374727,5.450158596038818
2280068579.0,-2.52820086479187,0.3203153610229492,9.259099960327148,3.826215744018554,0.9005323648452759,5.204287528991699
2280076912.0,-2.45146918296814,0.322458803653717,9.843323707580566,3.830262899398804,1.0954310894012451,5.225854396820068
2280085245.0,-2.4891161918640137,-0.0372135639190673,9.90797996520996,3.030202627182007,0.4514893293380737,4.921864986419678
2280093578.0,-2.5324606895446777,-0.0444796197116375,9.428909301757812,3.036785364151001,-0.2638778388500213,4.881214618682861
2280101911.0,-2.587855815887451,0.2856414318084717,9.595064163208008,3.725193738937378,-0.3993003368377685,4.819305419921875
2280110244.0,-2.497760534286499,0.4478347897529602,9.821399688720703,3.9174537658691406,-0.758924126625061,4.512267589569092
2280118577.0,-2.263007402420044,0.5021166801452637,9.76618766784668,3.414313793182373,-0.6876398324966431,4.180563926696777
2280126910.0,-2.274405002593994,0.7618700265884399,9.742131233215332,2.73727822303772,-0.5169208645820618,4.337143421173096
2280135243.0,-2.335007667541504,0.4146562218666076,9.699525833129885,2.2623391151428223,-0.1161861643195152,3.9755725860595694
2280143576.0,-2.216761350631714,0.2178728282451629,9.356452941894531,2.361081600189209,0.1738822311162948,3.783978223800659
2280151909.0,-2.228743314743042,0.0679449215531349,9.589401245117188,2.876645088195801,0.4959043860435486,3.7677390575408936
2280160242.0,-2.225707530975342,0.1379685997962951,9.66446304321289,2.8561794757843018,0.042558055371046,3.722017765045166
2280168575.0,-2.1514463424682617,0.1311100572347641,9.4399995803833,3.0909337997436523,-0.3159003555774688,3.4045798778533936
2280176908.0,-2.1418707370758057,0.014664658345282,9.671892166137695,2.9442667961120605,-0.3350342214107513,3.424687147140503
2280185241.0,-2.270948886871338,-0.1456074267625808,9.63718605041504,2.7722926139831543,-0.086909107863903,3.389109373092652
2280193574.0,-2.3599724769592285,-0.0532905831933021,9.368535995483398,3.2057626247406006,0.5161908864974976,3.34733247756958
2280201907.0,-2.36332106590271,0.1899110972881317,9.54787540435791,3.879980325698853,1.1721971035003662,3.4340617656707764
2280210240.0,-2.2704179286956787,0.1525293141603469,10.003649711608888,4.066118717193604,0.7326823472976685,3.313265323638916
2280218573.0,-2.343838691711426,0.3112815022468567,9.8196382522583,3.625144243240357,0.2491624802350998,3.1863725185394287
2280226906.0,-2.633228302001953,0.4116030037403106,9.638147354125977,3.494537591934204,0.5498480200767517,3.190624475479126
2280235239.0,-2.627028226852417,0.3371661901473999,9.46774673461914,3.378812551498413,0.9595476984977722,3.118904590606689
2280243572.0,-2.4936423301696777,0.2453712821006775,9.623801231384276,3.600477933883667,1.0555498600006104,3.233349323272705
2280251905.0,-2.3943800926208496,0.3376032710075378,10.062100410461426,3.4872887134552,0.5284601449966431,3.2361154556274414
2280260238.0,-2.289591073989868,0.4620115756988525,10.05410861968994,3.3093721866607666,-0.130863144993782,3.048286437988281
2280268571.0,-2.307748794555664,0.6856607794761658,9.677894592285156,3.4003539085388184,-0.3132621049880981,2.906767606735229
2280276904.0,-2.463890790939331,0.6694371104240417,9.776853561401367,3.2635226249694824,0.2980344593524933,2.7493937015533447
2280285237.0,-2.5194337368011475,0.3698852062225342,9.954789161682127,2.6935806274414062,1.5314624309539795,2.8380703926086426
2280293570.0,-2.4765775203704834,0.1578448563814163,9.79811954498291,2.5949912071228027,2.087239980697632,2.621169090270996
2280301903.0,-2.500715494155884,0.2270743548870086,9.96176052093506,3.0557401180267334,1.9629340171813965,2.7629950046539307
2280310236.0,-2.4566643238067627,0.2594465911388397,10.148110389709473,3.478170156478882,1.1653836965560913,2.565150499343872
2280318569.0,-2.5177390575408936,0.1552537828683853,9.774175643920898,3.534162759780884,0.3517474830150604,2.327117443084717
2280326902.0,-2.5887715816497803,0.3262848556041717,9.599050521850586,3.489081859588623,0.5231067538261414,2.3289873600006104
2280335235.0,-2.5417673587799072,0.3857394456863403,9.768555641174316,3.315263271331787,1.1922532320022583,2.329038381576538
2280343568.0,-2.405192375183105,0.4022808074951172,9.692235946655272,3.38232159614563,1.4219872951507568,2.1505842208862305
2280351901.0,-2.3543827533721924,0.4020457863807678,9.732965469360352,3.697632551193237,1.3300575017929075,2.11006236076355
2280360234.0,-2.405643939971924,0.379526287317276,9.910849571228027,3.6975815296173096,1.1644103527069092,2.1038382053375244
2280368567.0,-2.52839469909668,0.6036693453788757,9.740943908691406,3.6510918140411377,1.0430245399475098,1.937857866287232
2280376900.0,-2.629179716110229,0.8304954767227173,9.827329635620115,3.5195114612579346,1.3835656642913818,1.841906905174256
2280385233.0,-2.629631280899048,1.0025290250778198,10.05875301361084,3.3119590282440186,1.668088436126709,1.564888834953308
2280393566.0,-2.583904504776001,0.9800614714622498,10.1622314453125,2.9653470516204834,1.4985991716384888,1.6152974367141724
2280401899.0,-2.643264055252075,0.922945499420166,9.976555824279783,2.5107970237731934,1.335513472557068,1.3149195909500122
2280410232.0,-2.803945302963257,0.914267897605896,9.853732109069824,2.214977979660034,1.343991756439209,1.2963749170303345
2280418565.0,-2.727725982666016,0.637907862663269,9.80645751953125,2.1608810424804688,1.318992257118225,1.0841608047485352
2280426898.0,-2.672720670700073,0.3959387242794037,9.653374671936035,2.096461296081543,1.1495283842086792,0.8919773697853088
2280435231.0,-2.688724994659424,0.3625400960445404,9.712129592895508,2.1549642086029053,0.9111623167991638,0.9303987622261048
2280443564.0,-2.737285852432251,0.4077963531017303,9.751585006713867,2.264951467514038,0.8828843235969543,0.8207185864448547
2280451897.0,-2.627087354660034,0.3263625204563141,9.54013442993164,2.4998340606689453,0.9124687910079956,0.5801496505737305
2280460230.0,-2.722761631011963,0.3142634928226471,9.671760559082031,2.5147929191589355,1.122889757156372,0.5637308955192566
2280468563.0,-2.748300552368164,0.2744947075843811,9.651638984680176,2.347583055496216,1.2574924230575562,0.4797930419445038
2280476896.0,-2.7227439880371094,0.2121697962284088,9.53459358215332,2.482595682144165,1.3656359910964966,0.4479033648967743
2280485229.0,-2.691927909851074,0.3471613228321075,9.695831298828123,2.79900860786438,1.0341875553131104,0.4164490699768066
2280493562.0,-2.699957609176636,0.5303299427032471,9.831506729125977,3.0319952964782715,0.6161376237869263,0.3577155768871307
2280501895.0,-2.5758135318756104,0.4980353415012359,9.668832778930664,2.7393271923065186,0.2065916061401367,0.3794108629226684
2280510228.0,-2.5659873485565186,0.4846354126930237,9.43187427520752,2.6961159706115723,0.1458858847618103,0.263865053653717
2280518561.0,-2.662703037261963,0.603428065776825,9.634905815124512,2.5050082206726074,0.4331751763820648,0.2919126451015472
2280526894.0,-2.618304491043091,0.4625481367111206,9.668217658996582,2.318331718444824,0.7177237272262573,0.3214458525180816
2280535227.0,-2.5735230445861816,0.2809081375598907,9.593143463134766,2.554161787033081,0.8781968355178833,0.3619931638240814
2280543560.0,-2.699594497680664,0.3362258970737457,9.695752143859863,2.460951805114746,0.7882140874862671,0.4290512204170227
2280551893.0,-2.670382022857666,0.5029250979423523,9.784510612487791,2.489280939102173,0.475464254617691,0.4196507930755615
2280560226.0,-2.494147777557373,0.3928847908973694,9.835594177246094,2.41715145111084,-0.0337083302438259,0.4357621967792511
2280568559.0,-2.4729082584381104,0.210612341761589,9.845195770263672,2.2351880073547363,-0.4626955986022949,0.4607360661029815
2280576892.0,-2.510847330093384,0.2966108024120331,9.595484733581545,2.142464160919189,-0.4479417502880096,0.5600168108940125
2280585225.0,-2.403963327407837,0.1362854391336441,9.508337020874023,2.4184577465057373,0.0092083178460598,0.6514084935188293
2280593558.0,-2.390413522720337,0.064626432955265,9.534489631652832,2.8019540309906006,0.2749047875404358,0.6447231769561768
2280601891.0,-2.530965805053711,0.2269203811883926,9.675554275512695,2.784459352493286,0.6831188797950745,0.831450879573822
2280610224.0,-2.484903335571289,0.2674729526042938,9.880385398864746,2.9180381298065186,0.8395706415176392,0.8083725571632385
2280618557.0,-2.377678632736206,0.3279723525047302,9.83021354675293,3.050309658050537,0.4295891225337982,0.9380061030387878
2280626890.0,-2.4470603466033936,0.2986475825309753,9.813676834106444,3.000669002532959,-0.1123696491122245,0.7479484677314758
2280635223.0,-2.495959043502808,0.3835388720035553,9.826029777526855,2.9647066593170166,-0.0284061897546052,0.6519463062286377
2280643556.0,-2.3210880756378174,0.3420771658420563,9.75107192993164,2.8818960189819336,-0.1361908912658691,0.649922788143158
2280651889.0,-2.2343103885650635,0.383996844291687,9.751538276672363,3.115574836730957,-0.0638306736946106,0.7877529859542847
2280660222.0,-2.3271892070770264,0.4928968846797943,9.784451484680176,3.123002767562866,0.2838953733444214,0.743133008480072
2280668555.0,-2.273055076599121,0.4674533307552337,9.7386474609375,3.106609344482422,0.5931615829467773,0.6326587796211243
2280676888.0,-2.1678035259246826,0.390108048915863,9.870767593383787,2.918754816055298,0.4621447920799255,0.6633702516555786
2280685221.0,-2.258336305618286,0.4619218111038208,9.784193992614746,2.852593421936035,0.4645269811153412,0.5595557689666748
2280693554.0,-2.2300033569335938,0.5534601807594299,9.767810821533203,2.9711616039276123,0.3785911798477173,0.5793299078941345
2280701887.0,-2.133164882659912,0.3708207011222839,9.847575187683104,3.0063812732696533,0.3918850123882293,0.6486421227455139
2280710220.0,-2.09889817237854,0.3822417557239532,9.787101745605469,2.884252548217773,0.2796433866024017,0.414348691701889
2280718553.0,-2.1729323863983154,0.5535967946052551,9.74886417388916,2.809356212615967,0.3038744628429413,0.4724161326885223
2280726886.0,-2.1380386352539062,0.5734196305274963,9.772268295288086,2.9987480640411377,0.4755410552024841,0.3539246618747711
2280735219.0,-2.001545190811157,0.4771318733692169,9.793002128601074,2.920445203781128,0.4512075781822204,0.3405028283596039
2280743552.0,-2.014244318008423,0.4798365831375122,9.856563568115234,2.7736501693725586,0.1786208748817443,0.1395847499370575
2280751885.0,-2.033730983734131,0.4912310838699341,9.78262996673584,2.657489776611328,0.2085126787424087,0.1404556483030319
2280760218.0,-1.957157611846924,0.3635837733745575,9.77699851989746,2.870523452758789,0.3695749640464782,0.0586181730031967
2280768551.0,-1.9336129426956177,0.3258020281791687,9.81980323791504,2.871803998947144,0.4004145562648773,-0.0401375070214271
2280776884.0,-2.008100748062134,0.4409871995449066,9.819557189941406,2.978717565536499,0.4137338995933532,-0.0225405264645814
2280785217.0,-1.9894189834594729,0.4589998126029968,9.78374481201172,3.073721170425415,0.6206969618797302,-0.0082477834075689
2280793550.0,-1.88208532333374,0.3895958065986633,9.873095512390137,3.0507707595825195,0.5973624587059021,-0.0378578454256057
2280801883.0,-1.8870967626571653,0.3928111791610718,9.894441604614258,2.9463160037994385,0.2399669587612152,-0.1172875836491584
2280810216.0,-1.925503849983216,0.4444432258605957,9.779717445373535,3.0499253273010254,0.1475764065980911,-0.0887277051806449
2280818549.0,-1.8356056213378904,0.3789797127246856,9.77441120147705,3.1618082523345947,0.1553631424903869,-0.161830723285675
2280826882.0,-1.798203706741333,0.3026024401187897,9.808257102966309,3.1453895568847656,0.1030844822525978,-0.1110121011734008
2280835215.0,-1.8601170778274536,0.3754355013370514,9.765984535217283,2.967498779296875,0.362377405166626,-0.1058892458677291
2280843548.0,-1.87549889087677,0.4620825350284576,9.741172790527344,3.208759307861328,0.7686960101127625,-0.1186451390385627
2280851881.0,-1.7950286865234375,0.4406543374061584,9.846323013305664,3.3745601177215576,0.6807879209518433,-0.0907768458127975
2280860214.0,-1.8187885284423828,0.3967292606830597,9.895766258239746,3.167212963104248,0.4299477636814117,-0.0457982569932937
2280868547.0,-1.8565536737442017,0.4675244390964508,9.79244613647461,3.055791139602661,0.3724693953990936,-0.1060173213481903
2280876880.0,-1.8042943477630613,0.4497080147266388,9.76793384552002,3.1368093490600586,0.1918378174304962,0.0368460789322853
2280885213.0,-1.7546366453170776,0.3807939291000366,9.830548286437988,3.2522780895233154,0.2263145893812179,-0.0481035336852073
2280893546.0,-1.8323580026626587,0.4749017059803009,9.745013236999512,3.2623698711395264,0.375415027141571,-0.0203377045691013
2280901879.0,-1.9107153415679927,0.5420370697975159,9.729669570922852,3.2923641204833984,0.7146243453025818,0.2202696055173874
2280910212.0,-1.832973957061768,0.54050612449646,9.824397087097168,3.2669806480407715,0.9560897946357728,0.2500333786010742
2280918545.0,-1.791906476020813,0.4891340434551239,9.881758689880373,3.118468999862671,0.7059410810470581,0.2161200940608978
2280926878.0,-1.9228435754776,0.5916770696640015,9.821125984191896,3.036785364151001,0.5538182258605957,0.3371217548847198
2280935211.0,-1.8787922859191888,0.6107476353645325,9.845745086669922,3.1579666137695312,0.5126305222511292,0.328925222158432
2280943544.0,-1.8981362581253047,0.544605016708374,9.87230396270752,3.170081853866577,0.4695473909378052,0.2304640859365463
2280951877.0,-2.0009891986846924,0.5388697981834412,9.739375114440918,2.8983404636383057,0.6717461347579956,0.3285409808158874
2280960210.0,-1.979682683944702,0.670914351940155,9.75314235687256,2.992319107055664,0.9985325932502748,0.3158619403839111
2280968543.0,-1.878445744514465,0.7022965550422668,9.953608512878418,3.0553555488586426,0.9252247214317322,0.3029267787933349
2280976876.0,-1.6928986310958862,0.6429601907730103,10.06052303314209,2.8915014266967773,0.4780768454074859,0.3032085001468658
2280985209.0,-1.685153841972351,0.5722991824150085,9.871983528137209,2.7283389568328857,0.153570145368576,0.2995457053184509
2280993542.0,-1.6306363344192505,0.5677969455718994,9.737106323242188,2.798982858657837,0.0598476640880107,0.2068733721971511
2281001875.0,-1.5801299810409546,0.5820214748382568,9.720088958740234,2.869729518890381,0.0632799714803695,0.220909982919693
2281010208.0,-1.4905540943145752,0.6207972168922424,9.745508193969728,3.0285887718200684,0.4315358698368072,0.1506245136260986
2281018541.0,-1.4555516242980957,0.5829607248306274,9.820481300354004,2.879667520523072,0.6823503971099854,0.1083610355854034
2281026874.0,-1.3901349306106567,0.5981462001800537,9.824861526489258,2.8071534633636475,0.6554041504859924,0.0454268455505371
2281035207.0,-1.2985284328460691,0.580980658531189,9.854046821594238,2.8166823387146,0.1871504336595535,0.0197869967669248
2281043540.0,-1.2136266231536863,0.6673518419265747,9.767007827758787,2.8833816051483154,-0.0531239211559295,-0.0223099999129772
2281051873.0,-1.144983410835266,0.6992642879486084,9.820162773132324,2.8068206310272217,-0.5179966688156128,0.0760614648461341
2281060206.0,-1.017076849937439,0.5502927899360657,9.903976440429688,2.7228572368621826,-0.6664823889732361,-0.0231296550482511
2281068539.0,-0.910094141960144,0.4474885761737823,9.68531322479248,2.364821434020996,-0.7911469340324402,-0.1545819044113159
2281076872.0,-0.8463262915611267,0.5285494327545166,9.573236465454102,2.6564650535583496,-0.7198880910873413,-0.0861406698822975
2281085205.0,-0.8290157318115234,0.6900056600570679,9.768502235412598,2.92200779914856,-0.4148993790149688,-0.149663969874382
2281093538.0,-0.752094030380249,0.598029613494873,9.896288871765137,2.8019282817840576,-0.5621044039726257,-0.0437491163611412
2281101871.0,-0.6067534685134888,0.522516131401062,9.788933753967283,2.4801626205444336,-0.8337433934211731,-0.1913383454084396
2281110204.0,-0.5997636318206787,0.5575969815254211,9.680509567260742,2.2875688076019287,-1.0585850477218628,-0.0187496207654476
2281118537.0,-0.5320479273796082,0.5842146277427673,9.799156188964844,2.3846471309661865,-1.3185440301895142,-0.0761255025863647
2281126870.0,-0.3896716237068176,0.5294304490089417,9.854769706726074,2.5876400470733643,-1.587288737297058,-0.0485389791429042
2281135203.0,-0.3239309787750244,0.4841559529304504,9.832693099975586,2.3528852462768555,-1.7130544185638428,-0.0974621623754501
2281143536.0,-0.3318211734294891,0.6030025482177734,9.71803092956543,2.234419584274292,-1.6329843997955322,0.0470661558210849
2281151869.0,-0.256509780883789,0.5760871171951294,9.779424667358398,2.289233922958374,-1.3480260372161863,-0.0467715933918952
2281160202.0,-0.1073203012347221,0.4508340656757355,9.921611785888672,2.212467908859253,-1.557857871055603,0.0924545750021934
2281168535.0,-0.1041710153222084,0.4563703835010528,9.852107048034668,2.1742515563964844,-1.8613353967666624,0.1176333874464035
2281176868.0,-0.1493265926837921,0.5922075510025024,9.806519508361816,2.353756189346313,-1.7338787317276,0.2110228687524795
2281185201.0,-0.0168826151639223,0.4874403774738312,9.942535400390623,2.2873640060424805,-1.7706607580184937,0.1407886296510696
2281193534.0,0.0211796648800373,0.3361058533191681,9.913241386413574,2.166874647140503,-2.082104206085205,0.1179151162505149
2281201867.0,-0.0567316189408302,0.4134304523468017,9.816550254821776,2.1073217391967773,-1.8892290592193604,0.1781854182481765
2281210200.0,-0.0691442042589187,0.5223275423049927,9.882991790771484,2.385108232498169,-1.3606027364730835,0.2514421641826629
2281218533.0,0.0158034171909093,0.484970360994339,10.054413795471191,2.6717312335968018,-1.27807354927063,0.1445539444684982
2281226866.0,0.0782842561602592,0.4226844906806946,10.077531814575195,2.3646678924560547,-1.4740735292434692,0.2567698955535888
2281235199.0,-0.0725862830877304,0.4520139694213867,9.955495834350586,2.2321653366088867,-1.404710292816162,0.246293693780899
2281243532.0,-0.0725506618618965,0.4988680481910705,9.95792293548584,2.423836708068848,-1.0875548124313354,0.2751353085041046
2281251865.0,-0.0569985397160053,0.407529354095459,10.02621841430664,2.35962176322937,-0.9464460611343384,0.0972956791520118
2281260198.0,-0.1380811184644699,0.3322087228298187,9.967914581298828,2.4851059913635254,-0.7778531312942505,0.0491665229201316
2281268531.0,-0.2550212442874908,0.521619439125061,9.966729164123535,2.583822965621948,-0.2008155882358551,0.2038508802652359
2281276864.0,-0.2898788154125213,0.5062170624732971,10.05962085723877,2.6126644611358643,0.0453500002622604,0.1046981886029243
2281285197.0,-0.2248580157756805,0.4236782193183899,10.120080947875977,2.521939277648926,0.0202992819249629,0.1759057641029358
2281293530.0,-0.2858597636222839,0.3879103362560272,10.007776260375977,2.370379686355591,0.0672245547175407,0.0903029814362526
2281301863.0,-0.3858309090137481,0.5216097235679626,9.95405101776123,2.3935859203338623,0.2511347532272339,0.139968991279602
2281310196.0,-0.3705006539821625,0.4861226975917816,10.017051696777344,2.623166561126709,0.4603262543678283,0.1251127421855926
2281318529.0,-0.4190056324005127,0.3118116557598114,9.88467025756836,2.551574945449829,0.8753024339675903,0.0736537426710128
2281326862.0,-0.5609057545661926,0.3377953469753265,9.93935489654541,2.3672804832458496,1.247861623764038,0.0176097862422466
2281335195.0,-0.6848441362380981,0.4445612132549286,9.865816116333008,2.520427942276001,1.7366834878921509,0.1450149863958358
2281343528.0,-0.680330216884613,0.4434032738208771,9.924127578735352,2.7164535522460938,1.8956453800201416,0.0394843406975269
2281351861.0,-0.7083287239074707,0.3595257997512817,9.99034023284912,2.644861936569214,1.6666542291641235,0.1044164299964904
2281360194.0,-0.7837435603141785,0.3710776567459106,9.849824905395508,2.557158708572388,1.5712926387786863,-0.0062754875980317
2281368527.0,-0.7929099798202515,0.4657193720340729,9.828389167785645,2.599473237991333,1.500417709350586,0.1344619244337082
2281376860.0,-0.7706852555274963,0.428261935710907,9.851740837097168,2.604544878005981,1.4634307622909546,-0.0414182171225547
2281385193.0,-0.7733266949653625,0.3649665713310241,9.816163063049316,2.605466842651367,1.4881229400634766,0.0593865998089313
2281393526.0,-0.8702536821365356,0.4388447105884552,9.760732650756836,2.673729181289673,1.797824740409851,0.0491921417415142
2281401859.0,-0.8940656781196594,0.5068230628967285,9.771991729736328,2.7595114707946777,2.140031099319458,0.1474995762109756
2281410192.0,-0.8409673571586609,0.4579983055591583,9.893239974975586,2.7212438583374023,2.147843360900879,0.0908921211957931
2281418525.0,-0.8322259783744812,0.3839203417301178,9.931602478027344,2.6483709812164307,1.7182670831680298,0.0456061474978923
2281426858.0,-0.8397223353385925,0.447772741317749,9.808342933654783,2.654287815093994,1.3549546003341677,0.1661467254161834
2281435191.0,-0.7868950963020325,0.471209317445755,9.853279113769531,2.8465993404388428,1.318121314048767,0.102930799126625
2281443524.0,-0.7038538455963135,0.3843013346195221,9.886194229125977,2.896778106689453,0.9946647882461548,0.0314670838415622
2281451857.0,-0.7255043983459473,0.3568197190761566,9.765549659729004,2.689891815185547,1.022430658340454,0.0837457478046417
2281460190.0,-0.7925361394882202,0.5083335041999817,9.686607360839844,2.895164251327514,1.2788290977478027,0.0799804478883743
2281468523.0,-0.7432459592819214,0.5557364821434021,9.854373931884766,2.936941146850586,1.606050968170166,0.0977823436260223
2281476856.0,-0.7306618690490723,0.4411686360836029,9.988648414611816,2.975003719329834,1.4258036613464355,0.161766692996025
2281485189.0,-0.7525280117988586,0.4248956143856048,9.85776138305664,2.742990016937256,1.1294212341308594,0.0238084308803081
2281493522.0,-0.7662106156349182,0.5205214619636536,9.81037139892578,2.913017511367798,0.7688241004943848,0.0680698305368423
2281501855.0,-0.723615288734436,0.5301795601844788,9.926506042480469,2.93225359916687,0.5956462621688843,-0.0046874051913619
2281510188.0,-0.6628316640853882,0.4392062425613403,9.917530059814451,2.903693914413452,0.5107607245445251,0.1313626021146774
2281518521.0,-0.7182732224464417,0.4724798500537872,9.794254302978516,2.739532232284546,0.3963674902915954,0.045529305934906
2281526854.0,-0.7731289267539978,0.6148937344551086,9.79606819152832,2.8698315620422363,0.6963357925415039,0.0781874507665634
2281535187.0,-0.7364282011985779,0.569789469242096,9.956194877624512,2.914912939071656,0.8660814166069031,0.10334063321352
2281543520.0,-0.7136220335960388,0.4211447238922119,10.034936904907228,2.670732021331787,0.6917507648468018,0.1533396244049072
2281551853.0,-0.7901555299758911,0.5117957592010498,9.867417335510254,2.6362812519073486,0.3781045377254486,0.1657369136810302
2281560186.0,-0.7777251601219177,0.5599104166030884,9.964969635009766,2.8895034790039062,0.2735472321510315,0.1866893619298935
2281568519.0,-0.7272241711616516,0.5421650409698486,9.931317329406738,2.793962240219116,0.3291557431221008,0.0988325253129005
2281576852.0,-0.697693943977356,0.3340016007423401,9.960655212402344,2.5875115394592285,0.2975733578205108,0.0781362205743789
2281585185.0,-0.7478480339050293,0.4220528304576874,9.755199432373049,2.582184076309204,0.4302295446395874,0.1284425854682922
2281593518.0,-0.761299729347229,0.5731067657470703,9.833199501037598,2.845754384994507,0.761549711227417,0.1794405430555343
2281601851.0,-0.7284693717956543,0.5120517015457153,10.00537109375,3.079843044281006,0.8525314927101135,0.0618455745279789
2281610184.0,-0.6770405173301697,0.4044860303401947,9.983404159545898,2.7666831016540527,0.5540999174118042,0.1299794316291809
2281618517.0,-0.7510601878166199,0.4302323460578918,9.833412170410156,2.589073896408081,0.4518735408782959,0.0594890601933002
2281626850.0,-0.7515658736228943,0.4676387906074524,9.726340293884276,2.7196297645568848,0.4781024754047394,0.1449893862009048
2281635183.0,-0.6962355375289917,0.4333871304988861,9.921319007873535,2.9768226146698,0.6787388324737549,0.1351279020309448
2281643516.0,-0.6739280819892883,0.3623088896274566,9.85197639465332,2.793142557144165,0.5991809964179993,0.0802109763026237
2281651849.0,-0.7019814252853394,0.4717755317687988,9.816121101379396,2.852849245071411,0.7631376385688782,0.1562084108591079
2281660182.0,-0.7306951284408569,0.5429628491401672,9.827335357666016,2.896880388259888,0.9178990125656128,0.0599245056509971
2281668515.0,-0.6340064406394958,0.4838050305843353,9.93046760559082,2.886711597442627,0.8501237034797668,0.1133301854133606
2281676848.0,-0.618744432926178,0.4025582671165466,9.949249267578123,2.723267078399658,0.578843355178833,0.0808513462543487
2281685181.0,-0.6736648678779602,0.4761105179786682,9.7516450881958,2.716838121414185,0.3975713849067688,0.0138188814744353
2281693514.0,-0.6740607619285583,0.5847601890563965,9.841641426086426,2.9763100147247314,0.4412435889244079,0.1461163908243179
2281701847.0,-0.6604719758033752,0.4892285168170929,9.85814094543457,2.873340845108032,0.8291199803352356,0.1004206165671348
2281710180.0,-0.6814151406288147,0.4067037105560303,9.8199462890625,2.662663698196411,0.7443111538887024,0.1919914782047271
2281718513.0,-0.7500737905502319,0.4709518849849701,9.747434616088867,2.6443240642547607,0.930757224559784,0.0963991731405258
2281726846.0,-0.7210065722465515,0.594484269618988,9.829404830932615,2.912325382232666,0.9917446374893188,0.0029072153847664
2281735179.0,-0.6425210237503052,0.6094751358032227,10.05432415008545,2.9563820362091064,0.6612699031829834,0.2669643461704254
2281743512.0,-0.6145596504211426,0.4425059556961059,9.99725341796875,2.5539824962615967,0.3459330201148987,0.1357170343399047
2281751845.0,-0.6207403540611267,0.4458714723587036,9.7398681640625,2.485823154449463,0.1529297977685928,0.0999851748347282
2281760178.0,-0.6407197117805481,0.5148243308067322,9.733431816101074,2.6570541858673096,0.4654490649700165,0.032696571201086
2281768511.0,-0.6336637139320374,0.5234675407409668,9.880084991455078,2.874006509780884,0.6294570565223694,0.0360776484012603
2281776844.0,-0.667411744594574,0.4765298962593078,9.954681396484377,2.7418630123138428,0.8990468382835388,0.0973212793469429
2281785177.0,-0.7464087009429932,0.500178337097168,9.821913719177246,2.641225099563598,0.9881588220596312,0.1265215128660202
2281793510.0,-0.745922327041626,0.5806659460067749,9.877516746520996,2.646552801132202,1.076553463935852,0.0643301606178283
2281801843.0,-0.7249099612236023,0.5147497653961182,10.00535488128662,2.7926559448242188,0.888160765171051,0.1049799472093582
2281810176.0,-0.6685405373573303,0.4608263075351715,9.998498916625977,2.675931930541992,0.3511839509010315,0.1475507915019989
2281818509.0,-0.6500864624977112,0.4501181244850158,9.87230110168457,2.645117998123169,0.1293902993202209,0.1011890321969986
2281826842.0,-0.6256917715072632,0.5424866676330566,9.78118896484375,2.6867668628692627,0.3567422926425934,0.1383296847343444
2281835175.0,-0.614063560962677,0.5320824384689331,9.827655792236328,2.7763655185699463,0.5779211521148682,0.130696639418602
2281843508.0,-0.662935197353363,0.3913961052894592,9.828633308410645,2.722242593765259,0.8166458606719971,0.1524174958467483
2281851841.0,-0.7060418725013733,0.4177810251712799,9.76267147064209,2.656926393508911,1.167612075805664,0.1584624648094177
2281860174.0,-0.7765765190124512,0.5449337959289551,9.881640434265137,2.8645548820495605,1.324140548706055,0.0831822231411933
2281868507.0,-0.7541710734367371,0.577231764793396,9.990079879760742,2.8377628326416016,1.0467897653579712,0.1533396244049072
2281876840.0,-0.7397551536560059,0.4862997531890869,10.06457805633545,2.7026729583740234,0.5881924629211426,0.0498581081628799
2281885173.0,-0.702061653137207,0.4171440303325653,9.869848251342772,2.547169208526612,0.3699592053890228,0.0444791167974472
2281893506.0,-0.7038745284080505,0.4971774220466614,9.704078674316406,2.633591413497925,0.1443234086036682,0.1531091034412384
2281901839.0,-0.686409056186676,0.5378898978233337,9.808444023132324,2.7803611755371094,0.4344815015792846,0.1621509045362472
2281910172.0,-0.6728679537773132,0.4659583568572998,9.86685562133789,2.820908546447754,0.8020457029342651,0.1732162535190582
2281918505.0,-0.7064443230628967,0.4551584720611572,9.826519012451172,2.638893842697144,1.136875033378601,0.0969370752573013
2281926838.0,-0.7953458428382874,0.5309237837791443,9.84897232055664,2.6550817489624023,1.2664830684661863,0.0284702200442552
2281935171.0,-0.7832413911819458,0.5297620296478271,9.967706680297852,2.680952310562134,1.110953450202942,0.1327201724052429
2281943504.0,-0.7321515083312988,0.4095027148723602,10.046734809875488,2.658129930496216,0.6001286506652832,0.1072339937090873
2281951837.0,-0.6890062689781189,0.3796494305133819,9.910632133483888,2.532492160797119,0.1399946063756942,0.0390489026904106
2281960170.0,-0.6889867186546326,0.4870128929615021,9.781516075134276,2.7011876106262207,0.0479626581072807,0.0525219924747943
2281968503.0,-0.6774317622184753,0.526521623134613,9.79945182800293,2.793450117111206,0.2840490937232971,0.0489103831350803
2281976836.0,-0.6650516390800476,0.3988612592220306,9.85872745513916,2.690634489059448,0.5800471901893616,0.001165447756648
2281985169.0,-0.6953814625740051,0.3424400985240936,9.774746894836426,2.4881796836853027,0.8301957845687866,0.0286751389503479
2281993502.0,-0.7268738150596619,0.481932669878006,9.787653923034668,2.701136350631714,1.1994248628616333,0.0940938964486122
2282001835.0,-0.7140506505966187,0.5374669432640076,10.011482238769531,2.977744579315185,1.1629759073257446,0.0049307406879961
2282010168.0,-0.6768503785133362,0.4696614146232605,10.059764862060549,2.7182722091674805,0.5173690915107727,0.0465538725256919
2282018501.0,-0.650263249874115,0.3413124680519104,9.929760932922363,2.529060125350952,0.0577729009091854,0.1172747761011123
2282026834.0,-0.622077226638794,0.4114997982978821,9.793533325195312,2.5450432300567627,0.0382036343216896,0.0239877291023731
2282035167.0,-0.6034121513366699,0.5274980664253235,9.77799129486084,2.876312255859375,0.4969801902770996,0.0783923715353012
2282043500.0,-0.6002749800682068,0.481125146150589,9.863595008850098,2.8939855098724365,0.7311198115348816,0.0826443210244178
2282051833.0,-0.6337700486183167,0.4123925864696502,9.864948272705078,2.7613041400909424,0.9618017673492432,0.0382036343216896
2282060166.0,-0.6952502727508545,0.4835220277309418,9.80309009552002,2.670475959777832,1.1785749197006226,0.1375612318515777
2282068499.0,-0.7265375852584839,0.5627079010009766,9.897812843322754,2.606543064117432,1.2887930870056152,0.0692993104457855
2282076832.0,-0.6979814767837524,0.4675834774971008,10.00899887084961,2.850390911102295,0.7311456203460693,-0.0236419420689344
2282085165.0,-0.662003219127655,0.3894993960857391,9.987120628356934,2.711151361465454,0.4420888721942901,0.1309783905744552
2282093498.0,-0.6547104716300964,0.4889194071292877,9.816767692565918,2.6674022674560547,0.1776731461286544,0.1151487901806831
2282101831.0,-0.6384342908859253,0.5771747827529907,9.782282829284668,2.764301061630249,0.3549492657184601,0.1273667812347412
2282110164.0,-0.66545569896698,0.5007357597351074,9.853259086608888,2.8141205310821533,0.6685187816619873,0.098525159060955
2282118497.0,-0.6903249621391296,0.364845722913742,9.78426742553711,2.621732234954834,0.9966369867324828,0.120502158999443
2282126830.0,-0.7263339757919312,0.4584018588066101,9.749750137329102,2.636204242706299,1.320708394050598,-0.0110653499141335
2282135163.0,-0.7913916707038879,0.6114150285720825,9.906294822692873,2.9514896869659424,1.3483716249465942,0.2281331717967987
2282143496.0,-0.738156795501709,0.5994502305984497,10.068527221679688,2.953974485397339,0.8858299851417542,0.0948367118835449
2282151829.0,-0.6864336133003235,0.4342786371707916,10.03111743927002,2.634385585784912,0.3205237090587616,0.1520588845014572
2282160162.0,-0.6926766633987427,0.4242353141307831,9.785761833190918,2.37737250328064,0.1132277175784111,-0.0334778018295764
2282168495.0,-0.7145987749099731,0.5115183591842651,9.666298866271973,2.640481948852539,0.2869946956634521,0.0840787291526794
2282176828.0,-0.6736555695533752,0.5572185516357422,9.829407691955566,2.946418046951294,0.655609130859375,0.1175821349024772
2282185161.0,-0.6885892152786255,0.4516645967960357,9.91419506072998,2.762072324752808,0.8592168092727661,0.1106662973761558
2282193494.0,-0.7268693447113037,0.4638872146606445,9.811392784118652,2.7047994136810303,1.0747860670089722,0.1209120005369186
2282201827.0,-0.7784913182258606,0.582268476486206,9.843720436096191,2.759818315505981,1.1357736587524414,0.0286751352250576
2282210160.0,-0.7692233324050903,0.5365803241729736,9.974976539611816,2.828695297241211,0.7156489491462708,0.1348205357789993
2282218493.0,-0.6922942996025085,0.4192319214344024,10.066316604614258,2.6489853858947754,0.3708044588565826,-0.0013063257792964
2282226826.0,-0.6492685675621033,0.4248159527778625,9.883390426635742,2.569299936294556,0.0741916373372078,0.1697839796543121
2282235159.0,-0.655583918094635,0.5427776575088501,9.723267555236816,2.6669669151306152,-0.0859869867563247,0.1583343893289566
2282243492.0,-0.6589016318321228,0.5633400678634644,9.8101167678833,2.85461688041687,0.4423962831497192,0.0841555669903755
2282251825.0,-0.6657027006149292,0.4165674149990082,9.860440254211426,2.60270094871521,0.8126756548881531,0.1170954853296279
2282260158.0,-0.7016254663467407,0.3489223420619964,9.790313720703123,2.556774377822876,1.1821097135543823,0.0453243851661682
2282268491.0,-0.7332934141159058,0.5154422521591187,9.8396577835083,2.6437604427337646,1.0288598537445068,0.2300542443990707
2282276824.0,-0.7490894794464111,0.6213050484657288,9.98575210571289,2.964604377746582,1.025504231452942,0.1292366087436676
2282285157.0,-0.662307620048523,0.5322814583778381,10.136885643005373,2.841374397277832,0.437298983335495,0.244628757238388
2282293490.0,-0.6247325539588928,0.396988183259964,9.940465927124023,2.417638063430786,0.038767147809267,0.0811843201518058
2282301823.0,-0.638884961605072,0.4437953531742096,9.657994270324709,2.4304962158203125,-0.0001536854106234,-0.0102713089436292
2282310156.0,-0.6498710513114929,0.5334382057189941,9.690295219421388,2.8537464141845703,0.4333800673484802,-0.014779414050281
2282318489.0,-0.6375773549079895,0.5223042368888855,9.87819004058838,2.9800498485565186,0.899661660194397,0.1191958487033844
2282326822.0,-0.6641854047775269,0.4375487565994262,9.94211769104004,2.708897352218628,1.1020395755767822,0.0893040299415588
2282335155.0,-0.7352434396743774,0.4778015613555908,9.786112785339355,2.568377733230591,1.191920042037964,0.1841535419225692
2282343488.0,-0.7597571611404419,0.5645597577095032,9.888602256774902,2.713098287582397,1.079499125480652,0.1847682744264602
2282351821.0,-0.7343815565109253,0.5112637281417847,10.032577514648438,2.8156063556671143,0.816159188747406,0.0411236546933651
2282360154.0,-0.6461898684501648,0.3578932583332062,9.97507095336914,2.6115121841430664,0.1745225936174392,0.0865120813250541
2282368487.0,-0.6126147508621216,0.4185736775398254,9.761812210083008,2.6451945304870605,0.0695042237639427,0.0625371560454368
2282376820.0,-0.6314728856086731,0.5565943121910095,9.70827865600586,2.8349194526672363,0.3536173403263092,0.0780337750911712
2282385153.0,-0.6609238982200623,0.5306748151779175,9.821039199829102,2.821728229522705,0.8124451637268066,0.1061325892806053
2282393486.0,-0.6700049042701721,0.3768603801727295,9.855178833007812,2.602034568786621,1.010622501373291,0.1259579956531524
2282401819.0,-0.7189935445785522,0.3724769353866577,9.76968765258789,2.540688753128052,1.2612063884735107,0.0534697063267231
2282410152.0,-0.7990075349807739,0.5438762903213501,9.838486671447754,2.843116283416748,1.087695837020874,0.0600013509392738
2282418485.0,-0.7670338749885559,0.6257694959640503,10.04588222503662,3.0597102642059326,0.8396987318992615,0.1418132185935974
2282426818.0,-0.7077733278274536,0.4911802113056183,10.102032661437988,2.864837169647217,0.2887877225875854,0.0637666434049606
2282435151.0,-0.6483734250068665,0.3805189430713653,9.868173599243164,2.4547786712646484,-0.183193027973175,0.1065168008208274
2282443484.0,-0.6707489490509033,0.4659818112850189,9.603525161743164,2.456648588180542,0.0959381163120269,0.2057975828647613
2282451817.0,-0.6684278249740601,0.5562984943389893,9.705300331115724,2.8519272804260254,0.6151387095451355,0.129723310470581
2282460150.0,-0.6591863036155701,0.4592023491859436,9.93971347808838,2.908816337585449,0.9584205746650696,0.1527760922908783
2282468483.0,-0.6974353790283203,0.4180690050125122,9.891014099121094,2.730618476867676,1.0374919176101685,0.0295716375112533
2282476816.0,-0.7795804738998413,0.4868101179599762,9.825743675231934,2.589304685592652,1.161874532699585,0.0743453130125999
2282485149.0,-0.7759085893630981,0.5824900269508362,9.913183212280272,2.754567623138428,1.045560359954834,0.0334393829107284
2282493482.0,-0.6862921118736267,0.4713006317615509,10.107918739318848,2.7462174892425537,0.5146284103393555,0.1057995930314064
2282501815.0,-0.6268079280853271,0.3798612952232361,9.95089626312256,2.611947536468506,0.056415356695652,0.0361544974148273
2282510148.0,-0.6421803832054138,0.4179907739162445,9.704617500305176,2.6223723888397217,0.0594122149050235,0.0156887173652648
2282518481.0,-0.6599686741828918,0.5748496055603027,9.710152626037598,2.757487773895264,0.3604563176631927,0.069606676697731
2282526814.0,-0.6415794491767883,0.4930112361907959,9.875332832336426,2.7995717525482178,0.8562199473381042,0.2407866418361663
2282535147.0,-0.6817408800125122,0.3626818358898163,9.878713607788086,2.6368446350097656,1.0901545286178589,0.0902261435985565
2282543480.0,-0.7305205464363098,0.4098659455776214,9.809091567993164,2.6138174533843994,1.1915100812911987,0.0193515550345182
2282551813.0,-0.7801737785339355,0.5699694156646729,9.93075466156006,2.941090583801269,1.1226335763931274,0.1297745108604431
2282560146.0,-0.7085561752319336,0.635542631149292,10.092988014221191,2.947826623916626,0.6847068667411804,0.1202204003930091
2282568479.0,-0.632627010345459,0.4138926267623901,10.088885307312012,2.651009559631348,0.0140750221908092,0.0062370663508772
2282576812.0,-0.6079346537590027,0.3781374990940094,9.789990425109863,2.354370594024658,-0.0450810492038726,0.1067985445261001
2282585145.0,-0.6671684384346008,0.4828206896781921,9.586246490478516,2.5295209884643555,0.2263402044773101,0.0218105223029851
2282593478.0,-0.6950749754905701,0.5794581770896912,9.785188674926758,2.9290521144866943,0.860395073890686,0.1059532910585403
2282601811.0,-0.6823404431343079,0.4799412488937378,9.963552474975586,2.864401340484619,1.2417652606964111,0.1491644829511642
2282610144.0,-0.7069564461708069,0.4409478008747101,9.897719383239746,2.676854133605957,1.1666643619537354,0.0643813833594322
2282618477.0,-0.7826434969902039,0.5057535171508789,9.8662748336792,2.5742175579071045,1.1451483964920044,0.0937609076499939
2282626810.0,-0.7815276384353638,0.5678727626800537,9.927047729492188,2.75082802772522,0.8200525045394897,0.10334063321352
2282635143.0,-0.6855937838554382,0.4504322111606598,10.090656280517578,2.871932029724121,0.2754683196544647,0.000806848402135
2282643476.0,-0.6136015057563782,0.3658277988433838,9.924571990966797,2.498783826828003,-0.0946445986628532,0.0331832394003868
2282651809.0,-0.6104444265365601,0.4824576079845428,9.680378913879396,2.630953550338745,-0.0859869867563247,0.0523170717060565
2282660142.0,-0.641058623790741,0.5689792037010193,9.720632553100586,2.82964301109314,0.5085322260856628,0.0820039808750152
2282668475.0,-0.6363998055458069,0.4761965870857239,9.845473289489746,2.701597213745117,0.939824640750885,0.0551602505147457
2282676808.0,-0.6719062924385071,0.3374164700508117,9.858468055725098,2.524244546890259,1.3482693433761597,0.116736888885498
2282685141.0,-0.7785750031471252,0.3883645236492157,9.809144020080566,2.560232400894165,1.3450675010681152,0.0185318980365991
2282693474.0,-0.7860651016235352,0.583989143371582,9.916276931762695,2.999772548675537,1.1392059326171875,0.0360776484012603
2282701807.0,-0.7282330393791199,0.5858930945396423,10.14150047302246,3.0905749797821045,0.6173414587974548,-0.008836911059916
2282710140.0,-0.6732766032218933,0.4139373898506164,10.02432346343994,2.6291606426239014,0.0493202060461044,-0.0087600676342844
2282718473.0,-0.6221581101417542,0.3483575880527496,9.749593734741213,2.318613052368164,0.0004482491058297,0.1410703957080841
2282726806.0,-0.6509987711906433,0.4728738665580749,9.572357177734377,2.6750357151031494,0.3801537156105041,-0.0097846379503607
2282735139.0,-0.656919002532959,0.5740454196929932,9.806097984313965,3.0359654426574707,0.9859302639961244,0.0655852481722831
2282743472.0,-0.6619117259979248,0.4771431684494018,10.031902313232422,2.9779751300811768,1.1440470218658447,0.1358194798231125
2282751805.0,-0.6994503140449524,0.4406411647796631,9.901403427124023,2.6086690425872803,1.301958680152893,0.0630494430661201
2282760138.0,-0.7800052762031555,0.5174044966697693,9.876609802246094,2.5503454208374023,1.190997838973999,0.148754671216011
2282768471.0,-0.7755532264709473,0.5616135597229004,9.924298286437988,2.81401801109314,0.9275811314582824,0.140558123588562
2282776804.0,-0.6976521611213684,0.4718564450740814,10.06662940979004,2.89196252822876,0.3095864653587341,0.0418920777738094
2282785137.0,-0.6265729069709778,0.354624480009079,9.911405563354492,2.615431308746338,-0.0847575068473815,0.0778288543224334
2282793470.0,-0.6139257550239563,0.4753530919551849,9.658656120300291,2.5794687271118164,0.0826699435710907,0.0609746873378753
2282801803.0,-0.663210928440094,0.577638566493988,9.691936492919922,2.825775146484375,0.6610137820243835,0.1438111215829849
2282810136.0,-0.6930662393569946,0.5018486380577087,9.881219863891602,2.770653486251831,1.0515539646148682,0.0963479429483413
2282818469.0,-0.7050421237945557,0.3409539759159088,9.904075622558594,2.525960683822632,1.0485060214996338,0.1177358403801918
2282826802.0,-0.7480379343032837,0.4085280001163482,9.820798873901367,2.611691474914551,1.2217862606048584,0.1404044181108474
2282835135.0,-0.7694385647773743,0.6167590618133545,9.91749668121338,2.826748847961426,0.924917221069336,0.0895601734519004
2282843468.0,-0.7038183808326721,0.6513604521751404,10.093242645263672,3.058480739593506,0.4588918685913086,0.1695534288883209
2282851801.0,-0.6182002425193787,0.438007652759552,10.050895690917969,2.511744737625122,0.0155094191431999,0.0531111136078834
2282860134.0,-0.6268442273139954,0.3732425570487976,9.703682899475098,2.31689715385437,-0.0367564260959625,0.1330787539482116
2282868467.0,-0.6566959619522095,0.4910129308700561,9.564793586730955,2.4966070652008057,0.3954198062419891,-0.0408034771680831
2282876800.0,-0.6606241464614868,0.5375973582267761,9.811615943908691,3.051129102706909,1.0392334461212158,0.1582575291395187
2282885133.0,-0.6724275946617126,0.5000070333480835,10.006613731384276,2.8397347927093506,1.2936853170394895,-0.0172639936208724
2282893466.0,-0.7049658894538879,0.4105204641819,9.89926528930664,2.533670663833618,1.1176130771636963,0.0612052120268344
2282901799.0,-0.7555909156799316,0.5035741925239563,9.856316566467283,2.486745357513428,0.9969444274902344,0.0813636183738708
2282910132.0,-0.7451598644256592,0.5379431247711182,9.916918754577637,2.7128164768218994,0.6930059194564819,0.1053385436534881
2282918465.0,-0.6661332845687866,0.452025294303894,10.08788013458252,2.934021234512329,0.2192450314760208,0.1280071586370468
2282926798.0,-0.5724280476570129,0.3491838276386261,9.884639739990234,2.6489603519439697,-0.0381139852106571,-0.0443382486701011
2282935131.0,-0.5911102294921875,0.4697996079921722,9.619924545288086,2.681797504425049,0.1305685639381408,0.0220922790467739
2282943464.0,-0.6419876217842102,0.5773950219154358,9.708191871643066,2.7673490047454834,0.6898297667503357,0.0838225856423378
2282951797.0,-0.6637182831764221,0.482314258813858,9.83983325958252,2.781078577041626,1.1911003589630127,0.2053877562284469
2282960130.0,-0.6961607336997986,0.2921418845653534,9.930216789245604,2.613919734954834,1.3726539611816406,0.1208095327019691
2282968463.0,-0.7553520202636719,0.3332647979259491,9.832992553710938,2.561410903930664,1.28669273853302,0.1476020216941833
2282976796.0,-0.7435782551765442,0.5833877325057983,9.887840270996094,3.0143730640411377,0.8637760877609253,-0.0124229053035378
2282985129.0,-0.6907620429992676,0.6251800656318665,10.138447761535645,3.0622715950012207,0.3470088541507721,0.0972188338637352
2282993462.0,-0.6173499226570129,0.4389964342117309,10.019869804382324,2.6776225566864014,-0.158449649810791,0.0091058602556586
2283001795.0,-0.608742892742157,0.3475564420223236,9.733734130859377,2.238824844360352,-0.0396252237260341,0.1468848288059234
2283010128.0,-0.6498808264732361,0.4376031458377838,9.54415798187256,2.475218772888184,0.4229806661605835,0.0857692584395408
2283018461.0,-0.6786425113677979,0.5776364207267761,9.740598678588867,3.001847267150879,1.1835441589355469,0.0789046511054039
2283026794.0,-0.7122506499290466,0.4905475080013275,10.036136627197266,3.001232862472534,1.3427622318267822,0.1386370658874511
2283035127.0,-0.7262915372848511,0.4607194066047668,9.960559844970703,2.583592653274536,1.129370093345642,0.0532391890883445
2283043460.0,-0.7711594700813293,0.5188835859298706,9.871451377868652,2.51784086227417,1.0205607414245603,0.1140986084938049
2283051793.0,-0.7702783346176147,0.557470977306366,9.913061141967772,2.701315402984619,0.6522024273872375,0.1128178909420967
2283060126.0,-0.6860881447792053,0.4680442214012146,10.053682327270508,2.8065645694732666,0.1720892488956451,0.0831566154956817
2283068459.0,-0.6245841979980469,0.3798066973686218,9.915833473205566,2.7067461013793945,-0.1174925044178962,0.0645862966775894
2283076792.0,-0.6310256123542786,0.4649597108364105,9.622074127197266,2.7996742725372314,0.1477557271718979,0.0321074426174163
2283085125.0,-0.657755970954895,0.6005863547325134,9.71250057220459,2.865528583526612,0.8296322822570801,0.1559010297060012
2283093458.0,-0.6956714391708374,0.5206987857818604,9.869830131530762,2.7383792400360107,1.2199419736862185,0.1603835225105285
2283101791.0,-0.7042096257209778,0.3755248188972473,9.92771816253662,2.598064661026001,1.1928164958953855,0.0858717188239097
2283110124.0,-0.7657627463340759,0.3832546174526214,9.860607147216797,2.648499250411988,1.237359642982483,0.0763432309031486
2283118457.0,-0.7706082463264465,0.586580216884613,9.876063346862791,3.0313808917999268,0.91736102104187,0.1224232465028762
2283126790.0,-0.7179821729660034,0.6569541096687317,10.0973539352417,3.170926809310913,0.4758740663528442,0.0505496859550476
2283135123.0,-0.6342588663101196,0.4979620277881622,10.053085327148438,2.775007724761963,-0.0898547321557998,0.0016777323326095
2283143456.0,-0.6120056509971619,0.3715585172176361,9.748498916625977,2.309392213821411,-0.0932101979851722,0.0184038262814283
2283151789.0,-0.6589176058769226,0.4549160599708557,9.565241813659668,2.474860429763794,0.4254140257835388,0.0639459416270256
2283160122.0,-0.6889981627464294,0.58510822057724,9.724494934082031,2.983149290084839,1.1209685802459717,0.116736888885498
2283168455.0,-0.706332802772522,0.5227445363998413,10.035167694091797,3.058813095092773,1.3768291473388672,0.1602554321289062
2283176788.0,-0.7224476337432861,0.4553032219409942,9.989297866821287,2.526703357696533,1.1407427787780762,0.1067985594272613
2283185121.0,-0.7624516487121582,0.5041508078575134,9.875444412231444,2.5130767822265625,1.0167955160140991,0.016662061214447
2283193454.0,-0.7597034573554993,0.5834435224533081,9.925030708312988,2.6249849796295166,0.5101458430290222,0.1078231185674667
2283201787.0,-0.687268853187561,0.4820564389228821,10.039887428283691,2.71701717376709,0.1984975188970565,0.0184550564736127
2283210120.0,-0.5943436622619629,0.3380789160728454,9.906665802001951,2.629211664199829,-0.059220116585493,0.0700677409768104
2283218453.0,-0.5986670851707458,0.4279437363147735,9.640235900878906,2.6171984672546387,0.1576940417289734,0.0780337676405906
2283226786.0,-0.6753918528556824,0.5769824981689453,9.640564918518066,2.807563543319702,0.6891126036643982,0.1469873040914535
2283235119.0,-0.6944127082824707,0.5221198201179504,9.85779857635498,2.838505506515503,1.2395623922348022,0.1137143969535827
2283243452.0,-0.7134473323822021,0.3465455770492553,9.929561614990234,2.6666338443756104,1.2541369199752808,0.029904618859291
2283251785.0,-0.7627972364425659,0.3498508334159851,9.839269638061523,2.604084253311157,1.1432273387908936,0.0545711293816566
2283260118.0,-0.7846476435661316,0.5356935262680054,9.89391803741455,2.8914248943328857,0.9374426007270812,0.0930693224072456
2283268451.0,-0.6921069622039795,0.6198811531066895,10.078356742858888,3.174922704696656,0.5329169034957886,0.0923521220684051
2283276784.0,-0.607749879360199,0.4816802740097046,10.059629440307615,2.8305907249450684,-0.1500738114118576,0.0104378014802932
2283285117.0,-0.6059191226959229,0.3489675521850586,9.780535697937012,2.364027261734009,-0.1552222371101379,0.0721168741583824
2283293450.0,-0.6345841288566589,0.4467351734638214,9.5341215133667,2.470736503601074,0.4004657566547394,0.039612416177988
2283301783.0,-0.709328830242157,0.579846978187561,9.702129364013672,2.8905277252197266,0.9832919836044312,0.104185901582241
2283310116.0,-0.6962536573410034,0.5079744458198547,9.996527671813965,2.988271713256836,1.4203221797943115,0.1615617871284485
2283318449.0,-0.7471162676811218,0.4107016026973724,10.026006698608398,2.6775715351104736,1.2253721952438354,0.0191722586750984
2283326782.0,-0.7886130809783936,0.4915640652179718,9.895336151123049,2.4828007221221924,0.9782460927963256,0.0427885800600051
2283335115.0,-0.7747902870178223,0.6129297018051147,9.937737464904783,2.681746482849121,0.6329405903816223,0.0526500642299652
2283343448.0,-0.7002127170562744,0.5008459687232971,10.029751777648926,2.628135919570923,0.2088200598955154,0.0797755345702171
2283351781.0,-0.612372636795044,0.3803147673606872,9.915504455566406,2.647166967391968,-0.1789666414260864,0.0233473721891641
2283360114.0,-0.6060507297515869,0.4323846697807312,9.63869571685791,2.6156108379364014,0.0115392124280333,0.0787509679794311
2283368447.0,-0.6630958318710327,0.5649123191833496,9.650988578796388,2.849417209625244,0.8074759840965271,0.205643892288208
2283376780.0,-0.7011911869049072,0.5406554341316223,9.85135269165039,2.98161244392395,1.2157669067382812,0.0919679105281829
2283385113.0,-0.732706606388092,0.3590337336063385,9.969249725341797,2.681746482849121,1.2391782999038696,0.0803134441375732
2283393446.0,-0.7745180726051331,0.3663673102855682,9.872798919677734,2.534592628479004,1.310949444770813,-0.0401375070214271
2283401779.0,-0.7748540043830872,0.5564823150634766,9.879945755004885,2.8692169189453125,0.7838596105575562,0.1371258050203323
2283410112.0,-0.7007229328155518,0.6471164226531982,10.075796127319336,3.051897525787353,0.3512095808982849,0.0870755910873413
2283418445.0,-0.5979013442993164,0.5019887089729309,10.06251621246338,2.8000075817108154,-0.1670048236846923,0.1254713237285614
2283426778.0,-0.5595229268074036,0.3760111033916473,9.781197547912598,2.3255035877227783,-0.2146985083818435,0.0240901857614517
2283435111.0,-0.6283316016197205,0.4569816887378692,9.53447151184082,2.432391881942749,0.3553591072559356,0.1047494262456893
2283443444.0,-0.6669508814811707,0.5710679292678833,9.687350273132324,2.88952898979187,1.0616973638534546,0.0765737518668174
2283451777.0,-0.6787528395652771,0.5237705111503601,9.975642204284668,3.0251824855804443,1.503158688545227,0.1238064095377922
2283460110.0,-0.7162869572639465,0.4534348249435425,10.00344467163086,2.749598503112793,1.3104372024536133,0.1013427227735519
2283468443.0,-0.7723405361175537,0.4847283959388733,9.88810920715332,2.5193779468536377,0.9260954260826112,0.0241926461458206
2283476776.0,-0.729825496673584,0.6163414120674133,9.927291870117188,2.707104444503784,0.5397047400474548,0.0715277567505836
2283485109.0,-0.689760684967041,0.5224242806434631,10.074023246765137,2.745833158493042,0.1648404151201248,-0.0271767061203718
2283493442.0,-0.5875318646430969,0.380885511636734,9.917875289916992,2.595503330230713,-0.2686933577060699,-0.0164443384855985
2283501775.0,-0.5727739930152893,0.4359078407287597,9.692301750183104,2.5018064975738525,0.026728456839919,-0.0086319977417588
2283510108.0,-0.646760880947113,0.5694420337677002,9.640042304992676,2.750648736953736,0.6692359447479248,0.0009605337982065
2283518441.0,-0.6714587211608887,0.5336228609085083,9.827195167541504,2.900491952896118,1.249705791473389,0.1377661526203155
2283526774.0,-0.7239990830421448,0.3865230977535248,10.005691528320312,2.67421555519104,1.5265955924987793,0.0428398065268993
2283535107.0,-0.7723778486251831,0.3554149568080902,9.896105766296388,2.5465543270111084,1.24985933303833,0.0436594635248184
2283543440.0,-0.8084405064582825,0.526267945766449,9.883806228637695,2.739122152328491,0.9282214641571044,0.0458366721868515
2283551773.0,-0.7171213626861572,0.6183992028236389,10.064797401428224,3.143673658370972,0.4111212790012359,0.0476808995008468
2283560106.0,-0.6277493238449097,0.4874367117881775,10.068347930908203,2.751237630844116,-0.0051228459924459,0.1061838120222091
2283568439.0,-0.6006358861923218,0.3403777778148651,9.767024040222168,2.308264970779419,-0.2714340388774872,0.0769323483109474
2283576772.0,-0.6274920105934143,0.4079386293888092,9.52984619140625,2.446505308151245,0.2711651027202606,0.0476552844047546
2283585105.0,-0.6778154373168945,0.5572025179862976,9.698476791381836,2.9125306606292725,1.0729418992996216,0.1313626021146774
2283593438.0,-0.6705225706100464,0.4993681013584137,9.957595825195312,3.067164182662964,1.4702444076538086,0.1350254565477371
2283601771.0,-0.7215934991836548,0.421337753534317,9.986891746520996,2.724445104598999,1.2251161336898804,0.1366391330957412
2283610104.0,-0.7829704880714417,0.431754320859909,9.86884307861328,2.5283684730529785,1.1939691305160522,0.1170442476868629
2283618437.0,-0.7824392318725586,0.555027961730957,9.890380859375,2.668042659759521,0.8425417542457581,0.0886380523443222
2283626770.0,-0.7018239498138428,0.4989287555217743,10.041234970092772,2.777287483215332,0.2656580209732055,0.1127666682004928
2283635103.0,-0.6336131691932678,0.3674039840698242,9.963905334472656,2.65787410736084,-0.03083954192698,0.171346440911293
2283643436.0,-0.5869775414466858,0.4096318781375885,9.639528274536133,2.54289174079895,-0.0069158440455794,0.0793401002883911
2283651769.0,-0.6485152840614319,0.5422495603561401,9.562809944152832,2.7113821506500244,0.5269232988357544,0.0975518226623535
2283660102.0,-0.6607335209846497,0.5325331687927246,9.82178783416748,2.8639917373657227,1.1408451795578003,0.0745246261358261
2283668435.0,-0.6883934736251831,0.3694382905960083,9.960955619812012,2.7132773399353027,1.5151716470718384,0.0899699926376342
2283676768.0,-0.7326855659484863,0.3399758040904999,9.865217208862305,2.5551607608795166,1.258696436882019,0.199419617652893
2283685101.0,-0.7853121161460876,0.5300196409225464,9.863943099975586,2.7479593753814697,0.9846240878105164,0.1505988985300064
2283693434.0,-0.7372692823410034,0.646136462688446,10.04007625579834,2.999824047088623,0.5426504015922546,0.0696835294365882
2283701767.0,-0.6560109853744507,0.4995659589767456,10.096637725830078,2.802978515625,-0.0052765328437089,0.0769579708576202
2283710100.0,-0.5866576433181763,0.3585729002952575,9.842663764953612,2.3855435848236084,-0.2911057770252228,0.0490384586155414
2283718433.0,-0.6201010346412659,0.401565819978714,9.561483383178713,2.4302659034729004,0.2735984623432159,0.0278298687189817
2283726766.0,-0.6640074253082275,0.5687026381492615,9.700242042541504,2.840785264968872,1.049735426902771,-0.0052765323780477
2283735099.0,-0.6447297930717468,0.562194287776947,9.970735549926758,3.001258373260498,1.3590785264968872,0.1205534040927887
2283743432.0,-0.6948437094688416,0.4698197841644287,10.00437831878662,2.728492498397827,1.4613817930221558,0.079468160867691
2283751765.0,-0.7415720820426941,0.4605980217456817,9.885032653808594,2.4542150497436523,1.1306251287460327,0.111690878868103
2283760098.0,-0.7868589758872986,0.5557913780212402,9.88230323791504,2.5690693855285645,0.732605516910553,0.1210400760173797
2283768431.0,-0.7039260864257812,0.5085527300834656,10.036928176879885,2.8012115955352783,0.6134737730026245,0.1852549761533737
2283776764.0,-0.6356685161590576,0.3696551024913788,10.004826545715332,2.6903271675109863,0.15754035115242,0.0287263616919517
2283785097.0,-0.5865156054496765,0.422128677368164,9.721137046813965,2.5608725547790527,0.0547504238784313,0.02680529281497
2283793430.0,-0.6329753994941711,0.53475022315979,9.651695251464844,2.712329626083374,0.450311005115509,0.0245256312191486
2283801763.0,-0.6654428839683533,0.5582632422447205,9.81114101409912,2.777902126312256,0.924814760684967,0.1437599062919616
2283810096.0,-0.677772045135498,0.4095084369182586,9.939026832580566,2.641711473464966,1.2616419792175293,0.0094132311642169
2283818429.0,-0.7102116942405701,0.2965421974658966,9.86559009552002,2.5333120822906494,1.1743230819702148,0.0949391648173332
2283826762.0,-0.7945601344108582,0.4666986763477325,9.811559677124023,2.90374493598938,1.0788843631744385,0.0471686162054538
2283835095.0,-0.7606854438781738,0.6590234041213989,9.954785346984863,3.1690316200256348,0.7688496708869934,0.145757794380188
2283843428.0,-0.6886980533599854,0.5412341356277466,10.118958473205566,2.9837894439697266,0.211944967508316,0.0499093383550643
2283851761.0,-0.6211854815483093,0.396662950515747,9.83444595336914,2.3164618015289307,-0.0413926057517528,0.0222459640353918
2283860094.0,-0.6576555371284485,0.3701646625995636,9.609838485717772,2.260955810546875,0.2110228687524795,0.0669684112071991
2283868427.0,-0.7168076038360596,0.5128487348556519,9.61650276184082,2.8151965141296387,0.8454618453979492,0.1069266200065612
2283876760.0,-0.697422444820404,0.5573705434799194,9.926508903503418,3.049823045730591,1.1629760265350342,0.0516767241060733
2283885093.0,-0.7143782377243042,0.4215366542339325,10.039716720581056,2.7327699661254883,1.2596184015274048,0.1022136062383651
2283893426.0,-0.7445293664932251,0.4182466268539428,9.871737480163574,2.6273672580718994,0.9687175154685974,0.0747295320034027
2283901759.0,-0.7693318724632263,0.5683361887931824,9.845808029174805,2.5923783779144287,0.8442579507827759,0.1685288697481155
2283910092.0,-0.7226704955101013,0.5007784366607666,10.000232696533203,2.8368406295776367,0.4518991410732269,0.1808236837387085
2283918425.0,-0.6435371041297913,0.3721494972705841,10.030536651611328,2.758538007736206,0.114892654120922,0.0844117179512977
2283926758.0,-0.5971059799194336,0.3575668036937713,9.721818923950195,2.690199136734009,0.159820020198822,0.0400734692811965
2283935091.0,-0.6331832408905029,0.5627598762512207,9.665855407714844,2.7829222679138184,0.5233884453773499,0.0586181730031967
2283943424.0,-0.695472002029419,0.6005428433418274,9.780465126037598,2.9038219451904297,0.9848802089691162,0.1387907415628433
2283951757.0,-0.7171239256858826,0.4297739863395691,9.952442169189451,2.728543519973755,1.2039587497711182,0.1465774476528167
2283960090.0,-0.7305424213409424,0.3385944366455078,9.886270523071287,2.5626659393310547,1.1915614604949951,0.1014964133501052
2283968423.0,-0.7826237082481384,0.4630593061447143,9.811366081237791,2.725700616836548,0.8872643709182739,0.0910201892256736
2283976756.0,-0.7154774069786072,0.6444775462150574,9.992838859558104,3.034428596496582,0.6377304196357727,0.1123824566602706
2283985089.0,-0.636696457862854,0.5270950794219971,10.06372356414795,2.895394802093506,0.0491921380162239,0.0865376889705658
2283993422.0,-0.5305147767066956,0.391782283782959,9.911998748779297,2.4301886558532715,-0.1508678346872329,0.043761920183897
2284001755.0,-0.5847817659378052,0.331318587064743,9.608646392822266,2.35593318939209,0.2706016004085541,0.0890222787857055
2284010088.0,-0.6478638052940369,0.5054672360420227,9.575907707214355,2.7473702430725098,0.8726897835731506,0.0794425457715988
2284018421.0,-0.6685485243797302,0.5299225449562073,9.927404403686523,3.089627265930176,1.376982808113098,0.1157891452312469
2284026754.0,-0.696287989616394,0.4209462106227875,10.035684585571287,2.832281351089477,1.3515479564666748,0.0937352925539016
2284035087.0,-0.7405539155006409,0.483218789100647,9.888664245605469,2.4688920974731445,1.144713044166565,0.1422230452299118
2284043420.0,-0.8055785894393921,0.5767534971237183,9.901881217956545,2.5933518409729004,0.9384927749633788,0.0869219079613685
2284051753.0,-0.7296621799468994,0.5984159708023071,10.04549789428711,2.8553082942962646,0.3834579288959503,0.1106663048267364
2284060086.0,-0.6288913488388062,0.4209256768226623,10.05348300933838,2.7365097999572754,-0.1150847673416137,0.0941195040941238
2284068419.0,-0.5867308378219604,0.4289649724960327,9.751094818115234,2.558542013168335,-0.0050460048951208,-0.0198766477406024
2284076752.0,-0.6434061527252197,0.5718353986740112,9.655243873596191,2.697883129119873,0.5105300545692444,0.0754211023449897
2284085085.0,-0.6946104168891907,0.6507490277290344,9.78693389892578,2.8329217433929443,1.0084452629089355,0.0435057803988456
2284093418.0,-0.7144032120704651,0.4580845534801483,9.9720458984375,2.606722354888916,1.333182454109192,-0.0173408389091491
2284101751.0,-0.7556260824203491,0.3513374626636505,9.880769729614258,2.4980664253234863,1.382361650466919,0.0159960873425006
2284110084.0,-0.8136726021766663,0.4772887825965881,9.823840141296388,2.581005573272705,1.092921018600464,0.0448121055960655
2284118417.0,-0.8024038672447205,0.589211106300354,9.983359336853027,3.015423059463501,0.7034821510314941,0.1492925733327865
2284126750.0,-0.6832972168922424,0.578072726726532,10.08834171295166,2.9250307083129883,0.1570280790328979,0.0130760679021477
2284135083.0,-0.6491029858589172,0.3713246285915375,9.906655311584473,2.503932476043701,-0.1693357229232788,0.0559286847710609
2284143416.0,-0.641535222530365,0.4010738432407379,9.56468391418457,2.292076826095581,0.094324417412281,0.0635361075401306
2284151749.0,-0.6995587944984436,0.4977019131183624,9.602664947509766,2.7664780616760254,0.6355019211769104,0.1944760531187057
2284160082.0,-0.7004284262657166,0.580424427986145,9.866621971130373,3.100385427474976,1.251063346862793,0.0704007297754287
2284168415.0,-0.7236379981040955,0.4550860524177551,10.048568725585938,2.830104112625122,1.3151246309280396,0.0908152759075164
2284176748.0,-0.7247048020362854,0.4644622802734375,9.947538375854492,2.541687488555908,1.177038073539734,0.1048518717288971
2284185081.0,-0.7814975380897522,0.583217442035675,9.853918075561523,2.620092868804932,0.8233567476272583,0.1299025863409042
2284193414.0,-0.7430447340011597,0.5842543244361877,9.992012977600098,2.82265043258667,0.4332263767719269,0.0853850618004798
2284201747.0,-0.6439104080200195,0.4255200326442718,10.01459789276123,2.7387888431549072,-0.0389848612248897,0.1276997476816177
2284210080.0,-0.5809139609336853,0.3614773750305176,9.796152114868164,2.5370001792907715,0.010822013951838,0.1588466763496399
2284218413.0,-0.6084804534912109,0.5142282843589783,9.621654510498049,2.681029319763184,0.2197317034006118,0.0948110893368721
2284226746.0,-0.6794909238815308,0.6007874011993408,9.72441577911377,2.852977514266968,0.8094226717948914,0.1676836013793945
2284235079.0,-0.6642082929611206,0.4742608368396759,9.96911907196045,2.7458841800689697,1.294453740119934,0.1368696689605713
2284243412.0,-0.7123221158981323,0.3130020499229431,9.878108024597168,2.42480993270874,1.1293188333511353,0.1153537184000015
2284251745.0,-0.7269213795661926,0.4217807650566101,9.834968566894531,2.577445268630981,1.004449486732483,0.2045168727636337
2284260078.0,-0.7665227651596069,0.6004054546356201,9.958159446716309,2.980715751647949,0.621977686882019,0.1387138962745666
2284268411.0,-0.6644055247306824,0.5575993061065674,10.067704200744627,2.896880388259888,0.2348184883594513,0.0304937474429607
2284276744.0,-0.5828035473823547,0.3886390924453735,10.010249137878418,2.545350790023804,-0.0021259817294776,0.0622554011642932
2284285077.0,-0.5884751677513123,0.3307393193244934,9.665294647216797,2.3051915168762207,0.1123824566602706,0.0462208837270736
2284293410.0,-0.641438364982605,0.4722842872142792,9.589777946472168,2.67857027053833,0.5676499009132385,0.1379967033863067
2284301743.0,-0.6816122531890869,0.5559592247009277,9.85954761505127,3.126281261444092,1.311768889427185,0.0694529935717582
2284310076.0,-0.6807366013526917,0.5103728771209717,10.042452812194824,2.945317029953003,1.3714501857757568,0.0675319284200668
2284318409.0,-0.7175540924072266,0.3780459463596344,9.998790740966797,2.4706852436065674,1.172658085823059,0.114815816283226
2284326742.0,-0.7943130731582642,0.4994844794273376,9.805010795593262,2.535694122314453,0.9150301218032836,0.0355397537350654
2284335075.0,-0.772491455078125,0.5525562167167664,10.019285202026367,2.753082036972046,0.5829415321350098,0.0968858376145362
2284343408.0,-0.7158567905426025,0.4349325001239776,10.052685737609863,2.85469388961792,0.2290553003549575,0.0144848488271236
2284351741.0,-0.6218239068984985,0.3973622322082519,9.872481346130373,2.511180877685547,-0.1063759177923202,-0.0912122875452041
2284360074.0,-0.6467572450637817,0.4326182603836059,9.66061019897461,2.545350790023804,0.2248545736074447,0.1125105321407318
2284368407.0,-0.6940897107124329,0.6400412917137146,9.702385902404783,2.741094827651977,0.8071943521499634,0.0131016820669174
2284376740.0,-0.7163864970207214,0.5017374157905579,9.924638748168944,2.851722478866577,1.259695291519165,0.1585905402898788
2284385073.0,-0.7295439839363098,0.3324700593948364,9.954388618469238,2.590995073318481,1.1569565534591677,0.1106663048267364
2284393406.0,-0.7433494925498962,0.3548000454902649,9.807890892028809,2.615969181060791,1.041641354560852,0.0606160871684551
2284401739.0,-0.7711825370788574,0.6008849143981934,9.890507698059082,2.958559274673462,0.7820410132408142,0.1961410045623779
2284410072.0,-0.7010916471481323,0.6294452548027039,10.04075813293457,2.968446493148804,0.2518519461154938,0.1002157032489776
2284418405.0,-0.6254711747169495,0.4495008289813995,9.985299110412598,2.647756338119507,-0.0010757979471236,0.053111121058464
2284426738.0,-0.6109724640846252,0.324177622795105,9.738776206970217,2.285801649093628,0.1063374951481819,0.1546971797943115
2284435071.0,-0.6769831776618958,0.4482277631759643,9.477511405944824,2.540022850036621,0.5545097589492798,0.0524195358157157
2284443404.0,-0.6886749267578125,0.5744061470031738,9.725354194641112,3.061733722686768,1.132264494895935,0.0760102421045303
2284451737.0,-0.6920570731163025,0.5090606808662415,10.11558437347412,3.046621084213257,1.3304673433303833,0.1205277889966964
2284460070.0,-0.6987410187721252,0.4126242995262146,9.966711044311523,2.692965507507324,1.101501703262329,0.0654827952384948
2284468403.0,-0.7488696575164795,0.459696352481842,9.824731826782228,2.4773192405700684,0.8693343997001648,0.1216804385185241
2284476736.0,-0.741213858127594,0.5706112384796143,9.85905647277832,2.800135612487793,0.596645176410675,0.0112574575468897
2284485069.0,-0.6684257984161377,0.4855746328830719,10.009561538696287,2.903693675994873,0.1988305002450943,0.1364342272281646
2284493402.0,-0.6016049981117249,0.3610429465770721,9.901110649108888,2.672320604324341,0.030365677550435,0.1006767526268959
2284501735.0,-0.5838928818702698,0.4351508915424347,9.669395446777344,2.587332248687744,0.1877395510673523,0.1391237080097198
2284510068.0,-0.67844158411026,0.5440236926078796,9.671613693237305,2.771037578582764,0.8763526082038879,0.0641764625906944
2284518401.0,-0.710315465927124,0.5335935950279236,9.861971855163574,2.8372504711151123,1.1713005304336548,0.1369465142488479
2284526734.0,-0.7447633743286133,0.3894448280334472,10.004258155822754,2.6546976566314697,1.2768055200576782,0.0601038038730621
2284535067.0,-0.7546443939208984,0.3363009095191955,9.853541374206545,2.6197855472564697,1.102142095565796,0.0936072245240211
2284543400.0,-0.7874373197555542,0.5432279109954834,9.8345365524292,2.764045000076294,0.8452826142311096,0.1457065790891647
2284551733.0,-0.7455493211746216,0.6266404986381531,10.029542922973633,3.101435661315918,0.393575519323349,0.1377149373292923
2284560066.0,-0.6164251565933228,0.5116665959358215,10.041417121887209,2.7886345386505127,-0.0780465751886367,0.0512925051152706
2284568399.0,-0.5991769433021545,0.3629474341869354,9.773494720458984,2.415640354156494,-0.0828876718878746,0.1122800111770629
2284576732.0,-0.6236091256141663,0.4034269452095032,9.563522338867188,2.4836974143981934,0.5390644073486328,0.0810050219297409
2284585065.0,-0.6611086130142212,0.5461722016334534,9.714635848999023,2.9699835777282715,1.0804213285446167,0.0618199631571769
2284593398.0,-0.691763162612915,0.5542417764663696,10.027094841003418,3.071134090423584,1.3164050579071045,0.118862859904766
2284601731.0,-0.6972062587738037,0.4301524460315704,10.078373908996582,2.609847068786621,1.1169471740722656,0.1051336228847503
2284610064.0,-0.7757675647735596,0.4157439768314361,9.860625267028809,2.4966835975646973,0.7930294871330261,0.1018293872475624
2284618397.0,-0.7532747983932495,0.5682438611984253,9.87757682800293,2.740351438522339,0.7028930187225342,0.0980128720402717
2284626730.0,-0.7018393278121948,0.5217189192771912,10.048422813415527,2.877464532852173,0.3326392471790313,0.1257018595933914
2284635063.0,-0.5980849862098694,0.3947616219520569,9.979608535766602,2.797574043273926,0.0425580516457557,0.0383060909807682
2284643396.0,-0.5683196783065796,0.4325770139694214,9.732812881469728,2.621373414993286,0.2190657407045364,-0.0045593339018523
2284651729.0,-0.6382630467414856,0.5676752328872681,9.597813606262209,2.7571802139282227,0.7005876898765564,0.1120750978589057
2284660062.0,-0.6945227384567261,0.5667775273323059,9.827582359313965,2.855001211166382,1.1957621574401855,0.1302611827850341
2284668395.0,-0.6991464495658875,0.4452942013740539,9.991266250610352,2.652315616607666,1.4747779369354248,0.0703494921326637
2284676728.0,-0.7371543645858765,0.3378651440143585,9.926034927368164,2.59916615486145,1.206571340560913,0.0122307976707816
2284685061.0,-0.7605817914009094,0.5331392288208008,9.832650184631348,2.8209598064422607,0.9308853149414062,0.0105658723041415
2284693394.0,-0.7343174815177917,0.7082666754722595,9.988842010498049,2.997851848602295,0.4668322801589966,0.2103825360536575
2284701727.0,-0.6714458465576172,0.6029934883117676,10.100016593933104,2.804950714111328,0.0857692584395408,0.0264979247003793
2284710060.0,-0.6220609545707703,0.3993964195251465,9.857258796691896,2.3306264877319336,-0.0548400767147541,0.0849495977163314
2284718393.0,-0.6446533799171448,0.3678775429725647,9.558049201965332,2.219435214996338,0.4556644558906555,0.0313902460038661
2284726726.0,-0.7115340232849121,0.5203518271446228,9.581289291381836,2.8170151710510254,1.1063172817230225,-0.0127815036103129
2284735059.0,-0.71722012758255,0.5843794941902161,9.930944442749023,3.10904312133789,1.4256243705749512,0.141044795513153
2284743392.0,-0.7303377985954285,0.4816286861896515,10.108195304870604,2.810791015625,1.2353874444961548,0.1514185518026352
2284751725.0,-0.7939185500144958,0.438869446516037,9.917716979980469,2.4468894004821777,0.9167718887329102,0.1599480956792831
2284760058.0,-0.8064567446708679,0.5279970765113831,9.81506061553955,2.486412286758423,0.6420592665672302,0.0827211737632751
2284768391.0,-0.7414387464523315,0.5240258574485779,9.977757453918455,2.826005458831787,0.3683198392391205,0.1040834411978721
2284776724.0,-0.6347500681877136,0.3724546432495117,9.991002082824709,2.71325159072876,0.0826955586671829,0.1552862823009491
2284785057.0,-0.5715246796607971,0.3547447025775909,9.75076961517334,2.5321593284606934,-0.1619075834751129,0.0661231502890586
2284793390.0,-0.6274887323379517,0.5120260715484619,9.615419387817385,2.636793375015259,0.3482639491558075,0.0765225291252136
2284801723.0,-0.663359522819519,0.6201990842819214,9.742501258850098,2.898263692855835,1.0189727544784546,-0.0203889328986406
2284810056.0,-0.7051464319229126,0.4281720817089081,10.011956214904783,2.739147901535034,1.2346445322036743,0.0383573174476623
2284818389.0,-0.755389392375946,0.3084845244884491,9.928559303283691,2.543506383895874,1.2483482360839844,0.1520076841115951
2284826722.0,-0.7562177777290344,0.400349348783493,9.86386489868164,2.6160202026367188,0.896049976348877,0.1312857568264007
2284835055.0,-0.7437200546264648,0.6376360058784485,9.970465660095217,3.04134464263916,0.633888304233551,0.1792356073856353
2284843388.0,-0.6561253070831299,0.6270800232887268,10.125229835510254,2.994368076324463,-0.0118337776511907,0.0211189370602369
2284851721.0,-0.5748667120933533,0.4140224456787109,10.015615463256836,2.415102481842041,-0.1112170219421386,0.0257038865238428
2284860054.0,-0.5748475193977356,0.3508944809436798,9.627161979675291,2.2380566596984863,-0.0029712512623518,0.0942219719290733
2284868387.0,-0.62848299741745,0.4712576866149902,9.545042037963867,2.6957833766937256,0.7348084449768066,0.1562084108591079
2284876720.0,-0.6569391489028931,0.5569376349449158,9.877399444580078,3.038475751876831,1.297245740890503,0.0662512183189392
2284885053.0,-0.6639606356620789,0.494892954826355,10.060657501220703,2.8608667850494385,1.2775229215621948,0.0492177493870258
2284893386.0,-0.6915867328643799,0.4085290729999542,9.95495319366455,2.577368259429932,1.1788054704666138,0.1603579223155975
2284901719.0,-0.7525837421417236,0.4913637936115265,9.83632469177246,2.393150806427002,0.7964361906051636,-0.0165724083781242
2284910052.0,-0.7133035659790039,0.544192910194397,9.933781623840332,2.776724338531494,0.465192973613739,0.0773934125900268
2284918385.0,-0.6871379017829895,0.489437460899353,10.03625774383545,2.7162742614746094,0.2139429152011871,0.1370489597320556
2284926718.0,-0.5664128661155701,0.4128149747848511,9.872288703918455,2.5684032440185547,-0.0072232135571539,0.0801597386598587
2284935051.0,-0.5624185800552368,0.4969452917575836,9.455939292907717,2.508824825286865,0.2938849329948425,0.0601294189691543
2284943384.0,-0.6955028772354126,0.6741719841957092,9.806330680847168,2.792322874069214,0.865364134311676,0.1995989084243774
2284951717.0,-0.6503644585609436,0.6602858901023865,10.136905670166016,2.4552910327911377,1.0366719961166382,0.125906765460968
2284960050.0,-0.7378925085067749,0.3490809202194214,10.116429328918455,1.784172296524048,1.078705072402954,0.3348676860332489
2284968383.0,-0.8642476201057434,0.3261724412441253,9.800447463989258,1.7700846195220947,0.5326352119445801,0.2440396696329116
2284976716.0,-0.8556090593338013,0.4857297539710998,9.687134742736816,2.392689943313598,-0.0116288643330335,0.1730626076459884
2284985049.0,-0.7339069247245789,0.5446938872337341,9.841012954711914,3.058788061141968,-0.2871868014335632,0.2002649009227752
2284993382.0,-0.5739664435386658,0.4519102275371551,9.97387409210205,2.889042377471924,-0.1871119886636734,0.042916651815176
2285001715.0,-0.6170929670333862,0.3226947784423828,9.81705093383789,2.2149524688720703,0.0367180034518241,0.2038252651691436
2285010048.0,-0.7268003821372986,0.4255528450012207,9.420092582702637,2.15624475479126,0.8021225929260254,0.1224232465028762
2285018381.0,-0.7169973850250244,0.5439814925193787,9.648805618286133,2.9292309284210205,1.3456565141677856,0.1963971406221389
2285026714.0,-0.7422986030578613,0.4589046239852905,10.10264778137207,3.152331590652466,1.4306448698043823,0.0885099992156028
2285035047.0,-0.734626293182373,0.3768594264984131,10.06969928741455,2.7822823524475098,0.9645424485206604,0.1682214885950088
2285043380.0,-0.7542580366134644,0.4256483018398285,9.866188049316406,2.474936962127685,0.5609645247459412,0.1147645786404609
2285051713.0,-0.809934675693512,0.5152388215065002,9.848543167114258,2.70743727684021,0.3292581737041473,0.0972188338637352
2285060046.0,-0.6715754866600037,0.5405007600784302,10.001593589782717,2.856051206588745,0.0313134044408798,-0.0293026864528656
2285068379.0,-0.577576220035553,0.3694855570793152,10.047439575195312,2.700496196746826,-0.1387267112731933,0.1071059331297874
2285076712.0,-0.5956857800483704,0.4481483697891235,9.75990867614746,2.596066474914551,0.1092062890529632,0.1163526475429534
2285085045.0,-0.6269980072975159,0.5778447985649109,9.722369194030762,2.688969612121582,0.6677246689796448,0.0604880154132843
2285093378.0,-0.6468424201011658,0.5227774381637573,9.808673858642578,2.789172410964966,1.117305874824524,0.077342189848423
2285101711.0,-0.6379775404930115,0.3184887766838074,9.950761795043944,2.714174270629883,1.196223258972168,0.1350766718387603
2285110044.0,-0.6618747115135193,0.3065000176429748,9.92665672302246,2.499936580657959,1.0221744775772097,0.1505988985300064
2285118377.0,-0.7596344947814941,0.5502683520317078,9.86767578125,2.88901686668396,0.83022141456604,0.0696322992444038
2285126710.0,-0.6669083833694458,0.7045369148254395,10.03602695465088,3.101742744445801,0.6526634693145752,0.1010353490710258
2285135043.0,-0.5742640495300293,0.5492578148841858,10.104167938232422,2.769244432449341,0.2904269695281982,-0.0107067497447133
2285143376.0,-0.5512135624885559,0.346541166305542,9.833494186401367,2.3230700492858887,-0.1200539171695709,0.0971163734793663
2285151709.0,-0.6053208112716675,0.3449712693691253,9.51524829864502,2.386772394180298,0.3112770020961761,0.1611263304948806
2285160042.0,-0.6546499133110046,0.5068513751029968,9.62393283843994,2.936300754547119,0.9690505862236024,0.10334063321352
2285168375.0,-0.6894587278366089,0.5758770108222961,9.90986156463623,3.070467948913574,1.228676438331604,0.1438623517751693
2285176708.0,-0.6699432134628296,0.4473626017570495,10.032042503356934,2.8637611865997314,1.3440172672271729,0.1680934131145477
2285185041.0,-0.7484174370765686,0.4608686566352844,9.905901908874512,2.575780153274536,1.1024494171142578,0.119400754570961
2285193374.0,-0.813698947429657,0.6064925789833069,9.811750411987305,2.606363534927368,1.0170003175735474,0.0478089675307273
2285201707.0,-0.7358686923980713,0.5469516515731812,10.093534469604492,2.845984697341919,0.7525590658187866,0.0796218439936637
2285210040.0,-0.6510944962501526,0.3809061646461487,9.992426872253418,2.563690423965454,0.1363317817449569,-0.0394715368747711
2285218373.0,-0.5879769921302795,0.3572572469711303,9.71315574645996,2.5038299560546875,-0.0888557955622673,0.083002932369709
2285226706.0,-0.6462662220001221,0.5529381036758423,9.531841278076172,2.8325886726379395,0.2718566656112671,0.0917117744684219
2285235039.0,-0.7130110859870911,0.6256463527679443,9.75714874267578,3.030510187149048,0.968820095062256,0.1006511449813842
2285243372.0,-0.7470492124557495,0.4603092074394226,10.036985397338867,2.831794500350952,1.3734992742538452,0.0896370187401771
2285251705.0,-0.7706771492958069,0.3304729759693146,9.849298477172852,2.498040676116944,1.376163125038147,0.0894320979714393
2285260038.0,-0.8187232613563538,0.4418830275535583,9.80234718322754,2.650599479675293,1.2369496822357178,0.0267028380185365
2285268371.0,-0.8379520773887634,0.6671715378761292,9.954896926879885,3.099079370498657,0.725536048412323,0.1376637071371078
2285276704.0,-0.7043532133102417,0.5798498392105103,10.151801109313965,2.926055192947388,0.1383040696382522,-0.0045337197370827
2285285037.0,-0.6199648380279541,0.361812561750412,9.97014331817627,2.356112480163574,-0.1943351924419403,0.0664817467331886
2285293370.0,-0.6157735586166382,0.3373526930809021,9.590835571289062,2.1759932041168213,-0.1526352316141128,0.1178126707673072
2285301703.0,-0.6979366540908813,0.5041372179985046,9.505548477172852,2.679928064346313,0.4969033598899841,0.1540312319993972
2285310036.0,-0.6978757977485657,0.6211908459663391,9.88012409210205,3.2220535278320312,1.208723068237305,0.0521377809345722
2285318369.0,-0.6754176020622253,0.4766328930854797,10.161927223205566,2.9105327129364014,1.2293424606323242,-0.0090674394741654
2285326702.0,-0.7172948122024536,0.3754470944404602,9.91395092010498,2.343280076980591,1.202037692070007,0.0845910161733627
2285335035.0,-0.7706860899925232,0.47048220038414,9.739583969116213,2.386798620223999,0.9074994921684264,0.0533160343766212
2285343368.0,-0.7480741143226624,0.5475166440010071,9.967026710510254,2.763123035430908,0.4437025785446167,0.2395315319299698
2285351701.0,-0.6425573229789734,0.4079762697219848,10.10629177093506,2.833459615707397,-0.1575275361537933,0.0840787291526794
2285360034.0,-0.5182401537895203,0.3499371111392975,9.900620460510254,2.443841457366944,-0.1868814527988433,0.0060833808965981
2285368367.0,-0.5645239949226379,0.4454798698425293,9.586776733398438,2.598218441009521,0.2118937522172927,0.0270102135837078
2285376700.0,-0.6347583532333374,0.6143078804016113,9.628745079040527,2.869908809661865,0.9196407794952391,0.0726291611790657
2285385033.0,-0.6481663584709167,0.4984257817268371,9.95791721343994,2.80128812789917,1.3261642456054688,0.1183761954307556
2285393366.0,-0.6213310360908508,0.2701078653335571,9.975753784179688,2.634770154953003,1.3360258340835571,0.0256782732903957
2285401699.0,-0.7060310244560242,0.3093048930168152,9.78308391571045,2.5771636962890625,1.0391823053359983,0.0337723717093467
2285410032.0,-0.7588187456130981,0.5468359589576721,9.893287658691406,3.0513598918914795,0.8667216897010803,0.0511900521814823
2285418365.0,-0.6785077452659607,0.6484470963478088,10.119915008544922,3.193441867828369,0.5948265790939331,-0.012909572571516
2285426698.0,-0.5759548544883728,0.4537571668624878,10.113921165466309,2.632157564163208,0.028060395270586,0.064842440187931
2285435031.0,-0.5571553111076355,0.2997397482395172,9.77060890197754,2.159113645553589,-0.0681338608264923,-0.0058400453999638
2285443364.0,-0.6342108249664307,0.414982408285141,9.50107479095459,2.45096206665039,0.631583034992218,0.0303400643169879
2285451697.0,-0.6777066588401794,0.554168164730072,9.716434478759766,3.206044435501098,1.2095938920974731,0.0377425774931907
2285460030.0,-0.6486884951591492,0.5116006135940552,10.012685775756836,3.182223081588745,1.4192209243774414,0.0901236832141876
2285468363.0,-0.7070273160934448,0.4273900687694549,9.99950122833252,2.6239352226257324,1.3939907550811768,0.151879608631134
2285476696.0,-0.7891346216201782,0.4666775166988373,9.766969680786133,2.435260772705078,1.1650762557983398,-0.0474119521677494
2285485029.0,-0.8267006278038025,0.595856785774231,9.835346221923828,2.6634836196899414,0.8473317623138428,0.1136631816625595
2285493362.0,-0.7623018622398376,0.5193482041358948,10.069812774658203,2.874698638916016,0.5401915311813354,0.0773678049445152
2285501695.0,-0.6440159678459167,0.3689807057380676,10.00577449798584,2.6175312995910645,-0.0060705738142132,0.0406626015901565
2285510028.0,-0.6387038230895996,0.4315947294235229,9.662520408630373,2.5678911209106445,0.1673250049352646,0.0737305805087089
2285518361.0,-0.6995547413825989,0.6055941581726074,9.601421356201172,2.8407082557678223,0.5524094104766846,0.0753954946994781
2285526694.0,-0.7523454427719116,0.5904220938682556,9.863673210144045,2.9255428314208984,0.9957662224769592,0.0674294680356979
2285535027.0,-0.7337048053741455,0.3924670219421386,9.944055557250977,2.658872604370117,1.1845430135726929,0.0081581333652138
2285543360.0,-0.7796338200569153,0.3516031503677368,9.862634658813477,2.616558313369751,1.2008850574493408,0.1380991488695144
2285551693.0,-0.8326732516288757,0.5750767588615417,9.865191459655762,2.838838577270508,1.08280348777771,0.1231404393911361
2285560026.0,-0.7831659913063049,0.6893652081489563,10.005330085754396,3.111655712127685,0.5575322508811951,0.1972167938947677
2285568359.0,-0.6917304396629333,0.5571944713592529,10.114272117614746,2.662382125854492,0.1314650624990463,0.1392005681991577
2285576692.0,-0.6003248691558838,0.3644204437732696,9.896913528442385,2.1617259979248047,-0.1286859214305877,0.0699396654963493
2285585025.0,-0.6421443223953247,0.4213238656520843,9.5482759475708,2.2007622718811035,0.0938121303915977,0.1651990115642547
2285593358.0,-0.6793612837791443,0.5660108327865601,9.672301292419434,2.855590343475342,0.8069380521774292,0.091430015861988
2285601691.0,-0.6414996981620789,0.5646974444389343,9.988394737243652,3.1102726459503174,1.205111384391785,0.0619736425578594
2285610024.0,-0.6455065608024597,0.4297732710838318,10.04492473602295,2.75531005859375,1.181853413581848,0.0861534774303436
2285618357.0,-0.7229007482528687,0.428447812795639,9.814786911010742,2.38797664642334,1.0936639308929443,0.075728490948677
2285626690.0,-0.7415096759796143,0.5436924695968628,9.86286449432373,2.6336944103240967,0.9383391737937928,0.0866913869976997
2285635023.0,-0.6567868590354919,0.5133913159370422,10.04026699066162,2.823751926422119,0.4178834557533264,0.1695790439844131
2285643356.0,-0.5961952805519104,0.3428117632865906,10.02457332611084,2.6599230766296387,0.1019318476319313,0.1517515480518341
2285651689.0,-0.5341753363609314,0.3691746294498443,9.76152229309082,2.567301988601685,-0.1103973463177681,0.1682983189821243
2285660022.0,-0.6062538027763367,0.5375669002532959,9.602131843566896,2.83384370803833,0.4002352356910705,0.191607266664505
2285668355.0,-0.653633713722229,0.5957980155944824,9.810405731201172,3.003589153289795,0.8926688432693481,0.1467311382293701
2285676688.0,-0.6520123481750488,0.3610928356647491,10.012651443481444,2.682335376739502,1.399036884307861,0.0220922790467739
2285685021.0,-0.685727596282959,0.2692635953426361,9.83155632019043,2.426680088043213,1.3827718496322632,0.0079532200470566
2285693354.0,-0.7530750036239624,0.4510547816753387,9.754526138305664,2.765658378601074,1.0978645086288452,0.0462208874523639
2285701687.0,-0.7562459707260132,0.6005595922470093,10.01746940612793,3.188241958618164,0.9623651504516602,-0.0036116067785769
2285710020.0,-0.6385400295257568,0.567668080329895,10.11082363128662,3.024413824081421,0.347597986459732,-0.0515102334320545
2285718353.0,-0.600282609462738,0.3494569361209869,9.938664436340332,2.4689948558807373,0.0353860668838024,0.0170718878507614
2285726686.0,-0.6445978879928589,0.4091411232948303,9.55634880065918,2.290924310684204,0.0949903801083564,0.0393562726676464
2285735019.0,-0.735712468624115,0.5577623844146729,9.575742721557615,2.8150429725646973,0.7475642561912537,-0.0347585193812847
2285743352.0,-0.7063418626785278,0.5766227841377258,9.937621116638184,3.2043025493621826,1.2716059684753418,0.1470129191875457
2285751685.0,-0.7024328112602234,0.4595718681812286,9.993922233581545,2.8170154094696045,1.2349518537521362,0.0327734164893627
2285760018.0,-0.7511844635009766,0.4228600263595581,9.82456398010254,2.4997828006744385,1.0233527421951294,-0.0169053953140974
2285768351.0,-0.8109221458435059,0.5999175310134888,9.785789489746094,2.637280225753784,0.9316537976264954,0.0363594070076942
2285776684.0,-0.7685019969940186,0.5758352279663086,10.033660888671877,2.820395946502685,0.630430281162262,0.0735512748360633
2285785017.0,-0.6460167169570923,0.4469135403633117,10.059847831726074,2.765505075454712,0.0429934933781623,0.0503447763621807
2285793350.0,-0.6442283987998962,0.4242837131023407,9.796606063842772,2.515202522277832,-0.1178254708647728,0.1419668942689895
2285801683.0,-0.6602554321289062,0.5753247141838074,9.60647964477539,2.602700710296631,0.3339712023735046,-0.0039702062495052
2285810016.0,-0.7049658298492432,0.6194725036621094,9.773599624633787,2.8618147373199463,0.8502774238586426,0.1460651904344558
2285818349.0,-0.6727770566940308,0.4557577967643738,9.969186782836914,2.826390027999878,1.1756037473678589,0.1359988003969192
2285826682.0,-0.7180627584457397,0.346352607011795,9.907360076904297,2.446171998977661,1.137771487236023,0.2341525256633758
2285835015.0,-0.7562057375907898,0.4805530607700348,9.812312126159668,2.6888673305511475,0.9657976031303406,0.1178895235061645
2285843348.0,-0.7440552115440369,0.7035008072853088,9.988930702209473,3.0317137241363525,0.645747721195221,0.0698884427547454
2285851681.0,-0.6406627297401428,0.6190083026885986,10.164304733276367,2.8874032497406006,0.1698095798492431,0.0596683658659458
2285860014.0,-0.5304163694381714,0.3687930405139923,9.987529754638672,2.364565134048462,-0.1676451712846756,0.0866145268082618
2285868347.0,-0.6107789278030396,0.3416900336742401,9.574748992919922,2.1689491271972656,0.0618967972695827,0.1240625455975532
2285876680.0,-0.6629374027252197,0.5252386331558228,9.568961143493652,2.586768865585327,0.7252286076545715,0.0877671688795089
2285885013.0,-0.6390944719314575,0.5317659974098206,9.85311794281006,3.050079107284546,1.3176603317260742,0.0719119608402252
2285893346.0,-0.665529191493988,0.4380010366439819,10.059964179992676,2.681439161300659,1.2903811931610107,0.1231148317456245
2285901679.0,-0.7240080833435059,0.3723107278347015,9.893622398376465,2.483978748321533,1.1756292581558228,0.1379198282957077
2285910012.0,-0.7770498394966125,0.4764659106731415,9.780882835388184,2.5548791885375977,1.0277584791183472,0.1625095158815384
2285918345.0,-0.731418251991272,0.5135282874107361,9.967849731445312,2.8320765495300293,0.6995376348495483,0.1514697968959808
2285926678.0,-0.6343998908996582,0.3569848239421844,10.038008689880373,2.737482786178589,0.0663024485111236,0.0324148125946521
2285935011.0,-0.5944573879241943,0.3483020663261413,9.808186531066896,2.544940948486328,0.0071335639804601,-0.0771244615316391
2285943344.0,-0.6471549868583679,0.4574543833732605,9.585116386413574,2.6774685382843018,0.2680145502090454,0.0296740904450416
2285951677.0,-0.6877567768096924,0.5435072779655457,9.667196273803713,2.890886783599853,0.8211796283721924,0.0273688118904829
2285960010.0,-0.693588376045227,0.414278507232666,9.9163818359375,2.898058652877808,1.2969127893447876,0.1879188418388366
2285968343.0,-0.7026249766349792,0.2829266488552093,9.890325546264648,2.526780128479004,1.4058758020401,0.046374574303627
2285976676.0,-0.7833072543144226,0.4047539830207824,9.812724113464355,2.754721403121948,1.0560365915298462,0.0793144777417182
2285985009.0,-0.7858507633209229,0.6301692128181458,9.918903350830078,3.062476396560669,0.8191816210746765,0.0188392698764801
2285993342.0,-0.7009941935539246,0.5910120010375977,10.082357406616213,3.0536136627197266,0.3008007705211639,0.097218818962574
2286001675.0,-0.604121208190918,0.3949191868305206,10.010342597961426,2.5372564792633057,-0.2239452898502349,0.0952209383249282
2286010008.0,-0.6382339000701904,0.3260416388511657,9.623294830322266,2.137623071670532,-0.1397768706083297,0.0540332272648811
2286018341.0,-0.6965264678001404,0.4668803513050079,9.481861114501951,2.692094564437866,0.6131919622421265,0.0335930697619915
2286026674.0,-0.7072572112083435,0.5125371217727661,9.807706832885742,3.1292781829833984,1.161285400390625,0.0632287338376045
2286035007.0,-0.7134952545166016,0.4111358225345611,10.055522918701172,2.878540515899658,1.313664436340332,0.0562360547482967
2286043340.0,-0.7151511907577515,0.3856911957263946,9.850775718688965,2.606543064117432,1.1917920112609863,0.1271362602710724
2286051673.0,-0.7820631861686707,0.5182814002037048,9.81374454498291,2.5809543132781982,0.931243896484375,0.1126386150717735
2286060006.0,-0.7672007083892822,0.5656546950340271,10.036507606506348,2.838505506515503,0.4862734675407409,0.1284938156604766
2286068339.0,-0.6294276714324951,0.4192705452442169,10.087430000305176,2.764813184738159,-0.0421866439282894,-0.0130888735875487
2286076672.0,-0.5500564575195312,0.3412685692310333,9.854991912841797,2.686818122863769,-0.2131360620260238,0.0154838059097528
2286085005.0,-0.6071487665176392,0.4940574169158935,9.63508129119873,2.7255208492279053,0.0846934616565704,0.0323379673063755
2286093338.0,-0.6357195377349854,0.6616467833518982,9.738849639892578,2.9890661239624023,0.7193886041641235,0.0539307780563831
2286101671.0,-0.6523652076721191,0.5347870588302612,9.986001968383787,2.875671863555908,1.2274726629257202,0.0089777903631329
2286110004.0,-0.6764443516731262,0.3612511157989502,9.980196952819824,2.580646753311157,1.4639431238174438,0.0377425737679004
2286118337.0,-0.7492968440055847,0.4223028123378753,9.829252243041992,2.6320037841796875,1.2567753791809082,0.0455293096601963
2286126670.0,-0.7699087858200073,0.6400509476661682,9.945932388305664,3.0065605640411377,0.8903635740280151,0.1604091525077819
2286135003.0,-0.6443608403205872,0.6810247302055359,10.178791046142578,3.157556533813477,0.3028499186038971,0.0662512183189392
2286143336.0,-0.551995575428009,0.457616925239563,10.096569061279297,2.58907413482666,-0.2831141352653503,0.1043139770627021
2286151669.0,-0.5859171152114868,0.3825818002223968,9.705130577087402,2.157576560974121,-0.0644197985529899,0.0969114527106285
2286160002.0,-0.6475762128829956,0.5461823344230652,9.497540473937988,2.6154568195343018,0.5719274282455444,0.0664817541837692
2286168335.0,-0.673413872718811,0.6334556937217712,9.81637477874756,3.153714656829834,1.2261663675308228,0.0219642091542482
2286176668.0,-0.6965414881706238,0.5636114478111267,10.0691499710083,2.969855308532715,1.4710382223129272,0.1148670315742492
2286185001.0,-0.7412946820259094,0.4780010282993316,9.9574556350708,2.513307571411133,1.2762677669525146,0.0649961307644844
2286193334.0,-0.7951163053512573,0.5327883362770081,9.814449310302734,2.4539332389831543,1.0992989540100098,0.1128691062331199
2286201667.0,-0.7652586102485657,0.5969669818878174,9.921150207519531,2.6853065490722656,0.7971022129058838,0.1930416971445083
2286210000.0,-0.6880003809928894,0.4787185788154602,10.04068374633789,2.771216869354248,0.1561315804719925,0.020965252071619
2286218333.0,-0.6018482446670532,0.3743342459201813,9.854728698730469,2.4278581142425537,-0.1557601690292358,0.0039830137975513
2286226666.0,-0.6546531319618225,0.5154507756233215,9.584315299987791,2.5805702209472656,0.1455528885126114,0.102059930562973
2286234999.0,-0.6879029273986816,0.6276984810829163,9.61854648590088,2.849647521972656,0.7832448482513428,0.0954002141952514
2286243332.0,-0.7117495536804199,0.5243273377418518,9.878812789916992,2.745192766189575,1.160978078842163,0.1261885315179824
2286251665.0,-0.703116238117218,0.3087438941001892,9.91464614868164,2.4680466651916504,1.3240125179290771,0.014382392168045
2286259998.0,-0.7876696586608887,0.3577473759651184,9.797057151794434,2.496760606765747,1.2700434923171997,0.019812611863017
2286268331.0,-0.8247587084770203,0.5821622014045715,9.864412307739258,2.9586873054504395,0.8435919880867004,0.090610347688198
2286276664.0,-0.7293541431427002,0.5998360514640808,10.10356903076172,2.998389720916748,0.3870438933372497,-0.0001280711730942
2286284997.0,-0.6557303071022034,0.4257420003414154,10.045278549194336,2.6120500564575195,-0.1636749655008316,0.0465538725256919
2286293330.0,-0.6386998891830444,0.3088691830635071,9.722444534301758,2.04008412361145,-0.1711799204349517,0.0237572025507688
2286301663.0,-0.6515490412712097,0.4295771718025207,9.526190757751465,2.4596197605133057,0.4213157594203949,0.0903286039829254
2286309996.0,-0.6649920344352722,0.5062260031700134,9.786680221557615,2.9304091930389404,0.9974310994148254,-0.0301479510962963
2286318329.0,-0.6582607626914978,0.4100178778171539,10.084705352783203,2.9968526363372803,1.307081699371338,0.0837457478046417
2286326662.0,-0.6895194053649902,0.3488450348377228,9.956412315368652,2.5694022178649902,1.2073652744293213,0.1303892582654953
2286334995.0,-0.7404302358627319,0.4454408586025238,9.851158142089844,2.557158708572388,1.0215342044830322,0.1160709038376808
2286343328.0,-0.7507424354553223,0.5078083276748657,9.974282264709473,2.8204216957092285,0.6322745680809021,0.2257510423660278
2286351661.0,-0.6514700651168823,0.3996388018131256,10.111076354980469,2.7716779708862305,0.2626867890357971,0.0484493225812912
2286359994.0,-0.5649063587188721,0.3004234731197357,9.93852996826172,2.509798049926758,-0.1017141342163086,0.130952775478363
2286368327.0,-0.5943848490715027,0.3953216671943664,9.664887428283691,2.642044305801392,-0.0121155334636569,0.1004206165671348
2286376660.0,-0.6539810299873352,0.5551967620849609,9.721349716186523,2.959045886993408,0.7133949398994446,0.0359751917421817
2286384993.0,-0.6572907567024231,0.5016482472419739,9.934651374816896,2.9519762992858887,1.1571102142333984,0.1104869991540908
2286393326.0,-0.6962383389472961,0.3032580018043518,9.96100616455078,2.642505168914795,1.188974380493164,0.1503427624702453
2286401659.0,-0.7078354358673096,0.3103395700454712,9.82837963104248,2.5383834838867188,1.3144584894180298,-0.0114751774817705
2286409992.0,-0.7686616778373718,0.5478307604789734,9.86591911315918,3.025002956390381,1.133570909500122,0.1754447072744369
2286418325.0,-0.6972624063491821,0.6417574882507324,10.09933376312256,3.180737495422364,0.4663199782371521,0.1008304432034492
2286426658.0,-0.5821801424026489,0.4365445673465729,10.05400562286377,2.7463455200195312,0.0221691224724054,0.0770348235964775
2286434991.0,-0.6193532943725586,0.2977214455604553,9.757132530212402,2.27645206451416,-0.0036884497385472,0.0598732717335224
2286443324.0,-0.6587605476379395,0.4543547630310058,9.470175743103027,2.548987865447998,0.4045896232128143,0.0565946474671363
2286451657.0,-0.6858615875244141,0.5525778532028198,9.748076438903809,3.1269474029541016,0.992769420146942,0.0713740736246109
2286459990.0,-0.7005225419998169,0.5711332559585571,9.969186782836914,3.20627498626709,1.4386364221572876,0.1262141466140747
2286468323.0,-0.7003688216209412,0.3680815994739532,9.97394847869873,2.740377426147461,1.1784212589263916,0.0965528637170791
2286476656.0,-0.7718583345413208,0.4142783284187317,9.788480758666992,2.437873363494873,1.1079820394515991,0.0817734375596046
2286484989.0,-0.8082488179206848,0.6015850305557251,9.81958293914795,2.793501377105713,0.6728219389915466,-0.0037652926985174
2286493322.0,-0.7035054564476013,0.4948301017284393,10.086224555969238,2.988476753234864,0.2361760437488556,0.0175841730087995
2286501655.0,-0.6066217422485352,0.4131840765476227,9.968515396118164,2.760663747787476,-0.0447480641305446,0.0544686689972877
2286509988.0,-0.6094667911529541,0.4667769372463226,9.685380935668944,2.661844253540039,-0.0695426538586616,0.087408572435379
2286518321.0,-0.6594123244285583,0.5880019664764404,9.630948066711426,2.8478546142578125,0.4915755987167358,0.1397384703159332
2286526654.0,-0.676378607749939,0.5762683153152466,9.818056106567385,3.053229570388794,1.0486595630645752,0.0585669502615928
2286534987.0,-0.6693012118339539,0.3705694675445556,9.956656455993652,2.774674654006958,1.269940972328186,0.0480394922196865
2286543320.0,-0.7208350896835327,0.3444921970367431,9.875775337219238,2.756386041641236,1.1403073072433472,0.0004482491058297
2286551653.0,-0.758262038230896,0.586862325668335,9.81005573272705,2.928975343704224,0.9899005889892578,0.1115884259343147
2286559986.0,-0.709912121295929,0.6880585551261902,10.069089889526367,3.302635669708252,0.3822540640830993,-0.0043031913228333
2286568319.0,-0.6180902123451233,0.5919950604438782,10.083931922912598,2.864837408065796,-0.0859101489186286,0.0318769179284572
2286576652.0,-0.6057360172271729,0.3717895746231079,9.907264709472656,2.2876200675964355,-0.143414095044136,-0.0355781726539135
2286584985.0,-0.6438353061676025,0.4292782247066498,9.525412559509276,2.441715240478516,0.1659674346446991,0.2203977108001709
2286593318.0,-0.7067976593971252,0.579456627368927,9.63058090209961,2.973313331604004,0.911854088306427,0.0678393095731735
2286601651.0,-0.6689046621322632,0.5620958209037781,10.07420253753662,3.310089349746704,1.3318763971328735,0.1357170492410659
2286609984.0,-0.678778886795044,0.5100876092910767,10.05429744720459,2.7448084354400635,1.1709932088851929,0.1288780122995376
2286618317.0,-0.7461956739425659,0.4579257667064667,9.847943305969238,2.3996570110321045,1.0907182693481443,0.1720123887062072
2286626650.0,-0.7862206697463989,0.56900954246521,9.813042640686035,2.615661859512329,0.7456688284873962,0.0867169946432113
2286634983.0,-0.7044839859008789,0.5137549638748169,10.030241012573242,2.8207294940948486,0.3086643815040588,-0.0098102530464529
2286643316.0,-0.6102908253669739,0.4294260740280151,10.055412292480469,2.7191944122314453,-0.1077334806323051,0.0577472895383834
2286651649.0,-0.5952770113945007,0.4140082895755768,9.74268627166748,2.612229347229004,-0.1366263329982757,0.1295439898967743
2286659982.0,-0.6572165489196777,0.5948209762573242,9.565876960754396,2.5872297286987305,0.3574594855308532,-0.0300454962998628
2286668315.0,-0.713917076587677,0.6008310317993164,9.762678146362305,2.8889143466949463,1.1101082563400269,0.0950928479433059
2286676648.0,-0.7130504846572876,0.4682462215423584,10.010416030883787,2.6648411750793457,1.2323137521743774,0.0423019118607044
2286684981.0,-0.7367110848426819,0.3085458874702453,9.96020221710205,2.47268295288086,1.182647705078125,0.0814404636621475
2286693314.0,-0.7587863206863403,0.4628506600856781,9.801309585571287,2.663713932037353,1.049863338470459,0.0371534451842308
2286701647.0,-0.7542654275894165,0.6603047251701355,9.953757286071776,3.058147430419922,0.6611417531967163,0.0375632718205452
2286709980.0,-0.6816902160644531,0.5756573677062988,10.134847640991213,2.9024641513824463,0.1675811260938644,0.0292130336165428
2286718313.0,-0.5769580006599426,0.3954202830791473,9.981407165527344,2.3488123416900635,-0.1328866481781005,-0.0213366579264402
2286726646.0,-0.6522111892700195,0.3453992009162903,9.597006797790527,2.188749313354492,-0.024256682023406,0.0299046225845813
2286734979.0,-0.6961281895637512,0.5177963972091675,9.50101375579834,2.7364070415496826,0.8337048888206482,0.1258299350738525
2286743312.0,-0.7061779499053955,0.597690224647522,9.91360092163086,3.257913112640381,1.3219380378723145,0.0918398424983024
2286751645.0,-0.666655957698822,0.508796751499176,10.078886032104492,2.96222186088562,1.2511401176452637,0.0364618599414825
2286759978.0,-0.7163200974464417,0.3942687809467315,9.966663360595703,2.418739557266236,1.1059585809707642,0.1038016825914383
2286768311.0,-0.7780176401138306,0.5099958181381226,9.779393196105955,2.525294780731201,0.7366269826889038,0.0506521500647068
2286776644.0,-0.7361785173416138,0.588634192943573,9.988950729370115,2.785612106323242,0.4787172973155975,0.0426092818379402
2286784977.0,-0.6431364417076111,0.4661051630973816,10.066591262817385,2.871086597442627,0.121321827173233,0.0226557906717062
2286793310.0,-0.5420583486557007,0.3488759696483612,9.90235996246338,2.5064170360565186,0.0256270430982112,0.0280603915452957
2286801643.0,-0.5836089253425598,0.4232428967952728,9.574238777160645,2.5344390869140625,0.2663752138614654,0.0786485075950622
2286809976.0,-0.6544166803359985,0.6044766306877136,9.654755592346191,2.7795157432556152,0.8084749579429626,0.1789538562297821
2286818309.0,-0.6954860687255859,0.5053619146347046,9.94065284729004,2.926080703735352,1.3441455364227295,0.0820295959711074
2286826642.0,-0.6688253879547119,0.3156184554100036,10.024032592773438,2.566149473190308,1.493194580078125,0.1139705553650856
2286834975.0,-0.7275432348251343,0.3387525379657745,9.839112281799316,2.5347208976745605,1.160978078842163,0.0991655066609382
2286843308.0,-0.7674107551574707,0.6123627424240112,9.851770401000977,3.0059971809387207,0.7482814788818359,0.067122109234333
2286851641.0,-0.6911775469779968,0.6674292087554932,10.07296657562256,3.2074530124664307,0.3988008499145508,0.039945401251316
2286859974.0,-0.599685549736023,0.4493809640407562,10.040013313293455,2.61028265953064,-0.0474887900054454,0.0616406574845314
2286868307.0,-0.5745655298233032,0.2787554562091827,9.693973541259766,2.13296127319336,-0.0300198830664157,0.1351278871297836
2286876640.0,-0.6595000624656677,0.4264193177223205,9.44477367401123,2.487155199050904,0.5866813063621521,0.1118957921862602
2286884973.0,-0.7274667620658875,0.6054592132568359,9.719267845153809,3.14623498916626,1.3555694818496704,0.0716302096843719
2286893306.0,-0.6794803738594055,0.5524871945381165,10.06737232208252,3.077794075012207,1.5268518924713137,0.1136631816625595
2286901639.0,-0.7031704187393188,0.4082612693309784,9.991983413696287,2.629851818084717,1.2288556098937988,0.0245256293565034
2286909972.0,-0.7705034017562866,0.4190020263195038,9.78530216217041,2.380190134048462,1.0191776752471924,0.077828861773014
2286918305.0,-0.7789585590362549,0.5473585724830627,9.80322551727295,2.587127447128296,0.6846044063568115,0.1385601907968521
2286926638.0,-0.692210853099823,0.4699528813362121,10.041664123535156,2.830539464950561,0.2533119618892669,0.2139685302972793
2286934971.0,-0.627020537853241,0.3823690414428711,9.941187858581545,2.6751632690429688,-0.0805311501026153,0.089278407394886
2286943304.0,-0.5922159552574158,0.3837269246578216,9.704463958740234,2.5419695377349854,0.029366722330451,0.0123076410964131
2286951637.0,-0.6469905376434326,0.5812004208564758,9.580914497375488,2.7528772354125977,0.7017660140991211,0.1080280467867851
2286959970.0,-0.7154085636138916,0.5908248424530029,9.864643096923828,2.890066623687744,1.2500897645950315,0.1317211985588073
2286968303.0,-0.6908049583435059,0.3388611078262329,10.040696144104004,2.6489858627319336,1.4911199808120728,0.1409167200326919
2286976636.0,-0.7100932598114014,0.2860215306282043,9.871960639953612,2.5621278285980225,1.1292930841445925,0.072373017668724
2286984969.0,-0.752240777015686,0.539772629737854,9.866288185119627,2.731130599975586,0.8583201766014099,0.1121775358915329
2286993302.0,-0.7381983995437622,0.6762462258338928,10.07121753692627,3.140087604522705,0.4595577716827392,0.1393286287784576
2287001635.0,-0.6113612651824951,0.573380172252655,10.08413791656494,2.8732895851135254,0.0463489592075347,0.0378706492483615
2287009968.0,-0.5547499060630798,0.3463645875453949,9.90925407409668,2.173713445663452,-0.1342954337596893,0.0942988023161888
2287018301.0,-0.5922734141349792,0.3642398416996002,9.57343292236328,2.287825107574463,0.2394546717405319,0.072193719446659
2287026634.0,-0.6678972244262695,0.5579444766044617,9.630881309509276,2.8767218589782715,0.9933328032493592,0.1481655389070511
2287034967.0,-0.6493557095527649,0.5896328091621399,10.069741249084473,3.171106100082397,1.3044945001602173,0.0236803591251373
2287043300.0,-0.6642893552780151,0.4763216078281402,10.091833114624023,2.663662910461426,1.1632320880889893,0.1633291840553283
2287051633.0,-0.7360925674438477,0.4190481305122375,9.871551513671877,2.3592634201049805,1.1667925119400024,0.0431215688586235
2287059966.0,-0.7834999561309814,0.5013901591300964,9.79485321044922,2.47754979133606,0.8970233798027039,0.120117962360382
2287068299.0,-0.7586300373077393,0.5221413373947144,10.018702507019045,2.8221378326416016,0.4886811375617981,0.0669684112071991
2287076632.0,-0.6342679262161255,0.3739773631095886,10.017373085021973,2.75997257232666,0.1926062554121017,-0.0365259014070034
2287084965.0,-0.5891807079315186,0.3378066420555115,9.766916275024414,2.4897162914276123,-0.0398557521402835,0.0842068120837211
2287093298.0,-0.6674387454986572,0.5281537771224976,9.589372634887695,2.6770334243774414,0.3710606098175049,-0.0132169444113969
2287101631.0,-0.7299966812133789,0.603211522102356,9.74644660949707,2.871138334274292,1.0230454206466677,0.1255737841129303
2287109964.0,-0.7001363039016724,0.4053169190883636,9.985504150390623,2.653340578079224,1.3296221494674685,0.0737818032503128
2287118297.0,-0.7339709997177124,0.2657524049282074,9.903685569763184,2.445659875869751,1.097480297088623,0.0629469752311706
2287126630.0,-0.8052364587783813,0.3707931339740753,9.728808403015137,2.762405633926392,1.0093162059783936,0.0651754215359687
2287134963.0,-0.8200516700744629,0.6064280867576599,9.883849143981934,3.25186824798584,0.623796284198761,0.0732439085841178
2287143296.0,-0.7280226349830627,0.5832924246788025,10.090408325195312,3.063910722732544,0.150214672088623,0.0795706212520599
2287151629.0,-0.6180716156959534,0.3735999166965484,9.951393127441406,2.42288875579834,-0.1179535537958145,0.1018550097942352
2287159962.0,-0.6692642569541931,0.3136816918849945,9.565701484680176,2.2186665534973145,0.0505753047764301,0.1156098544597625
2287168295.0,-0.6913803815841675,0.5078250169754028,9.510991096496582,2.720449686050415,0.5969781875610352,0.1743945330381393
2287176628.0,-0.6986157298088074,0.5955899953842163,9.856292724609377,3.22461462020874,1.0095467567443848,0.0341053567826747
2287184961.0,-0.6374239325523376,0.4920747578144073,10.08768367767334,2.949286937713623,1.0745043754577637,0.0476808957755565
2287193294.0,-0.6713361144065857,0.4086471199989319,9.85927391052246,2.399887561798096,0.9329344630241394,0.1283913552761078
2287201627.0,-0.7521803379058838,0.4871486723423004,9.741928100585938,2.4737329483032227,0.7365500926971436,0.0951440706849098
2287209960.0,-0.7363799214363098,0.5290371179580688,9.917180061340332,2.742144823074341,0.5022567510604858,0.1051848605275154
2287218293.0,-0.628782331943512,0.3969642519950866,10.05023193359375,2.79885482788086,0.1329506933689117,0.0404832996428012
2287226626.0,-0.5230297446250916,0.3467130959033966,9.892096519470217,2.528727054595948,-0.0123204477131366,-0.010988506488502
2287234959.0,-0.529347836971283,0.4635013043880462,9.676868438720703,2.684999465942383,0.1874833852052688,0.0309035740792751
2287243292.0,-0.5973717570304871,0.6003406047821045,9.760814666748049,2.829387187957764,0.7084513902664185,0.0942475870251655
2287251625.0,-0.6017838716506958,0.4866104125976562,9.928760528564451,2.8351500034332275,1.052194356918335,-0.0414182171225547
2287259958.0,-0.6298906207084656,0.2867870926856994,9.93527126312256,2.487846612930298,1.0971217155456543,-0.0636513754725456
2287268291.0,-0.6735519766807556,0.2869951128959656,9.829440116882324,2.626880645751953,1.0861332416534424,0.031210945919156
2287276624.0,-0.7202989459037781,0.5730611085891724,9.853401184082031,3.127741575241089,1.023019790649414,0.0875366479158401
2287284957.0,-0.6759476065635681,0.7018466591835022,10.101058959960938,3.2845776081085205,0.6540723443031311,0.1200667396187782
2287293290.0,-0.5865413546562195,0.5089119672775269,10.117483139038086,2.780156135559082,0.3547699451446533,0.0099767446517944
2287301623.0,-0.5736810564994812,0.3294642567634582,9.805620193481444,2.250121116638184,0.0659950822591781,0.0238852743059396
2287309956.0,-0.634075403213501,0.4039874076843261,9.491065979003906,2.417766094207764,0.424748033285141,0.1496511846780777
2287318289.0,-0.6897512078285217,0.5928627252578735,9.749690055847168,3.125359296798706,1.0087013244628906,0.0211701653897762
2287326622.0,-0.6710365414619446,0.597187876701355,10.10206413269043,3.2220022678375244,1.2797513008117676,0.0486542433500289
2287334955.0,-0.6885439157485962,0.4511272013187408,9.994661331176758,2.6305952072143555,1.196300029754639,0.1093343645334243
2287343288.0,-0.768389880657196,0.4724671542644501,9.775886535644531,2.472759962081909,1.0689972639083862,0.1880469322204589
2287351621.0,-0.815409243106842,0.5837339162826538,9.83687973022461,2.688815832138061,0.9280677437782288,0.1387907266616821
2287359954.0,-0.7733352780342102,0.5209552049636841,10.011290550231934,2.8346378803253174,0.6000006198883057,0.0546991974115371
2287368287.0,-0.6697072982788086,0.3724842667579651,9.971426010131836,2.655133008956909,0.2158126980066299,0.0789046436548233
2287376620.0,-0.6420947313308716,0.3952266871929168,9.706432342529297,2.5961177349090576,0.1724478304386139,0.11356071382761
2287384953.0,-0.7204329371452332,0.5824404954910278,9.599210739135742,2.8654518127441406,0.540524423122406,0.0159192476421594
2287393286.0,-0.7698391675949097,0.6144583225250244,9.86800765991211,3.0227999687194824,1.0098283290863037,0.1619972437620163
2287401619.0,-0.7714453339576721,0.4230670928955078,9.98154067993164,2.684358835220337,1.1539596319198608,0.006826193537563
2287409952.0,-0.7670906782150269,0.3217342495918274,9.839829444885254,2.459184169769287,1.1922017335891724,0.0672245547175407
2287418285.0,-0.8059327602386475,0.4850529730319977,9.751444816589355,2.6930935382843018,0.9078324437141418,0.1566182374954223
2287426618.0,-0.8136866092681885,0.7004375457763672,9.944731712341309,3.204481363296509,0.5610925555229187,0.0429678782820701
2287434951.0,-0.7115383148193359,0.6232423782348633,10.116602897644045,2.893217325210572,0.1394310891628265,0.0782130658626556
2287443284.0,-0.6240342259407043,0.4184868931770324,9.951268196105955,2.3799850940704346,-0.0900596529245376,0.0299302358180284
2287451617.0,-0.6462717652320862,0.3881485760211944,9.595319747924805,2.1467416286468506,0.1730369627475738,-0.0481035336852073
2287459950.0,-0.7042145729064941,0.5534023642539978,9.580970764160156,2.6567983627319336,0.6471821069717407,0.0245256330817937
2287468283.0,-0.7103878855705261,0.6379314661026001,9.90975856781006,3.1682121753692627,1.1263221502304075,-0.0559158772230148
2287476616.0,-0.678068995475769,0.4830692410469055,10.114811897277832,2.736074447631836,1.0083940029144287,0.0454268455505371
2287484949.0,-0.7023359537124634,0.4117294549942016,9.915042877197266,2.2933833599090576,0.8379824757575989,0.0207091085612773
2287493282.0,-0.7486295104026794,0.5286877751350403,9.767630577087402,2.420557737350464,0.6277152299880981,0.0672501698136329
2287501615.0,-0.7372073531150818,0.6007274389266968,9.927290916442873,2.747523784637451,0.4261312186717987,0.0862815529108047
2287509948.0,-0.6167570948600769,0.4395364820957184,10.077469825744627,2.76688814163208,0.1549020856618881,0.0595146790146827
2287518281.0,-0.5320382118225098,0.3013565838336944,9.852387428283691,2.303039789199829,-0.0157783683389425,-0.0120386900380253
2287526614.0,-0.5717830061912537,0.4320486485958099,9.564550399780272,2.4524221420288086,0.2475744038820266,0.1056715250015258
2287534947.0,-0.627422571182251,0.619564414024353,9.693528175354004,2.852311372756958,0.8038899302482605,0.0183013714849948
2287543280.0,-0.610651433467865,0.4954417645931244,9.983357429504396,2.77808165550232,1.1033203601837158,0.057926595211029
2287551613.0,-0.6560818552970886,0.2780632376670837,9.967406272888184,2.436618089675904,1.1863361597061155,0.0069542643614113
2287559946.0,-0.7146156430244446,0.3023536503314972,9.808775901794434,2.523015022277832,1.02409565448761,0.0387671515345573
2287568279.0,-0.7219489216804504,0.5315760970115662,9.827874183654783,2.901414155960083,0.9263515472412108,-0.0449017509818077
2287576612.0,-0.6698148250579834,0.6274042725563049,10.051960945129396,3.1139094829559326,0.4694192707538605,0.1671456694602966
2287584945.0,-0.5897508263587952,0.4203828573226928,10.150605201721191,2.639047145843506,0.0601550303399562,0.0494482778012752
2287593278.0,-0.5668089389801025,0.2765564918518066,9.73712921142578,2.2007880210876465,0.12805837392807,0.0662768334150314
2287601611.0,-0.6252302527427673,0.3905484676361084,9.451986312866213,2.4758083820343018,0.4988500773906708,0.0802365988492965
2287609944.0,-0.7006559371948242,0.5460332632064819,9.713827133178713,3.02174973487854,1.1788312196731567,0.217810645699501
2287618277.0,-0.7047836780548096,0.5137166976928711,10.061537742614746,3.0908567905426025,1.3728845119476318,0.0695554539561271
2287626610.0,-0.6979920268058777,0.3670058846473694,9.997767448425291,2.5863077640533447,1.3882017135620115,0.0238596610724926
2287634943.0,-0.7769610285758972,0.4014681875705719,9.776687622070312,2.416946649551392,0.9819601774215698,0.1978059560060501
2287643276.0,-0.8243702054023743,0.5341164469718933,9.810564994812012,2.7047994136810303,0.8649030327796936,0.1238064095377922
2287651609.0,-0.7648829221725464,0.5189464092254639,10.080076217651367,2.905461072921753,0.4619143307209015,0.1886616647243499
2287659942.0,-0.6931054592132568,0.3470098674297333,9.961064338684082,2.7337687015533447,0.1241649985313415,0.0597195848822593
2287668275.0,-0.6773210167884827,0.3847039639949798,9.637134552001951,2.5666873455047607,0.2090249806642532,-0.0471045784652233
2287676608.0,-0.7154151201248169,0.6003928780555725,9.617565155029297,2.818603277206421,0.6377816796302795,-0.0534056834876537
2287684941.0,-0.7511985301971436,0.6238813996315002,9.871395111083984,2.91583514213562,1.01812744140625,-0.0321202538907527
2287693274.0,-0.7563322186470032,0.4376443028450012,10.029437065124512,2.659846305847168,1.296067476272583,0.0673782527446746
2287701607.0,-0.7662369012832642,0.2567786574363708,9.903708457946776,2.451090335845948,1.069381594657898,0.1267008185386657
2287709940.0,-0.7804309129714966,0.4369870126247406,9.732389450073242,2.7258286476135254,0.796897292137146,0.0845653936266899
2287718273.0,-0.7523126006126404,0.6178959012031555,9.992197036743164,3.138320207595825,0.5268720388412476,-0.0220282431691885
2287726606.0,-0.6570761203765869,0.4919948875904083,10.17319107055664,2.9223663806915283,0.159820020198822,0.075907789170742
2287734939.0,-0.5198200941085815,0.2582214474678039,9.952349662780762,2.3895134925842285,-0.3224319815635681,0.0751137360930442
2287743272.0,-0.535219132900238,0.1021472066640853,9.565614700317385,2.2238149642944336,-0.0078379558399319,0.0601550303399562
2287751605.0,-0.6251757144927979,0.372704803943634,9.44749355316162,2.906178474426269,0.7073243856430054,0.1833339035511016
2287759938.0,-0.6165623664855957,0.5055897235870361,9.87778663635254,3.5514261722564697,1.148324489593506,0.1966532766819
2287768271.0,-0.6383184194564819,0.4121408462524414,10.20460605621338,3.343695163726806,1.3287513256072998,0.2148394137620926
2287776604.0,-0.6504133343696594,0.4479162096977234,9.941999435424805,2.597501277923584,1.1091347932815552,0.106286272406578
2287784937.0,-0.7157161235809326,0.4644273221492767,9.821045875549316,2.6114606857299805,0.915311872959137,0.1764948964118957
2287793270.0,-0.6941215991973877,0.5911515951156616,9.96010971069336,2.9581751823425293,0.6058663129806519,0.0608978457748889
2287801603.0,-0.6006923317909241,0.4567561745643616,10.046425819396973,3.084427833557129,0.1582831591367721,0.1031357124447822
2287809936.0,-0.5320873856544495,0.4100359082221985,9.86767578125,2.8836376667022705,0.0166876725852489,-0.0389336384832859
2287818269.0,-0.5870893597602844,0.6088060140609741,9.58067798614502,2.836686849594116,0.3456000685691833,0.1019830852746963
2287826602.0,-0.696892261505127,0.7442978024482727,9.746087074279783,3.0870916843414307,1.1628479957580566,0.1693229079246521
2287834935.0,-0.6988661885261536,0.6314823627471924,10.061750411987305,2.913248062133789,1.5011862516403198,0.0628701373934745
2287843268.0,-0.7532708644866943,0.4433998465538025,9.936357498168944,2.613177299499512,1.4513154029846191,0.0390489026904106
2287851601.0,-0.7281975746154785,0.439911425113678,9.832648277282717,2.590534210205078,1.2103110551834106,0.0205810386687517
2287859934.0,-0.7893162369728088,0.6601126194000244,9.84084129333496,3.1119887828826904,0.7653661966323853,0.0047258264385163
2287868267.0,-0.7300029397010803,0.7106621861457825,10.04762840270996,3.087245464324951,0.3130443692207336,-0.0342974662780761
2287876600.0,-0.662742018699646,0.530426561832428,9.971118927001951,2.7266993522644043,0.0140237929299473,-0.0666226223111152
2287884933.0,-0.6554298400878906,0.4579447209835052,9.664167404174805,2.366614580154419,0.2244447469711303,-0.0175457522273063
2287893266.0,-0.7088518142700195,0.4974390864372253,9.48829460144043,2.602342128753662,0.7709757685661316,0.0452731661498546
2287901599.0,-0.7449780106544495,0.5722865462303162,9.783069610595703,3.0369644165039062,1.2457867860794067,0.044940173625946
2287909932.0,-0.7034015655517578,0.483488529920578,9.992589950561523,2.985198497772217,1.33464252948761,0.0318769179284572
2287918265.0,-0.7397578954696655,0.4092050492763519,9.894404411315918,2.6268038749694824,1.0835206508636477,0.1340008825063705
2287926598.0,-0.751861035823822,0.5007591843605042,9.798425674438477,2.602752208709717,0.7760729193687439,0.1003950014710426
2287934931.0,-0.7763412594795227,0.5860199928283691,9.911036491394045,2.819679021835327,0.4196252524852752,0.0647399798035621
2287943264.0,-0.6971132159233093,0.5183712840080261,10.037866592407228,2.828439474105835,0.229695662856102,-0.0538155101239681
2287951597.0,-0.6557599306106567,0.4096364974975586,9.898913383483888,2.6255228519439697,-0.0394459217786788,0.1577964872121811
2287959930.0,-0.6136673092842102,0.4401636719703674,9.648028373718262,2.5921990871429443,0.2098958045244217,0.1624070554971695
2287968263.0,-0.6734853386878967,0.6234619617462158,9.668082237243652,2.8063597679138184,0.6754602193832397,0.1201948001980781
2287976596.0,-0.7073121070861816,0.6085858345031738,9.931034088134766,2.9962379932403564,1.0992478132247925,0.0501398667693138
2287984929.0,-0.7432147860527039,0.3933756351470947,10.038750648498535,2.622321367263794,1.0625169277191162,0.1293903142213821
2287993262.0,-0.7356429696083069,0.3772450089454651,9.871335983276367,2.4710693359375,0.9410541653633118,-0.0441845580935478
2288001595.0,-0.7465019226074219,0.5674840211868286,9.89608383178711,2.728569269180298,0.7938492298126221,0.0814916938543319
2288009928.0,-0.7180265188217163,0.74201899766922,10.04962158203125,3.036426544189453,0.4479033350944519,0.1408910900354385
2288018261.0,-0.6210618615150452,0.5934538245201111,10.154706954956056,2.747523784637451,0.1092062890529632,0.0282396972179412
2288026594.0,-0.5582213401794434,0.3893341422080993,9.91649055480957,2.1912081241607666,-0.0947726666927337,-0.0170846953988075
2288034927.0,-0.6214373707771301,0.3823875784873962,9.545007705688477,2.233830213546753,0.2856627702713012,0.1886872798204422
2288043260.0,-0.694456934928894,0.5496236681938171,9.577497482299805,2.760535717010498,0.9223045706748962,0.0314927026629447
2288051593.0,-0.7538384199142456,0.6331822872161865,10.021612167358398,3.170747995376587,1.4202452898025513,0.0129479961469769
2288059926.0,-0.6964492201805115,0.4580823183059692,10.1264009475708,2.62257719039917,1.2698897123336792,-0.0393946915864944
2288068259.0,-0.6834540367126465,0.3572391867637634,9.935184478759766,2.217616319656372,0.9147739410400392,0.0985763818025589
2288076592.0,-0.7282118201255798,0.4153022766113281,9.75130844116211,2.279935836791992,0.5316618084907532,-0.0314286649227142
2288084925.0,-0.6487491726875305,0.4851661920547485,9.904635429382324,2.7826664447784424,0.2188864350318908,-0.0421098060905933
2288093258.0,-0.5462323427200317,0.3595390617847442,10.062735557556152,2.775622606277466,-0.1372154653072357,-0.0045337197370827
2288101591.0,-0.4763676226139068,0.2444696128368377,9.860002517700195,2.4882309436798096,0.025601428002119,-0.0116544775664806
2288109924.0,-0.5337221622467041,0.325713962316513,9.51816749572754,2.4701218605041504,0.2707552909851074,0.0377169623970985
2288118257.0,-0.6366861462593079,0.4748042225837707,9.627164840698242,2.91921615600586,1.1336733102798462,0.1268288940191269
2288126590.0,-0.6623863577842712,0.3323385715484619,10.012553215026855,2.9602246284484863,1.5164268016815186,0.1247029155492782
2288134923.0,-0.686646580696106,0.1809137761592865,9.92358684539795,2.578162431716919,1.3419170379638672,0.0096181454136967
2288143256.0,-0.7291464805603027,0.260383278131485,9.770893096923828,2.74442458152771,1.1020139455795288,0.1752910017967224
2288151589.0,-0.7636663317680359,0.5439051389694214,9.900016784667969,3.17407774925232,0.7363452315330505,0.221191719174385
2288159922.0,-0.7110156416893005,0.6558208465576172,10.07455062866211,3.20332932472229,0.3823565244674682,0.1532627791166305
2288168255.0,-0.6124471426010132,0.4494341015815735,10.06729507446289,2.763174295425415,0.0016008898383006,0.0645094588398933
2288176588.0,-0.5927149057388306,0.2772950530052185,9.6782865524292,2.129272937774658,0.1615105420351028,0.1016500815749168
2288184921.0,-0.617367684841156,0.3793369233608246,9.405196189880373,2.5188910961151123,0.740750789642334,0.0278554800897836
2288193254.0,-0.7078601717948914,0.5495340824127197,9.701423645019531,3.3151350021362305,1.378340244293213,0.1319261044263839
2288201587.0,-0.7439656257629395,0.5740131735801697,10.069181442260742,3.242595911026001,1.512712836265564,0.0907128229737281
2288209920.0,-0.788540780544281,0.4804697632789612,10.025294303894045,2.733052015304565,1.365533471107483,0.0680954456329345
2288218253.0,-0.8402519822120667,0.4971407353878021,9.79837417602539,2.5030357837677,1.11005699634552,0.0183269847184419
2288226586.0,-0.8540852069854736,0.6097995042800903,9.85525608062744,2.7587685585021973,0.8099605441093445,0.0685052797198295
2288234919.0,-0.7578285932540894,0.5251036882400513,10.040698051452637,2.9096362590789795,0.3319220244884491,0.0869987532496452
2288243252.0,-0.6480289101600647,0.358532577753067,9.995737075805664,2.802107572555542,-0.1742792427539825,-0.0210549011826515
2288251585.0,-0.6324737071990967,0.4668369591236114,9.696063995361328,2.70221209526062,-0.1615233719348907,0.0165339894592762
2288259918.0,-0.690242350101471,0.6202463507652283,9.660266876220703,2.992856740951538,0.5489258170127869,0.0755235701799392
2288268251.0,-0.6937780380249023,0.6221440434455872,9.887649536132812,2.9906539916992188,1.063618302345276,0.0382036343216896
2288276584.0,-0.6872972249984741,0.4161863327026367,9.965346336364746,2.673677921295166,1.3570549488067627,0.0167389027774333
2288284917.0,-0.7216691374778748,0.3344079554080963,9.91409683227539,2.566918134689331,1.2194041013717651,0.0490128472447395
2288293250.0,-0.7452230453491211,0.5400516986846924,9.85824203491211,2.9058196544647217,0.957703411579132,0.0009093054104596
2288301583.0,-0.7468057870864868,0.6846843957901001,9.98922348022461,3.186910390853882,0.4900130927562713,0.0144848488271236
2288309916.0,-0.6366041898727417,0.557447075843811,10.138427734375,3.0545101165771484,-0.0199022591114044,0.0523939132690429
2288318249.0,-0.587148904800415,0.4347670674324035,9.876238822937012,2.4657671451568604,-0.0627804845571518,0.0163034591823816
2288326582.0,-0.6275566816329956,0.4586708545684814,9.615460395812988,2.3260157108306885,0.2931933403015136,0.0214006919413805
2288334915.0,-0.6938990950584412,0.6163738369941711,9.647536277770996,2.9253122806549072,0.8824744820594788,0.1376893371343612
2288343248.0,-0.6852896809577942,0.6007287502288818,10.046117782592772,3.069673776626587,1.2977324724197388,0.1176846027374267
2288351581.0,-0.677048921585083,0.4300152957439422,10.059124946594238,2.7459611892700195,1.323654055595398,0.0967065468430519
2288359914.0,-0.6937062740325928,0.443416565656662,9.815357208251951,2.445634365081787,0.939261257648468,0.128903642296791
2288368247.0,-0.7098456025123596,0.5520533919334412,9.84998893737793,2.637997627258301,0.6018449068069458,0.1430939435958862
2288376580.0,-0.7129853367805481,0.5700847506523132,9.99914836883545,2.829796552658081,0.4109675884246826,0.0459135174751281
2288384913.0,-0.6445419192314148,0.4597258865833282,9.95169734954834,2.74419379234314,0.1834619641304016,-0.0165467970073223
2288393246.0,-0.5849534869194031,0.4019767045974731,9.73788070678711,2.5222978591918945,0.1877395510673523,0.0590023957192897
2288401579.0,-0.6219620704650879,0.5240646004676819,9.602749824523926,2.6501128673553467,0.7168784141540527,0.0466051064431667
2288409912.0,-0.7116087079048157,0.5660528540611267,9.753131866455078,2.780822277069092,0.9832921028137208,0.1278534531593322
2288418245.0,-0.7347157597541809,0.4283811450004577,9.930399894714355,2.866425037384033,1.2549054622650146,0.1662748157978058
2288426578.0,-0.7409959435462952,0.303952544927597,9.886140823364258,2.6541857719421387,1.130112886428833,0.1029564216732978
2288434911.0,-0.7327166795730591,0.4090214371681213,9.810015678405762,2.7710888385772705,0.9059115052223206,0.1003437712788581
2288443244.0,-0.7214381098747253,0.6609023809432983,9.897435188293455,2.9483392238616943,0.4562791585922241,0.0894320979714393
2288451577.0,-0.6709120869636536,0.6150177121162415,10.077237129211426,2.9388108253479004,0.0388696007430553,0.0773421823978424
2288459910.0,-0.5806635022163391,0.3903247117996216,9.936579704284668,2.486335515975952,-0.0042007346637547,0.0571069307625293
2288468243.0,-0.6062517166137695,0.3135298788547516,9.540657043457031,2.286877155303955,0.3110208213329315,0.0481419488787651
2288476576.0,-0.6625813841819763,0.4523561000823974,9.526227951049805,2.778849601745605,0.7422108054161072,0.0236035156995058
2288484909.0,-0.7135945558547974,0.6121364831924438,9.8565092086792,3.2542760372161865,1.473010778427124,0.0956051424145698
2288493242.0,-0.7235456109046936,0.5433669090270996,10.147180557250977,3.023184061050415,1.3040847778320312,-0.0161113534122705
2288501575.0,-0.7449938654899597,0.3994565904140472,10.002456665039062,2.484875440597534,1.0665639638900757,0.0181476846337318
2288509908.0,-0.7812492847442627,0.4457386434078216,9.778010368347168,2.4088523387908936,0.689548134803772,0.0696322992444038
2288518241.0,-0.7772695422172546,0.5177443027496338,9.887014389038086,2.6752400398254395,0.4141949415206909,0.044607188552618
2288526574.0,-0.6806930303573608,0.4593662321567535,10.04113483428955,2.996058702468872,0.1426841020584106,0.0445047356188297
2288534907.0,-0.5590335130691528,0.3390505015850067,9.940369606018066,2.65300726890564,-0.0058912746608257,0.0326709598302841
2288543240.0,-0.5573395490646362,0.4208384156227112,9.630032539367676,2.6117680072784424,0.2720103561878204,0.0419689230620861
2288551573.0,-0.63114994764328,0.6065021753311157,9.612004280090332,2.853745937347412,0.7443624138832092,0.0718095004558563
2288559906.0,-0.6915928721427917,0.5987914204597473,9.898125648498535,2.9890146255493164,1.3736530542373655,0.1415826678276062
2288568239.0,-0.690142810344696,0.3753712773323059,10.04676914215088,2.573270082473755,1.261257886886597,0.0841299518942833
2288576572.0,-0.712741494178772,0.284693956375122,9.892722129821776,2.4308550357818604,0.9330114126205444,0.128903642296791
2288584905.0,-0.778696596622467,0.4957168102264404,9.73033046722412,2.863325595855713,0.6561214923858643,0.0631006732583046
2288593238.0,-0.7866954803466797,0.7120945453643799,9.996305465698242,3.328223943710327,0.4932661354541778,0.0424299761652946
2288601571.0,-0.6875453591346741,0.6457469463348389,10.160260200500488,3.0196239948272705,0.2336914837360382,0.1941431164741516
2288609904.0,-0.6017948389053345,0.3941805958747864,9.940200805664062,2.2800381183624268,0.1275716871023178,0.061717502772808
2288618237.0,-0.6175283193588257,0.3691538274288177,9.571697235107422,2.2827534675598145,0.334124892950058,0.0360520333051681
2288626570.0,-0.6762584447860718,0.5712538361549377,9.56039333343506,2.7795157432556152,0.7769950032234192,0.0232449173927307
2288634903.0,-0.6847913861274719,0.6687924861907959,9.993908882141112,3.2788400650024414,1.0314980745315552,0.1356145739555359
2288643236.0,-0.6801275014877319,0.5447821021080017,10.154231071472168,2.928001642227173,1.082162857055664,0.1551070064306259
2288651569.0,-0.6905477643013,0.4386306405067444,9.908876419067385,2.364053249359131,0.9570374488830566,0.1431963890790939
2288659902.0,-0.7547687292098999,0.5191810727119446,9.72637939453125,2.4018595218658447,0.8431053161621094,0.0733207464218139
2288668235.0,-0.8323401212692261,0.6348943114280701,9.918376922607422,2.9206504821777344,0.6924424767494202,0.1493950188159942
2288676568.0,-0.7366045117378235,0.5590431690216064,10.114306449890137,2.9738001823425293,0.3792828321456909,0.035309225320816
2288684901.0,-0.6348939538002014,0.4176246225833893,9.957162857055664,2.550755262374878,0.175342246890068,0.060718547552824
2288693234.0,-0.6047108769416809,0.4566066861152649,9.64056396484375,2.3817269802093506,0.254823237657547,0.2202184051275253
2288701567.0,-0.6836462616920471,0.6031268239021301,9.60710906982422,2.6616904735565186,0.6348103284835815,0.1472434252500534
2288709900.0,-0.7345608472824097,0.6042031049728394,9.931844711303713,2.908663034439087,0.9321147799491882,0.0901492908596992
2288718233.0,-0.7018883228302002,0.4237729012966156,10.024077415466309,2.6473464965820312,1.1175618171691897,0.1317211985588073
2288726566.0,-0.6873650550842285,0.3108349144458771,9.827031135559082,2.4120030403137207,1.139385223388672,0.103161334991455
2288734899.0,-0.716280460357666,0.4481218755245209,9.716485977172852,2.617121934890747,0.7084769606590271,0.092275284230709
2288743232.0,-0.7672684192657471,0.6662343144416809,9.886698722839355,3.0928804874420166,0.4976462125778198,0.1000620126724243
2288751565.0,-0.6896378397941589,0.5990563631057739,10.113386154174805,2.845165491104126,0.3534380495548248,0.0912251025438308
2288759898.0,-0.6102825403213501,0.3789874017238617,9.948616027832031,2.234163522720337,0.2087175846099853,0.0756260231137275
2288768231.0,-0.6028737425804138,0.2639965415000915,9.586311340332031,2.099073648452759,0.2597923576831817,0.0994216501712799
2288776564.0,-0.698893666267395,0.5033161044120789,9.570929527282717,2.8025174140930176,0.5801495909690857,0.0842324048280716
2288784897.0,-0.7153041958808899,0.6558040976524353,9.971911430358888,3.1584787368774414,1.1576225757598877,0.137663722038269
2288793230.0,-0.6800990104675293,0.5308969616889954,10.191086769104004,2.929077625274658,0.9546298384666444,0.072962149977684
2288801563.0,-0.672956645488739,0.3139801621437073,9.951116561889648,2.224071264266968,0.805324375629425,0.1297232955694198
2288809896.0,-0.7357914447784424,0.3306330144405365,9.652639389038086,2.3000431060791016,0.6301998496055603,0.0731158331036567
2288818229.0,-0.7696303725242615,0.5505591630935669,9.802945137023926,2.814607620239258,0.7419548034667969,0.0677368491888046
2288826562.0,-0.7028835415840149,0.5207354426383972,10.118584632873535,3.0527942180633545,0.4372990429401397,0.0001408782991347
2288834895.0,-0.5974704027175903,0.3626540303230285,10.109060287475586,2.633514881134033,0.3321526050567627,0.0693761631846427
2288843228.0,-0.5772024989128113,0.307325154542923,9.663677215576172,2.121306896209717,0.4727490842342376,0.1590259820222854
2288851561.0,-0.6857185363769531,0.49077108502388,9.526348114013672,2.5759594440460205,0.7392140030860901,0.1243955269455909
2288859894.0,-0.7423774600028992,0.5856075286865234,9.8779878616333,3.037323236465454,1.0749911069869995,0.0662768259644508
2288868227.0,-0.6902748346328735,0.4086801707744598,10.119584083557127,2.814351320266724,1.208723068237305,0.12342219799757
2288876560.0,-0.701862096786499,0.2326127141714096,9.942023277282717,2.4718377590179443,0.927068829536438,0.0903286039829254
2288884893.0,-0.730318546295166,0.3670712113380432,9.675457954406738,2.618760824203491,0.7655966877937317,0.0494738928973674
2288893226.0,-0.7726152539253235,0.6462987661361694,9.799530982971191,3.18821668624878,0.6987947821617126,0.0714509114623069
2288901559.0,-0.7045500874519348,0.6457635164260864,10.133787155151367,3.2011005878448486,0.5244386792182922,0.0772141069173812
2288909892.0,-0.6124041080474854,0.3830278515815735,10.07273006439209,2.5435831546783447,0.1720892339944839,0.1090782135725021
2288918225.0,-0.6228827238082886,0.246504008769989,9.653413772583008,2.0429532527923584,0.2319753468036651,0.1206046268343925
2288926558.0,-0.6614906191825867,0.4237432479858398,9.411701202392578,2.617172956466675,0.7800431251525879,8.96498313522e-05
2288934891.0,-0.715753436088562,0.6753515005111694,9.842547416687012,3.557753086090088,1.0152329206466677,0.011154999025166
2288943224.0,-0.6894624829292297,0.6407480835914612,10.2069091796875,3.1684937477111816,1.14614737033844,0.0121027259156107
2288951557.0,-0.7163110971450806,0.4076406955718994,10.062942504882812,2.314950704574585,0.9413360357284546,0.0743965506553649
2288959890.0,-0.7345808744430542,0.3323061764240265,9.66465187072754,2.06961727142334,0.7899557948112488,0.0749600529670715
2288968223.0,-0.778090238571167,0.5342079401016235,9.680745124816896,2.778132438659668,0.6386269927024841,0.0100023597478866
2288976556.0,-0.7383108139038086,0.5996536612510681,10.03302001953125,3.210834264755249,0.5663179755210876,0.0054942537099123
2288984889.0,-0.6325982213020325,0.479534775018692,10.143312454223633,2.8594582080841064,0.2141734510660171,0.0106427147984504
2288993222.0,-0.5538155436515808,0.3744751513004303,9.772080421447754,2.265489339828491,0.2049266695976257,0.053725853562355
2289001555.0,-0.6145937442779541,0.4829988777637481,9.50041675567627,2.4646403789520264,0.5528192520141602,0.0345664098858833
2289009888.0,-0.7030286192893982,0.6511331796646118,9.732929229736328,3.067778348922729,0.8270708322525024,0.0945549458265304
2289018221.0,-0.6745316982269287,0.54178386926651,10.108561515808104,3.0178048610687256,1.047455668449402,0.0450170189142227
2289026554.0,-0.6661790013313293,0.2766601145267486,10.046777725219728,2.50967025756836,1.1035765409469604,0.1659674346446991
2289034887.0,-0.6949439644813538,0.3225610852241516,9.741955757141112,2.3707640171051025,0.8923872113227844,0.0775471106171608
2289043220.0,-0.7521387338638306,0.6380525231361389,9.764775276184082,3.0525124073028564,0.7405202984809875,0.0709130093455314
2289051553.0,-0.7255352735519409,0.760079562664032,10.065253257751465,3.267210960388184,0.485863596200943,0.0295204054564237
2289059886.0,-0.6064799427986145,0.536277174949646,10.225305557250977,2.7413763999938965,0.1632267087697982,0.0060833808965981
2289068219.0,-0.5536550879478455,0.3494035899639129,9.837628364562988,2.112675189971924,0.2124060690402984,0.0132297528907656
2289076552.0,-0.6267219185829163,0.3824397027492523,9.492182731628418,2.3255550861358643,0.3864547610282898,0.0563385151326656
2289084885.0,-0.6634389162063599,0.6448321342468262,9.68406581878662,3.1016147136688232,0.9835994243621826,0.1559778898954391
2289093218.0,-0.6896039843559265,0.6728288531303406,10.153190612792969,3.351661205291748,1.1739901304244995,0.0776239410042762
2289101551.0,-0.6458634734153748,0.4557409286499023,10.163702964782717,2.7084105014801025,1.0354427099227903,0.017840314656496
2289109884.0,-0.6727495789527893,0.2990885376930237,9.791656494140623,2.0420820713043213,0.9152349829673768,0.0229375455528497
2289118217.0,-0.6851508617401123,0.4574470818042755,9.63065242767334,2.4925084114074707,0.7741774320602417,0.1053129211068153
2289126550.0,-0.6998493075370789,0.5278552770614624,9.945402145385742,3.091292142868042,0.5804826021194458,0.1091294586658477
2289134883.0,-0.5878538489341736,0.4409099519252777,10.144048690795898,3.0877318382263184,0.4110444486141205,0.1059788912534713
2289143216.0,-0.5392372608184814,0.2842832207679748,9.904047012329102,2.406444549560547,0.3371729552745819,0.1629961878061294
2289151549.0,-0.5773762464523315,0.3410587608814239,9.526673316955566,2.414922952651977,0.5320460796356201,0.1516747027635574
2289159882.0,-0.6503781676292419,0.570414125919342,9.601602554321287,2.941935539245605,1.041513204574585,0.2024420797824859
2289168215.0,-0.6999771595001221,0.5117296576499939,9.999298095703123,3.159246921539306,1.3458614349365234,0.2358686923980713
2289176548.0,-0.659694254398346,0.3249571323394775,10.11965274810791,2.8385825157165527,1.1853629350662231,0.2573078274726867
2289184881.0,-0.6913394331932068,0.216203510761261,9.817988395690918,2.4799063205718994,0.9848288893699646,0.2907599806785583
2289193214.0,-0.7286739349365234,0.4277105927467346,9.640710830688477,2.829233169555664,0.8173374533653259,0.1583600044250488
2289201547.0,-0.7856988906860352,0.6969661116600037,9.872064590454102,3.3977413177490234,0.6521000862121582,0.2906575798988342
2289209880.0,-0.7339157462120056,0.6165868639945984,10.134312629699709,3.1411375999450684,0.4828667938709259,0.1017013266682624
2289218213.0,-0.7301756739616394,0.3938398659229278,9.852286338806152,2.400348424911499,0.5532034635543823,0.1240881532430648
2289226546.0,-0.7497486472129822,0.3938235342502594,9.5213623046875,2.3442277908325195,0.897612452507019,0.0938121378421783
2289234879.0,-0.8234471082687378,0.6226511001586914,9.587373733520508,3.039039373397827,1.0966094732284546,0.0976542681455612
2289243212.0,-0.8610142469406128,0.741223156452179,9.998933792114258,3.481012344360352,1.359129548072815,-0.032248318195343
2289251545.0,-0.8489667177200317,0.6558424830436707,10.162701606750488,3.042958498001098,1.1336733102798462,-0.0297125130891799
2289259878.0,-0.875091552734375,0.494231641292572,9.866250991821287,2.359647512435913,0.8233311772346497,-0.0703366920351982
2289268211.0,-0.8256875276565552,0.5541515350341797,9.66443157196045,2.3584179878234863,0.6173670887947083,-0.0762279704213142
2289276544.0,-0.8494108319282532,0.6811646819114685,9.87641143798828,2.918985366821289,0.4042054116725921,-0.097154788672924
2289284877.0,-0.7602546215057373,0.6487929821014404,10.107073783874512,3.042035818099976,0.221601516008377,-0.2012766152620315
2289293210.0,-0.7028396129608154,0.519720196723938,9.94200611114502,2.6133053302764893,0.4001839756965637,-0.1622149497270584
2289301543.0,-0.6601846218109131,0.5167823433876038,9.67544174194336,2.2026069164276123,0.4271814227104187,-0.185472697019577
2289309876.0,-0.7149004936218262,0.6000175476074219,9.652088165283203,2.56445860862732,0.5606571435928345,-0.0765353292226791
2289318209.0,-0.7907901406288147,0.6138051748275757,9.917198181152344,2.799187660217285,0.779095470905304,-0.204350396990776
2289326542.0,-0.7077831029891968,0.5158756971359253,10.099971771240234,2.5914306640625,0.8627259135246277,-0.1375228315591812
2289334875.0,-0.6816954612731934,0.371956467628479,9.966353416442873,2.254680156707764,0.7140607833862305,-0.0907000005245208
2289343208.0,-0.6493933796882629,0.4296691119670868,9.78360080718994,2.492303371429444,0.4462639987468719,-0.0339388586580753
2289351541.0,-0.660926878452301,0.6317303776741028,9.855212211608888,2.8296940326690674,0.1794404983520507,0.0034451144747436
2289359874.0,-0.6315611600875854,0.6251318454742432,10.10133171081543,2.8587918281555176,0.0283677633851766,-0.0273303873836994
2289368207.0,-0.5438877940177917,0.4360607862472534,10.004974365234377,2.261826515197754,0.1630986332893371,0.0375376567244529
2289376540.0,-0.5068976283073425,0.2737668752670288,9.75383186340332,2.1455636024475098,0.3201651275157928,0.1045701205730438
2289384873.0,-0.5473576784133911,0.3970553576946258,9.581557273864746,2.6005747318267822,0.5785359144210815,0.157924547791481
2289393206.0,-0.6388875246047974,0.5854132771492004,9.906851768493652,3.110068082809448,0.9213568568229676,0.2371237874031067
2289401539.0,-0.6131358742713928,0.5958945751190186,10.137904167175291,3.034992218017578,0.911213517189026,0.2414013594388961
2289409872.0,-0.5893770456314087,0.401943176984787,10.096010208129885,2.229347944259644,0.8920798301696777,0.32605642080307
2289418205.0,-0.5791555047035217,0.3371758162975311,9.73521614074707,2.137623310089112,0.6622431874275208,0.1826166808605194
2289426538.0,-0.6226131319999695,0.4604808986186981,9.679831504821776,2.795806884765625,0.6823760867118835,0.3179366886615753
2289434871.0,-0.6118046045303345,0.5817561745643616,10.002482414245604,3.0935466289520264,0.5205196738243103,0.3009800612926483
2289443204.0,-0.5695691704750061,0.4894422888755798,10.04919147491455,2.862710952758789,0.3937036097049713,0.1941943168640136
2289451537.0,-0.5438880920410156,0.3584297001361847,9.853835105895996,2.3933041095733643,0.636552095413208,0.2686292827129364
2289459870.0,-0.5805345177650452,0.3760731220245361,9.533051490783691,2.4411776065826416,0.8373164534568787,0.2329742610454559
2289468203.0,-0.6765322685241699,0.5431870222091675,9.693058967590332,2.925030469894409,1.1017836332321167,0.1229611486196518
2289476536.0,-0.6959990859031677,0.5432891845703125,10.04776382446289,2.9289495944976807,1.2341835498809814,0.1090782284736633
2289484869.0,-0.7221016883850098,0.3822885751724243,10.03633975982666,2.5503454208374023,1.0568561553955078,0.1463725417852401
2289493202.0,-0.7359373569488525,0.2702187001705169,9.78604793548584,2.299018383026123,0.9160802364349364,0.1163270622491836
2289501535.0,-0.7380225658416748,0.4111091792583465,9.614831924438477,2.6591033935546875,0.9052967429161072,0.0817222222685813
2289509868.0,-0.7519881129264832,0.5787228345870972,9.87556266784668,3.11639404296875,0.5518971085548401,0.0002945636806543
2289518201.0,-0.6899426579475403,0.5228922963142395,10.11412239074707,2.8458821773529053,0.5412928462028503,0.065867006778717
2289526534.0,-0.6892655491828918,0.3095044493675232,9.931472778320312,2.3020920753479004,0.5214417576789856,-0.0906487703323364
2289534867.0,-0.663043737411499,0.2019146829843521,9.548062324523926,2.216438055038452,0.6019217371940613,-0.107195571064949
2289543200.0,-0.735760509967804,0.3601327240467071,9.567877769470217,2.8911168575286865,0.9131858348846436,0.0491152890026569
2289551533.0,-0.7624666094779968,0.5554112792015076,10.000168800354004,3.284423828125,0.8967416286468506,0.058259580284357
2289559866.0,-0.7693501710891724,0.4855304956436157,10.162771224975586,3.036452293395996,0.8283002972602844,-0.0544558688998222
2289568199.0,-0.7528030276298523,0.3132235109806061,9.934758186340332,2.378653049468994,0.872228741645813,0.0211189351975917
2289576532.0,-0.7649036049842834,0.2687135636806488,9.611148834228516,2.3609023094177246,0.8160310983657837,0.0039830133318901
2289584865.0,-0.7621442675590515,0.4349579811096191,9.817543029785156,3.02433705329895,0.5314825177192688,0.0324148163199424
2289593198.0,-0.7608845233917236,0.5513830184936523,10.042806625366213,3.2969746589660645,0.3769262731075287,0.0471942275762558
2289601531.0,-0.7112560868263245,0.4743956625461578,10.006413459777832,3.007585048675537,0.3486481606960296,0.1200155094265937
2289609864.0,-0.6521373391151428,0.3861033916473388,9.793546676635742,2.498425245285034,0.5623732805252075,0.0874598026275634
2289618197.0,-0.6921477913856506,0.4524109661579132,9.5919828414917,2.624626874923706,0.715290367603302,0.1531091034412384
2289626530.0,-0.7036236524581909,0.6592830419540405,9.848322868347168,3.054971218109131,0.842567503452301,0.1063631251454353
2289634863.0,-0.7618319988250732,0.6791326999664307,10.098791122436523,3.1147806644439697,0.7846536636352539,0.161254420876503
2289643196.0,-0.7160325646400452,0.4796684682369232,10.057467460632324,2.7191171646118164,0.8121889233589172,0.1178638786077499
2289651529.0,-0.7264171838760376,0.4310309886932373,9.712711334228516,2.427448272705078,0.6065322756767273,0.0996265634894371
2289659862.0,-0.766109824180603,0.642593502998352,9.673354148864746,2.8994927406311035,0.589293897151947,0.1976010203361511
2289668195.0,-0.742121160030365,0.8396068811416626,9.992266654968262,3.355554819107056,0.4761302471160888,0.0638947114348411
2289676528.0,-0.6882697343826294,0.7803283929824829,10.190825462341309,2.941474676132202,0.3641447722911834,0.1092575117945671
2289684861.0,-0.6140620112419128,0.5603776574134827,9.949191093444824,2.186239242553711,0.3530026078224182,0.0528549775481224
2289693194.0,-0.6761667728424072,0.4572821259498596,9.544286727905272,2.250223398208618,0.658503532409668,0.0579265877604484
2289701527.0,-0.6600413918495178,0.611135721206665,9.639314651489258,2.8470349311828613,0.6411627531051636,0.0422762967646122
2289709860.0,-0.6956837773323059,0.7604022026062012,10.056069374084473,3.2494089603424072,0.772000253200531,0.0003970206307712
2289718193.0,-0.6906312704086304,0.6829355955123901,10.13920783996582,2.7878921031951904,0.6893687844276428,0.031006034463644
2289726526.0,-0.6679361462593079,0.4847235381603241,9.904913902282717,2.2973532676696777,0.7172881960868835,-0.0583748407661914
2289734859.0,-0.6815727353096008,0.4475859701633453,9.624608039855955,2.2567293643951416,0.5773320198059082,-0.0757412910461425
2289743192.0,-0.6926487684249878,0.577147901058197,9.831249237060549,2.697012424468994,0.6316086053848267,-0.0189545340836048
2289751525.0,-0.6842557191848755,0.6311362981796265,10.107525825500488,2.8761579990386963,0.3759785592556,-0.0449273623526096
2289759858.0,-0.5867530703544617,0.4683906733989715,10.03768253326416,2.501729726791382,0.4294867217540741,-0.1232044771313667
2289768191.0,-0.5563868284225464,0.3637190163135528,9.734232902526855,2.238184690475464,0.3108928203582763,-0.1447972804307937
2289776524.0,-0.5934918522834778,0.4405164718627929,9.534862518310549,2.4244771003723145,0.5309703350067139,0.0500886403024196
2289784857.0,-0.6237011551856995,0.6534968018531799,9.872109413146973,2.8412973880767822,0.8589861392974854,0.003701256820932
2289793190.0,-0.6649377346038818,0.5158287882804871,10.178815841674805,2.6782119274139404,0.7956677675247192,0.031210945919156
2289801523.0,-0.6352047324180603,0.248129054903984,9.96451187133789,2.178042411804199,0.7489474415779114,0.0290849637240171
2289809856.0,-0.6740820407867432,0.2123720496892929,9.59923267364502,2.2796030044555664,0.9382879734039308,0.06138451769948
2289818189.0,-0.7097973823547363,0.4947676062583923,9.673791885375977,2.860764265060425,0.83232182264328,0.132028579711914
2289826522.0,-0.6851723194122314,0.6254496574401855,10.123571395874023,3.2005631923675537,0.5150126218795776,0.0898163244128227
2289834855.0,-0.5826200246810913,0.4725673794746399,10.208775520324709,2.5264980792999268,0.2124572694301605,0.089944377541542
2289843188.0,-0.582922101020813,0.220671460032463,9.786981582641602,1.9517662525177,0.1363829970359802,0.1904034316539764
2289851521.0,-0.6570914387702942,0.2636525928974151,9.392568588256836,2.28257417678833,0.5912149548530579,0.1859465092420578
2289859854.0,-0.6965053677558899,0.4653977155685425,9.678027153015137,3.056918144226074,1.1559832096099854,0.197729080915451
2289868187.0,-0.7131541967391968,0.5452637672424316,10.166837692260742,3.2571957111358643,1.1190987825393677,0.1124336943030357
2289876520.0,-0.6730186939239502,0.364627331495285,10.145238876342772,2.5280354022979736,1.0056276321411133,0.1852805763483047
2289884853.0,-0.7009694576263428,0.2699042558670044,9.768007278442385,2.231473684310913,0.8570394515991211,0.0603343285620212
2289893186.0,-0.7507035136222839,0.3867521584033966,9.600964546203612,2.604544878005981,0.8363944292068481,0.1657625138759613
2289901519.0,-0.7370138764381409,0.4658669233322143,9.976417541503906,3.143571376800537,0.638447642326355,0.0062882951460778
2289909852.0,-0.6479937434196472,0.3954768776893616,10.173989295959473,2.942678451538086,0.2109460234642028,0.140583723783493
2289918185.0,-0.597850501537323,0.3015520572662353,9.84822940826416,2.5379223823547363,0.1790819317102432,0.1280839741230011
2289926518.0,-0.6537706255912781,0.3777938485145569,9.554180145263672,2.718579769134521,0.5260779857635498,0.1308759301900863
2289934851.0,-0.7273613214492798,0.603451132774353,9.659528732299805,3.1211583614349365,1.0799345970153809,0.1490876376628875
2289943184.0,-0.7651194930076599,0.5236234664916992,10.090107917785645,2.950900793075561,1.345144271850586,0.0991655066609382
2289951517.0,-0.7119312286376953,0.3043281733989715,10.092095375061035,2.597526788711548,1.0300123691558838,0.0215543806552886
2289959850.0,-0.736250102519989,0.2612887620925903,9.774120330810549,2.464691400527954,0.829350471496582,0.1499329209327697
2289968183.0,-0.7879721522331238,0.5362833738327026,9.72542667388916,2.975388288497925,0.6923143863677979,0.0803902894258499
2289976516.0,-0.7416078448295593,0.6874351501464844,10.005537033081056,3.443437099456787,0.4183189272880554,0.1037248596549034
2289984849.0,-0.6305750608444214,0.5342909693717957,10.174885749816896,2.8271329402923584,0.1822324842214584,-0.0097590228542685
2289993182.0,-0.6124722957611084,0.3018929064273834,9.879767417907717,2.2391836643218994,0.1282888799905777,0.0040342416614294
2290001515.0,-0.678715705871582,0.3717994093894958,9.434277534484863,2.408698797225952,0.6546871066093445,0.0628701448440551
2290009848.0,-0.7384555339813232,0.6208584308624268,9.659799575805664,3.1847074031829834,1.2252953052520752,0.007569006178528
2290018181.0,-0.7448525428771973,0.6451818346977234,10.125381469726562,3.345000982284546,1.3028807640075684,-0.0952337235212326
2290026514.0,-0.7223656177520752,0.4534292221069336,10.207794189453123,2.7999303340911865,0.9792192578315736,0.0290593467652797
2290034847.0,-0.765709400177002,0.4549978971481323,9.85043239593506,2.255474328994751,0.6797633171081543,0.0848983749747276
2290043180.0,-0.8235076069831848,0.6023702621459961,9.665936470031738,2.7058234214782715,0.6912897229194641,-0.0055839028209447
2290051513.0,-0.7467890381813049,0.6434773206710815,9.960458755493164,3.172105312347412,0.4473141729831695,0.0350274667143821
2290059846.0,-0.6245249509811401,0.488761156797409,10.06126594543457,2.985300779342652,0.1844353079795837,0.0540844611823558
2290068179.0,-0.5813771486282349,0.5156286954879761,9.818015098571776,2.481391668319702,0.1755983829498291,-0.0464386083185672
2290076512.0,-0.6536408066749573,0.6814547777175903,9.589055061340332,2.6565935611724854,0.3969566226005554,0.0483468696475029
2290084845.0,-0.7449442148208618,0.6806158423423767,9.765084266662598,2.842245101928711,1.0207144021987915,0.0680954381823539
2290093178.0,-0.6819889545440674,0.5123281478881836,9.94982624053955,2.7780303955078125,1.2454794645309448,0.0080556767061352
2290101511.0,-0.6579809784889221,0.4015681445598602,9.972122192382812,2.500550985336304,1.0003511905670166,0.0175841730087995
2290109844.0,-0.7479413747787476,0.5450724363327026,9.836384773254396,2.531032085418701,0.6359118223190308,0.1725502908229828
2290118177.0,-0.7672817707061768,0.7645453810691833,9.919699668884276,2.9512083530426025,0.5231067538261414,0.0690687894821167
2290126510.0,-0.6768547296524048,0.6717607975006104,10.000861167907717,2.8906307220458984,0.3210616409778595,-0.1016116812825203
2290134843.0,-0.5493838787078857,0.4433353841304779,9.948633193969728,2.379908323287964,0.2384557276964187,0.0822601094841957
2290143176.0,-0.5892288088798523,0.4435673952102661,9.690412521362305,2.1363680362701416,0.2029543817043304,0.1002156883478164
2290151509.0,-0.6810717582702637,0.5682113766670227,9.67272663116455,2.5281126499176025,0.6591695547103882,0.1055946946144104
2290159842.0,-0.6567944288253784,0.5904296040534973,9.89124584197998,2.9148106575012207,1.276113986968994,0.1212193816900253
2290168175.0,-0.6269762516021729,0.4679508805274963,10.009511947631836,2.75067400932312,1.0005048513412476,0.1036992371082305
2290176508.0,-0.6808851957321167,0.4251010417938232,9.922505378723145,2.367100954055786,0.9669758081436156,0.0539819970726966
2290184841.0,-0.7608538866043091,0.500808835029602,9.845868110656738,2.4086475372314453,0.719465434551239,0.0737561956048011
2290193174.0,-0.7143988013267517,0.4967924654483795,9.907612800598145,2.667325496673584,0.6589133739471436,0.0791095495223999
2290201507.0,-0.5920921564102173,0.3526538610458374,9.995092391967772,2.6548514366149902,0.2016736716032028,0.0413285680115222
2290209840.0,-0.5582103133201599,0.3238759040832519,9.862770080566406,2.5338497161865234,0.1530578583478927,0.0279835518449544
2290218173.0,-0.6492956876754761,0.452369749546051,9.70502758026123,2.559105157852173,0.3984422087669372,0.1222695559263229
2290226506.0,-0.6717125177383423,0.5082346200942993,9.772660255432127,2.590662002563477,0.911828339099884,0.0522402301430702
2290234839.0,-0.6531760692596436,0.3606282472610473,9.932174682617188,2.602086067199707,1.2021143436431885,0.0849239975214004
2290243172.0,-0.6917638778686523,0.2014355063438415,9.860434532165527,2.5474510192871094,1.148171067237854,0.1247797533869743
2290251505.0,-0.7348219156265259,0.3459817171096802,9.80660629272461,2.789454460144043,1.1115937232971191,0.0205298122018575
2290259838.0,-0.7432922720909119,0.5333417057991028,9.952072143554688,3.08038067817688,1.0238394737243652,0.0276249535381793
2290268171.0,-0.6488015651702881,0.5056931376457214,10.099591255187988,3.01947021484375,0.3785399794578552,-0.0167260970920324
2290276504.0,-0.638660728931427,0.3428504168987274,9.936441421508787,2.636665105819702,0.0251915995031595,0.1372538655996322
2290284837.0,-0.667569100856781,0.3091307580471039,9.586915016174316,2.398299217224121,0.178467184305191,-0.0875238478183746
2290293170.0,-0.7009620666503906,0.4654844403266907,9.579508781433104,2.743553876876831,0.8204880356788635,0.0616918914020061
2290301503.0,-0.68571937084198,0.5041764378547668,9.904458999633787,3.118110418319702,1.219173550605774,0.1185298636555671
2290309836.0,-0.7412359118461609,0.4128016829490661,10.010172843933104,2.8519275188446045,1.077168345451355,0.1190165579319
2290318169.0,-0.7601977586746216,0.3994876444339752,9.795524597167969,2.519813299179077,1.1701222658157349,-0.0052509186789393
2290326502.0,-0.7649291753768921,0.4649376273155212,9.76870346069336,2.7197835445404053,0.9065518379211426,0.0445559583604335
2290334835.0,-0.7503981590270996,0.5344346761703491,9.99382781982422,2.898289203643799,0.495315283536911,0.0707593262195587
2290343168.0,-0.6739813089370728,0.3930908739566803,10.046431541442873,2.6498565673828125,0.1324383914470672,0.0521377772092819
2290351501.0,-0.5947710871696472,0.3443092703819275,9.808903694152832,2.625394821166992,0.0206066500395536,-0.0094260368496179
2290359834.0,-0.6453689336776733,0.5355188846588135,9.607221603393556,2.7524161338806152,0.3509534895420074,0.1302611827850341
2290368167.0,-0.7367834448814392,0.5831152200698853,9.773438453674316,3.07758903503418,0.7644696831703186,0.0659182369709014
2290376500.0,-0.6796776056289673,0.4467761218547821,9.960481643676758,2.821164608001709,1.1798301935195925,-0.002049139002338
2290384833.0,-0.6939815878868103,0.3404035270214081,9.85602855682373,2.5409960746765137,1.241918921470642,-0.0659566447138786
2290393166.0,-0.777062714099884,0.4374442398548126,9.83447265625,2.834995985031128,1.1167677640914917,0.097474955022335
2290401499.0,-0.7912988662719727,0.670557975769043,10.017736434936523,3.1319169998168945,0.810319185256958,0.0883563160896301
2290409832.0,-0.6697326302528381,0.6179914474487305,10.113225936889648,3.0686492919921875,0.2759037315845489,0.1289804726839065
2290418165.0,-0.5731411576271057,0.4238924086093902,10.023140907287598,2.599473476409912,0.0110013140365481,0.0542893707752227
2290426498.0,-0.6222838163375854,0.478889137506485,9.671270370483398,2.455265522003174,0.0065956660546362,0.108386643230915
2290434831.0,-0.7249231338500977,0.6398361325263977,9.648788452148438,2.8161697387695312,0.5931103825569153,0.0070311077870428
2290443164.0,-0.651945948600769,0.6352497339248657,9.888099670410156,3.0931620597839355,1.1981441974639893,0.0527268983423709
2290451497.0,-0.6650264859199524,0.5010896921157837,9.998866081237791,2.908841848373413,1.2407662868499756,0.0640227794647216
2290459830.0,-0.7379305958747864,0.5467855334281921,9.961181640625,2.527651071548462,1.2427387237548828,0.0731158331036567
2290468163.0,-0.8129222989082336,0.6523335576057434,9.8788480758667,2.534822940826416,0.999326467514038,-0.0094772670418024
2290476496.0,-0.7362278699874878,0.6106475591659546,9.98379611968994,2.815376043319702,0.5362468361854553,0.0715277567505836
2290484829.0,-0.6512846350669861,0.4372638761997223,9.963536262512209,2.704184293746948,-0.1676707863807678,0.1283657401800155
2290493162.0,-0.6366719603538513,0.4868567883968353,9.808911323547363,2.429241418838501,-0.1348077207803726,0.1276229470968246
2290501495.0,-0.6571531891822815,0.621401846408844,9.63652229309082,2.517431259155273,0.2226773649454116,0.0426092818379402
2290509828.0,-0.6895012259483337,0.6269293427467346,9.765934944152832,2.812225580215454,0.8130854964256287,0.1698095798492431
2290518161.0,-0.6759352684020996,0.4310634732246399,9.881308555603027,2.4824934005737305,1.156982183456421,0.1086427867412567
2290526494.0,-0.7225035429000854,0.35263592004776,9.77306079864502,2.3915116786956787,1.220146894454956,0.1169674023985862
2290534827.0,-0.7407786250114441,0.5007857084274292,9.786951065063477,2.563127040863037,1.2101318836212158,0.0585669502615928
2290543160.0,-0.7600749731063843,0.599891185760498,9.979373931884766,3.0063297748565674,0.7307100296020508,0.0477833487093448
2290551493.0,-0.6497463583946228,0.492123007774353,10.136626243591309,2.734588861465454,0.2131488770246505,-0.0105274515226483
2290559826.0,-0.5897272229194641,0.3503563702106476,9.86089038848877,2.3317534923553467,-0.1560419350862503,0.0924289673566818
2290568159.0,-0.6457948088645935,0.4027505218982696,9.567158699035645,2.4547276496887207,0.0711179226636886,0.1048262566328048
2290576492.0,-0.6804800629615784,0.5276210904121399,9.668822288513184,2.7107417583465576,0.699614405632019,0.0593866072595119
2290584825.0,-0.6775420904159546,0.4912779629230499,9.97117519378662,2.8576393127441406,1.1697380542755127,-0.0564793944358825
2290593158.0,-0.6388874650001526,0.3844752907752991,9.916949272155762,2.5492184162139893,1.0761436223983765,0.1196568980813026
2290601491.0,-0.725896418094635,0.4016260504722595,9.784294128417969,2.455162763595581,1.1719151735305786,0.040303997695446
2290609824.0,-0.7599139213562012,0.491310179233551,9.978449821472168,2.696500301361084,1.1483502388000488,0.0583620406687259
2290618157.0,-0.6896902322769165,0.4345073103904724,10.069488525390623,2.666147232055664,0.5382702946662903,0.0400990881025791
2290626490.0,-0.5729767680168152,0.323625236749649,10.01708984375,2.6749074459075928,0.0710154697299003,-0.0250251088291406
2290634823.0,-0.5909917950630188,0.3988915681838989,9.773133277893066,2.6079518795013428,-0.0409827791154384,0.0844117179512977
2290643156.0,-0.6929594278335571,0.5390211939811707,9.715588569641112,2.7837681770324707,0.5784847140312195,-0.01337063126266
2290651489.0,-0.6458091139793396,0.5093402862548828,9.879115104675291,2.7506489753723145,1.14614737033844,0.1244211569428443
2290659822.0,-0.6823186278343201,0.3161020278930664,9.875439643859863,2.5921990871429443,1.3032138347625732,0.1076694354414939
2290668155.0,-0.7451631426811218,0.3192077577114105,9.855639457702637,2.700367927551269,1.417863130569458,-0.0151892406865954
2290676488.0,-0.8039078116416931,0.4810553193092346,9.88180160522461,2.8900156021118164,1.1112607717514038,0.0455036908388137
2290684821.0,-0.7034600377082825,0.5909070372581482,10.082623481750488,3.1177008152008057,0.7929527163505554,0.0858717262744903
2290693154.0,-0.6576278209686279,0.4850980639457702,10.087368965148926,2.876081705093384,0.0707849413156509,0.1665053218603134
2290701487.0,-0.6381847262382507,0.3599777817726135,9.874552726745604,2.2714576721191406,-0.1876755058765411,0.124088168144226
2290709820.0,-0.6713088154792786,0.4366476237773895,9.543057441711426,2.467278480529785,0.2073856741189956,0.1088477000594139
2290718153.0,-0.7311709523200989,0.5154411196708679,9.652692794799805,3.0140397548675537,0.9235596060752868,0.1101283952593803
2290726486.0,-0.6989172101020813,0.5355608463287354,9.959506034851074,3.128176689147949,1.3939906358718872,0.1258299201726913
2290734819.0,-0.7496442794799805,0.4371659159660339,9.974018096923828,2.761560440063477,1.2927374839782717,0.0398429408669471
2290743152.0,-0.7600681185722351,0.483129471540451,9.840593338012695,2.549654006958008,1.0055253505706787,0.1046469658613205
2290751485.0,-0.8582885265350342,0.5845935344696045,9.853449821472168,2.7861242294311523,0.8717933297157288,0.0943500325083732
2290759818.0,-0.7267491817474365,0.528296947479248,10.124078750610352,2.8397862911224365,0.4580978155136108,0.0698628276586532
2290768151.0,-0.575181782245636,0.4001921713352203,9.955972671508787,2.598115921020508,-0.0309676080942153,0.1030844822525978
2290776484.0,-0.660969614982605,0.4738998711109161,9.656496047973633,2.616814374923706,-0.0902133360505104,0.0411492697894573
2290784817.0,-0.6669615507125854,0.6868189573287964,9.653975486755373,2.8767218589782715,0.5487721562385559,0.1472434252500534
2290793150.0,-0.6700478792190552,0.5635780692100525,9.832775115966797,2.886481046676636,1.0933308601379397,0.0728596895933151
2290801483.0,-0.663253128528595,0.3861236572265625,9.89031982421875,2.4632568359375,1.1878985166549685,0.0554932355880737
2290809816.0,-0.7730738520622253,0.3797940015792846,9.786398887634276,2.5255253314971924,1.2063920497894287,0.0319793708622455
2290818149.0,-0.7787726521492004,0.6420918107032776,9.933257102966309,2.723651170730591,1.077142596244812,-0.003534764284268
2290826482.0,-0.7140409350395203,0.6717860698699951,10.116236686706545,3.0075337886810303,0.4678311944007873,0.148754671216011
2290834815.0,-0.6430941820144653,0.4733073711395263,10.025330543518066,2.710664987564087,-0.1427481472492218,0.1096161231398582
2290843148.0,-0.5675938725471497,0.4155369699001312,9.777978897094728,2.2858781814575195,-0.198638379573822,0.1703986972570419
2290851481.0,-0.6237301826477051,0.5235351324081421,9.631503105163574,2.530468463897705,0.2599204480648041,-0.0322995483875274
2290859814.0,-0.6619494557380676,0.6064077019691467,9.754651069641112,2.877926111221313,0.8947693109512329,0.0680954456329345
2290868147.0,-0.6648982167243958,0.5121445655822754,9.906911849975586,2.899441957473755,1.324064016342163,0.0252428278326988
2290876480.0,-0.6780586838722229,0.4489776492118835,9.97450828552246,2.4898955821990967,1.2575435638427734,0.1378429979085922
2290884813.0,-0.7727783918380737,0.5296709537506104,9.84201431274414,2.5049057006835938,1.1452765464782717,0.0440436825156211
2290893146.0,-0.7886134386062622,0.5760852098464966,9.929913520812988,2.733666181564331,0.9415408372879028,0.0739354863762855
2290901479.0,-0.6493307948112488,0.4818499982357025,10.116134643554688,2.7586658000946045,0.353386789560318,0.0232193041592836
2290909812.0,-0.5756148099899292,0.3875232636928558,9.975785255432127,2.5990893840789795,-0.1330915689468383,0.0649961307644844
2290918145.0,-0.647165834903717,0.4729852378368377,9.649950981140137,2.5793919563293457,-0.0454908795654773,0.1252151876688003
2290926478.0,-0.6768769025802612,0.6082141399383545,9.657517433166504,2.8709843158721924,0.7192605137825012,0.1487034410238266
2290934811.0,-0.6313095092773438,0.5065724849700928,9.895727157592772,2.752646446228028,1.2000397443771362,-0.0028175658080726
2290943144.0,-0.7180404663085938,0.2869742214679718,9.883111000061035,2.4521403312683105,1.2548797130584717,0.09811532497406
2290951477.0,-0.77696293592453,0.3739174306392669,9.750690460205078,2.5347464084625244,1.3429158926010132,0.0664305239915847
2290959810.0,-0.7797768115997314,0.6090213060379028,9.950080871582031,3.0609652996063232,1.2620519399642944,0.1197081357240676
2290968143.0,-0.7199223637580872,0.5988417863845825,10.174023628234863,3.1038177013397217,0.6027926206588745,-0.0184166356921196
2290976476.0,-0.6695461869239807,0.374212384223938,10.036367416381836,2.5277793407440186,-0.0474631786346435,0.0404576882719993
2290984809.0,-0.6451589465141296,0.3713563978672027,9.674062728881836,2.2515039443969727,-0.0498709119856357,0.0961942598223686
2290993142.0,-0.6689513921737671,0.5352932810783386,9.592256546020508,2.6284687519073486,0.2501614391803741,0.0581315085291862
2291001475.0,-0.6968116760253906,0.5162252187728882,9.814462661743164,2.9832770824432373,0.8903379440307617,0.1178126707673072
2291009808.0,-0.6762771010398865,0.4301037490367889,9.897245407104492,2.8755693435668945,1.1978625059127808,0.0649961233139038
2291018141.0,-0.7038945555686951,0.3999288082122803,9.899027824401855,2.6714751720428467,1.3747800588607788,0.0189417265355587
2291026474.0,-0.839366614818573,0.5228433609008789,9.81149196624756,2.688380718231201,1.1857213973999023,0.1257018744945526
2291034807.0,-0.7880533933639526,0.5463353991508484,9.98291015625,2.848418474197388,0.82433021068573,0.095835655927658
2291043140.0,-0.6548364758491516,0.3942125737667084,10.088878631591797,2.730490207672119,0.08325906842947,0.1046981737017631
2291051473.0,-0.6003530621528625,0.354957103729248,9.936984062194824,2.545017957687378,-0.3091126084327698,0.0435570068657398
2291059806.0,-0.665927529335022,0.4963206350803375,9.58119010925293,2.59665584564209,-0.1496127545833587,0.0387415289878845
2291068139.0,-0.6563913822174072,0.5857198238372803,9.693434715270996,2.855820655822754,0.4824313223361969,0.1005230620503425
2291076472.0,-0.6210045218467712,0.4592593610286712,9.9248046875,2.7894287109375,1.1194572448730469,0.0927619561553001
2291084805.0,-0.7056599855422974,0.2825483083724975,9.831491470336914,2.455521583557129,1.2483737468719482,0.0660719200968742
2291093138.0,-0.7191873788833618,0.428699791431427,9.789816856384276,2.672243595123291,1.2352594137191772,0.0365643203258514
2291101471.0,-0.7910525798797607,0.6265000700950623,9.942211151123049,3.020110607147217,1.097377896308899,0.0452475473284721
2291109804.0,-0.699152946472168,0.5619542002677917,10.205894470214844,3.076307535171509,0.4997208714485168,0.0594122149050235
2291118137.0,-0.6082437634468079,0.3999100029468536,9.997859954833984,2.579263687133789,-0.0300454962998628,0.0478602014482021
2291126470.0,-0.6019262075424194,0.4265483915805816,9.675217628479004,2.3354930877685547,-0.1646739095449447,0.0746014639735221
2291134803.0,-0.642844021320343,0.5505805611610413,9.653751373291016,2.758589267730713,0.2723433971405029,0.0204785820096731
2291143136.0,-0.6535270810127258,0.5790393352508545,9.816400527954102,3.05489444732666,0.892720103263855,0.0117697408422827
2291151469.0,-0.6194687485694885,0.4420178830623626,9.934488296508787,2.816989660263061,1.2483738660812378,0.1502146869897842
2291159802.0,-0.7175801396369934,0.452644020318985,9.838172912597656,2.6753172874450684,1.287358641624451,0.0914300233125686
2291168135.0,-0.8246972560882568,0.5643859505653381,9.882792472839355,2.645912170410156,1.3077476024627686,0.1532627791166305
2291176468.0,-0.7443903088569641,0.5958473086357117,9.999542236328123,2.937991142272949,0.9280934929847716,0.1040578335523605
2291184801.0,-0.6511260271072388,0.4386963844299316,10.140490531921388,2.8587918281555176,0.1660186648368835,0.1196568980813026
2291193134.0,-0.61757493019104,0.3905920684337616,9.899103164672852,2.5693511962890625,-0.0838354006409645,0.0067493515089154
2291201467.0,-0.6410323977470398,0.5821987390518188,9.566415786743164,2.660973310470581,0.2343574464321136,-0.0549681521952152
2291209800.0,-0.6520230770111084,0.6257266402244568,9.774126052856444,2.8916807174682617,0.779658854007721,0.0646375194191932
2291218133.0,-0.7118076682090759,0.4304980039596557,9.917036056518556,2.6522130966186523,1.046635985374451,0.0547760315239429
2291226466.0,-0.7383942008018494,0.3434474766254425,9.815083503723145,2.4186367988586426,1.3011391162872314,0.0435570031404495
2291234799.0,-0.7620773911476135,0.4959798455238342,9.801297187805176,2.7506744861602783,1.4063624143600464,0.0852313712239265
2291243132.0,-0.8459564447402954,0.6344096064567566,10.034810066223145,3.1850404739379883,1.1910234689712524,0.1181712672114372
2291251465.0,-0.694536566734314,0.5718066692352295,10.164899826049805,2.795960187911988,0.4966727793216705,0.1098978742957115
2291259798.0,-0.6096240282058716,0.391144186258316,9.925308227539062,2.4767813682556152,-0.0366283543407917,0.1074901297688484
2291268131.0,-0.6647327542304993,0.4134414494037628,9.682730674743652,2.412028312683105,-0.08355363458395,0.0944524854421615
2291276464.0,-0.7018531560897827,0.5745164752006531,9.62034511566162,2.725700616836548,0.3565373420715332,0.1524175256490707
2291284797.0,-0.6476401090621948,0.5669417977333069,9.8390531539917,2.9973905086517334,0.855476975440979,0.0337979793548584
2291293130.0,-0.6522859930992126,0.4107844531536102,9.968905448913574,2.7179908752441406,1.1851835250854492,0.0682491287589073
2291301463.0,-0.7661888003349304,0.4209193885326385,9.827274322509766,2.415768384933472,1.2935574054718018,0.0750112906098365
2291309796.0,-0.7857919931411743,0.5551050305366516,9.816324234008787,2.678877592086792,1.212078332901001,0.142018124461174
2291318129.0,-0.7387020587921143,0.527275562286377,10.032638549804688,2.9058454036712646,0.7325287461280823,0.1104613989591598
2291326462.0,-0.6658458709716797,0.3940381705760956,10.132024765014648,2.719886064529419,0.0942988097667694,0.035821508616209
2291334795.0,-0.5876113772392273,0.4149568080902099,9.7951021194458,2.4566738605499268,-0.2540163695812225,-0.027765829116106
2291343128.0,-0.6366308331489563,0.5768249034881592,9.630082130432127,2.670476198196411,0.0547248162329196,0.0714509114623069
2291351461.0,-0.66572505235672,0.5357145667076111,9.803058624267578,2.750776767730713,0.8573213219642639,0.1332068294286728
2291359794.0,-0.635753333568573,0.3870635330677032,9.874651908874512,2.505212783813477,1.0877468585968018,0.0762663781642913
2291368127.0,-0.6310030817985535,0.3196451067924499,9.804510116577148,2.444533109664917,1.2725024223327637,0.0071591790765523
2291376460.0,-0.7673665285110474,0.4817930161952972,9.85569667816162,2.8316409587860107,1.2530611753463743,0.0411492735147476
2291384793.0,-0.7276275157928467,0.6455439329147339,10.065195083618164,3.055534601211548,1.002938151359558,0.0296740904450416
2291393126.0,-0.6098549365997314,0.5263417363166809,10.1159086227417,2.789736270904541,0.374159961938858,0.1972424387931823
2291401459.0,-0.6167666912078857,0.3540944755077362,9.935404777526855,2.186828136444092,-0.1004334092140197,0.0695554539561271
2291409792.0,-0.6515688896179199,0.4057438671588897,9.583669662475586,2.3079066276550293,0.0853850543498992,0.1100771874189376
2291418125.0,-0.7065706849098206,0.5510898232460022,9.621318817138672,2.891988039016724,0.6784825921058655,0.1190165579319
2291426458.0,-0.6720312833786011,0.5312947630882263,9.97421169281006,3.1621410846710205,1.1836978197097778,0.1018293872475624
2291434791.0,-0.7109789848327637,0.4103592336177826,9.961752891540527,2.7139179706573486,1.2029085159301758,0.1027258932590484
2291443124.0,-0.70948725938797,0.4662525653839111,9.783977508544922,2.431238889694214,1.3205803632736206,0.0416871681809425
2291451457.0,-0.7866438031196594,0.5747472047805786,9.861957550048828,2.656132221221924,0.9851619601249696,0.1761875301599502
2291459790.0,-0.7323799133300781,0.4739803969860077,10.087493896484377,2.8144280910491943,0.6473357677459717,-0.0650345459580421
2291468123.0,-0.6095246076583862,0.3747629523277282,9.944254875183104,2.7055418491363525,0.0428398102521896,0.0043159984052181
2291476456.0,-0.6185834407806396,0.401745468378067,9.728087425231934,2.75008511543274,-0.0253068655729293,0.1191446185111999
2291484789.0,-0.672088086605072,0.5785632133483887,9.65829372406006,2.785560846328736,0.4053836762905121,0.0762919932603836
2291493122.0,-0.7069805860519409,0.5724334120750427,9.754735946655272,2.8446273803710938,1.117843747138977,0.1752910315990448
2291501455.0,-0.6753283739089966,0.3799609243869781,9.917635917663574,2.6697590351104736,1.2537527084350586,0.1147133484482765
2291509788.0,-0.7764959931373596,0.2978264093399048,9.793136596679688,2.439563751220703,1.316456317901611,0.1209888383746147
2291518121.0,-0.8088067770004272,0.530586302280426,9.833837509155272,2.8310513496398926,1.1610803604125977,0.1080536320805549
2291526454.0,-0.7307056188583374,0.6325570940971375,10.017341613769531,3.0746941566467285,0.6584266424179077,0.060539249330759
2291534787.0,-0.6525750756263733,0.5215856432914734,10.17145538330078,2.995751142501831,0.181617721915245,0.0782642886042594
2291543120.0,-0.5711858868598938,0.3798803091049194,9.876431465148926,2.32816743850708,-0.2259688079357147,0.0653291121125221
2291551453.0,-0.6520541310310364,0.4590048789978027,9.534379959106444,2.417433261871338,0.0789814963936805,0.0543149895966053
2291559786.0,-0.6854549646377563,0.6091945171356201,9.668150901794434,2.907817840576172,0.823459267616272,0.1280071586370468
2291568119.0,-0.686595618724823,0.5322749018669128,9.917049407958984,3.0235936641693115,1.3546985387802124,0.1427865624427795
2291576452.0,-0.6543886661529541,0.454984575510025,9.977603912353516,2.6874840259552,1.381363034248352,0.0671733319759368
2291584785.0,-0.7787385582923889,0.4863296151161194,9.856731414794922,2.485234260559082,1.318889856338501,-0.0340157076716423
2291593118.0,-0.8069211840629578,0.5998901724815369,9.924139976501465,2.64990758895874,1.01694917678833,0.1015988513827323
2291601451.0,-0.6834051012992859,0.5631738901138306,10.07442569732666,2.745013475418091,0.39406219124794,0.0950416177511215
2291609784.0,-0.6004688143730164,0.3763841092586517,10.030505180358888,2.6580278873443604,-0.0799164175987243,0.0758309513330459
2291618117.0,-0.5601211786270142,0.457067459821701,9.76191234588623,2.4767556190490723,-0.2087303847074508,0.1653526872396469
2291626450.0,-0.6324837803840637,0.633085310459137,9.572860717773438,2.7431180477142334,0.3320501446723938,0.144528329372406
2291634783.0,-0.6212819218635559,0.6136492490768433,9.847094535827637,2.872265100479126,0.916234016418457,0.0809281766414642
2291643116.0,-0.6522466540336609,0.3652141690254211,9.932666778564451,2.651470422744751,1.3668653964996338,0.1138937026262283
2291651449.0,-0.697381317615509,0.3665335178375244,9.818252563476562,2.4348254203796387,1.331748127937317,0.0538795478641986
2291659782.0,-0.803696870803833,0.5597963333129883,9.83625602722168,2.756514310836792,1.2460429668426514,0.195423811674118
2291668115.0,-0.7801529169082642,0.6241175532341003,10.138272285461426,3.0767433643341064,0.9569862484931946,0.0229375455528497
2291676448.0,-0.6073559522628784,0.5612086653709412,10.0933256149292,2.764275550842285,0.1609982848167419,0.0033170436508953
2291684781.0,-0.6185202598571777,0.3355466425418854,9.91517162322998,2.3338282108306885,-0.1899039447307586,0.1227306202054023
2291693114.0,-0.6471444964408875,0.469067633152008,9.575440406799316,2.4325201511383057,0.1636877804994583,0.0769067406654357
2291701447.0,-0.6728646755218506,0.578765332698822,9.626992225646973,2.8175532817840576,0.7635732293128967,0.0373327545821666
2291709780.0,-0.647469699382782,0.5087539553642273,9.91170597076416,2.9684205055236816,1.120558738708496,0.0343614965677261
2291718113.0,-0.6944389939308167,0.3590883314609527,9.977341651916504,2.683590650558472,1.3914036750793457,0.0653034895658493
2291726446.0,-0.7417190074920654,0.4659771621227264,9.792479515075684,2.4432780742645264,1.4210137128829956,0.0275481101125478
2291734779.0,-0.7886457443237305,0.5742056965827942,9.887903213500977,2.733717679977417,1.0516053438186646,0.0706312507390976
2291743112.0,-0.7509739398956299,0.4736625254154205,10.108933448791504,2.819678783416748,0.6117319464683533,-0.0029968656599521
2291751445.0,-0.6288242340087891,0.3556958138942718,9.988764762878418,2.45987606048584,-0.0026638808194547,0.0767274424433708
2291759778.0,-0.6215608716011047,0.3980024456977844,9.706618309020996,2.565688371658325,-0.0935944244265556,0.0172768011689186
2291768111.0,-0.7037051916122437,0.5785585045814514,9.646312713623049,2.8056681156158447,0.4067668616771698,0.166095495223999
2291776444.0,-0.6883410811424255,0.5149551033973694,9.83642864227295,2.8749802112579346,0.8927456736564636,0.1057739779353141
2291784777.0,-0.6709232926368713,0.3478289246559143,9.886090278625488,2.644221544265747,1.3043922185897827,0.1231660395860672
2291793110.0,-0.7658129334449768,0.2924939393997192,9.824950218200684,2.542917013168335,1.241329789161682,0.0502935498952865
2291801443.0,-0.7995071411132812,0.4883163273334503,9.85813045501709,2.750008344650269,1.1980417966842651,0.0876903384923935
2291809776.0,-0.765000581741333,0.6019708514213562,10.003729820251465,3.077614545822144,0.8290943503379822,-0.0017417680937796
2291818109.0,-0.6767932772636414,0.4276778995990753,10.192248344421388,2.8239309787750244,0.1337447315454483,-0.003816520795226
2291826442.0,-0.6197080016136169,0.3046205937862396,9.813183784484863,2.291282892227173,-0.3030932247638702,0.033029556274414
2291834775.0,-0.6580673456192017,0.4411258697509765,9.520611763000488,2.500551223754883,0.0129479970782995,0.0795706212520599
2291843108.0,-0.6977803111076355,0.5515232086181641,9.755648612976074,3.063551902770996,0.6507168412208557,0.0436594597995281
2291851441.0,-0.6862029433250427,0.4986717700958252,9.991896629333496,3.018599033355713,1.2688394784927368,0.0358983464539051
2291859774.0,-0.6441466212272644,0.4035840034484863,9.94128131866455,2.5832340717315674,1.194788932800293,0.0989606007933616
2291868107.0,-0.7536305785179138,0.4164668917655945,9.814162254333496,2.4980411529541016,1.1851067543029783,0.0506009273231029
2291876440.0,-0.7931981086730957,0.5723610520362854,9.916383743286133,2.7459099292755127,0.8094739317893982,0.0904566645622253
2291884773.0,-0.6972472667694092,0.4931361973285675,10.048860549926758,2.896214485168457,0.3699848055839538,0.0898931622505188
2291893106.0,-0.6126891374588013,0.3761489987373352,9.99388027191162,2.721858263015747,0.089508943259716,0.0614869706332683
2291901439.0,-0.6121898889541626,0.4261021316051483,9.747469902038574,2.527907371520996,-0.0556853450834751,0.05152303352952
2291909772.0,-0.6450240612030029,0.6212272047996521,9.594038963317873,2.872546672821045,0.5087883472442627,0.0490384548902511
2291918105.0,-0.6641424894332886,0.5928037166595459,9.819300651550291,2.963298320770264,0.9662330150604248,0.0955539122223854
2291926438.0,-0.6778258681297302,0.3873758912086487,9.947073936462402,2.611973285675049,1.1879754066467283,0.0296484772115945
2291934771.0,-0.7039627432823181,0.3666331171989441,9.795159339904783,2.5263705253601074,1.3342583179473877,0.1338728070259094
2291943104.0,-0.7675387263298035,0.5791451334953308,9.8328857421875,3.084017753601074,1.0776036977767944,0.1711158752441406
2291951437.0,-0.7685031294822693,0.682792603969574,10.087207794189451,3.197437763214112,0.8241764903068542,0.1387394964694976
2291959770.0,-0.6166414022445679,0.5586187839508057,10.122637748718262,2.759921073913574,0.1804138720035553,0.0942731946706771
2291968103.0,-0.5799919366836548,0.385595828294754,9.878952980041504,2.2566781044006348,-0.2016352266073227,0.0635104924440383
2291976436.0,-0.6653535962104797,0.4736499190330505,9.57934284210205,2.354114532470703,0.3027730584144592,0.0091570885851979
2291984769.0,-0.6921278238296509,0.6517077684402466,9.59138298034668,2.976515054702759,0.8195145726203918,0.1007023602724075
2291993102.0,-0.6386358141899109,0.584612250328064,9.970277786254885,3.0732600688934326,1.2613859176635742,0.1718330979347229
2292001435.0,-0.706092357635498,0.4713906645774841,9.992752075195312,2.6253437995910645,1.293019413948059,0.1126386001706123
2292009768.0,-0.7771950364112854,0.4697529375553131,9.846528053283691,2.376065969467163,1.2415603399276731,0.0139981796965003
2292018101.0,-0.7878327369689941,0.6023993492126465,9.816805839538574,2.685434579849243,1.0645660161972046,0.0342078134417533
2292026434.0,-0.7796952128410339,0.5521103739738464,10.122538566589355,2.9015934467315674,0.4797162115573883,0.0529062040150165
2292034767.0,-0.6236281394958496,0.4215923249721527,10.025083541870115,2.6634063720703125,-0.0127558894455432,-0.0244103651493787
2292043100.0,-0.5887784957885742,0.439001977443695,9.75075626373291,2.508030652999878,-0.1931825578212738,0.0063395234756171
2292051433.0,-0.6844830513000488,0.5903952121734619,9.655233383178713,2.668298721313477,0.3560506701469421,0.0688126385211944
2292059766.0,-0.6857737302780151,0.5514703392982483,9.80252742767334,2.6709628105163574,0.9912325143814088,0.0682235285639762
2292068099.0,-0.6571193933486938,0.3902519047260284,9.904560089111328,2.593838691711426,1.3271632194519043,0.0266516096889972
2292076432.0,-0.7575238347053528,0.289273202419281,9.876616477966309,2.474296808242798,1.069125413894653,-0.0025101951323449
2292084765.0,-0.7719988226890564,0.5230932831764221,9.8717679977417,2.7083852291107178,1.0286035537719729,0.0863327756524086
2292093098.0,-0.7420717477798462,0.673403263092041,10.018206596374512,3.0415749549865723,0.7000498175621033,0.0591816939413547
2292101431.0,-0.6634716391563416,0.4765903949737549,10.148858070373535,2.785945177078247,0.1135094761848449,0.0350530780851841
2292109764.0,-0.5893604159355164,0.3282899856567383,9.871376037597656,2.233471632003784,-0.2455636858940124,0.0684796571731567
2292118097.0,-0.6451034545898438,0.3679541647434234,9.524003028869627,2.346840143203736,0.0253965128213167,0.0314927026629447
2292126430.0,-0.7059058547019958,0.5322393774986267,9.659795761108398,2.917602300643921,0.8428235650062561,0.0438387654721736
2292134763.0,-0.6640017032623291,0.5482207536697388,9.958740234375,3.098233938217163,1.110774040222168,0.0837201252579689
2292143096.0,-0.6536818742752075,0.4023979604244232,10.009844779968262,2.7431180477142334,1.266611099243164,0.0711947679519653
2292151429.0,-0.7548568248748779,0.3749825060367584,9.814210891723633,2.480034351348877,1.0717893838882446,0.0420969985425472
2292159762.0,-0.8047594428062439,0.5122840404510498,9.856064796447754,2.565688133239746,1.0903083086013794,0.0456829853355884
2292168095.0,-0.7217829823493958,0.4990826249122619,10.012862205505373,2.7713449001312256,0.6295852065086365,0.0433264821767807
2292176428.0,-0.6439046263694763,0.3196890652179718,10.040441513061523,2.822675943374634,-0.1960257440805435,0.049653198570013
2292184761.0,-0.5625433921813965,0.38687664270401,9.791411399841309,2.6180949211120605,-0.0915708914399147,0.1252664178609848
2292193094.0,-0.6283771991729736,0.5501533150672913,9.588316917419434,2.77941370010376,0.3276700973510742,-0.002766337711364
2292201427.0,-0.6776303052902222,0.5804218053817749,9.798964500427246,2.803951978683472,0.8449240326881409,0.0927619561553001
2292209760.0,-0.665923535823822,0.3468053936958313,9.914462089538574,2.6068246364593506,1.2393574714660645,0.1038529127836227
2292218093.0,-0.6816490888595581,0.2787756323814392,9.774636268615724,2.522195339202881,1.3099759817123413,0.0664049014449119
2292226426.0,-0.806667685508728,0.4558839797973633,9.816207885742188,2.863581895828247,1.061005711555481,0.0285982955247163
2292234759.0,-0.8081167936325073,0.6338585615158081,10.042901992797852,3.0822248458862305,0.8509690165519714,0.0514461956918239
2292243092.0,-0.6476003527641296,0.6011369824409485,10.10309886932373,2.9272332191467285,0.2597923874855041,0.0429678782820701
2292251425.0,-0.6219388246536255,0.3667694330215454,9.975811004638672,2.3575212955474854,-0.0934407263994216,0.1517003178596496
2292259758.0,-0.6541681289672852,0.403233528137207,9.585723876953123,2.3364408016204834,0.0768298879265785,0.0092083178460598
2292268091.0,-0.6506408452987671,0.5689994692802429,9.58910846710205,2.7835373878479004,0.6035866737365723,0.0751905888319015
2292276424.0,-0.6993677616119385,0.5567253828048706,9.93812656402588,3.137423753738404,0.9993520975112916,0.0289568901062011
2292284757.0,-0.6681576371192932,0.4390848278999328,10.018753051757812,2.831128120422364,1.1868484020233154,0.0215543769299983
2292293090.0,-0.7305958271026611,0.4774751663208008,9.797062873840332,2.5330047607421875,1.2727329730987549,0.0683772042393684
2292301423.0,-0.8121605515480042,0.5682904124259949,9.84826374053955,2.6997530460357666,0.938236653804779,0.0169182028621435
2292309756.0,-0.7737229466438293,0.5572652220726013,10.074990272521973,2.8512613773345947,0.7812982201576233,0.1374844163656234
2292318089.0,-0.6389901638031006,0.4203931987285614,10.056058883666992,2.76983380317688,0.0767786651849746,0.0077226920984685
2292326422.0,-0.58610600233078,0.4102300405502319,9.80756378173828,2.588510274887085,-0.1967685371637344,0.0953745916485786
2292334755.0,-0.6513600945472717,0.578982412815094,9.641816139221191,2.6790313720703125,0.1865869015455246,0.0405345298349857
2292343088.0,-0.6506898999214172,0.6379368901252747,9.776631355285645,2.8423221111297607,0.7719489932060242,0.1297745257616043
2292351421.0,-0.6492013931274414,0.4436051547527313,9.939044952392578,2.608720302581787,1.0714049339294434,0.0961430296301841
2292359754.0,-0.720121443271637,0.3442008793354034,9.889009475708008,2.425911426544189,1.4093849658966064,0.0584132671356201
2292368087.0,-0.7449323534965515,0.4976395666599273,9.81219482421875,2.679517984390259,1.1861567497253418,0.0523426905274391
2292376420.0,-0.7909709215164185,0.6876019835472107,9.992405891418455,3.139677762985229,0.9956638216972352,0.0930949375033378
2292384753.0,-0.6617671847343445,0.57157963514328,10.201478004455566,2.984608888626098,0.2860469818115234,0.1448100805282592
2292393086.0,-0.6055362224578857,0.4219937324523926,9.938243865966797,2.400604486465454,-0.1081689149141311,0.1576171815395355
2292401419.0,-0.6391000747680664,0.440181165933609,9.592371940612791,2.3832125663757324,0.0410724207758903,-0.0285086464136838
2292409752.0,-0.7179217338562012,0.5930746793746948,9.649907112121582,2.7871999740600586,0.7411606907844543,0.1137656196951866
2292418085.0,-0.673061728477478,0.5966454744338989,9.88672161102295,3.0088915824890137,1.1802654266357422,0.1154561564326286
2292426418.0,-0.6777017712593079,0.4529675841331482,9.950468063354492,2.754516124725342,1.2749357223510742,0.001242290250957
2292434751.0,-0.7787901163101196,0.4380189180374145,9.86456298828125,2.45744252204895,1.0947396755218506,0.023449832573533
2292443084.0,-0.7836440801620483,0.5803428292274475,9.798088073730469,2.46855902671814,0.9828310608863832,0.1735492497682571
2292451417.0,-0.7743457555770874,0.5499638915061951,9.974369049072266,2.802363872528076,0.5195207595825195,0.1129203587770462
2292459750.0,-0.6657857894897461,0.3868722915649414,10.075262069702148,2.607875108718872,0.0273175798356533,0.1306197941303253
2292468083.0,-0.5806452035903931,0.4010568857192993,9.7521390914917,2.438718795776367,-0.1382144093513488,0.0566971153020858
2292476416.0,-0.6221375465393066,0.5234184265136719,9.583548545837402,2.6593849658966064,0.2209355384111404,0.0849752202630043
2292484749.0,-0.662317156791687,0.5738812685012817,9.770828247070312,2.7514424324035645,0.8699490427970886,0.1117676943540573
2292493082.0,-0.6479289531707764,0.3548702597618103,9.881022453308104,2.660614490509033,1.2238866090774536,0.0313390158116817
2292501415.0,-0.6908017992973328,0.2701836228370666,9.802188873291016,2.504034996032715,1.4553881883621216,0.076087087392807
2292509748.0,-0.8170523047447205,0.432064950466156,9.82809352874756,2.720731258392334,1.184952974319458,0.1187347844243049
2292518081.0,-0.7588135600090027,0.6257249712944031,9.994001388549805,3.000054359436035,0.9982763528823853,0.0947086364030838
2292526414.0,-0.6596665978431702,0.5398736000061035,10.143450736999512,2.986837387084961,0.366552472114563,0.0902517512440681
2292534747.0,-0.6094058156013489,0.3503599464893341,9.98282241821289,2.4348764419555664,-0.0338107906281948,0.0092083178460598
2292543080.0,-0.608275294303894,0.3846123814582824,9.585083961486816,2.3312411308288574,0.0703751072287559,0.107566975057125
2292551413.0,-0.6609215140342712,0.5284711122512817,9.61931324005127,2.815734386444092,0.6609624624252319,0.1603579223155975
2292559746.0,-0.6840882301330566,0.5225461721420288,9.95553970336914,3.078433990478516,1.1254254579544067,0.125292032957077
2292568079.0,-0.6534516215324402,0.4083832800388336,10.023841857910156,2.764967441558838,1.3905328512191772,0.0423531383275985
2292576412.0,-0.7361236214637756,0.4471457898616791,9.880391120910645,2.6250112056732178,1.299525499343872,0.1256250292062759
2292584745.0,-0.8055983185768127,0.5597838163375854,9.893721580505373,2.719219923019409,0.9688711762428284,0.1238064095377922
2292593078.0,-0.7369279861450195,0.5309643149375916,10.069890022277832,2.845754146575928,0.6093754768371582,0.1347180753946304
2292601411.0,-0.6405650973320007,0.4054113030433655,10.027755737304688,2.717068672180176,0.1043908149003982,0.0609234608709812
2292609744.0,-0.6345607042312622,0.3570339679718017,9.792474746704102,2.5024211406707764,-0.1149310767650604,0.0796730816364288
2292618077.0,-0.6501331329345703,0.5657895803451538,9.643826484680176,2.6859471797943115,0.265094518661499,0.1119726449251174
2292626410.0,-0.6700122356414795,0.6116724014282227,9.74503231048584,2.9214444160461426,0.8372139930725098,0.0574655383825302
2292634743.0,-0.6841632723808289,0.4069741666316986,9.983266830444336,2.644042015075684,1.1729655265808103,0.0187880415469408
2292643076.0,-0.7240984439849854,0.3409801721572876,9.82563304901123,2.508005142211914,1.2224777936935425,0.0486030131578445
2292651409.0,-0.7821671366691589,0.4917541444301605,9.775278091430664,2.8645036220550537,1.1470181941986084,0.0631518959999084
2292659742.0,-0.7880626320838928,0.614865243434906,10.021538734436035,3.1331207752227783,0.9031451344490052,0.1066448763012886
2292668075.0,-0.6393614411354065,0.5258052349090576,10.118674278259276,2.956074953079224,0.2436553984880447,0.0673270225524902
2292676408.0,-0.5773687958717346,0.378709465265274,9.884283065795898,2.510720014572144,-0.1114987730979919,0.0625115409493446
2292684741.0,-0.6634697318077087,0.4503337442874908,9.60959529876709,2.446428298950196,-0.0969754830002784,0.0001921067450894
2292693074.0,-0.6513946652412415,0.6220424771308899,9.618563652038574,2.8081271648406982,0.6878830790519714,0.0878696292638778
2292701407.0,-0.6258032917976379,0.6052352786064148,9.860955238342283,3.063961744308472,1.1737595796585083,0.0082605900242924
2292709740.0,-0.655392050743103,0.4506855010986328,9.998568534851074,2.753363847732544,1.202857255935669,0.1138168573379516
2292718073.0,-0.6963952779769897,0.462956428527832,9.81955337524414,2.389410972595215,1.2451977729797363,0.060692936182022
2292726406.0,-0.7492104768753052,0.6234999299049377,9.816075325012209,2.6952452659606934,0.9903359413146972,0.1007023602724075
2292734739.0,-0.7114436030387878,0.570835292339325,10.076810836791992,2.81852650642395,0.6627299785614014,0.1299794465303421
2292743072.0,-0.6102480292320251,0.4341707527637481,10.011377334594728,2.642607927322388,0.0815173089504242,0.0666098222136497
2292751405.0,-0.5655844807624817,0.452455997467041,9.742589950561523,2.4668688774108887,-0.0135499313473701,0.1095649003982544
2292759738.0,-0.6815932989120483,0.5506194829940796,9.68678092956543,2.679850578308105,0.517445981502533,-0.0761511176824569
2292768071.0,-0.6759055256843567,0.546745777130127,9.800286293029783,2.810791015625,0.9947161078453064,0.115430548787117
2292776404.0,-0.6634538769721985,0.3754714727401733,9.904869079589844,2.6550307273864746,1.1405378580093384,0.15812948346138
2292784737.0,-0.7506011724472046,0.2734081447124481,9.867613792419434,2.5064938068389893,1.212923526763916,-0.0114239482209086
2292793070.0,-0.7957013845443726,0.516147255897522,9.82453727722168,2.638535499572754,1.146429181098938,0.0704775676131248
2292801403.0,-0.7559309601783752,0.6422489881515503,10.006412506103516,3.207042932510376,0.8151602149009705,0.1048774868249893
2292809736.0,-0.6833590269088745,0.4892540276050567,10.161839485168455,2.888478994369507,0.2719079256057739,0.0334137715399265
2292818069.0,-0.6163899302482605,0.3433844745159149,9.89809513092041,2.3987090587615967,-0.1498432755470276,0.0506009235978126
2292826402.0,-0.6440703272819519,0.44403737783432,9.52717113494873,2.4594149589538574,0.138893187046051,0.1205277889966964
2292834735.0,-0.7264948487281799,0.5658815503120422,9.702723503112791,2.9733901023864746,0.7677738666534424,0.0326197259128093
2292843068.0,-0.6785504817962646,0.5308136343955994,9.934213638305664,3.0501301288604736,1.1206867694854736,0.0591560751199722
2292851401.0,-0.684351921081543,0.4367733597755432,9.9758882522583,2.6773409843444824,1.177909016609192,0.1985999792814254
2292859734.0,-0.782312273979187,0.4438385665416717,9.863883972167969,2.47224760055542,1.0139778852462769,0.2347416579723358
2292868067.0,-0.7972528338432312,0.5611496567726135,9.910204887390137,2.6010870933532715,0.912417471408844,0.2509298324584961
2292876400.0,-0.7083700299263,0.5210632681846619,10.021108627319336,2.8619422912597656,0.4968264698982239,0.1137912347912788
2292884733.0,-0.6404204964637756,0.3266423940658569,10.011171340942385,2.6819000244140625,0.1732162684202194,0.0226045623421669
2292893066.0,-0.592840313911438,0.4129926860332489,9.755789756774902,2.4486825466156006,-0.0752290040254592,0.057260625064373
2292901399.0,-0.6522107124328613,0.5979974269866943,9.629583358764648,2.6824891567230225,0.4158599078655243,0.2048498392105102
2292909732.0,-0.6929326057434082,0.5317811965942383,9.838842391967772,2.880948543548584,0.8652872443199158,0.0877415612339973
2292918065.0,-0.6580532789230347,0.3735364377498626,9.901555061340332,2.684948205947876,1.0531421899795532,-0.0061474172398447
2292926398.0,-0.6970701813697815,0.3300442695617676,9.769439697265623,2.595503330230713,1.1231201887130735,0.0105402572080492
2292934731.0,-0.7795810699462891,0.5235278010368347,9.859004020690918,2.884943962097168,1.134979486465454,0.062511533498764
2292943064.0,-0.7282241582870483,0.6391271352767944,10.07668113708496,2.998210430145264,0.6781753301620483,0.0967321619391441
2292951397.0,-0.5900084376335144,0.5017114281654358,10.076915740966797,2.6744463443756104,0.097090758383274,-0.0103225363418459
2292959730.0,-0.590641975402832,0.3160539269447326,9.865894317626951,2.384877443313598,-0.104480467736721,0.0667122825980186
2292968063.0,-0.6233358979225159,0.4614311158657074,9.531067848205566,2.415512084960937,0.2870971262454986,0.06399717181921
2292976396.0,-0.6420472264289856,0.5877779722213745,9.662132263183594,2.9269258975982666,0.8519166111946106,0.0492945946753025
2292984729.0,-0.6431952118873596,0.5204994678497314,9.9735689163208,2.980254888534546,1.2777278423309326,0.0427373498678207
2292993062.0,-0.6441500782966614,0.4478402137756347,9.924874305725098,2.5956568717956543,1.25767183303833,-0.0590664222836494
2293001395.0,-0.7351697683334351,0.4944174587726593,9.79458713531494,2.621988296508789,1.2547261714935305,0.0733207464218139
2293009728.0,-0.7980964183807373,0.5461545586585999,9.93455696105957,2.6910440921783447,0.9617503881454468,0.1095392704010009
2293018061.0,-0.7018858790397644,0.5008172988891602,10.07936191558838,2.7633535861968994,0.4458029866218567,0.2232921123504638
2293026394.0,-0.5859003663063049,0.3743214905261993,9.96775245666504,2.572988510131836,0.0916093215346336,0.1045188903808593
2293034727.0,-0.6257704496383667,0.4537416696548462,9.72417449951172,2.583387851715088,-0.1367544084787368,0.0159960910677909
2293043060.0,-0.6511955857276917,0.6420861482620239,9.646798133850098,2.7615859508514404,0.3286178410053253,0.0750625133514404
2293051393.0,-0.6369231939315796,0.525780975818634,9.808564186096191,2.839069128036499,1.0125948190689087,0.0680954456329345
2293059726.0,-0.6934957504272461,0.3024272620677948,9.893667221069336,2.423836708068848,1.2202237844467163,0.0262161716818809
2293068059.0,-0.7301095128059387,0.3509248197078705,9.81764030456543,2.609847068786621,1.3196325302124023,0.1306710243225097
2293076392.0,-0.8043230175971985,0.5774756669998169,9.87249755859375,3.0301766395568848,1.124503254890442,0.1014195531606674
2293084725.0,-0.7769493460655212,0.6482314467430115,10.140480995178224,3.1328134536743164,0.7587320804595947,0.2060281038284301
2293093058.0,-0.6625082492828369,0.4849699437618255,10.14406394958496,2.619196653366089,0.015022749081254,0.1500353962182998
2293101391.0,-0.606580376625061,0.3823300302028656,9.772174835205078,2.276196002960205,-0.2811674475669861,0.1057995930314064
2293109724.0,-0.6998056769371033,0.4552433490753174,9.550457000732422,2.5909693241119385,0.1050055623054504,0.131798043847084
2293118057.0,-0.6651048064231873,0.5876799821853638,9.745811462402344,3.017498016357422,0.8651080131530762,0.1639439165592193
2293126390.0,-0.6313940286636353,0.5105049014091492,9.875557899475098,2.979844570159912,1.094995617866516,0.1556705087423324
2293134723.0,-0.7190675735473633,0.4211844205856323,9.91610336303711,2.6120247840881348,1.2454538345336914,0.1377405524253845
2293143056.0,-0.7775688171386719,0.5259771347045898,9.85132884979248,2.4033453464508057,1.2372061014175415,0.1497536301612854
2293151389.0,-0.7796110510826111,0.5960785746574402,9.928252220153809,2.715608596801758,0.8071686029434204,0.0082349767908453
2293159722.0,-0.7126880288124084,0.43379607796669,10.104806900024414,2.809971332550049,0.4203168153762817,0.0345407985150814
2293168055.0,-0.5949538946151733,0.3473015427589416,9.970094680786133,2.553674697875977,-0.0779441073536872,-0.0245640482753515
2293176388.0,-0.5981658101081848,0.4978058636188507,9.63357639312744,2.624933958053589,-0.1700016856193542,0.0337467566132545
2293184721.0,-0.6549869179725647,0.6191663146018982,9.729388236999512,2.804720401763916,0.4326116442680359,0.159461423754692
2293193054.0,-0.6323433518409729,0.4926223456859588,9.90719509124756,2.756437301635742,0.8859835267066956,0.1217060387134552
2293201387.0,-0.6372825503349304,0.3303514122962951,9.831997871398926,2.448016405105591,1.081215262413025,0.0157399456948041
2293209720.0,-0.7645982503890991,0.361484944820404,9.807217597961426,2.5653295516967773,1.3059033155441284,0.0747295245528221
2293218053.0,-0.7641141414642334,0.5893556475639343,9.951953887939451,2.976489782333374,1.206571340560913,0.097936026751995
2293226386.0,-0.697449803352356,0.6060560345649719,10.102544784545898,3.1537652015686035,0.6915459036827087,0.0214263051748275
2293234719.0,-0.6415168046951294,0.3927899301052093,10.150785446166992,2.6692209243774414,0.0872805044054985,0.046374574303627
2293243052.0,-0.6040492057800293,0.3751491010189056,9.784405708312988,2.304858446121216,-0.2414141595363617,-0.0054558319970965
2293251385.0,-0.6536966562271118,0.510745108127594,9.572797775268556,2.6264452934265137,0.2939105331897735,0.0711435377597808
2293259718.0,-0.6816565990447998,0.5633251667022705,9.793068885803224,3.118135929107666,0.8124963045120239,0.1505220383405685
2293268051.0,-0.681342601776123,0.4406258761882782,9.967967987060549,2.8579466342926025,1.231263518333435,0.070451945066452
2293276384.0,-0.6796357035636902,0.4331684112548828,9.83520793914795,2.5000643730163574,1.2618467807769775,0.1139449253678321
2293284717.0,-0.8205642700195312,0.4993710815906524,9.866994857788086,2.5468106269836426,1.1756037473678589,0.1596919596195221
2293293050.0,-0.790044903755188,0.5762637853622437,9.989123344421388,2.859637498855591,0.9207677841186525,0.1051848605275154
2293301383.0,-0.6615056991577148,0.4036635756492615,10.060585975646973,2.73999285697937,0.2356893718242645,0.1374075710773468
2293309716.0,-0.6320186853408813,0.3294960558414459,9.92123317718506,2.60211181640625,-0.1397256702184677,0.0804415047168731
2293318049.0,-0.6271112561225891,0.5304651260375977,9.660287857055664,2.5715794563293457,-0.0182373356074094,0.1022136062383651
2293326382.0,-0.6526771783828735,0.6098170876502991,9.679003715515137,2.916936159133911,0.4661406874656677,0.1158915981650352
2293334715.0,-0.6475603580474854,0.472319483757019,9.901307106018066,2.6925296783447266,0.9760432243347168,0.1388163417577743
2293343048.0,-0.6827998757362366,0.3059902489185333,9.844457626342772,2.463820695877075,1.253214955329895,-0.0085039269179105
2293351381.0,-0.761850118637085,0.4436068832874298,9.756961822509766,2.619836807250977,1.1860543489456177,0.2088200598955154
2293359714.0,-0.8032430410385132,0.6102519035339355,9.925036430358888,3.0482091903686523,1.0522454977035522,0.1296720504760742
2293368047.0,-0.6653534770011902,0.5702869892120361,10.18799114227295,3.094289302825928,0.5558673143386841,0.0324148163199424
2293376380.0,-0.5809482336044312,0.4089621007442474,10.02468204498291,2.4341847896575928,-0.0860638245940208,0.1230635866522789
2293384713.0,-0.6414774060249329,0.4115249514579773,9.67766571044922,2.356240510940552,-0.2454355955123901,0.0760614648461341
2293393046.0,-0.6415935754776001,0.5799292325973511,9.609087944030762,2.7408125400543213,0.407791405916214,0.1132021024823188
2293401379.0,-0.6244849562644958,0.6122882962226868,9.815643310546877,3.054433584213257,0.8910807967185974,0.1413265466690063
2293409712.0,-0.653517484664917,0.462297260761261,9.952086448669434,2.7534661293029785,1.1559832096099854,0.0186087414622306
2293418045.0,-0.6891445517539978,0.4503131210803985,9.837989807128906,2.5468618869781494,1.208927869796753,0.0514205768704414
2293426378.0,-0.8056377172470093,0.6082609295845032,9.815511703491213,2.7233948707580566,1.1718127727508545,0.0164827592670917
2293434711.0,-0.7851680517196655,0.5567965507507324,10.069984436035156,2.938734292984009,0.8976380825042725,0.0830285400152206
2293443044.0,-0.6425248980522156,0.4538913667201996,10.132367134094238,2.711202621459961,0.2745717763900757,0.1400970518589019
2293451377.0,-0.585335373878479,0.4325340390205383,9.834643363952637,2.6258819103240967,-0.2243807017803192,0.0719888135790824
2293459710.0,-0.6490477919578552,0.5537526607513428,9.674540519714355,2.6749329566955566,0.0841299518942833,0.1502659171819687
2293468043.0,-0.643811047077179,0.6204898953437805,9.770784378051758,2.751852512359619,0.634528636932373,0.1553375422954559
2293476376.0,-0.6406877636909485,0.4268085360527038,9.841805458068848,2.639918088912964,1.107597827911377,0.0406113676726818
2293484709.0,-0.718019962310791,0.3138182461261749,9.838359832763672,2.4541385173797607,1.4212698936462402,0.0522914603352546
2293493042.0,-0.7924124002456665,0.4848170280456543,9.818796157836914,2.641916513442993,1.4614074230194092,0.0713484659790992
2293501375.0,-0.8131327629089355,0.6410604119300842,9.959517478942873,3.144390821456909,1.1430480480194092,0.1150975748896598
2293509708.0,-0.763005256652832,0.5597213506698608,10.18819808959961,2.9358139038085938,0.5511030554771423,0.0664817467331886
2293518041.0,-0.6291196346282959,0.3970489203929901,10.033612251281738,2.4178943634033203,-0.1305045336484909,0.1156354770064354
2293526374.0,-0.6779563426971436,0.4130386710166931,9.610672950744627,2.354729413986206,-0.1031228974461555,0.0959381088614463
2293534707.0,-0.6986080408096313,0.5430461764335632,9.65160083770752,2.7503669261932373,0.3915263712406158,0.1049543246626854
2293543040.0,-0.6474822759628296,0.5587067008018494,9.893351554870604,2.981663465499878,0.8962548971176147,0.2101007550954818
2293551373.0,-0.661130428314209,0.4458588361740112,9.91447639465332,2.800084352493286,1.0746068954467771,0.0960661992430687
2293559706.0,-0.7724471688270569,0.4281476736068725,9.80453872680664,2.498476505279541,1.1825964450836182,0.077419027686119
2293568039.0,-0.7951653599739075,0.5613078474998474,9.842812538146973,2.6529555320739746,1.262026071548462,0.1227049902081489
2293576372.0,-0.7214881777763367,0.5244147777557373,10.031944274902344,2.890733003616333,0.7872150540351868,0.1743432730436325
2293584705.0,-0.680916428565979,0.3347560167312622,10.124763488769531,2.7540555000305176,0.2301310896873474,0.0952465385198593
2293593038.0,-0.5944170951843262,0.3996821939945221,9.832128524780272,2.491816997528076,-0.2287863343954086,0.0588487051427364
2293601371.0,-0.6412563323974609,0.5588389039039612,9.633687019348145,2.7858686447143555,0.0699396729469299,0.1024441346526146
2293609704.0,-0.6817198991775513,0.5570526719093323,9.823003768920898,2.8675007820129395,0.7220525741577148,0.0525732189416885
2293618037.0,-0.628634512424469,0.3894958198070526,9.895277976989746,2.566251754760742,0.9540406465530396,0.0558774583041667
2293626370.0,-0.6617552042007446,0.2997263967990875,9.767218589782717,2.5326972007751465,1.135210037231445,0.0308523476123809
2293634703.0,-0.7879408597946167,0.4759418368339538,9.85287857055664,2.8405802249908447,1.258414626121521,0.1783135086297989
2293643036.0,-0.7652549147605896,0.6252764463424683,10.03908920288086,3.145901679992676,0.9959198236465454,0.0150995906442403
2293651369.0,-0.6316453218460083,0.5154122114181519,10.1104097366333,2.920419692993164,0.333561360836029,0.1145340576767921
2293659702.0,-0.6295219659805298,0.3356478810310364,9.957459449768066,2.3872594833374023,-0.0286111030727624,0.029699707403779
2293668035.0,-0.6378194689750671,0.4468538761138916,9.639082908630373,2.5026004314422607,0.2136355191469192,0.1429402232170105
2293676368.0,-0.6562987565994263,0.568882942199707,9.643742561340332,2.906332015991211,0.652509868144989,0.0888173580169677
2293684701.0,-0.6659841537475586,0.4947203993797302,9.918742179870604,3.075539350509644,0.9224582314491272,0.0151764340698719
2293693034.0,-0.6462695598602295,0.4054638743400574,9.937163352966309,2.662740468978882,1.122018575668335,0.0306218136101961
2293701367.0,-0.7259827852249146,0.4987824559211731,9.770773887634276,2.550089120864868,1.2714519500732422,0.1790050715208053
2293709700.0,-0.8047201633453369,0.5622534155845642,9.877297401428224,2.8212671279907227,1.1969660520553589,0.1791587620973587
2293718033.0,-0.714446485042572,0.5248229503631592,10.081167221069336,2.828669786453247,0.7408533096313477,0.1417363733053207
2293726366.0,-0.6054908633232117,0.4128374755382538,10.020766258239746,2.7894287109375,0.130952775478363,0.085103303194046
2293734699.0,-0.6518551707267761,0.4583865106105804,9.779112815856934,2.545222520828247,-0.1461292207241058,0.0205810386687517
2293743032.0,-0.6962993741035461,0.6196587681770325,9.664289474487305,2.682386636734009,0.4835071265697479,0.0430191084742546
2293751365.0,-0.6650245785713196,0.5724208950996399,9.74985694885254,2.9454195499420166,0.9639277458190918,0.0861022546887397
2293759698.0,-0.7088821530342102,0.3528001606464386,9.952771186828612,2.595886945724488,1.1463265419006348,0.0699908956885337
2293768031.0,-0.6999478340148926,0.3604536950588226,9.813063621520996,2.476115226745605,1.201345920562744,0.0775727108120918
2293776364.0,-0.8081015944480896,0.5524710416793823,9.811075210571287,2.8893752098083496,1.2311097383499146,0.1262397468090057
2293784697.0,-0.7961015105247498,0.6221441030502319,10.081265449523926,3.151178359985352,0.8628538846969604,0.1025978177785873
2293793030.0,-0.6305046081542969,0.516219973564148,10.111777305603027,2.744065999984741,0.2151980102062225,0.0112062273547053
2293801363.0,-0.6008738875389099,0.398114949464798,9.805363655090332,2.423145055770874,-0.1358578950166702,0.0356934368610382
2293809696.0,-0.7238889336585999,0.4745308458805084,9.59395694732666,2.5194287300109863,0.237431138753891,0.0908921062946319
2293818029.0,-0.6693122386932373,0.6133230924606323,9.703354835510254,2.958815336227417,0.6191600561141968,0.160921424627304
2293826362.0,-0.656751811504364,0.5349889993667603,9.916093826293944,2.985659599304199,1.001503825187683,-0.0246152803301811
2293834695.0,-0.7266035079956055,0.4038096666336059,9.928603172302246,2.669015884399414,1.197222113609314,0.0987300723791122
2293843028.0,-0.783061683177948,0.4906175434589386,9.768693923950195,2.493788957595825,1.1814438104629517,0.0580546595156192
2293851361.0,-0.8158872723579407,0.5782833695411682,9.872262954711914,2.7179393768310547,1.0525273084640503,0.1408654898405075
2293859694.0,-0.7520740032196045,0.4843021929264068,10.095876693725586,2.770909547805786,0.557481050491333,0.0002945637097582
2293868027.0,-0.6194744110107422,0.3808815777301788,10.032696723937988,2.6757524013519287,0.044760875403881,0.0812611579895019
2293876360.0,-0.6002256274223328,0.4634208977222442,9.725208282470703,2.521785259246826,-0.1526352316141128,0.1004206091165542
2293884693.0,-0.6671708226203918,0.5992300510406494,9.699989318847656,2.7653257846832275,0.207590565085411,0.1057483628392219
2293893026.0,-0.6182014346122742,0.5604711771011353,9.83316707611084,2.6799020767211914,0.7696180939674377,0.0857692584395408
2293901359.0,-0.6290989518165588,0.3435241281986236,9.83621597290039,2.5644330978393555,1.0925624370574951,0.09834586083889
2293909692.0,-0.7433713674545288,0.3164957463741302,9.81530475616455,2.4925341606140137,1.280545353889465,0.0071591790765523
2293918025.0,-0.787459671497345,0.5751124620437622,9.847262382507324,2.919343948364258,1.2982189655303955,0.1309783905744552
2293926358.0,-0.7423319220542908,0.6309790015220642,10.086962699890137,3.1342990398406982,0.7274315357208252,-0.0233857985585927
2293934691.0,-0.6826608180999756,0.4389670789241791,10.168745040893556,2.673114538192749,0.1410447806119918,0.1033150255680084
2293943024.0,-0.5814458131790161,0.3614807724952698,9.807883262634276,2.157551050186157,-0.1695918440818786,-0.0237700100988149
2293951357.0,-0.6720609068870544,0.4556646943092346,9.520734786987305,2.554161787033081,0.121296226978302,-0.0150611707940697
2293959690.0,-0.6896332502365112,0.5700443983078003,9.795681953430176,2.901772737503052,0.650409460067749,0.0855387449264526
2293968023.0,-0.6238215565681458,0.5051683783531189,9.981499671936035,2.7780044078826904,1.1147955656051636,0.0315439291298389
2293976356.0,-0.6563366651535034,0.4015311598777771,9.877035140991213,2.5983974933624268,1.0212268829345703,0.0789302662014961
2293984689.0,-0.773661732673645,0.4915268719196319,9.825955390930176,2.539203643798828,1.14320170879364,0.1172747761011123
2293993022.0,-0.7629683017730713,0.5791924595832825,9.915425300598145,2.63097882270813,1.0005561113357544,0.2138404250144958
2294001355.0,-0.7033427953720093,0.4587610363960266,10.051939010620115,2.7428107261657715,0.5577628016471863,0.1204509511590004
2294009688.0,-0.6414346098899841,0.3385823369026184,9.989730834960938,2.6155080795288086,0.1385602056980133,0.0297765508294105
2294018021.0,-0.6528682112693787,0.4713854491710663,9.703763961791992,2.5545976161956787,0.0285214502364397,0.1156354770064354
2294026354.0,-0.6757959723472595,0.6284966468811035,9.657069206237791,2.801979780197144,0.4513100385665893,0.1316187679767608
2294034687.0,-0.682079017162323,0.5335761308670044,9.90345287322998,2.7967801094055176,0.9612126350402832,0.1138937026262283
2294043020.0,-0.6652988791465759,0.3257148265838623,9.880120277404783,2.451192617416382,1.2186613082885742,0.0741404071450233
2294051353.0,-0.7266961336135864,0.3617073595523834,9.77196216583252,2.488717555999756,1.2533942461013794,-0.0217208731919527
2294059686.0,-0.8092681169509888,0.5560302138328552,9.8966064453125,2.9266695976257324,1.077014684677124,0.0332600884139537
2294068019.0,-0.717852771282196,0.6189817786216736,10.096946716308594,3.124257802963257,0.6462855935096741,0.0515486523509025
2294076352.0,-0.6305668950080872,0.4486508965492248,10.042350769042969,2.735434055328369,0.0423531420528888,0.0378962606191635
2294084685.0,-0.645646870136261,0.350847989320755,9.785966873168944,2.4415102005004883,-0.1303252279758453,0.1328226029872894
2294093018.0,-0.6688404083251953,0.523898184299469,9.56840991973877,2.647474527359009,0.2952424883842468,-0.0295076016336679
2294101351.0,-0.681167483329773,0.5773020386695862,9.7562894821167,3.1139354705810547,0.9206141233444214,0.0470917783677578
2294109684.0,-0.6905616521835327,0.4789195656776428,10.018909454345703,2.926156997680664,1.0358266830444336,0.1097954139113426
2294118017.0,-0.6761554479598999,0.4249788522720337,9.875720024108888,2.5774965286254883,1.118663311004639,0.1301331222057342
2294126350.0,-0.787675678730011,0.5142476558685303,9.78596305847168,2.7185025215148926,0.9946647882461548,0.1834875643253326
2294134683.0,-0.7997081875801086,0.5804371237754822,9.968067169189451,2.7099733352661133,0.8365993499755859,0.1116140261292457
2294143016.0,-0.7002575397491455,0.4833675622940063,10.067336082458496,2.84393572807312,0.4309211075305938,-0.0484877452254295
2294151349.0,-0.6088176965713501,0.3681183755397796,9.923951148986816,2.5943763256073,-0.1136247441172599,-0.020798759534955
2294159682.0,-0.6452311277389526,0.4545168578624725,9.657970428466797,2.6171724796295166,-0.0328374505043029,0.0263442397117614
2294168015.0,-0.6442675590515137,0.6457486748695374,9.672430038452148,2.876311779022217,0.3758248388767242,0.0471173822879791
2294176348.0,-0.6284149885177612,0.5069974660873413,9.882224082946776,2.815683126449585,0.9469966888427734,0.0349506251513958
2294184681.0,-0.6963627338409424,0.3148517310619354,9.912446975708008,2.528855323791504,1.124324083328247,0.166761502623558
2294193014.0,-0.7294837236404419,0.3946789503097534,9.740924835205078,2.5857186317443848,1.1940972805023191,0.0017801893409341
2294201347.0,-0.8331043720245361,0.6052625179290771,9.878728866577148,3.084940195083618,1.196812391281128,0.222369983792305
2294209680.0,-0.7785016298294067,0.6362179517745972,10.13592529296875,3.143750667572021,0.8239203691482544,0.0717326700687408
2294218013.0,-0.6250154972076416,0.4430931508541107,10.101462364196776,2.61404800415039,-0.0114239482209086,0.0074409348890185
2294226346.0,-0.6101124286651611,0.3533176183700561,9.783241271972656,2.291615724563598,-0.2294523119926452,0.0727828443050384
2294234679.0,-0.668078601360321,0.4871238172054291,9.601314544677734,2.558593273162842,0.3102524280548095,0.0592585280537605
2294243012.0,-0.6241026520729065,0.6163398027420044,9.74764347076416,2.943575382232666,0.7259202599525452,0.0971675962209701
2294251345.0,-0.6382408142089844,0.4867158532142639,9.926599502563477,2.879513740539551,1.1130281686782837,0.1182224750518798
2294259678.0,-0.7169904112815857,0.3866057395935058,9.913716316223145,2.552804470062256,1.294300198554993,0.0662256106734275
2294268011.0,-0.7849172353744507,0.5256603956222534,9.783770561218262,2.5441982746124268,1.3223989009857178,0.1999575346708297
2294276344.0,-0.826382577419281,0.5593213438987732,9.987516403198242,2.8738529682159424,1.2210177183151243,0.0400222428143024
2294284677.0,-0.7448280453681946,0.4700183570384979,10.150529861450195,2.822035789489746,0.4733894765377044,0.075728490948677
2294293010.0,-0.624517560005188,0.3211950659751892,9.994220733642578,2.5309555530548096,-0.0980769023299217,-0.0520481280982494
2294301343.0,-0.5996098518371582,0.45346799492836,9.631515502929688,2.5613598823547363,-0.1505604833364486,0.050831452012062
2294309676.0,-0.659905195236206,0.6200963854789734,9.659697532653809,2.854898452758789,0.1776731461286544,0.0593353807926178
2294318009.0,-0.5997573137283325,0.5105173587799072,9.8342866897583,2.8874032497406006,0.8129062056541443,0.0017801893409341
2294326342.0,-0.652264416217804,0.3145154118537903,9.866817474365234,2.5774965286254883,1.196300029754639,0.076496921479702
2294334675.0,-0.7401231527328491,0.3907093703746795,9.79062271118164,2.5748581886291504,1.1865923404693604,0.0646887570619583
2294343008.0,-0.7600903511047363,0.6297227740287781,9.84221076965332,3.0643463134765625,1.3099504709243774,-0.0096053387969732
2294351341.0,-0.6837127208709717,0.6528983116149902,10.14857292175293,3.131967782974243,0.7712061405181885,0.0080044474452734
2294359674.0,-0.624484121799469,0.4551176130771637,10.16250228881836,2.593940734863281,-0.0370637960731983,0.0179683845490217
2294368007.0,-0.5702866315841675,0.4002502262592315,9.734285354614258,2.160983324050904,-0.3979683518409729,0.0922496691346168
2294376340.0,-0.6644270420074463,0.5367646813392639,9.51048755645752,2.452242851257324,0.1950396001338958,-0.0736153125762939
2294384673.0,-0.6851676106452942,0.6144611239433289,9.789971351623535,2.9443695545196533,0.938774585723877,-0.0405217222869396
2294393006.0,-0.6487475633621216,0.5057370662689209,9.990578651428224,2.736356019973755,1.3762915134429932,0.1280327588319778
2294401339.0,-0.7324032187461853,0.3747192323207855,9.879761695861816,2.505033731460572,1.5068470239639282,0.154159277677536
2294409672.0,-0.8146612048149109,0.4167446196079254,9.86985969543457,2.43364691734314,1.3383309841156006,0.1535957604646682
2294418005.0,-0.7882621884346008,0.5597661137580872,9.892797470092772,2.78169322013855,0.9936914443969728,0.0569020211696624
2294426338.0,-0.7118526697158813,0.3903087079524994,10.180846214294434,2.921342134475708,0.3565629720687866,0.1333605200052261
2294434671.0,-0.6492220163345337,0.3063317239284515,9.95952033996582,2.538639545440674,-0.2009948939085006,0.0459903553128242
2294443004.0,-0.637748122215271,0.4544625282287597,9.640653610229492,2.5676345825195312,-0.0622938126325607,0.1827703565359115
2294451337.0,-0.7027761936187744,0.5877736210823059,9.69658660888672,2.868422746658325,0.5832746028900146,0.1454248130321502
2294459670.0,-0.6885985136032104,0.5242184400558472,9.874981880187988,2.9575095176696777,1.1144371032714844,0.0090802460908889
2294468003.0,-0.6520830392837524,0.3455487489700317,9.912681579589844,2.562614679336548,1.3575416803359983,0.1322078704833984
2294476336.0,-0.7805799245834351,0.3693393170833587,9.80419635772705,2.551933526992798,1.290355563163757,0.0034707291051745
2294484669.0,-0.8019711375236511,0.598786473274231,9.908080101013184,2.853489875793457,0.9434106945991516,0.0462977290153503
2294493002.0,-0.714881956577301,0.6792329549789429,10.051115036010742,3.169261932373047,0.6106817722320557,0.0961430221796035
2294501335.0,-0.6675844192504883,0.4468172192573547,10.108858108520508,2.7205777168273926,0.0349506214261055,0.1123312413692474
2294509668.0,-0.6081280708312988,0.3623777329921722,9.774930953979492,2.1650047302246094,-0.183346688747406,0.0393306538462638
2294518001.0,-0.6673180460929871,0.5041593313217163,9.487911224365234,2.5258326530456543,0.2626611888408661,0.2026726305484771
2294526334.0,-0.6960774660110474,0.5865393877029419,9.759169578552246,2.998722553253174,0.862341582775116,0.1507013440132141
2294534667.0,-0.6713336110115051,0.4985080361366272,9.993744850158691,2.9153738021850586,1.2175086736679075,0.0310316476970911
2294543000.0,-0.6612560749053955,0.4071854650974273,9.888530731201172,2.539510726928711,1.2285995483398438,-0.063881903886795
2294551333.0,-0.8060852289199829,0.4770049452781677,9.792558670043944,2.527651071548462,1.1078797578811646,0.0561848282814025
2294559666.0,-0.7915990948677063,0.5797848701477051,9.972578048706056,2.670527696609497,0.8019689917564392,0.144297793507576
2294567999.0,-0.6794631481170654,0.5019714832305908,10.063892364501951,2.81660532951355,0.3770031034946441,-0.0365258939564228
2294576332.0,-0.600344181060791,0.3376959264278412,9.981606483459473,2.5911998748779297,-0.0956947803497314,0.0030865152366459
2294584665.0,-0.591394305229187,0.4516079723834991,9.687966346740724,2.4957871437072754,-0.0187496207654476,-0.0692096650600433
2294592998.0,-0.6280794143676758,0.6280154585838318,9.59465217590332,2.780924797058105,0.5483367443084717,0.0346944816410541
2294601331.0,-0.6271690726280212,0.5195901989936829,9.854873657226562,2.909994840621948,1.043126940727234,0.0281372386962175
2294609664.0,-0.6399852633476257,0.3356422483921051,9.927762031555176,2.537410259246826,1.3248066902160645,0.0438387654721736
2294617997.0,-0.6914238333702087,0.3511206805706024,9.763734817504885,2.5626914501190186,1.229111909866333,-0.0356806330382823
2294626330.0,-0.7770087122917175,0.5476736426353455,9.849166870117188,3.0990281105041504,1.062824249267578,0.063331201672554
2294634663.0,-0.7311061024665833,0.6586458086967468,10.09642505645752,3.221899509429932,0.7589113712310791,0.1482423841953277
2294642996.0,-0.5992416739463806,0.5148538947105408,10.07650375366211,2.7407615184783936,0.2626868188381195,0.0702726542949676
2294651329.0,-0.6262662410736084,0.3508478105068207,9.813742637634276,2.3303446769714355,-0.1748427748680114,0.035642210394144
2294659662.0,-0.6526842713356018,0.4855528175830841,9.558043479919434,2.474552869796753,0.3384793102741241,0.0975262001156807
2294667995.0,-0.7063203454017639,0.6244451999664307,9.71434497833252,3.001744508743286,0.6985642313957214,0.1258811354637146
2294676328.0,-0.7059928774833679,0.5360355973243713,9.99683666229248,3.0132970809936523,1.2446341514587402,0.1475764214992523
2294684661.0,-0.6968043446540833,0.46248859167099,9.991971015930176,2.6227822303771973,1.1340317726135254,0.0246024709194898
2294692994.0,-0.7491934299468994,0.5186997652053833,9.843688011169434,2.454010486602783,1.1864386796951294,0.0816197618842125
2294701327.0,-0.8300081491470337,0.6042000651359558,9.90322971343994,2.72019362449646,0.8371884822845459,0.139354258775711
2294709660.0,-0.7132078409194946,0.5446496605873108,10.123062133789062,2.7901201248168945,0.366373211145401,0.0340797379612922
2294717993.0,-0.602888286113739,0.3989731073379516,10.0198335647583,2.595913410186768,-0.0500502176582813,0.061896800994873
2294726326.0,-0.6312525272369385,0.461551696062088,9.76305103302002,2.4883334636688232,0.1200411096215248,-0.0367820411920547
2294734659.0,-0.6986359357833862,0.6404796838760376,9.683926582336426,2.689149141311645,0.5248228907585144,0.0602831020951271
2294742992.0,-0.7072653770446777,0.6126521825790405,9.81656265258789,2.779311180114746,1.1762953996658323,0.0435313954949379
2294751325.0,-0.709735095500946,0.3734073340892792,10.011396408081056,2.5143063068389893,1.2180209159851074,0.0850776880979538
2294759658.0,-0.7661718130111694,0.337377667427063,9.837861061096191,2.4588255882263184,1.1399742364883425,0.053725853562355
2294767991.0,-0.7795461416244507,0.5455395579338074,9.840144157409668,2.8435003757476807,0.8824743628501892,0.0226045623421669
2294776324.0,-0.7750772833824158,0.6532734036445618,10.09316062927246,3.0955188274383545,0.7081440091133118,0.1091038286685943
2294784657.0,-0.6251847743988037,0.5063335299491882,10.109330177307127,2.773829698562622,0.0623066276311874,0.0048026693984866
2294792990.0,-0.5753703713417053,0.3194540143013,9.871405601501465,2.2373647689819336,-0.2372390478849411,0.0271126665174961
2294801323.0,-0.6534092426300049,0.3909365236759186,9.542661666870115,2.396070957183838,0.2107667475938797,0.0808769613504409
2294809656.0,-0.6489834785461426,0.5496958494186401,9.647101402282717,2.8729054927825928,0.8978172540664673,0.0885356068611145
2294817989.0,-0.6377062797546387,0.5143002867698669,9.897086143493652,2.990577220916748,1.25708270072937,0.0391257442533969
2294826322.0,-0.7038465142250061,0.3400117754936218,10.009416580200195,2.6487295627593994,1.2625385522842407,0.0453243851661682
2294834655.0,-0.7494694590568542,0.4012529253959656,9.798225402832031,2.4144363403320312,1.1126184463500977,0.0380243323743343
2294842988.0,-0.777353048324585,0.5343162417411804,9.790691375732422,2.7275187969207764,0.8199500441551208,0.050447229295969
2294851321.0,-0.7133573889732361,0.4829669892787933,10.090720176696776,2.9231607913970947,0.3908091783523559,0.0524707585573196
2294859654.0,-0.5962089896202087,0.3439966440200805,10.017497062683104,2.5652530193328857,-0.0507674142718315,-0.052329882979393
2294867987.0,-0.5434249639511108,0.4054279625415802,9.64972686767578,2.5930700302124023,-0.1419028639793396,0.0236547477543354
2294876320.0,-0.6510809659957886,0.5189365148544312,9.64273452758789,2.7306952476501465,0.5117340087890625,0.1238576397299766
2294884653.0,-0.6414564251899719,0.573559582233429,9.79936408996582,2.784152269363404,0.9430265426635742,0.1122800037264823
2294892986.0,-0.6336691379547119,0.3859115540981293,9.922797203063965,2.6983699798583984,1.3019587993621826,0.1456809788942337
2294901319.0,-0.7250909805297852,0.2774855494499206,9.883246421813965,2.58164644241333,1.4054147005081177,0.0440436787903308
2294909652.0,-0.7663419842720032,0.5308990478515625,9.834592819213867,2.7416326999664307,1.1264244318008425,0.0519072487950325
2294917985.0,-0.7615561485290527,0.6411382555961609,10.008980751037598,3.0870401859283447,0.7714623808860779,0.049576349556446
2294926318.0,-0.6822546720504761,0.5240986943244934,10.162991523742676,2.873136043548584,0.2331279665231704,0.0097718313336372
2294934651.0,-0.6027136445045471,0.3732000291347503,9.893519401550291,2.369431972503662,-0.1586545705795288,-0.0160345118492841
2294942984.0,-0.6272034049034119,0.3608205318450928,9.563994407653809,2.4929442405700684,0.1392261832952499,0.0980128720402717
2294951317.0,-0.7114363312721252,0.5687203407287598,9.64012050628662,2.95487117767334,0.7788136005401611,0.0149971349164843
2294959650.0,-0.6852201819419861,0.5638002753257751,10.005966186523438,3.125000476837158,1.2293168306350708,0.0163034591823816
2294967983.0,-0.6877207159996033,0.4274650514125824,10.047658920288086,2.754542112350464,1.2414579391479492,0.0183525998145341
2294976316.0,-0.7951281070709229,0.4059678018093109,9.872894287109377,2.55938720703125,1.2429949045181274,0.0844885557889938
2294984649.0,-0.7982449531555176,0.5662713050842285,9.85956859588623,2.6149702072143555,1.0092135667800903,0.0615894310176372
2294992982.0,-0.7625343203544617,0.5444605350494385,10.063233375549316,2.958610773086548,0.5085065960884094,0.1610238850116729
2295001315.0,-0.6973741054534912,0.4021855592727661,10.087935447692873,2.7234976291656494,0.0548785030841827,0.0647912099957466
2295009648.0,-0.6079330444335938,0.4296624958515167,9.811700820922852,2.425706386566162,-0.0723858326673507,0.0680954456329345
2295017981.0,-0.6920905113220215,0.6048215627670288,9.605294227600098,2.774982213973999,0.3855839073657989,0.128801167011261
2295026314.0,-0.741360604763031,0.6305156350135803,9.825446128845217,2.917423248291016,0.9716631770133972,0.1232941374182701
2295034647.0,-0.6828888654708862,0.4491546154022217,9.983803749084473,2.617044687271118,1.078115940093994,0.0010117621859535
2295042980.0,-0.7166731357574463,0.3657814562320709,9.848925590515137,2.4821090698242188,1.2263967990875244,0.0395611897110939
2295051313.0,-0.8082915544509888,0.4728375673294067,9.865942001342772,2.6888930797576904,1.069535255432129,0.0901749208569526
2295059646.0,-0.7751177549362183,0.7148001790046692,10.00357723236084,3.1526641845703125,0.64997398853302,0.1073108464479446
2295067979.0,-0.6651096343994141,0.6163700819015503,10.084416389465332,2.9553322792053223,0.2569492161273956,0.1612288057804107
2295076312.0,-0.6700471639633179,0.4070406556129455,9.977169036865234,2.3999388217926025,-0.0438771843910217,0.002932830248028
2295084645.0,-0.6412853598594666,0.423867404460907,9.548911094665527,2.2577028274536133,0.1936564296483993,0.0032658150885254
2295092978.0,-0.7084708213806152,0.6142558455467224,9.526162147521973,2.8297712802886963,0.7362172603607178,0.1571817547082901
2295101311.0,-0.7031161785125732,0.6323694586753845,9.940895080566406,3.128356456756592,1.1211223602294922,0.1058508306741714
2295109644.0,-0.6720259189605713,0.4759764671325683,10.034314155578612,2.6977553367614746,1.144661784172058,0.1168905645608902
2295117977.0,-0.7200007438659668,0.4626975059509277,9.825942039489746,2.3904869556427,1.1071882247924805,0.0867938324809074
2295126310.0,-0.8028296828269958,0.5752138495445251,9.76622200012207,2.447914123535156,0.8446165323257446,0.0434033162891864
2295134643.0,-0.7313348054885864,0.604095995426178,9.999403953552246,2.865605354309082,0.3970334827899933,0.0557237714529037
2295142976.0,-0.5986592769622803,0.4798661172389984,10.025283813476562,2.7307722568511963,-0.0293026864528656,0.1248821914196014
2295151309.0,-0.5849826335906982,0.4192978739738464,9.839102745056152,2.4645376205444336,-0.178531214594841,0.0766505971550941
2295159642.0,-0.5910751223564148,0.5838262438774109,9.60460376739502,2.5231943130493164,0.1024953573942184,-0.0283805672079324
2295167975.0,-0.6631019115447998,0.6586946845054626,9.67076587677002,2.784254550933838,0.7775585651397705,-0.0228735115379095
2295176308.0,-0.6662769913673401,0.4711499214172363,10.017584800720217,2.6281869411468506,1.159389853477478,0.0253452863544225
2295184641.0,-0.6817773580551147,0.3331410586833954,9.86533260345459,2.282676696777344,1.234209060668945,0.0054942537099123
2295192974.0,-0.7495144009590149,0.4872239530086517,9.805004119873049,2.619836807250977,1.0029637813568115,0.0201199818402528
2295201307.0,-0.785174548625946,0.6619610786437988,10.01776123046875,2.8941650390625,0.8288894891738892,0.1062606498599052
2295209640.0,-0.6527021527290344,0.6295966506004333,10.14993667602539,2.8448574542999268,0.2133793830871582,0.1112041994929313
2295217973.0,-0.5538548827171326,0.4172240793704986,9.983388900756836,2.298096179962158,-0.0658029615879058,0.1034943088889122
2295226306.0,-0.6002918481826782,0.3615708351135254,9.658512115478516,2.0531985759735107,-0.0121667617931962,-0.0273560024797916
2295234639.0,-0.5976667404174805,0.5480304956436157,9.589457511901855,2.5753445625305176,0.5830952525138855,0.0838481932878494
2295242972.0,-0.6147881150245667,0.6108928918838501,9.901705741882324,2.9555885791778564,1.1391547918319702,0.0811330899596214
2295251305.0,-0.6449865698814392,0.4862432181835174,10.094124794006348,2.696449041366577,1.2417908906936646,0.1947066336870193
2295259638.0,-0.6585479378700256,0.4419562220573425,9.925734519958496,2.185854911804199,1.2071861028671265,0.0235779024660587
2295267971.0,-0.7999379634857178,0.5201932787895203,9.809508323669434,2.4192774295806885,1.0401045083999634,0.0645094588398933
2295276304.0,-0.7897241711616516,0.5076172947883606,10.043415069580078,2.619145154953003,0.7538653612136841,0.0802109837532043
2295284637.0,-0.6612683534622192,0.3732342720031738,10.13971710205078,2.5360524654388428,0.3892211019992828,0.0068774218671023
2295292970.0,-0.5903140902519226,0.3862917125225067,9.842395782470703,2.4112348556518555,-0.1234606206417083,0.1319005042314529
2295301303.0,-0.6629776358604431,0.4696283936500549,9.655509948730469,2.5050082206726074,0.22823566198349,0.1431451588869094
2295309636.0,-0.6385857462882996,0.5385150909423828,9.698551177978516,2.6510863304138184,0.8120096921920776,0.1048774868249893
2295317969.0,-0.6590541005134583,0.3620969355106354,9.860067367553713,2.5009610652923584,1.2705299854278564,0.1142779216170311
2295326302.0,-0.7056236267089844,0.170205533504486,9.874493598937988,2.283445119857788,1.441069722175598,0.1299794316291809
2295334635.0,-0.7550767064094543,0.2973973453044891,9.723700523376465,2.522272109985352,1.4431700706481934,0.0204017385840415
2295342968.0,-0.8201384544372559,0.472171425819397,9.845623016357422,3.015371799468994,1.2253978252410889,0.1917353719472885
2295351301.0,-0.7507925033569336,0.4595044255256653,10.135453224182127,3.0315091609954834,0.6865255236625671,0.0546735860407352
2295359634.0,-0.6314654350280762,0.2845660150051117,9.998233795166016,2.4969656467437744,-0.0219770167022943,0.0934279263019561
2295367967.0,-0.6676784753799438,0.2184226959943771,9.597738265991213,2.242692708969116,-0.0122692184522748,0.0681978985667228
2295376300.0,-0.7124951481819153,0.3349277973175049,9.473899841308594,2.758333206176758,0.3736732900142669,0.0426605120301246
2295384633.0,-0.6551569104194641,0.4622628688812256,9.738576889038086,3.194005489349365,0.9458951950073242,0.0404832996428012
2295392966.0,-0.6305356621742249,0.3613173067569732,9.979764938354492,3.075718879699707,1.1883084774017334,0.0553395561873912
2295401299.0,-0.7377502918243408,0.30277019739151,9.832318305969238,2.6210405826568604,1.107136845588684,0.0697347521781921
2295409632.0,-0.7693877220153809,0.3997102975845337,9.698870658874512,2.731642723083496,1.1228383779525757,0.0297765471041202
2295417965.0,-0.8121702671051025,0.4751853346824646,9.877638816833496,3.057814836502075,0.8523777723312378,0.1034943163394928
2295426298.0,-0.7144926190376282,0.397208958864212,10.090336799621582,3.0407042503356934,0.5229017734527588,0.0384597703814506
2295434631.0,-0.6185097694396973,0.315233051776886,9.890690803527832,2.880077600479126,-0.1555296331644058,-0.0363465994596481
2295442964.0,-0.606215238571167,0.4465539157390594,9.62346363067627,2.9159884452819824,-0.055198673158884,0.0335930697619915
2295451297.0,-0.6681115627288818,0.5730529427528381,9.734081268310549,3.0771021842956543,0.6038684248924255,0.0647655948996543
2295459630.0,-0.6562281847000122,0.5304825305938721,9.891212463378906,3.0363752841949463,1.1059330701828003,0.1750604808330536
2295467963.0,-0.6734845042228699,0.3341100215911865,9.930150985717772,2.7679128646850586,1.1364139318466189,0.1753934770822525
2295476296.0,-0.7622228860855103,0.3614946901798248,9.864913940429688,2.7453722953796387,1.1423566341400146,0.1237039566040039
2295484629.0,-0.7524022459983826,0.6095541715621948,9.837388038635254,3.2294301986694336,1.0800114870071411,0.1053129360079765
2295492962.0,-0.7511206269264221,0.6968640089035034,10.068367958068848,3.388110399246216,0.6246159672737122,0.0896114036440849
2295501295.0,-0.631035566329956,0.5211307406425476,10.154951095581056,2.9722886085510254,-0.0480010770261287,0.0052381106652319
2295509628.0,-0.6085808873176575,0.409048318862915,9.801247596740724,2.394918441772461,-0.1473074853420257,0.0648168250918388
2295517961.0,-0.691124677658081,0.4954156279563904,9.487088203430176,2.679723024368286,0.2485733479261398,0.0682235136628151
2295526294.0,-0.6970767378807068,0.6291631460189819,9.721168518066406,3.2300450801849365,1.0557804107666016,0.0526500642299652
2295534627.0,-0.6373395323753357,0.6184797286987305,10.076147079467772,3.3333983421325684,1.227549433708191,0.0576960705220699
2295542960.0,-0.6944994330406189,0.5110461115837097,10.073305130004885,2.86160945892334,1.1255278587341309,0.0332600846886634
2295551293.0,-0.7987752556800842,0.5636209845542908,9.813685417175291,2.578469753265381,1.0401556491851809,0.0523939132690429
2295559626.0,-0.7870308756828308,0.6755577325820923,9.842782974243164,2.8779001235961914,0.8798360824584961,0.1098978742957115
2295567959.0,-0.7334406971931458,0.566453218460083,10.121984481811523,3.0303049087524414,0.5542279481887817,0.1737797856330871
2295576292.0,-0.6019493937492371,0.4703855514526367,10.087265968322754,2.7609455585479736,0.124267466366291,0.0377938002347946
2295584625.0,-0.580772876739502,0.5577529668807983,9.722925186157228,2.611102104187012,-0.260957807302475,0.0424299798905849
2295592958.0,-0.6366377472877502,0.6897193193435669,9.66568374633789,2.8861734867095947,0.4463152289390564,0.0112830698490142
2295601291.0,-0.6521174907684326,0.6757664084434509,9.854247093200684,2.7765958309173584,0.8173374533653259,0.0205298084765672
2295609624.0,-0.6357413530349731,0.4083582460880279,9.96917724609375,2.420532464981079,1.2833116054534912,0.0339772850275039
2295617957.0,-0.7152011394500732,0.3483338952064514,9.81911277770996,2.4197640419006348,1.300908446311951,0.1361268460750579
2295626290.0,-0.809014081954956,0.5771043300628662,9.832788467407228,2.840631484985352,1.226499319076538,0.0645862966775894
2295634623.0,-0.7441607117652893,0.6855303049087524,10.089709281921388,3.1441855430603027,0.792696475982666,0.1310040056705474
2295642956.0,-0.6554452180862427,0.5523061156272888,10.12437629699707,2.664380073547364,0.236432209610939,0.1917866021394729
2295651289.0,-0.6157721877098083,0.3669992983341217,9.96550178527832,2.133012533187866,0.0020875600166618,-0.1083225905895233
2295659622.0,-0.5974492430686951,0.3806048929691314,9.513607025146484,2.2400801181793213,0.1622277498245239,0.0890222713351249
2295667955.0,-0.6874908208847046,0.5375024080276489,9.607181549072266,2.947545289993286,0.7663650512695312,0.0823113471269607
2295676288.0,-0.6596023440361023,0.5395135879516602,10.00856590270996,3.0357866287231445,1.1916894912719729,0.0154069624841213
2295684621.0,-0.6402552127838135,0.4083815515041351,9.959291458129885,2.689481973648072,1.2779839038848877,0.1212962120771408
2295692954.0,-0.7371190190315247,0.381194919347763,9.793825149536133,2.4625909328460693,1.1082894802093506,0.1450406014919281
2295701287.0,-0.7952648997306824,0.4957266747951507,9.82811450958252,2.5568768978118896,1.087490797042847,0.132412776350975
2295709620.0,-0.7677660584449768,0.5097856521606445,9.989166259765623,2.841835021972656,0.6228998303413391,0.2250082343816757
2295717953.0,-0.6902493238449097,0.3770630359649658,10.07974338531494,2.8210368156433105,0.2669387757778168,0.0716302096843719
2295726286.0,-0.6282433271408081,0.3573662638664245,9.878904342651367,2.568787336349488,0.0513949580490589,0.0427629686892032
2295734619.0,-0.5983842611312866,0.532812237739563,9.58949375152588,2.6656863689422607,0.1568231582641601,0.0544430613517761
2295742952.0,-0.7023186087608337,0.59883052110672,9.757169723510742,2.997851610183716,0.8362407088279724,0.0267284531146287
2295751285.0,-0.676785945892334,0.4976689517498016,9.99890422821045,2.623576402664185,1.2033183574676514,-0.0036116067785769
2295759618.0,-0.6803342700004578,0.3006962835788727,9.916299819946287,2.405983686447144,1.1892305612564087,-0.0119106192141771
2295767951.0,-0.783017635345459,0.3753851950168609,9.784344673156738,2.632285594940185,1.1594411134719849,0.043403323739767
2295776284.0,-0.8219070434570312,0.6441580653190613,9.898689270019531,3.042343616485596,1.0207912921905518,0.0136651936918497
2295784617.0,-0.7356607913970947,0.6635403037071228,10.149413108825684,3.083787441253662,0.5944166779518127,0.0459135174751281
2295792950.0,-0.6701892018318176,0.450576514005661,10.078819274902344,2.547834873199463,0.0512925051152706,0.0150227481499314
2295801283.0,-0.6385853290557861,0.3377520740032196,9.699974060058594,2.168308973312378,0.0524963699281215,0.0171999596059322
2295809616.0,-0.6730886697769165,0.5149490237236023,9.473816871643066,2.6307997703552246,0.467523843050003,0.1425047814846038
2295817949.0,-0.7359833717346191,0.589195966720581,9.829788208007812,3.177176713943481,1.0019136667251587,-0.0220282413065433
2295826282.0,-0.6818893551826477,0.5458314418792725,10.09514617919922,2.92687463760376,1.2708886861801147,0.0246537011116743
2295834615.0,-0.6876786947250366,0.4823662340641022,9.919443130493164,2.561461925506592,1.2221704721450806,0.1289292573928833
2295842948.0,-0.7918074131011963,0.5117170214653015,9.796256065368652,2.5315186977386475,0.936315655708313,0.1557217538356781
2295851281.0,-0.7930141091346741,0.5970790386199951,9.901811599731444,2.7177345752716064,0.6748455166816711,-0.0392666235566139
2295859614.0,-0.6613917350769043,0.4961523413658142,10.064675331115724,2.838864326477051,0.393370658159256,0.0109500866383314
2295867947.0,-0.5902369618415833,0.4182474911212921,9.970873832702637,2.6458866596221924,-0.074101984500885,0.0415334813296794
2295876280.0,-0.6054836511611938,0.5595340728759766,9.680642127990724,2.4706339836120605,0.0570044852793216,0.1511880308389663
2295884613.0,-0.645698606967926,0.6777089238166809,9.715103149414062,2.745858669281006,0.7216426730155945,0.0455036871135234
2295892946.0,-0.6851806044578552,0.5414987206459045,9.971752166748049,2.5739617347717285,1.0793967247009275,0.1468336135149002
2295901279.0,-0.6704353094100952,0.3964645266532898,10.02159309387207,2.302245855331421,1.3118458986282349,0.0831822305917739
2295909612.0,-0.6883605718612671,0.4384883344173431,9.840065002441406,2.3814961910247803,1.220530986785889,0.0374095886945724
2295917945.0,-0.7925670146942139,0.5230072140693665,9.96848201751709,2.714840173721313,0.969998300075531,0.0473222993314266
2295926278.0,-0.7042790651321411,0.6412638425827026,10.20845890045166,2.681720495223999,0.5455960035324097,0.0373071320354938
2295934611.0,-0.5632530450820923,0.5282210111618042,10.060958862304688,2.442176342010498,0.1088733151555061,0.0319025292992591
2295942944.0,-0.6031054854393005,0.4547232091426849,9.81973648071289,2.1063482761383057,0.1185042485594749,0.0150227481499314
2295951277.0,-0.6292341351509094,0.4899307489395141,9.582812309265137,2.276580333709717,0.5409854054450989,0.0771116539835929
2295959610.0,-0.6759716272354126,0.5994424819946289,9.775010108947754,2.6862027645111084,1.220121145248413,0.0132041377946734
2295967943.0,-0.6923291087150574,0.5781170129776001,10.109703063964844,2.763455867767334,1.4830771684646606,-0.0117825493216514
2295976276.0,-0.7403591275215149,0.5780295729637146,10.03611946105957,2.4119772911071777,1.4034680128097534,0.0119490409269928
2295984609.0,-0.7840765118598938,0.6557100415229797,9.848956108093262,2.374093770980835,1.2179951667785645,0.013870108872652
2295992942.0,-0.8098344206809998,0.6780498623847961,10.002334594726562,2.442176342010498,0.8980734944343567,-0.1199514642357826
2296001275.0,-0.7127124071121216,0.5848874449729919,10.176274299621582,2.2749922275543213,0.4727490842342376,-0.0707977414131164
2296009608.0,-0.6190606951713562,0.545089840888977,9.969436645507812,2.24051570892334,0.2005210518836975,0.0217336788773536
2296017941.0,-0.6625586152076721,0.5693950057029724,9.682867050170898,2.2041945457458496,0.1963971406221389,0.0781106054782867
2296026274.0,-0.6992790102958679,0.7047543525695801,9.673333168029783,2.4123871326446533,0.8443349003791809,0.0375376641750335
2296034607.0,-0.7496601939201355,0.6286984086036682,9.882622718811035,2.2784247398376465,1.208723068237305,-0.0044056489132344
2296042940.0,-0.773057222366333,0.4293187856674194,9.965484619140623,2.0968196392059326,1.340380072593689,0.1071571484208107
2296051273.0,-0.7949414253234863,0.3982310593128204,9.7658052444458,2.042543172836304,1.3445041179656982,0.0727316215634346
2296059606.0,-0.8314767479896545,0.5611715912818909,9.73627758026123,2.428062915802002,0.9726876616477966,0.1646611094474792
2296067939.0,-0.8167129158973694,0.6094321608543396,10.07285499572754,2.590559482574463,0.6317110061645508,0.0191722549498081
2296076272.0,-0.6735254526138306,0.5523033142089844,10.080892562866213,2.241079092025757,0.1708085238933563,0.0918142199516296
2296084605.0,-0.628838062286377,0.4503641426563263,9.73508071899414,1.939445734024048,-0.0859357565641403,0.1335654109716415
2296092938.0,-0.6902821660041809,0.4296495616436004,9.494080543518066,2.0414414405822754,0.3061029016971588,0.0752418115735054
2296101271.0,-0.6843335032463074,0.5523899793624878,9.660676956176758,2.4515767097473145,0.8646469116210938,-0.0264595039188861
2296109604.0,-0.700264573097229,0.5093972086906433,9.949749946594238,2.503215074539185,1.2241170406341553,0.1334629654884338
2296117937.0,-0.7327245473861694,0.4742136299610138,9.990842819213867,2.1598050594329834,1.2456073760986328,0.0810562446713447
2296126270.0,-0.7476341128349304,0.5176428556442261,9.765853881835938,2.084345579147339,0.9200505018234252,0.1715257167816162
2296134603.0,-0.8110861778259277,0.5265991687774658,9.799589157104492,2.1876220703125,0.7676970958709717,0.094375655055046
2296142936.0,-0.77826327085495,0.4382499456405639,10.053516387939451,2.1704862117767334,0.3993130922317505,0.2075649350881576
2296151269.0,-0.6297234296798706,0.390170156955719,9.99213409423828,2.0235629081726074,-0.0963607504963874,0.0686333402991294
2296159602.0,-0.5906230807304382,0.4223143458366394,9.683053016662598,2.090902805328369,-0.01280711684376,0.1078231185674667
2296167935.0,-0.6701917052268982,0.5083358287811279,9.649548530578612,2.2457408905029297,0.345471978187561,0.0253452863544225
2296176268.0,-0.6480801105499268,0.4710392355918884,9.78372287750244,2.250223398208618,0.8133928179740906,0.0190441831946373
2296184601.0,-0.6491613388061523,0.3215549886226654,9.93018627166748,2.0324509143829346,1.0658210515975952,0.0799548253417015
2296192934.0,-0.7380859851837158,0.1922417730093002,9.819863319396973,1.9352195262908936,1.088515281677246,0.096424788236618
2296201267.0,-0.7719936966896057,0.3102971315383911,9.74816608428955,2.323557138442993,0.9223046898841858,0.0557493865489959
2296209600.0,-0.7594104409217834,0.4729265570640564,9.950316429138184,2.7772104740142822,0.594929039478302,0.001882646116428
2296217933.0,-0.6683885455131531,0.3901695311069488,10.188093185424805,2.5186095237731934,0.262814849615097,0.0458879023790359
2296226266.0,-0.5694143772125244,0.2545103728771209,9.995760917663574,2.025074243545532,-0.1378045976161956,0.0376401208341121
2296234599.0,-0.598782479763031,0.202320784330368,9.503517150878906,2.073536157608032,-0.0726163536310195,0.118222489953041
2296242932.0,-0.6660153865814209,0.3669062256813049,9.564269065856934,2.611870765686035,0.6024852395057678,-0.0104506071656942
2296251265.0,-0.6274144649505615,0.4127728044986725,9.96662139892578,2.834381580352783,1.0740431547164917,0.0231936890631914
2296259598.0,-0.6128829121589661,0.2804476916790008,10.029208183288574,2.630876541137696,1.0836485624313354,0.0388952158391475
2296267931.0,-0.7468546628952026,0.2284444719552993,9.849838256835938,2.3358263969421387,1.149144172668457,0.0083630476146936
2296276264.0,-0.7948548793792725,0.3978587985038757,9.72218894958496,2.4478631019592285,1.1210198402404783,-0.0771500766277313
2296284597.0,-0.7955952882766724,0.4116402268409729,9.986750602722168,2.773291826248169,0.7027137875556946,0.0842068046331405
2296292930.0,-0.6631513237953186,0.2884080111980438,10.151727676391602,2.6998300552368164,0.2518263459205627,0.1340777277946472
2296301263.0,-0.5678254961967468,0.2747743129730224,9.834277153015137,2.4842090606689453,-0.1772504895925521,0.138304054737091
2296309596.0,-0.6450791954994202,0.4017968773841858,9.552611351013184,2.601471424102783,0.1301587224006652,0.1364342123270034
2296317929.0,-0.7029947638511658,0.4984752833843231,9.727508544921877,2.8148891925811768,0.7654942870140076,0.1638927012681961
2296326262.0,-0.6697405576705933,0.4017154276371002,9.883859634399414,2.825519323348999,1.134569764137268,0.1236527338624
2296334595.0,-0.6801328659057617,0.2260553538799286,9.891928672790527,2.64896011352539,1.1239911317825315,0.1042883619666099
2296342928.0,-0.7676562666893005,0.3337054550647735,9.758049964904783,2.653647184371948,1.109186053276062,0.0448377132415771
2296351261.0,-0.7519729733467102,0.5492027997970581,9.820876121520996,3.2069666385650635,0.8508665561676025,0.2329486757516861
2296359594.0,-0.7298299670219421,0.551601231098175,10.067305564880373,3.2592451572418213,0.5260010957717896,0.1698864102363586
2296367927.0,-0.6453108191490173,0.4029783904552459,10.040289878845217,2.647909879684448,0.0538283102214336,0.0084398901090025
2296376260.0,-0.6093636751174927,0.3285412788391113,9.638529777526855,2.41471791267395,-0.178531214594841,0.132028579711914
2296384593.0,-0.6621081233024597,0.4846234321594238,9.458772659301758,2.935429811477661,0.4657820463180542,0.0640483945608139
2296392926.0,-0.7161837816238403,0.5653656125068665,9.83393096923828,3.2283027172088623,1.0537055730819702,0.0367180034518241
2296401259.0,-0.6744588017463684,0.5258517861366272,10.014410018920898,3.128023147583008,1.224808692932129,0.1608189642429351
2296409592.0,-0.7036653757095337,0.4853591024875641,9.919652938842772,2.783332109451294,1.1371567249298096,0.158385619521141
2296417925.0,-0.7988499999046326,0.5479187965393066,9.890336990356444,2.644810676574707,0.9403881430625916,0.1470385193824768
2296426258.0,-0.756385862827301,0.5864641070365906,9.987513542175291,2.79355263710022,0.6899834871292114,0.1051848605275154
2296434591.0,-0.7197327017784119,0.5087174773216248,10.097107887268066,2.7763655185699463,0.1500097662210464,0.0824394077062606
2296442924.0,-0.6366093158721924,0.4547761976718902,9.998818397521973,2.5956826210021973,-0.0580162480473518,0.0477321296930313
2296451257.0,-0.6464552879333496,0.5707890391349792,9.674176216125488,2.595733642578125,0.1123568415641784,-0.0344767570495605
2296459590.0,-0.6768694519996643,0.6946774125099182,9.780460357666016,2.9030532836914062,0.7039945125579834,0.1004206016659736
2296467923.0,-0.7657260298728943,0.5520592331886292,9.986279487609863,2.693349838256836,1.071353793144226,-0.0041495063342154
2296476256.0,-0.716988205909729,0.3769745528697967,9.904324531555176,2.3485052585601807,1.337357759475708,0.1411472558975219
2296484589.0,-0.7750155329704285,0.3870662450790405,9.84812831878662,2.5226051807403564,1.1840051412582395,0.088663674890995
2296492922.0,-0.8757838010787964,0.578432023525238,9.956926345825195,2.883765459060669,0.825815737247467,0.1303380280733108
2296501255.0,-0.8018100261688232,0.6555664539337158,10.09687328338623,2.8539252281188965,0.3650156259536743,-0.0400606617331504
2296509588.0,-0.7199015021324158,0.4781575202941894,10.094491004943848,2.508824586868286,0.0449401773512363,-0.0882922634482383
2296517921.0,-0.6745338439941406,0.3451820313930511,9.883721351623535,2.070180892944336,-0.185037225484848,-0.0332728885114192
2296526254.0,-0.6984465718269348,0.4292502403259277,9.549829483032228,2.254628896713257,0.0351555384695529,-0.0475400164723396
2296534587.0,-0.7698320150375366,0.562079668045044,9.74908447265625,2.929102897644043,0.7249980568885803,-0.0081197125837206
2296542920.0,-0.7464823126792908,0.5131391286849976,10.115540504455566,2.883228063583374,1.0310882329940796,-0.026561964303255
2296551253.0,-0.7328817844390869,0.4266635477542877,10.00356101989746,2.438898086547852,1.015386700630188,0.0449914038181304
2296559586.0,-0.8090452551841736,0.4582408368587494,9.783319473266602,2.38326358795166,0.7486912608146667,0.0095156887546181
2296567919.0,-0.8784693479537964,0.5470686554908752,9.928154945373535,2.5291879177093506,0.5306116938591003,0.0384085439145565
2296576252.0,-0.754196286201477,0.5164252519607544,10.176414489746094,2.6607682704925537,0.1643025130033493,0.0938377529382705
2296584585.0,-0.6535871624946594,0.3782115280628204,10.052759170532228,2.391101837158203,-0.3597519397735595,0.026241784915328
2296592918.0,-0.6356630921363831,0.4032166004180908,9.73546314239502,2.2287330627441406,-0.4060111939907074,0.0721681043505668
2296601251.0,-0.637906551361084,0.5697261095046997,9.627517700195312,2.559617757797241,0.0865120887756347,0.0071591790765523
2296609584.0,-0.7085579037666321,0.5212164521217346,9.866003036499023,2.7494704723358154,0.6938256025314331,0.0382292494177818
2296617917.0,-0.6914937496185303,0.3530440926551819,9.982025146484377,2.468405246734619,0.9115722179412842,0.0858204960823059
2296626250.0,-0.6994898319244385,0.2979016602039337,9.807720184326172,2.3469173908233643,0.683682382106781,0.1096417233347892
2296634583.0,-0.7896678447723389,0.4634836316108703,9.799307823181152,2.762892484664917,0.5741814970970154,0.0877671763300895
2296642916.0,-0.7695194482803345,0.5803688764572144,10.109012603759766,3.039602756500244,0.3987752199172973,0.1093599870800972
2296651249.0,-0.6227719783782959,0.4968071281909942,10.132200241088867,2.655568599700928,-0.2479458153247833,0.1109736785292625
2296659582.0,-0.5848120450973511,0.3074371814727783,9.882521629333496,2.174072027206421,-0.4672548472881317,0.0343358814716339
2296667915.0,-0.6223356127738953,0.356618732213974,9.520873069763184,2.29568862915039,-0.298098474740982,0.0951953083276748
2296676248.0,-0.6241103410720825,0.4936625361442566,9.564449310302734,2.8807179927825928,0.2265451103448867,0.1134838610887527
2296684581.0,-0.6585379838943481,0.5166946649551392,9.943267822265623,3.099975347518921,0.8489709496498108,0.1479862481355667
2296692914.0,-0.6897876262664795,0.4015339314937591,10.052621841430664,2.5468103885650635,0.9189234375953674,0.161280021071434
2296701247.0,-0.7187015414237976,0.3999289274215698,9.756499290466309,2.36190152168274,0.8316814303398132,0.0855899676680564
2296709580.0,-0.780731737613678,0.4713842570781708,9.770634651184082,2.8057706356048584,0.4549216032028198,0.1677604466676712
2296717913.0,-0.7395497560501099,0.4588958323001861,10.068467140197754,2.7610225677490234,0.1898399293422699,-0.0353988744318485
2296726246.0,-0.5829479694366455,0.3731619119644165,10.0272855758667,2.7190661430358887,-0.409622848033905,0.0365643166005611
2296734579.0,-0.5551339983940125,0.3706255257129669,9.772711753845217,2.5555710792541504,-0.5208398699760437,-0.0395227670669555
2296742912.0,-0.5894623398780823,0.4676616787910461,9.570777893066406,2.560283899307251,0.048398096114397,0.1268801093101501
2296751245.0,-0.6127921938896179,0.579793393611908,9.649337768554688,2.7725489139556885,0.5608108639717102,0.1285194158554077
2296759578.0,-0.6522085666656494,0.3761661946773529,9.935979843139648,2.668298721313477,1.0966862440109253,0.0871011987328529
2296767911.0,-0.6666053533554077,0.2153845131397247,9.879538536071776,2.339232921600342,1.110799789428711,0.0960405841469764
2296776244.0,-0.688727855682373,0.3539450764656067,9.661587715148926,2.50134539604187,0.9016850590705872,0.0851801335811615
2296784577.0,-0.7241119146347046,0.5580499172210693,9.882072448730469,3.0574817657470703,0.6263321042060852,-0.051740750670433
2296792910.0,-0.6274074912071228,0.5483677983283997,10.149773597717283,3.00510048866272,-0.0458494834601879,0.0993960499763488
2296801243.0,-0.5089595317840576,0.3737694919109344,9.994932174682615,2.398222208023072,-0.3508893847465515,-0.0185447055846452
2296809576.0,-0.5252146124839783,0.2586517035961151,9.57020378112793,2.158831596374512,-0.2542724907398224,0.0351043120026588
2296817909.0,-0.5568076372146606,0.4186028838157654,9.448076248168944,2.631747245788574,0.4269765317440033,0.0753955021500587
2296826242.0,-0.5774722695350647,0.545383870601654,9.76226043701172,3.08862853050232,0.9830358624458312,0.0651754215359687
2296834575.0,-0.5892257690429688,0.4385651350021362,10.049713134765623,2.968446493148804,1.4138673543930054,0.0341821983456611
2296842908.0,-0.6204525232315063,0.3400015234947204,9.958340644836426,2.5240395069122314,1.0878493785858154,0.0301351454108953
2296851241.0,-0.6832855343818665,0.4642751812934875,9.71276569366455,2.560975313186645,0.9183343052864076,0.1285450458526611
2296859574.0,-0.706614077091217,0.5134565234184265,9.90666961669922,2.980228900909424,0.6798145771026611,0.1021879911422729
2296867907.0,-0.6053063869476318,0.4363170564174652,10.088492393493652,2.8052327632904053,0.2858676612377167,0.057772908359766
2296876240.0,-0.4939583241939544,0.3177462816238403,9.886249542236328,2.6489858627319336,-0.1388547718524933,0.0814148485660553
2296884573.0,-0.5127691626548767,0.4242587387561798,9.61279010772705,2.746473550796509,0.1193751394748687,0.070861779153347
2296892906.0,-0.5793142914772034,0.6268134713172913,9.58791160583496,2.835944175720215,0.679123044013977,-0.0026894949842244
2296901239.0,-0.6271024346351624,0.5345896482467651,9.859956741333008,3.054586887359619,1.1105436086654663,0.1367928236722946
2296909572.0,-0.6392113566398621,0.3207436203956604,9.94284725189209,2.5962460041046143,1.4806437492370603,0.0405857600271701
2296917905.0,-0.6980014443397522,0.3476934134960174,9.81236743927002,2.418226957321167,1.4029557704925537,0.0436082333326339
2296926238.0,-0.7293805480003357,0.5403786897659302,9.82345485687256,2.8914501667022705,1.115666389465332,0.1277766078710556
2296934571.0,-0.7685826420783997,0.6838778853416443,10.06609344482422,3.211653709411621,0.8067588210105896,0.0672501772642135
2296942904.0,-0.6188974380493164,0.5744442343711853,10.144465446472168,2.7731635570526123,0.1700401157140731,0.0298533923923969
2296951237.0,-0.5715895891189575,0.3110790252685547,9.84721851348877,2.2333691120147705,-0.1053001284599304,0.0870755910873413
2296959570.0,-0.6490722894668579,0.4195293188095093,9.50759983062744,2.3635406494140625,0.37433922290802,0.0767274424433708
2296967903.0,-0.7005346417427063,0.5651462078094482,9.709010124206545,2.839043378829956,1.0392078161239624,0.0705287978053093
2296976236.0,-0.6760023236274719,0.5723249912261963,9.963790893554688,3.270002603530884,1.44306743144989,0.1198105737566948
2296984569.0,-0.7401024103164673,0.4248815774917602,10.085394859313965,2.707181453704834,1.370118260383606,0.1602554619312286
2296992902.0,-0.7794675230979919,0.4411338567733764,9.880616188049316,2.3975563049316406,1.241099238395691,0.0678136870265007
2297001235.0,-0.823111891746521,0.5550150275230408,9.802667617797852,2.6093862056732178,0.8769674301147461,0.0449914038181304
2297009568.0,-0.801491916179657,0.5104926228523254,10.094724655151367,2.8920907974243164,0.5788689255714417,0.0994472652673721
2297017901.0,-0.6491709351539612,0.3813238739967346,10.089211463928224,2.716965913772583,0.0529574304819107,0.0317744575440883
2297026234.0,-0.6255010962486267,0.4025519490242004,9.729001998901367,2.6175572872161865,-0.1118061393499374,0.0051356544718146
2297034567.0,-0.6632762551307678,0.5582206845283508,9.699044227600098,2.634206295013428,0.2756476104259491,0.1580526530742645
2297042900.0,-0.715938925743103,0.5802314281463623,9.788311004638672,2.7176320552825928,0.990950644016266,-0.0281500443816185
2297051233.0,-0.7183694839477539,0.4004189372062683,9.91904354095459,2.5459651947021484,1.28123676776886,0.0842580199241638
2297059566.0,-0.7541320323944092,0.2199091762304306,9.955652236938477,2.3563942909240723,1.183236837387085,-0.0044056489132344
2297067899.0,-0.7986196279525757,0.4413421154022217,9.834954261779783,2.7110490798950195,1.0150537490844729,0.1434269249439239
2297076232.0,-0.7864245176315308,0.6295069456100464,9.949678421020508,3.089550733566284,0.5576091408729553,0.0977055057883262
2297084565.0,-0.7187049388885498,0.5499218702316284,10.143383026123049,2.9691638946533203,0.0725523233413696,0.047552827745676
2297092898.0,-0.580193817615509,0.3555881977081299,9.951247215270996,2.287927389144897,-0.2327821552753448,0.0468868538737297
2297101231.0,-0.6115137338638306,0.3046178817749023,9.571446418762209,2.277092695236206,-0.0506393387913703,0.0765993669629097
2297109564.0,-0.689180314540863,0.4643371105194092,9.55470085144043,2.726289749145508,0.6092474460601807,0.0507289916276931
2297117897.0,-0.6562939286231995,0.5434544086456299,9.882043838500977,3.0291008949279785,1.250756025314331,0.000806848402135
2297126230.0,-0.6251233816146851,0.4589278101921081,10.022053718566896,2.9615819454193115,1.0847243070602417,0.1580014079809188
2297134563.0,-0.7176691293716431,0.3503065109252929,9.929970741271973,2.4682772159576416,1.085415959358215,0.1241649985313415
2297142896.0,-0.7333397269248962,0.5149989128112793,9.779058456420898,2.481724739074707,1.0771938562393188,0.048577394336462
2297151229.0,-0.6956713795661926,0.499610960483551,9.94809341430664,2.814863681793213,0.5180351138114929,0.0061346096917986
2297159562.0,-0.6338314414024353,0.3502621650695801,10.06971836090088,2.7303366661071777,0.0585669502615928,0.0057503962889313
2297167895.0,-0.5033777356147766,0.3406071066856384,9.82400608062744,2.535796642303467,-0.2812186777591705,0.0664305239915847
2297176228.0,-0.5685922503471375,0.4956226348876953,9.603610038757324,2.687509536743164,0.2382252067327499,0.056005522608757
2297184561.0,-0.6576981544494629,0.5742964148521423,9.683927536010742,2.885866641998291,0.7725381851196289,0.1018806248903274
2297192894.0,-0.6288512945175171,0.4273453950881958,9.94138526916504,2.690404176712036,1.2380256652832031,0.0758309438824653
2297201227.0,-0.6563734412193298,0.2665020823478699,9.87574577331543,2.4992446899414062,1.3205547332763672,0.1468848139047622
2297209560.0,-0.7502817511558533,0.3449515402317047,9.826570510864258,2.574525117874145,1.180777668952942,0.0232449173927307
2297217893.0,-0.7341512441635132,0.6047184467315674,9.919761657714844,2.9203686714172363,0.737882137298584,0.090098075568676
2297226226.0,-0.665634274482727,0.5716625452041626,10.132147789001465,3.1295087337493896,0.2259303927421569,-0.0079916417598724
2297234559.0,-0.6037623286247253,0.3956701159477234,10.048901557922363,2.611768245697021,-0.0028687943704426,0.0091827036812901
2297242892.0,-0.5796782970428467,0.3175930082798004,9.632725715637209,2.206371545791626,-0.0125509742647409,-0.0240005385130643
2297251225.0,-0.6638050079345703,0.4625735282897949,9.49848747253418,2.712432384490967,0.672796368598938,-0.0252556391060352
2297259558.0,-0.7170297503471375,0.5430262684822083,9.872936248779297,3.0784852504730225,1.239485502243042,0.0501654781401157
2297267891.0,-0.6645292043685913,0.4906289875507355,10.073155403137209,2.9855058193206787,1.3149964809417725,0.0686333402991294
2297276224.0,-0.7090926766395569,0.3789487183094024,9.90495491027832,2.671603202819824,1.123632550239563,0.1377917826175689
2297284557.0,-0.7971119284629822,0.4528556764125824,9.857988357543944,2.596399545669556,0.9693065285682678,0.0963223204016685
2297292890.0,-0.7460039258003235,0.5579198598861694,9.938787460327148,2.7086410522460938,0.565626323223114,0.072552315890789
2297301223.0,-0.6717413067817688,0.4227397739887237,10.040724754333496,2.9333295822143555,0.1947834491729736,0.075907789170742
2297309556.0,-0.6238680481910706,0.3446829319000244,9.931110382080078,2.6187868118286133,0.0311853308230638,-0.0024077382404357
2297317889.0,-0.6247992515563965,0.4827530086040497,9.64820384979248,2.625216007232666,0.1085403189063072,-0.0239749234169721
2297326222.0,-0.6977929472923279,0.6337507963180542,9.68024730682373,2.892065048217773,0.8082700371742249,0.0895089507102966
2297334555.0,-0.7245907783508301,0.4993128180503845,9.922743797302246,2.7850232124328613,1.3702718019485474,0.087229274213314
2297342888.0,-0.7132927179336548,0.3288356959819793,9.93402862548828,2.4826467037200928,1.2239890098571775,0.0997546315193176
2297351221.0,-0.7460699677467346,0.3333963751792907,9.833769798278809,2.5707857608795166,1.1341599225997925,-0.0224124547094106
2297359554.0,-0.784339189529419,0.5496682524681091,9.958093643188477,2.821446657180786,0.8809887766838074,0.10334063321352
2297367887.0,-0.7266960144042969,0.6428796648979187,10.033832550048828,3.1093504428863525,0.4042310416698456,-0.0171871520578861
2297376220.0,-0.6142178177833557,0.4374270439147949,10.048661231994627,2.726469039916992,-0.1635725051164627,-0.0231808833777904
2297384553.0,-0.5857203602790833,0.3659022450447082,9.801385879516602,2.29443359375,-0.0601934567093849,0.0535209439694881
2297392886.0,-0.6442941427230835,0.4412210881710052,9.516960144042969,2.443687915802002,0.4575854837894439,0.0265747681260108
2297401219.0,-0.6693551540374756,0.5766278505325317,9.703977584838867,2.932279109954834,0.8822438716888428,0.0923777446150779
2297409552.0,-0.6944633722305298,0.5145165920257568,10.06917667388916,3.063961982727051,1.2571083307266235,0.1541848927736282
2297417885.0,-0.6879079341888428,0.4175913333892822,9.962068557739258,2.55334210395813,1.0904875993728638,0.0234242174774408
2297426218.0,-0.7287871837615967,0.431740790605545,9.81330394744873,2.4844911098480225,1.0317797660827637,0.0905847400426864
2297434551.0,-0.7847099304199219,0.5668576955795288,9.94761562347412,2.67472767829895,0.6275102496147156,0.0761639177799224
2297442884.0,-0.6684922575950623,0.4748345911502838,10.040072441101074,2.9151175022125244,0.3067176640033722,-0.0301991812884807
2297451217.0,-0.5628984570503235,0.3573613464832306,9.961175918579102,2.6447594165802,-0.0397532917559146,-0.0022540525533258
2297459550.0,-0.6016727089881897,0.4192824065685272,9.703164100646973,2.46443510055542,-0.0369869507849216,0.0087472610175609
2297467883.0,-0.6085047125816345,0.5734439492225647,9.649359703063965,2.627828359603882,0.5048181414604187,0.0503191649913787
2297476216.0,-0.6688649654388428,0.5318691730499268,9.797079086303713,2.8320508003234863,1.101527452468872,0.0728596970438957
2297484549.0,-0.6818265914916992,0.2854172885417938,10.00253200531006,2.52181077003479,1.4049791097640991,0.0602318756282329
2297492882.0,-0.7019776701927185,0.3034246265888214,9.83590602874756,2.3904869556427,1.2544188499450684,0.0922496765851974
2297501215.0,-0.7707992792129517,0.5061608552932739,9.862800598144531,2.964271545410156,1.0323177576065063,0.1534164696931839
2297509548.0,-0.7465471625328064,0.6175361275672913,10.119340896606444,3.1174702644348145,0.6407272815704346,0.0870499834418296
2297517881.0,-0.6070454120635986,0.4971583187580108,10.08387279510498,2.726238489151001,0.0638947114348411,0.0653547272086143
2297526214.0,-0.5707622766494751,0.2757181227207184,9.822213172912598,2.30024790763855,-0.1561699658632278,0.1124080643057823
2297534547.0,-0.6393052339553833,0.3562909662723541,9.515557289123535,2.3606975078582764,0.191837802529335,0.200854018330574
2297542880.0,-0.6637338995933533,0.5439333915710449,9.66936492919922,2.9347124099731445,1.0050897598266602,0.0944524854421615
2297551213.0,-0.6615690588951111,0.5196720957756042,10.012057304382324,3.117239236831665,1.401136875152588,0.1757520735263824
2297559546.0,-0.7021408081054688,0.4221041798591614,10.055770874023438,2.669451713562012,1.312127709388733,0.0630238279700279
2297567879.0,-0.7345259785652161,0.4226288497447967,9.832775115966797,2.349299192428589,1.1544976234436035,0.1532115340232849
2297576212.0,-0.7920964956283569,0.4951367378234863,9.785178184509276,2.638791084289551,0.8377775549888611,0.1251895576715469
2297584545.0,-0.7499579191207886,0.5114174485206604,10.096502304077148,2.816323518753052,0.4067924618721008,0.1323103308677673
2297592878.0,-0.6003997325897217,0.3478651940822601,10.047494888305664,2.690557718276977,-0.0149843264371156,0.0711179226636886
2297601211.0,-0.5895516276359558,0.3726121485233307,9.75299835205078,2.635871410369873,-0.2638778388500213,-0.0058656595647335
2297609544.0,-0.6771721839904785,0.5202752351760864,9.62844181060791,2.7412993907928467,0.2474463135004043,0.0660719126462936
2297617877.0,-0.6796795129776001,0.5585960149765015,9.770054817199709,2.9071261882781982,1.0078561305999756,0.1123056262731552
2297626210.0,-0.6977345943450928,0.3444034159183502,9.95507526397705,2.7378671169281006,1.3386896848678589,-0.0114495633170008
2297634543.0,-0.7425341010093689,0.2389069497585296,9.87352180480957,2.5450687408447266,1.1614389419555664,0.1052360907196998
2297642876.0,-0.7623608112335205,0.4709918200969696,9.810540199279783,2.8265180587768555,1.0531165599822998,0.0870499834418296
2297651209.0,-0.7926397323608398,0.6400940418243408,10.026444435119627,3.141803741455078,0.7397518754005432,0.1195544302463531
2297659542.0,-0.6829121112823486,0.5364747047424316,10.156782150268556,2.9315106868743896,0.1799528002738952,0.0096437595784664
2297667875.0,-0.5912026762962341,0.3542147874832153,9.881007194519045,2.3614401817321777,-0.0491281040012836,0.0522402301430702
2297676208.0,-0.6490322947502136,0.3449587225914001,9.53940486907959,2.318024158477783,0.0669171884655952,0.0373583622276783
2297684541.0,-0.6908616423606873,0.5485318303108215,9.623162269592283,2.757718324661255,0.7495110034942627,0.1988561302423477
2297692874.0,-0.6449350118637085,0.6095606088638306,9.919336318969728,3.193237066268921,1.212360143661499,0.0421226099133491
2297701207.0,-0.6618888974189758,0.4399837851524353,10.065069198608398,2.8417327404022217,1.2235790491104126,0.0578753687441349
2297709540.0,-0.7132189869880676,0.4044534564018249,9.870121955871582,2.4403579235076904,0.9986862540245056,-0.0101432371884584
2297717873.0,-0.7441707849502563,0.510647714138031,9.72283172607422,2.590022087097168,0.8790165781974792,-0.0019979104399681
2297726206.0,-0.7476597428321838,0.5444841980934143,9.97373104095459,2.962376117706299,0.5071490406990051,0.1216548234224319
2297734539.0,-0.605520486831665,0.4054127931594848,10.076788902282717,2.8008267879486084,0.1429402232170105,-0.0085295401513576
2297742872.0,-0.5436747074127197,0.3828603029251098,9.817989349365234,2.61691689491272,-0.1946681886911392,-0.0306602418422698
2297751205.0,-0.5932892560958862,0.5152120590209961,9.60560131072998,2.669118642807007,0.2832037806510925,0.0233986042439937
2297759538.0,-0.6488118171691895,0.5769776105880737,9.76047420501709,2.796216487884521,0.9737892746925354,0.1454248279333114
2297767871.0,-0.6433384418487549,0.4169816672801971,9.885862350463867,2.657976150512696,1.2821075916290283,0.0243207141757011
2297776204.0,-0.6833023428916931,0.2649150788784027,9.933695793151855,2.534285545349121,1.2237073183059692,0.0613589063286781
2297784537.0,-0.7309465408325195,0.3907451033592224,9.863810539245604,2.708871841430664,1.043792963027954,0.0990886613726615
2297792870.0,-0.7190747261047363,0.6437786817550659,9.928143501281738,3.140446424484253,0.8467938303947449,0.1404556632041931
2297801203.0,-0.6716051697731018,0.6168474555015564,10.13339614868164,3.035274028778076,0.2115351557731628,0.133488580584526
2297809536.0,-0.5844979286193848,0.3702687323093414,10.004145622253418,2.464204788208008,-0.1192086413502693,0.0908664986491203
2297817869.0,-0.5655572414398193,0.3300724923610687,9.573080062866213,2.1720998287200928,0.0248330011963844,0.1009072735905647
2297826202.0,-0.6524178385734558,0.4564147889614105,9.543991088867188,2.702749967575073,0.8093458414077759,0.1455016732215881
2297834535.0,-0.6973565816879272,0.6047818064689636,9.914024353027344,3.0943660736083984,1.2027549743652344,0.0510619729757308
2297842868.0,-0.6447315216064453,0.4924039244651794,10.054488182067873,2.8840219974517822,1.2997047901153564,0.040457684546709
2297851201.0,-0.7442609667778015,0.3923317492008209,9.988930702209473,2.4714276790618896,1.1596460342407229,-0.0048410901799798
2297859534.0,-0.7966077923774719,0.4813211560249328,9.802321434020996,2.4403579235076904,0.8803741335868835,0.1782622635364532
2297867867.0,-0.7614564895629883,0.5106964707374573,9.956720352172852,2.7975738048553467,0.6163169145584106,0.1706036031246185
2297876200.0,-0.7117815613746643,0.3992535173892975,10.082353591918944,2.800340175628662,0.200854018330574,0.1320029646158218
2297884533.0,-0.6077318787574768,0.3573192059993744,9.934107780456545,2.5324409008026123,-0.0576576441526412,0.0649192780256271
2297892866.0,-0.6073815822601318,0.4779087007045746,9.618858337402344,2.554187536239624,0.233922004699707,-0.0267412606626749
2297901199.0,-0.7116197943687439,0.602314293384552,9.69898509979248,2.786508798599243,0.8228701949119568,0.1623045951128006
2297909532.0,-0.7176810503005981,0.4277950525283813,9.93842601776123,2.784715414047241,1.3387151956558228,0.0938121303915977
2297917865.0,-0.695504367351532,0.2818451225757599,9.882586479187012,2.534234046936035,1.1546512842178345,0.1603835225105285
2297926198.0,-0.7946231961250305,0.3310584127902984,9.800470352172852,2.709819793701172,1.0971472263336182,0.0455036871135234
2297934531.0,-0.7802026271820068,0.5605341792106628,9.968689918518066,3.141880750656128,0.7754580974578857,0.1021879985928535
2297942864.0,-0.7064954042434692,0.6297597289085388,10.062503814697266,3.143545627593994,0.3286947011947632,0.088663674890995
2297951197.0,-0.6508322954177856,0.4104999303817749,10.06857204437256,2.615328550338745,-0.0179811920970678,0.0481675677001476
2297959530.0,-0.6073917746543884,0.3170369267463684,9.725738525390623,2.124483108520508,-0.1509959250688552,0.0869987532496452
2297967863.0,-0.6565712690353394,0.4576863944530487,9.466367721557615,2.5621023178100586,0.5178045630455017,0.1014451757073402
2297976196.0,-0.6809325218200684,0.5580832362174988,9.787208557128906,3.12738299369812,1.0282707214355469,-0.007761113345623
2297984529.0,-0.6268059015274048,0.5013216733932495,10.125957489013672,3.068777322769165,1.1339548826217651,0.0955282822251319
2297992862.0,-0.6675576567649841,0.4079737663269043,9.895673751831056,2.5999090671539307,1.2072628736495972,0.160306692123413
2298001195.0,-0.7655730247497559,0.436330497264862,9.833721160888672,2.560975313186645,0.9239181876182556,0.1367672085762024
2298009528.0,-0.7556132078170776,0.5519583225250244,9.947636604309082,2.7125089168548584,0.8065537810325623,0.0556981526315212
2298017861.0,-0.6293213367462158,0.4554039239883423,10.019949913024902,2.788660287857056,0.2381483614444732,0.1270850300788879
2298026194.0,-0.5805264711380005,0.353331983089447,9.963695526123049,2.712662696838379,-0.0848855748772621,0.0660206973552703
2298034527.0,-0.5573845505714417,0.4985392093658447,9.696728706359863,2.50311279296875,-0.0439027994871139,0.0467843972146511
2298042860.0,-0.6210373640060425,0.6267151832580566,9.626668930053713,2.7872259616851807,0.6245135068893433,0.078008159995079
2298051193.0,-0.6753144860267639,0.4933648109436035,9.898882865905762,2.7684764862060547,1.0734797716140747,0.1278278529644012
2298059526.0,-0.6580104231834412,0.2870317995548248,9.930731773376465,2.434108018875122,1.1662802696228027,0.0730389952659607
2298067859.0,-0.6944723725318909,0.3537628948688507,9.76867961883545,2.5955798625946045,1.1657934188842771,0.0627676844596862
2298076192.0,-0.7380468845367432,0.5509907603263855,9.90282154083252,2.90610146522522,1.04840350151062,0.155260682106018
2298084525.0,-0.7075766921043396,0.6464587450027466,10.090242385864258,3.0274102687835693,0.5282808542251587,0.0302632171660661
2298092858.0,-0.5980507135391235,0.4838049113750458,10.034560203552246,2.80459213256836,0.0046745976433157,0.0377938002347946
2298101191.0,-0.6100568175315857,0.3278009593486786,9.763957977294922,2.2269399166107178,-0.011987461708486,-0.017673822119832
2298109524.0,-0.6186960935592651,0.4464891254901886,9.522424697875977,2.417766094207764,0.4503366947174072,0.0211957804858684
2298117857.0,-0.6646775603294373,0.5530619621276855,9.697100639343262,3.056431293487549,1.0333678722381592,0.0550065673887729
2298126190.0,-0.7014043927192688,0.4822016358375549,10.045763969421388,3.0776913166046143,1.361076593399048,0.2367652058601379
2298134523.0,-0.6982031464576721,0.4008278250694275,9.998385429382324,2.604135274887085,1.3108468055725098,0.0983202308416366
2298142856.0,-0.7403842806816101,0.4550145864486694,9.80927276611328,2.455828905105591,0.9700238108634948,0.0263442434370517
2298151189.0,-0.7984889149665833,0.5411831140518188,9.904745101928713,2.7126882076263428,0.5907538533210754,0.0264979228377342
2298159522.0,-0.6552841067314148,0.4557421803474426,10.02200412750244,2.845165252685547,0.2999042570590973,0.0997034162282943
2298167855.0,-0.4877934455871582,0.3892008364200592,9.57850170135498,3.09451961517334,-0.3759401142597198,0.2220882475376129
2298176188.0,-0.8695235252380371,0.28813636302948,9.933781623840332,3.7166125774383545,-0.5455831289291382,0.407227873802185
2298184521.0,-0.719926118850708,0.5549248456954956,10.31177043914795,2.798035144805908,-0.7591803669929504,-0.2497900277376175
2298192854.0,-0.5662067532539368,0.4487371444702148,9.279290199279783,1.8609894514083865,0.5421893000602722,-0.1500994116067886
2298201187.0,-0.5815038084983826,0.1665712594985962,9.190852165222168,2.2810115814208984,2.0074002742767334,0.0352067649364471
2298209520.0,-0.6939789652824402,0.18415467441082,9.916781425476074,2.794346570968628,2.766990423202514,0.1261116862297058
2298217853.0,-0.8125264048576355,0.3713385462760925,10.087108612060549,3.350175380706787,2.191105604171753,0.0416871681809425
2298226186.0,-0.7193654179573059,0.4913959205150604,10.129273414611816,3.627244472503662,1.0662821531295776,0.1772889196872711
2298234519.0,-0.6506995558738708,0.374822586774826,10.207204818725586,3.029895305633545,-0.3132364451885223,0.2022628039121627
2298242852.0,-0.6162269711494446,0.1673092246055603,9.868223190307615,2.288721799850464,-1.0880415439605713,0.1570024639368057
2298251185.0,-0.6555293798446655,0.2591443955898285,9.297539710998535,2.5745508670806885,-0.7073371410369873,0.1529553979635238
2298259518.0,-0.6635884642601013,0.4193373024463653,9.465856552124023,3.407371759414673,0.5261547565460205,0.0772653371095657
2298267851.0,-0.6221717000007629,0.3454053997993469,9.941558837890623,3.643483877182007,1.3979096412658691,0.0889454260468483
2298276184.0,-0.6801149845123291,0.3103534877300262,9.820334434509276,3.192110538482666,1.5906825065612793,0.1319005042314529
2298284517.0,-0.7446683049201965,0.3884100914001465,9.774330139160156,3.014193534851074,1.7368627786636353,0.1344619244337082
2298292850.0,-0.7947531938552856,0.5118854641914368,9.84538459777832,3.302302837371826,1.1720178127288818,0.1011378169059753
2298301183.0,-0.6783278584480286,0.4230875670909881,10.260686874389648,3.414621114730835,0.3273115158081054,0.0902517586946487
2298309516.0,-0.5614542961120605,0.3182430863380432,10.030644416809082,3.086143970489502,-0.4829564392566681,0.0743709430098533
2298317849.0,-0.5546951293945312,0.4004020392894745,9.537216186523438,3.0883982181549072,-0.5421252846717834,-0.0344255343079566
2298326182.0,-0.6235225200653076,0.4889476001262665,9.5319242477417,3.444231033325196,0.2265451103448867,0.1004718467593193
2298334515.0,-0.5991036295890808,0.4266752302646637,9.750995635986328,3.501145601272583,1.1548305749893188,0.1197593510150909
2298342848.0,-0.5782274603843689,0.1670664250850677,9.807416915893556,3.3939499855041504,1.3245760202407837,0.1280327588319778
2298351181.0,-0.7161311507225037,0.1147192865610122,9.72226333618164,3.295079231262207,1.4558234214782717,0.2001624405384063
2298359514.0,-0.7361650466918945,0.3636029660701751,9.777798652648926,3.7837729454040527,1.16499924659729,0.1398665010929107
2298367847.0,-0.6718353629112244,0.4081505537033081,10.00220012664795,4.172238826751709,0.5445202589035034,0.2635064721107483
2298376180.0,-0.5329678654670715,0.2487764060497284,10.07509422302246,3.631547689437866,-0.1746890842914581,0.2134818285703659
2298384513.0,-0.4864852726459503,0.1261992454528808,9.73492431640625,3.2651875019073486,-0.5837740302085876,0.2714468538761139
2298392846.0,-0.5264373421669006,0.2239525616168975,9.305964469909668,3.546483039855957,-0.0622682087123394,0.2024165093898773
2298401179.0,-0.5807439088821411,0.3718327581882477,9.52200412750244,4.192781448364258,0.9418227076530457,0.1940662562847137
2298409512.0,-0.5274041295051575,0.3460077941417694,9.930648803710938,4.290832996368408,1.550212025642395,0.1908132433891296
2298417845.0,-0.5701927542686462,0.3610006272792816,9.98425579071045,3.995295763015747,1.5120724439620972,0.2936031520366668
2298426178.0,-0.6992494463920593,0.4775204062461853,9.9057035446167,3.6707630157470703,1.5802572965621948,0.2779016196727752
2298434511.0,-0.7062326669692993,0.6104261875152588,10.00511646270752,3.794121026992798,1.2340552806854248,0.2143271267414093
2298442844.0,-0.6076603531837463,0.5277506709098816,10.146531105041504,3.772016048431397,0.6359118223190308,0.1594614088535308
2298451177.0,-0.5108400583267212,0.4286529421806335,10.08286952972412,3.459881544113159,0.1367416232824325,0.0998571068048477
2298459510.0,-0.4937816858291626,0.5354002714157104,9.704090118408203,3.442387104034424,0.3195247948169708,0.1466543078422546
2298467843.0,-0.566023051738739,0.7032424807548523,9.695984840393066,3.810463190078736,0.8440786600112915,0.2891206443309784
2298476176.0,-0.6712090373039246,0.6481145620346069,10.003307342529297,3.7474265098571777,1.5894016027450562,0.1107431426644325
2298484509.0,-0.6630273461341858,0.4994732737541199,10.072098731994627,3.4646196365356445,1.847208857536316,0.1585392951965332
2298492842.0,-0.7090712189674377,0.4655205011367798,9.906315803527832,3.2764060497283936,1.7517958879470823,0.1311832815408706
2298501175.0,-0.7875644564628601,0.6426608562469482,9.956911087036133,3.5861592292785645,1.4852030277252195,0.0771628841757774
2298509508.0,-0.7539050579071045,0.7600080966949463,10.185365676879885,3.9478836059570312,0.9316024780273438,0.0921728238463401
2298517841.0,-0.6183180809020996,0.6995108723640442,10.232102394104004,3.5091888904571533,0.3068457543849945,0.0485517866909503
2298526174.0,-0.5959500074386597,0.5592660903930664,10.01237964630127,3.011913776397705,0.2096909284591674,-0.0182117205113172
2298534507.0,-0.6501496434211731,0.7057673931121826,9.63519287109375,3.0689308643341064,0.4315101504325866,-0.0331192016601562
2298542840.0,-0.741750955581665,0.8189824819564819,9.746585845947266,3.5316267013549805,1.2599769830703735,-0.011731319129467
2298551173.0,-0.7407677173614502,0.7274508476257324,10.152263641357422,3.4510185718536377,1.8713631629943848,0.0231680758297443
2298559506.0,-0.7270273566246033,0.684613049030304,10.131269454956056,3.1310715675354004,1.6987489461898804,-0.0568892210721969
2298567839.0,-0.8555830717086792,0.8218328356742859,9.957415580749512,2.9459831714630127,1.3588992357254028,0.0900468453764915
2298576172.0,-0.9391432404518129,0.9142583012580872,10.056187629699709,3.086502313613892,1.2580304145812988,-0.127277135848999
2298584505.0,-0.7732807397842407,0.8793771266937256,10.278021812438965,2.9324584007263184,0.8822182416915894,-0.0356037877500057
2298592838.0,-0.7004836797714233,0.7716484665870667,10.219411849975586,2.5783159732818604,0.2946021258831024,-0.0294819846749305
2298601171.0,-0.7319583892822266,0.8170985579490662,9.905391693115234,2.391050338745117,0.0931973904371261,0.0149202914908528
2298609504.0,-0.7568321824073792,0.960648477077484,9.667061805725098,2.59791111946106,0.7941053509712219,0.0034195005428045
2298617837.0,-0.802868664264679,0.8701037168502808,9.94455623626709,2.6744720935821533,1.237052321434021,0.0533672571182251
2298626170.0,-0.8228139281272888,0.6192812323570251,10.101744651794434,2.143309593200684,1.6055129766464231,0.0724498629570007
2298634503.0,-0.8527094721794128,0.6031622290611267,9.797383308410645,1.9991014003753664,1.342582941055298,0.0438643805682659
2298642836.0,-0.9322705268859864,0.7282359004020691,9.7967529296875,2.5506272315979004,1.2360789775848389,0.1113834977149963
2298651169.0,-0.913120985031128,0.7462304830551147,10.12121295928955,2.7563862800598145,0.7454895377159119,0.0928644239902496
2298659502.0,-0.7736939787864685,0.6059098243713379,10.136576652526855,2.29000210762024,0.0226557869464159,0.0850264430046081
2298667835.0,-0.7313364744186401,0.488002598285675,9.799480438232422,1.9442099332809448,-0.1894941180944442,0.1544154286384582
2298676168.0,-0.7742377519607544,0.479398250579834,9.497088432312012,2.0717687606811523,-0.0205426160246133,0.069657914340496
2298684501.0,-0.7352897524833679,0.5934506058692932,9.627196311950684,2.5909183025360107,0.6030231714248657,0.0298021640628576
2298692834.0,-0.7230200171470642,0.5499865412712097,9.910537719726562,2.7555923461914062,0.985930323600769,0.0304425228387117
2298701167.0,-0.7279508113861084,0.4845163822174072,9.941699028015137,2.326476812362671,0.9491739273071288,0.2381739616394043
2298709500.0,-0.7720519304275513,0.5422783493995667,9.723190307617188,2.224890947341919,0.9516329765319824,0.1537750661373138
2298717833.0,-0.8017551302909851,0.5610419511795044,9.850603103637695,2.41738224029541,0.8838576674461365,0.0522914640605449
2298726166.0,-0.7507578730583191,0.52604079246521,10.067734718322754,2.302450656890869,0.4411667585372925,0.1426072418689727
2298734499.0,-0.5908706784248352,0.4057222604751587,10.032233238220217,2.203861713409424,-0.0515870712697505,0.1048006489872932
2298742832.0,-0.5800532102584839,0.424430638551712,9.690113067626951,2.121102094650269,-0.2851633131504059,0.0762407705187797
2298751165.0,-0.6241498589515686,0.5492631196975708,9.603983879089355,2.217565059661865,0.1879700571298599,0.1292622238397598
2298759498.0,-0.5751672387123108,0.4903492629528045,9.77483081817627,2.262671709060669,0.6265625357627869,0.1057227551937103
2298767831.0,-0.6128879189491272,0.2745104432106018,9.84739589691162,2.013112068176269,1.002912521362305,0.0731926783919334
2298776164.0,-0.6593667268753052,0.131127119064331,9.845154762268066,1.9078377485275269,1.1502968072891235,0.0771884992718696
2298784497.0,-0.7012806534767151,0.3031631410121918,9.710715293884276,2.2919230461120605,1.0246334075927734,0.0597195848822593
2298792830.0,-0.6978301405906677,0.401119977235794,9.94944667816162,2.752723693847656,0.6738721132278442,0.0012935189297422
2298801163.0,-0.5984520316123962,0.2968552410602569,10.15688419342041,2.495735883712769,0.1106663048267364,-0.000640355865471
2298809496.0,-0.5068357586860657,0.1140944436192512,9.895387649536133,2.209958076477051,-0.2282996922731399,-0.0882666632533073
2298817829.0,-0.5539519190788269,0.1169735342264175,9.57091236114502,2.136521577835083,-0.066648244857788,0.002574230544269
2298826162.0,-0.600674569606781,0.2242851108312606,9.552599906921388,2.745346069335937,0.5771527290344238,0.0504984632134437
2298834495.0,-0.5632824301719666,0.2518192231655121,9.872625350952148,3.266314744949341,1.1655374765396118,0.0615638233721256
2298842828.0,-0.5996536016464233,0.1521188765764236,9.955294609069824,2.998414993286133,1.407745599746704,0.0295204054564237
2298851161.0,-0.6492705941200256,0.1509445905685424,9.80686378479004,2.693605899810791,1.246529459953308,0.0162010043859481
2298859494.0,-0.688645601272583,0.3043226599693298,9.779176712036133,2.9382214546203613,1.2313146591186523,0.0420201495289802
2298867827.0,-0.7110428810119629,0.267356663942337,9.994787216186523,3.3221280574798584,0.7840645909309387,0.017994001507759
2298876160.0,-0.6433188915252686,0.2387129068374633,9.965944290161133,2.994803667068481,0.1812847554683685,0.0306218191981315
2298884493.0,-0.5662944316864014,0.2512075304985046,9.754830360412598,3.0040760040283203,0.0774446353316307,0.016021704301238
2298892826.0,-0.6172804236412048,0.4179172813892364,9.600232124328612,3.3501245975494385,0.2591264247894287,0.1396872550249099
2298901159.0,-0.6774129271507263,0.4609093070030212,9.738851547241213,3.275791883468628,0.9955613613128662,0.0746783092617988
2298909492.0,-0.6434363126754761,0.3711916208267212,9.804953575134276,3.27315354347229,1.2762932777404783,0.1700144857168197
2298917825.0,-0.7348933219909668,0.2405855059623718,9.821094512939451,3.1511013507843018,1.3818238973617554,0.2015712112188339
2298926158.0,-0.7855451107025146,0.3873086869716644,9.79211139678955,3.2381904125213623,1.2584145069122314,0.2121755331754684
2298934491.0,-0.7998462915420532,0.6188656091690063,9.81253147125244,3.67488694190979,1.0312162637710571,0.1469104439020156
2298942824.0,-0.7449659705162048,0.5591460466384888,10.082969665527344,3.658544778823853,0.4659868776798248,0.1823605298995971
2298951157.0,-0.641211211681366,0.3950400650501251,9.956961631774902,2.9775397777557373,0.0389976762235164,0.1506501287221908
2298959490.0,-0.6621074080467224,0.3536233305931091,9.481684684753418,2.886096954345703,0.048474945127964,0.2061561942100525
2298967823.0,-0.734236478805542,0.5315174460411072,9.489145278930664,3.4886717796325684,0.5476452112197876,0.2059000432491302
2298976156.0,-0.748504638671875,0.6419723629951477,9.83297061920166,3.9692459106445312,1.1435859203338623,0.2401718646287918
2298984489.0,-0.6824522018432617,0.6141019463539124,10.011662483215332,3.6703789234161377,1.190178155899048,0.2762623131275177
2298992822.0,-0.7577924132347107,0.5804495811462402,9.920239448547363,3.287907600402832,0.9882868528366088,0.2047730237245559
2299001155.0,-0.8185370564460754,0.7081424593925476,9.782331466674805,3.228789806365967,0.86436527967453,0.1776219308376312
2299009488.0,-0.7716394066810608,0.7615559101104736,9.962770462036133,3.4569103717803955,0.4999771118164062,0.1415570825338363
2299017821.0,-0.6753355264663696,0.6734241247177124,10.20405101776123,3.312087059020996,0.1409423351287841,0.1424023509025573
2299026154.0,-0.5617283582687378,0.6561284065246582,10.016630172729492,2.923621654510498,-0.2641852498054504,0.0746014639735221
2299034487.0,-0.6014201045036316,0.8341723680496216,9.74390697479248,2.985735893249512,0.0730133727192878,0.0810818597674369
2299042820.0,-0.6821540594100952,0.9281466007232666,9.883983612060549,3.011350393295288,0.6625506281852722,0.0598476640880107
2299051153.0,-0.6640169620513916,0.7759113907814026,10.10390853881836,2.80518126487732,1.1483501195907593,0.0998314768075943
2299059486.0,-0.645034670829773,0.5568299293518066,10.060513496398926,2.4425864219665527,1.2791621685028076,0.0434801653027534
2299067819.0,-0.7608293890953064,0.5531817078590393,9.921208381652832,2.486924648284912,1.0677422285079956,0.0854106694459915
2299076152.0,-0.7756704688072205,0.7599384784698486,10.034287452697754,2.898186445236206,0.9294764995574952,0.0125381676480174
2299084485.0,-0.7119868993759155,0.782927393913269,10.21170711517334,3.0475945472717285,0.3353031277656555,0.0748576000332832
2299092818.0,-0.6412139534950256,0.517839789390564,10.199260711669922,2.484849691390991,-0.0086832260712981,0.114226683974266
2299101151.0,-0.6151886582374573,0.4329475164413452,9.764361381530762,2.09325909614563,-0.090418241918087,0.0544686689972877
2299109484.0,-0.654991865158081,0.5249580144882202,9.504290580749512,2.55592942237854,0.4564328491687774,0.0081325201317667
2299117817.0,-0.721579909324646,0.5940682291984558,9.833483695983888,3.1602203845977783,1.113105058670044,-0.0811202824115753
2299126150.0,-0.6773558259010315,0.5726017951965332,10.13536548614502,2.903360843658448,1.2368730306625366,-0.0280219726264476
2299134483.0,-0.7176973223686218,0.5054969787597656,9.967903137207031,2.51540756225586,1.2008594274520874,-0.0224636849015951
2299142816.0,-0.821366012096405,0.5244455933570862,9.827274322509766,2.442893743515014,1.0853649377822876,0.1396872401237487
2299151149.0,-0.7860481142997742,0.5920400023460388,9.91294288635254,2.624805688858032,0.785191535949707,0.0608210004866123
2299159482.0,-0.7526363134384155,0.5025883316993713,10.01710605621338,2.7182719707489014,0.2740082740783691,0.022015431895852
2299167815.0,-0.6945703029632568,0.3368211984634399,9.896656036376951,2.6108973026275635,0.0494226701557636,0.0044952980242669
2299176148.0,-0.6875154972076416,0.4066184461116791,9.555669784545898,2.53625750541687,-0.03399009257555,0.0888429880142211
2299184481.0,-0.6969131231307983,0.6266668438911438,9.544795989990234,2.7854580879211426,0.5558928847312927,0.0136139634996652
2299192814.0,-0.7417866587638855,0.5694422721862793,9.899518966674805,2.8124303817749023,1.0227892398834229,0.051190048456192
2299201147.0,-0.7073047161102295,0.3505049347877502,9.891823768615724,2.428242444992065,1.0287059545516968,0.1024441346526146
2299209480.0,-0.6884247660636902,0.2431264966726303,9.724161148071287,2.349478483200073,0.997840940952301,0.1141242161393165
2299217813.0,-0.7454327344894409,0.4572286903858185,9.798182487487791,2.6659677028656006,0.8185924887657166,0.0511644296348094
2299226146.0,-0.7023022174835205,0.5888717174530029,10.026049613952637,3.032405138015747,0.4547679722309112,0.070016510784626
2299234479.0,-0.5847427248954773,0.4694899916648865,10.058088302612305,2.706873893737793,0.0893552601337432,0.0869987532496452
2299242812.0,-0.5730946063995361,0.2972533106803894,9.843826293945312,2.2238919734954834,-0.188034102320671,0.1800552755594253
2299251145.0,-0.5970828533172607,0.3301678597927093,9.529818534851074,2.180732250213623,0.3315634429454803,0.0679161474108696
2299259478.0,-0.6516399383544922,0.4469320476055145,9.5896635055542,2.804694652557373,0.9063470363616944,0.0623578615486621
2299267811.0,-0.6531930565834045,0.429404467344284,10.041093826293944,3.139524221420288,1.1147956848144531,0.0426348932087421
2299276144.0,-0.6229122281074524,0.3445929884910583,10.09079360961914,2.7391223907470703,1.025325059890747,0.1017269417643547
2299284477.0,-0.6699760556221008,0.3750084042549133,9.82858943939209,2.529111385345459,0.9790145754814148,0.0700933560729026
2299292810.0,-0.7441332936286926,0.4712899923324585,9.847167015075684,2.8791041374206543,0.793516218662262,0.0284958388656377
2299301143.0,-0.7321215271949768,0.4603575468063354,10.03235149383545,2.95192551612854,0.5841454863548279,0.040790669620037
2299309476.0,-0.5716139674186707,0.3745977282524109,9.982171058654783,2.958047151565552,0.1795942038297653,0.0319025292992591
2299317809.0,-0.56593257188797,0.3377323448657989,9.761120796203612,2.6674280166625977,-0.0645478665828704,-0.0057119741104543
2299326142.0,-0.6225202679634094,0.4820745587348938,9.514488220214844,2.957355499267578,0.369703084230423,0.0335930734872818
2299334475.0,-0.6898269057273865,0.5214775800704956,9.686250686645508,3.1783037185668945,0.9676417708396912,0.0620248690247535
2299342808.0,-0.6956064105033875,0.4872809052467346,9.995682716369627,3.005561828613281,1.2224777936935425,0.0106683308258652
2299351141.0,-0.9349529147148132,0.1244940981268882,9.883251190185549,2.433518648147583,0.4387590289115906,-0.0502551272511482
2299359474.0,-0.4937700033187866,0.5248334407806396,9.515835762023926,3.1912903785705566,0.8378544449806213,-0.0752546191215515
2299367807.0,-0.9038796424865724,0.5804519057273865,10.119062423706056,3.5668461322784424,0.8601644039154053,0.1105126142501831
2299376140.0,-0.5560229420661926,0.7489528059959412,9.97242832183838,3.2946693897247314,0.4765912294387817,0.0751649737358093
2299384473.0,-0.6322239637374878,0.4792719781398773,10.142067909240724,2.623909711837769,0.2664008438587188,0.1071315482258796
2299392806.0,-0.5854151844978333,0.488624095916748,9.649579048156738,2.3526036739349365,0.2000087648630142,0.1982413828372955
2299401139.0,-0.6786675453186035,0.6013616323471069,9.65326976776123,2.892577171325684,0.5804057717323303,0.1076694354414939
2299409472.0,-0.656915545463562,0.7107843160629272,10.002862930297852,3.175025224685669,0.6718229055404663,0.1526992619037628
2299417805.0,-0.6980904340744019,0.6051155924797058,10.087833404541016,2.850083112716675,0.8504822850227356,0.1012658849358558
2299426138.0,-0.7179266810417175,0.5577000975608826,9.945940971374512,2.3456106185913086,0.7450283765792847,0.1067473068833351
2299434471.0,-0.7860386371612549,0.6127259135246277,9.736685752868652,2.5338244438171387,0.5985150337219238,0.0829516947269439
2299442804.0,-0.8071245551109314,0.5980134010314941,9.839905738830566,2.9193692207336426,0.5638076663017273,0.1383808851242065
2299451137.0,-0.6427391767501831,0.5883802771568298,10.072796821594238,3.0052030086517334,0.3859680891036987,0.0865120813250541
2299459470.0,-0.5627107620239258,0.5965948104858398,9.952505111694336,2.7254700660705566,0.2484965026378631,0.0828492566943168
2299467803.0,-0.6695736646652222,0.5687081217765808,9.607730865478516,2.486694097518921,0.5016420483589172,0.0829517021775245
2299476136.0,-0.6647345423698425,0.7165243029594421,9.531234741210938,2.9269769191741943,1.1647175550460815,0.0328246429562568
2299484469.0,-0.7195977568626404,0.6220090389251709,9.94153881072998,3.277686834335327,1.5897603034973145,0.0693249255418777
2299492802.0,-0.7485410571098328,0.4456348717212677,10.053117752075195,2.94021987915039,1.6795127391815186,0.0587718710303306
2299501135.0,-0.8010231852531433,0.527157187461853,9.806598663330078,2.6795437335968018,1.398396372795105,0.0449914038181304
2299509468.0,-0.8454437255859375,0.6365149617195129,9.844286918640137,2.8326144218444824,1.0768095254898071,0.1413265466690063
2299517801.0,-0.8102395534515381,0.7497249245643616,10.131362915039062,3.0025389194488525,0.6001799702644348,0.0158167909830808
2299526134.0,-0.6713817715644836,0.6543006300926208,10.231271743774414,2.512590169906616,-0.0411364622414112,-0.0073256716132164
2299534467.0,-0.6271544098854065,0.5029048323631287,9.77487087249756,2.0841660499572754,-0.3542704582214355,0.1040578186511993
2299542800.0,-0.6891844868659973,0.5742648243904114,9.553446769714355,2.230577230453491,0.2826915085315704,0.0697347521781921
2299551133.0,-0.6667789816856384,0.717625081539154,9.806495666503906,2.622372627258301,0.7761241793632507,0.0913787931203842
2299559466.0,-0.6935942769050598,0.6681958436965942,10.093899726867676,2.664713144302368,1.1751426458358765,0.0617943443357944
2299567799.0,-0.7590155601501465,0.5640283226966858,10.086285591125488,2.3483259677886963,1.13672137260437,0.1084890887141227
2299576132.0,-0.7905140519142151,0.5611271858215332,9.867338180541992,2.107654571533203,0.8089103102684021,0.1452967524528503
2299584465.0,-0.8353561758995056,0.5659635663032532,9.900080680847168,2.1508145332336426,0.4245431125164032,0.0675319284200668
2299592798.0,-0.7752640247344971,0.4524894058704376,10.086737632751465,2.153247594833374,0.0237059723585844,-0.0881641954183578
2299601131.0,-0.6513872146606445,0.3529492914676666,9.969311714172363,2.1759676933288574,-0.1625991463661193,-0.0888557881116867
2299609464.0,-0.6309856176376343,0.3318847715854645,9.674383163452148,2.2093684673309326,-0.0286623295396566,0.0243975576013326
2299617797.0,-0.6797444224357605,0.396924614906311,9.587682723999023,2.475039482116699,0.3813575208187103,0.010924469679594
2299626130.0,-0.6861178278923035,0.417580634355545,9.68406105041504,2.7223961353302,0.8748670816421509,-0.0120130768045783
2299634463.0,-0.6824179887771606,0.2639697790145874,9.902586936950684,2.6014201641082764,1.09937584400177,0.029392335563898
2299642796.0,-0.6820840835571289,0.1860221773386001,9.924924850463867,2.458876848220825,1.0500682592391968,0.0327734127640724
2299651129.0,-0.6908372640609741,0.3331163227558136,9.731451034545898,2.736586570739746,0.7057362198829651,0.030032692477107
2299659462.0,-0.6822587847709656,0.5025387406349182,9.93234920501709,3.314904928207397,0.4815860688686371,-0.0061986451037228
2299667795.0,-0.5564103126525879,0.5284821391105652,10.083697319030762,3.1477720737457275,0.1715257316827774,0.0417640171945095
2299676128.0,-0.4552540481090545,0.3484775424003601,9.934661865234377,2.5405097007751465,-0.166262000799179,-0.0590152032673358
2299684461.0,-0.4459706842899322,0.3612234890460968,9.57015609741211,2.408928871154785,0.032004989683628,0.0805951952934265
2299692794.0,-0.5561279058456421,0.4911037981510162,9.622774124145508,2.872828722000122,0.6059432029724121,0.1636621654033661
2299701127.0,-0.5102035999298096,0.5441259741783142,9.903278350830078,3.1252567768096924,1.0952006578445437,0.2006491124629974
2299709460.0,-0.5532782673835754,0.4622264504432678,9.987988471984863,2.845190525054932,1.3167123794555664,0.1829752773046493
2299717793.0,-0.606562077999115,0.4153534471988678,9.968700408935549,2.4496302604675293,1.2320575714111328,0.1026234254240989
2299726126.0,-0.6502107977867126,0.4686715006828308,9.77050495147705,2.517584800720215,0.8892621397972107,0.2332560271024704
2299734459.0,-0.6949876546859741,0.5066989064216614,9.909341812133787,2.8161444664001465,0.7216426134109497,0.2591263949871063
2299742792.0,-0.5965217351913452,0.4396539330482483,10.064794540405272,2.723318338394165,0.4015415906906128,0.2545670866966247
2299751125.0,-0.5581083297729492,0.3636583387851715,9.841496467590332,2.5361807346343994,0.2003929764032364,0.1072340011596679
2299759458.0,-0.5711051225662231,0.4627593457698822,9.667234420776367,2.656388521194458,0.4012853801250458,0.1587186008691787
2299767791.0,-0.7324674725532532,0.6103739738464355,9.692246437072754,2.846112966537476,0.9005067944526672,0.1908644586801529
2299776124.0,-0.7133449912071228,0.5755024552345276,9.959868431091309,2.904205799102783,1.4280831813812256,0.1921195685863495
2299784457.0,-0.7379371523857117,0.4078125357627868,9.971063613891602,2.6486783027648926,1.4810022115707395,0.1992403268814087
2299792790.0,-0.8128303289413452,0.4503170251846313,9.930139541625977,2.666992664337158,1.256852149963379,0.0250123012810945
2299801123.0,-0.8358660340309143,0.7117588520050049,9.887996673583984,2.9088165760040283,0.9533489346504213,0.0454012304544448
2299809456.0,-0.8536279201507568,0.7971541285514832,10.119441032409668,3.19764256477356,0.5816608667373657,-0.0249226484447717
2299817789.0,-0.6835232973098755,0.646007776260376,10.256606101989746,2.6666085720062256,0.1998294591903686,-0.047668095678091
2299826122.0,-0.6945365071296692,0.5080466866493225,9.888838768005373,2.077967405319214,0.1679397225379943,0.0744477584958076
2299834455.0,-0.7511093616485596,0.5974568128585815,9.640262603759766,2.2353415489196777,0.4246968328952789,-0.0307626947760581
2299842788.0,-0.8078336119651794,0.7084994912147522,9.752226829528809,2.727647304534912,1.0726090669631958,-0.0312237534672021
2299851121.0,-0.748996913433075,0.6981740593910217,10.11939525604248,2.771370649337769,1.3399447202682495,-0.0242310687899589
2299859454.0,-0.7864766120910645,0.5564592480659485,10.065984725952148,2.3329827785491943,1.1736828088760376,0.0460415855050087
2299867787.0,-0.8734297156333923,0.530818521976471,9.886138916015623,2.025458335876465,0.9597525596618652,-0.0440308675169944
2299876120.0,-0.8392502069473267,0.6586437821388245,9.815943717956545,2.33288049697876,0.7413656711578369,0.0829517096281051
2299884453.0,-0.820303738117218,0.5870355367660522,10.10171890258789,2.5358221530914307,0.6064042448997498,0.077828861773014
2299892786.0,-0.6507605314254761,0.4553411602973938,10.157050132751465,2.279935836791992,-0.0175713635981082,-0.0494098551571369
2299901119.0,-0.6444662809371948,0.489040732383728,9.720714569091797,2.1914641857147217,-0.1033278182148933,-0.0463873781263828
2299909452.0,-0.7219130992889404,0.6012237668037415,9.596304893493652,2.4261674880981445,0.2814876437187195,0.0351299196481704
2299917785.0,-0.7442269325256348,0.5979584455490112,9.768893241882324,2.566072702407837,0.9666940569877625,0.112536147236824
2299926118.0,-0.6666812300682068,0.4522677063941955,9.999390602111816,2.452217102050781,1.2405869960784912,0.0127174677327275
2299934451.0,-0.7081469297409058,0.349027931690216,9.89985179901123,2.198610782623291,1.0175639390945437,0.0420201569795608
2299942784.0,-0.7466174364089966,0.5091834664344788,9.732839584350586,2.467278242111206,0.7912620902061462,0.0447864904999733
2299951117.0,-0.6910311579704285,0.6620320677757263,9.88907241821289,2.9469306468963623,0.5427272915840149,0.0221435073763132
2299959450.0,-0.6480403542518616,0.5617767572402954,10.025179862976074,2.787148714065552,0.1139192953705787,0.096424788236618
2299967783.0,-0.5419436693191528,0.3749845325946808,9.876450538635254,2.227682590484619,-0.181681752204895,0.0568251796066761
2299976116.0,-0.5770719647407532,0.3364830017089844,9.42351245880127,2.05591368675232,-0.0107067497447133,0.0773165673017501
2299984449.0,-0.6482351422309875,0.4562091827392578,9.459342002868652,2.6389451026916504,0.5130147337913513,0.0624603144824504
2299992782.0,-0.6700207591056824,0.4969835877418518,9.807846069335938,3.0363755226135254,1.0841864347457886,0.045862291008234
2300001115.0,-0.6133953332901001,0.4266358315944671,9.9437255859375,2.7713961601257324,1.1311631202697754,0.170987844467163
2300009448.0,-0.6793060302734375,0.3174141943454742,9.73712921142578,2.411720991134644,0.9426934123039246,0.0944524854421615
2300017781.0,-0.6884326338768005,0.3885701298713684,9.602272033691406,2.635615348815918,0.6815564036369324,0.1448613107204437
2300026114.0,-0.6183605790138245,0.4538489282131195,9.76970100402832,2.871957778930664,0.4086367189884186,0.1587186157703399
2300034447.0,-0.5735588073730469,0.3496889472007751,9.981697082519531,2.901491165161133,0.0778032392263412,0.0593353807926178
2300042780.0,-0.5204980969429016,0.3116849064826965,9.727483749389648,2.704363822937012,-0.007709885481745,0.1709365844726562
2300051113.0,-0.5341757535934448,0.4489774703979492,9.516871452331545,2.8419125080108643,0.2795665860176086,0.1427609473466873
2300059446.0,-0.6341238021850586,0.4517538249492645,9.693535804748535,2.94027042388916,0.8147760033607483,0.1226537674665451
2300067779.0,-0.632077693939209,0.3673382401466369,9.8853120803833,2.856973171234131,1.1737594604492188,0.1561827957630157
2300076112.0,-0.6284024119377136,0.239750787615776,9.901483535766602,2.6854093074798584,1.2232205867767334,0.1497792452573776
2300084445.0,-0.6913619637489319,0.2874065935611725,9.80201816558838,2.829822063446045,1.0453040599822998,0.0953489914536476
2300092778.0,-0.7180091142654419,0.4731938540935516,9.862632751464844,3.218799829483032,0.8698722124099731,0.0893040224909782
2300101111.0,-0.6217381358146667,0.5692128539085388,10.041452407836914,3.3038651943206787,0.4396555721759796,0.1133558079600334
2300109444.0,-0.6054510474205017,0.4078969359397888,10.090055465698242,2.933457136154175,0.1906083226203918,-0.060526430606842
2300117777.0,-0.5859941840171814,0.2942774891853332,9.821381568908691,2.5486292839050293,0.1363829970359802,0.0459391325712204
2300126110.0,-0.6216022968292236,0.4395570456981659,9.58628273010254,2.738302707672119,0.4611203372478485,0.0051868828013539
2300134443.0,-0.6971004605293274,0.59332275390625,9.841458320617676,3.2326319217681885,1.0515540838241575,-0.0327862240374088
2300142776.0,-0.6988397836685181,0.6250131130218506,10.176400184631348,3.173335075378418,1.1887950897216797,0.102239228785038
2300151109.0,-0.7078592777252197,0.5529821515083313,10.064865112304688,2.737226724624634,1.0981718301773071,0.0770348086953163
2300159442.0,-0.7848917245864868,0.5284909009933472,9.903412818908691,2.7298498153686523,0.8744059205055237,-0.0154966106638312
2300167775.0,-0.8075032234191895,0.6057441234588623,9.81901741027832,2.8877108097076416,0.7867797017097473,-0.1246901080012321
2300176108.0,-0.7154935002326965,0.5780245661735535,10.042723655700684,3.146260499954224,0.6986411213874817,-0.1601914316415786
2300184441.0,-0.656031608581543,0.5157761573791504,10.114211082458496,3.2485382556915283,0.5138856172561646,-0.0277402177453041
2300192774.0,-0.6537953615188599,0.5981262922286987,9.776881217956545,3.0565853118896484,0.6741538643836975,-0.0733079388737678
2300201107.0,-0.7151383757591248,0.6847823262214661,9.630814552307127,3.133760452270508,1.0486851930618286,-0.0981281250715255
2300209440.0,-0.8192148804664612,0.6421144008636475,9.889056205749512,3.32535457611084,1.6449586153030396,-0.1339368224143982
2300217773.0,-0.7911712527275085,0.5103650689125061,10.095293998718262,2.959097623825073,1.7448803186416626,-0.0759462118148803
2300226106.0,-0.7846575975418091,0.4659727811813354,9.944679260253906,2.851773738861084,1.4814633131027222,-0.0545583181083202
2300234439.0,-0.8681713342666626,0.6164219975471497,9.827655792236328,3.262805223464966,1.2584657669067385,-0.0843476802110672
2300242772.0,-0.810452938079834,0.746737003326416,10.018684387207031,3.3879311084747314,0.8941033482551575,-0.0629341751337051
2300251105.0,-0.7273160815238953,0.6811743974685669,10.047335624694824,3.211397647857666,0.5299713611602783,-0.0725395157933235
2300259438.0,-0.6730658411979675,0.5081825256347656,9.899609565734863,2.6219372749328613,0.5323278307914734,-0.1556320935487747
2300267771.0,-0.7077046036720276,0.4818573594093323,9.606240272521973,2.609770536422729,0.724511444568634,0.0092339320108294
2300276104.0,-0.7652276158332825,0.6278948187828064,9.54122257232666,3.075385808944702,1.0420255661010742,-0.0365771315991878
2300284437.0,-0.7530689835548401,0.6753633618354797,9.872944831848145,3.398303985595703,1.5210626125335691,-0.0640611946582794
2300292770.0,-0.6717337965965271,0.5765692591667175,10.081204414367676,3.010172367095948,1.5534650087356567,-0.0077867275103926
2300301103.0,-0.7039456367492676,0.5043514966964722,9.9010648727417,2.6907880306243896,1.1854139566421509,0.0919166803359985
2300309436.0,-0.7918850183486938,0.5606337785720825,9.756753921508787,2.620810270309448,1.0285011529922483,0.0845654010772705
2300317769.0,-0.7161943912506104,0.6269230246543884,9.907580375671388,2.5950937271118164,0.9182063341140748,0.0974749773740768
2300326102.0,-0.5828135013580322,0.5409024357795715,10.038959503173828,2.7448084354400635,0.4336105585098266,0.0720656439661979
2300334435.0,-0.5555174946784973,0.42758509516716,9.970154762268066,2.619068384170532,0.1550301611423492,-0.0015368541935458
2300342768.0,-0.5768769383430481,0.5022628307342529,9.643546104431152,2.3894622325897217,0.3061797618865967,0.0251403711736202
2300351101.0,-0.6799885034561157,0.5565007925033569,9.60433578491211,2.677135944366455,0.8497650027275085,-0.0595274865627288
2300359434.0,-0.6664220094680786,0.4696941375732422,9.899011611938477,2.709230422973633,1.1506298780441284,-0.0319409482181072
2300367767.0,-0.5857893824577332,0.2795960009098053,9.984657287597656,2.4562642574310303,1.1019885540008545,-0.0181092638522386
2300376100.0,-0.6589788794517517,0.3042969703674316,9.80944538116455,2.559361457824707,0.932550311088562,0.1136631667613983
2300384433.0,-0.706942617893219,0.4819949269294739,9.835766792297363,2.876594066619873,0.8249192237854004,0.004059855826199
2300392766.0,-0.6384347677230835,0.5589998960494995,10.00162410736084,3.021468162536621,0.496595948934555,0.0833871439099311
2300401099.0,-0.5513314008712769,0.3966266512870788,9.976941108703612,2.7121760845184326,0.2279539108276367,-0.0164187252521514
2300409432.0,-0.5741581916809082,0.2297125160694122,9.85666275024414,2.287927627563477,0.1589491218328476,0.0549553446471691
2300417765.0,-0.630936861038208,0.34323450922966,9.59139347076416,2.342639684677124,0.6045600175857544,-0.0272279344499111
2300426098.0,-0.7033050656318665,0.4396255314350128,9.712766647338867,2.8493146896362305,0.8536840081214905,0.0248073861002922
2300434431.0,-0.7078899145126343,0.4220130443572998,9.87445068359375,3.0256173610687256,1.183979630470276,-0.0923649221658706
2300442764.0,-0.6839916706085205,0.3680458664894104,9.949466705322266,2.9053330421447754,1.4210392236709597,-0.1093215495347976
2300451097.0,-0.6998174786567688,0.3453850150108337,10.003018379211426,2.6899425983428955,1.0990427732467651,-0.0342974588274955
2300459430.0,-0.7818499207496643,0.4436087310314178,9.899532318115234,2.843474864959717,0.9076276421546936,0.0610003061592578
2300467763.0,-0.7272200584411621,0.379835307598114,9.908376693725586,3.1337099075317383,0.7131387591362,-0.0746911242604255
2300476096.0,-0.6160076856613159,0.3481214046478271,9.918720245361328,3.013117790222168,0.5343769192695618,0.0397404842078685
2300484429.0,-0.6483079791069031,0.3572664856910705,9.805233001708984,2.948134183883667,0.5477732419967651,0.0092851594090461
2300492762.0,-0.672743022441864,0.5254207253456116,9.795933723449709,2.960045337677002,0.6951063275337219,-0.0223868414759635
2300501095.0,-0.7779930233955383,0.5332675576210022,9.801950454711914,3.145108222961426,0.9871086478233336,0.0141518656164407
2300509428.0,-0.7751017212867737,0.3916167914867401,9.957931518554688,3.0698275566101074,1.349063277244568,0.0376145020127296
2300517761.0,-0.731226921081543,0.3086781203746795,9.88471508026123,2.8579463958740234,1.180803298950195,0.0061089945957064
2300526094.0,-0.8367171287536621,0.4805627167224884,9.844930648803713,3.101973533630371,0.9709460735321044,-0.037985909730196
2300534427.0,-0.8655895590782166,0.6515238881111145,9.97195529937744,3.397562026977539,0.7922611832618713,0.0026254593394696
2300542760.0,-0.7022005915641785,0.6557421684265137,9.995025634765623,3.195644855499268,0.5288699269294739,-0.0138316880911588
2300551093.0,-0.6338040828704834,0.4860664010047912,9.898369789123535,2.8279268741607666,0.2419905066490173,0.0908665060997009
2300559426.0,-0.6677066087722778,0.4238505065441131,9.684496879577637,2.596886396408081,0.3410151302814483,0.0433520935475826
2300567759.0,-0.7338439226150513,0.5975186824798584,9.628520011901855,2.924005508422852,0.8136489391326904,-0.0386518761515617
2300576092.0,-0.7547152638435364,0.6690789461135864,9.85129165649414,3.3004581928253174,1.1363115310668943,-0.0611411780118942
2300584425.0,-0.7327743172645569,0.602873682975769,10.046379089355469,3.174974203109741,1.150732398033142,-0.0042519634589552
2300592758.0,-0.6964168548583984,0.5573497414588928,9.897305488586426,2.8565380573272705,0.9469199180603028,0.0450938642024993
2300601091.0,-0.801044762134552,0.6406030654907227,9.802071571350098,2.8711636066436768,0.7744079232215881,0.0733207464218139
2300609424.0,-0.8082826733589172,0.649389922618866,9.903854370117188,2.8734946250915527,0.5894476175308228,0.1194776073098182
2300617757.0,-0.6266899108886719,0.5626096129417419,10.046730041503906,2.926644086837769,0.4996184706687927,0.020965252071619
2300626090.0,-0.5779343843460083,0.4882221221923828,9.936909675598145,2.73543381690979,0.1488059014081955,0.1104101687669754
2300634423.0,-0.6074725985527039,0.5497753620147705,9.706546783447266,2.784920454025269,0.2646591067314148,0.0867169946432113
2300642756.0,-0.6559324264526367,0.6637344360351562,9.673531532287598,2.9222640991210938,0.7011768221855164,0.0793913155794143
2300651089.0,-0.6727908849716187,0.5964744687080383,9.87135124206543,2.907818078994751,1.0299612283706665,0.0277786403894424
2300659422.0,-0.6577224135398865,0.4107686579227447,10.037832260131836,2.715813398361206,1.0896424055099487,-0.0456189550459384
2300667755.0,-0.6729345917701721,0.4228735268115997,9.837791442871094,2.646219253540039,1.0354938507080078,-0.0131913321092724
2300676088.0,-0.7582993507385254,0.6199402213096619,9.80569076538086,3.0718767642974854,0.8631101250648499,0.0728340819478035
2300684421.0,-0.7317781448364258,0.7186819911003113,10.04969882965088,3.292235851287842,0.7854732871055603,0.0069798780605196
2300692754.0,-0.5760892629623413,0.5885235667228699,10.05847454071045,2.8629415035247803,0.2150186896324157,0.0321074463427066
2300701087.0,-0.5694448947906494,0.4257455766201019,9.78321647644043,2.522246599197388,0.2545670866966247,0.0528037436306476
2300709420.0,-0.6621793508529663,0.4339047372341156,9.579258918762209,2.6297495365142822,0.5746682286262512,-0.0512797012925148
2300717753.0,-0.6964300274848938,0.6309840679168701,9.668526649475098,3.0877578258514404,1.1645127534866333,0.0538027063012123
2300726086.0,-0.6768491268157959,0.6094998121261597,9.979808807373049,3.419230937957764,1.3663015365600586,-0.0771500617265701
2300734419.0,-0.6477005481719971,0.4954054057598114,10.0164155960083,2.9205222129821777,1.2189685106277466,0.0357446633279323
2300742752.0,-0.6939738392829895,0.5054163336753845,9.761480331420898,2.7987778186798096,1.172504425048828,-0.0475144125521183
2300751085.0,-0.7949511408805847,0.5704572796821594,9.725982666015623,2.934635877609253,1.0191264152526855,0.112305611371994
2300759418.0,-0.7094907164573669,0.5726836919784546,9.98419952392578,2.906357526779175,0.8568858504295349,-0.036449059844017
2300767751.0,-0.5903094410896301,0.4996994733810425,10.043320655822754,2.820882797241211,0.5594788789749146,-0.0044056489132344
2300776084.0,-0.619236409664154,0.4661611914634704,9.83102035522461,2.6731910705566406,0.3929095566272735,0.0650473460555076
2300784417.0,-0.7136400938034058,0.5739880204200745,9.661752700805664,2.740787506103516,0.7475131154060364,0.0336699150502681
2300792750.0,-0.7516599297523499,0.6700124740600586,9.757109642028809,2.846881151199341,1.0671530961990356,0.0657389312982559
2300801083.0,-0.7252930402755737,0.4376380145549774,9.98505401611328,2.612101078033448,1.1845942735671997,0.0313390158116817
2300809416.0,-0.724105715751648,0.34136563539505,9.96485996246338,2.3933045864105225,1.064181923866272,0.0767018347978591
2300817749.0,-0.7635667324066162,0.4914771020412445,9.811074256896973,2.5679168701171875,0.867464542388916,0.0605904757976532
2300826082.0,-0.8100799322128296,0.6289865374565125,9.845418930053713,3.03750228881836,0.614780068397522,0.0454268455505371
2300834415.0,-0.6957222819328308,0.5907295346260071,10.090703964233398,3.0710315704345703,0.5189828872680664,-0.0410340055823326
2300842748.0,-0.5988537073135376,0.4401885271072387,9.956547737121582,2.6527769565582275,0.1699632555246353,0.0678649172186851
2300851081.0,-0.6832482218742371,0.3700642585754394,9.757031440734863,2.3480441570281982,0.3947281539440155,0.1474483460187912
2300859414.0,-0.7844334840774536,0.553181529045105,9.649291038513184,2.6043403148651123,0.9140312075614928,0.1703218668699264
2300867747.0,-0.7780239582061768,0.6092070937156677,9.921601295471191,3.109734535217285,1.120174527168274,0.0424043610692024
2300876080.0,-0.6923303008079529,0.4981662631034851,10.13278865814209,2.997775077819824,1.05724036693573,0.0852313712239265
2300884413.0,-0.7621886134147644,0.4594946205615997,9.991575241088867,2.5754215717315674,0.8700516223907471,-0.0126022044569253
2300892746.0,-0.7736241221427917,0.5445232391357422,9.837610244750977,2.464051008224488,0.6729243993759155,-0.0078379567712545
2300901079.0,-0.7831928730010986,0.596464216709137,9.877979278564451,2.74442458152771,0.7153927683830261,0.0854875072836875
2300909412.0,-0.6624462008476257,0.4803869128227234,10.142807006835938,2.755361557006836,0.3755431175231933,0.0600781850516796
2300917745.0,-0.5616576075553894,0.4570497274398803,9.952593803405762,2.488461494445801,0.1232685074210167,0.0072360220365226
2300926078.0,-0.6437155604362488,0.524226725101471,9.756332397460938,2.5454275608062744,0.325544148683548,0.0572093985974788
2300934411.0,-0.6616872549057007,0.6166365742683411,9.764678955078123,2.7393274307250977,0.8216407299041748,0.0655596405267715
2300942744.0,-0.6956136226654053,0.5330105423927307,9.818469047546388,2.74537205696106,1.231289029121399,0.0123076392337679
2300951077.0,-0.7028672695159912,0.3550028800964355,9.981582641601562,2.584233045578003,1.1294212341308594,0.0534440986812114
2300959410.0,-0.7443845272064209,0.3723722398281097,9.85865592956543,2.5836181640625,1.15262770652771,-0.0011782547226175
2300967743.0,-0.7677955031394958,0.6205220222473145,9.830942153930664,2.930409669876098,0.8979198336601257,0.0475784428417682
2300976076.0,-0.7300077676773071,0.6602306365966797,9.963980674743652,3.2420575618743896,0.3865316212177276,0.0004482491349335
2300984409.0,-0.5993393659591675,0.509056806564331,9.998294830322266,2.9505937099456787,0.2648127973079681,-0.1287371665239334
2300992742.0,-0.5308639407157898,0.3926272690296173,9.767414093017578,2.360748529434204,0.1636109203100204,0.0398941673338413
2301001075.0,-0.6840513348579407,0.4174451828002929,9.536741256713867,2.5705294609069824,0.6014094352722168,0.1486522108316421
2301009408.0,-0.732066810131073,0.5894857048988342,9.667936325073242,2.942576169967652,1.194327712059021,0.1143803745508194
2301017741.0,-0.6373659372329712,0.5687946081161499,9.863316535949709,3.28729248046875,1.2696335315704346,-0.0209780558943748
2301026074.0,-0.7182821035385132,0.4881146848201751,9.94893741607666,3.164959192276001,1.2681480646133425,0.048731081187725
2301034407.0,-0.7293915152549744,0.5188980102539062,9.838593482971191,2.775904417037964,1.151808261871338,-0.0928003713488578
2301042740.0,-0.7971974611282349,0.5951383709907532,9.728049278259276,2.780694007873535,1.1471463441848757,0.0597708187997341
2301051073.0,-0.7402404546737671,0.5563327670097351,9.874088287353516,2.9001591205596924,0.9166438579559326,0.0184294451028108
2301059406.0,-0.631071925163269,0.4519423544406891,10.002676010131836,2.8034396171569824,0.6613467931747437,-0.0146001148968935
2301067739.0,-0.6128782033920288,0.4920681715011596,9.748507499694824,2.7179648876190186,0.4622216820716858,-0.0563769340515136
2301076072.0,-0.6918585896492004,0.5917007923126221,9.666691780090332,2.895932674407959,0.6951830983161926,-0.0201071724295616
2301084405.0,-0.7182005047798157,0.6113048195838928,9.8507661819458,2.929948091506958,1.0864661931991575,0.1057227551937103
2301092738.0,-0.6860695481300354,0.4773048758506775,9.904463768005373,2.7007009983062744,1.3012672662734983,-0.0608594268560409
2301101071.0,-0.7392033338546753,0.3265590965747833,9.89633846282959,2.6158151626586914,1.178446888923645,0.0676600113511085
2301109404.0,-0.7924244999885559,0.4766913950443268,9.874673843383787,2.811047077178955,1.0893350839614868,0.1350510567426681
2301117737.0,-0.80494225025177,0.7026763558387756,9.904417037963867,3.2276370525360107,0.8630844354629517,0.0240645725280046
2301126070.0,-0.7310485243797302,0.6251043677330017,10.0572509765625,3.0608625411987305,0.5740534663200378,-0.1028667688369751
2301134403.0,-0.6141461730003357,0.4513207972049713,10.016551971435549,2.748497247695923,0.491319477558136,-0.091750182211399
2301142736.0,-0.6409292221069336,0.4268009960651397,9.70115852355957,2.3141567707061768,0.604816198348999,-0.0142159014940261
2301151069.0,-0.7885631918907166,0.5261803865432739,9.667707443237305,2.6548001766204834,0.9441792368888856,0.037588894367218
2301159402.0,-0.7709645628929138,0.587904155254364,9.979683876037598,3.0638084411621094,1.3097968101501465,-0.08877894282341
2301167735.0,-0.689537525177002,0.4852997958660126,10.041939735412598,3.093700170516968,1.2906373739242554,-0.0773549973964691
2301176068.0,-0.7483879923820496,0.4314844310283661,9.97634220123291,2.785919666290283,1.1273465156555176,-0.087293304502964
2301184401.0,-0.8169304132461548,0.5525588989257812,9.833344459533691,2.809356451034546,1.0924599170684814,-0.0151636283844709
2301192734.0,-0.7763573527336121,0.6041053533554077,9.896851539611816,2.910250902175904,0.8676182627677917,-0.0921087935566902
2301201067.0,-0.7238607406616211,0.5023685693740845,10.060026168823242,2.896188974380493,0.4170125722885132,-0.1524815410375595
2301209400.0,-0.625989556312561,0.4386554360389709,9.975830078125,2.5260372161865234,0.3573313951492309,0.0475784391164779
2301217733.0,-0.669339656829834,0.5222039222717285,9.720027923583984,2.706643581390381,0.3936523497104645,-0.1211553364992141
2301226066.0,-0.7544623613357544,0.6271197199821472,9.7389497756958,2.9804086685180664,0.7711294293403625,-0.0659566596150398
2301234399.0,-0.7218602895736694,0.5488700866699219,9.902291297912598,2.869703531265259,1.1437140703201294,-0.0629341676831245
2301242732.0,-0.6888383626937866,0.4015640914440155,9.905465126037598,2.619964838027954,1.1708906888961792,-0.0139597589150071
2301251065.0,-0.7540566921234131,0.3921697735786438,9.856715202331545,2.5459909439086914,1.0014781951904297,0.0033938859123736
2301259398.0,-0.7752754092216492,0.6282350420951843,9.799317359924316,2.878309965133667,0.9240206480026244,0.0603599436581134
2301267731.0,-0.7219005227088928,0.7001582384109497,9.94672966003418,3.142828226089477,0.6973860263824463,-0.037627313286066
2301276064.0,-0.6485899686813354,0.5062572956085205,10.032395362854004,2.899672031402588,0.3135310113430023,-0.0687229931354522
2301284397.0,-0.5771904587745667,0.4068990647792816,9.769411087036133,2.334852695465088,0.361199140548706,0.0790839493274688
2301292730.0,-0.6575032472610474,0.494776964187622,9.575397491455078,2.410184144973755,0.6745637059211731,0.1824886202812194
2301301063.0,-0.7674360275268555,0.6284050941467285,9.745983123779297,2.8523881435394287,1.0939711332321167,0.0954002141952514
2301309396.0,-0.6828646063804626,0.5850873589515686,9.986420631408691,2.9451887607574463,1.3310307264328003,0.0353604480624198
2301317729.0,-0.6461004614830017,0.475978672504425,9.951419830322266,2.7392501831054688,1.0084707736968994,0.1393030136823654
2301326062.0,-0.7326061725616455,0.4978865385055542,9.804451942443848,2.490100622177124,0.7789929509162903,0.1167881116271019
2301334395.0,-0.7754700183868408,0.6020433306694031,9.791833877563477,2.535950422286988,0.7090148329734802,0.1764949113130569
2301342728.0,-0.6723880767822266,0.563021719455719,9.894463539123535,2.705132246017456,0.4141694009304046,0.0927619561553001
2301351061.0,-0.6031544804573059,0.4459953010082245,9.99876594543457,2.6383302211761475,0.312608927488327,0.1522894352674484
2301359394.0,-0.586146354675293,0.4789154529571533,9.800408363342283,2.597450017929077,0.1598456352949142,0.0776239410042762
2301367727.0,-0.684984564781189,0.6210011839866638,9.662565231323242,2.624293804168701,0.4269765317440033,0.0884075313806533
2301376060.0,-0.7720160484313965,0.6124899983406067,9.821093559265137,2.819576501846313,0.8510457277297974,0.0079276049509644
2301384393.0,-0.7026753425598145,0.4621337354183197,9.937849044799805,2.5952725410461426,1.1353380680084229,0.0824906453490257
2301392726.0,-0.7206947803497314,0.3613380193710327,9.925447463989258,2.380932807922364,0.9214081168174744,-0.0059168888255953
2301401059.0,-0.793498158454895,0.4974022805690765,9.85971450805664,2.560898303985596,0.7596797347068787,0.101240262389183
2301409392.0,-0.7803974747657776,0.7126991748809814,9.900090217590332,2.928898334503174,0.7418779134750366,0.1073876917362213
2301417725.0,-0.6852589249610901,0.6534367203712463,10.068142890930176,2.932125329971313,0.2861238121986389,-0.0322483219206333
2301426058.0,-0.6067497730255127,0.4043337404727936,9.989951133728027,2.42952299118042,0.3578948676586151,0.1286731213331222
2301434391.0,-0.672345757484436,0.3801060914993286,9.761635780334473,2.113110303878784,0.3580229580402374,0.1038529127836227
2301442724.0,-0.7462459802627563,0.5709553956985474,9.614826202392578,2.557722330093384,0.8709993362426758,0.029699707403779
2301451057.0,-0.8085388541221619,0.5994189381599426,9.964052200317385,3.0677530765533447,1.0339313745498655,0.0342590436339378
2301459390.0,-0.705088198184967,0.5402592420578003,10.094700813293455,2.785689115524292,1.0307296514511108,0.0743965506553649
2301467723.0,-0.7599116563796997,0.4242393374443054,9.922906875610352,2.456571578979492,0.6275615096092224,0.0871524363756179
2301476056.0,-0.8377572894096375,0.4944126904010772,9.809976577758787,2.371557712554932,0.7403410077095032,0.0269333664327859
2301484389.0,-0.8031802177429199,0.5970919132232666,9.867701530456545,2.671193122863769,0.5236957669258118,0.1333092898130417
2301492722.0,-0.6874842643737793,0.4812512993812561,9.983715057373049,2.776672840118408,0.2839210033416748,0.1098978817462921
2301501055.0,-0.6433583498001099,0.3680838346481323,9.964536666870115,2.5748581886291504,0.0562360547482967,0.126111701130867
2301509388.0,-0.650641918182373,0.5595108866691589,9.67867374420166,2.4074180126190186,0.1910181492567062,0.0799292251467704
2301517721.0,-0.7608852982521057,0.6389223337173462,9.69111442565918,2.737124443054199,0.6206201910972595,0.0995497331023216
2301526054.0,-0.7818489074707031,0.5210156440734863,9.906231880187988,2.772164821624756,0.8830636143684387,0.1527504920959472
2301534387.0,-0.7070274949073792,0.3790045082569122,9.929400444030762,2.4071106910705566,1.0528347492218018,0.0322867445647716
2301542720.0,-0.7652948498725891,0.3982553780078888,9.881794929504396,2.550755262374878,0.811113178730011,0.0978079661726951
2301551053.0,-0.8122091889381409,0.6506021022796631,9.813462257385254,2.8865578174591064,0.5945448279380798,0.0490384548902511
2301559386.0,-0.7247521281242371,0.7010807394981384,9.952946662902832,2.950798511505127,0.174240842461586,0.0112830707803368
2301567719.0,-0.6181746125221252,0.5534234046936035,9.99473476409912,2.6378180980682373,0.0739867240190506,0.0998570919036865
2301576052.0,-0.6169871091842651,0.3718672692775726,9.778888702392578,2.249300956726074,0.0749344453215599,0.153339609503746
2301584385.0,-0.6612423062324524,0.4765489399433136,9.580697059631348,2.260981321334839,0.477282851934433,0.0671733319759368
2301592718.0,-0.7448935508728027,0.6451907157897949,9.644478797912598,2.806795120239258,0.924712300300598,0.0562104433774948
2301601051.0,-0.6971914768218994,0.603526771068573,10.040487289428713,3.1362454891204834,0.9767347574234008,-0.0676472038030624
2301609384.0,-0.6425001621246338,0.5030895471572876,9.977986335754396,2.620630979537964,0.9430777430534364,0.015278891660273
2301617717.0,-0.7286336421966553,0.4988504946231842,9.821706771850586,2.412975788116455,0.7773280143737793,0.1323359459638595
2301626050.0,-0.7977456450462341,0.5899665951728821,9.823365211486816,2.438744068145752,0.7734602093696594,0.154184877872467
2301634383.0,-0.6830092072486877,0.5921661257743835,9.962363243103027,2.802645444869995,0.5799446702003479,0.1283913552761078
2301642716.0,-0.5837766528129578,0.4570618271827698,9.955621719360352,2.749752283096313,0.105441004037857,0.0876134932041168
2301651049.0,-0.6071180701255798,0.4732994735240936,9.791902542114258,2.551037073135376,0.1955006420612335,0.1935283541679382
2301659382.0,-0.6684921383857727,0.6634904742240906,9.641716003417969,2.5783162117004395,0.5839918255805969,0.1439648121595382
2301667715.0,-0.7198262810707092,0.6282137632369995,9.76325225830078,2.7528514862060547,1.1209430694580078,0.0996009558439254
2301676048.0,-0.7230962514877319,0.4096952378749847,9.973297119140623,2.6366140842437744,1.2983983755111694,0.1826422959566116
2301684381.0,-0.6977757811546326,0.3732773959636688,9.915939331054688,2.406419038772583,1.1110302209854126,0.1323359459638595
2301692714.0,-0.8031800985336304,0.5217621922492981,9.829534530639648,2.6328487396240234,0.7854732871055603,0.0790070965886116
2301701047.0,-0.8153027892112732,0.713981032371521,9.973763465881348,2.9541027545928955,0.70245760679245,0.1049031019210815
2301709380.0,-0.6591216325759888,0.6330243349075317,10.050381660461426,2.9329192638397217,0.2673485875129699,0.034566406160593
2301717713.0,-0.5986202955245972,0.3914569914340973,9.903680801391602,2.3248889446258545,0.1345643699169159,0.0569788664579391
2301726046.0,-0.6750115156173706,0.3626807928085327,9.656758308410645,2.1080641746521,0.4917805194854736,0.2017761468887329
2301734379.0,-0.76056969165802,0.5660412907600403,9.671393394470217,2.497554540634156,0.7124983668327332,0.2170678228139877
2301742712.0,-0.7663315534591675,0.6236220598220825,9.916081428527832,2.9748246669769287,1.105446457862854,0.1266752183437347
2301751045.0,-0.7279667854309082,0.4767408967018127,10.069066047668455,2.8813838958740234,0.9620065689086914,0.0350786969065666
2301759378.0,-0.7407721877098083,0.4669064879417419,9.89813232421875,2.3081626892089844,0.8162873387336731,0.1438623517751693
2301767711.0,-0.8323870897293091,0.5211337804794312,9.77849006652832,2.3116977214813232,0.7283535599708557,0.1421461999416351
2301776044.0,-0.8390093445777893,0.551392138004303,9.917583465576172,2.581108331680298,0.6006154417991638,0.0565690398216247
2301784377.0,-0.6580385565757751,0.4792952537536621,10.00065803527832,2.590251922607422,0.3382743895053863,0.135563313961029
2301792710.0,-0.6265513300895691,0.3992752134799957,9.87521266937256,2.598653793334961,0.1097953990101814,0.1292366087436676
2301801043.0,-0.7143816351890564,0.5240418314933777,9.71025848388672,2.6449902057647705,0.2667082548141479,0.0424555987119674
2301809376.0,-0.7357765436172485,0.637557327747345,9.699460983276367,2.7309000492095947,0.7242296934127808,0.0988581478595733
2301817709.0,-0.7146941423416138,0.4639640748500824,9.878985404968262,2.7240867614746094,1.016411304473877,0.0821320489048957
2301826042.0,-0.7023764848709106,0.2597302794456482,9.967905044555664,2.545196771621704,1.0601346492767334,0.0771116465330123
2301834375.0,-0.7420340180397034,0.4165412187576294,9.801053047180176,2.5531375408172607,0.8006882071495056,0.0187624283134937
2301842708.0,-0.8079131841659546,0.6476868391036987,9.835928916931152,2.999004364013672,0.5528191924095154,0.0091058602556586
2301851041.0,-0.7354235053062439,0.6499951481819153,10.01077365875244,3.015730381011963,0.1816945821046829,0.0347457118332386
2301859374.0,-0.5936264395713806,0.4466474950313568,10.08755588531494,2.6666598320007324,-0.2030184417963028,-0.0238212384283542
2301867707.0,-0.6040259599685669,0.3775573670864105,9.883885383605955,2.252118825912476,-0.5959663987159729,0.0805695652961731
2301876040.0,-0.6672945618629456,0.5050546526908875,9.612136840820312,2.328141927719116,0.1420693546533584,0.1008048132061958
2301884373.0,-0.6692274212837219,0.6288830637931824,9.529545783996582,2.752518892288208,1.0145671367645264,0.0742172524333
2301892706.0,-0.6517819166183472,0.5287919044494629,9.772798538208008,3.0481069087982178,1.8038698434829712,0.1438623517751693
2301901039.0,-0.7296437621116638,0.4286156594753265,10.04153537750244,2.843116044998169,1.6131972074508667,0.0387415289878845
2301909372.0,-0.7482235431671143,0.5629949569702148,10.005216598510742,2.482314109802246,1.1346722841262815,0.0532391890883445
2301917705.0,-0.7975811958312988,0.6298900246620178,9.983671188354492,2.5462472438812256,0.617315948009491,0.1520332992076873
2301926038.0,-0.6975476741790771,0.5224154591560364,9.968202590942385,2.696295022964477,0.0109756989404559,0.1273411810398101
2301934371.0,-0.5762671232223511,0.4356817901134491,9.896685600280762,2.7058238983154297,-0.2221266329288482,0.0455036908388137
2301942704.0,-0.6169689297676086,0.5330787897109985,9.711950302124023,2.6397135257720947,-0.05443025380373,0.1378686279058456
2301951037.0,-0.7119884490966797,0.6723281741142273,9.6930570602417,2.828131437301636,0.7487168908119202,0.094093881547451
2301959370.0,-0.6943273544311523,0.6023643016815186,9.73789882659912,2.8545145988464355,1.356132745742798,0.0518304035067558
2301967703.0,-0.7142302989959717,0.3632137477397918,9.930418014526367,2.719886064529419,1.5807441473007202,0.0253196712583303
2301976036.0,-0.7742113471031189,0.3720137178897857,9.954604148864746,2.4784460067749023,1.4241899251937866,0.0465794876217842
2301984369.0,-0.8232616186141968,0.6137648820877075,9.881918907165527,2.953590154647827,0.9641581773757936,0.1531347036361694
2301992702.0,-0.7869689464569092,0.7145222425460815,10.001760482788086,3.2254080772399902,0.5865530967712402,0.0884587466716766
2302001035.0,-0.6611067056655884,0.5391160249710083,10.028594017028809,2.8573575019836426,0.2252131700515747,0.0066981222480535
2302009368.0,-0.5925440192222595,0.3971322774887085,9.825323104858398,2.324427604675293,0.0949391648173332,0.1206302419304847
2302017701.0,-0.6785071492195129,0.4633617401123047,9.584782600402832,2.324760675430298,0.566702127456665,0.1562596261501312
2302026034.0,-0.7755455374717712,0.5790032744407654,9.653904914855955,2.901106595993042,1.1320339441299438,0.0466819442808628
2302034367.0,-0.6796228885650635,0.579921543598175,9.978302001953123,3.130943298339844,1.4322073459625244,-0.0437235049903392
2302042700.0,-0.6996536254882812,0.466139405965805,10.066853523254396,3.010504961013794,1.0718148946762085,0.0546223558485507
2302051033.0,-0.7859923243522644,0.4803779721260071,9.908653259277344,2.5457348823547363,0.9029913544654846,-0.0103225372731685
2302059366.0,-0.7992824912071228,0.6196843385696411,9.829108238220217,2.527548789978028,0.8240227103233337,0.0593353733420372
2302067699.0,-0.7843092083930969,0.5706077814102173,9.914510726928713,2.8196022510528564,0.5416770577430725,0.0752674415707588
2302076032.0,-0.646651566028595,0.3924069106578827,10.064657211303713,2.824366569519043,0.2775174379348755,0.010745171457529
2302084365.0,-0.5899614691734314,0.4846931397914886,9.747621536254885,2.6756246089935303,0.1388419717550277,0.1239088475704193
2302092698.0,-0.6700754165649414,0.5968624353408813,9.634031295776367,2.693426609039306,0.5085322260856628,0.1466543078422546
2302101031.0,-0.7129479050636292,0.6291961669921875,9.800982475280762,2.881998300552368,1.050862431526184,0.1164038851857185
2302109364.0,-0.6647995114326477,0.5012025833129883,9.88542652130127,2.783639669418335,1.4286980628967283,0.04891037940979
2302117697.0,-0.7144243717193604,0.2897560596466064,9.95505142211914,2.560001850128174,1.2312889099121094,0.083694502711296
2302126030.0,-0.7901445031166077,0.5099120736122131,9.809430122375488,2.6914029121398926,1.0622096061706543,0.1158147677779197
2302134363.0,-0.7730023860931396,0.7224794626235962,9.903417587280272,3.058813571929932,0.7201314568519592,0.0577985234558582
2302142696.0,-0.6771823167800903,0.620326817035675,10.081196784973145,3.0882444381713867,0.393421858549118,0.0934279263019561
2302151029.0,-0.5725685358047485,0.4172117710113525,9.98226261138916,2.501038074493408,0.1407630294561386,0.035642210394144
2302159362.0,-0.5790815949440002,0.4133686423301697,9.6721773147583,2.058347225189209,0.327285885810852,0.0823625773191452
2302167695.0,-0.6837053894996643,0.5276528000831604,9.584891319274902,2.6060564517974854,0.7901607155799866,0.0837969705462455
2302176028.0,-0.7072150111198425,0.605828583240509,9.83817195892334,3.1506664752960205,1.2651511430740356,0.1175053119659423
2302184361.0,-0.6252626180648804,0.4807505905628204,10.02536964416504,3.009019613265991,1.1779601573944092,0.0080812908709049
2302192694.0,-0.7096761465072632,0.4214301407337188,9.939838409423828,2.7419912815093994,1.116153120994568,0.1421974301338195
2302201027.0,-0.8122566342353821,0.4996339082717895,9.881038665771484,2.487820863723755,0.828658938407898,0.1792099922895431
2302209360.0,-0.8068958520889282,0.6109402179718018,9.875017166137695,2.733358860015869,0.5510517954826355,0.0783923640847206
2302217693.0,-0.7108673453330994,0.475181519985199,9.96214485168457,2.8620450496673584,0.2828451693058014,0.0063907522708177
2302226026.0,-0.6177926659584045,0.4133839607238769,9.929949760437012,2.6531097888946533,0.140558123588562,0.0302376076579093
2302234359.0,-0.6466390490531921,0.5185754299163818,9.653067588806152,2.652648448944092,0.22577665746212,0.1198874190449714
2302242692.0,-0.741840660572052,0.6375908851623535,9.627442359924316,2.825493574142456,0.8239715695381165,0.2065404057502746
2302251025.0,-0.7484790682792664,0.5459598898887634,9.929635047912598,2.801518678665161,1.1437653303146362,0.14872907102108
2302259358.0,-0.6908054351806641,0.3554342091083526,9.937738418579102,2.666377782821656,1.2627177238464355,0.0777264013886451
2302267691.0,-0.7848425507545471,0.3811964094638824,9.868907928466797,2.6811063289642334,1.0966094732284546,0.0967833921313285
2302276024.0,-0.8173428773880005,0.6446799635887146,9.828608512878418,2.959097623825073,0.9351885318756104,0.0145360799506306
2302284357.0,-0.7490627765655518,0.7305756211280823,10.00544548034668,3.199333429336548,0.6194930672645569,0.0604367889463901
2302292690.0,-0.6511690616607666,0.5409181118011475,10.048036575317385,2.8124048709869385,0.4491840898990631,0.1147645860910415
2302301023.0,-0.6546787023544312,0.3358111083507538,9.877565383911133,2.23152494430542,0.4464945197105407,0.1437598913908004
2302309356.0,-0.7058548927307129,0.4949958920478821,9.566593170166016,2.344893455505371,0.715059757232666,0.214224636554718
2302317689.0,-0.8090324401855469,0.5902757048606873,9.765671730041504,3.014321565628052,1.1145650148391724,0.1602554470300674
2302326022.0,-0.7288910746574402,0.6105192303657532,10.078965187072754,3.196439027786255,1.2076472043991089,0.0274712704122066
2302334355.0,-0.6837878823280334,0.470212459564209,10.049099922180176,2.5851550102233887,0.9827284812927246,0.0748063698410987
2302342688.0,-0.7693524956703186,0.4902280867099762,9.812379837036133,2.4092109203338623,0.6880624294281006,0.1140730082988739
2302351021.0,-0.7914849519729614,0.5711237192153931,9.85564136505127,2.579750299453736,0.5168312191963196,0.1682214736938476
2302359354.0,-0.6708958745002747,0.580416202545166,9.91895866394043,2.821062088012696,0.3378133475780487,0.1075157523155212
2302367687.0,-0.6183265447616577,0.4282515048980713,10.01109790802002,2.7067201137542725,0.143708661198616,0.101060964167118
2302376020.0,-0.5853044986724854,0.4648076593875885,9.831270217895508,2.371942043304444,0.1136631667613983,0.2191938012838363
2302384353.0,-0.6665487885475159,0.660709798336029,9.683838844299316,2.5130767822265625,0.4780513048171997,0.1460907906293869
2302392686.0,-0.7394245266914368,0.6331430077552795,9.844008445739746,2.7660679817199707,0.7396237254142761,-0.0078891832381486
2302401019.0,-0.6901147365570068,0.4433878064155578,10.022710800170898,2.646245241165161,1.072813868522644,0.0946830287575721
2302409352.0,-0.6944533586502075,0.3507159948348999,9.903307914733888,2.427730083465576,0.805324375629425,0.0287519823759794
2302417685.0,-0.7979371547698975,0.5221163630485535,9.797966003417969,2.6659936904907227,0.7956421971321106,0.254208505153656
2302426018.0,-0.7884010076522827,0.7171616554260254,9.943449020385742,3.054484605789185,0.6459782123565674,0.0532648079097271
2302434351.0,-0.6173166632652283,0.6415244340896606,10.03330898284912,3.0490801334381104,0.4306648969650268,0.0669940337538719
2302442684.0,-0.5809744000434875,0.4035435318946838,9.943777084350586,2.336799383163452,0.3642472326755523,0.0524707660079002
2302451017.0,-0.6372878551483154,0.3681172728538513,9.637957572937012,2.2099833488464355,0.4862990081310272,0.128442570567131
2302459350.0,-0.6925210356712341,0.56072998046875,9.629745483398438,2.862249851226806,0.7988696098327637,0.2283637225627899
2302467683.0,-0.7632781863212585,0.588986337184906,9.85375690460205,3.191751480102539,0.9944855570793152,0.1025722101330757
2302476016.0,-0.7080655694007874,0.481573075056076,10.03004550933838,2.874929189682007,1.0889252424240112,0.0905079022049903
2302484349.0,-0.7208438515663147,0.4169289767742157,9.827150344848633,2.525627613067627,0.9279142022132874,0.1807980686426162
2302492682.0,-0.8442165851593018,0.4683559834957123,9.699695587158203,2.625907182693481,0.7900069952011108,0.2075393199920654
2302501015.0,-0.7914507985115051,0.570577085018158,9.844366073608398,2.974184036254883,0.7484351396560669,0.1596150994300842
2302509348.0,-0.6441115140914917,0.4976274073123932,10.01253890991211,2.970726251602173,0.4565609097480774,0.0412517264485359
2302517681.0,-0.6108835935592651,0.3807327151298523,9.910882949829102,2.6848459243774414,0.1240369454026222,0.1400714516639709
2302526014.0,-0.634183406829834,0.5106714963912964,9.683368682861328,2.584566354751587,0.1444514840841293,0.0532391890883445
2302534347.0,-0.7236250042915344,0.6395643949508667,9.611852645874023,2.884611129760742,0.4818421602249145,0.105031169950962
2302542680.0,-0.7544386982917786,0.5370767712593079,9.885176658630373,3.0900373458862305,1.0229684114456177,0.0651754215359687
2302551013.0,-0.7042779326438904,0.3793390989303589,10.014690399169922,2.68100380897522,0.883191704750061,0.0966297015547752
2302559346.0,-0.7240188121795654,0.41777503490448,9.832447052001951,2.5811336040496826,0.8794263005256653,0.1185298636555671
2302567679.0,-0.8126059770584106,0.6155563592910767,9.774630546569824,2.9753623008728027,0.5265647172927856,0.1779805272817611
2302576012.0,-0.6948637962341309,0.704010009765625,10.016257286071776,3.205121755599976,0.3690370619297027,0.0717838853597641
2302584345.0,-0.5585092306137085,0.5644804239273071,10.029019355773926,2.8732895851135254,0.0752418115735054,0.0253708995878696
2302592678.0,-0.5950922966003418,0.3669204115867615,9.863794326782228,2.432673692703247,0.18830306828022,0.0702470391988754
2302601011.0,-0.6801156997680664,0.4639343917369842,9.610296249389648,2.2931272983551025,0.5766661167144775,0.0909177288413047
2302609344.0,-0.7712624669075012,0.6408179402351379,9.711065292358398,2.91140365600586,0.9752748012542723,0.1213986650109291
2302617677.0,-0.7425058484077454,0.5835369229316711,10.07764720916748,3.2900846004486084,1.1323670148849487,0.0526756756007671
2302626010.0,-0.6877063512802124,0.4987581670284271,10.151209831237791,2.709102392196656,0.826404869556427,0.101880632340908
2302634343.0,-0.6996036171913147,0.475982666015625,9.828204154968262,2.3486328125,0.6984105110168457,0.1228330582380294
2302642676.0,-0.7742406725883484,0.5388100743293762,9.810951232910156,2.534823179244995,0.5785616040229797,0.1338215768337249
2302651009.0,-0.6554006338119507,0.5534228682518005,9.99099826812744,2.8458309173583984,0.4678055942058563,0.0512412711977958
2302659342.0,-0.5712772607803345,0.4742079079151153,10.069177627563477,2.879821300506592,0.2064635455608368,0.0393050462007522
2302667675.0,-0.6492227911949158,0.4540784358978271,9.846104621887209,2.522451639175415,0.2725482583045959,0.1312601417303085
2302676008.0,-0.7057588696479797,0.6259199976921082,9.660232543945312,2.5381784439086914,0.8691036701202393,0.091020181775093
2302684341.0,-0.7895899415016174,0.6635099053382874,9.78021240234375,2.7759811878204346,1.1522434949874878,0.2258278876543045
2302692674.0,-0.7736843228340149,0.4334091544151306,10.029470443725586,2.71399474143982,1.243865728378296,0.1076694428920745
2302701007.0,-0.7267726063728333,0.3781321346759796,9.973523139953612,2.4039342403411865,0.7761498093605042,0.0883306935429573
2302709340.0,-0.771869421005249,0.5226296186447144,9.815499305725098,2.619145154953003,0.5802520513534546,0.1002413108944892
2302717673.0,-0.783118486404419,0.6831068396568298,9.875676155090332,2.9759769439697266,0.5011553764343262,-0.0300967246294021
2302726006.0,-0.6719431281089783,0.6547325253486633,9.99998664855957,2.9865047931671143,0.2836392521858215,0.0491153001785278
2302734339.0,-0.5969169735908508,0.4726215004920959,9.854196548461914,2.461310386657715,0.3207542896270752,0.136613517999649
2302742672.0,-0.6906490921974182,0.3818103075027466,9.638325691223145,2.201376914978028,0.7522516250610352,0.1435037404298782
2302751005.0,-0.7733621001243591,0.5343780517578125,9.585670471191406,2.5294697284698486,1.1256047487258911,0.1864075809717178
2302759338.0,-0.7932543754577637,0.6402977108955383,9.87038803100586,3.06565260887146,1.241073727607727,0.0979872569441795
2302767671.0,-0.7551499009132385,0.5383816361427307,10.065120697021484,2.897341728210449,1.0617228746414185,0.0304681342095136
2302776004.0,-0.7233880162239075,0.4638862907886505,9.977169036865234,2.3480443954467773,0.746027410030365,0.0620761029422283
2302784337.0,-0.7839719653129578,0.5475772023200989,9.7295503616333,2.2423853874206543,0.5092750191688538,0.1185042485594749
2302792670.0,-0.7873268127441406,0.6042174696922302,9.787395477294922,2.6467318534851074,0.3100987672805786,0.117402859032154
2302801003.0,-0.6378691792488098,0.5095600485801697,9.95701026916504,2.696372032165528,0.1840254664421081,0.0849752277135849
2302809336.0,-0.5630834698677063,0.4141436815261841,9.853474617004396,2.575268030166626,0.0548272728919982,0.0093876179307699
2302817669.0,-0.6335054039955139,0.4797495603561401,9.644209861755373,2.4963505268096924,0.3129162788391113,0.0807232558727264
2302826002.0,-0.7240769863128662,0.6438024044036865,9.607135772705078,2.72416353225708,0.8732020258903503,0.092864416539669
2302834335.0,-0.7093155980110168,0.5706234574317932,9.855450630187988,2.986325025558472,1.2037538290023804,0.0805439576506614
2302842668.0,-0.7240183353424072,0.3835689127445221,10.041897773742676,2.684410333633423,1.1606194972991943,0.1428121924400329
2302851001.0,-0.728622555732727,0.3718037903308868,9.86821174621582,2.3971211910247803,0.8271477222442627,0.1847426891326904
2302859334.0,-0.7505477070808411,0.5922589898109436,9.81813907623291,2.669553756713867,0.5801495909690857,0.1402507126331329
2302867667.0,-0.7585309743881226,0.6903229355812073,10.023544311523438,2.964552879333496,0.1203740984201431,0.0696066841483116
2302876000.0,-0.555869996547699,0.5559545755386353,10.054469108581545,2.9722886085510254,-0.1217700690031051,-0.0023052811156958
2302884333.0,-0.5408748388290405,0.4118748307228088,9.736084938049316,2.47114634513855,0.1153793334960937,0.1799784153699875
2302892666.0,-0.666020929813385,0.4472928941249847,9.572291374206545,2.4128479957580566,0.8085004687309265,0.1368184089660644
2302900999.0,-0.7476399540901184,0.6382778286933899,9.675980567932127,2.8643503189086914,1.6361221075057983,0.035488523542881
2302909332.0,-0.7344757318496704,0.6000068783760071,10.010498046875,3.0328152179718018,1.7934192419052124,0.0974749773740768
2302917665.0,-0.712073028087616,0.4520085453987121,10.238914489746094,2.710920810699463,1.408642053604126,0.0064163659699261
2302925998.0,-0.7252337336540222,0.5023379325866699,9.978511810302734,2.239824056625366,0.9270175099372864,0.0389976762235164
2302934331.0,-0.7987568378448486,0.5362402200698853,9.74221897125244,2.423811197280884,0.6363729238510132,0.1211937591433525
2302942664.0,-0.7366800904273987,0.563689112663269,9.840160369873049,2.802082061767578,0.5773833394050598,0.1213986799120903
2302950997.0,-0.5958734750747681,0.4243496060371399,10.005244255065918,2.663329839706421,0.5953132510185242,0.0008324626251123
2302959330.0,-0.6133463978767395,0.4102538824081421,9.80059814453125,2.57898211479187,0.7354231476783752,0.1757520884275436
2302967663.0,-0.7408726811408997,0.5122389197349548,9.68112087249756,2.735152006149292,1.0471227169036863,0.121373064815998
2302975996.0,-0.8079197406768799,0.6249036192893982,9.848700523376465,3.0227229595184326,1.1682268381118774,0.0878696292638778
2302984329.0,-0.7592897415161133,0.4364592730998993,10.044473648071287,2.9968783855438232,1.0727369785308838,0.1127666756510734
2302992662.0,-0.7544552683830261,0.2876859903335571,10.05275535583496,2.555877923965454,0.7034052610397339,0.1136119440197944
2303000995.0,-0.7506561279296875,0.4313526153564453,9.820246696472168,2.44566011428833,0.4114798903465271,0.1059532910585403
2303009328.0,-0.7914965152740479,0.6473074555397034,9.769248008728027,3.0101208686828613,0.3499800860881805,0.1008048132061958
2303017661.0,-0.7157129645347595,0.642924964427948,9.954320907592772,3.171285629272461,0.3405284583568573,0.0347457118332386
2303025994.0,-0.5981475710868835,0.4534740447998047,10.01622486114502,2.728210687637329,0.3699079751968384,0.0689407140016555
2303034327.0,-0.6529145836830139,0.3922494649887085,9.704964637756348,2.287594556808472,0.5175228118896484,0.1587954610586166
2303042660.0,-0.7709685564041138,0.5082374215126038,9.622467041015623,2.668734550476074,0.8203343152999878,0.0279067102819681
2303050993.0,-0.7741042971611023,0.6251956224441528,9.858860969543455,3.043163299560547,0.8756098747253418,0.0451707057654857
2303059326.0,-0.6863690614700317,0.5605713129043579,10.004215240478516,3.054945468902588,0.8823463916778564,-0.0882410407066345
2303067659.0,-0.7159323692321777,0.4405404925346374,10.039458274841309,2.628468513488769,0.8216661810874939,0.1553375273942947
2303075992.0,-0.7214524745941162,0.5300900340080261,9.734381675720217,2.402320623397827,0.7020477652549744,0.1776987612247467
2303084325.0,-0.7734344601631165,0.63374263048172,9.75490379333496,2.81337833404541,0.7064278721809387,0.058285191655159
2303092658.0,-0.6922548413276672,0.5639374256134033,9.957942008972168,3.093700170516968,0.7022526264190674,0.0364618636667728
2303100991.0,-0.5658863186836243,0.4364410936832428,9.933123588562012,2.7681946754455566,0.5997700691223145,0.0211701653897762
2303109324.0,-0.6119720935821533,0.5085911750793457,9.73355770111084,2.5017809867858887,0.5907795429229736,0.0759590119123458
2303117657.0,-0.7472699284553528,0.6214632987976074,9.65811824798584,2.872495651245117,0.9556031227111816,0.0775727108120918
2303125990.0,-0.7217912077903748,0.6427067518234253,9.848793983459473,2.9716997146606445,1.1828269958496094,0.0958612784743309
2303134323.0,-0.7030651569366455,0.4383417069911957,10.029606819152832,2.81417202949524,1.1169471740722656,0.052778135985136
2303142656.0,-0.7301299571990967,0.3465590178966522,9.88747501373291,2.57654881477356,0.9536051750183104,0.0298790037631988
2303150989.0,-0.7470757961273193,0.5721380710601807,9.771148681640623,2.7578723430633545,0.7368319630622864,0.0066212802194058
2303159322.0,-0.7565591931343079,0.7497369647026062,9.815606117248535,3.2932345867156982,0.5386545658111572,-0.0013575544580817
2303167655.0,-0.6537303924560547,0.5841647386550903,10.037283897399902,3.024951696395874,0.6155741214752197,-0.0263058189302682
2303175988.0,-0.5720741748809814,0.4097124934196472,9.86634922027588,2.3968393802642822,0.6597074270248413,-0.0728725120425224
2303184321.0,-0.6849188208580017,0.4226762950420379,9.649659156799316,2.41346287727356,0.7521491646766663,0.0673270225524902
2303192654.0,-0.8091296553611755,0.5983709096908569,9.67962646484375,2.907663583755493,1.1303434371948242,0.1916585117578506
2303200987.0,-0.7434174418449402,0.640664279460907,9.981870651245115,3.167546272277832,1.3061338663101196,0.0189161151647567
2303209320.0,-0.7078741788864136,0.5153619647026062,10.061406135559082,2.956382274627685,1.2543675899505615,0.1533652395009994
2303217653.0,-0.7511742115020752,0.4774856865406036,9.947010040283203,2.4526526927948,1.0845706462860107,0.0793913230299949
2303225986.0,-0.7647157311439514,0.5780250430107117,9.744203567504885,2.435619115829468,1.086363673210144,0.0935303792357444
2303234319.0,-0.788499653339386,0.6089337468147278,9.872506141662598,2.899672269821167,0.908293604850769,0.0549297258257865
2303242652.0,-0.6983137726783752,0.4830491542816162,10.08323860168457,2.833536386489868,0.7498695850372314,0.0581827387213707
2303250985.0,-0.6256104707717896,0.4212024211883545,9.955816268920898,2.507518529891968,0.4364024996757507,0.0580034404993057
2303259318.0,-0.7343124747276306,0.5209457874298096,9.68587875366211,2.540099859237671,0.6695945858955383,0.119682528078556
2303267651.0,-0.8514106273651123,0.6035591959953308,9.796491622924805,2.784075260162353,0.956755757331848,0.0926851108670234
2303275984.0,-0.7641759514808655,0.5187662243843079,9.964256286621094,2.8377373218536377,1.1148468255996704,-0.0586565993726253
2303284317.0,-0.7591386437416077,0.3364600241184234,9.994792938232422,2.633899211883545,0.8593704700469971,0.0277274120599031
2303292650.0,-0.8176442980766296,0.40545853972435,9.872808456420898,2.4114906787872314,0.7919281721115112,0.0344639532268047
2303300983.0,-0.8240528106689453,0.635359525680542,9.821012496948242,2.8433210849761963,0.6555835008621216,0.036000806838274
2303309316.0,-0.7618824243545532,0.6318225860595703,9.945488929748535,3.085401058197021,0.5143978595733643,0.0378194190561771
2303317649.0,-0.6498998999595642,0.4493313729763031,10.046011924743652,2.68254017829895,0.2712419331073761,0.1299025863409042
2303325982.0,-0.6456084847450256,0.3806600570678711,9.792987823486328,2.1932573318481445,0.2697819173336029,-0.0016649252502247
2303334315.0,-0.7391670942306519,0.4751164615154266,9.586060523986816,2.532773971557617,0.415117084980011,0.142018124461174
2303342648.0,-0.7740741968154907,0.5934658050537109,9.79019260406494,3.008020639419556,0.8336281776428223,-0.0153685407713055
2303350981.0,-0.6522549390792847,0.520115077495575,10.011476516723633,2.992959499359131,0.8699235320091248,-0.0904182568192482
2303359314.0,-0.6566233038902283,0.3936334550380707,9.961748123168944,2.591379404067993,0.5860920548439026,0.1185811012983322
2303367647.0,-0.7197467088699341,0.3724338412284851,9.728309631347656,2.4285242557525635,0.5642431974411011,0.1565414071083068
2303375980.0,-0.748953640460968,0.5470607876777649,9.672334671020508,2.6986262798309326,0.6708496809005737,0.1832314282655716
2303384313.0,-0.6503819823265076,0.4979288876056671,9.89820384979248,3.0487730503082275,0.4984402060508728,0.130696639418602
2303392646.0,-0.5871232151985168,0.3678673505783081,9.987689018249512,2.847521543502808,0.3248012661933899,0.0498581081628799
2303400979.0,-0.5837060213088989,0.4418132305145263,9.742929458618164,2.586487293243408,0.2806679904460907,0.0960918068885803
2303409312.0,-0.7219022512435913,0.5501343607902527,9.664620399475098,2.867526769638061,0.4959044456481933,0.1854854971170425
2303417645.0,-0.729375958442688,0.5869985818862915,9.90455150604248,3.033506393432617,0.8504053354263306,0.0249610710889101
2303425978.0,-0.6817187666893005,0.4418224096298218,9.974650382995604,2.8995440006256104,0.8693855404853821,0.0121795684099197
2303434311.0,-0.7109434604644775,0.3341706097126007,9.96334171295166,2.618786573410034,0.7032516598701477,0.133693516254425
2303442644.0,-0.7686802744865417,0.5691310167312622,9.814105987548828,2.8189876079559326,0.759602963924408,0.2191938310861587
2303450977.0,-0.7531589865684509,0.7470888495445251,9.88467025756836,3.135758638381958,0.5602474212646484,0.0555444657802581
2303459310.0,-0.6438422799110413,0.6509604454040527,10.103608131408691,3.0533318519592285,0.5090957283973694,0.0533160269260406
2303467643.0,-0.6392807364463806,0.4510855376720428,9.999857902526855,2.398606538772583,0.2833318710327148,0.0960917994379997
2303475976.0,-0.71577388048172,0.4821455478668213,9.719971656799316,2.173201322555542,0.4454443454742431,0.1383296698331833
2303484309.0,-0.8084424138069153,0.6395699977874756,9.727476119995115,2.718118906021118,0.6331198811531067,0.0727060139179229
2303492642.0,-0.7747141122817993,0.7170191407203674,10.01876449584961,3.120236158370972,1.024044156074524,0.0556981451809406
2303500975.0,-0.7008607983589172,0.5965095162391663,10.134936332702637,2.696807622909546,0.7930294871330261,-0.0642148852348327
2303509308.0,-0.7776252627372742,0.4999732971191406,9.85037899017334,2.397889375686645,0.741032600402832,-0.0370125733315944
2303517641.0,-0.8370248675346375,0.5546480417251587,9.783903121948242,2.382725715637207,0.532584011554718,0.1762387454509735
2303525974.0,-0.7966070175170898,0.6136358976364136,9.866965293884276,2.775571346282959,0.3324855864048004,0.1546203345060348
2303534307.0,-0.6893398761749268,0.5248652696609497,10.00934886932373,2.8779513835906982,0.1882005929946899,0.0346176363527774
2303542640.0,-0.6404450535774231,0.430643230676651,9.948759078979492,2.520761251449585,0.1173516288399696,0.0923008993268013
2303550973.0,-0.6808961033821106,0.5959177613258362,9.65635585784912,2.6019067764282227,0.2902477085590362,0.1881749778985977
2303559306.0,-0.7899684906005859,0.6484031677246094,9.749330520629885,2.790581464767456,0.4309467375278473,0.1891483217477798
2303567639.0,-0.7728064656257629,0.5480853319168091,9.936006546020508,2.8140692710876465,0.7284560799598694,0.0539307706058025
2303575972.0,-0.7122722864151001,0.403067946434021,9.938136100769045,2.4959921836853027,0.6057894825935364,0.0917117744684219
2303584305.0,-0.7338492274284363,0.4249958097934723,9.79100227355957,2.5583882331848145,0.3378645777702331,0.2184254080057144
2303592638.0,-0.7789758443832397,0.6545617580413818,9.777854919433594,2.90845799446106,0.2629941403865814,0.1272643208503723
2303600971.0,-0.6879178881645203,0.7153427600860596,9.908466339111328,2.9528472423553467,0.2922455966472626,0.0667378827929496
2303609304.0,-0.5975974798202515,0.4986843466758728,9.950496673583984,2.7615349292755127,0.2891719341278076,0.1341033279895782
2303617637.0,-0.6069273352622986,0.4175975620746612,9.863712310791016,2.2919745445251465,0.1017781570553779,0.1490364223718643
2303625970.0,-0.6889716982841492,0.503654420375824,9.611608505249023,2.3127474784851074,0.3241865336894989,0.2081796675920486
2303634303.0,-0.7597751617431641,0.6229073405265808,9.68026351928711,2.908688545227051,0.5604522824287415,0.0940170511603355
2303642636.0,-0.6923482418060303,0.5859493613243103,10.048070907592772,2.917320728302002,0.7022270560264587,0.0467587895691394
2303650969.0,-0.6293647289276123,0.4869261980056762,9.98845100402832,2.568941354751587,0.5478244423866272,0.2470364719629287
2303659302.0,-0.7208887934684753,0.4611377418041229,9.74313735961914,2.359416961669922,0.4516173899173736,0.1917097568511963
2303667635.0,-0.7888352274894714,0.5818278789520264,9.766350746154783,2.6103591918945312,0.5872959494590759,0.1954750269651413
2303675968.0,-0.6708905100822449,0.5590759515762329,9.948355674743652,2.826723098754883,0.5547915697097778,0.125522568821907
2303684301.0,-0.6076192259788513,0.4526930749416351,9.997097969055176,2.696474552154541,0.1842303723096847,0.1362036913633346
2303692634.0,-0.6312174201011658,0.4267334938049316,9.836099624633787,2.447017431259156,0.2875838279724121,0.1379454582929611
2303700967.0,-0.6799333691596985,0.6078636050224304,9.653186798095703,2.5017549991607666,0.5222870111465454,0.0751905888319015
2303709300.0,-0.7653904557228088,0.5875284075737,9.78973388671875,2.8911938667297363,0.8514043092727661,0.0108988564461469
2303717633.0,-0.7159844040870667,0.4108979105949402,10.021062850952148,2.672115564346313,1.0210732221603394,-0.1358835250139236
2303725966.0,-0.6955682039260864,0.3154641389846802,9.936478614807127,2.36986780166626,0.8290943503379822,0.076753057539463
2303734299.0,-0.7811893820762634,0.4915656149387359,9.830406188964844,2.5492184162139893,0.6421872973442078,0.1047750264406204
2303742632.0,-0.8016353249549866,0.6519444584846497,9.914225578308104,2.997006416320801,0.4904741942882538,0.1302868127822876
2303750965.0,-0.6414247155189514,0.6149519681930542,10.057659149169922,2.929384708404541,0.1811566650867462,0.0183013696223497
2303759298.0,-0.6214777827262878,0.3697916567325592,9.948565483093262,2.468507766723633,0.1125873699784278,0.0251916013658046
